0.000000,1.533402,0.826538,0.880375,0.482719,0.490019,0.512447,0.535179,0.229240,0.212282,0.548753,0.620628,0.553656,0.647771,0.353044,0.405428,0.985757,1.063261,1.412887,1.408092,0.363050,0.490592,0.558869,0.642108,0.580197,0.640383,0.481857,0.540329,0.742095,0.651881,0.584789,0.631891,0.809761,0.777823,0.461591,0.513298,0.363289,0.665861,0.462721,0.548356,0.166720,0.264032,0.825393,0.838556,0.718706,0.765480,0.989960,1.011278,0.673034,0.596058,0.674733,0.516142,0.981995,0.881181,0.602794,0.620013,1.734253,1.269833,0.667382,0.596172,0.475446,0.351137,0.504503,0.549968,0.461900,0.525716,0.790912,0.788389,1.323887,1.051078,0.152891,0.055565,0.208820,0.237377,0.271017,0.289633,0.211017,0.285885,0.434338,0.570854,0.508484,0.536939,0.474104,0.495129,0.601829,0.519338,0.347963,0.520436,0.659471,0.690545
1.533402,0.000000,0.680048,0.822067,0.478854,0.528385,0.450654,0.539314,0.246368,0.269698,0.380505,0.533218,0.434158,0.577092,0.222252,0.335644,0.812911,0.879761,1.199682,1.270547,0.251026,0.406385,0.506554,0.586316,0.524392,0.628695,0.521118,0.592109,0.596559,0.529282,0.532370,0.587698,0.776726,0.765486,0.441965,0.496315,0.241665,0.559076,0.361880,0.459053,0.058559,0.137052,0.699211,0.803720,0.767336,0.819238,0.876720,0.901724,0.689406,0.640450,0.622879,0.486110,0.717756,0.629563,0.511183,0.502392,1.392420,1.366714,0.556662,0.604062,0.409389,0.363632,0.384873,0.530621,0.417752,0.502829,0.731317,0.760374,1.058911,0.877874,0.094962,0.025795,0.185449,0.205688,0.291646,0.345831,0.072613,0.132584,0.347253,0.421098,0.410318,0.447030,0.323819,0.360029,0.484830,0.404051,0.207355,0.406771,0.534117,0.555654
0.826538,0.680048,0.000000,1.259227,0.552242,0.561005,1.194137,0.883705,0.491273,0.347227,0.620280,0.647985,0.782570,0.810713,0.607277,0.425385,0.631730,0.613943,0.973609,0.782750,0.280839,0.369714,1.546700,1.492443,0.762286,0.596026,0.276345,0.299030,0.494111,0.393229,0.570848,0.531878,0.753883,0.666569,0.643006,0.631146,0.331584,0.622883,0.439511,0.522379,0.184345,0.287632,0.656463,0.630359,0.592295,0.679396,0.840963,0.887425,0.621005,0.653340,0.744668,0.641788,0.942765,0.874524,0.700736,0.771475,0.784998,0.747427,0.762430,0.593328,0.669286,0.498708,0.489057,0.384000,0.813709,0.648225,0.880838,0.823982,0.894253,0.854172,0.361879,0.336930,0.359343,0.290690,0.305801,0.307435,0.384868,0.433776,0.273299,0.390807,0.422697,0.470028,0.469461,0.394423,0.671264,0.574366,0.423809,0.532835,0.814979,0.950557
0.880375,0.822067,1.259227,0.000000,0.650018,0.834969,1.090594,1.352907,0.514787,0.467243,0.686710,0.767462,0.789741,1.017582,0.501985,0.427432,0.653083,0.589829,0.980043,1.011210,0.258047,0.424755,0.955711,1.289771,0.748306,0.722089,0.433085,0.504462,0.483706,0.406046,0.574908,0.651472,0.817121,0.897710,0.661572,0.763225,0.309952,0.718708,0.463919,0.614882,0.095041,0.281098,0.586462,0.581321,0.494347,0.590442,0.786147,0.830378,0.607274,0.641796,0.762839,0.645865,0.982785,0.824769,0.669732,0.666146,0.789656,0.825658,0.810911,0.836019,0.775029,0.833959,0.473469,0.547398,0.727434,0.931421,0.970574,1.168325,0.976108,1.034954,0.377019,0.360731,0.352855,0.338811,0.337335,0.362552,0.303308,0.391681,0.244246,0.327901,0.361817,0.380459,0.361573,0.329381,0.544135,0.515229,0.252309,0.413355,0.811038,1.006080
0.482719,0.478854,0.552242,0.650018,0.000000,1.295589,0.544098,0.672248,1.126620,1.047385,0.498728,0.590239,0.493677,0.745552,0.767799,0.959662,0.448598,0.437019,0.489712,0.418266,0.480930,0.532229,0.490586,0.492565,1.072913,1.162642,0.931800,0.979445,0.443228,0.463999,0.651541,0.695365,0.779780,0.833826,0.798788,0.880046,0.522387,0.551114,0.631837,0.502670,0.209652,0.219722,0.501452,0.504282,0.360066,0.450472,0.485070,0.508064,0.381677,0.359433,0.483263,0.320806,0.540541,0.445992,0.539028,0.439060,0.428633,0.514414,0.649525,0.560304,0.782670,0.721651,0.430118,0.584232,0.674405,0.851679,0.933964,0.900580,0.565196,0.616957,0.218108,0.323143,0.337566,0.311325,0.726983,0.536475,0.365743,0.382938,0.491654,0.456797,0.413196,0.421424,0.508336,0.465827,0.455522,0.506297,0.276396,0.228531,0.745197,0.535856
0.490019,0.528385,0.561005,0.834969,1.295589,0.000000,0.598334,0.804413,0.808248,1.093333,0.429125,0.499073,0.500828,0.754425,0.491639,0.725336,0.373685,0.327015,0.506408,0.461363,0.270490,0.434690,0.499472,0.555810,1.047887,1.130929,0.852739,1.103612,0.299387,0.269752,0.649824,0.753203,0.815685,0.915957,0.902943,1.011723,0.306277,0.447363,0.472977,0.451503,-0.004981,0.086416,0.518481,0.546913,0.419693,0.485641,0.531512,0.560881,0.410352,0.388894,0.419904,0.276968,0.485229,0.403091,0.431237,0.371797,0.444617,0.513053,0.583288,0.560746,0.763945,0.835758,0.333759,0.481905,0.662544,0.954044,1.001480,1.085753,0.549240,0.648098,0.287570,0.355791,0.322061,0.252779,0.566295,0.490606,0.247275,0.279731,0.248459,0.239710,0.197902,0.234896,0.268453,0.249319,0.281416,0.306041,0.088839,0.128177,0.619425,0.502874
0.512447,0.450654,1.194137,1.090594,0.544098,0.598334,0.000000,1.259214,0.577196,0.445541,0.834344,0.784763,1.019278,1.005361,0.601947,0.453445,0.456254,0.378251,0.640175,0.546016,0.236802,0.388022,1.077648,1.076790,0.676267,0.516496,0.298085,0.321777,0.429271,0.307133,0.575334,0.620744,0.711406,0.710418,0.639926,0.596171,0.257427,0.501409,0.334317,0.400971,0.182303,0.258735,0.359720,0.364739,0.374643,0.414713,0.567965,0.549388,0.496023,0.610181,0.673082,0.645815,0.727328,0.675362,0.598362,0.508206,0.476468,0.502452,0.899874,0.639575,1.031298,0.794597,0.496598,0.464418,0.806157,0.790497,0.793052,0.762946,0.556101,0.577455,0.498570,0.540961,0.532808,0.417487,0.384984,0.457095,0.358983,0.363933,0.204530,0.225918,0.232071,0.240261,0.228721,0.178722,0.417702,0.418568,0.154810,0.217003,0.612659,0.747610
0.535179,0.539314,0.883705,1.352907,0.672248,0.804413,1.259214,0.000000,0.632670,0.587520,0.721306,0.900670,0.778056,1.114323,0.484135,0.485556,0.467737,0.406739,0.619803,0.632975,0.251202,0.394707,0.772936,0.991851,0.631451,0.641204,0.410827,0.461907,0.410767,0.357768,0.522119,0.647325,0.698676,0.855427,0.545849,0.626766,0.232316,0.573325,0.327921,0.434851,0.080340,0.241720,0.291072,0.310158,0.297690,0.349505,0.505079,0.482531,0.464335,0.605472,0.663731,0.644942,0.810391,0.674069,0.610768,0.466201,0.516988,0.640046,0.859860,0.973732,0.898896,1.133279,0.497963,0.704616,0.624815,0.936278,0.693726,0.866827,0.614283,0.686779,0.417798,0.451465,0.409925,0.390082,0.405183,0.478721,0.304104,0.389387,0.221498,0.226653,0.244893,0.240163,0.206012,0.203939,0.376526,0.439877,0.073706,0.179975,0.628894,0.811448
0.229240,0.246368,0.491273,0.514787,1.126620,0.808248,0.577196,0.632670,0.000000,1.166522,0.456658,0.504347,0.526262,0.689858,0.841782,0.718508,0.279078,0.234136,0.253943,0.191781,0.253595,0.295523,0.468066,0.501615,0.604027,0.594761,0.418475,0.422573,0.276278,0.270524,0.389276,0.391066,0.457079,0.491624,0.498038,0.521852,0.363542,0.391599,0.436988,0.361541,0.180635,0.174903,0.276561,0.266276,0.238091,0.323535,0.335969,0.307478,0.331641,0.393985,0.490937,0.419136,0.425941,0.343570,0.494246,0.363123,0.188994,0.294102,0.570687,0.476271,0.662630,0.646164,0.323591,0.467672,0.605435,0.659621,0.542005,0.598831,0.307941,0.376195,0.167304,0.243194,0.218029,0.188587,0.419525,0.324473,0.293241,0.294190,0.269574,0.265888,0.279828,0.271535,0.362374,0.307022,0.424207,0.458017,0.247421,0.171036,0.546492,0.492686
0.212282,0.269698,0.347227,0.467243,1.047385,1.093333,0.445541,0.587520,1.166522,0.000000,0.336694,0.386155,0.352447,0.570059,0.581448,0.887469,0.225367,0.170840,0.235632,0.173029,0.277740,0.372942,0.346749,0.368289,0.585955,0.644290,0.555928,0.660484,0.220706,0.204206,0.469563,0.519186,0.486482,0.553897,0.562662,0.544253,0.278600,0.291075,0.354542,0.278434,0.084710,0.109427,0.260999,0.281670,0.306125,0.345908,0.340743,0.292619,0.335072,0.374841,0.367946,0.323657,0.318193,0.289454,0.443975,0.258705,0.177162,0.286613,0.478957,0.435381,0.624346,0.659311,0.267953,0.466411,0.562596,0.644999,0.560403,0.619013,0.247725,0.337995,0.249999,0.332295,0.297882,0.231831,0.504637,0.457449,0.227931,0.217615,0.218812,0.165198,0.142480,0.144516,0.186566,0.159757,0.230339,0.274691,-0.003586,-0.047744,0.379809,0.286771
0.548753,0.380505,0.620280,0.686710,0.498728,0.429125,0.834344,0.721306,0.456658,0.336694,0.000000,1.319808,1.231252,1.152308,0.861575,0.738238,0.733298,0.757471,0.595264,0.505091,0.593612,0.654141,0.635208,0.635638,0.528345,0.507488,0.385553,0.357432,0.862645,0.807933,0.646354,0.646751,0.609289,0.663092,0.421004,0.417184,0.676272,0.691492,0.644018,0.575344,0.600020,0.616409,0.377795,0.333857,0.279521,0.355535,0.515160,0.501400,0.498002,0.548417,0.826947,0.823526,0.875408,0.744255,0.816675,0.699147,0.534571,0.550097,0.908548,0.629725,1.021527,0.641535,1.014261,0.720249,0.515053,0.535975,0.572465,0.555590,0.554438,0.494431,0.593279,0.623258,0.522470,0.518615,0.430245,0.347328,0.617523,0.598291,0.632653,0.661728,0.640009,0.600272,0.576074,0.576274,0.669372,0.764876,0.364936,0.287429,0.747055,0.771403
0.620628,0.533218,0.647985,0.767462,0.590239,0.499073,0.784763,0.900670,0.504347,0.386155,1.319808,0.000000,0.965127,1.346639,0.701255,0.702485,0.717343,0.793928,0.661221,0.617786,0.548938,0.576884,0.664196,0.702635,0.537986,0.598088,0.479763,0.443626,0.759182,0.779069,0.640345,0.663694,0.674232,0.769134,0.389170,0.453622,0.520314,0.723754,0.462976,0.451145,0.402944,0.433905,0.327978,0.324508,0.313135,0.364090,0.535704,0.514268,0.526972,0.648126,0.811350,0.829888,0.950728,0.752705,0.767412,0.591441,0.648598,0.729114,1.012335,0.888427,1.012786,0.857992,0.831738,0.908757,0.525189,0.668156,0.570153,0.635450,0.647496,0.576884,0.393419,0.465986,0.470198,0.492916,0.455819,0.429610,0.542623,0.566038,0.588549,0.557145,0.529037,0.503861,0.441597,0.452376,0.587528,0.679137,0.234612,0.258406,0.697044,0.884767
0.553656,0.434158,0.782570,0.789741,0.493677,0.500828,1.019278,0.778056,0.526262,0.352447,1.231252,0.965127,0.000000,1.341072,0.796474,0.537980,0.560316,0.559631,0.583621,0.449546,0.325910,0.414326,0.811327,0.814453,0.628911,0.579535,0.331908,0.298525,0.613460,0.547690,0.520086,0.505828,0.588783,0.591606,0.487288,0.459665,0.463739,0.546026,0.499797,0.497272,0.316905,0.323636,0.508090,0.472111,0.365613,0.426494,0.601524,0.600761,0.473815,0.520155,0.762695,0.689561,0.785716,0.734227,0.614571,0.639144,0.502169,0.492082,0.823201,0.481434,1.021822,0.600744,0.752533,0.467190,0.775296,0.674064,0.600836,0.608306,0.538787,0.455731,0.469251,0.464267,0.389566,0.336665,0.286550,0.237833,0.368702,0.364904,0.394215,0.491018,0.443439,0.491130,0.448899,0.411012,0.754502,0.701761,0.378256,0.423975,0.771212,0.850500
0.647771,0.577092,0.810713,1.017582,0.745552,0.754425,1.005361,1.114323,0.689858,0.570059,1.152308,1.346639,1.341072,0.000000,0.790375,0.745903,0.558285,0.581861,0.675777,0.605079,0.374956,0.488059,0.810322,0.910244,0.692562,0.719785,0.573703,0.538343,0.542080,0.534449,0.547620,0.610646,0.716066,0.781775,0.582036,0.620781,0.431180,0.645068,0.482284,0.501266,0.233304,0.296047,0.417417,0.404479,0.318465,0.407239,0.591806,0.596924,0.511447,0.629335,0.802679,0.755753,0.963845,0.831691,0.712758,0.596095,0.602881,0.673055,1.107276,0.871955,1.205771,0.981735,0.700886,0.725640,0.786685,0.887764,0.756985,0.831754,0.706734,0.661302,0.386400,0.454265,0.396080,0.383780,0.436431,0.426433,0.434492,0.480180,0.401155,0.439510,0.394261,0.411208,0.405766,0.375523,0.622153,0.670659,0.252413,0.303873,0.825670,0.978006
0.353044,0.222252,0.607277,0.501985,0.767799,0.491639,0.601947,0.484135,0.841782,0.581448,0.861575,0.701255,0.796474,0.790375,0.000000,1.106585,0.594801,0.558174,0.486101,0.314398,0.725203,0.707893,0.647970,0.600294,0.638702,0.521205,0.426516,0.366244,0.709230,0.718485,0.598633,0.508776,0.522140,0.489914,0.426913,0.387587,0.747319,0.626803,0.712104,0.528329,0.545045,0.497671,0.440741,0.374550,0.303990,0.400871,0.496875,0.508703,0.409469,0.390785,0.692121,0.624272,0.596719,0.581016,0.747650,0.711292,0.312872,0.345828,0.574830,0.354722,0.745579,0.447150,0.753873,0.492873,0.650363,0.466070,0.547779,0.488005,0.396182,0.388826,0.422289,0.492957,0.378646,0.357456,0.441375,0.256164,0.617036,0.582894,0.740417,0.759440,0.773997,0.730865,0.821413,0.644784,0.890733,0.895983,0.499759,0.361462,0.791539,0.605494
0.405428,0.335644,0.425385,0.427432,0.959662,0.725336,0.453445,0.485556,0.718508,0.887469,0.738238,0.702485,0.537980,0.745903,1.106585,0.000000,0.574076,0.562575,0.471767,0.325946,0.756046,0.815765,0.467003,0.428493,0.658343,0.636833,0.637326,0.669992,0.701181,0.724812,0.751709,0.750065,0.669024,0.685945,0.557010,0.489883,0.734748,0.543585,0.701008,0.493497,0.486950,0.440050,0.399517,0.379034,0.319167,0.390229,0.476454,0.464799,0.428115,0.415046,0.562939,0.498445,0.537609,0.527546,0.745771,0.545581,0.367970,0.441046,0.624432,0.488646,0.823191,0.530088,0.739671,0.738797,0.563943,0.488499,0.670400,0.574694,0.412645,0.446176,0.379618,0.494200,0.430788,0.399147,0.696480,0.492998,0.567743,0.522922,0.738190,0.665300,0.608857,0.580139,0.622461,0.573889,0.569826,0.645985,0.268311,0.115719,0.604361,0.385225
0.985757,0.812911,0.631730,0.653083,0.448598,0.373685,0.456254,0.467737,0.279078,0.225367,0.733298,0.717343,0.560316,0.558285,0.594801,0.574076,0.000000,1.532778,0.995454,0.908155,0.695451,0.757117,0.499875,0.568902,0.504042,0.545091,0.342496,0.384830,1.389607,1.199336,0.703772,0.683676,0.728776,0.756244,0.337464,0.397620,0.812325,0.888410,0.705977,0.659222,0.520603,0.604991,0.782568,0.791835,0.710483,0.812241,0.955507,0.895738,0.751824,0.615740,0.892549,0.775323,0.873934,0.772204,0.821459,0.836536,1.048316,0.971119,0.531940,0.494429,0.454867,0.317808,0.862316,0.741915,0.328696,0.385269,0.618930,0.643300,0.794002,0.778228,0.420637,0.334725,0.336505,0.378367,0.343157,0.242552,0.453272,0.471729,0.954923,0.970496,1.123121,1.023674,0.727561,0.731890,0.878420,0.856591,0.518258,0.497865,0.699159,0.639674
1.063261,0.879761,0.613943,0.589829,0.437019,0.327015,0.378251,0.406739,0.234136,0.170840,0.757471,0.793928,0.559631,0.581861,0.558174,0.562575,1.532778,0.000000,1.033887,0.921352,0.687047,0.717870,0.534483,0.570682,0.496012,0.599601,0.419906,0.440508,1.321027,1.375066,0.741427,0.674751,0.762448,0.762519,0.299648,0.364425,0.763887,0.867371,0.679767,0.636981,0.480092,0.561144,0.787857,0.786771,0.698192,0.799122,0.910612,0.894310,0.787490,0.647101,0.913116,0.787331,0.952148,0.773795,0.863742,0.881309,1.164945,1.092598,0.553462,0.528629,0.432806,0.252970,0.925487,0.793833,0.323353,0.351284,0.586412,0.580049,0.861360,0.760368,0.310905,0.259087,0.296125,0.359128,0.366931,0.259035,0.434324,0.502925,1.000360,1.147761,1.064427,1.122732,0.770745,0.836909,0.865699,0.907821,0.544163,0.586363,0.721587,0.678336
1.412887,1.199682,0.973609,0.980043,0.489712,0.506408,0.640175,0.619803,0.253943,0.235632,0.595264,0.661221,0.583621,0.675777,0.486101,0.471767,0.995454,1.033887,0.000000,1.687533,0.487992,0.601368,0.727279,0.796538,0.605840,0.606980,0.457249,0.496014,0.805292,0.694519,0.698758,0.689155,0.854556,0.815206,0.446159,0.489419,0.401555,0.734383,0.401944,0.484279,0.190880,0.286295,0.856379,0.854970,0.766618,0.787996,1.087634,1.106831,0.733773,0.624913,0.736549,0.576175,0.969272,0.900334,0.633291,0.667860,1.189841,1.050924,0.653487,0.580902,0.518034,0.380489,0.587443,0.586547,0.449550,0.465754,0.847151,0.801257,1.288275,1.090517,0.261305,0.198549,0.348014,0.364426,0.320326,0.380296,0.337478,0.385409,0.549069,0.605075,0.601186,0.607612,0.521504,0.449758,0.611579,0.517913,0.327599,0.470736,0.640341,0.655926
1.408092,1.270547,0.782750,1.011210,0.418266,0.461363,0.546016,0.632975,0.191781,0.173029,0.505091,0.617786,0.449546,0.605079,0.314398,0.325946,0.908155,0.921352,1.687533,0.000000,0.386321,0.535571,0.543778,0.699813,0.508126,0.529997,0.424854,0.474428,0.683894,0.604416,0.570846,0.613680,0.768325,0.786716,0.379572,0.460932,0.328749,0.755502,0.350616,0.502436,0.128423,0.272894,0.698579,0.707992,0.622193,0.662576,0.918689,0.935717,0.660326,0.580552,0.674077,0.535359,0.928744,0.847065,0.539978,0.528031,1.152699,1.044725,0.600420,0.633632,0.416907,0.388649,0.418594,0.587198,0.312813,0.468625,0.750125,0.793215,1.406758,1.184245,0.183270,0.124360,0.264477,0.326079,0.249065,0.328582,0.247050,0.325248,0.420121,0.485080,0.469451,0.462458,0.376576,0.353303,0.448024,0.407859,0.214388,0.399971,0.525039,0.610944
0.363050,0.251026,0.280839,0.258047,0.480930,0.270490,0.236802,0.251202,0.253595,0.277740,0.593612,0.548938,0.325910,0.374956,0.725203,0.756046,0.695451,0.687047,0.487992,0.386321,0.000000,1.298898,0.304547,0.244727,0.454336,0.413550,0.398171,0.426681,0.894138,0.915561,0.734516,0.663984,0.549692,0.538108,0.341901,0.279550,0.774143,0.668470,0.598648,0.425527,0.644345,0.626172,0.326890,0.321391,0.332954,0.353195,0.419077,0.411116,0.346078,0.275600,0.460553,0.435959,0.446660,0.433858,0.633562,0.485055,0.365671,0.366021,0.333032,0.246578,0.438892,0.249162,0.651080,0.545648,0.237305,0.269591,0.417751,0.322273,0.397727,0.349495,0.459944,0.505902,0.564985,0.634738,0.541927,0.437135,0.698861,0.632858,0.944136,0.812889,0.741330,0.687147,0.511684,0.471390,0.492616,0.547879,0.232663,0.133423,0.454911,0.290838
0.490592,0.406385,0.369714,0.424755,0.532229,0.434690,0.388022,0.394707,0.295523,0.372942,0.654141,0.576884,0.414326,0.488059,0.707893,0.815765,0.757117,0.717870,0.601368,0.535571,1.298898,0.000000,0.392437,0.361852,0.548364,0.474123,0.489407,0.581074,0.938172,0.876826,0.835747,0.837280,0.703281,0.703898,0.506960,0.376177,0.757820,0.732080,0.617279,0.514221,0.648442,0.704391,0.389829,0.406729,0.413455,0.443050,0.527377,0.510473,0.444893,0.388306,0.538318,0.475700,0.503580,0.512467,0.647349,0.478453,0.478579,0.466740,0.426205,0.314347,0.586882,0.388479,0.621420,0.600058,0.366704,0.407680,0.605530,0.503035,0.524511,0.463856,0.589998,0.695530,0.781869,0.867622,0.628225,0.573032,0.611272,0.553419,0.787759,0.697795,0.629676,0.580342,0.418669,0.394527,0.444201,0.499464,0.140065,0.058810,0.457757,0.288949
0.558869,0.506554,1.546700,0.955711,0.490586,0.499472,1.077648,0.772936,0.468066,0.346749,0.635208,0.664196,0.811327,0.810322,0.647970,0.467003,0.499875,0.534483,0.727279,0.543778,0.304547,0.392437,0.000000,1.585705,0.786127,0.600619,0.298787,0.298199,0.486546,0.413837,0.680411,0.588722,0.782445,0.671199,0.710162,0.588275,0.323094,0.531421,0.392089,0.431470,0.216892,0.261024,0.461842,0.463635,0.485286,0.550354,0.634059,0.684161,0.544538,0.640048,0.716342,0.661808,0.731426,0.729876,0.640924,0.707317,0.585494,0.596933,0.640765,0.480299,0.723369,0.460485,0.530824,0.377513,0.831752,0.610315,0.738683,0.685970,0.627116,0.572839,0.414717,0.444364,0.421760,0.333378,0.319312,0.306432,0.409220,0.419457,0.298813,0.394862,0.375467,0.446305,0.399286,0.320435,0.601214,0.536958,0.331714,0.411265,0.673357,0.821967
0.642108,0.586316,1.492443,1.289771,0.492565,0.555810,1.076790,0.991851,0.501615,0.368289,0.635638,0.702635,0.814453,0.910244,0.600294,0.428493,0.568902,0.570682,0.796538,0.699813,0.244727,0.361852,1.585705,0.000000,0.714957,0.621422,0.264057,0.292459,0.490392,0.439420,0.584162,0.557417,0.756599,0.723062,0.614385,0.619537,0.349900,0.685910,0.440831,0.558947,0.186068,0.302713,0.491710,0.487984,0.454605,0.553050,0.687969,0.736697,0.590806,0.703742,0.845172,0.780018,0.924109,0.844018,0.716424,0.768881,0.659369,0.713663,0.739438,0.698061,0.693380,0.554820,0.526798,0.488848,0.786219,0.714675,0.774775,0.834922,0.737135,0.761995,0.351313,0.361460,0.318905,0.292736,0.253257,0.254029,0.367104,0.432690,0.260300,0.379179,0.408810,0.474592,0.419366,0.350626,0.668927,0.644898,0.364047,0.518557,0.764157,1.036091
0.580197,0.524392,0.762286,0.748306,1.072913,1.047887,0.676267,0.631451,0.604027,0.585955,0.528345,0.537986,0.628911,0.692562,0.638702,0.658343,0.504042,0.496012,0.605840,0.508126,0.454336,0.548364,0.786127,0.714957,0.000000,1.420537,0.781267,0.859746,0.505227,0.491411,0.886315,0.847305,1.022201,0.933741,1.134931,1.170093,0.496196,0.654173,0.616650,0.562978,0.170803,0.196661,0.629925,0.643384,0.485582,0.542271,0.590901,0.685306,0.415019,0.393674,0.516545,0.336226,0.577593,0.537950,0.509123,0.550953,0.574739,0.592521,0.578058,0.443800,0.737618,0.514884,0.394955,0.370929,0.693999,0.846381,1.042460,0.928048,0.658981,0.637674,0.304234,0.378213,0.361201,0.287722,0.514593,0.395969,0.369775,0.392386,0.437924,0.504854,0.401451,0.473070,0.474360,0.434261,0.481952,0.478092,0.330834,0.374146,0.830015,0.682075
0.640383,0.628695,0.596026,0.722089,1.162642,1.130929,0.516496,0.641204,0.594761,0.644290,0.507488,0.598088,0.579535,0.719785,0.521205,0.636833,0.545091,0.599601,0.606980,0.529997,0.413550,0.474123,0.600619,0.621422,1.420537,0.000000,1.029164,1.131849,0.524333,0.569736,0.791197,0.797522,0.934913,0.971840,0.858453,1.023398,0.449868,0.622814,0.559914,0.503749,0.111013,0.157477,0.631588,0.670269,0.487595,0.549306,0.584206,0.652694,0.445843,0.412539,0.534236,0.354388,0.632507,0.512742,0.511693,0.530662,0.660001,0.708559,0.578585,0.523105,0.683346,0.579982,0.463426,0.506607,0.650838,0.904775,0.886715,0.926529,0.612731,0.594826,0.234086,0.294562,0.307688,0.283197,0.548106,0.435902,0.327243,0.400413,0.531937,0.563465,0.417939,0.505818,0.465796,0.456312,0.483277,0.513563,0.292508,0.354764,0.809862,0.687115
0.481857,0.521118,0.276345,0.433085,0.931800,0.852739,0.298085,0.410827,0.418475,0.555928,0.385553,0.479763,0.331908,0.573703,0.426516,0.637326,0.342496,0.419906,0.457249,0.424854,0.398171,0.489407,0.298787,0.264057,0.781267,1.029164,0.000000,1.542866,0.312276,0.400359,0.515536,0.593514,0.646656,0.687065,0.648329,0.707720,0.317008,0.415177,0.381493,0.300156,0.061656,0.101644,0.361420,0.388910,0.250268,0.300925,0.343082,0.387730,0.243484,0.226432,0.265056,0.175230,0.376987,0.316414,0.318267,0.217671,0.438953,0.469490,0.482361,0.399546,0.591026,0.570380,0.257984,0.378533,0.491658,0.671889,0.642913,0.604706,0.440164,0.387107,0.189382,0.319474,0.314043,0.310561,0.642359,0.560459,0.311806,0.340697,0.501888,0.436449,0.236551,0.270518,0.291281,0.251574,0.211309,0.278537,0.017176,0.067355,0.525089,0.358307
0.540329,0.592109,0.299030,0.504462,0.979445,1.103612,0.321777,0.461907,0.422573,0.660484,0.357432,0.443626,0.298525,0.538343,0.366244,0.669992,0.384830,0.440508,0.496014,0.474428,0.426681,0.581074,0.298199,0.292459,0.859746,1.131849,1.542866,0.000000,0.354295,0.399529,0.669969,0.779327,0.791872,0.866518,0.764525,0.802266,0.323159,0.428440,0.418694,0.342862,0.059409,0.112580,0.443136,0.507462,0.387207,0.423699,0.441529,0.491249,0.376454,0.326091,0.335043,0.209641,0.391855,0.308184,0.380421,0.271127,0.506294,0.549756,0.485265,0.428171,0.601919,0.602765,0.310659,0.481586,0.497386,0.760178,0.816736,0.781378,0.498075,0.494344,0.204620,0.336529,0.371055,0.334464,0.680737,0.588767,0.262948,0.282330,0.425443,0.376892,0.209798,0.250396,0.244292,0.221336,0.181988,0.250103,-0.021514,0.042015,0.504860,0.342521
0.742095,0.596559,0.494111,0.483706,0.443228,0.299387,0.429271,0.410767,0.276278,0.220706,0.862645,0.759182,0.613460,0.542080,0.709230,0.701181,1.389607,1.321027,0.805292,0.683894,0.894138,0.938172,0.486546,0.490392,0.505227,0.524333,0.312276,0.354295,0.000000,1.806993,0.930964,0.844283,0.764687,0.794430,0.305687,0.307158,0.875555,0.808282,0.668573,0.590074,0.673214,0.659899,0.651305,0.666226,0.633089,0.680902,0.781266,0.736377,0.707964,0.604178,0.877764,0.750228,0.742901,0.708750,0.773681,0.753190,0.808024,0.743047,0.515559,0.407162,0.522905,0.258635,1.036301,0.803526,0.292811,0.330069,0.528488,0.513451,0.608410,0.566334,0.415206,0.370376,0.446287,0.512913,0.364520,0.299217,0.486813,0.460695,1.120610,1.108925,1.093733,1.024601,0.725012,0.755947,0.812315,0.800473,0.438938,0.393434,0.537950,0.471566
0.651881,0.529282,0.393229,0.406046,0.463999,0.269752,0.307133,0.357768,0.270524,0.204206,0.807933,0.779069,0.547690,0.534449,0.718485,0.724812,1.199336,1.375066,0.694519,0.604416,0.915561,0.876826,0.413837,0.439420,0.491411,0.569736,0.400359,0.399529,1.806993,0.000000,0.831827,0.742980,0.672569,0.711761,0.236486,0.266892,0.903201,0.823035,0.690421,0.575695,0.652840,0.653572,0.589460,0.595491,0.534467,0.608378,0.667745,0.656576,0.644512,0.563182,0.850515,0.762393,0.717375,0.638752,0.772808,0.758526,0.740446,0.740827,0.484497,0.431686,0.478004,0.239517,1.033209,0.841996,0.246048,0.308741,0.458668,0.453355,0.550993,0.515344,0.316492,0.323658,0.368186,0.466843,0.402600,0.295374,0.495117,0.500314,1.402350,1.394037,1.213712,1.198767,0.806031,0.862383,0.840595,0.939782,0.455735,0.444949,0.589432,0.507126
0.584789,0.532370,0.570848,0.574908,0.651541,0.649824,0.575334,0.522119,0.389276,0.469563,0.646354,0.640345,0.520086,0.547620,0.598633,0.751709,0.703772,0.741427,0.698758,0.570846,0.734516,0.835747,0.680411,0.584162,0.886315,0.791197,0.515536,0.669969,0.930964,0.831827,0.000000,1.871456,1.462874,1.332409,0.737752,0.683440,0.524110,0.549479,0.486327,0.400052,0.275516,0.268665,0.500424,0.563411,0.578444,0.562919,0.639341,0.671396,0.615948,0.550433,0.648312,0.506351,0.560503,0.526598,0.597989,0.515134,0.634743,0.596789,0.525298,0.397046,0.762284,0.450513,0.739269,0.751366,0.483850,0.636677,0.885141,0.795115,0.584623,0.597304,0.283563,0.372480,0.500914,0.451083,0.476629,0.491633,0.355643,0.308384,0.693097,0.609971,0.499885,0.540771,0.351664,0.377428,0.387116,0.419786,0.135381,0.170365,0.456242,0.396214
0.631891,0.587698,0.531878,0.651472,0.695365,0.753203,0.620744,0.647325,0.391066,0.519186,0.646751,0.663694,0.505828,0.610646,0.508776,0.750065,0.683676,0.674751,0.689155,0.613680,0.663984,0.837280,0.588722,0.557417,0.847305,0.797522,0.593514,0.779327,0.844283,0.742980,1.871456,0.000000,1.481802,1.539214,0.770380,0.742677,0.460206,0.535528,0.490543,0.434992,0.238126,0.274251,0.428962,0.502839,0.486528,0.483524,0.581129,0.602568,0.556090,0.527969,0.592095,0.470978,0.563324,0.520425,0.561553,0.418653,0.642534,0.617393,0.590614,0.482575,0.842367,0.587616,0.661038,0.809803,0.492966,0.738391,0.927213,0.874123,0.607024,0.638366,0.304079,0.403135,0.515678,0.474777,0.518072,0.562987,0.310020,0.279843,0.592618,0.496668,0.388448,0.403163,0.251886,0.304564,0.289788,0.348135,0.044093,0.077304,0.445271,0.372948
0.809761,0.776726,0.753883,0.817121,0.779780,0.815685,0.711406,0.698676,0.457079,0.486482,0.609289,0.674232,0.588783,0.716066,0.522140,0.669024,0.728776,0.762448,0.854556,0.768325,0.549692,0.703281,0.782445,0.756599,1.022201,0.934913,0.646656,0.791872,0.764687,0.672569,1.462874,1.481802,0.000000,1.940953,1.014740,1.020818,0.491448,0.636034,0.508113,0.476700,0.181170,0.209711,0.594441,0.659374,0.603481,0.612430,0.737314,0.779334,0.634459,0.579364,0.676010,0.492116,0.705528,0.633694,0.604503,0.507350,0.816631,0.781456,0.685270,0.585689,0.886425,0.627536,0.619998,0.784101,0.667524,0.896476,1.186712,1.094362,0.839564,0.850170,0.213065,0.294678,0.440293,0.385424,0.503686,0.528498,0.322701,0.307196,0.543942,0.523498,0.416230,0.469383,0.308395,0.352111,0.399219,0.423803,0.183917,0.254955,0.591853,0.557869
0.777823,0.765486,0.666569,0.897710,0.833826,0.915957,0.710418,0.855427,0.491624,0.553897,0.663092,0.769134,0.591606,0.781775,0.489914,0.685945,0.756244,0.762519,0.815206,0.786716,0.538108,0.703898,0.671199,0.723062,0.933741,0.971840,0.687065,0.866518,0.794430,0.711761,1.332409,1.539214,1.940953,0.000000,0.910936,1.011886,0.493933,0.667556,0.522116,0.498552,0.190925,0.261609,0.549962,0.616551,0.552607,0.563492,0.699086,0.711827,0.647415,0.600279,0.706627,0.536734,0.734646,0.621145,0.626723,0.488612,0.782050,0.782219,0.725465,0.690109,0.911716,0.782953,0.657185,0.927886,0.586697,0.997468,1.123482,1.201881,0.817343,0.884862,0.252896,0.338980,0.447231,0.422922,0.523456,0.555246,0.327409,0.335413,0.553478,0.512936,0.419214,0.450181,0.307963,0.352739,0.373612,0.434013,0.138180,0.213523,0.578737,0.575004
0.461591,0.441965,0.643006,0.661572,0.798788,0.902943,0.639926,0.545849,0.498038,0.562662,0.421004,0.389170,0.487288,0.582036,0.426913,0.557010,0.337464,0.299648,0.446159,0.379572,0.341901,0.506960,0.710162,0.614385,1.134931,0.858453,0.648329,0.764525,0.305687,0.236486,0.737752,0.770380,1.014740,0.910936,0.000000,1.381571,0.378570,0.428039,0.508908,0.433038,0.138259,0.167662,0.397965,0.434046,0.339885,0.385074,0.415183,0.481216,0.297368,0.308584,0.360148,0.237376,0.395274,0.391080,0.386643,0.313756,0.408648,0.406986,0.499943,0.372550,0.826728,0.636796,0.244305,0.313655,0.833580,0.948042,1.095749,0.963423,0.513377,0.514062,0.326176,0.435822,0.439386,0.309530,0.527154,0.440373,0.366559,0.336635,0.226405,0.253336,0.147069,0.188703,0.171869,0.148698,0.214348,0.243197,0.112714,0.116777,0.530389,0.438892
0.513298,0.496315,0.631146,0.763225,0.880046,1.011723,0.596171,0.626766,0.521852,0.544253,0.417184,0.453622,0.459665,0.620781,0.387587,0.489883,0.397620,0.364425,0.489419,0.460932,0.279550,0.376177,0.588275,0.619537,1.170093,1.023398,0.707720,0.802266,0.307158,0.266892,0.683440,0.742677,1.020818,1.011886,1.381571,0.000000,0.430256,0.578807,0.562975,0.539148,0.100012,0.173935,0.518468,0.548981,0.388246,0.453718,0.505216,0.596444,0.351865,0.313942,0.401191,0.251929,0.495872,0.395764,0.443726,0.397083,0.491985,0.499732,0.549212,0.507510,0.704677,0.669893,0.255685,0.362517,0.659907,1.013126,1.167046,1.196613,0.612438,0.680661,0.227625,0.322064,0.300888,0.218732,0.460383,0.397007,0.338429,0.374385,0.254023,0.270769,0.205220,0.252419,0.260328,0.254238,0.268411,0.298697,0.232221,0.258381,0.681305,0.598231
0.363289,0.241665,0.331584,0.309952,0.522387,0.306277,0.257427,0.232316,0.363542,0.278600,0.676272,0.520314,0.463739,0.431180,0.747319,0.734748,0.812325,0.763887,0.401555,0.328749,0.774143,0.757820,0.323094,0.349900,0.496196,0.449868,0.317008,0.323159,0.875555,0.903201,0.524110,0.460206,0.491448,0.493933,0.378570,0.430256,0.000000,1.039122,1.125622,0.852779,1.003016,0.817247,0.541374,0.492675,0.311073,0.429215,0.497513,0.513912,0.357401,0.271395,0.542800,0.463473,0.504492,0.425835,0.763870,0.672801,0.362403,0.380610,0.374470,0.264411,0.432440,0.226112,0.664858,0.494767,0.298308,0.305484,0.520441,0.444430,0.412670,0.422629,0.447253,0.474878,0.341007,0.351476,0.504243,0.179451,0.735448,0.650255,0.868030,0.873748,0.982986,0.886440,0.810112,0.750360,0.786839,0.839019,0.663560,0.362452,0.676232,0.427673
0.665861,0.559076,0.622883,0.718708,0.551114,0.447363,0.501409,0.573325,0.391599,0.291075,0.691492,0.723754,0.546026,0.645068,0.626803,0.543585,0.888410,0.867371,0.734383,0.755502,0.668470,0.732080,0.531421,0.685910,0.654173,0.622814,0.415177,0.428440,0.808282,0.823035,0.549479,0.535528,0.636034,0.667556,0.428039,0.578807,1.039122,0.000000,0.899835,1.091212,0.715434,0.798969,0.632787,0.599815,0.472581,0.594780,0.752340,0.770842,0.506949,0.481418,0.722130,0.645498,0.826377,0.684704,0.921520,0.817353,0.656173,0.687708,0.572620,0.548059,0.460264,0.388885,0.551406,0.572716,0.327065,0.500304,0.674709,0.679329,0.786947,0.756006,0.392534,0.415394,0.415221,0.478922,0.458555,0.322049,0.697528,0.737476,0.668261,0.745375,0.816054,0.760037,0.679584,0.621187,0.756177,0.784725,0.500371,0.462787,0.847407,0.769133
0.462721,0.361880,0.439511,0.463919,0.631837,0.472977,0.334317,0.327921,0.436988,0.354542,0.644018,0.462976,0.499797,0.482284,0.712104,0.701008,0.705977,0.679767,0.401944,0.350616,0.598648,0.617279,0.392089,0.440831,0.616650,0.559914,0.381493,0.418694,0.668573,0.690421,0.486327,0.490543,0.508113,0.522116,0.508908,0.562975,1.125622,0.899835,0.000000,1.478940,0.756254,0.800484,0.602861,0.538608,0.377266,0.545055,0.548271,0.594790,0.411386,0.355340,0.613835,0.535921,0.522292,0.440975,0.913917,0.903028,0.433119,0.469864,0.399532,0.332593,0.442738,0.291943,0.590734,0.386628,0.411610,0.436189,0.639365,0.597707,0.435699,0.477998,0.478856,0.448652,0.249843,0.254592,0.470272,0.126170,0.546405,0.533603,0.621064,0.737107,0.851375,0.819164,0.875887,0.881588,0.844328,0.917997,0.753753,0.476551,0.911736,0.559442
0.548356,0.459053,0.522379,0.614882,0.502670,0.451503,0.400971,0.434851,0.361541,0.278434,0.575344,0.451145,0.497272,0.501266,0.528329,0.493497,0.659222,0.636981,0.484279,0.502436,0.425527,0.514221,0.431470,0.558947,0.562978,0.503749,0.300156,0.342862,0.590074,0.575695,0.400052,0.434992,0.476700,0.498552,0.433038,0.539148,0.852779,1.091212,1.478940,0.000000,0.657053,0.810495,0.604068,0.550745,0.371563,0.538831,0.614256,0.691301,0.379336,0.367769,0.585611,0.528738,0.597200,0.551915,0.830630,0.891378,0.488237,0.521215,0.389512,0.387170,0.359019,0.256852,0.458461,0.349342,0.333420,0.411412,0.599105,0.622968,0.544987,0.584361,0.443251,0.405680,0.257756,0.304352,0.373984,0.141948,0.468930,0.492793,0.425582,0.568723,0.685275,0.656341,0.736592,0.743843,0.746855,0.738516,0.620928,0.489064,0.812211,0.615107
0.166720,0.058559,0.184345,0.095041,0.209652,-0.004981,0.182303,0.080340,0.180635,0.084710,0.600020,0.402944,0.316905,0.233304,0.545045,0.486950,0.520603,0.480092,0.190880,0.128423,0.644345,0.648442,0.216892,0.186068,0.170803,0.111013,0.061656,0.059409,0.673214,0.652840,0.275516,0.238126,0.181170,0.190925,0.138259,0.100012,1.003016,0.715434,0.756254,0.657053,0.000000,1.241547,0.268143,0.233158,0.196610,0.267620,0.284272,0.269021,0.231476,0.205627,0.400212,0.408482,0.301008,0.279616,0.593001,0.515509,0.178601,0.176345,0.245974,0.099128,0.265575,0.061800,0.521629,0.312457,0.127830,0.048695,0.213916,0.132271,0.189321,0.165033,0.497473,0.588816,0.606003,0.663008,0.514658,0.295230,0.752589,0.605874,0.601952,0.556789,0.712636,0.574130,0.610099,0.568198,0.551587,0.585904,0.478054,0.203363,0.402772,0.223949
0.264032,0.137052,0.287632,0.281098,0.219722,0.086416,0.258735,0.241720,0.174903,0.109427,0.616409,0.433905,0.323636,0.296047,0.497671,0.440050,0.604991,0.561144,0.286295,0.272894,0.626172,0.704391,0.261024,0.302713,0.196661,0.157477,0.101644,0.112580,0.659899,0.653572,0.268665,0.274251,0.209711,0.261609,0.167662,0.173935,0.817247,0.798969,0.800484,0.810495,1.241547,0.000000,0.353113,0.303780,0.249849,0.343647,0.375687,0.376249,0.313450,0.296226,0.482672,0.521484,0.453283,0.422786,0.698695,0.625256,0.259131,0.246940,0.259096,0.202974,0.225189,0.138397,0.513985,0.330000,0.095873,0.122378,0.272651,0.248066,0.319282,0.306940,0.605746,0.664111,0.605770,0.728436,0.468902,0.304624,0.750489,0.735712,0.561083,0.630169,0.701226,0.592119,0.635897,0.624441,0.532192,0.606454,0.436845,0.254432,0.474391,0.347806
0.825393,0.699211,0.656463,0.586462,0.501452,0.518481,0.359720,0.291072,0.276561,0.260999,0.377795,0.327978,0.508090,0.417417,0.440741,0.399517,0.782568,0.787857,0.856379,0.698579,0.326890,0.389829,0.461842,0.491710,0.629925,0.631588,0.361420,0.443136,0.651305,0.589460,0.500424,0.428962,0.594441,0.549962,0.397965,0.518468,0.541374,0.632787,0.602861,0.604068,0.268143,0.353113,0.000000,2.100083,1.140171,1.176831,1.449411,1.498513,0.803804,0.511217,0.623874,0.387208,0.653714,0.614601,0.584261,0.796828,0.770842,0.645134,0.397043,0.245297,0.275052,0.122937,0.458349,0.266354,0.402247,0.354271,0.760844,0.713475,0.794101,0.740914,0.223164,0.139898,0.176218,0.180610,0.265286,0.154097,0.213641,0.232253,0.479439,0.653729,0.657976,0.749144,0.725403,0.686075,0.783955,0.611421,0.676449,0.751941,0.732699,0.525854
0.838556,0.803720,0.630359,0.581321,0.504282,0.546913,0.364739,0.310158,0.266276,0.281670,0.333857,0.324508,0.472111,0.404479,0.374550,0.379034,0.791835,0.786771,0.854970,0.707992,0.321391,0.406729,0.463635,0.487984,0.643384,0.670269,0.388910,0.507462,0.666226,0.595491,0.563411,0.502839,0.659374,0.616551,0.434046,0.548981,0.492675,0.599815,0.538608,0.550745,0.233158,0.303780,2.100083,0.000000,1.293047,1.369542,1.480672,1.593489,0.866871,0.578616,0.652240,0.416905,0.593933,0.556212,0.570665,0.752287,0.832754,0.729970,0.387734,0.252553,0.277971,0.136486,0.442472,0.308410,0.414093,0.385847,0.777903,0.749689,0.752856,0.697620,0.223084,0.150334,0.224012,0.218787,0.296367,0.225106,0.166995,0.178335,0.469264,0.604499,0.604207,0.697359,0.606850,0.594363,0.708712,0.560678,0.553438,0.667632,0.658649,0.485478
0.718706,0.767336,0.592295,0.494347,0.360066,0.419693,0.374643,0.297690,0.238091,0.306125,0.279521,0.313135,0.365613,0.318465,0.303990,0.319167,0.710483,0.698192,0.766618,0.622193,0.332954,0.413455,0.485286,0.454605,0.485582,0.487595,0.250268,0.387207,0.633089,0.534467,0.578444,0.486528,0.603481,0.552607,0.339885,0.388246,0.311073,0.472581,0.377266,0.371563,0.196610,0.249849,1.140171,1.293047,0.000000,1.811657,1.359030,1.209232,1.111793,0.857385,0.727703,0.574761,0.517078,0.497880,0.630202,0.735552,0.800694,0.723357,0.352008,0.265120,0.221492,0.142758,0.387962,0.292161,0.337291,0.340533,0.627109,0.624463,0.592809,0.546509,0.220536,0.143959,0.280622,0.258016,0.209163,0.263394,0.130330,0.120000,0.403776,0.488208,0.513235,0.570157,0.414881,0.401656,0.566014,0.445821,0.344136,0.477437,0.480915,0.427586
0.765480,0.819238,0.679396,0.590442,0.450472,0.485641,0.414713,0.349505,0.323535,0.345908,0.355535,0.364090,0.426494,0.407239,0.400871,0.390229,0.812241,0.799122,0.787996,0.662576,0.353195,0.443050,0.550354,0.553050,0.542271,0.549306,0.300925,0.423699,0.680902,0.608378,0.562919,0.483524,0.612430,0.563492,0.385074,0.453718,0.429215,0.594780,0.545055,0.538831,0.267620,0.343647,1.176831,1.369542,1.811657,0.000000,1.430279,1.375412,1.188442,0.941668,0.885662,0.724593,0.590624,0.543184,0.768913,0.924434,0.873278,0.842052,0.423564,0.340823,0.256681,0.170032,0.454398,0.344412,0.380504,0.368540,0.709978,0.712229,0.635447,0.628357,0.265815,0.194022,0.273054,0.257394,0.260296,0.263418,0.199231,0.205319,0.483130,0.592480,0.633288,0.703531,0.536550,0.526025,0.694192,0.603911,0.442334,0.557869,0.610385,0.534708
0.989960,0.876720,0.840963,0.786147,0.485070,0.531512,0.567965,0.505079,0.335969,0.340743,0.515160,0.535704,0.601524,0.591806,0.496875,0.476454,0.955507,0.910612,1.087634,0.918689,0.419077,0.527377,0.634059,0.687969,0.590901,0.584206,0.343082,0.441529,0.781266,0.667745,0.639341,0.581129,0.737314,0.699086,0.415183,0.505216,0.497513,0.752340,0.548271,0.614256,0.284272,0.375687,1.449411,1.480672,1.359030,1.430279,0.000000,1.973722,1.165054,0.907229,0.942681,0.716215,0.929610,0.902758,0.894379,0.997513,0.985478,0.883138,0.635935,0.475624,0.409850,0.281767,0.544239,0.466047,0.473340,0.460278,0.820195,0.819936,0.930085,0.867608,0.306807,0.210417,0.312130,0.312855,0.283520,0.295440,0.266589,0.272307,0.486918,0.601513,0.629091,0.671984,0.594685,0.560009,0.766746,0.634236,0.481454,0.601297,0.737223,0.675720
1.011278,0.901724,0.887425,0.830378,0.508064,0.560881,0.549388,0.482531,0.307478,0.292619,0.501400,0.514268,0.600761,0.596924,0.508703,0.464799,0.895738,0.894310,1.106831,0.935717,0.411116,0.510473,0.684161,0.736697,0.685306,0.652694,0.387730,0.491249,0.736377,0.656576,0.671396,0.602568,0.779334,0.711827,0.481216,0.596444,0.513912,0.770842,0.594790,0.691301,0.269021,0.376249,1.498513,1.593489,1.209232,1.375412,1.973722,0.000000,0.986512,0.788152,0.848911,0.636803,0.864831,0.844997,0.804480,1.016998,1.002680,0.893831,0.557870,0.437686,0.396047,0.248412,0.523107,0.404348,0.477468,0.468063,0.898490,0.894411,0.954084,0.918017,0.282332,0.208848,0.302190,0.298103,0.293916,0.279970,0.289871,0.303272,0.482944,0.620214,0.637340,0.703981,0.646633,0.591954,0.778709,0.630315,0.516293,0.657734,0.773854,0.713765
0.673034,0.689406,0.621005,0.607274,0.381677,0.410352,0.496023,0.464335,0.331641,0.335072,0.498002,0.526972,0.473815,0.511447,0.409469,0.428115,0.751824,0.787490,0.733773,0.660326,0.346078,0.444893,0.544538,0.590806,0.415019,0.445843,0.243484,0.376454,0.707964,0.644512,0.615948,0.556090,0.634459,0.647415,0.297368,0.351865,0.357401,0.506949,0.411386,0.379336,0.231476,0.313450,0.803804,0.866871,1.111793,1.188442,1.165054,0.986512,0.000000,1.518123,1.302962,1.014799,0.777538,0.670921,0.859678,0.865064,0.781390,0.827711,0.696777,0.591241,0.367749,0.291031,0.609844,0.607753,0.363880,0.360470,0.670391,0.673023,0.640799,0.674313,0.222048,0.167820,0.253973,0.254115,0.218248,0.302770,0.155994,0.179526,0.424916,0.512050,0.513500,0.586047,0.419290,0.465351,0.554278,0.588791,0.345252,0.458595,0.530851,0.575176
