0.000000,0.635626,0.446550,0.174057,0.437864,-0.082558,0.334394,0.180915,0.335951,-0.099597,0.495382,0.369677,0.508777,0.484053,0.287246,0.192417,0.286952,0.267682,0.688945,0.490481,-0.161148,-0.109990,0.380780,0.256260,0.049042,-0.192437,-0.016550,-0.115205,-0.092606,-0.204902,0.121989,0.026166,0.437112,0.268653,0.187208,0.211084,0.278804,0.161411,0.235639,0.097967,0.197240,-0.053293,0.456673,0.245733,0.243359,0.246199,0.426794,0.329282,0.204087,0.197037,0.393323,0.084645,0.422919,0.108451,0.364427,0.361273,1.047126,0.650199,0.443289,0.199214,0.409833,0.210451,0.167152,0.057148,0.282513,0.258459,0.323158,0.149573,0.730878,0.334772,0.367520,0.122073,0.306031,0.244715,0.387909,0.331806,0.266681,0.177128,0.037885,-0.090281,0.169971,0.103958,0.007958,-0.165741,0.435490,0.247811,0.171911,0.332860,0.255349,0.200776
0.635626,0.000000,0.155730,0.304517,0.178262,-0.089354,0.159728,0.216149,0.035075,-0.092060,0.179409,0.483466,0.034521,0.316335,0.008933,0.027126,0.219589,0.452314,0.458211,0.360250,0.037338,0.160499,0.120504,0.093548,-0.033069,-0.082501,-0.021164,-0.011041,-0.132466,0.036679,0.173097,0.113766,0.449224,0.443452,-0.002809,0.047665,0.331708,0.402523,0.316877,0.177792,0.238102,0.179211,0.365388,0.366508,0.332800,0.422683,0.450024,0.322611,0.293952,0.387384,0.251257,0.255754,0.272701,-0.040856,0.472130,0.364899,0.632521,1.304211,0.238434,0.152243,0.167575,0.193068,0.170225,0.232464,0.039580,0.133262,0.207077,0.286863,0.415407,0.182662,0.349022,0.143894,0.116880,0.275857,0.407619,0.319009,0.220336,0.190659,0.187443,-0.164219,0.328442,0.195659,-0.066498,-0.024313,0.435052,0.234851,0.112840,0.281224,0.077380,0.173827
0.446550,0.155730,0.000000,0.590191,0.765978,0.047489,0.896778,0.411784,0.602779,0.141591,0.480219,0.013020,0.554207,0.252981,0.311407,0.176319,-0.075084,-0.109331,0.700083,0.478965,-0.118406,-0.149715,0.625042,0.470338,0.463192,0.099963,0.159277,0.060536,-0.067253,-0.280199,0.423291,0.291006,0.535105,0.230154,0.521466,0.543513,0.153461,-0.018584,0.133185,0.008097,0.027422,-0.388988,0.597133,0.367344,0.286186,0.244607,0.455860,0.466231,0.221093,0.204976,0.460462,0.073028,0.431726,0.224169,0.178942,0.196941,0.313373,0.172873,0.348419,0.268041,0.497473,0.320677,-0.025422,-0.032932,0.807863,0.540918,0.601171,0.314913,0.374001,0.288860,0.434004,0.323590,0.343943,-0.152968,0.318390,0.148281,0.541159,0.309408,-0.117848,-0.269234,-0.119501,-0.172207,0.090254,-0.161714,0.356296,0.085690,0.088527,0.313982,0.337491,0.288497
0.174057,0.304517,0.590191,0.000000,0.472085,0.168697,0.503932,0.999938,0.203010,0.332179,0.100472,0.087958,0.032509,0.339438,0.105466,0.167249,0.119034,-0.192411,0.610025,0.818751,-0.092986,-0.089767,0.341635,0.583629,0.363125,0.208830,0.014378,0.123073,-0.021860,-0.276634,0.545188,0.627376,0.774695,0.797823,0.181889,0.365658,0.121308,0.080944,0.448200,-0.046253,0.004248,-0.168375,0.690631,0.437299,0.708614,0.727001,0.646122,0.400584,0.474849,0.577710,0.444673,0.448268,0.245024,0.136757,0.434979,0.245374,0.231523,0.323048,0.370105,0.665503,0.121429,0.464291,-0.122467,0.262364,0.343681,0.577377,0.819131,0.970389,0.371288,0.469497,0.392281,-0.001750,0.452894,0.046787,0.327532,0.229601,0.396742,0.243105,-0.119103,-0.357609,0.074874,-0.073420,0.021875,-0.064698,0.653551,0.355581,0.379356,0.518275,0.448364,0.550385
0.437864,0.178262,0.765978,0.472085,0.000000,0.279173,0.776403,0.499909,0.593283,0.144749,0.412898,0.075242,0.538362,0.468843,0.366170,0.424690,0.024244,-0.029542,0.609673,0.422159,-0.240880,-0.112464,0.525950,0.350616,0.315657,0.011308,0.261978,0.225762,-0.223816,-0.293872,0.209675,0.187658,0.404423,0.275590,0.391866,0.278566,-0.054922,-0.117803,0.039012,-0.225717,-0.003829,-0.233080,0.563172,0.337440,0.430941,0.284038,0.410326,0.323222,0.207006,0.188435,0.425024,0.009122,0.384675,0.191419,0.012193,0.073366,0.294939,0.224792,0.341479,0.309354,0.431116,0.598564,-0.002100,0.136186,0.809590,0.671008,0.563304,0.409353,0.326410,0.327979,0.321667,0.119176,0.079885,-0.056429,0.193488,0.178088,0.368339,0.214060,-0.283132,-0.178363,-0.092759,0.031034,-0.011644,-0.191790,0.445814,0.321631,0.092471,0.387651,0.377185,0.381580
-0.082558,-0.089354,0.047489,0.168697,0.279173,0.000000,0.253207,0.375365,0.090272,0.605180,-0.007121,0.151989,0.105242,0.155107,0.051929,0.275016,-0.013347,-0.017261,0.028999,0.068760,0.031663,0.161044,-0.144344,-0.099985,0.212778,0.532911,0.222601,0.528493,-0.041361,0.172426,0.132202,0.206854,0.091714,0.146920,-0.100065,-0.074562,-0.217774,0.022836,-0.166743,-0.262294,0.033811,0.028436,0.044156,0.052264,0.109112,0.182430,0.007305,-0.069894,0.251956,0.306035,0.102779,0.178351,0.081142,0.069267,-0.015946,-0.110383,-0.171292,-0.033016,0.199158,0.308266,0.243948,0.386959,0.165759,0.358754,0.144234,0.137409,0.228401,0.290961,0.021999,0.103128,-0.018009,-0.022329,0.008796,0.103964,0.005235,0.190473,0.036391,0.068909,-0.115457,-0.036761,-0.025351,0.024050,-0.099712,-0.015568,0.070116,0.089044,0.101503,-0.098756,0.186632,0.246215
0.334394,0.159728,0.896778,0.503932,0.776403,0.253207,0.000000,0.645779,0.704295,0.386384,0.518476,0.225243,0.638692,0.547722,0.254188,0.488333,-0.032407,0.029287,0.638052,0.440926,-0.212612,-0.164655,0.227085,0.142283,0.182214,0.109838,0.022512,0.100547,0.055264,-0.147625,0.273912,0.166011,0.430029,0.239458,0.064922,0.128634,0.036817,-0.042467,-0.026321,-0.146114,0.131716,-0.308822,0.308490,0.163522,0.206672,0.236447,0.254985,0.200414,0.341617,0.287095,0.296228,0.093837,0.401919,0.101986,0.091605,0.017536,0.157865,0.235555,0.359747,0.305528,0.616273,0.465057,0.275582,0.365758,0.563421,0.210292,0.577065,0.366001,0.275582,0.329485,0.373691,0.265693,0.331025,-0.050062,0.327808,0.299406,0.409030,0.295310,-0.206590,-0.243488,0.054457,0.017867,0.203999,-0.028456,0.395987,0.236815,0.245333,0.302047,0.248662,0.286469
0.180915,0.216149,0.411784,0.999938,0.499909,0.375365,0.645779,0.000000,0.236540,0.502613,0.030611,0.334151,0.010722,0.528371,-0.053219,0.278579,0.190806,-0.088781,0.396058,0.625118,-0.086194,-0.089904,0.069508,0.187302,0.243465,0.212293,-0.043159,0.190953,0.117607,-0.103224,0.431085,0.514262,0.633504,0.770361,0.065082,0.247827,-0.087781,-0.054125,0.315272,-0.114975,-0.052764,-0.151512,0.565515,0.335297,0.708824,0.716855,0.520499,0.238398,0.580495,0.681193,0.376255,0.432765,0.215170,0.053484,0.403380,0.202524,0.205299,0.302756,0.329529,0.759131,0.266511,0.921591,-0.057906,0.600755,0.348286,0.587491,0.730796,0.999612,0.262739,0.381125,0.320196,-0.075270,0.403463,0.091113,0.353643,0.295745,0.357178,0.223893,-0.060343,-0.252597,0.200592,0.047600,0.095882,0.019212,0.596819,0.279417,0.542859,0.434223,0.333482,0.362187
0.335951,0.035075,0.602779,0.203010,0.593283,0.090272,0.704295,0.236540,0.000000,0.433071,0.514449,-0.128395,0.744806,0.188601,0.852877,0.445141,0.154989,-0.082598,0.612310,0.386844,-0.313907,-0.453465,0.197069,0.058172,-0.135637,-0.267474,-0.179668,-0.283561,0.058828,-0.326891,-0.010162,-0.202348,0.247661,0.050191,0.090691,0.100816,0.164102,-0.158380,-0.144661,-0.244184,-0.132876,-0.391544,0.225979,0.179151,0.039952,0.118812,0.103798,0.193458,0.372549,0.217876,0.308361,0.031875,0.309718,0.183536,0.170210,0.067999,0.171013,0.104847,0.590962,0.340782,0.701976,0.280644,0.252873,0.036705,0.530352,0.158075,0.492770,0.244378,0.224924,0.284435,0.207493,0.006243,0.327925,-0.174490,0.055298,0.120372,0.318387,0.223092,-0.314874,-0.190070,0.002101,-0.005068,0.220980,-0.135073,0.092872,0.187970,-0.121763,0.167059,0.313379,0.251070
-0.099597,-0.092060,0.141591,0.332179,0.144749,0.605180,0.386384,0.502613,0.433071,0.000000,-0.021058,-0.035518,0.131500,0.047736,0.322843,0.471511,0.214110,-0.113533,0.209189,0.400683,-0.050832,-0.170622,-0.289660,-0.078042,0.021820,0.299621,-0.174350,0.076333,0.178838,0.115420,0.289427,0.247570,0.354980,0.413909,-0.332399,-0.139183,0.028882,0.108375,-0.008649,-0.208359,0.058813,-0.025155,0.157549,0.204851,0.216430,0.417794,0.134213,0.048247,0.575525,0.560480,0.184547,0.393518,0.125581,0.205598,0.201575,0.069434,-0.073246,0.074426,0.573301,0.583530,0.470482,0.488520,0.392254,0.632836,0.089597,-0.041394,0.493526,0.548129,0.140504,0.374420,0.212549,-0.156706,0.405285,0.103162,0.101091,0.264069,0.200254,0.119133,-0.085546,-0.329341,0.222245,0.022727,0.117079,0.245344,0.144832,0.216409,0.081735,0.075224,0.252581,0.424202
0.495382,0.179409,0.480219,0.100472,0.412898,-0.007121,0.518476,0.030611,0.514449,-0.021058,0.000000,0.268980,0.827349,0.369030,0.643474,0.345842,0.102371,0.077181,0.628508,0.191580,-0.175055,-0.249717,0.388057,0.215869,-0.180564,-0.269013,-0.097523,-0.172979,-0.074540,-0.288295,-0.079820,-0.187735,0.095202,-0.144674,0.159293,0.020977,0.173476,-0.114805,-0.239024,-0.130206,0.107046,-0.215139,0.071507,0.020271,-0.025618,-0.072777,0.053317,0.080408,-0.086078,-0.005767,0.211496,-0.076479,0.256993,0.200799,-0.102833,-0.028665,0.175128,0.136658,0.175177,-0.004068,0.279059,0.086624,0.145325,-0.028993,0.438216,0.168351,0.044244,-0.113256,0.102416,0.046388,0.135991,0.202935,0.213932,-0.046288,0.278017,0.082105,0.063439,0.095457,-0.110701,-0.046694,0.028695,0.004364,0.361817,-0.064093,0.467478,0.200877,0.021947,0.164947,0.241120,0.122743
0.369677,0.483466,0.013020,0.087958,0.075242,0.151989,0.225243,0.334151,-0.128395,-0.035518,0.268980,0.000000,0.071769,0.774290,-0.192069,0.248012,0.225701,0.518862,0.226524,0.160409,0.259005,0.264367,-0.137696,-0.105225,-0.145491,0.037527,0.069063,0.163883,0.148072,0.347771,0.053039,0.032234,0.110479,0.143779,-0.176955,-0.117585,0.104005,0.170274,-0.036751,0.083283,0.166521,0.163485,0.063088,0.055095,0.166014,0.182161,0.201348,0.003216,0.184999,0.260055,0.117494,0.159638,0.300593,-0.007964,0.249365,0.041426,0.266972,0.380989,0.036898,0.006111,0.143843,0.306693,0.231555,0.525758,-0.107317,0.010097,-0.078803,0.007300,0.111984,-0.005924,0.183243,0.076070,0.135374,0.314022,0.529277,0.224973,0.123682,0.266870,0.138509,0.019385,0.265592,0.215142,0.149372,0.213864,0.400075,0.215607,0.251720,0.248688,-0.079090,-0.023935
0.508777,0.034521,0.554207,0.032509,0.538362,0.105242,0.638692,0.010722,0.744806,0.131500,0.827349,0.071769,0.000000,0.475570,0.783238,0.668876,0.018858,-0.005717,0.538542,0.257650,-0.300603,-0.277886,0.400594,0.176392,-0.012509,-0.161155,0.028650,-0.065905,-0.037716,-0.325179,-0.054778,-0.207852,0.105955,-0.099574,0.141984,0.111305,0.113345,-0.164384,-0.184629,-0.221144,0.053116,-0.242299,0.093945,-0.005720,-0.179881,-0.163658,0.029755,0.066412,0.095639,-0.064796,0.285926,-0.158811,0.490304,0.186938,-0.087988,-0.069962,0.160710,0.084449,0.485100,0.108242,0.665752,0.150899,0.365978,-0.008769,0.479634,0.046123,0.209801,-0.076481,0.161743,0.179896,0.099430,0.074151,0.183640,-0.206607,0.083778,0.107529,0.195855,0.110562,-0.251242,-0.072503,-0.116161,-0.063525,0.184423,-0.166237,0.128860,0.151134,-0.053734,0.099941,0.390388,0.224331
0.484053,0.316335,0.252981,0.339438,0.468843,0.155107,0.547722,0.528371,0.188601,0.047736,0.369030,0.774290,0.475570,0.000000,0.118415,0.779704,0.255027,0.242169,0.548710,0.493607,-0.043309,0.066079,0.205671,0.177192,0.072535,0.011546,0.129479,0.152084,0.013396,-0.051268,0.249916,0.207962,0.353404,0.371551,0.009362,0.114754,0.017437,-0.062607,0.096682,-0.153393,0.124149,-0.046789,0.371869,0.153367,0.273980,0.227975,0.419783,0.139903,0.279309,0.195289,0.353161,0.082703,0.569706,0.085491,0.282236,-0.012448,0.300923,0.336710,0.253231,0.159657,0.301410,0.482481,0.232355,0.482078,0.071614,0.135076,0.269300,0.226856,0.281401,0.254650,0.319775,-0.013243,0.248421,0.111474,0.445398,0.256548,0.311148,0.321501,-0.188112,-0.057191,0.139401,0.177956,0.112626,0.001889,0.511539,0.447856,0.411475,0.558241,0.350592,0.270904
0.287246,0.008933,0.311407,0.105466,0.366170,0.051929,0.254188,-0.053219,0.852877,0.322843,0.643474,-0.192069,0.783238,0.118415,0.000000,0.545778,0.218428,-0.054665,0.539812,0.314112,-0.201074,-0.353787,0.349486,0.263296,-0.190619,-0.282925,-0.140806,-0.218507,0.039219,-0.278865,-0.027681,-0.180505,0.170307,0.002765,0.090336,0.047374,0.249977,-0.119893,-0.141380,-0.270155,-0.028765,-0.200804,0.150429,0.144602,-0.030363,0.059524,0.114957,0.160560,0.146392,0.102249,0.297896,0.048650,0.318104,0.334678,0.100917,0.056295,0.173358,0.059665,0.524394,0.238083,0.336368,0.065171,0.284553,-0.093367,0.325401,0.079388,0.266722,0.086615,0.166444,0.262840,0.090466,-0.123260,0.245802,-0.130792,0.029714,0.029406,0.190486,0.138220,-0.241722,-0.174619,0.086120,0.072521,0.289826,-0.011725,0.229094,0.299421,-0.242246,0.176430,0.550788,0.437831
0.192417,0.027126,0.176319,0.167249,0.424690,0.275016,0.488333,0.278579,0.445141,0.471511,0.345842,0.248012,0.668876,0.779704,0.545778,0.000000,0.205729,0.058096,0.404386,0.381226,-0.095871,-0.099993,0.047364,0.040477,-0.041445,0.008071,-0.031098,0.090989,0.113055,-0.026061,0.115042,0.025189,0.263823,0.238821,-0.130377,-0.075584,-0.019317,-0.066375,-0.102825,-0.272640,0.112823,-0.065502,0.191852,0.092187,0.086988,0.107898,0.224051,0.085693,0.273490,0.110753,0.296231,-0.002736,0.505639,0.227367,0.071732,-0.100072,0.094557,0.166847,0.439886,0.224545,0.511826,0.530460,0.515822,0.485152,0.178655,-0.041326,0.267427,0.163699,0.122770,0.287109,0.194779,-0.208554,0.214748,-0.073449,0.251580,0.158270,0.282411,0.220187,-0.205873,-0.136432,0.223112,0.162307,0.220125,0.167488,0.274083,0.414586,0.073084,0.292260,0.459212,0.385793
0.286952,0.219589,-0.075084,0.119034,0.024244,-0.013347,-0.032407,0.190806,0.154989,0.214110,0.102371,0.225701,0.018858,0.255027,0.218428,0.205729,0.000000,0.340655,0.377743,0.489977,-0.001554,-0.047478,-0.054787,-0.001114,-0.162065,-0.205032,-0.143723,-0.242991,0.241337,0.139585,0.123605,0.102374,0.337202,0.370767,-0.093727,-0.026087,0.284382,0.052729,0.168661,-0.011985,-0.073393,-0.002666,0.241630,0.203047,0.344045,0.488373,0.252680,0.170310,0.281908,0.356673,0.164916,0.158860,0.164589,0.129775,0.462169,0.225903,0.451872,0.303407,0.327768,0.273842,0.177967,0.210021,0.252702,0.198658,-0.070992,0.031135,0.276383,0.315216,0.381819,0.404675,0.303890,-0.177562,0.315968,0.236551,0.182271,0.067033,0.282597,0.234894,0.039587,0.005805,0.504623,0.490904,0.165617,0.236046,0.291986,0.312813,0.028206,0.496751,0.137530,0.173066
0.267682,0.452314,-0.109331,-0.192411,-0.029542,-0.017261,0.029287,-0.088781,-0.082598,-0.113533,0.077181,0.518862,-0.005717,0.242169,-0.054665,0.058096,0.340655,0.000000,0.103079,0.047013,0.214623,0.309681,-0.090989,-0.205718,-0.101516,-0.116797,0.150114,0.069351,0.153417,0.537774,0.019214,-0.067362,-0.009454,-0.035139,-0.085654,-0.115507,0.271203,0.344608,-0.029519,0.215573,0.336529,0.234041,0.034241,0.238012,0.007172,0.132688,0.163727,0.201169,0.067919,0.124306,0.057471,0.057226,0.181631,0.054458,0.208729,0.225240,0.435277,0.480832,-0.056337,-0.183859,0.063571,-0.010552,0.326351,0.254651,-0.179565,-0.185438,-0.081523,-0.082706,0.252657,0.185310,0.170493,0.188839,-0.013742,0.378846,0.131392,0.168550,0.179286,0.422917,0.065191,0.216797,0.363988,0.678117,0.052566,0.193927,0.195179,0.275025,-0.095665,0.173989,-0.018199,0.021317
0.688945,0.458211,0.700083,0.610025,0.609673,0.028999,0.638052,0.396058,0.612310,0.209189,0.628508,0.226524,0.538542,0.548710,0.539812,0.404386,0.377743,0.103079,0.000000,0.987606,-0.248516,-0.096608,0.444682,0.441209,0.088825,-0.132314,-0.001125,-0.068720,0.027908,-0.238290,0.377256,0.260593,0.716558,0.486401,0.157616,0.219684,0.370573,0.066219,0.143175,-0.094592,0.052834,-0.247016,0.627362,0.466632,0.377263,0.424620,0.564967,0.510009,0.380896,0.337240,0.476185,0.136346,0.506832,0.234096,0.403257,0.180095,0.523052,0.520076,0.631772,0.356772,0.478143,0.290331,0.249502,0.122129,0.313064,0.255590,0.659279,0.419434,0.676714,0.548867,0.502436,0.091221,0.583391,0.144709,0.465060,0.289732,0.485700,0.437186,-0.295004,-0.193863,0.173618,0.144549,0.161306,-0.064528,0.641210,0.406386,0.182688,0.621072,0.545330,0.473296
0.490481,0.360250,0.478965,0.818751,0.422159,0.068760,0.440926,0.625118,0.386844,0.400683,0.191580,0.160409,0.257650,0.493607,0.314112,0.381226,0.489977,0.047013,0.987606,0.000000,-0.149072,-0.111297,0.333263,0.516351,0.227458,0.010171,-0.041786,-0.085860,0.083101,-0.167198,0.531043,0.470035,0.959422,0.830585,0.065283,0.238078,0.339759,0.127266,0.439074,-0.074121,0.105556,-0.085005,0.738699,0.523410,0.589157,0.693881,0.694454,0.440549,0.534128,0.500703,0.473836,0.318570,0.405345,0.226268,0.577883,0.290725,0.555676,0.481742,0.701429,0.584234,0.325009,0.359531,0.174801,0.224871,0.182134,0.246531,0.942285,0.712629,0.930585,1.018082,0.526541,-0.019310,0.750622,0.252081,0.389826,0.387912,0.495638,0.336209,-0.117414,-0.173851,0.250532,0.136699,0.047824,-0.028219,0.639449,0.503850,0.270913,0.688663,0.520895,0.594987
-0.161148,0.037338,-0.118406,-0.092986,-0.240880,0.031663,-0.212612,-0.086194,-0.313907,-0.050832,-0.175055,0.259005,-0.300603,-0.043309,-0.201074,-0.095871,-0.001554,0.214623,-0.248516,-0.149072,0.000000,0.615664,-0.133609,-0.100009,0.135670,0.346445,0.482714,0.304832,0.212428,0.692640,0.143243,0.140779,-0.097846,-0.061268,-0.039057,0.070756,0.176761,0.329611,0.145925,0.386826,0.070848,0.311061,-0.050671,0.028510,0.010772,0.045753,0.089975,0.084360,-0.005455,0.050870,0.049258,0.175273,-0.018075,0.037581,0.115237,0.127065,-0.053809,0.025276,-0.212986,-0.173967,-0.104127,-0.043993,-0.005202,0.145525,-0.179709,-0.084141,-0.131831,-0.043261,-0.092534,-0.096526,0.114918,0.164226,0.006791,0.137510,0.163128,-0.025814,0.122931,0.275647,0.285236,-0.032550,0.111262,0.088003,0.074927,0.464418,-0.063050,-0.038677,-0.132118,0.031125,-0.218786,-0.121109
-0.109990,0.160499,-0.149715,-0.089767,-0.112464,0.161044,-0.164655,-0.089904,-0.453465,-0.170622,-0.249717,0.264367,-0.277886,0.066079,-0.353787,-0.099993,-0.047478,0.309681,-0.096608,-0.111297,0.615664,0.000000,-0.085535,-0.063748,0.280837,0.491821,0.707232,0.613687,-0.021476,0.571592,0.215120,0.277065,-0.090663,-0.017146,-0.039987,-0.016199,0.069745,0.290057,0.042463,0.158647,0.128712,0.217304,-0.054204,0.034550,-0.123491,-0.080918,0.046090,0.060845,-0.128782,-0.093599,-0.091451,-0.011727,-0.036586,-0.010303,-0.019894,-0.076211,-0.078863,0.113109,-0.316111,-0.333541,-0.161532,-0.091065,0.017300,0.139748,-0.242565,-0.176012,-0.191693,-0.121273,-0.029112,-0.069683,0.160915,0.284127,-0.185902,0.214224,0.128661,0.055368,0.105600,0.277395,-0.068863,0.076623,-0.088231,0.166563,-0.199574,0.203604,-0.024375,-0.049168,-0.066764,0.091424,-0.068741,-0.092860
0.380780,0.120504,0.625042,0.341635,0.525950,-0.144344,0.227085,0.069508,0.197069,-0.289660,0.388057,-0.137696,0.400594,0.205671,0.349486,0.047364,-0.054787,-0.090989,0.444682,0.333263,-0.133609,-0.085535,0.000000,1.090983,0.499945,0.030987,0.285771,0.012463,-0.234659,-0.413530,0.374181,0.298025,0.348272,0.158991,0.753227,0.571177,0.216264,-0.046757,0.288030,0.000926,0.074830,-0.172493,0.518343,0.291966,0.197719,0.024232,0.440173,0.488002,-0.170484,-0.129106,0.317636,-0.063916,0.266757,0.189488,0.048340,0.183573,0.313465,0.079272,0.049461,-0.010463,-0.028867,-0.038275,-0.308850,-0.344061,0.470091,0.502829,0.282221,0.109367,0.231510,0.098422,0.169564,0.146689,0.066500,-0.121920,0.036869,0.018690,0.258916,0.204911,-0.247611,-0.032641,-0.220653,-0.030950,-0.019522,-0.253387,0.339583,0.290173,0.025090,0.302726,0.421808,0.314655
0.256260,0.093548,0.470338,0.583629,0.350616,-0.099985,0.142283,0.187302,0.058172,-0.078042,0.215869,-0.105225,0.176392,0.177192,0.263296,0.040477,-0.001114,-0.205718,0.441209,0.516351,-0.100009,-0.063748,1.090983,0.000000,0.470575,0.122609,0.163481,0.045519,-0.206443,-0.355479,0.503888,0.517832,0.507568,0.408404,0.429314,0.481415,0.317350,0.120343,0.444144,0.070741,0.140619,-0.055373,0.579927,0.369575,0.342509,0.228497,0.547366,0.467901,0.073445,0.092567,0.433566,0.249199,0.294909,0.285316,0.216852,0.238705,0.251614,0.085212,0.174216,0.211997,-0.109407,-0.064852,-0.198613,-0.132930,0.163355,0.382052,0.440905,0.327720,0.315350,0.199359,0.159024,0.071024,0.222191,0.020275,0.094762,0.106747,0.188054,0.179121,-0.149651,-0.114276,-0.110194,-0.109070,-0.015561,-0.120457,0.446565,0.438585,0.266992,0.367409,0.445956,0.607351
0.049042,-0.033069,0.463192,0.363125,0.315657,0.212778,0.182214,0.243465,-0.135637,0.021820,-0.180564,-0.145491,-0.012509,0.072535,-0.190619,-0.041445,-0.162065,-0.101516,0.088825,0.227458,0.135670,0.280837,0.499945,0.470575,0.000000,0.848614,0.606269,0.510168,-0.117033,-0.044595,0.864910,0.888669,0.474941,0.367053,0.577760,0.625000,0.087427,0.115402,0.456967,0.173047,0.223335,0.039647,0.587856,0.423244,0.347477,0.215662,0.560693,0.550465,0.048441,0.048924,0.333857,0.148440,0.216510,0.232532,0.130820,0.235630,0.104611,-0.012846,-0.000249,0.056962,-0.042553,0.091085,-0.274050,-0.062585,0.237263,0.351809,0.431139,0.315103,0.229949,0.198415,0.356145,0.300608,0.121849,0.105259,0.098436,0.223731,0.384170,0.231250,-0.016911,-0.046178,-0.170005,-0.041048,-0.261525,-0.050668,0.167855,0.185218,0.169445,0.185457,0.228009,0.267398
-0.192437,-0.082501,0.099963,0.208830,0.011308,0.532911,0.109838,0.212293,-0.267474,0.299621,-0.269013,0.037527,-0.161155,0.011546,-0.282925,0.008071,-0.205032,-0.116797,-0.132314,0.010171,0.346445,0.491821,0.030987,0.122609,0.848614,0.000000,0.544202,0.650534,-0.040513,0.301055,0.645748,0.774922,0.269030,0.296521,0.050438,0.168043,0.021029,0.280170,0.206929,0.075635,0.265453,0.208008,0.115119,0.180441,0.148328,0.108635,0.149685,0.107578,0.032581,0.050737,0.049109,0.139553,0.021723,0.102635,0.052482,-0.000634,-0.218649,-0.097946,-0.023619,0.001393,0.035474,0.112927,0.000099,0.255599,0.001401,0.010239,0.169876,0.209982,-0.058938,-0.025188,0.222241,0.300682,0.065799,0.169647,0.127314,0.204683,0.159188,0.104173,0.054235,-0.126136,-0.125856,-0.124385,-0.252060,0.141922,0.039419,0.060197,0.135783,-0.079070,0.038853,0.159102
-0.016550,-0.021164,0.159277,0.014378,0.261978,0.222601,0.022512,-0.043159,-0.179668,-0.174350,-0.097523,0.069063,0.028650,0.129479,-0.140806,-0.031098,-0.143723,0.150114,-0.001125,-0.041786,0.482714,0.707232,0.285771,0.163481,0.606269,0.544202,0.000000,0.776789,-0.138624,0.321073,0.243125,0.276655,-0.046669,-0.030296,0.331876,0.300634,0.036958,0.101044,0.135783,0.120473,0.022973,0.043314,0.172574,0.171532,-0.006216,-0.035448,0.191765,0.291567,-0.120588,-0.102487,0.137700,0.003424,0.141681,0.216234,-0.030295,0.057531,-0.003982,-0.029260,-0.161644,-0.162849,-0.040878,-0.015783,-0.119382,-0.032554,0.086915,0.150999,0.000997,-0.015063,0.026635,0.007943,0.206869,0.291012,-0.121661,0.053471,0.096668,-0.025183,0.312026,0.323241,-0.200728,0.119016,-0.262515,0.146652,-0.235719,0.064670,-0.049467,0.081787,-0.157868,0.168778,0.106147,0.058809
-0.115205,-0.011041,0.060536,0.123073,0.225762,0.528493,0.100547,0.190953,-0.283561,0.076333,-0.172979,0.163883,-0.065905,0.152084,-0.218507,0.090989,-0.242991,0.069351,-0.068720,-0.085860,0.304832,0.613687,0.012463,0.045519,0.510168,0.650534,0.776789,0.000000,-0.251209,0.237035,0.228633,0.346801,0.028102,0.088199,0.196486,0.182759,-0.204096,0.160865,0.079065,0.007264,0.094729,0.156121,0.145950,0.110916,0.070873,0.052306,0.152841,0.104094,0.095287,0.112492,0.191967,0.158984,0.062223,0.145383,-0.003083,0.004577,-0.139115,0.039945,-0.080219,0.001301,0.040036,0.169721,0.019408,0.211653,0.041750,0.107248,0.047758,0.118845,-0.056673,-0.028316,0.081063,0.266186,-0.172511,0.145342,0.155238,0.120912,0.085896,0.081121,0.031351,0.112374,-0.092515,0.027439,-0.320333,-0.013216,0.017857,0.027633,0.067427,0.045785,0.103631,0.158330
-0.092606,-0.132466,-0.067253,-0.021860,-0.223816,-0.041361,0.055264,0.117607,0.058828,0.178838,-0.074540,0.148072,-0.037716,0.013396,0.039219,0.113055,0.241337,0.153417,0.027908,0.083101,0.212428,-0.021476,-0.234659,-0.206443,-0.117033,-0.040513,-0.138624,-0.251209,0.000000,0.381894,0.129240,0.025382,0.056468,0.021581,-0.212298,-0.113610,0.248321,-0.094351,0.038725,0.276145,0.069724,-0.132676,-0.106429,-0.070736,-0.065583,0.039641,-0.011720,0.145648,0.104371,0.049995,-0.132281,0.066801,0.189046,-0.130122,0.067695,0.016274,0.044736,-0.027109,0.104554,0.107364,0.113793,0.073434,0.239975,0.176358,-0.123747,-0.153122,0.094291,0.101224,0.043407,0.154763,0.034688,-0.144306,0.308839,-0.017455,0.102282,-0.103281,0.378731,0.477849,-0.021921,-0.112491,0.418470,0.472037,0.967751,0.822037,-0.028869,0.072831,0.108872,0.067158,-0.025090,-0.216696
-0.204902,0.036679,-0.280199,-0.276634,-0.293872,0.172426,-0.147625,-0.103224,-0.326891,0.115420,-0.288295,0.347771,-0.325179,-0.051268,-0.278865,-0.026061,0.139585,0.537774,-0.238290,-0.167198,0.692640,0.571592,-0.413530,-0.355479,-0.044595,0.301055,0.321073,0.237035,0.381894,0.000000,0.123559,0.095520,-0.138782,-0.046028,-0.312733,-0.217701,0.175091,0.327386,-0.021768,0.257489,0.200793,0.284321,-0.232246,0.062164,-0.152965,0.003653,-0.090593,-0.010541,0.020573,0.041020,-0.136564,0.098892,0.004263,-0.039145,0.064342,0.046442,-0.025591,0.115021,-0.139033,-0.192009,0.031693,-0.002134,0.283395,0.392090,-0.326008,-0.302654,-0.212853,-0.116909,-0.087805,-0.063719,0.124584,0.132039,-0.061791,0.205256,0.098324,-0.037942,0.208074,0.383965,0.094670,0.032299,0.181943,0.373914,0.091412,0.598854,-0.135083,-0.008123,-0.152218,-0.068343,-0.206622,-0.106682
0.121989,0.173097,0.423291,0.545188,0.209675,0.132202,0.273912,0.431085,-0.010162,0.289427,-0.079820,0.053039,-0.054778,0.249916,-0.027681,0.115042,0.123605,0.019214,0.377256,0.531043,0.143243,0.215120,0.374181,0.503888,0.864910,0.645748,0.243125,0.228633,0.129240,0.123559,0.000000,1.401157,0.928191,0.792311,0.242277,0.403788,0.352045,0.289314,0.628340,0.224779,0.332509,0.088452,0.756742,0.674648,0.523080,0.503552,0.771271,0.624516,0.268710,0.280417,0.314914,0.298218,0.338641,0.147965,0.430699,0.339764,0.262114,0.230466,0.204665,0.211449,0.084226,0.227489,-0.002669,0.268796,0.035579,0.186232,0.625141,0.552832,0.335916,0.304673,0.565515,0.237465,0.389594,0.213387,0.304611,0.324919,0.597626,0.490813,-0.095578,-0.317204,0.111634,0.096683,0.039153,0.208513,0.441357,0.387213,0.342912,0.368760,0.342827,0.371270
0.026166,0.113766,0.291006,0.627376,0.187658,0.206854,0.166011,0.514262,-0.202348,0.247570,-0.187735,0.032234,-0.207852,0.207962,-0.180505,0.025189,0.102374,-0.067362,0.260593,0.470035,0.140779,0.277065,0.298025,0.517832,0.888669,0.774922,0.276655,0.346801,0.025382,0.095520,1.401157,0.000000,0.804845,0.862631,0.257341,0.406860,0.195931,0.253215,0.627277,0.149503,0.231248,0.126576,0.669799,0.529585,0.615466,0.504351,0.644641,0.417033,0.186099,0.225545,0.241686,0.243923,0.182464,0.082871,0.355393,0.194052,0.131974,0.162424,0.131152,0.223252,-0.030365,0.267775,-0.117544,0.254852,0.033752,0.264117,0.564339,0.593853,0.276108,0.261446,0.486946,0.178183,0.327082,0.208749,0.249977,0.281645,0.370431,0.285743,0.014625,-0.244819,0.059902,-0.008788,-0.097346,0.122513,0.462609,0.257472,0.487770,0.387387,0.266357,0.333019
0.437112,0.449224,0.535105,0.774695,0.404423,0.091714,0.430029,0.633504,0.247661,0.354980,0.095202,0.110479,0.105955,0.353404,0.170307,0.263823,0.337202,-0.009454,0.716558,0.959422,-0.097846,-0.090663,0.348272,0.507568,0.474941,0.269030,-0.046669,0.028102,0.056468,-0.138782,0.928191,0.804845,0.000000,1.244035,0.212493,0.380884,0.332938,0.211450,0.557425,0.066463,0.297744,0.003727,0.919152,0.684491,0.819513,0.788612,0.880497,0.605767,0.488739,0.473444,0.439506,0.324474,0.372908,0.211403,0.600700,0.406436,0.599316,0.549382,0.560931,0.516946,0.317062,0.399100,0.121197,0.283520,0.227129,0.300575,1.022059,0.856374,0.662036,0.549946,0.512422,0.074880,0.603678,0.257262,0.468117,0.437163,0.522294,0.289539,0.060009,-0.346354,0.339171,0.091709,0.043596,0.053686,0.631696,0.460511,0.356333,0.472661,0.416138,0.564359
0.268653,0.443452,0.230154,0.797823,0.275590,0.146920,0.239458,0.770361,0.050191,0.413909,-0.144674,0.143779,-0.099574,0.371551,0.002765,0.238821,0.370767,-0.035139,0.486401,0.830585,-0.061268,-0.017146,0.158991,0.408404,0.367053,0.296521,-0.030296,0.088199,0.021581,-0.046028,0.792311,0.862631,1.244035,0.000000,0.074091,0.292746,0.212143,0.209838,0.627906,0.013816,0.144819,0.122356,0.795170,0.622083,0.894265,0.906311,0.808195,0.412093,0.593016,0.589597,0.423089,0.427934,0.253608,0.097582,0.687352,0.363073,0.433634,0.561386,0.521578,0.665232,0.229922,0.525688,0.108057,0.462458,0.075142,0.308919,0.865600,1.030622,0.491144,0.456825,0.515320,-0.056311,0.518871,0.330381,0.417621,0.373638,0.388771,0.217136,-0.036197,-0.267624,0.292789,0.095998,-0.105618,0.037433,0.562281,0.433738,0.463232,0.443176,0.390267,0.573365
0.187208,-0.002809,0.521466,0.181889,0.391866,-0.100065,0.064922,0.065082,0.090691,-0.332399,0.159293,-0.176955,0.141984,0.009362,0.090336,-0.130377,-0.093727,-0.085654,0.157616,0.065283,-0.039057,-0.039987,0.753227,0.429314,0.577760,0.050438,0.331876,0.196486,-0.212298,-0.312733,0.242277,0.257341,0.212493,0.074091,0.000000,0.967670,0.006438,-0.154935,0.189010,0.044637,-0.074909,-0.221729,0.527412,0.241994,0.219098,0.000634,0.367636,0.465597,-0.185416,-0.134925,0.373513,-0.121192,0.006275,0.143272,-0.000735,0.187327,0.212048,0.008613,-0.052334,-0.036006,0.002800,0.087015,-0.557465,-0.420886,0.644062,0.752409,0.258156,0.109416,0.166819,0.038421,0.191994,0.244537,0.016439,-0.050788,0.104129,-0.013814,0.262915,0.129949,-0.073444,0.072234,-0.252357,-0.062741,-0.149714,-0.289446,0.144069,-0.036261,-0.104604,0.087459,0.233588,0.061621
0.211084,0.047665,0.543513,0.365658,0.278566,-0.074562,0.128634,0.247827,0.100816,-0.139183,0.020977,-0.117585,0.111305,0.114754,0.047374,-0.075584,-0.026087,-0.115507,0.219684,0.238078,0.070756,-0.016199,0.571177,0.481415,0.625000,0.168043,0.300634,0.182759,-0.113610,-0.217701,0.403788,0.406860,0.380884,0.292746,0.967670,0.000000,0.045154,-0.110520,0.403364,0.142176,-0.097306,-0.194340,0.644147,0.349133,0.320837,0.208322,0.500902,0.514449,0.081178,0.082955,0.476699,0.136868,0.066383,0.161143,0.228112,0.283736,0.264867,0.136568,0.108310,0.183875,0.058772,0.131299,-0.347088,-0.173311,0.392830,0.630671,0.515516,0.390141,0.228392,0.188360,0.239416,0.141610,0.153012,-0.037252,0.140217,0.029680,0.334501,0.171897,-0.044177,-0.033945,-0.139916,-0.033480,-0.157798,-0.194832,0.111571,0.052164,0.067454,0.205086,0.256288,0.214099
0.278804,0.331708,0.153461,0.121308,-0.054922,-0.217774,0.036817,-0.087781,0.164102,0.028882,0.173476,0.104005,0.113345,0.017437,0.249977,-0.019317,0.284382,0.271203,0.370573,0.339759,0.176761,0.069745,0.216264,0.317350,0.087427,0.021029,0.036958,-0.204096,0.248321,0.175091,0.352045,0.195931,0.332938,0.212143,0.006438,0.045154,0.000000,0.538220,0.356693,0.451179,0.478591,0.134762,0.250096,0.353644,0.168043,0.271183,0.357292,0.513066,0.305999,0.209960,0.273280,0.282512,0.338379,0.131619,0.454229,0.307742,0.360522,0.255843,0.271500,0.031157,0.005103,-0.220097,0.166545,-0.036079,-0.178962,-0.176883,0.251935,0.134267,0.322556,0.187896,0.205706,0.133486,0.332482,0.136079,0.153346,0.006390,0.347737,0.440142,0.005858,-0.173439,0.292246,0.142222,0.224498,0.278966,0.303817,0.305675,-0.066245,0.192084,0.137932,0.170048
0.161411,0.402523,-0.018584,0.080944,-0.117803,0.022836,-0.042467,-0.054125,-0.158380,0.108375,-0.114805,0.170274,-0.164384,-0.062607,-0.119893,-0.066375,0.052729,0.344608,0.066219,0.127266,0.329611,0.290057,-0.046757,0.120343,0.115402,0.280170,0.101044,0.160865,-0.094351,0.327386,0.289314,0.253215,0.211450,0.209838,-0.154935,-0.110520,0.538220,0.000000,0.244454,0.542574,0.442747,0.515683,0.148296,0.398115,0.102903,0.221194,0.276925,0.291921,0.223559,0.257977,0.197456,0.340886,0.158615,0.170944,0.291502,0.410245,0.290074,0.368979,0.094480,-0.019129,0.052199,-0.084558,0.289878,0.239162,-0.280838,-0.184783,0.079834,0.091847,0.240223,0.097603,0.234597,0.250260,0.049919,0.395898,0.118545,0.331250,0.121290,0.254094,0.247338,-0.096878,0.304412,-0.008807,-0.164822,0.144127,0.186259,0.260933,-0.024566,0.026153,-0.114027,0.283593
0.235639,0.316877,0.133185,0.448200,0.039012,-0.166743,-0.026321,0.315272,-0.144661,-0.008649,-0.239024,-0.036751,-0.184629,0.096682,-0.141380,-0.102825,0.168661,-0.029519,0.143175,0.439074,0.145925,0.042463,0.288030,0.444144,0.456967,0.206929,0.135783,0.079065,0.038725,-0.021768,0.628340,0.627277,0.557425,0.627906,0.189010,0.403364,0.356693,0.244454,0.000000,0.543437,0.132657,0.110464,0.528711,0.357185,0.471258,0.487423,0.578639,0.460667,0.300934,0.345400,0.310092,0.437417,0.224581,0.028932,0.635844,0.612203,0.386590,0.383931,0.236814,0.362931,-0.070757,0.111781,-0.123322,0.110158,-0.070539,0.213833,0.506637,0.547913,0.338542,0.285539,0.228147,-0.054926,0.167803,0.098704,0.087104,0.145070,0.287913,0.230698,0.118742,-0.146689,0.182929,0.082367,-0.022331,0.110164,0.248707,0.258102,0.384970,0.432366,0.243729,0.249156
0.097967,0.177792,0.008097,-0.046253,-0.225717,-0.262294,-0.146114,-0.114975,-0.244184,-0.208359,-0.130206,0.083283,-0.221144,-0.153393,-0.270155,-0.272640,-0.011985,0.215573,-0.094592,-0.074121,0.386826,0.158647,0.000926,0.070741,0.173047,0.075635,0.120473,0.007264,0.276145,0.257489,0.224779,0.149503,0.066463,0.013816,0.044637,0.142176,0.451179,0.542574,0.543437,0.000000,0.326727,0.308150,0.139383,0.257271,0.039488,0.078939,0.242944,0.464292,0.090126,0.131145,0.181722,0.309347,0.177705,0.025888,0.294568,0.487691,0.221746,0.156319,-0.055926,-0.058176,-0.094319,-0.176513,0.105771,0.038652,-0.276097,-0.080559,0.047757,0.031320,0.089395,-0.063158,0.078911,0.189597,0.000997,0.126571,0.084408,0.071665,0.152890,0.356143,0.309333,-0.055516,0.427244,0.116768,0.222190,0.441162,0.021218,0.111966,0.162273,0.055607,-0.209444,-0.054971
0.197240,0.238102,0.027422,0.004248,-0.003829,0.033811,0.131716,-0.052764,-0.132876,0.058813,0.107046,0.166521,0.053116,0.124149,-0.028765,0.112823,-0.073393,0.336529,0.052834,0.105556,0.070848,0.128712,0.074830,0.140619,0.223335,0.265453,0.022973,0.094729,0.069724,0.200793,0.332509,0.231248,0.297744,0.144819,-0.074909,-0.097306,0.478591,0.442747,0.132657,0.326727,0.000000,0.369058,0.116932,0.244625,0.066572,0.057693,0.202243,0.269270,0.062494,0.009951,0.091234,0.101712,0.190499,0.022894,0.075164,0.174630,0.271742,0.248395,0.082399,-0.174301,0.005233,-0.130165,0.298811,0.212679,-0.148279,-0.262585,0.109648,-0.000381,0.237468,0.102730,0.188984,0.410476,0.195824,0.397074,0.235474,0.276582,0.122645,0.120406,0.176161,-0.069739,0.293353,0.145899,0.062359,0.210038,0.262127,0.340395,0.061355,-0.082375,0.013119,0.153239
-0.053293,0.179211,-0.388988,-0.168375,-0.233080,0.028436,-0.308822,-0.151512,-0.391544,-0.025155,-0.215139,0.163485,-0.242299,-0.046789,-0.200804,-0.065502,-0.002666,0.234041,-0.247016,-0.085005,0.311061,0.217304,-0.172493,-0.055373,0.039647,0.208008,0.043314,0.156121,-0.132676,0.284321,0.088452,0.126576,0.003727,0.122356,-0.221729,-0.194340,0.134762,0.515683,0.110464,0.308150,0.369058,0.000000,-0.120505,0.067167,0.063197,0.006650,0.032793,-0.116210,0.017463,-0.002838,-0.040037,0.027303,-0.101326,-0.139233,0.065228,0.040962,-0.022684,0.096524,-0.065678,-0.113152,-0.107370,-0.052615,0.199946,0.187204,-0.376662,-0.275226,-0.162517,-0.104435,-0.040916,-0.128543,0.062709,0.169373,-0.005240,0.571817,0.058472,0.248713,-0.314824,-0.123950,0.384637,0.243006,0.213359,-0.086767,-0.274493,0.029707,0.060152,0.123526,0.089052,-0.140784,-0.229538,0.039999
0.456673,0.365388,0.597133,0.690631,0.563172,0.044156,0.308490,0.565515,0.225979,0.157549,0.071507,0.063088,0.093945,0.371869,0.150429,0.191852,0.241630,0.034241,0.627362,0.738699,-0.050671,-0.054204,0.518343,0.579927,0.587856,0.115119,0.172574,0.145950,-0.106429,-0.232246,0.756742,0.669799,0.919152,0.795170,0.527412,0.644147,0.250096,0.148296,0.528711,0.139383,0.116932,-0.120505,0.000000,1.029109,0.985010,0.858062,1.510390,1.008759,0.497717,0.561658,0.790942,0.431726,0.421471,0.282028,0.584712,0.537264,0.651337,0.432433,0.373321,0.443763,0.151753,0.411975,-0.129060,0.118294,0.309891,0.641417,0.870317,0.754582,0.623788,0.468365,0.559754,0.068419,0.398937,0.158459,0.412066,0.340615,0.656855,0.395529,-0.052334,-0.315171,0.188487,0.089589,-0.053277,-0.046323,0.621721,0.459365,0.269588,0.585646,0.427522,0.501583
0.245733,0.366508,0.367344,0.437299,0.337440,0.052264,0.163522,0.335297,0.179151,0.204851,0.020271,0.055095,-0.005720,0.153367,0.144602,0.092187,0.203047,0.238012,0.466632,0.523410,0.028510,0.034550,0.291966,0.369575,0.423244,0.180441,0.171532,0.110916,-0.070736,0.062164,0.674648,0.529585,0.684491,0.622083,0.241994,0.349133,0.353644,0.398115,0.357185,0.257271,0.244625,0.067167,1.029109,0.000000,0.660505,0.742701,0.974736,0.975271,0.468901,0.547458,0.616406,0.471770,0.342200,0.329217,0.565375,0.574989,0.521467,0.441696,0.345417,0.320953,0.170468,0.257475,0.062673,0.214511,0.124247,0.352669,0.626784,0.577154,0.448325,0.375098,0.486032,0.152463,0.343197,0.249414,0.356829,0.356596,0.545731,0.488519,-0.083247,-0.252189,0.223943,0.177981,-0.069092,0.052325,0.514804,0.544918,0.115019,0.341216,0.325024,0.530340
0.243359,0.332800,0.286186,0.708614,0.430941,0.109112,0.206672,0.708824,0.039952,0.216430,-0.025618,0.166014,-0.179881,0.273980,-0.030363,0.086988,0.344045,0.007172,0.377263,0.589157,0.010772,-0.123491,0.197719,0.342509,0.347477,0.148328,-0.006216,0.070873,-0.065583,-0.152965,0.523080,0.615466,0.819513,0.894265,0.219098,0.320837,0.168043,0.102903,0.471258,0.039488,0.066572,0.063197,0.985010,0.660505,0.000000,1.365786,0.951177,0.479955,0.555041,0.694095,0.498451,0.443139,0.179373,0.084174,0.523987,0.413166,0.404431,0.304471,0.273481,0.568979,-0.004760,0.533591,-0.193301,0.232662,0.244764,0.616324,0.713021,0.918268,0.352974,0.318567,0.333224,-0.084905,0.360523,0.223450,0.380360,0.214159,0.293580,0.127559,0.164614,-0.300819,0.288809,0.043107,-0.048703,0.012150,0.691150,0.384620,0.320487,0.491122,0.214201,0.378029
0.246199,0.422683,0.244607,0.727001,0.284038,0.182430,0.236447,0.716855,0.118812,0.417794,-0.072777,0.182161,-0.163658,0.227975,0.059524,0.107898,0.488373,0.132688,0.424620,0.693881,0.045753,-0.080918,0.024232,0.228497,0.215662,0.108635,-0.035448,0.052306,0.039641,0.003653,0.503552,0.504351,0.788612,0.906311,0.000634,0.208322,0.271183,0.221194,0.487423,0.078939,0.057693,0.006650,0.858062,0.742701,1.365786,0.000000,0.884405,0.507263,0.864193,1.127277,0.520442,0.707900,0.250654,0.170108,0.740434,0.553497,0.480341,0.462289,0.415493,0.766042,0.076743,0.473553,0.025124,0.379066,0.100130,0.417109,0.814770,1.142341,0.440146,0.487559,0.348287,-0.139652,0.425935,0.220481,0.367679,0.219992,0.400039,0.259259,0.130685,-0.341428,0.408031,0.189351,0.013364,0.123942,0.599057,0.460604,0.249921,0.520644,0.264923,0.500727
0.426794,0.450024,0.455860,0.646122,0.410326,0.007305,0.254985,0.520499,0.103798,0.134213,0.053317,0.201348,0.029755,0.419783,0.114957,0.224051,0.252680,0.163727,0.564967,0.694454,0.089975,0.046090,0.440173,0.547366,0.560693,0.149685,0.191765,0.152841,-0.011720,-0.090593,0.771271,0.644641,0.880497,0.808195,0.367636,0.500902,0.357292,0.276925,0.578639,0.242944,0.202243,0.032793,1.510390,0.974736,0.951177,0.884405,0.000000,1.073660,0.545214,0.599800,0.793484,0.539156,0.468783,0.311856,0.703979,0.643291,0.665885,0.494192,0.335635,0.410133,0.052735,0.324722,-0.064945,0.209159,0.155509,0.477703,0.722818,0.687447,0.569366,0.447568,0.552082,0.047337,0.410856,0.275275,0.472676,0.394635,0.629199,0.500775,0.003124,-0.245069,0.317961,0.213808,-0.003942,0.071116,0.682608,0.622626,0.263825,0.631873,0.406178,0.545737
0.329282,0.322611,0.466231,0.400584,0.323222,-0.069894,0.200414,0.238398,0.193458,0.048247,0.080408,0.003216,0.066412,0.139903,0.160560,0.085693,0.170310,0.201169,0.510009,0.440549,0.084360,0.060845,0.488002,0.467901,0.550465,0.107578,0.291567,0.104094,0.145648,-0.010541,0.624516,0.417033,0.605767,0.412093,0.465597,0.514449,0.513066,0.291921,0.460667,0.464292,0.269270,-0.116210,1.008759,0.975271,0.479955,0.507263,1.073660,0.000000,0.322702,0.392944,0.654833,0.426370,0.468845,0.410606,0.480312,0.664542,0.616416,0.418036,0.264097,0.216750,0.086562,0.115448,-0.051737,0.036865,0.159587,0.359270,0.599452,0.481061,0.484854,0.352350,0.415481,0.109432,0.300468,0.161649,0.297104,0.216540,0.736628,0.731062,-0.134155,-0.230226,0.305909,0.324279,0.158251,0.206092,0.385073,0.554490,0.052132,0.443117,0.348382,0.421184
