0.000000,1.436347,1.198173,0.624631,0.799667,0.857700,1.241134,0.694793,1.022909,0.698411,1.387627,0.773583,1.451044,1.064552,1.039723,0.844692,1.032627,0.696977,1.595042,1.382970,0.410707,0.194029,0.897669,0.602344,0.358852,0.262962,0.637897,0.664694,0.469231,0.110430,0.607195,0.590370,1.005911,0.993915,0.538129,0.181055,0.297810,0.288688,0.274369,0.587248,-0.053509,0.113771,0.433559,0.471425,0.453537,0.495623,0.580169,0.705842,0.828321,0.677824,0.918129,0.742994,1.124982,0.989295,0.862398,0.739254,1.322498,1.087963,1.314340,1.039677,1.213367,0.595791,0.903247,0.473773,0.652247,0.514665,1.397436,0.893279,1.366789,1.278349,0.585855,0.781759,0.668996,0.549030,0.310667,0.349629,0.409499,0.290379,0.787595,0.263710,0.509431,0.677455,0.586365,0.528865,0.899809,0.772900,0.648819,0.791565,0.972480,1.041938
1.436347,0.000000,0.851923,0.436308,0.543133,0.653448,0.792120,0.528519,0.766975,0.550536,0.942179,0.609707,1.050243,0.810584,0.845124,0.676039,1.136668,0.951424,1.198663,1.057573,0.400036,0.266381,0.616058,0.402799,0.219901,0.194435,0.599195,0.598582,0.461912,0.165134,0.545386,0.512294,0.953322,0.883966,0.388763,0.052687,0.243245,0.276743,0.321905,0.620131,0.026840,0.168067,0.334582,0.382344,0.472045,0.492285,0.560704,0.603362,0.666209,0.649425,0.813095,0.646427,1.074502,1.035054,0.864917,0.743775,1.589303,1.851952,1.252907,1.113829,1.124262,0.514535,0.972069,0.454580,0.546859,0.403300,1.177709,0.736253,1.542824,1.307107,0.633674,0.677911,0.510061,0.536560,0.158748,0.181566,0.318442,0.285960,0.615701,0.407298,0.657337,0.647629,0.500776,0.466513,0.842775,0.597305,0.607936,0.719616,0.951417,0.962719
1.198173,0.851923,0.000000,0.724594,0.825436,0.924154,1.465506,0.766258,0.911189,0.830727,0.988909,0.653713,1.215247,0.943712,1.096402,0.831508,0.611669,0.455720,1.209048,1.078470,0.209191,0.089668,0.949108,0.834112,0.491162,0.239272,0.568335,0.543796,0.242702,0.021208,0.432445,0.474944,0.713814,0.723105,0.619432,0.253305,0.357670,0.363689,0.313880,0.639387,0.091942,0.176039,0.546308,0.522444,0.410783,0.469940,0.667042,0.748496,0.900825,0.648795,1.009721,0.799837,0.984048,0.904531,0.861766,0.785434,0.733204,0.686828,0.991637,0.865180,1.018713,0.523739,0.559054,0.369364,0.670260,0.574191,1.083846,0.818853,0.863270,0.796219,0.533481,0.535845,0.561239,0.442610,0.332002,0.264398,0.507685,0.335014,0.558811,0.209114,0.368911,0.583156,0.534803,0.451305,0.839509,0.807643,0.531888,0.586347,0.977803,1.031047
0.624631,0.436308,0.724594,0.000000,0.866234,0.906048,0.895339,1.283761,0.759929,0.681861,0.497889,0.522028,0.614197,0.625191,0.397077,0.440892,0.277888,0.054357,0.680222,0.887240,0.117492,0.002615,0.834944,1.187338,0.395551,0.490112,0.384921,0.572647,0.069140,-0.173449,0.389861,0.484388,0.479993,0.790062,0.525240,0.563316,0.032658,0.283799,-0.042104,0.272107,-0.241091,-0.158966,0.505348,0.546433,0.377365,0.409307,0.503588,0.787751,0.520283,0.415658,0.545289,0.462771,0.707530,0.549369,0.477904,0.433272,0.318200,0.237859,0.456701,0.532581,0.497895,0.579087,0.263745,0.256798,0.364827,0.514084,0.640300,0.783387,0.478381,0.575950,0.289726,0.349150,0.332682,0.406384,0.249929,0.335602,0.396228,0.197766,0.526073,-0.198981,0.000784,0.204100,0.204402,0.180481,0.392802,0.644844,0.122080,0.281951,0.482131,0.696861
0.799667,0.543133,0.825436,0.866234,0.000000,0.934948,0.944344,0.831044,1.053488,0.809819,0.773977,0.909394,0.832701,0.882681,0.697687,0.815085,0.465129,0.287412,0.804398,0.819768,0.334220,0.123711,0.877879,0.904735,0.574761,0.586625,0.612582,0.637857,0.351153,0.125998,0.550656,0.541843,0.625577,0.721919,0.521973,0.419451,0.322979,0.075631,0.219285,0.335974,-0.116315,0.038959,0.545061,0.466705,0.262878,0.439094,0.474437,0.732401,0.692138,0.529554,0.656441,0.575626,0.687917,0.547885,0.611440,0.523148,0.508005,0.389020,0.664877,0.593668,0.689785,0.622301,0.446215,0.418450,0.450368,0.551529,0.754679,0.927543,0.505228,0.696961,0.230839,0.455255,0.498119,0.412388,0.476669,0.397848,0.474614,0.345242,0.449780,0.028164,0.184095,0.366496,0.446796,0.276615,0.474519,0.602904,0.404523,0.409460,0.645825,0.630837
0.857700,0.653448,0.924154,0.906048,0.934948,0.000000,1.072071,1.048674,0.945434,0.883981,0.772418,0.756508,0.934643,0.973903,0.811475,0.760619,0.530329,0.292130,0.922966,0.930931,0.305215,0.112264,0.844738,0.997490,0.285328,0.391188,0.481165,0.576518,0.284189,0.012945,0.468464,0.508781,0.662141,0.865284,0.475632,0.381804,0.183432,0.241582,0.116832,0.443965,-0.139312,-0.039242,0.509326,0.542611,0.485435,0.590338,0.571883,0.800451,0.635918,0.551750,0.737408,0.632941,0.881966,0.697246,0.646579,0.574314,0.573979,0.496342,0.814967,0.777142,0.800104,0.725108,0.467459,0.405929,0.510188,0.592350,0.853347,0.960972,0.619941,0.787001,0.260391,0.420411,0.458515,0.467185,0.329186,0.330813,0.428823,0.282618,0.614776,0.060145,0.235540,0.370811,0.431685,0.387397,0.566759,0.661120,0.355447,0.386119,0.817841,0.878223
1.241134,0.792120,1.465506,0.895339,0.944344,1.072071,0.000000,1.077260,0.963492,0.820582,1.095256,0.799121,1.418057,1.176459,1.003139,0.822449,0.631073,0.368625,1.310011,1.193546,0.310986,0.131817,1.024038,0.901952,0.509805,0.380678,0.641950,0.609894,0.342928,0.062630,0.599746,0.598481,0.830584,0.916503,0.605503,0.357010,0.316697,0.274631,0.224039,0.552458,-0.048755,0.106048,0.510922,0.502753,0.400513,0.444509,0.592842,0.763888,0.827369,0.551836,0.892128,0.687823,0.946868,0.789110,0.776096,0.651856,0.682587,0.576582,0.950004,0.797752,1.064588,0.699675,0.573783,0.429789,0.688988,0.649910,1.104702,1.000050,0.772010,0.885509,0.485186,0.618459,0.625177,0.529192,0.419594,0.388818,0.477311,0.338758,0.632738,0.118265,0.285492,0.525533,0.514080,0.435173,0.752212,0.813202,0.451258,0.577745,0.863661,1.063474
0.694793,0.528519,0.766258,1.283761,0.831044,1.048674,1.077260,0.000000,0.785278,0.753938,0.653285,0.822727,0.878267,0.964598,0.610872,0.635479,0.448161,0.195184,0.839798,0.981410,0.223548,0.126162,0.682497,1.029982,0.321607,0.482130,0.519767,0.576676,0.270232,0.055779,0.630036,0.722962,0.778590,1.054283,0.520397,0.591095,0.152000,0.254733,0.125692,0.475902,-0.112197,0.027562,0.572117,0.488909,0.480838,0.561105,0.558976,0.684965,0.635442,0.502959,0.703084,0.525803,0.735879,0.577792,0.659645,0.561407,0.382980,0.328627,0.673303,0.745521,0.770338,1.054122,0.493767,0.550850,0.549545,0.739320,0.812616,1.038947,0.503698,0.602029,0.445017,0.492578,0.525239,0.600866,0.407696,0.469706,0.505500,0.413311,0.518914,-0.039599,0.202475,0.328474,0.327397,0.214684,0.539806,0.759014,0.221879,0.361907,0.657633,0.921801
1.022909,0.766975,0.911189,0.759929,1.053488,0.945434,0.963492,0.785278,0.000000,0.832831,0.801781,0.798505,0.912498,0.840287,0.788184,0.763636,0.635237,0.422439,0.954139,1.004171,0.223518,0.080518,0.795008,0.764312,0.387962,0.291773,0.470612,0.595830,0.230182,0.023357,0.462447,0.458331,0.690258,0.746847,0.393568,0.223555,0.318960,0.269424,0.230295,0.463451,-0.070035,0.071995,0.589540,0.617449,0.483547,0.618781,0.669123,0.864025,0.839460,0.646867,0.825329,0.786305,1.025785,0.829288,0.811458,0.716155,0.685718,0.561398,0.870574,0.828392,0.743474,0.595670,0.530113,0.380681,0.370578,0.413867,0.918010,0.963075,0.773666,0.965372,0.359731,0.495126,0.575401,0.497276,0.330266,0.389313,0.484359,0.324405,0.536229,0.079172,0.306205,0.538724,0.505436,0.443663,0.582691,0.746073,0.419568,0.570308,0.818490,0.827774
0.698411,0.550536,0.830727,0.681861,0.809819,0.883981,0.820582,0.753938,0.832831,0.000000,0.624171,0.623991,0.819454,0.846354,0.808778,0.935753,0.418422,0.274581,0.714088,0.762744,0.170947,0.030438,0.731219,0.799555,0.380072,0.289296,0.503579,0.565752,0.151410,-0.006937,0.296781,0.314836,0.523651,0.541101,0.399656,0.303791,0.179774,0.217101,0.249447,0.526099,-0.042479,0.058556,0.561043,0.565297,0.385572,0.597098,0.536805,0.729332,0.701969,0.684203,0.700282,0.649626,0.737947,0.673376,0.662591,0.643623,0.477469,0.423062,0.829358,0.771531,0.688380,0.598018,0.372978,0.356241,0.443386,0.505698,0.736278,0.807351,0.563216,0.701702,0.316108,0.348204,0.367401,0.316383,0.286000,0.171919,0.474570,0.355352,0.400424,0.036486,0.237459,0.365274,0.554454,0.413065,0.483496,0.595129,0.430567,0.493722,0.807168,0.793339
1.387627,0.942179,0.988909,0.497889,0.773977,0.772418,1.095256,0.653285,0.801781,0.624171,0.000000,0.906723,1.520521,1.262829,1.254284,0.994852,0.940471,0.619514,1.318970,1.007548,0.505890,0.233112,0.756449,0.565720,0.448775,0.312638,0.674322,0.584742,0.624318,0.263831,0.770871,0.670107,1.117159,0.946750,0.678557,0.295611,0.437811,0.192841,0.363906,0.603529,0.022956,0.163028,0.459164,0.384201,0.396611,0.477186,0.516315,0.552015,0.861804,0.634023,0.837892,0.667628,0.766921,0.745348,0.784982,0.657879,0.915261,0.753682,1.074531,0.799405,1.143639,0.638534,0.857803,0.584757,0.862286,0.636712,1.172779,0.849418,0.847884,0.860959,0.531742,0.747729,0.770676,0.624521,0.481628,0.429052,0.466513,0.373048,0.637673,0.350763,0.563468,0.701642,0.698268,0.506339,0.953447,0.781436,0.760434,0.816836,0.895117,0.860980
0.773583,0.609707,0.653713,0.522028,0.909394,0.756508,0.799121,0.822727,0.798505,0.623991,0.906723,0.000000,0.949130,1.427799,0.822252,0.974459,0.740643,0.520798,0.804659,0.773430,0.458676,0.289870,0.469120,0.567601,0.389537,0.402951,0.632547,0.488403,0.672796,0.400349,0.740212,0.722295,0.945270,0.895017,0.415159,0.423128,0.411472,0.049936,0.414284,0.536237,0.055534,0.210699,0.658264,0.504226,0.347969,0.642811,0.587212,0.636187,0.925828,0.735554,0.897468,0.786510,0.683751,0.565590,0.897588,0.738750,0.478984,0.449691,0.937224,0.909848,0.955751,1.083443,0.781625,0.886095,0.532937,0.680829,0.964750,1.097072,0.490995,0.577360,0.320671,0.528521,0.767475,0.753287,0.624993,0.663880,0.634296,0.646112,0.330964,0.216566,0.466161,0.548149,0.555304,0.292692,0.672539,0.768582,0.626606,0.556773,0.742647,0.729344
1.451044,1.050243,1.215247,0.614197,0.832701,0.934643,1.418057,0.878267,0.912498,0.819454,1.520521,0.949130,0.000000,1.445175,1.417368,1.012654,0.891458,0.561028,1.575509,1.110880,0.420863,0.216222,0.836620,0.667137,0.443097,0.328242,0.758103,0.682858,0.524318,0.215381,0.758891,0.690136,1.209308,1.022311,0.605013,0.297531,0.406074,0.226628,0.402636,0.753103,0.050078,0.264546,0.555049,0.483584,0.529555,0.580462,0.662974,0.713070,0.994703,0.691740,1.021427,0.742753,0.978196,0.893116,0.986050,0.840594,0.920919,0.809471,1.301249,0.979740,1.375167,0.753981,0.871087,0.619919,0.791043,0.668177,1.411962,1.064755,0.955667,1.014411,0.561406,0.727354,0.784781,0.639235,0.475340,0.430509,0.575133,0.470560,0.593010,0.296470,0.531686,0.668757,0.653977,0.424563,0.959657,0.828288,0.708026,0.767655,1.066986,1.180669
1.064552,0.810584,0.943712,0.625191,0.882681,0.973903,1.176459,0.964598,0.840287,0.846354,1.262829,1.427799,1.445175,0.000000,1.129030,1.125875,0.839168,0.526736,1.118686,0.984839,0.527673,0.303265,0.700655,0.721103,0.475228,0.469713,0.716208,0.617023,0.626301,0.297161,0.836869,0.771812,1.118426,1.049295,0.599306,0.455504,0.379108,0.118146,0.400042,0.636743,0.009145,0.213976,0.580845,0.493543,0.437729,0.642825,0.613647,0.695226,0.938609,0.716992,0.949553,0.747377,0.794342,0.676038,0.925671,0.749955,0.703291,0.622463,1.142235,0.959522,1.223986,0.981402,0.828679,0.733571,0.745744,0.812046,1.202661,1.198581,0.694160,0.819882,0.438792,0.627198,0.789268,0.692935,0.530010,0.513189,0.612786,0.574652,0.501725,0.250617,0.501923,0.590941,0.606818,0.387699,0.835591,0.853530,0.691392,0.683853,0.946233,0.986953
1.039723,0.845124,1.096402,0.397077,0.697687,0.811475,1.003139,0.610872,0.788184,0.808778,1.254284,0.822252,1.417368,1.129030,0.000000,1.356220,0.791870,0.650286,1.112439,0.842212,0.394319,0.217937,0.738568,0.640994,0.419963,0.203596,0.637054,0.516446,0.455042,0.347715,0.697128,0.609582,1.047169,0.769266,0.636911,0.286064,0.555898,0.206886,0.639064,0.843249,0.203810,0.368532,0.564918,0.413356,0.497773,0.652217,0.643526,0.564306,0.987845,0.794124,0.984210,0.744303,0.788442,0.782804,1.021428,0.899863,0.800505,0.764456,1.139767,0.864793,1.215704,0.671922,0.767635,0.679653,0.935716,0.656677,1.059458,0.863732,0.757268,0.806941,0.460947,0.612560,0.777418,0.620143,0.495624,0.394986,0.613165,0.584277,0.393232,0.518640,0.662927,0.815260,0.847049,0.518644,1.014234,0.794716,0.907463,0.832063,1.239421,1.014951
0.844692,0.676039,0.831508,0.440892,0.815085,0.760619,0.822449,0.635479,0.763636,0.935753,0.994852,0.974459,1.012654,1.125875,1.356220,0.000000,0.777430,0.744479,0.867133,0.848209,0.426880,0.293405,0.640860,0.685907,0.399226,0.300977,0.688748,0.560857,0.503868,0.470611,0.679741,0.644957,0.911883,0.748523,0.561635,0.399469,0.534160,0.123681,0.680003,0.738198,0.168895,0.335438,0.602551,0.426289,0.399199,0.710612,0.573144,0.529664,0.872256,0.782812,0.857520,0.657660,0.661940,0.591004,0.949791,0.787434,0.659951,0.605694,1.012648,0.849145,1.001080,0.807190,0.766820,0.836054,0.783532,0.723232,0.933940,0.935216,0.599796,0.693983,0.382546,0.576232,0.714962,0.654713,0.563227,0.532948,0.593596,0.621861,0.360891,0.489465,0.700426,0.790981,1.084078,0.617759,0.824785,0.752741,0.956368,0.837239,1.069994,0.853780
1.032627,1.136668,0.611669,0.277888,0.465129,0.530329,0.631073,0.448161,0.635237,0.418422,0.940471,0.740643,0.891458,0.839168,0.791870,0.777430,0.000000,1.253980,1.037411,0.942164,0.450570,0.441590,0.356009,0.273590,0.115609,0.110154,0.591055,0.464626,0.723829,0.449545,0.627459,0.694073,1.089144,1.014918,0.378377,0.179980,0.443649,0.212088,0.466852,0.636447,0.207747,0.267660,0.440213,0.427488,0.505720,0.680394,0.593510,0.521383,0.661745,0.667393,0.779031,0.616065,0.819578,0.709517,0.830385,0.743543,1.145478,1.106746,1.120397,1.044748,1.040869,0.694591,1.497760,0.795289,0.556879,0.487773,1.177597,0.817807,1.052293,0.867768,0.550295,0.743243,0.751188,0.802465,0.415437,0.455360,0.374547,0.360993,0.643103,0.568714,1.075000,0.939499,0.697253,0.622396,0.921943,0.718407,0.782954,0.808140,0.721430,0.822727
0.696977,0.951424,0.455720,0.054357,0.287412,0.292130,0.368625,0.195184,0.422439,0.274581,0.619514,0.520798,0.561028,0.526736,0.650286,0.744479,1.253980,0.000000,0.661630,0.614290,0.385271,0.492888,0.195156,0.102237,0.018649,-0.020834,0.470715,0.311454,0.590980,0.595827,0.432297,0.450573,0.716379,0.579458,0.219588,0.003856,0.497942,0.195356,0.681459,0.629970,0.393213,0.359887,0.307127,0.242129,0.343011,0.497648,0.449679,0.281283,0.543029,0.577244,0.643198,0.507411,0.621020,0.586392,0.769397,0.634215,0.900468,1.085981,0.871666,0.856830,0.799553,0.486471,1.095904,0.715917,0.457862,0.364352,0.769267,0.515432,0.779161,0.611332,0.508588,0.535867,0.545028,0.630165,0.283427,0.288480,0.280381,0.379331,0.340928,0.821073,1.191441,0.829200,0.769732,0.631661,0.741013,0.463098,0.837836,0.707919,0.699342,0.595541
1.595042,1.198663,1.209048,0.680222,0.804398,0.922966,1.310011,0.839798,0.954139,0.714088,1.318970,0.804659,1.575509,1.118686,1.112439,0.867133,1.037411,0.661630,0.000000,1.418595,0.368180,0.263791,0.833594,0.657934,0.308280,0.278009,0.740940,0.739259,0.503319,0.203070,0.707671,0.734663,1.167914,1.175878,0.602408,0.314162,0.381225,0.304202,0.355545,0.741036,0.053561,0.155356,0.552224,0.534869,0.499361,0.567329,0.708021,0.783791,0.861612,0.636756,0.996128,0.716698,1.073693,0.936832,1.009744,0.826675,1.052286,0.947590,1.256048,1.037335,1.301571,0.736223,0.940363,0.603379,0.756842,0.622455,1.528126,1.022105,1.169961,1.045409,0.682528,0.895650,0.794482,0.680365,0.426286,0.441233,0.551620,0.388962,0.780238,0.319042,0.591965,0.725407,0.630436,0.540955,0.998017,0.864626,0.640586,0.794440,1.011420,1.205503
1.382970,1.057573,1.078470,0.887240,0.819768,0.930931,1.193546,0.981410,1.004171,0.762744,1.007548,0.773430,1.110880,0.984839,0.842212,0.848209,0.942164,0.614290,1.418595,0.000000,0.265861,0.208424,0.931955,0.844258,0.233041,0.305099,0.612292,0.690702,0.356803,0.074972,0.632644,0.787042,0.965838,1.255523,0.579074,0.393467,0.301814,0.370647,0.228926,0.593024,-0.024036,0.061663,0.568540,0.600770,0.555335,0.627823,0.680261,0.850374,0.733046,0.635805,0.834128,0.628655,1.068407,0.780468,0.874242,0.719690,0.909623,0.787276,1.019926,1.028212,0.976364,0.766443,0.810866,0.561259,0.618561,0.580440,1.303276,1.103091,1.197709,1.094547,0.657657,0.793850,0.685364,0.633904,0.358516,0.430018,0.453032,0.290028,0.833681,0.175279,0.483026,0.686832,0.576580,0.586936,0.834557,0.940458,0.521700,0.757244,0.921980,1.038491
0.410707,0.400036,0.209191,0.117492,0.334220,0.305215,0.310986,0.223548,0.223518,0.170947,0.505890,0.458676,0.420863,0.527673,0.394319,0.426880,0.450570,0.385271,0.368180,0.265861,0.000000,0.449988,0.252829,0.184683,0.459394,0.497250,0.586601,0.396660,0.874175,0.486663,0.611958,0.378358,0.464014,0.412690,0.256816,0.176210,0.081114,-0.259691,0.089000,0.110914,-0.304722,-0.115068,0.045470,0.036056,0.062783,0.210367,0.042914,0.177272,0.218374,0.258350,0.183039,0.162228,0.181172,0.217526,0.205034,0.125542,0.435477,0.408032,0.395260,0.266272,0.424861,0.287313,0.416033,0.380655,0.267165,0.252217,0.395499,0.367631,0.276851,0.364686,0.127020,0.337293,0.322778,0.275266,0.375540,0.319727,0.144367,0.302252,0.310824,0.249215,0.334602,0.170570,0.340038,-0.014211,0.232802,0.104767,0.282596,0.251364,0.222478,0.231728
0.194029,0.266381,0.089668,0.002615,0.123711,0.112264,0.131817,0.126162,0.080518,0.030438,0.233112,0.289870,0.216222,0.303265,0.217937,0.293405,0.441590,0.492888,0.263791,0.208424,0.449988,0.000000,-0.004870,-0.001334,0.043946,0.245254,0.460156,0.346551,0.548349,0.519473,0.372645,0.436805,0.329971,0.353657,0.132732,0.119955,0.235388,0.139426,0.250957,0.321189,0.309836,0.186500,0.160390,0.163302,0.167940,0.302856,0.192681,0.154463,0.261292,0.258770,0.257473,0.208622,0.190200,0.210429,0.281424,0.249955,0.267472,0.296198,0.265843,0.240595,0.294951,0.285104,0.428461,0.390543,0.185239,0.228980,0.302049,0.262985,0.234011,0.157324,0.365435,0.437853,0.314522,0.451735,0.245897,0.341749,0.196373,0.275391,0.197110,0.398974,0.577841,0.294359,0.427429,0.286217,0.344882,0.219879,0.345763,0.287221,0.184218,0.206480
0.897669,0.616058,0.949108,0.834944,0.877879,0.844738,1.024038,0.682497,0.795008,0.731219,0.756449,0.469120,0.836620,0.700655,0.738568,0.640860,0.356009,0.195156,0.833594,0.931955,0.252829,-0.004870,0.000000,1.165723,0.527885,0.397138,0.391999,0.517642,0.139039,-0.095749,0.486066,0.411868,0.527978,0.588750,0.571997,0.314008,0.151549,0.153771,0.041407,0.262859,-0.274736,-0.114220,0.324072,0.360292,0.297506,0.263241,0.350933,0.701469,0.490711,0.380800,0.468628,0.360686,0.636418,0.516994,0.466461,0.344414,0.600179,0.439059,0.568599,0.436086,0.571408,0.307914,0.282917,0.153263,0.463087,0.346315,0.669579,0.685582,0.655766,0.880052,0.210717,0.414109,0.315668,0.209016,0.215077,0.190674,0.256646,0.081609,0.592688,-0.035841,0.062427,0.262805,0.345234,0.324846,0.483989,0.491360,0.334675,0.451019,0.684447,0.632280
0.602344,0.402799,0.834112,1.187338,0.904735,0.997490,0.901952,1.029982,0.764312,0.799555,0.565720,0.567601,0.667137,0.721103,0.640994,0.685907,0.273590,0.102237,0.657934,0.844258,0.184683,-0.001334,1.165723,0.000000,0.524461,0.489520,0.387694,0.530662,0.064907,-0.070078,0.492308,0.552295,0.529069,0.685951,0.660372,0.640627,0.200132,0.203168,0.064859,0.305184,-0.167313,-0.040800,0.480651,0.429364,0.357304,0.455244,0.459420,0.721116,0.479869,0.434726,0.492681,0.388323,0.573735,0.471501,0.480293,0.425865,0.360389,0.244177,0.472880,0.472911,0.534573,0.565986,0.250942,0.300257,0.506851,0.559763,0.573580,0.821598,0.424968,0.599104,0.156722,0.311503,0.330244,0.331783,0.289688,0.325990,0.372003,0.240107,0.414057,-0.062974,0.071916,0.277238,0.301131,0.240895,0.476383,0.658375,0.230166,0.342273,0.612146,0.696048
0.358852,0.219901,0.491162,0.395551,0.574761,0.285328,0.509805,0.321607,0.387962,0.380072,0.448775,0.389537,0.443097,0.475228,0.419963,0.399226,0.115609,0.018649,0.308280,0.233041,0.459394,0.043946,0.527885,0.524461,0.000000,0.571513,0.510254,0.372507,0.246963,0.115439,0.409995,0.237598,0.331173,0.250052,0.564106,0.337904,0.193875,-0.114728,0.141010,0.102959,-0.195427,0.021293,0.237520,0.139208,-0.076583,0.091703,0.170591,0.304783,0.357555,0.209221,0.268169,0.238871,0.173088,0.300862,0.203197,0.206983,0.261061,0.160632,0.290475,0.163392,0.394784,0.205233,0.088789,0.121566,0.361219,0.390921,0.331172,0.341574,0.189899,0.305755,0.008756,0.205600,0.214510,0.112018,0.380025,0.162945,0.269404,0.306597,0.085364,0.045781,0.028995,0.167212,0.191386,-0.127052,0.284036,0.282420,0.155135,0.185786,0.258636,0.251796
0.262962,0.194435,0.239272,0.490112,0.586625,0.391188,0.380678,0.482130,0.291773,0.289296,0.312638,0.402951,0.328242,0.469713,0.203596,0.300977,0.110154,-0.020834,0.278009,0.305099,0.497250,0.245254,0.397138,0.489520,0.571513,0.000000,0.502466,0.481349,0.351203,0.092095,0.521516,0.529351,0.341368,0.463646,0.559556,0.621823,0.117119,-0.001958,0.006265,0.090264,-0.189449,-0.038258,0.286754,0.260833,0.130999,0.209943,0.237022,0.304367,0.214164,0.084189,0.156043,0.056887,0.151649,0.119585,0.162307,0.143980,0.168429,0.118192,0.150022,0.087383,0.282651,0.347689,0.167646,0.172647,0.344700,0.503592,0.265047,0.405807,0.145089,0.248667,0.145270,0.355768,0.215953,0.202696,0.234287,0.175008,0.279475,0.319988,0.146620,-0.105498,0.016770,0.092833,0.116884,-0.101796,0.207135,0.304431,0.089669,0.165887,0.208986,0.201850
0.637897,0.599195,0.568335,0.384921,0.612582,0.481165,0.641950,0.519767,0.470612,0.503579,0.674322,0.632547,0.758103,0.716208,0.637054,0.688748,0.591055,0.470715,0.740940,0.612292,0.586601,0.460156,0.391999,0.387694,0.510254,0.502466,0.000000,0.923585,0.629520,0.455828,0.589681,0.611498,0.687248,0.651182,0.469917,0.364308,0.368015,0.165876,0.342329,0.527538,0.162511,0.249908,0.381261,0.320402,0.215316,0.414611,0.433482,0.418386,0.583484,0.434702,0.599894,0.450992,0.489839,0.519897,0.599249,0.521835,0.523310,0.540848,0.684027,0.559398,0.790409,0.608696,0.633821,0.565706,0.569990,0.612921,0.732315,0.721393,0.514168,0.535636,0.515917,0.706685,0.524341,0.437143,0.464501,0.296337,0.390102,0.411469,0.367838,0.405319,0.574876,0.533621,0.641108,0.240590,0.625195,0.539324,0.419951,0.569571,0.550809,0.665510
0.664694,0.598582,0.543796,0.572647,0.637857,0.576518,0.609894,0.576676,0.595830,0.565752,0.584742,0.488403,0.682858,0.617023,0.516446,0.560857,0.464626,0.311454,0.739259,0.690702,0.396660,0.346551,0.517642,0.530662,0.372507,0.481349,0.923585,0.000000,0.342713,0.154080,0.492191,0.552467,0.619801,0.669783,0.409081,0.365150,0.201811,0.199068,0.180073,0.426317,-0.024810,0.130430,0.355474,0.334068,0.288634,0.384047,0.430505,0.528600,0.460534,0.376433,0.484882,0.376209,0.514289,0.525792,0.524476,0.460471,0.535103,0.507820,0.562894,0.528047,0.566178,0.493586,0.487469,0.373710,0.406040,0.421496,0.682887,0.678181,0.611456,0.699951,0.437932,0.638683,0.455723,0.404170,0.293814,0.270830,0.387407,0.277735,0.426751,0.175384,0.320073,0.366901,0.474705,0.262459,0.506543,0.509773,0.276879,0.417745,0.520847,0.708899
0.469231,0.461912,0.242702,0.069140,0.351153,0.284189,0.342928,0.270232,0.230182,0.151410,0.624318,0.672796,0.524318,0.626301,0.455042,0.503868,0.723829,0.590980,0.503319,0.356803,0.874175,0.548349,0.139039,0.064907,0.246963,0.351203,0.629520,0.342713,0.000000,0.905015,0.576651,0.504951,0.604972,0.541830,0.239593,0.160461,0.285731,-0.035414,0.291625,0.339953,0.017781,0.080907,0.239963,0.208524,0.129308,0.316377,0.245957,0.251053,0.381238,0.328120,0.399832,0.319075,0.296938,0.289963,0.368808,0.319647,0.457855,0.468341,0.556488,0.424423,0.619096,0.519383,0.750502,0.655907,0.390281,0.397146,0.568030,0.431785,0.314253,0.297169,0.220483,0.527463,0.552831,0.481532,0.492489,0.492304,0.281480,0.422102,0.407061,0.394026,0.576698,0.389701,0.538982,0.217056,0.416233,0.272293,0.496431,0.349025,0.299274,0.322774
0.110430,0.165134,0.021208,-0.173449,0.125998,0.012945,0.062630,0.055779,0.023357,-0.006937,0.263831,0.400349,0.215381,0.297161,0.347715,0.470611,0.449545,0.595827,0.203070,0.074972,0.486663,0.519473,-0.095749,-0.070078,0.115439,0.092095,0.455828,0.154080,0.905015,0.000000,0.424466,0.386069,0.411213,0.242043,0.064675,0.082125,0.594232,-0.129843,0.696739,0.390929,0.368171,0.493388,0.159395,-0.032925,-0.002750,0.256343,0.136546,-0.054723,0.285208,0.301080,0.309474,0.208325,0.049928,0.110155,0.301778,0.244877,0.186220,0.257339,0.315481,0.227946,0.368683,0.410114,0.528592,0.814666,0.303302,0.290418,0.267609,0.203205,0.048121,0.019299,0.085293,0.304135,0.362877,0.385882,0.497903,0.506292,0.194806,0.501757,0.023910,0.879303,0.709119,0.467640,0.609989,0.239241,0.331915,0.145655,0.516141,0.221418,0.152750,0.183831
0.607195,0.545386,0.432445,0.389861,0.550656,0.468464,0.599746,0.630036,0.462447,0.296781,0.770871,0.740212,0.758891,0.836869,0.697128,0.679741,0.627459,0.432297,0.707671,0.632644,0.611958,0.372645,0.486066,0.492308,0.409995,0.521516,0.589681,0.492191,0.576651,0.424466,0.000000,1.279446,1.162442,0.983165,0.647657,0.587734,0.437382,-0.017328,0.379000,0.517594,0.004391,0.237337,0.373711,0.203819,0.345137,0.489160,0.375640,0.371810,0.465989,0.369711,0.449216,0.265289,0.316704,0.278966,0.607413,0.422093,0.558179,0.472567,0.565826,0.471414,0.747642,0.683794,0.708248,0.746190,0.702005,0.620697,0.739681,0.812275,0.459259,0.587646,0.404062,0.639453,0.713398,0.616494,0.657669,0.462532,0.424901,0.540101,0.284931,0.372037,0.560826,0.582256,0.418810,0.234718,0.689000,0.613121,0.509392,0.629660,0.566793,0.594455
0.590370,0.512294,0.474944,0.484388,0.541843,0.508781,0.598481,0.722962,0.458331,0.314836,0.670107,0.722295,0.690136,0.771812,0.609582,0.644957,0.694073,0.450573,0.734663,0.787042,0.378358,0.436805,0.411868,0.552295,0.237598,0.529351,0.611498,0.552467,0.504951,0.386069,1.279446,0.000000,1.051514,1.186750,0.744587,0.789550,0.481975,0.147941,0.387307,0.630494,0.183909,0.298521,0.519456,0.371599,0.464349,0.641087,0.537584,0.437906,0.466703,0.408467,0.509036,0.294664,0.394155,0.301331,0.667680,0.536154,0.488097,0.435655,0.545244,0.550336,0.731082,0.865299,0.808550,0.865859,0.737754,0.731406,0.758121,0.855842,0.511285,0.496049,0.561632,0.775424,0.828634,0.774244,0.644060,0.520021,0.542367,0.568906,0.389463,0.345998,0.644535,0.727158,0.468862,0.330787,0.831504,0.866872,0.508318,0.665224,0.560816,0.663571
1.005911,0.953322,0.713814,0.479993,0.625577,0.662141,0.830584,0.778590,0.690258,0.523651,1.117159,0.945270,1.209308,1.118426,1.047169,0.911883,1.089144,0.716379,1.167914,0.965838,0.464014,0.329971,0.527978,0.529069,0.331173,0.341368,0.687248,0.619801,0.604972,0.411213,1.162442,1.051514,0.000000,1.465201,0.675844,0.487104,0.489912,0.186237,0.504333,0.767196,0.149193,0.332964,0.594120,0.414237,0.584129,0.759537,0.670759,0.536950,0.803542,0.704647,0.885744,0.617790,0.719094,0.699119,0.975080,0.853639,0.938498,0.853026,1.117380,0.974663,1.279999,0.968446,1.181289,1.006978,0.885474,0.776847,1.364313,1.129948,0.860568,0.862787,0.558534,0.806983,0.914270,0.884940,0.604186,0.535893,0.569615,0.605716,0.436401,0.466787,0.833986,0.870913,0.597505,0.379427,1.084272,0.916747,0.666468,0.757788,0.848930,1.023020
0.993915,0.883966,0.723105,0.790062,0.721919,0.865284,0.916503,1.054283,0.746847,0.541101,0.946750,0.895017,1.022311,1.049295,0.769266,0.748523,1.014918,0.579458,1.175878,1.255523,0.412690,0.353657,0.588750,0.685951,0.250052,0.463646,0.651182,0.669783,0.541830,0.242043,0.983165,1.186750,1.465201,0.000000,0.705612,0.639121,0.319164,0.273321,0.257507,0.607854,0.022687,0.114639,0.595001,0.535476,0.602150,0.759018,0.671600,0.702163,0.678967,0.627741,0.776243,0.549538,0.778106,0.638739,0.820222,0.727244,0.833488,0.742346,0.914484,0.939009,1.059533,1.042188,0.999351,0.838614,0.744604,0.761116,1.287618,1.215137,0.868691,0.856678,0.570345,0.817209,0.843255,0.915754,0.522180,0.565922,0.527100,0.470363,0.663551,0.250581,0.618901,0.707072,0.480145,0.379465,0.898663,0.974139,0.488402,0.647388,0.728153,0.945816
0.538129,0.388763,0.619432,0.525240,0.521973,0.475632,0.605503,0.520397,0.393568,0.399656,0.678557,0.415159,0.605013,0.599306,0.636911,0.561635,0.378377,0.219588,0.602408,0.579074,0.256816,0.132732,0.571997,0.660372,0.564106,0.559556,0.469917,0.409081,0.239593,0.064675,0.647657,0.744587,0.675844,0.705612,0.000000,1.045511,0.429600,0.215715,0.356057,0.507083,0.130693,0.146689,0.531324,0.385275,0.347126,0.437199,0.531750,0.461047,0.486911,0.310595,0.460571,0.271127,0.323694,0.313219,0.513183,0.495025,0.419738,0.347120,0.453544,0.401570,0.678294,0.521748,0.402835,0.354350,1.202112,1.031547,0.627792,0.631414,0.428526,0.426941,0.344284,0.518968,0.544156,0.442702,0.441261,0.229366,0.559097,0.472193,0.274656,0.200489,0.346856,0.548954,0.385833,0.226873,0.813616,0.813065,0.501266,0.589667,0.652590,0.524435
0.181055,0.052687,0.253305,0.563316,0.419451,0.381804,0.357010,0.591095,0.223555,0.303791,0.295611,0.423128,0.297531,0.455504,0.286064,0.399469,0.179980,0.003856,0.314162,0.393467,0.176210,0.119955,0.314008,0.640627,0.337904,0.621823,0.364308,0.365150,0.160461,0.082125,0.587734,0.789550,0.487104,0.639121,1.045511,0.000000,0.283589,0.099926,0.213062,0.344786,0.064845,0.106626,0.543784,0.388519,0.294883,0.485566,0.444991,0.414897,0.289943,0.211721,0.253107,0.114675,0.123867,0.046395,0.367981,0.330443,0.058218,0.000225,0.194160,0.239757,0.370329,0.635774,0.263433,0.423996,0.693866,0.924189,0.363764,0.621899,0.103457,0.170223,0.188703,0.356509,0.439784,0.458643,0.471472,0.360064,0.540156,0.477053,0.118431,0.017626,0.195385,0.339369,0.211556,0.079618,0.460683,0.690564,0.254433,0.351682,0.327080,0.394761
0.297810,0.243245,0.357670,0.032658,0.322979,0.183432,0.316697,0.152000,0.318960,0.179774,0.437811,0.411472,0.406074,0.379108,0.555898,0.534160,0.443649,0.497942,0.381225,0.301814,0.081114,0.235388,0.151549,0.200132,0.193875,0.117119,0.368015,0.201811,0.285731,0.594232,0.437382,0.481975,0.489912,0.319164,0.429600,0.283589,0.000000,0.205172,0.916155,0.635106,0.745921,0.885246,0.482740,0.211392,0.282819,0.448722,0.538854,0.175750,0.556778,0.407639,0.570746,0.397441,0.282823,0.318378,0.595678,0.556710,0.216436,0.250449,0.372555,0.326632,0.463933,0.388165,0.463697,0.594649,0.543535,0.493123,0.423002,0.382237,0.258876,0.197328,0.246282,0.375096,0.503411,0.374490,0.457266,0.370956,0.390073,0.545005,-0.078375,0.778975,0.658665,0.965423,0.522565,0.464562,0.732174,0.616685,0.700844,0.474709,0.402281,0.410104
0.288688,0.276743,0.363689,0.283799,0.075631,0.241582,0.274631,0.254733,0.269424,0.217101,0.192841,0.049936,0.226628,0.118146,0.206886,0.123681,0.212088,0.195356,0.304202,0.370647,-0.259691,0.139426,0.153771,0.203168,-0.114728,-0.001958,0.165876,0.199068,-0.035414,-0.129843,-0.017328,0.147941,0.186237,0.273321,0.215715,0.099926,0.205172,0.000000,0.126128,0.500864,0.399498,0.118211,0.327145,0.400466,0.476220,0.332245,0.489575,0.305823,0.347305,0.262911,0.417149,0.399082,0.518135,0.464488,0.395549,0.491210,0.198543,0.241055,0.293110,0.344825,0.239224,0.162503,0.188602,0.029797,0.224764,0.217486,0.355349,0.263564,0.382308,0.231788,0.376688,0.237012,0.200276,0.288590,-0.213131,0.012144,0.148963,0.006711,0.253662,0.107244,0.261936,0.376938,0.313248,0.490414,0.446222,0.508866,0.178065,0.350354,0.396549,0.398613
0.274369,0.321905,0.313880,-0.042104,0.219285,0.116832,0.224039,0.125692,0.230295,0.249447,0.363906,0.414284,0.402636,0.400042,0.639064,0.680003,0.466852,0.681459,0.355545,0.228926,0.089000,0.250957,0.041407,0.064859,0.141010,0.006265,0.342329,0.180073,0.291625,0.696739,0.379000,0.387307,0.504333,0.257507,0.356057,0.213062,0.916155,0.126128,0.000000,0.860780,0.748933,0.932902,0.475743,0.197708,0.292556,0.475902,0.548329,0.104046,0.594922,0.479901,0.621562,0.427036,0.298316,0.326347,0.777122,0.688127,0.286563,0.405514,0.510023,0.465475,0.539689,0.445522,0.511356,0.703287,0.591427,0.525298,0.453379,0.356179,0.279890,0.210150,0.270139,0.292796,0.453977,0.430111,0.381626,0.283425,0.541357,0.776464,-0.143587,0.899233,0.756467,0.801200,0.695663,0.428830,0.656188,0.485119,0.903428,0.518278,0.649017,0.473207
0.587248,0.620131,0.639387,0.272107,0.335974,0.443965,0.552458,0.475902,0.463451,0.526099,0.603529,0.536237,0.753103,0.636743,0.843249,0.738198,0.636447,0.629970,0.741036,0.593024,0.110914,0.321189,0.262859,0.305184,0.102959,0.090264,0.527538,0.426317,0.339953,0.390929,0.517594,0.630494,0.767196,0.607854,0.507083,0.344786,0.635106,0.500864,0.860780,0.000000,0.534261,0.620174,0.660361,0.534777,0.602987,0.746549,0.860230,0.496971,0.815629,0.701068,0.907386,0.641763,0.661450,0.697050,1.158382,1.089184,0.488439,0.602724,0.808367,0.806579,0.826405,0.625492,0.675793,0.679984,0.689014,0.611647,0.822049,0.641473,0.646692,0.479955,0.572747,0.538031,0.610173,0.641919,0.377539,0.333390,0.723616,0.658309,0.209480,0.615461,0.759168,0.854401,0.800732,0.598456,1.031700,0.853580,0.906731,0.740112,0.941623,0.907679
-0.053509,0.026840,0.091942,-0.241091,-0.116315,-0.139312,-0.048755,-0.112197,-0.070035,-0.042479,0.022956,0.055534,0.050078,0.009145,0.203810,0.168895,0.207747,0.393213,0.053561,-0.024036,-0.304722,0.309836,-0.274736,-0.167313,-0.195427,-0.189449,0.162511,-0.024810,0.017781,0.368171,0.004391,0.183909,0.149193,0.022687,0.130693,0.064845,0.745921,0.399498,0.748933,0.534261,0.000000,0.872322,0.343811,0.140323,0.250998,0.310545,0.416096,-0.056954,0.350104,0.255532,0.397437,0.303572,0.109995,0.162487,0.398015,0.454004,-0.043469,0.095304,0.135238,0.193445,0.195678,0.196968,0.308369,0.379121,0.324570,0.311770,0.128284,0.085546,0.032096,-0.136552,0.267842,0.117148,0.240791,0.281750,0.100947,0.039708,0.224349,0.308802,-0.289579,0.681722,0.646678,0.596403,0.354057,0.334515,0.501275,0.387221,0.427782,0.297677,0.204485,0.205031
0.113771,0.168067,0.176039,-0.158966,0.038959,-0.039242,0.106048,0.027562,0.071995,0.058556,0.163028,0.210699,0.264546,0.213976,0.368532,0.335438,0.267660,0.359887,0.155356,0.061663,-0.115068,0.186500,-0.114220,-0.040800,0.021293,-0.038258,0.249908,0.130430,0.080907,0.493388,0.237337,0.298521,0.332964,0.114639,0.146689,0.106626,0.885246,0.118211,0.932902,0.620174,0.872322,0.000000,0.277634,0.039437,0.198630,0.318243,0.375904,-0.024419,0.390487,0.321409,0.449154,0.272929,0.140642,0.219959,0.445710,0.463143,0.132720,0.217781,0.247563,0.223693,0.330960,0.271112,0.379803,0.486445,0.354257,0.319358,0.218333,0.173255,0.155224,0.089234,0.246474,0.209945,0.258612,0.259549,0.220849,0.207278,0.296101,0.485976,-0.276919,0.744342,0.545911,0.670265,0.344432,0.328443,0.524607,0.402566,0.532601,0.312188,0.266680,0.345279
0.433559,0.334582,0.546308,0.505348,0.545061,0.509326,0.510922,0.572117,0.589540,0.561043,0.459164,0.658264,0.555049,0.580845,0.564918,0.602551,0.440213,0.307127,0.552224,0.568540,0.045470,0.160390,0.324072,0.480651,0.237520,0.286754,0.381261,0.355474,0.239963,0.159395,0.373711,0.519456,0.594120,0.595001,0.531324,0.543784,0.482740,0.327145,0.475743,0.660361,0.343811,0.277634,0.000000,1.335824,0.853172,1.189097,1.485827,0.857947,0.970703,0.804420,0.833629,0.775225,0.685501,0.580305,0.905141,1.040770,0.228269,0.219040,0.548802,0.615932,0.538034,0.604176,0.454182,0.526739,0.441948,0.588022,0.669493,0.733968,0.333566,0.307008,0.326395,0.367231,0.681565,0.661225,0.487938,0.448046,0.843431,0.613371,0.141733,0.133698,0.408063,0.666642,0.485996,0.270019,0.619360,0.942398,0.445279,0.512832,0.562518,0.592559
0.471425,0.382344,0.522444,0.546433,0.466705,0.542611,0.502753,0.488909,0.617449,0.565297,0.384201,0.504226,0.483584,0.493543,0.413356,0.426289,0.427488,0.242129,0.534869,0.600770,0.036056,0.163302,0.360292,0.429364,0.139208,0.260833,0.320402,0.334068,0.208524,-0.032925,0.203819,0.371599,0.414237,0.535476,0.385275,0.388519,0.211392,0.400466,0.197708,0.534777,0.140323,0.039437,1.335824,0.000000,0.829274,1.023335,1.305192,1.123110,0.747193,0.673334,0.661098,0.717416,0.797276,0.603556,0.723408,0.846356,0.273279,0.256844,0.508397,0.578277,0.421537,0.422735,0.329226,0.266035,0.226443,0.362234,0.642984,0.662450,0.427296,0.417673,0.314080,0.351109,0.510430,0.531542,0.273771,0.321017,0.676496,0.372954,0.338849,-0.023972,0.246641,0.480361,0.414565,0.321288,0.455803,0.757790,0.339207,0.476851,0.499385,0.514243
0.453537,0.472045,0.410783,0.377365,0.262878,0.485435,0.400513,0.480838,0.483547,0.385572,0.396611,0.347969,0.529555,0.437729,0.497773,0.399199,0.505720,0.343011,0.499361,0.555335,0.062783,0.167940,0.297506,0.357304,-0.076583,0.130999,0.215316,0.288634,0.129308,-0.002750,0.345137,0.464349,0.584129,0.602150,0.347126,0.294883,0.282819,0.476220,0.292556,0.602987,0.250998,0.198630,0.853172,0.829274,0.000000,1.182803,1.006425,0.611362,0.647141,0.660360,0.616967,0.526729,0.743519,0.527454,0.738845,0.797072,0.376070,0.387286,0.504782,0.554416,0.411061,0.370474,0.457535,0.355614,0.302458,0.297980,0.614292,0.624392,0.490964,0.460079,0.326308,0.280997,0.496095,0.525054,0.139022,0.229453,0.498962,0.360840,0.223817,0.152069,0.429977,0.540040,0.358709,0.321941,0.543113,0.660105,0.404410,0.508850,0.554388,0.589713
0.495623,0.492285,0.469940,0.409307,0.439094,0.590338,0.444509,0.561105,0.618781,0.597098,0.477186,0.642811,0.580462,0.642825,0.652217,0.710612,0.680394,0.497648,0.567329,0.627823,0.210367,0.302856,0.263241,0.455244,0.091703,0.209943,0.414611,0.384047,0.316377,0.256343,0.489160,0.641087,0.759537,0.759018,0.437199,0.485566,0.448722,0.332245,0.475902,0.746549,0.310545,0.318243,1.189097,1.023335,1.182803,0.000000,1.170725,0.748752,0.858319,1.092690,0.822583,0.798677,0.752565,0.639762,0.942339,1.090085,0.434993,0.435038,0.707817,0.794295,0.608667,0.672802,0.650368,0.681160,0.421323,0.541016,0.772856,0.885016,0.495907,0.484919,0.339159,0.394804,0.667591,0.709436,0.381261,0.443140,0.683247,0.597290,0.224010,0.313504,0.660436,0.787734,0.584306,0.406065,0.701955,0.933195,0.568060,0.606943,0.617744,0.729456
0.580169,0.560704,0.667042,0.503588,0.474437,0.571883,0.592842,0.558976,0.669123,0.536805,0.516315,0.587212,0.662974,0.613647,0.643526,0.573144,0.593510,0.449679,0.708021,0.680261,0.042914,0.192681,0.350933,0.459420,0.170591,0.237022,0.433482,0.430505,0.245957,0.136546,0.375640,0.537584,0.670759,0.671600,0.531750,0.444991,0.538854,0.489575,0.548329,0.860230,0.416096,0.375904,1.485827,1.305192,1.006425,1.170725,0.000000,0.958065,1.013280,0.794150,1.007748,0.873136,0.955312,0.805626,1.150405,1.338064,0.417037,0.459274,0.704730,0.789545,0.672986,0.575597,0.561104,0.482708,0.492934,0.572734,0.844760,0.789142,0.561485,0.507208,0.440739,0.416685,0.646343,0.644844,0.313035,0.331198,0.835999,0.625499,0.226177,0.260581,0.505535,0.789116,0.493883,0.383853,0.797163,1.055684,0.523561,0.606111,0.731019,0.816585
0.705842,0.603362,0.748496,0.787751,0.732401,0.800451,0.763888,0.684965,0.864025,0.729332,0.552015,0.636187,0.713070,0.695226,0.564306,0.529664,0.521383,0.281283,0.783791,0.850374,0.177272,0.154463,0.701469,0.721116,0.304783,0.304367,0.418386,0.528600,0.251053,-0.054723,0.371810,0.437906,0.536950,0.702163,0.461047,0.414897,0.175750,0.305823,0.104046,0.496971,-0.056954,-0.024419,0.857947,1.123110,0.611362,0.748752,0.958065,0.000000,0.804237,0.634285,0.704696,0.707412,0.865757,0.684011,0.753769,0.740512,0.478738,0.415090,0.700080,0.738598,0.589954,0.489664,0.403755,0.250690,0.292535,0.387970,0.863814,0.981693,0.640876,0.770944,0.303165,0.364475,0.464824,0.462115,0.288006,0.327938,0.628478,0.331419,0.483302,-0.036594,0.222328,0.391594,0.400277,0.346744,0.511379,0.734906,0.388136,0.536332,0.649729,0.710603
0.828321,0.666209,0.900825,0.520283,0.692138,0.635918,0.827369,0.635442,0.839460,0.701969,0.861804,0.925828,0.994703,0.938609,0.987845,0.872256,0.661745,0.543029,0.861612,0.733046,0.218374,0.261292,0.490711,0.479869,0.357555,0.214164,0.583484,0.460534,0.381238,0.285208,0.465989,0.466703,0.803542,0.678967,0.486911,0.289943,0.556778,0.347305,0.594922,0.815629,0.350104,0.390487,0.970703,0.747193,0.647141,0.858319,1.013280,0.804237,0.000000,1.162868,1.649897,1.422678,0.988284,0.956360,1.275448,1.238938,0.508145,0.512398,1.047844,0.964217,0.916090,0.667126,0.685146,0.634925,0.587320,0.631836,1.105550,0.945024,0.628252,0.592477,0.462255,0.458898,0.709531,0.672895,0.435698,0.438942,0.744955,0.629676,0.281390,0.374739,0.574695,0.745356,0.680327,0.445006,0.915468,0.995110,0.781957,0.751998,0.849899,0.899911
