0.000000,1.386808,0.907820,0.844113,0.352958,0.375067,0.943691,0.882798,0.520217,0.370742,0.980621,0.998167,0.918698,0.814599,0.634176,0.447357,0.891051,0.804789,1.190348,1.058543,-0.016280,0.250942,0.713805,0.683185,0.149143,0.398245,0.217537,0.267839,0.611305,0.547598,0.643516,0.738040,0.937102,0.795844,-0.041422,-0.117739,-0.036217,-0.229936,0.144691,0.402494,0.221280,0.353863,0.806822,0.722320,0.672757,0.670898,0.717118,0.647412,0.867317,0.921962,0.650155,0.635881,0.675426,0.386094,0.515086,0.423927,0.875259,0.805965,0.560777,0.464783,0.767148,0.213747,0.523622,0.626181,0.185312,0.155742,0.521161,0.392103,0.697566,0.428930,0.349800,-0.002796,0.422516,0.496120,-0.015205,0.115659,-0.527207,-0.280230,0.023156,0.569721,0.289349,0.380071,0.382791,0.206185,0.372814,0.475613,-0.027334,0.089566,0.277366,0.705997
1.386808,0.000000,0.725254,0.656869,0.424185,0.532753,0.725016,0.796849,0.499433,0.424835,0.685231,1.043031,0.695436,0.784567,0.648058,0.656358,1.082415,1.205669,1.040324,1.286607,-0.026705,0.370725,0.585255,0.628633,0.234610,0.517689,0.318179,0.397533,0.759294,0.807891,0.630970,0.765187,1.103504,1.067944,0.015647,-0.039826,0.065341,-0.091774,0.088439,0.383235,0.299471,0.530951,0.808518,0.765566,0.747434,0.761662,0.815223,0.684991,0.745763,0.869799,0.499794,0.459855,0.654542,0.280153,0.540141,0.466869,1.322895,1.402411,0.547123,0.619223,0.845651,0.304667,0.650636,0.828777,0.096380,0.122536,0.587863,0.516467,0.896828,0.628136,0.274350,-0.077891,0.480701,0.726644,-0.017238,0.111969,-0.577872,-0.259972,0.132546,0.915494,0.524738,0.701442,0.529093,0.227510,0.592659,0.645486,0.029415,0.122952,0.355896,0.866467
0.907820,0.725254,0.000000,1.248125,0.317727,0.250225,1.051083,0.603169,0.352491,0.157638,0.843999,0.570404,0.459693,0.439855,0.333248,0.195604,0.451976,0.400874,1.303827,0.972616,-0.025079,0.180145,1.844327,1.531682,0.468475,0.431773,0.082233,0.123658,0.169418,0.206154,1.056190,0.771031,0.671861,0.485633,-0.086929,-0.216270,-0.317004,-0.433684,-0.081601,0.084054,0.059410,0.087021,0.571765,0.490102,0.493054,0.421742,0.328453,0.284808,0.352462,0.466061,0.333245,0.235134,0.188043,0.088238,0.071209,0.119680,0.459715,0.471911,-0.075355,-0.062734,0.123367,-0.294895,0.063306,0.062949,-0.038206,-0.168197,0.181373,0.078867,0.543221,0.334183,0.576266,0.287406,0.275077,0.333590,-0.080248,0.055313,-0.471180,-0.269844,-0.149262,0.328762,0.045796,0.179698,0.199723,0.212510,0.250199,0.421905,0.003427,-0.008610,-0.058079,0.289758
0.844113,0.656869,1.248125,0.000000,0.298905,0.222887,1.014229,1.064887,0.327078,0.349144,0.857675,0.847172,0.573313,0.790105,0.302294,0.385173,0.434135,0.370324,0.956578,0.866902,-0.173477,0.127630,1.158955,1.342131,0.335066,0.473323,-0.000888,0.055243,0.145230,0.151036,0.912459,0.993522,0.607008,0.543470,0.022160,-0.027849,-0.218449,-0.256106,0.037595,0.182372,0.049450,0.080757,0.507891,0.455728,0.361546,0.425402,0.281206,0.241335,0.370156,0.433567,0.373645,0.415624,0.248465,0.166432,0.165852,0.101579,0.364473,0.314542,0.036326,0.079029,0.223525,0.016465,0.244209,0.210619,0.172885,0.227840,0.189523,0.108140,0.332728,0.155532,0.576852,0.282558,0.295786,0.298679,-0.036965,0.173839,-0.265194,-0.054383,-0.177695,0.240618,-0.013342,0.130005,0.058666,0.133401,0.126551,0.369481,-0.114436,-0.071047,-0.004296,0.308020
0.352958,0.424185,0.317727,0.298905,0.000000,1.064850,0.407794,0.345861,0.757688,0.597775,0.265415,0.214035,0.236483,0.288774,0.840425,0.548529,0.303128,0.207202,0.280611,0.288008,0.363240,0.648124,0.258563,0.225798,0.497407,0.464678,0.829034,0.909281,0.370143,0.198410,0.524082,0.461712,0.299566,0.168365,0.349279,0.140209,0.162160,0.063956,0.204845,0.162581,0.470712,0.415372,0.223088,0.343419,0.295713,0.308354,0.307111,0.243738,0.322972,0.447854,0.342105,0.208291,0.359061,0.237591,0.390030,0.295873,0.319256,0.394126,0.315226,0.374027,0.293158,0.191616,0.384167,0.297002,0.244438,0.202212,0.486982,0.328280,0.317060,0.309160,0.160997,0.183102,0.553717,0.240234,0.178752,-0.012139,-0.221338,-0.189022,-0.143905,0.368170,0.267402,0.248417,0.494281,0.126448,0.449335,0.437468,0.012301,0.110405,0.305142,0.541393
0.375067,0.532753,0.250225,0.222887,1.064850,0.000000,0.364966,0.316054,0.789723,0.814634,0.306060,0.350627,0.357250,0.375456,0.859042,0.744367,0.457670,0.385716,0.286801,0.376822,0.226852,0.609931,0.164250,0.189961,0.458314,0.616067,0.890932,1.168159,0.470792,0.340115,0.409903,0.464799,0.364567,0.318563,0.248139,0.190127,0.281473,0.149443,0.195157,0.233550,0.368220,0.468509,0.289607,0.436943,0.356690,0.434209,0.492869,0.419034,0.384303,0.443424,0.381292,0.270085,0.485679,0.276491,0.478176,0.450174,0.498790,0.579163,0.384273,0.541880,0.401236,0.314030,0.427140,0.413097,0.160697,0.238046,0.586666,0.572117,0.452914,0.431167,0.049024,-0.052161,0.528491,0.465892,0.151338,0.022676,-0.339286,-0.260434,0.042468,0.481287,0.396990,0.401517,0.511950,0.107526,0.589169,0.632448,0.118739,0.226104,0.431522,0.746895
0.943691,0.725016,1.051083,1.014229,0.407794,0.364966,0.000000,1.046123,0.674039,0.428312,0.915897,0.667217,0.949601,0.715675,0.533934,0.393655,0.548441,0.463471,1.113268,0.957704,-0.154046,0.129641,0.982302,0.955742,0.268153,0.438670,-0.009866,0.065618,0.383769,0.313182,1.045541,1.051929,0.816223,0.702138,0.106201,0.047960,-0.207777,-0.233289,-0.037117,0.111853,0.017412,0.153385,0.661420,0.515998,0.624322,0.620312,0.436473,0.352556,0.505915,0.520655,0.347340,0.282323,0.299166,0.074935,0.142286,0.129924,0.392557,0.405962,0.197281,0.186162,0.271709,0.015226,0.343933,0.248956,0.169408,0.113291,0.472968,0.287129,0.546640,0.356789,0.440401,0.080971,0.288691,0.352754,0.021184,0.115899,-0.371560,-0.185756,-0.274556,0.259670,0.135276,0.303301,0.222668,0.122051,0.227541,0.418726,-0.075349,-0.096926,0.079032,0.361237
0.882798,0.796849,0.603169,1.064887,0.345861,0.316054,1.046123,0.000000,0.544762,0.665991,0.677244,1.013848,0.899057,1.165370,0.470895,0.683818,0.565914,0.625695,0.762657,0.878245,-0.200215,0.161858,0.589016,0.696554,0.071676,0.457421,-0.016307,0.043315,0.426326,0.410566,0.694038,1.148219,0.739097,0.817112,0.104951,0.146313,-0.082220,-0.048952,0.016462,0.225322,0.112205,0.281407,0.549392,0.461327,0.483618,0.571083,0.409262,0.316097,0.564800,0.583130,0.340717,0.488968,0.439217,0.223520,0.307951,0.161262,0.467545,0.415763,0.418575,0.465127,0.520100,0.441912,0.599160,0.555521,0.349775,0.535919,0.425285,0.306270,0.391811,0.269786,0.293263,0.016404,0.339153,0.439494,0.025299,0.265567,-0.231023,0.031157,-0.133165,0.353338,0.158995,0.416308,0.144947,0.126503,0.215417,0.361117,-0.125407,-0.037992,0.246457,0.480439
0.520217,0.499433,0.352491,0.327078,0.757688,0.789723,0.674039,0.544762,0.000000,0.912306,0.551153,0.417869,0.644376,0.507849,1.032649,0.676037,0.367476,0.395901,0.397959,0.393504,0.054122,0.339971,0.310680,0.271064,0.319770,0.574913,0.344086,0.408813,0.452169,0.367149,0.483803,0.479889,0.445365,0.328136,0.142788,0.088356,0.029613,-0.006189,0.077782,0.214240,0.329251,0.404946,0.490324,0.448913,0.502097,0.416719,0.532248,0.406779,0.520518,0.494179,0.312810,0.229370,0.418695,0.267302,0.351383,0.317622,0.360448,0.449730,0.383790,0.401576,0.324761,0.218788,0.366961,0.341218,0.287850,0.264160,0.549982,0.404402,0.420053,0.399247,0.049115,-0.067772,0.367821,0.385189,0.134876,0.068759,-0.342126,-0.244389,-0.129818,0.411328,0.270619,0.357328,0.437022,0.223162,0.434593,0.480735,0.075100,0.274430,0.386481,0.597008
0.370742,0.424835,0.157638,0.349144,0.597775,0.814634,0.428312,0.665991,0.912306,0.000000,0.386100,0.552418,0.557881,0.708933,0.752385,1.132829,0.315855,0.395697,0.211067,0.316200,-0.097283,0.313885,0.110508,0.185923,0.251293,0.553629,0.349077,0.462743,0.412226,0.370699,0.288034,0.502095,0.332860,0.306574,0.194088,0.272100,0.239724,0.244125,0.143527,0.297810,0.375467,0.393100,0.239466,0.335710,0.247903,0.341023,0.411710,0.320682,0.399683,0.356995,0.298021,0.322743,0.491405,0.344131,0.436479,0.324075,0.338265,0.355075,0.471401,0.607094,0.432661,0.619556,0.469729,0.478636,0.385631,0.641232,0.463143,0.412917,0.214439,0.276759,-0.079612,-0.121712,0.414321,0.435395,0.173068,0.201878,-0.217187,-0.074460,0.059710,0.382842,0.307566,0.491687,0.324593,0.157927,0.471862,0.553788,0.053838,0.272323,0.469457,0.658736
0.980621,0.685231,0.843999,0.857675,0.265415,0.306060,0.915897,0.677244,0.551153,0.386100,0.000000,0.992941,0.985292,0.933072,0.626433,0.376354,0.680371,0.492196,0.834915,0.662236,-0.182985,0.205471,0.804653,0.759624,0.264257,0.257616,0.123911,0.163999,0.454053,0.353472,0.624899,0.643365,0.533403,0.541201,-0.147516,-0.167111,-0.052365,-0.230074,0.165348,0.260301,0.054364,0.030925,0.489253,0.434698,0.408456,0.430816,0.426202,0.354520,0.554358,0.523726,0.606193,0.503341,0.390732,0.299446,0.257517,0.243422,0.428564,0.412351,0.208073,0.176690,0.275348,0.054469,0.268037,0.275513,0.142453,0.161122,0.277744,0.237115,0.396832,0.172906,0.404168,0.151972,0.308138,0.368497,-0.013858,0.049642,-0.461943,-0.326823,0.036121,0.306569,0.266594,0.218071,0.130820,0.016527,0.235692,0.438936,-0.244710,0.064267,0.119457,0.459880
0.998167,1.043031,0.570404,0.847172,0.214035,0.350627,0.667217,1.013848,0.417869,0.552418,0.992941,0.000000,0.886829,1.426829,0.505390,0.773097,0.921551,0.932991,0.696531,0.836975,-0.301207,0.240984,0.521510,0.646270,0.147507,0.431206,0.158504,0.209459,0.664890,0.700104,0.497793,0.821950,0.772597,0.888344,-0.026221,-0.003184,0.166592,-0.003498,0.250873,0.458195,0.177259,0.286293,0.591369,0.627896,0.467517,0.620530,0.616814,0.531873,0.637525,0.636344,0.569810,0.629695,0.613663,0.394962,0.482367,0.386184,0.769438,0.675816,0.461737,0.502856,0.689291,0.437370,0.676280,0.728380,0.202724,0.401000,0.391555,0.408739,0.496702,0.275147,0.310284,-0.000238,0.387454,0.621878,0.001158,0.219156,-0.361704,-0.100749,0.199004,0.572805,0.474448,0.525211,0.278549,0.113816,0.374976,0.543674,-0.218265,0.048461,0.264060,0.666785
0.918698,0.695436,0.459693,0.573313,0.236483,0.357250,0.949601,0.899057,0.644376,0.557881,0.985292,0.886829,0.000000,1.061342,0.683945,0.541418,0.792304,0.567434,0.671923,0.594174,-0.233873,0.056178,0.410291,0.415072,-0.015898,0.209333,0.001138,0.047482,0.648310,0.434982,0.434451,0.640021,0.616891,0.695477,0.003397,0.010187,0.098802,-0.019869,0.097112,0.224731,0.040024,0.166992,0.518213,0.439814,0.521445,0.635870,0.504115,0.447934,0.747332,0.648872,0.541975,0.593337,0.543148,0.273600,0.390763,0.335772,0.460262,0.408605,0.564680,0.501450,0.601349,0.375770,0.623730,0.559955,0.267909,0.307110,0.506235,0.425407,0.351936,0.182884,0.230369,-0.128992,0.316440,0.375165,0.110416,0.119090,-0.254561,-0.127293,-0.012278,0.268149,0.323080,0.314763,0.209796,0.026540,0.224876,0.316897,-0.102183,-0.002532,0.348103,0.533836
0.814599,0.784567,0.439855,0.790105,0.288774,0.375456,0.715675,1.165370,0.507849,0.708933,0.933072,1.426829,1.061342,0.000000,0.618898,0.809547,0.754672,0.734896,0.583337,0.640794,-0.296425,0.210619,0.398640,0.492411,0.101018,0.350706,0.132352,0.181812,0.573566,0.550653,0.452009,0.770981,0.572744,0.708818,0.005042,0.072060,0.119592,0.029783,0.195605,0.322853,0.146028,0.222793,0.488361,0.465654,0.385409,0.528377,0.467163,0.385411,0.582888,0.585628,0.447247,0.591457,0.505025,0.319695,0.425739,0.313370,0.535285,0.481136,0.493096,0.564566,0.585510,0.548553,0.677531,0.701119,0.327477,0.574378,0.403381,0.377349,0.319832,0.173139,0.249549,-0.001496,0.398500,0.501459,0.009709,0.194929,-0.264818,-0.040726,0.070624,0.452162,0.351083,0.484848,0.192256,0.048718,0.289936,0.433778,-0.229448,0.003030,0.318488,0.607650
0.634176,0.648058,0.333248,0.302294,0.840425,0.859042,0.533934,0.470895,1.032649,0.752385,0.626433,0.505390,0.683945,0.618898,0.000000,0.769539,0.534736,0.516233,0.471028,0.393496,0.118101,0.526046,0.241235,0.182959,0.296643,0.424204,0.586272,0.624927,0.607358,0.469147,0.381947,0.468262,0.445725,0.359922,0.180463,0.080606,0.218409,0.096527,0.144199,0.202260,0.426592,0.530570,0.424169,0.418928,0.528039,0.472523,0.542897,0.428088,0.550973,0.562339,0.474558,0.313918,0.540813,0.335929,0.488368,0.383360,0.496299,0.605417,0.540154,0.531698,0.522518,0.366280,0.517451,0.502816,0.489507,0.313519,0.660882,0.489939,0.423087,0.391263,0.009044,-0.044875,0.565138,0.449261,0.164118,0.057915,-0.363490,-0.266404,0.065017,0.548109,0.435146,0.442853,0.513384,0.067637,0.642698,0.515760,-0.023887,0.163110,0.523038,0.752482
0.447357,0.656358,0.195604,0.385173,0.548529,0.744367,0.393655,0.683818,0.676037,1.132829,0.376354,0.773097,0.541418,0.809547,0.769539,0.000000,0.553583,0.695190,0.263628,0.477696,-0.122520,0.363399,0.136797,0.300440,0.233705,0.692943,0.347194,0.463352,0.622944,0.627878,0.334795,0.676236,0.560934,0.527369,0.228173,0.219743,0.374034,0.285093,0.249692,0.383739,0.541440,0.603350,0.286194,0.399248,0.322214,0.452286,0.466311,0.365062,0.393724,0.465129,0.272031,0.308155,0.516365,0.355523,0.540847,0.464942,0.622848,0.639134,0.476436,0.633936,0.627180,0.616909,0.761142,0.698997,0.329753,0.456605,0.460447,0.448207,0.338116,0.347673,0.024918,-0.101738,0.567960,0.600273,0.185039,0.210390,-0.202846,-0.040173,0.187326,0.630387,0.549309,0.727660,0.463336,0.124503,0.647863,0.695804,-0.022881,0.195600,0.456816,0.822338
0.891051,1.082415,0.451976,0.434135,0.303128,0.457670,0.548441,0.565914,0.367476,0.315855,0.680371,0.921551,0.792304,0.754672,0.534736,0.553583,0.000000,1.016383,0.711461,0.809879,-0.101893,0.265370,0.371932,0.414040,0.175185,0.399847,0.312945,0.359631,1.045403,0.905640,0.482917,0.592003,0.804058,0.864503,-0.029149,-0.123235,0.217985,0.051450,0.230182,0.369601,0.145870,0.382564,0.576458,0.599660,0.480579,0.612016,0.675182,0.628372,0.674133,0.704479,0.635958,0.571865,0.729544,0.374904,0.573781,0.564753,1.100929,0.937884,0.524817,0.534946,0.702948,0.255345,0.814135,0.800089,-0.004769,0.035982,0.514271,0.502475,0.718026,0.479561,0.315535,-0.071301,0.423678,0.639725,0.028076,-0.017895,-0.383173,-0.197533,0.263329,0.591630,0.850775,0.631062,0.507161,0.053407,0.464115,0.521218,-0.164485,0.000176,0.273713,0.715645
0.804789,1.205669,0.400874,0.370324,0.207202,0.385716,0.463471,0.625695,0.395901,0.395697,0.492196,0.932991,0.567434,0.734896,0.516233,0.695190,1.016383,0.000000,0.659039,0.899851,-0.183197,0.236984,0.319607,0.392970,0.104693,0.453516,0.229439,0.286280,0.758578,1.004232,0.364563,0.601866,0.861734,0.855197,-0.031850,-0.038077,0.193617,0.077580,0.068260,0.318139,0.219232,0.522671,0.602360,0.605594,0.530834,0.546872,0.715985,0.572337,0.552679,0.602357,0.374022,0.338233,0.613126,0.328570,0.495082,0.431283,1.252535,1.298421,0.524234,0.614556,0.737775,0.366399,0.697868,0.847777,0.121638,0.130843,0.514606,0.499832,0.780288,0.680085,0.098047,-0.214639,0.411298,0.859860,-0.014846,0.179227,-0.392323,-0.134826,0.346483,0.952651,0.725115,1.081743,0.481335,0.144533,0.740982,0.595059,-0.015737,0.124672,0.407688,0.769700
1.190348,1.040324,1.303827,0.956578,0.280611,0.286801,1.113268,0.762657,0.397959,0.211067,0.834915,0.696531,0.671923,0.583337,0.471028,0.263628,0.711461,0.659039,0.000000,1.468051,-0.115493,0.133236,1.096205,0.981291,0.303803,0.360510,0.082422,0.121056,0.415097,0.440188,0.845114,0.797214,1.004708,0.820122,-0.044113,-0.117945,-0.196632,-0.273788,-0.052541,0.197560,0.050778,0.230739,0.764558,0.621309,0.757823,0.665644,0.536076,0.450880,0.568752,0.603234,0.399197,0.300846,0.340929,0.090018,0.215142,0.206100,0.719381,0.702046,0.173530,0.181686,0.343347,-0.082477,0.262317,0.291380,0.081369,-0.035819,0.454856,0.317412,0.841626,0.568610,0.358397,0.045379,0.318320,0.484284,-0.083334,0.083376,-0.506294,-0.265453,-0.038009,0.442721,0.229480,0.383192,0.276176,0.187417,0.376455,0.471777,-0.029421,-0.016351,0.099254,0.385892
1.058543,1.286607,0.972616,0.866902,0.288008,0.376822,0.957704,0.878245,0.393504,0.316200,0.662236,0.836975,0.594174,0.640794,0.393496,0.477696,0.809879,0.899851,1.468051,0.000000,-0.138443,0.149643,0.854866,0.944740,0.327282,0.479986,0.115218,0.189266,0.508064,0.608087,0.808079,0.900831,1.209485,1.080084,-0.009022,-0.025413,-0.128191,-0.132027,-0.045489,0.293280,0.127220,0.405952,0.761090,0.689740,0.711578,0.717366,0.646453,0.500538,0.550476,0.635843,0.336063,0.273114,0.416054,0.128394,0.328437,0.300488,0.979558,0.962343,0.230828,0.349517,0.423510,0.075894,0.418243,0.464892,-0.009385,0.032459,0.518293,0.455764,1.023807,0.781815,0.304456,-0.049130,0.341678,0.650026,-0.095924,0.085702,-0.475809,-0.181950,-0.003162,0.563079,0.381522,0.653853,0.349571,0.230196,0.492925,0.668584,0.021870,0.058852,0.152494,0.555504
-0.016280,-0.026705,-0.025079,-0.173477,0.363240,0.226852,-0.154046,-0.200215,0.054122,-0.097283,-0.182985,-0.301207,-0.233873,-0.296425,0.118101,-0.122520,-0.101893,-0.183197,-0.115493,-0.138443,0.000000,0.529487,-0.064858,-0.163999,0.143435,-0.005318,0.402732,0.375645,-0.082355,-0.155499,0.030766,-0.165468,-0.156915,-0.194028,-0.079759,-0.244053,0.037602,-0.085136,-0.026473,-0.040834,0.283728,0.257883,-0.097572,-0.106301,-0.081706,-0.200192,-0.116118,-0.037510,-0.058821,0.042730,0.023112,-0.039094,-0.028761,0.089156,0.048372,-0.002775,-0.051480,-0.013363,0.003321,-0.082115,-0.025922,-0.128729,-0.122647,-0.156181,-0.112951,-0.212169,-0.098419,-0.134317,0.022140,0.090044,0.115550,0.434252,0.209765,-0.015825,0.139093,-0.043352,0.080198,-0.046088,-0.077563,-0.019954,-0.168539,-0.183760,0.072405,0.154647,-0.031644,-0.149416,0.211936,0.240251,0.131614,0.052114
0.250942,0.370725,0.180145,0.127630,0.648124,0.609931,0.129641,0.161858,0.339971,0.313885,0.205471,0.240984,0.056178,0.210619,0.526046,0.363399,0.265370,0.236984,0.133236,0.149643,0.529487,0.000000,0.199019,0.115738,0.321874,0.361344,0.629644,0.750558,0.319242,0.268652,0.333512,0.264454,0.135735,0.238494,-0.089554,-0.173674,0.096757,0.006161,0.062217,0.064445,0.297848,0.449618,0.072026,0.142316,0.174199,0.130621,0.139184,0.170503,0.210490,0.326052,0.273057,0.233974,0.267193,0.228548,0.122539,0.114478,0.247547,0.382629,0.263646,0.316282,0.221421,0.149476,0.147965,0.290869,-0.035945,0.026420,0.087590,0.054736,0.240248,0.178686,0.250262,0.464043,0.592817,0.437244,0.221579,0.170299,-0.284295,-0.231608,0.066714,0.365813,0.204288,0.211171,0.221553,0.025977,0.206907,0.150514,-0.111830,0.114385,0.181404,0.416118
0.713805,0.585255,1.844327,1.158955,0.258563,0.164250,0.982302,0.589016,0.310680,0.110508,0.804653,0.521510,0.410291,0.398640,0.241235,0.136797,0.371932,0.319607,1.096205,0.854866,-0.064858,0.199019,0.000000,1.711855,0.454545,0.360483,-0.006720,0.017693,0.141488,0.163417,1.163992,0.793848,0.578225,0.492252,-0.156377,-0.265119,-0.422177,-0.506684,-0.144503,-0.023895,-0.027091,0.004781,0.443860,0.376543,0.443500,0.372923,0.207792,0.172423,0.286726,0.398402,0.253648,0.197312,0.100330,0.034957,-0.063409,0.004488,0.333946,0.355110,-0.175629,-0.131612,0.000070,-0.344617,0.000618,-0.001966,-0.120699,-0.211613,0.057032,-0.032441,0.463653,0.249209,0.604040,0.389300,0.211082,0.279230,-0.106366,0.031608,-0.473795,-0.288801,-0.175115,0.240261,0.032333,0.119917,0.108013,0.209316,0.118430,0.279807,-0.086390,-0.017865,-0.135530,0.159153
0.683185,0.628633,1.531682,1.342131,0.225798,0.189961,0.955742,0.696554,0.271064,0.185923,0.759624,0.646270,0.415072,0.492411,0.182959,0.300440,0.414040,0.392970,0.981291,0.944740,-0.163999,0.115738,1.711855,0.000000,0.392923,0.450738,-0.056461,0.010388,0.132289,0.189396,1.096134,0.945076,0.612774,0.543322,-0.107241,-0.180096,-0.309037,-0.402786,-0.106986,0.020684,0.001640,0.016682,0.432190,0.390025,0.368376,0.380213,0.236376,0.178160,0.226701,0.354882,0.200787,0.173943,0.123163,0.042278,-0.006954,0.043521,0.403051,0.390266,-0.178879,-0.096606,0.063722,-0.248376,0.090250,0.042238,-0.133822,-0.137476,0.051638,0.010945,0.422469,0.234622,0.577231,0.315938,0.206241,0.320100,-0.110374,0.073818,-0.411274,-0.224013,-0.140244,0.272334,0.075520,0.211517,0.101076,0.164453,0.183403,0.416363,-0.052599,-0.028056,-0.111345,0.241709
0.149143,0.234610,0.468475,0.335066,0.497407,0.458314,0.268153,0.071676,0.319770,0.251293,0.264257,0.147507,-0.015898,0.101018,0.296643,0.233705,0.175185,0.104693,0.303803,0.327282,0.143435,0.321874,0.454545,0.392923,0.000000,0.542990,0.520593,0.438603,0.162574,0.226613,0.501991,0.242818,0.296798,0.156643,0.260226,0.101702,-0.039642,-0.089656,0.151140,0.198643,0.343929,0.257664,0.145654,0.260967,0.145188,0.158682,0.110652,0.104764,-0.046023,0.045793,0.091562,-0.058655,-0.014699,-0.017898,0.019780,0.081983,0.175450,0.286064,-0.104902,0.018919,-0.103519,-0.132469,-0.004262,0.009226,-0.049545,-0.038375,0.225948,0.159311,0.353767,0.359951,0.225204,0.291029,0.309100,0.294634,0.059722,0.040016,-0.168303,-0.174283,0.035850,0.248298,0.263741,0.194542,0.375712,0.223356,0.318411,0.427883,-0.095067,0.069230,-0.094306,0.145851
0.398245,0.517689,0.431773,0.473323,0.464678,0.616067,0.438670,0.457421,0.574913,0.553629,0.257616,0.431206,0.209333,0.350706,0.424204,0.692943,0.399847,0.453516,0.360510,0.479986,-0.005318,0.361344,0.360483,0.450738,0.542990,0.000000,0.335466,0.439740,0.376945,0.531692,0.620056,0.663136,0.587990,0.403738,0.292568,0.150771,0.044866,0.042106,0.182539,0.323484,0.305613,0.482370,0.509240,0.550961,0.401606,0.430013,0.444494,0.450140,0.276643,0.342564,0.187940,0.217310,0.349344,0.264621,0.287879,0.344794,0.486284,0.549569,0.240114,0.296238,0.330112,0.098867,0.305706,0.322133,0.139079,0.130690,0.407764,0.307467,0.476412,0.468307,0.222414,0.029727,0.386306,0.502502,0.121972,0.171049,-0.292713,-0.187050,0.108180,0.562848,0.301899,0.426635,0.444462,0.139518,0.439310,0.512960,-0.014535,0.065394,0.052259,0.424508
0.217537,0.318179,0.082233,-0.000888,0.829034,0.890932,-0.009866,-0.016307,0.344086,0.349077,0.123911,0.158504,0.001138,0.132352,0.586272,0.347194,0.312945,0.229439,0.082422,0.115218,0.402732,0.629644,-0.006720,-0.056461,0.520593,0.335466,0.000000,1.661552,0.372384,0.289563,0.100390,0.065528,0.120537,0.038626,0.158241,0.036567,0.356845,0.153731,0.374749,0.331208,0.489391,0.412127,0.095141,0.321896,0.118747,0.179230,0.333584,0.340556,0.239606,0.328310,0.436987,0.286484,0.446095,0.341459,0.498750,0.419862,0.425335,0.456608,0.393947,0.443517,0.347396,0.233489,0.313951,0.350071,0.100419,0.114582,0.400268,0.410446,0.306982,0.296522,-0.029663,0.100394,0.429716,0.318943,0.092585,-0.019610,-0.223371,-0.216384,0.227203,0.375912,0.430346,0.256006,0.548505,0.174505,0.505071,0.458808,0.006925,0.278092,0.372121,0.556051
0.267839,0.397533,0.123658,0.055243,0.909281,1.168159,0.065618,0.043315,0.408813,0.462743,0.163999,0.209459,0.047482,0.181812,0.624927,0.463352,0.359631,0.286280,0.121056,0.189266,0.375645,0.750558,0.017693,0.010388,0.438603,0.439740,1.661552,0.000000,0.384480,0.271380,0.193294,0.189962,0.181179,0.096508,0.164516,0.082996,0.367385,0.165653,0.351141,0.297891,0.438557,0.458445,0.140236,0.333508,0.133414,0.209111,0.392968,0.352185,0.254643,0.341307,0.429943,0.274025,0.488327,0.346159,0.518737,0.428722,0.486035,0.529112,0.373926,0.474011,0.368618,0.242678,0.324207,0.366668,0.081268,0.138218,0.403336,0.432657,0.358896,0.342329,0.048343,0.093284,0.517383,0.405452,0.144162,0.016145,-0.284397,-0.245314,0.210504,0.431004,0.396810,0.314113,0.470309,0.051360,0.529982,0.551596,0.054215,0.257480,0.362260,0.675343
0.611305,0.759294,0.169418,0.145230,0.370143,0.470792,0.383769,0.426326,0.452169,0.412226,0.454053,0.664890,0.648310,0.573566,0.607358,0.622944,1.045403,0.758578,0.415097,0.508064,-0.082355,0.319242,0.141488,0.132289,0.162574,0.376945,0.372384,0.384480,0.000000,1.205314,0.337536,0.505613,0.642757,0.640912,0.102295,0.062107,0.290040,0.108603,0.362568,0.466105,0.315995,0.432102,0.430972,0.472270,0.498321,0.597400,0.591797,0.497074,0.609119,0.619883,0.440236,0.432861,0.643737,0.350920,0.542709,0.474241,0.756412,0.700980,0.585108,0.620374,0.624080,0.357681,0.795928,0.799903,0.050549,0.136473,0.575539,0.513286,0.569467,0.399382,0.043412,-0.168539,0.521355,0.580013,0.145720,0.061910,-0.417240,-0.317577,0.332417,0.528081,1.104046,0.748645,0.632283,0.059702,0.521158,0.485366,-0.275880,0.040573,0.194216,0.548848
0.547598,0.807891,0.206154,0.151036,0.198410,0.340115,0.313182,0.410566,0.367149,0.370699,0.353472,0.700104,0.434982,0.550653,0.469147,0.627878,0.905640,1.004232,0.440188,0.608087,-0.155499,0.268652,0.163417,0.189396,0.226613,0.531692,0.289563,0.271380,1.205314,0.000000,0.348880,0.470081,0.705295,0.653954,0.017197,-0.004300,0.145790,0.078229,0.153286,0.431231,0.269961,0.509409,0.563557,0.587959,0.557374,0.585757,0.653997,0.594319,0.477872,0.529298,0.234821,0.268052,0.493942,0.278327,0.404698,0.446810,0.871046,0.880916,0.460069,0.512206,0.550580,0.275039,0.622299,0.711249,-0.001662,0.055773,0.502130,0.458519,0.719544,0.620001,-0.003493,-0.252768,0.303598,0.688737,-0.042577,0.045664,-0.461473,-0.293657,0.356804,0.810137,1.060506,1.030286,0.697341,0.144780,0.605607,0.526259,-0.247684,-0.025915,0.116325,0.483674
0.643516,0.630970,1.056190,0.912459,0.524082,0.409903,1.045541,0.694038,0.483803,0.288034,0.624899,0.497793,0.434451,0.452009,0.381947,0.334795,0.482917,0.364563,0.845114,0.808079,0.030766,0.333512,1.163992,1.096134,0.501991,0.620056,0.100390,0.193294,0.337536,0.348880,0.000000,1.138358,0.684167,0.532347,0.079653,-0.063192,-0.368580,-0.415934,-0.091226,-0.013031,0.038095,0.202917,0.494608,0.404804,0.463653,0.428298,0.254272,0.200046,0.282894,0.406075,0.149511,0.145225,0.130068,0.023805,0.022861,0.041867,0.341292,0.391846,-0.054625,0.011106,0.082235,-0.181696,0.189835,0.119700,-0.045785,-0.077939,0.204001,0.053854,0.542190,0.352407,0.668818,0.343470,0.317230,0.366533,-0.020429,0.006500,-0.438491,-0.281968,-0.253009,0.344409,0.156464,0.268204,0.240472,0.125180,0.144682,0.299443,-0.108739,-0.127644,-0.192245,0.188511
0.738040,0.765187,0.771031,0.993522,0.461712,0.464799,1.051929,1.148219,0.479889,0.502095,0.643365,0.821950,0.640021,0.770981,0.468262,0.676236,0.592003,0.601866,0.797214,0.900831,-0.165468,0.264454,0.793848,0.945076,0.242818,0.663136,0.065528,0.189962,0.505613,0.470081,1.138358,0.000000,0.853662,0.760755,0.163863,0.085923,-0.119266,-0.161334,-0.007551,0.091830,0.075331,0.287177,0.541900,0.482320,0.495153,0.544240,0.410638,0.281961,0.373918,0.464427,0.238992,0.285953,0.346700,0.173663,0.188526,0.125853,0.492900,0.459718,0.146063,0.218039,0.346508,0.132516,0.461074,0.362851,0.155973,0.216177,0.323645,0.190166,0.523813,0.314504,0.468319,0.121684,0.383288,0.479514,0.014135,0.165439,-0.381943,-0.157338,-0.080512,0.407210,0.255444,0.434852,0.183810,-0.041356,0.258222,0.382138,-0.175367,-0.182716,-0.028116,0.345126
0.937102,1.103504,0.671861,0.607008,0.299566,0.364567,0.816223,0.739097,0.445365,0.332860,0.533403,0.772597,0.616891,0.572744,0.445725,0.560934,0.804058,0.861734,1.004708,1.209485,-0.156915,0.135735,0.578225,0.612774,0.296798,0.587990,0.120537,0.181179,0.642757,0.705295,0.684167,0.853662,0.000000,1.224857,0.301383,0.170388,0.056503,-0.006178,0.103357,0.381106,0.280751,0.533788,0.850523,0.791173,0.875067,0.912133,0.709413,0.600255,0.628351,0.622154,0.382135,0.273952,0.469709,0.155427,0.427766,0.377131,0.942146,0.911533,0.379484,0.387175,0.651582,0.224347,0.619893,0.593545,0.227320,0.134361,0.700352,0.555228,1.027694,0.729696,0.261522,-0.149036,0.383773,0.625831,0.058566,0.135482,-0.380874,-0.117689,0.128053,0.632210,0.445054,0.629385,0.439973,0.232529,0.534079,0.560976,0.064676,0.055654,0.214949,0.510345
0.795844,1.067944,0.485633,0.543470,0.168365,0.318563,0.702138,0.817112,0.328136,0.306574,0.541201,0.888344,0.695477,0.708818,0.359922,0.527369,0.864503,0.855197,0.820122,1.080084,-0.194028,0.238494,0.492252,0.543322,0.156643,0.403738,0.038626,0.096508,0.640912,0.653954,0.532347,0.760755,1.224857,0.000000,0.112546,0.116219,0.041350,0.022506,0.009864,0.286898,0.119945,0.417930,0.597581,0.554442,0.692864,0.815227,0.522910,0.486447,0.594678,0.571094,0.362797,0.350941,0.408073,0.076893,0.302291,0.291756,0.799140,0.826347,0.405302,0.488392,0.607978,0.358001,0.624639,0.681188,0.086773,0.193868,0.508856,0.487631,0.717815,0.503954,0.220569,-0.153107,0.294801,0.598828,0.024315,0.127300,-0.356836,-0.091128,0.132082,0.532794,0.437952,0.573028,0.249502,0.160255,0.350918,0.399570,-0.028947,0.082008,0.315028,0.523346
-0.041422,0.015647,-0.086929,0.022160,0.349279,0.248139,0.106201,0.104951,0.142788,0.194088,-0.147516,-0.026221,0.003397,0.005042,0.180463,0.228173,-0.029149,-0.031850,-0.044113,-0.009022,-0.079759,-0.089554,-0.156377,-0.107241,0.260226,0.292568,0.158241,0.164516,0.102295,0.017197,0.079653,0.163863,0.301383,0.112546,0.000000,1.116535,0.350392,0.370275,0.297167,0.220637,0.298245,0.224906,0.104800,0.133162,0.117525,0.238143,0.055230,0.022572,-0.079699,-0.133339,0.004837,-0.149797,0.019034,-0.176129,0.153923,-0.001007,-0.007900,0.001437,0.188290,0.197208,0.225781,0.392419,0.346436,0.184233,0.698187,0.474514,0.553224,0.355678,0.024107,0.068059,-0.200284,-0.225201,0.152966,-0.004049,0.266286,0.176249,0.222992,0.258271,0.063211,0.036026,0.095445,0.112941,0.227867,0.046629,0.313121,0.238733,0.094580,-0.022091,0.163897,0.067222
-0.117739,-0.039826,-0.216270,-0.027849,0.140209,0.190127,0.047960,0.146313,0.088356,0.272100,-0.167111,-0.003184,0.010187,0.072060,0.080606,0.219743,-0.123235,-0.038077,-0.117945,-0.025413,-0.244053,-0.173674,-0.265119,-0.180096,0.101702,0.150771,0.036567,0.082996,0.062107,-0.004300,-0.063192,0.085923,0.170388,0.116219,1.116535,0.000000,0.246427,0.428635,0.175346,0.130729,0.178924,0.095462,0.038582,0.030102,0.071297,0.231349,0.034945,-0.077162,-0.125393,-0.205161,-0.096197,-0.173530,-0.064390,-0.269645,0.091141,-0.073899,-0.080983,-0.055684,0.132335,0.257995,0.110879,0.534101,0.311160,0.217166,0.592505,0.689836,0.442030,0.420788,-0.084285,-0.008241,-0.324549,-0.375885,0.034469,-0.046908,0.188887,0.189026,0.246650,0.328207,0.032712,0.013689,0.076645,0.191351,0.123538,-0.010912,0.253709,0.267790,0.126073,-0.021429,0.190890,0.047546
-0.036217,0.065341,-0.317004,-0.218449,0.162160,0.281473,-0.207777,-0.082220,0.029613,0.239724,-0.052365,0.166592,0.098802,0.119592,0.218409,0.374034,0.217985,0.193617,-0.196632,-0.128191,0.037602,0.096757,-0.422177,-0.309037,-0.039642,0.044866,0.356845,0.367385,0.290040,0.145790,-0.368580,-0.119266,0.056503,0.041350,0.350392,0.246427,0.000000,0.776112,0.580247,0.386060,0.458403,0.176385,-0.043800,0.103025,0.013362,0.135855,0.230776,0.266900,0.162390,0.065582,0.427225,0.212391,0.449647,0.358753,0.499203,0.409194,0.229652,0.173550,0.398051,0.343215,0.429908,0.470779,0.397391,0.284362,0.318128,0.286602,0.371081,0.445696,0.035791,0.091525,-0.271228,-0.176363,0.378650,0.256861,0.439015,0.233689,0.335507,0.277607,0.526094,0.108757,0.353083,0.211676,0.200285,0.015713,0.429100,0.331166,0.088200,0.237971,0.564235,0.394050
-0.229936,-0.091774,-0.433684,-0.256106,0.063956,0.149443,-0.233289,-0.048952,-0.006189,0.244125,-0.230074,-0.003498,-0.019869,0.029783,0.096527,0.285093,0.051450,0.077580,-0.273788,-0.132027,-0.085136,0.006161,-0.506684,-0.402786,-0.089656,0.042106,0.153731,0.165653,0.108603,0.078229,-0.415934,-0.161334,-0.006178,0.022506,0.370275,0.428635,0.776112,0.000000,0.207416,0.302284,0.215299,0.267438,-0.048600,0.050879,-0.063003,0.055453,0.181959,0.199172,0.076321,-0.017966,0.205068,0.132307,0.337009,0.262616,0.350916,0.279282,0.137275,0.094355,0.320780,0.403202,0.198543,0.563145,0.356911,0.301346,0.334627,0.398455,0.397292,0.446863,-0.014077,0.146938,-0.413834,-0.370293,0.110993,0.159815,0.186116,0.117012,0.485108,0.601126,0.277264,0.013144,0.218615,0.251160,0.040292,-0.090899,0.321981,0.270299,0.155425,0.103819,0.462629,0.345754
0.144691,0.088439,-0.081601,0.037595,0.204845,0.195157,-0.037117,0.016462,0.077782,0.143527,0.165348,0.250873,0.097112,0.195605,0.144199,0.249692,0.230182,0.068260,-0.052541,-0.045489,-0.026473,0.062217,-0.144503,-0.106986,0.151140,0.182539,0.374749,0.351141,0.362568,0.153286,-0.091226,-0.007551,0.103357,0.009864,0.297167,0.175346,0.580247,0.207416,0.000000,0.778016,0.405083,0.050156,-0.003152,0.144513,-0.039854,0.131339,0.133315,0.157290,0.239648,0.166758,0.430842,0.355932,0.356571,0.366229,0.523482,0.355966,0.166039,0.054272,0.306888,0.218322,0.325594,0.256851,0.318882,0.236102,0.249660,0.266948,0.252889,0.243102,0.030385,-0.051620,0.016347,0.086086,0.329053,0.105478,0.263299,0.086863,0.080405,-0.020810,0.405981,0.068724,0.235009,-0.029805,0.236603,0.127763,0.158803,0.255481,-0.270767,0.197621,0.111617,0.191279
0.402494,0.383235,0.084054,0.182372,0.162581,0.233550,0.111853,0.225322,0.214240,0.297810,0.260301,0.458195,0.224731,0.322853,0.202260,0.383739,0.369601,0.318139,0.197560,0.293280,-0.040834,0.064445,-0.023895,0.020684,0.198643,0.323484,0.331208,0.297891,0.466105,0.431231,-0.013031,0.091830,0.381106,0.286898,0.220637,0.130729,0.386060,0.302284,0.778016,0.000000,0.485931,0.341964,0.280534,0.414240,0.183620,0.324556,0.427191,0.484956,0.459963,0.385166,0.457477,0.453453,0.532569,0.412007,0.597442,0.458778,0.480068,0.351567,0.490579,0.455342,0.540776,0.418338,0.448344,0.470255,0.229865,0.329721,0.467176,0.432266,0.320701,0.280036,-0.195481,-0.198271,0.282897,0.307016,0.097661,0.151258,-0.087941,0.026252,0.272003,0.241251,0.373089,0.243086,0.415961,0.369661,0.376923,0.469554,-0.080254,0.324439,0.251382,0.477075
0.221280,0.299471,0.059410,0.049450,0.470712,0.368220,0.017412,0.112205,0.329251,0.375467,0.054364,0.177259,0.040024,0.146028,0.426592,0.541440,0.145870,0.219232,0.050778,0.127220,0.283728,0.297848,-0.027091,0.001640,0.343929,0.305613,0.489391,0.438557,0.315995,0.269961,0.038095,0.075331,0.280751,0.119945,0.298245,0.178924,0.458403,0.215299,0.405083,0.485931,0.000000,0.660147,0.045705,0.137956,0.113793,0.114260,0.127269,0.134992,0.127405,0.208789,0.149894,0.038986,0.207436,0.188810,0.328853,0.238790,0.305863,0.341254,0.289781,0.279103,0.375025,0.373708,0.384622,0.344387,0.306381,0.229663,0.261431,0.230144,0.143672,0.180866,-0.212865,0.037252,0.491940,0.301545,0.301119,0.151980,-0.017144,0.016061,0.259586,0.394963,0.327500,0.267991,0.432035,0.333898,0.505349,0.438104,0.100295,0.450142,0.412100,0.479595
0.353863,0.530951,0.087021,0.080757,0.415372,0.468509,0.153385,0.281407,0.404946,0.393100,0.030925,0.286293,0.166992,0.222793,0.530570,0.603350,0.382564,0.522671,0.230739,0.405952,0.257883,0.449618,0.004781,0.016682,0.257664,0.482370,0.412127,0.458445,0.432102,0.509409,0.202917,0.287177,0.533788,0.417930,0.224906,0.095462,0.176385,0.267438,0.050156,0.341964,0.660147,0.000000,0.279267,0.330257,0.245518,0.250878,0.341748,0.322456,0.237238,0.309929,0.078180,0.049517,0.337511,0.183815,0.338143,0.211065,0.567438,0.629285,0.458896,0.509223,0.518802,0.446502,0.543100,0.593352,0.251426,0.213834,0.423923,0.303425,0.475613,0.551319,-0.070779,-0.034316,0.543030,0.622224,0.291470,0.274908,-0.083146,0.040367,0.200175,0.603167,0.393592,0.552722,0.396743,0.128622,0.540326,0.378015,0.141633,0.222100,0.346623,0.569706
0.806822,0.808518,0.571765,0.507891,0.223088,0.289607,0.661420,0.549392,0.490324,0.239466,0.489253,0.591369,0.518213,0.488361,0.424169,0.286194,0.576458,0.602360,0.764558,0.761090,-0.097572,0.072026,0.443860,0.432190,0.145654,0.509240,0.095141,0.140236,0.430972,0.563557,0.494608,0.541900,0.850523,0.597581,0.104800,0.038582,-0.043800,-0.048600,-0.003152,0.280534,0.045705,0.279267,0.000000,1.405486,1.118551,0.900676,1.225913,1.045506,0.732115,0.719215,0.410813,0.377884,0.533778,0.287337,0.495018,0.459188,0.712441,0.694135,0.324787,0.313452,0.477499,0.030424,0.405893,0.397876,0.153336,0.047358,0.730892,0.599036,0.910012,0.708909,0.199630,-0.222953,0.126253,0.379543,-0.185814,-0.035898,-0.452058,-0.166934,-0.020805,0.615370,0.237586,0.416764,0.374455,0.172334,0.409640,0.444201,0.053509,-0.050856,0.146784,0.437797
0.722320,0.765566,0.490102,0.455728,0.343419,0.436943,0.515998,0.461327,0.448913,0.335710,0.434698,0.627896,0.439814,0.465654,0.418928,0.399248,0.599660,0.605594,0.621309,0.689740,-0.106301,0.142316,0.376543,0.390025,0.260967,0.550961,0.321896,0.333508,0.472270,0.587959,0.404804,0.482320,0.791173,0.554442,0.133162,0.030102,0.103025,0.050879,0.144513,0.414240,0.137956,0.330257,1.405486,0.000000,0.938609,1.023881,1.392999,1.448632,0.806715,0.817632,0.566351,0.529001,0.678917,0.466224,0.709444,0.725199,0.813972,0.758893,0.429353,0.445267,0.601016,0.130484,0.504193,0.469634,0.145148,0.077331,0.846085,0.761170,0.891971,0.736328,0.127468,-0.204082,0.215227,0.399768,-0.146472,-0.011639,-0.425726,-0.200232,0.095529,0.649015,0.394733,0.460705,0.545037,0.277068,0.563408,0.569805,0.045422,0.041938,0.245206,0.549818
0.672757,0.747434,0.493054,0.361546,0.295713,0.356690,0.624322,0.483618,0.502097,0.247903,0.408456,0.467517,0.521445,0.385409,0.528039,0.322214,0.480579,0.530834,0.757823,0.711578,-0.081706,0.174199,0.443500,0.368376,0.145188,0.401606,0.118747,0.133414,0.498321,0.557374,0.463653,0.495153,0.875067,0.692864,0.117525,0.071297,0.013362,-0.063003,-0.039854,0.183620,0.113793,0.245518,1.118551,0.938609,0.000000,1.270270,0.890594,0.748004,0.849090,0.820589,0.374729,0.315168,0.440319,0.173773,0.379302,0.435571,0.605798,0.693895,0.311998,0.328832,0.451287,0.051690,0.365779,0.364208,0.189845,0.001685,0.743713,0.605019,0.904537,0.711503,0.081458,-0.198524,0.210153,0.394372,-0.080964,-0.028965,-0.531798,-0.282125,0.041810,0.533147,0.314039,0.411201,0.418286,0.233009,0.431922,0.356888,-0.009160,-0.030920,0.198542,0.336204
0.670898,0.761662,0.421742,0.425402,0.308354,0.434209,0.620312,0.571083,0.416719,0.341023,0.430816,0.620530,0.635870,0.528377,0.472523,0.452286,0.612016,0.546872,0.665644,0.717366,-0.200192,0.130621,0.372923,0.380213,0.158682,0.430013,0.179230,0.209111,0.597400,0.585757,0.428298,0.544240,0.912133,0.815227,0.238143,0.231349,0.135855,0.055453,0.131339,0.324556,0.114260,0.250878,0.900676,1.023881,1.270270,0.000000,0.872496,0.841634,0.914253,0.892961,0.534542,0.495710,0.577052,0.242414,0.577245,0.598624,0.652690,0.664452,0.438654,0.539218,0.635923,0.265708,0.610914,0.550516,0.204948,0.148026,0.903820,0.878888,0.769048,0.573426,0.100448,-0.270462,0.256701,0.376473,-0.013041,0.001230,-0.391728,-0.196142,0.053160,0.448883,0.451247,0.470891,0.486471,0.236493,0.519043,0.488756,0.011373,-0.007619,0.299193,0.471960
0.717118,0.815223,0.328453,0.281206,0.307111,0.492869,0.436473,0.409262,0.532248,0.411710,0.426202,0.616814,0.504115,0.467163,0.542897,0.466311,0.675182,0.715985,0.536076,0.646453,-0.116118,0.139184,0.207792,0.236376,0.110652,0.444494,0.333584,0.392968,0.591797,0.653997,0.254272,0.410638,0.709413,0.522910,0.055230,0.034945,0.230776,0.181959,0.133315,0.427191,0.127269,0.341748,1.225913,1.392999,0.890594,0.872496,0.000000,1.460782,0.907309,0.852649,0.651812,0.535719,0.982798,0.574211,0.880175,0.837491,0.925995,0.870010,0.552072,0.578054,0.634459,0.227275,0.515179,0.565332,0.099586,0.099491,0.891350,0.875069,0.925686,0.812806,-0.005092,-0.365682,0.154446,0.433049,-0.185382,-0.076280,-0.449038,-0.196076,0.144791,0.646887,0.496312,0.568254,0.558472,0.161003,0.632616,0.637135,0.116032,0.057766,0.367255,0.745863
0.647412,0.684991,0.284808,0.241335,0.243738,0.419034,0.352556,0.316097,0.406779,0.320682,0.354520,0.531873,0.447934,0.385411,0.428088,0.365062,0.628372,0.572337,0.450880,0.500538,-0.037510,0.170503,0.172423,0.178160,0.104764,0.450140,0.340556,0.352185,0.497074,0.594319,0.200046,0.281961,0.600255,0.486447,0.022572,-0.077162,0.266900,0.199172,0.157290,0.484956,0.134992,0.322456,1.045506,1.448632,0.748004,0.841634,1.460782,0.000000,0.915436,0.836811,0.721061,0.672412,0.893253,0.671227,0.837543,0.953819,0.800435,0.749570,0.583141,0.524288,0.680465,0.195461,0.475052,0.499219,0.093237,0.039476,0.798384,0.786558,0.766374,0.659598,0.042550,-0.300632,0.175230,0.391449,-0.118965,-0.068912,-0.326894,-0.163150,0.161024,0.570054,0.425969,0.406718,0.544947,0.263354,0.523255,0.485697,0.144456,0.106316,0.392592,0.659901
