0.000000,0.000000,0.413747,0.000000,0.000000,0.000000,0.362451,0.000000,0.000000,0.000000,0.356974,0.552655,0.302612,0.574374,0.000000,0.000000,0.345800,0.000000,0.461964,0.000000,0.000000,0.000000,0.000000,0.000000,0.000000,0.000000,0.000000,0.000000,0.385412,0.000000,0.000000,0.000000,0.442917,0.401492,0.000000,0.000000,0.000000,0.000000,0.000000,0.000000,0.000000,0.000000,0.000000,0.000000,0.000000,0.000000,0.000000,0.000000,0.000000,0.000000,0.000000,0.000000,0.000000,0.000000,0.000000,0.000000,0.344159,0.000000,0.000000,0.000000,0.450272,0.412674,0.418377,0.000000,0.000000,0.000000,0.425620,0.000000,0.000000,0.000000,0.435099,0.000000,0.000000,0.000000,0.000000,0.000000,0.448880,0.000000,0.435974,0.000000,0.458956,0.000000,0.000000,0.000000,0.443469,0.000000,0.000000,0.000000,0.000000,0.000000
0.000000,0.000000,0.419803,0.366919,0.000000,0.000000,0.000000,0.390486,0.000000,0.000000,0.000000,0.326944,0.453287,0.000000,0.000000,0.000000,0.000000,0.000000,0.360398,0.351846,0.000000,0.000000,0.413239,0.000000,0.000000,0.000000,0.000000,0.000000,0.458767,0.000000,0.412489,0.408198,0.000000,0.376526,0.000000,0.000000,0.000000,0.000000,0.000000,0.000000,0.000000,0.000000,0.000000,0.000000,0.000000,0.000000,0.000000,0.000000,0.000000,0.000000,0.000000,0.000000,0.000000,0.000000,0.000000,0.000000,0.000000,0.400929,0.000000,0.434969,0.000000,0.000000,0.000000,0.000000,0.000000,0.000000,0.000000,0.000000,0.377842,0.000000,0.000000,0.391971,0.000000,0.000000,0.000000,0.000000,0.000000,0.000000,0.000000,0.000000,0.000000,0.000000,0.000000,0.000000,0.000000,0.000000,0.000000,0.000000,0.000000,0.000000
0.413747,0.419803,0.000000,0.428380,0.000000,0.000000,0.381143,0.441933,0.000000,0.000000,0.333713,0.000000,0.000000,0.000000,0.000000,0.000000,0.000000,0.000000,0.405850,0.417996,0.000000,0.000000,0.324974,0.346312,0.000000,0.000000,0.000000,0.000000,0.000000,0.000000,0.364479,0.440283,0.465066,0.427969,0.000000,0.000000,0.000000,0.000000,0.000000,0.000000,0.000000,0.000000,0.000000,0.000000,0.000000,0.000000,0.000000,0.000000,0.000000,0.000000,0.000000,0.000000,0.000000,0.000000,0.000000,0.000000,0.000000,0.000000,0.000000,0.000000,0.000000,0.000000,0.000000,0.000000,0.000000,0.000000,0.000000,0.000000,0.498077,0.000000,0.000000,0.000000,0.000000,0.000000,0.000000,0.000000,0.000000,0.000000,0.000000,0.000000,0.000000,0.000000,0.000000,0.000000,0.000000,0.000000,0.000000,0.000000,0.000000,0.000000
0.000000,0.366919,0.428380,0.000000,0.000000,0.000000,0.418431,0.333822,0.000000,0.000000,0.000000,0.000000,0.000000,0.000000,0.000000,0.000000,0.000000,0.000000,0.000000,0.359743,0.000000,0.000000,0.000000,0.336645,0.400069,0.402628,0.000000,0.000000,0.000000,0.000000,0.420213,0.403007,0.411126,0.421631,0.000000,0.000000,0.000000,0.000000,0.000000,0.000000,0.000000,0.000000,0.000000,0.000000,0.000000,0.000000,0.000000,0.000000,0.000000,0.000000,0.000000,0.000000,0.000000,0.000000,0.000000,0.000000,0.000000,0.000000,0.000000,0.000000,0.000000,0.000000,0.000000,0.000000,0.000000,0.000000,0.000000,0.000000,0.000000,0.000000,0.000000,0.000000,0.000000,0.000000,0.000000,0.000000,0.000000,0.000000,0.000000,0.000000,0.000000,0.000000,0.000000,0.000000,0.000000,0.000000,0.000000,0.000000,0.000000,0.000000
0.000000,0.000000,0.000000,0.000000,0.000000,0.000000,0.000000,0.000000,0.265760,0.000000,0.000000,0.000000,0.000000,0.000000,0.286819,0.000000,0.000000,0.000000,0.000000,0.000000,0.000000,0.000000,0.000000,0.000000,0.327702,0.000000,0.260555,0.000000,0.404742,0.000000,0.344640,0.372183,0.000000,0.000000,0.000000,0.000000,0.000000,0.000000,0.000000,0.000000,0.000000,0.000000,0.000000,0.000000,0.000000,0.000000,0.000000,0.000000,0.000000,0.000000,0.000000,0.000000,0.000000,0.000000,0.000000,0.000000,0.000000,0.000000,0.000000,0.000000,0.000000,0.000000,0.000000,0.000000,0.000000,0.000000,0.000000,0.000000,0.000000,0.000000,0.299831,0.364130,0.000000,0.000000,0.000000,0.000000,0.000000,0.471942,0.000000,0.000000,0.000000,0.000000,0.000000,0.000000,0.000000,0.000000,0.000000,0.000000,0.000000,0.000000
0.000000,0.000000,0.000000,0.000000,0.000000,0.000000,0.000000,0.000000,0.000000,0.000000,0.000000,0.000000,0.000000,0.000000,0.000000,0.252637,0.000000,0.000000,0.000000,0.000000,0.000000,0.000000,0.000000,0.000000,0.000000,0.000000,0.000000,0.000000,0.000000,0.244982,0.000000,0.000000,0.000000,0.000000,0.000000,0.000000,0.000000,0.000000,0.000000,0.000000,0.000000,0.000000,0.000000,0.000000,0.000000,0.000000,0.000000,0.000000,0.000000,0.000000,0.000000,0.000000,0.000000,0.000000,0.000000,0.000000,0.000000,0.000000,0.000000,0.000000,0.000000,0.000000,0.000000,0.000000,0.000000,0.000000,0.000000,0.000000,0.000000,0.000000,0.000000,0.000000,0.000000,0.000000,0.000000,0.000000,0.000000,0.000000,0.000000,0.000000,0.000000,0.000000,0.000000,0.000000,0.000000,0.000000,0.000000,0.000000,0.000000,0.000000
0.362451,0.000000,0.381143,0.418431,0.000000,0.000000,0.000000,0.413661,0.000000,0.000000,0.334341,0.000000,0.312875,0.000000,0.000000,0.000000,0.000000,0.000000,0.391338,0.406404,0.000000,0.000000,0.000000,0.415190,0.000000,0.000000,0.000000,0.000000,0.000000,0.000000,0.000000,0.449017,0.425900,0.412883,0.000000,0.000000,0.000000,0.000000,0.000000,0.000000,0.000000,0.000000,0.000000,0.000000,0.000000,0.000000,0.000000,0.000000,0.000000,0.000000,0.000000,0.000000,0.000000,0.000000,0.000000,0.000000,0.000000,0.000000,0.000000,0.000000,0.000000,0.000000,0.000000,0.000000,0.000000,0.000000,0.000000,0.000000,0.000000,0.000000,0.463701,0.000000,0.000000,0.000000,0.000000,0.000000,0.000000,0.000000,0.000000,0.000000,0.000000,0.000000,0.000000,0.000000,0.000000,0.000000,0.000000,0.000000,0.000000,0.000000
0.000000,0.390486,0.441933,0.333822,0.000000,0.000000,0.413661,0.000000,0.000000,0.000000,0.000000,0.347216,0.418985,0.271352,0.000000,0.000000,0.000000,0.000000,0.000000,0.000000,0.000000,0.000000,0.000000,0.343579,0.000000,0.337243,0.000000,0.000000,0.000000,0.000000,0.429010,0.406658,0.435216,0.432279,0.000000,0.000000,0.000000,0.000000,0.000000,0.000000,0.000000,0.000000,0.000000,0.000000,0.000000,0.000000,0.000000,0.000000,0.000000,0.000000,0.000000,0.000000,0.000000,0.000000,0.000000,0.000000,0.000000,0.401546,0.000000,0.000000,0.000000,0.000000,0.000000,0.000000,0.000000,0.000000,0.000000,0.000000,0.000000,0.000000,0.000000,0.000000,0.000000,0.000000,0.000000,0.000000,0.000000,0.000000,0.000000,0.000000,0.000000,0.000000,0.000000,0.000000,0.000000,0.000000,0.000000,0.000000,0.000000,0.000000
0.000000,0.000000,0.000000,0.000000,0.265760,0.000000,0.000000,0.000000,0.000000,0.000000,0.000000,0.000000,0.000000,0.000000,0.245835,0.000000,0.000000,0.000000,0.000000,0.000000,0.000000,0.000000,0.000000,0.000000,0.000000,0.000000,0.000000,0.000000,0.000000,0.000000,0.306285,0.000000,0.000000,0.000000,0.000000,0.000000,0.000000,0.000000,0.000000,0.000000,0.000000,0.000000,0.000000,0.000000,0.000000,0.000000,0.000000,0.000000,0.000000,0.000000,0.000000,0.000000,0.000000,0.000000,0.000000,0.000000,0.000000,0.000000,0.000000,0.000000,0.000000,0.000000,0.000000,0.000000,0.000000,0.000000,0.000000,0.000000,0.000000,0.000000,0.360283,0.000000,0.394425,0.000000,0.310855,0.000000,0.000000,0.000000,0.000000,0.000000,0.000000,0.000000,0.000000,0.000000,0.000000,0.000000,0.000000,0.000000,0.000000,0.000000
0.000000,0.000000,0.000000,0.000000,0.000000,0.000000,0.000000,0.000000,0.000000,0.000000,0.000000,0.000000,0.000000,0.000000,0.000000,0.326196,0.000000,0.000000,0.000000,0.000000,0.000000,0.000000,0.000000,0.000000,0.000000,0.000000,0.000000,0.000000,0.000000,0.000000,0.000000,0.000000,0.000000,0.000000,0.000000,0.000000,0.000000,0.000000,0.000000,0.000000,0.000000,0.000000,0.000000,0.000000,0.000000,0.000000,0.000000,0.000000,0.000000,0.000000,0.000000,0.000000,0.000000,0.000000,0.000000,0.000000,0.000000,0.000000,0.000000,0.000000,0.000000,0.000000,0.000000,0.000000,0.000000,0.000000,0.000000,0.000000,0.000000,0.000000,0.000000,0.000000,0.000000,0.000000,0.000000,0.000000,0.000000,0.000000,0.000000,0.000000,0.000000,0.000000,0.000000,0.000000,0.000000,0.000000,0.000000,0.000000,0.000000,0.000000
0.356974,0.000000,0.333713,0.000000,0.000000,0.000000,0.334341,0.000000,0.000000,0.000000,0.000000,0.000000,0.314762,0.000000,0.000000,0.000000,0.358327,0.000000,0.000000,0.000000,0.000000,0.000000,0.000000,0.000000,0.000000,0.000000,0.000000,0.000000,0.330236,0.000000,0.000000,0.000000,0.295036,0.528826,0.000000,0.000000,0.000000,0.000000,0.000000,0.000000,0.000000,0.000000,0.000000,0.000000,0.000000,0.000000,0.000000,0.000000,0.000000,0.000000,0.000000,0.000000,0.000000,0.000000,0.000000,0.000000,0.355198,0.461753,0.000000,0.000000,0.000000,0.000000,0.444175,0.000000,0.000000,0.000000,0.000000,0.000000,0.000000,0.000000,0.000000,0.000000,0.478980,0.000000,0.000000,0.000000,0.448879,0.000000,0.440692,0.000000,0.482816,0.000000,0.000000,0.000000,0.520278,0.000000,0.000000,0.000000,0.000000,0.000000
0.552655,0.326944,0.000000,0.000000,0.000000,0.000000,0.000000,0.347216,0.000000,0.000000,0.000000,0.000000,0.000000,0.303262,0.000000,0.000000,0.000000,0.000000,0.000000,0.000000,0.000000,0.000000,0.000000,0.000000,0.000000,0.000000,0.000000,0.000000,0.000000,0.360896,0.349609,0.000000,0.000000,0.000000,0.000000,0.000000,0.000000,0.000000,0.000000,0.000000,0.000000,0.000000,0.000000,0.000000,0.000000,0.000000,0.000000,0.000000,0.000000,0.000000,0.000000,0.000000,0.000000,0.000000,0.000000,0.000000,0.000000,0.000000,0.000000,0.000000,0.000000,0.000000,0.000000,0.000000,0.000000,0.000000,0.000000,0.000000,0.000000,0.000000,0.000000,0.382720,0.000000,0.320463,0.000000,0.616689,0.000000,0.000000,0.000000,0.000000,0.000000,0.000000,0.000000,0.000000,0.000000,0.000000,0.000000,0.000000,0.000000,0.000000
0.302612,0.453287,0.000000,0.000000,0.000000,0.000000,0.312875,0.418985,0.000000,0.000000,0.314762,0.000000,0.000000,0.000000,0.000000,0.000000,0.000000,0.000000,0.000000,0.000000,0.000000,0.000000,0.000000,0.000000,0.000000,0.000000,0.000000,0.000000,0.298433,0.000000,0.000000,0.000000,0.000000,0.424424,0.000000,0.000000,0.000000,0.000000,0.000000,0.000000,0.000000,0.000000,0.000000,0.000000,0.000000,0.000000,0.000000,0.000000,0.000000,0.000000,0.000000,0.000000,0.000000,0.000000,0.000000,0.000000,0.318589,0.444371,0.000000,0.000000,0.000000,0.000000,0.000000,0.000000,0.000000,0.000000,0.000000,0.000000,0.000000,0.000000,0.365632,0.000000,0.453291,0.000000,0.000000,0.000000,0.446526,0.000000,0.000000,0.000000,0.534242,0.000000,0.000000,0.000000,0.000000,0.000000,0.000000,0.000000,0.000000,0.000000
0.574374,0.000000,0.000000,0.000000,0.000000,0.000000,0.000000,0.271352,0.000000,0.000000,0.000000,0.303262,0.000000,0.000000,0.000000,0.226433,0.000000,0.000000,0.000000,0.000000,0.000000,0.445035,0.000000,0.000000,0.000000,0.000000,0.000000,0.000000,0.000000,0.349700,0.000000,0.000000,0.000000,0.000000,0.000000,0.000000,0.000000,0.000000,0.584422,0.000000,0.000000,0.000000,0.000000,0.000000,0.000000,0.000000,0.000000,0.000000,0.000000,0.000000,0.000000,0.000000,0.000000,0.000000,0.000000,0.000000,0.000000,0.000000,0.000000,0.000000,0.000000,0.000000,0.000000,0.000000,0.000000,0.000000,0.000000,0.000000,0.000000,0.000000,0.000000,0.503139,0.000000,0.420549,0.000000,0.445552,0.000000,0.000000,0.000000,0.000000,0.000000,0.000000,0.000000,0.000000,0.000000,0.000000,0.000000,0.000000,0.000000,0.000000
0.000000,0.000000,0.000000,0.000000,0.286819,0.000000,0.000000,0.000000,0.245835,0.000000,0.000000,0.000000,0.000000,0.000000,0.000000,0.000000,0.000000,0.000000,0.000000,0.000000,0.267407,0.000000,0.000000,0.000000,0.000000,0.000000,0.263168,0.000000,0.000000,0.000000,0.000000,0.000000,0.000000,0.000000,0.000000,0.000000,0.000000,0.000000,0.000000,0.000000,0.000000,0.000000,0.000000,0.000000,0.000000,0.000000,0.000000,0.000000,0.000000,0.000000,0.000000,0.000000,0.000000,0.000000,0.000000,0.000000,0.000000,0.000000,0.000000,0.000000,0.000000,0.000000,0.000000,0.000000,0.000000,0.000000,0.000000,0.000000,0.000000,0.000000,0.314898,0.328220,0.417396,0.000000,0.000000,0.000000,0.000000,0.000000,0.000000,0.000000,0.000000,0.000000,0.000000,0.000000,0.000000,0.000000,0.000000,0.000000,0.000000,0.000000
0.000000,0.000000,0.000000,0.000000,0.000000,0.252637,0.000000,0.000000,0.000000,0.326196,0.000000,0.000000,0.000000,0.226433,0.000000,0.000000,0.000000,0.000000,0.000000,0.000000,0.000000,0.339975,0.000000,0.000000,0.000000,0.000000,0.000000,0.352464,0.000000,0.312849,0.000000,0.000000,0.000000,0.000000,0.000000,0.000000,0.000000,0.365186,0.614747,0.000000,0.000000,0.263322,0.000000,0.000000,0.000000,0.000000,0.000000,0.000000,0.000000,0.000000,0.000000,0.000000,0.000000,0.000000,0.000000,0.000000,0.000000,0.000000,0.000000,0.000000,0.000000,0.000000,0.000000,0.000000,0.000000,0.000000,0.000000,0.000000,0.000000,0.000000,0.000000,0.586513,0.000000,0.322632,0.000000,0.000000,0.000000,0.000000,0.000000,0.000000,0.000000,0.000000,0.000000,0.292881,0.000000,0.000000,0.000000,0.000000,0.000000,0.000000
0.345800,0.000000,0.000000,0.000000,0.000000,0.000000,0.000000,0.000000,0.000000,0.000000,0.358327,0.000000,0.000000,0.000000,0.000000,0.000000,0.000000,0.000000,0.000000,0.000000,0.000000,0.000000,0.000000,0.000000,0.000000,0.000000,0.000000,0.000000,0.354201,0.000000,0.000000,0.000000,0.427945,0.441465,0.457073,0.000000,0.000000,0.000000,0.000000,0.000000,0.000000,0.000000,0.000000,0.000000,0.000000,0.000000,0.000000,0.000000,0.000000,0.000000,0.000000,0.000000,0.000000,0.000000,0.000000,0.000000,0.370773,0.000000,0.000000,0.000000,0.408418,0.000000,0.230105,0.000000,0.000000,0.000000,0.000000,0.000000,0.000000,0.000000,0.000000,0.000000,0.000000,0.000000,0.000000,0.000000,0.000000,0.000000,0.336744,0.000000,0.497291,0.000000,0.305060,0.000000,0.472813,0.000000,0.000000,0.000000,0.000000,0.000000
0.000000,0.000000,0.000000,0.000000,0.000000,0.000000,0.000000,0.000000,0.000000,0.000000,0.000000,0.000000,0.000000,0.000000,0.000000,0.000000,0.000000,0.000000,0.000000,0.000000,0.000000,0.000000,0.000000,0.514762,0.000000,0.000000,0.000000,0.000000,0.496903,0.318508,0.487296,0.522460,0.000000,0.000000,0.000000,0.000000,0.000000,0.000000,0.000000,0.000000,0.000000,0.000000,0.000000,0.000000,0.000000,0.000000,0.000000,0.000000,0.000000,0.000000,0.000000,0.000000,0.000000,0.000000,0.000000,0.000000,0.000000,0.000000,0.000000,0.000000,0.000000,0.384546,0.000000,0.430447,0.000000,0.000000,0.000000,0.000000,0.000000,0.000000,0.000000,0.000000,0.491722,0.000000,0.000000,0.000000,0.000000,0.439665,0.000000,0.331605,0.000000,0.000000,0.000000,0.000000,0.000000,0.000000,0.000000,0.000000,0.000000,0.000000
0.461964,0.360398,0.405850,0.000000,0.000000,0.000000,0.391338,0.000000,0.000000,0.000000,0.000000,0.000000,0.000000,0.000000,0.000000,0.000000,0.000000,0.000000,0.000000,0.323897,0.000000,0.000000,0.298090,0.323770,0.000000,0.000000,0.000000,0.000000,0.000000,0.000000,0.000000,0.000000,0.367614,0.389695,0.000000,0.000000,0.000000,0.000000,0.000000,0.000000,0.000000,0.000000,0.000000,0.000000,0.000000,0.000000,0.000000,0.000000,0.000000,0.000000,0.000000,0.000000,0.000000,0.000000,0.000000,0.000000,0.410682,0.000000,0.000000,0.000000,0.000000,0.000000,0.000000,0.000000,0.000000,0.000000,0.000000,0.000000,0.414263,0.000000,0.424922,0.000000,0.000000,0.000000,0.000000,0.000000,0.000000,0.000000,0.000000,0.000000,0.000000,0.000000,0.000000,0.000000,0.000000,0.000000,0.000000,0.000000,0.000000,0.000000
0.000000,0.351846,0.417996,0.359743,0.000000,0.000000,0.406404,0.000000,0.000000,0.000000,0.000000,0.000000,0.000000,0.000000,0.000000,0.000000,0.000000,0.000000,0.323897,0.000000,0.000000,0.000000,0.000000,0.247202,0.000000,0.000000,0.000000,0.000000,0.000000,0.000000,0.000000,0.000000,0.338642,0.301846,0.000000,0.000000,0.000000,0.000000,0.000000,0.000000,0.000000,0.000000,0.000000,0.000000,0.000000,0.000000,0.000000,0.000000,0.000000,0.000000,0.000000,0.000000,0.000000,0.000000,0.000000,0.000000,0.000000,0.349043,0.000000,0.000000,0.000000,0.000000,0.000000,0.000000,0.000000,0.000000,0.000000,0.000000,0.346909,0.400029,0.000000,0.000000,0.000000,0.000000,0.000000,0.000000,0.000000,0.000000,0.000000,0.000000,0.000000,0.000000,0.000000,0.000000,0.000000,0.000000,0.000000,0.000000,0.000000,0.000000
0.000000,0.000000,0.000000,0.000000,0.000000,0.000000,0.000000,0.000000,0.000000,0.000000,0.000000,0.000000,0.000000,0.000000,0.267407,0.000000,0.000000,0.000000,0.000000,0.000000,0.000000,0.000000,0.000000,0.000000,0.000000,0.000000,0.228253,0.000000,0.000000,0.000000,0.000000,0.000000,0.000000,0.000000,0.000000,0.000000,0.000000,0.000000,0.000000,0.000000,0.000000,0.000000,0.000000,0.000000,0.000000,0.000000,0.000000,0.000000,0.000000,0.000000,0.000000,0.000000,0.000000,0.000000,0.000000,0.000000,0.000000,0.000000,0.000000,0.000000,0.000000,0.000000,0.000000,0.000000,0.000000,0.000000,0.000000,0.000000,0.000000,0.000000,0.000000,0.353814,0.396405,0.000000,0.000000,0.000000,0.000000,0.495759,0.000000,0.000000,0.000000,0.000000,0.000000,0.000000,0.000000,0.000000,0.000000,0.000000,0.000000,0.000000
0.000000,0.000000,0.000000,0.000000,0.000000,0.000000,0.000000,0.000000,0.000000,0.000000,0.000000,0.000000,0.000000,0.445035,0.000000,0.339975,0.000000,0.000000,0.000000,0.000000,0.000000,0.000000,0.000000,0.000000,0.000000,0.000000,0.000000,0.275039,0.000000,0.278220,0.000000,0.000000,0.000000,0.000000,0.000000,0.000000,0.000000,0.000000,0.000000,0.289205,0.000000,0.336247,0.000000,0.000000,0.000000,0.000000,0.000000,0.000000,0.000000,0.000000,0.000000,0.000000,0.000000,0.000000,0.000000,0.568480,0.000000,0.000000,0.000000,0.000000,0.000000,0.000000,0.000000,0.000000,0.000000,0.000000,0.000000,0.000000,0.000000,0.000000,0.000000,0.238224,0.000000,0.000000,0.000000,0.000000,0.000000,0.000000,0.000000,0.000000,0.000000,0.000000,0.000000,0.304192,0.000000,0.000000,0.000000,0.000000,0.000000,0.000000
0.000000,0.413239,0.324974,0.000000,0.000000,0.000000,0.000000,0.000000,0.000000,0.000000,0.000000,0.000000,0.000000,0.000000,0.000000,0.000000,0.000000,0.000000,0.298090,0.000000,0.000000,0.000000,0.000000,0.306859,0.000000,0.000000,0.000000,0.000000,0.367945,0.000000,0.355329,0.294634,0.365445,0.434108,0.000000,0.000000,0.000000,0.000000,0.000000,0.000000,0.000000,0.000000,0.000000,0.000000,0.000000,0.000000,0.000000,0.000000,0.000000,0.000000,0.000000,0.000000,0.000000,0.000000,0.000000,0.000000,0.000000,0.000000,0.000000,0.000000,0.000000,0.000000,0.000000,0.000000,0.000000,0.000000,0.000000,0.000000,0.000000,0.000000,0.000000,0.000000,0.000000,0.000000,0.000000,0.000000,0.000000,0.000000,0.000000,0.000000,0.000000,0.000000,0.000000,0.000000,0.000000,0.000000,0.000000,0.000000,0.000000,0.000000
0.000000,0.000000,0.346312,0.336645,0.000000,0.000000,0.415190,0.343579,0.000000,0.000000,0.000000,0.000000,0.000000,0.000000,0.000000,0.000000,0.000000,0.514762,0.323770,0.247202,0.000000,0.000000,0.306859,0.000000,0.285960,0.318931,0.000000,0.000000,0.000000,0.518317,0.332241,0.331241,0.379720,0.383780,0.000000,0.000000,0.000000,0.000000,0.000000,0.000000,0.000000,0.000000,0.000000,0.000000,0.000000,0.000000,0.000000,0.000000,0.000000,0.000000,0.000000,0.000000,0.000000,0.000000,0.000000,0.000000,0.000000,0.000000,0.000000,0.000000,0.000000,0.000000,0.000000,0.000000,0.000000,0.000000,0.000000,0.000000,0.000000,0.000000,0.000000,0.000000,0.000000,0.000000,0.000000,0.000000,0.000000,0.000000,0.000000,0.508472,0.000000,0.000000,0.000000,0.000000,0.000000,0.000000,0.000000,0.000000,0.000000,0.000000
0.000000,0.000000,0.000000,0.400069,0.327702,0.000000,0.000000,0.000000,0.000000,0.000000,0.000000,0.000000,0.000000,0.000000,0.000000,0.000000,0.000000,0.000000,0.000000,0.000000,0.000000,0.000000,0.000000,0.285960,0.000000,0.285516,0.289018,0.000000,0.000000,0.000000,0.337178,0.000000,0.000000,0.000000,0.000000,0.000000,0.000000,0.000000,0.000000,0.000000,0.000000,0.000000,0.000000,0.000000,0.000000,0.000000,0.000000,0.000000,0.000000,0.000000,0.000000,0.000000,0.000000,0.000000,0.000000,0.000000,0.000000,0.000000,0.000000,0.000000,0.000000,0.000000,0.000000,0.000000,0.000000,0.000000,0.000000,0.000000,0.000000,0.000000,0.000000,0.000000,0.000000,0.000000,0.000000,0.000000,0.000000,0.000000,0.000000,0.000000,0.000000,0.000000,0.000000,0.000000,0.000000,0.000000,0.000000,0.000000,0.000000,0.000000
0.000000,0.000000,0.000000,0.402628,0.000000,0.000000,0.000000,0.337243,0.000000,0.000000,0.000000,0.000000,0.000000,0.000000,0.000000,0.000000,0.000000,0.000000,0.000000,0.000000,0.000000,0.000000,0.000000,0.318931,0.285516,0.000000,0.000000,0.000000,0.000000,0.000000,0.000000,0.249667,0.000000,0.000000,0.000000,0.000000,0.000000,0.000000,0.000000,0.000000,0.000000,0.000000,0.000000,0.000000,0.000000,0.000000,0.000000,0.000000,0.000000,0.000000,0.000000,0.000000,0.000000,0.000000,0.000000,0.000000,0.000000,0.000000,0.000000,0.000000,0.000000,0.000000,0.000000,0.000000,0.000000,0.000000,0.000000,0.000000,0.000000,0.000000,0.000000,0.000000,0.000000,0.000000,0.000000,0.000000,0.000000,0.000000,0.000000,0.000000,0.000000,0.000000,0.000000,0.000000,0.000000,0.000000,0.000000,0.000000,0.000000,0.000000
0.000000,0.000000,0.000000,0.000000,0.260555,0.000000,0.000000,0.000000,0.000000,0.000000,0.000000,0.000000,0.000000,0.000000,0.263168,0.000000,0.000000,0.000000,0.000000,0.000000,0.228253,0.000000,0.000000,0.000000,0.289018,0.000000,0.000000,0.000000,0.000000,0.000000,0.395172,0.344448,0.000000,0.000000,0.000000,0.000000,0.000000,0.000000,0.000000,0.000000,0.000000,0.000000,0.000000,0.000000,0.000000,0.000000,0.000000,0.000000,0.000000,0.000000,0.000000,0.000000,0.000000,0.000000,0.000000,0.000000,0.000000,0.000000,0.000000,0.000000,0.000000,0.000000,0.000000,0.000000,0.000000,0.000000,0.000000,0.000000,0.000000,0.000000,0.281829,0.480521,0.000000,0.000000,0.000000,0.000000,0.000000,0.000000,0.000000,0.000000,0.000000,0.000000,0.000000,0.000000,0.000000,0.000000,0.000000,0.000000,0.000000,0.000000
0.000000,0.000000,0.000000,0.000000,0.000000,0.000000,0.000000,0.000000,0.000000,0.000000,0.000000,0.000000,0.000000,0.000000,0.000000,0.352464,0.000000,0.000000,0.000000,0.000000,0.000000,0.275039,0.000000,0.000000,0.000000,0.000000,0.000000,0.000000,0.000000,0.000000,0.000000,0.000000,0.000000,0.000000,0.000000,0.000000,0.000000,0.355075,0.000000,0.319926,0.000000,0.335562,0.000000,0.000000,0.000000,0.000000,0.000000,0.000000,0.000000,0.000000,0.000000,0.000000,0.000000,0.000000,0.000000,0.000000,0.000000,0.000000,0.000000,0.000000,0.000000,0.000000,0.000000,0.000000,0.000000,0.000000,0.000000,0.000000,0.000000,0.000000,0.000000,0.000000,0.000000,0.000000,0.000000,0.000000,0.000000,0.000000,0.000000,0.000000,0.000000,0.000000,0.000000,0.000000,0.000000,0.000000,0.000000,0.000000,0.000000,0.000000
0.385412,0.458767,0.000000,0.000000,0.404742,0.000000,0.000000,0.000000,0.000000,0.000000,0.330236,0.000000,0.298433,0.000000,0.000000,0.000000,0.354201,0.496903,0.000000,0.000000,0.000000,0.000000,0.367945,0.000000,0.000000,0.000000,0.000000,0.000000,0.000000,0.495572,0.467004,0.472762,0.429601,0.458853,0.000000,0.000000,0.294275,0.000000,0.000000,0.000000,0.000000,0.000000,0.000000,0.000000,0.000000,0.000000,0.000000,0.000000,0.000000,0.000000,0.000000,0.000000,0.000000,0.000000,0.000000,0.000000,0.361756,0.463871,0.000000,0.368327,0.000000,0.398754,0.432619,0.000000,0.000000,0.000000,0.000000,0.000000,0.000000,0.000000,0.362293,0.000000,0.375225,0.000000,0.000000,0.000000,0.477950,0.000000,0.495492,0.489256,0.493817,0.000000,0.361525,0.000000,0.433717,0.000000,0.000000,0.000000,0.000000,0.000000
0.000000,0.000000,0.000000,0.000000,0.000000,0.244982,0.000000,0.000000,0.000000,0.000000,0.000000,0.360896,0.000000,0.349700,0.000000,0.312849,0.000000,0.318508,0.000000,0.000000,0.000000,0.278220,0.000000,0.518317,0.000000,0.000000,0.000000,0.000000,0.495572,0.000000,0.472190,0.505143,0.000000,0.000000,0.000000,0.000000,0.000000,0.274987,0.608712,0.000000,0.000000,0.400973,0.000000,0.000000,0.000000,0.000000,0.000000,0.000000,0.000000,0.000000,0.000000,0.000000,0.000000,0.000000,0.000000,0.600862,0.000000,0.000000,0.000000,0.000000,0.000000,0.394324,0.000000,0.394724,0.000000,0.000000,0.000000,0.000000,0.000000,0.000000,0.000000,0.562736,0.503102,0.342811,0.000000,0.450461,0.000000,0.000000,0.000000,0.315822,0.000000,0.000000,0.000000,0.301498,0.000000,0.000000,0.000000,0.000000,0.000000,0.000000
0.000000,0.412489,0.364479,0.420213,0.344640,0.000000,0.000000,0.429010,0.306285,0.000000,0.000000,0.349609,0.000000,0.000000,0.000000,0.000000,0.000000,0.487296,0.000000,0.000000,0.000000,0.000000,0.355329,0.332241,0.337178,0.000000,0.395172,0.000000,0.467004,0.472190,0.000000,0.391572,0.390341,0.417011,0.525792,0.566414,0.000000,0.000000,0.000000,0.000000,0.000000,0.000000,0.000000,0.000000,0.000000,0.000000,0.000000,0.574968,0.000000,0.000000,0.000000,0.000000,0.000000,0.000000,0.505256,0.000000,0.000000,0.000000,0.000000,0.000000,0.000000,0.000000,0.000000,0.000000,0.000000,0.000000,0.545751,0.000000,0.000000,0.000000,0.000000,0.411916,0.488430,0.000000,0.000000,0.000000,0.429677,0.442702,0.000000,0.497985,0.000000,0.000000,0.000000,0.000000,0.000000,0.000000,0.000000,0.000000,0.000000,0.000000
0.000000,0.408198,0.440283,0.403007,0.372183,0.000000,0.449017,0.406658,0.000000,0.000000,0.000000,0.000000,0.000000,0.000000,0.000000,0.000000,0.000000,0.522460,0.000000,0.000000,0.000000,0.000000,0.294634,0.331241,0.000000,0.249667,0.344448,0.000000,0.472762,0.505143,0.391572,0.000000,0.426840,0.403946,0.000000,0.603862,0.000000,0.000000,0.000000,0.000000,0.000000,0.000000,0.577626,0.000000,0.000000,0.000000,0.000000,0.000000,0.000000,0.000000,0.000000,0.000000,0.000000,0.000000,0.000000,0.000000,0.000000,0.000000,0.000000,0.000000,0.000000,0.000000,0.000000,0.000000,0.000000,0.000000,0.000000,0.000000,0.000000,0.000000,0.000000,0.314880,0.500159,0.000000,0.000000,0.000000,0.000000,0.000000,0.000000,0.495113,0.000000,0.000000,0.000000,0.000000,0.000000,0.000000,0.000000,0.000000,0.000000,0.000000
0.442917,0.000000,0.465066,0.411126,0.000000,0.000000,0.425900,0.435216,0.000000,0.000000,0.295036,0.000000,0.000000,0.000000,0.000000,0.000000,0.427945,0.000000,0.367614,0.338642,0.000000,0.000000,0.365445,0.379720,0.000000,0.000000,0.000000,0.000000,0.429601,0.000000,0.390341,0.426840,0.000000,0.344648,0.546337,0.000000,0.542508,0.000000,0.000000,0.000000,0.000000,0.000000,0.000000,0.000000,0.000000,0.000000,0.000000,0.000000,0.000000,0.000000,0.000000,0.000000,0.000000,0.000000,0.000000,0.000000,0.431395,0.374386,0.425758,0.364204,0.000000,0.392022,0.000000,0.000000,0.000000,0.413464,0.412263,0.366666,0.390054,0.411035,0.487760,0.000000,0.000000,0.000000,0.000000,0.000000,0.499445,0.475121,0.437076,0.000000,0.453629,0.000000,0.000000,0.000000,0.428535,0.000000,0.000000,0.000000,0.000000,0.000000
0.401492,0.376526,0.427969,0.421631,0.000000,0.000000,0.412883,0.432279,0.000000,0.000000,0.528826,0.000000,0.424424,0.000000,0.000000,0.000000,0.441465,0.000000,0.389695,0.301846,0.000000,0.000000,0.434108,0.383780,0.000000,0.000000,0.000000,0.000000,0.458853,0.000000,0.417011,0.403946,0.344648,0.000000,0.559358,0.589888,0.421674,0.000000,0.000000,0.000000,0.000000,0.000000,0.529433,0.000000,0.000000,0.000000,0.522702,0.584053,0.000000,0.000000,0.000000,0.000000,0.000000,0.000000,0.000000,0.000000,0.448734,0.448696,0.000000,0.416419,0.000000,0.416950,0.000000,0.000000,0.000000,0.441481,0.519791,0.384510,0.386683,0.368725,0.479320,0.000000,0.000000,0.000000,0.000000,0.000000,0.452336,0.486129,0.473724,0.000000,0.475129,0.000000,0.000000,0.000000,0.445072,0.000000,0.000000,0.000000,0.000000,0.000000
0.000000,0.000000,0.000000,0.000000,0.000000,0.000000,0.000000,0.000000,0.000000,0.000000,0.000000,0.000000,0.000000,0.000000,0.000000,0.000000,0.457073,0.000000,0.000000,0.000000,0.000000,0.000000,0.000000,0.000000,0.000000,0.000000,0.000000,0.000000,0.000000,0.000000,0.525792,0.000000,0.546337,0.559358,0.000000,0.000000,0.391401,0.000000,0.000000,0.000000,0.000000,0.000000,0.000000,0.000000,0.000000,0.000000,0.435845,0.000000,0.000000,0.374188,0.000000,0.000000,0.000000,0.000000,0.425244,0.000000,0.000000,0.000000,0.408598,0.381967,0.000000,0.000000,0.000000,0.000000,0.000000,0.000000,0.381987,0.407155,0.000000,0.000000,0.000000,0.000000,0.000000,0.000000,0.000000,0.000000,0.359250,0.588366,0.492508,0.000000,0.474980,0.000000,0.000000,0.000000,0.000000,0.000000,0.000000,0.000000,0.389843,0.000000
0.000000,0.000000,0.000000,0.000000,0.000000,0.000000,0.000000,0.000000,0.000000,0.000000,0.000000,0.000000,0.000000,0.000000,0.000000,0.000000,0.000000,0.000000,0.000000,0.000000,0.000000,0.000000,0.000000,0.000000,0.000000,0.000000,0.000000,0.000000,0.000000,0.000000,0.566414,0.603862,0.000000,0.589888,0.000000,0.000000,0.507670,0.000000,0.453752,0.000000,0.000000,0.000000,0.333750,0.000000,0.000000,0.000000,0.474293,0.396565,0.000000,0.376644,0.000000,0.000000,0.000000,0.000000,0.472859,0.000000,0.000000,0.000000,0.391627,0.414119,0.000000,0.000000,0.000000,0.000000,0.000000,0.450586,0.360883,0.391511,0.000000,0.000000,0.597670,0.000000,0.000000,0.000000,0.000000,0.000000,0.537773,0.313256,0.498353,0.000000,0.490474,0.000000,0.000000,0.000000,0.447973,0.000000,0.000000,0.000000,0.000000,0.000000
0.000000,0.000000,0.000000,0.000000,0.000000,0.000000,0.000000,0.000000,0.000000,0.000000,0.000000,0.000000,0.000000,0.000000,0.000000,0.000000,0.000000,0.000000,0.000000,0.000000,0.000000,0.000000,0.000000,0.000000,0.000000,0.000000,0.000000,0.000000,0.294275,0.000000,0.000000,0.000000,0.542508,0.421674,0.391401,0.507670,0.000000,0.493482,0.321409,0.000000,0.300776,0.000000,0.446861,0.000000,0.428640,0.000000,0.000000,0.444786,0.000000,0.000000,0.000000,0.476794,0.000000,0.479357,0.385361,0.532636,0.000000,0.000000,0.392168,0.000000,0.429424,0.000000,0.000000,0.000000,0.000000,0.000000,0.338856,0.483345,0.000000,0.000000,0.000000,0.000000,0.000000,0.000000,0.000000,0.635220,0.429233,0.000000,0.000000,0.000000,0.338475,0.000000,0.386565,0.000000,0.379737,0.463822,0.000000,0.000000,0.000000,0.000000
0.000000,0.000000,0.000000,0.000000,0.000000,0.000000,0.000000,0.000000,0.000000,0.000000,0.000000,0.000000,0.000000,0.000000,0.000000,0.365186,0.000000,0.000000,0.000000,0.000000,0.000000,0.000000,0.000000,0.000000,0.000000,0.000000,0.000000,0.355075,0.000000,0.274987,0.000000,0.000000,0.000000,0.000000,0.000000,0.000000,0.493482,0.000000,0.000000,0.307161,0.000000,0.299337,0.000000,0.000000,0.000000,0.000000,0.000000,0.246027,0.000000,0.000000,0.000000,0.000000,0.000000,0.000000,0.000000,0.303204,0.000000,0.000000,0.000000,0.000000,0.000000,0.000000,0.000000,0.000000,0.531546,0.000000,0.496419,0.000000,0.000000,0.000000,0.000000,0.000000,0.000000,0.000000,0.000000,0.000000,0.000000,0.360748,0.000000,0.000000,0.533480,0.000000,0.000000,0.000000,0.000000,0.000000,0.000000,0.000000,0.000000,0.000000
0.000000,0.000000,0.000000,0.000000,0.000000,0.000000,0.000000,0.000000,0.000000,0.000000,0.000000,0.000000,0.000000,0.584422,0.000000,0.614747,0.000000,0.000000,0.000000,0.000000,0.000000,0.000000,0.000000,0.000000,0.000000,0.000000,0.000000,0.000000,0.000000,0.608712,0.000000,0.000000,0.000000,0.000000,0.000000,0.453752,0.321409,0.000000,0.000000,0.000000,0.000000,0.000000,0.000000,0.000000,0.425066,0.000000,0.407202,0.000000,0.000000,0.000000,0.000000,0.000000,0.000000,0.000000,0.360441,0.000000,0.000000,0.000000,0.443862,0.000000,0.000000,0.000000,0.349462,0.000000,0.391021,0.454914,0.430441,0.487604,0.000000,0.000000,0.000000,0.000000,0.000000,0.000000,0.000000,0.000000,0.000000,0.000000,0.000000,0.000000,0.334826,0.000000,0.000000,0.000000,0.364437,0.000000,0.000000,0.000000,0.324361,0.000000
0.000000,0.000000,0.000000,0.000000,0.000000,0.000000,0.000000,0.000000,0.000000,0.000000,0.000000,0.000000,0.000000,0.000000,0.000000,0.000000,0.000000,0.000000,0.000000,0.000000,0.000000,0.289205,0.000000,0.000000,0.000000,0.000000,0.000000,0.319926,0.000000,0.000000,0.000000,0.000000,0.000000,0.000000,0.000000,0.000000,0.000000,0.307161,0.000000,0.000000,0.000000,0.290406,0.000000,0.000000,0.000000,0.000000,0.000000,0.223732,0.000000,0.000000,0.000000,0.000000,0.000000,0.000000,0.000000,0.279434,0.000000,0.000000,0.000000,0.000000,0.537563,0.000000,0.511593,0.000000,0.000000,0.000000,0.000000,0.000000,0.000000,0.000000,0.000000,0.000000,0.000000,0.000000,0.000000,0.000000,0.000000,0.000000,0.000000,0.000000,0.533574,0.000000,0.000000,0.293443,0.536105,0.000000,0.000000,0.305301,0.000000,0.342448
0.000000,0.000000,0.000000,0.000000,0.000000,0.000000,0.000000,0.000000,0.000000,0.000000,0.000000,0.000000,0.000000,0.000000,0.000000,0.000000,0.000000,0.000000,0.000000,0.000000,0.000000,0.000000,0.000000,0.000000,0.000000,0.000000,0.000000,0.000000,0.000000,0.000000,0.000000,0.000000,0.000000,0.000000,0.000000,0.000000,0.300776,0.000000,0.000000,0.000000,0.000000,0.000000,0.000000,0.000000,0.000000,0.000000,0.000000,0.000000,0.000000,0.000000,0.000000,0.000000,0.000000,0.000000,0.000000,0.000000,0.000000,0.000000,0.000000,0.000000,0.000000,0.000000,0.000000,0.000000,0.000000,0.000000,0.000000,0.000000,0.000000,0.000000,0.000000,0.000000,0.558936,0.000000,0.000000,0.000000,0.000000,0.000000,0.000000,0.000000,0.000000,0.000000,0.308232,0.000000,0.000000,0.000000,0.000000,0.000000,0.000000,0.000000
0.000000,0.000000,0.000000,0.000000,0.000000,0.000000,0.000000,0.000000,0.000000,0.000000,0.000000,0.000000,0.000000,0.000000,0.000000,0.263322,0.000000,0.000000,0.000000,0.000000,0.000000,0.336247,0.000000,0.000000,0.000000,0.000000,0.000000,0.335562,0.000000,0.400973,0.000000,0.000000,0.000000,0.000000,0.000000,0.000000,0.000000,0.299337,0.000000,0.290406,0.000000,0.000000,0.000000,0.000000,0.000000,0.000000,0.000000,0.000000,0.000000,0.000000,0.000000,0.000000,0.000000,0.000000,0.000000,0.000000,0.000000,0.000000,0.000000,0.000000,0.000000,0.000000,0.000000,0.000000,0.000000,0.000000,0.000000,0.000000,0.000000,0.000000,0.000000,0.000000,0.000000,0.385582,0.000000,0.000000,0.000000,0.000000,0.000000,0.000000,0.000000,0.000000,0.000000,0.267553,0.000000,0.000000,0.000000,0.000000,0.000000,0.000000
0.000000,0.000000,0.000000,0.000000,0.000000,0.000000,0.000000,0.000000,0.000000,0.000000,0.000000,0.000000,0.000000,0.000000,0.000000,0.000000,0.000000,0.000000,0.000000,0.000000,0.000000,0.000000,0.000000,0.000000,0.000000,0.000000,0.000000,0.000000,0.000000,0.000000,0.000000,0.577626,0.000000,0.529433,0.000000,0.333750,0.446861,0.000000,0.000000,0.000000,0.000000,0.000000,0.000000,0.339191,0.358009,0.336169,0.363018,0.375062,0.313296,0.000000,0.389184,0.338627,0.393763,0.000000,0.392437,0.000000,0.000000,0.000000,0.000000,0.000000,0.000000,0.000000,0.000000,0.000000,0.000000,0.000000,0.392793,0.306468,0.000000,0.000000,0.000000,0.000000,0.000000,0.000000,0.000000,0.000000,0.524590,0.000000,0.000000,0.000000,0.320076,0.000000,0.000000,0.000000,0.422961,0.000000,0.000000,0.000000,0.431069,0.000000
0.000000,0.000000,0.000000,0.000000,0.000000,0.000000,0.000000,0.000000,0.000000,0.000000,0.000000,0.000000,0.000000,0.000000,0.000000,0.000000,0.000000,0.000000,0.000000,0.000000,0.000000,0.000000,0.000000,0.000000,0.000000,0.000000,0.000000,0.000000,0.000000,0.000000,0.000000,0.000000,0.000000,0.000000,0.000000,0.000000,0.000000,0.000000,0.000000,0.000000,0.000000,0.000000,0.339191,0.000000,0.336574,0.368414,0.414484,0.396254,0.000000,0.379473,0.411182,0.416569,0.363715,0.417301,0.425597,0.000000,0.000000,0.609891,0.000000,0.000000,0.000000,0.523983,0.000000,0.000000,0.000000,0.424272,0.372471,0.401624,0.000000,0.000000,0.000000,0.000000,0.000000,0.000000,0.000000,0.000000,0.000000,0.458338,0.000000,0.000000,0.000000,0.000000,0.000000,0.000000,0.000000,0.492433,0.000000,0.000000,0.000000,0.000000
0.000000,0.000000,0.000000,0.000000,0.000000,0.000000,0.000000,0.000000,0.000000,0.000000,0.000000,0.000000,0.000000,0.000000,0.000000,0.000000,0.000000,0.000000,0.000000,0.000000,0.000000,0.000000,0.000000,0.000000,0.000000,0.000000,0.000000,0.000000,0.000000,0.000000,0.000000,0.000000,0.000000,0.000000,0.000000,0.000000,0.428640,0.000000,0.425066,0.000000,0.000000,0.000000,0.358009,0.336574,0.000000,0.336979,0.401077,0.000000,0.333354,0.000000,0.406017,0.000000,0.000000,0.000000,0.340552,0.000000,0.000000,0.000000,0.386162,0.000000,0.410715,0.000000,0.000000,0.000000,0.394963,0.000000,0.341253,0.365885,0.000000,0.000000,0.000000,0.000000,0.000000,0.000000,0.000000,0.000000,0.000000,0.000000,0.000000,0.000000,0.363937,0.000000,0.000000,0.000000,0.000000,0.000000,0.000000,0.000000,0.000000,0.000000
0.000000,0.000000,0.000000,0.000000,0.000000,0.000000,0.000000,0.000000,0.000000,0.000000,0.000000,0.000000,0.000000,0.000000,0.000000,0.000000,0.000000,0.000000,0.000000,0.000000,0.000000,0.000000,0.000000,0.000000,0.000000,0.000000,0.000000,0.000000,0.000000,0.000000,0.000000,0.000000,0.000000,0.000000,0.000000,0.000000,0.000000,0.000000,0.000000,0.000000,0.000000,0.000000,0.336169,0.368414,0.336979,0.000000,0.000000,0.000000,0.000000,0.365308,0.000000,0.405321,0.000000,0.000000,0.000000,0.000000,0.000000,0.000000,0.000000,0.389662,0.000000,0.000000,0.000000,0.000000,0.000000,0.000000,0.410548,0.349077,0.000000,0.000000,0.000000,0.000000,0.000000,0.000000,0.000000,0.000000,0.000000,0.000000,0.000000,0.000000,0.000000,0.000000,0.000000,0.000000,0.000000,0.000000,0.000000,0.000000,0.000000,0.000000
0.000000,0.000000,0.000000,0.000000,0.000000,0.000000,0.000000,0.000000,0.000000,0.000000,0.000000,0.000000,0.000000,0.000000,0.000000,0.000000,0.000000,0.000000,0.000000,0.000000,0.000000,0.000000,0.000000,0.000000,0.000000,0.000000,0.000000,0.000000,0.000000,0.000000,0.000000,0.000000,0.000000,0.522702,0.435845,0.474293,0.000000,0.000000,0.407202,0.000000,0.000000,0.000000,0.363018,0.414484,0.401077,0.000000,0.000000,0.347799,0.000000,0.000000,0.351305,0.421237,0.384249,0.451290,0.369773,0.000000,0.000000,0.000000,0.434292,0.505310,0.387889,0.000000,0.353391,0.000000,0.361824,0.000000,0.391648,0.468447,0.000000,0.000000,0.000000,0.000000,0.000000,0.000000,0.000000,0.000000,0.529250,0.537847,0.000000,0.000000,0.319225,0.000000,0.000000,0.000000,0.376467,0.494767,0.000000,0.000000,0.429421,0.000000
0.000000,0.000000,0.000000,0.000000,0.000000,0.000000,0.000000,0.000000,0.000000,0.000000,0.000000,0.000000,0.000000,0.000000,0.000000,0.000000,0.000000,0.000000,0.000000,0.000000,0.000000,0.000000,0.000000,0.000000,0.000000,0.000000,0.000000,0.000000,0.000000,0.000000,0.574968,0.000000,0.000000,0.584053,0.000000,0.396565,0.444786,0.246027,0.000000,0.223732,0.000000,0.000000,0.375062,0.396254,0.000000,0.000000,0.347799,0.000000,0.000000,0.000000,0.429236,0.369200,0.402690,0.360519,0.422654,0.322845,0.000000,0.000000,0.000000,0.000000,0.000000,0.000000,0.000000,0.000000,0.000000,0.000000,0.000000,0.416524,0.000000,0.000000,0.000000,0.000000,0.645252,0.000000,0.000000,0.000000,0.000000,0.374128,0.000000,0.000000,0.000000,0.000000,0.000000,0.000000,0.000000,0.000000,0.000000,0.000000,0.000000,0.000000
0.000000,0.000000,0.000000,0.000000,0.000000,0.000000,0.000000,0.000000,0.000000,0.000000,0.000000,0.000000,0.000000,0.000000,0.000000,0.000000,0.000000,0.000000,0.000000,0.000000,0.000000,0.000000,0.000000,0.000000,0.000000,0.000000,0.000000,0.000000,0.000000,0.000000,0.000000,0.000000,0.000000,0.000000,0.000000,0.000000,0.000000,0.000000,0.000000,0.000000,0.000000,0.000000,0.313296,0.000000,0.333354,0.000000,0.000000,0.000000,0.000000,0.000000,0.400808,0.000000,0.000000,0.000000,0.000000,0.000000,0.000000,0.000000,0.400766,0.000000,0.513020,0.000000,0.000000,0.000000,0.405143,0.000000,0.365926,0.364826,0.000000,0.000000,0.000000,0.000000,0.000000,0.000000,0.000000,0.000000,0.000000,0.000000,0.000000,0.000000,0.000000,0.000000,0.000000,0.000000,0.000000,0.000000,0.000000,0.000000,0.000000,0.000000
