0.000000,0.000000,0.388827,0.000000,0.000000,0.000000,0.411565,0.000000,0.000000,0.000000,0.392933,0.000000,0.409188,0.000000,0.000000,0.000000,0.000000,0.000000,0.404184,0.000000,0.000000,0.000000,0.000000,0.000000,0.000000,0.000000,0.000000,0.000000,0.000000,0.000000,0.000000,0.000000,0.000000,0.000000,0.000000,0.000000,0.000000,0.000000,0.000000,0.000000,0.000000,0.000000,0.000000,0.000000,0.000000,0.000000,0.000000,0.000000,0.000000,0.000000,0.000000,0.000000,0.000000,0.000000,0.000000,0.000000,0.441296,0.000000,0.446090,0.000000,0.466437,0.000000,0.000000,0.000000,0.000000,0.000000,0.000000,0.000000,0.479795,0.000000,0.000000,0.000000,0.000000,0.000000,0.000000,0.000000,0.000000,0.000000,0.000000,0.000000,0.000000,0.000000,0.000000,0.000000,0.469754,0.000000,0.000000,0.000000,0.464648,0.000000
0.000000,0.000000,0.000000,0.358518,0.000000,0.000000,0.000000,0.419670,0.000000,0.000000,0.000000,0.418017,0.000000,0.421528,0.000000,0.000000,0.000000,0.368411,0.000000,0.376907,0.000000,0.000000,0.000000,0.000000,0.000000,0.000000,0.000000,0.000000,0.000000,0.000000,0.000000,0.000000,0.000000,0.000000,0.000000,0.000000,0.000000,0.000000,0.000000,0.000000,0.000000,0.000000,0.000000,0.000000,0.000000,0.000000,0.000000,0.000000,0.000000,0.000000,0.000000,0.472307,0.000000,0.000000,0.000000,0.000000,0.000000,0.413284,0.000000,0.481342,0.000000,0.000000,0.000000,0.000000,0.000000,0.490488,0.000000,0.000000,0.000000,0.392376,0.000000,0.000000,0.000000,0.000000,0.000000,0.000000,0.000000,0.000000,0.000000,0.000000,0.000000,0.000000,0.000000,0.000000,0.000000,0.000000,0.000000,0.000000,0.000000,0.000000
0.388827,0.000000,0.000000,0.514692,0.412049,0.514440,0.385181,0.000000,0.000000,0.000000,0.405284,0.000000,0.399021,0.000000,0.383225,0.000000,0.402223,0.000000,0.383327,0.000000,0.000000,0.000000,0.332944,0.000000,0.374375,0.000000,0.000000,0.000000,0.000000,0.000000,0.000000,0.000000,0.000000,0.000000,0.000000,0.000000,0.000000,0.000000,0.000000,0.000000,0.000000,0.000000,0.000000,0.000000,0.000000,0.000000,0.000000,0.000000,0.000000,0.000000,0.000000,0.000000,0.000000,0.000000,0.000000,0.000000,0.000000,0.000000,0.000000,0.000000,0.000000,0.000000,0.000000,0.000000,0.000000,0.000000,0.000000,0.000000,0.407957,0.000000,0.000000,0.000000,0.439952,0.505984,0.431065,0.000000,0.460253,0.478074,0.000000,0.000000,0.000000,0.000000,0.000000,0.000000,0.000000,0.447093,0.000000,0.000000,0.000000,0.000000
0.000000,0.358518,0.514692,0.000000,0.501462,0.354127,0.000000,0.374103,0.000000,0.000000,0.000000,0.380373,0.000000,0.363545,0.000000,0.000000,0.000000,0.378240,0.000000,0.374558,0.000000,0.000000,0.486215,0.340147,0.525836,0.000000,0.000000,0.000000,0.000000,0.000000,0.000000,0.356200,0.000000,0.000000,0.000000,0.000000,0.000000,0.000000,0.000000,0.000000,0.000000,0.000000,0.000000,0.000000,0.000000,0.479843,0.000000,0.000000,0.000000,0.479019,0.000000,0.000000,0.000000,0.000000,0.000000,0.000000,0.000000,0.000000,0.000000,0.474078,0.000000,0.000000,0.000000,0.000000,0.000000,0.000000,0.000000,0.457556,0.000000,0.000000,0.000000,0.000000,0.486878,0.410530,0.000000,0.420793,0.000000,0.441847,0.000000,0.000000,0.000000,0.000000,0.000000,0.000000,0.000000,0.409376,0.000000,0.000000,0.000000,0.000000
0.000000,0.000000,0.412049,0.501462,0.000000,0.549501,0.368463,0.000000,0.364031,0.000000,0.000000,0.000000,0.352072,0.000000,0.365861,0.000000,0.000000,0.000000,0.000000,0.000000,0.357044,0.000000,0.000000,0.529088,0.344438,0.000000,0.363496,0.000000,0.306040,0.000000,0.000000,0.000000,0.000000,0.000000,0.000000,0.000000,0.000000,0.000000,0.000000,0.000000,0.000000,0.000000,0.000000,0.000000,0.000000,0.000000,0.000000,0.000000,0.521044,0.000000,0.487322,0.000000,0.000000,0.000000,0.000000,0.000000,0.000000,0.000000,0.000000,0.000000,0.000000,0.000000,0.000000,0.000000,0.000000,0.000000,0.000000,0.000000,0.000000,0.000000,0.402442,0.000000,0.434093,0.000000,0.000000,0.000000,0.000000,0.000000,0.000000,0.000000,0.000000,0.000000,0.000000,0.000000,0.000000,0.000000,0.000000,0.000000,0.000000,0.000000
0.000000,0.000000,0.514440,0.354127,0.549501,0.000000,0.000000,0.000000,0.000000,0.306400,0.000000,0.000000,0.000000,0.000000,0.000000,0.340029,0.000000,0.000000,0.000000,0.000000,0.000000,0.313340,0.516560,0.000000,0.537656,0.282094,0.541337,0.315429,0.000000,0.398254,0.000000,0.000000,0.000000,0.000000,0.000000,0.000000,0.000000,0.513006,0.000000,0.000000,0.000000,0.000000,0.000000,0.548502,0.000000,0.000000,0.000000,0.537124,0.000000,0.000000,0.000000,0.000000,0.000000,0.000000,0.000000,0.494827,0.000000,0.000000,0.000000,0.000000,0.000000,0.000000,0.000000,0.000000,0.000000,0.000000,0.000000,0.000000,0.000000,0.000000,0.000000,0.443502,0.000000,0.387188,0.000000,0.424200,0.000000,0.430922,0.000000,0.000000,0.000000,0.000000,0.000000,0.397670,0.000000,0.000000,0.000000,0.000000,0.000000,0.000000
0.411565,0.000000,0.385181,0.000000,0.368463,0.000000,0.000000,0.000000,0.000000,0.000000,0.362722,0.000000,0.368778,0.000000,0.000000,0.000000,0.000000,0.000000,0.000000,0.000000,0.000000,0.000000,0.000000,0.000000,0.000000,0.000000,0.000000,0.000000,0.000000,0.000000,0.000000,0.000000,0.000000,0.000000,0.000000,0.000000,0.000000,0.000000,0.000000,0.000000,0.000000,0.000000,0.000000,0.000000,0.000000,0.000000,0.000000,0.000000,0.000000,0.000000,0.000000,0.000000,0.000000,0.000000,0.000000,0.000000,0.000000,0.000000,0.000000,0.000000,0.000000,0.000000,0.000000,0.000000,0.000000,0.000000,0.000000,0.000000,0.000000,0.000000,0.000000,0.000000,0.000000,0.000000,0.000000,0.000000,0.000000,0.000000,0.000000,0.000000,0.000000,0.000000,0.000000,0.000000,0.000000,0.000000,0.000000,0.000000,0.000000,0.000000
0.000000,0.419670,0.000000,0.374103,0.000000,0.000000,0.000000,0.000000,0.000000,0.239909,0.000000,0.420180,0.000000,0.361359,0.000000,0.000000,0.000000,0.000000,0.000000,0.000000,0.000000,0.000000,0.000000,0.000000,0.000000,0.000000,0.000000,0.000000,0.000000,0.000000,0.000000,0.000000,0.000000,0.000000,0.000000,0.000000,0.000000,0.000000,0.000000,0.000000,0.000000,0.000000,0.000000,0.000000,0.000000,0.000000,0.000000,0.000000,0.000000,0.000000,0.000000,0.000000,0.000000,0.000000,0.000000,0.000000,0.000000,0.000000,0.000000,0.000000,0.000000,0.000000,0.000000,0.000000,0.000000,0.000000,0.000000,0.000000,0.000000,0.000000,0.000000,0.000000,0.000000,0.000000,0.000000,0.000000,0.000000,0.000000,0.000000,0.000000,0.000000,0.000000,0.000000,0.000000,0.000000,0.000000,0.000000,0.000000,0.000000,0.000000
0.000000,0.000000,0.000000,0.000000,0.364031,0.000000,0.000000,0.000000,0.000000,0.000000,0.000000,0.000000,0.319950,0.000000,0.334144,0.000000,0.000000,0.000000,0.000000,0.000000,0.000000,0.000000,0.000000,0.000000,0.356438,0.000000,0.000000,0.000000,0.000000,0.000000,0.000000,0.000000,0.000000,0.000000,0.000000,0.000000,0.000000,0.000000,0.000000,0.000000,0.000000,0.000000,0.000000,0.000000,0.000000,0.000000,0.000000,0.000000,0.000000,0.000000,0.483081,0.000000,0.000000,0.000000,0.000000,0.000000,0.000000,0.000000,0.000000,0.000000,0.000000,0.000000,0.000000,0.000000,0.000000,0.000000,0.000000,0.000000,0.000000,0.000000,0.000000,0.000000,0.442288,0.000000,0.000000,0.000000,0.000000,0.000000,0.000000,0.000000,0.000000,0.000000,0.000000,0.000000,0.000000,0.000000,0.000000,0.000000,0.000000,0.000000
0.000000,0.000000,0.000000,0.000000,0.000000,0.306400,0.000000,0.239909,0.000000,0.000000,0.000000,0.000000,0.000000,0.000000,0.000000,0.304329,0.000000,0.000000,0.000000,0.000000,0.000000,0.000000,0.000000,0.000000,0.000000,0.000000,0.000000,0.000000,0.000000,0.372472,0.000000,0.000000,0.000000,0.000000,0.000000,0.000000,0.000000,0.000000,0.000000,0.000000,0.000000,0.000000,0.000000,0.560138,0.000000,0.478942,0.000000,0.000000,0.000000,0.000000,0.000000,0.000000,0.000000,0.000000,0.000000,0.000000,0.000000,0.000000,0.000000,0.000000,0.000000,0.000000,0.000000,0.000000,0.000000,0.000000,0.000000,0.000000,0.000000,0.000000,0.000000,0.000000,0.000000,0.410726,0.000000,0.000000,0.000000,0.000000,0.000000,0.000000,0.000000,0.000000,0.000000,0.000000,0.000000,0.000000,0.000000,0.000000,0.000000,0.000000
0.392933,0.000000,0.405284,0.000000,0.000000,0.000000,0.362722,0.000000,0.000000,0.000000,0.000000,0.000000,0.379823,0.000000,0.000000,0.000000,0.410144,0.000000,0.000000,0.000000,0.000000,0.000000,0.398811,0.000000,0.000000,0.000000,0.000000,0.000000,0.373915,0.000000,0.000000,0.000000,0.413350,0.000000,0.000000,0.000000,0.000000,0.000000,0.000000,0.000000,0.000000,0.000000,0.000000,0.000000,0.000000,0.000000,0.000000,0.000000,0.000000,0.000000,0.000000,0.000000,0.000000,0.000000,0.000000,0.000000,0.000000,0.000000,0.000000,0.000000,0.000000,0.000000,0.000000,0.000000,0.000000,0.000000,0.000000,0.000000,0.000000,0.000000,0.000000,0.000000,0.425761,0.000000,0.000000,0.000000,0.000000,0.000000,0.000000,0.000000,0.000000,0.000000,0.303012,0.000000,0.000000,0.000000,0.000000,0.000000,0.000000,0.000000
0.000000,0.418017,0.000000,0.380373,0.000000,0.000000,0.000000,0.420180,0.000000,0.000000,0.000000,0.000000,0.000000,0.338668,0.000000,0.000000,0.000000,0.349399,0.000000,0.000000,0.000000,0.000000,0.000000,0.374261,0.000000,0.000000,0.000000,0.000000,0.000000,0.377418,0.000000,0.000000,0.000000,0.000000,0.000000,0.000000,0.000000,0.000000,0.000000,0.000000,0.000000,0.000000,0.000000,0.000000,0.000000,0.000000,0.000000,0.000000,0.000000,0.000000,0.000000,0.000000,0.000000,0.000000,0.000000,0.000000,0.000000,0.000000,0.000000,0.000000,0.000000,0.000000,0.000000,0.000000,0.000000,0.000000,0.000000,0.000000,0.000000,0.000000,0.000000,0.000000,0.471375,0.419381,0.000000,0.000000,0.000000,0.000000,0.000000,0.000000,0.000000,0.000000,0.000000,0.000000,0.000000,0.000000,0.000000,0.000000,0.000000,0.000000
0.409188,0.000000,0.399021,0.000000,0.352072,0.000000,0.368778,0.000000,0.319950,0.000000,0.379823,0.000000,0.000000,0.000000,0.354080,0.000000,0.000000,0.000000,0.000000,0.000000,0.000000,0.000000,0.000000,0.000000,0.361439,0.000000,0.000000,0.000000,0.347834,0.000000,0.000000,0.000000,0.000000,0.000000,0.000000,0.000000,0.000000,0.000000,0.000000,0.000000,0.000000,0.000000,0.000000,0.000000,0.000000,0.000000,0.000000,0.000000,0.502480,0.000000,0.489023,0.000000,0.000000,0.000000,0.000000,0.000000,0.407180,0.000000,0.000000,0.000000,0.000000,0.000000,0.000000,0.000000,0.000000,0.000000,0.000000,0.000000,0.000000,0.000000,0.000000,0.000000,0.437788,0.000000,0.000000,0.000000,0.000000,0.000000,0.000000,0.000000,0.000000,0.000000,0.366338,0.000000,0.000000,0.000000,0.000000,0.000000,0.000000,0.000000
0.000000,0.421528,0.000000,0.363545,0.000000,0.000000,0.000000,0.361359,0.000000,0.000000,0.000000,0.338668,0.000000,0.000000,0.000000,0.352741,0.000000,0.000000,0.000000,0.000000,0.000000,0.000000,0.000000,0.379531,0.000000,0.000000,0.000000,0.000000,0.000000,0.354800,0.000000,0.000000,0.000000,0.000000,0.000000,0.000000,0.000000,0.000000,0.000000,0.000000,0.000000,0.000000,0.000000,0.000000,0.000000,0.000000,0.000000,0.000000,0.000000,0.000000,0.000000,0.000000,0.000000,0.000000,0.000000,0.000000,0.000000,0.000000,0.000000,0.000000,0.000000,0.000000,0.000000,0.000000,0.000000,0.000000,0.000000,0.000000,0.000000,0.000000,0.000000,0.000000,0.000000,0.369525,0.000000,0.000000,0.000000,0.000000,0.000000,0.000000,0.000000,0.000000,0.000000,0.000000,0.000000,0.393046,0.000000,0.000000,0.000000,0.000000
0.000000,0.000000,0.383225,0.000000,0.365861,0.000000,0.000000,0.000000,0.334144,0.000000,0.000000,0.000000,0.354080,0.000000,0.000000,0.000000,0.000000,0.000000,0.000000,0.000000,0.390222,0.000000,0.000000,0.000000,0.345176,0.000000,0.387669,0.000000,0.351019,0.000000,0.426800,0.000000,0.000000,0.000000,0.000000,0.000000,0.000000,0.000000,0.000000,0.000000,0.000000,0.000000,0.000000,0.000000,0.000000,0.000000,0.000000,0.000000,0.506245,0.000000,0.494529,0.000000,0.000000,0.000000,0.000000,0.000000,0.000000,0.000000,0.000000,0.000000,0.000000,0.000000,0.000000,0.000000,0.000000,0.000000,0.000000,0.000000,0.000000,0.000000,0.308304,0.469897,0.448902,0.000000,0.000000,0.000000,0.000000,0.000000,0.000000,0.000000,0.000000,0.000000,0.412007,0.436321,0.000000,0.000000,0.000000,0.000000,0.000000,0.000000
0.000000,0.000000,0.000000,0.000000,0.000000,0.340029,0.000000,0.000000,0.000000,0.304329,0.000000,0.000000,0.000000,0.352741,0.000000,0.000000,0.000000,0.000000,0.000000,0.000000,0.000000,0.000000,0.000000,0.000000,0.000000,0.000000,0.000000,0.306825,0.000000,0.370615,0.000000,0.000000,0.000000,0.000000,0.000000,0.000000,0.000000,0.000000,0.000000,0.000000,0.000000,0.000000,0.000000,0.000000,0.000000,0.510195,0.000000,0.000000,0.000000,0.514823,0.000000,0.000000,0.000000,0.000000,0.000000,0.000000,0.000000,0.000000,0.000000,0.000000,0.000000,0.000000,0.000000,0.000000,0.000000,0.000000,0.000000,0.437491,0.000000,0.000000,0.000000,0.000000,0.000000,0.423006,0.000000,0.000000,0.000000,0.000000,0.000000,0.000000,0.000000,0.000000,0.000000,0.000000,0.000000,0.482101,0.000000,0.000000,0.000000,0.000000
0.000000,0.000000,0.402223,0.000000,0.000000,0.000000,0.000000,0.000000,0.000000,0.000000,0.410144,0.000000,0.000000,0.000000,0.000000,0.000000,0.000000,0.000000,0.000000,0.000000,0.000000,0.000000,0.404956,0.000000,0.000000,0.000000,0.000000,0.000000,0.390590,0.000000,0.000000,0.000000,0.000000,0.000000,0.000000,0.000000,0.000000,0.000000,0.000000,0.000000,0.000000,0.000000,0.000000,0.000000,0.000000,0.000000,0.000000,0.000000,0.000000,0.000000,0.000000,0.000000,0.000000,0.000000,0.000000,0.000000,0.371048,0.000000,0.000000,0.000000,0.000000,0.000000,0.363303,0.000000,0.000000,0.000000,0.000000,0.000000,0.000000,0.000000,0.000000,0.000000,0.382403,0.000000,0.000000,0.000000,0.000000,0.000000,0.377989,0.000000,0.373432,0.000000,0.000000,0.000000,0.461573,0.000000,0.000000,0.000000,0.438800,0.000000
0.000000,0.368411,0.000000,0.378240,0.000000,0.000000,0.000000,0.000000,0.000000,0.000000,0.000000,0.349399,0.000000,0.000000,0.000000,0.000000,0.000000,0.000000,0.470850,0.000000,0.000000,0.000000,0.000000,0.000000,0.000000,0.000000,0.000000,0.000000,0.000000,0.351805,0.000000,0.000000,0.000000,0.000000,0.000000,0.000000,0.000000,0.000000,0.000000,0.000000,0.000000,0.000000,0.000000,0.000000,0.000000,0.000000,0.000000,0.000000,0.000000,0.000000,0.000000,0.000000,0.000000,0.000000,0.000000,0.000000,0.000000,0.332419,0.000000,0.465108,0.000000,0.424274,0.000000,0.399344,0.000000,0.476304,0.000000,0.000000,0.000000,0.000000,0.000000,0.000000,0.500026,0.000000,0.000000,0.000000,0.000000,0.000000,0.000000,0.000000,0.000000,0.340362,0.000000,0.000000,0.000000,0.417781,0.000000,0.000000,0.000000,0.000000
0.404184,0.000000,0.383327,0.000000,0.000000,0.000000,0.000000,0.000000,0.000000,0.000000,0.000000,0.000000,0.000000,0.000000,0.000000,0.000000,0.000000,0.470850,0.000000,0.522088,0.000000,0.000000,0.390123,0.474492,0.000000,0.000000,0.000000,0.000000,0.000000,0.000000,0.000000,0.000000,0.369408,0.518024,0.000000,0.000000,0.000000,0.000000,0.000000,0.000000,0.000000,0.000000,0.000000,0.000000,0.000000,0.000000,0.000000,0.000000,0.000000,0.000000,0.000000,0.000000,0.000000,0.000000,0.000000,0.000000,0.434818,0.000000,0.000000,0.000000,0.000000,0.000000,0.000000,0.000000,0.000000,0.000000,0.000000,0.000000,0.354507,0.000000,0.000000,0.000000,0.387784,0.000000,0.000000,0.000000,0.000000,0.000000,0.000000,0.000000,0.000000,0.000000,0.000000,0.000000,0.000000,0.000000,0.000000,0.000000,0.000000,0.000000
0.000000,0.376907,0.000000,0.374558,0.000000,0.000000,0.000000,0.000000,0.000000,0.000000,0.000000,0.000000,0.000000,0.000000,0.000000,0.000000,0.000000,0.000000,0.522088,0.000000,0.000000,0.000000,0.000000,0.310046,0.000000,0.000000,0.000000,0.000000,0.000000,0.000000,0.000000,0.000000,0.000000,0.373559,0.000000,0.000000,0.000000,0.000000,0.000000,0.000000,0.000000,0.000000,0.000000,0.000000,0.000000,0.000000,0.000000,0.000000,0.000000,0.000000,0.000000,0.000000,0.000000,0.000000,0.000000,0.000000,0.000000,0.000000,0.534848,0.000000,0.000000,0.000000,0.000000,0.000000,0.000000,0.000000,0.510755,0.404297,0.515531,0.348377,0.000000,0.000000,0.000000,0.000000,0.000000,0.000000,0.000000,0.000000,0.000000,0.000000,0.000000,0.000000,0.000000,0.000000,0.000000,0.000000,0.000000,0.000000,0.000000,0.000000
0.000000,0.000000,0.000000,0.000000,0.357044,0.000000,0.000000,0.000000,0.000000,0.000000,0.000000,0.000000,0.000000,0.000000,0.390222,0.000000,0.000000,0.000000,0.000000,0.000000,0.000000,0.383743,0.000000,0.000000,0.405599,0.251527,0.401204,0.262739,0.328880,0.000000,0.345727,0.329511,0.000000,0.000000,0.000000,0.000000,0.000000,0.000000,0.000000,0.000000,0.339289,0.000000,0.000000,0.000000,0.000000,0.000000,0.000000,0.000000,0.000000,0.000000,0.510367,0.000000,0.000000,0.000000,0.000000,0.000000,0.000000,0.000000,0.000000,0.000000,0.000000,0.000000,0.000000,0.000000,0.000000,0.000000,0.000000,0.000000,0.000000,0.000000,0.361893,0.571876,0.333693,0.000000,0.000000,0.000000,0.000000,0.000000,0.000000,0.000000,0.000000,0.000000,0.000000,0.000000,0.000000,0.000000,0.000000,0.000000,0.000000,0.000000
0.000000,0.000000,0.000000,0.000000,0.000000,0.313340,0.000000,0.000000,0.000000,0.000000,0.000000,0.000000,0.000000,0.000000,0.000000,0.000000,0.000000,0.000000,0.000000,0.000000,0.383743,0.000000,0.000000,0.000000,0.000000,0.000000,0.000000,0.288639,0.000000,0.288698,0.462363,0.340226,0.000000,0.000000,0.000000,0.000000,0.000000,0.000000,0.000000,0.000000,0.000000,0.383388,0.000000,0.000000,0.000000,0.000000,0.000000,0.000000,0.000000,0.000000,0.000000,0.000000,0.000000,0.000000,0.000000,0.000000,0.000000,0.000000,0.000000,0.000000,0.000000,0.000000,0.000000,0.000000,0.000000,0.000000,0.000000,0.000000,0.000000,0.000000,0.000000,0.348123,0.000000,0.362963,0.000000,0.000000,0.000000,0.000000,0.000000,0.000000,0.000000,0.000000,0.000000,0.383856,0.000000,0.000000,0.000000,0.357219,0.000000,0.000000
0.000000,0.000000,0.332944,0.486215,0.000000,0.516560,0.000000,0.000000,0.000000,0.000000,0.398811,0.000000,0.000000,0.000000,0.000000,0.000000,0.404956,0.000000,0.390123,0.000000,0.000000,0.000000,0.000000,0.470896,0.325709,0.000000,0.000000,0.000000,0.000000,0.000000,0.413162,0.531803,0.421986,0.000000,0.000000,0.000000,0.000000,0.000000,0.000000,0.000000,0.000000,0.000000,0.000000,0.000000,0.000000,0.000000,0.000000,0.000000,0.000000,0.000000,0.000000,0.000000,0.000000,0.000000,0.000000,0.000000,0.000000,0.000000,0.000000,0.000000,0.000000,0.000000,0.000000,0.000000,0.000000,0.000000,0.467377,0.000000,0.000000,0.000000,0.000000,0.000000,0.401556,0.000000,0.422716,0.000000,0.000000,0.530281,0.000000,0.000000,0.000000,0.000000,0.000000,0.000000,0.000000,0.000000,0.000000,0.000000,0.000000,0.000000
0.000000,0.000000,0.000000,0.340147,0.529088,0.000000,0.000000,0.000000,0.000000,0.000000,0.000000,0.374261,0.000000,0.379531,0.000000,0.000000,0.000000,0.000000,0.474492,0.310046,0.000000,0.000000,0.470896,0.000000,0.503476,0.262677,0.437851,0.000000,0.000000,0.000000,0.431789,0.345948,0.000000,0.349170,0.000000,0.000000,0.000000,0.000000,0.000000,0.000000,0.000000,0.000000,0.000000,0.000000,0.000000,0.000000,0.000000,0.000000,0.000000,0.000000,0.000000,0.000000,0.000000,0.000000,0.000000,0.000000,0.000000,0.000000,0.000000,0.000000,0.000000,0.000000,0.000000,0.000000,0.000000,0.000000,0.000000,0.000000,0.000000,0.000000,0.000000,0.000000,0.461724,0.377841,0.000000,0.000000,0.000000,0.000000,0.000000,0.000000,0.000000,0.000000,0.000000,0.000000,0.000000,0.000000,0.000000,0.000000,0.000000,0.000000
0.000000,0.000000,0.374375,0.525836,0.344438,0.537656,0.000000,0.000000,0.356438,0.000000,0.000000,0.000000,0.361439,0.000000,0.345176,0.000000,0.000000,0.000000,0.000000,0.000000,0.405599,0.000000,0.325709,0.503476,0.000000,0.486989,0.381492,0.316516,0.000000,0.000000,0.361202,0.000000,0.000000,0.000000,0.000000,0.000000,0.000000,0.000000,0.000000,0.000000,0.000000,0.000000,0.000000,0.000000,0.000000,0.000000,0.000000,0.000000,0.000000,0.000000,0.000000,0.000000,0.000000,0.000000,0.000000,0.000000,0.000000,0.000000,0.000000,0.000000,0.000000,0.000000,0.000000,0.000000,0.000000,0.000000,0.000000,0.000000,0.000000,0.000000,0.437815,0.501999,0.452673,0.000000,0.442234,0.000000,0.000000,0.000000,0.000000,0.000000,0.000000,0.000000,0.000000,0.000000,0.000000,0.000000,0.000000,0.000000,0.000000,0.000000
0.000000,0.000000,0.000000,0.000000,0.000000,0.282094,0.000000,0.000000,0.000000,0.000000,0.000000,0.000000,0.000000,0.000000,0.000000,0.000000,0.000000,0.000000,0.000000,0.000000,0.251527,0.000000,0.000000,0.262677,0.486989,0.000000,0.487513,0.290138,0.000000,0.000000,0.441046,0.000000,0.000000,0.000000,0.000000,0.000000,0.000000,0.000000,0.000000,0.000000,0.000000,0.000000,0.000000,0.000000,0.000000,0.000000,0.000000,0.000000,0.000000,0.000000,0.000000,0.000000,0.000000,0.000000,0.000000,0.000000,0.000000,0.000000,0.000000,0.000000,0.000000,0.000000,0.000000,0.000000,0.000000,0.000000,0.000000,0.000000,0.000000,0.000000,0.000000,0.000000,0.000000,0.000000,0.000000,0.000000,0.000000,0.000000,0.000000,0.000000,0.000000,0.000000,0.000000,0.000000,0.000000,0.000000,0.000000,0.000000,0.000000,0.000000
0.000000,0.000000,0.000000,0.000000,0.363496,0.541337,0.000000,0.000000,0.000000,0.000000,0.000000,0.000000,0.000000,0.000000,0.387669,0.000000,0.000000,0.000000,0.000000,0.000000,0.401204,0.000000,0.000000,0.437851,0.381492,0.487513,0.000000,0.334422,0.000000,0.000000,0.335581,0.000000,0.000000,0.000000,0.000000,0.000000,0.000000,0.000000,0.000000,0.000000,0.000000,0.000000,0.000000,0.000000,0.000000,0.000000,0.000000,0.000000,0.531773,0.000000,0.516642,0.000000,0.526915,0.000000,0.000000,0.000000,0.000000,0.000000,0.000000,0.000000,0.000000,0.000000,0.000000,0.000000,0.466569,0.000000,0.000000,0.000000,0.000000,0.000000,0.428668,0.525738,0.460698,0.000000,0.000000,0.000000,0.000000,0.000000,0.000000,0.000000,0.000000,0.000000,0.000000,0.000000,0.000000,0.000000,0.000000,0.000000,0.000000,0.000000
0.000000,0.000000,0.000000,0.000000,0.000000,0.315429,0.000000,0.000000,0.000000,0.000000,0.000000,0.000000,0.000000,0.000000,0.000000,0.306825,0.000000,0.000000,0.000000,0.000000,0.262739,0.288639,0.000000,0.000000,0.316516,0.290138,0.334422,0.000000,0.000000,0.320776,0.000000,0.000000,0.000000,0.000000,0.000000,0.000000,0.000000,0.000000,0.000000,0.000000,0.000000,0.416206,0.000000,0.000000,0.000000,0.000000,0.000000,0.000000,0.000000,0.000000,0.000000,0.000000,0.000000,0.000000,0.000000,0.000000,0.000000,0.000000,0.000000,0.000000,0.000000,0.000000,0.000000,0.000000,0.000000,0.000000,0.000000,0.000000,0.000000,0.000000,0.000000,0.258386,0.000000,0.000000,0.000000,0.000000,0.000000,0.000000,0.000000,0.000000,0.000000,0.000000,0.000000,0.407634,0.000000,0.000000,0.000000,0.000000,0.000000,0.000000
0.000000,0.000000,0.000000,0.000000,0.306040,0.000000,0.000000,0.000000,0.000000,0.000000,0.373915,0.000000,0.347834,0.000000,0.351019,0.000000,0.390590,0.000000,0.000000,0.000000,0.328880,0.000000,0.000000,0.000000,0.000000,0.000000,0.000000,0.000000,0.000000,0.000000,0.000000,0.000000,0.000000,0.000000,0.000000,0.000000,0.000000,0.000000,0.000000,0.000000,0.000000,0.000000,0.000000,0.000000,0.000000,0.000000,0.000000,0.000000,0.000000,0.000000,0.447615,0.000000,0.000000,0.000000,0.000000,0.000000,0.433259,0.000000,0.000000,0.000000,0.000000,0.000000,0.000000,0.000000,0.450253,0.000000,0.000000,0.000000,0.000000,0.000000,0.000000,0.000000,0.416548,0.000000,0.000000,0.000000,0.000000,0.000000,0.379004,0.000000,0.000000,0.000000,0.338865,0.000000,0.000000,0.000000,0.000000,0.000000,0.000000,0.000000
0.000000,0.000000,0.000000,0.000000,0.000000,0.398254,0.000000,0.000000,0.000000,0.372472,0.000000,0.377418,0.000000,0.354800,0.000000,0.370615,0.000000,0.351805,0.000000,0.000000,0.000000,0.288698,0.000000,0.000000,0.000000,0.000000,0.000000,0.320776,0.000000,0.000000,0.000000,0.000000,0.000000,0.000000,0.000000,0.000000,0.000000,0.000000,0.000000,0.000000,0.000000,0.000000,0.000000,0.588142,0.000000,0.465590,0.000000,0.561958,0.000000,0.461518,0.000000,0.000000,0.000000,0.000000,0.000000,0.000000,0.000000,0.000000,0.000000,0.000000,0.000000,0.000000,0.000000,0.399134,0.000000,0.000000,0.000000,0.430835,0.000000,0.000000,0.000000,0.000000,0.000000,0.373735,0.000000,0.000000,0.000000,0.000000,0.000000,0.000000,0.000000,0.398669,0.000000,0.000000,0.000000,0.430130,0.000000,0.000000,0.000000,0.000000
0.000000,0.000000,0.000000,0.000000,0.000000,0.000000,0.000000,0.000000,0.000000,0.000000,0.000000,0.000000,0.000000,0.000000,0.426800,0.000000,0.000000,0.000000,0.000000,0.000000,0.345727,0.462363,0.413162,0.431789,0.361202,0.441046,0.335581,0.000000,0.000000,0.000000,0.000000,0.446027,0.482261,0.000000,0.535746,0.000000,0.000000,0.000000,0.000000,0.000000,0.000000,0.000000,0.000000,0.000000,0.000000,0.000000,0.000000,0.000000,0.000000,0.000000,0.000000,0.000000,0.000000,0.000000,0.000000,0.000000,0.000000,0.000000,0.000000,0.000000,0.000000,0.000000,0.000000,0.000000,0.000000,0.000000,0.518427,0.000000,0.000000,0.000000,0.345405,0.567102,0.000000,0.000000,0.000000,0.000000,0.000000,0.000000,0.000000,0.000000,0.000000,0.000000,0.000000,0.000000,0.000000,0.000000,0.000000,0.000000,0.000000,0.000000
0.000000,0.000000,0.000000,0.356200,0.000000,0.000000,0.000000,0.000000,0.000000,0.000000,0.000000,0.000000,0.000000,0.000000,0.000000,0.000000,0.000000,0.000000,0.000000,0.000000,0.329511,0.340226,0.531803,0.345948,0.000000,0.000000,0.000000,0.000000,0.000000,0.000000,0.446027,0.000000,0.000000,0.452060,0.000000,0.576404,0.000000,0.000000,0.000000,0.000000,0.000000,0.000000,0.000000,0.000000,0.000000,0.000000,0.000000,0.000000,0.000000,0.000000,0.000000,0.000000,0.000000,0.000000,0.000000,0.000000,0.000000,0.000000,0.000000,0.000000,0.000000,0.000000,0.000000,0.000000,0.000000,0.000000,0.000000,0.515505,0.000000,0.000000,0.000000,0.377762,0.000000,0.000000,0.000000,0.000000,0.000000,0.000000,0.000000,0.000000,0.000000,0.000000,0.000000,0.000000,0.000000,0.000000,0.000000,0.000000,0.000000,0.000000
0.000000,0.000000,0.000000,0.000000,0.000000,0.000000,0.000000,0.000000,0.000000,0.000000,0.413350,0.000000,0.000000,0.000000,0.000000,0.000000,0.000000,0.000000,0.369408,0.000000,0.000000,0.000000,0.421986,0.000000,0.000000,0.000000,0.000000,0.000000,0.000000,0.000000,0.482261,0.000000,0.000000,0.520440,0.374569,0.000000,0.000000,0.000000,0.000000,0.000000,0.000000,0.000000,0.000000,0.000000,0.000000,0.000000,0.000000,0.000000,0.000000,0.000000,0.000000,0.000000,0.000000,0.000000,0.000000,0.000000,0.000000,0.000000,0.000000,0.000000,0.000000,0.000000,0.000000,0.000000,0.000000,0.000000,0.461561,0.466635,0.334094,0.000000,0.000000,0.000000,0.000000,0.000000,0.000000,0.000000,0.000000,0.000000,0.000000,0.000000,0.000000,0.000000,0.000000,0.000000,0.000000,0.000000,0.000000,0.000000,0.000000,0.000000
0.000000,0.000000,0.000000,0.000000,0.000000,0.000000,0.000000,0.000000,0.000000,0.000000,0.000000,0.000000,0.000000,0.000000,0.000000,0.000000,0.000000,0.000000,0.518024,0.373559,0.000000,0.000000,0.000000,0.349170,0.000000,0.000000,0.000000,0.000000,0.000000,0.000000,0.000000,0.452060,0.520440,0.000000,0.000000,0.515891,0.000000,0.000000,0.000000,0.000000,0.000000,0.000000,0.000000,0.000000,0.000000,0.000000,0.000000,0.000000,0.000000,0.000000,0.000000,0.000000,0.000000,0.000000,0.000000,0.000000,0.000000,0.000000,0.561305,0.000000,0.000000,0.000000,0.000000,0.000000,0.000000,0.000000,0.523076,0.464113,0.000000,0.348333,0.000000,0.000000,0.000000,0.000000,0.000000,0.000000,0.000000,0.000000,0.000000,0.000000,0.000000,0.000000,0.000000,0.000000,0.000000,0.000000,0.000000,0.000000,0.000000,0.000000
0.000000,0.000000,0.000000,0.000000,0.000000,0.000000,0.000000,0.000000,0.000000,0.000000,0.000000,0.000000,0.000000,0.000000,0.000000,0.000000,0.000000,0.000000,0.000000,0.000000,0.000000,0.000000,0.000000,0.000000,0.000000,0.000000,0.000000,0.000000,0.000000,0.000000,0.535746,0.000000,0.374569,0.000000,0.000000,0.000000,0.419362,0.000000,0.422836,0.000000,0.000000,0.000000,0.000000,0.536635,0.575974,0.000000,0.532695,0.000000,0.508854,0.000000,0.000000,0.000000,0.000000,0.000000,0.000000,0.000000,0.000000,0.000000,0.000000,0.000000,0.000000,0.000000,0.000000,0.000000,0.000000,0.000000,0.390853,0.523076,0.000000,0.000000,0.000000,0.000000,0.000000,0.000000,0.000000,0.000000,0.000000,0.000000,0.000000,0.000000,0.000000,0.000000,0.000000,0.000000,0.000000,0.000000,0.000000,0.000000,0.000000,0.000000
0.000000,0.000000,0.000000,0.000000,0.000000,0.000000,0.000000,0.000000,0.000000,0.000000,0.000000,0.000000,0.000000,0.000000,0.000000,0.000000,0.000000,0.000000,0.000000,0.000000,0.000000,0.000000,0.000000,0.000000,0.000000,0.000000,0.000000,0.000000,0.000000,0.000000,0.000000,0.576404,0.000000,0.515891,0.000000,0.000000,0.000000,0.377310,0.000000,0.000000,0.000000,0.000000,0.667797,0.466740,0.570252,0.000000,0.000000,0.000000,0.552241,0.000000,0.000000,0.000000,0.000000,0.000000,0.000000,0.000000,0.000000,0.000000,0.000000,0.000000,0.000000,0.000000,0.000000,0.000000,0.000000,0.000000,0.000000,0.429164,0.000000,0.000000,0.000000,0.000000,0.000000,0.000000,0.000000,0.000000,0.559665,0.000000,0.000000,0.000000,0.000000,0.000000,0.000000,0.000000,0.000000,0.000000,0.000000,0.000000,0.000000,0.000000
0.000000,0.000000,0.000000,0.000000,0.000000,0.000000,0.000000,0.000000,0.000000,0.000000,0.000000,0.000000,0.000000,0.000000,0.000000,0.000000,0.000000,0.000000,0.000000,0.000000,0.000000,0.000000,0.000000,0.000000,0.000000,0.000000,0.000000,0.000000,0.000000,0.000000,0.000000,0.000000,0.000000,0.000000,0.419362,0.000000,0.000000,0.000000,0.322227,0.000000,0.360549,0.000000,0.500330,0.624503,0.468340,0.644911,0.542161,0.000000,0.000000,0.000000,0.534874,0.000000,0.000000,0.000000,0.375592,0.000000,0.000000,0.000000,0.528556,0.000000,0.496780,0.000000,0.000000,0.000000,0.000000,0.000000,0.000000,0.000000,0.000000,0.000000,0.420071,0.000000,0.000000,0.000000,0.000000,0.000000,0.486074,0.000000,0.000000,0.000000,0.000000,0.000000,0.000000,0.000000,0.000000,0.000000,0.000000,0.000000,0.355314,0.000000
0.000000,0.000000,0.000000,0.000000,0.000000,0.513006,0.000000,0.000000,0.000000,0.000000,0.000000,0.000000,0.000000,0.000000,0.000000,0.000000,0.000000,0.000000,0.000000,0.000000,0.000000,0.000000,0.000000,0.000000,0.000000,0.000000,0.000000,0.000000,0.000000,0.000000,0.000000,0.000000,0.000000,0.000000,0.000000,0.377310,0.000000,0.000000,0.000000,0.369520,0.000000,0.391088,0.525512,0.531724,0.479946,0.000000,0.524658,0.523841,0.000000,0.000000,0.000000,0.000000,0.000000,0.000000,0.000000,0.344327,0.000000,0.000000,0.000000,0.000000,0.000000,0.000000,0.000000,0.000000,0.000000,0.000000,0.000000,0.000000,0.000000,0.000000,0.000000,0.000000,0.000000,0.000000,0.000000,0.000000,0.000000,0.465097,0.000000,0.000000,0.000000,0.000000,0.000000,0.000000,0.000000,0.000000,0.000000,0.362491,0.000000,0.331045
0.000000,0.000000,0.000000,0.000000,0.000000,0.000000,0.000000,0.000000,0.000000,0.000000,0.000000,0.000000,0.000000,0.000000,0.000000,0.000000,0.000000,0.000000,0.000000,0.000000,0.000000,0.000000,0.000000,0.000000,0.000000,0.000000,0.000000,0.000000,0.000000,0.000000,0.000000,0.000000,0.000000,0.000000,0.422836,0.000000,0.322227,0.000000,0.000000,0.000000,0.279634,0.000000,0.412085,0.000000,0.456523,0.000000,0.479304,0.000000,0.000000,0.000000,0.000000,0.000000,0.000000,0.000000,0.311433,0.000000,0.000000,0.000000,0.000000,0.000000,0.000000,0.000000,0.000000,0.000000,0.000000,0.000000,0.435147,0.000000,0.000000,0.000000,0.000000,0.000000,0.000000,0.000000,0.000000,0.000000,0.000000,0.000000,0.000000,0.000000,0.000000,0.000000,0.000000,0.000000,0.000000,0.000000,0.000000,0.000000,0.000000,0.000000
0.000000,0.000000,0.000000,0.000000,0.000000,0.000000,0.000000,0.000000,0.000000,0.000000,0.000000,0.000000,0.000000,0.000000,0.000000,0.000000,0.000000,0.000000,0.000000,0.000000,0.000000,0.000000,0.000000,0.000000,0.000000,0.000000,0.000000,0.000000,0.000000,0.000000,0.000000,0.000000,0.000000,0.000000,0.000000,0.000000,0.000000,0.369520,0.000000,0.000000,0.000000,0.320742,0.000000,0.423817,0.000000,0.000000,0.000000,0.381139,0.000000,0.000000,0.000000,0.000000,0.000000,0.000000,0.000000,0.365529,0.000000,0.000000,0.000000,0.000000,0.000000,0.000000,0.000000,0.000000,0.000000,0.000000,0.000000,0.418014,0.000000,0.000000,0.000000,0.000000,0.000000,0.000000,0.000000,0.000000,0.000000,0.000000,0.000000,0.000000,0.000000,0.000000,0.000000,0.294995,0.000000,0.000000,0.000000,0.355256,0.000000,0.337256
0.000000,0.000000,0.000000,0.000000,0.000000,0.000000,0.000000,0.000000,0.000000,0.000000,0.000000,0.000000,0.000000,0.000000,0.000000,0.000000,0.000000,0.000000,0.000000,0.000000,0.339289,0.000000,0.000000,0.000000,0.000000,0.000000,0.000000,0.000000,0.000000,0.000000,0.000000,0.000000,0.000000,0.000000,0.000000,0.000000,0.360549,0.000000,0.279634,0.000000,0.000000,0.000000,0.000000,0.000000,0.000000,0.000000,0.000000,0.000000,0.000000,0.000000,0.485610,0.000000,0.000000,0.000000,0.000000,0.000000,0.000000,0.000000,0.000000,0.000000,0.453060,0.000000,0.000000,0.000000,0.450882,0.000000,0.000000,0.000000,0.000000,0.000000,0.000000,0.000000,0.000000,0.000000,0.000000,0.000000,0.453009,0.000000,0.000000,0.000000,0.000000,0.000000,0.364531,0.000000,0.000000,0.000000,0.378434,0.000000,0.000000,0.000000
0.000000,0.000000,0.000000,0.000000,0.000000,0.000000,0.000000,0.000000,0.000000,0.000000,0.000000,0.000000,0.000000,0.000000,0.000000,0.000000,0.000000,0.000000,0.000000,0.000000,0.000000,0.383388,0.000000,0.000000,0.000000,0.000000,0.000000,0.416206,0.000000,0.000000,0.000000,0.000000,0.000000,0.000000,0.000000,0.000000,0.000000,0.391088,0.000000,0.320742,0.000000,0.000000,0.000000,0.000000,0.000000,0.000000,0.000000,0.000000,0.000000,0.000000,0.000000,0.000000,0.000000,0.000000,0.000000,0.347311,0.000000,0.000000,0.000000,0.000000,0.000000,0.000000,0.000000,0.000000,0.000000,0.000000,0.000000,0.000000,0.000000,0.000000,0.000000,0.000000,0.000000,0.000000,0.000000,0.000000,0.000000,0.000000,0.000000,0.000000,0.000000,0.000000,0.000000,0.333835,0.000000,0.000000,0.000000,0.331055,0.000000,0.000000
0.000000,0.000000,0.000000,0.000000,0.000000,0.000000,0.000000,0.000000,0.000000,0.000000,0.000000,0.000000,0.000000,0.000000,0.000000,0.000000,0.000000,0.000000,0.000000,0.000000,0.000000,0.000000,0.000000,0.000000,0.000000,0.000000,0.000000,0.000000,0.000000,0.000000,0.000000,0.000000,0.000000,0.000000,0.000000,0.667797,0.500330,0.525512,0.412085,0.000000,0.000000,0.000000,0.000000,0.617460,0.369574,0.687757,0.332036,0.285929,0.402611,0.662314,0.408024,0.000000,0.000000,0.000000,0.414435,0.000000,0.000000,0.000000,0.000000,0.000000,0.000000,0.000000,0.000000,0.000000,0.000000,0.000000,0.448765,0.000000,0.000000,0.000000,0.000000,0.000000,0.501376,0.000000,0.000000,0.000000,0.477197,0.000000,0.000000,0.000000,0.000000,0.000000,0.000000,0.000000,0.000000,0.000000,0.000000,0.000000,0.398590,0.000000
0.000000,0.000000,0.000000,0.000000,0.000000,0.548502,0.000000,0.000000,0.000000,0.560138,0.000000,0.000000,0.000000,0.000000,0.000000,0.000000,0.000000,0.000000,0.000000,0.000000,0.000000,0.000000,0.000000,0.000000,0.000000,0.000000,0.000000,0.000000,0.000000,0.588142,0.000000,0.000000,0.000000,0.000000,0.536635,0.466740,0.624503,0.531724,0.000000,0.423817,0.000000,0.000000,0.617460,0.000000,0.631071,0.386686,0.000000,0.346605,0.666913,0.344338,0.000000,0.287180,0.000000,0.354004,0.000000,0.517157,0.000000,0.000000,0.000000,0.000000,0.000000,0.000000,0.000000,0.000000,0.000000,0.000000,0.602395,0.409882,0.000000,0.000000,0.000000,0.000000,0.000000,0.529553,0.000000,0.000000,0.000000,0.000000,0.000000,0.000000,0.000000,0.506342,0.000000,0.000000,0.000000,0.539599,0.000000,0.543273,0.000000,0.491621
0.000000,0.000000,0.000000,0.000000,0.000000,0.000000,0.000000,0.000000,0.000000,0.000000,0.000000,0.000000,0.000000,0.000000,0.000000,0.000000,0.000000,0.000000,0.000000,0.000000,0.000000,0.000000,0.000000,0.000000,0.000000,0.000000,0.000000,0.000000,0.000000,0.000000,0.000000,0.000000,0.000000,0.000000,0.575974,0.570252,0.468340,0.479946,0.456523,0.000000,0.000000,0.000000,0.369574,0.631071,0.000000,0.620768,0.336140,0.000000,0.394321,0.617524,0.000000,0.000000,0.000000,0.000000,0.000000,0.000000,0.000000,0.000000,0.000000,0.000000,0.000000,0.000000,0.000000,0.000000,0.000000,0.000000,0.416234,0.587009,0.000000,0.000000,0.000000,0.000000,0.000000,0.000000,0.000000,0.000000,0.000000,0.000000,0.000000,0.000000,0.000000,0.000000,0.000000,0.000000,0.000000,0.000000,0.000000,0.000000,0.000000,0.000000
0.000000,0.000000,0.000000,0.479843,0.000000,0.000000,0.000000,0.000000,0.000000,0.478942,0.000000,0.000000,0.000000,0.000000,0.000000,0.510195,0.000000,0.000000,0.000000,0.000000,0.000000,0.000000,0.000000,0.000000,0.000000,0.000000,0.000000,0.000000,0.000000,0.465590,0.000000,0.000000,0.000000,0.000000,0.000000,0.000000,0.644911,0.000000,0.000000,0.000000,0.000000,0.000000,0.687757,0.386686,0.620768,0.000000,0.000000,0.385319,0.625181,0.364489,0.000000,0.000000,0.000000,0.401466,0.000000,0.427015,0.000000,0.000000,0.000000,0.283807,0.000000,0.000000,0.000000,0.000000,0.000000,0.000000,0.000000,0.363664,0.000000,0.000000,0.000000,0.000000,0.000000,0.550662,0.000000,0.000000,0.000000,0.000000,0.000000,0.000000,0.000000,0.487707,0.000000,0.000000,0.000000,0.480803,0.000000,0.000000,0.000000,0.484403
0.000000,0.000000,0.000000,0.000000,0.000000,0.000000,0.000000,0.000000,0.000000,0.000000,0.000000,0.000000,0.000000,0.000000,0.000000,0.000000,0.000000,0.000000,0.000000,0.000000,0.000000,0.000000,0.000000,0.000000,0.000000,0.000000,0.000000,0.000000,0.000000,0.000000,0.000000,0.000000,0.000000,0.000000,0.532695,0.000000,0.542161,0.524658,0.479304,0.000000,0.000000,0.000000,0.332036,0.000000,0.336140,0.000000,0.000000,0.000000,0.492713,0.000000,0.350777,0.000000,0.263388,0.000000,0.356961,0.000000,0.000000,0.000000,0.000000,0.000000,0.000000,0.000000,0.000000,0.000000,0.000000,0.000000,0.366798,0.000000,0.000000,0.000000,0.000000,0.000000,0.000000,0.000000,0.000000,0.000000,0.000000,0.000000,0.000000,0.000000,0.000000,0.000000,0.000000,0.000000,0.000000,0.000000,0.000000,0.000000,0.429500,0.000000
0.000000,0.000000,0.000000,0.000000,0.000000,0.537124,0.000000,0.000000,0.000000,0.000000,0.000000,0.000000,0.000000,0.000000,0.000000,0.000000,0.000000,0.000000,0.000000,0.000000,0.000000,0.000000,0.000000,0.000000,0.000000,0.000000,0.000000,0.000000,0.000000,0.561958,0.000000,0.000000,0.000000,0.000000,0.000000,0.000000,0.000000,0.523841,0.000000,0.381139,0.000000,0.000000,0.285929,0.346605,0.000000,0.385319,0.000000,0.000000,0.000000,0.000000,0.000000,0.000000,0.000000,0.305348,0.000000,0.419926,0.000000,0.000000,0.000000,0.000000,0.000000,0.000000,0.000000,0.000000,0.000000,0.000000,0.000000,0.341091,0.000000,0.000000,0.000000,0.000000,0.000000,0.000000,0.000000,0.000000,0.000000,0.000000,0.000000,0.000000,0.000000,0.538097,0.000000,0.000000,0.000000,0.525633,0.000000,0.493642,0.000000,0.476723
0.000000,0.000000,0.000000,0.000000,0.521044,0.000000,0.000000,0.000000,0.000000,0.000000,0.000000,0.000000,0.502480,0.000000,0.506245,0.000000,0.000000,0.000000,0.000000,0.000000,0.000000,0.000000,0.000000,0.000000,0.000000,0.000000,0.531773,0.000000,0.000000,0.000000,0.000000,0.000000,0.000000,0.000000,0.508854,0.552241,0.000000,0.000000,0.000000,0.000000,0.000000,0.000000,0.402611,0.666913,0.394321,0.625181,0.492713,0.000000,0.000000,0.619402,0.387230,0.000000,0.465462,0.000000,0.501664,0.000000,0.000000,0.000000,0.403784,0.512162,0.399584,0.000000,0.000000,0.000000,0.000000,0.000000,0.377461,0.535664,0.000000,0.000000,0.000000,0.000000,0.000000,0.000000,0.000000,0.000000,0.469114,0.000000,0.000000,0.000000,0.000000,0.000000,0.475054,0.000000,0.522633,0.000000,0.000000,0.000000,0.511403,0.000000
