0.000000,0.000000,0.369349,0.000000,0.000000,0.000000,0.440501,0.000000,0.000000,0.000000,0.415418,0.000000,0.415655,0.000000,0.000000,0.000000,0.414041,0.000000,0.360059,0.532247,0.000000,0.000000,0.000000,0.000000,0.000000,0.000000,0.000000,0.000000,0.000000,0.000000,0.000000,0.000000,0.000000,0.000000,0.000000,0.000000,0.000000,0.000000,0.000000,0.000000,0.000000,0.000000,0.000000,0.000000,0.000000,0.000000,0.000000,0.000000,0.000000,0.000000,0.000000,0.000000,0.000000,0.000000,0.000000,0.000000,0.472235,0.000000,0.000000,0.000000,0.000000,0.000000,0.000000,0.000000,0.501834,0.000000,0.000000,0.000000,0.000000,0.000000,0.000000,0.000000,0.409034,0.000000,0.000000,0.000000,0.427151,0.000000,0.000000,0.000000,0.507567,0.000000,0.000000,0.000000,0.518599,0.000000,0.000000,0.000000,0.000000,0.000000
0.000000,0.000000,0.000000,0.372384,0.000000,0.000000,0.000000,0.452760,0.000000,0.000000,0.000000,0.399396,0.000000,0.000000,0.000000,0.000000,0.000000,0.409182,0.000000,0.000000,0.000000,0.000000,0.000000,0.000000,0.000000,0.000000,0.000000,0.000000,0.000000,0.000000,0.000000,0.000000,0.000000,0.000000,0.000000,0.000000,0.000000,0.000000,0.000000,0.000000,0.000000,0.000000,0.000000,0.000000,0.000000,0.000000,0.000000,0.000000,0.000000,0.000000,0.000000,0.000000,0.000000,0.000000,0.000000,0.000000,0.000000,0.449796,0.000000,0.502045,0.000000,0.526191,0.000000,0.494464,0.000000,0.528047,0.000000,0.000000,0.000000,0.000000,0.000000,0.000000,0.000000,0.000000,0.000000,0.000000,0.000000,0.000000,0.000000,0.000000,0.000000,0.000000,0.000000,0.000000,0.000000,0.000000,0.000000,0.000000,0.000000,0.000000
0.369349,0.000000,0.000000,0.525539,0.000000,0.492916,0.388413,0.000000,0.277168,0.000000,0.431441,0.000000,0.381990,0.000000,0.373513,0.000000,0.415374,0.000000,0.325724,0.548335,0.000000,0.000000,0.387813,0.537670,0.000000,0.000000,0.000000,0.000000,0.426252,0.000000,0.354645,0.000000,0.000000,0.000000,0.000000,0.000000,0.000000,0.000000,0.000000,0.000000,0.000000,0.000000,0.000000,0.000000,0.000000,0.000000,0.000000,0.000000,0.000000,0.000000,0.000000,0.000000,0.000000,0.000000,0.000000,0.000000,0.000000,0.000000,0.000000,0.000000,0.000000,0.000000,0.000000,0.000000,0.000000,0.000000,0.000000,0.000000,0.000000,0.000000,0.351360,0.000000,0.407782,0.000000,0.000000,0.000000,0.451895,0.000000,0.000000,0.000000,0.000000,0.000000,0.000000,0.000000,0.000000,0.000000,0.000000,0.000000,0.000000,0.000000
0.000000,0.372384,0.525539,0.000000,0.000000,0.297508,0.000000,0.393155,0.000000,0.000000,0.000000,0.000000,0.000000,0.000000,0.000000,0.000000,0.000000,0.000000,0.585147,0.269576,0.000000,0.000000,0.523448,0.337061,0.546569,0.000000,0.000000,0.000000,0.000000,0.000000,0.000000,0.000000,0.000000,0.000000,0.000000,0.000000,0.000000,0.000000,0.000000,0.000000,0.000000,0.000000,0.000000,0.000000,0.000000,0.000000,0.000000,0.000000,0.000000,0.000000,0.000000,0.000000,0.000000,0.000000,0.000000,0.000000,0.000000,0.000000,0.000000,0.000000,0.000000,0.000000,0.000000,0.000000,0.000000,0.000000,0.000000,0.000000,0.000000,0.000000,0.000000,0.405506,0.000000,0.408430,0.000000,0.445870,0.000000,0.433262,0.000000,0.000000,0.000000,0.000000,0.000000,0.000000,0.000000,0.000000,0.000000,0.000000,0.000000,0.000000
0.000000,0.000000,0.000000,0.000000,0.000000,0.000000,0.000000,0.000000,0.345714,0.000000,0.000000,0.000000,0.000000,0.000000,0.386101,0.000000,0.000000,0.000000,0.000000,0.000000,0.352568,0.000000,0.000000,0.000000,0.000000,0.000000,0.402487,0.000000,0.418231,0.000000,0.000000,0.000000,0.000000,0.000000,0.000000,0.000000,0.000000,0.000000,0.000000,0.000000,0.000000,0.000000,0.000000,0.000000,0.000000,0.000000,0.000000,0.000000,0.000000,0.000000,0.000000,0.000000,0.000000,0.000000,0.000000,0.000000,0.000000,0.000000,0.000000,0.000000,0.000000,0.000000,0.000000,0.000000,0.000000,0.000000,0.000000,0.000000,0.000000,0.000000,0.374781,0.000000,0.390453,0.000000,0.000000,0.000000,0.000000,0.000000,0.000000,0.000000,0.000000,0.000000,0.483377,0.000000,0.000000,0.000000,0.445022,0.000000,0.000000,0.000000
0.000000,0.000000,0.492916,0.297508,0.000000,0.000000,0.000000,0.000000,0.000000,0.312887,0.000000,0.000000,0.000000,0.000000,0.000000,0.374916,0.000000,0.000000,0.000000,0.000000,0.000000,0.000000,0.526072,0.231829,0.000000,0.335822,0.000000,0.280479,0.000000,0.398836,0.000000,0.000000,0.000000,0.000000,0.000000,0.000000,0.000000,0.000000,0.000000,0.000000,0.000000,0.000000,0.000000,0.000000,0.000000,0.000000,0.000000,0.530143,0.000000,0.000000,0.000000,0.000000,0.000000,0.000000,0.000000,0.000000,0.000000,0.000000,0.000000,0.000000,0.000000,0.000000,0.000000,0.000000,0.000000,0.000000,0.000000,0.000000,0.000000,0.000000,0.000000,0.435270,0.000000,0.407011,0.000000,0.397379,0.000000,0.445737,0.000000,0.000000,0.000000,0.000000,0.000000,0.449310,0.000000,0.000000,0.000000,0.000000,0.000000,0.000000
0.440501,0.000000,0.388413,0.000000,0.000000,0.000000,0.000000,0.000000,0.000000,0.000000,0.445873,0.000000,0.425383,0.000000,0.000000,0.000000,0.000000,0.000000,0.000000,0.000000,0.000000,0.000000,0.411323,0.000000,0.000000,0.000000,0.000000,0.000000,0.000000,0.000000,0.000000,0.000000,0.000000,0.000000,0.000000,0.000000,0.000000,0.000000,0.000000,0.000000,0.000000,0.000000,0.000000,0.000000,0.000000,0.000000,0.000000,0.000000,0.000000,0.000000,0.000000,0.000000,0.000000,0.000000,0.000000,0.000000,0.448349,0.000000,0.000000,0.000000,0.000000,0.000000,0.000000,0.000000,0.437780,0.000000,0.000000,0.000000,0.000000,0.000000,0.000000,0.000000,0.000000,0.000000,0.000000,0.000000,0.000000,0.000000,0.000000,0.000000,0.000000,0.000000,0.000000,0.000000,0.000000,0.000000,0.000000,0.000000,0.000000,0.000000
0.000000,0.452760,0.000000,0.393155,0.000000,0.000000,0.000000,0.000000,0.000000,0.000000,0.000000,0.423907,0.000000,0.382639,0.000000,0.000000,0.000000,0.000000,0.000000,0.000000,0.000000,0.000000,0.000000,0.000000,0.000000,0.000000,0.000000,0.000000,0.000000,0.000000,0.000000,0.000000,0.000000,0.000000,0.000000,0.000000,0.000000,0.000000,0.000000,0.000000,0.000000,0.000000,0.000000,0.000000,0.000000,0.000000,0.000000,0.508792,0.000000,0.000000,0.000000,0.000000,0.000000,0.000000,0.000000,0.000000,0.000000,0.499520,0.000000,0.000000,0.000000,0.514609,0.000000,0.000000,0.000000,0.000000,0.000000,0.000000,0.000000,0.000000,0.000000,0.000000,0.000000,0.407452,0.000000,0.412122,0.000000,0.438969,0.000000,0.000000,0.000000,0.000000,0.000000,0.000000,0.000000,0.000000,0.000000,0.000000,0.000000,0.000000
0.000000,0.000000,0.277168,0.000000,0.345714,0.000000,0.000000,0.000000,0.000000,0.000000,0.000000,0.000000,0.000000,0.000000,0.379309,0.000000,0.000000,0.000000,0.000000,0.000000,0.000000,0.000000,0.000000,0.000000,0.000000,0.000000,0.434372,0.000000,0.000000,0.000000,0.000000,0.000000,0.000000,0.000000,0.000000,0.000000,0.448305,0.000000,0.000000,0.000000,0.000000,0.000000,0.511603,0.000000,0.000000,0.000000,0.000000,0.000000,0.000000,0.000000,0.000000,0.000000,0.000000,0.000000,0.000000,0.000000,0.000000,0.000000,0.000000,0.000000,0.000000,0.000000,0.000000,0.000000,0.000000,0.000000,0.000000,0.000000,0.000000,0.000000,0.000000,0.000000,0.440143,0.000000,0.000000,0.000000,0.000000,0.000000,0.000000,0.000000,0.000000,0.000000,0.430584,0.000000,0.000000,0.000000,0.433312,0.000000,0.000000,0.000000
0.000000,0.000000,0.000000,0.000000,0.000000,0.312887,0.000000,0.000000,0.000000,0.000000,0.000000,0.000000,0.000000,0.000000,0.000000,0.382124,0.000000,0.000000,0.000000,0.000000,0.000000,0.000000,0.000000,0.000000,0.000000,0.000000,0.000000,0.000000,0.000000,0.384948,0.000000,0.000000,0.000000,0.000000,0.000000,0.000000,0.000000,0.418822,0.000000,0.000000,0.000000,0.000000,0.000000,0.000000,0.000000,0.000000,0.000000,0.504932,0.000000,0.000000,0.000000,0.000000,0.000000,0.000000,0.000000,0.504860,0.000000,0.000000,0.000000,0.000000,0.000000,0.000000,0.000000,0.000000,0.000000,0.000000,0.000000,0.000000,0.000000,0.000000,0.000000,0.000000,0.000000,0.376030,0.000000,0.000000,0.000000,0.449158,0.000000,0.000000,0.000000,0.000000,0.000000,0.449674,0.000000,0.000000,0.000000,0.000000,0.000000,0.000000
0.415418,0.000000,0.431441,0.000000,0.000000,0.000000,0.445873,0.000000,0.000000,0.000000,0.000000,0.000000,0.381523,0.000000,0.000000,0.000000,0.372168,0.000000,0.000000,0.000000,0.000000,0.000000,0.000000,0.000000,0.000000,0.000000,0.000000,0.000000,0.476623,0.000000,0.000000,0.000000,0.000000,0.000000,0.000000,0.000000,0.000000,0.000000,0.000000,0.000000,0.000000,0.000000,0.000000,0.000000,0.000000,0.000000,0.000000,0.000000,0.000000,0.000000,0.000000,0.000000,0.000000,0.000000,0.000000,0.000000,0.000000,0.000000,0.000000,0.000000,0.000000,0.000000,0.000000,0.000000,0.000000,0.000000,0.439926,0.000000,0.000000,0.000000,0.000000,0.000000,0.000000,0.000000,0.000000,0.000000,0.000000,0.000000,0.000000,0.000000,0.000000,0.000000,0.000000,0.000000,0.000000,0.000000,0.000000,0.000000,0.000000,0.000000
0.000000,0.399396,0.000000,0.000000,0.000000,0.000000,0.000000,0.423907,0.000000,0.000000,0.000000,0.000000,0.000000,0.395244,0.000000,0.000000,0.000000,0.424005,0.000000,0.000000,0.000000,0.000000,0.000000,0.000000,0.000000,0.000000,0.000000,0.000000,0.000000,0.407754,0.000000,0.000000,0.000000,0.000000,0.000000,0.000000,0.000000,0.000000,0.000000,0.000000,0.000000,0.000000,0.000000,0.000000,0.000000,0.000000,0.000000,0.000000,0.000000,0.000000,0.000000,0.000000,0.000000,0.000000,0.000000,0.000000,0.000000,0.000000,0.000000,0.000000,0.000000,0.000000,0.000000,0.000000,0.000000,0.000000,0.000000,0.000000,0.000000,0.000000,0.000000,0.000000,0.000000,0.403081,0.000000,0.000000,0.000000,0.000000,0.000000,0.000000,0.000000,0.000000,0.000000,0.000000,0.000000,0.000000,0.000000,0.000000,0.000000,0.000000
0.415655,0.000000,0.381990,0.000000,0.000000,0.000000,0.425383,0.000000,0.000000,0.000000,0.381523,0.000000,0.000000,0.000000,0.312720,0.000000,0.000000,0.000000,0.000000,0.000000,0.000000,0.000000,0.000000,0.000000,0.000000,0.000000,0.000000,0.000000,0.375640,0.000000,0.000000,0.000000,0.000000,0.000000,0.000000,0.000000,0.000000,0.000000,0.000000,0.000000,0.000000,0.000000,0.542856,0.000000,0.000000,0.000000,0.000000,0.000000,0.495874,0.000000,0.498618,0.000000,0.000000,0.000000,0.000000,0.000000,0.444802,0.000000,0.000000,0.000000,0.438927,0.000000,0.000000,0.000000,0.000000,0.000000,0.436663,0.000000,0.000000,0.000000,0.000000,0.000000,0.449866,0.000000,0.000000,0.000000,0.000000,0.000000,0.000000,0.000000,0.000000,0.000000,0.000000,0.000000,0.000000,0.000000,0.000000,0.000000,0.000000,0.000000
0.000000,0.000000,0.000000,0.000000,0.000000,0.000000,0.000000,0.382639,0.000000,0.000000,0.000000,0.395244,0.000000,0.000000,0.000000,0.335595,0.000000,0.394338,0.000000,0.000000,0.000000,0.000000,0.000000,0.000000,0.000000,0.000000,0.000000,0.000000,0.000000,0.385123,0.000000,0.000000,0.000000,0.000000,0.000000,0.000000,0.000000,0.000000,0.000000,0.000000,0.000000,0.000000,0.000000,0.489427,0.000000,0.000000,0.000000,0.517402,0.000000,0.495416,0.000000,0.000000,0.000000,0.495645,0.000000,0.461823,0.000000,0.000000,0.000000,0.000000,0.000000,0.000000,0.000000,0.000000,0.000000,0.457857,0.000000,0.000000,0.000000,0.000000,0.000000,0.000000,0.000000,0.424542,0.000000,0.395675,0.000000,0.000000,0.000000,0.000000,0.000000,0.000000,0.000000,0.000000,0.000000,0.000000,0.000000,0.000000,0.000000,0.000000
0.000000,0.000000,0.373513,0.000000,0.386101,0.000000,0.000000,0.000000,0.379309,0.000000,0.000000,0.000000,0.312720,0.000000,0.000000,0.000000,0.000000,0.000000,0.000000,0.000000,0.000000,0.000000,0.000000,0.000000,0.000000,0.000000,0.263870,0.000000,0.371544,0.000000,0.000000,0.000000,0.000000,0.000000,0.000000,0.000000,0.000000,0.000000,0.000000,0.000000,0.000000,0.000000,0.538488,0.000000,0.000000,0.000000,0.541594,0.000000,0.504625,0.000000,0.519646,0.000000,0.000000,0.000000,0.000000,0.000000,0.000000,0.000000,0.000000,0.000000,0.000000,0.000000,0.000000,0.000000,0.000000,0.000000,0.000000,0.000000,0.000000,0.000000,0.000000,0.000000,0.452872,0.000000,0.000000,0.000000,0.000000,0.000000,0.000000,0.000000,0.000000,0.000000,0.461069,0.000000,0.000000,0.000000,0.443799,0.000000,0.000000,0.000000
0.000000,0.000000,0.000000,0.000000,0.000000,0.374916,0.000000,0.000000,0.000000,0.382124,0.000000,0.000000,0.000000,0.335595,0.000000,0.000000,0.000000,0.000000,0.000000,0.000000,0.000000,0.296184,0.000000,0.000000,0.000000,0.000000,0.000000,0.339389,0.000000,0.373006,0.000000,0.000000,0.000000,0.000000,0.000000,0.000000,0.000000,0.465256,0.000000,0.447508,0.000000,0.000000,0.000000,0.483840,0.000000,0.000000,0.000000,0.508136,0.000000,0.000000,0.000000,0.000000,0.000000,0.473562,0.000000,0.503097,0.000000,0.000000,0.000000,0.000000,0.000000,0.000000,0.000000,0.000000,0.000000,0.000000,0.000000,0.000000,0.000000,0.000000,0.000000,0.000000,0.000000,0.415831,0.000000,0.000000,0.000000,0.000000,0.000000,0.000000,0.000000,0.000000,0.000000,0.000000,0.000000,0.000000,0.000000,0.000000,0.000000,0.000000
0.414041,0.000000,0.415374,0.000000,0.000000,0.000000,0.000000,0.000000,0.000000,0.000000,0.372168,0.000000,0.000000,0.000000,0.000000,0.000000,0.000000,0.000000,0.000000,0.000000,0.000000,0.000000,0.000000,0.000000,0.000000,0.000000,0.000000,0.000000,0.366868,0.000000,0.000000,0.000000,0.000000,0.000000,0.000000,0.000000,0.000000,0.000000,0.000000,0.000000,0.000000,0.000000,0.000000,0.000000,0.000000,0.000000,0.000000,0.000000,0.000000,0.000000,0.000000,0.000000,0.000000,0.000000,0.000000,0.000000,0.375166,0.000000,0.000000,0.000000,0.000000,0.000000,0.357057,0.000000,0.000000,0.000000,0.000000,0.000000,0.000000,0.000000,0.000000,0.000000,0.372102,0.000000,0.000000,0.000000,0.000000,0.000000,0.377488,0.000000,0.387500,0.000000,0.000000,0.000000,0.511394,0.000000,0.000000,0.000000,0.000000,0.000000
0.000000,0.409182,0.000000,0.000000,0.000000,0.000000,0.000000,0.000000,0.000000,0.000000,0.000000,0.424005,0.000000,0.394338,0.000000,0.000000,0.000000,0.000000,0.000000,0.000000,0.000000,0.000000,0.000000,0.000000,0.000000,0.000000,0.000000,0.000000,0.000000,0.349615,0.000000,0.000000,0.000000,0.000000,0.000000,0.000000,0.000000,0.000000,0.000000,0.000000,0.000000,0.000000,0.000000,0.000000,0.000000,0.000000,0.000000,0.000000,0.000000,0.000000,0.000000,0.000000,0.000000,0.000000,0.000000,0.000000,0.000000,0.316810,0.000000,0.000000,0.000000,0.481934,0.000000,0.453089,0.000000,0.000000,0.000000,0.000000,0.000000,0.000000,0.000000,0.000000,0.000000,0.371774,0.000000,0.000000,0.000000,0.000000,0.000000,0.284024,0.000000,0.417904,0.000000,0.000000,0.000000,0.000000,0.000000,0.000000,0.000000,0.000000
0.360059,0.000000,0.325724,0.585147,0.000000,0.000000,0.000000,0.000000,0.000000,0.000000,0.000000,0.000000,0.000000,0.000000,0.000000,0.000000,0.000000,0.000000,0.000000,0.567366,0.000000,0.000000,0.322931,0.474307,0.000000,0.000000,0.000000,0.000000,0.000000,0.000000,0.000000,0.000000,0.379286,0.000000,0.523786,0.000000,0.000000,0.000000,0.000000,0.000000,0.000000,0.000000,0.000000,0.000000,0.000000,0.000000,0.000000,0.000000,0.000000,0.000000,0.000000,0.000000,0.000000,0.000000,0.000000,0.000000,0.000000,0.000000,0.000000,0.000000,0.000000,0.000000,0.000000,0.000000,0.000000,0.000000,0.454090,0.000000,0.426301,0.000000,0.000000,0.000000,0.441217,0.000000,0.000000,0.000000,0.500272,0.000000,0.000000,0.000000,0.000000,0.000000,0.000000,0.000000,0.000000,0.000000,0.000000,0.000000,0.000000,0.000000
0.532247,0.000000,0.548335,0.269576,0.000000,0.000000,0.000000,0.000000,0.000000,0.000000,0.000000,0.000000,0.000000,0.000000,0.000000,0.000000,0.000000,0.000000,0.567366,0.000000,0.000000,0.000000,0.000000,0.325868,0.000000,0.000000,0.000000,0.000000,0.000000,0.000000,0.000000,0.000000,0.503658,0.417830,0.000000,0.000000,0.000000,0.000000,0.000000,0.000000,0.000000,0.000000,0.000000,0.000000,0.000000,0.000000,0.000000,0.000000,0.000000,0.000000,0.000000,0.000000,0.000000,0.000000,0.000000,0.000000,0.000000,0.000000,0.000000,0.000000,0.000000,0.000000,0.000000,0.000000,0.000000,0.000000,0.000000,0.000000,0.520136,0.298422,0.000000,0.000000,0.000000,0.427689,0.000000,0.000000,0.550458,0.000000,0.000000,0.000000,0.000000,0.000000,0.000000,0.000000,0.000000,0.000000,0.000000,0.000000,0.000000,0.000000
0.000000,0.000000,0.000000,0.000000,0.352568,0.000000,0.000000,0.000000,0.000000,0.000000,0.000000,0.000000,0.000000,0.000000,0.000000,0.000000,0.000000,0.000000,0.000000,0.000000,0.000000,0.461608,0.462635,0.000000,0.427327,0.000000,0.413556,0.000000,0.308174,0.000000,0.359427,0.000000,0.000000,0.000000,0.000000,0.000000,0.000000,0.000000,0.376763,0.000000,0.340868,0.000000,0.530459,0.000000,0.000000,0.000000,0.539956,0.000000,0.000000,0.000000,0.487234,0.000000,0.000000,0.000000,0.000000,0.000000,0.000000,0.000000,0.000000,0.000000,0.000000,0.000000,0.000000,0.000000,0.000000,0.000000,0.000000,0.000000,0.000000,0.000000,0.292777,0.000000,0.387046,0.000000,0.000000,0.000000,0.000000,0.000000,0.000000,0.000000,0.000000,0.000000,0.000000,0.000000,0.000000,0.000000,0.380009,0.000000,0.000000,0.000000
0.000000,0.000000,0.000000,0.000000,0.000000,0.000000,0.000000,0.000000,0.000000,0.000000,0.000000,0.000000,0.000000,0.000000,0.000000,0.296184,0.000000,0.000000,0.000000,0.000000,0.461608,0.000000,0.000000,0.000000,0.544626,0.000000,0.492981,0.335913,0.000000,0.000000,0.403803,0.289585,0.000000,0.000000,0.000000,0.000000,0.000000,0.000000,0.000000,0.372817,0.000000,0.000000,0.000000,0.000000,0.000000,0.000000,0.000000,0.000000,0.000000,0.000000,0.000000,0.000000,0.000000,0.000000,0.000000,0.000000,0.000000,0.000000,0.000000,0.000000,0.000000,0.000000,0.000000,0.000000,0.000000,0.000000,0.000000,0.000000,0.000000,0.000000,0.481257,0.286756,0.000000,0.000000,0.000000,0.000000,0.000000,0.000000,0.000000,0.000000,0.000000,0.000000,0.000000,0.367962,0.000000,0.000000,0.000000,0.342766,0.000000,0.000000
0.000000,0.000000,0.387813,0.523448,0.000000,0.526072,0.411323,0.000000,0.000000,0.000000,0.000000,0.000000,0.000000,0.000000,0.000000,0.000000,0.000000,0.000000,0.322931,0.000000,0.462635,0.000000,0.000000,0.520287,0.354359,0.616074,0.000000,0.000000,0.000000,0.000000,0.402002,0.529740,0.527874,0.513346,0.000000,0.000000,0.000000,0.000000,0.000000,0.000000,0.000000,0.000000,0.000000,0.000000,0.000000,0.000000,0.000000,0.000000,0.000000,0.000000,0.000000,0.000000,0.000000,0.000000,0.000000,0.000000,0.000000,0.000000,0.000000,0.000000,0.000000,0.000000,0.000000,0.000000,0.000000,0.000000,0.000000,0.000000,0.000000,0.000000,0.410906,0.496331,0.429086,0.461977,0.000000,0.000000,0.462587,0.000000,0.000000,0.000000,0.000000,0.000000,0.000000,0.000000,0.000000,0.000000,0.000000,0.000000,0.000000,0.000000
0.000000,0.000000,0.537670,0.337061,0.000000,0.231829,0.000000,0.000000,0.000000,0.000000,0.000000,0.000000,0.000000,0.000000,0.000000,0.000000,0.000000,0.000000,0.474307,0.325868,0.000000,0.000000,0.520287,0.000000,0.532591,0.299817,0.000000,0.000000,0.000000,0.000000,0.492740,0.368528,0.512892,0.352273,0.000000,0.000000,0.000000,0.000000,0.000000,0.000000,0.000000,0.000000,0.000000,0.000000,0.000000,0.000000,0.000000,0.000000,0.000000,0.000000,0.000000,0.000000,0.000000,0.000000,0.000000,0.000000,0.000000,0.000000,0.000000,0.000000,0.000000,0.000000,0.000000,0.000000,0.000000,0.000000,0.000000,0.000000,0.000000,0.000000,0.000000,0.403789,0.000000,0.390868,0.000000,0.000000,0.000000,0.426993,0.000000,0.000000,0.000000,0.000000,0.000000,0.000000,0.000000,0.000000,0.000000,0.000000,0.000000,0.000000
0.000000,0.000000,0.000000,0.546569,0.000000,0.000000,0.000000,0.000000,0.000000,0.000000,0.000000,0.000000,0.000000,0.000000,0.000000,0.000000,0.000000,0.000000,0.000000,0.000000,0.427327,0.544626,0.354359,0.532591,0.000000,0.520125,0.398841,0.387168,0.000000,0.000000,0.397971,0.435757,0.000000,0.000000,0.000000,0.000000,0.000000,0.000000,0.000000,0.000000,0.000000,0.000000,0.000000,0.000000,0.000000,0.000000,0.000000,0.000000,0.000000,0.000000,0.000000,0.000000,0.000000,0.000000,0.000000,0.000000,0.000000,0.000000,0.000000,0.000000,0.000000,0.000000,0.000000,0.000000,0.000000,0.000000,0.000000,0.000000,0.000000,0.000000,0.372522,0.000000,0.000000,0.000000,0.000000,0.000000,0.000000,0.000000,0.000000,0.000000,0.000000,0.000000,0.000000,0.000000,0.000000,0.000000,0.000000,0.000000,0.000000,0.000000
0.000000,0.000000,0.000000,0.000000,0.000000,0.335822,0.000000,0.000000,0.000000,0.000000,0.000000,0.000000,0.000000,0.000000,0.000000,0.000000,0.000000,0.000000,0.000000,0.000000,0.000000,0.000000,0.616074,0.299817,0.520125,0.000000,0.453947,0.240066,0.000000,0.000000,0.408556,0.347790,0.000000,0.000000,0.000000,0.000000,0.000000,0.000000,0.000000,0.000000,0.000000,0.000000,0.000000,0.000000,0.000000,0.000000,0.000000,0.000000,0.000000,0.000000,0.000000,0.000000,0.000000,0.000000,0.000000,0.000000,0.000000,0.000000,0.000000,0.000000,0.000000,0.000000,0.000000,0.000000,0.000000,0.000000,0.000000,0.000000,0.000000,0.000000,0.000000,0.000000,0.000000,0.000000,0.000000,0.000000,0.000000,0.000000,0.000000,0.000000,0.000000,0.000000,0.000000,0.000000,0.000000,0.000000,0.000000,0.000000,0.000000,0.000000
0.000000,0.000000,0.000000,0.000000,0.402487,0.000000,0.000000,0.000000,0.434372,0.000000,0.000000,0.000000,0.000000,0.000000,0.263870,0.000000,0.000000,0.000000,0.000000,0.000000,0.413556,0.492981,0.000000,0.000000,0.398841,0.453947,0.000000,0.317238,0.444480,0.000000,0.408572,0.412583,0.000000,0.000000,0.000000,0.000000,0.000000,0.000000,0.421842,0.000000,0.000000,0.000000,0.000000,0.000000,0.000000,0.000000,0.000000,0.000000,0.000000,0.000000,0.000000,0.000000,0.000000,0.000000,0.000000,0.000000,0.000000,0.000000,0.000000,0.000000,0.000000,0.000000,0.000000,0.000000,0.000000,0.000000,0.000000,0.000000,0.000000,0.000000,0.413421,0.000000,0.315548,0.000000,0.000000,0.000000,0.000000,0.000000,0.000000,0.000000,0.000000,0.000000,0.000000,0.000000,0.000000,0.000000,0.408930,0.000000,0.000000,0.000000
0.000000,0.000000,0.000000,0.000000,0.000000,0.280479,0.000000,0.000000,0.000000,0.000000,0.000000,0.000000,0.000000,0.000000,0.000000,0.339389,0.000000,0.000000,0.000000,0.000000,0.000000,0.335913,0.000000,0.000000,0.387168,0.240066,0.317238,0.000000,0.000000,0.000000,0.000000,0.000000,0.000000,0.000000,0.000000,0.000000,0.000000,0.000000,0.000000,0.000000,0.000000,0.000000,0.000000,0.000000,0.000000,0.000000,0.000000,0.000000,0.000000,0.000000,0.000000,0.000000,0.000000,0.000000,0.000000,0.000000,0.000000,0.000000,0.000000,0.000000,0.000000,0.000000,0.000000,0.000000,0.000000,0.000000,0.000000,0.000000,0.000000,0.000000,0.000000,0.275467,0.000000,0.317666,0.000000,0.000000,0.000000,0.000000,0.000000,0.000000,0.000000,0.000000,0.000000,0.393334,0.000000,0.000000,0.000000,0.000000,0.000000,0.000000
0.000000,0.000000,0.426252,0.000000,0.418231,0.000000,0.000000,0.000000,0.000000,0.000000,0.476623,0.000000,0.375640,0.000000,0.371544,0.000000,0.366868,0.000000,0.000000,0.000000,0.308174,0.000000,0.000000,0.000000,0.000000,0.000000,0.444480,0.000000,0.000000,0.000000,0.000000,0.000000,0.000000,0.000000,0.000000,0.000000,0.000000,0.000000,0.000000,0.000000,0.000000,0.000000,0.539334,0.000000,0.000000,0.000000,0.536622,0.000000,0.487399,0.000000,0.000000,0.000000,0.000000,0.000000,0.000000,0.000000,0.400550,0.000000,0.394654,0.000000,0.000000,0.000000,0.000000,0.000000,0.000000,0.000000,0.000000,0.000000,0.000000,0.000000,0.000000,0.000000,0.356097,0.000000,0.000000,0.000000,0.000000,0.000000,0.372605,0.000000,0.412137,0.000000,0.372140,0.000000,0.000000,0.000000,0.000000,0.000000,0.000000,0.000000
0.000000,0.000000,0.000000,0.000000,0.000000,0.398836,0.000000,0.000000,0.000000,0.384948,0.000000,0.407754,0.000000,0.385123,0.000000,0.373006,0.000000,0.349615,0.000000,0.000000,0.000000,0.000000,0.000000,0.000000,0.000000,0.000000,0.000000,0.000000,0.000000,0.000000,0.000000,0.000000,0.000000,0.000000,0.000000,0.000000,0.000000,0.000000,0.000000,0.000000,0.000000,0.000000,0.000000,0.000000,0.000000,0.000000,0.000000,0.000000,0.000000,0.000000,0.000000,0.000000,0.000000,0.000000,0.000000,0.000000,0.000000,0.000000,0.000000,0.000000,0.000000,0.000000,0.000000,0.421365,0.000000,0.000000,0.000000,0.000000,0.000000,0.000000,0.000000,0.000000,0.000000,0.360292,0.000000,0.000000,0.000000,0.000000,0.000000,0.000000,0.000000,0.357976,0.000000,0.000000,0.000000,0.000000,0.000000,0.000000,0.000000,0.000000
0.000000,0.000000,0.354645,0.000000,0.000000,0.000000,0.000000,0.000000,0.000000,0.000000,0.000000,0.000000,0.000000,0.000000,0.000000,0.000000,0.000000,0.000000,0.000000,0.000000,0.359427,0.403803,0.402002,0.492740,0.397971,0.408556,0.408572,0.000000,0.000000,0.000000,0.000000,0.471089,0.516546,0.000000,0.558535,0.000000,0.000000,0.000000,0.000000,0.000000,0.000000,0.000000,0.000000,0.000000,0.000000,0.000000,0.000000,0.000000,0.000000,0.000000,0.000000,0.000000,0.000000,0.000000,0.000000,0.000000,0.000000,0.000000,0.000000,0.000000,0.000000,0.000000,0.000000,0.000000,0.000000,0.000000,0.000000,0.000000,0.000000,0.000000,0.000000,0.000000,0.000000,0.000000,0.000000,0.000000,0.000000,0.000000,0.000000,0.000000,0.000000,0.000000,0.000000,0.000000,0.000000,0.000000,0.000000,0.000000,0.000000,0.000000
0.000000,0.000000,0.000000,0.000000,0.000000,0.000000,0.000000,0.000000,0.000000,0.000000,0.000000,0.000000,0.000000,0.000000,0.000000,0.000000,0.000000,0.000000,0.000000,0.000000,0.000000,0.289585,0.529740,0.368528,0.435757,0.347790,0.412583,0.000000,0.000000,0.000000,0.471089,0.000000,0.511368,0.455554,0.000000,0.546734,0.000000,0.000000,0.000000,0.000000,0.000000,0.000000,0.000000,0.000000,0.000000,0.000000,0.000000,0.000000,0.000000,0.000000,0.000000,0.000000,0.000000,0.000000,0.000000,0.000000,0.000000,0.000000,0.000000,0.000000,0.000000,0.000000,0.000000,0.000000,0.000000,0.000000,0.000000,0.505854,0.000000,0.000000,0.000000,0.354900,0.000000,0.000000,0.000000,0.000000,0.000000,0.000000,0.000000,0.000000,0.000000,0.000000,0.000000,0.000000,0.000000,0.000000,0.000000,0.000000,0.000000,0.000000
0.000000,0.000000,0.000000,0.000000,0.000000,0.000000,0.000000,0.000000,0.000000,0.000000,0.000000,0.000000,0.000000,0.000000,0.000000,0.000000,0.000000,0.000000,0.379286,0.503658,0.000000,0.000000,0.527874,0.512892,0.000000,0.000000,0.000000,0.000000,0.000000,0.000000,0.516546,0.511368,0.000000,0.470360,0.519035,0.000000,0.000000,0.000000,0.000000,0.000000,0.000000,0.000000,0.000000,0.000000,0.000000,0.000000,0.000000,0.000000,0.000000,0.000000,0.000000,0.000000,0.000000,0.000000,0.000000,0.000000,0.000000,0.000000,0.000000,0.000000,0.000000,0.000000,0.000000,0.000000,0.000000,0.000000,0.464969,0.550002,0.407412,0.000000,0.000000,0.000000,0.000000,0.514991,0.000000,0.000000,0.000000,0.000000,0.000000,0.000000,0.000000,0.000000,0.000000,0.000000,0.000000,0.000000,0.000000,0.000000,0.000000,0.000000
0.000000,0.000000,0.000000,0.000000,0.000000,0.000000,0.000000,0.000000,0.000000,0.000000,0.000000,0.000000,0.000000,0.000000,0.000000,0.000000,0.000000,0.000000,0.000000,0.417830,0.000000,0.000000,0.513346,0.352273,0.000000,0.000000,0.000000,0.000000,0.000000,0.000000,0.000000,0.455554,0.470360,0.000000,0.000000,0.451520,0.000000,0.000000,0.000000,0.000000,0.000000,0.000000,0.000000,0.000000,0.000000,0.000000,0.000000,0.000000,0.000000,0.000000,0.000000,0.000000,0.000000,0.000000,0.000000,0.000000,0.000000,0.424266,0.000000,0.436774,0.000000,0.000000,0.000000,0.000000,0.000000,0.000000,0.530246,0.455748,0.520125,0.408950,0.000000,0.000000,0.000000,0.000000,0.000000,0.000000,0.000000,0.000000,0.000000,0.000000,0.000000,0.000000,0.000000,0.000000,0.000000,0.000000,0.000000,0.000000,0.000000,0.000000
0.000000,0.000000,0.000000,0.000000,0.000000,0.000000,0.000000,0.000000,0.000000,0.000000,0.000000,0.000000,0.000000,0.000000,0.000000,0.000000,0.000000,0.000000,0.523786,0.000000,0.000000,0.000000,0.000000,0.000000,0.000000,0.000000,0.000000,0.000000,0.000000,0.000000,0.558535,0.000000,0.519035,0.000000,0.000000,0.545904,0.000000,0.000000,0.000000,0.000000,0.000000,0.000000,0.000000,0.000000,0.000000,0.527886,0.000000,0.000000,0.000000,0.000000,0.000000,0.000000,0.000000,0.000000,0.000000,0.000000,0.000000,0.000000,0.000000,0.000000,0.000000,0.000000,0.000000,0.000000,0.000000,0.000000,0.372281,0.448606,0.000000,0.000000,0.000000,0.000000,0.000000,0.000000,0.000000,0.000000,0.000000,0.000000,0.000000,0.000000,0.000000,0.000000,0.000000,0.000000,0.000000,0.000000,0.000000,0.000000,0.000000,0.000000
0.000000,0.000000,0.000000,0.000000,0.000000,0.000000,0.000000,0.000000,0.000000,0.000000,0.000000,0.000000,0.000000,0.000000,0.000000,0.000000,0.000000,0.000000,0.000000,0.000000,0.000000,0.000000,0.000000,0.000000,0.000000,0.000000,0.000000,0.000000,0.000000,0.000000,0.000000,0.546734,0.000000,0.451520,0.545904,0.000000,0.488334,0.465934,0.000000,0.000000,0.000000,0.000000,0.000000,0.503880,0.542880,0.508985,0.000000,0.000000,0.000000,0.000000,0.000000,0.000000,0.000000,0.000000,0.000000,0.000000,0.000000,0.000000,0.000000,0.000000,0.000000,0.000000,0.000000,0.000000,0.000000,0.000000,0.000000,0.473024,0.000000,0.000000,0.000000,0.000000,0.000000,0.000000,0.000000,0.000000,0.000000,0.000000,0.000000,0.000000,0.000000,0.000000,0.000000,0.000000,0.000000,0.000000,0.000000,0.000000,0.000000,0.000000
0.000000,0.000000,0.000000,0.000000,0.000000,0.000000,0.000000,0.000000,0.448305,0.000000,0.000000,0.000000,0.000000,0.000000,0.000000,0.000000,0.000000,0.000000,0.000000,0.000000,0.000000,0.000000,0.000000,0.000000,0.000000,0.000000,0.000000,0.000000,0.000000,0.000000,0.000000,0.000000,0.000000,0.000000,0.000000,0.488334,0.000000,0.507117,0.377762,0.000000,0.312669,0.000000,0.000000,0.500811,0.000000,0.000000,0.000000,0.484276,0.000000,0.000000,0.000000,0.000000,0.000000,0.000000,0.000000,0.000000,0.000000,0.000000,0.000000,0.000000,0.000000,0.000000,0.000000,0.000000,0.000000,0.000000,0.472560,0.515373,0.000000,0.000000,0.353114,0.000000,0.000000,0.000000,0.000000,0.000000,0.421222,0.000000,0.000000,0.000000,0.000000,0.000000,0.450981,0.000000,0.000000,0.000000,0.409857,0.000000,0.000000,0.000000
0.000000,0.000000,0.000000,0.000000,0.000000,0.000000,0.000000,0.000000,0.000000,0.418822,0.000000,0.000000,0.000000,0.000000,0.000000,0.465256,0.000000,0.000000,0.000000,0.000000,0.000000,0.000000,0.000000,0.000000,0.000000,0.000000,0.000000,0.000000,0.000000,0.000000,0.000000,0.000000,0.000000,0.000000,0.000000,0.465934,0.507117,0.000000,0.000000,0.367685,0.000000,0.373368,0.000000,0.429933,0.000000,0.000000,0.000000,0.457377,0.000000,0.000000,0.000000,0.000000,0.000000,0.000000,0.000000,0.427913,0.000000,0.000000,0.000000,0.000000,0.000000,0.000000,0.000000,0.000000,0.000000,0.000000,0.537556,0.000000,0.000000,0.000000,0.000000,0.000000,0.000000,0.429800,0.000000,0.000000,0.000000,0.434362,0.000000,0.000000,0.000000,0.000000,0.000000,0.392383,0.000000,0.000000,0.000000,0.382423,0.000000,0.000000
0.000000,0.000000,0.000000,0.000000,0.000000,0.000000,0.000000,0.000000,0.000000,0.000000,0.000000,0.000000,0.000000,0.000000,0.000000,0.000000,0.000000,0.000000,0.000000,0.000000,0.376763,0.000000,0.000000,0.000000,0.000000,0.000000,0.421842,0.000000,0.000000,0.000000,0.000000,0.000000,0.000000,0.000000,0.000000,0.000000,0.377762,0.000000,0.000000,0.000000,0.294939,0.000000,0.371314,0.000000,0.000000,0.000000,0.334815,0.000000,0.000000,0.000000,0.000000,0.000000,0.000000,0.000000,0.344445,0.000000,0.000000,0.000000,0.000000,0.000000,0.000000,0.000000,0.000000,0.000000,0.000000,0.000000,0.406886,0.000000,0.000000,0.000000,0.000000,0.000000,0.000000,0.000000,0.000000,0.000000,0.427295,0.000000,0.000000,0.000000,0.000000,0.000000,0.272058,0.000000,0.000000,0.000000,0.384946,0.000000,0.000000,0.000000
0.000000,0.000000,0.000000,0.000000,0.000000,0.000000,0.000000,0.000000,0.000000,0.000000,0.000000,0.000000,0.000000,0.000000,0.000000,0.447508,0.000000,0.000000,0.000000,0.000000,0.000000,0.372817,0.000000,0.000000,0.000000,0.000000,0.000000,0.000000,0.000000,0.000000,0.000000,0.000000,0.000000,0.000000,0.000000,0.000000,0.000000,0.367685,0.000000,0.000000,0.000000,0.335649,0.000000,0.442969,0.000000,0.442763,0.000000,0.385901,0.000000,0.000000,0.000000,0.000000,0.000000,0.000000,0.000000,0.358554,0.000000,0.000000,0.000000,0.000000,0.000000,0.000000,0.000000,0.000000,0.000000,0.000000,0.000000,0.000000,0.000000,0.000000,0.000000,0.000000,0.000000,0.000000,0.000000,0.000000,0.000000,0.000000,0.000000,0.000000,0.000000,0.000000,0.000000,0.428273,0.000000,0.000000,0.000000,0.404042,0.000000,0.000000
0.000000,0.000000,0.000000,0.000000,0.000000,0.000000,0.000000,0.000000,0.000000,0.000000,0.000000,0.000000,0.000000,0.000000,0.000000,0.000000,0.000000,0.000000,0.000000,0.000000,0.340868,0.000000,0.000000,0.000000,0.000000,0.000000,0.000000,0.000000,0.000000,0.000000,0.000000,0.000000,0.000000,0.000000,0.000000,0.000000,0.312669,0.000000,0.294939,0.000000,0.000000,0.000000,0.538709,0.000000,0.000000,0.000000,0.543306,0.000000,0.000000,0.000000,0.000000,0.000000,0.000000,0.000000,0.000000,0.000000,0.000000,0.000000,0.000000,0.000000,0.000000,0.000000,0.000000,0.000000,0.000000,0.000000,0.000000,0.000000,0.000000,0.000000,0.000000,0.000000,0.413956,0.000000,0.000000,0.000000,0.000000,0.000000,0.000000,0.000000,0.000000,0.000000,0.349768,0.000000,0.000000,0.000000,0.417301,0.000000,0.000000,0.000000
0.000000,0.000000,0.000000,0.000000,0.000000,0.000000,0.000000,0.000000,0.000000,0.000000,0.000000,0.000000,0.000000,0.000000,0.000000,0.000000,0.000000,0.000000,0.000000,0.000000,0.000000,0.000000,0.000000,0.000000,0.000000,0.000000,0.000000,0.000000,0.000000,0.000000,0.000000,0.000000,0.000000,0.000000,0.000000,0.000000,0.000000,0.373368,0.000000,0.335649,0.000000,0.000000,0.000000,0.000000,0.000000,0.000000,0.000000,0.530239,0.000000,0.000000,0.000000,0.000000,0.000000,0.000000,0.000000,0.000000,0.000000,0.000000,0.000000,0.000000,0.000000,0.000000,0.000000,0.000000,0.000000,0.000000,0.000000,0.000000,0.000000,0.000000,0.000000,0.000000,0.000000,0.270042,0.000000,0.000000,0.000000,0.000000,0.000000,0.000000,0.000000,0.000000,0.000000,0.385335,0.000000,0.000000,0.000000,0.368373,0.000000,0.000000
0.000000,0.000000,0.000000,0.000000,0.000000,0.000000,0.000000,0.000000,0.511603,0.000000,0.000000,0.000000,0.542856,0.000000,0.538488,0.000000,0.000000,0.000000,0.000000,0.000000,0.530459,0.000000,0.000000,0.000000,0.000000,0.000000,0.000000,0.000000,0.539334,0.000000,0.000000,0.000000,0.000000,0.000000,0.000000,0.000000,0.000000,0.000000,0.371314,0.000000,0.538709,0.000000,0.000000,0.660567,0.383493,0.631401,0.383496,0.261519,0.393683,0.630497,0.326835,0.000000,0.308941,0.000000,0.000000,0.000000,0.000000,0.000000,0.000000,0.631606,0.000000,0.000000,0.000000,0.000000,0.000000,0.000000,0.316199,0.665877,0.000000,0.000000,0.000000,0.000000,0.550891,0.000000,0.000000,0.000000,0.000000,0.000000,0.000000,0.000000,0.000000,0.000000,0.000000,0.000000,0.000000,0.000000,0.000000,0.000000,0.517444,0.000000
0.000000,0.000000,0.000000,0.000000,0.000000,0.000000,0.000000,0.000000,0.000000,0.000000,0.000000,0.000000,0.000000,0.489427,0.000000,0.483840,0.000000,0.000000,0.000000,0.000000,0.000000,0.000000,0.000000,0.000000,0.000000,0.000000,0.000000,0.000000,0.000000,0.000000,0.000000,0.000000,0.000000,0.000000,0.000000,0.503880,0.500811,0.429933,0.000000,0.442969,0.000000,0.000000,0.660567,0.000000,0.635146,0.374106,0.516171,0.378506,0.540395,0.428085,0.000000,0.366437,0.000000,0.394659,0.000000,0.429676,0.000000,0.000000,0.000000,0.381725,0.000000,0.000000,0.000000,0.000000,0.000000,0.000000,0.592293,0.417426,0.000000,0.000000,0.000000,0.000000,0.000000,0.530367,0.000000,0.000000,0.000000,0.000000,0.000000,0.000000,0.000000,0.000000,0.000000,0.000000,0.000000,0.000000,0.000000,0.000000,0.000000,0.000000
0.000000,0.000000,0.000000,0.000000,0.000000,0.000000,0.000000,0.000000,0.000000,0.000000,0.000000,0.000000,0.000000,0.000000,0.000000,0.000000,0.000000,0.000000,0.000000,0.000000,0.000000,0.000000,0.000000,0.000000,0.000000,0.000000,0.000000,0.000000,0.000000,0.000000,0.000000,0.000000,0.000000,0.000000,0.000000,0.542880,0.000000,0.000000,0.000000,0.000000,0.000000,0.000000,0.383493,0.635146,0.000000,0.612540,0.401268,0.000000,0.368930,0.605905,0.000000,0.000000,0.000000,0.000000,0.000000,0.000000,0.000000,0.000000,0.000000,0.612043,0.000000,0.000000,0.000000,0.000000,0.000000,0.000000,0.439770,0.632118,0.000000,0.000000,0.000000,0.000000,0.000000,0.000000,0.000000,0.000000,0.000000,0.000000,0.000000,0.000000,0.000000,0.000000,0.000000,0.000000,0.000000,0.000000,0.000000,0.000000,0.000000,0.000000
0.000000,0.000000,0.000000,0.000000,0.000000,0.000000,0.000000,0.000000,0.000000,0.000000,0.000000,0.000000,0.000000,0.000000,0.000000,0.000000,0.000000,0.000000,0.000000,0.000000,0.000000,0.000000,0.000000,0.000000,0.000000,0.000000,0.000000,0.000000,0.000000,0.000000,0.000000,0.000000,0.000000,0.000000,0.527886,0.508985,0.000000,0.000000,0.000000,0.442763,0.000000,0.000000,0.631401,0.374106,0.612540,0.000000,0.000000,0.427663,0.590487,0.368942,0.000000,0.000000,0.000000,0.000000,0.000000,0.000000,0.000000,0.000000,0.000000,0.337113,0.000000,0.000000,0.000000,0.000000,0.000000,0.000000,0.000000,0.455691,0.000000,0.000000,0.000000,0.000000,0.000000,0.000000,0.000000,0.000000,0.000000,0.430272,0.000000,0.000000,0.000000,0.000000,0.000000,0.000000,0.000000,0.000000,0.000000,0.000000,0.000000,0.000000
0.000000,0.000000,0.000000,0.000000,0.000000,0.000000,0.000000,0.000000,0.000000,0.000000,0.000000,0.000000,0.000000,0.000000,0.541594,0.000000,0.000000,0.000000,0.000000,0.000000,0.539956,0.000000,0.000000,0.000000,0.000000,0.000000,0.000000,0.000000,0.536622,0.000000,0.000000,0.000000,0.000000,0.000000,0.000000,0.000000,0.000000,0.000000,0.334815,0.000000,0.543306,0.000000,0.383496,0.516171,0.401268,0.000000,0.000000,0.533855,0.000000,0.000000,0.352763,0.000000,0.338231,0.000000,0.371289,0.000000,0.000000,0.000000,0.000000,0.000000,0.000000,0.000000,0.000000,0.000000,0.000000,0.000000,0.366796,0.555696,0.000000,0.000000,0.000000,0.000000,0.553257,0.000000,0.000000,0.000000,0.000000,0.475526,0.000000,0.000000,0.000000,0.000000,0.000000,0.000000,0.000000,0.000000,0.445079,0.000000,0.518978,0.000000
0.000000,0.000000,0.000000,0.000000,0.000000,0.530143,0.000000,0.508792,0.000000,0.504932,0.000000,0.000000,0.000000,0.517402,0.000000,0.508136,0.000000,0.000000,0.000000,0.000000,0.000000,0.000000,0.000000,0.000000,0.000000,0.000000,0.000000,0.000000,0.000000,0.000000,0.000000,0.000000,0.000000,0.000000,0.000000,0.000000,0.484276,0.457377,0.000000,0.385901,0.000000,0.530239,0.261519,0.378506,0.000000,0.427663,0.533855,0.000000,0.000000,0.000000,0.000000,0.000000,0.000000,0.294587,0.000000,0.364195,0.000000,0.000000,0.000000,0.000000,0.000000,0.000000,0.000000,0.000000,0.000000,0.000000,0.550828,0.399064,0.000000,0.000000,0.000000,0.000000,0.000000,0.000000,0.000000,0.555687,0.000000,0.489496,0.000000,0.000000,0.000000,0.487712,0.000000,0.472910,0.000000,0.000000,0.000000,0.488247,0.000000,0.000000
0.000000,0.000000,0.000000,0.000000,0.000000,0.000000,0.000000,0.000000,0.000000,0.000000,0.000000,0.000000,0.495874,0.000000,0.504625,0.000000,0.000000,0.000000,0.000000,0.000000,0.000000,0.000000,0.000000,0.000000,0.000000,0.000000,0.000000,0.000000,0.487399,0.000000,0.000000,0.000000,0.000000,0.000000,0.000000,0.000000,0.000000,0.000000,0.000000,0.000000,0.000000,0.000000,0.393683,0.540395,0.368930,0.590487,0.000000,0.000000,0.000000,0.622695,0.399397,0.000000,0.000000,0.000000,0.000000,0.000000,0.000000,0.000000,0.365373,0.618801,0.384603,0.000000,0.000000,0.000000,0.000000,0.000000,0.381979,0.645952,0.000000,0.000000,0.000000,0.000000,0.531374,0.000000,0.000000,0.000000,0.000000,0.000000,0.000000,0.000000,0.480954,0.000000,0.000000,0.000000,0.000000,0.000000,0.000000,0.000000,0.000000,0.000000
