0.000000,0.000000,0.390749,0.000000,0.000000,0.000000,0.399365,0.000000,0.000000,0.000000,0.423415,0.000000,0.431179,0.000000,0.000000,0.000000,0.472407,0.000000,0.379486,0.000000,0.000000,0.000000,0.000000,0.000000,0.000000,0.000000,0.000000,0.000000,0.387941,0.000000,0.000000,0.000000,0.000000,0.000000,0.000000,0.000000,0.000000,0.000000,0.000000,0.000000,0.000000,0.000000,0.000000,0.000000,0.000000,0.000000,0.000000,0.000000,0.000000,0.000000,0.000000,0.000000,0.000000,0.000000,0.000000,0.000000,0.430125,0.000000,0.000000,0.000000,0.476819,0.000000,0.490316,0.000000,0.421561,0.000000,0.000000,0.000000,0.378554,0.000000,0.000000,0.000000,0.409673,0.000000,0.000000,0.000000,0.000000,0.000000,0.000000,0.000000,0.520702,0.000000,0.476623,0.000000,0.509179,0.000000,0.000000,0.000000,0.504892,0.000000
0.000000,0.000000,0.000000,0.399965,0.000000,0.000000,0.000000,0.423491,0.000000,0.000000,0.000000,0.416592,0.000000,0.410031,0.000000,0.000000,0.000000,0.397219,0.000000,0.479126,0.000000,0.000000,0.000000,0.000000,0.000000,0.000000,0.000000,0.000000,0.000000,0.443943,0.000000,0.000000,0.529507,0.000000,0.000000,0.000000,0.000000,0.507893,0.000000,0.000000,0.000000,0.000000,0.000000,0.000000,0.000000,0.000000,0.000000,0.000000,0.000000,0.000000,0.000000,0.000000,0.000000,0.000000,0.000000,0.000000,0.000000,0.419612,0.000000,0.000000,0.000000,0.000000,0.000000,0.481799,0.000000,0.462853,0.530698,0.000000,0.541826,0.242807,0.000000,0.561803,0.000000,0.401369,0.000000,0.417999,0.000000,0.000000,0.000000,0.000000,0.000000,0.456347,0.000000,0.394963,0.000000,0.429893,0.000000,0.000000,0.000000,0.000000
0.390749,0.000000,0.000000,0.464474,0.000000,0.000000,0.370221,0.000000,0.000000,0.000000,0.000000,0.000000,0.356295,0.000000,0.000000,0.000000,0.000000,0.000000,0.000000,0.000000,0.000000,0.000000,0.274883,0.535483,0.000000,0.000000,0.000000,0.000000,0.000000,0.000000,0.318630,0.543883,0.000000,0.000000,0.000000,0.000000,0.000000,0.000000,0.000000,0.000000,0.000000,0.000000,0.000000,0.000000,0.000000,0.000000,0.000000,0.000000,0.000000,0.000000,0.000000,0.000000,0.000000,0.000000,0.000000,0.000000,0.000000,0.000000,0.000000,0.000000,0.000000,0.000000,0.000000,0.000000,0.000000,0.000000,0.000000,0.000000,0.000000,0.000000,0.344909,0.000000,0.406254,0.000000,0.428632,0.000000,0.440427,0.000000,0.000000,0.000000,0.000000,0.000000,0.000000,0.000000,0.000000,0.000000,0.000000,0.000000,0.000000,0.000000
0.000000,0.399965,0.464474,0.000000,0.000000,0.243107,0.000000,0.358128,0.000000,0.000000,0.000000,0.409452,0.000000,0.000000,0.000000,0.000000,0.000000,0.391312,0.589360,0.321105,0.000000,0.000000,0.463488,0.400019,0.000000,0.000000,0.000000,0.000000,0.000000,0.387726,0.000000,0.313163,0.000000,0.320842,0.000000,0.000000,0.000000,0.000000,0.000000,0.000000,0.000000,0.000000,0.000000,0.000000,0.000000,0.000000,0.000000,0.000000,0.000000,0.000000,0.000000,0.000000,0.000000,0.000000,0.000000,0.000000,0.000000,0.000000,0.000000,0.000000,0.000000,0.000000,0.000000,0.000000,0.000000,0.000000,0.000000,0.000000,0.000000,0.000000,0.478424,0.342005,0.568766,0.419294,0.000000,0.428685,0.000000,0.400654,0.000000,0.000000,0.000000,0.000000,0.000000,0.000000,0.000000,0.000000,0.000000,0.000000,0.000000,0.000000
0.000000,0.000000,0.000000,0.000000,0.000000,0.000000,0.000000,0.000000,0.381577,0.000000,0.000000,0.000000,0.000000,0.000000,0.277872,0.000000,0.000000,0.000000,0.000000,0.000000,0.455656,0.462976,0.000000,0.000000,0.000000,0.522231,0.385664,0.514829,0.246205,0.000000,0.000000,0.000000,0.000000,0.000000,0.000000,0.000000,0.000000,0.000000,0.000000,0.000000,0.000000,0.000000,0.000000,0.000000,0.000000,0.000000,0.000000,0.000000,0.000000,0.000000,0.000000,0.000000,0.000000,0.000000,0.000000,0.000000,0.000000,0.000000,0.000000,0.000000,0.000000,0.000000,0.000000,0.000000,0.000000,0.000000,0.000000,0.000000,0.000000,0.000000,0.406558,0.000000,0.389173,0.000000,0.411527,0.000000,0.447977,0.000000,0.000000,0.000000,0.000000,0.000000,0.445347,0.000000,0.000000,0.000000,0.000000,0.000000,0.000000,0.000000
0.000000,0.000000,0.000000,0.243107,0.000000,0.000000,0.000000,0.361599,0.000000,0.384061,0.000000,0.000000,0.000000,0.000000,0.000000,0.291913,0.000000,0.000000,0.000000,0.000000,0.000000,0.419933,0.000000,0.000000,0.000000,0.268597,0.000000,0.363895,0.000000,0.000000,0.000000,0.000000,0.000000,0.000000,0.000000,0.000000,0.000000,0.438236,0.000000,0.000000,0.000000,0.000000,0.000000,0.000000,0.000000,0.000000,0.000000,0.000000,0.000000,0.000000,0.000000,0.000000,0.000000,0.000000,0.000000,0.000000,0.000000,0.000000,0.000000,0.000000,0.000000,0.000000,0.000000,0.000000,0.000000,0.000000,0.000000,0.000000,0.000000,0.000000,0.000000,0.410786,0.000000,0.388631,0.000000,0.402351,0.000000,0.434717,0.000000,0.000000,0.000000,0.000000,0.000000,0.448427,0.000000,0.000000,0.000000,0.000000,0.000000,0.000000
0.399365,0.000000,0.370221,0.000000,0.000000,0.000000,0.000000,0.000000,0.000000,0.000000,0.443496,0.000000,0.368330,0.000000,0.374014,0.000000,0.000000,0.000000,0.000000,0.000000,0.000000,0.000000,0.380274,0.000000,0.000000,0.000000,0.000000,0.000000,0.332124,0.000000,0.000000,0.000000,0.362639,0.000000,0.000000,0.000000,0.000000,0.000000,0.000000,0.000000,0.000000,0.000000,0.551681,0.000000,0.000000,0.000000,0.534069,0.000000,0.000000,0.000000,0.000000,0.000000,0.501494,0.000000,0.000000,0.000000,0.000000,0.000000,0.000000,0.000000,0.000000,0.000000,0.000000,0.000000,0.000000,0.000000,0.000000,0.000000,0.000000,0.000000,0.000000,0.000000,0.418549,0.000000,0.395862,0.000000,0.000000,0.000000,0.000000,0.000000,0.000000,0.000000,0.461775,0.000000,0.000000,0.000000,0.000000,0.000000,0.000000,0.000000
0.000000,0.423491,0.000000,0.358128,0.000000,0.361599,0.000000,0.000000,0.000000,0.000000,0.000000,0.381452,0.000000,0.352385,0.000000,0.000000,0.000000,0.000000,0.000000,0.383259,0.000000,0.000000,0.470554,0.351849,0.000000,0.000000,0.000000,0.000000,0.000000,0.000000,0.460642,0.336401,0.450575,0.000000,0.000000,0.000000,0.000000,0.000000,0.000000,0.000000,0.000000,0.000000,0.507569,0.000000,0.000000,0.000000,0.499272,0.496878,0.000000,0.000000,0.000000,0.417658,0.000000,0.000000,0.000000,0.000000,0.000000,0.428062,0.000000,0.000000,0.000000,0.000000,0.000000,0.000000,0.000000,0.405341,0.000000,0.000000,0.000000,0.000000,0.489608,0.361151,0.469274,0.376438,0.000000,0.397411,0.000000,0.436694,0.000000,0.000000,0.000000,0.000000,0.000000,0.000000,0.000000,0.000000,0.000000,0.000000,0.000000,0.000000
0.000000,0.000000,0.000000,0.000000,0.381577,0.000000,0.000000,0.000000,0.000000,0.000000,0.000000,0.000000,0.000000,0.000000,0.332021,0.000000,0.000000,0.000000,0.000000,0.000000,0.451402,0.467920,0.000000,0.000000,0.000000,0.000000,0.444830,0.516129,0.000000,0.000000,0.000000,0.000000,0.000000,0.000000,0.000000,0.000000,0.000000,0.000000,0.000000,0.000000,0.000000,0.000000,0.515676,0.000000,0.000000,0.000000,0.503532,0.000000,0.000000,0.000000,0.000000,0.000000,0.000000,0.000000,0.000000,0.000000,0.000000,0.000000,0.000000,0.000000,0.000000,0.000000,0.000000,0.000000,0.000000,0.000000,0.000000,0.000000,0.000000,0.000000,0.388907,0.000000,0.377367,0.000000,0.000000,0.000000,0.000000,0.000000,0.000000,0.000000,0.000000,0.000000,0.462174,0.000000,0.000000,0.000000,0.000000,0.000000,0.000000,0.000000
0.000000,0.000000,0.000000,0.000000,0.000000,0.384061,0.000000,0.000000,0.000000,0.000000,0.000000,0.000000,0.000000,0.000000,0.000000,0.427338,0.000000,0.000000,0.000000,0.000000,0.000000,0.000000,0.000000,0.000000,0.000000,0.000000,0.000000,0.000000,0.000000,0.000000,0.000000,0.000000,0.000000,0.000000,0.000000,0.000000,0.000000,0.436039,0.000000,0.430992,0.000000,0.000000,0.000000,0.000000,0.000000,0.000000,0.000000,0.000000,0.000000,0.457486,0.000000,0.000000,0.000000,0.000000,0.000000,0.446701,0.000000,0.000000,0.000000,0.000000,0.000000,0.000000,0.000000,0.000000,0.000000,0.000000,0.000000,0.000000,0.000000,0.000000,0.000000,0.433695,0.000000,0.420033,0.000000,0.414744,0.000000,0.456442,0.000000,0.000000,0.000000,0.000000,0.000000,0.445240,0.000000,0.000000,0.000000,0.000000,0.000000,0.000000
0.423415,0.000000,0.000000,0.000000,0.000000,0.000000,0.443496,0.000000,0.000000,0.000000,0.000000,0.000000,0.382989,0.000000,0.000000,0.000000,0.414154,0.000000,0.419077,0.475457,0.000000,0.000000,0.000000,0.000000,0.000000,0.000000,0.000000,0.000000,0.400074,0.000000,0.000000,0.000000,0.412453,0.000000,0.000000,0.000000,0.000000,0.000000,0.000000,0.000000,0.000000,0.000000,0.501060,0.000000,0.000000,0.000000,0.000000,0.000000,0.000000,0.000000,0.000000,0.000000,0.000000,0.000000,0.000000,0.000000,0.419842,0.000000,0.000000,0.000000,0.000000,0.000000,0.000000,0.000000,0.416322,0.000000,0.000000,0.000000,0.000000,0.000000,0.397979,0.463646,0.410949,0.000000,0.000000,0.000000,0.000000,0.000000,0.000000,0.000000,0.000000,0.000000,0.000000,0.000000,0.000000,0.000000,0.000000,0.000000,0.000000,0.000000
0.000000,0.416592,0.000000,0.409452,0.000000,0.000000,0.000000,0.381452,0.000000,0.000000,0.000000,0.000000,0.000000,0.363200,0.000000,0.000000,0.000000,0.374734,0.000000,0.399423,0.000000,0.000000,0.000000,0.000000,0.000000,0.000000,0.000000,0.000000,0.000000,0.401320,0.000000,0.000000,0.488669,0.400731,0.000000,0.000000,0.000000,0.000000,0.000000,0.000000,0.000000,0.000000,0.000000,0.000000,0.000000,0.000000,0.000000,0.000000,0.000000,0.000000,0.000000,0.000000,0.000000,0.000000,0.000000,0.000000,0.000000,0.453720,0.000000,0.000000,0.000000,0.000000,0.000000,0.000000,0.000000,0.450264,0.000000,0.000000,0.000000,0.000000,0.498006,0.393087,0.473145,0.367124,0.000000,0.000000,0.000000,0.000000,0.000000,0.000000,0.000000,0.430531,0.000000,0.000000,0.000000,0.422046,0.000000,0.000000,0.000000,0.000000
0.431179,0.000000,0.356295,0.000000,0.000000,0.000000,0.368330,0.000000,0.000000,0.000000,0.382989,0.000000,0.000000,0.000000,0.321380,0.000000,0.000000,0.000000,0.398093,0.478080,0.000000,0.000000,0.371442,0.430062,0.000000,0.000000,0.000000,0.000000,0.397163,0.000000,0.376871,0.000000,0.397775,0.000000,0.000000,0.000000,0.000000,0.000000,0.000000,0.000000,0.000000,0.000000,0.537851,0.000000,0.000000,0.000000,0.531210,0.000000,0.000000,0.000000,0.000000,0.000000,0.000000,0.000000,0.000000,0.000000,0.383424,0.000000,0.000000,0.000000,0.000000,0.000000,0.000000,0.000000,0.402165,0.000000,0.000000,0.000000,0.000000,0.000000,0.384505,0.458496,0.425079,0.000000,0.453339,0.000000,0.472394,0.000000,0.000000,0.000000,0.000000,0.000000,0.481826,0.000000,0.450295,0.000000,0.000000,0.000000,0.425637,0.000000
0.000000,0.410031,0.000000,0.000000,0.000000,0.000000,0.000000,0.352385,0.000000,0.000000,0.000000,0.363200,0.000000,0.000000,0.000000,0.341841,0.000000,0.371575,0.000000,0.379036,0.000000,0.000000,0.000000,0.000000,0.000000,0.000000,0.000000,0.000000,0.000000,0.358867,0.000000,0.000000,0.444119,0.000000,0.000000,0.000000,0.000000,0.459390,0.000000,0.475521,0.000000,0.418327,0.000000,0.494057,0.000000,0.471179,0.000000,0.500440,0.000000,0.469968,0.000000,0.000000,0.000000,0.000000,0.000000,0.504483,0.000000,0.393769,0.000000,0.000000,0.000000,0.000000,0.000000,0.000000,0.000000,0.409637,0.000000,0.454654,0.000000,0.000000,0.495084,0.405591,0.000000,0.396691,0.000000,0.412313,0.542444,0.000000,0.000000,0.000000,0.000000,0.000000,0.000000,0.445219,0.000000,0.000000,0.000000,0.000000,0.000000,0.000000
0.000000,0.000000,0.000000,0.000000,0.277872,0.000000,0.374014,0.000000,0.332021,0.000000,0.000000,0.000000,0.321380,0.000000,0.000000,0.000000,0.000000,0.000000,0.000000,0.000000,0.314845,0.000000,0.000000,0.000000,0.000000,0.000000,0.275541,0.000000,0.348480,0.000000,0.000000,0.000000,0.000000,0.000000,0.000000,0.000000,0.000000,0.000000,0.399851,0.000000,0.000000,0.000000,0.000000,0.000000,0.000000,0.000000,0.000000,0.000000,0.000000,0.000000,0.000000,0.000000,0.000000,0.000000,0.000000,0.000000,0.000000,0.000000,0.000000,0.000000,0.000000,0.000000,0.000000,0.000000,0.000000,0.000000,0.000000,0.000000,0.000000,0.000000,0.322862,0.000000,0.381149,0.000000,0.000000,0.000000,0.000000,0.000000,0.000000,0.000000,0.000000,0.000000,0.290145,0.000000,0.000000,0.000000,0.000000,0.000000,0.000000,0.000000
0.000000,0.000000,0.000000,0.000000,0.000000,0.291913,0.000000,0.000000,0.000000,0.427338,0.000000,0.000000,0.000000,0.341841,0.000000,0.000000,0.000000,0.000000,0.000000,0.000000,0.000000,0.341215,0.000000,0.000000,0.000000,0.000000,0.000000,0.374354,0.000000,0.388235,0.000000,0.000000,0.000000,0.000000,0.000000,0.000000,0.000000,0.452642,0.000000,0.475370,0.000000,0.283938,0.000000,0.494774,0.000000,0.472044,0.000000,0.501027,0.000000,0.470728,0.000000,0.000000,0.000000,0.000000,0.000000,0.516445,0.000000,0.000000,0.000000,0.000000,0.000000,0.000000,0.000000,0.000000,0.000000,0.000000,0.000000,0.000000,0.000000,0.000000,0.000000,0.356097,0.000000,0.390130,0.000000,0.000000,0.000000,0.000000,0.000000,0.000000,0.000000,0.000000,0.000000,0.434539,0.000000,0.000000,0.000000,0.000000,0.000000,0.000000
0.472407,0.000000,0.000000,0.000000,0.000000,0.000000,0.000000,0.000000,0.000000,0.000000,0.414154,0.000000,0.000000,0.000000,0.000000,0.000000,0.000000,0.000000,0.416293,0.459470,0.000000,0.000000,0.000000,0.000000,0.000000,0.000000,0.000000,0.000000,0.398278,0.000000,0.000000,0.000000,0.000000,0.000000,0.000000,0.000000,0.000000,0.000000,0.000000,0.000000,0.000000,0.000000,0.000000,0.000000,0.000000,0.000000,0.000000,0.000000,0.000000,0.000000,0.000000,0.000000,0.000000,0.000000,0.000000,0.000000,0.414138,0.000000,0.000000,0.000000,0.385474,0.000000,0.375788,0.000000,0.000000,0.000000,0.000000,0.000000,0.000000,0.000000,0.376938,0.000000,0.404149,0.000000,0.000000,0.000000,0.000000,0.000000,0.359090,0.000000,0.394384,0.000000,0.464193,0.000000,0.463321,0.000000,0.000000,0.000000,0.465050,0.000000
0.000000,0.397219,0.000000,0.391312,0.000000,0.000000,0.000000,0.000000,0.000000,0.000000,0.000000,0.374734,0.000000,0.371575,0.000000,0.000000,0.000000,0.000000,0.000000,0.410674,0.000000,0.000000,0.000000,0.000000,0.000000,0.000000,0.000000,0.000000,0.000000,0.381488,0.000000,0.000000,0.000000,0.000000,0.000000,0.000000,0.000000,0.000000,0.000000,0.000000,0.000000,0.000000,0.000000,0.000000,0.000000,0.000000,0.000000,0.000000,0.000000,0.000000,0.000000,0.000000,0.000000,0.000000,0.000000,0.000000,0.000000,0.377085,0.000000,0.000000,0.000000,0.000000,0.000000,0.423911,0.000000,0.493284,0.000000,0.000000,0.000000,0.000000,0.000000,0.000000,0.000000,0.390627,0.000000,0.000000,0.000000,0.000000,0.000000,0.312593,0.000000,0.382447,0.000000,0.405713,0.000000,0.430350,0.000000,0.000000,0.000000,0.000000
0.379486,0.000000,0.000000,0.589360,0.000000,0.000000,0.000000,0.000000,0.000000,0.000000,0.419077,0.000000,0.398093,0.000000,0.000000,0.000000,0.416293,0.000000,0.000000,0.539404,0.000000,0.000000,0.000000,0.000000,0.000000,0.000000,0.000000,0.000000,0.000000,0.000000,0.000000,0.000000,0.364609,0.515883,0.000000,0.000000,0.000000,0.000000,0.000000,0.000000,0.000000,0.000000,0.000000,0.000000,0.000000,0.000000,0.000000,0.000000,0.000000,0.000000,0.000000,0.000000,0.000000,0.000000,0.000000,0.000000,0.000000,0.000000,0.000000,0.000000,0.000000,0.000000,0.000000,0.000000,0.000000,0.000000,0.000000,0.000000,0.319394,0.000000,0.418677,0.550446,0.450601,0.000000,0.000000,0.000000,0.000000,0.000000,0.000000,0.000000,0.000000,0.000000,0.000000,0.000000,0.000000,0.000000,0.000000,0.000000,0.000000,0.000000
0.000000,0.479126,0.000000,0.321105,0.000000,0.000000,0.000000,0.383259,0.000000,0.000000,0.475457,0.399423,0.478080,0.379036,0.000000,0.000000,0.459470,0.410674,0.539404,0.000000,0.000000,0.000000,0.000000,0.000000,0.000000,0.000000,0.000000,0.000000,0.000000,0.350554,0.000000,0.000000,0.504739,0.386846,0.000000,0.000000,0.000000,0.000000,0.511706,0.000000,0.000000,0.000000,0.000000,0.000000,0.000000,0.000000,0.000000,0.000000,0.000000,0.000000,0.000000,0.000000,0.000000,0.000000,0.000000,0.000000,0.000000,0.533866,0.000000,0.552373,0.000000,0.000000,0.000000,0.000000,0.000000,0.000000,0.000000,0.566054,0.557967,0.346690,0.538971,0.430999,0.501444,0.408478,0.000000,0.000000,0.484621,0.500312,0.000000,0.000000,0.000000,0.000000,0.000000,0.000000,0.000000,0.000000,0.000000,0.000000,0.000000,0.000000
0.000000,0.000000,0.000000,0.000000,0.455656,0.000000,0.000000,0.000000,0.451402,0.000000,0.000000,0.000000,0.000000,0.000000,0.314845,0.000000,0.000000,0.000000,0.000000,0.000000,0.000000,0.486105,0.000000,0.000000,0.375576,0.000000,0.324586,0.465454,0.308170,0.000000,0.338285,0.000000,0.000000,0.000000,0.000000,0.000000,0.000000,0.000000,0.000000,0.000000,0.243783,0.000000,0.000000,0.000000,0.000000,0.000000,0.000000,0.000000,0.000000,0.000000,0.000000,0.000000,0.000000,0.000000,0.000000,0.000000,0.000000,0.000000,0.000000,0.000000,0.000000,0.000000,0.000000,0.000000,0.000000,0.000000,0.000000,0.000000,0.000000,0.000000,0.284678,0.000000,0.361528,0.000000,0.000000,0.000000,0.000000,0.000000,0.000000,0.000000,0.000000,0.000000,0.407149,0.000000,0.000000,0.000000,0.000000,0.000000,0.000000,0.000000
0.000000,0.000000,0.000000,0.000000,0.462976,0.419933,0.000000,0.000000,0.467920,0.000000,0.000000,0.000000,0.000000,0.000000,0.000000,0.341215,0.000000,0.000000,0.000000,0.000000,0.486105,0.000000,0.000000,0.000000,0.465777,0.309852,0.457087,0.333128,0.000000,0.336991,0.390529,0.397925,0.000000,0.470794,0.000000,0.000000,0.000000,0.000000,0.000000,0.344208,0.000000,0.334396,0.000000,0.000000,0.000000,0.000000,0.000000,0.000000,0.000000,0.000000,0.000000,0.000000,0.000000,0.000000,0.000000,0.000000,0.000000,0.000000,0.000000,0.000000,0.000000,0.000000,0.000000,0.000000,0.000000,0.000000,0.000000,0.000000,0.000000,0.000000,0.393398,0.327432,0.370784,0.000000,0.000000,0.000000,0.000000,0.000000,0.000000,0.000000,0.000000,0.000000,0.000000,0.363326,0.000000,0.000000,0.000000,0.000000,0.000000,0.000000
0.000000,0.000000,0.274883,0.463488,0.000000,0.000000,0.380274,0.470554,0.000000,0.000000,0.000000,0.000000,0.371442,0.000000,0.000000,0.000000,0.000000,0.000000,0.000000,0.000000,0.000000,0.000000,0.000000,0.510982,0.330023,0.553658,0.000000,0.000000,0.000000,0.442561,0.448969,0.501670,0.484320,0.000000,0.000000,0.000000,0.000000,0.000000,0.000000,0.000000,0.000000,0.000000,0.470840,0.000000,0.000000,0.000000,0.000000,0.000000,0.000000,0.000000,0.000000,0.000000,0.000000,0.000000,0.000000,0.000000,0.000000,0.000000,0.000000,0.000000,0.000000,0.000000,0.000000,0.000000,0.000000,0.000000,0.524230,0.000000,0.000000,0.000000,0.398061,0.515763,0.387322,0.000000,0.428169,0.000000,0.000000,0.000000,0.000000,0.000000,0.000000,0.000000,0.000000,0.000000,0.000000,0.000000,0.000000,0.000000,0.000000,0.000000
0.000000,0.000000,0.535483,0.400019,0.000000,0.000000,0.000000,0.351849,0.000000,0.000000,0.000000,0.000000,0.430062,0.000000,0.000000,0.000000,0.000000,0.000000,0.000000,0.000000,0.000000,0.000000,0.510982,0.000000,0.541351,0.333189,0.000000,0.000000,0.000000,0.000000,0.505948,0.330386,0.000000,0.366581,0.000000,0.000000,0.000000,0.000000,0.000000,0.000000,0.000000,0.000000,0.000000,0.000000,0.000000,0.000000,0.000000,0.000000,0.000000,0.000000,0.000000,0.000000,0.000000,0.000000,0.000000,0.000000,0.000000,0.000000,0.000000,0.000000,0.000000,0.000000,0.000000,0.000000,0.000000,0.000000,0.000000,0.000000,0.000000,0.000000,0.000000,0.364195,0.000000,0.000000,0.000000,0.000000,0.000000,0.440910,0.000000,0.000000,0.000000,0.000000,0.000000,0.000000,0.000000,0.000000,0.000000,0.000000,0.000000,0.000000
0.000000,0.000000,0.000000,0.000000,0.000000,0.000000,0.000000,0.000000,0.000000,0.000000,0.000000,0.000000,0.000000,0.000000,0.000000,0.000000,0.000000,0.000000,0.000000,0.000000,0.375576,0.465777,0.330023,0.541351,0.000000,0.557055,0.357802,0.376011,0.000000,0.000000,0.331086,0.483179,0.000000,0.442882,0.000000,0.000000,0.000000,0.000000,0.000000,0.000000,0.000000,0.000000,0.000000,0.000000,0.000000,0.000000,0.000000,0.000000,0.000000,0.000000,0.000000,0.000000,0.000000,0.000000,0.000000,0.000000,0.000000,0.000000,0.000000,0.000000,0.000000,0.000000,0.000000,0.000000,0.000000,0.000000,0.000000,0.000000,0.000000,0.000000,0.407248,0.000000,0.000000,0.000000,0.453724,0.000000,0.000000,0.000000,0.000000,0.000000,0.000000,0.000000,0.000000,0.000000,0.000000,0.000000,0.000000,0.000000,0.000000,0.000000
0.000000,0.000000,0.000000,0.000000,0.522231,0.268597,0.000000,0.000000,0.000000,0.000000,0.000000,0.000000,0.000000,0.000000,0.000000,0.000000,0.000000,0.000000,0.000000,0.000000,0.000000,0.309852,0.553658,0.333189,0.557055,0.000000,0.292686,0.315081,0.000000,0.385148,0.548311,0.342596,0.000000,0.000000,0.000000,0.000000,0.000000,0.000000,0.000000,0.000000,0.000000,0.000000,0.000000,0.000000,0.000000,0.000000,0.000000,0.000000,0.000000,0.000000,0.000000,0.000000,0.000000,0.000000,0.000000,0.000000,0.000000,0.000000,0.000000,0.000000,0.000000,0.000000,0.000000,0.000000,0.000000,0.000000,0.000000,0.000000,0.000000,0.000000,0.412607,0.411504,0.000000,0.416925,0.000000,0.384926,0.000000,0.000000,0.000000,0.000000,0.000000,0.000000,0.000000,0.424667,0.000000,0.000000,0.000000,0.000000,0.000000,0.000000
0.000000,0.000000,0.000000,0.000000,0.385664,0.000000,0.000000,0.000000,0.444830,0.000000,0.000000,0.000000,0.000000,0.000000,0.275541,0.000000,0.000000,0.000000,0.000000,0.000000,0.324586,0.457087,0.000000,0.000000,0.357802,0.292686,0.000000,0.500410,0.000000,0.000000,0.000000,0.000000,0.000000,0.000000,0.000000,0.000000,0.000000,0.000000,0.000000,0.000000,0.000000,0.000000,0.000000,0.000000,0.000000,0.000000,0.000000,0.000000,0.000000,0.000000,0.000000,0.000000,0.000000,0.000000,0.000000,0.000000,0.000000,0.000000,0.000000,0.000000,0.000000,0.000000,0.000000,0.000000,0.000000,0.000000,0.000000,0.000000,0.000000,0.000000,0.316986,0.000000,0.000000,0.000000,0.000000,0.000000,0.000000,0.000000,0.000000,0.000000,0.000000,0.000000,0.401288,0.000000,0.000000,0.000000,0.000000,0.000000,0.000000,0.000000
0.000000,0.000000,0.000000,0.000000,0.514829,0.363895,0.000000,0.000000,0.516129,0.000000,0.000000,0.000000,0.000000,0.000000,0.000000,0.374354,0.000000,0.000000,0.000000,0.000000,0.465454,0.333128,0.000000,0.000000,0.376011,0.315081,0.500410,0.000000,0.000000,0.318518,0.000000,0.285649,0.000000,0.000000,0.000000,0.000000,0.000000,0.000000,0.000000,0.435213,0.000000,0.405392,0.000000,0.000000,0.000000,0.000000,0.000000,0.000000,0.000000,0.000000,0.000000,0.000000,0.000000,0.000000,0.000000,0.000000,0.000000,0.000000,0.000000,0.000000,0.000000,0.000000,0.000000,0.000000,0.000000,0.000000,0.000000,0.000000,0.000000,0.000000,0.000000,0.309880,0.000000,0.000000,0.000000,0.000000,0.000000,0.000000,0.000000,0.000000,0.000000,0.000000,0.000000,0.458489,0.000000,0.000000,0.000000,0.000000,0.000000,0.000000
0.387941,0.000000,0.000000,0.000000,0.246205,0.000000,0.332124,0.000000,0.000000,0.000000,0.400074,0.000000,0.397163,0.000000,0.348480,0.000000,0.398278,0.000000,0.000000,0.000000,0.308170,0.000000,0.000000,0.000000,0.000000,0.000000,0.000000,0.000000,0.000000,0.000000,0.000000,0.000000,0.000000,0.000000,0.000000,0.000000,0.000000,0.000000,0.000000,0.000000,0.000000,0.000000,0.549628,0.000000,0.000000,0.000000,0.000000,0.000000,0.000000,0.000000,0.000000,0.000000,0.000000,0.000000,0.000000,0.000000,0.431569,0.000000,0.000000,0.000000,0.000000,0.000000,0.475042,0.000000,0.000000,0.000000,0.449329,0.000000,0.000000,0.000000,0.000000,0.000000,0.366630,0.000000,0.000000,0.000000,0.000000,0.505643,0.387232,0.000000,0.419169,0.000000,0.000000,0.000000,0.485277,0.000000,0.000000,0.000000,0.492593,0.000000
0.000000,0.443943,0.000000,0.387726,0.000000,0.000000,0.000000,0.000000,0.000000,0.000000,0.000000,0.401320,0.000000,0.358867,0.000000,0.388235,0.000000,0.381488,0.000000,0.350554,0.000000,0.336991,0.442561,0.000000,0.000000,0.385148,0.000000,0.318518,0.000000,0.000000,0.000000,0.000000,0.448274,0.000000,0.000000,0.000000,0.000000,0.337658,0.000000,0.000000,0.000000,0.273724,0.000000,0.000000,0.000000,0.000000,0.000000,0.000000,0.000000,0.000000,0.000000,0.000000,0.000000,0.000000,0.000000,0.000000,0.000000,0.398570,0.000000,0.414622,0.000000,0.000000,0.000000,0.456000,0.000000,0.464899,0.000000,0.448577,0.000000,0.000000,0.509549,0.351982,0.000000,0.359759,0.000000,0.000000,0.000000,0.000000,0.000000,0.333686,0.000000,0.419441,0.000000,0.366279,0.000000,0.415509,0.000000,0.000000,0.000000,0.419724
0.000000,0.000000,0.318630,0.000000,0.000000,0.000000,0.000000,0.460642,0.000000,0.000000,0.000000,0.000000,0.376871,0.000000,0.000000,0.000000,0.000000,0.000000,0.000000,0.000000,0.338285,0.390529,0.448969,0.505948,0.331086,0.548311,0.000000,0.000000,0.000000,0.000000,0.000000,0.483175,0.452724,0.000000,0.000000,0.000000,0.000000,0.000000,0.000000,0.000000,0.000000,0.000000,0.500380,0.000000,0.000000,0.000000,0.528490,0.000000,0.000000,0.000000,0.000000,0.000000,0.000000,0.000000,0.000000,0.000000,0.000000,0.000000,0.000000,0.000000,0.000000,0.000000,0.000000,0.000000,0.000000,0.000000,0.526993,0.000000,0.000000,0.000000,0.311417,0.499922,0.386004,0.000000,0.000000,0.000000,0.000000,0.000000,0.000000,0.000000,0.000000,0.000000,0.000000,0.000000,0.000000,0.000000,0.000000,0.000000,0.000000,0.000000
0.000000,0.000000,0.543883,0.313163,0.000000,0.000000,0.000000,0.336401,0.000000,0.000000,0.000000,0.000000,0.000000,0.000000,0.000000,0.000000,0.000000,0.000000,0.000000,0.000000,0.000000,0.397925,0.501670,0.330386,0.483179,0.342596,0.000000,0.285649,0.000000,0.000000,0.483175,0.000000,0.508242,0.312631,0.000000,0.518484,0.000000,0.000000,0.000000,0.000000,0.000000,0.000000,0.000000,0.000000,0.000000,0.000000,0.000000,0.503357,0.000000,0.000000,0.000000,0.000000,0.000000,0.000000,0.000000,0.000000,0.000000,0.000000,0.000000,0.000000,0.000000,0.000000,0.000000,0.000000,0.000000,0.000000,0.000000,0.507459,0.000000,0.000000,0.000000,0.407389,0.000000,0.000000,0.000000,0.000000,0.000000,0.450373,0.000000,0.000000,0.000000,0.000000,0.000000,0.000000,0.000000,0.000000,0.000000,0.000000,0.000000,0.000000
0.000000,0.529507,0.000000,0.000000,0.000000,0.000000,0.362639,0.450575,0.000000,0.000000,0.412453,0.488669,0.397775,0.444119,0.000000,0.000000,0.000000,0.000000,0.364609,0.504739,0.000000,0.000000,0.484320,0.000000,0.000000,0.000000,0.000000,0.000000,0.000000,0.448274,0.452724,0.508242,0.000000,0.525829,0.264675,0.000000,0.000000,0.000000,0.000000,0.000000,0.000000,0.000000,0.502513,0.000000,0.000000,0.000000,0.488614,0.000000,0.000000,0.000000,0.000000,0.000000,0.000000,0.000000,0.000000,0.000000,0.000000,0.000000,0.000000,0.000000,0.000000,0.000000,0.000000,0.000000,0.000000,0.000000,0.406771,0.481119,0.368151,0.551502,0.406206,0.542861,0.396855,0.493726,0.000000,0.000000,0.428427,0.000000,0.000000,0.000000,0.000000,0.000000,0.000000,0.000000,0.000000,0.000000,0.000000,0.000000,0.000000,0.000000
0.000000,0.000000,0.000000,0.320842,0.000000,0.000000,0.000000,0.000000,0.000000,0.000000,0.000000,0.400731,0.000000,0.000000,0.000000,0.000000,0.000000,0.000000,0.515883,0.386846,0.000000,0.470794,0.000000,0.366581,0.442882,0.000000,0.000000,0.000000,0.000000,0.000000,0.000000,0.312631,0.525829,0.000000,0.419507,0.394141,0.000000,0.000000,0.000000,0.000000,0.000000,0.000000,0.000000,0.000000,0.000000,0.000000,0.000000,0.000000,0.000000,0.000000,0.000000,0.000000,0.000000,0.000000,0.000000,0.000000,0.000000,0.000000,0.000000,0.000000,0.000000,0.000000,0.000000,0.000000,0.000000,0.000000,0.525093,0.372197,0.550045,0.409548,0.548090,0.365777,0.000000,0.000000,0.000000,0.000000,0.585578,0.000000,0.000000,0.000000,0.000000,0.000000,0.000000,0.000000,0.000000,0.000000,0.000000,0.000000,0.000000,0.000000
0.000000,0.000000,0.000000,0.000000,0.000000,0.000000,0.000000,0.000000,0.000000,0.000000,0.000000,0.000000,0.000000,0.000000,0.000000,0.000000,0.000000,0.000000,0.000000,0.000000,0.000000,0.000000,0.000000,0.000000,0.000000,0.000000,0.000000,0.000000,0.000000,0.000000,0.000000,0.000000,0.264675,0.419507,0.000000,0.404544,0.000000,0.000000,0.412134,0.000000,0.000000,0.000000,0.360047,0.000000,0.459377,0.000000,0.391538,0.000000,0.491702,0.000000,0.000000,0.000000,0.000000,0.000000,0.000000,0.000000,0.000000,0.000000,0.000000,0.000000,0.000000,0.000000,0.000000,0.000000,0.000000,0.000000,0.438788,0.498671,0.000000,0.000000,0.000000,0.478991,0.000000,0.000000,0.000000,0.000000,0.000000,0.501591,0.000000,0.000000,0.481211,0.000000,0.000000,0.000000,0.481560,0.000000,0.000000,0.000000,0.447526,0.000000
0.000000,0.000000,0.000000,0.000000,0.000000,0.000000,0.000000,0.000000,0.000000,0.000000,0.000000,0.000000,0.000000,0.000000,0.000000,0.000000,0.000000,0.000000,0.000000,0.000000,0.000000,0.000000,0.000000,0.000000,0.000000,0.000000,0.000000,0.000000,0.000000,0.000000,0.000000,0.518484,0.000000,0.394141,0.404544,0.000000,0.000000,0.000000,0.000000,0.000000,0.000000,0.000000,0.000000,0.000000,0.530616,0.536960,0.000000,0.418355,0.508563,0.000000,0.000000,0.000000,0.000000,0.000000,0.000000,0.000000,0.000000,0.000000,0.000000,0.000000,0.000000,0.000000,0.000000,0.000000,0.000000,0.000000,0.514481,0.384490,0.000000,0.000000,0.000000,0.000000,0.000000,0.461471,0.000000,0.000000,0.000000,0.000000,0.000000,0.000000,0.000000,0.000000,0.000000,0.000000,0.000000,0.000000,0.000000,0.000000,0.000000,0.000000
0.000000,0.000000,0.000000,0.000000,0.000000,0.000000,0.000000,0.000000,0.000000,0.000000,0.000000,0.000000,0.000000,0.000000,0.000000,0.000000,0.000000,0.000000,0.000000,0.000000,0.000000,0.000000,0.000000,0.000000,0.000000,0.000000,0.000000,0.000000,0.000000,0.000000,0.000000,0.000000,0.000000,0.000000,0.000000,0.000000,0.000000,0.599619,0.415287,0.436866,0.371791,0.000000,0.551265,0.000000,0.000000,0.589214,0.485369,0.000000,0.000000,0.000000,0.000000,0.000000,0.000000,0.000000,0.440421,0.000000,0.000000,0.000000,0.000000,0.000000,0.000000,0.000000,0.000000,0.000000,0.000000,0.000000,0.338697,0.519755,0.502546,0.000000,0.000000,0.514656,0.485792,0.000000,0.000000,0.000000,0.448304,0.563982,0.000000,0.000000,0.000000,0.000000,0.446885,0.000000,0.000000,0.000000,0.000000,0.000000,0.000000,0.000000
0.000000,0.507893,0.000000,0.000000,0.000000,0.438236,0.000000,0.000000,0.000000,0.436039,0.000000,0.000000,0.000000,0.459390,0.000000,0.452642,0.000000,0.000000,0.000000,0.000000,0.000000,0.000000,0.000000,0.000000,0.000000,0.000000,0.000000,0.000000,0.000000,0.337658,0.000000,0.000000,0.000000,0.000000,0.000000,0.000000,0.599619,0.000000,0.000000,0.413668,0.000000,0.416856,0.000000,0.593125,0.554600,0.627648,0.000000,0.476381,0.591135,0.482727,0.619270,0.000000,0.000000,0.000000,0.000000,0.344578,0.000000,0.521249,0.000000,0.000000,0.000000,0.000000,0.000000,0.000000,0.000000,0.000000,0.000000,0.474747,0.000000,0.494985,0.000000,0.446514,0.000000,0.445165,0.000000,0.000000,0.563003,0.431046,0.000000,0.000000,0.000000,0.000000,0.000000,0.382464,0.000000,0.000000,0.000000,0.000000,0.000000,0.000000
0.000000,0.000000,0.000000,0.000000,0.000000,0.000000,0.000000,0.000000,0.000000,0.000000,0.000000,0.000000,0.000000,0.000000,0.399851,0.000000,0.000000,0.000000,0.000000,0.511706,0.000000,0.000000,0.000000,0.000000,0.000000,0.000000,0.000000,0.000000,0.000000,0.000000,0.000000,0.000000,0.000000,0.000000,0.412134,0.000000,0.415287,0.000000,0.000000,0.444747,0.277242,0.000000,0.443417,0.000000,0.448641,0.000000,0.425728,0.000000,0.000000,0.000000,0.000000,0.000000,0.000000,0.000000,0.332143,0.000000,0.000000,0.000000,0.000000,0.000000,0.000000,0.000000,0.000000,0.000000,0.000000,0.000000,0.460249,0.000000,0.000000,0.000000,0.000000,0.533120,0.488174,0.000000,0.000000,0.000000,0.000000,0.000000,0.000000,0.000000,0.000000,0.000000,0.355386,0.000000,0.000000,0.000000,0.300150,0.000000,0.000000,0.000000
0.000000,0.000000,0.000000,0.000000,0.000000,0.000000,0.000000,0.000000,0.000000,0.430992,0.000000,0.000000,0.000000,0.475521,0.000000,0.475370,0.000000,0.000000,0.000000,0.000000,0.000000,0.344208,0.000000,0.000000,0.000000,0.000000,0.000000,0.435213,0.000000,0.000000,0.000000,0.000000,0.000000,0.000000,0.000000,0.000000,0.436866,0.413668,0.444747,0.000000,0.000000,0.357267,0.000000,0.462351,0.000000,0.477769,0.428735,0.448440,0.000000,0.483296,0.000000,0.000000,0.000000,0.000000,0.000000,0.329243,0.000000,0.000000,0.000000,0.000000,0.000000,0.000000,0.000000,0.000000,0.000000,0.000000,0.000000,0.455524,0.000000,0.000000,0.000000,0.326334,0.000000,0.422034,0.000000,0.000000,0.000000,0.435624,0.000000,0.000000,0.000000,0.000000,0.000000,0.447986,0.000000,0.000000,0.000000,0.265124,0.000000,0.000000
0.000000,0.000000,0.000000,0.000000,0.000000,0.000000,0.000000,0.000000,0.000000,0.000000,0.000000,0.000000,0.000000,0.000000,0.000000,0.000000,0.000000,0.000000,0.000000,0.000000,0.243783,0.000000,0.000000,0.000000,0.000000,0.000000,0.000000,0.000000,0.000000,0.000000,0.000000,0.000000,0.000000,0.000000,0.000000,0.000000,0.371791,0.000000,0.277242,0.000000,0.000000,0.000000,0.481114,0.000000,0.000000,0.000000,0.000000,0.000000,0.000000,0.000000,0.000000,0.000000,0.000000,0.000000,0.358502,0.000000,0.000000,0.000000,0.000000,0.000000,0.000000,0.000000,0.000000,0.000000,0.000000,0.000000,0.469694,0.000000,0.000000,0.000000,0.000000,0.000000,0.350667,0.000000,0.000000,0.000000,0.430461,0.000000,0.000000,0.000000,0.000000,0.000000,0.378565,0.000000,0.000000,0.000000,0.000000,0.000000,0.000000,0.000000
0.000000,0.000000,0.000000,0.000000,0.000000,0.000000,0.000000,0.000000,0.000000,0.000000,0.000000,0.000000,0.000000,0.418327,0.000000,0.283938,0.000000,0.000000,0.000000,0.000000,0.000000,0.334396,0.000000,0.000000,0.000000,0.000000,0.000000,0.405392,0.000000,0.273724,0.000000,0.000000,0.000000,0.000000,0.000000,0.000000,0.000000,0.416856,0.000000,0.357267,0.000000,0.000000,0.000000,0.477460,0.000000,0.499806,0.000000,0.452550,0.000000,0.504007,0.000000,0.484910,0.000000,0.000000,0.000000,0.351389,0.000000,0.000000,0.000000,0.461558,0.000000,0.000000,0.000000,0.000000,0.000000,0.000000,0.000000,0.000000,0.000000,0.000000,0.000000,0.401098,0.482129,0.381556,0.000000,0.000000,0.000000,0.436807,0.000000,0.000000,0.492289,0.000000,0.000000,0.357708,0.000000,0.000000,0.000000,0.000000,0.000000,0.000000
0.000000,0.000000,0.000000,0.000000,0.000000,0.000000,0.551681,0.507569,0.515676,0.000000,0.501060,0.000000,0.537851,0.000000,0.000000,0.000000,0.000000,0.000000,0.000000,0.000000,0.000000,0.000000,0.470840,0.000000,0.000000,0.000000,0.000000,0.000000,0.549628,0.000000,0.500380,0.000000,0.502513,0.000000,0.360047,0.000000,0.551265,0.000000,0.443417,0.000000,0.481114,0.000000,0.000000,0.594236,0.411138,0.602830,0.394052,0.590992,0.385027,0.607026,0.368975,0.000000,0.372348,0.000000,0.431234,0.000000,0.000000,0.000000,0.000000,0.000000,0.000000,0.000000,0.000000,0.000000,0.000000,0.000000,0.415726,0.619820,0.000000,0.000000,0.518003,0.000000,0.539959,0.000000,0.000000,0.000000,0.000000,0.000000,0.000000,0.000000,0.517325,0.000000,0.518396,0.000000,0.510312,0.000000,0.512651,0.000000,0.483042,0.000000
0.000000,0.000000,0.000000,0.000000,0.000000,0.000000,0.000000,0.000000,0.000000,0.000000,0.000000,0.000000,0.000000,0.494057,0.000000,0.494774,0.000000,0.000000,0.000000,0.000000,0.000000,0.000000,0.000000,0.000000,0.000000,0.000000,0.000000,0.000000,0.000000,0.000000,0.000000,0.000000,0.000000,0.000000,0.000000,0.000000,0.000000,0.593125,0.000000,0.462351,0.000000,0.477460,0.594236,0.000000,0.635276,0.420638,0.000000,0.383276,0.648135,0.437285,0.631157,0.347683,0.621395,0.390738,0.000000,0.426502,0.000000,0.000000,0.000000,0.000000,0.000000,0.000000,0.000000,0.000000,0.000000,0.000000,0.584541,0.452594,0.000000,0.000000,0.000000,0.000000,0.510763,0.487881,0.000000,0.000000,0.000000,0.000000,0.000000,0.000000,0.000000,0.513517,0.000000,0.483405,0.000000,0.481058,0.000000,0.435178,0.000000,0.438942
0.000000,0.000000,0.000000,0.000000,0.000000,0.000000,0.000000,0.000000,0.000000,0.000000,0.000000,0.000000,0.000000,0.000000,0.000000,0.000000,0.000000,0.000000,0.000000,0.000000,0.000000,0.000000,0.000000,0.000000,0.000000,0.000000,0.000000,0.000000,0.000000,0.000000,0.000000,0.000000,0.000000,0.000000,0.459377,0.530616,0.000000,0.554600,0.448641,0.000000,0.000000,0.000000,0.411138,0.635276,0.000000,0.614727,0.378554,0.573947,0.416088,0.581467,0.377412,0.000000,0.000000,0.000000,0.000000,0.000000,0.000000,0.000000,0.429330,0.000000,0.000000,0.000000,0.000000,0.000000,0.000000,0.000000,0.443845,0.482331,0.000000,0.000000,0.000000,0.000000,0.503194,0.545964,0.000000,0.000000,0.460307,0.566991,0.000000,0.000000,0.481873,0.580541,0.000000,0.534188,0.484901,0.000000,0.429896,0.000000,0.000000,0.000000
0.000000,0.000000,0.000000,0.000000,0.000000,0.000000,0.000000,0.000000,0.000000,0.000000,0.000000,0.000000,0.000000,0.471179,0.000000,0.472044,0.000000,0.000000,0.000000,0.000000,0.000000,0.000000,0.000000,0.000000,0.000000,0.000000,0.000000,0.000000,0.000000,0.000000,0.000000,0.000000,0.000000,0.000000,0.000000,0.536960,0.589214,0.627648,0.000000,0.477769,0.000000,0.499806,0.602830,0.420638,0.614727,0.000000,0.500423,0.430931,0.623724,0.414265,0.626552,0.417196,0.636212,0.452922,0.000000,0.449266,0.000000,0.000000,0.000000,0.216414,0.000000,0.000000,0.000000,0.000000,0.000000,0.000000,0.603237,0.454070,0.000000,0.000000,0.000000,0.000000,0.000000,0.501832,0.000000,0.000000,0.000000,0.000000,0.000000,0.000000,0.000000,0.524861,0.000000,0.502496,0.517247,0.501840,0.000000,0.000000,0.000000,0.409438
0.000000,0.000000,0.000000,0.000000,0.000000,0.000000,0.534069,0.499272,0.503532,0.000000,0.000000,0.000000,0.531210,0.000000,0.000000,0.000000,0.000000,0.000000,0.000000,0.000000,0.000000,0.000000,0.000000,0.000000,0.000000,0.000000,0.000000,0.000000,0.000000,0.000000,0.528490,0.000000,0.488614,0.000000,0.391538,0.000000,0.485369,0.000000,0.425728,0.428735,0.000000,0.000000,0.394052,0.000000,0.378554,0.500423,0.000000,0.000000,0.000000,0.000000,0.351056,0.000000,0.353983,0.000000,0.363525,0.000000,0.000000,0.000000,0.000000,0.000000,0.000000,0.000000,0.000000,0.000000,0.000000,0.000000,0.449712,0.477823,0.000000,0.000000,0.515066,0.000000,0.533312,0.000000,0.000000,0.000000,0.000000,0.572513,0.000000,0.000000,0.514022,0.000000,0.512298,0.000000,0.541395,0.000000,0.504188,0.000000,0.000000,0.000000
0.000000,0.000000,0.000000,0.000000,0.000000,0.000000,0.000000,0.496878,0.000000,0.000000,0.000000,0.000000,0.000000,0.500440,0.000000,0.501027,0.000000,0.000000,0.000000,0.000000,0.000000,0.000000,0.000000,0.000000,0.000000,0.000000,0.000000,0.000000,0.000000,0.000000,0.000000,0.503357,0.000000,0.000000,0.000000,0.418355,0.000000,0.476381,0.000000,0.448440,0.000000,0.452550,0.590992,0.383276,0.573947,0.430931,0.000000,0.000000,0.596018,0.480103,0.587478,0.455003,0.000000,0.330991,0.000000,0.362272,0.000000,0.000000,0.000000,0.000000,0.000000,0.000000,0.000000,0.000000,0.000000,0.000000,0.000000,0.370051,0.000000,0.000000,0.000000,0.000000,0.000000,0.452349,0.000000,0.000000,0.576664,0.327684,0.000000,0.000000,0.000000,0.000000,0.000000,0.517996,0.000000,0.535216,0.000000,0.528269,0.000000,0.000000
0.000000,0.000000,0.000000,0.000000,0.000000,0.000000,0.000000,0.000000,0.000000,0.000000,0.000000,0.000000,0.000000,0.000000,0.000000,0.000000,0.000000,0.000000,0.000000,0.000000,0.000000,0.000000,0.000000,0.000000,0.000000,0.000000,0.000000,0.000000,0.000000,0.000000,0.000000,0.000000,0.000000,0.000000,0.491702,0.508563,0.000000,0.591135,0.000000,0.000000,0.000000,0.000000,0.385027,0.648135,0.416088,0.623724,0.000000,0.596018,0.000000,0.644027,0.400136,0.000000,0.000000,0.000000,0.401108,0.000000,0.456313,0.000000,0.434029,0.000000,0.453705,0.000000,0.000000,0.000000,0.000000,0.000000,0.454672,0.000000,0.000000,0.000000,0.000000,0.000000,0.484911,0.529796,0.000000,0.000000,0.000000,0.000000,0.000000,0.000000,0.490286,0.000000,0.448404,0.000000,0.476185,0.000000,0.422698,0.000000,0.428511,0.000000
