0.000000,0.000000,0.401231,0.000000,0.000000,0.000000,0.423695,0.000000,0.000000,0.000000,0.409075,0.000000,0.409908,0.000000,0.000000,0.000000,0.456023,0.000000,0.407251,0.000000,0.000000,0.000000,0.000000,0.000000,0.000000,0.000000,0.000000,0.000000,0.000000,0.000000,0.000000,0.000000,0.000000,0.000000,0.000000,0.000000,0.000000,0.000000,0.000000,0.000000,0.000000,0.000000,0.000000,0.000000,0.000000,0.000000,0.000000,0.000000,0.000000,0.000000,0.000000,0.000000,0.000000,0.000000,0.000000,0.000000,0.426431,0.000000,0.000000,0.000000,0.000000,0.000000,0.450657,0.000000,0.000000,0.000000,0.000000,0.000000,0.378891,0.000000,0.000000,0.000000,0.000000,0.000000,0.000000,0.000000,0.000000,0.000000,0.447586,0.000000,0.000000,0.000000,0.000000,0.000000,0.507805,0.000000,0.000000,0.000000,0.000000,0.000000
0.000000,0.000000,0.000000,0.396189,0.000000,0.000000,0.000000,0.426344,0.000000,0.000000,0.000000,0.438183,0.000000,0.411596,0.000000,0.411232,0.000000,0.450255,0.577047,0.000000,0.000000,0.000000,0.000000,0.000000,0.000000,0.000000,0.000000,0.000000,0.000000,0.000000,0.000000,0.000000,0.000000,0.000000,0.000000,0.000000,0.000000,0.000000,0.000000,0.000000,0.000000,0.000000,0.000000,0.000000,0.000000,0.000000,0.000000,0.000000,0.000000,0.000000,0.000000,0.000000,0.000000,0.000000,0.000000,0.000000,0.000000,0.429908,0.000000,0.508117,0.000000,0.489091,0.000000,0.000000,0.000000,0.470483,0.000000,0.000000,0.000000,0.000000,0.000000,0.000000,0.000000,0.500855,0.000000,0.000000,0.000000,0.000000,0.000000,0.000000,0.000000,0.000000,0.000000,0.445074,0.000000,0.000000,0.000000,0.000000,0.000000,0.000000
0.401231,0.000000,0.000000,0.503591,0.255124,0.500334,0.358303,0.000000,0.334588,0.000000,0.427530,0.000000,0.400008,0.000000,0.000000,0.000000,0.000000,0.000000,0.353072,0.000000,0.000000,0.000000,0.374380,0.504441,0.000000,0.000000,0.000000,0.000000,0.000000,0.000000,0.000000,0.000000,0.419388,0.000000,0.000000,0.000000,0.000000,0.000000,0.000000,0.000000,0.000000,0.000000,0.000000,0.000000,0.000000,0.000000,0.000000,0.000000,0.000000,0.000000,0.000000,0.000000,0.000000,0.000000,0.000000,0.000000,0.000000,0.000000,0.000000,0.000000,0.000000,0.000000,0.000000,0.000000,0.000000,0.000000,0.000000,0.000000,0.000000,0.000000,0.000000,0.000000,0.377385,0.000000,0.378484,0.000000,0.000000,0.000000,0.000000,0.000000,0.000000,0.000000,0.000000,0.000000,0.000000,0.000000,0.000000,0.000000,0.000000,0.000000
0.000000,0.396189,0.503591,0.000000,0.000000,0.287829,0.000000,0.369987,0.000000,0.371121,0.000000,0.448162,0.000000,0.412332,0.000000,0.000000,0.000000,0.000000,0.548179,0.381106,0.000000,0.000000,0.539541,0.377135,0.000000,0.378716,0.000000,0.000000,0.000000,0.000000,0.000000,0.379334,0.000000,0.345623,0.000000,0.000000,0.000000,0.000000,0.000000,0.000000,0.000000,0.000000,0.000000,0.000000,0.000000,0.000000,0.000000,0.000000,0.000000,0.000000,0.000000,0.000000,0.000000,0.000000,0.000000,0.000000,0.000000,0.000000,0.000000,0.000000,0.000000,0.000000,0.000000,0.000000,0.000000,0.000000,0.000000,0.000000,0.000000,0.000000,0.000000,0.554402,0.000000,0.429093,0.000000,0.447651,0.000000,0.411074,0.000000,0.000000,0.000000,0.000000,0.000000,0.000000,0.000000,0.000000,0.000000,0.000000,0.000000,0.000000
0.000000,0.000000,0.255124,0.000000,0.000000,0.000000,0.000000,0.000000,0.318333,0.000000,0.000000,0.000000,0.000000,0.000000,0.405543,0.000000,0.000000,0.000000,0.000000,0.000000,0.258988,0.482025,0.000000,0.526538,0.399076,0.000000,0.400427,0.381114,0.440540,0.000000,0.000000,0.000000,0.000000,0.000000,0.000000,0.000000,0.000000,0.000000,0.000000,0.000000,0.000000,0.000000,0.000000,0.000000,0.507041,0.000000,0.000000,0.000000,0.493713,0.000000,0.000000,0.000000,0.000000,0.000000,0.000000,0.000000,0.000000,0.000000,0.000000,0.000000,0.000000,0.000000,0.000000,0.000000,0.000000,0.000000,0.000000,0.000000,0.000000,0.000000,0.352876,0.000000,0.430154,0.000000,0.405888,0.000000,0.426130,0.000000,0.000000,0.000000,0.000000,0.000000,0.500008,0.000000,0.000000,0.000000,0.507135,0.000000,0.000000,0.000000
0.000000,0.000000,0.500334,0.287829,0.000000,0.000000,0.000000,0.255104,0.000000,0.316876,0.000000,0.000000,0.000000,0.000000,0.000000,0.319522,0.000000,0.000000,0.000000,0.000000,0.436018,0.000000,0.521290,0.000000,0.526672,0.355637,0.562556,0.331625,0.000000,0.414649,0.498278,0.422410,0.000000,0.000000,0.000000,0.000000,0.000000,0.000000,0.000000,0.000000,0.000000,0.000000,0.000000,0.000000,0.000000,0.000000,0.000000,0.000000,0.000000,0.000000,0.000000,0.000000,0.000000,0.000000,0.000000,0.000000,0.000000,0.000000,0.000000,0.000000,0.000000,0.000000,0.000000,0.000000,0.000000,0.000000,0.000000,0.000000,0.000000,0.000000,0.000000,0.413323,0.000000,0.396783,0.000000,0.426418,0.000000,0.000000,0.000000,0.000000,0.000000,0.000000,0.000000,0.430328,0.000000,0.000000,0.000000,0.000000,0.000000,0.000000
0.423695,0.000000,0.358303,0.000000,0.000000,0.000000,0.000000,0.000000,0.387651,0.000000,0.400283,0.000000,0.375987,0.000000,0.000000,0.000000,0.000000,0.000000,0.363030,0.000000,0.000000,0.000000,0.000000,0.000000,0.000000,0.000000,0.000000,0.000000,0.000000,0.000000,0.000000,0.000000,0.000000,0.000000,0.000000,0.000000,0.000000,0.000000,0.000000,0.000000,0.000000,0.000000,0.000000,0.000000,0.000000,0.000000,0.000000,0.000000,0.000000,0.000000,0.000000,0.000000,0.000000,0.000000,0.000000,0.000000,0.000000,0.000000,0.000000,0.000000,0.000000,0.000000,0.000000,0.000000,0.000000,0.000000,0.000000,0.000000,0.000000,0.000000,0.000000,0.000000,0.000000,0.000000,0.000000,0.000000,0.000000,0.000000,0.000000,0.000000,0.000000,0.000000,0.000000,0.000000,0.000000,0.000000,0.000000,0.000000,0.000000,0.000000
0.000000,0.426344,0.000000,0.369987,0.000000,0.255104,0.000000,0.000000,0.000000,0.336852,0.000000,0.400343,0.000000,0.382947,0.000000,0.397565,0.000000,0.424676,0.000000,0.000000,0.000000,0.000000,0.000000,0.000000,0.000000,0.000000,0.000000,0.000000,0.000000,0.000000,0.000000,0.000000,0.000000,0.000000,0.000000,0.000000,0.000000,0.000000,0.000000,0.000000,0.000000,0.000000,0.000000,0.000000,0.000000,0.000000,0.000000,0.000000,0.000000,0.000000,0.000000,0.000000,0.000000,0.000000,0.000000,0.000000,0.000000,0.478155,0.000000,0.000000,0.000000,0.000000,0.000000,0.000000,0.000000,0.000000,0.000000,0.000000,0.000000,0.000000,0.000000,0.000000,0.000000,0.000000,0.000000,0.000000,0.000000,0.000000,0.000000,0.000000,0.000000,0.000000,0.000000,0.000000,0.000000,0.000000,0.000000,0.000000,0.000000,0.000000
0.000000,0.000000,0.334588,0.000000,0.318333,0.000000,0.387651,0.000000,0.000000,0.000000,0.000000,0.000000,0.336538,0.000000,0.354258,0.000000,0.000000,0.000000,0.000000,0.000000,0.000000,0.000000,0.000000,0.000000,0.000000,0.000000,0.000000,0.000000,0.423771,0.000000,0.000000,0.000000,0.000000,0.000000,0.000000,0.000000,0.000000,0.535404,0.000000,0.000000,0.000000,0.000000,0.000000,0.000000,0.000000,0.000000,0.000000,0.000000,0.000000,0.000000,0.000000,0.000000,0.000000,0.000000,0.000000,0.000000,0.000000,0.000000,0.000000,0.000000,0.000000,0.000000,0.000000,0.000000,0.000000,0.000000,0.000000,0.000000,0.000000,0.000000,0.000000,0.000000,0.000000,0.000000,0.394989,0.000000,0.000000,0.000000,0.000000,0.000000,0.000000,0.000000,0.487466,0.000000,0.000000,0.000000,0.500475,0.000000,0.000000,0.000000
0.000000,0.000000,0.000000,0.371121,0.000000,0.316876,0.000000,0.336852,0.000000,0.000000,0.000000,0.000000,0.000000,0.331595,0.000000,0.339601,0.000000,0.000000,0.000000,0.000000,0.000000,0.000000,0.000000,0.000000,0.000000,0.000000,0.000000,0.000000,0.000000,0.399582,0.000000,0.000000,0.000000,0.000000,0.000000,0.000000,0.000000,0.449109,0.000000,0.000000,0.000000,0.000000,0.000000,0.000000,0.000000,0.000000,0.000000,0.461978,0.000000,0.000000,0.000000,0.000000,0.000000,0.000000,0.000000,0.484890,0.000000,0.000000,0.000000,0.000000,0.000000,0.000000,0.000000,0.000000,0.000000,0.000000,0.000000,0.000000,0.000000,0.000000,0.000000,0.000000,0.000000,0.392598,0.000000,0.375934,0.000000,0.397840,0.000000,0.000000,0.000000,0.000000,0.549352,0.450540,0.000000,0.431376,0.000000,0.438526,0.000000,0.000000
0.409075,0.000000,0.427530,0.000000,0.000000,0.000000,0.400283,0.000000,0.000000,0.000000,0.000000,0.000000,0.400151,0.000000,0.388400,0.000000,0.431559,0.000000,0.448944,0.417649,0.000000,0.000000,0.000000,0.000000,0.000000,0.000000,0.000000,0.000000,0.366521,0.000000,0.000000,0.000000,0.000000,0.000000,0.000000,0.000000,0.000000,0.000000,0.000000,0.000000,0.000000,0.000000,0.000000,0.000000,0.000000,0.000000,0.000000,0.000000,0.000000,0.000000,0.000000,0.000000,0.000000,0.000000,0.000000,0.000000,0.000000,0.000000,0.424189,0.000000,0.456734,0.000000,0.460760,0.000000,0.000000,0.000000,0.000000,0.000000,0.000000,0.000000,0.000000,0.000000,0.000000,0.000000,0.000000,0.000000,0.000000,0.000000,0.000000,0.000000,0.000000,0.000000,0.000000,0.000000,0.510996,0.000000,0.000000,0.000000,0.465557,0.000000
0.000000,0.438183,0.000000,0.448162,0.000000,0.000000,0.000000,0.400343,0.000000,0.000000,0.000000,0.000000,0.000000,0.384551,0.000000,0.395499,0.000000,0.356016,0.000000,0.440363,0.000000,0.000000,0.000000,0.417072,0.000000,0.000000,0.000000,0.000000,0.000000,0.354781,0.000000,0.000000,0.000000,0.467116,0.000000,0.000000,0.000000,0.000000,0.000000,0.000000,0.000000,0.000000,0.000000,0.000000,0.000000,0.000000,0.000000,0.000000,0.000000,0.000000,0.000000,0.000000,0.000000,0.000000,0.000000,0.000000,0.000000,0.426147,0.000000,0.000000,0.000000,0.000000,0.000000,0.000000,0.000000,0.475012,0.000000,0.000000,0.000000,0.000000,0.000000,0.000000,0.000000,0.452063,0.000000,0.000000,0.000000,0.000000,0.000000,0.000000,0.000000,0.000000,0.000000,0.445256,0.000000,0.519432,0.000000,0.000000,0.000000,0.527093
0.409908,0.000000,0.400008,0.000000,0.000000,0.000000,0.375987,0.000000,0.336538,0.000000,0.400151,0.000000,0.000000,0.000000,0.399173,0.000000,0.000000,0.000000,0.413992,0.402068,0.000000,0.000000,0.000000,0.000000,0.000000,0.000000,0.000000,0.000000,0.381411,0.000000,0.000000,0.000000,0.000000,0.000000,0.000000,0.000000,0.000000,0.000000,0.000000,0.000000,0.000000,0.000000,0.000000,0.000000,0.000000,0.000000,0.000000,0.000000,0.000000,0.000000,0.000000,0.000000,0.000000,0.000000,0.000000,0.000000,0.000000,0.000000,0.000000,0.000000,0.000000,0.000000,0.000000,0.000000,0.000000,0.000000,0.000000,0.000000,0.000000,0.000000,0.000000,0.000000,0.000000,0.000000,0.000000,0.000000,0.000000,0.000000,0.000000,0.000000,0.000000,0.000000,0.458101,0.000000,0.000000,0.000000,0.000000,0.000000,0.000000,0.000000
0.000000,0.411596,0.000000,0.412332,0.000000,0.000000,0.000000,0.382947,0.000000,0.331595,0.000000,0.384551,0.000000,0.000000,0.000000,0.347558,0.000000,0.000000,0.000000,0.000000,0.000000,0.000000,0.000000,0.000000,0.000000,0.000000,0.000000,0.000000,0.000000,0.285607,0.000000,0.000000,0.000000,0.000000,0.000000,0.000000,0.000000,0.000000,0.000000,0.000000,0.000000,0.000000,0.000000,0.000000,0.000000,0.000000,0.000000,0.000000,0.000000,0.000000,0.000000,0.000000,0.000000,0.000000,0.000000,0.000000,0.000000,0.000000,0.000000,0.000000,0.000000,0.000000,0.000000,0.000000,0.000000,0.000000,0.000000,0.000000,0.000000,0.000000,0.000000,0.000000,0.000000,0.000000,0.000000,0.000000,0.000000,0.000000,0.000000,0.000000,0.000000,0.000000,0.000000,0.000000,0.000000,0.000000,0.000000,0.000000,0.000000,0.000000
0.000000,0.000000,0.000000,0.000000,0.405543,0.000000,0.000000,0.000000,0.354258,0.000000,0.388400,0.000000,0.399173,0.000000,0.000000,0.000000,0.000000,0.000000,0.000000,0.000000,0.406711,0.000000,0.000000,0.000000,0.381406,0.000000,0.339279,0.000000,0.338372,0.000000,0.360204,0.000000,0.000000,0.000000,0.000000,0.000000,0.000000,0.000000,0.000000,0.000000,0.000000,0.000000,0.000000,0.000000,0.000000,0.000000,0.000000,0.000000,0.000000,0.000000,0.000000,0.000000,0.000000,0.000000,0.000000,0.000000,0.000000,0.000000,0.000000,0.000000,0.000000,0.000000,0.000000,0.000000,0.000000,0.000000,0.000000,0.000000,0.000000,0.000000,0.000000,0.000000,0.000000,0.000000,0.000000,0.000000,0.000000,0.000000,0.000000,0.000000,0.000000,0.000000,0.444921,0.000000,0.000000,0.000000,0.458122,0.000000,0.000000,0.000000
0.000000,0.411232,0.000000,0.000000,0.000000,0.319522,0.000000,0.397565,0.000000,0.339601,0.000000,0.395499,0.000000,0.347558,0.000000,0.000000,0.000000,0.000000,0.000000,0.000000,0.000000,0.252079,0.000000,0.000000,0.000000,0.387121,0.000000,0.264644,0.000000,0.355827,0.000000,0.000000,0.000000,0.000000,0.000000,0.000000,0.000000,0.000000,0.000000,0.000000,0.000000,0.000000,0.600044,0.000000,0.000000,0.000000,0.586074,0.000000,0.575821,0.000000,0.000000,0.000000,0.571761,0.000000,0.579267,0.000000,0.000000,0.000000,0.000000,0.000000,0.000000,0.000000,0.000000,0.000000,0.000000,0.000000,0.000000,0.000000,0.000000,0.000000,0.000000,0.000000,0.000000,0.000000,0.000000,0.000000,0.000000,0.000000,0.000000,0.000000,0.000000,0.000000,0.000000,0.430203,0.000000,0.000000,0.000000,0.424500,0.000000,0.000000
0.456023,0.000000,0.000000,0.000000,0.000000,0.000000,0.000000,0.000000,0.000000,0.000000,0.431559,0.000000,0.000000,0.000000,0.000000,0.000000,0.000000,0.000000,0.434043,0.000000,0.000000,0.000000,0.000000,0.000000,0.000000,0.000000,0.000000,0.000000,0.382406,0.000000,0.000000,0.000000,0.000000,0.000000,0.000000,0.000000,0.000000,0.000000,0.000000,0.000000,0.000000,0.000000,0.000000,0.000000,0.000000,0.000000,0.000000,0.000000,0.000000,0.000000,0.000000,0.000000,0.000000,0.000000,0.000000,0.000000,0.367207,0.000000,0.000000,0.000000,0.411414,0.000000,0.368214,0.000000,0.000000,0.000000,0.000000,0.000000,0.000000,0.000000,0.000000,0.000000,0.000000,0.000000,0.000000,0.000000,0.000000,0.000000,0.305263,0.000000,0.373749,0.000000,0.000000,0.000000,0.501265,0.000000,0.000000,0.000000,0.000000,0.000000
0.000000,0.450255,0.000000,0.000000,0.000000,0.000000,0.000000,0.424676,0.000000,0.000000,0.000000,0.356016,0.000000,0.000000,0.000000,0.000000,0.000000,0.000000,0.000000,0.000000,0.000000,0.000000,0.000000,0.000000,0.000000,0.000000,0.000000,0.000000,0.000000,0.352570,0.000000,0.000000,0.000000,0.000000,0.000000,0.000000,0.000000,0.000000,0.000000,0.000000,0.000000,0.000000,0.000000,0.000000,0.000000,0.000000,0.000000,0.000000,0.000000,0.000000,0.000000,0.000000,0.000000,0.000000,0.000000,0.000000,0.000000,0.421559,0.000000,0.508127,0.000000,0.489050,0.000000,0.437212,0.000000,0.476332,0.000000,0.000000,0.000000,0.000000,0.000000,0.000000,0.000000,0.333760,0.000000,0.000000,0.000000,0.000000,0.000000,0.311872,0.000000,0.388662,0.000000,0.440334,0.000000,0.525104,0.000000,0.000000,0.000000,0.527445
0.407251,0.577047,0.353072,0.548179,0.000000,0.000000,0.363030,0.000000,0.000000,0.000000,0.448944,0.000000,0.413992,0.000000,0.000000,0.000000,0.434043,0.000000,0.000000,0.494290,0.000000,0.000000,0.371944,0.308898,0.000000,0.000000,0.000000,0.000000,0.402649,0.000000,0.000000,0.000000,0.358052,0.507163,0.000000,0.000000,0.000000,0.000000,0.000000,0.000000,0.000000,0.000000,0.000000,0.000000,0.000000,0.000000,0.000000,0.000000,0.483515,0.000000,0.000000,0.000000,0.000000,0.000000,0.000000,0.000000,0.000000,0.560280,0.000000,0.000000,0.000000,0.000000,0.000000,0.000000,0.000000,0.000000,0.000000,0.000000,0.303390,0.539026,0.000000,0.541854,0.449808,0.462047,0.452625,0.000000,0.000000,0.474423,0.000000,0.000000,0.000000,0.000000,0.414089,0.000000,0.000000,0.000000,0.000000,0.000000,0.000000,0.000000
0.000000,0.000000,0.000000,0.381106,0.000000,0.000000,0.000000,0.000000,0.000000,0.000000,0.417649,0.440363,0.402068,0.000000,0.000000,0.000000,0.000000,0.000000,0.494290,0.000000,0.000000,0.000000,0.000000,0.356022,0.000000,0.000000,0.000000,0.000000,0.000000,0.000000,0.000000,0.000000,0.000000,0.394857,0.000000,0.000000,0.000000,0.000000,0.000000,0.000000,0.000000,0.000000,0.000000,0.000000,0.000000,0.000000,0.000000,0.000000,0.481895,0.000000,0.000000,0.000000,0.000000,0.000000,0.000000,0.000000,0.000000,0.000000,0.000000,0.000000,0.000000,0.000000,0.000000,0.000000,0.000000,0.000000,0.000000,0.491917,0.573890,0.391860,0.535402,0.560055,0.479809,0.422519,0.000000,0.000000,0.505850,0.000000,0.000000,0.000000,0.000000,0.000000,0.426568,0.000000,0.000000,0.000000,0.000000,0.000000,0.000000,0.000000
0.000000,0.000000,0.000000,0.000000,0.258988,0.436018,0.000000,0.000000,0.000000,0.000000,0.000000,0.000000,0.000000,0.000000,0.406711,0.000000,0.000000,0.000000,0.000000,0.000000,0.000000,0.000000,0.000000,0.000000,0.338549,0.433113,0.278649,0.000000,0.344759,0.000000,0.313633,0.000000,0.000000,0.000000,0.000000,0.000000,0.000000,0.000000,0.000000,0.000000,0.274761,0.000000,0.000000,0.000000,0.000000,0.000000,0.000000,0.000000,0.465520,0.000000,0.000000,0.000000,0.000000,0.000000,0.000000,0.000000,0.000000,0.000000,0.000000,0.000000,0.000000,0.000000,0.000000,0.000000,0.000000,0.000000,0.000000,0.000000,0.000000,0.000000,0.291239,0.000000,0.000000,0.000000,0.000000,0.000000,0.000000,0.000000,0.000000,0.000000,0.000000,0.000000,0.405593,0.000000,0.000000,0.000000,0.407224,0.000000,0.000000,0.000000
0.000000,0.000000,0.000000,0.000000,0.482025,0.000000,0.000000,0.000000,0.000000,0.000000,0.000000,0.000000,0.000000,0.000000,0.000000,0.252079,0.000000,0.000000,0.000000,0.000000,0.000000,0.000000,0.000000,0.000000,0.466999,0.328380,0.407860,0.305208,0.000000,0.348501,0.000000,0.342475,0.000000,0.000000,0.000000,0.000000,0.000000,0.000000,0.000000,0.000000,0.000000,0.000000,0.000000,0.000000,0.000000,0.000000,0.000000,0.000000,0.000000,0.000000,0.000000,0.000000,0.000000,0.000000,0.000000,0.000000,0.000000,0.000000,0.000000,0.000000,0.000000,0.000000,0.000000,0.000000,0.000000,0.000000,0.000000,0.000000,0.000000,0.000000,0.000000,0.286114,0.000000,0.000000,0.000000,0.000000,0.000000,0.000000,0.000000,0.000000,0.000000,0.000000,0.000000,0.427666,0.000000,0.000000,0.000000,0.000000,0.000000,0.000000
0.000000,0.000000,0.374380,0.539541,0.000000,0.521290,0.000000,0.000000,0.000000,0.000000,0.000000,0.000000,0.000000,0.000000,0.000000,0.000000,0.000000,0.000000,0.371944,0.000000,0.000000,0.000000,0.000000,0.490864,0.333541,0.517840,0.000000,0.000000,0.000000,0.000000,0.365034,0.000000,0.424228,0.000000,0.000000,0.000000,0.000000,0.000000,0.000000,0.000000,0.000000,0.000000,0.000000,0.000000,0.000000,0.000000,0.000000,0.000000,0.000000,0.000000,0.000000,0.000000,0.000000,0.000000,0.000000,0.000000,0.000000,0.000000,0.000000,0.000000,0.000000,0.000000,0.000000,0.000000,0.000000,0.000000,0.000000,0.000000,0.000000,0.000000,0.000000,0.000000,0.374438,0.000000,0.377346,0.000000,0.000000,0.000000,0.000000,0.000000,0.000000,0.000000,0.000000,0.000000,0.000000,0.000000,0.000000,0.000000,0.000000,0.000000
0.000000,0.000000,0.504441,0.377135,0.526538,0.000000,0.000000,0.000000,0.000000,0.000000,0.000000,0.417072,0.000000,0.000000,0.000000,0.000000,0.000000,0.000000,0.308898,0.356022,0.000000,0.000000,0.490864,0.000000,0.469445,0.339571,0.000000,0.000000,0.000000,0.000000,0.382261,0.357354,0.000000,0.415342,0.000000,0.000000,0.000000,0.000000,0.000000,0.000000,0.000000,0.000000,0.000000,0.000000,0.000000,0.000000,0.000000,0.000000,0.000000,0.478335,0.000000,0.000000,0.000000,0.000000,0.000000,0.000000,0.000000,0.000000,0.000000,0.000000,0.000000,0.000000,0.000000,0.000000,0.000000,0.000000,0.000000,0.495383,0.000000,0.000000,0.000000,0.000000,0.000000,0.394119,0.000000,0.000000,0.000000,0.000000,0.000000,0.000000,0.000000,0.000000,0.000000,0.000000,0.000000,0.000000,0.000000,0.000000,0.000000,0.000000
0.000000,0.000000,0.000000,0.000000,0.399076,0.526672,0.000000,0.000000,0.000000,0.000000,0.000000,0.000000,0.000000,0.000000,0.381406,0.000000,0.000000,0.000000,0.000000,0.000000,0.338549,0.466999,0.333541,0.469445,0.000000,0.484492,0.313735,0.510558,0.461437,0.000000,0.291012,0.506250,0.000000,0.000000,0.000000,0.000000,0.551692,0.000000,0.000000,0.000000,0.000000,0.000000,0.000000,0.000000,0.000000,0.000000,0.000000,0.000000,0.000000,0.000000,0.000000,0.000000,0.000000,0.000000,0.000000,0.000000,0.000000,0.000000,0.000000,0.000000,0.000000,0.000000,0.000000,0.000000,0.000000,0.000000,0.000000,0.000000,0.000000,0.000000,0.380802,0.000000,0.446176,0.000000,0.403104,0.000000,0.413650,0.000000,0.000000,0.000000,0.000000,0.000000,0.517243,0.000000,0.000000,0.000000,0.521909,0.000000,0.000000,0.000000
0.000000,0.000000,0.000000,0.378716,0.000000,0.355637,0.000000,0.000000,0.000000,0.000000,0.000000,0.000000,0.000000,0.000000,0.000000,0.387121,0.000000,0.000000,0.000000,0.000000,0.433113,0.328380,0.517840,0.339571,0.484492,0.000000,0.517406,0.359040,0.000000,0.000000,0.000000,0.344638,0.000000,0.000000,0.000000,0.000000,0.000000,0.000000,0.000000,0.000000,0.000000,0.000000,0.000000,0.000000,0.000000,0.000000,0.000000,0.000000,0.000000,0.000000,0.000000,0.000000,0.000000,0.000000,0.000000,0.000000,0.000000,0.000000,0.000000,0.000000,0.000000,0.000000,0.000000,0.000000,0.000000,0.000000,0.000000,0.000000,0.000000,0.000000,0.000000,0.400503,0.000000,0.376191,0.000000,0.000000,0.000000,0.000000,0.000000,0.000000,0.000000,0.000000,0.000000,0.000000,0.000000,0.000000,0.000000,0.000000,0.000000,0.000000
0.000000,0.000000,0.000000,0.000000,0.400427,0.562556,0.000000,0.000000,0.000000,0.000000,0.000000,0.000000,0.000000,0.000000,0.339279,0.000000,0.000000,0.000000,0.000000,0.000000,0.278649,0.407860,0.000000,0.000000,0.313735,0.517406,0.000000,0.498911,0.403114,0.000000,0.341710,0.000000,0.000000,0.000000,0.000000,0.000000,0.000000,0.000000,0.000000,0.000000,0.000000,0.000000,0.000000,0.000000,0.000000,0.000000,0.000000,0.000000,0.000000,0.000000,0.000000,0.000000,0.000000,0.000000,0.000000,0.000000,0.000000,0.000000,0.000000,0.000000,0.000000,0.000000,0.000000,0.000000,0.000000,0.000000,0.000000,0.000000,0.000000,0.000000,0.000000,0.000000,0.000000,0.000000,0.000000,0.000000,0.000000,0.000000,0.000000,0.000000,0.000000,0.000000,0.432129,0.000000,0.000000,0.000000,0.450621,0.000000,0.000000,0.000000
0.000000,0.000000,0.000000,0.000000,0.381114,0.331625,0.000000,0.000000,0.000000,0.000000,0.000000,0.000000,0.000000,0.000000,0.000000,0.264644,0.000000,0.000000,0.000000,0.000000,0.000000,0.305208,0.000000,0.000000,0.510558,0.359040,0.498911,0.000000,0.000000,0.388716,0.476044,0.393585,0.000000,0.000000,0.000000,0.000000,0.000000,0.000000,0.000000,0.000000,0.000000,0.000000,0.000000,0.000000,0.000000,0.000000,0.000000,0.000000,0.000000,0.000000,0.000000,0.000000,0.000000,0.000000,0.000000,0.000000,0.000000,0.000000,0.000000,0.000000,0.000000,0.000000,0.000000,0.000000,0.000000,0.000000,0.000000,0.000000,0.000000,0.000000,0.000000,0.294707,0.000000,0.000000,0.000000,0.000000,0.000000,0.000000,0.000000,0.000000,0.000000,0.000000,0.000000,0.413478,0.000000,0.000000,0.000000,0.000000,0.000000,0.000000
0.000000,0.000000,0.000000,0.000000,0.440540,0.000000,0.000000,0.000000,0.423771,0.000000,0.366521,0.000000,0.381411,0.000000,0.338372,0.000000,0.382406,0.000000,0.402649,0.000000,0.344759,0.000000,0.000000,0.000000,0.461437,0.000000,0.403114,0.000000,0.000000,0.000000,0.000000,0.000000,0.000000,0.000000,0.000000,0.000000,0.000000,0.000000,0.000000,0.000000,0.292097,0.000000,0.000000,0.000000,0.000000,0.000000,0.000000,0.000000,0.497115,0.000000,0.000000,0.000000,0.000000,0.000000,0.000000,0.000000,0.000000,0.000000,0.000000,0.000000,0.000000,0.000000,0.000000,0.000000,0.000000,0.000000,0.000000,0.000000,0.000000,0.000000,0.000000,0.000000,0.411373,0.000000,0.000000,0.000000,0.000000,0.000000,0.364738,0.000000,0.423691,0.000000,0.385530,0.000000,0.466574,0.000000,0.000000,0.000000,0.000000,0.000000
0.000000,0.000000,0.000000,0.000000,0.000000,0.414649,0.000000,0.000000,0.000000,0.399582,0.000000,0.354781,0.000000,0.285607,0.000000,0.355827,0.000000,0.352570,0.000000,0.000000,0.000000,0.348501,0.000000,0.000000,0.000000,0.000000,0.000000,0.388716,0.000000,0.000000,0.000000,0.368626,0.000000,0.000000,0.000000,0.000000,0.000000,0.000000,0.000000,0.000000,0.000000,0.000000,0.000000,0.000000,0.000000,0.543436,0.000000,0.000000,0.000000,0.534592,0.000000,0.000000,0.000000,0.000000,0.000000,0.000000,0.000000,0.438348,0.000000,0.458273,0.000000,0.429358,0.000000,0.437592,0.000000,0.449692,0.000000,0.470555,0.000000,0.000000,0.000000,0.000000,0.000000,0.318745,0.000000,0.000000,0.000000,0.000000,0.000000,0.390507,0.000000,0.427861,0.000000,0.348105,0.000000,0.483649,0.000000,0.000000,0.000000,0.480955
0.000000,0.000000,0.000000,0.000000,0.000000,0.498278,0.000000,0.000000,0.000000,0.000000,0.000000,0.000000,0.000000,0.000000,0.360204,0.000000,0.000000,0.000000,0.000000,0.000000,0.313633,0.000000,0.365034,0.382261,0.291012,0.000000,0.341710,0.476044,0.000000,0.000000,0.000000,0.413841,0.440028,0.000000,0.000000,0.000000,0.000000,0.000000,0.000000,0.000000,0.000000,0.000000,0.000000,0.000000,0.000000,0.000000,0.000000,0.000000,0.000000,0.000000,0.000000,0.000000,0.000000,0.000000,0.000000,0.000000,0.000000,0.000000,0.000000,0.000000,0.000000,0.000000,0.000000,0.000000,0.000000,0.000000,0.501446,0.000000,0.000000,0.000000,0.000000,0.000000,0.000000,0.000000,0.000000,0.000000,0.000000,0.000000,0.000000,0.000000,0.000000,0.000000,0.409262,0.000000,0.000000,0.000000,0.412764,0.000000,0.000000,0.000000
0.000000,0.000000,0.000000,0.379334,0.000000,0.422410,0.000000,0.000000,0.000000,0.000000,0.000000,0.000000,0.000000,0.000000,0.000000,0.000000,0.000000,0.000000,0.000000,0.000000,0.000000,0.342475,0.000000,0.357354,0.506250,0.344638,0.000000,0.393585,0.000000,0.368626,0.413841,0.000000,0.000000,0.428931,0.000000,0.000000,0.000000,0.000000,0.000000,0.000000,0.000000,0.000000,0.000000,0.000000,0.000000,0.000000,0.000000,0.000000,0.000000,0.000000,0.000000,0.000000,0.000000,0.000000,0.000000,0.000000,0.000000,0.000000,0.000000,0.000000,0.000000,0.000000,0.000000,0.000000,0.000000,0.000000,0.000000,0.490133,0.000000,0.000000,0.000000,0.294661,0.000000,0.000000,0.000000,0.000000,0.000000,0.000000,0.000000,0.000000,0.000000,0.000000,0.000000,0.418539,0.000000,0.000000,0.000000,0.000000,0.000000,0.000000
0.000000,0.000000,0.419388,0.000000,0.000000,0.000000,0.000000,0.000000,0.000000,0.000000,0.000000,0.000000,0.000000,0.000000,0.000000,0.000000,0.000000,0.000000,0.358052,0.000000,0.000000,0.000000,0.424228,0.000000,0.000000,0.000000,0.000000,0.000000,0.000000,0.000000,0.440028,0.000000,0.000000,0.000000,0.403189,0.000000,0.000000,0.000000,0.000000,0.000000,0.000000,0.000000,0.000000,0.000000,0.000000,0.000000,0.000000,0.000000,0.000000,0.000000,0.000000,0.000000,0.000000,0.000000,0.000000,0.000000,0.000000,0.000000,0.000000,0.000000,0.000000,0.000000,0.000000,0.000000,0.000000,0.000000,0.445187,0.000000,0.355548,0.000000,0.000000,0.000000,0.000000,0.479253,0.000000,0.000000,0.552169,0.000000,0.000000,0.000000,0.000000,0.000000,0.000000,0.000000,0.000000,0.000000,0.000000,0.000000,0.000000,0.000000
0.000000,0.000000,0.000000,0.345623,0.000000,0.000000,0.000000,0.000000,0.000000,0.000000,0.000000,0.467116,0.000000,0.000000,0.000000,0.000000,0.000000,0.000000,0.507163,0.394857,0.000000,0.000000,0.000000,0.415342,0.000000,0.000000,0.000000,0.000000,0.000000,0.000000,0.000000,0.428931,0.000000,0.000000,0.000000,0.422585,0.000000,0.000000,0.000000,0.000000,0.000000,0.000000,0.000000,0.000000,0.000000,0.000000,0.000000,0.000000,0.000000,0.000000,0.000000,0.000000,0.000000,0.000000,0.000000,0.000000,0.000000,0.000000,0.000000,0.000000,0.000000,0.000000,0.000000,0.000000,0.000000,0.000000,0.000000,0.432551,0.000000,0.415438,0.000000,0.000000,0.000000,0.433025,0.000000,0.000000,0.000000,0.454214,0.000000,0.000000,0.000000,0.000000,0.000000,0.000000,0.000000,0.000000,0.000000,0.000000,0.000000,0.000000
0.000000,0.000000,0.000000,0.000000,0.000000,0.000000,0.000000,0.000000,0.000000,0.000000,0.000000,0.000000,0.000000,0.000000,0.000000,0.000000,0.000000,0.000000,0.000000,0.000000,0.000000,0.000000,0.000000,0.000000,0.000000,0.000000,0.000000,0.000000,0.000000,0.000000,0.000000,0.000000,0.403189,0.000000,0.000000,0.339645,0.355835,0.000000,0.000000,0.000000,0.000000,0.000000,0.239248,0.000000,0.549105,0.000000,0.000000,0.000000,0.477005,0.000000,0.000000,0.000000,0.000000,0.000000,0.000000,0.000000,0.000000,0.000000,0.000000,0.000000,0.000000,0.000000,0.000000,0.000000,0.000000,0.000000,0.324260,0.502530,0.000000,0.000000,0.000000,0.000000,0.520974,0.000000,0.000000,0.000000,0.000000,0.000000,0.000000,0.000000,0.523920,0.000000,0.000000,0.000000,0.000000,0.000000,0.000000,0.000000,0.000000,0.000000
0.000000,0.000000,0.000000,0.000000,0.000000,0.000000,0.000000,0.000000,0.000000,0.000000,0.000000,0.000000,0.000000,0.000000,0.000000,0.000000,0.000000,0.000000,0.000000,0.000000,0.000000,0.000000,0.000000,0.000000,0.000000,0.000000,0.000000,0.000000,0.000000,0.000000,0.000000,0.000000,0.000000,0.422585,0.339645,0.000000,0.000000,0.000000,0.000000,0.000000,0.000000,0.000000,0.663863,0.551810,0.000000,0.482138,0.000000,0.000000,0.473068,0.510851,0.000000,0.000000,0.000000,0.000000,0.000000,0.000000,0.000000,0.000000,0.000000,0.464665,0.000000,0.000000,0.000000,0.000000,0.000000,0.000000,0.672803,0.417933,0.000000,0.000000,0.000000,0.000000,0.512058,0.000000,0.000000,0.000000,0.000000,0.000000,0.000000,0.000000,0.000000,0.000000,0.000000,0.000000,0.000000,0.000000,0.000000,0.000000,0.000000,0.000000
0.000000,0.000000,0.000000,0.000000,0.000000,0.000000,0.000000,0.000000,0.000000,0.000000,0.000000,0.000000,0.000000,0.000000,0.000000,0.000000,0.000000,0.000000,0.000000,0.000000,0.000000,0.000000,0.000000,0.000000,0.551692,0.000000,0.000000,0.000000,0.000000,0.000000,0.000000,0.000000,0.000000,0.000000,0.355835,0.000000,0.000000,0.000000,0.364176,0.000000,0.283298,0.000000,0.464675,0.000000,0.000000,0.000000,0.409306,0.000000,0.000000,0.575244,0.000000,0.000000,0.461172,0.592447,0.373945,0.000000,0.000000,0.000000,0.000000,0.000000,0.000000,0.000000,0.000000,0.000000,0.000000,0.000000,0.445308,0.000000,0.000000,0.000000,0.367945,0.000000,0.000000,0.000000,0.000000,0.000000,0.398451,0.584536,0.000000,0.000000,0.522442,0.000000,0.419566,0.000000,0.496801,0.000000,0.395936,0.000000,0.364463,0.000000
0.000000,0.000000,0.000000,0.000000,0.000000,0.000000,0.000000,0.000000,0.535404,0.449109,0.000000,0.000000,0.000000,0.000000,0.000000,0.000000,0.000000,0.000000,0.000000,0.000000,0.000000,0.000000,0.000000,0.000000,0.000000,0.000000,0.000000,0.000000,0.000000,0.000000,0.000000,0.000000,0.000000,0.000000,0.000000,0.000000,0.000000,0.000000,0.000000,0.385244,0.000000,0.445024,0.582714,0.000000,0.000000,0.000000,0.000000,0.434150,0.000000,0.000000,0.000000,0.000000,0.000000,0.000000,0.000000,0.358544,0.000000,0.000000,0.000000,0.000000,0.000000,0.000000,0.000000,0.000000,0.000000,0.000000,0.000000,0.462866,0.000000,0.000000,0.000000,0.000000,0.000000,0.473948,0.000000,0.543577,0.642792,0.385619,0.000000,0.000000,0.625300,0.000000,0.601259,0.369881,0.581648,0.000000,0.000000,0.361567,0.000000,0.305414
0.000000,0.000000,0.000000,0.000000,0.000000,0.000000,0.000000,0.000000,0.000000,0.000000,0.000000,0.000000,0.000000,0.000000,0.000000,0.000000,0.000000,0.000000,0.000000,0.000000,0.000000,0.000000,0.000000,0.000000,0.000000,0.000000,0.000000,0.000000,0.000000,0.000000,0.000000,0.000000,0.000000,0.000000,0.000000,0.000000,0.364176,0.000000,0.000000,0.000000,0.264432,0.000000,0.493323,0.000000,0.000000,0.000000,0.395017,0.000000,0.000000,0.000000,0.000000,0.000000,0.000000,0.000000,0.417007,0.000000,0.000000,0.000000,0.000000,0.000000,0.000000,0.000000,0.000000,0.000000,0.000000,0.000000,0.455334,0.000000,0.000000,0.000000,0.000000,0.000000,0.000000,0.000000,0.000000,0.000000,0.426991,0.000000,0.000000,0.000000,0.000000,0.000000,0.465818,0.000000,0.528630,0.000000,0.438045,0.000000,0.000000,0.000000
0.000000,0.000000,0.000000,0.000000,0.000000,0.000000,0.000000,0.000000,0.000000,0.000000,0.000000,0.000000,0.000000,0.000000,0.000000,0.000000,0.000000,0.000000,0.000000,0.000000,0.000000,0.000000,0.000000,0.000000,0.000000,0.000000,0.000000,0.000000,0.000000,0.000000,0.000000,0.000000,0.000000,0.000000,0.000000,0.000000,0.000000,0.385244,0.000000,0.000000,0.000000,0.307692,0.000000,0.455995,0.000000,0.454938,0.531320,0.383525,0.000000,0.482672,0.000000,0.000000,0.000000,0.000000,0.000000,0.380972,0.000000,0.000000,0.000000,0.508825,0.000000,0.000000,0.000000,0.000000,0.000000,0.000000,0.000000,0.468882,0.000000,0.000000,0.000000,0.000000,0.000000,0.317624,0.000000,0.000000,0.000000,0.488042,0.000000,0.000000,0.000000,0.000000,0.000000,0.301535,0.000000,0.000000,0.000000,0.387788,0.000000,0.353655
0.000000,0.000000,0.000000,0.000000,0.000000,0.000000,0.000000,0.000000,0.000000,0.000000,0.000000,0.000000,0.000000,0.000000,0.000000,0.000000,0.000000,0.000000,0.000000,0.000000,0.274761,0.000000,0.000000,0.000000,0.000000,0.000000,0.000000,0.000000,0.292097,0.000000,0.000000,0.000000,0.000000,0.000000,0.000000,0.000000,0.283298,0.000000,0.264432,0.000000,0.000000,0.000000,0.000000,0.000000,0.000000,0.000000,0.000000,0.000000,0.000000,0.000000,0.000000,0.000000,0.000000,0.000000,0.000000,0.000000,0.000000,0.000000,0.000000,0.000000,0.000000,0.000000,0.000000,0.000000,0.000000,0.000000,0.000000,0.000000,0.000000,0.000000,0.000000,0.000000,0.000000,0.000000,0.000000,0.000000,0.461668,0.000000,0.000000,0.000000,0.000000,0.000000,0.402174,0.000000,0.000000,0.000000,0.418495,0.000000,0.000000,0.000000
0.000000,0.000000,0.000000,0.000000,0.000000,0.000000,0.000000,0.000000,0.000000,0.000000,0.000000,0.000000,0.000000,0.000000,0.000000,0.000000,0.000000,0.000000,0.000000,0.000000,0.000000,0.000000,0.000000,0.000000,0.000000,0.000000,0.000000,0.000000,0.000000,0.000000,0.000000,0.000000,0.000000,0.000000,0.000000,0.000000,0.000000,0.445024,0.000000,0.307692,0.000000,0.000000,0.000000,0.000000,0.000000,0.479433,0.000000,0.384528,0.000000,0.526185,0.000000,0.000000,0.000000,0.000000,0.000000,0.000000,0.000000,0.000000,0.000000,0.000000,0.000000,0.000000,0.000000,0.000000,0.000000,0.000000,0.000000,0.475534,0.000000,0.000000,0.330923,0.000000,0.000000,0.309743,0.000000,0.000000,0.000000,0.449464,0.000000,0.000000,0.000000,0.000000,0.000000,0.354554,0.000000,0.000000,0.000000,0.343888,0.000000,0.000000
0.000000,0.000000,0.000000,0.000000,0.000000,0.000000,0.000000,0.000000,0.000000,0.000000,0.000000,0.000000,0.000000,0.000000,0.000000,0.600044,0.000000,0.000000,0.000000,0.000000,0.000000,0.000000,0.000000,0.000000,0.000000,0.000000,0.000000,0.000000,0.000000,0.000000,0.000000,0.000000,0.000000,0.000000,0.239248,0.663863,0.464675,0.582714,0.493323,0.000000,0.000000,0.000000,0.000000,0.637379,0.385807,0.610685,0.388150,0.552840,0.292657,0.638594,0.375898,0.000000,0.593112,0.000000,0.000000,0.000000,0.000000,0.000000,0.000000,0.000000,0.000000,0.000000,0.000000,0.000000,0.000000,0.000000,0.494649,0.660538,0.000000,0.000000,0.000000,0.000000,0.000000,0.544144,0.000000,0.000000,0.000000,0.000000,0.000000,0.000000,0.570860,0.616169,0.554144,0.631716,0.532140,0.000000,0.477621,0.000000,0.000000,0.000000
0.000000,0.000000,0.000000,0.000000,0.000000,0.000000,0.000000,0.000000,0.000000,0.000000,0.000000,0.000000,0.000000,0.000000,0.000000,0.000000,0.000000,0.000000,0.000000,0.000000,0.000000,0.000000,0.000000,0.000000,0.000000,0.000000,0.000000,0.000000,0.000000,0.000000,0.000000,0.000000,0.000000,0.000000,0.000000,0.551810,0.000000,0.000000,0.000000,0.455995,0.000000,0.000000,0.637379,0.000000,0.651873,0.402077,0.540824,0.407383,0.604974,0.413586,0.000000,0.308654,0.607923,0.338961,0.565375,0.488644,0.000000,0.000000,0.000000,0.000000,0.000000,0.000000,0.000000,0.000000,0.000000,0.000000,0.585318,0.411763,0.000000,0.000000,0.000000,0.000000,0.000000,0.000000,0.000000,0.000000,0.000000,0.000000,0.000000,0.000000,0.000000,0.550024,0.000000,0.537885,0.521548,0.551399,0.000000,0.519996,0.000000,0.581546
0.000000,0.000000,0.000000,0.000000,0.507041,0.000000,0.000000,0.000000,0.000000,0.000000,0.000000,0.000000,0.000000,0.000000,0.000000,0.000000,0.000000,0.000000,0.000000,0.000000,0.000000,0.000000,0.000000,0.000000,0.000000,0.000000,0.000000,0.000000,0.000000,0.000000,0.000000,0.000000,0.000000,0.000000,0.549105,0.000000,0.000000,0.000000,0.000000,0.000000,0.000000,0.000000,0.385807,0.651873,0.000000,0.618381,0.459387,0.000000,0.354074,0.645904,0.000000,0.000000,0.000000,0.000000,0.000000,0.000000,0.000000,0.000000,0.000000,0.000000,0.000000,0.000000,0.000000,0.000000,0.000000,0.000000,0.489528,0.000000,0.000000,0.000000,0.000000,0.000000,0.511141,0.509754,0.000000,0.000000,0.502585,0.000000,0.000000,0.000000,0.000000,0.000000,0.000000,0.000000,0.000000,0.000000,0.000000,0.000000,0.000000,0.000000
0.000000,0.000000,0.000000,0.000000,0.000000,0.000000,0.000000,0.000000,0.000000,0.000000,0.000000,0.000000,0.000000,0.000000,0.000000,0.000000,0.000000,0.000000,0.000000,0.000000,0.000000,0.000000,0.000000,0.000000,0.000000,0.000000,0.000000,0.000000,0.000000,0.543436,0.000000,0.000000,0.000000,0.000000,0.000000,0.482138,0.000000,0.000000,0.000000,0.454938,0.000000,0.479433,0.610685,0.402077,0.618381,0.000000,0.516116,0.458938,0.620914,0.367765,0.000000,0.000000,0.611726,0.339063,0.000000,0.427250,0.000000,0.000000,0.000000,0.000000,0.000000,0.000000,0.000000,0.000000,0.000000,0.000000,0.561823,0.428249,0.000000,0.000000,0.000000,0.000000,0.547801,0.000000,0.000000,0.000000,0.000000,0.000000,0.000000,0.000000,0.490198,0.484512,0.000000,0.000000,0.488344,0.482638,0.000000,0.487388,0.000000,0.000000
0.000000,0.000000,0.000000,0.000000,0.000000,0.000000,0.000000,0.000000,0.000000,0.000000,0.000000,0.000000,0.000000,0.000000,0.000000,0.586074,0.000000,0.000000,0.000000,0.000000,0.000000,0.000000,0.000000,0.000000,0.000000,0.000000,0.000000,0.000000,0.000000,0.000000,0.000000,0.000000,0.000000,0.000000,0.000000,0.000000,0.409306,0.000000,0.395017,0.531320,0.000000,0.000000,0.388150,0.540824,0.459387,0.516116,0.000000,0.552374,0.000000,0.559297,0.404290,0.000000,0.357906,0.546953,0.344554,0.531208,0.000000,0.000000,0.000000,0.000000,0.000000,0.000000,0.000000,0.000000,0.000000,0.000000,0.493367,0.548925,0.000000,0.000000,0.000000,0.000000,0.000000,0.520080,0.000000,0.000000,0.000000,0.000000,0.000000,0.000000,0.578185,0.000000,0.503848,0.000000,0.530583,0.000000,0.538866,0.000000,0.543313,0.000000
0.000000,0.000000,0.000000,0.000000,0.000000,0.000000,0.000000,0.000000,0.000000,0.461978,0.000000,0.000000,0.000000,0.000000,0.000000,0.000000,0.000000,0.000000,0.000000,0.000000,0.000000,0.000000,0.000000,0.000000,0.000000,0.000000,0.000000,0.000000,0.000000,0.000000,0.000000,0.000000,0.000000,0.000000,0.000000,0.000000,0.000000,0.434150,0.000000,0.383525,0.000000,0.384528,0.552840,0.407383,0.000000,0.458938,0.552374,0.000000,0.000000,0.470588,0.000000,0.000000,0.000000,0.311750,0.000000,0.424710,0.000000,0.000000,0.000000,0.000000,0.000000,0.000000,0.000000,0.000000,0.000000,0.000000,0.553673,0.406877,0.000000,0.000000,0.000000,0.000000,0.000000,0.466820,0.000000,0.000000,0.000000,0.000000,0.000000,0.000000,0.000000,0.000000,0.000000,0.000000,0.477340,0.506944,0.000000,0.458142,0.000000,0.567211
0.000000,0.000000,0.000000,0.000000,0.493713,0.000000,0.000000,0.000000,0.000000,0.000000,0.000000,0.000000,0.000000,0.000000,0.000000,0.575821,0.000000,0.000000,0.483515,0.481895,0.465520,0.000000,0.000000,0.000000,0.000000,0.000000,0.000000,0.000000,0.497115,0.000000,0.000000,0.000000,0.000000,0.000000,0.477005,0.473068,0.000000,0.000000,0.000000,0.000000,0.000000,0.000000,0.292657,0.604974,0.354074,0.620914,0.000000,0.000000,0.000000,0.641790,0.403154,0.000000,0.405805,0.000000,0.422585,0.000000,0.000000,0.000000,0.384005,0.000000,0.289031,0.000000,0.000000,0.000000,0.000000,0.000000,0.395148,0.000000,0.000000,0.000000,0.000000,0.000000,0.541855,0.000000,0.000000,0.000000,0.000000,0.484828,0.000000,0.000000,0.499692,0.000000,0.000000,0.596955,0.453888,0.000000,0.492896,0.000000,0.501385,0.000000
