0.000000,0.478943,0.428010,0.000000,0.000000,0.000000,0.400967,0.000000,0.000000,0.000000,0.354370,0.486352,0.372117,0.000000,0.000000,0.000000,0.349731,0.472470,0.392506,0.000000,0.000000,0.000000,0.000000,0.000000,0.000000,0.000000,0.000000,0.000000,0.000000,0.000000,0.000000,0.000000,0.000000,0.000000,0.000000,0.000000,0.000000,0.000000,0.000000,0.000000,0.000000,0.000000,0.000000,0.000000,0.000000,0.000000,0.000000,0.000000,0.000000,0.000000,0.000000,0.000000,0.000000,0.000000,0.000000,0.000000,0.412919,0.000000,0.491811,0.000000,0.492612,0.000000,0.494046,0.000000,0.487267,0.000000,0.000000,0.000000,0.417660,0.000000,0.000000,0.000000,0.421365,0.000000,0.000000,0.000000,0.398786,0.000000,0.000000,0.000000,0.000000,0.000000,0.000000,0.455928,0.502046,0.000000,0.000000,0.000000,0.000000,0.000000
0.478943,0.000000,0.506004,0.402550,0.000000,0.000000,0.466521,0.368857,0.000000,0.000000,0.000000,0.372619,0.000000,0.000000,0.000000,0.000000,0.540879,0.333559,0.496490,0.418773,0.000000,0.000000,0.000000,0.000000,0.000000,0.000000,0.000000,0.000000,0.000000,0.414025,0.000000,0.000000,0.000000,0.000000,0.000000,0.000000,0.000000,0.451256,0.000000,0.000000,0.000000,0.000000,0.000000,0.000000,0.000000,0.000000,0.000000,0.000000,0.000000,0.000000,0.000000,0.000000,0.000000,0.000000,0.000000,0.000000,0.524554,0.433681,0.555532,0.463314,0.000000,0.469540,0.000000,0.487063,0.522696,0.477840,0.000000,0.534066,0.545836,0.446160,0.000000,0.000000,0.000000,0.430326,0.000000,0.000000,0.555641,0.378209,0.000000,0.000000,0.000000,0.436163,0.000000,0.000000,0.000000,0.468248,0.000000,0.000000,0.000000,0.000000
0.428010,0.506004,0.000000,0.000000,0.284355,0.524064,0.397591,0.522791,0.412963,0.000000,0.000000,0.525520,0.000000,0.000000,0.421234,0.000000,0.000000,0.000000,0.355709,0.000000,0.000000,0.000000,0.302926,0.502516,0.000000,0.000000,0.000000,0.000000,0.000000,0.000000,0.000000,0.485242,0.000000,0.000000,0.000000,0.000000,0.000000,0.000000,0.502829,0.000000,0.000000,0.000000,0.511614,0.000000,0.000000,0.000000,0.523067,0.000000,0.000000,0.000000,0.463558,0.000000,0.000000,0.000000,0.000000,0.000000,0.000000,0.000000,0.381652,0.000000,0.000000,0.000000,0.000000,0.000000,0.000000,0.000000,0.000000,0.000000,0.000000,0.000000,0.366301,0.000000,0.383707,0.000000,0.421215,0.000000,0.457983,0.000000,0.000000,0.000000,0.000000,0.000000,0.484212,0.000000,0.000000,0.000000,0.000000,0.000000,0.000000,0.000000
0.000000,0.402550,0.000000,0.000000,0.000000,0.273447,0.442911,0.372955,0.000000,0.000000,0.000000,0.000000,0.000000,0.000000,0.000000,0.353595,0.000000,0.000000,0.536348,0.351979,0.000000,0.000000,0.437031,0.327909,0.000000,0.324915,0.000000,0.000000,0.000000,0.000000,0.468664,0.345435,0.000000,0.387733,0.000000,0.000000,0.000000,0.000000,0.000000,0.000000,0.000000,0.000000,0.000000,0.000000,0.000000,0.000000,0.000000,0.000000,0.000000,0.000000,0.000000,0.000000,0.000000,0.000000,0.000000,0.000000,0.000000,0.000000,0.000000,0.000000,0.000000,0.000000,0.000000,0.000000,0.000000,0.000000,0.000000,0.000000,0.000000,0.000000,0.000000,0.371862,0.000000,0.000000,0.000000,0.000000,0.000000,0.000000,0.000000,0.000000,0.000000,0.000000,0.000000,0.000000,0.000000,0.000000,0.000000,0.000000,0.000000,0.000000
0.000000,0.000000,0.284355,0.000000,0.000000,0.501483,0.000000,0.000000,0.350935,0.000000,0.000000,0.000000,0.000000,0.000000,0.433067,0.000000,0.000000,0.000000,0.000000,0.000000,0.360279,0.000000,0.302093,0.000000,0.340230,0.522188,0.350194,0.562503,0.454454,0.000000,0.000000,0.000000,0.000000,0.000000,0.000000,0.000000,0.000000,0.000000,0.492984,0.000000,0.419066,0.000000,0.000000,0.000000,0.000000,0.000000,0.000000,0.000000,0.000000,0.000000,0.000000,0.000000,0.000000,0.000000,0.000000,0.000000,0.000000,0.000000,0.000000,0.000000,0.000000,0.000000,0.000000,0.000000,0.000000,0.000000,0.000000,0.000000,0.000000,0.000000,0.420320,0.000000,0.425193,0.000000,0.434212,0.000000,0.455596,0.000000,0.000000,0.000000,0.000000,0.000000,0.490200,0.000000,0.000000,0.000000,0.000000,0.000000,0.000000,0.000000
0.000000,0.000000,0.524064,0.273447,0.501483,0.000000,0.000000,0.390259,0.000000,0.316221,0.000000,0.000000,0.000000,0.000000,0.000000,0.334779,0.000000,0.000000,0.000000,0.000000,0.473309,0.397775,0.000000,0.293191,0.545400,0.303666,0.512115,0.415887,0.000000,0.423108,0.000000,0.000000,0.000000,0.000000,0.000000,0.000000,0.000000,0.000000,0.000000,0.000000,0.000000,0.000000,0.000000,0.000000,0.000000,0.000000,0.000000,0.528424,0.000000,0.000000,0.000000,0.000000,0.000000,0.000000,0.000000,0.000000,0.000000,0.000000,0.000000,0.000000,0.000000,0.000000,0.000000,0.000000,0.000000,0.000000,0.000000,0.000000,0.000000,0.000000,0.000000,0.422126,0.000000,0.408488,0.000000,0.436260,0.000000,0.454960,0.000000,0.000000,0.000000,0.000000,0.000000,0.478036,0.000000,0.000000,0.000000,0.000000,0.000000,0.000000
0.400967,0.466521,0.397591,0.442911,0.000000,0.000000,0.000000,0.480283,0.390215,0.000000,0.420912,0.488427,0.368737,0.000000,0.372038,0.000000,0.000000,0.000000,0.000000,0.000000,0.000000,0.000000,0.372317,0.453809,0.000000,0.000000,0.000000,0.000000,0.000000,0.000000,0.000000,0.000000,0.000000,0.000000,0.000000,0.000000,0.000000,0.000000,0.000000,0.000000,0.000000,0.000000,0.000000,0.000000,0.000000,0.000000,0.512188,0.000000,0.000000,0.000000,0.000000,0.000000,0.000000,0.000000,0.000000,0.000000,0.000000,0.000000,0.000000,0.000000,0.000000,0.000000,0.000000,0.000000,0.000000,0.000000,0.000000,0.000000,0.000000,0.000000,0.000000,0.000000,0.410246,0.000000,0.411428,0.000000,0.445820,0.000000,0.000000,0.000000,0.000000,0.000000,0.000000,0.000000,0.000000,0.000000,0.000000,0.000000,0.000000,0.000000
0.000000,0.368857,0.522791,0.372955,0.000000,0.390259,0.480283,0.000000,0.000000,0.345487,0.465243,0.374784,0.473042,0.374485,0.000000,0.000000,0.466420,0.000000,0.480810,0.390229,0.000000,0.000000,0.473915,0.366447,0.000000,0.000000,0.000000,0.000000,0.431337,0.000000,0.000000,0.356261,0.493406,0.369122,0.000000,0.000000,0.000000,0.000000,0.000000,0.000000,0.000000,0.000000,0.000000,0.000000,0.000000,0.000000,0.000000,0.000000,0.000000,0.000000,0.000000,0.000000,0.000000,0.000000,0.000000,0.000000,0.000000,0.000000,0.000000,0.000000,0.000000,0.000000,0.000000,0.000000,0.000000,0.000000,0.000000,0.000000,0.000000,0.000000,0.000000,0.348939,0.000000,0.000000,0.000000,0.000000,0.000000,0.436171,0.000000,0.000000,0.000000,0.000000,0.000000,0.000000,0.000000,0.000000,0.000000,0.000000,0.000000,0.000000
0.000000,0.000000,0.412963,0.000000,0.350935,0.000000,0.390215,0.000000,0.000000,0.000000,0.000000,0.000000,0.394007,0.000000,0.368030,0.000000,0.000000,0.000000,0.000000,0.000000,0.000000,0.000000,0.000000,0.000000,0.000000,0.000000,0.000000,0.000000,0.000000,0.000000,0.000000,0.000000,0.000000,0.000000,0.000000,0.000000,0.000000,0.000000,0.000000,0.000000,0.000000,0.000000,0.000000,0.000000,0.000000,0.000000,0.000000,0.000000,0.000000,0.000000,0.000000,0.000000,0.000000,0.000000,0.000000,0.000000,0.000000,0.000000,0.000000,0.000000,0.000000,0.000000,0.000000,0.000000,0.000000,0.000000,0.000000,0.000000,0.000000,0.000000,0.397589,0.000000,0.417540,0.000000,0.422336,0.000000,0.472495,0.000000,0.000000,0.000000,0.000000,0.000000,0.484081,0.000000,0.000000,0.000000,0.000000,0.000000,0.000000,0.000000
0.000000,0.000000,0.000000,0.000000,0.000000,0.316221,0.000000,0.345487,0.000000,0.000000,0.000000,0.000000,0.000000,0.284577,0.000000,0.352802,0.000000,0.000000,0.000000,0.000000,0.000000,0.000000,0.000000,0.000000,0.000000,0.000000,0.000000,0.436477,0.000000,0.435544,0.000000,0.000000,0.000000,0.000000,0.000000,0.000000,0.000000,0.454998,0.000000,0.000000,0.000000,0.000000,0.000000,0.492347,0.000000,0.547247,0.000000,0.509055,0.000000,0.000000,0.560604,0.000000,0.000000,0.000000,0.000000,0.000000,0.000000,0.000000,0.000000,0.000000,0.000000,0.000000,0.000000,0.000000,0.000000,0.000000,0.000000,0.000000,0.000000,0.000000,0.000000,0.379349,0.000000,0.404765,0.000000,0.409941,0.552377,0.447083,0.000000,0.000000,0.000000,0.000000,0.000000,0.462317,0.000000,0.000000,0.000000,0.464198,0.000000,0.000000
0.354370,0.000000,0.000000,0.000000,0.000000,0.000000,0.420912,0.465243,0.000000,0.000000,0.000000,0.500440,0.362153,0.462964,0.000000,0.000000,0.451568,0.000000,0.000000,0.000000,0.000000,0.000000,0.000000,0.000000,0.000000,0.000000,0.000000,0.000000,0.360255,0.000000,0.000000,0.000000,0.000000,0.000000,0.000000,0.000000,0.000000,0.000000,0.000000,0.000000,0.000000,0.000000,0.000000,0.000000,0.000000,0.000000,0.000000,0.000000,0.000000,0.000000,0.000000,0.000000,0.000000,0.000000,0.000000,0.000000,0.357785,0.000000,0.000000,0.000000,0.000000,0.000000,0.000000,0.000000,0.000000,0.000000,0.000000,0.000000,0.000000,0.000000,0.000000,0.509563,0.000000,0.000000,0.000000,0.000000,0.000000,0.000000,0.000000,0.000000,0.000000,0.000000,0.000000,0.000000,0.000000,0.000000,0.000000,0.000000,0.000000,0.000000
0.486352,0.372619,0.525520,0.000000,0.000000,0.000000,0.488427,0.374784,0.000000,0.000000,0.500440,0.000000,0.000000,0.337751,0.000000,0.000000,0.000000,0.384174,0.499429,0.442564,0.000000,0.000000,0.000000,0.000000,0.000000,0.000000,0.000000,0.000000,0.000000,0.318021,0.000000,0.000000,0.000000,0.000000,0.000000,0.000000,0.000000,0.000000,0.000000,0.000000,0.000000,0.000000,0.000000,0.000000,0.000000,0.000000,0.000000,0.000000,0.000000,0.000000,0.000000,0.000000,0.000000,0.000000,0.000000,0.000000,0.467486,0.000000,0.000000,0.000000,0.000000,0.000000,0.000000,0.000000,0.000000,0.000000,0.000000,0.000000,0.000000,0.000000,0.471251,0.000000,0.000000,0.000000,0.000000,0.000000,0.000000,0.000000,0.000000,0.000000,0.000000,0.000000,0.000000,0.237188,0.000000,0.000000,0.000000,0.000000,0.000000,0.000000
0.372117,0.000000,0.000000,0.000000,0.000000,0.000000,0.368737,0.473042,0.394007,0.000000,0.362153,0.000000,0.000000,0.000000,0.272650,0.000000,0.000000,0.000000,0.000000,0.000000,0.000000,0.000000,0.000000,0.000000,0.000000,0.000000,0.000000,0.000000,0.410039,0.000000,0.000000,0.000000,0.000000,0.000000,0.000000,0.000000,0.000000,0.000000,0.000000,0.000000,0.000000,0.000000,0.000000,0.000000,0.000000,0.000000,0.507215,0.000000,0.000000,0.000000,0.000000,0.000000,0.000000,0.000000,0.000000,0.000000,0.000000,0.000000,0.381375,0.000000,0.000000,0.000000,0.000000,0.000000,0.000000,0.000000,0.000000,0.000000,0.000000,0.000000,0.000000,0.000000,0.366442,0.000000,0.375669,0.000000,0.444083,0.000000,0.000000,0.000000,0.000000,0.000000,0.000000,0.000000,0.000000,0.000000,0.000000,0.000000,0.000000,0.000000
0.000000,0.000000,0.000000,0.000000,0.000000,0.000000,0.000000,0.374485,0.000000,0.284577,0.462964,0.337751,0.000000,0.000000,0.000000,0.314838,0.000000,0.000000,0.000000,0.000000,0.000000,0.000000,0.000000,0.000000,0.000000,0.000000,0.000000,0.000000,0.431106,0.362990,0.000000,0.000000,0.000000,0.000000,0.000000,0.000000,0.000000,0.000000,0.000000,0.000000,0.000000,0.000000,0.000000,0.000000,0.000000,0.000000,0.000000,0.000000,0.000000,0.000000,0.000000,0.000000,0.000000,0.000000,0.000000,0.000000,0.000000,0.000000,0.000000,0.395647,0.000000,0.000000,0.000000,0.000000,0.000000,0.000000,0.524572,0.427845,0.000000,0.000000,0.000000,0.387329,0.000000,0.389412,0.000000,0.409769,0.000000,0.454910,0.000000,0.000000,0.000000,0.000000,0.000000,0.000000,0.000000,0.000000,0.000000,0.000000,0.000000,0.000000
0.000000,0.000000,0.421234,0.000000,0.433067,0.000000,0.372038,0.000000,0.368030,0.000000,0.000000,0.000000,0.272650,0.000000,0.000000,0.000000,0.000000,0.000000,0.000000,0.000000,0.401120,0.382588,0.000000,0.000000,0.366796,0.000000,0.429602,0.000000,0.431435,0.000000,0.379089,0.404473,0.000000,0.000000,0.000000,0.000000,0.000000,0.000000,0.000000,0.000000,0.000000,0.000000,0.527334,0.000000,0.000000,0.000000,0.528416,0.000000,0.000000,0.000000,0.500291,0.000000,0.000000,0.000000,0.541039,0.000000,0.000000,0.000000,0.000000,0.000000,0.000000,0.000000,0.000000,0.000000,0.000000,0.000000,0.000000,0.000000,0.000000,0.000000,0.347964,0.000000,0.446702,0.000000,0.465133,0.000000,0.000000,0.000000,0.000000,0.000000,0.000000,0.000000,0.475639,0.000000,0.000000,0.000000,0.000000,0.000000,0.000000,0.000000
0.000000,0.000000,0.000000,0.353595,0.000000,0.334779,0.000000,0.000000,0.000000,0.352802,0.000000,0.000000,0.000000,0.314838,0.000000,0.000000,0.000000,0.000000,0.000000,0.000000,0.000000,0.000000,0.000000,0.000000,0.000000,0.000000,0.000000,0.388814,0.000000,0.332268,0.000000,0.000000,0.000000,0.000000,0.482787,0.000000,0.000000,0.000000,0.000000,0.000000,0.000000,0.000000,0.000000,0.000000,0.000000,0.541906,0.000000,0.549022,0.000000,0.475867,0.573341,0.000000,0.000000,0.000000,0.000000,0.000000,0.000000,0.000000,0.000000,0.000000,0.000000,0.000000,0.000000,0.000000,0.000000,0.000000,0.507880,0.420274,0.000000,0.000000,0.000000,0.000000,0.535723,0.398331,0.000000,0.429520,0.540104,0.457399,0.000000,0.000000,0.521580,0.000000,0.000000,0.480860,0.000000,0.000000,0.000000,0.000000,0.000000,0.000000
0.349731,0.540879,0.000000,0.000000,0.000000,0.000000,0.000000,0.466420,0.000000,0.000000,0.451568,0.000000,0.000000,0.000000,0.000000,0.000000,0.000000,0.000000,0.000000,0.000000,0.000000,0.000000,0.000000,0.000000,0.000000,0.000000,0.000000,0.000000,0.389243,0.000000,0.000000,0.000000,0.000000,0.000000,0.000000,0.000000,0.000000,0.000000,0.000000,0.000000,0.000000,0.000000,0.000000,0.000000,0.000000,0.000000,0.000000,0.000000,0.000000,0.000000,0.000000,0.000000,0.000000,0.000000,0.000000,0.000000,0.344654,0.000000,0.446162,0.000000,0.000000,0.000000,0.391404,0.000000,0.000000,0.000000,0.000000,0.000000,0.000000,0.000000,0.000000,0.000000,0.404332,0.000000,0.000000,0.000000,0.361818,0.000000,0.341917,0.000000,0.375955,0.000000,0.407624,0.000000,0.000000,0.000000,0.000000,0.000000,0.000000,0.000000
0.472470,0.333559,0.000000,0.000000,0.000000,0.000000,0.000000,0.000000,0.000000,0.000000,0.000000,0.384174,0.000000,0.000000,0.000000,0.000000,0.000000,0.000000,0.000000,0.000000,0.000000,0.000000,0.000000,0.000000,0.000000,0.000000,0.000000,0.000000,0.000000,0.362518,0.000000,0.000000,0.000000,0.000000,0.000000,0.000000,0.000000,0.000000,0.000000,0.000000,0.000000,0.000000,0.000000,0.000000,0.000000,0.000000,0.000000,0.000000,0.000000,0.000000,0.000000,0.000000,0.000000,0.000000,0.000000,0.000000,0.000000,0.295163,0.000000,0.000000,0.000000,0.436783,0.000000,0.420617,0.000000,0.000000,0.000000,0.000000,0.000000,0.000000,0.000000,0.000000,0.000000,0.393706,0.000000,0.000000,0.000000,0.000000,0.000000,0.261597,0.000000,0.365571,0.000000,0.421464,0.000000,0.000000,0.000000,0.000000,0.000000,0.000000
0.392506,0.496490,0.355709,0.536348,0.000000,0.000000,0.000000,0.480810,0.000000,0.000000,0.000000,0.499429,0.000000,0.000000,0.000000,0.000000,0.000000,0.000000,0.000000,0.537109,0.000000,0.000000,0.252973,0.000000,0.000000,0.000000,0.000000,0.000000,0.000000,0.000000,0.286940,0.000000,0.357977,0.497656,0.000000,0.000000,0.000000,0.000000,0.000000,0.000000,0.000000,0.000000,0.000000,0.000000,0.000000,0.000000,0.000000,0.000000,0.000000,0.000000,0.000000,0.000000,0.000000,0.000000,0.000000,0.000000,0.391566,0.000000,0.000000,0.000000,0.000000,0.000000,0.000000,0.000000,0.000000,0.000000,0.432740,0.000000,0.363421,0.000000,0.000000,0.000000,0.000000,0.000000,0.000000,0.000000,0.000000,0.000000,0.000000,0.000000,0.000000,0.000000,0.000000,0.000000,0.000000,0.000000,0.000000,0.000000,0.000000,0.000000
0.000000,0.418773,0.000000,0.351979,0.000000,0.000000,0.000000,0.390229,0.000000,0.000000,0.000000,0.442564,0.000000,0.000000,0.000000,0.000000,0.000000,0.000000,0.537109,0.000000,0.000000,0.000000,0.000000,0.314178,0.000000,0.000000,0.000000,0.000000,0.000000,0.000000,0.427772,0.000000,0.492210,0.395609,0.000000,0.000000,0.000000,0.000000,0.000000,0.000000,0.000000,0.000000,0.000000,0.000000,0.000000,0.000000,0.000000,0.000000,0.000000,0.000000,0.000000,0.000000,0.000000,0.000000,0.000000,0.000000,0.000000,0.486890,0.522892,0.000000,0.000000,0.000000,0.000000,0.000000,0.000000,0.000000,0.510416,0.000000,0.509493,0.414214,0.000000,0.000000,0.000000,0.000000,0.000000,0.000000,0.000000,0.000000,0.000000,0.000000,0.000000,0.000000,0.000000,0.000000,0.000000,0.000000,0.000000,0.000000,0.000000,0.000000
0.000000,0.000000,0.000000,0.000000,0.360279,0.473309,0.000000,0.000000,0.000000,0.000000,0.000000,0.000000,0.000000,0.000000,0.401120,0.000000,0.000000,0.000000,0.000000,0.000000,0.000000,0.302714,0.000000,0.000000,0.270023,0.366389,0.308867,0.000000,0.358041,0.000000,0.350476,0.000000,0.000000,0.000000,0.000000,0.000000,0.000000,0.000000,0.000000,0.000000,0.366174,0.000000,0.000000,0.000000,0.000000,0.000000,0.000000,0.000000,0.000000,0.000000,0.000000,0.000000,0.000000,0.000000,0.000000,0.000000,0.000000,0.000000,0.000000,0.000000,0.000000,0.000000,0.000000,0.000000,0.000000,0.000000,0.000000,0.000000,0.000000,0.000000,0.297222,0.262023,0.385627,0.000000,0.000000,0.000000,0.000000,0.000000,0.000000,0.000000,0.000000,0.000000,0.372310,0.000000,0.000000,0.000000,0.000000,0.000000,0.000000,0.000000
0.000000,0.000000,0.000000,0.000000,0.000000,0.397775,0.000000,0.000000,0.000000,0.000000,0.000000,0.000000,0.000000,0.000000,0.382588,0.000000,0.000000,0.000000,0.000000,0.000000,0.302714,0.000000,0.000000,0.000000,0.000000,0.387085,0.000000,0.324954,0.000000,0.361320,0.330298,0.305192,0.000000,0.000000,0.000000,0.000000,0.000000,0.421979,0.000000,0.000000,0.000000,0.000000,0.000000,0.000000,0.000000,0.000000,0.000000,0.000000,0.000000,0.000000,0.000000,0.000000,0.000000,0.000000,0.000000,0.000000,0.000000,0.000000,0.000000,0.000000,0.000000,0.000000,0.000000,0.000000,0.000000,0.000000,0.000000,0.000000,0.000000,0.000000,0.488970,0.301967,0.000000,0.351452,0.000000,0.000000,0.000000,0.370571,0.000000,0.000000,0.000000,0.000000,0.346817,0.394957,0.000000,0.000000,0.000000,0.000000,0.000000,0.000000
0.000000,0.000000,0.302926,0.437031,0.302093,0.000000,0.372317,0.473915,0.000000,0.000000,0.000000,0.000000,0.000000,0.000000,0.000000,0.000000,0.000000,0.000000,0.252973,0.000000,0.000000,0.000000,0.000000,0.497212,0.276387,0.456694,0.000000,0.000000,0.000000,0.000000,0.369031,0.461196,0.484028,0.000000,0.000000,0.000000,0.000000,0.000000,0.000000,0.000000,0.000000,0.000000,0.000000,0.000000,0.000000,0.000000,0.000000,0.000000,0.000000,0.000000,0.000000,0.000000,0.000000,0.000000,0.000000,0.000000,0.000000,0.000000,0.000000,0.000000,0.000000,0.000000,0.000000,0.000000,0.000000,0.000000,0.498097,0.000000,0.000000,0.000000,0.000000,0.000000,0.000000,0.000000,0.000000,0.000000,0.000000,0.000000,0.000000,0.000000,0.000000,0.000000,0.000000,0.000000,0.000000,0.000000,0.000000,0.000000,0.000000,0.000000
0.000000,0.000000,0.502516,0.327909,0.000000,0.293191,0.453809,0.366447,0.000000,0.000000,0.000000,0.000000,0.000000,0.000000,0.000000,0.000000,0.000000,0.000000,0.000000,0.314178,0.000000,0.000000,0.497212,0.000000,0.508587,0.305254,0.000000,0.000000,0.000000,0.000000,0.451927,0.363347,0.000000,0.416378,0.000000,0.000000,0.000000,0.000000,0.000000,0.000000,0.000000,0.000000,0.000000,0.000000,0.000000,0.000000,0.000000,0.000000,0.000000,0.000000,0.000000,0.000000,0.000000,0.000000,0.000000,0.000000,0.000000,0.000000,0.000000,0.000000,0.000000,0.000000,0.000000,0.000000,0.000000,0.000000,0.000000,0.000000,0.000000,0.000000,0.000000,0.333949,0.000000,0.000000,0.000000,0.000000,0.000000,0.000000,0.000000,0.000000,0.000000,0.000000,0.000000,0.000000,0.000000,0.000000,0.000000,0.000000,0.000000,0.000000
0.000000,0.000000,0.000000,0.000000,0.340230,0.545400,0.000000,0.000000,0.000000,0.000000,0.000000,0.000000,0.000000,0.000000,0.366796,0.000000,0.000000,0.000000,0.000000,0.000000,0.270023,0.000000,0.276387,0.508587,0.000000,0.565252,0.358575,0.514374,0.000000,0.000000,0.330606,0.531140,0.000000,0.000000,0.000000,0.000000,0.000000,0.000000,0.000000,0.000000,0.000000,0.000000,0.000000,0.000000,0.000000,0.000000,0.000000,0.000000,0.000000,0.000000,0.000000,0.000000,0.000000,0.000000,0.000000,0.000000,0.000000,0.000000,0.000000,0.000000,0.000000,0.000000,0.000000,0.000000,0.000000,0.000000,0.000000,0.000000,0.000000,0.000000,0.459686,0.485336,0.427834,0.000000,0.462581,0.000000,0.435671,0.000000,0.000000,0.000000,0.000000,0.000000,0.000000,0.000000,0.000000,0.000000,0.000000,0.000000,0.000000,0.000000
0.000000,0.000000,0.000000,0.324915,0.522188,0.303666,0.000000,0.000000,0.000000,0.000000,0.000000,0.000000,0.000000,0.000000,0.000000,0.000000,0.000000,0.000000,0.000000,0.000000,0.366389,0.387085,0.456694,0.305254,0.565252,0.000000,0.575924,0.408373,0.000000,0.000000,0.467731,0.413490,0.000000,0.000000,0.000000,0.000000,0.000000,0.000000,0.000000,0.000000,0.000000,0.000000,0.000000,0.000000,0.000000,0.000000,0.000000,0.000000,0.000000,0.000000,0.000000,0.000000,0.000000,0.000000,0.000000,0.000000,0.000000,0.000000,0.000000,0.000000,0.000000,0.000000,0.000000,0.000000,0.000000,0.000000,0.000000,0.000000,0.000000,0.000000,0.000000,0.000000,0.000000,0.000000,0.000000,0.000000,0.000000,0.000000,0.000000,0.000000,0.000000,0.000000,0.000000,0.000000,0.000000,0.000000,0.000000,0.000000,0.000000,0.000000
0.000000,0.000000,0.000000,0.000000,0.350194,0.512115,0.000000,0.000000,0.000000,0.000000,0.000000,0.000000,0.000000,0.000000,0.429602,0.000000,0.000000,0.000000,0.000000,0.000000,0.308867,0.000000,0.000000,0.000000,0.358575,0.575924,0.000000,0.547680,0.316848,0.000000,0.321061,0.547153,0.000000,0.000000,0.000000,0.000000,0.000000,0.000000,0.000000,0.000000,0.303072,0.000000,0.000000,0.000000,0.000000,0.000000,0.000000,0.000000,0.000000,0.000000,0.000000,0.000000,0.000000,0.000000,0.000000,0.000000,0.000000,0.000000,0.000000,0.000000,0.000000,0.000000,0.000000,0.000000,0.000000,0.000000,0.000000,0.000000,0.000000,0.000000,0.388641,0.000000,0.399285,0.000000,0.000000,0.000000,0.000000,0.000000,0.000000,0.000000,0.000000,0.000000,0.431868,0.000000,0.000000,0.000000,0.000000,0.000000,0.000000,0.000000
0.000000,0.000000,0.000000,0.000000,0.562503,0.415887,0.000000,0.000000,0.000000,0.436477,0.000000,0.000000,0.000000,0.000000,0.000000,0.388814,0.000000,0.000000,0.000000,0.000000,0.000000,0.324954,0.000000,0.000000,0.514374,0.408373,0.547680,0.000000,0.000000,0.000000,0.000000,0.000000,0.000000,0.000000,0.000000,0.000000,0.000000,0.000000,0.000000,0.000000,0.000000,0.000000,0.000000,0.000000,0.000000,0.000000,0.000000,0.000000,0.000000,0.000000,0.000000,0.000000,0.000000,0.000000,0.000000,0.000000,0.000000,0.000000,0.000000,0.000000,0.000000,0.000000,0.000000,0.000000,0.000000,0.000000,0.000000,0.000000,0.000000,0.000000,0.000000,0.000000,0.000000,0.318517,0.000000,0.000000,0.000000,0.000000,0.000000,0.000000,0.000000,0.000000,0.000000,0.453961,0.000000,0.000000,0.000000,0.000000,0.000000,0.000000
0.000000,0.000000,0.000000,0.000000,0.454454,0.000000,0.000000,0.431337,0.000000,0.000000,0.360255,0.000000,0.410039,0.431106,0.431435,0.000000,0.389243,0.000000,0.000000,0.000000,0.358041,0.000000,0.000000,0.000000,0.000000,0.000000,0.316848,0.000000,0.000000,0.000000,0.000000,0.000000,0.000000,0.000000,0.000000,0.000000,0.000000,0.000000,0.000000,0.000000,0.000000,0.000000,0.510727,0.000000,0.000000,0.000000,0.569587,0.000000,0.000000,0.000000,0.486323,0.000000,0.000000,0.000000,0.000000,0.000000,0.384728,0.000000,0.415186,0.000000,0.000000,0.000000,0.379049,0.000000,0.430508,0.000000,0.458062,0.000000,0.000000,0.000000,0.000000,0.000000,0.359893,0.000000,0.000000,0.000000,0.000000,0.000000,0.348905,0.000000,0.405721,0.000000,0.410543,0.000000,0.433317,0.000000,0.000000,0.000000,0.000000,0.000000
0.000000,0.414025,0.000000,0.000000,0.000000,0.423108,0.000000,0.000000,0.000000,0.435544,0.000000,0.318021,0.000000,0.362990,0.000000,0.332268,0.000000,0.362518,0.000000,0.000000,0.000000,0.361320,0.000000,0.000000,0.000000,0.000000,0.000000,0.000000,0.000000,0.000000,0.000000,0.000000,0.000000,0.000000,0.503390,0.000000,0.000000,0.000000,0.000000,0.000000,0.000000,0.000000,0.000000,0.000000,0.000000,0.000000,0.000000,0.000000,0.000000,0.000000,0.609481,0.433196,0.000000,0.000000,0.000000,0.000000,0.000000,0.000000,0.000000,0.428428,0.000000,0.000000,0.000000,0.419727,0.000000,0.000000,0.520564,0.485869,0.000000,0.000000,0.000000,0.000000,0.000000,0.337852,0.591268,0.000000,0.596181,0.000000,0.000000,0.249252,0.541518,0.321062,0.000000,0.269268,0.530698,0.000000,0.000000,0.000000,0.000000,0.000000
0.000000,0.000000,0.000000,0.468664,0.000000,0.000000,0.000000,0.000000,0.000000,0.000000,0.000000,0.000000,0.000000,0.000000,0.379089,0.000000,0.000000,0.000000,0.286940,0.427772,0.350476,0.330298,0.369031,0.451927,0.330606,0.467731,0.321061,0.000000,0.000000,0.000000,0.000000,0.394844,0.436373,0.461522,0.000000,0.000000,0.000000,0.000000,0.000000,0.000000,0.000000,0.000000,0.000000,0.000000,0.000000,0.000000,0.000000,0.000000,0.000000,0.000000,0.000000,0.000000,0.000000,0.000000,0.000000,0.000000,0.000000,0.000000,0.000000,0.000000,0.000000,0.000000,0.000000,0.000000,0.000000,0.000000,0.481644,0.000000,0.000000,0.000000,0.267360,0.000000,0.000000,0.000000,0.000000,0.000000,0.000000,0.000000,0.000000,0.000000,0.000000,0.000000,0.000000,0.000000,0.000000,0.000000,0.000000,0.000000,0.000000,0.000000
0.000000,0.000000,0.485242,0.345435,0.000000,0.000000,0.000000,0.356261,0.000000,0.000000,0.000000,0.000000,0.000000,0.000000,0.404473,0.000000,0.000000,0.000000,0.000000,0.000000,0.000000,0.305192,0.461196,0.363347,0.531140,0.413490,0.547153,0.000000,0.000000,0.000000,0.394844,0.000000,0.000000,0.387613,0.000000,0.000000,0.000000,0.000000,0.000000,0.000000,0.000000,0.000000,0.000000,0.000000,0.000000,0.000000,0.000000,0.000000,0.000000,0.000000,0.000000,0.000000,0.000000,0.000000,0.000000,0.000000,0.000000,0.000000,0.000000,0.000000,0.000000,0.000000,0.000000,0.000000,0.000000,0.000000,0.000000,0.457848,0.000000,0.000000,0.000000,0.277381,0.000000,0.000000,0.000000,0.000000,0.000000,0.000000,0.000000,0.000000,0.000000,0.000000,0.000000,0.000000,0.000000,0.000000,0.000000,0.000000,0.000000,0.000000
0.000000,0.000000,0.000000,0.000000,0.000000,0.000000,0.000000,0.493406,0.000000,0.000000,0.000000,0.000000,0.000000,0.000000,0.000000,0.000000,0.000000,0.000000,0.357977,0.492210,0.000000,0.000000,0.484028,0.000000,0.000000,0.000000,0.000000,0.000000,0.000000,0.000000,0.436373,0.000000,0.000000,0.447978,0.473361,0.444302,0.000000,0.405855,0.000000,0.000000,0.000000,0.000000,0.000000,0.000000,0.000000,0.000000,0.000000,0.000000,0.000000,0.000000,0.000000,0.000000,0.000000,0.000000,0.000000,0.000000,0.394446,0.000000,0.414873,0.000000,0.000000,0.000000,0.000000,0.000000,0.000000,0.000000,0.471218,0.533007,0.387613,0.496533,0.000000,0.000000,0.000000,0.000000,0.000000,0.000000,0.000000,0.000000,0.000000,0.000000,0.000000,0.000000,0.000000,0.000000,0.000000,0.000000,0.000000,0.000000,0.000000,0.000000
0.000000,0.000000,0.000000,0.387733,0.000000,0.000000,0.000000,0.369122,0.000000,0.000000,0.000000,0.000000,0.000000,0.000000,0.000000,0.000000,0.000000,0.000000,0.497656,0.395609,0.000000,0.000000,0.000000,0.416378,0.000000,0.000000,0.000000,0.000000,0.000000,0.000000,0.461522,0.387613,0.447978,0.000000,0.415836,0.493486,0.000000,0.000000,0.000000,0.000000,0.000000,0.000000,0.000000,0.000000,0.000000,0.000000,0.000000,0.000000,0.000000,0.000000,0.000000,0.000000,0.000000,0.000000,0.000000,0.000000,0.000000,0.000000,0.612600,0.000000,0.000000,0.000000,0.000000,0.000000,0.000000,0.000000,0.524780,0.471644,0.504085,0.354301,0.000000,0.000000,0.000000,0.000000,0.000000,0.000000,0.000000,0.000000,0.000000,0.000000,0.000000,0.000000,0.000000,0.000000,0.000000,0.000000,0.000000,0.000000,0.000000,0.000000
0.000000,0.000000,0.000000,0.000000,0.000000,0.000000,0.000000,0.000000,0.000000,0.000000,0.000000,0.000000,0.000000,0.000000,0.000000,0.482787,0.000000,0.000000,0.000000,0.000000,0.000000,0.000000,0.000000,0.000000,0.000000,0.000000,0.000000,0.000000,0.000000,0.503390,0.000000,0.000000,0.473361,0.415836,0.000000,0.440236,0.393241,0.395596,0.000000,0.000000,0.000000,0.000000,0.573778,0.000000,0.576881,0.000000,0.401017,0.000000,0.501928,0.000000,0.000000,0.000000,0.000000,0.000000,0.000000,0.000000,0.000000,0.000000,0.517542,0.000000,0.000000,0.000000,0.000000,0.000000,0.000000,0.000000,0.444632,0.461892,0.000000,0.000000,0.000000,0.000000,0.000000,0.000000,0.000000,0.000000,0.000000,0.000000,0.000000,0.000000,0.000000,0.000000,0.000000,0.000000,0.000000,0.000000,0.000000,0.000000,0.000000,0.000000
0.000000,0.000000,0.000000,0.000000,0.000000,0.000000,0.000000,0.000000,0.000000,0.000000,0.000000,0.000000,0.000000,0.000000,0.000000,0.000000,0.000000,0.000000,0.000000,0.000000,0.000000,0.000000,0.000000,0.000000,0.000000,0.000000,0.000000,0.000000,0.000000,0.000000,0.000000,0.000000,0.444302,0.493486,0.440236,0.000000,0.000000,0.435831,0.000000,0.505235,0.000000,0.000000,0.757795,0.665193,0.642128,0.565040,0.000000,0.000000,0.669282,0.470412,0.000000,0.000000,0.000000,0.000000,0.000000,0.000000,0.000000,0.000000,0.000000,0.000000,0.000000,0.000000,0.000000,0.000000,0.000000,0.000000,0.475398,0.406009,0.000000,0.000000,0.000000,0.000000,0.000000,0.000000,0.000000,0.000000,0.000000,0.361377,0.000000,0.000000,0.000000,0.000000,0.000000,0.000000,0.000000,0.000000,0.000000,0.000000,0.000000,0.000000
0.000000,0.000000,0.000000,0.000000,0.000000,0.000000,0.000000,0.000000,0.000000,0.000000,0.000000,0.000000,0.000000,0.000000,0.000000,0.000000,0.000000,0.000000,0.000000,0.000000,0.000000,0.000000,0.000000,0.000000,0.000000,0.000000,0.000000,0.000000,0.000000,0.000000,0.000000,0.000000,0.000000,0.000000,0.393241,0.000000,0.000000,0.563351,0.356775,0.701927,0.368618,0.000000,0.537203,0.438588,0.540075,0.000000,0.479715,0.000000,0.428190,0.000000,0.499112,0.000000,0.000000,0.000000,0.314524,0.000000,0.000000,0.000000,0.000000,0.000000,0.000000,0.000000,0.000000,0.000000,0.000000,0.000000,0.451340,0.000000,0.000000,0.000000,0.457061,0.000000,0.000000,0.000000,0.000000,0.000000,0.454974,0.000000,0.000000,0.000000,0.000000,0.000000,0.421704,0.000000,0.455521,0.000000,0.418879,0.538385,0.000000,0.000000
0.000000,0.451256,0.000000,0.000000,0.000000,0.000000,0.000000,0.000000,0.000000,0.454998,0.000000,0.000000,0.000000,0.000000,0.000000,0.000000,0.000000,0.000000,0.000000,0.000000,0.000000,0.421979,0.000000,0.000000,0.000000,0.000000,0.000000,0.000000,0.000000,0.000000,0.000000,0.000000,0.405855,0.000000,0.395596,0.435831,0.563351,0.000000,0.000000,0.460953,0.000000,0.348683,0.646240,0.503336,0.000000,0.513861,0.528378,0.506074,0.000000,0.506013,0.000000,0.000000,0.000000,0.000000,0.000000,0.492174,0.000000,0.000000,0.000000,0.000000,0.000000,0.000000,0.000000,0.000000,0.000000,0.000000,0.000000,0.371350,0.000000,0.000000,0.000000,0.000000,0.558799,0.000000,0.000000,0.000000,0.000000,0.499501,0.000000,0.000000,0.000000,0.000000,0.000000,0.388371,0.000000,0.000000,0.000000,0.385618,0.000000,0.433871
0.000000,0.000000,0.502829,0.000000,0.492984,0.000000,0.000000,0.000000,0.000000,0.000000,0.000000,0.000000,0.000000,0.000000,0.000000,0.000000,0.000000,0.000000,0.000000,0.000000,0.000000,0.000000,0.000000,0.000000,0.000000,0.000000,0.000000,0.000000,0.000000,0.000000,0.000000,0.000000,0.000000,0.000000,0.000000,0.000000,0.356775,0.000000,0.000000,0.000000,0.328406,0.000000,0.462032,0.000000,0.000000,0.000000,0.453487,0.000000,0.000000,0.000000,0.465475,0.000000,0.402198,0.000000,0.387645,0.000000,0.000000,0.000000,0.000000,0.000000,0.000000,0.000000,0.000000,0.000000,0.000000,0.000000,0.468538,0.000000,0.000000,0.000000,0.000000,0.000000,0.501518,0.000000,0.000000,0.000000,0.527007,0.000000,0.000000,0.000000,0.000000,0.000000,0.420857,0.000000,0.507488,0.000000,0.403158,0.000000,0.393810,0.000000
0.000000,0.000000,0.000000,0.000000,0.000000,0.000000,0.000000,0.000000,0.000000,0.000000,0.000000,0.000000,0.000000,0.000000,0.000000,0.000000,0.000000,0.000000,0.000000,0.000000,0.000000,0.000000,0.000000,0.000000,0.000000,0.000000,0.000000,0.000000,0.000000,0.000000,0.000000,0.000000,0.000000,0.000000,0.000000,0.505235,0.701927,0.460953,0.000000,0.000000,0.000000,0.289394,0.000000,0.549225,0.000000,0.000000,0.000000,0.447711,0.000000,0.000000,0.000000,0.000000,0.000000,0.000000,0.000000,0.401881,0.000000,0.000000,0.000000,0.000000,0.000000,0.000000,0.000000,0.000000,0.000000,0.000000,0.000000,0.548217,0.000000,0.000000,0.000000,0.000000,0.589238,0.000000,0.000000,0.000000,0.000000,0.508691,0.000000,0.000000,0.000000,0.000000,0.000000,0.463720,0.000000,0.485943,0.000000,0.420778,0.000000,0.489031
0.000000,0.000000,0.000000,0.000000,0.419066,0.000000,0.000000,0.000000,0.000000,0.000000,0.000000,0.000000,0.000000,0.000000,0.000000,0.000000,0.000000,0.000000,0.000000,0.000000,0.366174,0.000000,0.000000,0.000000,0.000000,0.000000,0.303072,0.000000,0.000000,0.000000,0.000000,0.000000,0.000000,0.000000,0.000000,0.000000,0.368618,0.000000,0.328406,0.000000,0.000000,0.000000,0.000000,0.000000,0.000000,0.000000,0.455387,0.000000,0.000000,0.000000,0.526455,0.000000,0.000000,0.000000,0.000000,0.000000,0.000000,0.000000,0.000000,0.000000,0.000000,0.000000,0.000000,0.000000,0.000000,0.000000,0.000000,0.000000,0.000000,0.000000,0.438977,0.000000,0.388132,0.000000,0.000000,0.000000,0.488983,0.000000,0.000000,0.000000,0.000000,0.000000,0.411931,0.000000,0.000000,0.000000,0.434515,0.000000,0.000000,0.000000
0.000000,0.000000,0.000000,0.000000,0.000000,0.000000,0.000000,0.000000,0.000000,0.000000,0.000000,0.000000,0.000000,0.000000,0.000000,0.000000,0.000000,0.000000,0.000000,0.000000,0.000000,0.000000,0.000000,0.000000,0.000000,0.000000,0.000000,0.000000,0.000000,0.000000,0.000000,0.000000,0.000000,0.000000,0.000000,0.000000,0.000000,0.348683,0.000000,0.289394,0.000000,0.000000,0.000000,0.000000,0.000000,0.000000,0.000000,0.428830,0.000000,0.000000,0.000000,0.000000,0.000000,0.000000,0.000000,0.344197,0.000000,0.000000,0.000000,0.000000,0.000000,0.000000,0.000000,0.000000,0.000000,0.000000,0.000000,0.000000,0.000000,0.000000,0.000000,0.000000,0.000000,0.000000,0.000000,0.000000,0.000000,0.000000,0.000000,0.000000,0.000000,0.000000,0.000000,0.392596,0.000000,0.000000,0.000000,0.408428,0.000000,0.000000
0.000000,0.000000,0.511614,0.000000,0.000000,0.000000,0.000000,0.000000,0.000000,0.000000,0.000000,0.000000,0.000000,0.000000,0.527334,0.000000,0.000000,0.000000,0.000000,0.000000,0.000000,0.000000,0.000000,0.000000,0.000000,0.000000,0.000000,0.000000,0.510727,0.000000,0.000000,0.000000,0.000000,0.000000,0.573778,0.757795,0.537203,0.646240,0.462032,0.000000,0.000000,0.000000,0.000000,0.486690,0.392947,0.616686,0.395880,0.000000,0.399623,0.000000,0.334424,0.000000,0.295128,0.000000,0.296463,0.000000,0.000000,0.000000,0.000000,0.000000,0.000000,0.000000,0.000000,0.000000,0.000000,0.000000,0.412225,0.000000,0.000000,0.000000,0.000000,0.000000,0.542821,0.000000,0.000000,0.000000,0.000000,0.000000,0.000000,0.000000,0.530756,0.000000,0.517839,0.000000,0.545040,0.000000,0.000000,0.000000,0.553389,0.000000
0.000000,0.000000,0.000000,0.000000,0.000000,0.000000,0.000000,0.000000,0.000000,0.492347,0.000000,0.000000,0.000000,0.000000,0.000000,0.000000,0.000000,0.000000,0.000000,0.000000,0.000000,0.000000,0.000000,0.000000,0.000000,0.000000,0.000000,0.000000,0.000000,0.000000,0.000000,0.000000,0.000000,0.000000,0.000000,0.665193,0.438588,0.503336,0.000000,0.549225,0.000000,0.000000,0.486690,0.000000,0.614979,0.400202,0.000000,0.406771,0.000000,0.451935,0.000000,0.321798,0.000000,0.377895,0.000000,0.439345,0.000000,0.000000,0.000000,0.000000,0.000000,0.000000,0.000000,0.000000,0.000000,0.000000,0.488288,0.499698,0.000000,0.000000,0.000000,0.000000,0.000000,0.507106,0.000000,0.000000,0.000000,0.000000,0.000000,0.000000,0.000000,0.477816,0.000000,0.000000,0.000000,0.574848,0.000000,0.509049,0.000000,0.615315
0.000000,0.000000,0.000000,0.000000,0.000000,0.000000,0.000000,0.000000,0.000000,0.000000,0.000000,0.000000,0.000000,0.000000,0.000000,0.000000,0.000000,0.000000,0.000000,0.000000,0.000000,0.000000,0.000000,0.000000,0.000000,0.000000,0.000000,0.000000,0.000000,0.000000,0.000000,0.000000,0.000000,0.000000,0.576881,0.642128,0.540075,0.000000,0.000000,0.000000,0.000000,0.000000,0.392947,0.614979,0.000000,0.618180,0.397191,0.000000,0.359018,0.671721,0.442425,0.000000,0.000000,0.000000,0.000000,0.000000,0.000000,0.000000,0.374434,0.000000,0.000000,0.000000,0.000000,0.000000,0.000000,0.000000,0.398483,0.560940,0.000000,0.000000,0.000000,0.000000,0.000000,0.000000,0.000000,0.000000,0.000000,0.000000,0.000000,0.000000,0.000000,0.000000,0.000000,0.000000,0.000000,0.000000,0.000000,0.000000,0.000000,0.000000
0.000000,0.000000,0.000000,0.000000,0.000000,0.000000,0.000000,0.000000,0.000000,0.547247,0.000000,0.000000,0.000000,0.000000,0.000000,0.541906,0.000000,0.000000,0.000000,0.000000,0.000000,0.000000,0.000000,0.000000,0.000000,0.000000,0.000000,0.000000,0.000000,0.000000,0.000000,0.000000,0.000000,0.000000,0.000000,0.565040,0.000000,0.513861,0.000000,0.000000,0.000000,0.000000,0.616686,0.400202,0.618180,0.000000,0.000000,0.521690,0.622306,0.347934,0.000000,0.352661,0.000000,0.000000,0.000000,0.476980,0.000000,0.000000,0.000000,0.370227,0.000000,0.000000,0.000000,0.000000,0.000000,0.000000,0.317441,0.451856,0.000000,0.000000,0.000000,0.000000,0.000000,0.542522,0.000000,0.000000,0.000000,0.000000,0.000000,0.000000,0.000000,0.529566,0.000000,0.504781,0.000000,0.530443,0.000000,0.516913,0.000000,0.563344
0.000000,0.000000,0.523067,0.000000,0.000000,0.000000,0.512188,0.000000,0.000000,0.000000,0.000000,0.000000,0.507215,0.000000,0.528416,0.000000,0.000000,0.000000,0.000000,0.000000,0.000000,0.000000,0.000000,0.000000,0.000000,0.000000,0.000000,0.000000,0.569587,0.000000,0.000000,0.000000,0.000000,0.000000,0.401017,0.000000,0.479715,0.528378,0.453487,0.000000,0.455387,0.000000,0.395880,0.000000,0.397191,0.000000,0.000000,0.316568,0.394432,0.000000,0.363602,0.000000,0.346280,0.000000,0.350402,0.000000,0.000000,0.000000,0.000000,0.000000,0.000000,0.000000,0.000000,0.000000,0.000000,0.000000,0.425022,0.000000,0.000000,0.000000,0.000000,0.000000,0.533348,0.000000,0.000000,0.000000,0.466540,0.000000,0.000000,0.000000,0.534140,0.000000,0.538430,0.550948,0.562947,0.000000,0.000000,0.547447,0.546339,0.000000
0.000000,0.000000,0.000000,0.000000,0.000000,0.528424,0.000000,0.000000,0.000000,0.509055,0.000000,0.000000,0.000000,0.000000,0.000000,0.549022,0.000000,0.000000,0.000000,0.000000,0.000000,0.000000,0.000000,0.000000,0.000000,0.000000,0.000000,0.000000,0.000000,0.000000,0.000000,0.000000,0.000000,0.000000,0.000000,0.000000,0.000000,0.506074,0.000000,0.447711,0.000000,0.428830,0.000000,0.406771,0.000000,0.521690,0.316568,0.000000,0.000000,0.348529,0.000000,0.393128,0.000000,0.352349,0.000000,0.399856,0.000000,0.000000,0.000000,0.000000,0.000000,0.000000,0.000000,0.000000,0.000000,0.000000,0.000000,0.419379,0.000000,0.000000,0.000000,0.000000,0.000000,0.000000,0.000000,0.000000,0.000000,0.000000,0.000000,0.000000,0.000000,0.000000,0.000000,0.511304,0.000000,0.538285,0.000000,0.530262,0.000000,0.584514
0.000000,0.000000,0.000000,0.000000,0.000000,0.000000,0.000000,0.000000,0.000000,0.000000,0.000000,0.000000,0.000000,0.000000,0.000000,0.000000,0.000000,0.000000,0.000000,0.000000,0.000000,0.000000,0.000000,0.000000,0.000000,0.000000,0.000000,0.000000,0.000000,0.000000,0.000000,0.000000,0.000000,0.000000,0.501928,0.669282,0.428190,0.000000,0.000000,0.000000,0.000000,0.000000,0.399623,0.000000,0.359018,0.622306,0.394432,0.000000,0.000000,0.608105,0.435352,0.610125,0.385588,0.000000,0.000000,0.000000,0.000000,0.000000,0.392439,0.584751,0.469906,0.000000,0.000000,0.000000,0.000000,0.000000,0.386287,0.598941,0.000000,0.000000,0.000000,0.000000,0.000000,0.000000,0.000000,0.000000,0.496898,0.000000,0.000000,0.000000,0.000000,0.628149,0.476178,0.000000,0.499708,0.615449,0.478108,0.000000,0.000000,0.000000
