0.000000,0.571284,0.431309,0.000000,0.000000,0.000000,0.413477,0.000000,0.000000,0.000000,0.404849,0.000000,0.397153,0.000000,0.000000,0.000000,0.393187,0.000000,0.404969,0.550837,0.000000,0.000000,0.000000,0.000000,0.000000,0.000000,0.000000,0.000000,0.439837,0.000000,0.000000,0.000000,0.000000,0.000000,0.000000,0.000000,0.512211,0.000000,0.000000,0.000000,0.000000,0.000000,0.000000,0.000000,0.000000,0.000000,0.000000,0.000000,0.000000,0.000000,0.000000,0.000000,0.000000,0.000000,0.000000,0.000000,0.437111,0.000000,0.436253,0.000000,0.456845,0.000000,0.440211,0.000000,0.000000,0.000000,0.000000,0.000000,0.376400,0.000000,0.000000,0.000000,0.442435,0.000000,0.000000,0.000000,0.000000,0.000000,0.000000,0.000000,0.000000,0.000000,0.000000,0.000000,0.000000,0.000000,0.000000,0.000000,0.000000,0.000000
0.571284,0.000000,0.000000,0.419313,0.000000,0.000000,0.000000,0.430540,0.000000,0.000000,0.000000,0.448240,0.000000,0.000000,0.000000,0.000000,0.000000,0.361766,0.000000,0.504178,0.000000,0.000000,0.000000,0.448747,0.000000,0.000000,0.000000,0.000000,0.000000,0.422499,0.000000,0.000000,0.000000,0.575490,0.000000,0.000000,0.000000,0.558009,0.000000,0.000000,0.000000,0.000000,0.000000,0.000000,0.000000,0.000000,0.000000,0.000000,0.000000,0.000000,0.000000,0.000000,0.000000,0.000000,0.000000,0.000000,0.578824,0.447752,0.578803,0.422548,0.000000,0.460779,0.000000,0.461784,0.000000,0.466292,0.000000,0.628270,0.575712,0.459337,0.000000,0.000000,0.511838,0.408488,0.000000,0.537785,0.523227,0.476185,0.000000,0.000000,0.000000,0.439703,0.000000,0.000000,0.000000,0.508159,0.000000,0.000000,0.000000,0.503873
0.431309,0.000000,0.000000,0.516916,0.301211,0.000000,0.399670,0.000000,0.370446,0.000000,0.415990,0.000000,0.380792,0.000000,0.386601,0.000000,0.376856,0.000000,0.368159,0.000000,0.000000,0.000000,0.304534,0.484041,0.329830,0.000000,0.000000,0.000000,0.374967,0.000000,0.000000,0.000000,0.000000,0.000000,0.000000,0.000000,0.000000,0.000000,0.000000,0.000000,0.000000,0.000000,0.494392,0.000000,0.000000,0.592327,0.000000,0.000000,0.000000,0.605613,0.527199,0.000000,0.000000,0.000000,0.000000,0.000000,0.000000,0.000000,0.000000,0.492012,0.000000,0.000000,0.000000,0.000000,0.000000,0.000000,0.000000,0.544475,0.000000,0.000000,0.000000,0.000000,0.424721,0.000000,0.435207,0.000000,0.000000,0.000000,0.000000,0.000000,0.000000,0.000000,0.475137,0.000000,0.000000,0.000000,0.000000,0.000000,0.000000,0.000000
0.000000,0.419313,0.516916,0.000000,0.608716,0.316605,0.000000,0.392937,0.000000,0.000000,0.000000,0.418738,0.000000,0.364007,0.000000,0.323284,0.000000,0.420030,0.566275,0.437720,0.000000,0.000000,0.494683,0.362918,0.562082,0.000000,0.000000,0.000000,0.000000,0.000000,0.539332,0.305346,0.000000,0.335633,0.000000,0.000000,0.000000,0.000000,0.000000,0.000000,0.000000,0.000000,0.000000,0.533714,0.000000,0.000000,0.000000,0.518352,0.000000,0.504691,0.000000,0.482425,0.000000,0.000000,0.000000,0.000000,0.000000,0.000000,0.000000,0.494831,0.000000,0.000000,0.000000,0.000000,0.000000,0.000000,0.000000,0.449660,0.545977,0.000000,0.000000,0.000000,0.496257,0.420309,0.000000,0.414808,0.000000,0.447147,0.000000,0.000000,0.000000,0.000000,0.000000,0.000000,0.000000,0.000000,0.000000,0.000000,0.000000,0.000000
0.000000,0.000000,0.301211,0.608716,0.000000,0.566050,0.000000,0.000000,0.344312,0.000000,0.000000,0.000000,0.000000,0.000000,0.433939,0.000000,0.000000,0.000000,0.000000,0.000000,0.289170,0.539748,0.000000,0.563202,0.299991,0.546587,0.377382,0.574152,0.422681,0.000000,0.398617,0.000000,0.000000,0.000000,0.000000,0.000000,0.000000,0.612422,0.000000,0.000000,0.000000,0.000000,0.524571,0.000000,0.530506,0.000000,0.529751,0.000000,0.000000,0.000000,0.548121,0.564814,0.000000,0.000000,0.484815,0.000000,0.000000,0.000000,0.000000,0.545297,0.000000,0.000000,0.000000,0.000000,0.000000,0.000000,0.500070,0.563692,0.000000,0.000000,0.432857,0.386343,0.438856,0.000000,0.434693,0.000000,0.422806,0.602031,0.000000,0.000000,0.000000,0.000000,0.465015,0.000000,0.000000,0.000000,0.000000,0.000000,0.482303,0.000000
0.000000,0.000000,0.000000,0.316605,0.566050,0.000000,0.000000,0.000000,0.000000,0.357320,0.000000,0.000000,0.000000,0.000000,0.000000,0.308309,0.000000,0.000000,0.000000,0.000000,0.000000,0.302925,0.484514,0.523581,0.569503,0.364943,0.546049,0.337800,0.000000,0.307601,0.000000,0.411570,0.000000,0.000000,0.000000,0.000000,0.000000,0.490532,0.000000,0.507592,0.000000,0.000000,0.000000,0.535660,0.000000,0.000000,0.000000,0.498468,0.000000,0.500434,0.000000,0.000000,0.000000,0.000000,0.000000,0.000000,0.000000,0.000000,0.000000,0.000000,0.000000,0.000000,0.000000,0.000000,0.000000,0.000000,0.000000,0.000000,0.000000,0.000000,0.000000,0.393102,0.564436,0.429761,0.000000,0.383487,0.557605,0.408516,0.000000,0.000000,0.000000,0.000000,0.000000,0.439084,0.000000,0.000000,0.000000,0.451867,0.000000,0.000000
0.413477,0.000000,0.399670,0.000000,0.000000,0.000000,0.000000,0.000000,0.000000,0.000000,0.418876,0.000000,0.392844,0.000000,0.000000,0.000000,0.000000,0.000000,0.406940,0.000000,0.000000,0.000000,0.414092,0.000000,0.000000,0.000000,0.000000,0.000000,0.000000,0.000000,0.000000,0.000000,0.000000,0.000000,0.000000,0.000000,0.000000,0.000000,0.000000,0.000000,0.000000,0.000000,0.000000,0.000000,0.000000,0.000000,0.000000,0.000000,0.000000,0.000000,0.000000,0.000000,0.000000,0.000000,0.000000,0.000000,0.456867,0.000000,0.000000,0.000000,0.000000,0.000000,0.000000,0.000000,0.000000,0.000000,0.000000,0.000000,0.000000,0.000000,0.000000,0.000000,0.000000,0.000000,0.000000,0.000000,0.000000,0.000000,0.000000,0.000000,0.000000,0.000000,0.000000,0.000000,0.000000,0.000000,0.000000,0.000000,0.000000,0.000000
0.000000,0.430540,0.000000,0.392937,0.000000,0.000000,0.000000,0.000000,0.000000,0.240992,0.000000,0.444704,0.000000,0.415281,0.000000,0.000000,0.000000,0.000000,0.000000,0.000000,0.000000,0.000000,0.000000,0.000000,0.000000,0.000000,0.000000,0.000000,0.000000,0.000000,0.000000,0.000000,0.000000,0.000000,0.000000,0.000000,0.000000,0.000000,0.000000,0.000000,0.000000,0.000000,0.000000,0.000000,0.000000,0.000000,0.000000,0.000000,0.000000,0.000000,0.000000,0.000000,0.000000,0.000000,0.000000,0.000000,0.000000,0.427571,0.000000,0.000000,0.000000,0.000000,0.000000,0.000000,0.000000,0.000000,0.000000,0.000000,0.000000,0.000000,0.000000,0.000000,0.000000,0.369823,0.000000,0.000000,0.000000,0.000000,0.000000,0.000000,0.000000,0.000000,0.000000,0.000000,0.000000,0.000000,0.000000,0.000000,0.000000,0.000000
0.000000,0.000000,0.370446,0.000000,0.344312,0.000000,0.000000,0.000000,0.000000,0.000000,0.000000,0.000000,0.000000,0.000000,0.386499,0.000000,0.000000,0.000000,0.000000,0.000000,0.000000,0.000000,0.000000,0.000000,0.000000,0.000000,0.000000,0.000000,0.418694,0.000000,0.000000,0.000000,0.000000,0.000000,0.000000,0.000000,0.000000,0.601792,0.000000,0.000000,0.000000,0.000000,0.511012,0.000000,0.000000,0.000000,0.508838,0.000000,0.000000,0.598397,0.000000,0.572127,0.000000,0.000000,0.000000,0.000000,0.000000,0.000000,0.000000,0.537570,0.000000,0.000000,0.000000,0.000000,0.000000,0.000000,0.491996,0.542427,0.000000,0.000000,0.000000,0.000000,0.425590,0.000000,0.000000,0.000000,0.000000,0.592401,0.000000,0.000000,0.000000,0.000000,0.468626,0.000000,0.000000,0.000000,0.498505,0.000000,0.000000,0.000000
0.000000,0.000000,0.000000,0.000000,0.000000,0.357320,0.000000,0.240992,0.000000,0.000000,0.000000,0.000000,0.000000,0.380490,0.000000,0.317642,0.000000,0.000000,0.000000,0.000000,0.000000,0.000000,0.000000,0.000000,0.000000,0.000000,0.000000,0.000000,0.000000,0.000000,0.000000,0.000000,0.000000,0.000000,0.000000,0.000000,0.000000,0.000000,0.000000,0.000000,0.000000,0.000000,0.000000,0.535900,0.000000,0.000000,0.000000,0.523301,0.000000,0.501479,0.000000,0.000000,0.000000,0.000000,0.000000,0.509322,0.000000,0.000000,0.000000,0.000000,0.000000,0.000000,0.000000,0.000000,0.000000,0.000000,0.000000,0.462521,0.000000,0.000000,0.000000,0.000000,0.000000,0.396662,0.000000,0.369635,0.000000,0.434952,0.000000,0.000000,0.000000,0.000000,0.000000,0.460077,0.000000,0.000000,0.000000,0.456493,0.000000,0.000000
0.404849,0.000000,0.415990,0.000000,0.000000,0.000000,0.418876,0.000000,0.000000,0.000000,0.000000,0.000000,0.396508,0.000000,0.000000,0.000000,0.423732,0.000000,0.449392,0.000000,0.000000,0.000000,0.445178,0.000000,0.000000,0.000000,0.000000,0.000000,0.412295,0.000000,0.000000,0.000000,0.438590,0.000000,0.000000,0.000000,0.000000,0.000000,0.000000,0.000000,0.000000,0.000000,0.488947,0.000000,0.000000,0.000000,0.000000,0.000000,0.000000,0.000000,0.511055,0.000000,0.000000,0.000000,0.000000,0.000000,0.386515,0.000000,0.000000,0.000000,0.468715,0.000000,0.470195,0.000000,0.000000,0.000000,0.000000,0.000000,0.000000,0.000000,0.000000,0.000000,0.000000,0.000000,0.000000,0.000000,0.000000,0.000000,0.000000,0.000000,0.000000,0.000000,0.352942,0.000000,0.000000,0.000000,0.000000,0.000000,0.000000,0.000000
0.000000,0.448240,0.000000,0.418738,0.000000,0.000000,0.000000,0.444704,0.000000,0.000000,0.000000,0.000000,0.000000,0.359312,0.000000,0.351100,0.000000,0.385765,0.000000,0.000000,0.000000,0.000000,0.000000,0.408235,0.000000,0.000000,0.000000,0.000000,0.000000,0.398857,0.000000,0.000000,0.000000,0.436239,0.000000,0.000000,0.000000,0.000000,0.000000,0.000000,0.000000,0.000000,0.000000,0.000000,0.000000,0.000000,0.000000,0.000000,0.000000,0.000000,0.000000,0.000000,0.000000,0.000000,0.000000,0.000000,0.000000,0.000000,0.000000,0.000000,0.000000,0.000000,0.000000,0.000000,0.000000,0.000000,0.493229,0.000000,0.000000,0.000000,0.000000,0.000000,0.510249,0.404186,0.000000,0.000000,0.000000,0.000000,0.000000,0.000000,0.000000,0.447791,0.000000,0.395472,0.000000,0.000000,0.000000,0.000000,0.000000,0.000000
0.397153,0.000000,0.380792,0.000000,0.000000,0.000000,0.392844,0.000000,0.000000,0.000000,0.396508,0.000000,0.000000,0.000000,0.363521,0.000000,0.429213,0.000000,0.387983,0.000000,0.000000,0.000000,0.352568,0.000000,0.000000,0.000000,0.000000,0.000000,0.423626,0.000000,0.000000,0.000000,0.000000,0.000000,0.000000,0.000000,0.000000,0.000000,0.000000,0.000000,0.000000,0.000000,0.000000,0.000000,0.000000,0.000000,0.000000,0.000000,0.000000,0.000000,0.000000,0.536094,0.000000,0.000000,0.000000,0.000000,0.000000,0.000000,0.000000,0.514480,0.000000,0.000000,0.000000,0.000000,0.000000,0.000000,0.000000,0.000000,0.000000,0.000000,0.000000,0.000000,0.413089,0.000000,0.000000,0.000000,0.000000,0.000000,0.000000,0.000000,0.000000,0.000000,0.493081,0.000000,0.000000,0.000000,0.000000,0.000000,0.000000,0.000000
0.000000,0.000000,0.000000,0.364007,0.000000,0.000000,0.000000,0.415281,0.000000,0.380490,0.000000,0.359312,0.000000,0.000000,0.000000,0.347520,0.000000,0.000000,0.000000,0.000000,0.000000,0.000000,0.000000,0.391089,0.000000,0.000000,0.000000,0.000000,0.000000,0.395480,0.000000,0.000000,0.000000,0.424109,0.000000,0.550276,0.000000,0.000000,0.000000,0.000000,0.000000,0.000000,0.000000,0.547393,0.000000,0.513446,0.000000,0.544668,0.000000,0.524523,0.000000,0.499733,0.000000,0.000000,0.000000,0.000000,0.000000,0.000000,0.000000,0.488387,0.000000,0.000000,0.000000,0.000000,0.000000,0.000000,0.483901,0.474064,0.000000,0.000000,0.000000,0.000000,0.513670,0.427784,0.000000,0.000000,0.000000,0.574051,0.000000,0.000000,0.000000,0.450407,0.000000,0.000000,0.000000,0.000000,0.000000,0.000000,0.000000,0.000000
0.000000,0.000000,0.386601,0.000000,0.433939,0.000000,0.000000,0.000000,0.386499,0.000000,0.000000,0.000000,0.363521,0.000000,0.000000,0.000000,0.000000,0.000000,0.000000,0.000000,0.373409,0.000000,0.384443,0.000000,0.375994,0.000000,0.386130,0.000000,0.426105,0.000000,0.488259,0.000000,0.000000,0.000000,0.000000,0.000000,0.000000,0.000000,0.374856,0.000000,0.000000,0.000000,0.000000,0.000000,0.000000,0.000000,0.000000,0.000000,0.000000,0.000000,0.000000,0.000000,0.000000,0.000000,0.000000,0.000000,0.000000,0.000000,0.000000,0.000000,0.000000,0.000000,0.000000,0.000000,0.000000,0.000000,0.000000,0.000000,0.000000,0.000000,0.000000,0.000000,0.000000,0.000000,0.000000,0.000000,0.000000,0.000000,0.000000,0.000000,0.000000,0.000000,0.454356,0.000000,0.000000,0.000000,0.000000,0.000000,0.000000,0.000000
0.000000,0.000000,0.000000,0.323284,0.000000,0.308309,0.000000,0.000000,0.000000,0.317642,0.000000,0.351100,0.000000,0.347520,0.000000,0.000000,0.000000,0.000000,0.000000,0.000000,0.000000,0.316152,0.000000,0.000000,0.000000,0.345705,0.000000,0.295742,0.000000,0.393932,0.000000,0.000000,0.000000,0.000000,0.000000,0.000000,0.000000,0.000000,0.000000,0.241548,0.000000,0.000000,0.000000,0.538879,0.000000,0.000000,0.000000,0.528345,0.000000,0.529192,0.000000,0.000000,0.000000,0.000000,0.000000,0.518437,0.000000,0.000000,0.000000,0.528210,0.000000,0.000000,0.000000,0.000000,0.000000,0.000000,0.000000,0.000000,0.000000,0.000000,0.000000,0.000000,0.000000,0.414097,0.000000,0.000000,0.000000,0.000000,0.000000,0.000000,0.000000,0.000000,0.000000,0.440004,0.000000,0.000000,0.000000,0.000000,0.000000,0.000000
0.393187,0.000000,0.376856,0.000000,0.000000,0.000000,0.000000,0.000000,0.000000,0.000000,0.423732,0.000000,0.429213,0.000000,0.000000,0.000000,0.000000,0.000000,0.448888,0.000000,0.000000,0.000000,0.432452,0.000000,0.000000,0.000000,0.000000,0.000000,0.413669,0.000000,0.000000,0.000000,0.435229,0.000000,0.000000,0.000000,0.000000,0.000000,0.000000,0.000000,0.000000,0.000000,0.000000,0.000000,0.000000,0.000000,0.000000,0.000000,0.000000,0.000000,0.000000,0.000000,0.000000,0.000000,0.000000,0.000000,0.412709,0.000000,0.000000,0.000000,0.000000,0.000000,0.398216,0.000000,0.000000,0.000000,0.000000,0.000000,0.000000,0.000000,0.000000,0.000000,0.432379,0.000000,0.000000,0.000000,0.000000,0.000000,0.305703,0.000000,0.389746,0.000000,0.314149,0.000000,0.448817,0.000000,0.000000,0.000000,0.000000,0.000000
0.000000,0.361766,0.000000,0.420030,0.000000,0.000000,0.000000,0.000000,0.000000,0.000000,0.000000,0.385765,0.000000,0.000000,0.000000,0.000000,0.000000,0.000000,0.000000,0.000000,0.000000,0.000000,0.000000,0.000000,0.000000,0.000000,0.000000,0.000000,0.000000,0.391615,0.000000,0.000000,0.000000,0.000000,0.000000,0.000000,0.000000,0.000000,0.000000,0.000000,0.000000,0.000000,0.000000,0.000000,0.000000,0.000000,0.000000,0.000000,0.000000,0.000000,0.000000,0.000000,0.000000,0.000000,0.000000,0.000000,0.000000,0.363823,0.000000,0.000000,0.000000,0.435078,0.000000,0.415056,0.000000,0.000000,0.000000,0.000000,0.000000,0.000000,0.000000,0.000000,0.507854,0.412489,0.000000,0.000000,0.000000,0.000000,0.000000,0.278062,0.000000,0.432213,0.000000,0.269793,0.000000,0.480193,0.000000,0.000000,0.000000,0.477403
0.404969,0.000000,0.368159,0.566275,0.000000,0.000000,0.406940,0.000000,0.000000,0.000000,0.449392,0.000000,0.387983,0.000000,0.000000,0.000000,0.448888,0.000000,0.000000,0.545816,0.000000,0.000000,0.381784,0.544546,0.000000,0.000000,0.000000,0.000000,0.454413,0.000000,0.405073,0.000000,0.358676,0.000000,0.000000,0.000000,0.000000,0.000000,0.000000,0.000000,0.000000,0.000000,0.000000,0.000000,0.000000,0.000000,0.000000,0.000000,0.000000,0.000000,0.000000,0.000000,0.000000,0.000000,0.000000,0.000000,0.473215,0.579257,0.493418,0.503312,0.000000,0.000000,0.000000,0.000000,0.000000,0.000000,0.455497,0.520485,0.346949,0.000000,0.000000,0.000000,0.472813,0.530754,0.463582,0.000000,0.000000,0.597886,0.000000,0.000000,0.000000,0.000000,0.000000,0.000000,0.000000,0.000000,0.000000,0.000000,0.000000,0.000000
0.550837,0.504178,0.000000,0.437720,0.000000,0.000000,0.000000,0.000000,0.000000,0.000000,0.000000,0.000000,0.000000,0.000000,0.000000,0.000000,0.000000,0.000000,0.545816,0.000000,0.000000,0.000000,0.000000,0.494509,0.000000,0.000000,0.000000,0.000000,0.000000,0.000000,0.000000,0.000000,0.546220,0.382620,0.000000,0.506100,0.000000,0.000000,0.000000,0.000000,0.000000,0.000000,0.000000,0.000000,0.000000,0.000000,0.000000,0.000000,0.000000,0.000000,0.000000,0.000000,0.000000,0.000000,0.000000,0.000000,0.000000,0.580936,0.000000,0.000000,0.000000,0.000000,0.000000,0.000000,0.000000,0.000000,0.491649,0.402073,0.546738,0.402813,0.534615,0.497505,0.552901,0.428349,0.000000,0.437567,0.541278,0.519737,0.000000,0.000000,0.000000,0.000000,0.000000,0.000000,0.000000,0.000000,0.000000,0.000000,0.000000,0.000000
0.000000,0.000000,0.000000,0.000000,0.289170,0.000000,0.000000,0.000000,0.000000,0.000000,0.000000,0.000000,0.000000,0.000000,0.373409,0.000000,0.000000,0.000000,0.000000,0.000000,0.000000,0.321530,0.000000,0.000000,0.354701,0.000000,0.289894,0.000000,0.340438,0.000000,0.365270,0.000000,0.000000,0.000000,0.000000,0.000000,0.000000,0.000000,0.370177,0.000000,0.376772,0.000000,0.541502,0.000000,0.000000,0.000000,0.000000,0.000000,0.000000,0.000000,0.516845,0.573191,0.000000,0.000000,0.000000,0.000000,0.000000,0.000000,0.000000,0.550776,0.000000,0.000000,0.000000,0.000000,0.000000,0.000000,0.527420,0.000000,0.000000,0.000000,0.280944,0.313432,0.245789,0.000000,0.000000,0.000000,0.000000,0.609544,0.000000,0.000000,0.000000,0.000000,0.351190,0.000000,0.000000,0.000000,0.000000,0.000000,0.000000,0.000000
0.000000,0.000000,0.000000,0.000000,0.539748,0.302925,0.000000,0.000000,0.000000,0.000000,0.000000,0.000000,0.000000,0.000000,0.000000,0.316152,0.000000,0.000000,0.000000,0.000000,0.321530,0.000000,0.000000,0.359234,0.000000,0.367862,0.502184,0.302323,0.000000,0.242290,0.355764,0.377329,0.000000,0.498233,0.000000,0.000000,0.000000,0.000000,0.000000,0.000000,0.000000,0.000000,0.000000,0.000000,0.000000,0.000000,0.000000,0.000000,0.000000,0.000000,0.000000,0.000000,0.000000,0.000000,0.000000,0.000000,0.000000,0.000000,0.000000,0.000000,0.000000,0.000000,0.000000,0.000000,0.000000,0.000000,0.000000,0.516564,0.000000,0.000000,0.238935,0.275741,0.000000,0.000000,0.000000,0.000000,0.000000,0.000000,0.000000,0.000000,0.000000,0.000000,0.000000,0.300569,0.000000,0.000000,0.000000,0.327195,0.000000,0.000000
0.000000,0.000000,0.304534,0.494683,0.000000,0.484514,0.414092,0.000000,0.000000,0.000000,0.445178,0.000000,0.352568,0.000000,0.384443,0.000000,0.432452,0.000000,0.381784,0.000000,0.000000,0.000000,0.000000,0.507490,0.359932,0.493082,0.369012,0.000000,0.415823,0.000000,0.338935,0.478276,0.370127,0.478093,0.490341,0.000000,0.000000,0.000000,0.000000,0.000000,0.000000,0.000000,0.502507,0.000000,0.000000,0.600579,0.000000,0.000000,0.000000,0.579512,0.513612,0.527597,0.517605,0.000000,0.485499,0.000000,0.000000,0.000000,0.443077,0.521356,0.433256,0.000000,0.000000,0.000000,0.000000,0.000000,0.479506,0.526396,0.000000,0.000000,0.000000,0.000000,0.423926,0.000000,0.421345,0.000000,0.000000,0.588293,0.000000,0.000000,0.441377,0.000000,0.464490,0.000000,0.453419,0.000000,0.000000,0.000000,0.000000,0.000000
0.000000,0.448747,0.484041,0.362918,0.563202,0.523581,0.000000,0.000000,0.000000,0.000000,0.000000,0.408235,0.000000,0.391089,0.000000,0.000000,0.000000,0.000000,0.544546,0.494509,0.000000,0.359234,0.507490,0.000000,0.536616,0.336604,0.000000,0.000000,0.502595,0.000000,0.506876,0.339536,0.482199,0.382583,0.000000,0.000000,0.000000,0.553612,0.000000,0.000000,0.000000,0.000000,0.000000,0.000000,0.000000,0.000000,0.000000,0.000000,0.000000,0.000000,0.000000,0.543796,0.000000,0.000000,0.000000,0.000000,0.000000,0.569511,0.000000,0.000000,0.000000,0.000000,0.000000,0.000000,0.000000,0.000000,0.511899,0.488821,0.546734,0.000000,0.000000,0.000000,0.531135,0.396596,0.000000,0.000000,0.519047,0.000000,0.000000,0.000000,0.000000,0.000000,0.000000,0.000000,0.000000,0.000000,0.000000,0.000000,0.000000,0.000000
0.000000,0.000000,0.329830,0.562082,0.299991,0.569503,0.000000,0.000000,0.000000,0.000000,0.000000,0.000000,0.000000,0.000000,0.375994,0.000000,0.000000,0.000000,0.000000,0.000000,0.354701,0.000000,0.359932,0.536616,0.000000,0.562643,0.359415,0.576909,0.000000,0.000000,0.368620,0.000000,0.000000,0.000000,0.000000,0.520091,0.000000,0.623065,0.000000,0.000000,0.000000,0.000000,0.524865,0.000000,0.000000,0.520978,0.520266,0.000000,0.000000,0.595461,0.000000,0.570211,0.000000,0.000000,0.483037,0.000000,0.000000,0.000000,0.000000,0.544811,0.000000,0.000000,0.000000,0.000000,0.000000,0.000000,0.489762,0.554287,0.000000,0.000000,0.453565,0.000000,0.436687,0.000000,0.434166,0.000000,0.000000,0.594491,0.000000,0.000000,0.000000,0.000000,0.474731,0.000000,0.000000,0.000000,0.000000,0.000000,0.000000,0.000000
0.000000,0.000000,0.000000,0.000000,0.546587,0.364943,0.000000,0.000000,0.000000,0.000000,0.000000,0.000000,0.000000,0.000000,0.000000,0.345705,0.000000,0.000000,0.000000,0.000000,0.000000,0.367862,0.493082,0.336604,0.562643,0.000000,0.571005,0.339851,0.000000,0.000000,0.448499,0.398135,0.000000,0.000000,0.000000,0.000000,0.000000,0.000000,0.000000,0.000000,0.000000,0.000000,0.000000,0.000000,0.000000,0.000000,0.000000,0.000000,0.000000,0.000000,0.000000,0.000000,0.000000,0.000000,0.000000,0.000000,0.000000,0.000000,0.000000,0.000000,0.000000,0.000000,0.000000,0.000000,0.000000,0.000000,0.000000,0.000000,0.000000,0.000000,0.000000,0.367032,0.000000,0.000000,0.000000,0.000000,0.000000,0.000000,0.000000,0.000000,0.000000,0.000000,0.000000,0.406329,0.000000,0.000000,0.000000,0.409784,0.000000,0.000000
0.000000,0.000000,0.000000,0.000000,0.377382,0.546049,0.000000,0.000000,0.000000,0.000000,0.000000,0.000000,0.000000,0.000000,0.386130,0.000000,0.000000,0.000000,0.000000,0.000000,0.289894,0.502184,0.369012,0.000000,0.359415,0.571005,0.000000,0.542153,0.368387,0.000000,0.378712,0.551126,0.000000,0.000000,0.000000,0.000000,0.000000,0.000000,0.394800,0.000000,0.000000,0.000000,0.557357,0.000000,0.000000,0.000000,0.000000,0.000000,0.000000,0.000000,0.534907,0.000000,0.000000,0.000000,0.000000,0.000000,0.000000,0.000000,0.000000,0.000000,0.000000,0.000000,0.000000,0.000000,0.000000,0.000000,0.000000,0.000000,0.000000,0.000000,0.295934,0.000000,0.347770,0.000000,0.437816,0.000000,0.000000,0.000000,0.000000,0.000000,0.000000,0.000000,0.426409,0.000000,0.000000,0.000000,0.437205,0.000000,0.000000,0.000000
0.000000,0.000000,0.000000,0.000000,0.574152,0.337800,0.000000,0.000000,0.000000,0.000000,0.000000,0.000000,0.000000,0.000000,0.000000,0.295742,0.000000,0.000000,0.000000,0.000000,0.000000,0.302323,0.000000,0.000000,0.576909,0.339851,0.542153,0.000000,0.000000,0.354632,0.000000,0.432481,0.000000,0.000000,0.000000,0.000000,0.000000,0.000000,0.000000,0.000000,0.000000,0.000000,0.000000,0.000000,0.000000,0.000000,0.000000,0.000000,0.000000,0.000000,0.000000,0.000000,0.000000,0.000000,0.000000,0.000000,0.000000,0.000000,0.000000,0.000000,0.000000,0.000000,0.000000,0.000000,0.000000,0.000000,0.000000,0.000000,0.000000,0.000000,0.000000,0.366933,0.000000,0.000000,0.000000,0.000000,0.000000,0.000000,0.000000,0.000000,0.000000,0.000000,0.000000,0.377084,0.000000,0.000000,0.000000,0.401096,0.000000,0.000000
0.439837,0.000000,0.374967,0.000000,0.422681,0.000000,0.000000,0.000000,0.418694,0.000000,0.412295,0.000000,0.423626,0.000000,0.426105,0.000000,0.413669,0.000000,0.454413,0.000000,0.340438,0.000000,0.415823,0.502595,0.000000,0.000000,0.368387,0.000000,0.000000,0.000000,0.000000,0.000000,0.000000,0.000000,0.000000,0.512359,0.000000,0.000000,0.266478,0.000000,0.000000,0.000000,0.529566,0.000000,0.000000,0.000000,0.000000,0.000000,0.000000,0.000000,0.542404,0.546677,0.000000,0.000000,0.000000,0.000000,0.439286,0.000000,0.000000,0.523856,0.000000,0.000000,0.420853,0.000000,0.000000,0.000000,0.454718,0.580151,0.000000,0.000000,0.000000,0.000000,0.323367,0.000000,0.000000,0.000000,0.000000,0.000000,0.348367,0.000000,0.411972,0.000000,0.440239,0.000000,0.447557,0.000000,0.000000,0.000000,0.000000,0.000000
0.000000,0.422499,0.000000,0.000000,0.000000,0.307601,0.000000,0.000000,0.000000,0.000000,0.000000,0.398857,0.000000,0.395480,0.000000,0.393932,0.000000,0.391615,0.000000,0.000000,0.000000,0.242290,0.000000,0.000000,0.000000,0.000000,0.000000,0.354632,0.000000,0.000000,0.000000,0.000000,0.000000,0.000000,0.000000,0.000000,0.000000,0.000000,0.000000,0.000000,0.000000,0.000000,0.000000,0.556919,0.000000,0.000000,0.000000,0.532736,0.000000,0.506568,0.000000,0.474854,0.000000,0.000000,0.000000,0.000000,0.000000,0.000000,0.000000,0.484190,0.000000,0.000000,0.000000,0.000000,0.000000,0.000000,0.000000,0.468405,0.000000,0.000000,0.000000,0.000000,0.000000,0.379251,0.000000,0.000000,0.000000,0.000000,0.000000,0.339491,0.000000,0.435045,0.000000,0.362358,0.000000,0.000000,0.000000,0.500733,0.000000,0.000000
0.000000,0.000000,0.000000,0.539332,0.398617,0.000000,0.000000,0.000000,0.000000,0.000000,0.000000,0.000000,0.000000,0.000000,0.488259,0.000000,0.000000,0.000000,0.405073,0.000000,0.365270,0.355764,0.338935,0.506876,0.368620,0.448499,0.378712,0.000000,0.000000,0.000000,0.000000,0.427910,0.447867,0.486158,0.000000,0.000000,0.000000,0.000000,0.000000,0.000000,0.000000,0.000000,0.000000,0.000000,0.000000,0.000000,0.000000,0.000000,0.000000,0.000000,0.000000,0.000000,0.000000,0.000000,0.000000,0.000000,0.000000,0.000000,0.000000,0.000000,0.000000,0.000000,0.000000,0.000000,0.000000,0.000000,0.512164,0.000000,0.000000,0.000000,0.350098,0.000000,0.000000,0.000000,0.000000,0.000000,0.000000,0.000000,0.000000,0.000000,0.000000,0.000000,0.000000,0.000000,0.000000,0.000000,0.000000,0.000000,0.000000,0.000000
0.000000,0.000000,0.000000,0.305346,0.000000,0.411570,0.000000,0.000000,0.000000,0.000000,0.000000,0.000000,0.000000,0.000000,0.000000,0.000000,0.000000,0.000000,0.000000,0.000000,0.000000,0.377329,0.478276,0.339536,0.000000,0.398135,0.551126,0.432481,0.000000,0.000000,0.427910,0.000000,0.517068,0.447333,0.000000,0.583059,0.000000,0.000000,0.000000,0.000000,0.000000,0.000000,0.000000,0.000000,0.000000,0.500774,0.000000,0.000000,0.000000,0.000000,0.000000,0.000000,0.000000,0.000000,0.000000,0.000000,0.000000,0.000000,0.000000,0.000000,0.000000,0.000000,0.000000,0.000000,0.000000,0.000000,0.000000,0.505032,0.000000,0.000000,0.000000,0.000000,0.554766,0.000000,0.000000,0.000000,0.000000,0.000000,0.000000,0.000000,0.000000,0.000000,0.000000,0.000000,0.000000,0.000000,0.000000,0.000000,0.000000,0.000000
0.000000,0.000000,0.000000,0.000000,0.000000,0.000000,0.000000,0.000000,0.000000,0.000000,0.438590,0.000000,0.000000,0.000000,0.000000,0.000000,0.435229,0.000000,0.358676,0.546220,0.000000,0.000000,0.370127,0.482199,0.000000,0.000000,0.000000,0.000000,0.000000,0.000000,0.447867,0.517068,0.000000,0.445939,0.375911,0.000000,0.000000,0.000000,0.000000,0.000000,0.000000,0.000000,0.000000,0.000000,0.000000,0.510318,0.000000,0.000000,0.000000,0.000000,0.000000,0.539172,0.000000,0.000000,0.000000,0.000000,0.439408,0.000000,0.000000,0.509859,0.000000,0.000000,0.000000,0.000000,0.000000,0.000000,0.427966,0.480473,0.388362,0.000000,0.000000,0.000000,0.464385,0.000000,0.000000,0.000000,0.449467,0.000000,0.000000,0.000000,0.000000,0.000000,0.000000,0.000000,0.000000,0.000000,0.000000,0.000000,0.000000,0.000000
0.000000,0.575490,0.000000,0.335633,0.000000,0.000000,0.000000,0.000000,0.000000,0.000000,0.000000,0.436239,0.000000,0.424109,0.000000,0.000000,0.000000,0.000000,0.000000,0.382620,0.000000,0.498233,0.478093,0.382583,0.000000,0.000000,0.000000,0.000000,0.000000,0.000000,0.486158,0.447333,0.445939,0.000000,0.442274,0.467035,0.000000,0.000000,0.000000,0.000000,0.000000,0.000000,0.478777,0.000000,0.000000,0.000000,0.000000,0.000000,0.000000,0.000000,0.000000,0.000000,0.000000,0.000000,0.000000,0.000000,0.000000,0.476772,0.000000,0.000000,0.000000,0.000000,0.000000,0.000000,0.000000,0.000000,0.517507,0.459564,0.503297,0.395162,0.000000,0.000000,0.558352,0.000000,0.000000,0.000000,0.541091,0.554474,0.000000,0.000000,0.000000,0.000000,0.000000,0.000000,0.000000,0.000000,0.000000,0.000000,0.000000,0.000000
0.000000,0.000000,0.000000,0.000000,0.000000,0.000000,0.000000,0.000000,0.000000,0.000000,0.000000,0.000000,0.000000,0.000000,0.000000,0.000000,0.000000,0.000000,0.000000,0.000000,0.000000,0.000000,0.490341,0.000000,0.000000,0.000000,0.000000,0.000000,0.000000,0.000000,0.000000,0.000000,0.375911,0.442274,0.000000,0.413003,0.496023,0.000000,0.000000,0.000000,0.000000,0.000000,0.447390,0.000000,0.433642,0.484888,0.435877,0.000000,0.000000,0.478571,0.000000,0.000000,0.000000,0.000000,0.000000,0.000000,0.000000,0.000000,0.000000,0.515215,0.000000,0.000000,0.000000,0.000000,0.000000,0.000000,0.370907,0.506337,0.000000,0.000000,0.000000,0.000000,0.000000,0.000000,0.000000,0.000000,0.000000,0.000000,0.000000,0.000000,0.538648,0.000000,0.000000,0.000000,0.465192,0.000000,0.000000,0.000000,0.000000,0.000000
0.000000,0.000000,0.000000,0.000000,0.000000,0.000000,0.000000,0.000000,0.000000,0.000000,0.000000,0.000000,0.000000,0.550276,0.000000,0.000000,0.000000,0.000000,0.000000,0.506100,0.000000,0.000000,0.000000,0.000000,0.520091,0.000000,0.000000,0.000000,0.512359,0.000000,0.000000,0.583059,0.000000,0.467035,0.413003,0.000000,0.000000,0.355237,0.000000,0.000000,0.000000,0.000000,0.517153,0.255589,0.000000,0.484597,0.512320,0.000000,0.000000,0.474347,0.463879,0.000000,0.000000,0.000000,0.000000,0.000000,0.000000,0.000000,0.000000,0.507096,0.000000,0.000000,0.000000,0.000000,0.000000,0.000000,0.585030,0.451734,0.000000,0.000000,0.000000,0.000000,0.000000,0.000000,0.000000,0.000000,0.000000,0.000000,0.000000,0.000000,0.543725,0.000000,0.000000,0.000000,0.000000,0.000000,0.000000,0.000000,0.000000,0.000000
0.512211,0.000000,0.000000,0.000000,0.000000,0.000000,0.000000,0.000000,0.000000,0.000000,0.000000,0.000000,0.000000,0.000000,0.000000,0.000000,0.000000,0.000000,0.000000,0.000000,0.000000,0.000000,0.000000,0.000000,0.000000,0.000000,0.000000,0.000000,0.000000,0.000000,0.000000,0.000000,0.000000,0.000000,0.496023,0.000000,0.000000,0.494648,0.330129,0.000000,0.304046,0.000000,0.520900,0.000000,0.000000,0.000000,0.419149,0.000000,0.508608,0.000000,0.499685,0.000000,0.000000,0.000000,0.460267,0.000000,0.000000,0.000000,0.000000,0.000000,0.000000,0.000000,0.000000,0.000000,0.000000,0.000000,0.410996,0.000000,0.000000,0.000000,0.373711,0.000000,0.000000,0.000000,0.000000,0.000000,0.422304,0.000000,0.000000,0.000000,0.503104,0.000000,0.404284,0.000000,0.479480,0.000000,0.381488,0.000000,0.496515,0.000000
0.000000,0.558009,0.000000,0.000000,0.612422,0.490532,0.000000,0.000000,0.601792,0.000000,0.000000,0.000000,0.000000,0.000000,0.000000,0.000000,0.000000,0.000000,0.000000,0.000000,0.000000,0.000000,0.000000,0.553612,0.623065,0.000000,0.000000,0.000000,0.000000,0.000000,0.000000,0.000000,0.000000,0.000000,0.000000,0.355237,0.494648,0.000000,0.000000,0.366556,0.000000,0.435314,0.549845,0.522650,0.000000,0.495643,0.556611,0.566988,0.000000,0.441336,0.000000,0.000000,0.000000,0.000000,0.000000,0.419226,0.000000,0.000000,0.000000,0.534841,0.000000,0.000000,0.000000,0.000000,0.000000,0.000000,0.612878,0.467928,0.000000,0.000000,0.000000,0.000000,0.000000,0.545263,0.000000,0.000000,0.000000,0.457922,0.000000,0.000000,0.000000,0.000000,0.000000,0.000000,0.000000,0.000000,0.000000,0.388358,0.000000,0.498045
0.000000,0.000000,0.000000,0.000000,0.000000,0.000000,0.000000,0.000000,0.000000,0.000000,0.000000,0.000000,0.000000,0.000000,0.374856,0.000000,0.000000,0.000000,0.000000,0.000000,0.370177,0.000000,0.000000,0.000000,0.000000,0.000000,0.394800,0.000000,0.266478,0.000000,0.000000,0.000000,0.000000,0.000000,0.000000,0.000000,0.330129,0.000000,0.000000,0.000000,0.309927,0.000000,0.494830,0.000000,0.000000,0.000000,0.463094,0.000000,0.000000,0.000000,0.000000,0.000000,0.000000,0.000000,0.385715,0.000000,0.000000,0.000000,0.000000,0.000000,0.000000,0.000000,0.000000,0.000000,0.000000,0.000000,0.490777,0.000000,0.000000,0.000000,0.000000,0.408030,0.000000,0.000000,0.000000,0.000000,0.383889,0.000000,0.000000,0.000000,0.000000,0.000000,0.405938,0.000000,0.000000,0.000000,0.428345,0.000000,0.479194,0.000000
0.000000,0.000000,0.000000,0.000000,0.000000,0.507592,0.000000,0.000000,0.000000,0.000000,0.000000,0.000000,0.000000,0.000000,0.000000,0.241548,0.000000,0.000000,0.000000,0.000000,0.000000,0.000000,0.000000,0.000000,0.000000,0.000000,0.000000,0.000000,0.000000,0.000000,0.000000,0.000000,0.000000,0.000000,0.000000,0.000000,0.000000,0.366556,0.000000,0.000000,0.000000,0.283776,0.000000,0.482282,0.000000,0.484437,0.000000,0.447199,0.000000,0.000000,0.000000,0.000000,0.000000,0.000000,0.000000,0.362262,0.000000,0.000000,0.000000,0.000000,0.000000,0.000000,0.000000,0.000000,0.000000,0.000000,0.000000,0.480807,0.000000,0.000000,0.000000,0.000000,0.000000,0.000000,0.000000,0.000000,0.000000,0.000000,0.000000,0.000000,0.000000,0.000000,0.000000,0.276001,0.000000,0.000000,0.000000,0.331559,0.000000,0.450599
0.000000,0.000000,0.000000,0.000000,0.000000,0.000000,0.000000,0.000000,0.000000,0.000000,0.000000,0.000000,0.000000,0.000000,0.000000,0.000000,0.000000,0.000000,0.000000,0.000000,0.376772,0.000000,0.000000,0.000000,0.000000,0.000000,0.000000,0.000000,0.000000,0.000000,0.000000,0.000000,0.000000,0.000000,0.000000,0.000000,0.304046,0.000000,0.309927,0.000000,0.000000,0.000000,0.000000,0.000000,0.000000,0.000000,0.531179,0.000000,0.000000,0.000000,0.552234,0.600704,0.000000,0.000000,0.488495,0.000000,0.000000,0.000000,0.000000,0.584794,0.000000,0.000000,0.000000,0.000000,0.000000,0.000000,0.544010,0.565829,0.512949,0.000000,0.000000,0.000000,0.404281,0.000000,0.000000,0.000000,0.430535,0.000000,0.000000,0.000000,0.000000,0.000000,0.387373,0.000000,0.000000,0.000000,0.410396,0.000000,0.474525,0.000000
0.000000,0.000000,0.000000,0.000000,0.000000,0.000000,0.000000,0.000000,0.000000,0.000000,0.000000,0.000000,0.000000,0.000000,0.000000,0.000000,0.000000,0.000000,0.000000,0.000000,0.000000,0.000000,0.000000,0.000000,0.000000,0.000000,0.000000,0.000000,0.000000,0.000000,0.000000,0.000000,0.000000,0.000000,0.000000,0.000000,0.000000,0.435314,0.000000,0.283776,0.000000,0.000000,0.000000,0.545858,0.000000,0.000000,0.000000,0.570332,0.000000,0.524120,0.000000,0.000000,0.000000,0.000000,0.000000,0.310526,0.000000,0.000000,0.000000,0.000000,0.000000,0.000000,0.000000,0.000000,0.000000,0.000000,0.000000,0.000000,0.000000,0.000000,0.000000,0.343104,0.000000,0.000000,0.000000,0.499731,0.000000,0.356718,0.000000,0.000000,0.000000,0.000000,0.000000,0.374831,0.000000,0.000000,0.000000,0.348398,0.000000,0.516449
0.000000,0.000000,0.494392,0.000000,0.524571,0.000000,0.000000,0.000000,0.511012,0.000000,0.488947,0.000000,0.000000,0.000000,0.000000,0.000000,0.000000,0.000000,0.000000,0.000000,0.541502,0.000000,0.502507,0.000000,0.524865,0.000000,0.557357,0.000000,0.529566,0.000000,0.000000,0.000000,0.000000,0.478777,0.447390,0.517153,0.520900,0.549845,0.494830,0.000000,0.000000,0.000000,0.000000,0.630900,0.433017,0.586730,0.422981,0.330131,0.410519,0.631906,0.348582,0.000000,0.328536,0.000000,0.461588,0.000000,0.000000,0.000000,0.000000,0.000000,0.000000,0.000000,0.000000,0.000000,0.000000,0.000000,0.505729,0.703396,0.000000,0.000000,0.000000,0.000000,0.000000,0.000000,0.000000,0.000000,0.000000,0.000000,0.000000,0.000000,0.000000,0.000000,0.505232,0.000000,0.510481,0.000000,0.522320,0.000000,0.521025,0.000000
0.000000,0.000000,0.000000,0.533714,0.000000,0.535660,0.000000,0.000000,0.000000,0.535900,0.000000,0.000000,0.000000,0.547393,0.000000,0.538879,0.000000,0.000000,0.000000,0.000000,0.000000,0.000000,0.000000,0.000000,0.000000,0.000000,0.000000,0.000000,0.000000,0.556919,0.000000,0.000000,0.000000,0.000000,0.000000,0.255589,0.000000,0.522650,0.000000,0.482282,0.000000,0.545858,0.630900,0.000000,0.362252,0.411374,0.567525,0.427852,0.000000,0.439830,0.000000,0.304395,0.000000,0.375935,0.000000,0.454285,0.000000,0.000000,0.000000,0.000000,0.000000,0.000000,0.000000,0.000000,0.000000,0.000000,0.593839,0.428825,0.000000,0.000000,0.000000,0.000000,0.000000,0.000000,0.000000,0.526275,0.000000,0.000000,0.000000,0.000000,0.000000,0.000000,0.000000,0.522639,0.000000,0.534779,0.000000,0.516950,0.487992,0.555171
0.000000,0.000000,0.000000,0.000000,0.530506,0.000000,0.000000,0.000000,0.000000,0.000000,0.000000,0.000000,0.000000,0.000000,0.000000,0.000000,0.000000,0.000000,0.000000,0.000000,0.000000,0.000000,0.000000,0.000000,0.000000,0.000000,0.000000,0.000000,0.000000,0.000000,0.000000,0.000000,0.000000,0.000000,0.433642,0.000000,0.000000,0.000000,0.000000,0.000000,0.000000,0.000000,0.433017,0.362252,0.000000,0.573984,0.465497,0.000000,0.396965,0.658222,0.000000,0.000000,0.000000,0.000000,0.449015,0.000000,0.000000,0.000000,0.398404,0.000000,0.000000,0.000000,0.000000,0.000000,0.000000,0.000000,0.388343,0.000000,0.000000,0.000000,0.000000,0.000000,0.000000,0.000000,0.521512,0.000000,0.000000,0.000000,0.000000,0.000000,0.468406,0.000000,0.000000,0.000000,0.000000,0.000000,0.518058,0.000000,0.532064,0.000000
0.000000,0.000000,0.592327,0.000000,0.000000,0.000000,0.000000,0.000000,0.000000,0.000000,0.000000,0.000000,0.000000,0.513446,0.000000,0.000000,0.000000,0.000000,0.000000,0.000000,0.000000,0.000000,0.600579,0.000000,0.520978,0.000000,0.000000,0.000000,0.000000,0.000000,0.000000,0.500774,0.510318,0.000000,0.484888,0.484597,0.000000,0.495643,0.000000,0.484437,0.000000,0.000000,0.586730,0.411374,0.573984,0.000000,0.000000,0.493243,0.550730,0.434276,0.511419,0.000000,0.000000,0.420663,0.000000,0.482318,0.000000,0.000000,0.564236,0.000000,0.000000,0.000000,0.000000,0.000000,0.000000,0.000000,0.608133,0.447361,0.000000,0.000000,0.000000,0.000000,0.000000,0.000000,0.000000,0.000000,0.000000,0.000000,0.000000,0.000000,0.557515,0.000000,0.000000,0.000000,0.565227,0.504142,0.550049,0.486120,0.516565,0.508639
0.000000,0.000000,0.000000,0.000000,0.529751,0.000000,0.000000,0.000000,0.508838,0.000000,0.000000,0.000000,0.000000,0.000000,0.000000,0.000000,0.000000,0.000000,0.000000,0.000000,0.000000,0.000000,0.000000,0.000000,0.520266,0.000000,0.000000,0.000000,0.000000,0.000000,0.000000,0.000000,0.000000,0.000000,0.435877,0.512320,0.419149,0.556611,0.463094,0.000000,0.531179,0.000000,0.422981,0.567525,0.465497,0.000000,0.000000,0.269358,0.447762,0.000000,0.390321,0.000000,0.347968,0.000000,0.398229,0.000000,0.000000,0.000000,0.000000,0.000000,0.000000,0.000000,0.000000,0.000000,0.000000,0.000000,0.446216,0.545758,0.000000,0.000000,0.000000,0.000000,0.000000,0.000000,0.000000,0.000000,0.462816,0.000000,0.000000,0.000000,0.000000,0.000000,0.494721,0.000000,0.486557,0.000000,0.432369,0.000000,0.489153,0.000000
0.000000,0.000000,0.000000,0.518352,0.000000,0.498468,0.000000,0.000000,0.000000,0.523301,0.000000,0.000000,0.000000,0.544668,0.000000,0.528345,0.000000,0.000000,0.000000,0.000000,0.000000,0.000000,0.000000,0.000000,0.000000,0.000000,0.000000,0.000000,0.000000,0.532736,0.000000,0.000000,0.000000,0.000000,0.000000,0.000000,0.000000,0.566988,0.000000,0.447199,0.000000,0.570332,0.330131,0.427852,0.000000,0.493243,0.269358,0.000000,0.000000,0.505663,0.000000,0.000000,0.000000,0.365812,0.000000,0.445092,0.000000,0.000000,0.000000,0.000000,0.000000,0.000000,0.000000,0.000000,0.000000,0.000000,0.000000,0.384027,0.000000,0.000000,0.000000,0.000000,0.000000,0.000000,0.000000,0.000000,0.000000,0.000000,0.000000,0.000000,0.000000,0.000000,0.000000,0.524665,0.000000,0.538334,0.000000,0.526348,0.000000,0.517026
0.000000,0.000000,0.000000,0.000000,0.000000,0.000000,0.000000,0.000000,0.000000,0.000000,0.000000,0.000000,0.000000,0.000000,0.000000,0.000000,0.000000,0.000000,0.000000,0.000000,0.000000,0.000000,0.000000,0.000000,0.000000,0.000000,0.000000,0.000000,0.000000,0.000000,0.000000,0.000000,0.000000,0.000000,0.000000,0.000000,0.508608,0.000000,0.000000,0.000000,0.000000,0.000000,0.410519,0.000000,0.396965,0.550730,0.447762,0.000000,0.000000,0.631339,0.377000,0.000000,0.435913,0.000000,0.444780,0.000000,0.000000,0.000000,0.427859,0.000000,0.000000,0.000000,0.000000,0.000000,0.000000,0.000000,0.437270,0.000000,0.000000,0.000000,0.000000,0.000000,0.000000,0.000000,0.000000,0.000000,0.512324,0.000000,0.000000,0.000000,0.000000,0.000000,0.000000,0.000000,0.000000,0.000000,0.000000,0.000000,0.529538,0.000000
