0.000000,0.554013,0.242829,0.632773,0.000000,0.000000,0.394390,0.000000,0.000000,0.000000,0.403344,0.000000,0.395795,0.000000,0.000000,0.000000,0.404407,0.000000,0.000000,0.560654,0.000000,0.000000,0.000000,0.000000,0.000000,0.000000,0.000000,0.000000,0.409725,0.000000,0.000000,0.000000,0.000000,0.000000,0.000000,0.000000,0.406890,0.000000,0.403417,0.000000,0.459918,0.000000,0.000000,0.000000,0.000000,0.000000,0.000000,0.000000,0.000000,0.000000,0.000000,0.000000,0.000000,0.000000,0.400150,0.000000,0.370486,0.000000,0.391439,0.000000,0.396351,0.000000,0.000000,0.000000,0.000000,0.000000,0.000000,0.000000,0.413979,0.468391,0.000000,0.000000,0.000000,0.000000,0.000000,0.000000,0.000000,0.000000,0.384090,0.000000,0.424267,0.000000,0.422053,0.000000,0.443208,0.000000,0.465140,0.000000,0.414743,0.000000
0.554013,0.000000,0.667778,0.326793,0.000000,0.000000,0.686885,0.364263,0.000000,0.000000,0.000000,0.406983,0.000000,0.000000,0.000000,0.000000,0.000000,0.386840,0.685904,0.450261,0.000000,0.000000,0.000000,0.000000,0.000000,0.000000,0.000000,0.000000,0.000000,0.400182,0.000000,0.000000,0.000000,0.000000,0.000000,0.000000,0.000000,0.000000,0.000000,0.000000,0.000000,0.000000,0.000000,0.000000,0.000000,0.000000,0.000000,0.000000,0.000000,0.000000,0.000000,0.000000,0.000000,0.000000,0.000000,0.000000,0.000000,0.388285,0.000000,0.375274,0.000000,0.364521,0.000000,0.000000,0.000000,0.000000,0.000000,0.430273,0.645083,0.427023,0.726458,0.000000,0.562782,0.457455,0.570180,0.000000,0.000000,0.000000,0.000000,0.000000,0.000000,0.427319,0.000000,0.404991,0.000000,0.421782,0.000000,0.408635,0.000000,0.000000
0.242829,0.667778,0.000000,0.579585,0.000000,0.000000,0.263982,0.504120,0.236406,0.000000,0.000000,0.000000,0.000000,0.000000,0.000000,0.526365,0.000000,0.000000,0.238129,0.589144,0.000000,0.000000,0.258138,0.000000,0.000000,0.000000,0.498984,0.000000,0.460073,0.000000,0.000000,0.000000,0.000000,0.000000,0.000000,0.000000,0.000000,0.000000,0.478761,0.000000,0.490463,0.000000,0.000000,0.000000,0.000000,0.000000,0.000000,0.000000,0.538842,0.000000,0.511780,0.000000,0.000000,0.000000,0.437097,0.000000,0.000000,0.000000,0.000000,0.000000,0.000000,0.000000,0.000000,0.000000,0.000000,0.000000,0.000000,0.000000,0.000000,0.000000,0.688742,0.542986,0.000000,0.000000,0.000000,0.000000,0.000000,0.625512,0.000000,0.000000,0.000000,0.000000,0.462396,0.000000,0.000000,0.000000,0.454780,0.000000,0.448421,0.000000
0.632773,0.326793,0.579585,0.000000,0.000000,0.485638,0.642458,0.277241,0.000000,0.000000,0.000000,0.000000,0.000000,0.000000,0.000000,0.242064,0.000000,0.000000,0.700392,0.302023,0.000000,0.000000,0.477807,0.255327,0.413742,0.447586,0.465944,0.463724,0.000000,0.000000,0.435030,0.243935,0.000000,0.373923,0.000000,0.000000,0.000000,0.488234,0.000000,0.500588,0.607182,0.487533,0.000000,0.000000,0.522948,0.512671,0.000000,0.000000,0.000000,0.000000,0.000000,0.000000,0.000000,0.000000,0.000000,0.480543,0.000000,0.000000,0.000000,0.000000,0.000000,0.000000,0.000000,0.000000,0.000000,0.000000,0.511394,0.520012,0.000000,0.000000,0.742457,0.451741,0.588179,0.480450,0.000000,0.497969,0.573742,0.602080,0.000000,0.000000,0.000000,0.000000,0.000000,0.478031,0.000000,0.517136,0.000000,0.478541,0.000000,0.494160
0.000000,0.000000,0.000000,0.000000,0.000000,0.000000,0.563842,0.572213,0.237058,0.000000,0.000000,0.000000,0.602314,0.000000,0.354041,0.490372,0.000000,0.000000,0.000000,0.000000,0.241008,0.000000,0.450876,0.000000,0.275954,0.000000,0.305572,0.000000,0.308677,0.000000,0.000000,0.000000,0.000000,0.000000,0.000000,0.000000,0.000000,0.000000,0.000000,0.000000,0.000000,0.000000,0.000000,0.000000,0.000000,0.000000,0.000000,0.000000,0.000000,0.000000,0.000000,0.000000,0.000000,0.000000,0.000000,0.000000,0.000000,0.000000,0.000000,0.000000,0.000000,0.000000,0.000000,0.000000,0.000000,0.000000,0.000000,0.000000,0.000000,0.000000,0.295445,0.000000,0.337082,0.000000,0.355193,0.000000,0.000000,0.000000,0.000000,0.000000,0.000000,0.000000,0.329252,0.000000,0.000000,0.000000,0.000000,0.000000,0.000000,0.000000
0.000000,0.000000,0.000000,0.485638,0.000000,0.000000,0.584907,0.574983,0.000000,0.260320,0.000000,0.000000,0.000000,0.576389,0.000000,0.502708,0.000000,0.000000,0.000000,0.000000,0.377862,0.525194,0.446986,0.000000,0.407037,0.340057,0.485383,0.367373,0.000000,0.000000,0.421495,0.491084,0.559089,0.000000,0.000000,0.000000,0.525937,0.000000,0.533545,0.490511,0.000000,0.578310,0.000000,0.000000,0.519228,0.522431,0.473751,0.000000,0.000000,0.000000,0.000000,0.000000,0.000000,0.000000,0.000000,0.000000,0.000000,0.000000,0.000000,0.000000,0.000000,0.000000,0.000000,0.000000,0.000000,0.000000,0.547426,0.540961,0.000000,0.000000,0.000000,0.422784,0.620571,0.000000,0.601288,0.000000,0.598348,0.000000,0.000000,0.000000,0.000000,0.000000,0.000000,0.000000,0.000000,0.000000,0.000000,0.000000,0.000000,0.000000
0.394390,0.686885,0.263982,0.642458,0.563842,0.584907,0.000000,0.563088,0.246578,0.000000,0.340669,0.000000,0.319307,0.000000,0.000000,0.611203,0.000000,0.000000,0.000000,0.654802,0.512834,0.000000,0.266394,0.000000,0.000000,0.000000,0.564220,0.577535,0.347869,0.000000,0.283051,0.000000,0.550900,0.000000,0.000000,0.000000,0.000000,0.561694,0.460393,0.553956,0.510775,0.000000,0.000000,0.000000,0.000000,0.000000,0.000000,0.000000,0.563973,0.000000,0.559425,0.000000,0.000000,0.000000,0.000000,0.000000,0.000000,0.000000,0.536712,0.000000,0.000000,0.000000,0.000000,0.000000,0.000000,0.000000,0.563935,0.534457,0.000000,0.000000,0.437982,0.000000,0.000000,0.000000,0.000000,0.000000,0.527307,0.000000,0.000000,0.000000,0.000000,0.000000,0.000000,0.000000,0.000000,0.000000,0.434874,0.000000,0.441300,0.000000
0.000000,0.364263,0.504120,0.277241,0.572213,0.574983,0.563088,0.000000,0.000000,0.267376,0.000000,0.326689,0.000000,0.249873,0.000000,0.505802,0.000000,0.000000,0.000000,0.000000,0.514670,0.000000,0.480924,0.234777,0.471564,0.465686,0.506685,0.477755,0.403287,0.000000,0.499524,0.278614,0.529366,0.000000,0.000000,0.000000,0.000000,0.438447,0.436824,0.430483,0.000000,0.451656,0.000000,0.000000,0.530425,0.515817,0.000000,0.000000,0.000000,0.000000,0.440373,0.000000,0.000000,0.000000,0.000000,0.441282,0.000000,0.386069,0.000000,0.000000,0.000000,0.000000,0.000000,0.000000,0.000000,0.000000,0.519927,0.502892,0.000000,0.428919,0.000000,0.000000,0.587269,0.451961,0.585887,0.000000,0.568279,0.000000,0.000000,0.000000,0.000000,0.000000,0.000000,0.439187,0.000000,0.447717,0.000000,0.441606,0.000000,0.441919
0.000000,0.000000,0.236406,0.000000,0.237058,0.000000,0.246578,0.000000,0.000000,0.000000,0.000000,0.000000,0.000000,0.000000,0.349151,0.000000,0.000000,0.000000,0.000000,0.000000,0.000000,0.000000,0.246227,0.000000,0.000000,0.000000,0.000000,0.000000,0.000000,0.000000,0.000000,0.000000,0.000000,0.000000,0.000000,0.000000,0.000000,0.000000,0.000000,0.000000,0.000000,0.000000,0.000000,0.000000,0.000000,0.000000,0.000000,0.000000,0.000000,0.000000,0.000000,0.000000,0.000000,0.000000,0.000000,0.000000,0.000000,0.000000,0.000000,0.000000,0.000000,0.000000,0.000000,0.000000,0.000000,0.000000,0.000000,0.000000,0.000000,0.000000,0.000000,0.000000,0.000000,0.000000,0.000000,0.000000,0.000000,0.000000,0.000000,0.000000,0.000000,0.000000,0.000000,0.000000,0.000000,0.000000,0.000000,0.000000,0.000000,0.000000
0.000000,0.000000,0.000000,0.000000,0.000000,0.260320,0.000000,0.267376,0.000000,0.000000,0.000000,0.000000,0.000000,0.000000,0.000000,0.258569,0.000000,0.000000,0.000000,0.000000,0.000000,0.000000,0.000000,0.000000,0.000000,0.000000,0.000000,0.000000,0.000000,0.000000,0.000000,0.000000,0.000000,0.000000,0.000000,0.000000,0.000000,0.000000,0.000000,0.000000,0.000000,0.000000,0.000000,0.000000,0.000000,0.000000,0.000000,0.000000,0.000000,0.000000,0.000000,0.000000,0.000000,0.000000,0.000000,0.000000,0.000000,0.000000,0.000000,0.000000,0.000000,0.000000,0.000000,0.000000,0.000000,0.000000,0.000000,0.000000,0.000000,0.000000,0.000000,0.000000,0.000000,0.000000,0.000000,0.000000,0.000000,0.000000,0.000000,0.000000,0.000000,0.000000,0.000000,0.000000,0.000000,0.000000,0.000000,0.000000,0.000000,0.000000
0.403344,0.000000,0.000000,0.000000,0.000000,0.000000,0.340669,0.000000,0.000000,0.000000,0.000000,0.000000,0.334246,0.000000,0.386154,0.000000,0.429565,0.000000,0.000000,0.000000,0.000000,0.000000,0.000000,0.000000,0.000000,0.000000,0.000000,0.000000,0.453443,0.000000,0.000000,0.000000,0.000000,0.000000,0.000000,0.000000,0.395931,0.000000,0.398071,0.000000,0.425592,0.000000,0.000000,0.000000,0.000000,0.000000,0.000000,0.000000,0.000000,0.000000,0.000000,0.000000,0.000000,0.000000,0.394624,0.000000,0.439471,0.000000,0.000000,0.000000,0.444518,0.000000,0.000000,0.000000,0.000000,0.000000,0.000000,0.000000,0.000000,0.000000,0.000000,0.000000,0.000000,0.000000,0.000000,0.000000,0.000000,0.000000,0.449518,0.000000,0.000000,0.000000,0.436982,0.000000,0.433483,0.000000,0.431820,0.000000,0.394083,0.000000
0.000000,0.406983,0.000000,0.000000,0.000000,0.000000,0.000000,0.326689,0.000000,0.000000,0.000000,0.000000,0.000000,0.241909,0.000000,0.000000,0.000000,0.354705,0.000000,0.000000,0.000000,0.000000,0.000000,0.000000,0.000000,0.000000,0.000000,0.000000,0.000000,0.323261,0.000000,0.000000,0.000000,0.000000,0.000000,0.000000,0.000000,0.000000,0.000000,0.000000,0.000000,0.472918,0.000000,0.000000,0.000000,0.000000,0.000000,0.000000,0.000000,0.000000,0.000000,0.000000,0.000000,0.000000,0.000000,0.000000,0.000000,0.408770,0.000000,0.000000,0.000000,0.000000,0.000000,0.000000,0.000000,0.000000,0.000000,0.000000,0.000000,0.000000,0.000000,0.000000,0.000000,0.000000,0.000000,0.000000,0.000000,0.000000,0.000000,0.000000,0.000000,0.000000,0.000000,0.383788,0.000000,0.412947,0.000000,0.417731,0.000000,0.425632
0.395795,0.000000,0.000000,0.000000,0.602314,0.000000,0.319307,0.000000,0.000000,0.000000,0.334246,0.000000,0.000000,0.000000,0.333460,0.563400,0.000000,0.000000,0.000000,0.000000,0.554358,0.000000,0.000000,0.000000,0.000000,0.000000,0.547996,0.571884,0.380022,0.000000,0.000000,0.000000,0.542582,0.000000,0.000000,0.000000,0.000000,0.567957,0.000000,0.560260,0.559163,0.588046,0.000000,0.000000,0.540419,0.000000,0.000000,0.506636,0.000000,0.000000,0.540825,0.000000,0.000000,0.000000,0.000000,0.000000,0.000000,0.000000,0.538226,0.000000,0.000000,0.000000,0.000000,0.000000,0.000000,0.000000,0.545563,0.535431,0.521001,0.537463,0.444321,0.000000,0.000000,0.000000,0.000000,0.000000,0.549668,0.000000,0.000000,0.000000,0.000000,0.000000,0.387393,0.000000,0.416188,0.000000,0.417288,0.000000,0.000000,0.529035
0.000000,0.000000,0.000000,0.000000,0.000000,0.576389,0.000000,0.249873,0.000000,0.000000,0.000000,0.241909,0.000000,0.000000,0.000000,0.322551,0.000000,0.000000,0.000000,0.000000,0.539207,0.569822,0.000000,0.000000,0.541748,0.000000,0.000000,0.558350,0.000000,0.234579,0.000000,0.514822,0.000000,0.000000,0.000000,0.000000,0.000000,0.569492,0.531029,0.553587,0.000000,0.610834,0.527163,0.000000,0.544310,0.539801,0.504115,0.510825,0.000000,0.000000,0.000000,0.000000,0.000000,0.000000,0.000000,0.000000,0.000000,0.000000,0.000000,0.000000,0.000000,0.000000,0.000000,0.000000,0.000000,0.000000,0.553828,0.540758,0.000000,0.000000,0.000000,0.000000,0.618622,0.000000,0.623917,0.000000,0.601568,0.000000,0.000000,0.000000,0.000000,0.000000,0.000000,0.000000,0.000000,0.000000,0.000000,0.000000,0.000000,0.000000
0.000000,0.000000,0.000000,0.000000,0.354041,0.000000,0.000000,0.000000,0.349151,0.000000,0.386154,0.000000,0.333460,0.000000,0.000000,0.000000,0.000000,0.000000,0.000000,0.000000,0.306965,0.000000,0.000000,0.000000,0.000000,0.000000,0.310884,0.000000,0.307451,0.000000,0.301014,0.000000,0.463536,0.000000,0.000000,0.000000,0.000000,0.000000,0.208298,0.000000,0.000000,0.000000,0.000000,0.000000,0.000000,0.000000,0.000000,0.000000,0.000000,0.000000,0.000000,0.000000,0.000000,0.000000,0.000000,0.000000,0.000000,0.000000,0.000000,0.000000,0.000000,0.000000,0.000000,0.000000,0.000000,0.000000,0.000000,0.000000,0.480567,0.000000,0.314289,0.000000,0.362465,0.000000,0.452327,0.000000,0.000000,0.000000,0.000000,0.000000,0.000000,0.000000,0.337466,0.000000,0.000000,0.000000,0.353264,0.000000,0.000000,0.000000
0.000000,0.000000,0.526365,0.242064,0.490372,0.502708,0.611203,0.505802,0.000000,0.258569,0.000000,0.000000,0.563400,0.322551,0.000000,0.000000,0.000000,0.000000,0.000000,0.000000,0.000000,0.366913,0.528645,0.000000,0.000000,0.000000,0.000000,0.517581,0.000000,0.252686,0.000000,0.000000,0.000000,0.000000,0.000000,0.000000,0.000000,0.000000,0.000000,0.265135,0.000000,0.564701,0.000000,0.000000,0.000000,0.000000,0.000000,0.000000,0.000000,0.000000,0.000000,0.000000,0.000000,0.000000,0.000000,0.000000,0.000000,0.000000,0.000000,0.000000,0.000000,0.000000,0.000000,0.000000,0.000000,0.000000,0.000000,0.000000,0.000000,0.000000,0.000000,0.284433,0.000000,0.395148,0.000000,0.390924,0.599378,0.000000,0.000000,0.000000,0.000000,0.000000,0.000000,0.344796,0.000000,0.000000,0.000000,0.326493,0.000000,0.000000
0.404407,0.000000,0.000000,0.000000,0.000000,0.000000,0.000000,0.000000,0.000000,0.000000,0.429565,0.000000,0.000000,0.000000,0.000000,0.000000,0.000000,0.000000,0.000000,0.000000,0.000000,0.000000,0.000000,0.000000,0.000000,0.000000,0.000000,0.000000,0.380173,0.000000,0.000000,0.000000,0.000000,0.000000,0.000000,0.000000,0.389887,0.000000,0.390301,0.000000,0.000000,0.000000,0.000000,0.000000,0.000000,0.000000,0.000000,0.000000,0.000000,0.000000,0.000000,0.000000,0.000000,0.000000,0.376791,0.000000,0.369723,0.000000,0.435868,0.000000,0.415475,0.000000,0.374520,0.000000,0.408746,0.000000,0.000000,0.000000,0.000000,0.000000,0.000000,0.000000,0.404434,0.000000,0.000000,0.000000,0.000000,0.000000,0.385367,0.000000,0.358533,0.000000,0.390886,0.000000,0.423454,0.000000,0.000000,0.000000,0.438444,0.000000
0.000000,0.386840,0.000000,0.000000,0.000000,0.000000,0.000000,0.000000,0.000000,0.000000,0.000000,0.354705,0.000000,0.000000,0.000000,0.000000,0.000000,0.000000,0.000000,0.000000,0.000000,0.000000,0.000000,0.000000,0.000000,0.000000,0.000000,0.000000,0.000000,0.431776,0.000000,0.000000,0.000000,0.000000,0.000000,0.000000,0.000000,0.000000,0.000000,0.414099,0.000000,0.000000,0.000000,0.000000,0.000000,0.000000,0.000000,0.000000,0.000000,0.000000,0.000000,0.000000,0.000000,0.000000,0.000000,0.394417,0.000000,0.383238,0.000000,0.426618,0.000000,0.349944,0.000000,0.347836,0.000000,0.000000,0.000000,0.442969,0.000000,0.000000,0.000000,0.000000,0.000000,0.000000,0.000000,0.000000,0.000000,0.000000,0.000000,0.406125,0.000000,0.367211,0.000000,0.375980,0.000000,0.410513,0.000000,0.396893,0.000000,0.467405
0.000000,0.685904,0.238129,0.700392,0.000000,0.000000,0.000000,0.000000,0.000000,0.000000,0.000000,0.000000,0.000000,0.000000,0.000000,0.000000,0.000000,0.000000,0.000000,0.596115,0.000000,0.000000,0.325558,0.000000,0.000000,0.000000,0.000000,0.000000,0.460521,0.000000,0.000000,0.000000,0.383608,0.598402,0.000000,0.000000,0.000000,0.000000,0.474888,0.000000,0.492848,0.000000,0.000000,0.000000,0.000000,0.000000,0.000000,0.000000,0.000000,0.000000,0.000000,0.000000,0.000000,0.000000,0.471913,0.000000,0.000000,0.000000,0.000000,0.000000,0.000000,0.000000,0.000000,0.000000,0.000000,0.000000,0.000000,0.000000,0.318311,0.000000,0.459936,0.631491,0.494279,0.000000,0.507548,0.000000,0.000000,0.000000,0.000000,0.000000,0.000000,0.000000,0.427236,0.000000,0.000000,0.000000,0.000000,0.000000,0.461319,0.000000
0.560654,0.450261,0.589144,0.302023,0.000000,0.000000,0.654802,0.000000,0.000000,0.000000,0.000000,0.000000,0.000000,0.000000,0.000000,0.000000,0.000000,0.000000,0.596115,0.000000,0.000000,0.426955,0.000000,0.307712,0.000000,0.000000,0.000000,0.000000,0.000000,0.482430,0.000000,0.000000,0.000000,0.354397,0.000000,0.000000,0.000000,0.484688,0.000000,0.463912,0.000000,0.436391,0.000000,0.000000,0.000000,0.000000,0.000000,0.000000,0.000000,0.000000,0.000000,0.000000,0.000000,0.000000,0.000000,0.468716,0.000000,0.000000,0.000000,0.000000,0.000000,0.000000,0.000000,0.000000,0.000000,0.000000,0.000000,0.459315,0.637431,0.417515,0.702645,0.000000,0.000000,0.461003,0.000000,0.431803,0.000000,0.598396,0.000000,0.000000,0.000000,0.000000,0.000000,0.000000,0.000000,0.000000,0.000000,0.000000,0.000000,0.000000
0.000000,0.000000,0.000000,0.000000,0.241008,0.377862,0.512834,0.514670,0.000000,0.000000,0.000000,0.000000,0.554358,0.539207,0.306965,0.000000,0.000000,0.000000,0.000000,0.000000,0.000000,0.537681,0.439452,0.000000,0.456543,0.487415,0.398106,0.487307,0.000000,0.000000,0.446535,0.444311,0.534928,0.000000,0.000000,0.000000,0.534272,0.563378,0.438600,0.560572,0.455529,0.000000,0.523409,0.000000,0.507597,0.000000,0.480575,0.517412,0.525049,0.000000,0.507493,0.000000,0.000000,0.000000,0.000000,0.445233,0.000000,0.000000,0.495982,0.000000,0.000000,0.000000,0.000000,0.000000,0.000000,0.000000,0.517247,0.523201,0.466734,0.000000,0.390427,0.479288,0.311046,0.000000,0.337168,0.000000,0.323083,0.000000,0.000000,0.000000,0.000000,0.000000,0.295586,0.000000,0.000000,0.000000,0.000000,0.000000,0.000000,0.000000
0.000000,0.000000,0.000000,0.000000,0.000000,0.525194,0.000000,0.000000,0.000000,0.000000,0.000000,0.000000,0.000000,0.569822,0.000000,0.366913,0.000000,0.000000,0.000000,0.426955,0.537681,0.000000,0.000000,0.000000,0.000000,0.462806,0.560976,0.490947,0.000000,0.328642,0.478099,0.403057,0.000000,0.444173,0.000000,0.000000,0.518497,0.557385,0.544033,0.490557,0.000000,0.366426,0.504432,0.000000,0.496698,0.000000,0.491544,0.500256,0.000000,0.000000,0.000000,0.000000,0.000000,0.000000,0.000000,0.000000,0.000000,0.000000,0.000000,0.000000,0.000000,0.000000,0.000000,0.000000,0.000000,0.000000,0.000000,0.499111,0.000000,0.446413,0.000000,0.429708,0.000000,0.362612,0.000000,0.322019,0.000000,0.000000,0.000000,0.000000,0.000000,0.000000,0.000000,0.308273,0.000000,0.000000,0.000000,0.346056,0.000000,0.402903
0.000000,0.000000,0.258138,0.477807,0.450876,0.446986,0.266394,0.480924,0.246227,0.000000,0.000000,0.000000,0.000000,0.000000,0.000000,0.528645,0.000000,0.000000,0.325558,0.000000,0.439452,0.000000,0.000000,0.231061,0.286446,0.000000,0.449129,0.432244,0.000000,0.000000,0.293983,0.000000,0.332215,0.000000,0.000000,0.000000,0.000000,0.000000,0.481181,0.000000,0.000000,0.000000,0.000000,0.000000,0.000000,0.000000,0.000000,0.000000,0.000000,0.000000,0.000000,0.000000,0.000000,0.000000,0.000000,0.000000,0.000000,0.000000,0.000000,0.000000,0.000000,0.000000,0.000000,0.000000,0.000000,0.000000,0.000000,0.000000,0.000000,0.000000,0.495438,0.000000,0.000000,0.000000,0.000000,0.000000,0.000000,0.000000,0.000000,0.000000,0.000000,0.000000,0.000000,0.000000,0.000000,0.000000,0.000000,0.000000,0.000000,0.000000
0.000000,0.000000,0.000000,0.255327,0.000000,0.000000,0.000000,0.234777,0.000000,0.000000,0.000000,0.000000,0.000000,0.000000,0.000000,0.000000,0.000000,0.000000,0.000000,0.307712,0.000000,0.000000,0.231061,0.000000,0.000000,0.000000,0.000000,0.000000,0.000000,0.000000,0.000000,0.240436,0.000000,0.328254,0.000000,0.000000,0.000000,0.512603,0.000000,0.000000,0.000000,0.487163,0.000000,0.000000,0.000000,0.000000,0.000000,0.000000,0.000000,0.000000,0.000000,0.000000,0.000000,0.000000,0.000000,0.000000,0.000000,0.000000,0.000000,0.000000,0.000000,0.000000,0.000000,0.000000,0.000000,0.000000,0.000000,0.000000,0.000000,0.000000,0.000000,0.000000,0.000000,0.452953,0.000000,0.000000,0.000000,0.466685,0.000000,0.000000,0.000000,0.000000,0.000000,0.000000,0.000000,0.000000,0.000000,0.000000,0.000000,0.000000
0.000000,0.000000,0.000000,0.413742,0.275954,0.407037,0.000000,0.471564,0.000000,0.000000,0.000000,0.000000,0.000000,0.541748,0.000000,0.000000,0.000000,0.000000,0.000000,0.000000,0.456543,0.000000,0.286446,0.000000,0.000000,0.338351,0.389299,0.474700,0.000000,0.000000,0.388431,0.000000,0.000000,0.000000,0.000000,0.000000,0.000000,0.557239,0.467731,0.517030,0.409687,0.586198,0.000000,0.000000,0.520871,0.000000,0.459487,0.000000,0.524226,0.000000,0.481587,0.000000,0.000000,0.000000,0.000000,0.000000,0.000000,0.000000,0.458475,0.000000,0.488337,0.000000,0.000000,0.000000,0.000000,0.000000,0.493757,0.453180,0.000000,0.000000,0.363275,0.470997,0.000000,0.000000,0.000000,0.000000,0.454816,0.000000,0.000000,0.000000,0.000000,0.000000,0.000000,0.000000,0.000000,0.000000,0.000000,0.000000,0.000000,0.000000
0.000000,0.000000,0.000000,0.447586,0.000000,0.340057,0.000000,0.465686,0.000000,0.000000,0.000000,0.000000,0.000000,0.000000,0.000000,0.000000,0.000000,0.000000,0.000000,0.000000,0.487415,0.462806,0.000000,0.000000,0.338351,0.000000,0.000000,0.509893,0.000000,0.000000,0.359645,0.271195,0.000000,0.000000,0.000000,0.000000,0.501503,0.450111,0.492785,0.468553,0.000000,0.000000,0.495013,0.000000,0.453341,0.000000,0.481845,0.483002,0.000000,0.000000,0.000000,0.000000,0.000000,0.000000,0.000000,0.000000,0.000000,0.000000,0.000000,0.000000,0.000000,0.000000,0.000000,0.000000,0.000000,0.000000,0.479715,0.000000,0.000000,0.000000,0.000000,0.000000,0.000000,0.000000,0.000000,0.000000,0.000000,0.000000,0.000000,0.000000,0.000000,0.000000,0.000000,0.000000,0.000000,0.000000,0.000000,0.000000,0.000000,0.000000
0.000000,0.000000,0.498984,0.465944,0.305572,0.485383,0.564220,0.506685,0.000000,0.000000,0.000000,0.000000,0.547996,0.000000,0.310884,0.000000,0.000000,0.000000,0.000000,0.000000,0.398106,0.560976,0.449129,0.000000,0.389299,0.000000,0.000000,0.536692,0.000000,0.000000,0.443032,0.000000,0.522854,0.000000,0.000000,0.000000,0.000000,0.560933,0.470555,0.561627,0.481445,0.593771,0.500398,0.000000,0.520053,0.000000,0.467115,0.518008,0.551450,0.000000,0.518757,0.000000,0.000000,0.000000,0.000000,0.000000,0.000000,0.000000,0.501418,0.000000,0.000000,0.000000,0.000000,0.000000,0.496751,0.000000,0.538220,0.521714,0.000000,0.000000,0.379832,0.546951,0.376681,0.000000,0.000000,0.000000,0.531906,0.000000,0.000000,0.000000,0.000000,0.000000,0.000000,0.000000,0.000000,0.000000,0.000000,0.000000,0.000000,0.516031
0.000000,0.000000,0.000000,0.463724,0.000000,0.367373,0.577535,0.477755,0.000000,0.000000,0.000000,0.000000,0.571884,0.558350,0.000000,0.517581,0.000000,0.000000,0.000000,0.000000,0.487307,0.490947,0.432244,0.000000,0.474700,0.509893,0.536692,0.000000,0.000000,0.000000,0.499801,0.000000,0.538050,0.470639,0.000000,0.000000,0.546733,0.578757,0.513585,0.509058,0.540909,0.511691,0.506453,0.000000,0.528062,0.520469,0.482079,0.551487,0.000000,0.000000,0.000000,0.000000,0.000000,0.000000,0.000000,0.000000,0.000000,0.000000,0.000000,0.000000,0.000000,0.000000,0.000000,0.000000,0.000000,0.000000,0.484642,0.509032,0.000000,0.000000,0.000000,0.463872,0.605135,0.000000,0.593055,0.000000,0.598820,0.000000,0.000000,0.000000,0.000000,0.000000,0.000000,0.362397,0.000000,0.000000,0.000000,0.000000,0.000000,0.000000
0.409725,0.000000,0.460073,0.000000,0.308677,0.000000,0.347869,0.403287,0.000000,0.000000,0.453443,0.000000,0.380022,0.000000,0.307451,0.000000,0.380173,0.000000,0.460521,0.000000,0.000000,0.000000,0.000000,0.000000,0.000000,0.000000,0.000000,0.000000,0.000000,0.510705,0.000000,0.000000,0.000000,0.000000,0.000000,0.000000,0.364225,0.000000,0.416549,0.000000,0.434674,0.000000,0.000000,0.000000,0.000000,0.000000,0.000000,0.000000,0.000000,0.000000,0.000000,0.000000,0.000000,0.000000,0.382560,0.000000,0.376855,0.000000,0.429312,0.000000,0.434472,0.000000,0.418963,0.000000,0.000000,0.000000,0.404666,0.000000,0.000000,0.000000,0.319810,0.000000,0.329200,0.000000,0.000000,0.000000,0.328783,0.516928,0.330267,0.000000,0.406548,0.000000,0.417749,0.000000,0.413969,0.000000,0.393021,0.000000,0.445680,0.000000
0.000000,0.400182,0.000000,0.000000,0.000000,0.000000,0.000000,0.000000,0.000000,0.000000,0.000000,0.323261,0.000000,0.234579,0.000000,0.252686,0.000000,0.431776,0.000000,0.482430,0.000000,0.328642,0.000000,0.000000,0.000000,0.000000,0.000000,0.000000,0.510705,0.000000,0.000000,0.000000,0.000000,0.477063,0.000000,0.000000,0.000000,0.410079,0.000000,0.438838,0.000000,0.464939,0.000000,0.000000,0.000000,0.000000,0.000000,0.000000,0.000000,0.000000,0.000000,0.000000,0.000000,0.000000,0.000000,0.400753,0.000000,0.388032,0.000000,0.000000,0.000000,0.000000,0.000000,0.331473,0.000000,0.000000,0.000000,0.418305,0.000000,0.000000,0.000000,0.260012,0.591377,0.295772,0.636800,0.315265,0.580504,0.424308,0.000000,0.391317,0.000000,0.389688,0.508148,0.357613,0.000000,0.429060,0.000000,0.371242,0.000000,0.387761
0.000000,0.000000,0.000000,0.435030,0.000000,0.421495,0.283051,0.499524,0.000000,0.000000,0.000000,0.000000,0.000000,0.000000,0.301014,0.000000,0.000000,0.000000,0.000000,0.000000,0.446535,0.478099,0.293983,0.000000,0.388431,0.359645,0.443032,0.499801,0.000000,0.000000,0.000000,0.305861,0.362400,0.443039,0.000000,0.000000,0.487673,0.526585,0.466205,0.554601,0.463940,0.542267,0.472323,0.000000,0.506997,0.000000,0.470523,0.554352,0.505167,0.000000,0.489933,0.000000,0.000000,0.000000,0.000000,0.454389,0.000000,0.000000,0.465614,0.000000,0.000000,0.000000,0.000000,0.000000,0.463533,0.000000,0.490525,0.493067,0.000000,0.000000,0.447042,0.467848,0.000000,0.000000,0.000000,0.000000,0.000000,0.000000,0.000000,0.000000,0.000000,0.000000,0.489162,0.000000,0.000000,0.000000,0.000000,0.000000,0.000000,0.000000
0.000000,0.000000,0.000000,0.243935,0.000000,0.491084,0.000000,0.278614,0.000000,0.000000,0.000000,0.000000,0.000000,0.514822,0.000000,0.000000,0.000000,0.000000,0.000000,0.000000,0.444311,0.403057,0.000000,0.240436,0.000000,0.271195,0.000000,0.000000,0.000000,0.000000,0.305861,0.000000,0.384811,0.317456,0.000000,0.000000,0.000000,0.000000,0.473800,0.000000,0.000000,0.000000,0.000000,0.000000,0.000000,0.000000,0.000000,0.000000,0.000000,0.000000,0.000000,0.000000,0.000000,0.000000,0.000000,0.000000,0.000000,0.000000,0.000000,0.000000,0.000000,0.000000,0.000000,0.000000,0.000000,0.000000,0.000000,0.000000,0.000000,0.000000,0.000000,0.439393,0.000000,0.000000,0.000000,0.000000,0.000000,0.000000,0.000000,0.000000,0.000000,0.000000,0.000000,0.000000,0.000000,0.000000,0.000000,0.000000,0.000000,0.000000
0.000000,0.000000,0.000000,0.000000,0.000000,0.559089,0.550900,0.529366,0.000000,0.000000,0.000000,0.000000,0.542582,0.000000,0.463536,0.000000,0.000000,0.000000,0.383608,0.000000,0.534928,0.000000,0.332215,0.000000,0.000000,0.000000,0.522854,0.538050,0.000000,0.000000,0.362400,0.384811,0.000000,0.399155,0.000000,0.379822,0.483895,0.452281,0.476294,0.489430,0.473239,0.528216,0.000000,0.000000,0.453393,0.000000,0.000000,0.390993,0.456354,0.000000,0.000000,0.000000,0.000000,0.000000,0.422358,0.000000,0.000000,0.000000,0.000000,0.000000,0.000000,0.000000,0.000000,0.000000,0.000000,0.000000,0.421813,0.435380,0.290292,0.000000,0.450615,0.000000,0.000000,0.000000,0.000000,0.000000,0.377096,0.000000,0.000000,0.000000,0.000000,0.000000,0.485299,0.000000,0.000000,0.000000,0.458126,0.000000,0.445579,0.000000
0.000000,0.000000,0.000000,0.373923,0.000000,0.000000,0.000000,0.000000,0.000000,0.000000,0.000000,0.000000,0.000000,0.000000,0.000000,0.000000,0.000000,0.000000,0.598402,0.354397,0.000000,0.444173,0.000000,0.328254,0.000000,0.000000,0.000000,0.470639,0.000000,0.477063,0.443039,0.317456,0.399155,0.000000,0.250684,0.365820,0.466351,0.459294,0.433430,0.454476,0.000000,0.499404,0.000000,0.000000,0.454902,0.000000,0.409978,0.388496,0.459816,0.000000,0.455607,0.000000,0.000000,0.000000,0.437581,0.459587,0.000000,0.430552,0.451025,0.000000,0.000000,0.000000,0.000000,0.000000,0.000000,0.000000,0.371191,0.366917,0.498989,0.350902,0.000000,0.419525,0.525912,0.495888,0.000000,0.000000,0.480260,0.485739,0.000000,0.000000,0.000000,0.000000,0.000000,0.000000,0.000000,0.000000,0.000000,0.000000,0.000000,0.473674
0.000000,0.000000,0.000000,0.000000,0.000000,0.000000,0.000000,0.000000,0.000000,0.000000,0.000000,0.000000,0.000000,0.000000,0.000000,0.000000,0.000000,0.000000,0.000000,0.000000,0.000000,0.000000,0.000000,0.000000,0.000000,0.000000,0.000000,0.000000,0.000000,0.000000,0.000000,0.000000,0.000000,0.250684,0.000000,0.342274,0.000000,0.361505,0.000000,0.000000,0.000000,0.000000,0.440123,0.000000,0.429244,0.000000,0.327977,0.366850,0.428323,0.000000,0.000000,0.000000,0.000000,0.000000,0.000000,0.000000,0.000000,0.000000,0.000000,0.000000,0.000000,0.000000,0.000000,0.000000,0.000000,0.000000,0.348680,0.310009,0.000000,0.000000,0.000000,0.000000,0.000000,0.000000,0.000000,0.000000,0.443341,0.000000,0.000000,0.000000,0.000000,0.000000,0.000000,0.000000,0.000000,0.000000,0.000000,0.000000,0.000000,0.000000
0.000000,0.000000,0.000000,0.000000,0.000000,0.000000,0.000000,0.000000,0.000000,0.000000,0.000000,0.000000,0.000000,0.000000,0.000000,0.000000,0.000000,0.000000,0.000000,0.000000,0.000000,0.000000,0.000000,0.000000,0.000000,0.000000,0.000000,0.000000,0.000000,0.000000,0.000000,0.000000,0.379822,0.365820,0.342274,0.000000,0.554452,0.365436,0.000000,0.000000,0.000000,0.000000,0.000000,0.000000,0.444121,0.000000,0.000000,0.370080,0.000000,0.000000,0.000000,0.000000,0.000000,0.000000,0.000000,0.000000,0.000000,0.000000,0.000000,0.000000,0.000000,0.000000,0.000000,0.000000,0.000000,0.000000,0.376252,0.355192,0.000000,0.000000,0.000000,0.000000,0.000000,0.000000,0.000000,0.000000,0.000000,0.000000,0.000000,0.000000,0.000000,0.000000,0.000000,0.000000,0.000000,0.000000,0.000000,0.000000,0.000000,0.000000
0.406890,0.000000,0.000000,0.000000,0.000000,0.525937,0.000000,0.000000,0.000000,0.000000,0.395931,0.000000,0.000000,0.000000,0.000000,0.000000,0.389887,0.000000,0.000000,0.000000,0.534272,0.518497,0.000000,0.000000,0.000000,0.501503,0.000000,0.546733,0.364225,0.000000,0.487673,0.000000,0.483895,0.466351,0.000000,0.554452,0.000000,0.560553,0.314150,0.553555,0.294402,0.000000,0.426921,0.534472,0.506120,0.491178,0.389775,0.551544,0.467043,0.000000,0.445658,0.000000,0.000000,0.000000,0.314017,0.509829,0.435595,0.000000,0.442263,0.000000,0.440488,0.000000,0.000000,0.000000,0.469647,0.000000,0.440850,0.561345,0.000000,0.000000,0.000000,0.000000,0.337168,0.000000,0.000000,0.000000,0.484915,0.000000,0.389337,0.000000,0.367392,0.000000,0.000000,0.000000,0.380441,0.000000,0.000000,0.000000,0.388750,0.000000
0.000000,0.000000,0.000000,0.488234,0.000000,0.000000,0.561694,0.438447,0.000000,0.000000,0.000000,0.000000,0.567957,0.569492,0.000000,0.000000,0.000000,0.000000,0.000000,0.484688,0.563378,0.557385,0.000000,0.512603,0.557239,0.450111,0.560933,0.578757,0.000000,0.410079,0.526585,0.000000,0.452281,0.459294,0.361505,0.365436,0.560553,0.000000,0.553997,0.420420,0.000000,0.334605,0.479444,0.554772,0.461645,0.398772,0.410450,0.500928,0.000000,0.382169,0.000000,0.388880,0.000000,0.000000,0.000000,0.300249,0.000000,0.000000,0.000000,0.442775,0.000000,0.422421,0.000000,0.424167,0.000000,0.000000,0.452059,0.454060,0.000000,0.000000,0.000000,0.000000,0.594266,0.331910,0.589985,0.000000,0.568349,0.386449,0.000000,0.363519,0.000000,0.369802,0.000000,0.000000,0.000000,0.333937,0.000000,0.000000,0.000000,0.354246
0.403417,0.000000,0.478761,0.000000,0.000000,0.533545,0.460393,0.436824,0.000000,0.000000,0.398071,0.000000,0.000000,0.531029,0.208298,0.000000,0.390301,0.000000,0.474888,0.000000,0.438600,0.544033,0.481181,0.000000,0.467731,0.492785,0.470555,0.513585,0.416549,0.000000,0.466205,0.473800,0.476294,0.433430,0.000000,0.000000,0.314150,0.553997,0.000000,0.535503,0.310312,0.000000,0.433046,0.000000,0.516164,0.000000,0.423839,0.524506,0.515655,0.000000,0.388306,0.000000,0.383934,0.000000,0.313295,0.421916,0.414868,0.000000,0.429889,0.000000,0.367645,0.000000,0.000000,0.000000,0.000000,0.000000,0.463206,0.520109,0.000000,0.000000,0.000000,0.000000,0.365099,0.621702,0.506883,0.000000,0.000000,0.546406,0.367752,0.000000,0.364223,0.000000,0.374404,0.000000,0.361875,0.000000,0.404683,0.000000,0.367523,0.407570
0.000000,0.000000,0.000000,0.500588,0.000000,0.490511,0.553956,0.430483,0.000000,0.000000,0.000000,0.000000,0.560260,0.553587,0.000000,0.265135,0.000000,0.414099,0.000000,0.463912,0.560572,0.490557,0.000000,0.000000,0.517030,0.468553,0.561627,0.509058,0.000000,0.438838,0.554601,0.000000,0.489430,0.454476,0.000000,0.000000,0.553555,0.420420,0.535503,0.000000,0.533197,0.352328,0.457095,0.381549,0.480879,0.385458,0.463755,0.474467,0.449967,0.399557,0.478994,0.000000,0.000000,0.000000,0.000000,0.312417,0.000000,0.000000,0.000000,0.000000,0.000000,0.405987,0.000000,0.405687,0.000000,0.000000,0.450627,0.495432,0.000000,0.000000,0.000000,0.453184,0.000000,0.384569,0.000000,0.413862,0.000000,0.291431,0.000000,0.400214,0.000000,0.000000,0.000000,0.000000,0.000000,0.353408,0.000000,0.265087,0.000000,0.377350
0.459918,0.000000,0.490463,0.607182,0.000000,0.000000,0.510775,0.000000,0.000000,0.000000,0.425592,0.000000,0.559163,0.000000,0.000000,0.000000,0.000000,0.000000,0.492848,0.000000,0.455529,0.000000,0.000000,0.000000,0.409687,0.000000,0.481445,0.540909,0.434674,0.000000,0.463940,0.000000,0.473239,0.000000,0.000000,0.000000,0.294402,0.000000,0.310312,0.533197,0.000000,0.000000,0.000000,0.549274,0.540141,0.000000,0.000000,0.000000,0.480178,0.000000,0.462630,0.000000,0.000000,0.000000,0.286360,0.000000,0.000000,0.000000,0.464536,0.000000,0.447726,0.000000,0.000000,0.000000,0.459255,0.000000,0.485583,0.526913,0.430248,0.502935,0.384679,0.515035,0.000000,0.651218,0.000000,0.000000,0.521267,0.532556,0.000000,0.000000,0.000000,0.000000,0.484083,0.000000,0.000000,0.000000,0.423247,0.000000,0.358995,0.510853
0.000000,0.000000,0.000000,0.487533,0.000000,0.578310,0.000000,0.451656,0.000000,0.000000,0.000000,0.472918,0.588046,0.610834,0.000000,0.564701,0.000000,0.000000,0.000000,0.436391,0.000000,0.366426,0.000000,0.487163,0.586198,0.000000,0.593771,0.511691,0.000000,0.464939,0.542267,0.000000,0.528216,0.499404,0.000000,0.000000,0.000000,0.334605,0.000000,0.352328,0.000000,0.000000,0.000000,0.000000,0.488362,0.000000,0.000000,0.000000,0.000000,0.000000,0.000000,0.000000,0.000000,0.000000,0.000000,0.369667,0.000000,0.000000,0.000000,0.000000,0.000000,0.000000,0.000000,0.000000,0.000000,0.000000,0.467507,0.505902,0.000000,0.000000,0.000000,0.433148,0.620986,0.437654,0.575563,0.465609,0.558972,0.437136,0.000000,0.000000,0.000000,0.000000,0.000000,0.000000,0.000000,0.000000,0.000000,0.366231,0.000000,0.316525
0.000000,0.000000,0.000000,0.000000,0.000000,0.000000,0.000000,0.000000,0.000000,0.000000,0.000000,0.000000,0.000000,0.527163,0.000000,0.000000,0.000000,0.000000,0.000000,0.000000,0.523409,0.504432,0.000000,0.000000,0.000000,0.495013,0.500398,0.506453,0.000000,0.000000,0.472323,0.000000,0.000000,0.000000,0.440123,0.000000,0.426921,0.479444,0.433046,0.457095,0.000000,0.000000,0.000000,0.480049,0.456655,0.000000,0.476570,0.463909,0.346888,0.000000,0.000000,0.000000,0.000000,0.000000,0.477070,0.385718,0.000000,0.000000,0.000000,0.000000,0.000000,0.000000,0.000000,0.000000,0.000000,0.000000,0.412408,0.488534,0.000000,0.000000,0.000000,0.000000,0.000000,0.000000,0.000000,0.000000,0.000000,0.000000,0.000000,0.000000,0.000000,0.000000,0.000000,0.000000,0.000000,0.000000,0.000000,0.000000,0.399345,0.000000
0.000000,0.000000,0.000000,0.000000,0.000000,0.000000,0.000000,0.000000,0.000000,0.000000,0.000000,0.000000,0.000000,0.000000,0.000000,0.000000,0.000000,0.000000,0.000000,0.000000,0.000000,0.000000,0.000000,0.000000,0.000000,0.000000,0.000000,0.000000,0.000000,0.000000,0.000000,0.000000,0.000000,0.000000,0.000000,0.000000,0.534472,0.554772,0.000000,0.381549,0.549274,0.000000,0.480049,0.000000,0.334880,0.372530,0.474465,0.421582,0.000000,0.000000,0.000000,0.451226,0.000000,0.000000,0.000000,0.402708,0.000000,0.000000,0.000000,0.000000,0.000000,0.000000,0.000000,0.000000,0.000000,0.000000,0.270593,0.373859,0.000000,0.000000,0.000000,0.000000,0.000000,0.000000,0.000000,0.000000,0.000000,0.000000,0.000000,0.000000,0.000000,0.000000,0.000000,0.000000,0.000000,0.000000,0.000000,0.000000,0.000000,0.396966
0.000000,0.000000,0.000000,0.522948,0.000000,0.519228,0.000000,0.530425,0.000000,0.000000,0.000000,0.000000,0.540419,0.544310,0.000000,0.000000,0.000000,0.000000,0.000000,0.000000,0.507597,0.496698,0.000000,0.000000,0.520871,0.453341,0.520053,0.528062,0.000000,0.000000,0.506997,0.000000,0.453393,0.454902,0.429244,0.444121,0.506120,0.461645,0.516164,0.480879,0.540141,0.488362,0.456655,0.334880,0.000000,0.283868,0.501351,0.440370,0.464101,0.000000,0.502005,0.000000,0.000000,0.000000,0.000000,0.373011,0.000000,0.000000,0.494691,0.000000,0.000000,0.000000,0.000000,0.000000,0.000000,0.000000,0.318058,0.407382,0.000000,0.000000,0.000000,0.508263,0.000000,0.000000,0.000000,0.000000,0.000000,0.000000,0.000000,0.000000,0.000000,0.000000,0.000000,0.000000,0.000000,0.000000,0.000000,0.000000,0.000000,0.000000
0.000000,0.000000,0.000000,0.512671,0.000000,0.522431,0.000000,0.515817,0.000000,0.000000,0.000000,0.000000,0.000000,0.539801,0.000000,0.000000,0.000000,0.000000,0.000000,0.000000,0.000000,0.000000,0.000000,0.000000,0.000000,0.000000,0.000000,0.520469,0.000000,0.000000,0.000000,0.000000,0.000000,0.000000,0.000000,0.000000,0.491178,0.398772,0.000000,0.385458,0.000000,0.000000,0.000000,0.372530,0.283868,0.000000,0.000000,0.000000,0.000000,0.423256,0.000000,0.000000,0.000000,0.000000,0.000000,0.346108,0.000000,0.000000,0.000000,0.000000,0.000000,0.000000,0.000000,0.000000,0.000000,0.000000,0.292559,0.397077,0.000000,0.000000,0.000000,0.488038,0.000000,0.000000,0.000000,0.000000,0.000000,0.000000,0.000000,0.000000,0.000000,0.000000,0.000000,0.000000,0.000000,0.000000,0.000000,0.000000,0.000000,0.361149
0.000000,0.000000,0.000000,0.000000,0.000000,0.473751,0.000000,0.000000,0.000000,0.000000,0.000000,0.000000,0.000000,0.504115,0.000000,0.000000,0.000000,0.000000,0.000000,0.000000,0.480575,0.491544,0.000000,0.000000,0.459487,0.481845,0.467115,0.482079,0.000000,0.000000,0.470523,0.000000,0.000000,0.409978,0.327977,0.000000,0.389775,0.410450,0.423839,0.463755,0.000000,0.000000,0.476570,0.474465,0.501351,0.000000,0.000000,0.458707,0.000000,0.000000,0.000000,0.000000,0.371867,0.000000,0.381851,0.412923,0.405944,0.000000,0.000000,0.000000,0.000000,0.000000,0.000000,0.000000,0.000000,0.000000,0.375214,0.516071,0.000000,0.000000,0.000000,0.000000,0.000000,0.000000,0.000000,0.000000,0.000000,0.000000,0.000000,0.000000,0.000000,0.000000,0.000000,0.000000,0.000000,0.000000,0.000000,0.000000,0.360796,0.000000
0.000000,0.000000,0.000000,0.000000,0.000000,0.000000,0.000000,0.000000,0.000000,0.000000,0.000000,0.000000,0.506636,0.510825,0.000000,0.000000,0.000000,0.000000,0.000000,0.000000,0.517412,0.500256,0.000000,0.000000,0.000000,0.483002,0.518008,0.551487,0.000000,0.000000,0.554352,0.000000,0.390993,0.388496,0.366850,0.370080,0.551544,0.500928,0.524506,0.474467,0.000000,0.000000,0.463909,0.421582,0.440370,0.000000,0.458707,0.000000,0.000000,0.000000,0.000000,0.000000,0.000000,0.000000,0.514466,0.391458,0.000000,0.000000,0.000000,0.000000,0.000000,0.000000,0.000000,0.000000,0.000000,0.000000,0.415296,0.352504,0.000000,0.000000,0.000000,0.000000,0.000000,0.000000,0.000000,0.000000,0.000000,0.234715,0.000000,0.000000,0.000000,0.000000,0.000000,0.000000,0.000000,0.000000,0.000000,0.000000,0.000000,0.363202
0.000000,0.000000,0.538842,0.000000,0.000000,0.000000,0.563973,0.000000,0.000000,0.000000,0.000000,0.000000,0.000000,0.000000,0.000000,0.000000,0.000000,0.000000,0.000000,0.000000,0.525049,0.000000,0.000000,0.000000,0.524226,0.000000,0.551450,0.000000,0.000000,0.000000,0.505167,0.000000,0.456354,0.459816,0.428323,0.000000,0.467043,0.000000,0.515655,0.449967,0.480178,0.000000,0.346888,0.000000,0.464101,0.000000,0.000000,0.000000,0.000000,0.000000,0.000000,0.000000,0.000000,0.000000,0.000000,0.000000,0.000000,0.000000,0.000000,0.000000,0.000000,0.000000,0.000000,0.000000,0.000000,0.000000,0.458834,0.371099,0.000000,0.000000,0.000000,0.000000,0.000000,0.000000,0.000000,0.000000,0.000000,0.000000,0.000000,0.000000,0.000000,0.000000,0.000000,0.000000,0.000000,0.000000,0.000000,0.000000,0.000000,0.000000
