0.000000,0.000000,0.358291,0.000000,0.000000,0.000000,0.351378,0.000000,0.000000,0.000000,0.352009,0.000000,0.407256,0.000000,0.000000,0.000000,0.377777,0.000000,0.416831,0.000000,0.000000,0.000000,0.000000,0.000000,0.000000,0.000000,0.000000,0.000000,0.440084,0.000000,0.000000,0.000000,0.000000,0.000000,0.000000,0.000000,0.526332,0.544945,0.000000,0.546049,0.545577,0.000000,0.000000,0.000000,0.000000,0.000000,0.000000,0.000000,0.000000,0.000000,0.000000,0.000000,0.000000,0.000000,0.000000,0.000000,0.374627,0.000000,0.000000,0.000000,0.454576,0.000000,0.379005,0.000000,0.000000,0.000000,0.000000,0.000000,0.397202,0.000000,0.000000,0.000000,0.453971,0.000000,0.000000,0.000000,0.000000,0.521785,0.000000,0.000000,0.436617,0.000000,0.000000,0.000000,0.446573,0.000000,0.000000,0.000000,0.000000,0.000000
0.000000,0.000000,0.529689,0.363571,0.000000,0.000000,0.464431,0.346496,0.000000,0.000000,0.000000,0.375709,0.000000,0.398133,0.000000,0.000000,0.000000,0.344258,0.519266,0.393964,0.000000,0.000000,0.000000,0.000000,0.000000,0.000000,0.000000,0.000000,0.000000,0.365162,0.000000,0.000000,0.492606,0.346343,0.000000,0.000000,0.000000,0.528659,0.000000,0.000000,0.000000,0.000000,0.000000,0.000000,0.000000,0.000000,0.000000,0.000000,0.000000,0.000000,0.000000,0.000000,0.000000,0.000000,0.000000,0.000000,0.000000,0.390189,0.000000,0.412492,0.000000,0.391473,0.000000,0.462483,0.000000,0.430475,0.000000,0.373091,0.528623,0.382612,0.000000,0.000000,0.506813,0.445992,0.000000,0.000000,0.507275,0.393909,0.000000,0.000000,0.000000,0.473986,0.000000,0.000000,0.000000,0.450251,0.000000,0.000000,0.000000,0.000000
0.358291,0.529689,0.000000,0.515162,0.000000,0.000000,0.359656,0.521027,0.000000,0.000000,0.351134,0.000000,0.367719,0.000000,0.000000,0.000000,0.000000,0.000000,0.403523,0.437600,0.000000,0.000000,0.349850,0.450424,0.000000,0.000000,0.000000,0.000000,0.447695,0.521636,0.302442,0.000000,0.453251,0.477347,0.391890,0.000000,0.574383,0.000000,0.576980,0.000000,0.577043,0.000000,0.508568,0.000000,0.000000,0.000000,0.000000,0.000000,0.544933,0.000000,0.000000,0.000000,0.000000,0.000000,0.000000,0.000000,0.392508,0.000000,0.404649,0.000000,0.000000,0.000000,0.000000,0.000000,0.000000,0.000000,0.524343,0.000000,0.434593,0.000000,0.469967,0.525695,0.451013,0.507572,0.000000,0.000000,0.474612,0.502070,0.000000,0.000000,0.403073,0.000000,0.000000,0.000000,0.000000,0.000000,0.000000,0.000000,0.000000,0.000000
0.000000,0.363571,0.515162,0.000000,0.000000,0.250141,0.481958,0.354899,0.000000,0.340304,0.000000,0.000000,0.000000,0.000000,0.000000,0.000000,0.000000,0.000000,0.500023,0.377427,0.000000,0.000000,0.399920,0.335488,0.000000,0.250359,0.000000,0.000000,0.000000,0.412981,0.437942,0.381646,0.493681,0.472269,0.000000,0.000000,0.000000,0.537817,0.000000,0.515769,0.000000,0.000000,0.000000,0.000000,0.000000,0.000000,0.000000,0.000000,0.000000,0.000000,0.000000,0.000000,0.000000,0.000000,0.000000,0.000000,0.000000,0.000000,0.000000,0.000000,0.000000,0.000000,0.000000,0.000000,0.000000,0.000000,0.449481,0.489770,0.508107,0.428754,0.501099,0.427643,0.000000,0.395294,0.000000,0.000000,0.504733,0.478213,0.000000,0.000000,0.000000,0.000000,0.000000,0.441253,0.000000,0.000000,0.000000,0.418214,0.000000,0.000000
0.000000,0.000000,0.000000,0.000000,0.000000,0.000000,0.000000,0.000000,0.287314,0.000000,0.000000,0.000000,0.000000,0.000000,0.382888,0.000000,0.000000,0.000000,0.000000,0.000000,0.278857,0.000000,0.234394,0.000000,0.356099,0.000000,0.351301,0.000000,0.433250,0.000000,0.310980,0.000000,0.000000,0.000000,0.000000,0.000000,0.380257,0.000000,0.474727,0.000000,0.000000,0.000000,0.000000,0.000000,0.000000,0.000000,0.000000,0.000000,0.000000,0.000000,0.486737,0.000000,0.000000,0.000000,0.000000,0.000000,0.000000,0.000000,0.000000,0.000000,0.000000,0.000000,0.000000,0.000000,0.000000,0.000000,0.000000,0.000000,0.000000,0.000000,0.422542,0.000000,0.000000,0.000000,0.000000,0.000000,0.000000,0.000000,0.000000,0.000000,0.000000,0.000000,0.000000,0.000000,0.000000,0.000000,0.000000,0.000000,0.000000,0.000000
0.000000,0.000000,0.000000,0.250141,0.000000,0.000000,0.000000,0.000000,0.000000,0.365627,0.000000,0.000000,0.000000,0.000000,0.000000,0.270621,0.000000,0.000000,0.000000,0.000000,0.000000,0.284180,0.000000,0.000000,0.000000,0.294927,0.423837,0.000000,0.000000,0.274188,0.000000,0.000000,0.000000,0.000000,0.000000,0.000000,0.000000,0.000000,0.000000,0.000000,0.000000,0.000000,0.000000,0.000000,0.000000,0.000000,0.000000,0.000000,0.000000,0.000000,0.000000,0.000000,0.000000,0.000000,0.000000,0.000000,0.000000,0.000000,0.000000,0.000000,0.000000,0.000000,0.000000,0.000000,0.000000,0.000000,0.000000,0.000000,0.000000,0.000000,0.000000,0.000000,0.000000,0.000000,0.000000,0.000000,0.000000,0.000000,0.000000,0.000000,0.000000,0.000000,0.000000,0.000000,0.000000,0.000000,0.000000,0.000000,0.000000,0.000000
0.351378,0.464431,0.359656,0.481958,0.000000,0.000000,0.000000,0.563015,0.238978,0.000000,0.392527,0.000000,0.355033,0.000000,0.380532,0.000000,0.000000,0.000000,0.448745,0.000000,0.000000,0.000000,0.392146,0.459671,0.000000,0.000000,0.000000,0.000000,0.395074,0.000000,0.298295,0.546968,0.408509,0.472244,0.400182,0.000000,0.593500,0.000000,0.000000,0.000000,0.000000,0.000000,0.000000,0.000000,0.000000,0.000000,0.000000,0.000000,0.000000,0.000000,0.490372,0.000000,0.000000,0.000000,0.000000,0.000000,0.372431,0.000000,0.406991,0.000000,0.418101,0.000000,0.000000,0.000000,0.000000,0.000000,0.412084,0.473688,0.412816,0.416863,0.415126,0.483707,0.000000,0.000000,0.000000,0.000000,0.451191,0.467939,0.000000,0.000000,0.420942,0.000000,0.430435,0.000000,0.427196,0.000000,0.000000,0.000000,0.000000,0.000000
0.000000,0.346496,0.521027,0.354899,0.000000,0.000000,0.563015,0.000000,0.000000,0.329897,0.000000,0.379103,0.000000,0.344590,0.000000,0.347071,0.000000,0.300288,0.000000,0.475160,0.000000,0.000000,0.424764,0.356088,0.000000,0.000000,0.000000,0.000000,0.512706,0.370365,0.000000,0.390087,0.434088,0.458319,0.000000,0.371048,0.566181,0.000000,0.569910,0.000000,0.000000,0.000000,0.000000,0.472276,0.000000,0.000000,0.470831,0.469088,0.000000,0.000000,0.000000,0.000000,0.000000,0.000000,0.000000,0.000000,0.000000,0.370624,0.000000,0.000000,0.000000,0.000000,0.506299,0.000000,0.000000,0.399751,0.000000,0.469850,0.000000,0.392594,0.471535,0.433854,0.531475,0.378962,0.000000,0.000000,0.462157,0.502479,0.536721,0.000000,0.519114,0.426032,0.000000,0.000000,0.000000,0.402751,0.000000,0.410374,0.000000,0.000000
0.000000,0.000000,0.000000,0.000000,0.287314,0.000000,0.238978,0.000000,0.000000,0.000000,0.000000,0.000000,0.361938,0.000000,0.340065,0.000000,0.000000,0.000000,0.000000,0.000000,0.000000,0.000000,0.288127,0.000000,0.000000,0.000000,0.000000,0.000000,0.363387,0.000000,0.000000,0.000000,0.000000,0.000000,0.000000,0.000000,0.000000,0.000000,0.000000,0.000000,0.000000,0.000000,0.000000,0.000000,0.000000,0.000000,0.000000,0.000000,0.000000,0.000000,0.000000,0.000000,0.000000,0.000000,0.000000,0.000000,0.000000,0.000000,0.000000,0.000000,0.000000,0.000000,0.000000,0.000000,0.000000,0.000000,0.000000,0.000000,0.000000,0.000000,0.000000,0.000000,0.000000,0.000000,0.000000,0.000000,0.000000,0.000000,0.000000,0.000000,0.000000,0.000000,0.361352,0.000000,0.000000,0.000000,0.000000,0.000000,0.000000,0.000000
0.000000,0.000000,0.000000,0.340304,0.000000,0.365627,0.000000,0.329897,0.000000,0.000000,0.000000,0.000000,0.000000,0.000000,0.000000,0.260588,0.000000,0.000000,0.000000,0.000000,0.000000,0.000000,0.000000,0.000000,0.000000,0.372234,0.000000,0.000000,0.000000,0.364209,0.000000,0.000000,0.000000,0.000000,0.000000,0.000000,0.000000,0.000000,0.000000,0.000000,0.000000,0.000000,0.000000,0.000000,0.000000,0.000000,0.000000,0.000000,0.000000,0.000000,0.000000,0.000000,0.000000,0.000000,0.000000,0.000000,0.000000,0.000000,0.000000,0.000000,0.000000,0.000000,0.000000,0.000000,0.000000,0.000000,0.000000,0.000000,0.000000,0.000000,0.000000,0.000000,0.000000,0.000000,0.000000,0.000000,0.000000,0.000000,0.000000,0.000000,0.000000,0.000000,0.000000,0.000000,0.000000,0.000000,0.000000,0.000000,0.000000,0.000000
0.352009,0.000000,0.351134,0.000000,0.000000,0.000000,0.392527,0.000000,0.000000,0.000000,0.000000,0.000000,0.386959,0.000000,0.000000,0.000000,0.263974,0.000000,0.000000,0.000000,0.000000,0.000000,0.371130,0.000000,0.000000,0.000000,0.000000,0.000000,0.298804,0.000000,0.000000,0.000000,0.000000,0.000000,0.000000,0.000000,0.000000,0.000000,0.000000,0.000000,0.000000,0.000000,0.000000,0.000000,0.000000,0.000000,0.000000,0.000000,0.000000,0.000000,0.000000,0.000000,0.000000,0.000000,0.000000,0.000000,0.365787,0.000000,0.388908,0.000000,0.374219,0.000000,0.400497,0.000000,0.000000,0.000000,0.404622,0.000000,0.406448,0.000000,0.000000,0.000000,0.000000,0.000000,0.000000,0.000000,0.000000,0.440698,0.000000,0.000000,0.394974,0.000000,0.340444,0.000000,0.000000,0.000000,0.000000,0.000000,0.000000,0.000000
0.000000,0.375709,0.000000,0.000000,0.000000,0.000000,0.000000,0.379103,0.000000,0.000000,0.000000,0.000000,0.000000,0.364967,0.000000,0.348702,0.000000,0.298309,0.000000,0.000000,0.000000,0.000000,0.000000,0.000000,0.000000,0.000000,0.000000,0.000000,0.000000,0.284814,0.000000,0.000000,0.000000,0.000000,0.000000,0.000000,0.000000,0.000000,0.000000,0.000000,0.000000,0.000000,0.507417,0.000000,0.000000,0.000000,0.000000,0.495769,0.000000,0.000000,0.000000,0.000000,0.000000,0.000000,0.000000,0.000000,0.000000,0.379680,0.000000,0.000000,0.000000,0.000000,0.000000,0.000000,0.000000,0.000000,0.000000,0.000000,0.000000,0.000000,0.000000,0.000000,0.000000,0.000000,0.000000,0.000000,0.000000,0.000000,0.000000,0.000000,0.000000,0.402326,0.000000,0.000000,0.000000,0.407506,0.000000,0.000000,0.000000,0.000000
0.407256,0.000000,0.367719,0.000000,0.000000,0.000000,0.355033,0.000000,0.361938,0.000000,0.386959,0.000000,0.000000,0.000000,0.329927,0.000000,0.306885,0.482986,0.000000,0.000000,0.000000,0.000000,0.337150,0.000000,0.000000,0.000000,0.000000,0.000000,0.314641,0.575043,0.000000,0.000000,0.458911,0.000000,0.000000,0.000000,0.523223,0.577302,0.000000,0.000000,0.000000,0.000000,0.518543,0.000000,0.000000,0.000000,0.000000,0.000000,0.000000,0.000000,0.495198,0.000000,0.000000,0.000000,0.443178,0.000000,0.000000,0.000000,0.407979,0.000000,0.000000,0.000000,0.000000,0.000000,0.000000,0.000000,0.443193,0.000000,0.000000,0.000000,0.000000,0.000000,0.000000,0.000000,0.000000,0.000000,0.000000,0.000000,0.000000,0.000000,0.422850,0.000000,0.000000,0.000000,0.000000,0.000000,0.000000,0.000000,0.000000,0.000000
0.000000,0.398133,0.000000,0.000000,0.000000,0.000000,0.000000,0.344590,0.000000,0.000000,0.000000,0.364967,0.000000,0.000000,0.000000,0.329475,0.000000,0.293721,0.000000,0.000000,0.000000,0.000000,0.000000,0.000000,0.000000,0.000000,0.000000,0.000000,0.000000,0.358782,0.000000,0.000000,0.000000,0.000000,0.000000,0.000000,0.000000,0.000000,0.000000,0.000000,0.000000,0.000000,0.000000,0.000000,0.000000,0.000000,0.000000,0.000000,0.000000,0.000000,0.000000,0.000000,0.000000,0.000000,0.000000,0.000000,0.000000,0.000000,0.000000,0.000000,0.000000,0.000000,0.000000,0.000000,0.000000,0.000000,0.000000,0.000000,0.000000,0.000000,0.000000,0.000000,0.000000,0.000000,0.000000,0.000000,0.000000,0.000000,0.000000,0.000000,0.000000,0.000000,0.000000,0.000000,0.000000,0.385958,0.000000,0.000000,0.000000,0.000000
0.000000,0.000000,0.000000,0.000000,0.382888,0.000000,0.380532,0.000000,0.340065,0.000000,0.000000,0.000000,0.329927,0.000000,0.000000,0.000000,0.000000,0.000000,0.000000,0.000000,0.315834,0.000000,0.000000,0.000000,0.000000,0.000000,0.410074,0.000000,0.296568,0.000000,0.339374,0.000000,0.000000,0.000000,0.000000,0.000000,0.000000,0.000000,0.000000,0.000000,0.000000,0.000000,0.000000,0.000000,0.000000,0.000000,0.000000,0.000000,0.000000,0.000000,0.000000,0.000000,0.000000,0.000000,0.000000,0.000000,0.000000,0.000000,0.000000,0.000000,0.000000,0.000000,0.000000,0.000000,0.000000,0.000000,0.000000,0.000000,0.000000,0.000000,0.000000,0.000000,0.000000,0.000000,0.000000,0.000000,0.000000,0.000000,0.000000,0.000000,0.000000,0.000000,0.347843,0.000000,0.000000,0.000000,0.000000,0.000000,0.000000,0.000000
0.000000,0.000000,0.000000,0.000000,0.000000,0.270621,0.000000,0.347071,0.000000,0.260588,0.000000,0.348702,0.000000,0.329475,0.000000,0.000000,0.000000,0.000000,0.000000,0.000000,0.000000,0.321582,0.000000,0.000000,0.000000,0.000000,0.334494,0.310613,0.000000,0.334020,0.000000,0.328539,0.000000,0.000000,0.000000,0.000000,0.000000,0.000000,0.000000,0.000000,0.000000,0.000000,0.000000,0.000000,0.000000,0.000000,0.000000,0.000000,0.000000,0.000000,0.000000,0.000000,0.000000,0.000000,0.000000,0.000000,0.000000,0.000000,0.000000,0.000000,0.000000,0.000000,0.000000,0.000000,0.000000,0.000000,0.000000,0.000000,0.000000,0.000000,0.000000,0.000000,0.000000,0.270897,0.000000,0.000000,0.000000,0.000000,0.000000,0.000000,0.000000,0.000000,0.000000,0.287086,0.000000,0.000000,0.000000,0.000000,0.000000,0.000000
0.377777,0.000000,0.000000,0.000000,0.000000,0.000000,0.000000,0.000000,0.000000,0.000000,0.263974,0.000000,0.306885,0.000000,0.000000,0.000000,0.000000,0.000000,0.000000,0.000000,0.369873,0.000000,0.000000,0.000000,0.000000,0.000000,0.000000,0.000000,0.278551,0.000000,0.000000,0.000000,0.438728,0.000000,0.000000,0.000000,0.000000,0.000000,0.000000,0.000000,0.000000,0.000000,0.000000,0.000000,0.000000,0.000000,0.000000,0.000000,0.000000,0.000000,0.507954,0.000000,0.000000,0.000000,0.000000,0.000000,0.353655,0.000000,0.467273,0.000000,0.378667,0.000000,0.354021,0.000000,0.000000,0.000000,0.461374,0.000000,0.490738,0.000000,0.000000,0.000000,0.339115,0.642584,0.000000,0.631365,0.270494,0.000000,0.256594,0.000000,0.400218,0.000000,0.000000,0.000000,0.427425,0.000000,0.000000,0.000000,0.000000,0.000000
0.000000,0.344258,0.000000,0.000000,0.000000,0.000000,0.000000,0.300288,0.000000,0.000000,0.000000,0.298309,0.482986,0.293721,0.000000,0.000000,0.000000,0.000000,0.000000,0.000000,0.000000,0.000000,0.000000,0.000000,0.000000,0.000000,0.000000,0.000000,0.000000,0.278032,0.000000,0.000000,0.514389,0.504011,0.000000,0.481509,0.000000,0.000000,0.000000,0.000000,0.000000,0.000000,0.000000,0.000000,0.000000,0.000000,0.000000,0.000000,0.000000,0.000000,0.000000,0.000000,0.000000,0.000000,0.000000,0.000000,0.511881,0.411365,0.000000,0.441656,0.000000,0.421126,0.000000,0.352548,0.000000,0.418059,0.000000,0.467355,0.000000,0.000000,0.000000,0.000000,0.000000,0.000000,0.000000,0.000000,0.000000,0.000000,0.532444,0.302577,0.554913,0.357365,0.000000,0.000000,0.000000,0.409410,0.000000,0.000000,0.000000,0.418645
0.416831,0.519266,0.403523,0.500023,0.000000,0.000000,0.448745,0.000000,0.000000,0.000000,0.000000,0.000000,0.000000,0.000000,0.000000,0.000000,0.000000,0.000000,0.000000,0.454145,0.000000,0.000000,0.407557,0.000000,0.000000,0.000000,0.000000,0.000000,0.000000,0.000000,0.000000,0.000000,0.431798,0.438206,0.449355,0.000000,0.000000,0.568555,0.000000,0.527023,0.000000,0.000000,0.487610,0.000000,0.000000,0.000000,0.000000,0.000000,0.442911,0.000000,0.000000,0.000000,0.000000,0.000000,0.000000,0.000000,0.000000,0.457712,0.000000,0.000000,0.000000,0.000000,0.000000,0.000000,0.000000,0.000000,0.460894,0.436668,0.440594,0.466484,0.000000,0.000000,0.000000,0.488986,0.000000,0.000000,0.000000,0.479951,0.000000,0.000000,0.000000,0.000000,0.000000,0.000000,0.000000,0.000000,0.000000,0.000000,0.000000,0.000000
0.000000,0.393964,0.437600,0.377427,0.000000,0.000000,0.000000,0.475160,0.000000,0.000000,0.000000,0.000000,0.000000,0.000000,0.000000,0.000000,0.000000,0.000000,0.454145,0.000000,0.000000,0.000000,0.425231,0.353983,0.000000,0.000000,0.000000,0.000000,0.000000,0.000000,0.000000,0.000000,0.377968,0.471894,0.000000,0.000000,0.000000,0.500339,0.000000,0.473586,0.000000,0.000000,0.000000,0.000000,0.000000,0.000000,0.000000,0.000000,0.000000,0.000000,0.000000,0.000000,0.000000,0.000000,0.000000,0.000000,0.000000,0.420994,0.000000,0.000000,0.000000,0.000000,0.000000,0.000000,0.000000,0.000000,0.000000,0.436392,0.483602,0.359432,0.000000,0.000000,0.000000,0.385233,0.000000,0.000000,0.000000,0.474758,0.000000,0.000000,0.000000,0.000000,0.000000,0.000000,0.000000,0.000000,0.000000,0.000000,0.000000,0.000000
0.000000,0.000000,0.000000,0.000000,0.278857,0.000000,0.000000,0.000000,0.000000,0.000000,0.000000,0.000000,0.000000,0.000000,0.315834,0.000000,0.369873,0.000000,0.000000,0.000000,0.000000,0.000000,0.000000,0.000000,0.000000,0.213713,0.300862,0.000000,0.390293,0.341968,0.000000,0.000000,0.410869,0.000000,0.000000,0.000000,0.441229,0.000000,0.514279,0.000000,0.460498,0.000000,0.000000,0.000000,0.000000,0.000000,0.000000,0.000000,0.000000,0.000000,0.471408,0.000000,0.000000,0.000000,0.487799,0.000000,0.000000,0.000000,0.000000,0.000000,0.000000,0.000000,0.000000,0.000000,0.000000,0.000000,0.000000,0.000000,0.000000,0.000000,0.376331,0.341973,0.427383,0.000000,0.000000,0.000000,0.359115,0.000000,0.000000,0.000000,0.000000,0.000000,0.352249,0.000000,0.000000,0.000000,0.000000,0.000000,0.000000,0.000000
0.000000,0.000000,0.000000,0.000000,0.000000,0.284180,0.000000,0.000000,0.000000,0.000000,0.000000,0.000000,0.000000,0.000000,0.000000,0.321582,0.000000,0.000000,0.000000,0.000000,0.000000,0.000000,0.000000,0.000000,0.000000,0.230789,0.355178,0.273435,0.000000,0.342122,0.000000,0.000000,0.000000,0.000000,0.000000,0.000000,0.000000,0.400936,0.000000,0.434552,0.000000,0.000000,0.528844,0.546995,0.532211,0.000000,0.000000,0.000000,0.522934,0.000000,0.000000,0.000000,0.000000,0.000000,0.000000,0.390768,0.000000,0.000000,0.000000,0.000000,0.000000,0.000000,0.000000,0.000000,0.000000,0.000000,0.000000,0.000000,0.000000,0.000000,0.000000,0.334548,0.000000,0.367882,0.000000,0.000000,0.000000,0.000000,0.000000,0.000000,0.000000,0.000000,0.000000,0.325342,0.000000,0.000000,0.000000,0.000000,0.000000,0.000000
0.000000,0.000000,0.349850,0.399920,0.234394,0.000000,0.392146,0.424764,0.288127,0.000000,0.371130,0.000000,0.337150,0.000000,0.000000,0.000000,0.000000,0.000000,0.407557,0.425231,0.000000,0.000000,0.000000,0.451669,0.248572,0.000000,0.000000,0.000000,0.000000,0.000000,0.269012,0.255082,0.451796,0.421646,0.000000,0.000000,0.512704,0.000000,0.000000,0.000000,0.546895,0.000000,0.000000,0.000000,0.000000,0.000000,0.000000,0.000000,0.000000,0.000000,0.000000,0.000000,0.000000,0.000000,0.000000,0.000000,0.000000,0.000000,0.000000,0.000000,0.000000,0.000000,0.000000,0.000000,0.000000,0.000000,0.478996,0.425262,0.627025,0.000000,0.000000,0.440487,0.000000,0.000000,0.000000,0.000000,0.000000,0.511177,0.000000,0.000000,0.000000,0.000000,0.000000,0.000000,0.000000,0.000000,0.000000,0.000000,0.000000,0.000000
0.000000,0.000000,0.450424,0.335488,0.000000,0.000000,0.459671,0.356088,0.000000,0.000000,0.000000,0.000000,0.000000,0.000000,0.000000,0.000000,0.000000,0.000000,0.000000,0.353983,0.000000,0.000000,0.451669,0.000000,0.275462,0.278957,0.000000,0.000000,0.000000,0.000000,0.378600,0.333020,0.000000,0.481336,0.000000,0.000000,0.000000,0.000000,0.000000,0.000000,0.000000,0.000000,0.000000,0.000000,0.000000,0.000000,0.000000,0.000000,0.000000,0.000000,0.000000,0.000000,0.000000,0.000000,0.000000,0.000000,0.000000,0.000000,0.000000,0.000000,0.000000,0.000000,0.000000,0.000000,0.000000,0.000000,0.000000,0.433016,0.000000,0.000000,0.000000,0.000000,0.000000,0.000000,0.000000,0.000000,0.000000,0.000000,0.000000,0.000000,0.000000,0.000000,0.000000,0.000000,0.000000,0.000000,0.000000,0.000000,0.000000,0.000000
0.000000,0.000000,0.000000,0.000000,0.356099,0.000000,0.000000,0.000000,0.000000,0.000000,0.000000,0.000000,0.000000,0.000000,0.000000,0.000000,0.000000,0.000000,0.000000,0.000000,0.000000,0.000000,0.248572,0.275462,0.000000,0.327542,0.351283,0.380339,0.000000,0.000000,0.330366,0.000000,0.000000,0.000000,0.000000,0.000000,0.000000,0.000000,0.000000,0.000000,0.000000,0.000000,0.000000,0.000000,0.000000,0.000000,0.000000,0.000000,0.000000,0.000000,0.000000,0.000000,0.000000,0.000000,0.000000,0.000000,0.000000,0.000000,0.000000,0.000000,0.000000,0.000000,0.000000,0.000000,0.000000,0.000000,0.000000,0.000000,0.000000,0.000000,0.000000,0.000000,0.000000,0.000000,0.000000,0.000000,0.000000,0.000000,0.000000,0.000000,0.000000,0.000000,0.000000,0.000000,0.000000,0.000000,0.000000,0.000000,0.000000,0.000000
0.000000,0.000000,0.000000,0.250359,0.000000,0.294927,0.000000,0.000000,0.000000,0.372234,0.000000,0.000000,0.000000,0.000000,0.000000,0.000000,0.000000,0.000000,0.000000,0.000000,0.213713,0.230789,0.000000,0.278957,0.327542,0.000000,0.356579,0.255201,0.000000,0.285219,0.284626,0.298085,0.000000,0.000000,0.000000,0.000000,0.000000,0.000000,0.000000,0.000000,0.000000,0.000000,0.000000,0.000000,0.000000,0.000000,0.000000,0.000000,0.000000,0.000000,0.000000,0.000000,0.000000,0.000000,0.000000,0.000000,0.000000,0.000000,0.000000,0.000000,0.000000,0.000000,0.000000,0.000000,0.000000,0.000000,0.000000,0.000000,0.000000,0.000000,0.000000,0.000000,0.000000,0.000000,0.000000,0.000000,0.000000,0.000000,0.000000,0.000000,0.000000,0.000000,0.000000,0.000000,0.000000,0.000000,0.000000,0.000000,0.000000,0.000000
0.000000,0.000000,0.000000,0.000000,0.351301,0.423837,0.000000,0.000000,0.000000,0.000000,0.000000,0.000000,0.000000,0.000000,0.410074,0.334494,0.000000,0.000000,0.000000,0.000000,0.300862,0.355178,0.000000,0.000000,0.351283,0.356579,0.000000,0.381049,0.375062,0.335728,0.350550,0.000000,0.000000,0.000000,0.000000,0.000000,0.388783,0.413797,0.431749,0.000000,0.000000,0.469864,0.000000,0.000000,0.000000,0.000000,0.000000,0.000000,0.000000,0.000000,0.000000,0.000000,0.000000,0.000000,0.478904,0.396297,0.000000,0.000000,0.000000,0.000000,0.000000,0.000000,0.000000,0.000000,0.000000,0.000000,0.000000,0.000000,0.000000,0.000000,0.314088,0.338491,0.428318,0.395173,0.000000,0.000000,0.000000,0.000000,0.000000,0.000000,0.399757,0.000000,0.000000,0.000000,0.000000,0.000000,0.000000,0.000000,0.000000,0.000000
0.000000,0.000000,0.000000,0.000000,0.000000,0.000000,0.000000,0.000000,0.000000,0.000000,0.000000,0.000000,0.000000,0.000000,0.000000,0.310613,0.000000,0.000000,0.000000,0.000000,0.000000,0.273435,0.000000,0.000000,0.380339,0.255201,0.381049,0.000000,0.000000,0.421133,0.384204,0.277204,0.000000,0.000000,0.000000,0.000000,0.000000,0.415726,0.000000,0.414175,0.000000,0.465907,0.000000,0.000000,0.000000,0.000000,0.000000,0.000000,0.000000,0.000000,0.000000,0.000000,0.000000,0.000000,0.000000,0.404525,0.000000,0.000000,0.000000,0.000000,0.000000,0.000000,0.000000,0.000000,0.000000,0.000000,0.000000,0.000000,0.000000,0.000000,0.000000,0.000000,0.000000,0.427131,0.000000,0.000000,0.000000,0.000000,0.000000,0.000000,0.000000,0.000000,0.000000,0.325029,0.000000,0.000000,0.000000,0.306992,0.000000,0.000000
0.440084,0.000000,0.447695,0.000000,0.433250,0.000000,0.395074,0.512706,0.363387,0.000000,0.298804,0.000000,0.314641,0.000000,0.296568,0.000000,0.278551,0.000000,0.000000,0.000000,0.390293,0.000000,0.000000,0.000000,0.000000,0.000000,0.375062,0.000000,0.000000,0.594266,0.000000,0.000000,0.515387,0.571699,0.000000,0.633909,0.509918,0.619939,0.436710,0.648522,0.391462,0.000000,0.537944,0.000000,0.000000,0.000000,0.000000,0.636601,0.000000,0.000000,0.509232,0.000000,0.000000,0.000000,0.461680,0.000000,0.363567,0.000000,0.434343,0.000000,0.365713,0.000000,0.344320,0.000000,0.000000,0.000000,0.510647,0.531912,0.481338,0.000000,0.337105,0.000000,0.383829,0.622105,0.000000,0.632440,0.000000,0.544651,0.297758,0.000000,0.410530,0.483693,0.328611,0.000000,0.438611,0.000000,0.000000,0.000000,0.000000,0.000000
0.000000,0.365162,0.521636,0.412981,0.000000,0.274188,0.000000,0.370365,0.000000,0.364209,0.000000,0.284814,0.575043,0.358782,0.000000,0.334020,0.000000,0.278032,0.000000,0.000000,0.341968,0.342122,0.000000,0.000000,0.000000,0.285219,0.335728,0.421133,0.594266,0.000000,0.000000,0.281677,0.551269,0.537948,0.562082,0.490423,0.640836,0.438919,0.602231,0.516977,0.000000,0.000000,0.473604,0.522858,0.500008,0.511415,0.000000,0.455111,0.470402,0.000000,0.000000,0.000000,0.000000,0.000000,0.000000,0.459983,0.550794,0.486986,0.471676,0.477913,0.000000,0.403620,0.541808,0.315883,0.000000,0.389377,0.451815,0.517643,0.000000,0.000000,0.000000,0.350022,0.578950,0.388561,0.000000,0.000000,0.000000,0.000000,0.569488,0.285405,0.559610,0.409033,0.000000,0.345473,0.534219,0.398947,0.000000,0.363391,0.000000,0.411749
0.000000,0.000000,0.302442,0.437942,0.310980,0.000000,0.298295,0.000000,0.000000,0.000000,0.000000,0.000000,0.000000,0.000000,0.339374,0.000000,0.000000,0.000000,0.000000,0.000000,0.000000,0.000000,0.269012,0.378600,0.330366,0.284626,0.350550,0.384204,0.000000,0.000000,0.000000,0.295422,0.286794,0.000000,0.000000,0.000000,0.000000,0.000000,0.000000,0.000000,0.000000,0.000000,0.000000,0.000000,0.000000,0.000000,0.000000,0.000000,0.000000,0.000000,0.000000,0.000000,0.000000,0.000000,0.000000,0.000000,0.000000,0.000000,0.000000,0.000000,0.000000,0.000000,0.000000,0.000000,0.000000,0.000000,0.000000,0.000000,0.000000,0.000000,0.000000,0.000000,0.000000,0.000000,0.000000,0.000000,0.000000,0.000000,0.000000,0.000000,0.000000,0.000000,0.000000,0.000000,0.000000,0.000000,0.000000,0.000000,0.000000,0.000000
0.000000,0.000000,0.000000,0.381646,0.000000,0.000000,0.546968,0.390087,0.000000,0.000000,0.000000,0.000000,0.000000,0.000000,0.000000,0.328539,0.000000,0.000000,0.000000,0.000000,0.000000,0.000000,0.255082,0.333020,0.000000,0.298085,0.000000,0.277204,0.000000,0.281677,0.295422,0.000000,0.000000,0.000000,0.000000,0.000000,0.000000,0.000000,0.000000,0.000000,0.000000,0.000000,0.000000,0.000000,0.000000,0.000000,0.000000,0.000000,0.000000,0.000000,0.000000,0.000000,0.000000,0.000000,0.000000,0.000000,0.000000,0.000000,0.000000,0.000000,0.000000,0.000000,0.000000,0.000000,0.000000,0.000000,0.000000,0.000000,0.000000,0.000000,0.000000,0.000000,0.000000,0.000000,0.000000,0.000000,0.000000,0.000000,0.000000,0.000000,0.000000,0.000000,0.000000,0.318301,0.000000,0.000000,0.000000,0.000000,0.000000,0.000000
0.000000,0.492606,0.453251,0.493681,0.000000,0.000000,0.408509,0.434088,0.000000,0.000000,0.000000,0.000000,0.458911,0.000000,0.000000,0.000000,0.438728,0.514389,0.431798,0.377968,0.410869,0.000000,0.451796,0.000000,0.000000,0.000000,0.000000,0.000000,0.515387,0.551269,0.286794,0.000000,0.000000,0.412000,0.363958,0.313814,0.545057,0.560999,0.566827,0.606579,0.000000,0.000000,0.466762,0.000000,0.326998,0.000000,0.000000,0.000000,0.000000,0.000000,0.000000,0.000000,0.000000,0.000000,0.000000,0.000000,0.000000,0.473022,0.401020,0.000000,0.365801,0.000000,0.406227,0.000000,0.352772,0.000000,0.398438,0.407233,0.400730,0.441012,0.382776,0.434982,0.567002,0.000000,0.000000,0.000000,0.436519,0.466588,0.549320,0.000000,0.475715,0.502562,0.000000,0.000000,0.337791,0.468778,0.000000,0.000000,0.000000,0.000000
0.000000,0.346343,0.477347,0.472269,0.000000,0.000000,0.472244,0.458319,0.000000,0.000000,0.000000,0.000000,0.000000,0.000000,0.000000,0.000000,0.000000,0.504011,0.438206,0.471894,0.000000,0.000000,0.421646,0.481336,0.000000,0.000000,0.000000,0.000000,0.571699,0.537948,0.000000,0.000000,0.412000,0.000000,0.387522,0.326512,0.608189,0.525101,0.510903,0.623879,0.000000,0.000000,0.000000,0.000000,0.000000,0.000000,0.000000,0.000000,0.000000,0.000000,0.000000,0.000000,0.000000,0.000000,0.000000,0.000000,0.000000,0.446812,0.000000,0.000000,0.000000,0.000000,0.000000,0.000000,0.000000,0.000000,0.417911,0.401348,0.461450,0.365241,0.000000,0.360398,0.000000,0.568461,0.000000,0.000000,0.528717,0.478421,0.000000,0.000000,0.516469,0.491496,0.000000,0.000000,0.000000,0.473562,0.000000,0.000000,0.000000,0.000000
0.000000,0.000000,0.391890,0.000000,0.000000,0.000000,0.400182,0.000000,0.000000,0.000000,0.000000,0.000000,0.000000,0.000000,0.000000,0.000000,0.000000,0.000000,0.449355,0.000000,0.000000,0.000000,0.000000,0.000000,0.000000,0.000000,0.000000,0.000000,0.000000,0.562082,0.000000,0.000000,0.363958,0.387522,0.000000,0.407803,0.524756,0.000000,0.000000,0.000000,0.000000,0.000000,0.510801,0.514268,0.515265,0.507864,0.356515,0.385788,0.484309,0.000000,0.496148,0.000000,0.000000,0.000000,0.334542,0.336471,0.480194,0.000000,0.000000,0.000000,0.000000,0.000000,0.461088,0.000000,0.466185,0.000000,0.464983,0.416386,0.000000,0.000000,0.355061,0.465731,0.000000,0.563434,0.000000,0.000000,0.000000,0.000000,0.467922,0.000000,0.470516,0.478632,0.000000,0.000000,0.432718,0.492446,0.000000,0.000000,0.000000,0.000000
0.000000,0.000000,0.000000,0.000000,0.000000,0.000000,0.000000,0.371048,0.000000,0.000000,0.000000,0.000000,0.000000,0.000000,0.000000,0.000000,0.000000,0.481509,0.000000,0.000000,0.000000,0.000000,0.000000,0.000000,0.000000,0.000000,0.000000,0.000000,0.633909,0.490423,0.000000,0.000000,0.313814,0.326512,0.407803,0.000000,0.503440,0.000000,0.000000,0.000000,0.000000,0.000000,0.526944,0.522804,0.558432,0.000000,0.000000,0.000000,0.518245,0.000000,0.000000,0.000000,0.000000,0.000000,0.000000,0.443018,0.000000,0.000000,0.000000,0.000000,0.000000,0.000000,0.432190,0.000000,0.527888,0.000000,0.379032,0.528547,0.000000,0.000000,0.000000,0.000000,0.636904,0.000000,0.000000,0.000000,0.000000,0.000000,0.000000,0.000000,0.596496,0.461378,0.000000,0.000000,0.532909,0.430872,0.000000,0.000000,0.000000,0.000000
0.526332,0.000000,0.574383,0.000000,0.380257,0.000000,0.593500,0.566181,0.000000,0.000000,0.000000,0.000000,0.523223,0.000000,0.000000,0.000000,0.000000,0.000000,0.000000,0.000000,0.441229,0.000000,0.512704,0.000000,0.000000,0.000000,0.388783,0.000000,0.509918,0.640836,0.000000,0.000000,0.545057,0.608189,0.524756,0.503440,0.000000,0.523781,0.391898,0.667613,0.393583,0.000000,0.461255,0.000000,0.000000,0.532038,0.000000,0.000000,0.000000,0.000000,0.523836,0.000000,0.000000,0.000000,0.000000,0.000000,0.000000,0.000000,0.523765,0.000000,0.000000,0.000000,0.504481,0.000000,0.000000,0.000000,0.514923,0.686832,0.529126,0.000000,0.000000,0.000000,0.547798,0.562360,0.563196,0.000000,0.000000,0.552899,0.000000,0.000000,0.523943,0.000000,0.000000,0.000000,0.434018,0.000000,0.000000,0.000000,0.000000,0.000000
0.544945,0.528659,0.000000,0.537817,0.000000,0.000000,0.000000,0.000000,0.000000,0.000000,0.000000,0.000000,0.577302,0.000000,0.000000,0.000000,0.000000,0.000000,0.568555,0.500339,0.000000,0.400936,0.000000,0.000000,0.000000,0.000000,0.413797,0.415726,0.619939,0.438919,0.000000,0.000000,0.560999,0.525101,0.000000,0.000000,0.523781,0.000000,0.000000,0.356117,0.000000,0.313480,0.548719,0.000000,0.000000,0.000000,0.000000,0.387330,0.000000,0.000000,0.000000,0.000000,0.000000,0.000000,0.000000,0.259774,0.000000,0.000000,0.000000,0.000000,0.000000,0.000000,0.000000,0.000000,0.000000,0.000000,0.000000,0.514119,0.563215,0.000000,0.000000,0.000000,0.000000,0.485519,0.000000,0.000000,0.000000,0.000000,0.577384,0.000000,0.640701,0.419428,0.000000,0.000000,0.000000,0.000000,0.000000,0.000000,0.000000,0.000000
0.000000,0.000000,0.576980,0.000000,0.474727,0.000000,0.000000,0.569910,0.000000,0.000000,0.000000,0.000000,0.000000,0.000000,0.000000,0.000000,0.000000,0.000000,0.000000,0.000000,0.514279,0.000000,0.000000,0.000000,0.000000,0.000000,0.431749,0.000000,0.436710,0.602231,0.000000,0.000000,0.566827,0.510903,0.000000,0.000000,0.391898,0.000000,0.000000,0.604344,0.368545,0.000000,0.000000,0.000000,0.000000,0.000000,0.489933,0.000000,0.000000,0.000000,0.525394,0.000000,0.000000,0.000000,0.373264,0.000000,0.000000,0.000000,0.000000,0.000000,0.000000,0.000000,0.000000,0.000000,0.000000,0.000000,0.000000,0.000000,0.521576,0.000000,0.526049,0.000000,0.476901,0.641375,0.724743,0.000000,0.000000,0.536410,0.000000,0.000000,0.471665,0.000000,0.364374,0.000000,0.506533,0.000000,0.245891,0.000000,0.000000,0.000000
0.546049,0.000000,0.000000,0.515769,0.000000,0.000000,0.000000,0.000000,0.000000,0.000000,0.000000,0.000000,0.000000,0.000000,0.000000,0.000000,0.000000,0.000000,0.527023,0.473586,0.000000,0.434552,0.000000,0.000000,0.000000,0.000000,0.000000,0.414175,0.648522,0.516977,0.000000,0.000000,0.606579,0.623879,0.000000,0.000000,0.667613,0.356117,0.604344,0.000000,0.000000,0.359367,0.000000,0.450957,0.000000,0.453375,0.000000,0.436382,0.000000,0.000000,0.000000,0.000000,0.000000,0.000000,0.000000,0.330694,0.582734,0.000000,0.000000,0.000000,0.000000,0.000000,0.000000,0.000000,0.000000,0.000000,0.400286,0.449649,0.000000,0.000000,0.000000,0.000000,0.652953,0.377098,0.000000,0.000000,0.000000,0.000000,0.672372,0.000000,0.589636,0.515064,0.000000,0.341863,0.000000,0.472232,0.000000,0.335664,0.000000,0.285224
0.545577,0.000000,0.577043,0.000000,0.000000,0.000000,0.000000,0.000000,0.000000,0.000000,0.000000,0.000000,0.000000,0.000000,0.000000,0.000000,0.000000,0.000000,0.000000,0.000000,0.460498,0.000000,0.546895,0.000000,0.000000,0.000000,0.000000,0.000000,0.391462,0.000000,0.000000,0.000000,0.000000,0.000000,0.000000,0.000000,0.393583,0.000000,0.368545,0.000000,0.000000,0.000000,0.000000,0.000000,0.000000,0.000000,0.000000,0.000000,0.000000,0.000000,0.000000,0.000000,0.000000,0.000000,0.370821,0.000000,0.000000,0.000000,0.000000,0.000000,0.000000,0.000000,0.000000,0.000000,0.000000,0.000000,0.000000,0.000000,0.000000,0.000000,0.000000,0.000000,0.532901,0.000000,0.643213,0.000000,0.000000,0.535523,0.000000,0.000000,0.000000,0.000000,0.000000,0.000000,0.000000,0.000000,0.000000,0.000000,0.000000,0.000000
0.000000,0.000000,0.000000,0.000000,0.000000,0.000000,0.000000,0.000000,0.000000,0.000000,0.000000,0.000000,0.000000,0.000000,0.000000,0.000000,0.000000,0.000000,0.000000,0.000000,0.000000,0.000000,0.000000,0.000000,0.000000,0.000000,0.469864,0.465907,0.000000,0.000000,0.000000,0.000000,0.000000,0.000000,0.000000,0.000000,0.000000,0.313480,0.000000,0.359367,0.000000,0.000000,0.000000,0.000000,0.000000,0.000000,0.000000,0.000000,0.000000,0.000000,0.000000,0.000000,0.000000,0.000000,0.000000,0.353022,0.000000,0.000000,0.000000,0.000000,0.000000,0.000000,0.000000,0.000000,0.000000,0.000000,0.000000,0.000000,0.000000,0.000000,0.000000,0.000000,0.000000,0.383297,0.000000,0.496979,0.000000,0.000000,0.000000,0.000000,0.000000,0.000000,0.000000,0.000000,0.000000,0.000000,0.000000,0.000000,0.000000,0.000000
0.000000,0.000000,0.508568,0.000000,0.000000,0.000000,0.000000,0.000000,0.000000,0.000000,0.000000,0.507417,0.518543,0.000000,0.000000,0.000000,0.000000,0.000000,0.487610,0.000000,0.000000,0.528844,0.000000,0.000000,0.000000,0.000000,0.000000,0.000000,0.537944,0.473604,0.000000,0.000000,0.466762,0.000000,0.510801,0.526944,0.461255,0.548719,0.000000,0.000000,0.000000,0.000000,0.000000,0.430580,0.454549,0.343262,0.393706,0.386775,0.590969,0.000000,0.428110,0.000000,0.273825,0.377218,0.401926,0.439820,0.000000,0.000000,0.426112,0.000000,0.000000,0.000000,0.000000,0.000000,0.000000,0.432590,0.471385,0.529593,0.493158,0.000000,0.000000,0.000000,0.000000,0.000000,0.000000,0.000000,0.000000,0.000000,0.000000,0.000000,0.530959,0.521363,0.000000,0.454272,0.474149,0.514099,0.430264,0.000000,0.336130,0.511932
0.000000,0.000000,0.000000,0.000000,0.000000,0.000000,0.000000,0.472276,0.000000,0.000000,0.000000,0.000000,0.000000,0.000000,0.000000,0.000000,0.000000,0.000000,0.000000,0.000000,0.000000,0.546995,0.000000,0.000000,0.000000,0.000000,0.000000,0.000000,0.000000,0.522858,0.000000,0.000000,0.000000,0.000000,0.514268,0.522804,0.000000,0.000000,0.000000,0.450957,0.000000,0.000000,0.430580,0.000000,0.563893,0.432167,0.309106,0.381252,0.634701,0.320907,0.554616,0.249368,0.000000,0.435386,0.526675,0.438979,0.000000,0.000000,0.000000,0.000000,0.000000,0.000000,0.000000,0.000000,0.000000,0.000000,0.509662,0.440827,0.000000,0.000000,0.000000,0.484025,0.000000,0.503547,0.000000,0.516527,0.000000,0.000000,0.000000,0.000000,0.000000,0.471788,0.000000,0.456759,0.000000,0.478686,0.000000,0.432346,0.000000,0.466878
0.000000,0.000000,0.000000,0.000000,0.000000,0.000000,0.000000,0.000000,0.000000,0.000000,0.000000,0.000000,0.000000,0.000000,0.000000,0.000000,0.000000,0.000000,0.000000,0.000000,0.000000,0.532211,0.000000,0.000000,0.000000,0.000000,0.000000,0.000000,0.000000,0.500008,0.000000,0.000000,0.326998,0.000000,0.515265,0.558432,0.000000,0.000000,0.000000,0.000000,0.000000,0.000000,0.454549,0.563893,0.000000,0.273644,0.409068,0.489198,0.456847,0.000000,0.451135,0.000000,0.000000,0.000000,0.375033,0.480830,0.000000,0.000000,0.000000,0.000000,0.000000,0.000000,0.000000,0.000000,0.000000,0.000000,0.343859,0.504183,0.000000,0.000000,0.367861,0.000000,0.000000,0.000000,0.000000,0.000000,0.000000,0.000000,0.000000,0.000000,0.000000,0.529665,0.000000,0.000000,0.000000,0.000000,0.446330,0.000000,0.000000,0.000000
0.000000,0.000000,0.000000,0.000000,0.000000,0.000000,0.000000,0.000000,0.000000,0.000000,0.000000,0.000000,0.000000,0.000000,0.000000,0.000000,0.000000,0.000000,0.000000,0.000000,0.000000,0.000000,0.000000,0.000000,0.000000,0.000000,0.000000,0.000000,0.000000,0.511415,0.000000,0.000000,0.000000,0.000000,0.507864,0.000000,0.532038,0.000000,0.000000,0.453375,0.000000,0.000000,0.343262,0.432167,0.273644,0.000000,0.000000,0.000000,0.399628,0.354055,0.586013,0.327142,0.000000,0.000000,0.000000,0.476421,0.000000,0.000000,0.000000,0.319778,0.000000,0.000000,0.000000,0.000000,0.000000,0.000000,0.517030,0.378901,0.000000,0.000000,0.000000,0.000000,0.000000,0.000000,0.000000,0.000000,0.000000,0.000000,0.000000,0.000000,0.586417,0.480540,0.000000,0.000000,0.000000,0.485846,0.000000,0.000000,0.000000,0.454804
0.000000,0.000000,0.000000,0.000000,0.000000,0.000000,0.000000,0.470831,0.000000,0.000000,0.000000,0.000000,0.000000,0.000000,0.000000,0.000000,0.000000,0.000000,0.000000,0.000000,0.000000,0.000000,0.000000,0.000000,0.000000,0.000000,0.000000,0.000000,0.000000,0.000000,0.000000,0.000000,0.000000,0.000000,0.356515,0.000000,0.000000,0.000000,0.489933,0.000000,0.000000,0.000000,0.393706,0.309106,0.409068,0.000000,0.000000,0.348022,0.375526,0.000000,0.402325,0.000000,0.365576,0.427695,0.371676,0.410678,0.000000,0.000000,0.000000,0.000000,0.000000,0.000000,0.000000,0.000000,0.000000,0.000000,0.468315,0.360865,0.000000,0.000000,0.000000,0.000000,0.000000,0.000000,0.000000,0.000000,0.000000,0.000000,0.000000,0.000000,0.510490,0.000000,0.000000,0.471319,0.499824,0.505299,0.000000,0.000000,0.000000,0.000000
0.000000,0.000000,0.000000,0.000000,0.000000,0.000000,0.000000,0.469088,0.000000,0.000000,0.000000,0.495769,0.000000,0.000000,0.000000,0.000000,0.000000,0.000000,0.000000,0.000000,0.000000,0.000000,0.000000,0.000000,0.000000,0.000000,0.000000,0.000000,0.636601,0.455111,0.000000,0.000000,0.000000,0.000000,0.385788,0.000000,0.000000,0.387330,0.000000,0.436382,0.000000,0.000000,0.386775,0.381252,0.489198,0.000000,0.348022,0.000000,0.000000,0.000000,0.486493,0.000000,0.000000,0.366363,0.000000,0.373081,0.000000,0.000000,0.000000,0.000000,0.000000,0.000000,0.000000,0.000000,0.000000,0.000000,0.402471,0.369392,0.000000,0.000000,0.000000,0.000000,0.000000,0.000000,0.000000,0.000000,0.000000,0.000000,0.000000,0.000000,0.562664,0.498106,0.000000,0.469073,0.557162,0.503827,0.000000,0.000000,0.000000,0.532037
0.000000,0.000000,0.544933,0.000000,0.000000,0.000000,0.000000,0.000000,0.000000,0.000000,0.000000,0.000000,0.000000,0.000000,0.000000,0.000000,0.000000,0.000000,0.442911,0.000000,0.000000,0.522934,0.000000,0.000000,0.000000,0.000000,0.000000,0.000000,0.000000,0.470402,0.000000,0.000000,0.000000,0.000000,0.484309,0.518245,0.000000,0.000000,0.000000,0.000000,0.000000,0.000000,0.590969,0.634701,0.456847,0.399628,0.375526,0.000000,0.000000,0.000000,0.332861,0.000000,0.000000,0.000000,0.442288,0.000000,0.000000,0.000000,0.369376,0.000000,0.000000,0.000000,0.000000,0.000000,0.000000,0.000000,0.424730,0.595785,0.000000,0.000000,0.000000,0.000000,0.000000,0.000000,0.000000,0.000000,0.000000,0.000000,0.000000,0.000000,0.529514,0.523704,0.000000,0.000000,0.000000,0.492073,0.000000,0.000000,0.000000,0.000000
