0.000000,0.000000,0.382628,0.000000,0.000000,0.000000,0.376851,0.000000,0.000000,0.000000,0.397827,0.000000,0.406831,0.000000,0.000000,0.000000,0.287279,0.000000,0.000000,0.000000,0.000000,0.000000,0.000000,0.000000,0.000000,0.000000,0.000000,0.000000,0.000000,0.000000,0.000000,0.000000,0.000000,0.000000,0.000000,0.000000,0.000000,0.000000,0.000000,0.000000,0.000000,0.000000,0.000000,0.000000,0.000000,0.000000,0.000000,0.000000,0.000000,0.000000,0.000000,0.000000,0.000000,0.000000,0.000000,0.000000,0.422602,0.000000,0.424112,0.000000,0.440242,0.000000,0.468923,0.000000,0.000000,0.000000,0.000000,0.000000,0.408934,0.000000,0.000000,0.000000,0.419126,0.000000,0.446884,0.000000,0.000000,0.000000,0.000000,0.000000,0.437496,0.000000,0.000000,0.000000,0.505309,0.000000,0.000000,0.000000,0.000000,0.000000
0.000000,0.000000,0.000000,0.346533,0.000000,0.000000,0.000000,0.415365,0.000000,0.000000,0.000000,0.422332,0.000000,0.467769,0.000000,0.000000,0.000000,0.394345,0.000000,0.272436,0.000000,0.000000,0.000000,0.000000,0.000000,0.000000,0.000000,0.000000,0.000000,0.000000,0.000000,0.000000,0.000000,0.000000,0.000000,0.000000,0.000000,0.000000,0.000000,0.000000,0.000000,0.000000,0.000000,0.000000,0.000000,0.000000,0.000000,0.000000,0.000000,0.000000,0.000000,0.000000,0.000000,0.000000,0.000000,0.000000,0.000000,0.448814,0.000000,0.465386,0.000000,0.467115,0.000000,0.479525,0.000000,0.485437,0.000000,0.505580,0.000000,0.304960,0.000000,0.000000,0.000000,0.450485,0.000000,0.447592,0.000000,0.000000,0.000000,0.000000,0.000000,0.000000,0.000000,0.000000,0.000000,0.000000,0.000000,0.000000,0.000000,0.000000
0.382628,0.000000,0.000000,0.481813,0.257078,0.000000,0.367993,0.000000,0.323470,0.000000,0.000000,0.000000,0.355626,0.000000,0.000000,0.000000,0.391931,0.000000,0.334587,0.514967,0.000000,0.000000,0.296900,0.506955,0.000000,0.000000,0.000000,0.000000,0.375971,0.000000,0.000000,0.000000,0.000000,0.000000,0.000000,0.000000,0.000000,0.000000,0.000000,0.000000,0.000000,0.000000,0.518057,0.000000,0.000000,0.000000,0.522199,0.000000,0.475321,0.000000,0.504928,0.000000,0.516486,0.000000,0.000000,0.000000,0.000000,0.000000,0.000000,0.000000,0.000000,0.000000,0.398061,0.000000,0.000000,0.000000,0.000000,0.000000,0.241657,0.000000,0.000000,0.000000,0.432607,0.000000,0.443459,0.000000,0.454525,0.000000,0.000000,0.000000,0.425600,0.000000,0.000000,0.000000,0.455401,0.564883,0.000000,0.000000,0.000000,0.530930
0.000000,0.346533,0.481813,0.000000,0.470287,0.300288,0.000000,0.380872,0.000000,0.334233,0.000000,0.000000,0.000000,0.338111,0.000000,0.353135,0.000000,0.000000,0.000000,0.364361,0.368977,0.000000,0.524917,0.335318,0.450896,0.290229,0.000000,0.000000,0.000000,0.000000,0.000000,0.367197,0.000000,0.000000,0.000000,0.000000,0.000000,0.000000,0.000000,0.000000,0.000000,0.000000,0.000000,0.000000,0.000000,0.000000,0.000000,0.000000,0.000000,0.000000,0.000000,0.000000,0.000000,0.000000,0.000000,0.000000,0.000000,0.000000,0.000000,0.000000,0.000000,0.000000,0.000000,0.437775,0.000000,0.000000,0.000000,0.000000,0.000000,0.000000,0.000000,0.000000,0.000000,0.414716,0.000000,0.435094,0.569041,0.422199,0.000000,0.000000,0.000000,0.000000,0.000000,0.000000,0.000000,0.000000,0.000000,0.000000,0.000000,0.000000
0.000000,0.000000,0.257078,0.470287,0.000000,0.534305,0.000000,0.000000,0.302190,0.000000,0.000000,0.000000,0.000000,0.000000,0.320149,0.000000,0.000000,0.000000,0.000000,0.000000,0.251824,0.000000,0.000000,0.458686,0.351136,0.441008,0.370392,0.392360,0.000000,0.000000,0.000000,0.000000,0.000000,0.000000,0.000000,0.000000,0.482015,0.000000,0.000000,0.000000,0.000000,0.000000,0.465737,0.000000,0.467282,0.000000,0.462965,0.000000,0.495587,0.000000,0.461972,0.000000,0.000000,0.000000,0.431517,0.000000,0.000000,0.000000,0.000000,0.000000,0.000000,0.000000,0.000000,0.000000,0.000000,0.000000,0.000000,0.545355,0.000000,0.000000,0.000000,0.427380,0.406326,0.431687,0.414208,0.000000,0.446062,0.000000,0.000000,0.000000,0.000000,0.593962,0.451377,0.000000,0.000000,0.000000,0.000000,0.000000,0.000000,0.000000
0.000000,0.000000,0.000000,0.300288,0.534305,0.000000,0.000000,0.000000,0.000000,0.295314,0.000000,0.000000,0.000000,0.000000,0.000000,0.341453,0.000000,0.000000,0.000000,0.000000,0.000000,0.247183,0.000000,0.313992,0.525846,0.347691,0.482203,0.312612,0.000000,0.373723,0.000000,0.000000,0.000000,0.000000,0.000000,0.000000,0.000000,0.000000,0.000000,0.000000,0.000000,0.000000,0.000000,0.000000,0.000000,0.000000,0.000000,0.000000,0.000000,0.000000,0.000000,0.000000,0.000000,0.000000,0.000000,0.000000,0.000000,0.000000,0.000000,0.000000,0.000000,0.000000,0.000000,0.000000,0.000000,0.000000,0.000000,0.000000,0.000000,0.000000,0.000000,0.000000,0.000000,0.378396,0.000000,0.000000,0.000000,0.436833,0.000000,0.000000,0.000000,0.000000,0.000000,0.477022,0.000000,0.000000,0.000000,0.462476,0.000000,0.000000
0.376851,0.000000,0.367993,0.000000,0.000000,0.000000,0.000000,0.000000,0.310599,0.000000,0.381172,0.000000,0.339543,0.000000,0.000000,0.000000,0.000000,0.000000,0.000000,0.000000,0.000000,0.000000,0.000000,0.000000,0.000000,0.000000,0.000000,0.000000,0.000000,0.000000,0.000000,0.000000,0.000000,0.000000,0.000000,0.000000,0.000000,0.000000,0.000000,0.000000,0.000000,0.000000,0.000000,0.000000,0.000000,0.000000,0.000000,0.000000,0.000000,0.000000,0.000000,0.000000,0.000000,0.000000,0.000000,0.000000,0.393018,0.000000,0.000000,0.000000,0.417134,0.000000,0.436279,0.000000,0.000000,0.000000,0.000000,0.000000,0.000000,0.000000,0.000000,0.000000,0.395626,0.000000,0.000000,0.000000,0.000000,0.000000,0.000000,0.000000,0.417377,0.000000,0.000000,0.000000,0.470553,0.000000,0.000000,0.000000,0.000000,0.000000
0.000000,0.415365,0.000000,0.380872,0.000000,0.000000,0.000000,0.000000,0.000000,0.322950,0.000000,0.370248,0.000000,0.371654,0.000000,0.000000,0.000000,0.000000,0.000000,0.000000,0.000000,0.000000,0.000000,0.000000,0.000000,0.000000,0.000000,0.000000,0.000000,0.000000,0.000000,0.000000,0.000000,0.000000,0.000000,0.000000,0.000000,0.000000,0.000000,0.000000,0.000000,0.000000,0.000000,0.000000,0.000000,0.000000,0.000000,0.000000,0.000000,0.000000,0.000000,0.000000,0.000000,0.000000,0.000000,0.000000,0.000000,0.446200,0.000000,0.000000,0.000000,0.444461,0.000000,0.000000,0.000000,0.428040,0.000000,0.000000,0.000000,0.000000,0.000000,0.000000,0.000000,0.000000,0.000000,0.000000,0.000000,0.000000,0.000000,0.000000,0.000000,0.000000,0.000000,0.000000,0.000000,0.000000,0.000000,0.000000,0.000000,0.000000
0.000000,0.000000,0.323470,0.000000,0.302190,0.000000,0.310599,0.000000,0.000000,0.000000,0.000000,0.000000,0.296616,0.000000,0.291679,0.000000,0.000000,0.000000,0.000000,0.000000,0.000000,0.000000,0.000000,0.000000,0.339586,0.000000,0.333898,0.000000,0.000000,0.000000,0.000000,0.000000,0.000000,0.000000,0.000000,0.000000,0.000000,0.000000,0.000000,0.000000,0.000000,0.000000,0.000000,0.000000,0.000000,0.000000,0.000000,0.000000,0.000000,0.000000,0.000000,0.000000,0.000000,0.000000,0.000000,0.000000,0.000000,0.000000,0.000000,0.000000,0.000000,0.000000,0.000000,0.000000,0.000000,0.000000,0.000000,0.000000,0.000000,0.000000,0.000000,0.000000,0.000000,0.000000,0.000000,0.000000,0.000000,0.000000,0.000000,0.000000,0.000000,0.000000,0.000000,0.000000,0.000000,0.000000,0.000000,0.000000,0.000000,0.000000
0.000000,0.000000,0.000000,0.334233,0.000000,0.295314,0.000000,0.322950,0.000000,0.000000,0.000000,0.000000,0.000000,0.000000,0.000000,0.336674,0.000000,0.000000,0.000000,0.000000,0.000000,0.000000,0.000000,0.000000,0.539599,0.000000,0.000000,0.000000,0.000000,0.000000,0.000000,0.000000,0.000000,0.000000,0.000000,0.000000,0.000000,0.395066,0.000000,0.000000,0.000000,0.000000,0.000000,0.000000,0.000000,0.000000,0.000000,0.000000,0.000000,0.000000,0.000000,0.000000,0.000000,0.000000,0.000000,0.000000,0.000000,0.000000,0.000000,0.000000,0.000000,0.000000,0.000000,0.000000,0.000000,0.000000,0.000000,0.000000,0.000000,0.000000,0.000000,0.000000,0.000000,0.375913,0.000000,0.382673,0.000000,0.000000,0.000000,0.000000,0.000000,0.000000,0.000000,0.456631,0.000000,0.000000,0.000000,0.441379,0.000000,0.000000
0.397827,0.000000,0.000000,0.000000,0.000000,0.000000,0.381172,0.000000,0.000000,0.000000,0.000000,0.000000,0.367576,0.000000,0.000000,0.000000,0.442800,0.000000,0.000000,0.000000,0.000000,0.000000,0.000000,0.000000,0.000000,0.000000,0.000000,0.000000,0.334887,0.000000,0.000000,0.000000,0.000000,0.000000,0.000000,0.000000,0.000000,0.000000,0.000000,0.000000,0.000000,0.000000,0.000000,0.000000,0.000000,0.000000,0.000000,0.000000,0.000000,0.000000,0.000000,0.000000,0.000000,0.000000,0.000000,0.000000,0.000000,0.000000,0.000000,0.000000,0.000000,0.000000,0.479659,0.000000,0.000000,0.000000,0.000000,0.000000,0.000000,0.000000,0.000000,0.000000,0.000000,0.000000,0.000000,0.000000,0.000000,0.000000,0.000000,0.000000,0.460885,0.000000,0.000000,0.000000,0.475756,0.000000,0.000000,0.000000,0.000000,0.000000
0.000000,0.422332,0.000000,0.000000,0.000000,0.000000,0.000000,0.370248,0.000000,0.000000,0.000000,0.000000,0.000000,0.324760,0.000000,0.000000,0.000000,0.405195,0.000000,0.439608,0.000000,0.000000,0.000000,0.000000,0.000000,0.000000,0.000000,0.000000,0.000000,0.361101,0.000000,0.000000,0.000000,0.000000,0.000000,0.000000,0.000000,0.000000,0.000000,0.000000,0.000000,0.000000,0.000000,0.000000,0.000000,0.000000,0.000000,0.000000,0.000000,0.000000,0.000000,0.000000,0.000000,0.000000,0.000000,0.000000,0.000000,0.000000,0.000000,0.000000,0.000000,0.446229,0.000000,0.421279,0.000000,0.414569,0.000000,0.000000,0.000000,0.000000,0.000000,0.000000,0.000000,0.350077,0.000000,0.000000,0.000000,0.000000,0.000000,0.000000,0.000000,0.000000,0.000000,0.374106,0.000000,0.000000,0.000000,0.000000,0.000000,0.000000
0.406831,0.000000,0.355626,0.000000,0.000000,0.000000,0.339543,0.000000,0.296616,0.000000,0.367576,0.000000,0.000000,0.000000,0.293650,0.000000,0.417570,0.000000,0.000000,0.000000,0.000000,0.000000,0.355201,0.000000,0.000000,0.000000,0.000000,0.000000,0.367619,0.000000,0.000000,0.000000,0.000000,0.000000,0.000000,0.000000,0.000000,0.000000,0.000000,0.000000,0.000000,0.000000,0.000000,0.000000,0.000000,0.000000,0.000000,0.000000,0.000000,0.000000,0.000000,0.000000,0.000000,0.000000,0.000000,0.000000,0.000000,0.000000,0.000000,0.000000,0.000000,0.000000,0.000000,0.000000,0.000000,0.000000,0.000000,0.000000,0.000000,0.000000,0.000000,0.000000,0.359024,0.000000,0.000000,0.000000,0.000000,0.000000,0.000000,0.000000,0.420660,0.000000,0.000000,0.000000,0.470277,0.000000,0.000000,0.000000,0.000000,0.000000
0.000000,0.467769,0.000000,0.338111,0.000000,0.000000,0.000000,0.371654,0.000000,0.000000,0.000000,0.324760,0.000000,0.000000,0.000000,0.350821,0.000000,0.000000,0.000000,0.000000,0.000000,0.000000,0.000000,0.000000,0.000000,0.000000,0.000000,0.000000,0.000000,0.393020,0.000000,0.000000,0.000000,0.000000,0.000000,0.000000,0.520678,0.000000,0.000000,0.000000,0.000000,0.000000,0.000000,0.000000,0.000000,0.498150,0.000000,0.509456,0.000000,0.453727,0.000000,0.000000,0.000000,0.458840,0.000000,0.000000,0.000000,0.000000,0.000000,0.000000,0.000000,0.453576,0.000000,0.000000,0.000000,0.417147,0.000000,0.477913,0.000000,0.000000,0.000000,0.000000,0.000000,0.368250,0.000000,0.000000,0.548400,0.000000,0.000000,0.000000,0.540879,0.000000,0.000000,0.000000,0.532529,0.000000,0.000000,0.000000,0.000000,0.000000
0.000000,0.000000,0.000000,0.000000,0.320149,0.000000,0.000000,0.000000,0.291679,0.000000,0.000000,0.000000,0.293650,0.000000,0.000000,0.000000,0.000000,0.000000,0.000000,0.000000,0.000000,0.000000,0.000000,0.000000,0.336245,0.000000,0.355059,0.000000,0.366067,0.431980,0.407498,0.000000,0.000000,0.000000,0.000000,0.000000,0.000000,0.000000,0.000000,0.000000,0.000000,0.000000,0.000000,0.000000,0.468058,0.000000,0.481521,0.000000,0.000000,0.000000,0.000000,0.000000,0.000000,0.000000,0.000000,0.000000,0.000000,0.000000,0.000000,0.000000,0.000000,0.000000,0.000000,0.000000,0.000000,0.000000,0.000000,0.000000,0.000000,0.000000,0.000000,0.000000,0.000000,0.000000,0.000000,0.000000,0.000000,0.000000,0.000000,0.000000,0.000000,0.000000,0.415995,0.000000,0.000000,0.000000,0.000000,0.000000,0.000000,0.000000
0.000000,0.000000,0.000000,0.353135,0.000000,0.341453,0.000000,0.000000,0.000000,0.336674,0.000000,0.000000,0.000000,0.350821,0.000000,0.000000,0.000000,0.000000,0.000000,0.000000,0.000000,0.275493,0.000000,0.000000,0.000000,0.000000,0.000000,0.324984,0.000000,0.370353,0.000000,0.000000,0.000000,0.000000,0.000000,0.000000,0.000000,0.460036,0.000000,0.305698,0.000000,0.000000,0.000000,0.509355,0.000000,0.497663,0.000000,0.499485,0.000000,0.460809,0.000000,0.000000,0.000000,0.469908,0.000000,0.529103,0.000000,0.000000,0.000000,0.000000,0.000000,0.000000,0.000000,0.000000,0.000000,0.000000,0.000000,0.475910,0.000000,0.000000,0.000000,0.000000,0.000000,0.402305,0.000000,0.388164,0.547315,0.476597,0.000000,0.000000,0.552234,0.000000,0.000000,0.434801,0.531527,0.000000,0.000000,0.000000,0.000000,0.000000
0.287279,0.000000,0.391931,0.000000,0.000000,0.000000,0.000000,0.000000,0.000000,0.000000,0.442800,0.000000,0.417570,0.000000,0.000000,0.000000,0.000000,0.000000,0.000000,0.000000,0.000000,0.000000,0.000000,0.000000,0.000000,0.000000,0.000000,0.000000,0.351289,0.000000,0.000000,0.000000,0.000000,0.000000,0.000000,0.000000,0.000000,0.000000,0.000000,0.000000,0.000000,0.000000,0.000000,0.000000,0.000000,0.000000,0.000000,0.000000,0.000000,0.000000,0.000000,0.000000,0.000000,0.000000,0.000000,0.000000,0.362361,0.000000,0.000000,0.000000,0.000000,0.000000,0.433308,0.000000,0.000000,0.000000,0.000000,0.000000,0.000000,0.000000,0.000000,0.000000,0.369307,0.000000,0.000000,0.000000,0.000000,0.000000,0.298351,0.000000,0.443495,0.000000,0.000000,0.000000,0.000000,0.000000,0.000000,0.000000,0.000000,0.000000
0.000000,0.394345,0.000000,0.000000,0.000000,0.000000,0.000000,0.000000,0.000000,0.000000,0.000000,0.405195,0.000000,0.000000,0.000000,0.000000,0.000000,0.000000,0.000000,0.000000,0.000000,0.000000,0.000000,0.000000,0.000000,0.000000,0.000000,0.000000,0.000000,0.355923,0.000000,0.000000,0.000000,0.000000,0.000000,0.000000,0.000000,0.000000,0.000000,0.000000,0.000000,0.000000,0.000000,0.000000,0.000000,0.000000,0.000000,0.000000,0.000000,0.000000,0.000000,0.000000,0.000000,0.000000,0.000000,0.000000,0.000000,0.320429,0.000000,0.000000,0.000000,0.000000,0.000000,0.371782,0.000000,0.000000,0.000000,0.000000,0.000000,0.000000,0.000000,0.000000,0.000000,0.353871,0.000000,0.000000,0.000000,0.000000,0.000000,0.280414,0.000000,0.359722,0.000000,0.424556,0.000000,0.000000,0.000000,0.000000,0.000000,0.000000
0.000000,0.000000,0.334587,0.000000,0.000000,0.000000,0.000000,0.000000,0.000000,0.000000,0.000000,0.000000,0.000000,0.000000,0.000000,0.000000,0.000000,0.000000,0.000000,0.521935,0.000000,0.000000,0.320419,0.539560,0.000000,0.000000,0.000000,0.000000,0.000000,0.000000,0.457514,0.000000,0.332132,0.000000,0.000000,0.000000,0.000000,0.000000,0.000000,0.000000,0.000000,0.000000,0.000000,0.000000,0.000000,0.000000,0.000000,0.000000,0.000000,0.000000,0.000000,0.000000,0.000000,0.000000,0.000000,0.000000,0.000000,0.000000,0.000000,0.000000,0.000000,0.000000,0.000000,0.000000,0.000000,0.000000,0.000000,0.000000,0.344455,0.000000,0.000000,0.000000,0.444077,0.538326,0.459666,0.546842,0.490306,0.000000,0.000000,0.000000,0.000000,0.000000,0.000000,0.000000,0.000000,0.000000,0.000000,0.000000,0.000000,0.000000
0.000000,0.272436,0.514967,0.364361,0.000000,0.000000,0.000000,0.000000,0.000000,0.000000,0.000000,0.439608,0.000000,0.000000,0.000000,0.000000,0.000000,0.000000,0.521935,0.000000,0.000000,0.000000,0.513802,0.379971,0.000000,0.000000,0.000000,0.000000,0.000000,0.000000,0.000000,0.000000,0.527300,0.377799,0.000000,0.000000,0.000000,0.000000,0.000000,0.000000,0.000000,0.000000,0.000000,0.000000,0.000000,0.000000,0.000000,0.000000,0.000000,0.000000,0.000000,0.000000,0.000000,0.000000,0.000000,0.000000,0.000000,0.000000,0.000000,0.000000,0.000000,0.000000,0.000000,0.485057,0.000000,0.000000,0.000000,0.438186,0.000000,0.342053,0.000000,0.000000,0.000000,0.431720,0.000000,0.467602,0.542299,0.452202,0.000000,0.000000,0.000000,0.000000,0.000000,0.000000,0.000000,0.000000,0.000000,0.000000,0.000000,0.000000
0.000000,0.000000,0.000000,0.368977,0.251824,0.000000,0.000000,0.000000,0.000000,0.000000,0.000000,0.000000,0.000000,0.000000,0.000000,0.000000,0.000000,0.000000,0.000000,0.000000,0.000000,0.316935,0.000000,0.374698,0.415599,0.000000,0.320723,0.000000,0.363020,0.000000,0.388948,0.363656,0.000000,0.000000,0.000000,0.000000,0.000000,0.000000,0.351589,0.000000,0.354426,0.000000,0.000000,0.000000,0.000000,0.000000,0.000000,0.000000,0.000000,0.000000,0.000000,0.000000,0.000000,0.000000,0.000000,0.000000,0.000000,0.000000,0.000000,0.000000,0.000000,0.000000,0.000000,0.000000,0.000000,0.000000,0.000000,0.000000,0.000000,0.000000,0.259370,0.000000,0.233726,0.000000,0.000000,0.000000,0.000000,0.000000,0.000000,0.000000,0.000000,0.000000,0.366486,0.000000,0.000000,0.000000,0.000000,0.000000,0.000000,0.000000
0.000000,0.000000,0.000000,0.000000,0.000000,0.247183,0.000000,0.000000,0.000000,0.000000,0.000000,0.000000,0.000000,0.000000,0.000000,0.275493,0.000000,0.000000,0.000000,0.000000,0.316935,0.000000,0.000000,0.352967,0.432556,0.379868,0.432771,0.265981,0.000000,0.324866,0.438322,0.339042,0.000000,0.000000,0.000000,0.000000,0.000000,0.000000,0.000000,0.000000,0.000000,0.000000,0.000000,0.000000,0.000000,0.000000,0.000000,0.000000,0.000000,0.000000,0.000000,0.000000,0.000000,0.000000,0.000000,0.000000,0.000000,0.000000,0.000000,0.000000,0.000000,0.000000,0.000000,0.000000,0.000000,0.000000,0.000000,0.000000,0.000000,0.000000,0.295106,0.269930,0.000000,0.344536,0.000000,0.000000,0.000000,0.000000,0.000000,0.000000,0.000000,0.000000,0.000000,0.000000,0.000000,0.000000,0.000000,0.000000,0.000000,0.000000
0.000000,0.000000,0.296900,0.524917,0.000000,0.000000,0.000000,0.000000,0.000000,0.000000,0.000000,0.000000,0.355201,0.000000,0.000000,0.000000,0.000000,0.000000,0.320419,0.513802,0.000000,0.000000,0.000000,0.499193,0.299083,0.000000,0.000000,0.000000,0.000000,0.000000,0.416062,0.530038,0.393627,0.505226,0.504667,0.000000,0.510824,0.000000,0.479792,0.000000,0.000000,0.000000,0.527415,0.000000,0.000000,0.000000,0.000000,0.000000,0.000000,0.000000,0.000000,0.000000,0.000000,0.000000,0.000000,0.000000,0.000000,0.000000,0.000000,0.000000,0.000000,0.000000,0.000000,0.000000,0.000000,0.000000,0.519406,0.000000,0.000000,0.000000,0.000000,0.000000,0.420673,0.000000,0.000000,0.000000,0.450191,0.000000,0.000000,0.000000,0.447794,0.000000,0.000000,0.000000,0.439904,0.000000,0.000000,0.000000,0.000000,0.000000
0.000000,0.000000,0.506955,0.335318,0.458686,0.313992,0.000000,0.000000,0.000000,0.000000,0.000000,0.000000,0.000000,0.000000,0.000000,0.000000,0.000000,0.000000,0.539560,0.379971,0.374698,0.352967,0.499193,0.000000,0.488303,0.319257,0.393940,0.357682,0.000000,0.000000,0.403176,0.331253,0.000000,0.350946,0.000000,0.000000,0.000000,0.467703,0.000000,0.000000,0.000000,0.000000,0.000000,0.000000,0.000000,0.000000,0.000000,0.000000,0.000000,0.000000,0.000000,0.000000,0.000000,0.000000,0.000000,0.000000,0.000000,0.000000,0.000000,0.000000,0.000000,0.000000,0.000000,0.000000,0.000000,0.000000,0.000000,0.436609,0.000000,0.000000,0.000000,0.000000,0.000000,0.406575,0.000000,0.000000,0.000000,0.450895,0.000000,0.000000,0.000000,0.000000,0.000000,0.000000,0.000000,0.000000,0.000000,0.000000,0.000000,0.000000
0.000000,0.000000,0.000000,0.450896,0.351136,0.525846,0.000000,0.000000,0.339586,0.539599,0.000000,0.000000,0.000000,0.000000,0.336245,0.000000,0.000000,0.000000,0.000000,0.000000,0.415599,0.432556,0.299083,0.488303,0.000000,0.434314,0.341071,0.000000,0.000000,0.000000,0.379406,0.435419,0.497893,0.000000,0.000000,0.000000,0.000000,0.000000,0.000000,0.000000,0.000000,0.000000,0.499798,0.000000,0.457644,0.000000,0.459445,0.000000,0.513014,0.000000,0.000000,0.000000,0.000000,0.000000,0.000000,0.000000,0.000000,0.000000,0.000000,0.000000,0.000000,0.000000,0.000000,0.000000,0.000000,0.000000,0.477418,0.000000,0.000000,0.000000,0.360783,0.440928,0.421160,0.422707,0.411967,0.000000,0.448315,0.000000,0.000000,0.000000,0.000000,0.000000,0.446490,0.000000,0.000000,0.000000,0.000000,0.000000,0.000000,0.000000
0.000000,0.000000,0.000000,0.290229,0.441008,0.347691,0.000000,0.000000,0.000000,0.000000,0.000000,0.000000,0.000000,0.000000,0.000000,0.000000,0.000000,0.000000,0.000000,0.000000,0.000000,0.379868,0.000000,0.319257,0.434314,0.000000,0.435986,0.343952,0.000000,0.000000,0.000000,0.304829,0.000000,0.000000,0.000000,0.000000,0.000000,0.000000,0.000000,0.000000,0.000000,0.000000,0.000000,0.000000,0.000000,0.000000,0.000000,0.000000,0.000000,0.000000,0.000000,0.000000,0.000000,0.000000,0.000000,0.000000,0.000000,0.000000,0.000000,0.000000,0.000000,0.000000,0.000000,0.000000,0.000000,0.000000,0.000000,0.000000,0.000000,0.000000,0.000000,0.281274,0.000000,0.000000,0.000000,0.000000,0.000000,0.000000,0.000000,0.000000,0.000000,0.000000,0.000000,0.000000,0.000000,0.000000,0.000000,0.000000,0.000000,0.000000
0.000000,0.000000,0.000000,0.000000,0.370392,0.482203,0.000000,0.000000,0.333898,0.000000,0.000000,0.000000,0.000000,0.000000,0.355059,0.000000,0.000000,0.000000,0.000000,0.000000,0.320723,0.432771,0.000000,0.393940,0.341071,0.435986,0.000000,0.447700,0.412197,0.000000,0.395452,0.438210,0.000000,0.000000,0.000000,0.000000,0.000000,0.000000,0.000000,0.000000,0.375391,0.000000,0.000000,0.000000,0.000000,0.000000,0.000000,0.000000,0.000000,0.000000,0.000000,0.000000,0.000000,0.000000,0.000000,0.000000,0.000000,0.000000,0.000000,0.000000,0.000000,0.000000,0.000000,0.000000,0.000000,0.000000,0.000000,0.000000,0.000000,0.000000,0.277246,0.000000,0.384377,0.000000,0.000000,0.000000,0.000000,0.000000,0.000000,0.000000,0.000000,0.000000,0.412377,0.000000,0.000000,0.000000,0.420138,0.000000,0.000000,0.000000
0.000000,0.000000,0.000000,0.000000,0.392360,0.312612,0.000000,0.000000,0.000000,0.000000,0.000000,0.000000,0.000000,0.000000,0.000000,0.324984,0.000000,0.000000,0.000000,0.000000,0.000000,0.265981,0.000000,0.357682,0.000000,0.343952,0.447700,0.000000,0.000000,0.369296,0.000000,0.351953,0.000000,0.000000,0.000000,0.000000,0.000000,0.000000,0.000000,0.000000,0.000000,0.000000,0.000000,0.000000,0.000000,0.000000,0.000000,0.000000,0.000000,0.000000,0.000000,0.000000,0.000000,0.000000,0.000000,0.000000,0.000000,0.000000,0.000000,0.000000,0.000000,0.000000,0.000000,0.000000,0.000000,0.000000,0.000000,0.000000,0.000000,0.000000,0.000000,0.343393,0.000000,0.350337,0.000000,0.000000,0.000000,0.000000,0.000000,0.000000,0.000000,0.000000,0.000000,0.000000,0.000000,0.000000,0.000000,0.000000,0.000000,0.000000
0.000000,0.000000,0.375971,0.000000,0.000000,0.000000,0.000000,0.000000,0.000000,0.000000,0.334887,0.000000,0.367619,0.000000,0.366067,0.000000,0.351289,0.000000,0.000000,0.000000,0.363020,0.000000,0.000000,0.000000,0.000000,0.000000,0.412197,0.000000,0.000000,0.000000,0.000000,0.000000,0.000000,0.000000,0.000000,0.000000,0.000000,0.000000,0.000000,0.000000,0.000000,0.000000,0.000000,0.000000,0.000000,0.000000,0.000000,0.000000,0.000000,0.000000,0.000000,0.000000,0.000000,0.000000,0.000000,0.000000,0.420993,0.000000,0.000000,0.000000,0.000000,0.000000,0.423535,0.000000,0.000000,0.000000,0.000000,0.000000,0.000000,0.000000,0.358782,0.000000,0.349871,0.000000,0.000000,0.000000,0.000000,0.000000,0.316922,0.000000,0.377320,0.000000,0.291472,0.000000,0.000000,0.000000,0.000000,0.000000,0.000000,0.000000
0.000000,0.000000,0.000000,0.000000,0.000000,0.373723,0.000000,0.000000,0.000000,0.000000,0.000000,0.361101,0.000000,0.393020,0.431980,0.370353,0.000000,0.355923,0.000000,0.000000,0.000000,0.324866,0.000000,0.000000,0.000000,0.000000,0.000000,0.369296,0.000000,0.000000,0.000000,0.000000,0.000000,0.000000,0.000000,0.000000,0.000000,0.000000,0.000000,0.301748,0.000000,0.000000,0.000000,0.000000,0.000000,0.000000,0.000000,0.000000,0.000000,0.000000,0.000000,0.000000,0.000000,0.000000,0.000000,0.000000,0.000000,0.432207,0.000000,0.421088,0.000000,0.000000,0.000000,0.000000,0.000000,0.000000,0.000000,0.432755,0.000000,0.000000,0.000000,0.000000,0.000000,0.323631,0.000000,0.000000,0.000000,0.000000,0.000000,0.311278,0.000000,0.430405,0.000000,0.420180,0.549861,0.456222,0.000000,0.000000,0.000000,0.000000
0.000000,0.000000,0.000000,0.000000,0.000000,0.000000,0.000000,0.000000,0.000000,0.000000,0.000000,0.000000,0.000000,0.000000,0.407498,0.000000,0.000000,0.000000,0.457514,0.000000,0.388948,0.438322,0.416062,0.403176,0.379406,0.000000,0.395452,0.000000,0.000000,0.000000,0.000000,0.341365,0.448957,0.352745,0.461338,0.000000,0.570796,0.000000,0.500727,0.000000,0.000000,0.000000,0.569997,0.000000,0.000000,0.000000,0.000000,0.000000,0.000000,0.000000,0.000000,0.000000,0.000000,0.000000,0.512119,0.000000,0.000000,0.000000,0.000000,0.000000,0.000000,0.000000,0.000000,0.000000,0.000000,0.000000,0.525356,0.433614,0.000000,0.000000,0.368338,0.378946,0.000000,0.000000,0.000000,0.000000,0.000000,0.000000,0.000000,0.000000,0.000000,0.000000,0.000000,0.000000,0.000000,0.000000,0.000000,0.000000,0.000000,0.000000
0.000000,0.000000,0.000000,0.367197,0.000000,0.000000,0.000000,0.000000,0.000000,0.000000,0.000000,0.000000,0.000000,0.000000,0.000000,0.000000,0.000000,0.000000,0.000000,0.000000,0.363656,0.339042,0.530038,0.331253,0.435419,0.304829,0.438210,0.351953,0.000000,0.000000,0.341365,0.000000,0.000000,0.366409,0.000000,0.000000,0.000000,0.504306,0.000000,0.000000,0.000000,0.000000,0.000000,0.000000,0.000000,0.000000,0.000000,0.000000,0.000000,0.000000,0.000000,0.000000,0.000000,0.000000,0.000000,0.000000,0.000000,0.000000,0.000000,0.000000,0.000000,0.000000,0.000000,0.000000,0.000000,0.000000,0.481168,0.499966,0.000000,0.000000,0.000000,0.000000,0.000000,0.000000,0.000000,0.000000,0.000000,0.000000,0.000000,0.000000,0.000000,0.000000,0.000000,0.000000,0.000000,0.000000,0.000000,0.000000,0.000000,0.000000
0.000000,0.000000,0.000000,0.000000,0.000000,0.000000,0.000000,0.000000,0.000000,0.000000,0.000000,0.000000,0.000000,0.000000,0.000000,0.000000,0.000000,0.000000,0.332132,0.527300,0.000000,0.000000,0.393627,0.000000,0.497893,0.000000,0.000000,0.000000,0.000000,0.000000,0.448957,0.000000,0.000000,0.482662,0.473861,0.000000,0.491271,0.000000,0.000000,0.000000,0.000000,0.000000,0.000000,0.000000,0.000000,0.000000,0.000000,0.000000,0.000000,0.000000,0.000000,0.000000,0.000000,0.000000,0.450772,0.000000,0.000000,0.000000,0.000000,0.000000,0.000000,0.000000,0.000000,0.000000,0.000000,0.000000,0.370796,0.488370,0.340526,0.000000,0.000000,0.000000,0.000000,0.000000,0.000000,0.000000,0.000000,0.000000,0.000000,0.000000,0.000000,0.000000,0.000000,0.000000,0.000000,0.000000,0.000000,0.000000,0.000000,0.000000
0.000000,0.000000,0.000000,0.000000,0.000000,0.000000,0.000000,0.000000,0.000000,0.000000,0.000000,0.000000,0.000000,0.000000,0.000000,0.000000,0.000000,0.000000,0.000000,0.377799,0.000000,0.000000,0.505226,0.350946,0.000000,0.000000,0.000000,0.000000,0.000000,0.000000,0.352745,0.366409,0.482662,0.000000,0.424444,0.400538,0.000000,0.462275,0.000000,0.000000,0.000000,0.000000,0.000000,0.000000,0.000000,0.000000,0.000000,0.000000,0.000000,0.000000,0.000000,0.000000,0.000000,0.000000,0.000000,0.000000,0.000000,0.000000,0.000000,0.000000,0.000000,0.000000,0.000000,0.000000,0.000000,0.000000,0.452784,0.413850,0.000000,0.285999,0.000000,0.000000,0.000000,0.000000,0.000000,0.000000,0.000000,0.000000,0.000000,0.000000,0.000000,0.000000,0.000000,0.000000,0.000000,0.000000,0.000000,0.000000,0.000000,0.000000
0.000000,0.000000,0.000000,0.000000,0.000000,0.000000,0.000000,0.000000,0.000000,0.000000,0.000000,0.000000,0.000000,0.000000,0.000000,0.000000,0.000000,0.000000,0.000000,0.000000,0.000000,0.000000,0.504667,0.000000,0.000000,0.000000,0.000000,0.000000,0.000000,0.000000,0.461338,0.000000,0.473861,0.424444,0.000000,0.399395,0.509983,0.000000,0.000000,0.000000,0.000000,0.000000,0.000000,0.638822,0.000000,0.588687,0.464622,0.000000,0.000000,0.000000,0.000000,0.000000,0.000000,0.000000,0.000000,0.000000,0.000000,0.000000,0.522533,0.000000,0.000000,0.000000,0.000000,0.000000,0.000000,0.000000,0.490273,0.464791,0.000000,0.000000,0.000000,0.000000,0.000000,0.000000,0.000000,0.000000,0.000000,0.000000,0.000000,0.000000,0.000000,0.000000,0.000000,0.000000,0.000000,0.000000,0.000000,0.000000,0.000000,0.000000
0.000000,0.000000,0.000000,0.000000,0.000000,0.000000,0.000000,0.000000,0.000000,0.000000,0.000000,0.000000,0.000000,0.000000,0.000000,0.000000,0.000000,0.000000,0.000000,0.000000,0.000000,0.000000,0.000000,0.000000,0.000000,0.000000,0.000000,0.000000,0.000000,0.000000,0.000000,0.000000,0.000000,0.400538,0.399395,0.000000,0.000000,0.529312,0.000000,0.435208,0.000000,0.000000,0.000000,0.488055,0.597345,0.480841,0.000000,0.000000,0.611291,0.000000,0.000000,0.000000,0.000000,0.000000,0.000000,0.000000,0.000000,0.000000,0.000000,0.000000,0.000000,0.000000,0.000000,0.000000,0.000000,0.000000,0.458458,0.406274,0.000000,0.000000,0.000000,0.000000,0.000000,0.000000,0.000000,0.000000,0.000000,0.000000,0.000000,0.000000,0.000000,0.000000,0.000000,0.000000,0.000000,0.000000,0.000000,0.000000,0.000000,0.464377
0.000000,0.000000,0.000000,0.000000,0.482015,0.000000,0.000000,0.000000,0.000000,0.000000,0.000000,0.000000,0.000000,0.520678,0.000000,0.000000,0.000000,0.000000,0.000000,0.000000,0.000000,0.000000,0.510824,0.000000,0.000000,0.000000,0.000000,0.000000,0.000000,0.000000,0.570796,0.000000,0.491271,0.000000,0.509983,0.000000,0.000000,0.537324,0.355950,0.474088,0.273919,0.000000,0.496236,0.000000,0.550207,0.631526,0.389850,0.000000,0.000000,0.646263,0.452098,0.000000,0.454302,0.000000,0.315245,0.473942,0.000000,0.000000,0.000000,0.000000,0.000000,0.000000,0.000000,0.000000,0.000000,0.000000,0.478822,0.000000,0.000000,0.000000,0.000000,0.000000,0.000000,0.508714,0.000000,0.000000,0.411974,0.561578,0.000000,0.000000,0.000000,0.000000,0.374379,0.000000,0.000000,0.000000,0.408296,0.000000,0.000000,0.457077
0.000000,0.000000,0.000000,0.000000,0.000000,0.000000,0.000000,0.000000,0.000000,0.395066,0.000000,0.000000,0.000000,0.000000,0.000000,0.460036,0.000000,0.000000,0.000000,0.000000,0.000000,0.000000,0.000000,0.467703,0.000000,0.000000,0.000000,0.000000,0.000000,0.000000,0.000000,0.504306,0.000000,0.462275,0.000000,0.529312,0.537324,0.000000,0.000000,0.419402,0.000000,0.284323,0.000000,0.457164,0.000000,0.435567,0.000000,0.470316,0.000000,0.000000,0.575778,0.000000,0.000000,0.000000,0.000000,0.389258,0.000000,0.000000,0.000000,0.000000,0.000000,0.000000,0.000000,0.000000,0.000000,0.000000,0.000000,0.486877,0.000000,0.000000,0.000000,0.000000,0.000000,0.455887,0.000000,0.000000,0.609367,0.427887,0.000000,0.000000,0.000000,0.000000,0.000000,0.000000,0.000000,0.368840,0.000000,0.423739,0.000000,0.412626
0.000000,0.000000,0.000000,0.000000,0.000000,0.000000,0.000000,0.000000,0.000000,0.000000,0.000000,0.000000,0.000000,0.000000,0.000000,0.000000,0.000000,0.000000,0.000000,0.000000,0.351589,0.000000,0.479792,0.000000,0.000000,0.000000,0.000000,0.000000,0.000000,0.000000,0.500727,0.000000,0.000000,0.000000,0.000000,0.000000,0.355950,0.000000,0.000000,0.000000,0.296280,0.000000,0.000000,0.000000,0.448973,0.000000,0.370856,0.000000,0.000000,0.000000,0.352328,0.000000,0.000000,0.000000,0.358080,0.481501,0.000000,0.000000,0.000000,0.000000,0.000000,0.000000,0.000000,0.000000,0.000000,0.000000,0.418309,0.000000,0.000000,0.000000,0.349923,0.000000,0.000000,0.000000,0.000000,0.000000,0.474511,0.000000,0.000000,0.000000,0.000000,0.000000,0.298772,0.000000,0.000000,0.000000,0.357346,0.000000,0.000000,0.470401
0.000000,0.000000,0.000000,0.000000,0.000000,0.000000,0.000000,0.000000,0.000000,0.000000,0.000000,0.000000,0.000000,0.000000,0.000000,0.305698,0.000000,0.000000,0.000000,0.000000,0.000000,0.000000,0.000000,0.000000,0.000000,0.000000,0.000000,0.000000,0.000000,0.301748,0.000000,0.000000,0.000000,0.000000,0.000000,0.435208,0.474088,0.419402,0.000000,0.000000,0.000000,0.326585,0.000000,0.000000,0.000000,0.000000,0.000000,0.447049,0.000000,0.000000,0.000000,0.000000,0.000000,0.000000,0.000000,0.369440,0.000000,0.000000,0.000000,0.000000,0.000000,0.000000,0.000000,0.000000,0.000000,0.000000,0.000000,0.479651,0.000000,0.000000,0.000000,0.000000,0.401590,0.000000,0.000000,0.000000,0.000000,0.000000,0.000000,0.000000,0.000000,0.000000,0.000000,0.260172,0.000000,0.414069,0.000000,0.341149,0.000000,0.414034
0.000000,0.000000,0.000000,0.000000,0.000000,0.000000,0.000000,0.000000,0.000000,0.000000,0.000000,0.000000,0.000000,0.000000,0.000000,0.000000,0.000000,0.000000,0.000000,0.000000,0.354426,0.000000,0.000000,0.000000,0.000000,0.000000,0.375391,0.000000,0.000000,0.000000,0.000000,0.000000,0.000000,0.000000,0.000000,0.000000,0.273919,0.000000,0.296280,0.000000,0.000000,0.000000,0.000000,0.000000,0.471909,0.000000,0.000000,0.000000,0.498510,0.000000,0.482554,0.000000,0.000000,0.000000,0.000000,0.000000,0.000000,0.000000,0.000000,0.000000,0.000000,0.000000,0.000000,0.000000,0.000000,0.000000,0.000000,0.000000,0.000000,0.000000,0.370157,0.375862,0.462460,0.370773,0.000000,0.000000,0.408988,0.000000,0.000000,0.000000,0.000000,0.000000,0.337837,0.000000,0.000000,0.000000,0.359726,0.000000,0.000000,0.000000
0.000000,0.000000,0.000000,0.000000,0.000000,0.000000,0.000000,0.000000,0.000000,0.000000,0.000000,0.000000,0.000000,0.000000,0.000000,0.000000,0.000000,0.000000,0.000000,0.000000,0.000000,0.000000,0.000000,0.000000,0.000000,0.000000,0.000000,0.000000,0.000000,0.000000,0.000000,0.000000,0.000000,0.000000,0.000000,0.000000,0.000000,0.284323,0.000000,0.326585,0.000000,0.000000,0.000000,0.000000,0.000000,0.000000,0.000000,0.502005,0.000000,0.000000,0.000000,0.000000,0.000000,0.464400,0.000000,0.000000,0.000000,0.000000,0.000000,0.000000,0.000000,0.000000,0.000000,0.000000,0.000000,0.000000,0.000000,0.000000,0.000000,0.000000,0.000000,0.000000,0.000000,0.374372,0.000000,0.000000,0.000000,0.387258,0.000000,0.000000,0.000000,0.000000,0.376780,0.370784,0.000000,0.000000,0.000000,0.411085,0.000000,0.000000
0.000000,0.000000,0.518057,0.000000,0.465737,0.000000,0.000000,0.000000,0.000000,0.000000,0.000000,0.000000,0.000000,0.000000,0.000000,0.000000,0.000000,0.000000,0.000000,0.000000,0.000000,0.000000,0.527415,0.000000,0.499798,0.000000,0.000000,0.000000,0.000000,0.000000,0.569997,0.000000,0.000000,0.000000,0.000000,0.000000,0.496236,0.000000,0.000000,0.000000,0.000000,0.000000,0.000000,0.625605,0.366811,0.644121,0.353032,0.633218,0.325153,0.606044,0.320267,0.000000,0.294229,0.633197,0.283422,0.000000,0.000000,0.000000,0.000000,0.000000,0.000000,0.000000,0.000000,0.000000,0.000000,0.000000,0.408492,0.658264,0.000000,0.000000,0.000000,0.000000,0.500701,0.000000,0.000000,0.000000,0.478821,0.000000,0.000000,0.000000,0.509275,0.000000,0.494919,0.000000,0.483713,0.000000,0.000000,0.497440,0.000000,0.000000
0.000000,0.000000,0.000000,0.000000,0.000000,0.000000,0.000000,0.000000,0.000000,0.000000,0.000000,0.000000,0.000000,0.000000,0.000000,0.509355,0.000000,0.000000,0.000000,0.000000,0.000000,0.000000,0.000000,0.000000,0.000000,0.000000,0.000000,0.000000,0.000000,0.000000,0.000000,0.000000,0.000000,0.000000,0.638822,0.488055,0.000000,0.457164,0.000000,0.000000,0.000000,0.000000,0.625605,0.000000,0.645552,0.377855,0.634824,0.346716,0.643379,0.340424,0.649994,0.316918,0.000000,0.420049,0.000000,0.000000,0.000000,0.000000,0.000000,0.000000,0.000000,0.000000,0.000000,0.000000,0.000000,0.000000,0.605624,0.380539,0.000000,0.000000,0.000000,0.000000,0.000000,0.000000,0.000000,0.000000,0.000000,0.000000,0.000000,0.000000,0.000000,0.000000,0.000000,0.452801,0.000000,0.453448,0.000000,0.440021,0.000000,0.428382
0.000000,0.000000,0.000000,0.000000,0.467282,0.000000,0.000000,0.000000,0.000000,0.000000,0.000000,0.000000,0.000000,0.000000,0.468058,0.000000,0.000000,0.000000,0.000000,0.000000,0.000000,0.000000,0.000000,0.000000,0.457644,0.000000,0.000000,0.000000,0.000000,0.000000,0.000000,0.000000,0.000000,0.000000,0.000000,0.597345,0.550207,0.000000,0.448973,0.000000,0.471909,0.000000,0.366811,0.645552,0.000000,0.647789,0.422968,0.000000,0.359643,0.000000,0.000000,0.000000,0.000000,0.622917,0.000000,0.000000,0.000000,0.000000,0.354488,0.000000,0.000000,0.000000,0.000000,0.000000,0.000000,0.000000,0.393443,0.687892,0.000000,0.000000,0.000000,0.000000,0.472943,0.000000,0.000000,0.000000,0.470291,0.000000,0.000000,0.000000,0.000000,0.000000,0.000000,0.000000,0.000000,0.000000,0.000000,0.000000,0.000000,0.000000
0.000000,0.000000,0.000000,0.000000,0.000000,0.000000,0.000000,0.000000,0.000000,0.000000,0.000000,0.000000,0.000000,0.498150,0.000000,0.497663,0.000000,0.000000,0.000000,0.000000,0.000000,0.000000,0.000000,0.000000,0.000000,0.000000,0.000000,0.000000,0.000000,0.000000,0.000000,0.000000,0.000000,0.000000,0.588687,0.480841,0.631526,0.435567,0.000000,0.000000,0.000000,0.000000,0.644121,0.377855,0.647789,0.000000,0.000000,0.354864,0.636125,0.320623,0.602281,0.000000,0.000000,0.000000,0.000000,0.000000,0.000000,0.000000,0.000000,0.234916,0.000000,0.000000,0.000000,0.000000,0.000000,0.000000,0.574129,0.396251,0.000000,0.000000,0.000000,0.000000,0.000000,0.000000,0.000000,0.000000,0.582772,0.000000,0.000000,0.000000,0.000000,0.477566,0.000000,0.487989,0.471352,0.442007,0.000000,0.426318,0.000000,0.428834
0.000000,0.000000,0.522199,0.000000,0.462965,0.000000,0.000000,0.000000,0.000000,0.000000,0.000000,0.000000,0.000000,0.000000,0.481521,0.000000,0.000000,0.000000,0.000000,0.000000,0.000000,0.000000,0.000000,0.000000,0.459445,0.000000,0.000000,0.000000,0.000000,0.000000,0.000000,0.000000,0.000000,0.000000,0.464622,0.000000,0.389850,0.000000,0.370856,0.000000,0.000000,0.000000,0.353032,0.634824,0.422968,0.000000,0.000000,0.000000,0.000000,0.664527,0.358787,0.000000,0.317339,0.683366,0.373375,0.488244,0.000000,0.000000,0.000000,0.000000,0.000000,0.000000,0.000000,0.000000,0.000000,0.000000,0.377755,0.614101,0.000000,0.000000,0.000000,0.000000,0.485123,0.000000,0.000000,0.000000,0.000000,0.000000,0.000000,0.000000,0.529576,0.000000,0.510221,0.000000,0.483247,0.510962,0.000000,0.523844,0.450255,0.507707
0.000000,0.000000,0.000000,0.000000,0.000000,0.000000,0.000000,0.000000,0.000000,0.000000,0.000000,0.000000,0.000000,0.509456,0.000000,0.499485,0.000000,0.000000,0.000000,0.000000,0.000000,0.000000,0.000000,0.000000,0.000000,0.000000,0.000000,0.000000,0.000000,0.000000,0.000000,0.000000,0.000000,0.000000,0.000000,0.000000,0.000000,0.470316,0.000000,0.447049,0.000000,0.502005,0.633218,0.346716,0.000000,0.354864,0.000000,0.000000,0.000000,0.000000,0.587482,0.000000,0.000000,0.305332,0.000000,0.381073,0.000000,0.000000,0.000000,0.000000,0.000000,0.000000,0.000000,0.000000,0.000000,0.000000,0.000000,0.357163,0.000000,0.000000,0.000000,0.000000,0.000000,0.486521,0.000000,0.000000,0.000000,0.000000,0.000000,0.000000,0.000000,0.000000,0.000000,0.470283,0.000000,0.478150,0.000000,0.443297,0.000000,0.445303
0.000000,0.000000,0.475321,0.000000,0.495587,0.000000,0.000000,0.000000,0.000000,0.000000,0.000000,0.000000,0.000000,0.000000,0.000000,0.000000,0.000000,0.000000,0.000000,0.000000,0.000000,0.000000,0.000000,0.000000,0.513014,0.000000,0.000000,0.000000,0.000000,0.000000,0.000000,0.000000,0.000000,0.000000,0.000000,0.611291,0.000000,0.000000,0.000000,0.000000,0.498510,0.000000,0.325153,0.643379,0.359643,0.636125,0.000000,0.000000,0.000000,0.605872,0.406516,0.000000,0.000000,0.650844,0.000000,0.000000,0.000000,0.000000,0.371136,0.000000,0.000000,0.000000,0.000000,0.000000,0.000000,0.000000,0.418383,0.000000,0.000000,0.000000,0.000000,0.000000,0.489519,0.000000,0.000000,0.000000,0.471810,0.000000,0.000000,0.000000,0.475396,0.000000,0.471618,0.000000,0.439406,0.000000,0.000000,0.000000,0.411205,0.000000
