0.000000,0.578517,0.293838,0.000000,0.000000,0.000000,0.411005,0.000000,0.000000,0.000000,0.381761,0.000000,0.400696,0.000000,0.000000,0.000000,0.293072,0.000000,0.359465,0.497615,0.000000,0.000000,0.000000,0.000000,0.000000,0.000000,0.000000,0.000000,0.000000,0.000000,0.000000,0.000000,0.000000,0.000000,0.000000,0.000000,0.000000,0.000000,0.000000,0.000000,0.000000,0.000000,0.000000,0.000000,0.000000,0.000000,0.000000,0.000000,0.000000,0.000000,0.000000,0.000000,0.000000,0.000000,0.000000,0.000000,0.433885,0.000000,0.000000,0.000000,0.458957,0.000000,0.000000,0.000000,0.000000,0.000000,0.000000,0.000000,0.364661,0.000000,0.000000,0.000000,0.443902,0.000000,0.000000,0.000000,0.000000,0.000000,0.000000,0.000000,0.000000,0.000000,0.000000,0.000000,0.507138,0.000000,0.000000,0.000000,0.000000,0.000000
0.578517,0.000000,0.548007,0.393855,0.000000,0.000000,0.000000,0.379264,0.000000,0.000000,0.000000,0.393637,0.000000,0.363856,0.000000,0.000000,0.000000,0.376605,0.569586,0.383453,0.000000,0.000000,0.000000,0.000000,0.000000,0.000000,0.000000,0.000000,0.000000,0.341817,0.000000,0.000000,0.000000,0.000000,0.000000,0.000000,0.000000,0.000000,0.000000,0.000000,0.000000,0.000000,0.000000,0.000000,0.000000,0.000000,0.000000,0.000000,0.000000,0.000000,0.000000,0.000000,0.000000,0.000000,0.000000,0.000000,0.000000,0.426366,0.000000,0.482321,0.000000,0.510092,0.000000,0.000000,0.000000,0.000000,0.000000,0.000000,0.000000,0.426843,0.000000,0.000000,0.000000,0.416381,0.000000,0.429464,0.000000,0.423038,0.000000,0.000000,0.000000,0.000000,0.000000,0.000000,0.000000,0.000000,0.000000,0.000000,0.000000,0.000000
0.293838,0.548007,0.000000,0.000000,0.447937,0.000000,0.382437,0.000000,0.381415,0.000000,0.000000,0.000000,0.000000,0.000000,0.000000,0.000000,0.000000,0.000000,0.292859,0.509316,0.000000,0.000000,0.323203,0.000000,0.000000,0.000000,0.000000,0.000000,0.000000,0.000000,0.000000,0.555739,0.446957,0.532034,0.000000,0.000000,0.000000,0.000000,0.000000,0.000000,0.000000,0.000000,0.000000,0.000000,0.000000,0.000000,0.000000,0.000000,0.000000,0.000000,0.425006,0.000000,0.000000,0.000000,0.000000,0.000000,0.000000,0.000000,0.000000,0.000000,0.000000,0.000000,0.000000,0.000000,0.000000,0.000000,0.000000,0.000000,0.292067,0.000000,0.407724,0.497544,0.417047,0.000000,0.432909,0.000000,0.416584,0.000000,0.000000,0.000000,0.000000,0.000000,0.000000,0.000000,0.416203,0.000000,0.000000,0.000000,0.000000,0.000000
0.000000,0.393855,0.000000,0.000000,0.544683,0.293383,0.000000,0.392309,0.000000,0.349586,0.000000,0.397783,0.000000,0.445661,0.000000,0.375717,0.000000,0.000000,0.549033,0.388212,0.000000,0.000000,0.544633,0.387652,0.000000,0.286523,0.000000,0.000000,0.000000,0.000000,0.000000,0.409095,0.000000,0.345953,0.000000,0.000000,0.000000,0.000000,0.000000,0.000000,0.000000,0.000000,0.000000,0.000000,0.000000,0.000000,0.000000,0.000000,0.000000,0.000000,0.000000,0.000000,0.000000,0.000000,0.000000,0.000000,0.000000,0.000000,0.000000,0.000000,0.000000,0.000000,0.000000,0.000000,0.000000,0.000000,0.000000,0.000000,0.000000,0.000000,0.459568,0.396547,0.000000,0.389913,0.000000,0.403579,0.000000,0.436014,0.000000,0.000000,0.000000,0.000000,0.000000,0.000000,0.000000,0.000000,0.000000,0.000000,0.000000,0.000000
0.000000,0.000000,0.447937,0.544683,0.000000,0.611210,0.377699,0.000000,0.361761,0.000000,0.000000,0.000000,0.000000,0.000000,0.413624,0.000000,0.000000,0.000000,0.482324,0.000000,0.318679,0.000000,0.244161,0.609046,0.376555,0.631209,0.331362,0.581136,0.446957,0.000000,0.394894,0.000000,0.000000,0.000000,0.000000,0.000000,0.480366,0.000000,0.450317,0.000000,0.000000,0.000000,0.500383,0.000000,0.000000,0.000000,0.544351,0.000000,0.438916,0.000000,0.000000,0.000000,0.000000,0.000000,0.000000,0.000000,0.000000,0.000000,0.000000,0.000000,0.000000,0.000000,0.000000,0.000000,0.000000,0.000000,0.435669,0.000000,0.000000,0.000000,0.447304,0.000000,0.425421,0.000000,0.440152,0.000000,0.464806,0.000000,0.000000,0.000000,0.000000,0.000000,0.473593,0.000000,0.000000,0.000000,0.000000,0.000000,0.000000,0.000000
0.000000,0.000000,0.000000,0.293383,0.611210,0.000000,0.000000,0.000000,0.000000,0.338792,0.000000,0.000000,0.000000,0.000000,0.000000,0.386430,0.000000,0.000000,0.000000,0.000000,0.000000,0.381333,0.515895,0.000000,0.571941,0.365500,0.559953,0.350866,0.000000,0.468954,0.000000,0.000000,0.000000,0.000000,0.000000,0.000000,0.000000,0.526111,0.000000,0.000000,0.000000,0.000000,0.573611,0.000000,0.000000,0.000000,0.000000,0.000000,0.000000,0.000000,0.000000,0.000000,0.000000,0.000000,0.000000,0.000000,0.000000,0.000000,0.000000,0.000000,0.000000,0.000000,0.000000,0.000000,0.000000,0.000000,0.000000,0.000000,0.000000,0.000000,0.465395,0.453112,0.000000,0.469564,0.000000,0.000000,0.000000,0.000000,0.000000,0.000000,0.000000,0.000000,0.000000,0.497950,0.000000,0.000000,0.000000,0.000000,0.000000,0.000000
0.411005,0.000000,0.382437,0.000000,0.377699,0.000000,0.000000,0.000000,0.000000,0.000000,0.395130,0.000000,0.397162,0.000000,0.000000,0.000000,0.000000,0.000000,0.384130,0.000000,0.000000,0.000000,0.382775,0.460642,0.000000,0.000000,0.000000,0.000000,0.000000,0.000000,0.000000,0.492632,0.368728,0.488557,0.000000,0.000000,0.000000,0.000000,0.000000,0.000000,0.000000,0.000000,0.000000,0.000000,0.000000,0.000000,0.000000,0.000000,0.000000,0.000000,0.000000,0.000000,0.000000,0.000000,0.000000,0.000000,0.000000,0.000000,0.000000,0.000000,0.000000,0.000000,0.000000,0.000000,0.000000,0.000000,0.425259,0.000000,0.000000,0.000000,0.401496,0.487325,0.493332,0.000000,0.000000,0.000000,0.504241,0.000000,0.000000,0.000000,0.000000,0.000000,0.000000,0.000000,0.000000,0.000000,0.000000,0.000000,0.000000,0.000000
0.000000,0.379264,0.000000,0.392309,0.000000,0.000000,0.000000,0.000000,0.000000,0.348992,0.000000,0.429323,0.444964,0.402849,0.000000,0.346436,0.000000,0.401591,0.000000,0.418493,0.000000,0.000000,0.533594,0.387248,0.000000,0.000000,0.000000,0.000000,0.000000,0.000000,0.000000,0.000000,0.000000,0.386626,0.000000,0.000000,0.000000,0.000000,0.000000,0.000000,0.000000,0.000000,0.000000,0.000000,0.000000,0.000000,0.000000,0.000000,0.000000,0.000000,0.000000,0.000000,0.000000,0.000000,0.000000,0.000000,0.000000,0.351229,0.000000,0.000000,0.000000,0.000000,0.000000,0.000000,0.000000,0.000000,0.000000,0.000000,0.000000,0.000000,0.000000,0.384759,0.000000,0.000000,0.000000,0.000000,0.000000,0.438426,0.000000,0.000000,0.000000,0.000000,0.000000,0.000000,0.000000,0.000000,0.000000,0.000000,0.000000,0.000000
0.000000,0.000000,0.381415,0.000000,0.361761,0.000000,0.000000,0.000000,0.000000,0.000000,0.000000,0.000000,0.000000,0.000000,0.382458,0.000000,0.000000,0.000000,0.000000,0.000000,0.000000,0.000000,0.378454,0.000000,0.000000,0.000000,0.305610,0.000000,0.469124,0.000000,0.000000,0.000000,0.000000,0.000000,0.000000,0.000000,0.504192,0.000000,0.000000,0.000000,0.000000,0.000000,0.543083,0.000000,0.000000,0.000000,0.552788,0.000000,0.488346,0.000000,0.000000,0.000000,0.000000,0.000000,0.000000,0.000000,0.000000,0.000000,0.000000,0.000000,0.000000,0.000000,0.000000,0.000000,0.000000,0.000000,0.000000,0.000000,0.000000,0.000000,0.411903,0.000000,0.433724,0.000000,0.458889,0.000000,0.506771,0.000000,0.000000,0.000000,0.000000,0.000000,0.453907,0.000000,0.000000,0.000000,0.000000,0.000000,0.000000,0.000000
0.000000,0.000000,0.000000,0.349586,0.000000,0.338792,0.000000,0.348992,0.000000,0.000000,0.000000,0.000000,0.000000,0.000000,0.000000,0.400142,0.000000,0.000000,0.000000,0.000000,0.000000,0.000000,0.000000,0.000000,0.000000,0.524347,0.000000,0.000000,0.000000,0.422166,0.000000,0.000000,0.000000,0.000000,0.000000,0.000000,0.000000,0.485460,0.000000,0.000000,0.000000,0.000000,0.000000,0.530225,0.000000,0.510352,0.000000,0.573892,0.000000,0.499688,0.000000,0.506686,0.000000,0.558698,0.000000,0.000000,0.000000,0.000000,0.000000,0.476901,0.000000,0.000000,0.000000,0.000000,0.000000,0.000000,0.000000,0.493648,0.000000,0.000000,0.000000,0.479398,0.000000,0.455573,0.000000,0.000000,0.459651,0.480158,0.000000,0.000000,0.000000,0.000000,0.000000,0.452421,0.000000,0.000000,0.000000,0.000000,0.000000,0.000000
0.381761,0.000000,0.000000,0.000000,0.000000,0.000000,0.395130,0.000000,0.000000,0.000000,0.000000,0.000000,0.385498,0.000000,0.000000,0.000000,0.407971,0.000000,0.000000,0.000000,0.000000,0.000000,0.000000,0.000000,0.000000,0.000000,0.000000,0.000000,0.393485,0.000000,0.000000,0.000000,0.000000,0.000000,0.000000,0.000000,0.000000,0.000000,0.000000,0.000000,0.000000,0.000000,0.000000,0.000000,0.000000,0.000000,0.000000,0.000000,0.000000,0.000000,0.000000,0.000000,0.000000,0.000000,0.000000,0.000000,0.389720,0.000000,0.000000,0.000000,0.000000,0.000000,0.000000,0.000000,0.000000,0.000000,0.000000,0.000000,0.000000,0.000000,0.000000,0.000000,0.389190,0.000000,0.000000,0.000000,0.000000,0.000000,0.000000,0.000000,0.000000,0.000000,0.000000,0.000000,0.424800,0.000000,0.000000,0.000000,0.000000,0.000000
0.000000,0.393637,0.000000,0.397783,0.000000,0.000000,0.000000,0.429323,0.000000,0.000000,0.000000,0.000000,0.000000,0.307352,0.000000,0.000000,0.000000,0.405595,0.000000,0.417014,0.000000,0.000000,0.000000,0.394265,0.000000,0.000000,0.000000,0.000000,0.000000,0.368092,0.000000,0.000000,0.000000,0.436605,0.000000,0.000000,0.000000,0.000000,0.000000,0.000000,0.000000,0.000000,0.000000,0.000000,0.000000,0.000000,0.000000,0.000000,0.000000,0.000000,0.000000,0.000000,0.000000,0.000000,0.000000,0.000000,0.000000,0.000000,0.000000,0.470859,0.000000,0.492937,0.000000,0.000000,0.000000,0.000000,0.000000,0.000000,0.000000,0.000000,0.000000,0.000000,0.000000,0.404881,0.000000,0.000000,0.000000,0.000000,0.000000,0.000000,0.000000,0.000000,0.000000,0.331177,0.000000,0.000000,0.000000,0.000000,0.000000,0.000000
0.400696,0.000000,0.000000,0.000000,0.000000,0.000000,0.397162,0.444964,0.000000,0.000000,0.385498,0.000000,0.000000,0.443542,0.353852,0.000000,0.000000,0.000000,0.378750,0.000000,0.000000,0.000000,0.393347,0.457597,0.000000,0.000000,0.000000,0.000000,0.405142,0.000000,0.000000,0.453544,0.000000,0.484297,0.000000,0.000000,0.000000,0.000000,0.000000,0.472852,0.000000,0.000000,0.547725,0.000000,0.000000,0.000000,0.577397,0.000000,0.487437,0.000000,0.471711,0.000000,0.000000,0.000000,0.000000,0.000000,0.447901,0.000000,0.407344,0.000000,0.000000,0.000000,0.000000,0.000000,0.472228,0.000000,0.423408,0.000000,0.000000,0.000000,0.413286,0.437654,0.432510,0.000000,0.454498,0.000000,0.453906,0.000000,0.000000,0.000000,0.519868,0.000000,0.000000,0.000000,0.000000,0.000000,0.000000,0.000000,0.000000,0.000000
0.000000,0.363856,0.000000,0.445661,0.000000,0.000000,0.000000,0.402849,0.000000,0.000000,0.000000,0.307352,0.443542,0.000000,0.000000,0.348655,0.000000,0.000000,0.000000,0.462602,0.000000,0.000000,0.000000,0.364822,0.000000,0.000000,0.000000,0.000000,0.000000,0.385582,0.000000,0.000000,0.000000,0.409201,0.000000,0.000000,0.000000,0.000000,0.000000,0.000000,0.000000,0.000000,0.000000,0.000000,0.000000,0.000000,0.000000,0.000000,0.000000,0.000000,0.000000,0.000000,0.000000,0.000000,0.000000,0.000000,0.000000,0.000000,0.000000,0.474107,0.000000,0.000000,0.000000,0.000000,0.000000,0.000000,0.000000,0.000000,0.000000,0.000000,0.000000,0.365247,0.000000,0.422793,0.000000,0.441247,0.000000,0.469856,0.000000,0.000000,0.000000,0.446073,0.000000,0.000000,0.000000,0.476599,0.000000,0.000000,0.000000,0.000000
0.000000,0.000000,0.000000,0.000000,0.413624,0.000000,0.000000,0.000000,0.382458,0.000000,0.000000,0.000000,0.353852,0.000000,0.000000,0.462290,0.000000,0.000000,0.000000,0.000000,0.304558,0.468290,0.387211,0.000000,0.399827,0.522937,0.428487,0.518075,0.431527,0.476566,0.404853,0.000000,0.000000,0.000000,0.000000,0.000000,0.343974,0.000000,0.289965,0.000000,0.352615,0.000000,0.533835,0.000000,0.000000,0.000000,0.530223,0.000000,0.504095,0.000000,0.000000,0.000000,0.000000,0.000000,0.000000,0.000000,0.000000,0.000000,0.000000,0.000000,0.000000,0.000000,0.000000,0.000000,0.000000,0.000000,0.000000,0.000000,0.000000,0.000000,0.362885,0.000000,0.467549,0.000000,0.494227,0.000000,0.396897,0.000000,0.000000,0.000000,0.000000,0.000000,0.270379,0.000000,0.000000,0.000000,0.000000,0.000000,0.000000,0.000000
0.000000,0.000000,0.000000,0.375717,0.000000,0.386430,0.000000,0.346436,0.000000,0.400142,0.000000,0.000000,0.000000,0.348655,0.462290,0.000000,0.000000,0.000000,0.000000,0.475813,0.424988,0.263903,0.000000,0.357105,0.000000,0.387165,0.000000,0.385336,0.000000,0.416431,0.446791,0.475439,0.000000,0.000000,0.000000,0.000000,0.000000,0.000000,0.000000,0.000000,0.000000,0.387764,0.000000,0.533094,0.000000,0.503124,0.000000,0.564122,0.000000,0.495075,0.000000,0.494812,0.000000,0.547131,0.000000,0.000000,0.000000,0.000000,0.000000,0.480845,0.000000,0.000000,0.000000,0.454002,0.000000,0.000000,0.000000,0.491818,0.000000,0.000000,0.000000,0.457689,0.000000,0.444410,0.000000,0.448139,0.000000,0.484060,0.000000,0.000000,0.000000,0.435485,0.000000,0.252625,0.000000,0.478256,0.000000,0.000000,0.000000,0.000000
0.293072,0.000000,0.000000,0.000000,0.000000,0.000000,0.000000,0.000000,0.000000,0.000000,0.407971,0.000000,0.000000,0.000000,0.000000,0.000000,0.000000,0.000000,0.000000,0.000000,0.000000,0.000000,0.000000,0.000000,0.000000,0.000000,0.000000,0.000000,0.391886,0.000000,0.000000,0.000000,0.000000,0.000000,0.000000,0.000000,0.000000,0.000000,0.000000,0.000000,0.000000,0.000000,0.000000,0.000000,0.000000,0.000000,0.000000,0.000000,0.000000,0.000000,0.000000,0.000000,0.000000,0.000000,0.000000,0.000000,0.376679,0.000000,0.000000,0.000000,0.429090,0.000000,0.370899,0.000000,0.433007,0.000000,0.000000,0.000000,0.000000,0.000000,0.000000,0.000000,0.367644,0.000000,0.000000,0.000000,0.000000,0.000000,0.354553,0.000000,0.381614,0.000000,0.434552,0.000000,0.485243,0.000000,0.000000,0.000000,0.000000,0.000000
0.000000,0.376605,0.000000,0.000000,0.000000,0.000000,0.000000,0.401591,0.000000,0.000000,0.000000,0.405595,0.000000,0.000000,0.000000,0.000000,0.000000,0.000000,0.000000,0.000000,0.000000,0.000000,0.000000,0.000000,0.000000,0.000000,0.000000,0.000000,0.000000,0.373893,0.000000,0.000000,0.000000,0.000000,0.000000,0.000000,0.000000,0.000000,0.000000,0.000000,0.000000,0.000000,0.000000,0.000000,0.000000,0.000000,0.000000,0.000000,0.000000,0.000000,0.000000,0.000000,0.000000,0.000000,0.000000,0.000000,0.000000,0.357835,0.000000,0.000000,0.000000,0.000000,0.000000,0.368582,0.000000,0.000000,0.000000,0.000000,0.000000,0.000000,0.000000,0.000000,0.000000,0.385173,0.000000,0.000000,0.000000,0.000000,0.000000,0.295234,0.000000,0.349190,0.000000,0.383032,0.000000,0.000000,0.000000,0.000000,0.000000,0.000000
0.359465,0.569586,0.292859,0.549033,0.482324,0.000000,0.384130,0.000000,0.000000,0.000000,0.000000,0.000000,0.378750,0.000000,0.000000,0.000000,0.000000,0.000000,0.000000,0.545010,0.000000,0.000000,0.307215,0.000000,0.488719,0.000000,0.000000,0.000000,0.000000,0.000000,0.000000,0.000000,0.435347,0.544043,0.495677,0.000000,0.000000,0.000000,0.000000,0.000000,0.000000,0.000000,0.000000,0.000000,0.000000,0.000000,0.000000,0.000000,0.000000,0.000000,0.000000,0.000000,0.000000,0.000000,0.000000,0.000000,0.000000,0.530896,0.000000,0.000000,0.000000,0.000000,0.000000,0.000000,0.000000,0.000000,0.000000,0.000000,0.396026,0.571558,0.416790,0.502405,0.420307,0.000000,0.430014,0.000000,0.438594,0.000000,0.000000,0.000000,0.000000,0.000000,0.000000,0.000000,0.000000,0.000000,0.000000,0.000000,0.000000,0.000000
0.497615,0.383453,0.509316,0.388212,0.000000,0.000000,0.000000,0.418493,0.000000,0.000000,0.000000,0.417014,0.000000,0.462602,0.000000,0.475813,0.000000,0.000000,0.545010,0.000000,0.000000,0.000000,0.524183,0.445604,0.000000,0.000000,0.000000,0.000000,0.000000,0.000000,0.000000,0.365847,0.529259,0.353444,0.000000,0.000000,0.000000,0.000000,0.000000,0.000000,0.000000,0.000000,0.000000,0.000000,0.000000,0.000000,0.000000,0.000000,0.000000,0.000000,0.000000,0.000000,0.000000,0.000000,0.000000,0.000000,0.000000,0.457382,0.000000,0.417880,0.000000,0.000000,0.000000,0.000000,0.000000,0.000000,0.000000,0.000000,0.560293,0.358725,0.462093,0.413629,0.000000,0.398859,0.000000,0.438149,0.000000,0.415956,0.000000,0.000000,0.000000,0.000000,0.000000,0.000000,0.000000,0.000000,0.000000,0.000000,0.000000,0.000000
0.000000,0.000000,0.000000,0.000000,0.318679,0.000000,0.000000,0.000000,0.000000,0.000000,0.000000,0.000000,0.000000,0.000000,0.304558,0.424988,0.000000,0.000000,0.000000,0.000000,0.000000,0.499332,0.000000,0.000000,0.347359,0.473359,0.367797,0.000000,0.300802,0.422264,0.367636,0.446770,0.000000,0.000000,0.000000,0.000000,0.000000,0.000000,0.224091,0.000000,0.469892,0.000000,0.000000,0.000000,0.000000,0.000000,0.000000,0.000000,0.000000,0.000000,0.000000,0.000000,0.000000,0.000000,0.000000,0.000000,0.000000,0.000000,0.000000,0.000000,0.000000,0.000000,0.000000,0.000000,0.000000,0.000000,0.000000,0.000000,0.000000,0.000000,0.347593,0.000000,0.364175,0.000000,0.000000,0.000000,0.000000,0.000000,0.000000,0.000000,0.000000,0.000000,0.236168,0.000000,0.000000,0.000000,0.000000,0.000000,0.000000,0.000000
0.000000,0.000000,0.000000,0.000000,0.000000,0.381333,0.000000,0.000000,0.000000,0.000000,0.000000,0.000000,0.000000,0.000000,0.468290,0.263903,0.000000,0.000000,0.000000,0.000000,0.499332,0.000000,0.000000,0.000000,0.000000,0.390320,0.396054,0.346094,0.422914,0.321220,0.000000,0.354621,0.000000,0.000000,0.000000,0.000000,0.000000,0.000000,0.000000,0.000000,0.000000,0.274466,0.000000,0.000000,0.000000,0.000000,0.000000,0.000000,0.000000,0.000000,0.000000,0.000000,0.000000,0.000000,0.000000,0.000000,0.000000,0.000000,0.000000,0.000000,0.000000,0.000000,0.000000,0.000000,0.000000,0.000000,0.000000,0.000000,0.000000,0.000000,0.316588,0.397727,0.000000,0.398082,0.000000,0.000000,0.000000,0.000000,0.000000,0.000000,0.000000,0.000000,0.000000,0.233862,0.000000,0.000000,0.000000,0.000000,0.000000,0.000000
0.000000,0.000000,0.323203,0.544633,0.244161,0.515895,0.382775,0.533594,0.378454,0.000000,0.000000,0.000000,0.393347,0.000000,0.387211,0.000000,0.000000,0.000000,0.307215,0.524183,0.000000,0.000000,0.000000,0.550335,0.294974,0.467498,0.000000,0.000000,0.000000,0.000000,0.389158,0.525731,0.408627,0.531907,0.510214,0.000000,0.000000,0.000000,0.000000,0.000000,0.000000,0.000000,0.000000,0.000000,0.000000,0.000000,0.000000,0.000000,0.458340,0.000000,0.000000,0.000000,0.000000,0.000000,0.000000,0.000000,0.000000,0.000000,0.000000,0.000000,0.000000,0.000000,0.000000,0.000000,0.000000,0.000000,0.464111,0.544058,0.000000,0.000000,0.388940,0.000000,0.000000,0.000000,0.418661,0.000000,0.451486,0.000000,0.000000,0.000000,0.000000,0.000000,0.000000,0.000000,0.000000,0.000000,0.000000,0.000000,0.000000,0.000000
0.000000,0.000000,0.000000,0.387652,0.609046,0.000000,0.460642,0.387248,0.000000,0.000000,0.000000,0.394265,0.457597,0.364822,0.000000,0.357105,0.000000,0.000000,0.000000,0.445604,0.000000,0.000000,0.550335,0.000000,0.549231,0.391939,0.000000,0.000000,0.000000,0.000000,0.494007,0.392804,0.000000,0.363888,0.000000,0.000000,0.000000,0.000000,0.000000,0.000000,0.000000,0.000000,0.000000,0.000000,0.000000,0.000000,0.000000,0.000000,0.000000,0.000000,0.000000,0.000000,0.000000,0.000000,0.000000,0.000000,0.000000,0.000000,0.493348,0.413621,0.000000,0.000000,0.000000,0.000000,0.000000,0.000000,0.000000,0.000000,0.000000,0.000000,0.000000,0.398965,0.000000,0.000000,0.000000,0.000000,0.000000,0.413723,0.000000,0.000000,0.000000,0.000000,0.000000,0.000000,0.000000,0.000000,0.000000,0.000000,0.000000,0.000000
0.000000,0.000000,0.000000,0.000000,0.376555,0.571941,0.000000,0.000000,0.000000,0.000000,0.000000,0.000000,0.000000,0.000000,0.399827,0.000000,0.000000,0.000000,0.488719,0.000000,0.347359,0.000000,0.294974,0.549231,0.000000,0.578582,0.359125,0.576956,0.490651,0.000000,0.371648,0.498925,0.558207,0.000000,0.000000,0.000000,0.000000,0.000000,0.000000,0.000000,0.000000,0.000000,0.000000,0.000000,0.000000,0.000000,0.000000,0.000000,0.000000,0.000000,0.000000,0.000000,0.000000,0.000000,0.000000,0.000000,0.000000,0.000000,0.000000,0.000000,0.000000,0.000000,0.000000,0.000000,0.000000,0.000000,0.000000,0.537429,0.000000,0.000000,0.448273,0.000000,0.427989,0.000000,0.429273,0.000000,0.470248,0.000000,0.000000,0.000000,0.000000,0.000000,0.471478,0.000000,0.000000,0.000000,0.000000,0.000000,0.000000,0.000000
0.000000,0.000000,0.000000,0.286523,0.631209,0.365500,0.000000,0.000000,0.000000,0.524347,0.000000,0.000000,0.000000,0.000000,0.522937,0.387165,0.000000,0.000000,0.000000,0.000000,0.473359,0.390320,0.467498,0.391939,0.578582,0.000000,0.545016,0.373307,0.000000,0.491791,0.526192,0.383717,0.000000,0.000000,0.000000,0.000000,0.000000,0.000000,0.000000,0.000000,0.000000,0.000000,0.000000,0.000000,0.000000,0.000000,0.000000,0.000000,0.000000,0.000000,0.000000,0.000000,0.000000,0.000000,0.000000,0.000000,0.000000,0.000000,0.000000,0.000000,0.000000,0.000000,0.000000,0.000000,0.000000,0.000000,0.000000,0.000000,0.000000,0.000000,0.000000,0.000000,0.000000,0.000000,0.000000,0.000000,0.000000,0.000000,0.000000,0.000000,0.000000,0.000000,0.000000,0.000000,0.000000,0.000000,0.000000,0.000000,0.000000,0.000000
0.000000,0.000000,0.000000,0.000000,0.331362,0.559953,0.000000,0.000000,0.305610,0.000000,0.000000,0.000000,0.000000,0.000000,0.428487,0.000000,0.000000,0.000000,0.000000,0.000000,0.367797,0.396054,0.000000,0.000000,0.359125,0.545016,0.000000,0.538506,0.443502,0.517939,0.411708,0.543337,0.000000,0.000000,0.000000,0.000000,0.000000,0.000000,0.000000,0.000000,0.000000,0.000000,0.000000,0.000000,0.000000,0.000000,0.000000,0.000000,0.000000,0.000000,0.000000,0.000000,0.000000,0.000000,0.000000,0.000000,0.000000,0.000000,0.000000,0.000000,0.000000,0.000000,0.000000,0.000000,0.000000,0.000000,0.000000,0.000000,0.000000,0.000000,0.295874,0.384113,0.335065,0.426818,0.000000,0.000000,0.000000,0.000000,0.000000,0.000000,0.000000,0.000000,0.430369,0.000000,0.000000,0.000000,0.000000,0.000000,0.000000,0.000000
0.000000,0.000000,0.000000,0.000000,0.581136,0.350866,0.000000,0.000000,0.000000,0.000000,0.000000,0.000000,0.000000,0.000000,0.518075,0.385336,0.000000,0.000000,0.000000,0.000000,0.000000,0.346094,0.000000,0.000000,0.576956,0.373307,0.538506,0.000000,0.000000,0.317553,0.000000,0.371504,0.000000,0.000000,0.000000,0.000000,0.000000,0.000000,0.000000,0.000000,0.000000,0.000000,0.000000,0.000000,0.000000,0.000000,0.000000,0.000000,0.000000,0.000000,0.000000,0.000000,0.000000,0.000000,0.000000,0.000000,0.000000,0.000000,0.000000,0.000000,0.000000,0.000000,0.000000,0.000000,0.000000,0.000000,0.000000,0.000000,0.000000,0.000000,0.000000,0.387516,0.000000,0.000000,0.000000,0.000000,0.000000,0.000000,0.000000,0.000000,0.000000,0.000000,0.000000,0.000000,0.000000,0.000000,0.000000,0.000000,0.000000,0.000000
0.000000,0.000000,0.000000,0.000000,0.446957,0.000000,0.000000,0.000000,0.469124,0.000000,0.393485,0.000000,0.405142,0.000000,0.431527,0.000000,0.391886,0.000000,0.000000,0.000000,0.300802,0.422914,0.000000,0.000000,0.490651,0.000000,0.443502,0.000000,0.000000,0.000000,0.000000,0.000000,0.000000,0.000000,0.000000,0.000000,0.484617,0.000000,0.485885,0.000000,0.473645,0.000000,0.536395,0.000000,0.487199,0.000000,0.538287,0.000000,0.540548,0.000000,0.454055,0.000000,0.000000,0.000000,0.000000,0.000000,0.388198,0.000000,0.000000,0.000000,0.477304,0.000000,0.507529,0.000000,0.441525,0.000000,0.000000,0.000000,0.000000,0.000000,0.417506,0.000000,0.363661,0.000000,0.533677,0.000000,0.476350,0.000000,0.333108,0.000000,0.370941,0.000000,0.392522,0.000000,0.498824,0.000000,0.000000,0.000000,0.000000,0.000000
0.000000,0.341817,0.000000,0.000000,0.000000,0.468954,0.000000,0.000000,0.000000,0.422166,0.000000,0.368092,0.000000,0.385582,0.476566,0.416431,0.000000,0.373893,0.000000,0.000000,0.422264,0.321220,0.000000,0.000000,0.000000,0.491791,0.517939,0.317553,0.000000,0.000000,0.491870,0.504305,0.000000,0.000000,0.000000,0.000000,0.000000,0.559539,0.000000,0.000000,0.000000,0.000000,0.000000,0.546529,0.000000,0.528617,0.000000,0.606924,0.000000,0.525798,0.000000,0.559239,0.000000,0.580258,0.000000,0.000000,0.000000,0.368588,0.000000,0.474205,0.000000,0.000000,0.000000,0.403180,0.000000,0.000000,0.000000,0.484892,0.000000,0.000000,0.000000,0.321740,0.000000,0.402726,0.000000,0.000000,0.000000,0.000000,0.000000,0.356651,0.000000,0.430362,0.000000,0.360464,0.000000,0.477863,0.000000,0.000000,0.000000,0.000000
0.000000,0.000000,0.000000,0.000000,0.394894,0.000000,0.000000,0.000000,0.000000,0.000000,0.000000,0.000000,0.000000,0.000000,0.404853,0.446791,0.000000,0.000000,0.000000,0.000000,0.367636,0.000000,0.389158,0.494007,0.371648,0.526192,0.411708,0.000000,0.000000,0.491870,0.000000,0.443924,0.481501,0.500505,0.607481,0.000000,0.000000,0.000000,0.000000,0.000000,0.000000,0.000000,0.000000,0.000000,0.000000,0.000000,0.000000,0.000000,0.000000,0.000000,0.000000,0.000000,0.000000,0.000000,0.000000,0.000000,0.000000,0.000000,0.000000,0.000000,0.000000,0.000000,0.000000,0.000000,0.000000,0.000000,0.542338,0.540268,0.000000,0.000000,0.294071,0.000000,0.311305,0.000000,0.000000,0.000000,0.000000,0.000000,0.000000,0.000000,0.000000,0.000000,0.000000,0.000000,0.000000,0.000000,0.000000,0.000000,0.000000,0.000000
0.000000,0.000000,0.555739,0.409095,0.000000,0.000000,0.492632,0.000000,0.000000,0.000000,0.000000,0.000000,0.453544,0.000000,0.000000,0.475439,0.000000,0.000000,0.000000,0.365847,0.446770,0.354621,0.525731,0.392804,0.498925,0.383717,0.543337,0.371504,0.000000,0.504305,0.443924,0.000000,0.000000,0.414886,0.000000,0.569986,0.000000,0.000000,0.000000,0.000000,0.000000,0.000000,0.000000,0.000000,0.000000,0.000000,0.000000,0.000000,0.000000,0.000000,0.000000,0.000000,0.000000,0.000000,0.000000,0.000000,0.000000,0.000000,0.000000,0.000000,0.000000,0.000000,0.000000,0.000000,0.000000,0.000000,0.542081,0.514735,0.000000,0.000000,0.000000,0.377868,0.000000,0.000000,0.000000,0.000000,0.000000,0.435230,0.000000,0.000000,0.000000,0.000000,0.000000,0.000000,0.000000,0.000000,0.000000,0.000000,0.000000,0.000000
0.000000,0.000000,0.446957,0.000000,0.000000,0.000000,0.368728,0.000000,0.000000,0.000000,0.000000,0.000000,0.000000,0.000000,0.000000,0.000000,0.000000,0.000000,0.435347,0.529259,0.000000,0.000000,0.408627,0.000000,0.558207,0.000000,0.000000,0.000000,0.000000,0.000000,0.481501,0.000000,0.000000,0.539341,0.429400,0.000000,0.000000,0.000000,0.000000,0.000000,0.000000,0.000000,0.000000,0.000000,0.000000,0.000000,0.000000,0.000000,0.000000,0.000000,0.000000,0.000000,0.000000,0.000000,0.000000,0.000000,0.495793,0.000000,0.422089,0.000000,0.000000,0.000000,0.000000,0.000000,0.000000,0.000000,0.410455,0.503853,0.376834,0.582524,0.000000,0.543885,0.000000,0.000000,0.000000,0.000000,0.000000,0.000000,0.000000,0.000000,0.000000,0.000000,0.000000,0.000000,0.000000,0.000000,0.000000,0.000000,0.000000,0.000000
0.000000,0.000000,0.532034,0.345953,0.000000,0.000000,0.488557,0.386626,0.000000,0.000000,0.000000,0.436605,0.484297,0.409201,0.000000,0.000000,0.000000,0.000000,0.544043,0.353444,0.000000,0.000000,0.531907,0.363888,0.000000,0.000000,0.000000,0.000000,0.000000,0.000000,0.500505,0.414886,0.539341,0.000000,0.000000,0.336367,0.000000,0.000000,0.000000,0.000000,0.000000,0.000000,0.000000,0.000000,0.000000,0.000000,0.000000,0.000000,0.000000,0.000000,0.000000,0.000000,0.000000,0.000000,0.000000,0.000000,0.000000,0.000000,0.517446,0.000000,0.000000,0.000000,0.000000,0.000000,0.000000,0.000000,0.509614,0.421324,0.538521,0.387357,0.528106,0.000000,0.000000,0.410532,0.000000,0.401883,0.000000,0.449393,0.000000,0.000000,0.000000,0.000000,0.000000,0.000000,0.000000,0.000000,0.000000,0.000000,0.000000,0.000000
0.000000,0.000000,0.000000,0.000000,0.000000,0.000000,0.000000,0.000000,0.000000,0.000000,0.000000,0.000000,0.000000,0.000000,0.000000,0.000000,0.000000,0.000000,0.495677,0.000000,0.000000,0.000000,0.510214,0.000000,0.000000,0.000000,0.000000,0.000000,0.000000,0.000000,0.607481,0.000000,0.429400,0.000000,0.000000,0.317756,0.636569,0.495711,0.000000,0.000000,0.000000,0.000000,0.000000,0.408830,0.466782,0.430150,0.000000,0.000000,0.000000,0.000000,0.000000,0.000000,0.000000,0.000000,0.000000,0.000000,0.000000,0.000000,0.000000,0.000000,0.000000,0.000000,0.000000,0.000000,0.000000,0.000000,0.435533,0.423220,0.000000,0.000000,0.000000,0.000000,0.000000,0.000000,0.000000,0.000000,0.000000,0.000000,0.000000,0.000000,0.000000,0.000000,0.000000,0.000000,0.000000,0.000000,0.000000,0.000000,0.000000,0.000000
0.000000,0.000000,0.000000,0.000000,0.000000,0.000000,0.000000,0.000000,0.000000,0.000000,0.000000,0.000000,0.000000,0.000000,0.000000,0.000000,0.000000,0.000000,0.000000,0.000000,0.000000,0.000000,0.000000,0.000000,0.000000,0.000000,0.000000,0.000000,0.000000,0.000000,0.000000,0.569986,0.000000,0.336367,0.317756,0.000000,0.000000,0.547320,0.000000,0.000000,0.000000,0.000000,0.723758,0.572283,0.657875,0.492937,0.000000,0.000000,0.623177,0.557733,0.000000,0.000000,0.000000,0.000000,0.000000,0.000000,0.000000,0.000000,0.000000,0.000000,0.000000,0.000000,0.000000,0.000000,0.000000,0.000000,0.483492,0.442599,0.000000,0.000000,0.000000,0.000000,0.000000,0.000000,0.000000,0.000000,0.000000,0.392724,0.000000,0.000000,0.000000,0.000000,0.000000,0.000000,0.000000,0.000000,0.000000,0.000000,0.000000,0.000000
0.000000,0.000000,0.000000,0.000000,0.480366,0.000000,0.000000,0.000000,0.504192,0.000000,0.000000,0.000000,0.000000,0.000000,0.343974,0.000000,0.000000,0.000000,0.000000,0.000000,0.000000,0.000000,0.000000,0.000000,0.000000,0.000000,0.000000,0.000000,0.484617,0.000000,0.000000,0.000000,0.000000,0.000000,0.636569,0.000000,0.000000,0.560521,0.447587,0.000000,0.452537,0.000000,0.489789,0.000000,0.557663,0.000000,0.467631,0.000000,0.515385,0.000000,0.509856,0.000000,0.000000,0.000000,0.432377,0.000000,0.530940,0.000000,0.000000,0.000000,0.000000,0.000000,0.000000,0.000000,0.000000,0.000000,0.505510,0.000000,0.000000,0.000000,0.000000,0.000000,0.000000,0.000000,0.000000,0.000000,0.426182,0.586898,0.000000,0.000000,0.478306,0.000000,0.437527,0.000000,0.521372,0.000000,0.465708,0.000000,0.440868,0.000000
0.000000,0.000000,0.000000,0.000000,0.000000,0.526111,0.000000,0.000000,0.000000,0.485460,0.000000,0.000000,0.000000,0.000000,0.000000,0.000000,0.000000,0.000000,0.000000,0.000000,0.000000,0.000000,0.000000,0.000000,0.000000,0.000000,0.000000,0.000000,0.000000,0.559539,0.000000,0.000000,0.000000,0.000000,0.495711,0.547320,0.560521,0.000000,0.000000,0.390918,0.000000,0.394801,0.650432,0.525830,0.610637,0.503853,0.650698,0.442570,0.000000,0.514652,0.000000,0.477654,0.000000,0.000000,0.000000,0.465257,0.000000,0.562343,0.000000,0.000000,0.000000,0.000000,0.000000,0.000000,0.000000,0.000000,0.542014,0.498317,0.000000,0.000000,0.000000,0.000000,0.000000,0.627436,0.000000,0.000000,0.424890,0.482099,0.000000,0.000000,0.000000,0.491830,0.000000,0.462800,0.000000,0.536817,0.000000,0.465625,0.000000,0.452324
0.000000,0.000000,0.000000,0.000000,0.450317,0.000000,0.000000,0.000000,0.000000,0.000000,0.000000,0.000000,0.000000,0.000000,0.289965,0.000000,0.000000,0.000000,0.000000,0.000000,0.224091,0.000000,0.000000,0.000000,0.000000,0.000000,0.000000,0.000000,0.485885,0.000000,0.000000,0.000000,0.000000,0.000000,0.000000,0.000000,0.447587,0.000000,0.000000,0.000000,0.346211,0.000000,0.000000,0.000000,0.000000,0.000000,0.295841,0.000000,0.000000,0.000000,0.426593,0.000000,0.428871,0.000000,0.353497,0.000000,0.000000,0.000000,0.000000,0.000000,0.000000,0.000000,0.000000,0.000000,0.000000,0.000000,0.500137,0.000000,0.000000,0.000000,0.000000,0.000000,0.000000,0.000000,0.000000,0.000000,0.456349,0.000000,0.000000,0.000000,0.491819,0.000000,0.493103,0.000000,0.465916,0.000000,0.518083,0.000000,0.399264,0.000000
0.000000,0.000000,0.000000,0.000000,0.000000,0.000000,0.000000,0.000000,0.000000,0.000000,0.000000,0.000000,0.472852,0.000000,0.000000,0.000000,0.000000,0.000000,0.000000,0.000000,0.000000,0.000000,0.000000,0.000000,0.000000,0.000000,0.000000,0.000000,0.000000,0.000000,0.000000,0.000000,0.000000,0.000000,0.000000,0.000000,0.000000,0.390918,0.000000,0.000000,0.000000,0.347137,0.000000,0.536094,0.000000,0.553204,0.611880,0.426411,0.000000,0.000000,0.476988,0.000000,0.000000,0.000000,0.000000,0.371924,0.000000,0.000000,0.000000,0.000000,0.000000,0.000000,0.000000,0.000000,0.000000,0.000000,0.499541,0.481157,0.000000,0.000000,0.468714,0.000000,0.000000,0.000000,0.000000,0.000000,0.000000,0.568547,0.000000,0.000000,0.000000,0.000000,0.000000,0.277504,0.000000,0.536570,0.000000,0.487192,0.000000,0.433044
0.000000,0.000000,0.000000,0.000000,0.000000,0.000000,0.000000,0.000000,0.000000,0.000000,0.000000,0.000000,0.000000,0.000000,0.352615,0.000000,0.000000,0.000000,0.000000,0.000000,0.469892,0.000000,0.000000,0.000000,0.000000,0.000000,0.000000,0.000000,0.473645,0.000000,0.000000,0.000000,0.000000,0.000000,0.000000,0.000000,0.452537,0.000000,0.346211,0.000000,0.000000,0.000000,0.547973,0.000000,0.000000,0.000000,0.000000,0.000000,0.000000,0.000000,0.000000,0.000000,0.000000,0.000000,0.000000,0.000000,0.000000,0.000000,0.000000,0.000000,0.000000,0.000000,0.000000,0.000000,0.000000,0.000000,0.000000,0.000000,0.000000,0.000000,0.000000,0.000000,0.000000,0.000000,0.000000,0.000000,0.386463,0.000000,0.000000,0.000000,0.000000,0.000000,0.339279,0.000000,0.000000,0.000000,0.000000,0.000000,0.000000,0.000000
0.000000,0.000000,0.000000,0.000000,0.000000,0.000000,0.000000,0.000000,0.000000,0.000000,0.000000,0.000000,0.000000,0.000000,0.000000,0.387764,0.000000,0.000000,0.000000,0.000000,0.000000,0.274466,0.000000,0.000000,0.000000,0.000000,0.000000,0.000000,0.000000,0.000000,0.000000,0.000000,0.000000,0.000000,0.000000,0.000000,0.000000,0.394801,0.000000,0.347137,0.000000,0.000000,0.000000,0.000000,0.000000,0.000000,0.000000,0.391068,0.000000,0.000000,0.000000,0.000000,0.000000,0.000000,0.000000,0.000000,0.000000,0.000000,0.000000,0.000000,0.000000,0.000000,0.000000,0.000000,0.000000,0.000000,0.000000,0.403802,0.000000,0.000000,0.000000,0.000000,0.000000,0.000000,0.000000,0.000000,0.000000,0.465672,0.000000,0.000000,0.000000,0.000000,0.000000,0.367647,0.000000,0.000000,0.000000,0.000000,0.000000,0.000000
0.000000,0.000000,0.000000,0.000000,0.500383,0.573611,0.000000,0.000000,0.543083,0.000000,0.000000,0.000000,0.547725,0.000000,0.533835,0.000000,0.000000,0.000000,0.000000,0.000000,0.000000,0.000000,0.000000,0.000000,0.000000,0.000000,0.000000,0.000000,0.536395,0.000000,0.000000,0.000000,0.000000,0.000000,0.000000,0.723758,0.489789,0.650432,0.000000,0.000000,0.547973,0.000000,0.000000,0.682365,0.545262,0.689659,0.405832,0.355753,0.382283,0.675448,0.583356,0.000000,0.357292,0.000000,0.000000,0.000000,0.000000,0.000000,0.000000,0.000000,0.000000,0.000000,0.000000,0.000000,0.000000,0.000000,0.630389,0.687062,0.000000,0.000000,0.000000,0.000000,0.558399,0.000000,0.000000,0.000000,0.508221,0.633413,0.000000,0.000000,0.535238,0.000000,0.511620,0.000000,0.503537,0.000000,0.000000,0.000000,0.532351,0.000000
0.000000,0.000000,0.000000,0.000000,0.000000,0.000000,0.000000,0.000000,0.000000,0.530225,0.000000,0.000000,0.000000,0.000000,0.000000,0.533094,0.000000,0.000000,0.000000,0.000000,0.000000,0.000000,0.000000,0.000000,0.000000,0.000000,0.000000,0.000000,0.000000,0.546529,0.000000,0.000000,0.000000,0.000000,0.408830,0.572283,0.000000,0.525830,0.000000,0.536094,0.000000,0.000000,0.682365,0.000000,0.408065,0.370512,0.628375,0.400877,0.380304,0.323101,0.461258,0.378480,0.000000,0.359260,0.000000,0.547140,0.000000,0.000000,0.000000,0.000000,0.000000,0.000000,0.000000,0.000000,0.000000,0.000000,0.406273,0.437402,0.000000,0.000000,0.000000,0.000000,0.000000,0.593121,0.000000,0.000000,0.000000,0.600714,0.000000,0.000000,0.000000,0.521373,0.000000,0.547269,0.000000,0.517499,0.000000,0.000000,0.000000,0.519980
0.000000,0.000000,0.000000,0.000000,0.000000,0.000000,0.000000,0.000000,0.000000,0.000000,0.000000,0.000000,0.000000,0.000000,0.000000,0.000000,0.000000,0.000000,0.000000,0.000000,0.000000,0.000000,0.000000,0.000000,0.000000,0.000000,0.000000,0.000000,0.487199,0.000000,0.000000,0.000000,0.000000,0.000000,0.466782,0.657875,0.557663,0.610637,0.000000,0.000000,0.000000,0.000000,0.545262,0.408065,0.000000,0.652631,0.355127,0.366585,0.374176,0.671558,0.457677,0.000000,0.000000,0.000000,0.000000,0.000000,0.000000,0.000000,0.000000,0.000000,0.000000,0.000000,0.000000,0.000000,0.000000,0.000000,0.370868,0.357449,0.000000,0.000000,0.428219,0.000000,0.000000,0.000000,0.000000,0.000000,0.469149,0.000000,0.000000,0.000000,0.486123,0.000000,0.000000,0.000000,0.464072,0.000000,0.000000,0.000000,0.000000,0.000000
0.000000,0.000000,0.000000,0.000000,0.000000,0.000000,0.000000,0.000000,0.000000,0.510352,0.000000,0.000000,0.000000,0.000000,0.000000,0.503124,0.000000,0.000000,0.000000,0.000000,0.000000,0.000000,0.000000,0.000000,0.000000,0.000000,0.000000,0.000000,0.000000,0.528617,0.000000,0.000000,0.000000,0.000000,0.430150,0.492937,0.000000,0.503853,0.000000,0.553204,0.000000,0.000000,0.689659,0.370512,0.652631,0.000000,0.000000,0.353506,0.673073,0.322384,0.000000,0.390859,0.000000,0.411992,0.000000,0.508047,0.000000,0.000000,0.619388,0.209377,0.000000,0.000000,0.000000,0.000000,0.000000,0.418191,0.526120,0.433056,0.000000,0.000000,0.000000,0.000000,0.000000,0.519661,0.000000,0.506234,0.000000,0.481686,0.000000,0.000000,0.000000,0.501041,0.000000,0.502891,0.000000,0.497017,0.000000,0.000000,0.000000,0.508629
0.000000,0.000000,0.000000,0.000000,0.544351,0.000000,0.000000,0.000000,0.552788,0.000000,0.000000,0.000000,0.577397,0.000000,0.530223,0.000000,0.000000,0.000000,0.000000,0.000000,0.000000,0.000000,0.000000,0.000000,0.000000,0.000000,0.000000,0.000000,0.538287,0.000000,0.000000,0.000000,0.000000,0.000000,0.000000,0.000000,0.467631,0.650698,0.295841,0.611880,0.000000,0.000000,0.405832,0.628375,0.355127,0.000000,0.000000,0.262016,0.000000,0.000000,0.404145,0.000000,0.343542,0.000000,0.336157,0.000000,0.000000,0.000000,0.000000,0.000000,0.000000,0.000000,0.000000,0.000000,0.000000,0.000000,0.326737,0.000000,0.000000,0.000000,0.000000,0.000000,0.586312,0.000000,0.000000,0.000000,0.535875,0.621188,0.000000,0.000000,0.538825,0.000000,0.522898,0.000000,0.535729,0.591224,0.500863,0.000000,0.547657,0.000000
0.000000,0.000000,0.000000,0.000000,0.000000,0.000000,0.000000,0.000000,0.000000,0.573892,0.000000,0.000000,0.000000,0.000000,0.000000,0.564122,0.000000,0.000000,0.000000,0.000000,0.000000,0.000000,0.000000,0.000000,0.000000,0.000000,0.000000,0.000000,0.000000,0.606924,0.000000,0.000000,0.000000,0.000000,0.000000,0.000000,0.000000,0.442570,0.000000,0.426411,0.000000,0.391068,0.355753,0.400877,0.366585,0.353506,0.262016,0.000000,0.000000,0.359164,0.465814,0.372463,0.000000,0.319841,0.000000,0.401368,0.000000,0.000000,0.000000,0.000000,0.000000,0.000000,0.000000,0.000000,0.000000,0.000000,0.400951,0.409953,0.000000,0.000000,0.000000,0.000000,0.000000,0.603939,0.000000,0.000000,0.000000,0.484956,0.000000,0.000000,0.000000,0.593748,0.000000,0.466887,0.000000,0.606397,0.000000,0.000000,0.000000,0.513287
0.000000,0.000000,0.000000,0.000000,0.438916,0.000000,0.000000,0.000000,0.488346,0.000000,0.000000,0.000000,0.487437,0.000000,0.504095,0.000000,0.000000,0.000000,0.000000,0.000000,0.000000,0.000000,0.458340,0.000000,0.000000,0.000000,0.000000,0.000000,0.540548,0.000000,0.000000,0.000000,0.000000,0.000000,0.000000,0.623177,0.515385,0.000000,0.000000,0.000000,0.000000,0.000000,0.382283,0.380304,0.374176,0.673073,0.000000,0.000000,0.000000,0.650156,0.423301,0.000000,0.000000,0.000000,0.000000,0.000000,0.000000,0.000000,0.342535,0.000000,0.264108,0.000000,0.000000,0.000000,0.000000,0.000000,0.351576,0.000000,0.000000,0.000000,0.000000,0.000000,0.550832,0.000000,0.000000,0.000000,0.420090,0.000000,0.000000,0.000000,0.489036,0.000000,0.510934,0.000000,0.464447,0.000000,0.000000,0.000000,0.462898,0.000000
