0.000000,0.000000,0.376924,0.000000,0.000000,0.000000,0.430292,0.000000,0.000000,0.000000,0.443682,0.000000,0.418087,0.000000,0.000000,0.000000,0.299253,0.000000,0.428086,0.000000,0.000000,0.000000,0.000000,0.000000,0.000000,0.000000,0.000000,0.000000,0.000000,0.000000,0.000000,0.000000,0.000000,0.000000,0.000000,0.000000,0.000000,0.000000,0.000000,0.000000,0.000000,0.000000,0.000000,0.000000,0.000000,0.000000,0.000000,0.000000,0.000000,0.000000,0.000000,0.000000,0.000000,0.000000,0.000000,0.000000,0.380395,0.000000,0.414602,0.000000,0.443513,0.000000,0.478496,0.000000,0.487138,0.000000,0.000000,0.000000,0.270200,0.000000,0.000000,0.000000,0.000000,0.000000,0.000000,0.000000,0.000000,0.000000,0.000000,0.000000,0.501665,0.000000,0.000000,0.000000,0.489287,0.000000,0.000000,0.000000,0.446178,0.000000
0.000000,0.000000,0.000000,0.395170,0.000000,0.000000,0.000000,0.430152,0.000000,0.000000,0.000000,0.418145,0.000000,0.419563,0.000000,0.000000,0.000000,0.306500,0.000000,0.000000,0.000000,0.000000,0.000000,0.000000,0.000000,0.000000,0.000000,0.000000,0.000000,0.481542,0.000000,0.000000,0.000000,0.000000,0.000000,0.000000,0.000000,0.000000,0.000000,0.000000,0.000000,0.000000,0.000000,0.000000,0.000000,0.000000,0.000000,0.000000,0.000000,0.000000,0.000000,0.465883,0.000000,0.000000,0.000000,0.000000,0.000000,0.393172,0.000000,0.000000,0.000000,0.463314,0.000000,0.472805,0.000000,0.486555,0.000000,0.000000,0.000000,0.000000,0.000000,0.000000,0.000000,0.431943,0.000000,0.000000,0.000000,0.000000,0.000000,0.000000,0.000000,0.478189,0.000000,0.000000,0.000000,0.515724,0.000000,0.000000,0.000000,0.000000
0.376924,0.000000,0.000000,0.510826,0.280687,0.000000,0.372253,0.446296,0.331781,0.000000,0.427227,0.000000,0.397095,0.000000,0.000000,0.000000,0.000000,0.000000,0.277822,0.568120,0.000000,0.000000,0.364502,0.000000,0.282723,0.000000,0.000000,0.000000,0.463636,0.000000,0.000000,0.000000,0.000000,0.000000,0.000000,0.000000,0.000000,0.000000,0.000000,0.000000,0.000000,0.000000,0.510697,0.000000,0.471227,0.000000,0.514865,0.000000,0.504623,0.000000,0.486908,0.000000,0.000000,0.000000,0.000000,0.000000,0.000000,0.000000,0.000000,0.000000,0.000000,0.000000,0.000000,0.000000,0.000000,0.000000,0.415220,0.000000,0.000000,0.000000,0.000000,0.000000,0.401437,0.000000,0.425038,0.000000,0.409179,0.000000,0.000000,0.000000,0.479821,0.000000,0.000000,0.000000,0.000000,0.000000,0.000000,0.000000,0.431444,0.000000
0.000000,0.395170,0.510826,0.000000,0.541318,0.314559,0.000000,0.407913,0.000000,0.000000,0.000000,0.000000,0.000000,0.394764,0.000000,0.000000,0.000000,0.000000,0.513639,0.394436,0.000000,0.363328,0.488879,0.363815,0.460881,0.327479,0.000000,0.000000,0.486584,0.000000,0.399324,0.381549,0.503520,0.332342,0.000000,0.000000,0.000000,0.000000,0.000000,0.000000,0.000000,0.000000,0.000000,0.000000,0.000000,0.000000,0.000000,0.000000,0.000000,0.000000,0.000000,0.000000,0.000000,0.000000,0.000000,0.000000,0.000000,0.000000,0.000000,0.000000,0.000000,0.000000,0.000000,0.000000,0.000000,0.000000,0.000000,0.000000,0.540746,0.000000,0.000000,0.322184,0.489191,0.391813,0.000000,0.000000,0.000000,0.000000,0.000000,0.000000,0.000000,0.000000,0.000000,0.000000,0.000000,0.000000,0.000000,0.000000,0.000000,0.000000
0.000000,0.000000,0.280687,0.541318,0.000000,0.513534,0.000000,0.000000,0.335274,0.000000,0.000000,0.000000,0.000000,0.000000,0.378354,0.000000,0.000000,0.000000,0.000000,0.000000,0.300152,0.000000,0.299238,0.000000,0.303118,0.000000,0.376906,0.000000,0.354014,0.000000,0.000000,0.000000,0.000000,0.000000,0.000000,0.000000,0.000000,0.000000,0.000000,0.000000,0.000000,0.000000,0.489064,0.000000,0.000000,0.000000,0.519386,0.000000,0.000000,0.000000,0.000000,0.000000,0.000000,0.000000,0.000000,0.000000,0.000000,0.000000,0.000000,0.000000,0.000000,0.000000,0.000000,0.000000,0.000000,0.000000,0.000000,0.000000,0.000000,0.000000,0.357585,0.000000,0.424298,0.000000,0.397834,0.000000,0.419361,0.000000,0.000000,0.000000,0.000000,0.000000,0.480144,0.000000,0.000000,0.000000,0.000000,0.000000,0.000000,0.000000
0.000000,0.000000,0.000000,0.314559,0.513534,0.000000,0.000000,0.000000,0.000000,0.322455,0.000000,0.000000,0.000000,0.000000,0.000000,0.338826,0.000000,0.000000,0.000000,0.000000,0.453151,0.400350,0.000000,0.312827,0.520372,0.497109,0.490761,0.308546,0.000000,0.389593,0.476614,0.425443,0.000000,0.000000,0.588305,0.000000,0.000000,0.000000,0.000000,0.000000,0.000000,0.000000,0.000000,0.000000,0.000000,0.000000,0.000000,0.000000,0.000000,0.000000,0.000000,0.000000,0.000000,0.000000,0.000000,0.000000,0.000000,0.000000,0.000000,0.000000,0.000000,0.000000,0.000000,0.000000,0.000000,0.000000,0.000000,0.000000,0.000000,0.000000,0.000000,0.321049,0.000000,0.357905,0.000000,0.394354,0.000000,0.394631,0.000000,0.000000,0.000000,0.000000,0.000000,0.413150,0.000000,0.000000,0.000000,0.000000,0.000000,0.000000
0.430292,0.000000,0.372253,0.000000,0.000000,0.000000,0.000000,0.000000,0.292053,0.000000,0.385829,0.000000,0.398371,0.000000,0.000000,0.000000,0.000000,0.000000,0.000000,0.000000,0.000000,0.000000,0.000000,0.000000,0.000000,0.000000,0.000000,0.000000,0.501498,0.000000,0.000000,0.000000,0.000000,0.000000,0.000000,0.000000,0.000000,0.000000,0.000000,0.000000,0.000000,0.000000,0.527052,0.000000,0.000000,0.000000,0.518664,0.000000,0.513605,0.000000,0.515565,0.000000,0.000000,0.000000,0.000000,0.000000,0.000000,0.000000,0.000000,0.000000,0.000000,0.000000,0.000000,0.000000,0.000000,0.000000,0.000000,0.000000,0.000000,0.000000,0.000000,0.000000,0.428590,0.000000,0.000000,0.000000,0.000000,0.000000,0.000000,0.000000,0.000000,0.000000,0.000000,0.000000,0.000000,0.000000,0.000000,0.000000,0.000000,0.000000
0.000000,0.430152,0.446296,0.407913,0.000000,0.000000,0.000000,0.000000,0.000000,0.314174,0.000000,0.424782,0.000000,0.311450,0.000000,0.317057,0.000000,0.000000,0.000000,0.000000,0.000000,0.000000,0.477778,0.000000,0.000000,0.000000,0.000000,0.000000,0.000000,0.000000,0.000000,0.000000,0.476971,0.000000,0.000000,0.000000,0.000000,0.000000,0.000000,0.000000,0.000000,0.000000,0.000000,0.000000,0.000000,0.000000,0.000000,0.000000,0.000000,0.000000,0.000000,0.000000,0.000000,0.000000,0.000000,0.000000,0.000000,0.000000,0.000000,0.000000,0.000000,0.000000,0.000000,0.000000,0.000000,0.000000,0.000000,0.000000,0.000000,0.000000,0.000000,0.365856,0.000000,0.000000,0.000000,0.000000,0.000000,0.394978,0.000000,0.000000,0.000000,0.000000,0.000000,0.000000,0.000000,0.000000,0.000000,0.000000,0.000000,0.000000
0.000000,0.000000,0.331781,0.000000,0.335274,0.000000,0.292053,0.000000,0.000000,0.000000,0.000000,0.000000,0.292527,0.000000,0.344556,0.000000,0.000000,0.000000,0.000000,0.000000,0.000000,0.000000,0.000000,0.000000,0.000000,0.000000,0.296442,0.000000,0.000000,0.000000,0.000000,0.000000,0.000000,0.000000,0.000000,0.000000,0.000000,0.564885,0.525634,0.512495,0.000000,0.500016,0.499361,0.000000,0.000000,0.000000,0.522177,0.000000,0.501323,0.000000,0.503182,0.000000,0.000000,0.000000,0.524749,0.000000,0.000000,0.000000,0.420936,0.000000,0.000000,0.000000,0.000000,0.000000,0.000000,0.000000,0.418537,0.000000,0.000000,0.000000,0.000000,0.000000,0.444532,0.000000,0.429179,0.000000,0.416627,0.000000,0.000000,0.000000,0.000000,0.000000,0.474931,0.000000,0.000000,0.000000,0.000000,0.000000,0.000000,0.000000
0.000000,0.000000,0.000000,0.000000,0.000000,0.322455,0.000000,0.314174,0.000000,0.000000,0.000000,0.000000,0.000000,0.284265,0.000000,0.317944,0.000000,0.000000,0.000000,0.000000,0.000000,0.000000,0.000000,0.000000,0.000000,0.000000,0.000000,0.000000,0.000000,0.337687,0.000000,0.000000,0.000000,0.000000,0.000000,0.000000,0.000000,0.000000,0.000000,0.000000,0.000000,0.000000,0.000000,0.000000,0.000000,0.000000,0.000000,0.000000,0.000000,0.000000,0.000000,0.000000,0.000000,0.000000,0.000000,0.000000,0.000000,0.000000,0.000000,0.000000,0.000000,0.000000,0.000000,0.000000,0.000000,0.000000,0.000000,0.000000,0.000000,0.000000,0.000000,0.348003,0.000000,0.386747,0.000000,0.392850,0.000000,0.403288,0.000000,0.000000,0.000000,0.000000,0.000000,0.432331,0.000000,0.000000,0.000000,0.420225,0.000000,0.000000
0.443682,0.000000,0.427227,0.000000,0.000000,0.000000,0.385829,0.000000,0.000000,0.000000,0.000000,0.000000,0.372839,0.000000,0.000000,0.000000,0.378837,0.000000,0.000000,0.000000,0.000000,0.000000,0.000000,0.000000,0.000000,0.000000,0.000000,0.000000,0.428518,0.000000,0.000000,0.000000,0.000000,0.000000,0.000000,0.000000,0.000000,0.000000,0.000000,0.000000,0.000000,0.000000,0.000000,0.000000,0.000000,0.000000,0.000000,0.000000,0.000000,0.000000,0.000000,0.000000,0.000000,0.000000,0.000000,0.000000,0.467006,0.000000,0.000000,0.000000,0.000000,0.000000,0.000000,0.000000,0.000000,0.000000,0.000000,0.000000,0.000000,0.000000,0.000000,0.000000,0.000000,0.000000,0.000000,0.000000,0.000000,0.000000,0.000000,0.000000,0.000000,0.000000,0.000000,0.000000,0.447280,0.000000,0.000000,0.000000,0.449813,0.000000
0.000000,0.418145,0.000000,0.000000,0.000000,0.000000,0.000000,0.424782,0.000000,0.000000,0.000000,0.000000,0.000000,0.357792,0.000000,0.000000,0.000000,0.438910,0.000000,0.000000,0.000000,0.000000,0.000000,0.000000,0.000000,0.000000,0.000000,0.000000,0.000000,0.414382,0.000000,0.000000,0.000000,0.000000,0.000000,0.000000,0.000000,0.000000,0.000000,0.000000,0.000000,0.000000,0.000000,0.000000,0.000000,0.000000,0.000000,0.000000,0.000000,0.488310,0.000000,0.000000,0.000000,0.000000,0.000000,0.000000,0.000000,0.443633,0.000000,0.455099,0.000000,0.000000,0.000000,0.000000,0.000000,0.000000,0.000000,0.434628,0.000000,0.000000,0.000000,0.000000,0.000000,0.316218,0.000000,0.000000,0.000000,0.000000,0.000000,0.000000,0.000000,0.000000,0.000000,0.000000,0.000000,0.000000,0.000000,0.000000,0.000000,0.000000
0.418087,0.000000,0.397095,0.000000,0.000000,0.000000,0.398371,0.000000,0.292527,0.000000,0.372839,0.000000,0.000000,0.000000,0.327625,0.000000,0.000000,0.000000,0.000000,0.000000,0.000000,0.000000,0.416652,0.000000,0.000000,0.000000,0.000000,0.000000,0.386837,0.000000,0.000000,0.000000,0.000000,0.000000,0.000000,0.000000,0.000000,0.000000,0.000000,0.000000,0.000000,0.000000,0.000000,0.000000,0.000000,0.000000,0.539059,0.000000,0.000000,0.000000,0.000000,0.000000,0.000000,0.000000,0.520767,0.000000,0.000000,0.000000,0.000000,0.000000,0.000000,0.000000,0.000000,0.000000,0.000000,0.000000,0.000000,0.000000,0.000000,0.000000,0.000000,0.000000,0.410915,0.000000,0.000000,0.000000,0.000000,0.000000,0.000000,0.000000,0.000000,0.000000,0.470421,0.000000,0.000000,0.000000,0.000000,0.000000,0.000000,0.000000
0.000000,0.419563,0.000000,0.394764,0.000000,0.000000,0.000000,0.311450,0.000000,0.284265,0.000000,0.357792,0.000000,0.000000,0.000000,0.305012,0.000000,0.000000,0.000000,0.000000,0.000000,0.000000,0.459504,0.000000,0.000000,0.000000,0.000000,0.000000,0.000000,0.387504,0.000000,0.000000,0.000000,0.000000,0.000000,0.000000,0.000000,0.487524,0.000000,0.493970,0.000000,0.000000,0.503232,0.471602,0.000000,0.479575,0.000000,0.511603,0.000000,0.481813,0.521622,0.465486,0.000000,0.502581,0.000000,0.522697,0.000000,0.415871,0.000000,0.434821,0.000000,0.000000,0.000000,0.000000,0.000000,0.000000,0.000000,0.430659,0.000000,0.000000,0.000000,0.000000,0.000000,0.425217,0.000000,0.391821,0.000000,0.389547,0.000000,0.000000,0.000000,0.000000,0.000000,0.000000,0.000000,0.000000,0.000000,0.000000,0.000000,0.445230
0.000000,0.000000,0.000000,0.000000,0.378354,0.000000,0.000000,0.000000,0.344556,0.000000,0.000000,0.000000,0.327625,0.000000,0.000000,0.000000,0.000000,0.000000,0.000000,0.000000,0.277419,0.000000,0.000000,0.000000,0.000000,0.000000,0.380428,0.000000,0.379633,0.000000,0.000000,0.000000,0.000000,0.000000,0.000000,0.000000,0.000000,0.000000,0.347753,0.000000,0.000000,0.000000,0.000000,0.000000,0.000000,0.000000,0.516434,0.000000,0.000000,0.000000,0.000000,0.000000,0.000000,0.000000,0.000000,0.000000,0.000000,0.000000,0.000000,0.000000,0.000000,0.000000,0.000000,0.000000,0.000000,0.000000,0.000000,0.000000,0.000000,0.000000,0.000000,0.000000,0.364832,0.000000,0.000000,0.000000,0.000000,0.000000,0.000000,0.000000,0.000000,0.000000,0.466512,0.000000,0.000000,0.000000,0.000000,0.000000,0.000000,0.000000
0.000000,0.000000,0.000000,0.000000,0.000000,0.338826,0.000000,0.317057,0.000000,0.317944,0.000000,0.000000,0.000000,0.305012,0.000000,0.000000,0.000000,0.000000,0.000000,0.000000,0.000000,0.290885,0.000000,0.000000,0.000000,0.000000,0.000000,0.325814,0.000000,0.381884,0.000000,0.000000,0.000000,0.000000,0.000000,0.000000,0.500165,0.472780,0.000000,0.478347,0.000000,0.000000,0.000000,0.465487,0.000000,0.475937,0.000000,0.496817,0.000000,0.479847,0.000000,0.455599,0.000000,0.000000,0.000000,0.520381,0.000000,0.000000,0.000000,0.430807,0.000000,0.000000,0.000000,0.000000,0.000000,0.000000,0.000000,0.440465,0.000000,0.000000,0.000000,0.000000,0.000000,0.417395,0.000000,0.399301,0.000000,0.379159,0.000000,0.000000,0.000000,0.000000,0.000000,0.458806,0.000000,0.000000,0.000000,0.428692,0.000000,0.000000
0.299253,0.000000,0.000000,0.000000,0.000000,0.000000,0.000000,0.000000,0.000000,0.000000,0.378837,0.000000,0.000000,0.000000,0.000000,0.000000,0.000000,0.000000,0.000000,0.000000,0.000000,0.000000,0.000000,0.000000,0.000000,0.000000,0.000000,0.000000,0.370053,0.000000,0.000000,0.000000,0.000000,0.000000,0.000000,0.000000,0.000000,0.000000,0.000000,0.000000,0.000000,0.000000,0.000000,0.000000,0.000000,0.000000,0.000000,0.000000,0.000000,0.000000,0.000000,0.000000,0.000000,0.000000,0.000000,0.000000,0.362612,0.000000,0.000000,0.000000,0.000000,0.000000,0.409416,0.000000,0.000000,0.000000,0.000000,0.000000,0.000000,0.000000,0.000000,0.000000,0.378562,0.000000,0.000000,0.000000,0.000000,0.000000,0.290855,0.000000,0.440868,0.000000,0.327093,0.000000,0.452628,0.000000,0.000000,0.000000,0.454432,0.000000
0.000000,0.306500,0.000000,0.000000,0.000000,0.000000,0.000000,0.000000,0.000000,0.000000,0.000000,0.438910,0.000000,0.000000,0.000000,0.000000,0.000000,0.000000,0.000000,0.000000,0.000000,0.000000,0.000000,0.000000,0.000000,0.000000,0.000000,0.000000,0.000000,0.346270,0.000000,0.000000,0.000000,0.000000,0.000000,0.000000,0.000000,0.000000,0.000000,0.000000,0.000000,0.000000,0.000000,0.000000,0.000000,0.000000,0.000000,0.000000,0.000000,0.000000,0.000000,0.000000,0.000000,0.000000,0.000000,0.000000,0.000000,0.308264,0.000000,0.000000,0.000000,0.000000,0.000000,0.402857,0.000000,0.000000,0.000000,0.000000,0.000000,0.000000,0.000000,0.000000,0.000000,0.379798,0.000000,0.000000,0.000000,0.000000,0.000000,0.247072,0.000000,0.342783,0.000000,0.238494,0.000000,0.000000,0.000000,0.000000,0.000000,0.000000
0.428086,0.000000,0.277822,0.513639,0.000000,0.000000,0.000000,0.000000,0.000000,0.000000,0.000000,0.000000,0.000000,0.000000,0.000000,0.000000,0.000000,0.000000,0.000000,0.548266,0.000000,0.000000,0.334458,0.519147,0.000000,0.000000,0.000000,0.000000,0.000000,0.000000,0.353323,0.000000,0.370194,0.533277,0.000000,0.000000,0.000000,0.000000,0.000000,0.000000,0.000000,0.000000,0.000000,0.000000,0.000000,0.000000,0.000000,0.000000,0.000000,0.000000,0.000000,0.000000,0.000000,0.000000,0.000000,0.000000,0.445385,0.000000,0.000000,0.000000,0.000000,0.000000,0.000000,0.000000,0.000000,0.000000,0.000000,0.000000,0.370577,0.000000,0.000000,0.000000,0.000000,0.000000,0.000000,0.000000,0.000000,0.000000,0.000000,0.000000,0.000000,0.000000,0.000000,0.000000,0.448975,0.000000,0.000000,0.000000,0.454395,0.000000
0.000000,0.000000,0.568120,0.394436,0.000000,0.000000,0.000000,0.000000,0.000000,0.000000,0.000000,0.000000,0.000000,0.000000,0.000000,0.000000,0.000000,0.000000,0.548266,0.000000,0.000000,0.000000,0.520868,0.350667,0.000000,0.000000,0.000000,0.000000,0.503233,0.000000,0.000000,0.000000,0.540498,0.361520,0.000000,0.000000,0.000000,0.000000,0.000000,0.000000,0.000000,0.000000,0.000000,0.000000,0.000000,0.000000,0.000000,0.000000,0.000000,0.000000,0.000000,0.000000,0.000000,0.000000,0.000000,0.000000,0.000000,0.000000,0.000000,0.000000,0.000000,0.000000,0.000000,0.000000,0.000000,0.000000,0.000000,0.452144,0.530168,0.338668,0.000000,0.000000,0.534958,0.000000,0.000000,0.000000,0.000000,0.391849,0.000000,0.000000,0.000000,0.000000,0.000000,0.000000,0.000000,0.000000,0.000000,0.000000,0.000000,0.000000
0.000000,0.000000,0.000000,0.000000,0.300152,0.453151,0.000000,0.000000,0.000000,0.000000,0.000000,0.000000,0.000000,0.000000,0.277419,0.000000,0.000000,0.000000,0.000000,0.000000,0.000000,0.000000,0.000000,0.000000,0.386036,0.261545,0.307653,0.456834,0.341351,0.000000,0.363487,0.000000,0.000000,0.000000,0.000000,0.000000,0.000000,0.000000,0.000000,0.000000,0.205452,0.000000,0.000000,0.000000,0.000000,0.000000,0.000000,0.000000,0.000000,0.000000,0.000000,0.000000,0.000000,0.000000,0.000000,0.000000,0.000000,0.000000,0.000000,0.000000,0.000000,0.000000,0.000000,0.000000,0.000000,0.000000,0.571389,0.000000,0.000000,0.000000,0.245065,0.000000,0.000000,0.000000,0.000000,0.000000,0.000000,0.000000,0.000000,0.000000,0.000000,0.000000,0.396265,0.000000,0.000000,0.000000,0.000000,0.000000,0.000000,0.000000
0.000000,0.000000,0.000000,0.363328,0.000000,0.400350,0.000000,0.000000,0.000000,0.000000,0.000000,0.000000,0.000000,0.000000,0.000000,0.290885,0.000000,0.000000,0.000000,0.000000,0.000000,0.000000,0.000000,0.000000,0.000000,0.366327,0.000000,0.347296,0.000000,0.265362,0.438991,0.353512,0.000000,0.451033,0.000000,0.523041,0.000000,0.000000,0.000000,0.000000,0.000000,0.000000,0.000000,0.000000,0.000000,0.000000,0.000000,0.000000,0.000000,0.000000,0.000000,0.000000,0.000000,0.000000,0.000000,0.000000,0.000000,0.000000,0.000000,0.000000,0.000000,0.000000,0.000000,0.000000,0.000000,0.000000,0.000000,0.530830,0.000000,0.000000,0.000000,0.286554,0.000000,0.000000,0.000000,0.000000,0.000000,0.000000,0.000000,0.000000,0.000000,0.000000,0.000000,0.339741,0.000000,0.000000,0.000000,0.000000,0.000000,0.000000
0.000000,0.000000,0.364502,0.488879,0.299238,0.000000,0.000000,0.477778,0.000000,0.000000,0.000000,0.000000,0.416652,0.459504,0.000000,0.000000,0.000000,0.000000,0.334458,0.520868,0.000000,0.000000,0.000000,0.482825,0.295916,0.000000,0.000000,0.000000,0.421919,0.000000,0.312996,0.447572,0.314178,0.000000,0.529539,0.000000,0.000000,0.000000,0.000000,0.000000,0.000000,0.000000,0.000000,0.000000,0.000000,0.000000,0.000000,0.000000,0.000000,0.000000,0.000000,0.000000,0.000000,0.000000,0.000000,0.000000,0.000000,0.000000,0.407270,0.000000,0.000000,0.000000,0.000000,0.000000,0.000000,0.000000,0.530452,0.000000,0.000000,0.000000,0.351602,0.000000,0.000000,0.000000,0.000000,0.000000,0.417274,0.000000,0.000000,0.000000,0.000000,0.000000,0.000000,0.000000,0.000000,0.000000,0.000000,0.000000,0.000000,0.000000
0.000000,0.000000,0.000000,0.363815,0.000000,0.312827,0.000000,0.000000,0.000000,0.000000,0.000000,0.000000,0.000000,0.000000,0.000000,0.000000,0.000000,0.000000,0.519147,0.350667,0.000000,0.000000,0.482825,0.000000,0.000000,0.307844,0.000000,0.000000,0.000000,0.000000,0.393680,0.354446,0.525860,0.367515,0.000000,0.542625,0.000000,0.000000,0.000000,0.000000,0.000000,0.000000,0.000000,0.000000,0.000000,0.000000,0.000000,0.000000,0.000000,0.000000,0.000000,0.000000,0.000000,0.000000,0.000000,0.000000,0.000000,0.000000,0.000000,0.000000,0.000000,0.000000,0.000000,0.000000,0.000000,0.000000,0.000000,0.519295,0.000000,0.000000,0.000000,0.000000,0.000000,0.000000,0.000000,0.000000,0.000000,0.000000,0.000000,0.000000,0.000000,0.000000,0.000000,0.000000,0.000000,0.000000,0.000000,0.000000,0.000000,0.000000
0.000000,0.000000,0.282723,0.460881,0.303118,0.520372,0.000000,0.000000,0.000000,0.000000,0.000000,0.000000,0.000000,0.000000,0.000000,0.000000,0.000000,0.000000,0.000000,0.000000,0.386036,0.000000,0.295916,0.000000,0.000000,0.466860,0.344935,0.481871,0.000000,0.000000,0.364058,0.000000,0.000000,0.000000,0.000000,0.000000,0.000000,0.000000,0.509302,0.000000,0.000000,0.000000,0.491007,0.000000,0.000000,0.000000,0.509865,0.000000,0.000000,0.000000,0.000000,0.000000,0.000000,0.000000,0.000000,0.000000,0.000000,0.000000,0.000000,0.000000,0.000000,0.000000,0.000000,0.000000,0.000000,0.000000,0.000000,0.000000,0.000000,0.000000,0.356548,0.394081,0.443134,0.000000,0.393277,0.000000,0.443531,0.000000,0.000000,0.000000,0.000000,0.000000,0.460451,0.000000,0.000000,0.000000,0.000000,0.000000,0.000000,0.000000
0.000000,0.000000,0.000000,0.327479,0.000000,0.497109,0.000000,0.000000,0.000000,0.000000,0.000000,0.000000,0.000000,0.000000,0.000000,0.000000,0.000000,0.000000,0.000000,0.000000,0.261545,0.366327,0.000000,0.307844,0.466860,0.000000,0.512735,0.309036,0.000000,0.000000,0.417254,0.389104,0.000000,0.000000,0.000000,0.000000,0.000000,0.000000,0.000000,0.000000,0.000000,0.000000,0.000000,0.000000,0.000000,0.000000,0.000000,0.000000,0.000000,0.000000,0.000000,0.000000,0.000000,0.000000,0.000000,0.000000,0.000000,0.000000,0.000000,0.000000,0.000000,0.000000,0.000000,0.000000,0.000000,0.000000,0.000000,0.000000,0.000000,0.000000,0.000000,0.352297,0.000000,0.000000,0.000000,0.000000,0.000000,0.000000,0.000000,0.000000,0.000000,0.000000,0.000000,0.000000,0.000000,0.000000,0.000000,0.000000,0.000000,0.000000
0.000000,0.000000,0.000000,0.000000,0.376906,0.490761,0.000000,0.000000,0.296442,0.000000,0.000000,0.000000,0.000000,0.000000,0.380428,0.000000,0.000000,0.000000,0.000000,0.000000,0.307653,0.000000,0.000000,0.000000,0.344935,0.512735,0.000000,0.470693,0.000000,0.000000,0.377459,0.000000,0.000000,0.000000,0.000000,0.000000,0.440476,0.000000,0.000000,0.000000,0.420979,0.000000,0.000000,0.000000,0.000000,0.000000,0.000000,0.000000,0.000000,0.000000,0.000000,0.000000,0.000000,0.000000,0.000000,0.000000,0.000000,0.000000,0.000000,0.000000,0.000000,0.000000,0.000000,0.000000,0.000000,0.000000,0.000000,0.000000,0.000000,0.000000,0.380542,0.420572,0.000000,0.000000,0.000000,0.000000,0.000000,0.000000,0.000000,0.000000,0.000000,0.000000,0.458185,0.000000,0.000000,0.000000,0.000000,0.000000,0.000000,0.000000
0.000000,0.000000,0.000000,0.000000,0.000000,0.308546,0.000000,0.000000,0.000000,0.000000,0.000000,0.000000,0.000000,0.000000,0.000000,0.325814,0.000000,0.000000,0.000000,0.000000,0.456834,0.347296,0.000000,0.000000,0.481871,0.309036,0.470693,0.000000,0.000000,0.339492,0.460943,0.000000,0.000000,0.000000,0.000000,0.000000,0.000000,0.454555,0.000000,0.000000,0.000000,0.313707,0.000000,0.000000,0.000000,0.000000,0.000000,0.000000,0.000000,0.000000,0.000000,0.000000,0.000000,0.000000,0.000000,0.000000,0.000000,0.000000,0.000000,0.000000,0.000000,0.000000,0.000000,0.000000,0.000000,0.000000,0.000000,0.000000,0.000000,0.000000,0.000000,0.317088,0.000000,0.304453,0.000000,0.000000,0.000000,0.000000,0.000000,0.000000,0.000000,0.000000,0.000000,0.345038,0.000000,0.000000,0.000000,0.000000,0.000000,0.000000
0.000000,0.000000,0.463636,0.486584,0.354014,0.000000,0.501498,0.000000,0.000000,0.000000,0.428518,0.000000,0.386837,0.000000,0.379633,0.000000,0.370053,0.000000,0.000000,0.503233,0.341351,0.000000,0.421919,0.000000,0.000000,0.000000,0.000000,0.000000,0.000000,0.000000,0.000000,0.000000,0.000000,0.000000,0.000000,0.000000,0.000000,0.000000,0.000000,0.000000,0.000000,0.000000,0.000000,0.000000,0.000000,0.000000,0.000000,0.000000,0.439214,0.000000,0.428050,0.000000,0.000000,0.000000,0.000000,0.000000,0.424444,0.000000,0.000000,0.000000,0.000000,0.000000,0.000000,0.000000,0.000000,0.000000,0.421669,0.000000,0.000000,0.000000,0.000000,0.000000,0.341693,0.410922,0.000000,0.000000,0.000000,0.000000,0.374354,0.000000,0.390209,0.000000,0.387305,0.000000,0.000000,0.000000,0.000000,0.000000,0.401894,0.000000
0.000000,0.481542,0.000000,0.000000,0.000000,0.389593,0.000000,0.000000,0.000000,0.337687,0.000000,0.414382,0.000000,0.387504,0.000000,0.381884,0.000000,0.346270,0.000000,0.000000,0.000000,0.265362,0.000000,0.000000,0.000000,0.000000,0.000000,0.339492,0.000000,0.000000,0.000000,0.000000,0.000000,0.000000,0.000000,0.000000,0.000000,0.000000,0.000000,0.514596,0.000000,0.000000,0.000000,0.465816,0.000000,0.463063,0.000000,0.513761,0.000000,0.488689,0.000000,0.431537,0.000000,0.000000,0.000000,0.547461,0.000000,0.361958,0.000000,0.411447,0.000000,0.000000,0.000000,0.383740,0.000000,0.000000,0.000000,0.415619,0.000000,0.000000,0.000000,0.339045,0.000000,0.322945,0.000000,0.000000,0.000000,0.437987,0.000000,0.326967,0.000000,0.361493,0.000000,0.387570,0.000000,0.000000,0.000000,0.000000,0.000000,0.429841
0.000000,0.000000,0.000000,0.399324,0.000000,0.476614,0.000000,0.000000,0.000000,0.000000,0.000000,0.000000,0.000000,0.000000,0.000000,0.000000,0.000000,0.000000,0.353323,0.000000,0.363487,0.438991,0.312996,0.393680,0.364058,0.417254,0.377459,0.460943,0.000000,0.000000,0.000000,0.376994,0.367120,0.000000,0.569219,0.000000,0.000000,0.000000,0.000000,0.000000,0.000000,0.000000,0.000000,0.000000,0.000000,0.000000,0.000000,0.000000,0.000000,0.000000,0.000000,0.000000,0.000000,0.000000,0.000000,0.000000,0.000000,0.000000,0.000000,0.000000,0.000000,0.000000,0.000000,0.000000,0.000000,0.000000,0.520739,0.000000,0.000000,0.000000,0.342057,0.370831,0.000000,0.000000,0.000000,0.000000,0.000000,0.000000,0.000000,0.000000,0.000000,0.000000,0.000000,0.000000,0.000000,0.000000,0.000000,0.000000,0.000000,0.000000
0.000000,0.000000,0.000000,0.381549,0.000000,0.425443,0.000000,0.000000,0.000000,0.000000,0.000000,0.000000,0.000000,0.000000,0.000000,0.000000,0.000000,0.000000,0.000000,0.000000,0.000000,0.353512,0.447572,0.354446,0.000000,0.389104,0.000000,0.000000,0.000000,0.000000,0.376994,0.000000,0.000000,0.446101,0.000000,0.518604,0.000000,0.000000,0.000000,0.000000,0.000000,0.000000,0.000000,0.000000,0.000000,0.000000,0.000000,0.000000,0.000000,0.000000,0.000000,0.000000,0.000000,0.000000,0.000000,0.000000,0.000000,0.000000,0.000000,0.000000,0.000000,0.000000,0.000000,0.000000,0.000000,0.000000,0.000000,0.440357,0.000000,0.000000,0.000000,0.406183,0.000000,0.000000,0.000000,0.000000,0.000000,0.000000,0.000000,0.000000,0.000000,0.000000,0.000000,0.000000,0.000000,0.000000,0.000000,0.000000,0.000000,0.000000
0.000000,0.000000,0.000000,0.503520,0.000000,0.000000,0.000000,0.476971,0.000000,0.000000,0.000000,0.000000,0.000000,0.000000,0.000000,0.000000,0.000000,0.000000,0.370194,0.540498,0.000000,0.000000,0.314178,0.525860,0.000000,0.000000,0.000000,0.000000,0.000000,0.000000,0.367120,0.000000,0.000000,0.461021,0.496150,0.000000,0.000000,0.000000,0.000000,0.000000,0.000000,0.000000,0.000000,0.000000,0.000000,0.000000,0.000000,0.000000,0.000000,0.000000,0.000000,0.000000,0.000000,0.000000,0.000000,0.000000,0.000000,0.000000,0.000000,0.000000,0.000000,0.000000,0.000000,0.000000,0.000000,0.000000,0.444623,0.498605,0.366686,0.521183,0.000000,0.000000,0.000000,0.000000,0.000000,0.000000,0.000000,0.000000,0.000000,0.000000,0.000000,0.000000,0.000000,0.000000,0.000000,0.000000,0.000000,0.000000,0.000000,0.000000
0.000000,0.000000,0.000000,0.332342,0.000000,0.000000,0.000000,0.000000,0.000000,0.000000,0.000000,0.000000,0.000000,0.000000,0.000000,0.000000,0.000000,0.000000,0.533277,0.361520,0.000000,0.451033,0.000000,0.367515,0.000000,0.000000,0.000000,0.000000,0.000000,0.000000,0.000000,0.446101,0.461021,0.000000,0.000000,0.525031,0.000000,0.542930,0.000000,0.000000,0.000000,0.000000,0.000000,0.000000,0.000000,0.000000,0.000000,0.000000,0.000000,0.000000,0.000000,0.000000,0.000000,0.000000,0.000000,0.000000,0.000000,0.000000,0.000000,0.000000,0.000000,0.000000,0.000000,0.000000,0.000000,0.000000,0.477150,0.425970,0.471778,0.311304,0.000000,0.460334,0.000000,0.000000,0.000000,0.000000,0.000000,0.000000,0.000000,0.000000,0.000000,0.000000,0.000000,0.000000,0.000000,0.000000,0.000000,0.000000,0.000000,0.000000
0.000000,0.000000,0.000000,0.000000,0.000000,0.588305,0.000000,0.000000,0.000000,0.000000,0.000000,0.000000,0.000000,0.000000,0.000000,0.000000,0.000000,0.000000,0.000000,0.000000,0.000000,0.000000,0.529539,0.000000,0.000000,0.000000,0.000000,0.000000,0.000000,0.000000,0.569219,0.000000,0.496150,0.000000,0.000000,0.420938,0.441663,0.000000,0.000000,0.000000,0.000000,0.000000,0.505965,0.000000,0.511070,0.000000,0.398700,0.000000,0.000000,0.000000,0.000000,0.000000,0.000000,0.000000,0.000000,0.000000,0.000000,0.000000,0.000000,0.000000,0.000000,0.000000,0.000000,0.000000,0.000000,0.000000,0.424115,0.000000,0.000000,0.000000,0.000000,0.000000,0.000000,0.000000,0.000000,0.000000,0.000000,0.000000,0.000000,0.000000,0.000000,0.000000,0.000000,0.000000,0.000000,0.000000,0.000000,0.000000,0.000000,0.000000
0.000000,0.000000,0.000000,0.000000,0.000000,0.000000,0.000000,0.000000,0.000000,0.000000,0.000000,0.000000,0.000000,0.000000,0.000000,0.000000,0.000000,0.000000,0.000000,0.000000,0.000000,0.523041,0.000000,0.542625,0.000000,0.000000,0.000000,0.000000,0.000000,0.000000,0.000000,0.518604,0.000000,0.525031,0.420938,0.000000,0.490839,0.516453,0.000000,0.000000,0.000000,0.000000,0.000000,0.583502,0.568003,0.532220,0.615178,0.000000,0.000000,0.000000,0.000000,0.000000,0.000000,0.000000,0.000000,0.000000,0.000000,0.000000,0.000000,0.000000,0.000000,0.000000,0.000000,0.000000,0.000000,0.000000,0.487218,0.418030,0.000000,0.000000,0.000000,0.517195,0.000000,0.000000,0.000000,0.000000,0.000000,0.000000,0.000000,0.000000,0.000000,0.000000,0.000000,0.000000,0.000000,0.000000,0.000000,0.000000,0.000000,0.000000
0.000000,0.000000,0.000000,0.000000,0.000000,0.000000,0.000000,0.000000,0.000000,0.000000,0.000000,0.000000,0.000000,0.000000,0.000000,0.500165,0.000000,0.000000,0.000000,0.000000,0.000000,0.000000,0.000000,0.000000,0.000000,0.000000,0.440476,0.000000,0.000000,0.000000,0.000000,0.000000,0.000000,0.000000,0.441663,0.490839,0.000000,0.545862,0.377448,0.000000,0.422373,0.441010,0.440775,0.000000,0.459854,0.000000,0.438291,0.000000,0.000000,0.000000,0.000000,0.000000,0.000000,0.000000,0.289840,0.000000,0.000000,0.000000,0.000000,0.000000,0.000000,0.000000,0.000000,0.000000,0.000000,0.000000,0.434032,0.000000,0.000000,0.000000,0.000000,0.000000,0.000000,0.000000,0.000000,0.000000,0.447273,0.000000,0.000000,0.000000,0.000000,0.000000,0.427926,0.000000,0.460159,0.000000,0.465429,0.000000,0.000000,0.000000
0.000000,0.000000,0.000000,0.000000,0.000000,0.000000,0.000000,0.000000,0.564885,0.000000,0.000000,0.000000,0.000000,0.487524,0.000000,0.472780,0.000000,0.000000,0.000000,0.000000,0.000000,0.000000,0.000000,0.000000,0.000000,0.000000,0.000000,0.454555,0.000000,0.000000,0.000000,0.000000,0.000000,0.542930,0.000000,0.516453,0.545862,0.000000,0.572774,0.364972,0.000000,0.431224,0.572586,0.440713,0.000000,0.404992,0.622960,0.396145,0.487392,0.419191,0.553370,0.000000,0.000000,0.000000,0.000000,0.318573,0.000000,0.000000,0.000000,0.000000,0.000000,0.000000,0.000000,0.000000,0.000000,0.000000,0.000000,0.431569,0.000000,0.000000,0.000000,0.000000,0.000000,0.495264,0.000000,0.000000,0.000000,0.440888,0.000000,0.000000,0.000000,0.000000,0.503884,0.000000,0.512385,0.000000,0.000000,0.308077,0.000000,0.292690
0.000000,0.000000,0.000000,0.000000,0.000000,0.000000,0.000000,0.000000,0.525634,0.000000,0.000000,0.000000,0.000000,0.000000,0.347753,0.000000,0.000000,0.000000,0.000000,0.000000,0.000000,0.000000,0.000000,0.000000,0.509302,0.000000,0.000000,0.000000,0.000000,0.000000,0.000000,0.000000,0.000000,0.000000,0.000000,0.000000,0.377448,0.572774,0.000000,0.462789,0.281634,0.465552,0.434340,0.000000,0.439002,0.000000,0.381015,0.000000,0.000000,0.000000,0.000000,0.000000,0.398919,0.000000,0.358900,0.560471,0.000000,0.000000,0.000000,0.000000,0.000000,0.000000,0.000000,0.000000,0.000000,0.000000,0.440166,0.000000,0.000000,0.000000,0.000000,0.000000,0.000000,0.000000,0.000000,0.000000,0.473917,0.000000,0.000000,0.000000,0.000000,0.000000,0.325308,0.000000,0.000000,0.544217,0.428426,0.535294,0.000000,0.000000
0.000000,0.000000,0.000000,0.000000,0.000000,0.000000,0.000000,0.000000,0.512495,0.000000,0.000000,0.000000,0.000000,0.493970,0.000000,0.478347,0.000000,0.000000,0.000000,0.000000,0.000000,0.000000,0.000000,0.000000,0.000000,0.000000,0.000000,0.000000,0.000000,0.514596,0.000000,0.000000,0.000000,0.000000,0.000000,0.000000,0.000000,0.364972,0.462789,0.000000,0.000000,0.354876,0.000000,0.399236,0.000000,0.446655,0.486376,0.360151,0.000000,0.000000,0.000000,0.000000,0.000000,0.407578,0.000000,0.330140,0.000000,0.000000,0.000000,0.000000,0.000000,0.000000,0.000000,0.000000,0.000000,0.000000,0.000000,0.457020,0.000000,0.000000,0.000000,0.000000,0.000000,0.431963,0.000000,0.437802,0.000000,0.399566,0.000000,0.000000,0.000000,0.000000,0.482553,0.401279,0.492291,0.444573,0.000000,0.359946,0.000000,0.385725
0.000000,0.000000,0.000000,0.000000,0.000000,0.000000,0.000000,0.000000,0.000000,0.000000,0.000000,0.000000,0.000000,0.000000,0.000000,0.000000,0.000000,0.000000,0.000000,0.000000,0.205452,0.000000,0.000000,0.000000,0.000000,0.000000,0.420979,0.000000,0.000000,0.000000,0.000000,0.000000,0.000000,0.000000,0.000000,0.000000,0.422373,0.000000,0.281634,0.000000,0.000000,0.000000,0.448538,0.000000,0.000000,0.000000,0.000000,0.000000,0.000000,0.000000,0.494947,0.000000,0.000000,0.000000,0.000000,0.000000,0.000000,0.000000,0.000000,0.000000,0.000000,0.000000,0.000000,0.000000,0.000000,0.000000,0.000000,0.000000,0.000000,0.000000,0.000000,0.000000,0.509467,0.000000,0.000000,0.000000,0.000000,0.000000,0.000000,0.000000,0.000000,0.000000,0.365827,0.000000,0.000000,0.000000,0.390447,0.000000,0.000000,0.000000
0.000000,0.000000,0.000000,0.000000,0.000000,0.000000,0.000000,0.000000,0.500016,0.000000,0.000000,0.000000,0.000000,0.000000,0.000000,0.000000,0.000000,0.000000,0.000000,0.000000,0.000000,0.000000,0.000000,0.000000,0.000000,0.000000,0.000000,0.313707,0.000000,0.000000,0.000000,0.000000,0.000000,0.000000,0.000000,0.000000,0.441010,0.431224,0.465552,0.354876,0.000000,0.000000,0.600781,0.000000,0.000000,0.000000,0.502332,0.000000,0.000000,0.000000,0.587645,0.000000,0.000000,0.000000,0.000000,0.415165,0.000000,0.000000,0.000000,0.000000,0.000000,0.000000,0.000000,0.000000,0.000000,0.000000,0.000000,0.368039,0.000000,0.000000,0.000000,0.361518,0.000000,0.326505,0.000000,0.000000,0.000000,0.430834,0.000000,0.000000,0.000000,0.000000,0.000000,0.313272,0.000000,0.000000,0.000000,0.344314,0.000000,0.000000
0.000000,0.000000,0.510697,0.000000,0.489064,0.000000,0.527052,0.000000,0.499361,0.000000,0.000000,0.000000,0.000000,0.503232,0.000000,0.000000,0.000000,0.000000,0.000000,0.000000,0.000000,0.000000,0.000000,0.000000,0.491007,0.000000,0.000000,0.000000,0.000000,0.000000,0.000000,0.000000,0.000000,0.000000,0.505965,0.000000,0.440775,0.572586,0.434340,0.000000,0.448538,0.600781,0.000000,0.618215,0.381592,0.650357,0.347204,0.230988,0.369353,0.631319,0.346064,0.000000,0.000000,0.000000,0.000000,0.000000,0.000000,0.000000,0.000000,0.000000,0.000000,0.000000,0.000000,0.000000,0.000000,0.000000,0.422784,0.597724,0.000000,0.000000,0.000000,0.000000,0.515197,0.000000,0.000000,0.000000,0.465026,0.000000,0.000000,0.000000,0.000000,0.000000,0.000000,0.000000,0.000000,0.000000,0.000000,0.000000,0.000000,0.000000
0.000000,0.000000,0.000000,0.000000,0.000000,0.000000,0.000000,0.000000,0.000000,0.000000,0.000000,0.000000,0.000000,0.471602,0.000000,0.465487,0.000000,0.000000,0.000000,0.000000,0.000000,0.000000,0.000000,0.000000,0.000000,0.000000,0.000000,0.000000,0.000000,0.465816,0.000000,0.000000,0.000000,0.000000,0.000000,0.583502,0.000000,0.440713,0.000000,0.399236,0.000000,0.000000,0.618215,0.000000,0.600702,0.413283,0.589421,0.340997,0.634651,0.378007,0.587443,0.313826,0.000000,0.269543,0.000000,0.000000,0.000000,0.000000,0.000000,0.000000,0.000000,0.000000,0.000000,0.000000,0.000000,0.000000,0.603047,0.405502,0.000000,0.000000,0.000000,0.000000,0.000000,0.470545,0.000000,0.000000,0.000000,0.000000,0.000000,0.000000,0.000000,0.467380,0.000000,0.455811,0.000000,0.000000,0.000000,0.000000,0.000000,0.489729
0.000000,0.000000,0.471227,0.000000,0.000000,0.000000,0.000000,0.000000,0.000000,0.000000,0.000000,0.000000,0.000000,0.000000,0.000000,0.000000,0.000000,0.000000,0.000000,0.000000,0.000000,0.000000,0.000000,0.000000,0.000000,0.000000,0.000000,0.000000,0.000000,0.000000,0.000000,0.000000,0.000000,0.000000,0.511070,0.568003,0.459854,0.000000,0.439002,0.000000,0.000000,0.000000,0.381592,0.600702,0.000000,0.649335,0.433923,0.550148,0.380391,0.618783,0.432608,0.000000,0.000000,0.000000,0.000000,0.000000,0.000000,0.000000,0.320722,0.000000,0.000000,0.000000,0.000000,0.000000,0.000000,0.000000,0.421233,0.548679,0.000000,0.000000,0.000000,0.000000,0.000000,0.000000,0.000000,0.000000,0.467627,0.000000,0.000000,0.000000,0.452982,0.000000,0.000000,0.000000,0.468623,0.000000,0.000000,0.000000,0.000000,0.000000
0.000000,0.000000,0.000000,0.000000,0.000000,0.000000,0.000000,0.000000,0.000000,0.000000,0.000000,0.000000,0.000000,0.479575,0.000000,0.475937,0.000000,0.000000,0.000000,0.000000,0.000000,0.000000,0.000000,0.000000,0.000000,0.000000,0.000000,0.000000,0.000000,0.463063,0.000000,0.000000,0.000000,0.000000,0.000000,0.532220,0.000000,0.404992,0.000000,0.446655,0.000000,0.000000,0.650357,0.413283,0.649335,0.000000,0.483910,0.434234,0.654721,0.365083,0.000000,0.000000,0.000000,0.000000,0.000000,0.000000,0.000000,0.000000,0.000000,0.273855,0.000000,0.000000,0.000000,0.000000,0.000000,0.000000,0.604774,0.381829,0.000000,0.000000,0.000000,0.000000,0.000000,0.451434,0.000000,0.000000,0.000000,0.441059,0.000000,0.000000,0.000000,0.462032,0.000000,0.454761,0.000000,0.000000,0.000000,0.000000,0.000000,0.000000
0.000000,0.000000,0.514865,0.000000,0.519386,0.000000,0.518664,0.000000,0.522177,0.000000,0.000000,0.000000,0.539059,0.000000,0.516434,0.000000,0.000000,0.000000,0.000000,0.000000,0.000000,0.000000,0.000000,0.000000,0.509865,0.000000,0.000000,0.000000,0.000000,0.000000,0.000000,0.000000,0.000000,0.000000,0.398700,0.615178,0.438291,0.622960,0.381015,0.486376,0.000000,0.502332,0.347204,0.589421,0.433923,0.483910,0.000000,0.603673,0.405974,0.000000,0.378874,0.000000,0.311577,0.000000,0.338676,0.635352,0.000000,0.000000,0.000000,0.000000,0.000000,0.000000,0.000000,0.000000,0.000000,0.000000,0.402255,0.620394,0.000000,0.000000,0.000000,0.000000,0.523841,0.000000,0.000000,0.000000,0.000000,0.000000,0.000000,0.000000,0.492076,0.000000,0.472403,0.000000,0.477887,0.545975,0.487863,0.000000,0.000000,0.000000
0.000000,0.000000,0.000000,0.000000,0.000000,0.000000,0.000000,0.000000,0.000000,0.000000,0.000000,0.000000,0.000000,0.511603,0.000000,0.496817,0.000000,0.000000,0.000000,0.000000,0.000000,0.000000,0.000000,0.000000,0.000000,0.000000,0.000000,0.000000,0.000000,0.513761,0.000000,0.000000,0.000000,0.000000,0.000000,0.000000,0.000000,0.396145,0.000000,0.360151,0.000000,0.000000,0.230988,0.340997,0.550148,0.434234,0.603673,0.000000,0.000000,0.386257,0.000000,0.330845,0.000000,0.314997,0.000000,0.359880,0.000000,0.000000,0.000000,0.000000,0.000000,0.000000,0.000000,0.000000,0.000000,0.000000,0.475529,0.451168,0.000000,0.000000,0.000000,0.000000,0.000000,0.492543,0.000000,0.000000,0.000000,0.000000,0.000000,0.000000,0.000000,0.484749,0.000000,0.463414,0.000000,0.482701,0.000000,0.000000,0.000000,0.483533
0.000000,0.000000,0.504623,0.000000,0.000000,0.000000,0.513605,0.000000,0.501323,0.000000,0.000000,0.000000,0.000000,0.000000,0.000000,0.000000,0.000000,0.000000,0.000000,0.000000,0.000000,0.000000,0.000000,0.000000,0.000000,0.000000,0.000000,0.000000,0.439214,0.000000,0.000000,0.000000,0.000000,0.000000,0.000000,0.000000,0.000000,0.487392,0.000000,0.000000,0.000000,0.000000,0.369353,0.634651,0.380391,0.654721,0.405974,0.000000,0.000000,0.618050,0.419261,0.000000,0.415876,0.000000,0.397444,0.000000,0.000000,0.000000,0.385133,0.000000,0.383861,0.000000,0.000000,0.000000,0.000000,0.000000,0.385444,0.000000,0.000000,0.000000,0.000000,0.000000,0.000000,0.000000,0.000000,0.000000,0.437666,0.461801,0.000000,0.000000,0.437454,0.000000,0.000000,0.000000,0.470888,0.000000,0.000000,0.000000,0.000000,0.000000
