0.000000,0.000000,0.449467,0.509403,0.438059,0.000000,0.410244,0.424860,0.474138,0.000000,0.456153,0.000000,0.409569,0.000000,0.353443,0.000000,0.321659,0.000000,0.402884,0.000000,0.000000,0.000000,0.489605,0.475391,0.457331,0.000000,0.447555,0.000000,0.296686,0.000000,0.000000,0.501349,0.443338,0.561386,0.461610,0.000000,0.395880,0.528140,0.406660,0.514584,0.000000,0.000000,0.512803,0.000000,0.523473,0.000000,0.522974,0.000000,0.000000,0.000000,0.000000,0.000000,0.000000,0.000000,0.435519,0.509652,0.341509,0.000000,0.569143,0.602501,0.443458,0.000000,0.338441,0.000000,0.367305,0.000000,0.378828,0.571851,0.577434,0.607541,0.000000,0.483727,0.000000,0.000000,0.000000,0.000000,0.427441,0.000000,0.285219,0.000000,0.325530,0.000000,0.369364,0.000000,0.466995,0.000000,0.467588,0.000000,0.449959,0.000000
0.000000,0.000000,0.528586,0.540732,0.000000,0.000000,0.529124,0.379261,0.000000,0.000000,0.465790,0.449484,0.000000,0.451038,0.541406,0.000000,0.000000,0.313473,0.000000,0.000000,0.000000,0.000000,0.504418,0.537211,0.490311,0.488276,0.000000,0.491061,0.542783,0.357723,0.510187,0.505952,0.537540,0.433759,0.000000,0.448904,0.000000,0.420431,0.000000,0.000000,0.000000,0.000000,0.000000,0.549339,0.000000,0.000000,0.000000,0.525762,0.000000,0.000000,0.000000,0.565513,0.000000,0.528064,0.000000,0.466023,0.000000,0.378123,0.000000,0.435279,0.000000,0.000000,0.000000,0.425831,0.000000,0.000000,0.499008,0.539690,0.538827,0.503490,0.516358,0.000000,0.553924,0.366221,0.509975,0.000000,0.000000,0.452720,0.000000,0.331199,0.000000,0.455764,0.590766,0.282822,0.000000,0.465130,0.000000,0.000000,0.000000,0.523265
0.449467,0.528586,0.000000,0.531007,0.382364,0.000000,0.374528,0.462216,0.395476,0.000000,0.483091,0.000000,0.450224,0.000000,0.512081,0.000000,0.000000,0.000000,0.366385,0.000000,0.000000,0.000000,0.400229,0.523276,0.456409,0.000000,0.478156,0.000000,0.384964,0.000000,0.412568,0.000000,0.553298,0.577177,0.000000,0.000000,0.000000,0.000000,0.000000,0.000000,0.402217,0.000000,0.505647,0.540247,0.000000,0.000000,0.478010,0.534779,0.000000,0.000000,0.000000,0.000000,0.000000,0.000000,0.000000,0.000000,0.460746,0.000000,0.000000,0.000000,0.000000,0.000000,0.000000,0.000000,0.000000,0.000000,0.000000,0.547848,0.566933,0.588686,0.548578,0.000000,0.477787,0.000000,0.471459,0.000000,0.000000,0.000000,0.000000,0.000000,0.000000,0.550250,0.000000,0.000000,0.000000,0.000000,0.000000,0.000000,0.000000,0.000000
0.509403,0.540732,0.531007,0.000000,0.000000,0.387728,0.000000,0.384939,0.000000,0.355392,0.519886,0.421748,0.576622,0.456920,0.000000,0.430527,0.000000,0.000000,0.000000,0.300842,0.000000,0.000000,0.392312,0.381832,0.419929,0.417407,0.000000,0.401931,0.000000,0.000000,0.453455,0.366290,0.496829,0.468071,0.454565,0.000000,0.000000,0.393265,0.000000,0.000000,0.000000,0.000000,0.000000,0.576346,0.000000,0.000000,0.000000,0.000000,0.000000,0.000000,0.000000,0.000000,0.000000,0.000000,0.000000,0.393800,0.000000,0.538356,0.000000,0.439699,0.000000,0.000000,0.000000,0.000000,0.000000,0.000000,0.000000,0.567153,0.538974,0.545736,0.000000,0.397246,0.000000,0.000000,0.000000,0.000000,0.000000,0.386842,0.000000,0.000000,0.000000,0.000000,0.000000,0.000000,0.000000,0.555732,0.000000,0.000000,0.000000,0.000000
0.438059,0.000000,0.382364,0.000000,0.000000,0.000000,0.408279,0.000000,0.378193,0.000000,0.456643,0.000000,0.432367,0.000000,0.453179,0.000000,0.479673,0.000000,0.000000,0.000000,0.494414,0.000000,0.359477,0.000000,0.331248,0.000000,0.465708,0.543247,0.296152,0.000000,0.000000,0.593401,0.568256,0.516941,0.559418,0.000000,0.000000,0.000000,0.000000,0.000000,0.000000,0.000000,0.480167,0.000000,0.000000,0.000000,0.484318,0.000000,0.000000,0.000000,0.000000,0.000000,0.000000,0.000000,0.000000,0.000000,0.000000,0.000000,0.000000,0.000000,0.000000,0.000000,0.000000,0.000000,0.000000,0.000000,0.000000,0.000000,0.572179,0.000000,0.000000,0.000000,0.000000,0.000000,0.565344,0.000000,0.000000,0.000000,0.000000,0.000000,0.426672,0.000000,0.452398,0.000000,0.000000,0.000000,0.000000,0.000000,0.000000,0.000000
0.000000,0.000000,0.000000,0.387728,0.000000,0.000000,0.000000,0.386372,0.000000,0.341729,0.000000,0.000000,0.000000,0.000000,0.515812,0.388686,0.000000,0.000000,0.000000,0.000000,0.000000,0.000000,0.000000,0.353025,0.000000,0.375526,0.000000,0.302791,0.000000,0.000000,0.000000,0.316927,0.000000,0.000000,0.000000,0.000000,0.000000,0.000000,0.000000,0.318431,0.000000,0.000000,0.000000,0.000000,0.000000,0.000000,0.000000,0.000000,0.000000,0.000000,0.000000,0.000000,0.000000,0.000000,0.000000,0.425746,0.000000,0.000000,0.000000,0.000000,0.000000,0.000000,0.000000,0.000000,0.000000,0.000000,0.000000,0.000000,0.000000,0.000000,0.000000,0.000000,0.000000,0.000000,0.000000,0.000000,0.000000,0.000000,0.000000,0.000000,0.000000,0.000000,0.516075,0.308403,0.000000,0.000000,0.000000,0.000000,0.000000,0.000000
0.410244,0.529124,0.374528,0.000000,0.408279,0.000000,0.000000,0.503360,0.421651,0.000000,0.466028,0.000000,0.408776,0.000000,0.372399,0.000000,0.000000,0.000000,0.355259,0.000000,0.000000,0.000000,0.457300,0.529089,0.449544,0.577663,0.000000,0.000000,0.384437,0.000000,0.382849,0.000000,0.437995,0.534150,0.429433,0.000000,0.000000,0.000000,0.000000,0.000000,0.393905,0.000000,0.515986,0.000000,0.476597,0.000000,0.486612,0.000000,0.000000,0.000000,0.000000,0.000000,0.000000,0.000000,0.459823,0.000000,0.441142,0.000000,0.596933,0.000000,0.350863,0.000000,0.000000,0.000000,0.000000,0.000000,0.000000,0.000000,0.521501,0.550090,0.431427,0.578643,0.421925,0.000000,0.438602,0.000000,0.000000,0.511546,0.000000,0.000000,0.000000,0.000000,0.000000,0.000000,0.000000,0.000000,0.000000,0.000000,0.000000,0.000000
0.424860,0.379261,0.462216,0.384939,0.000000,0.386372,0.503360,0.000000,0.000000,0.361826,0.459250,0.383706,0.000000,0.364141,0.000000,0.398380,0.000000,0.000000,0.358131,0.353230,0.000000,0.000000,0.417142,0.399182,0.000000,0.393096,0.000000,0.404586,0.000000,0.291281,0.000000,0.396965,0.440704,0.429217,0.000000,0.000000,0.000000,0.000000,0.000000,0.394413,0.000000,0.360708,0.000000,0.556988,0.000000,0.000000,0.000000,0.000000,0.000000,0.000000,0.000000,0.518644,0.000000,0.000000,0.000000,0.509829,0.000000,0.378815,0.510994,0.000000,0.000000,0.000000,0.000000,0.000000,0.000000,0.000000,0.000000,0.541440,0.000000,0.469687,0.000000,0.000000,0.000000,0.000000,0.000000,0.000000,0.000000,0.000000,0.000000,0.000000,0.000000,0.000000,0.000000,0.410229,0.000000,0.000000,0.000000,0.000000,0.000000,0.000000
0.474138,0.000000,0.395476,0.000000,0.378193,0.000000,0.421651,0.000000,0.000000,0.000000,0.490846,0.000000,0.442556,0.000000,0.429125,0.000000,0.488424,0.000000,0.000000,0.000000,0.000000,0.000000,0.350687,0.000000,0.352817,0.000000,0.483873,0.000000,0.000000,0.000000,0.587086,0.587679,0.573801,0.561150,0.561763,0.000000,0.000000,0.000000,0.000000,0.000000,0.000000,0.000000,0.000000,0.000000,0.000000,0.000000,0.000000,0.000000,0.000000,0.000000,0.000000,0.000000,0.000000,0.000000,0.000000,0.000000,0.451471,0.000000,0.000000,0.000000,0.000000,0.000000,0.000000,0.000000,0.000000,0.000000,0.000000,0.558090,0.576214,0.000000,0.000000,0.000000,0.000000,0.000000,0.000000,0.000000,0.000000,0.000000,0.000000,0.000000,0.454369,0.000000,0.409474,0.000000,0.000000,0.000000,0.000000,0.000000,0.000000,0.000000
0.000000,0.000000,0.000000,0.355392,0.000000,0.341729,0.000000,0.361826,0.000000,0.000000,0.000000,0.000000,0.000000,0.000000,0.000000,0.357078,0.000000,0.000000,0.000000,0.000000,0.000000,0.000000,0.000000,0.330961,0.000000,0.301232,0.000000,0.323411,0.000000,0.000000,0.000000,0.359330,0.000000,0.000000,0.000000,0.000000,0.000000,0.000000,0.000000,0.000000,0.000000,0.000000,0.000000,0.000000,0.000000,0.000000,0.000000,0.000000,0.000000,0.000000,0.000000,0.000000,0.000000,0.000000,0.000000,0.000000,0.000000,0.000000,0.000000,0.000000,0.000000,0.000000,0.000000,0.000000,0.000000,0.000000,0.000000,0.000000,0.000000,0.000000,0.000000,0.000000,0.000000,0.000000,0.000000,0.000000,0.000000,0.000000,0.000000,0.000000,0.000000,0.000000,0.000000,0.375281,0.000000,0.000000,0.000000,0.000000,0.000000,0.000000
0.456153,0.465790,0.483091,0.519886,0.456643,0.000000,0.466028,0.459250,0.490846,0.000000,0.000000,0.000000,0.340884,0.000000,0.000000,0.000000,0.300179,0.000000,0.000000,0.000000,0.000000,0.000000,0.509205,0.530311,0.000000,0.000000,0.441018,0.000000,0.395200,0.000000,0.000000,0.000000,0.567866,0.544752,0.000000,0.000000,0.000000,0.000000,0.000000,0.000000,0.380121,0.000000,0.000000,0.000000,0.000000,0.000000,0.000000,0.000000,0.000000,0.000000,0.000000,0.000000,0.000000,0.000000,0.000000,0.000000,0.000000,0.000000,0.590442,0.579253,0.000000,0.000000,0.000000,0.000000,0.000000,0.000000,0.000000,0.561012,0.536568,0.552439,0.000000,0.000000,0.000000,0.000000,0.000000,0.000000,0.433431,0.488863,0.000000,0.000000,0.000000,0.000000,0.406045,0.000000,0.000000,0.000000,0.000000,0.000000,0.425076,0.000000
0.000000,0.449484,0.000000,0.421748,0.000000,0.000000,0.000000,0.383706,0.000000,0.000000,0.000000,0.000000,0.518579,0.354121,0.525461,0.000000,0.568717,0.385353,0.000000,0.000000,0.000000,0.432869,0.425753,0.438366,0.000000,0.465218,0.543817,0.471974,0.545926,0.412365,0.523683,0.442721,0.549241,0.501383,0.000000,0.419018,0.000000,0.376688,0.000000,0.414369,0.000000,0.373280,0.000000,0.000000,0.000000,0.000000,0.000000,0.000000,0.000000,0.000000,0.000000,0.000000,0.000000,0.000000,0.000000,0.411609,0.000000,0.466449,0.000000,0.000000,0.000000,0.000000,0.000000,0.427548,0.000000,0.000000,0.505045,0.403163,0.541563,0.496905,0.511371,0.000000,0.483078,0.402309,0.543207,0.000000,0.000000,0.000000,0.000000,0.413923,0.000000,0.475207,0.000000,0.333778,0.000000,0.435499,0.000000,0.000000,0.000000,0.000000
0.409569,0.000000,0.450224,0.576622,0.432367,0.000000,0.408776,0.000000,0.442556,0.000000,0.340884,0.518579,0.000000,0.000000,0.380095,0.000000,0.000000,0.000000,0.000000,0.000000,0.000000,0.000000,0.442280,0.000000,0.000000,0.000000,0.000000,0.000000,0.345394,0.000000,0.000000,0.464249,0.578852,0.576766,0.000000,0.000000,0.000000,0.000000,0.000000,0.000000,0.383372,0.000000,0.529071,0.000000,0.528457,0.000000,0.496303,0.000000,0.000000,0.000000,0.000000,0.000000,0.000000,0.000000,0.478040,0.000000,0.495372,0.000000,0.000000,0.000000,0.000000,0.000000,0.000000,0.000000,0.505716,0.000000,0.000000,0.543848,0.000000,0.000000,0.000000,0.541148,0.441357,0.000000,0.459860,0.000000,0.366778,0.489353,0.000000,0.000000,0.000000,0.000000,0.353238,0.000000,0.000000,0.000000,0.000000,0.000000,0.486444,0.000000
0.000000,0.451038,0.000000,0.456920,0.000000,0.000000,0.000000,0.364141,0.000000,0.000000,0.000000,0.354121,0.000000,0.000000,0.000000,0.411335,0.000000,0.393150,0.000000,0.000000,0.000000,0.000000,0.000000,0.446563,0.000000,0.501401,0.000000,0.491020,0.000000,0.401318,0.000000,0.450167,0.544319,0.000000,0.000000,0.000000,0.000000,0.000000,0.000000,0.000000,0.000000,0.447145,0.000000,0.000000,0.000000,0.000000,0.000000,0.000000,0.000000,0.000000,0.000000,0.527633,0.000000,0.000000,0.000000,0.561165,0.000000,0.584619,0.000000,0.000000,0.000000,0.000000,0.000000,0.521774,0.000000,0.000000,0.000000,0.000000,0.000000,0.500641,0.000000,0.000000,0.000000,0.000000,0.550007,0.000000,0.000000,0.000000,0.000000,0.000000,0.000000,0.532946,0.000000,0.408718,0.000000,0.000000,0.000000,0.000000,0.000000,0.609812
0.353443,0.541406,0.512081,0.000000,0.453179,0.515812,0.372399,0.000000,0.429125,0.000000,0.000000,0.525461,0.380095,0.000000,0.000000,0.000000,0.400692,0.000000,0.000000,0.000000,0.000000,0.515448,0.581159,0.000000,0.487683,0.580174,0.442152,0.540730,0.421783,0.560109,0.514277,0.530886,0.528527,0.571204,0.000000,0.000000,0.403713,0.513838,0.550708,0.000000,0.000000,0.000000,0.000000,0.000000,0.000000,0.000000,0.000000,0.000000,0.000000,0.000000,0.000000,0.000000,0.000000,0.000000,0.000000,0.000000,0.339726,0.000000,0.604061,0.000000,0.000000,0.000000,0.000000,0.000000,0.000000,0.000000,0.000000,0.549671,0.570966,0.000000,0.362793,0.567119,0.406556,0.000000,0.000000,0.000000,0.000000,0.541747,0.000000,0.528357,0.396906,0.000000,0.542005,0.000000,0.000000,0.000000,0.407416,0.000000,0.000000,0.000000
0.000000,0.000000,0.000000,0.430527,0.000000,0.388686,0.000000,0.398380,0.000000,0.357078,0.000000,0.000000,0.000000,0.411335,0.000000,0.000000,0.000000,0.000000,0.000000,0.000000,0.000000,0.548940,0.000000,0.000000,0.000000,0.000000,0.000000,0.000000,0.000000,0.371842,0.000000,0.379716,0.000000,0.000000,0.000000,0.000000,0.000000,0.000000,0.000000,0.409734,0.000000,0.000000,0.000000,0.000000,0.000000,0.000000,0.000000,0.000000,0.000000,0.000000,0.000000,0.000000,0.000000,0.000000,0.000000,0.429082,0.000000,0.000000,0.000000,0.000000,0.000000,0.000000,0.000000,0.000000,0.000000,0.000000,0.000000,0.000000,0.000000,0.000000,0.000000,0.000000,0.000000,0.000000,0.000000,0.000000,0.000000,0.000000,0.000000,0.000000,0.000000,0.000000,0.000000,0.392387,0.000000,0.000000,0.000000,0.427162,0.000000,0.000000
0.321659,0.000000,0.000000,0.000000,0.479673,0.000000,0.000000,0.000000,0.488424,0.000000,0.300179,0.568717,0.000000,0.000000,0.400692,0.000000,0.000000,0.000000,0.000000,0.000000,0.000000,0.000000,0.000000,0.000000,0.000000,0.532954,0.498170,0.523498,0.299903,0.000000,0.000000,0.000000,0.409446,0.584080,0.000000,0.000000,0.304926,0.539689,0.447629,0.514200,0.000000,0.000000,0.000000,0.000000,0.000000,0.000000,0.000000,0.000000,0.000000,0.000000,0.000000,0.000000,0.000000,0.000000,0.433602,0.536726,0.272401,0.000000,0.000000,0.000000,0.000000,0.000000,0.311554,0.000000,0.000000,0.000000,0.570586,0.574314,0.000000,0.000000,0.000000,0.588842,0.000000,0.000000,0.000000,0.000000,0.000000,0.000000,0.280456,0.000000,0.287253,0.000000,0.497247,0.000000,0.451991,0.000000,0.480584,0.000000,0.421428,0.000000
0.000000,0.313473,0.000000,0.000000,0.000000,0.000000,0.000000,0.000000,0.000000,0.000000,0.000000,0.385353,0.000000,0.393150,0.000000,0.000000,0.000000,0.000000,0.000000,0.000000,0.000000,0.000000,0.000000,0.000000,0.000000,0.000000,0.000000,0.000000,0.000000,0.333129,0.000000,0.000000,0.000000,0.000000,0.000000,0.395633,0.000000,0.448755,0.000000,0.392249,0.000000,0.434678,0.000000,0.542141,0.000000,0.000000,0.000000,0.471257,0.000000,0.000000,0.000000,0.513353,0.000000,0.000000,0.000000,0.451363,0.000000,0.418302,0.000000,0.000000,0.000000,0.000000,0.000000,0.324001,0.000000,0.000000,0.000000,0.000000,0.000000,0.000000,0.000000,0.000000,0.000000,0.348758,0.000000,0.000000,0.000000,0.000000,0.000000,0.308995,0.000000,0.341995,0.000000,0.313619,0.000000,0.399601,0.000000,0.000000,0.000000,0.000000
0.402884,0.000000,0.366385,0.000000,0.000000,0.000000,0.355259,0.358131,0.000000,0.000000,0.000000,0.000000,0.000000,0.000000,0.000000,0.000000,0.000000,0.000000,0.000000,0.376962,0.000000,0.000000,0.311691,0.405213,0.000000,0.000000,0.000000,0.000000,0.000000,0.000000,0.000000,0.000000,0.313268,0.386302,0.000000,0.000000,0.000000,0.000000,0.000000,0.000000,0.000000,0.000000,0.000000,0.000000,0.000000,0.000000,0.000000,0.000000,0.000000,0.000000,0.000000,0.000000,0.000000,0.000000,0.000000,0.000000,0.618849,0.000000,0.619147,0.517566,0.000000,0.479003,0.000000,0.000000,0.000000,0.000000,0.511285,0.000000,0.504190,0.468798,0.000000,0.000000,0.000000,0.000000,0.000000,0.000000,0.000000,0.000000,0.000000,0.000000,0.000000,0.000000,0.000000,0.000000,0.000000,0.000000,0.000000,0.000000,0.000000,0.000000
0.000000,0.000000,0.000000,0.300842,0.000000,0.000000,0.000000,0.353230,0.000000,0.000000,0.000000,0.000000,0.000000,0.000000,0.000000,0.000000,0.000000,0.000000,0.376962,0.000000,0.000000,0.000000,0.000000,0.415797,0.000000,0.000000,0.000000,0.000000,0.000000,0.000000,0.000000,0.000000,0.443925,0.373919,0.000000,0.000000,0.000000,0.000000,0.000000,0.000000,0.000000,0.000000,0.000000,0.000000,0.000000,0.000000,0.000000,0.000000,0.000000,0.000000,0.000000,0.000000,0.000000,0.000000,0.000000,0.000000,0.000000,0.000000,0.000000,0.602990,0.000000,0.556024,0.000000,0.000000,0.000000,0.000000,0.000000,0.000000,0.332382,0.442878,0.000000,0.000000,0.000000,0.000000,0.000000,0.000000,0.000000,0.000000,0.000000,0.000000,0.000000,0.000000,0.000000,0.000000,0.000000,0.000000,0.000000,0.000000,0.000000,0.000000
0.000000,0.000000,0.000000,0.000000,0.494414,0.000000,0.000000,0.000000,0.000000,0.000000,0.000000,0.000000,0.000000,0.000000,0.000000,0.000000,0.000000,0.000000,0.000000,0.000000,0.000000,0.000000,0.000000,0.000000,0.000000,0.000000,0.287562,0.000000,0.000000,0.000000,0.539230,0.000000,0.000000,0.000000,0.000000,0.000000,0.000000,0.000000,0.000000,0.000000,0.000000,0.000000,0.000000,0.000000,0.000000,0.000000,0.000000,0.000000,0.000000,0.000000,0.000000,0.000000,0.000000,0.000000,0.000000,0.000000,0.000000,0.000000,0.000000,0.000000,0.000000,0.000000,0.000000,0.000000,0.000000,0.000000,0.000000,0.000000,0.000000,0.000000,0.000000,0.000000,0.000000,0.000000,0.000000,0.000000,0.000000,0.000000,0.000000,0.000000,0.000000,0.000000,0.000000,0.000000,0.000000,0.000000,0.000000,0.000000,0.000000,0.000000
0.000000,0.000000,0.000000,0.000000,0.000000,0.000000,0.000000,0.000000,0.000000,0.000000,0.000000,0.432869,0.000000,0.000000,0.515448,0.548940,0.000000,0.000000,0.000000,0.000000,0.000000,0.000000,0.000000,0.000000,0.000000,0.000000,0.000000,0.000000,0.000000,0.442048,0.000000,0.000000,0.559596,0.000000,0.000000,0.000000,0.000000,0.390168,0.000000,0.000000,0.000000,0.239701,0.000000,0.000000,0.000000,0.000000,0.000000,0.000000,0.000000,0.000000,0.000000,0.000000,0.000000,0.000000,0.000000,0.000000,0.000000,0.000000,0.000000,0.000000,0.000000,0.000000,0.000000,0.525486,0.000000,0.000000,0.522916,0.000000,0.000000,0.000000,0.000000,0.247650,0.532134,0.000000,0.000000,0.408495,0.000000,0.000000,0.000000,0.000000,0.000000,0.000000,0.517255,0.000000,0.000000,0.000000,0.000000,0.000000,0.000000,0.000000
0.489605,0.504418,0.400229,0.392312,0.359477,0.000000,0.457300,0.417142,0.350687,0.000000,0.509205,0.425753,0.442280,0.000000,0.581159,0.000000,0.000000,0.000000,0.311691,0.000000,0.000000,0.000000,0.000000,0.356300,0.389001,0.000000,0.380855,0.000000,0.579929,0.000000,0.360107,0.378179,0.538709,0.551599,0.000000,0.000000,0.000000,0.441118,0.000000,0.000000,0.000000,0.000000,0.501035,0.552522,0.479138,0.000000,0.000000,0.535081,0.000000,0.000000,0.000000,0.506881,0.000000,0.000000,0.000000,0.000000,0.000000,0.509137,0.596382,0.539012,0.000000,0.000000,0.000000,0.000000,0.000000,0.000000,0.000000,0.549062,0.567247,0.572548,0.000000,0.546570,0.454006,0.000000,0.484529,0.000000,0.394352,0.464720,0.000000,0.000000,0.000000,0.000000,0.000000,0.000000,0.000000,0.548796,0.000000,0.000000,0.000000,0.543965
0.475391,0.537211,0.523276,0.381832,0.000000,0.353025,0.529089,0.399182,0.000000,0.330961,0.530311,0.438366,0.000000,0.446563,0.000000,0.000000,0.000000,0.000000,0.405213,0.415797,0.000000,0.000000,0.356300,0.000000,0.364099,0.358644,0.368846,0.387963,0.535250,0.000000,0.399400,0.342082,0.503508,0.521135,0.452923,0.000000,0.000000,0.412670,0.000000,0.000000,0.511683,0.000000,0.000000,0.564432,0.000000,0.000000,0.000000,0.542163,0.000000,0.000000,0.000000,0.533792,0.000000,0.000000,0.000000,0.520722,0.000000,0.530624,0.000000,0.000000,0.000000,0.000000,0.000000,0.000000,0.000000,0.000000,0.515702,0.564376,0.551580,0.000000,0.548082,0.437222,0.488936,0.000000,0.503811,0.000000,0.382555,0.421441,0.000000,0.000000,0.000000,0.000000,0.000000,0.000000,0.000000,0.570676,0.000000,0.000000,0.000000,0.555898
0.457331,0.490311,0.456409,0.419929,0.331248,0.000000,0.449544,0.000000,0.352817,0.000000,0.000000,0.000000,0.000000,0.000000,0.487683,0.000000,0.000000,0.000000,0.000000,0.000000,0.000000,0.000000,0.389001,0.364099,0.000000,0.344092,0.238165,0.358762,0.000000,0.000000,0.311266,0.381359,0.545481,0.547120,0.000000,0.000000,0.000000,0.000000,0.000000,0.000000,0.000000,0.000000,0.000000,0.529467,0.000000,0.000000,0.000000,0.000000,0.000000,0.000000,0.000000,0.000000,0.000000,0.000000,0.000000,0.000000,0.000000,0.000000,0.000000,0.000000,0.000000,0.000000,0.000000,0.000000,0.000000,0.000000,0.000000,0.451679,0.000000,0.000000,0.000000,0.535482,0.000000,0.000000,0.000000,0.000000,0.000000,0.499873,0.000000,0.000000,0.000000,0.000000,0.000000,0.000000,0.000000,0.000000,0.000000,0.000000,0.000000,0.000000
0.000000,0.488276,0.000000,0.417407,0.000000,0.375526,0.577663,0.393096,0.000000,0.301232,0.000000,0.465218,0.000000,0.501401,0.580174,0.000000,0.532954,0.000000,0.000000,0.000000,0.000000,0.000000,0.000000,0.358644,0.344092,0.000000,0.419916,0.378215,0.576843,0.494909,0.587074,0.361207,0.552450,0.542922,0.000000,0.000000,0.000000,0.000000,0.000000,0.000000,0.000000,0.000000,0.000000,0.532476,0.000000,0.000000,0.000000,0.000000,0.000000,0.000000,0.000000,0.521420,0.000000,0.000000,0.000000,0.000000,0.000000,0.512644,0.600227,0.000000,0.000000,0.000000,0.000000,0.499633,0.000000,0.000000,0.588788,0.543609,0.572028,0.544611,0.000000,0.000000,0.573898,0.000000,0.563391,0.000000,0.000000,0.000000,0.000000,0.000000,0.000000,0.515262,0.000000,0.000000,0.000000,0.000000,0.000000,0.000000,0.000000,0.555149
0.447555,0.000000,0.478156,0.000000,0.465708,0.000000,0.000000,0.000000,0.483873,0.000000,0.441018,0.543817,0.000000,0.000000,0.442152,0.000000,0.498170,0.000000,0.000000,0.000000,0.287562,0.000000,0.380855,0.368846,0.238165,0.419916,0.000000,0.293908,0.000000,0.522821,0.530005,0.426559,0.538907,0.533875,0.000000,0.000000,0.000000,0.000000,0.000000,0.000000,0.000000,0.000000,0.000000,0.529917,0.000000,0.000000,0.000000,0.000000,0.000000,0.000000,0.000000,0.000000,0.000000,0.000000,0.000000,0.000000,0.000000,0.000000,0.567812,0.000000,0.000000,0.000000,0.000000,0.000000,0.000000,0.000000,0.000000,0.538043,0.533370,0.000000,0.000000,0.000000,0.000000,0.000000,0.000000,0.000000,0.000000,0.000000,0.000000,0.000000,0.000000,0.000000,0.382238,0.000000,0.000000,0.000000,0.000000,0.000000,0.000000,0.000000
0.000000,0.491061,0.000000,0.401931,0.543247,0.302791,0.000000,0.404586,0.000000,0.323411,0.000000,0.471974,0.000000,0.491020,0.540730,0.000000,0.523498,0.000000,0.000000,0.000000,0.000000,0.000000,0.000000,0.387963,0.358762,0.378215,0.293908,0.000000,0.572457,0.435691,0.000000,0.395364,0.000000,0.569987,0.000000,0.000000,0.000000,0.412431,0.000000,0.000000,0.000000,0.000000,0.000000,0.000000,0.000000,0.000000,0.000000,0.000000,0.000000,0.000000,0.000000,0.000000,0.000000,0.000000,0.000000,0.000000,0.000000,0.506070,0.000000,0.557867,0.000000,0.000000,0.000000,0.000000,0.000000,0.000000,0.000000,0.000000,0.571610,0.000000,0.000000,0.228140,0.000000,0.000000,0.565843,0.000000,0.000000,0.000000,0.000000,0.000000,0.000000,0.000000,0.494696,0.000000,0.000000,0.000000,0.000000,0.000000,0.000000,0.554579
0.296686,0.542783,0.384964,0.000000,0.296152,0.000000,0.384437,0.000000,0.000000,0.000000,0.395200,0.545926,0.345394,0.000000,0.421783,0.000000,0.299903,0.000000,0.000000,0.000000,0.000000,0.000000,0.579929,0.535250,0.000000,0.576843,0.000000,0.572457,0.000000,0.534212,0.530659,0.577907,0.547367,0.561137,0.524953,0.000000,0.380054,0.542016,0.341342,0.000000,0.342847,0.000000,0.511452,0.000000,0.000000,0.000000,0.561875,0.576495,0.000000,0.000000,0.000000,0.000000,0.000000,0.000000,0.438667,0.000000,0.291150,0.000000,0.586996,0.000000,0.000000,0.000000,0.520953,0.000000,0.000000,0.000000,0.581621,0.546271,0.538708,0.000000,0.447732,0.542111,0.304908,0.000000,0.268990,0.000000,0.000000,0.487658,0.000000,0.000000,0.000000,0.000000,0.442881,0.000000,0.000000,0.000000,0.000000,0.000000,0.000000,0.000000
0.000000,0.357723,0.000000,0.000000,0.000000,0.000000,0.000000,0.291281,0.000000,0.000000,0.000000,0.412365,0.000000,0.401318,0.560109,0.371842,0.000000,0.333129,0.000000,0.000000,0.000000,0.442048,0.000000,0.000000,0.000000,0.494909,0.522821,0.435691,0.534212,0.000000,0.000000,0.457027,0.543524,0.442772,0.000000,0.000000,0.000000,0.400719,0.000000,0.393081,0.000000,0.380455,0.000000,0.577529,0.000000,0.000000,0.000000,0.485616,0.000000,0.000000,0.000000,0.631583,0.000000,0.573558,0.000000,0.449876,0.000000,0.296775,0.000000,0.000000,0.000000,0.000000,0.000000,0.513433,0.000000,0.000000,0.517524,0.475841,0.548292,0.000000,0.534346,0.000000,0.521446,0.295732,0.000000,0.000000,0.000000,0.384079,0.000000,0.000000,0.000000,0.534455,0.000000,0.320689,0.000000,0.447208,0.000000,0.000000,0.000000,0.000000
0.000000,0.510187,0.412568,0.453455,0.000000,0.000000,0.382849,0.000000,0.587086,0.000000,0.000000,0.523683,0.000000,0.000000,0.514277,0.000000,0.000000,0.000000,0.000000,0.000000,0.539230,0.000000,0.360107,0.399400,0.311266,0.587074,0.530005,0.000000,0.530659,0.000000,0.000000,0.483759,0.555147,0.535569,0.000000,0.000000,0.000000,0.000000,0.000000,0.000000,0.000000,0.000000,0.000000,0.534940,0.000000,0.000000,0.000000,0.000000,0.000000,0.000000,0.000000,0.519606,0.000000,0.000000,0.000000,0.540882,0.000000,0.521611,0.611273,0.000000,0.000000,0.000000,0.000000,0.000000,0.000000,0.000000,0.511531,0.552516,0.548229,0.490858,0.415902,0.000000,0.531827,0.000000,0.456983,0.000000,0.487087,0.000000,0.000000,0.477730,0.000000,0.000000,0.000000,0.000000,0.000000,0.000000,0.000000,0.000000,0.000000,0.571643
0.501349,0.505952,0.000000,0.366290,0.593401,0.316927,0.000000,0.396965,0.587679,0.359330,0.000000,0.442721,0.464249,0.450167,0.530886,0.379716,0.000000,0.000000,0.000000,0.000000,0.000000,0.000000,0.378179,0.342082,0.381359,0.361207,0.426559,0.395364,0.577907,0.457027,0.483759,0.000000,0.542919,0.424214,0.000000,0.000000,0.000000,0.404737,0.000000,0.000000,0.000000,0.000000,0.000000,0.549127,0.000000,0.000000,0.000000,0.534929,0.000000,0.000000,0.000000,0.543227,0.000000,0.557963,0.000000,0.448302,0.000000,0.556636,0.609733,0.000000,0.000000,0.000000,0.517757,0.000000,0.000000,0.000000,0.577614,0.581830,0.584514,0.000000,0.520785,0.485265,0.499266,0.000000,0.000000,0.438421,0.000000,0.481628,0.000000,0.470983,0.000000,0.504773,0.522261,0.000000,0.000000,0.000000,0.000000,0.000000,0.000000,0.574264
0.443338,0.537540,0.553298,0.496829,0.568256,0.000000,0.437995,0.440704,0.573801,0.000000,0.567866,0.549241,0.578852,0.544319,0.528527,0.000000,0.409446,0.000000,0.313268,0.443925,0.000000,0.559596,0.538709,0.503508,0.545481,0.552450,0.538907,0.000000,0.547367,0.543524,0.555147,0.542919,0.000000,0.529336,0.396831,0.440385,0.507058,0.555133,0.513053,0.529108,0.534087,0.000000,0.497082,0.514484,0.000000,0.000000,0.485569,0.526930,0.000000,0.528722,0.000000,0.559144,0.000000,0.000000,0.459387,0.543788,0.310984,0.547484,0.581709,0.582960,0.316489,0.506847,0.531128,0.000000,0.000000,0.000000,0.458243,0.567746,0.540195,0.547647,0.397341,0.564687,0.533409,0.000000,0.535623,0.000000,0.451950,0.550302,0.571955,0.546306,0.000000,0.000000,0.560298,0.000000,0.395022,0.000000,0.000000,0.000000,0.000000,0.542181
0.561386,0.433759,0.577177,0.468071,0.516941,0.000000,0.534150,0.429217,0.561150,0.000000,0.544752,0.501383,0.576766,0.000000,0.571204,0.000000,0.584080,0.000000,0.386302,0.373919,0.000000,0.000000,0.551599,0.521135,0.547120,0.542922,0.533875,0.569987,0.561137,0.442772,0.535569,0.424214,0.529336,0.000000,0.563348,0.344434,0.508885,0.408240,0.533267,0.368057,0.519748,0.353424,0.000000,0.526903,0.000000,0.000000,0.000000,0.482446,0.000000,0.518531,0.000000,0.574643,0.000000,0.000000,0.000000,0.524900,0.623054,0.545137,0.585657,0.517524,0.000000,0.518505,0.554052,0.000000,0.000000,0.476527,0.550700,0.509052,0.579290,0.500321,0.480160,0.000000,0.541982,0.000000,0.530594,0.000000,0.455421,0.513942,0.606552,0.000000,0.000000,0.000000,0.555550,0.000000,0.000000,0.000000,0.000000,0.000000,0.000000,0.568300
0.461610,0.000000,0.000000,0.454565,0.559418,0.000000,0.429433,0.000000,0.561763,0.000000,0.000000,0.000000,0.000000,0.000000,0.000000,0.000000,0.000000,0.000000,0.000000,0.000000,0.000000,0.000000,0.000000,0.452923,0.000000,0.000000,0.000000,0.000000,0.524953,0.000000,0.000000,0.000000,0.396831,0.563348,0.000000,0.518990,0.000000,0.558307,0.528758,0.000000,0.000000,0.000000,0.386588,0.000000,0.000000,0.000000,0.556029,0.628491,0.000000,0.000000,0.000000,0.000000,0.000000,0.000000,0.000000,0.692925,0.437670,0.000000,0.000000,0.000000,0.000000,0.000000,0.000000,0.000000,0.000000,0.000000,0.334195,0.497241,0.469503,0.476780,0.000000,0.000000,0.000000,0.000000,0.000000,0.000000,0.000000,0.000000,0.000000,0.000000,0.000000,0.000000,0.000000,0.000000,0.000000,0.000000,0.000000,0.000000,0.000000,0.000000
0.000000,0.448904,0.000000,0.000000,0.000000,0.000000,0.000000,0.000000,0.000000,0.000000,0.000000,0.419018,0.000000,0.000000,0.000000,0.000000,0.000000,0.395633,0.000000,0.000000,0.000000,0.000000,0.000000,0.000000,0.000000,0.000000,0.000000,0.000000,0.000000,0.000000,0.000000,0.000000,0.440385,0.344434,0.518990,0.000000,0.000000,0.000000,0.000000,0.000000,0.000000,0.436878,0.000000,0.000000,0.000000,0.000000,0.455131,0.542470,0.000000,0.000000,0.000000,0.000000,0.000000,0.000000,0.000000,0.408848,0.000000,0.000000,0.000000,0.320422,0.500474,0.000000,0.000000,0.000000,0.000000,0.000000,0.360345,0.357001,0.447091,0.000000,0.000000,0.000000,0.000000,0.479720,0.000000,0.000000,0.000000,0.000000,0.000000,0.000000,0.000000,0.000000,0.000000,0.000000,0.000000,0.000000,0.000000,0.000000,0.000000,0.000000
0.395880,0.000000,0.000000,0.000000,0.000000,0.000000,0.000000,0.000000,0.000000,0.000000,0.000000,0.000000,0.000000,0.000000,0.403713,0.000000,0.304926,0.000000,0.000000,0.000000,0.000000,0.000000,0.000000,0.000000,0.000000,0.000000,0.000000,0.000000,0.380054,0.000000,0.000000,0.000000,0.507058,0.508885,0.000000,0.000000,0.000000,0.454168,0.326437,0.484752,0.270597,0.000000,0.000000,0.000000,0.000000,0.000000,0.000000,0.000000,0.000000,0.000000,0.000000,0.000000,0.000000,0.000000,0.319081,0.000000,0.358192,0.000000,0.000000,0.532006,0.000000,0.000000,0.000000,0.000000,0.000000,0.000000,0.000000,0.551333,0.000000,0.000000,0.000000,0.000000,0.322784,0.000000,0.000000,0.000000,0.000000,0.000000,0.000000,0.000000,0.317486,0.000000,0.350059,0.000000,0.000000,0.000000,0.000000,0.000000,0.000000,0.000000
0.528140,0.420431,0.000000,0.393265,0.000000,0.000000,0.000000,0.000000,0.000000,0.000000,0.000000,0.376688,0.000000,0.000000,0.513838,0.000000,0.539689,0.448755,0.000000,0.000000,0.000000,0.390168,0.441118,0.412670,0.000000,0.000000,0.000000,0.412431,0.542016,0.400719,0.000000,0.404737,0.555133,0.408240,0.558307,0.000000,0.454168,0.000000,0.000000,0.369486,0.000000,0.344184,0.000000,0.000000,0.000000,0.000000,0.000000,0.000000,0.000000,0.000000,0.000000,0.000000,0.000000,0.565075,0.000000,0.439340,0.000000,0.429410,0.595901,0.577244,0.000000,0.000000,0.525224,0.468269,0.000000,0.000000,0.555388,0.000000,0.609263,0.000000,0.509346,0.346172,0.498410,0.457661,0.000000,0.373257,0.000000,0.425133,0.558959,0.309712,0.000000,0.423105,0.517944,0.000000,0.000000,0.464483,0.000000,0.415313,0.000000,0.401860
0.406660,0.000000,0.000000,0.000000,0.000000,0.000000,0.000000,0.000000,0.000000,0.000000,0.000000,0.000000,0.000000,0.000000,0.550708,0.000000,0.447629,0.000000,0.000000,0.000000,0.000000,0.000000,0.000000,0.000000,0.000000,0.000000,0.000000,0.000000,0.341342,0.000000,0.000000,0.000000,0.513053,0.533267,0.528758,0.000000,0.326437,0.000000,0.000000,0.000000,0.323943,0.000000,0.000000,0.000000,0.000000,0.000000,0.000000,0.000000,0.000000,0.000000,0.000000,0.000000,0.000000,0.000000,0.421489,0.000000,0.448267,0.000000,0.520239,0.534413,0.000000,0.000000,0.400411,0.000000,0.000000,0.000000,0.528872,0.534122,0.590410,0.000000,0.000000,0.000000,0.000000,0.000000,0.000000,0.000000,0.000000,0.000000,0.000000,0.000000,0.471965,0.000000,0.390676,0.000000,0.000000,0.000000,0.401174,0.000000,0.409348,0.000000
0.514584,0.000000,0.000000,0.000000,0.000000,0.318431,0.000000,0.394413,0.000000,0.000000,0.000000,0.414369,0.000000,0.000000,0.000000,0.409734,0.514200,0.392249,0.000000,0.000000,0.000000,0.000000,0.000000,0.000000,0.000000,0.000000,0.000000,0.000000,0.000000,0.393081,0.000000,0.000000,0.529108,0.368057,0.000000,0.000000,0.484752,0.369486,0.000000,0.000000,0.000000,0.428721,0.000000,0.000000,0.000000,0.000000,0.000000,0.000000,0.000000,0.000000,0.000000,0.000000,0.000000,0.000000,0.000000,0.413241,0.000000,0.000000,0.541416,0.521408,0.000000,0.000000,0.000000,0.000000,0.000000,0.000000,0.557193,0.512947,0.000000,0.000000,0.532652,0.255868,0.550737,0.467430,0.000000,0.500084,0.000000,0.000000,0.000000,0.000000,0.000000,0.453099,0.553357,0.395428,0.000000,0.422987,0.000000,0.396475,0.000000,0.434599
0.000000,0.000000,0.402217,0.000000,0.000000,0.000000,0.393905,0.000000,0.000000,0.000000,0.380121,0.000000,0.383372,0.000000,0.000000,0.000000,0.000000,0.000000,0.000000,0.000000,0.000000,0.000000,0.000000,0.511683,0.000000,0.000000,0.000000,0.000000,0.342847,0.000000,0.000000,0.000000,0.534087,0.519748,0.000000,0.000000,0.270597,0.000000,0.323943,0.000000,0.000000,0.000000,0.000000,0.000000,0.000000,0.000000,0.000000,0.000000,0.000000,0.000000,0.000000,0.000000,0.000000,0.000000,0.000000,0.000000,0.000000,0.000000,0.000000,0.000000,0.000000,0.000000,0.000000,0.000000,0.000000,0.000000,0.000000,0.000000,0.000000,0.000000,0.000000,0.000000,0.291122,0.000000,0.232604,0.000000,0.000000,0.000000,0.000000,0.000000,0.000000,0.000000,0.000000,0.000000,0.000000,0.000000,0.000000,0.000000,0.000000,0.000000
0.000000,0.000000,0.000000,0.000000,0.000000,0.000000,0.000000,0.360708,0.000000,0.000000,0.000000,0.373280,0.000000,0.447145,0.000000,0.000000,0.000000,0.434678,0.000000,0.000000,0.000000,0.239701,0.000000,0.000000,0.000000,0.000000,0.000000,0.000000,0.000000,0.380455,0.000000,0.000000,0.000000,0.353424,0.000000,0.436878,0.000000,0.344184,0.000000,0.428721,0.000000,0.000000,0.000000,0.000000,0.000000,0.000000,0.000000,0.000000,0.000000,0.000000,0.000000,0.000000,0.000000,0.000000,0.000000,0.418537,0.000000,0.445963,0.000000,0.000000,0.000000,0.000000,0.000000,0.414634,0.000000,0.000000,0.000000,0.426965,0.000000,0.000000,0.000000,0.280514,0.000000,0.284674,0.000000,0.468829,0.000000,0.000000,0.000000,0.000000,0.000000,0.486272,0.000000,0.413790,0.000000,0.444600,0.000000,0.417477,0.000000,0.000000
0.512803,0.000000,0.505647,0.000000,0.480167,0.000000,0.515986,0.000000,0.000000,0.000000,0.000000,0.000000,0.529071,0.000000,0.000000,0.000000,0.000000,0.000000,0.000000,0.000000,0.000000,0.000000,0.501035,0.000000,0.000000,0.000000,0.000000,0.000000,0.511452,0.000000,0.000000,0.000000,0.497082,0.000000,0.386588,0.000000,0.000000,0.000000,0.000000,0.000000,0.000000,0.000000,0.000000,0.261904,0.270318,0.288020,0.348702,0.476799,0.361810,0.000000,0.462031,0.000000,0.332405,0.000000,0.465921,0.000000,0.521891,0.000000,0.000000,0.000000,0.570298,0.000000,0.000000,0.000000,0.453306,0.000000,0.365799,0.000000,0.494066,0.000000,0.000000,0.000000,0.000000,0.000000,0.000000,0.000000,0.000000,0.000000,0.000000,0.000000,0.484552,0.000000,0.000000,0.000000,0.410223,0.000000,0.000000,0.000000,0.000000,0.000000
0.000000,0.549339,0.540247,0.576346,0.000000,0.000000,0.000000,0.556988,0.000000,0.000000,0.000000,0.000000,0.000000,0.000000,0.000000,0.000000,0.000000,0.542141,0.000000,0.000000,0.000000,0.000000,0.552522,0.564432,0.529467,0.532476,0.529917,0.000000,0.000000,0.577529,0.534940,0.549127,0.514484,0.526903,0.000000,0.000000,0.000000,0.000000,0.000000,0.000000,0.000000,0.000000,0.261904,0.000000,0.256526,0.399953,0.000000,0.352439,0.000000,0.376586,0.000000,0.375520,0.000000,0.401915,0.000000,0.375556,0.000000,0.533773,0.000000,0.000000,0.000000,0.000000,0.000000,0.512054,0.000000,0.313704,0.210135,0.345138,0.000000,0.000000,0.000000,0.000000,0.536439,0.000000,0.530063,0.000000,0.000000,0.450155,0.000000,0.509629,0.000000,0.462875,0.000000,0.000000,0.000000,0.358568,0.000000,0.000000,0.000000,0.468884
0.523473,0.000000,0.000000,0.000000,0.000000,0.000000,0.476597,0.000000,0.000000,0.000000,0.000000,0.000000,0.528457,0.000000,0.000000,0.000000,0.000000,0.000000,0.000000,0.000000,0.000000,0.000000,0.479138,0.000000,0.000000,0.000000,0.000000,0.000000,0.000000,0.000000,0.000000,0.000000,0.000000,0.000000,0.000000,0.000000,0.000000,0.000000,0.000000,0.000000,0.000000,0.000000,0.270318,0.256526,0.000000,0.272481,0.361101,0.000000,0.250805,0.000000,0.276039,0.000000,0.000000,0.000000,0.000000,0.000000,0.549451,0.000000,0.292471,0.000000,0.364517,0.000000,0.000000,0.000000,0.272302,0.000000,0.286222,0.304373,0.000000,0.000000,0.000000,0.000000,0.000000,0.000000,0.000000,0.000000,0.000000,0.000000,0.000000,0.000000,0.000000,0.000000,0.000000,0.000000,0.000000,0.000000,0.000000,0.000000,0.000000,0.000000
0.000000,0.000000,0.000000,0.000000,0.000000,0.000000,0.000000,0.000000,0.000000,0.000000,0.000000,0.000000,0.000000,0.000000,0.000000,0.000000,0.000000,0.000000,0.000000,0.000000,0.000000,0.000000,0.000000,0.000000,0.000000,0.000000,0.000000,0.000000,0.000000,0.000000,0.000000,0.000000,0.000000,0.000000,0.000000,0.000000,0.000000,0.000000,0.000000,0.000000,0.000000,0.000000,0.288020,0.399953,0.272481,0.000000,0.000000,0.490453,0.000000,0.302532,0.000000,0.306289,0.000000,0.000000,0.000000,0.000000,0.000000,0.453341,0.349180,0.300638,0.000000,0.275252,0.000000,0.000000,0.000000,0.298580,0.319069,0.318543,0.000000,0.000000,0.000000,0.000000,0.000000,0.000000,0.000000,0.000000,0.000000,0.000000,0.000000,0.000000,0.000000,0.000000,0.000000,0.000000,0.000000,0.304200,0.000000,0.000000,0.000000,0.000000
0.522974,0.000000,0.478010,0.000000,0.484318,0.000000,0.486612,0.000000,0.000000,0.000000,0.000000,0.000000,0.496303,0.000000,0.000000,0.000000,0.000000,0.000000,0.000000,0.000000,0.000000,0.000000,0.000000,0.000000,0.000000,0.000000,0.000000,0.000000,0.561875,0.000000,0.000000,0.000000,0.485569,0.000000,0.556029,0.455131,0.000000,0.000000,0.000000,0.000000,0.000000,0.000000,0.348702,0.000000,0.361101,0.000000,0.000000,0.500232,0.000000,0.000000,0.388618,0.000000,0.332133,0.000000,0.367801,0.508162,0.499010,0.000000,0.000000,0.000000,0.429489,0.000000,0.453009,0.000000,0.451217,0.000000,0.352539,0.398243,0.000000,0.000000,0.000000,0.000000,0.000000,0.000000,0.000000,0.000000,0.000000,0.000000,0.000000,0.000000,0.426590,0.000000,0.000000,0.000000,0.413210,0.000000,0.000000,0.000000,0.551860,0.000000
0.000000,0.525762,0.534779,0.000000,0.000000,0.000000,0.000000,0.000000,0.000000,0.000000,0.000000,0.000000,0.000000,0.000000,0.000000,0.000000,0.000000,0.471257,0.000000,0.000000,0.000000,0.000000,0.535081,0.542163,0.000000,0.000000,0.000000,0.000000,0.576495,0.485616,0.000000,0.534929,0.526930,0.482446,0.628491,0.542470,0.000000,0.000000,0.000000,0.000000,0.000000,0.000000,0.476799,0.352439,0.000000,0.490453,0.500232,0.000000,0.000000,0.000000,0.000000,0.426781,0.000000,0.408043,0.000000,0.385161,0.000000,0.440033,0.000000,0.000000,0.000000,0.397117,0.000000,0.435384,0.000000,0.416974,0.554484,0.398179,0.000000,0.000000,0.000000,0.000000,0.000000,0.000000,0.000000,0.000000,0.000000,0.000000,0.000000,0.434405,0.000000,0.497449,0.000000,0.000000,0.000000,0.465005,0.000000,0.000000,0.000000,0.450539
0.000000,0.000000,0.000000,0.000000,0.000000,0.000000,0.000000,0.000000,0.000000,0.000000,0.000000,0.000000,0.000000,0.000000,0.000000,0.000000,0.000000,0.000000,0.000000,0.000000,0.000000,0.000000,0.000000,0.000000,0.000000,0.000000,0.000000,0.000000,0.000000,0.000000,0.000000,0.000000,0.000000,0.000000,0.000000,0.000000,0.000000,0.000000,0.000000,0.000000,0.000000,0.000000,0.361810,0.000000,0.250805,0.000000,0.000000,0.000000,0.000000,0.000000,0.294808,0.000000,0.000000,0.000000,0.000000,0.000000,0.536593,0.000000,0.291407,0.000000,0.265149,0.000000,0.000000,0.000000,0.312526,0.000000,0.300506,0.000000,0.000000,0.000000,0.000000,0.000000,0.000000,0.000000,0.000000,0.000000,0.000000,0.000000,0.000000,0.000000,0.000000,0.000000,0.000000,0.000000,0.000000,0.000000,0.000000,0.000000,0.000000,0.000000
