0.000000,0.000000,0.402538,0.000000,0.000000,0.000000,0.403652,0.000000,0.000000,0.000000,0.436414,0.000000,0.431767,0.000000,0.000000,0.000000,0.394277,0.000000,0.431554,0.545623,0.000000,0.000000,0.000000,0.000000,0.000000,0.000000,0.000000,0.000000,0.414036,0.000000,0.000000,0.000000,0.000000,0.539354,0.000000,0.000000,0.000000,0.000000,0.000000,0.000000,0.000000,0.000000,0.000000,0.000000,0.000000,0.000000,0.000000,0.000000,0.000000,0.000000,0.000000,0.000000,0.000000,0.000000,0.000000,0.000000,0.436721,0.000000,0.000000,0.000000,0.467170,0.000000,0.467358,0.000000,0.438429,0.000000,0.000000,0.000000,0.375145,0.557206,0.415027,0.000000,0.378944,0.000000,0.412835,0.000000,0.461667,0.000000,0.000000,0.000000,0.457006,0.000000,0.000000,0.000000,0.470609,0.000000,0.000000,0.000000,0.000000,0.000000
0.000000,0.000000,0.000000,0.435506,0.000000,0.000000,0.000000,0.430641,0.000000,0.000000,0.000000,0.448594,0.000000,0.000000,0.000000,0.000000,0.000000,0.360767,0.547354,0.341009,0.000000,0.000000,0.000000,0.000000,0.000000,0.000000,0.000000,0.000000,0.000000,0.000000,0.000000,0.000000,0.000000,0.000000,0.000000,0.000000,0.000000,0.537713,0.000000,0.000000,0.000000,0.000000,0.000000,0.000000,0.000000,0.000000,0.000000,0.000000,0.000000,0.000000,0.000000,0.000000,0.000000,0.000000,0.000000,0.000000,0.000000,0.502696,0.000000,0.000000,0.000000,0.518865,0.000000,0.518142,0.000000,0.517808,0.000000,0.000000,0.530021,0.396728,0.000000,0.000000,0.000000,0.444642,0.000000,0.476060,0.000000,0.427094,0.000000,0.000000,0.000000,0.000000,0.000000,0.000000,0.000000,0.000000,0.000000,0.000000,0.000000,0.000000
0.402538,0.000000,0.000000,0.000000,0.383323,0.000000,0.395964,0.000000,0.419901,0.000000,0.432471,0.000000,0.430033,0.000000,0.000000,0.000000,0.000000,0.000000,0.351509,0.000000,0.000000,0.000000,0.333394,0.000000,0.371307,0.000000,0.000000,0.000000,0.000000,0.000000,0.000000,0.000000,0.000000,0.000000,0.000000,0.000000,0.000000,0.000000,0.000000,0.000000,0.000000,0.000000,0.000000,0.000000,0.000000,0.000000,0.000000,0.000000,0.000000,0.000000,0.000000,0.000000,0.000000,0.000000,0.000000,0.000000,0.000000,0.000000,0.000000,0.000000,0.000000,0.000000,0.000000,0.000000,0.000000,0.000000,0.000000,0.000000,0.000000,0.000000,0.000000,0.000000,0.443368,0.000000,0.000000,0.000000,0.000000,0.000000,0.000000,0.000000,0.469853,0.000000,0.000000,0.000000,0.000000,0.000000,0.000000,0.000000,0.000000,0.000000
0.000000,0.435506,0.000000,0.000000,0.000000,0.348561,0.000000,0.410652,0.000000,0.000000,0.000000,0.000000,0.000000,0.000000,0.000000,0.000000,0.000000,0.000000,0.570702,0.312275,0.000000,0.000000,0.000000,0.361393,0.000000,0.420276,0.000000,0.000000,0.000000,0.000000,0.000000,0.325357,0.544434,0.000000,0.000000,0.000000,0.000000,0.000000,0.000000,0.000000,0.000000,0.000000,0.000000,0.511764,0.000000,0.000000,0.000000,0.000000,0.000000,0.000000,0.000000,0.000000,0.000000,0.000000,0.000000,0.000000,0.000000,0.000000,0.000000,0.000000,0.000000,0.000000,0.000000,0.000000,0.000000,0.000000,0.000000,0.000000,0.000000,0.000000,0.000000,0.000000,0.000000,0.452465,0.000000,0.459060,0.000000,0.447196,0.000000,0.000000,0.000000,0.000000,0.000000,0.000000,0.000000,0.000000,0.000000,0.000000,0.000000,0.000000
0.000000,0.000000,0.383323,0.000000,0.000000,0.579567,0.000000,0.000000,0.366403,0.561476,0.000000,0.000000,0.000000,0.000000,0.418869,0.000000,0.000000,0.000000,0.000000,0.000000,0.328279,0.000000,0.584002,0.000000,0.328860,0.553530,0.382680,0.604470,0.450543,0.000000,0.575833,0.510084,0.499046,0.512655,0.000000,0.000000,0.000000,0.000000,0.000000,0.000000,0.000000,0.000000,0.529628,0.000000,0.000000,0.000000,0.491603,0.000000,0.533111,0.000000,0.500677,0.000000,0.504436,0.000000,0.505562,0.000000,0.000000,0.000000,0.000000,0.000000,0.000000,0.000000,0.000000,0.000000,0.504942,0.000000,0.000000,0.508661,0.000000,0.000000,0.394301,0.000000,0.462822,0.000000,0.000000,0.000000,0.449615,0.000000,0.000000,0.000000,0.491747,0.000000,0.465207,0.000000,0.000000,0.000000,0.485711,0.000000,0.000000,0.000000
0.000000,0.000000,0.000000,0.348561,0.579567,0.000000,0.000000,0.290146,0.000000,0.346350,0.000000,0.000000,0.000000,0.000000,0.000000,0.441618,0.000000,0.000000,0.000000,0.000000,0.000000,0.310062,0.536182,0.417411,0.592126,0.343398,0.587186,0.318933,0.000000,0.492421,0.471475,0.406901,0.000000,0.000000,0.000000,0.000000,0.000000,0.000000,0.000000,0.000000,0.000000,0.000000,0.000000,0.504589,0.000000,0.000000,0.000000,0.496141,0.000000,0.000000,0.000000,0.000000,0.000000,0.000000,0.000000,0.000000,0.000000,0.000000,0.000000,0.000000,0.000000,0.000000,0.000000,0.000000,0.000000,0.000000,0.000000,0.000000,0.000000,0.000000,0.000000,0.398994,0.000000,0.460905,0.000000,0.479188,0.000000,0.434955,0.000000,0.000000,0.000000,0.000000,0.000000,0.480645,0.000000,0.000000,0.000000,0.509238,0.000000,0.000000
0.403652,0.000000,0.395964,0.000000,0.000000,0.000000,0.000000,0.000000,0.339177,0.000000,0.410756,0.000000,0.408103,0.000000,0.000000,0.000000,0.000000,0.000000,0.000000,0.000000,0.000000,0.000000,0.383641,0.000000,0.000000,0.000000,0.000000,0.000000,0.000000,0.000000,0.000000,0.000000,0.000000,0.000000,0.000000,0.000000,0.000000,0.000000,0.000000,0.000000,0.000000,0.000000,0.000000,0.000000,0.000000,0.000000,0.000000,0.000000,0.000000,0.000000,0.000000,0.000000,0.000000,0.000000,0.000000,0.000000,0.000000,0.000000,0.000000,0.000000,0.000000,0.000000,0.000000,0.000000,0.000000,0.000000,0.000000,0.000000,0.000000,0.000000,0.000000,0.000000,0.000000,0.000000,0.000000,0.000000,0.000000,0.000000,0.000000,0.000000,0.000000,0.000000,0.000000,0.000000,0.000000,0.000000,0.000000,0.000000,0.000000,0.000000
0.000000,0.430641,0.000000,0.410652,0.000000,0.290146,0.000000,0.000000,0.000000,0.355324,0.000000,0.403719,0.000000,0.360148,0.000000,0.000000,0.000000,0.000000,0.000000,0.000000,0.000000,0.000000,0.000000,0.000000,0.000000,0.000000,0.000000,0.000000,0.000000,0.000000,0.000000,0.000000,0.000000,0.000000,0.000000,0.000000,0.000000,0.000000,0.000000,0.000000,0.000000,0.000000,0.000000,0.000000,0.000000,0.000000,0.000000,0.000000,0.000000,0.000000,0.000000,0.000000,0.000000,0.000000,0.000000,0.000000,0.000000,0.491535,0.000000,0.000000,0.000000,0.000000,0.000000,0.000000,0.000000,0.000000,0.000000,0.000000,0.000000,0.000000,0.000000,0.000000,0.000000,0.397790,0.000000,0.415461,0.000000,0.000000,0.000000,0.000000,0.000000,0.000000,0.000000,0.000000,0.000000,0.000000,0.000000,0.000000,0.000000,0.000000
0.000000,0.000000,0.419901,0.000000,0.366403,0.000000,0.339177,0.000000,0.000000,0.000000,0.000000,0.000000,0.336070,0.000000,0.362569,0.000000,0.000000,0.000000,0.000000,0.000000,0.000000,0.000000,0.000000,0.446302,0.000000,0.455714,0.000000,0.000000,0.416177,0.000000,0.000000,0.000000,0.000000,0.000000,0.000000,0.000000,0.000000,0.000000,0.000000,0.000000,0.000000,0.000000,0.522061,0.000000,0.000000,0.000000,0.000000,0.000000,0.000000,0.000000,0.473252,0.000000,0.510624,0.000000,0.493486,0.000000,0.000000,0.000000,0.000000,0.000000,0.000000,0.000000,0.000000,0.000000,0.000000,0.000000,0.000000,0.000000,0.000000,0.000000,0.000000,0.000000,0.431690,0.000000,0.000000,0.000000,0.000000,0.000000,0.000000,0.000000,0.500778,0.000000,0.000000,0.000000,0.000000,0.000000,0.000000,0.000000,0.000000,0.000000
0.000000,0.000000,0.000000,0.000000,0.561476,0.346350,0.000000,0.355324,0.000000,0.000000,0.000000,0.000000,0.000000,0.000000,0.000000,0.398616,0.000000,0.000000,0.000000,0.000000,0.000000,0.000000,0.508499,0.000000,0.572645,0.000000,0.000000,0.000000,0.000000,0.505706,0.000000,0.000000,0.000000,0.000000,0.000000,0.000000,0.000000,0.000000,0.000000,0.000000,0.000000,0.000000,0.000000,0.528325,0.000000,0.502881,0.000000,0.523843,0.000000,0.000000,0.000000,0.465633,0.000000,0.000000,0.000000,0.531046,0.000000,0.440257,0.000000,0.000000,0.000000,0.000000,0.000000,0.000000,0.000000,0.000000,0.000000,0.000000,0.000000,0.000000,0.000000,0.401706,0.000000,0.470300,0.000000,0.448797,0.000000,0.411335,0.000000,0.000000,0.000000,0.000000,0.000000,0.515701,0.000000,0.497021,0.000000,0.525389,0.000000,0.000000
0.436414,0.000000,0.432471,0.000000,0.000000,0.000000,0.410756,0.000000,0.000000,0.000000,0.000000,0.000000,0.378707,0.000000,0.000000,0.000000,0.438939,0.000000,0.448416,0.511166,0.000000,0.000000,0.000000,0.000000,0.000000,0.000000,0.000000,0.000000,0.387251,0.000000,0.000000,0.000000,0.000000,0.000000,0.000000,0.000000,0.000000,0.000000,0.000000,0.000000,0.000000,0.000000,0.000000,0.000000,0.000000,0.000000,0.000000,0.000000,0.000000,0.000000,0.000000,0.000000,0.000000,0.000000,0.000000,0.000000,0.465250,0.000000,0.000000,0.000000,0.000000,0.000000,0.000000,0.000000,0.000000,0.000000,0.000000,0.000000,0.000000,0.000000,0.000000,0.447494,0.394225,0.475330,0.000000,0.000000,0.000000,0.000000,0.000000,0.000000,0.000000,0.000000,0.000000,0.000000,0.000000,0.000000,0.000000,0.000000,0.000000,0.000000
0.000000,0.448594,0.000000,0.000000,0.000000,0.000000,0.000000,0.403719,0.000000,0.000000,0.000000,0.000000,0.000000,0.425064,0.000000,0.000000,0.000000,0.457177,0.000000,0.466295,0.000000,0.000000,0.514548,0.000000,0.000000,0.000000,0.000000,0.000000,0.000000,0.434737,0.000000,0.000000,0.507530,0.000000,0.000000,0.000000,0.000000,0.000000,0.000000,0.000000,0.000000,0.000000,0.000000,0.000000,0.000000,0.000000,0.000000,0.000000,0.000000,0.000000,0.000000,0.000000,0.000000,0.000000,0.000000,0.000000,0.000000,0.000000,0.000000,0.000000,0.000000,0.000000,0.000000,0.000000,0.000000,0.508261,0.000000,0.000000,0.000000,0.000000,0.000000,0.000000,0.000000,0.416154,0.000000,0.000000,0.000000,0.000000,0.000000,0.000000,0.000000,0.000000,0.000000,0.488262,0.000000,0.000000,0.000000,0.000000,0.000000,0.000000
0.431767,0.000000,0.430033,0.000000,0.000000,0.000000,0.408103,0.000000,0.336070,0.000000,0.378707,0.000000,0.000000,0.000000,0.386589,0.000000,0.000000,0.000000,0.453457,0.479827,0.000000,0.000000,0.425918,0.000000,0.000000,0.000000,0.000000,0.000000,0.384358,0.000000,0.000000,0.000000,0.000000,0.000000,0.000000,0.000000,0.000000,0.000000,0.000000,0.000000,0.000000,0.000000,0.000000,0.000000,0.000000,0.000000,0.000000,0.000000,0.000000,0.000000,0.467726,0.000000,0.000000,0.000000,0.000000,0.000000,0.000000,0.000000,0.000000,0.000000,0.000000,0.000000,0.452894,0.000000,0.499275,0.000000,0.000000,0.000000,0.000000,0.000000,0.000000,0.000000,0.418278,0.000000,0.436182,0.000000,0.000000,0.000000,0.000000,0.000000,0.434106,0.000000,0.000000,0.000000,0.419862,0.000000,0.000000,0.000000,0.000000,0.000000
0.000000,0.000000,0.000000,0.000000,0.000000,0.000000,0.000000,0.360148,0.000000,0.000000,0.000000,0.425064,0.000000,0.000000,0.000000,0.343401,0.000000,0.000000,0.000000,0.477501,0.000000,0.000000,0.502819,0.000000,0.000000,0.000000,0.000000,0.000000,0.000000,0.408921,0.000000,0.000000,0.000000,0.000000,0.000000,0.000000,0.000000,0.000000,0.000000,0.000000,0.000000,0.000000,0.000000,0.000000,0.000000,0.000000,0.000000,0.000000,0.000000,0.000000,0.000000,0.000000,0.000000,0.000000,0.000000,0.000000,0.000000,0.448820,0.000000,0.000000,0.000000,0.000000,0.000000,0.454238,0.000000,0.000000,0.000000,0.000000,0.000000,0.000000,0.000000,0.000000,0.000000,0.438588,0.000000,0.000000,0.000000,0.000000,0.000000,0.000000,0.000000,0.468089,0.000000,0.000000,0.000000,0.000000,0.000000,0.000000,0.000000,0.000000
0.000000,0.000000,0.000000,0.000000,0.418869,0.000000,0.000000,0.000000,0.362569,0.000000,0.000000,0.000000,0.386589,0.000000,0.000000,0.000000,0.000000,0.000000,0.000000,0.000000,0.331008,0.000000,0.000000,0.000000,0.000000,0.000000,0.375393,0.497714,0.374361,0.000000,0.348897,0.000000,0.000000,0.000000,0.000000,0.000000,0.000000,0.000000,0.000000,0.000000,0.000000,0.000000,0.000000,0.000000,0.000000,0.000000,0.000000,0.000000,0.000000,0.000000,0.479803,0.000000,0.000000,0.000000,0.000000,0.000000,0.000000,0.000000,0.000000,0.000000,0.000000,0.000000,0.000000,0.000000,0.000000,0.000000,0.000000,0.000000,0.000000,0.000000,0.454285,0.000000,0.455623,0.000000,0.460534,0.000000,0.000000,0.000000,0.000000,0.000000,0.000000,0.000000,0.319185,0.000000,0.000000,0.000000,0.000000,0.000000,0.000000,0.000000
0.000000,0.000000,0.000000,0.000000,0.000000,0.441618,0.000000,0.000000,0.000000,0.398616,0.000000,0.000000,0.000000,0.343401,0.000000,0.000000,0.000000,0.000000,0.000000,0.000000,0.000000,0.331367,0.000000,0.000000,0.000000,0.000000,0.000000,0.450073,0.000000,0.411443,0.000000,0.000000,0.000000,0.000000,0.000000,0.000000,0.000000,0.000000,0.000000,0.401380,0.000000,0.000000,0.000000,0.544576,0.000000,0.545483,0.000000,0.555753,0.000000,0.545823,0.000000,0.500933,0.000000,0.000000,0.000000,0.000000,0.000000,0.000000,0.000000,0.000000,0.000000,0.000000,0.000000,0.000000,0.000000,0.000000,0.000000,0.000000,0.000000,0.000000,0.000000,0.000000,0.000000,0.454234,0.000000,0.445406,0.000000,0.000000,0.000000,0.000000,0.000000,0.451779,0.000000,0.360115,0.000000,0.476950,0.000000,0.000000,0.000000,0.497678
0.394277,0.000000,0.000000,0.000000,0.000000,0.000000,0.000000,0.000000,0.000000,0.000000,0.438939,0.000000,0.000000,0.000000,0.000000,0.000000,0.000000,0.000000,0.000000,0.000000,0.000000,0.000000,0.000000,0.000000,0.000000,0.000000,0.000000,0.000000,0.328730,0.000000,0.000000,0.000000,0.000000,0.000000,0.000000,0.000000,0.000000,0.000000,0.000000,0.000000,0.000000,0.000000,0.000000,0.000000,0.000000,0.000000,0.000000,0.000000,0.000000,0.000000,0.000000,0.000000,0.000000,0.000000,0.000000,0.000000,0.394427,0.000000,0.000000,0.000000,0.000000,0.000000,0.345636,0.000000,0.000000,0.000000,0.000000,0.000000,0.000000,0.000000,0.000000,0.000000,0.373100,0.000000,0.000000,0.000000,0.000000,0.000000,0.321209,0.000000,0.339103,0.000000,0.000000,0.000000,0.000000,0.000000,0.000000,0.000000,0.000000,0.000000
0.000000,0.360767,0.000000,0.000000,0.000000,0.000000,0.000000,0.000000,0.000000,0.000000,0.000000,0.457177,0.000000,0.000000,0.000000,0.000000,0.000000,0.000000,0.000000,0.459634,0.000000,0.000000,0.000000,0.000000,0.000000,0.000000,0.000000,0.000000,0.000000,0.402768,0.000000,0.000000,0.000000,0.000000,0.000000,0.000000,0.000000,0.000000,0.000000,0.000000,0.000000,0.000000,0.000000,0.000000,0.000000,0.000000,0.000000,0.000000,0.000000,0.000000,0.000000,0.000000,0.000000,0.000000,0.000000,0.000000,0.000000,0.409864,0.000000,0.000000,0.000000,0.448007,0.000000,0.428339,0.000000,0.000000,0.000000,0.000000,0.000000,0.000000,0.000000,0.000000,0.000000,0.407918,0.000000,0.000000,0.000000,0.000000,0.000000,0.283542,0.000000,0.338423,0.000000,0.398626,0.000000,0.000000,0.000000,0.000000,0.000000,0.000000
0.431554,0.547354,0.351509,0.570702,0.000000,0.000000,0.000000,0.000000,0.000000,0.000000,0.448416,0.000000,0.453457,0.000000,0.000000,0.000000,0.000000,0.000000,0.000000,0.564545,0.000000,0.000000,0.438927,0.000000,0.000000,0.000000,0.000000,0.000000,0.000000,0.000000,0.000000,0.000000,0.409040,0.550764,0.000000,0.000000,0.000000,0.000000,0.000000,0.000000,0.000000,0.000000,0.000000,0.000000,0.000000,0.000000,0.000000,0.000000,0.000000,0.000000,0.000000,0.000000,0.000000,0.000000,0.000000,0.000000,0.000000,0.000000,0.000000,0.000000,0.000000,0.000000,0.000000,0.000000,0.000000,0.000000,0.426144,0.531790,0.392187,0.568912,0.000000,0.503498,0.431153,0.529957,0.456814,0.000000,0.400229,0.000000,0.000000,0.000000,0.467568,0.000000,0.000000,0.000000,0.000000,0.000000,0.000000,0.000000,0.000000,0.000000
0.545623,0.341009,0.000000,0.312275,0.000000,0.000000,0.000000,0.000000,0.000000,0.000000,0.511166,0.466295,0.479827,0.477501,0.000000,0.000000,0.000000,0.459634,0.564545,0.000000,0.000000,0.000000,0.518387,0.353795,0.000000,0.000000,0.000000,0.000000,0.000000,0.000000,0.000000,0.339364,0.529489,0.411839,0.000000,0.000000,0.000000,0.000000,0.000000,0.000000,0.000000,0.000000,0.000000,0.000000,0.000000,0.000000,0.000000,0.000000,0.000000,0.000000,0.000000,0.000000,0.000000,0.000000,0.000000,0.000000,0.000000,0.288113,0.000000,0.000000,0.000000,0.000000,0.000000,0.000000,0.000000,0.000000,0.000000,0.478761,0.561522,0.347277,0.000000,0.453706,0.000000,0.449347,0.000000,0.483717,0.000000,0.442333,0.000000,0.000000,0.000000,0.000000,0.000000,0.000000,0.000000,0.000000,0.000000,0.000000,0.000000,0.000000
0.000000,0.000000,0.000000,0.000000,0.328279,0.000000,0.000000,0.000000,0.000000,0.000000,0.000000,0.000000,0.000000,0.000000,0.331008,0.000000,0.000000,0.000000,0.000000,0.000000,0.000000,0.425568,0.000000,0.000000,0.394324,0.252516,0.326114,0.569853,0.406458,0.000000,0.387751,0.000000,0.000000,0.000000,0.000000,0.000000,0.000000,0.000000,0.000000,0.000000,0.344337,0.000000,0.525749,0.000000,0.000000,0.000000,0.000000,0.000000,0.000000,0.000000,0.494239,0.000000,0.000000,0.000000,0.000000,0.000000,0.000000,0.000000,0.000000,0.000000,0.000000,0.000000,0.000000,0.000000,0.000000,0.000000,0.000000,0.000000,0.000000,0.000000,0.300362,0.382633,0.300667,0.000000,0.000000,0.000000,0.000000,0.000000,0.000000,0.000000,0.000000,0.000000,0.384666,0.000000,0.000000,0.000000,0.000000,0.000000,0.000000,0.000000
0.000000,0.000000,0.000000,0.000000,0.000000,0.310062,0.000000,0.000000,0.000000,0.000000,0.000000,0.000000,0.000000,0.000000,0.000000,0.331367,0.000000,0.000000,0.000000,0.000000,0.425568,0.000000,0.000000,0.000000,0.431110,0.351472,0.447157,0.368747,0.000000,0.307817,0.427584,0.395019,0.000000,0.000000,0.000000,0.000000,0.000000,0.000000,0.000000,0.244317,0.000000,0.000000,0.000000,0.500872,0.000000,0.000000,0.000000,0.000000,0.000000,0.000000,0.000000,0.000000,0.000000,0.000000,0.000000,0.000000,0.000000,0.000000,0.000000,0.000000,0.000000,0.000000,0.000000,0.000000,0.000000,0.000000,0.000000,0.501624,0.000000,0.000000,0.464913,0.275200,0.000000,0.358122,0.000000,0.000000,0.000000,0.000000,0.000000,0.000000,0.000000,0.000000,0.000000,0.408140,0.000000,0.000000,0.000000,0.000000,0.000000,0.000000
0.000000,0.000000,0.333394,0.000000,0.584002,0.536182,0.383641,0.000000,0.000000,0.508499,0.000000,0.514548,0.425918,0.502819,0.000000,0.000000,0.000000,0.000000,0.438927,0.518387,0.000000,0.000000,0.000000,0.494253,0.469818,0.494603,0.000000,0.000000,0.000000,0.000000,0.394407,0.538181,0.411305,0.507493,0.000000,0.000000,0.000000,0.000000,0.000000,0.000000,0.000000,0.000000,0.000000,0.000000,0.000000,0.000000,0.000000,0.000000,0.000000,0.000000,0.000000,0.000000,0.000000,0.000000,0.000000,0.000000,0.000000,0.000000,0.000000,0.000000,0.000000,0.000000,0.000000,0.000000,0.000000,0.000000,0.000000,0.000000,0.000000,0.000000,0.000000,0.502172,0.420002,0.509622,0.000000,0.000000,0.000000,0.000000,0.000000,0.000000,0.000000,0.000000,0.000000,0.000000,0.000000,0.000000,0.000000,0.000000,0.000000,0.000000
0.000000,0.000000,0.000000,0.361393,0.000000,0.417411,0.000000,0.000000,0.446302,0.000000,0.000000,0.000000,0.000000,0.000000,0.000000,0.000000,0.000000,0.000000,0.000000,0.353795,0.000000,0.000000,0.494253,0.000000,0.472762,0.484375,0.000000,0.000000,0.000000,0.000000,0.458013,0.355278,0.000000,0.385352,0.000000,0.497589,0.000000,0.000000,0.000000,0.000000,0.000000,0.000000,0.000000,0.000000,0.000000,0.000000,0.000000,0.000000,0.000000,0.000000,0.000000,0.000000,0.000000,0.000000,0.000000,0.000000,0.000000,0.000000,0.000000,0.000000,0.000000,0.000000,0.000000,0.000000,0.000000,0.000000,0.000000,0.505664,0.000000,0.000000,0.000000,0.000000,0.000000,0.000000,0.000000,0.000000,0.000000,0.000000,0.000000,0.000000,0.000000,0.000000,0.000000,0.000000,0.000000,0.000000,0.000000,0.000000,0.000000,0.000000
0.000000,0.000000,0.371307,0.000000,0.328860,0.592126,0.000000,0.000000,0.000000,0.572645,0.000000,0.000000,0.000000,0.000000,0.000000,0.000000,0.000000,0.000000,0.000000,0.000000,0.394324,0.431110,0.469818,0.472762,0.000000,0.540091,0.333293,0.549110,0.000000,0.000000,0.402775,0.471490,0.501641,0.491121,0.000000,0.000000,0.000000,0.000000,0.000000,0.000000,0.000000,0.000000,0.532759,0.000000,0.000000,0.000000,0.000000,0.000000,0.000000,0.000000,0.508547,0.000000,0.522544,0.000000,0.000000,0.000000,0.000000,0.000000,0.000000,0.000000,0.000000,0.000000,0.000000,0.000000,0.491448,0.000000,0.000000,0.510732,0.000000,0.000000,0.411290,0.000000,0.462106,0.000000,0.413966,0.000000,0.000000,0.000000,0.000000,0.000000,0.000000,0.000000,0.000000,0.000000,0.000000,0.000000,0.000000,0.000000,0.000000,0.000000
0.000000,0.000000,0.000000,0.420276,0.553530,0.343398,0.000000,0.000000,0.455714,0.000000,0.000000,0.000000,0.000000,0.000000,0.000000,0.000000,0.000000,0.000000,0.000000,0.000000,0.252516,0.351472,0.494603,0.484375,0.540091,0.000000,0.499178,0.310259,0.000000,0.000000,0.454674,0.343556,0.000000,0.000000,0.000000,0.000000,0.000000,0.000000,0.000000,0.000000,0.000000,0.000000,0.000000,0.000000,0.000000,0.000000,0.000000,0.000000,0.000000,0.000000,0.000000,0.000000,0.000000,0.000000,0.000000,0.000000,0.000000,0.000000,0.000000,0.000000,0.000000,0.000000,0.000000,0.000000,0.000000,0.000000,0.000000,0.521556,0.000000,0.000000,0.000000,0.000000,0.000000,0.000000,0.000000,0.000000,0.000000,0.000000,0.000000,0.000000,0.000000,0.000000,0.000000,0.000000,0.000000,0.000000,0.000000,0.000000,0.000000,0.000000
0.000000,0.000000,0.000000,0.000000,0.382680,0.587186,0.000000,0.000000,0.000000,0.000000,0.000000,0.000000,0.000000,0.000000,0.375393,0.000000,0.000000,0.000000,0.000000,0.000000,0.326114,0.447157,0.000000,0.000000,0.333293,0.499178,0.000000,0.584206,0.429699,0.000000,0.000000,0.000000,0.000000,0.000000,0.000000,0.000000,0.000000,0.000000,0.000000,0.000000,0.000000,0.000000,0.486335,0.000000,0.000000,0.000000,0.484126,0.000000,0.000000,0.000000,0.000000,0.000000,0.000000,0.000000,0.476638,0.000000,0.000000,0.000000,0.000000,0.000000,0.000000,0.000000,0.000000,0.000000,0.000000,0.000000,0.000000,0.000000,0.000000,0.000000,0.361130,0.000000,0.433711,0.000000,0.000000,0.000000,0.000000,0.000000,0.000000,0.000000,0.000000,0.000000,0.439687,0.000000,0.000000,0.000000,0.451800,0.000000,0.000000,0.000000
0.000000,0.000000,0.000000,0.000000,0.604470,0.318933,0.000000,0.000000,0.000000,0.000000,0.000000,0.000000,0.000000,0.000000,0.497714,0.450073,0.000000,0.000000,0.000000,0.000000,0.569853,0.368747,0.000000,0.000000,0.549110,0.310259,0.584206,0.000000,0.477277,0.000000,0.506829,0.421757,0.000000,0.000000,0.000000,0.000000,0.000000,0.000000,0.000000,0.000000,0.000000,0.000000,0.000000,0.000000,0.000000,0.000000,0.000000,0.000000,0.000000,0.000000,0.000000,0.000000,0.000000,0.000000,0.000000,0.000000,0.000000,0.000000,0.000000,0.000000,0.000000,0.000000,0.000000,0.000000,0.000000,0.000000,0.000000,0.000000,0.000000,0.000000,0.550390,0.315016,0.000000,0.401264,0.000000,0.000000,0.000000,0.000000,0.000000,0.000000,0.000000,0.000000,0.000000,0.389736,0.000000,0.000000,0.000000,0.394290,0.000000,0.000000
0.414036,0.000000,0.000000,0.000000,0.450543,0.000000,0.000000,0.000000,0.416177,0.000000,0.387251,0.000000,0.384358,0.000000,0.374361,0.000000,0.328730,0.000000,0.000000,0.000000,0.406458,0.000000,0.000000,0.000000,0.000000,0.000000,0.429699,0.477277,0.000000,0.000000,0.000000,0.000000,0.000000,0.000000,0.000000,0.000000,0.000000,0.000000,0.000000,0.000000,0.000000,0.000000,0.000000,0.000000,0.000000,0.000000,0.000000,0.000000,0.000000,0.000000,0.475472,0.000000,0.000000,0.000000,0.000000,0.000000,0.357259,0.000000,0.000000,0.000000,0.000000,0.000000,0.000000,0.000000,0.000000,0.000000,0.000000,0.000000,0.000000,0.000000,0.500658,0.000000,0.377992,0.000000,0.000000,0.000000,0.000000,0.000000,0.310585,0.000000,0.307335,0.000000,0.421497,0.000000,0.000000,0.000000,0.000000,0.000000,0.000000,0.000000
0.000000,0.000000,0.000000,0.000000,0.000000,0.492421,0.000000,0.000000,0.000000,0.505706,0.000000,0.434737,0.000000,0.408921,0.000000,0.411443,0.000000,0.402768,0.000000,0.000000,0.000000,0.307817,0.000000,0.000000,0.000000,0.000000,0.000000,0.000000,0.000000,0.000000,0.000000,0.000000,0.000000,0.000000,0.000000,0.000000,0.000000,0.000000,0.000000,0.000000,0.000000,0.000000,0.000000,0.000000,0.000000,0.000000,0.000000,0.000000,0.000000,0.000000,0.000000,0.000000,0.000000,0.000000,0.000000,0.000000,0.000000,0.000000,0.000000,0.000000,0.000000,0.453377,0.000000,0.436315,0.000000,0.454127,0.000000,0.000000,0.000000,0.000000,0.000000,0.000000,0.000000,0.387669,0.000000,0.000000,0.000000,0.000000,0.000000,0.414849,0.000000,0.430760,0.000000,0.436085,0.000000,0.000000,0.000000,0.000000,0.000000,0.000000
0.000000,0.000000,0.000000,0.000000,0.575833,0.471475,0.000000,0.000000,0.000000,0.000000,0.000000,0.000000,0.000000,0.000000,0.348897,0.000000,0.000000,0.000000,0.000000,0.000000,0.387751,0.427584,0.394407,0.458013,0.402775,0.454674,0.000000,0.506829,0.000000,0.000000,0.000000,0.437606,0.495044,0.489483,0.597397,0.000000,0.000000,0.000000,0.000000,0.000000,0.000000,0.000000,0.000000,0.000000,0.000000,0.000000,0.000000,0.000000,0.000000,0.000000,0.000000,0.000000,0.000000,0.000000,0.000000,0.000000,0.000000,0.000000,0.000000,0.000000,0.000000,0.000000,0.000000,0.000000,0.000000,0.000000,0.523606,0.505565,0.000000,0.000000,0.000000,0.000000,0.000000,0.000000,0.000000,0.000000,0.000000,0.000000,0.000000,0.000000,0.000000,0.000000,0.000000,0.000000,0.000000,0.000000,0.000000,0.000000,0.000000,0.000000
0.000000,0.000000,0.000000,0.325357,0.510084,0.406901,0.000000,0.000000,0.000000,0.000000,0.000000,0.000000,0.000000,0.000000,0.000000,0.000000,0.000000,0.000000,0.000000,0.339364,0.000000,0.395019,0.538181,0.355278,0.471490,0.343556,0.000000,0.421757,0.000000,0.000000,0.437606,0.000000,0.000000,0.457724,0.000000,0.542559,0.000000,0.000000,0.000000,0.000000,0.000000,0.000000,0.000000,0.000000,0.000000,0.000000,0.000000,0.000000,0.000000,0.000000,0.000000,0.000000,0.000000,0.000000,0.000000,0.000000,0.000000,0.000000,0.000000,0.000000,0.000000,0.000000,0.000000,0.000000,0.000000,0.000000,0.534571,0.505024,0.000000,0.000000,0.000000,0.000000,0.000000,0.000000,0.000000,0.000000,0.000000,0.000000,0.000000,0.000000,0.000000,0.000000,0.000000,0.000000,0.000000,0.000000,0.000000,0.000000,0.000000,0.000000
0.000000,0.000000,0.000000,0.544434,0.499046,0.000000,0.000000,0.000000,0.000000,0.000000,0.000000,0.507530,0.000000,0.000000,0.000000,0.000000,0.000000,0.000000,0.409040,0.529489,0.000000,0.000000,0.411305,0.000000,0.501641,0.000000,0.000000,0.000000,0.000000,0.000000,0.495044,0.000000,0.000000,0.460688,0.482645,0.000000,0.000000,0.000000,0.000000,0.000000,0.000000,0.000000,0.000000,0.000000,0.000000,0.000000,0.000000,0.000000,0.000000,0.000000,0.000000,0.000000,0.000000,0.000000,0.000000,0.000000,0.000000,0.000000,0.000000,0.562107,0.000000,0.000000,0.000000,0.000000,0.000000,0.000000,0.422979,0.546074,0.402541,0.584281,0.000000,0.539508,0.000000,0.000000,0.000000,0.000000,0.000000,0.000000,0.000000,0.000000,0.000000,0.000000,0.000000,0.000000,0.000000,0.000000,0.000000,0.000000,0.000000,0.000000
0.539354,0.000000,0.000000,0.000000,0.512655,0.000000,0.000000,0.000000,0.000000,0.000000,0.000000,0.000000,0.000000,0.000000,0.000000,0.000000,0.000000,0.000000,0.550764,0.411839,0.000000,0.000000,0.507493,0.385352,0.491121,0.000000,0.000000,0.000000,0.000000,0.000000,0.489483,0.457724,0.460688,0.000000,0.542829,0.487987,0.000000,0.527780,0.000000,0.000000,0.000000,0.000000,0.000000,0.000000,0.000000,0.000000,0.000000,0.000000,0.000000,0.000000,0.000000,0.000000,0.000000,0.000000,0.000000,0.000000,0.000000,0.000000,0.000000,0.516355,0.000000,0.000000,0.000000,0.000000,0.000000,0.000000,0.000000,0.448508,0.535299,0.369259,0.000000,0.000000,0.000000,0.000000,0.000000,0.000000,0.000000,0.000000,0.000000,0.000000,0.000000,0.000000,0.000000,0.000000,0.000000,0.000000,0.000000,0.000000,0.000000,0.000000
0.000000,0.000000,0.000000,0.000000,0.000000,0.000000,0.000000,0.000000,0.000000,0.000000,0.000000,0.000000,0.000000,0.000000,0.000000,0.000000,0.000000,0.000000,0.000000,0.000000,0.000000,0.000000,0.000000,0.000000,0.000000,0.000000,0.000000,0.000000,0.000000,0.000000,0.597397,0.000000,0.482645,0.542829,0.000000,0.480005,0.383435,0.000000,0.000000,0.000000,0.000000,0.000000,0.520393,0.000000,0.531348,0.000000,0.000000,0.000000,0.515998,0.000000,0.000000,0.000000,0.000000,0.000000,0.000000,0.000000,0.000000,0.000000,0.000000,0.523896,0.000000,0.000000,0.000000,0.000000,0.000000,0.000000,0.399666,0.474439,0.000000,0.000000,0.000000,0.000000,0.000000,0.000000,0.000000,0.000000,0.000000,0.000000,0.000000,0.000000,0.000000,0.000000,0.000000,0.000000,0.000000,0.000000,0.000000,0.000000,0.000000,0.000000
0.000000,0.000000,0.000000,0.000000,0.000000,0.000000,0.000000,0.000000,0.000000,0.000000,0.000000,0.000000,0.000000,0.000000,0.000000,0.000000,0.000000,0.000000,0.000000,0.000000,0.000000,0.000000,0.000000,0.497589,0.000000,0.000000,0.000000,0.000000,0.000000,0.000000,0.000000,0.542559,0.000000,0.487987,0.480005,0.000000,0.000000,0.518681,0.000000,0.000000,0.000000,0.000000,0.587612,0.593495,0.523966,0.522166,0.000000,0.000000,0.520731,0.536847,0.000000,0.000000,0.000000,0.000000,0.000000,0.000000,0.000000,0.000000,0.586506,0.000000,0.000000,0.000000,0.000000,0.000000,0.000000,0.000000,0.558586,0.427408,0.000000,0.000000,0.000000,0.000000,0.000000,0.000000,0.000000,0.000000,0.000000,0.000000,0.000000,0.000000,0.000000,0.000000,0.000000,0.000000,0.000000,0.000000,0.000000,0.000000,0.000000,0.000000
0.000000,0.000000,0.000000,0.000000,0.000000,0.000000,0.000000,0.000000,0.000000,0.000000,0.000000,0.000000,0.000000,0.000000,0.000000,0.000000,0.000000,0.000000,0.000000,0.000000,0.000000,0.000000,0.000000,0.000000,0.000000,0.000000,0.000000,0.000000,0.000000,0.000000,0.000000,0.000000,0.000000,0.000000,0.383435,0.000000,0.000000,0.457073,0.428064,0.000000,0.394562,0.000000,0.530084,0.524246,0.533269,0.570429,0.507534,0.518414,0.464345,0.614878,0.452158,0.000000,0.000000,0.000000,0.305165,0.517717,0.000000,0.000000,0.000000,0.571331,0.000000,0.000000,0.000000,0.000000,0.000000,0.000000,0.475742,0.550734,0.000000,0.000000,0.394788,0.000000,0.000000,0.000000,0.000000,0.000000,0.417365,0.000000,0.000000,0.000000,0.000000,0.000000,0.437921,0.000000,0.000000,0.000000,0.435413,0.000000,0.000000,0.000000
0.000000,0.537713,0.000000,0.000000,0.000000,0.000000,0.000000,0.000000,0.000000,0.000000,0.000000,0.000000,0.000000,0.000000,0.000000,0.000000,0.000000,0.000000,0.000000,0.000000,0.000000,0.000000,0.000000,0.000000,0.000000,0.000000,0.000000,0.000000,0.000000,0.000000,0.000000,0.000000,0.000000,0.527780,0.000000,0.518681,0.457073,0.000000,0.000000,0.407458,0.000000,0.458513,0.000000,0.570274,0.000000,0.553851,0.000000,0.549398,0.000000,0.534925,0.000000,0.000000,0.000000,0.000000,0.000000,0.414325,0.000000,0.538409,0.000000,0.546087,0.000000,0.000000,0.000000,0.000000,0.000000,0.000000,0.622243,0.525660,0.000000,0.000000,0.000000,0.436306,0.000000,0.000000,0.000000,0.000000,0.000000,0.482115,0.000000,0.000000,0.000000,0.000000,0.000000,0.489709,0.000000,0.000000,0.000000,0.450081,0.000000,0.000000
0.000000,0.000000,0.000000,0.000000,0.000000,0.000000,0.000000,0.000000,0.000000,0.000000,0.000000,0.000000,0.000000,0.000000,0.000000,0.000000,0.000000,0.000000,0.000000,0.000000,0.000000,0.000000,0.000000,0.000000,0.000000,0.000000,0.000000,0.000000,0.000000,0.000000,0.000000,0.000000,0.000000,0.000000,0.000000,0.000000,0.428064,0.000000,0.000000,0.000000,0.281827,0.000000,0.463506,0.000000,0.474749,0.000000,0.482490,0.000000,0.000000,0.000000,0.000000,0.000000,0.000000,0.000000,0.315998,0.000000,0.000000,0.000000,0.000000,0.000000,0.000000,0.000000,0.000000,0.000000,0.000000,0.000000,0.469120,0.000000,0.000000,0.000000,0.000000,0.000000,0.000000,0.000000,0.000000,0.000000,0.503788,0.000000,0.000000,0.000000,0.000000,0.000000,0.330629,0.000000,0.000000,0.000000,0.327636,0.000000,0.000000,0.000000
0.000000,0.000000,0.000000,0.000000,0.000000,0.000000,0.000000,0.000000,0.000000,0.000000,0.000000,0.000000,0.000000,0.000000,0.000000,0.401380,0.000000,0.000000,0.000000,0.000000,0.000000,0.244317,0.000000,0.000000,0.000000,0.000000,0.000000,0.000000,0.000000,0.000000,0.000000,0.000000,0.000000,0.000000,0.000000,0.000000,0.000000,0.407458,0.000000,0.000000,0.000000,0.325283,0.000000,0.498205,0.000000,0.538454,0.000000,0.430401,0.000000,0.000000,0.000000,0.000000,0.000000,0.000000,0.000000,0.392594,0.000000,0.000000,0.000000,0.000000,0.000000,0.000000,0.000000,0.000000,0.000000,0.000000,0.000000,0.527399,0.000000,0.000000,0.000000,0.000000,0.000000,0.000000,0.000000,0.000000,0.000000,0.506312,0.000000,0.000000,0.000000,0.000000,0.000000,0.416048,0.000000,0.000000,0.000000,0.364592,0.000000,0.000000
0.000000,0.000000,0.000000,0.000000,0.000000,0.000000,0.000000,0.000000,0.000000,0.000000,0.000000,0.000000,0.000000,0.000000,0.000000,0.000000,0.000000,0.000000,0.000000,0.000000,0.344337,0.000000,0.000000,0.000000,0.000000,0.000000,0.000000,0.000000,0.000000,0.000000,0.000000,0.000000,0.000000,0.000000,0.000000,0.000000,0.394562,0.000000,0.281827,0.000000,0.000000,0.000000,0.551272,0.000000,0.000000,0.562016,0.000000,0.000000,0.000000,0.000000,0.479392,0.000000,0.500625,0.000000,0.000000,0.000000,0.000000,0.000000,0.000000,0.000000,0.000000,0.000000,0.000000,0.000000,0.000000,0.000000,0.000000,0.000000,0.000000,0.000000,0.388459,0.000000,0.482578,0.000000,0.000000,0.000000,0.000000,0.000000,0.000000,0.000000,0.000000,0.000000,0.335427,0.000000,0.000000,0.000000,0.000000,0.000000,0.000000,0.000000
0.000000,0.000000,0.000000,0.000000,0.000000,0.000000,0.000000,0.000000,0.000000,0.000000,0.000000,0.000000,0.000000,0.000000,0.000000,0.000000,0.000000,0.000000,0.000000,0.000000,0.000000,0.000000,0.000000,0.000000,0.000000,0.000000,0.000000,0.000000,0.000000,0.000000,0.000000,0.000000,0.000000,0.000000,0.000000,0.000000,0.000000,0.458513,0.000000,0.325283,0.000000,0.000000,0.000000,0.509923,0.000000,0.560742,0.000000,0.532391,0.000000,0.000000,0.000000,0.510127,0.000000,0.000000,0.000000,0.480873,0.000000,0.000000,0.000000,0.000000,0.000000,0.000000,0.000000,0.000000,0.000000,0.000000,0.000000,0.000000,0.000000,0.000000,0.000000,0.370764,0.000000,0.000000,0.000000,0.000000,0.000000,0.507794,0.000000,0.000000,0.000000,0.000000,0.000000,0.291428,0.000000,0.000000,0.000000,0.409294,0.000000,0.000000
0.000000,0.000000,0.000000,0.000000,0.529628,0.000000,0.000000,0.000000,0.522061,0.000000,0.000000,0.000000,0.000000,0.000000,0.000000,0.000000,0.000000,0.000000,0.000000,0.000000,0.525749,0.000000,0.000000,0.000000,0.532759,0.000000,0.486335,0.000000,0.000000,0.000000,0.000000,0.000000,0.000000,0.000000,0.520393,0.587612,0.530084,0.000000,0.463506,0.000000,0.551272,0.000000,0.000000,0.521207,0.480338,0.553511,0.426078,0.363298,0.426265,0.000000,0.298616,0.000000,0.362636,0.000000,0.381882,0.000000,0.000000,0.000000,0.000000,0.000000,0.000000,0.000000,0.000000,0.000000,0.000000,0.000000,0.510045,0.591129,0.000000,0.000000,0.000000,0.000000,0.510252,0.000000,0.000000,0.000000,0.000000,0.000000,0.000000,0.000000,0.000000,0.000000,0.482953,0.000000,0.502458,0.000000,0.000000,0.000000,0.000000,0.000000
0.000000,0.000000,0.000000,0.511764,0.000000,0.504589,0.000000,0.000000,0.000000,0.528325,0.000000,0.000000,0.000000,0.000000,0.000000,0.544576,0.000000,0.000000,0.000000,0.000000,0.000000,0.500872,0.000000,0.000000,0.000000,0.000000,0.000000,0.000000,0.000000,0.000000,0.000000,0.000000,0.000000,0.000000,0.000000,0.593495,0.524246,0.570274,0.000000,0.498205,0.000000,0.509923,0.521207,0.000000,0.548741,0.458548,0.000000,0.476023,0.646869,0.556837,0.000000,0.411669,0.000000,0.392950,0.000000,0.461623,0.000000,0.000000,0.000000,0.000000,0.000000,0.000000,0.000000,0.000000,0.000000,0.000000,0.581771,0.419985,0.000000,0.000000,0.000000,0.000000,0.000000,0.533507,0.000000,0.525011,0.000000,0.000000,0.000000,0.000000,0.000000,0.500924,0.000000,0.480550,0.000000,0.473615,0.000000,0.490841,0.000000,0.498706
0.000000,0.000000,0.000000,0.000000,0.000000,0.000000,0.000000,0.000000,0.000000,0.000000,0.000000,0.000000,0.000000,0.000000,0.000000,0.000000,0.000000,0.000000,0.000000,0.000000,0.000000,0.000000,0.000000,0.000000,0.000000,0.000000,0.000000,0.000000,0.000000,0.000000,0.000000,0.000000,0.000000,0.000000,0.531348,0.523966,0.533269,0.000000,0.474749,0.000000,0.000000,0.000000,0.480338,0.548741,0.000000,0.616353,0.475831,0.000000,0.417627,0.587725,0.000000,0.000000,0.000000,0.000000,0.471724,0.000000,0.000000,0.000000,0.000000,0.000000,0.000000,0.000000,0.000000,0.000000,0.000000,0.000000,0.481968,0.589565,0.000000,0.000000,0.000000,0.000000,0.000000,0.000000,0.000000,0.000000,0.000000,0.000000,0.000000,0.000000,0.000000,0.000000,0.000000,0.000000,0.000000,0.000000,0.000000,0.000000,0.000000,0.000000
0.000000,0.000000,0.000000,0.000000,0.000000,0.000000,0.000000,0.000000,0.000000,0.502881,0.000000,0.000000,0.000000,0.000000,0.000000,0.545483,0.000000,0.000000,0.000000,0.000000,0.000000,0.000000,0.000000,0.000000,0.000000,0.000000,0.000000,0.000000,0.000000,0.000000,0.000000,0.000000,0.000000,0.000000,0.000000,0.522166,0.570429,0.553851,0.000000,0.538454,0.562016,0.560742,0.553511,0.458548,0.616353,0.000000,0.000000,0.538890,0.598989,0.417801,0.000000,0.441221,0.000000,0.000000,0.000000,0.447547,0.000000,0.000000,0.605139,0.347269,0.000000,0.000000,0.000000,0.000000,0.000000,0.000000,0.577700,0.483087,0.000000,0.000000,0.000000,0.000000,0.000000,0.534133,0.000000,0.000000,0.563485,0.000000,0.000000,0.000000,0.000000,0.000000,0.000000,0.513324,0.000000,0.000000,0.000000,0.000000,0.000000,0.489973
0.000000,0.000000,0.000000,0.000000,0.491603,0.000000,0.000000,0.000000,0.000000,0.000000,0.000000,0.000000,0.000000,0.000000,0.000000,0.000000,0.000000,0.000000,0.000000,0.000000,0.000000,0.000000,0.000000,0.000000,0.000000,0.000000,0.484126,0.000000,0.000000,0.000000,0.000000,0.000000,0.000000,0.000000,0.000000,0.000000,0.507534,0.000000,0.482490,0.000000,0.000000,0.000000,0.426078,0.000000,0.475831,0.000000,0.000000,0.276121,0.453420,0.000000,0.340235,0.000000,0.355953,0.000000,0.333960,0.000000,0.000000,0.000000,0.000000,0.000000,0.000000,0.000000,0.000000,0.000000,0.000000,0.000000,0.446819,0.000000,0.000000,0.000000,0.000000,0.000000,0.455754,0.000000,0.000000,0.000000,0.000000,0.000000,0.000000,0.000000,0.000000,0.000000,0.474828,0.000000,0.000000,0.000000,0.000000,0.000000,0.000000,0.000000
0.000000,0.000000,0.000000,0.000000,0.000000,0.496141,0.000000,0.000000,0.000000,0.523843,0.000000,0.000000,0.000000,0.000000,0.000000,0.555753,0.000000,0.000000,0.000000,0.000000,0.000000,0.000000,0.000000,0.000000,0.000000,0.000000,0.000000,0.000000,0.000000,0.000000,0.000000,0.000000,0.000000,0.000000,0.000000,0.000000,0.518414,0.549398,0.000000,0.430401,0.000000,0.532391,0.363298,0.476023,0.000000,0.538890,0.276121,0.000000,0.000000,0.532110,0.000000,0.474989,0.000000,0.357284,0.000000,0.409040,0.000000,0.000000,0.000000,0.000000,0.000000,0.000000,0.000000,0.000000,0.000000,0.000000,0.000000,0.379998,0.000000,0.000000,0.000000,0.000000,0.000000,0.535446,0.000000,0.000000,0.000000,0.000000,0.000000,0.000000,0.000000,0.000000,0.000000,0.513173,0.000000,0.000000,0.000000,0.476169,0.000000,0.488751
0.000000,0.000000,0.000000,0.000000,0.533111,0.000000,0.000000,0.000000,0.000000,0.000000,0.000000,0.000000,0.000000,0.000000,0.000000,0.000000,0.000000,0.000000,0.000000,0.000000,0.000000,0.000000,0.000000,0.000000,0.000000,0.000000,0.000000,0.000000,0.000000,0.000000,0.000000,0.000000,0.000000,0.000000,0.515998,0.520731,0.464345,0.000000,0.000000,0.000000,0.000000,0.000000,0.426265,0.646869,0.417627,0.598989,0.453420,0.000000,0.000000,0.602030,0.427050,0.000000,0.439419,0.000000,0.000000,0.000000,0.000000,0.000000,0.391657,0.000000,0.000000,0.000000,0.000000,0.000000,0.000000,0.000000,0.472952,0.631429,0.000000,0.000000,0.000000,0.000000,0.000000,0.000000,0.000000,0.000000,0.000000,0.000000,0.000000,0.000000,0.000000,0.000000,0.000000,0.000000,0.000000,0.000000,0.000000,0.000000,0.000000,0.000000
