0.000000,0.000000,0.423173,0.586166,0.000000,0.000000,0.421220,0.000000,0.000000,0.000000,0.406479,0.000000,0.406521,0.000000,0.000000,0.000000,0.423286,0.000000,0.442517,0.000000,0.000000,0.000000,0.000000,0.000000,0.000000,0.000000,0.000000,0.000000,0.411483,0.000000,0.000000,0.000000,0.000000,0.000000,0.000000,0.000000,0.000000,0.000000,0.000000,0.000000,0.000000,0.000000,0.000000,0.000000,0.000000,0.000000,0.000000,0.000000,0.000000,0.000000,0.000000,0.000000,0.000000,0.000000,0.000000,0.000000,0.412906,0.000000,0.000000,0.000000,0.446363,0.000000,0.399946,0.000000,0.426188,0.000000,0.000000,0.588363,0.349665,0.000000,0.000000,0.000000,0.466732,0.000000,0.476816,0.000000,0.455855,0.000000,0.000000,0.000000,0.504039,0.000000,0.000000,0.000000,0.506943,0.000000,0.000000,0.000000,0.000000,0.000000
0.000000,0.000000,0.000000,0.458029,0.000000,0.000000,0.000000,0.435048,0.000000,0.000000,0.000000,0.387788,0.000000,0.448893,0.000000,0.000000,0.000000,0.428391,0.558086,0.000000,0.000000,0.000000,0.000000,0.000000,0.000000,0.000000,0.000000,0.000000,0.000000,0.438564,0.000000,0.000000,0.000000,0.000000,0.000000,0.000000,0.000000,0.000000,0.000000,0.000000,0.000000,0.000000,0.000000,0.000000,0.000000,0.000000,0.000000,0.000000,0.000000,0.000000,0.000000,0.000000,0.000000,0.000000,0.000000,0.000000,0.000000,0.419450,0.000000,0.000000,0.000000,0.494600,0.000000,0.490295,0.000000,0.000000,0.000000,0.000000,0.000000,0.342431,0.000000,0.000000,0.000000,0.501887,0.000000,0.505202,0.000000,0.000000,0.000000,0.000000,0.000000,0.490905,0.000000,0.000000,0.000000,0.536985,0.000000,0.000000,0.000000,0.000000
0.423173,0.000000,0.000000,0.570254,0.372696,0.000000,0.395307,0.000000,0.000000,0.000000,0.462429,0.000000,0.000000,0.000000,0.000000,0.000000,0.439341,0.000000,0.379129,0.567053,0.000000,0.000000,0.308909,0.576084,0.297893,0.000000,0.000000,0.000000,0.397847,0.000000,0.000000,0.000000,0.000000,0.000000,0.000000,0.000000,0.441966,0.527932,0.000000,0.000000,0.000000,0.000000,0.518195,0.000000,0.000000,0.000000,0.532008,0.000000,0.000000,0.000000,0.488437,0.000000,0.000000,0.000000,0.000000,0.000000,0.000000,0.545967,0.426280,0.000000,0.000000,0.000000,0.000000,0.000000,0.000000,0.000000,0.437544,0.000000,0.427058,0.000000,0.410663,0.000000,0.444911,0.000000,0.457564,0.000000,0.434910,0.000000,0.000000,0.000000,0.450216,0.000000,0.428355,0.000000,0.000000,0.000000,0.000000,0.000000,0.000000,0.000000
0.586166,0.458029,0.570254,0.000000,0.000000,0.326978,0.000000,0.442452,0.000000,0.335170,0.000000,0.000000,0.000000,0.000000,0.000000,0.000000,0.000000,0.415099,0.574533,0.378617,0.000000,0.000000,0.514024,0.336870,0.000000,0.000000,0.000000,0.000000,0.000000,0.000000,0.465986,0.373161,0.000000,0.000000,0.000000,0.574420,0.000000,0.594283,0.474276,0.000000,0.000000,0.000000,0.000000,0.000000,0.000000,0.000000,0.000000,0.000000,0.000000,0.000000,0.000000,0.000000,0.000000,0.000000,0.000000,0.000000,0.000000,0.000000,0.000000,0.000000,0.000000,0.000000,0.000000,0.000000,0.000000,0.000000,0.000000,0.439725,0.000000,0.000000,0.429131,0.371583,0.514889,0.437240,0.000000,0.474858,0.000000,0.405065,0.000000,0.000000,0.000000,0.000000,0.000000,0.000000,0.000000,0.000000,0.000000,0.000000,0.000000,0.000000
0.000000,0.000000,0.372696,0.000000,0.000000,0.595946,0.000000,0.000000,0.297474,0.000000,0.000000,0.000000,0.000000,0.000000,0.346852,0.000000,0.000000,0.000000,0.000000,0.000000,0.309110,0.415859,0.000000,0.000000,0.297199,0.000000,0.310306,0.584738,0.392045,0.000000,0.341263,0.000000,0.000000,0.000000,0.000000,0.000000,0.000000,0.000000,0.000000,0.000000,0.000000,0.000000,0.000000,0.000000,0.000000,0.000000,0.549854,0.000000,0.000000,0.000000,0.000000,0.000000,0.000000,0.000000,0.000000,0.000000,0.000000,0.000000,0.000000,0.000000,0.000000,0.000000,0.000000,0.000000,0.000000,0.000000,0.000000,0.000000,0.000000,0.000000,0.383737,0.381013,0.429081,0.000000,0.402139,0.000000,0.414206,0.000000,0.000000,0.000000,0.000000,0.000000,0.474393,0.000000,0.000000,0.000000,0.477757,0.000000,0.000000,0.000000
0.000000,0.000000,0.000000,0.326978,0.595946,0.000000,0.000000,0.317953,0.000000,0.341491,0.000000,0.000000,0.000000,0.000000,0.000000,0.346593,0.000000,0.000000,0.000000,0.000000,0.000000,0.418065,0.475375,0.000000,0.573384,0.293106,0.000000,0.334788,0.000000,0.424717,0.462499,0.376435,0.000000,0.000000,0.000000,0.000000,0.000000,0.000000,0.000000,0.000000,0.000000,0.000000,0.000000,0.000000,0.000000,0.000000,0.000000,0.000000,0.000000,0.000000,0.000000,0.000000,0.000000,0.000000,0.000000,0.000000,0.000000,0.000000,0.000000,0.000000,0.000000,0.000000,0.000000,0.000000,0.000000,0.000000,0.000000,0.000000,0.000000,0.000000,0.000000,0.000000,0.000000,0.000000,0.000000,0.000000,0.000000,0.000000,0.000000,0.000000,0.000000,0.000000,0.000000,0.454959,0.000000,0.000000,0.000000,0.496812,0.000000,0.000000
0.421220,0.000000,0.395307,0.000000,0.000000,0.000000,0.000000,0.000000,0.281810,0.000000,0.405467,0.000000,0.394519,0.000000,0.000000,0.000000,0.428315,0.000000,0.000000,0.000000,0.000000,0.000000,0.000000,0.000000,0.000000,0.000000,0.000000,0.000000,0.292834,0.000000,0.000000,0.000000,0.000000,0.000000,0.000000,0.000000,0.000000,0.000000,0.000000,0.000000,0.000000,0.000000,0.000000,0.000000,0.000000,0.000000,0.000000,0.000000,0.000000,0.000000,0.000000,0.000000,0.000000,0.000000,0.000000,0.000000,0.000000,0.000000,0.000000,0.000000,0.000000,0.000000,0.000000,0.000000,0.000000,0.000000,0.000000,0.000000,0.000000,0.000000,0.000000,0.000000,0.393548,0.000000,0.000000,0.000000,0.000000,0.000000,0.000000,0.000000,0.000000,0.000000,0.000000,0.000000,0.000000,0.000000,0.000000,0.000000,0.000000,0.000000
0.000000,0.435048,0.000000,0.442452,0.000000,0.317953,0.000000,0.000000,0.000000,0.312305,0.000000,0.385579,0.000000,0.344483,0.000000,0.000000,0.000000,0.426280,0.000000,0.000000,0.000000,0.000000,0.535854,0.418717,0.000000,0.000000,0.000000,0.000000,0.000000,0.000000,0.000000,0.000000,0.000000,0.000000,0.000000,0.000000,0.000000,0.000000,0.000000,0.000000,0.000000,0.000000,0.000000,0.000000,0.000000,0.000000,0.000000,0.000000,0.000000,0.000000,0.000000,0.000000,0.000000,0.000000,0.000000,0.000000,0.000000,0.385447,0.000000,0.000000,0.000000,0.000000,0.000000,0.000000,0.000000,0.000000,0.000000,0.000000,0.000000,0.000000,0.000000,0.000000,0.000000,0.325151,0.000000,0.000000,0.000000,0.000000,0.000000,0.000000,0.000000,0.000000,0.000000,0.000000,0.000000,0.000000,0.000000,0.000000,0.000000,0.000000
0.000000,0.000000,0.000000,0.000000,0.297474,0.000000,0.281810,0.000000,0.000000,0.000000,0.000000,0.000000,0.307692,0.000000,0.326099,0.000000,0.000000,0.000000,0.000000,0.000000,0.000000,0.000000,0.000000,0.000000,0.000000,0.000000,0.000000,0.000000,0.406692,0.000000,0.000000,0.000000,0.000000,0.000000,0.000000,0.000000,0.000000,0.000000,0.000000,0.000000,0.000000,0.000000,0.000000,0.000000,0.000000,0.000000,0.000000,0.000000,0.000000,0.000000,0.000000,0.000000,0.000000,0.000000,0.000000,0.000000,0.000000,0.000000,0.000000,0.000000,0.000000,0.000000,0.000000,0.000000,0.000000,0.000000,0.000000,0.000000,0.000000,0.000000,0.000000,0.000000,0.000000,0.000000,0.000000,0.000000,0.000000,0.000000,0.000000,0.000000,0.517203,0.000000,0.449804,0.000000,0.000000,0.000000,0.000000,0.000000,0.000000,0.000000
0.000000,0.000000,0.000000,0.335170,0.000000,0.341491,0.000000,0.312305,0.000000,0.000000,0.000000,0.000000,0.000000,0.000000,0.000000,0.346139,0.000000,0.000000,0.000000,0.000000,0.000000,0.000000,0.000000,0.403113,0.000000,0.000000,0.000000,0.000000,0.000000,0.000000,0.000000,0.000000,0.000000,0.000000,0.000000,0.000000,0.000000,0.000000,0.000000,0.456751,0.000000,0.000000,0.549264,0.507689,0.000000,0.000000,0.000000,0.534218,0.000000,0.000000,0.000000,0.000000,0.000000,0.541425,0.000000,0.457653,0.000000,0.000000,0.000000,0.000000,0.000000,0.000000,0.000000,0.000000,0.000000,0.000000,0.000000,0.000000,0.000000,0.000000,0.000000,0.000000,0.000000,0.340085,0.000000,0.370588,0.000000,0.000000,0.000000,0.000000,0.000000,0.000000,0.000000,0.418480,0.000000,0.000000,0.000000,0.000000,0.000000,0.000000
0.406479,0.000000,0.462429,0.000000,0.000000,0.000000,0.405467,0.000000,0.000000,0.000000,0.000000,0.000000,0.385421,0.000000,0.000000,0.000000,0.419524,0.000000,0.000000,0.000000,0.000000,0.000000,0.000000,0.000000,0.000000,0.000000,0.000000,0.000000,0.399500,0.000000,0.000000,0.000000,0.000000,0.000000,0.000000,0.000000,0.000000,0.000000,0.000000,0.000000,0.000000,0.000000,0.000000,0.000000,0.000000,0.000000,0.000000,0.000000,0.000000,0.000000,0.000000,0.000000,0.000000,0.000000,0.000000,0.000000,0.426322,0.000000,0.000000,0.000000,0.000000,0.000000,0.000000,0.000000,0.000000,0.000000,0.000000,0.000000,0.000000,0.000000,0.000000,0.000000,0.000000,0.000000,0.000000,0.000000,0.000000,0.000000,0.000000,0.000000,0.509022,0.000000,0.000000,0.000000,0.450705,0.000000,0.000000,0.000000,0.474103,0.000000
0.000000,0.387788,0.000000,0.000000,0.000000,0.000000,0.000000,0.385579,0.000000,0.000000,0.000000,0.000000,0.000000,0.353311,0.000000,0.000000,0.000000,0.353519,0.000000,0.000000,0.000000,0.000000,0.000000,0.000000,0.000000,0.000000,0.000000,0.000000,0.000000,0.382389,0.000000,0.000000,0.000000,0.000000,0.000000,0.000000,0.000000,0.000000,0.000000,0.000000,0.000000,0.000000,0.000000,0.000000,0.000000,0.000000,0.000000,0.000000,0.000000,0.000000,0.000000,0.000000,0.000000,0.000000,0.000000,0.000000,0.000000,0.000000,0.000000,0.000000,0.000000,0.000000,0.000000,0.000000,0.000000,0.000000,0.000000,0.000000,0.000000,0.000000,0.000000,0.000000,0.000000,0.000000,0.000000,0.000000,0.000000,0.000000,0.000000,0.000000,0.000000,0.000000,0.000000,0.370563,0.000000,0.000000,0.000000,0.000000,0.000000,0.000000
0.406521,0.000000,0.000000,0.000000,0.000000,0.000000,0.394519,0.000000,0.307692,0.000000,0.385421,0.000000,0.000000,0.000000,0.286076,0.000000,0.000000,0.000000,0.000000,0.000000,0.000000,0.000000,0.000000,0.000000,0.000000,0.000000,0.000000,0.000000,0.363271,0.000000,0.000000,0.000000,0.000000,0.000000,0.000000,0.000000,0.000000,0.000000,0.000000,0.000000,0.000000,0.000000,0.000000,0.000000,0.000000,0.000000,0.000000,0.000000,0.000000,0.000000,0.000000,0.000000,0.000000,0.000000,0.000000,0.000000,0.000000,0.000000,0.000000,0.000000,0.000000,0.000000,0.000000,0.000000,0.000000,0.000000,0.000000,0.000000,0.000000,0.000000,0.000000,0.000000,0.000000,0.000000,0.000000,0.000000,0.000000,0.000000,0.000000,0.000000,0.000000,0.000000,0.000000,0.000000,0.000000,0.000000,0.000000,0.000000,0.000000,0.000000
0.000000,0.448893,0.000000,0.000000,0.000000,0.000000,0.000000,0.344483,0.000000,0.000000,0.000000,0.353311,0.000000,0.000000,0.000000,0.377225,0.000000,0.000000,0.000000,0.000000,0.000000,0.000000,0.000000,0.000000,0.000000,0.000000,0.000000,0.000000,0.000000,0.397961,0.000000,0.000000,0.000000,0.000000,0.000000,0.000000,0.000000,0.000000,0.000000,0.000000,0.000000,0.000000,0.000000,0.000000,0.000000,0.000000,0.000000,0.000000,0.000000,0.000000,0.000000,0.000000,0.000000,0.000000,0.000000,0.000000,0.000000,0.428579,0.000000,0.453047,0.000000,0.000000,0.000000,0.000000,0.000000,0.000000,0.000000,0.443924,0.000000,0.000000,0.000000,0.000000,0.000000,0.415696,0.000000,0.000000,0.000000,0.000000,0.000000,0.000000,0.000000,0.436751,0.000000,0.000000,0.000000,0.000000,0.000000,0.000000,0.000000,0.000000
0.000000,0.000000,0.000000,0.000000,0.346852,0.000000,0.000000,0.000000,0.326099,0.000000,0.000000,0.000000,0.286076,0.000000,0.000000,0.000000,0.000000,0.000000,0.000000,0.000000,0.275092,0.000000,0.000000,0.000000,0.000000,0.000000,0.367281,0.000000,0.351063,0.000000,0.000000,0.000000,0.000000,0.000000,0.000000,0.000000,0.000000,0.000000,0.366984,0.000000,0.000000,0.000000,0.000000,0.000000,0.000000,0.000000,0.000000,0.000000,0.000000,0.000000,0.000000,0.000000,0.000000,0.000000,0.000000,0.000000,0.000000,0.000000,0.000000,0.000000,0.000000,0.000000,0.000000,0.000000,0.000000,0.000000,0.000000,0.000000,0.000000,0.000000,0.000000,0.000000,0.000000,0.000000,0.000000,0.000000,0.000000,0.000000,0.000000,0.000000,0.000000,0.000000,0.412320,0.000000,0.000000,0.000000,0.000000,0.000000,0.000000,0.000000
0.000000,0.000000,0.000000,0.000000,0.000000,0.346593,0.000000,0.000000,0.000000,0.346139,0.000000,0.000000,0.000000,0.377225,0.000000,0.000000,0.000000,0.000000,0.000000,0.000000,0.000000,0.394296,0.000000,0.000000,0.000000,0.000000,0.000000,0.381330,0.000000,0.367343,0.000000,0.000000,0.000000,0.000000,0.000000,0.000000,0.000000,0.000000,0.000000,0.245243,0.000000,0.000000,0.000000,0.544234,0.000000,0.000000,0.000000,0.531693,0.000000,0.505702,0.000000,0.000000,0.000000,0.543613,0.000000,0.000000,0.000000,0.000000,0.000000,0.461185,0.000000,0.000000,0.000000,0.000000,0.000000,0.000000,0.000000,0.446015,0.000000,0.000000,0.000000,0.000000,0.000000,0.424242,0.000000,0.000000,0.000000,0.000000,0.000000,0.000000,0.000000,0.000000,0.000000,0.310054,0.000000,0.000000,0.000000,0.000000,0.000000,0.000000
0.423286,0.000000,0.439341,0.000000,0.000000,0.000000,0.428315,0.000000,0.000000,0.000000,0.419524,0.000000,0.000000,0.000000,0.000000,0.000000,0.000000,0.000000,0.000000,0.000000,0.000000,0.000000,0.000000,0.000000,0.000000,0.000000,0.000000,0.000000,0.363224,0.000000,0.000000,0.000000,0.000000,0.000000,0.000000,0.000000,0.000000,0.000000,0.000000,0.000000,0.000000,0.000000,0.000000,0.000000,0.000000,0.000000,0.000000,0.000000,0.000000,0.000000,0.000000,0.000000,0.000000,0.000000,0.000000,0.000000,0.358360,0.000000,0.000000,0.000000,0.421346,0.000000,0.361645,0.000000,0.433661,0.000000,0.000000,0.000000,0.000000,0.000000,0.000000,0.000000,0.000000,0.000000,0.000000,0.000000,0.000000,0.000000,0.358795,0.000000,0.444232,0.000000,0.241402,0.000000,0.474511,0.000000,0.000000,0.000000,0.000000,0.000000
0.000000,0.428391,0.000000,0.415099,0.000000,0.000000,0.000000,0.426280,0.000000,0.000000,0.000000,0.353519,0.000000,0.000000,0.000000,0.000000,0.000000,0.000000,0.000000,0.000000,0.000000,0.000000,0.000000,0.000000,0.000000,0.000000,0.000000,0.000000,0.000000,0.378991,0.000000,0.000000,0.000000,0.000000,0.000000,0.000000,0.000000,0.000000,0.000000,0.000000,0.000000,0.000000,0.000000,0.000000,0.000000,0.000000,0.000000,0.000000,0.000000,0.000000,0.000000,0.000000,0.000000,0.000000,0.000000,0.000000,0.000000,0.379763,0.000000,0.000000,0.000000,0.470225,0.000000,0.424127,0.000000,0.000000,0.000000,0.000000,0.000000,0.000000,0.000000,0.000000,0.000000,0.375430,0.000000,0.000000,0.000000,0.000000,0.000000,0.371459,0.000000,0.406540,0.000000,0.353620,0.000000,0.451002,0.000000,0.000000,0.000000,0.000000
0.442517,0.558086,0.379129,0.574533,0.000000,0.000000,0.000000,0.000000,0.000000,0.000000,0.000000,0.000000,0.000000,0.000000,0.000000,0.000000,0.000000,0.000000,0.000000,0.575997,0.000000,0.000000,0.393025,0.521191,0.000000,0.000000,0.000000,0.000000,0.000000,0.000000,0.000000,0.000000,0.407116,0.508766,0.000000,0.000000,0.000000,0.000000,0.000000,0.000000,0.000000,0.000000,0.000000,0.000000,0.000000,0.000000,0.000000,0.000000,0.000000,0.000000,0.000000,0.000000,0.000000,0.000000,0.000000,0.000000,0.000000,0.528033,0.000000,0.000000,0.000000,0.000000,0.000000,0.000000,0.000000,0.000000,0.000000,0.588309,0.346708,0.593648,0.000000,0.000000,0.467913,0.000000,0.000000,0.000000,0.480170,0.000000,0.000000,0.000000,0.000000,0.000000,0.000000,0.000000,0.000000,0.000000,0.000000,0.000000,0.000000,0.000000
0.000000,0.000000,0.567053,0.378617,0.000000,0.000000,0.000000,0.000000,0.000000,0.000000,0.000000,0.000000,0.000000,0.000000,0.000000,0.000000,0.000000,0.000000,0.575997,0.000000,0.000000,0.000000,0.559310,0.404897,0.000000,0.000000,0.000000,0.000000,0.000000,0.000000,0.000000,0.000000,0.506882,0.384814,0.000000,0.000000,0.000000,0.000000,0.000000,0.000000,0.000000,0.000000,0.000000,0.000000,0.000000,0.000000,0.000000,0.000000,0.000000,0.000000,0.000000,0.000000,0.000000,0.000000,0.000000,0.000000,0.000000,0.478647,0.000000,0.000000,0.000000,0.000000,0.000000,0.000000,0.000000,0.000000,0.000000,0.464813,0.518170,0.349300,0.000000,0.000000,0.000000,0.477001,0.000000,0.000000,0.000000,0.445006,0.000000,0.000000,0.000000,0.000000,0.000000,0.000000,0.000000,0.000000,0.000000,0.000000,0.000000,0.000000
0.000000,0.000000,0.000000,0.000000,0.309110,0.000000,0.000000,0.000000,0.000000,0.000000,0.000000,0.000000,0.000000,0.000000,0.275092,0.000000,0.000000,0.000000,0.000000,0.000000,0.000000,0.367338,0.000000,0.000000,0.254295,0.000000,0.255885,0.000000,0.287636,0.000000,0.393805,0.486497,0.000000,0.000000,0.000000,0.000000,0.000000,0.000000,0.463093,0.000000,0.320321,0.000000,0.529599,0.000000,0.000000,0.000000,0.497281,0.000000,0.000000,0.000000,0.000000,0.000000,0.000000,0.000000,0.000000,0.000000,0.000000,0.000000,0.000000,0.000000,0.000000,0.000000,0.000000,0.000000,0.000000,0.000000,0.000000,0.000000,0.000000,0.000000,0.266973,0.000000,0.000000,0.000000,0.000000,0.000000,0.000000,0.000000,0.000000,0.000000,0.000000,0.000000,0.352234,0.000000,0.000000,0.000000,0.000000,0.000000,0.000000,0.000000
0.000000,0.000000,0.000000,0.000000,0.415859,0.418065,0.000000,0.000000,0.000000,0.000000,0.000000,0.000000,0.000000,0.000000,0.000000,0.394296,0.000000,0.000000,0.000000,0.000000,0.367338,0.000000,0.000000,0.352625,0.431482,0.304377,0.428695,0.279078,0.000000,0.312810,0.435514,0.353871,0.475522,0.440813,0.606117,0.000000,0.000000,0.484715,0.000000,0.265078,0.000000,0.000000,0.000000,0.000000,0.000000,0.000000,0.000000,0.000000,0.000000,0.000000,0.000000,0.000000,0.000000,0.000000,0.000000,0.000000,0.000000,0.000000,0.000000,0.000000,0.000000,0.000000,0.000000,0.000000,0.000000,0.000000,0.567078,0.506464,0.000000,0.000000,0.308961,0.270496,0.000000,0.000000,0.000000,0.000000,0.000000,0.000000,0.000000,0.000000,0.000000,0.000000,0.000000,0.371760,0.000000,0.000000,0.000000,0.000000,0.000000,0.000000
0.000000,0.000000,0.308909,0.514024,0.000000,0.475375,0.000000,0.535854,0.000000,0.000000,0.000000,0.000000,0.000000,0.000000,0.000000,0.000000,0.000000,0.000000,0.393025,0.559310,0.000000,0.000000,0.000000,0.556412,0.213380,0.467328,0.000000,0.000000,0.000000,0.000000,0.348448,0.436892,0.498815,0.544324,0.588036,0.000000,0.000000,0.000000,0.000000,0.000000,0.000000,0.000000,0.000000,0.000000,0.000000,0.000000,0.000000,0.000000,0.521104,0.000000,0.000000,0.000000,0.000000,0.000000,0.000000,0.000000,0.000000,0.000000,0.000000,0.000000,0.000000,0.000000,0.000000,0.000000,0.000000,0.000000,0.524249,0.530323,0.000000,0.000000,0.393179,0.000000,0.453749,0.000000,0.000000,0.000000,0.508157,0.492922,0.000000,0.000000,0.453964,0.000000,0.000000,0.000000,0.000000,0.000000,0.000000,0.000000,0.000000,0.000000
0.000000,0.000000,0.576084,0.336870,0.000000,0.000000,0.000000,0.418717,0.000000,0.403113,0.000000,0.000000,0.000000,0.000000,0.000000,0.000000,0.000000,0.000000,0.521191,0.404897,0.000000,0.352625,0.556412,0.000000,0.000000,0.310324,0.000000,0.000000,0.000000,0.000000,0.481589,0.361453,0.554142,0.445263,0.000000,0.560374,0.000000,0.000000,0.000000,0.000000,0.000000,0.000000,0.000000,0.538464,0.000000,0.540273,0.000000,0.547414,0.000000,0.530090,0.000000,0.000000,0.000000,0.538795,0.000000,0.000000,0.000000,0.000000,0.000000,0.000000,0.000000,0.000000,0.000000,0.000000,0.000000,0.000000,0.000000,0.554101,0.000000,0.000000,0.000000,0.377766,0.000000,0.406638,0.000000,0.443702,0.503681,0.462927,0.000000,0.000000,0.000000,0.000000,0.000000,0.000000,0.000000,0.000000,0.000000,0.000000,0.000000,0.000000
0.000000,0.000000,0.297893,0.000000,0.297199,0.573384,0.000000,0.000000,0.000000,0.000000,0.000000,0.000000,0.000000,0.000000,0.000000,0.000000,0.000000,0.000000,0.000000,0.000000,0.254295,0.431482,0.213380,0.000000,0.000000,0.243828,0.306284,0.524649,0.000000,0.000000,0.321785,0.494332,0.000000,0.000000,0.000000,0.000000,0.000000,0.000000,0.000000,0.000000,0.000000,0.000000,0.000000,0.000000,0.000000,0.000000,0.000000,0.000000,0.000000,0.000000,0.000000,0.000000,0.000000,0.000000,0.000000,0.000000,0.000000,0.000000,0.000000,0.000000,0.000000,0.000000,0.000000,0.000000,0.000000,0.000000,0.000000,0.000000,0.000000,0.000000,0.403008,0.000000,0.000000,0.000000,0.409012,0.000000,0.420866,0.000000,0.000000,0.000000,0.000000,0.000000,0.000000,0.000000,0.000000,0.000000,0.000000,0.000000,0.000000,0.000000
0.000000,0.000000,0.000000,0.000000,0.000000,0.293106,0.000000,0.000000,0.000000,0.000000,0.000000,0.000000,0.000000,0.000000,0.000000,0.000000,0.000000,0.000000,0.000000,0.000000,0.000000,0.304377,0.467328,0.310324,0.243828,0.000000,0.000000,0.320776,0.000000,0.340643,0.000000,0.348509,0.000000,0.000000,0.000000,0.000000,0.000000,0.000000,0.000000,0.000000,0.000000,0.000000,0.000000,0.000000,0.000000,0.000000,0.000000,0.000000,0.000000,0.000000,0.000000,0.000000,0.000000,0.000000,0.000000,0.000000,0.000000,0.000000,0.000000,0.000000,0.000000,0.000000,0.000000,0.000000,0.000000,0.000000,0.000000,0.000000,0.000000,0.000000,0.000000,0.000000,0.000000,0.000000,0.000000,0.000000,0.000000,0.000000,0.000000,0.000000,0.000000,0.000000,0.000000,0.000000,0.000000,0.000000,0.000000,0.000000,0.000000,0.000000
0.000000,0.000000,0.000000,0.000000,0.310306,0.000000,0.000000,0.000000,0.000000,0.000000,0.000000,0.000000,0.000000,0.000000,0.367281,0.000000,0.000000,0.000000,0.000000,0.000000,0.255885,0.428695,0.000000,0.000000,0.306284,0.000000,0.000000,0.288989,0.000000,0.512539,0.332741,0.000000,0.000000,0.000000,0.000000,0.000000,0.000000,0.000000,0.503689,0.000000,0.000000,0.000000,0.000000,0.000000,0.000000,0.000000,0.000000,0.000000,0.000000,0.000000,0.000000,0.000000,0.000000,0.000000,0.000000,0.000000,0.000000,0.000000,0.000000,0.000000,0.000000,0.000000,0.000000,0.000000,0.000000,0.000000,0.000000,0.000000,0.000000,0.000000,0.296852,0.000000,0.000000,0.000000,0.000000,0.000000,0.000000,0.000000,0.000000,0.000000,0.000000,0.000000,0.446863,0.000000,0.000000,0.000000,0.000000,0.000000,0.000000,0.000000
0.000000,0.000000,0.000000,0.000000,0.584738,0.334788,0.000000,0.000000,0.000000,0.000000,0.000000,0.000000,0.000000,0.000000,0.000000,0.381330,0.000000,0.000000,0.000000,0.000000,0.000000,0.279078,0.000000,0.000000,0.524649,0.320776,0.288989,0.000000,0.000000,0.382311,0.457578,0.329352,0.000000,0.000000,0.000000,0.000000,0.000000,0.460273,0.000000,0.000000,0.000000,0.000000,0.000000,0.000000,0.000000,0.000000,0.000000,0.000000,0.000000,0.000000,0.000000,0.000000,0.000000,0.000000,0.000000,0.000000,0.000000,0.000000,0.000000,0.000000,0.000000,0.000000,0.000000,0.000000,0.000000,0.000000,0.000000,0.000000,0.000000,0.000000,0.000000,0.294467,0.000000,0.285739,0.000000,0.000000,0.000000,0.000000,0.000000,0.000000,0.000000,0.000000,0.000000,0.383344,0.000000,0.000000,0.000000,0.000000,0.000000,0.000000
0.411483,0.000000,0.397847,0.000000,0.392045,0.000000,0.292834,0.000000,0.406692,0.000000,0.399500,0.000000,0.363271,0.000000,0.351063,0.000000,0.363224,0.000000,0.000000,0.000000,0.287636,0.000000,0.000000,0.000000,0.000000,0.000000,0.000000,0.000000,0.000000,0.000000,0.000000,0.000000,0.000000,0.000000,0.000000,0.000000,0.000000,0.000000,0.000000,0.000000,0.000000,0.000000,0.000000,0.000000,0.000000,0.000000,0.000000,0.000000,0.000000,0.000000,0.460818,0.000000,0.000000,0.000000,0.000000,0.000000,0.000000,0.000000,0.000000,0.000000,0.000000,0.000000,0.000000,0.000000,0.442864,0.000000,0.000000,0.000000,0.000000,0.000000,0.278630,0.000000,0.000000,0.000000,0.000000,0.000000,0.000000,0.000000,0.381419,0.000000,0.428047,0.000000,0.359071,0.000000,0.438966,0.000000,0.000000,0.000000,0.000000,0.000000
0.000000,0.438564,0.000000,0.000000,0.000000,0.424717,0.000000,0.000000,0.000000,0.000000,0.000000,0.382389,0.000000,0.397961,0.000000,0.367343,0.000000,0.378991,0.000000,0.000000,0.000000,0.312810,0.000000,0.000000,0.000000,0.340643,0.512539,0.382311,0.000000,0.000000,0.481084,0.000000,0.000000,0.000000,0.000000,0.000000,0.000000,0.000000,0.000000,0.000000,0.000000,0.000000,0.000000,0.523651,0.000000,0.000000,0.000000,0.542457,0.000000,0.000000,0.000000,0.000000,0.000000,0.000000,0.000000,0.559773,0.000000,0.414139,0.000000,0.448770,0.000000,0.000000,0.000000,0.000000,0.000000,0.000000,0.000000,0.440522,0.000000,0.000000,0.000000,0.000000,0.000000,0.383550,0.000000,0.000000,0.000000,0.000000,0.000000,0.351573,0.000000,0.398644,0.000000,0.366824,0.000000,0.423732,0.000000,0.000000,0.000000,0.000000
0.000000,0.000000,0.000000,0.465986,0.341263,0.462499,0.000000,0.000000,0.000000,0.000000,0.000000,0.000000,0.000000,0.000000,0.000000,0.000000,0.000000,0.000000,0.000000,0.000000,0.393805,0.435514,0.348448,0.481589,0.321785,0.000000,0.332741,0.457578,0.000000,0.481084,0.000000,0.394980,0.472537,0.389170,0.577046,0.000000,0.000000,0.000000,0.000000,0.000000,0.000000,0.000000,0.000000,0.000000,0.000000,0.000000,0.000000,0.000000,0.506764,0.000000,0.000000,0.000000,0.000000,0.000000,0.000000,0.000000,0.000000,0.000000,0.000000,0.000000,0.000000,0.000000,0.000000,0.000000,0.000000,0.000000,0.539448,0.524518,0.000000,0.000000,0.371116,0.000000,0.000000,0.000000,0.000000,0.000000,0.000000,0.000000,0.000000,0.000000,0.000000,0.000000,0.000000,0.000000,0.000000,0.000000,0.000000,0.000000,0.000000,0.000000
0.000000,0.000000,0.000000,0.373161,0.000000,0.376435,0.000000,0.000000,0.000000,0.000000,0.000000,0.000000,0.000000,0.000000,0.000000,0.000000,0.000000,0.000000,0.000000,0.000000,0.486497,0.353871,0.436892,0.361453,0.494332,0.348509,0.000000,0.329352,0.000000,0.000000,0.394980,0.000000,0.000000,0.452383,0.595705,0.577961,0.000000,0.000000,0.000000,0.000000,0.000000,0.000000,0.000000,0.511822,0.000000,0.548470,0.000000,0.000000,0.000000,0.000000,0.000000,0.000000,0.000000,0.000000,0.000000,0.000000,0.000000,0.000000,0.000000,0.000000,0.000000,0.000000,0.000000,0.000000,0.000000,0.000000,0.576578,0.515772,0.000000,0.000000,0.000000,0.000000,0.000000,0.000000,0.000000,0.000000,0.000000,0.000000,0.000000,0.000000,0.000000,0.000000,0.000000,0.000000,0.000000,0.000000,0.000000,0.000000,0.000000,0.000000
0.000000,0.000000,0.000000,0.000000,0.000000,0.000000,0.000000,0.000000,0.000000,0.000000,0.000000,0.000000,0.000000,0.000000,0.000000,0.000000,0.000000,0.000000,0.407116,0.506882,0.000000,0.475522,0.498815,0.554142,0.000000,0.000000,0.000000,0.000000,0.000000,0.000000,0.472537,0.000000,0.000000,0.547605,0.452870,0.000000,0.000000,0.000000,0.000000,0.000000,0.000000,0.000000,0.000000,0.000000,0.000000,0.495284,0.000000,0.000000,0.457064,0.000000,0.000000,0.000000,0.000000,0.000000,0.000000,0.000000,0.000000,0.000000,0.000000,0.000000,0.000000,0.000000,0.000000,0.000000,0.000000,0.000000,0.446278,0.480301,0.378032,0.459966,0.421868,0.000000,0.000000,0.000000,0.000000,0.000000,0.000000,0.000000,0.000000,0.000000,0.000000,0.000000,0.000000,0.000000,0.000000,0.000000,0.000000,0.000000,0.000000,0.000000
0.000000,0.000000,0.000000,0.000000,0.000000,0.000000,0.000000,0.000000,0.000000,0.000000,0.000000,0.000000,0.000000,0.000000,0.000000,0.000000,0.000000,0.000000,0.508766,0.384814,0.000000,0.440813,0.544324,0.445263,0.000000,0.000000,0.000000,0.000000,0.000000,0.000000,0.389170,0.452383,0.547605,0.000000,0.334169,0.497676,0.000000,0.516783,0.000000,0.522824,0.000000,0.000000,0.000000,0.477801,0.000000,0.500285,0.000000,0.000000,0.509984,0.000000,0.000000,0.000000,0.000000,0.000000,0.000000,0.000000,0.588083,0.000000,0.000000,0.000000,0.000000,0.000000,0.000000,0.000000,0.000000,0.000000,0.534546,0.461742,0.561630,0.348123,0.000000,0.000000,0.000000,0.000000,0.000000,0.000000,0.465286,0.000000,0.000000,0.000000,0.000000,0.000000,0.000000,0.000000,0.000000,0.000000,0.000000,0.000000,0.000000,0.000000
0.000000,0.000000,0.000000,0.000000,0.000000,0.000000,0.000000,0.000000,0.000000,0.000000,0.000000,0.000000,0.000000,0.000000,0.000000,0.000000,0.000000,0.000000,0.000000,0.000000,0.000000,0.606117,0.588036,0.000000,0.000000,0.000000,0.000000,0.000000,0.000000,0.000000,0.577046,0.595705,0.452870,0.334169,0.000000,0.445269,0.493936,0.532196,0.000000,0.000000,0.000000,0.000000,0.472908,0.000000,0.495670,0.000000,0.000000,0.000000,0.000000,0.000000,0.000000,0.000000,0.000000,0.000000,0.000000,0.000000,0.000000,0.000000,0.490142,0.000000,0.000000,0.000000,0.000000,0.000000,0.000000,0.000000,0.401313,0.461947,0.000000,0.000000,0.000000,0.000000,0.000000,0.000000,0.000000,0.000000,0.000000,0.000000,0.000000,0.000000,0.000000,0.000000,0.000000,0.000000,0.000000,0.000000,0.000000,0.000000,0.000000,0.000000
0.000000,0.000000,0.000000,0.574420,0.000000,0.000000,0.000000,0.000000,0.000000,0.000000,0.000000,0.000000,0.000000,0.000000,0.000000,0.000000,0.000000,0.000000,0.000000,0.000000,0.000000,0.000000,0.000000,0.560374,0.000000,0.000000,0.000000,0.000000,0.000000,0.000000,0.000000,0.577961,0.000000,0.497676,0.445269,0.000000,0.510577,0.508867,0.000000,0.493388,0.000000,0.000000,0.599108,0.000000,0.577465,0.503596,0.000000,0.000000,0.578409,0.579574,0.489037,0.000000,0.000000,0.000000,0.000000,0.000000,0.000000,0.000000,0.510716,0.449854,0.000000,0.000000,0.000000,0.000000,0.000000,0.000000,0.542092,0.421018,0.000000,0.000000,0.000000,0.000000,0.000000,0.000000,0.000000,0.000000,0.000000,0.000000,0.000000,0.000000,0.000000,0.000000,0.000000,0.000000,0.000000,0.000000,0.000000,0.000000,0.000000,0.000000
0.000000,0.000000,0.441966,0.000000,0.000000,0.000000,0.000000,0.000000,0.000000,0.000000,0.000000,0.000000,0.000000,0.000000,0.000000,0.000000,0.000000,0.000000,0.000000,0.000000,0.000000,0.000000,0.000000,0.000000,0.000000,0.000000,0.000000,0.000000,0.000000,0.000000,0.000000,0.000000,0.000000,0.000000,0.493936,0.510577,0.000000,0.465318,0.406707,0.566231,0.457991,0.415106,0.491419,0.000000,0.459197,0.000000,0.446449,0.000000,0.485667,0.000000,0.467279,0.000000,0.479244,0.000000,0.355357,0.000000,0.000000,0.000000,0.451761,0.638542,0.000000,0.000000,0.000000,0.000000,0.000000,0.000000,0.467937,0.620243,0.000000,0.000000,0.430915,0.000000,0.000000,0.000000,0.000000,0.000000,0.462726,0.507351,0.000000,0.000000,0.000000,0.000000,0.441619,0.000000,0.370443,0.000000,0.461517,0.000000,0.393741,0.000000
0.000000,0.000000,0.527932,0.594283,0.000000,0.000000,0.000000,0.000000,0.000000,0.000000,0.000000,0.000000,0.000000,0.000000,0.000000,0.000000,0.000000,0.000000,0.000000,0.000000,0.000000,0.484715,0.000000,0.000000,0.000000,0.000000,0.000000,0.460273,0.000000,0.000000,0.000000,0.000000,0.000000,0.516783,0.532196,0.508867,0.465318,0.000000,0.489794,0.445379,0.000000,0.244501,0.608498,0.500502,0.000000,0.532504,0.000000,0.495758,0.641733,0.516408,0.696059,0.506398,0.000000,0.000000,0.480241,0.455649,0.000000,0.000000,0.479867,0.467402,0.000000,0.000000,0.000000,0.000000,0.000000,0.000000,0.454042,0.461937,0.000000,0.000000,0.000000,0.000000,0.000000,0.522654,0.000000,0.000000,0.464139,0.489313,0.000000,0.000000,0.000000,0.000000,0.000000,0.529140,0.000000,0.429100,0.000000,0.435840,0.000000,0.449898
0.000000,0.000000,0.000000,0.474276,0.000000,0.000000,0.000000,0.000000,0.000000,0.000000,0.000000,0.000000,0.000000,0.000000,0.366984,0.000000,0.000000,0.000000,0.000000,0.000000,0.463093,0.000000,0.000000,0.000000,0.000000,0.000000,0.503689,0.000000,0.000000,0.000000,0.000000,0.000000,0.000000,0.000000,0.000000,0.000000,0.406707,0.489794,0.000000,0.492234,0.309665,0.566938,0.515432,0.000000,0.489400,0.000000,0.476829,0.000000,0.471684,0.000000,0.000000,0.000000,0.000000,0.000000,0.437638,0.000000,0.000000,0.000000,0.000000,0.000000,0.000000,0.000000,0.000000,0.000000,0.000000,0.000000,0.503941,0.000000,0.000000,0.000000,0.000000,0.000000,0.508592,0.513366,0.000000,0.000000,0.442463,0.000000,0.000000,0.000000,0.000000,0.000000,0.404264,0.000000,0.000000,0.000000,0.373859,0.000000,0.389845,0.000000
0.000000,0.000000,0.000000,0.000000,0.000000,0.000000,0.000000,0.000000,0.000000,0.456751,0.000000,0.000000,0.000000,0.000000,0.000000,0.245243,0.000000,0.000000,0.000000,0.000000,0.000000,0.265078,0.000000,0.000000,0.000000,0.000000,0.000000,0.000000,0.000000,0.000000,0.000000,0.000000,0.000000,0.522824,0.000000,0.493388,0.566231,0.445379,0.492234,0.000000,0.000000,0.313707,0.600400,0.436370,0.000000,0.533313,0.689957,0.387237,0.512221,0.000000,0.000000,0.000000,0.000000,0.000000,0.000000,0.413514,0.000000,0.000000,0.524061,0.501694,0.000000,0.000000,0.000000,0.000000,0.000000,0.000000,0.544524,0.522577,0.000000,0.000000,0.000000,0.000000,0.000000,0.514053,0.000000,0.000000,0.382422,0.000000,0.000000,0.000000,0.477197,0.000000,0.000000,0.329378,0.000000,0.000000,0.000000,0.405166,0.000000,0.420750
0.000000,0.000000,0.000000,0.000000,0.000000,0.000000,0.000000,0.000000,0.000000,0.000000,0.000000,0.000000,0.000000,0.000000,0.000000,0.000000,0.000000,0.000000,0.000000,0.000000,0.320321,0.000000,0.000000,0.000000,0.000000,0.000000,0.000000,0.000000,0.000000,0.000000,0.000000,0.000000,0.000000,0.000000,0.000000,0.000000,0.457991,0.000000,0.309665,0.000000,0.000000,0.000000,0.544533,0.000000,0.000000,0.000000,0.511729,0.000000,0.000000,0.000000,0.502640,0.000000,0.000000,0.000000,0.000000,0.000000,0.000000,0.000000,0.000000,0.000000,0.000000,0.000000,0.000000,0.000000,0.000000,0.000000,0.000000,0.000000,0.000000,0.000000,0.000000,0.000000,0.000000,0.000000,0.000000,0.000000,0.365026,0.000000,0.000000,0.000000,0.000000,0.000000,0.361491,0.000000,0.000000,0.000000,0.396363,0.000000,0.000000,0.000000
0.000000,0.000000,0.000000,0.000000,0.000000,0.000000,0.000000,0.000000,0.000000,0.000000,0.000000,0.000000,0.000000,0.000000,0.000000,0.000000,0.000000,0.000000,0.000000,0.000000,0.000000,0.000000,0.000000,0.000000,0.000000,0.000000,0.000000,0.000000,0.000000,0.000000,0.000000,0.000000,0.000000,0.000000,0.000000,0.000000,0.415106,0.244501,0.566938,0.313707,0.000000,0.000000,0.000000,0.000000,0.000000,0.000000,0.000000,0.000000,0.000000,0.000000,0.000000,0.000000,0.000000,0.000000,0.000000,0.328555,0.000000,0.000000,0.000000,0.000000,0.000000,0.000000,0.000000,0.000000,0.000000,0.000000,0.000000,0.540590,0.000000,0.000000,0.000000,0.376176,0.000000,0.567240,0.000000,0.000000,0.000000,0.000000,0.000000,0.000000,0.000000,0.000000,0.000000,0.278460,0.000000,0.000000,0.000000,0.413603,0.000000,0.000000
0.000000,0.000000,0.518195,0.000000,0.000000,0.000000,0.000000,0.000000,0.000000,0.549264,0.000000,0.000000,0.000000,0.000000,0.000000,0.000000,0.000000,0.000000,0.000000,0.000000,0.529599,0.000000,0.000000,0.000000,0.000000,0.000000,0.000000,0.000000,0.000000,0.000000,0.000000,0.000000,0.000000,0.000000,0.472908,0.599108,0.491419,0.608498,0.515432,0.600400,0.544533,0.000000,0.000000,0.625127,0.404489,0.627697,0.418765,0.516299,0.393489,0.691607,0.289018,0.000000,0.276834,0.000000,0.411113,0.000000,0.000000,0.000000,0.000000,0.000000,0.000000,0.000000,0.000000,0.000000,0.000000,0.000000,0.384061,0.673394,0.000000,0.000000,0.000000,0.000000,0.548629,0.000000,0.000000,0.000000,0.491292,0.584504,0.000000,0.000000,0.537999,0.000000,0.521974,0.000000,0.534230,0.000000,0.544293,0.000000,0.000000,0.000000
0.000000,0.000000,0.000000,0.000000,0.000000,0.000000,0.000000,0.000000,0.000000,0.507689,0.000000,0.000000,0.000000,0.000000,0.000000,0.544234,0.000000,0.000000,0.000000,0.000000,0.000000,0.000000,0.000000,0.538464,0.000000,0.000000,0.000000,0.000000,0.000000,0.523651,0.000000,0.511822,0.000000,0.477801,0.000000,0.000000,0.000000,0.500502,0.000000,0.436370,0.000000,0.000000,0.625127,0.000000,0.690840,0.405854,0.000000,0.419732,0.735337,0.430430,0.546646,0.376615,0.000000,0.282572,0.000000,0.433930,0.000000,0.000000,0.000000,0.000000,0.000000,0.000000,0.000000,0.000000,0.000000,0.000000,0.647401,0.394790,0.000000,0.000000,0.000000,0.000000,0.000000,0.525167,0.000000,0.000000,0.000000,0.490261,0.000000,0.000000,0.000000,0.532472,0.000000,0.499795,0.000000,0.524503,0.000000,0.518567,0.000000,0.000000
0.000000,0.000000,0.000000,0.000000,0.000000,0.000000,0.000000,0.000000,0.000000,0.000000,0.000000,0.000000,0.000000,0.000000,0.000000,0.000000,0.000000,0.000000,0.000000,0.000000,0.000000,0.000000,0.000000,0.000000,0.000000,0.000000,0.000000,0.000000,0.000000,0.000000,0.000000,0.000000,0.000000,0.000000,0.495670,0.577465,0.459197,0.000000,0.489400,0.000000,0.000000,0.000000,0.404489,0.690840,0.000000,0.669325,0.402746,0.606715,0.388853,0.693229,0.000000,0.000000,0.000000,0.000000,0.000000,0.000000,0.000000,0.000000,0.000000,0.000000,0.000000,0.000000,0.000000,0.000000,0.000000,0.000000,0.430540,0.661628,0.000000,0.000000,0.000000,0.000000,0.000000,0.000000,0.000000,0.000000,0.000000,0.000000,0.000000,0.000000,0.000000,0.000000,0.000000,0.000000,0.000000,0.000000,0.000000,0.000000,0.000000,0.000000
0.000000,0.000000,0.000000,0.000000,0.000000,0.000000,0.000000,0.000000,0.000000,0.000000,0.000000,0.000000,0.000000,0.000000,0.000000,0.000000,0.000000,0.000000,0.000000,0.000000,0.000000,0.000000,0.000000,0.540273,0.000000,0.000000,0.000000,0.000000,0.000000,0.000000,0.000000,0.548470,0.495284,0.500285,0.000000,0.503596,0.000000,0.532504,0.000000,0.533313,0.000000,0.000000,0.627697,0.405854,0.669325,0.000000,0.000000,0.427346,0.664723,0.406969,0.628359,0.275347,0.000000,0.000000,0.000000,0.525775,0.000000,0.000000,0.542777,0.268974,0.000000,0.000000,0.000000,0.000000,0.000000,0.000000,0.643518,0.420748,0.000000,0.000000,0.000000,0.000000,0.000000,0.000000,0.000000,0.000000,0.000000,0.502417,0.000000,0.000000,0.000000,0.000000,0.000000,0.000000,0.000000,0.000000,0.000000,0.000000,0.000000,0.000000
0.000000,0.000000,0.532008,0.000000,0.549854,0.000000,0.000000,0.000000,0.000000,0.000000,0.000000,0.000000,0.000000,0.000000,0.000000,0.000000,0.000000,0.000000,0.000000,0.000000,0.497281,0.000000,0.000000,0.000000,0.000000,0.000000,0.000000,0.000000,0.000000,0.000000,0.000000,0.000000,0.000000,0.000000,0.000000,0.000000,0.446449,0.000000,0.476829,0.689957,0.511729,0.000000,0.418765,0.000000,0.402746,0.000000,0.000000,0.657416,0.000000,0.000000,0.319578,0.000000,0.317469,0.000000,0.422868,0.626068,0.000000,0.000000,0.000000,0.000000,0.000000,0.000000,0.000000,0.000000,0.000000,0.000000,0.380855,0.000000,0.000000,0.000000,0.000000,0.000000,0.521322,0.000000,0.000000,0.000000,0.508851,0.000000,0.000000,0.000000,0.534221,0.000000,0.511375,0.000000,0.527174,0.000000,0.532979,0.000000,0.489407,0.000000
0.000000,0.000000,0.000000,0.000000,0.000000,0.000000,0.000000,0.000000,0.000000,0.534218,0.000000,0.000000,0.000000,0.000000,0.000000,0.531693,0.000000,0.000000,0.000000,0.000000,0.000000,0.000000,0.000000,0.547414,0.000000,0.000000,0.000000,0.000000,0.000000,0.542457,0.000000,0.000000,0.000000,0.000000,0.000000,0.000000,0.000000,0.495758,0.000000,0.387237,0.000000,0.000000,0.516299,0.419732,0.606715,0.427346,0.657416,0.000000,0.000000,0.000000,0.000000,0.000000,0.000000,0.333275,0.000000,0.399719,0.000000,0.000000,0.000000,0.000000,0.000000,0.000000,0.000000,0.000000,0.000000,0.000000,0.000000,0.396103,0.000000,0.000000,0.000000,0.000000,0.000000,0.537549,0.000000,0.000000,0.000000,0.520356,0.000000,0.000000,0.000000,0.542108,0.000000,0.529951,0.000000,0.552439,0.000000,0.517143,0.000000,0.524720
0.000000,0.000000,0.000000,0.000000,0.000000,0.000000,0.000000,0.000000,0.000000,0.000000,0.000000,0.000000,0.000000,0.000000,0.000000,0.000000,0.000000,0.000000,0.000000,0.000000,0.000000,0.000000,0.521104,0.000000,0.000000,0.000000,0.000000,0.000000,0.000000,0.000000,0.506764,0.000000,0.457064,0.509984,0.000000,0.578409,0.485667,0.641733,0.471684,0.512221,0.000000,0.000000,0.393489,0.735337,0.388853,0.664723,0.000000,0.000000,0.000000,0.635008,0.436561,0.000000,0.000000,0.000000,0.479774,0.000000,0.000000,0.000000,0.438238,0.591728,0.463111,0.000000,0.000000,0.000000,0.000000,0.000000,0.440861,0.500360,0.000000,0.000000,0.000000,0.000000,0.000000,0.000000,0.000000,0.000000,0.493151,0.588857,0.000000,0.000000,0.000000,0.000000,0.497181,0.000000,0.481511,0.000000,0.514941,0.000000,0.506600,0.000000
