0.000000,0.000000,0.302553,0.000000,0.000000,0.000000,0.341941,0.000000,0.000000,0.000000,0.291067,0.000000,0.372094,0.000000,0.000000,0.000000,0.274854,0.000000,0.000000,0.000000,0.000000,0.000000,0.000000,0.000000,0.000000,0.000000,0.000000,0.000000,0.355189,0.000000,0.000000,0.000000,0.000000,0.000000,0.000000,0.000000,0.000000,0.000000,0.000000,0.000000,0.000000,0.000000,0.000000,0.000000,0.000000,0.000000,0.000000,0.000000,0.000000,0.000000,0.000000,0.000000,0.000000,0.000000,0.000000,0.000000,0.350175,0.000000,0.000000,0.000000,0.430272,0.000000,0.000000,0.000000,0.000000,0.000000,0.000000,0.000000,0.180497,0.000000,0.000000,0.000000,0.483866,0.000000,0.000000,0.000000,0.000000,0.000000,0.000000,0.000000,0.467493,0.000000,0.000000,0.000000,0.461907,0.000000,0.000000,0.000000,0.000000,0.000000
0.000000,0.000000,0.000000,0.349237,0.000000,0.000000,0.000000,0.351470,0.000000,0.000000,0.000000,0.321826,0.000000,0.000000,0.000000,0.000000,0.000000,0.294974,0.000000,0.401676,0.000000,0.000000,0.000000,0.000000,0.000000,0.000000,0.000000,0.000000,0.000000,0.453775,0.000000,0.000000,0.000000,0.000000,0.000000,0.000000,0.000000,0.622614,0.000000,0.000000,0.000000,0.000000,0.000000,0.000000,0.000000,0.000000,0.000000,0.000000,0.000000,0.000000,0.000000,0.000000,0.000000,0.000000,0.000000,0.000000,0.000000,0.382779,0.000000,0.434661,0.000000,0.422734,0.000000,0.311256,0.000000,0.414203,0.000000,0.000000,0.000000,0.000000,0.000000,0.423931,0.000000,0.384157,0.000000,0.536004,0.000000,0.435624,0.000000,0.000000,0.000000,0.468257,0.000000,0.433663,0.000000,0.511991,0.000000,0.000000,0.000000,0.496662
0.302553,0.000000,0.000000,0.000000,0.157503,0.000000,0.282563,0.000000,0.310450,0.000000,0.378343,0.000000,0.000000,0.000000,0.306423,0.000000,0.384368,0.000000,0.265410,0.000000,0.000000,0.000000,0.335637,0.574110,0.000000,0.000000,0.000000,0.000000,0.368393,0.000000,0.000000,0.000000,0.000000,0.000000,0.000000,0.000000,0.000000,0.000000,0.000000,0.000000,0.000000,0.000000,0.000000,0.000000,0.000000,0.000000,0.000000,0.000000,0.000000,0.000000,0.000000,0.000000,0.000000,0.000000,0.000000,0.000000,0.000000,0.000000,0.000000,0.000000,0.000000,0.000000,0.000000,0.000000,0.399498,0.000000,0.000000,0.000000,0.000000,0.000000,0.315408,0.000000,0.422577,0.000000,0.452055,0.000000,0.373784,0.000000,0.000000,0.000000,0.000000,0.000000,0.305131,0.000000,0.000000,0.000000,0.000000,0.000000,0.000000,0.000000
0.000000,0.349237,0.000000,0.000000,0.000000,0.192398,0.000000,0.311856,0.000000,0.000000,0.000000,0.000000,0.000000,0.000000,0.000000,0.000000,0.000000,0.000000,0.524556,0.360908,0.000000,0.000000,0.490139,0.309727,0.531697,0.244073,0.000000,0.000000,0.000000,0.000000,0.000000,0.251658,0.000000,0.234541,0.000000,0.000000,0.000000,0.000000,0.000000,0.000000,0.000000,0.000000,0.000000,0.000000,0.000000,0.000000,0.000000,0.000000,0.000000,0.000000,0.000000,0.000000,0.000000,0.000000,0.000000,0.000000,0.000000,0.437234,0.000000,0.000000,0.000000,0.000000,0.000000,0.000000,0.000000,0.000000,0.000000,0.000000,0.000000,0.413386,0.000000,0.379714,0.000000,0.000000,0.000000,0.000000,0.000000,0.389816,0.000000,0.000000,0.000000,0.000000,0.000000,0.000000,0.000000,0.000000,0.000000,0.000000,0.000000,0.000000
0.000000,0.000000,0.157503,0.000000,0.000000,0.457624,0.000000,0.000000,0.223605,0.000000,0.000000,0.000000,0.000000,0.000000,0.284537,0.000000,0.000000,0.000000,0.000000,0.000000,0.269389,0.000000,0.000000,0.000000,0.192377,0.000000,0.273845,0.000000,0.338197,0.000000,0.262667,0.000000,0.000000,0.000000,0.000000,0.000000,0.000000,0.000000,0.000000,0.000000,0.362935,0.000000,0.000000,0.000000,0.000000,0.000000,0.000000,0.000000,0.000000,0.000000,0.457085,0.000000,0.000000,0.000000,0.000000,0.000000,0.000000,0.000000,0.000000,0.000000,0.000000,0.000000,0.000000,0.000000,0.000000,0.000000,0.000000,0.000000,0.000000,0.000000,0.338586,0.000000,0.382127,0.000000,0.395743,0.000000,0.000000,0.000000,0.000000,0.000000,0.000000,0.000000,0.405401,0.000000,0.000000,0.000000,0.436814,0.000000,0.000000,0.000000
0.000000,0.000000,0.000000,0.192398,0.457624,0.000000,0.000000,0.251153,0.000000,0.184323,0.000000,0.000000,0.000000,0.000000,0.000000,0.229216,0.000000,0.000000,0.000000,0.000000,0.000000,0.445728,0.000000,0.000000,0.511045,0.239956,0.490088,0.197334,0.000000,0.354629,0.000000,0.497631,0.000000,0.000000,0.000000,0.000000,0.000000,0.000000,0.000000,0.000000,0.000000,0.000000,0.000000,0.000000,0.000000,0.000000,0.000000,0.000000,0.000000,0.000000,0.000000,0.000000,0.000000,0.000000,0.000000,0.000000,0.000000,0.000000,0.000000,0.000000,0.000000,0.000000,0.000000,0.000000,0.000000,0.000000,0.000000,0.000000,0.000000,0.000000,0.000000,0.311343,0.000000,0.356285,0.000000,0.330509,0.000000,0.330958,0.000000,0.000000,0.000000,0.000000,0.000000,0.360070,0.000000,0.000000,0.000000,0.000000,0.000000,0.000000
0.341941,0.000000,0.282563,0.000000,0.000000,0.000000,0.000000,0.000000,0.000000,0.000000,0.357121,0.000000,0.364966,0.000000,0.000000,0.000000,0.000000,0.000000,0.000000,0.000000,0.000000,0.000000,0.402823,0.000000,0.000000,0.000000,0.000000,0.000000,0.000000,0.000000,0.000000,0.000000,0.000000,0.000000,0.000000,0.000000,0.000000,0.000000,0.000000,0.000000,0.000000,0.000000,0.000000,0.000000,0.000000,0.000000,0.000000,0.000000,0.000000,0.000000,0.000000,0.000000,0.000000,0.000000,0.000000,0.000000,0.000000,0.000000,0.000000,0.000000,0.000000,0.000000,0.000000,0.000000,0.000000,0.000000,0.000000,0.000000,0.000000,0.000000,0.000000,0.000000,0.429471,0.000000,0.000000,0.000000,0.000000,0.000000,0.000000,0.000000,0.000000,0.000000,0.293961,0.000000,0.000000,0.000000,0.000000,0.000000,0.000000,0.000000
0.000000,0.351470,0.000000,0.311856,0.000000,0.251153,0.000000,0.000000,0.000000,0.277525,0.000000,0.358603,0.000000,0.305568,0.000000,0.109269,0.000000,0.396479,0.000000,0.000000,0.000000,0.000000,0.000000,0.000000,0.000000,0.000000,0.000000,0.000000,0.000000,0.000000,0.000000,0.000000,0.000000,0.000000,0.000000,0.000000,0.000000,0.000000,0.000000,0.000000,0.000000,0.000000,0.000000,0.000000,0.000000,0.000000,0.000000,0.000000,0.000000,0.000000,0.000000,0.000000,0.000000,0.000000,0.000000,0.000000,0.000000,0.000000,0.000000,0.000000,0.000000,0.000000,0.000000,0.000000,0.000000,0.000000,0.000000,0.000000,0.000000,0.000000,0.000000,0.291441,0.000000,0.402736,0.000000,0.388731,0.000000,0.369821,0.000000,0.000000,0.000000,0.000000,0.000000,0.000000,0.000000,0.000000,0.000000,0.000000,0.000000,0.000000
0.000000,0.000000,0.310450,0.000000,0.223605,0.000000,0.000000,0.000000,0.000000,0.000000,0.329729,0.000000,0.000000,0.000000,0.253827,0.000000,0.000000,0.000000,0.000000,0.000000,0.000000,0.000000,0.000000,0.000000,0.000000,0.000000,0.000000,0.000000,0.305461,0.000000,0.000000,0.000000,0.000000,0.000000,0.000000,0.000000,0.000000,0.000000,0.000000,0.000000,0.000000,0.000000,0.000000,0.000000,0.000000,0.000000,0.000000,0.000000,0.000000,0.000000,0.000000,0.000000,0.000000,0.000000,0.000000,0.000000,0.000000,0.000000,0.000000,0.000000,0.000000,0.000000,0.000000,0.000000,0.000000,0.000000,0.000000,0.000000,0.000000,0.000000,0.000000,0.000000,0.365357,0.000000,0.000000,0.000000,0.000000,0.000000,0.000000,0.000000,0.000000,0.000000,0.377147,0.000000,0.000000,0.000000,0.000000,0.000000,0.000000,0.000000
0.000000,0.000000,0.000000,0.000000,0.000000,0.184323,0.000000,0.277525,0.000000,0.000000,0.000000,0.000000,0.000000,0.000000,0.000000,0.201743,0.000000,0.000000,0.000000,0.000000,0.000000,0.000000,0.000000,0.000000,0.000000,0.000000,0.000000,0.365783,0.000000,0.349360,0.000000,0.000000,0.000000,0.000000,0.000000,0.000000,0.000000,0.000000,0.000000,0.000000,0.000000,0.000000,0.000000,0.000000,0.000000,0.000000,0.000000,0.000000,0.000000,0.401829,0.000000,0.426010,0.000000,0.000000,0.000000,0.000000,0.000000,0.000000,0.000000,0.377218,0.000000,0.000000,0.000000,0.000000,0.000000,0.392170,0.000000,0.000000,0.000000,0.000000,0.000000,0.325561,0.000000,0.378395,0.000000,0.367256,0.000000,0.488000,0.000000,0.000000,0.000000,0.000000,0.000000,0.416623,0.000000,0.000000,0.000000,0.000000,0.000000,0.000000
0.291067,0.000000,0.378343,0.000000,0.000000,0.000000,0.357121,0.000000,0.329729,0.000000,0.000000,0.000000,0.350989,0.000000,0.319151,0.000000,0.207572,0.000000,0.000000,0.000000,0.000000,0.000000,0.000000,0.000000,0.000000,0.000000,0.000000,0.000000,0.172648,0.000000,0.000000,0.000000,0.000000,0.000000,0.000000,0.000000,0.000000,0.000000,0.000000,0.000000,0.000000,0.000000,0.000000,0.000000,0.000000,0.000000,0.000000,0.000000,0.000000,0.000000,0.000000,0.000000,0.000000,0.000000,0.000000,0.000000,0.000000,0.000000,0.000000,0.000000,0.000000,0.000000,0.000000,0.000000,0.000000,0.000000,0.000000,0.000000,0.000000,0.000000,0.000000,0.000000,0.000000,0.000000,0.000000,0.000000,0.000000,0.000000,0.000000,0.000000,0.000000,0.000000,0.000000,0.000000,0.000000,0.000000,0.000000,0.000000,0.000000,0.000000
0.000000,0.321826,0.000000,0.000000,0.000000,0.000000,0.000000,0.358603,0.000000,0.000000,0.000000,0.000000,0.000000,0.161461,0.000000,0.117342,0.000000,0.283803,0.000000,0.000000,0.000000,0.000000,0.000000,0.000000,0.000000,0.000000,0.000000,0.000000,0.000000,0.438495,0.000000,0.000000,0.000000,0.000000,0.000000,0.000000,0.000000,0.000000,0.000000,0.000000,0.000000,0.000000,0.000000,0.000000,0.000000,0.000000,0.000000,0.000000,0.000000,0.000000,0.000000,0.000000,0.000000,0.000000,0.000000,0.000000,0.000000,0.000000,0.000000,0.000000,0.000000,0.000000,0.000000,0.458265,0.000000,0.000000,0.000000,0.000000,0.000000,0.000000,0.000000,0.000000,0.000000,0.000000,0.000000,0.000000,0.000000,0.000000,0.000000,0.000000,0.000000,0.000000,0.000000,0.118823,0.000000,0.000000,0.000000,0.000000,0.000000,0.500914
0.372094,0.000000,0.000000,0.000000,0.000000,0.000000,0.364966,0.000000,0.000000,0.000000,0.350989,0.000000,0.000000,0.000000,0.346287,0.000000,0.000000,0.000000,0.000000,0.000000,0.000000,0.000000,0.000000,0.000000,0.000000,0.000000,0.000000,0.000000,0.256032,0.000000,0.000000,0.000000,0.000000,0.000000,0.000000,0.000000,0.000000,0.000000,0.000000,0.000000,0.000000,0.000000,0.000000,0.000000,0.000000,0.000000,0.000000,0.000000,0.000000,0.000000,0.000000,0.000000,0.000000,0.000000,0.000000,0.000000,0.000000,0.000000,0.000000,0.000000,0.000000,0.000000,0.000000,0.000000,0.000000,0.000000,0.000000,0.000000,0.000000,0.000000,0.000000,0.000000,0.000000,0.000000,0.000000,0.000000,0.000000,0.000000,0.000000,0.000000,0.000000,0.000000,0.000000,0.000000,0.000000,0.000000,0.000000,0.000000,0.000000,0.000000
0.000000,0.000000,0.000000,0.000000,0.000000,0.000000,0.000000,0.305568,0.000000,0.000000,0.000000,0.161461,0.000000,0.000000,0.000000,0.247450,0.000000,0.099243,0.000000,0.000000,0.000000,0.000000,0.000000,0.000000,0.000000,0.000000,0.000000,0.000000,0.000000,0.374812,0.000000,0.000000,0.000000,0.000000,0.000000,0.000000,0.000000,0.000000,0.000000,0.000000,0.000000,0.000000,0.000000,0.000000,0.000000,0.000000,0.000000,0.000000,0.000000,0.000000,0.000000,0.000000,0.000000,0.000000,0.000000,0.000000,0.000000,0.000000,0.000000,0.000000,0.000000,0.000000,0.000000,0.000000,0.000000,0.000000,0.000000,0.000000,0.000000,0.000000,0.000000,0.000000,0.000000,0.354494,0.000000,0.000000,0.000000,0.000000,0.000000,0.000000,0.000000,0.000000,0.000000,0.000000,0.000000,0.000000,0.000000,0.000000,0.000000,0.000000
0.000000,0.000000,0.306423,0.000000,0.284537,0.000000,0.000000,0.000000,0.253827,0.000000,0.319151,0.000000,0.346287,0.000000,0.000000,0.000000,0.000000,0.000000,0.000000,0.000000,0.000000,0.000000,0.000000,0.000000,0.000000,0.000000,0.270990,0.000000,0.309550,0.000000,0.000000,0.000000,0.000000,0.000000,0.000000,0.000000,0.000000,0.000000,0.142170,0.000000,0.000000,0.000000,0.000000,0.000000,0.000000,0.000000,0.000000,0.000000,0.000000,0.000000,0.000000,0.000000,0.000000,0.000000,0.000000,0.000000,0.000000,0.000000,0.000000,0.000000,0.000000,0.000000,0.000000,0.000000,0.386279,0.000000,0.000000,0.000000,0.000000,0.000000,0.000000,0.000000,0.364568,0.000000,0.000000,0.000000,0.000000,0.000000,0.000000,0.000000,0.000000,0.000000,0.370440,0.000000,0.000000,0.000000,0.000000,0.000000,0.000000,0.000000
0.000000,0.000000,0.000000,0.000000,0.000000,0.229216,0.000000,0.109269,0.000000,0.201743,0.000000,0.117342,0.000000,0.247450,0.000000,0.000000,0.000000,0.000000,0.000000,0.000000,0.000000,0.000000,0.000000,0.000000,0.000000,0.000000,0.000000,0.000000,0.000000,0.325647,0.000000,0.000000,0.000000,0.000000,0.000000,0.000000,0.000000,0.000000,0.000000,0.000000,0.000000,0.000000,0.000000,0.000000,0.000000,0.000000,0.000000,0.000000,0.000000,0.417091,0.000000,0.439788,0.000000,0.000000,0.000000,0.000000,0.000000,0.000000,0.000000,0.390660,0.000000,0.000000,0.000000,0.000000,0.000000,0.371179,0.000000,0.000000,0.000000,0.000000,0.000000,0.000000,0.000000,0.369620,0.000000,0.000000,0.000000,0.000000,0.000000,0.000000,0.000000,0.000000,0.000000,0.399695,0.000000,0.000000,0.000000,0.000000,0.000000,0.000000
0.274854,0.000000,0.384368,0.000000,0.000000,0.000000,0.000000,0.000000,0.000000,0.000000,0.207572,0.000000,0.000000,0.000000,0.000000,0.000000,0.000000,0.000000,0.000000,0.000000,0.000000,0.000000,0.000000,0.000000,0.000000,0.000000,0.000000,0.000000,0.339534,0.000000,0.000000,0.000000,0.000000,0.000000,0.000000,0.000000,0.000000,0.000000,0.000000,0.000000,0.000000,0.000000,0.000000,0.000000,0.000000,0.000000,0.000000,0.000000,0.000000,0.000000,0.000000,0.000000,0.000000,0.000000,0.000000,0.000000,0.212033,0.000000,0.000000,0.000000,0.394908,0.000000,0.280787,0.000000,0.000000,0.000000,0.000000,0.000000,0.000000,0.000000,0.000000,0.000000,0.000000,0.000000,0.000000,0.000000,0.000000,0.000000,0.279594,0.000000,0.344792,0.000000,0.116893,0.000000,0.461396,0.000000,0.000000,0.000000,0.443116,0.000000
0.000000,0.294974,0.000000,0.000000,0.000000,0.000000,0.000000,0.396479,0.000000,0.000000,0.000000,0.283803,0.000000,0.099243,0.000000,0.000000,0.000000,0.000000,0.000000,0.000000,0.000000,0.000000,0.000000,0.000000,0.000000,0.000000,0.000000,0.000000,0.000000,0.381073,0.000000,0.000000,0.000000,0.000000,0.000000,0.000000,0.000000,0.000000,0.000000,0.000000,0.000000,0.000000,0.000000,0.000000,0.000000,0.000000,0.000000,0.000000,0.000000,0.000000,0.000000,0.000000,0.000000,0.000000,0.000000,0.000000,0.000000,0.205904,0.000000,0.000000,0.000000,0.352079,0.000000,0.387802,0.000000,0.000000,0.000000,0.000000,0.000000,0.000000,0.000000,0.000000,0.000000,0.354522,0.000000,0.000000,0.000000,0.000000,0.000000,0.292396,0.000000,0.406902,0.000000,0.142014,0.000000,0.448131,0.000000,0.000000,0.000000,0.471476
0.000000,0.000000,0.265410,0.524556,0.000000,0.000000,0.000000,0.000000,0.000000,0.000000,0.000000,0.000000,0.000000,0.000000,0.000000,0.000000,0.000000,0.000000,0.000000,0.516489,0.000000,0.000000,0.224033,0.000000,0.000000,0.000000,0.000000,0.000000,0.381008,0.000000,0.000000,0.000000,0.331696,0.438444,0.000000,0.000000,0.000000,0.000000,0.000000,0.000000,0.000000,0.000000,0.000000,0.000000,0.000000,0.000000,0.000000,0.000000,0.000000,0.000000,0.000000,0.000000,0.000000,0.000000,0.000000,0.000000,0.000000,0.000000,0.000000,0.000000,0.000000,0.000000,0.000000,0.000000,0.000000,0.000000,0.000000,0.000000,0.304051,0.000000,0.336993,0.000000,0.429690,0.000000,0.446105,0.000000,0.487290,0.000000,0.000000,0.000000,0.000000,0.000000,0.000000,0.000000,0.000000,0.000000,0.000000,0.000000,0.381597,0.000000
0.000000,0.401676,0.000000,0.360908,0.000000,0.000000,0.000000,0.000000,0.000000,0.000000,0.000000,0.000000,0.000000,0.000000,0.000000,0.000000,0.000000,0.000000,0.516489,0.000000,0.000000,0.000000,0.074149,0.326731,0.000000,0.000000,0.000000,0.000000,0.000000,0.000000,0.000000,0.312731,0.520889,0.314792,0.000000,0.000000,0.000000,0.000000,0.000000,0.000000,0.000000,0.000000,0.000000,0.000000,0.000000,0.372923,0.000000,0.000000,0.000000,0.000000,0.000000,0.000000,0.000000,0.000000,0.000000,0.000000,0.000000,0.000000,0.000000,0.000000,0.000000,0.000000,0.000000,0.000000,0.000000,0.000000,0.000000,0.346795,0.097763,0.332515,0.000000,0.000000,0.000000,0.000000,0.000000,0.000000,0.000000,0.000000,0.000000,0.000000,0.000000,0.000000,0.000000,0.000000,0.000000,0.000000,0.000000,0.000000,0.000000,0.000000
0.000000,0.000000,0.000000,0.000000,0.269389,0.000000,0.000000,0.000000,0.000000,0.000000,0.000000,0.000000,0.000000,0.000000,0.000000,0.000000,0.000000,0.000000,0.000000,0.000000,0.000000,0.191465,0.000000,0.000000,0.208921,0.000000,0.270697,0.000000,0.367527,0.000000,0.284852,0.000000,0.000000,0.000000,0.000000,0.000000,0.319948,0.000000,0.000000,0.000000,0.332133,0.000000,0.000000,0.000000,0.000000,0.000000,0.000000,0.000000,0.000000,0.000000,0.000000,0.000000,0.000000,0.000000,0.000000,0.000000,0.000000,0.000000,0.000000,0.000000,0.000000,0.000000,0.000000,0.000000,0.000000,0.000000,0.000000,0.000000,0.000000,0.000000,0.210782,0.000000,0.000000,0.000000,0.000000,0.000000,0.000000,0.000000,0.000000,0.000000,0.000000,0.000000,0.250529,0.000000,0.000000,0.000000,0.000000,0.000000,0.000000,0.000000
0.000000,0.000000,0.000000,0.000000,0.000000,0.445728,0.000000,0.000000,0.000000,0.000000,0.000000,0.000000,0.000000,0.000000,0.000000,0.000000,0.000000,0.000000,0.000000,0.000000,0.191465,0.000000,0.000000,0.000000,0.490780,0.255549,0.000000,0.254045,0.000000,0.000000,0.471060,0.255988,0.000000,0.000000,0.000000,0.000000,0.000000,0.000000,0.284569,0.000000,0.000000,0.000000,0.000000,0.000000,0.000000,0.000000,0.000000,0.000000,0.000000,0.000000,0.000000,0.000000,0.000000,0.000000,0.000000,0.000000,0.000000,0.000000,0.000000,0.000000,0.000000,0.000000,0.000000,0.000000,0.000000,0.000000,0.000000,0.000000,0.000000,0.000000,0.231066,0.215394,0.000000,0.000000,0.000000,0.000000,0.000000,0.000000,0.000000,0.000000,0.000000,0.000000,0.284280,0.000000,0.000000,0.000000,0.000000,0.000000,0.000000,0.000000
0.000000,0.000000,0.335637,0.490139,0.000000,0.000000,0.402823,0.000000,0.000000,0.000000,0.000000,0.000000,0.000000,0.000000,0.000000,0.000000,0.000000,0.000000,0.224033,0.074149,0.000000,0.000000,0.000000,0.372561,0.326686,0.000000,0.000000,0.000000,0.369354,0.000000,0.352877,0.067887,0.358985,0.000000,0.000000,0.000000,0.000000,0.000000,0.000000,0.000000,0.000000,0.000000,0.000000,0.000000,0.000000,0.000000,0.000000,0.000000,0.000000,0.000000,0.000000,0.000000,0.000000,0.000000,0.000000,0.000000,0.000000,0.000000,0.000000,0.000000,0.000000,0.000000,0.000000,0.000000,0.000000,0.000000,0.458273,0.000000,0.000000,0.000000,0.309065,0.000000,0.433036,0.000000,0.000000,0.000000,0.400560,0.000000,0.000000,0.000000,0.000000,0.000000,0.000000,0.000000,0.000000,0.000000,0.000000,0.000000,0.388014,0.000000
0.000000,0.000000,0.574110,0.309727,0.000000,0.000000,0.000000,0.000000,0.000000,0.000000,0.000000,0.000000,0.000000,0.000000,0.000000,0.000000,0.000000,0.000000,0.000000,0.326731,0.000000,0.000000,0.372561,0.000000,0.509300,0.234799,0.000000,0.000000,0.000000,0.000000,0.340821,0.295636,0.000000,0.295940,0.000000,0.000000,0.000000,0.000000,0.000000,0.000000,0.000000,0.000000,0.000000,0.000000,0.000000,0.000000,0.000000,0.000000,0.000000,0.000000,0.000000,0.000000,0.000000,0.000000,0.000000,0.000000,0.000000,0.000000,0.000000,0.000000,0.000000,0.000000,0.000000,0.000000,0.000000,0.000000,0.000000,0.000000,0.000000,0.000000,0.000000,0.000000,0.000000,0.000000,0.000000,0.000000,0.000000,0.000000,0.000000,0.000000,0.000000,0.000000,0.000000,0.000000,0.000000,0.000000,0.000000,0.000000,0.000000,0.000000
0.000000,0.000000,0.000000,0.531697,0.192377,0.511045,0.000000,0.000000,0.000000,0.000000,0.000000,0.000000,0.000000,0.000000,0.000000,0.000000,0.000000,0.000000,0.000000,0.000000,0.208921,0.490780,0.326686,0.509300,0.000000,0.494077,0.238961,0.000000,0.000000,0.000000,0.309247,0.522582,0.000000,0.000000,0.000000,0.000000,0.000000,0.000000,0.000000,0.000000,0.000000,0.000000,0.000000,0.000000,0.000000,0.000000,0.000000,0.000000,0.000000,0.000000,0.000000,0.000000,0.000000,0.000000,0.000000,0.000000,0.000000,0.000000,0.000000,0.000000,0.000000,0.000000,0.000000,0.000000,0.000000,0.000000,0.000000,0.000000,0.000000,0.000000,0.368869,0.000000,0.381826,0.000000,0.391566,0.000000,0.000000,0.000000,0.000000,0.000000,0.000000,0.000000,0.000000,0.000000,0.000000,0.000000,0.000000,0.000000,0.000000,0.000000
0.000000,0.000000,0.000000,0.244073,0.000000,0.239956,0.000000,0.000000,0.000000,0.000000,0.000000,0.000000,0.000000,0.000000,0.000000,0.000000,0.000000,0.000000,0.000000,0.000000,0.000000,0.255549,0.000000,0.234799,0.494077,0.000000,0.482063,0.190803,0.000000,0.000000,0.143656,0.348514,0.000000,0.000000,0.000000,0.000000,0.000000,0.000000,0.000000,0.000000,0.000000,0.000000,0.000000,0.000000,0.000000,0.000000,0.000000,0.000000,0.000000,0.000000,0.000000,0.000000,0.000000,0.000000,0.000000,0.000000,0.000000,0.000000,0.000000,0.000000,0.000000,0.000000,0.000000,0.000000,0.000000,0.000000,0.000000,0.000000,0.000000,0.000000,0.000000,0.227210,0.000000,0.000000,0.000000,0.000000,0.000000,0.000000,0.000000,0.000000,0.000000,0.000000,0.000000,0.000000,0.000000,0.000000,0.000000,0.000000,0.000000,0.000000
0.000000,0.000000,0.000000,0.000000,0.273845,0.490088,0.000000,0.000000,0.000000,0.000000,0.000000,0.000000,0.000000,0.000000,0.270990,0.000000,0.000000,0.000000,0.000000,0.000000,0.270697,0.000000,0.000000,0.000000,0.238961,0.482063,0.000000,0.474682,0.000000,0.000000,0.351208,0.000000,0.000000,0.000000,0.000000,0.000000,0.345178,0.000000,0.000000,0.000000,0.351155,0.000000,0.000000,0.000000,0.000000,0.000000,0.000000,0.000000,0.000000,0.000000,0.000000,0.000000,0.000000,0.000000,0.000000,0.000000,0.000000,0.000000,0.000000,0.000000,0.395028,0.000000,0.000000,0.000000,0.000000,0.000000,0.000000,0.000000,0.000000,0.000000,0.232918,0.000000,0.230732,0.000000,0.000000,0.000000,0.000000,0.000000,0.000000,0.000000,0.000000,0.000000,0.000000,0.000000,0.000000,0.000000,0.000000,0.000000,0.000000,0.000000
0.000000,0.000000,0.000000,0.000000,0.000000,0.197334,0.000000,0.000000,0.000000,0.365783,0.000000,0.000000,0.000000,0.000000,0.000000,0.000000,0.000000,0.000000,0.000000,0.000000,0.000000,0.254045,0.000000,0.000000,0.000000,0.190803,0.474682,0.000000,0.000000,0.000000,0.505331,0.428367,0.000000,0.000000,0.000000,0.000000,0.000000,0.000000,0.000000,0.000000,0.000000,0.000000,0.000000,0.000000,0.000000,0.000000,0.000000,0.000000,0.000000,0.000000,0.000000,0.000000,0.000000,0.000000,0.000000,0.000000,0.000000,0.000000,0.000000,0.000000,0.000000,0.000000,0.000000,0.000000,0.000000,0.000000,0.000000,0.000000,0.000000,0.000000,0.000000,0.250455,0.000000,0.000000,0.000000,0.000000,0.000000,0.000000,0.000000,0.000000,0.000000,0.000000,0.000000,0.000000,0.000000,0.000000,0.000000,0.000000,0.000000,0.000000
0.355189,0.000000,0.368393,0.000000,0.338197,0.000000,0.000000,0.000000,0.305461,0.000000,0.172648,0.000000,0.256032,0.000000,0.309550,0.000000,0.339534,0.000000,0.381008,0.000000,0.367527,0.000000,0.369354,0.000000,0.000000,0.000000,0.000000,0.000000,0.000000,0.000000,0.000000,0.000000,0.000000,0.000000,0.000000,0.000000,0.000000,0.000000,0.000000,0.000000,0.000000,0.000000,0.000000,0.000000,0.000000,0.000000,0.000000,0.000000,0.000000,0.000000,0.000000,0.000000,0.000000,0.000000,0.000000,0.000000,0.000000,0.000000,0.000000,0.000000,0.000000,0.000000,0.000000,0.000000,0.000000,0.000000,0.000000,0.000000,0.000000,0.000000,0.000000,0.000000,0.182103,0.000000,0.000000,0.000000,0.000000,0.000000,0.230389,0.000000,0.346621,0.000000,0.264247,0.000000,0.432422,0.000000,0.000000,0.000000,0.000000,0.000000
0.000000,0.453775,0.000000,0.000000,0.000000,0.354629,0.000000,0.000000,0.000000,0.349360,0.000000,0.438495,0.000000,0.374812,0.000000,0.325647,0.000000,0.381073,0.000000,0.000000,0.000000,0.000000,0.000000,0.000000,0.000000,0.000000,0.000000,0.000000,0.000000,0.000000,0.000000,0.000000,0.000000,0.000000,0.000000,0.000000,0.000000,0.000000,0.000000,0.000000,0.000000,0.000000,0.000000,0.000000,0.000000,0.000000,0.000000,0.000000,0.000000,0.399683,0.000000,0.422618,0.000000,0.000000,0.000000,0.000000,0.000000,0.000000,0.000000,0.000000,0.000000,0.000000,0.000000,0.478074,0.000000,0.354759,0.000000,0.000000,0.000000,0.000000,0.000000,0.000000,0.000000,0.353628,0.000000,0.000000,0.000000,0.000000,0.000000,0.346715,0.000000,0.414428,0.000000,0.338887,0.000000,0.000000,0.000000,0.000000,0.000000,0.000000
0.000000,0.000000,0.000000,0.000000,0.262667,0.000000,0.000000,0.000000,0.000000,0.000000,0.000000,0.000000,0.000000,0.000000,0.000000,0.000000,0.000000,0.000000,0.000000,0.000000,0.284852,0.471060,0.352877,0.340821,0.309247,0.143656,0.351208,0.505331,0.000000,0.000000,0.000000,0.461403,0.310960,0.075004,0.000000,0.000000,0.000000,0.000000,0.000000,0.000000,0.000000,0.000000,0.517348,0.000000,0.000000,0.000000,0.508806,0.000000,0.000000,0.000000,0.000000,0.000000,0.000000,0.000000,0.000000,0.000000,0.000000,0.000000,0.000000,0.000000,0.000000,0.000000,0.000000,0.000000,0.000000,0.000000,0.469709,0.000000,0.000000,0.000000,0.241990,0.000000,0.000000,0.000000,0.000000,0.000000,0.000000,0.000000,0.000000,0.000000,0.000000,0.000000,0.000000,0.000000,0.000000,0.000000,0.000000,0.000000,0.000000,0.000000
0.000000,0.000000,0.000000,0.251658,0.000000,0.497631,0.000000,0.000000,0.000000,0.000000,0.000000,0.000000,0.000000,0.000000,0.000000,0.000000,0.000000,0.000000,0.000000,0.312731,0.000000,0.255988,0.067887,0.295636,0.522582,0.348514,0.000000,0.428367,0.000000,0.000000,0.461403,0.000000,0.000000,0.305349,0.000000,0.000000,0.000000,0.000000,0.000000,0.000000,0.000000,0.000000,0.000000,0.427763,0.000000,0.434056,0.000000,0.000000,0.000000,0.000000,0.000000,0.000000,0.000000,0.000000,0.000000,0.000000,0.000000,0.000000,0.000000,0.000000,0.000000,0.000000,0.000000,0.000000,0.000000,0.000000,0.000000,0.452538,0.000000,0.000000,0.000000,0.215630,0.000000,0.000000,0.000000,0.000000,0.000000,0.000000,0.000000,0.000000,0.000000,0.000000,0.000000,0.000000,0.000000,0.000000,0.000000,0.000000,0.000000,0.000000
0.000000,0.000000,0.000000,0.000000,0.000000,0.000000,0.000000,0.000000,0.000000,0.000000,0.000000,0.000000,0.000000,0.000000,0.000000,0.000000,0.000000,0.000000,0.331696,0.520889,0.000000,0.000000,0.358985,0.000000,0.000000,0.000000,0.000000,0.000000,0.000000,0.000000,0.310960,0.000000,0.000000,0.300490,0.268141,0.000000,0.000000,0.000000,0.000000,0.000000,0.000000,0.000000,0.000000,0.000000,0.000000,0.000000,0.360075,0.000000,0.000000,0.471659,0.000000,0.000000,0.000000,0.000000,0.000000,0.000000,0.000000,0.000000,0.000000,0.000000,0.000000,0.000000,0.000000,0.000000,0.000000,0.000000,0.369875,0.000000,0.359820,0.000000,0.000000,0.000000,0.000000,0.000000,0.000000,0.000000,0.000000,0.000000,0.000000,0.000000,0.000000,0.000000,0.000000,0.000000,0.000000,0.000000,0.000000,0.000000,0.000000,0.000000
0.000000,0.000000,0.000000,0.234541,0.000000,0.000000,0.000000,0.000000,0.000000,0.000000,0.000000,0.000000,0.000000,0.000000,0.000000,0.000000,0.000000,0.000000,0.438444,0.314792,0.000000,0.000000,0.000000,0.295940,0.000000,0.000000,0.000000,0.000000,0.000000,0.000000,0.075004,0.305349,0.300490,0.000000,0.124125,0.343053,0.000000,0.000000,0.000000,0.000000,0.000000,0.000000,0.000000,0.000000,0.000000,0.378618,0.000000,0.000000,0.000000,0.000000,0.000000,0.000000,0.000000,0.000000,0.000000,0.000000,0.000000,0.375099,0.000000,0.000000,0.000000,0.000000,0.000000,0.000000,0.000000,0.000000,0.463395,0.379731,0.000000,0.299521,0.000000,0.000000,0.000000,0.000000,0.000000,0.000000,0.000000,0.000000,0.000000,0.000000,0.000000,0.000000,0.000000,0.000000,0.000000,0.000000,0.000000,0.000000,0.000000,0.000000
0.000000,0.000000,0.000000,0.000000,0.000000,0.000000,0.000000,0.000000,0.000000,0.000000,0.000000,0.000000,0.000000,0.000000,0.000000,0.000000,0.000000,0.000000,0.000000,0.000000,0.000000,0.000000,0.000000,0.000000,0.000000,0.000000,0.000000,0.000000,0.000000,0.000000,0.000000,0.000000,0.268141,0.124125,0.000000,0.349071,0.311321,0.000000,0.000000,0.000000,0.000000,0.000000,0.184197,0.000000,0.000000,0.557538,0.209962,0.000000,0.000000,0.535425,0.000000,0.000000,0.000000,0.000000,0.000000,0.000000,0.000000,0.000000,0.000000,0.000000,0.000000,0.000000,0.000000,0.000000,0.000000,0.000000,0.318884,0.059383,0.000000,0.000000,0.000000,0.000000,0.000000,0.000000,0.000000,0.000000,0.000000,0.000000,0.000000,0.000000,0.000000,0.000000,0.000000,0.000000,0.000000,0.000000,0.000000,0.000000,0.000000,0.000000
0.000000,0.000000,0.000000,0.000000,0.000000,0.000000,0.000000,0.000000,0.000000,0.000000,0.000000,0.000000,0.000000,0.000000,0.000000,0.000000,0.000000,0.000000,0.000000,0.000000,0.000000,0.000000,0.000000,0.000000,0.000000,0.000000,0.000000,0.000000,0.000000,0.000000,0.000000,0.000000,0.000000,0.343053,0.349071,0.000000,0.000000,0.000000,0.000000,0.000000,0.000000,0.000000,0.000000,0.000000,0.000000,0.000000,0.000000,0.000000,0.000000,0.000000,0.000000,0.000000,0.000000,0.000000,0.000000,0.000000,0.000000,0.000000,0.000000,0.000000,0.000000,0.000000,0.000000,0.000000,0.000000,0.000000,0.000000,0.253956,0.000000,0.000000,0.000000,0.000000,0.000000,0.000000,0.000000,0.000000,0.000000,0.000000,0.000000,0.000000,0.000000,0.000000,0.000000,0.000000,0.000000,0.000000,0.000000,0.000000,0.000000,0.000000
0.000000,0.000000,0.000000,0.000000,0.000000,0.000000,0.000000,0.000000,0.000000,0.000000,0.000000,0.000000,0.000000,0.000000,0.000000,0.000000,0.000000,0.000000,0.000000,0.000000,0.319948,0.000000,0.000000,0.000000,0.000000,0.000000,0.345178,0.000000,0.000000,0.000000,0.000000,0.000000,0.000000,0.000000,0.311321,0.000000,0.000000,0.000000,0.184131,0.000000,0.223365,0.000000,0.438631,0.000000,0.000000,0.000000,0.413596,0.000000,0.397188,0.000000,0.315632,0.000000,0.468439,0.000000,0.172998,0.000000,0.000000,0.000000,0.000000,0.000000,0.000000,0.000000,0.000000,0.000000,0.000000,0.000000,0.411692,0.000000,0.557836,0.000000,0.335104,0.000000,0.000000,0.000000,0.000000,0.000000,0.276671,0.000000,0.000000,0.000000,0.000000,0.000000,0.253635,0.000000,0.000000,0.000000,0.291374,0.000000,0.297665,0.000000
0.000000,0.622614,0.000000,0.000000,0.000000,0.000000,0.000000,0.000000,0.000000,0.000000,0.000000,0.000000,0.000000,0.000000,0.000000,0.000000,0.000000,0.000000,0.000000,0.000000,0.000000,0.000000,0.000000,0.000000,0.000000,0.000000,0.000000,0.000000,0.000000,0.000000,0.000000,0.000000,0.000000,0.000000,0.000000,0.000000,0.000000,0.000000,0.000000,0.256122,0.000000,0.244383,0.000000,0.461556,0.000000,0.494711,0.000000,0.496719,0.000000,0.378976,0.000000,0.489630,0.000000,0.495677,0.000000,0.361396,0.000000,0.593287,0.000000,0.000000,0.000000,0.000000,0.000000,0.000000,0.000000,0.000000,0.000000,0.322856,0.000000,0.000000,0.000000,0.000000,0.000000,0.000000,0.000000,0.000000,0.000000,0.000000,0.000000,0.000000,0.000000,0.000000,0.000000,0.337112,0.000000,0.000000,0.000000,0.311226,0.000000,0.000000
0.000000,0.000000,0.000000,0.000000,0.000000,0.000000,0.000000,0.000000,0.000000,0.000000,0.000000,0.000000,0.000000,0.000000,0.142170,0.000000,0.000000,0.000000,0.000000,0.000000,0.000000,0.284569,0.000000,0.000000,0.000000,0.000000,0.000000,0.000000,0.000000,0.000000,0.000000,0.000000,0.000000,0.000000,0.000000,0.000000,0.184131,0.000000,0.000000,0.000000,0.160188,0.000000,0.372542,0.000000,0.354484,0.000000,0.333666,0.000000,0.000000,0.000000,0.377250,0.000000,0.399704,0.000000,0.211772,0.000000,0.000000,0.000000,0.000000,0.000000,0.000000,0.000000,0.000000,0.000000,0.000000,0.000000,0.365510,0.000000,0.000000,0.000000,0.000000,0.000000,0.000000,0.000000,0.000000,0.000000,0.000000,0.000000,0.000000,0.000000,0.000000,0.000000,0.213699,0.000000,0.000000,0.000000,0.243600,0.000000,0.000000,0.000000
0.000000,0.000000,0.000000,0.000000,0.000000,0.000000,0.000000,0.000000,0.000000,0.000000,0.000000,0.000000,0.000000,0.000000,0.000000,0.000000,0.000000,0.000000,0.000000,0.000000,0.000000,0.000000,0.000000,0.000000,0.000000,0.000000,0.000000,0.000000,0.000000,0.000000,0.000000,0.000000,0.000000,0.000000,0.000000,0.000000,0.000000,0.256122,0.000000,0.000000,0.000000,0.203698,0.000000,0.348675,0.000000,0.362457,0.000000,0.296554,0.000000,0.363642,0.000000,0.000000,0.000000,0.000000,0.000000,0.247089,0.000000,0.000000,0.000000,0.000000,0.000000,0.000000,0.000000,0.000000,0.000000,0.000000,0.000000,0.331303,0.000000,0.000000,0.000000,0.000000,0.000000,0.000000,0.000000,0.000000,0.000000,0.000000,0.000000,0.000000,0.000000,0.000000,0.000000,0.269570,0.000000,0.000000,0.000000,0.234384,0.000000,0.000000
0.000000,0.000000,0.000000,0.000000,0.362935,0.000000,0.000000,0.000000,0.000000,0.000000,0.000000,0.000000,0.000000,0.000000,0.000000,0.000000,0.000000,0.000000,0.000000,0.000000,0.332133,0.000000,0.000000,0.000000,0.000000,0.000000,0.351155,0.000000,0.000000,0.000000,0.000000,0.000000,0.000000,0.000000,0.000000,0.000000,0.223365,0.000000,0.160188,0.000000,0.000000,0.000000,0.000000,0.000000,0.000000,0.000000,0.000000,0.000000,0.000000,0.000000,0.423095,0.000000,0.000000,0.000000,0.000000,0.000000,0.000000,0.000000,0.000000,0.000000,0.415476,0.000000,0.000000,0.000000,0.000000,0.000000,0.000000,0.000000,0.000000,0.000000,0.305341,0.000000,0.319825,0.000000,0.264033,0.000000,0.000000,0.000000,0.000000,0.000000,0.000000,0.000000,0.279297,0.000000,0.000000,0.000000,0.340075,0.000000,0.000000,0.000000
0.000000,0.000000,0.000000,0.000000,0.000000,0.000000,0.000000,0.000000,0.000000,0.000000,0.000000,0.000000,0.000000,0.000000,0.000000,0.000000,0.000000,0.000000,0.000000,0.000000,0.000000,0.000000,0.000000,0.000000,0.000000,0.000000,0.000000,0.000000,0.000000,0.000000,0.000000,0.000000,0.000000,0.000000,0.000000,0.000000,0.000000,0.244383,0.000000,0.203698,0.000000,0.000000,0.000000,0.326651,0.000000,0.000000,0.000000,0.000000,0.000000,0.400035,0.000000,0.000000,0.000000,0.000000,0.000000,0.000000,0.000000,0.000000,0.000000,0.000000,0.000000,0.000000,0.000000,0.000000,0.000000,0.000000,0.000000,0.370683,0.000000,0.000000,0.000000,0.000000,0.000000,0.000000,0.000000,0.000000,0.000000,0.000000,0.000000,0.000000,0.000000,0.000000,0.000000,0.267194,0.000000,0.000000,0.000000,0.234847,0.000000,0.000000
0.000000,0.000000,0.000000,0.000000,0.000000,0.000000,0.000000,0.000000,0.000000,0.000000,0.000000,0.000000,0.000000,0.000000,0.000000,0.000000,0.000000,0.000000,0.000000,0.000000,0.000000,0.000000,0.000000,0.000000,0.000000,0.000000,0.000000,0.000000,0.000000,0.000000,0.517348,0.000000,0.000000,0.000000,0.184197,0.000000,0.438631,0.000000,0.372542,0.000000,0.000000,0.000000,0.000000,0.094159,0.275964,0.120590,0.290609,0.000000,0.387300,0.000000,0.438949,0.000000,0.280313,0.000000,0.377273,0.000000,0.000000,0.000000,0.000000,0.000000,0.000000,0.000000,0.000000,0.000000,0.000000,0.000000,0.217852,0.000000,0.000000,0.000000,0.000000,0.000000,0.000000,0.000000,0.000000,0.000000,0.000000,0.000000,0.000000,0.000000,0.000000,0.000000,0.000000,0.000000,0.000000,0.000000,0.000000,0.000000,0.000000,0.000000
0.000000,0.000000,0.000000,0.000000,0.000000,0.000000,0.000000,0.000000,0.000000,0.000000,0.000000,0.000000,0.000000,0.000000,0.000000,0.000000,0.000000,0.000000,0.000000,0.000000,0.000000,0.000000,0.000000,0.000000,0.000000,0.000000,0.000000,0.000000,0.000000,0.000000,0.000000,0.427763,0.000000,0.000000,0.000000,0.000000,0.000000,0.461556,0.000000,0.348675,0.000000,0.326651,0.094159,0.000000,0.084302,0.314763,0.000000,0.287556,0.000000,0.424354,0.000000,0.000000,0.000000,0.319491,0.000000,0.332415,0.000000,0.000000,0.000000,0.000000,0.000000,0.000000,0.000000,0.000000,0.000000,0.000000,0.000000,0.264442,0.000000,0.000000,0.000000,0.000000,0.000000,0.000000,0.000000,0.000000,0.000000,0.000000,0.000000,0.000000,0.000000,0.000000,0.000000,0.428295,0.000000,0.000000,0.000000,0.000000,0.000000,0.000000
0.000000,0.000000,0.000000,0.000000,0.000000,0.000000,0.000000,0.000000,0.000000,0.000000,0.000000,0.000000,0.000000,0.000000,0.000000,0.000000,0.000000,0.000000,0.000000,0.000000,0.000000,0.000000,0.000000,0.000000,0.000000,0.000000,0.000000,0.000000,0.000000,0.000000,0.000000,0.000000,0.000000,0.000000,0.000000,0.000000,0.000000,0.000000,0.354484,0.000000,0.000000,0.000000,0.275964,0.084302,0.000000,0.095408,0.293744,0.000000,0.225374,0.585629,0.000000,0.000000,0.000000,0.000000,0.000000,0.000000,0.000000,0.000000,0.284029,0.000000,0.000000,0.000000,0.000000,0.000000,0.000000,0.000000,0.247643,0.000000,0.000000,0.000000,0.000000,0.000000,0.000000,0.000000,0.000000,0.000000,0.000000,0.000000,0.000000,0.000000,0.000000,0.000000,0.000000,0.000000,0.000000,0.000000,0.000000,0.000000,0.000000,0.000000
0.000000,0.000000,0.000000,0.000000,0.000000,0.000000,0.000000,0.000000,0.000000,0.000000,0.000000,0.000000,0.000000,0.000000,0.000000,0.000000,0.000000,0.000000,0.000000,0.372923,0.000000,0.000000,0.000000,0.000000,0.000000,0.000000,0.000000,0.000000,0.000000,0.000000,0.000000,0.434056,0.000000,0.378618,0.557538,0.000000,0.000000,0.494711,0.000000,0.362457,0.000000,0.000000,0.120590,0.314763,0.095408,0.000000,0.000000,0.344134,0.000000,0.305055,0.000000,0.000000,0.000000,0.000000,0.000000,0.371691,0.000000,0.000000,0.000000,0.328389,0.000000,0.000000,0.000000,0.000000,0.000000,0.000000,0.000000,0.329732,0.000000,0.000000,0.000000,0.000000,0.000000,0.000000,0.000000,0.000000,0.000000,0.000000,0.000000,0.000000,0.000000,0.000000,0.000000,0.342535,0.000000,0.000000,0.000000,0.000000,0.000000,0.000000
0.000000,0.000000,0.000000,0.000000,0.000000,0.000000,0.000000,0.000000,0.000000,0.000000,0.000000,0.000000,0.000000,0.000000,0.000000,0.000000,0.000000,0.000000,0.000000,0.000000,0.000000,0.000000,0.000000,0.000000,0.000000,0.000000,0.000000,0.000000,0.000000,0.000000,0.508806,0.000000,0.360075,0.000000,0.209962,0.000000,0.413596,0.000000,0.333666,0.000000,0.000000,0.000000,0.290609,0.000000,0.293744,0.000000,0.000000,0.082371,0.311421,0.000000,0.327230,0.000000,0.291317,0.000000,0.240776,0.000000,0.000000,0.000000,0.000000,0.000000,0.000000,0.000000,0.000000,0.000000,0.000000,0.000000,0.207960,0.000000,0.000000,0.000000,0.291155,0.000000,0.000000,0.000000,0.000000,0.000000,0.000000,0.000000,0.000000,0.000000,0.000000,0.000000,0.000000,0.000000,0.000000,0.000000,0.000000,0.000000,0.000000,0.000000
0.000000,0.000000,0.000000,0.000000,0.000000,0.000000,0.000000,0.000000,0.000000,0.000000,0.000000,0.000000,0.000000,0.000000,0.000000,0.000000,0.000000,0.000000,0.000000,0.000000,0.000000,0.000000,0.000000,0.000000,0.000000,0.000000,0.000000,0.000000,0.000000,0.000000,0.000000,0.000000,0.000000,0.000000,0.000000,0.000000,0.000000,0.496719,0.000000,0.296554,0.000000,0.000000,0.000000,0.287556,0.000000,0.344134,0.082371,0.000000,0.000000,0.378577,0.000000,0.210768,0.000000,0.187020,0.000000,0.277236,0.000000,0.000000,0.000000,0.000000,0.000000,0.000000,0.000000,0.000000,0.000000,0.000000,0.000000,0.255049,0.000000,0.000000,0.000000,0.000000,0.000000,0.000000,0.000000,0.000000,0.000000,0.000000,0.000000,0.000000,0.000000,0.000000,0.000000,0.429899,0.000000,0.000000,0.000000,0.000000,0.000000,0.000000
0.000000,0.000000,0.000000,0.000000,0.000000,0.000000,0.000000,0.000000,0.000000,0.000000,0.000000,0.000000,0.000000,0.000000,0.000000,0.000000,0.000000,0.000000,0.000000,0.000000,0.000000,0.000000,0.000000,0.000000,0.000000,0.000000,0.000000,0.000000,0.000000,0.000000,0.000000,0.000000,0.000000,0.000000,0.000000,0.000000,0.397188,0.000000,0.000000,0.000000,0.000000,0.000000,0.387300,0.000000,0.225374,0.000000,0.311421,0.000000,0.000000,0.000000,0.225190,0.000000,0.000000,0.000000,0.000000,0.000000,0.000000,0.000000,0.241236,0.000000,0.000000,0.000000,0.000000,0.000000,0.000000,0.000000,0.296685,0.000000,0.000000,0.000000,0.000000,0.000000,0.000000,0.000000,0.000000,0.000000,0.000000,0.000000,0.000000,0.000000,0.000000,0.000000,0.000000,0.000000,0.000000,0.000000,0.000000,0.000000,0.000000,0.000000
