0.000000,0.000000,0.380663,0.398494,0.000000,0.000000,0.440598,0.410540,0.000000,0.000000,0.457758,0.000000,0.465392,0.000000,0.000000,0.000000,0.412920,0.000000,0.388403,0.429170,0.000000,0.000000,0.391648,0.454822,0.000000,0.000000,0.000000,0.000000,0.436544,0.000000,0.000000,0.000000,0.446531,0.432688,0.538578,0.000000,0.000000,0.000000,0.000000,0.000000,0.000000,0.000000,0.566632,0.000000,0.000000,0.000000,0.582893,0.000000,0.000000,0.000000,0.000000,0.000000,0.000000,0.000000,0.000000,0.000000,0.421739,0.000000,0.335781,0.000000,0.423343,0.000000,0.441978,0.000000,0.449454,0.000000,0.000000,0.000000,0.283859,0.000000,0.000000,0.433641,0.000000,0.000000,0.000000,0.000000,0.000000,0.000000,0.000000,0.000000,0.000000,0.000000,0.000000,0.000000,0.000000,0.000000,0.000000,0.000000,0.000000,0.000000
0.000000,0.000000,0.000000,0.266771,0.000000,0.000000,0.000000,0.322728,0.000000,0.000000,0.000000,0.293533,0.000000,0.000000,0.000000,0.000000,0.000000,0.000000,0.376729,0.362339,0.000000,0.000000,0.000000,0.000000,0.000000,0.000000,0.000000,0.000000,0.000000,0.000000,0.000000,0.000000,0.000000,0.369884,0.000000,0.000000,0.000000,0.000000,0.000000,0.000000,0.000000,0.000000,0.000000,0.000000,0.000000,0.000000,0.000000,0.000000,0.000000,0.000000,0.000000,0.000000,0.000000,0.000000,0.000000,0.000000,0.406061,0.321427,0.000000,0.262381,0.400976,0.000000,0.000000,0.000000,0.000000,0.000000,0.000000,0.279785,0.000000,0.547345,0.000000,0.373344,0.000000,0.429248,0.000000,0.000000,0.000000,0.000000,0.000000,0.000000,0.000000,0.000000,0.000000,0.000000,0.000000,0.000000,0.000000,0.000000,0.000000,0.000000
0.380663,0.000000,0.000000,0.000000,0.231614,0.000000,0.384453,0.000000,0.000000,0.000000,0.000000,0.000000,0.000000,0.000000,0.000000,0.000000,0.000000,0.000000,0.404044,0.406891,0.000000,0.000000,0.410890,0.383830,0.000000,0.000000,0.000000,0.000000,0.000000,0.000000,0.347809,0.000000,0.408577,0.372943,0.000000,0.000000,0.000000,0.000000,0.000000,0.000000,0.000000,0.000000,0.000000,0.000000,0.000000,0.000000,0.000000,0.000000,0.000000,0.000000,0.000000,0.000000,0.000000,0.000000,0.000000,0.000000,0.451796,0.000000,0.000000,0.000000,0.460902,0.000000,0.391297,0.000000,0.000000,0.000000,0.000000,0.000000,0.000000,0.000000,0.331818,0.000000,0.000000,0.000000,0.000000,0.000000,0.000000,0.000000,0.000000,0.000000,0.000000,0.000000,0.000000,0.000000,0.000000,0.000000,0.000000,0.000000,0.000000,0.000000
0.398494,0.266771,0.000000,0.000000,0.000000,0.000000,0.000000,0.338880,0.000000,0.000000,0.000000,0.000000,0.000000,0.000000,0.000000,0.000000,0.000000,0.000000,0.459521,0.401705,0.000000,0.000000,0.000000,0.276465,0.000000,0.000000,0.000000,0.000000,0.000000,0.000000,0.000000,0.302256,0.463176,0.324258,0.000000,0.000000,0.000000,0.000000,0.000000,0.000000,0.000000,0.000000,0.000000,0.000000,0.000000,0.000000,0.000000,0.000000,0.000000,0.000000,0.000000,0.000000,0.000000,0.000000,0.000000,0.000000,0.394979,0.270574,0.435122,0.000000,0.424123,0.000000,0.415443,0.000000,0.456073,0.000000,0.447819,0.000000,0.000000,0.379645,0.000000,0.000000,0.000000,0.000000,0.000000,0.000000,0.000000,0.000000,0.000000,0.000000,0.000000,0.000000,0.000000,0.000000,0.000000,0.000000,0.000000,0.000000,0.000000,0.000000
0.000000,0.000000,0.231614,0.000000,0.000000,0.000000,0.000000,0.000000,0.244657,0.000000,0.000000,0.000000,0.000000,0.000000,0.297765,0.000000,0.000000,0.000000,0.000000,0.000000,0.325124,0.312453,0.000000,0.000000,0.257241,0.327899,0.342145,0.378728,0.230387,0.000000,0.289551,0.000000,0.000000,0.000000,0.000000,0.000000,0.000000,0.000000,0.000000,0.000000,0.000000,0.000000,0.000000,0.000000,0.000000,0.000000,0.000000,0.000000,0.000000,0.000000,0.000000,0.000000,0.000000,0.000000,0.000000,0.000000,0.000000,0.000000,0.000000,0.000000,0.000000,0.000000,0.000000,0.000000,0.000000,0.000000,0.000000,0.000000,0.000000,0.000000,0.328658,0.000000,0.000000,0.000000,0.000000,0.000000,0.000000,0.000000,0.000000,0.000000,0.000000,0.000000,0.357559,0.000000,0.000000,0.000000,0.000000,0.000000,0.000000,0.000000
0.000000,0.000000,0.000000,0.000000,0.000000,0.000000,0.000000,0.000000,0.000000,0.256697,0.000000,0.000000,0.000000,0.000000,0.000000,0.310415,0.000000,0.000000,0.000000,0.000000,0.000000,0.000000,0.000000,0.000000,0.000000,0.000000,0.000000,0.389487,0.000000,0.000000,0.000000,0.000000,0.000000,0.000000,0.000000,0.000000,0.000000,0.000000,0.000000,0.000000,0.000000,0.000000,0.000000,0.000000,0.000000,0.000000,0.000000,0.000000,0.000000,0.000000,0.000000,0.000000,0.000000,0.000000,0.000000,0.000000,0.000000,0.000000,0.000000,0.000000,0.000000,0.000000,0.000000,0.000000,0.000000,0.000000,0.000000,0.000000,0.000000,0.000000,0.000000,0.387603,0.000000,0.371138,0.000000,0.000000,0.000000,0.000000,0.000000,0.000000,0.000000,0.000000,0.000000,0.000000,0.000000,0.000000,0.000000,0.000000,0.000000,0.000000
0.440598,0.000000,0.384453,0.000000,0.000000,0.000000,0.000000,0.000000,0.000000,0.000000,0.412978,0.000000,0.408955,0.000000,0.000000,0.000000,0.000000,0.000000,0.369067,0.000000,0.000000,0.000000,0.404078,0.000000,0.000000,0.000000,0.000000,0.000000,0.364529,0.000000,0.351631,0.000000,0.382097,0.000000,0.000000,0.000000,0.000000,0.000000,0.000000,0.000000,0.000000,0.000000,0.000000,0.000000,0.000000,0.000000,0.000000,0.000000,0.000000,0.000000,0.000000,0.000000,0.000000,0.000000,0.000000,0.000000,0.433470,0.000000,0.000000,0.000000,0.000000,0.000000,0.476179,0.000000,0.000000,0.000000,0.000000,0.000000,0.000000,0.000000,0.371215,0.000000,0.374475,0.000000,0.000000,0.000000,0.000000,0.000000,0.000000,0.000000,0.000000,0.000000,0.000000,0.000000,0.000000,0.000000,0.000000,0.000000,0.000000,0.000000
0.410540,0.322728,0.000000,0.338880,0.000000,0.000000,0.000000,0.000000,0.000000,0.000000,0.000000,0.261491,0.000000,0.000000,0.000000,0.368293,0.000000,0.000000,0.436060,0.433088,0.000000,0.000000,0.000000,0.000000,0.000000,0.000000,0.000000,0.000000,0.000000,0.379514,0.000000,0.000000,0.000000,0.359314,0.000000,0.000000,0.000000,0.000000,0.000000,0.000000,0.000000,0.000000,0.000000,0.000000,0.000000,0.000000,0.000000,0.000000,0.000000,0.000000,0.000000,0.000000,0.000000,0.000000,0.000000,0.000000,0.398462,0.000000,0.439619,0.000000,0.427584,0.000000,0.000000,0.000000,0.440381,0.000000,0.463558,0.000000,0.000000,0.000000,0.000000,0.365060,0.000000,0.410506,0.000000,0.000000,0.000000,0.000000,0.000000,0.000000,0.000000,0.000000,0.000000,0.000000,0.000000,0.000000,0.000000,0.000000,0.000000,0.000000
0.000000,0.000000,0.000000,0.000000,0.244657,0.000000,0.000000,0.000000,0.000000,0.000000,0.000000,0.000000,0.000000,0.000000,0.000000,0.000000,0.000000,0.000000,0.000000,0.000000,0.350905,0.000000,0.000000,0.000000,0.277728,0.000000,0.310251,0.000000,0.000000,0.000000,0.282523,0.000000,0.000000,0.000000,0.000000,0.000000,0.000000,0.000000,0.000000,0.000000,0.000000,0.000000,0.000000,0.000000,0.000000,0.000000,0.000000,0.000000,0.000000,0.000000,0.000000,0.000000,0.000000,0.000000,0.000000,0.000000,0.000000,0.000000,0.000000,0.000000,0.000000,0.000000,0.000000,0.000000,0.000000,0.000000,0.000000,0.000000,0.000000,0.000000,0.322088,0.000000,0.000000,0.000000,0.000000,0.000000,0.000000,0.000000,0.000000,0.000000,0.000000,0.000000,0.000000,0.000000,0.000000,0.000000,0.000000,0.000000,0.000000,0.000000
0.000000,0.000000,0.000000,0.000000,0.000000,0.256697,0.000000,0.000000,0.000000,0.000000,0.000000,0.000000,0.000000,0.000000,0.000000,0.274591,0.000000,0.000000,0.000000,0.000000,0.000000,0.000000,0.000000,0.000000,0.000000,0.000000,0.000000,0.000000,0.000000,0.000000,0.000000,0.000000,0.000000,0.000000,0.000000,0.000000,0.000000,0.000000,0.000000,0.000000,0.000000,0.000000,0.000000,0.000000,0.000000,0.000000,0.000000,0.000000,0.000000,0.000000,0.000000,0.000000,0.000000,0.000000,0.000000,0.000000,0.000000,0.000000,0.000000,0.000000,0.000000,0.000000,0.000000,0.000000,0.000000,0.000000,0.000000,0.000000,0.000000,0.000000,0.000000,0.000000,0.000000,0.000000,0.000000,0.000000,0.000000,0.000000,0.000000,0.000000,0.000000,0.000000,0.000000,0.000000,0.000000,0.000000,0.000000,0.000000,0.000000,0.000000
0.457758,0.000000,0.000000,0.000000,0.000000,0.000000,0.412978,0.000000,0.000000,0.000000,0.000000,0.000000,0.383819,0.000000,0.000000,0.000000,0.321079,0.000000,0.000000,0.000000,0.000000,0.000000,0.000000,0.000000,0.000000,0.000000,0.000000,0.000000,0.325744,0.000000,0.407075,0.000000,0.000000,0.394127,0.000000,0.000000,0.000000,0.000000,0.000000,0.000000,0.000000,0.000000,0.000000,0.000000,0.000000,0.000000,0.000000,0.000000,0.000000,0.000000,0.000000,0.000000,0.000000,0.000000,0.000000,0.000000,0.000000,0.000000,0.000000,0.000000,0.000000,0.000000,0.000000,0.000000,0.000000,0.000000,0.000000,0.000000,0.000000,0.000000,0.390684,0.000000,0.402039,0.000000,0.374596,0.000000,0.000000,0.000000,0.000000,0.000000,0.000000,0.000000,0.000000,0.000000,0.000000,0.000000,0.000000,0.000000,0.000000,0.000000
0.000000,0.293533,0.000000,0.000000,0.000000,0.000000,0.000000,0.261491,0.000000,0.000000,0.000000,0.000000,0.000000,0.280952,0.000000,0.000000,0.000000,0.274818,0.000000,0.000000,0.000000,0.000000,0.000000,0.000000,0.000000,0.000000,0.000000,0.000000,0.000000,0.327949,0.000000,0.000000,0.000000,0.000000,0.000000,0.000000,0.000000,0.000000,0.000000,0.000000,0.000000,0.418878,0.000000,0.000000,0.000000,0.000000,0.000000,0.000000,0.000000,0.000000,0.000000,0.000000,0.000000,0.000000,0.000000,0.000000,0.000000,0.000000,0.000000,0.000000,0.000000,0.000000,0.000000,0.000000,0.000000,0.000000,0.000000,0.000000,0.000000,0.000000,0.000000,0.359634,0.000000,0.429368,0.000000,0.000000,0.000000,0.000000,0.000000,0.000000,0.000000,0.000000,0.000000,0.351106,0.000000,0.000000,0.000000,0.000000,0.000000,0.000000
0.465392,0.000000,0.000000,0.000000,0.000000,0.000000,0.408955,0.000000,0.000000,0.000000,0.383819,0.000000,0.000000,0.000000,0.000000,0.000000,0.397669,0.000000,0.000000,0.000000,0.000000,0.000000,0.000000,0.000000,0.000000,0.000000,0.000000,0.000000,0.363977,0.000000,0.000000,0.000000,0.000000,0.349636,0.000000,0.000000,0.000000,0.000000,0.000000,0.000000,0.000000,0.000000,0.000000,0.000000,0.000000,0.000000,0.000000,0.000000,0.000000,0.000000,0.000000,0.000000,0.000000,0.000000,0.000000,0.000000,0.000000,0.000000,0.000000,0.000000,0.000000,0.000000,0.000000,0.000000,0.000000,0.000000,0.000000,0.000000,0.000000,0.000000,0.354973,0.000000,0.397755,0.000000,0.331578,0.000000,0.000000,0.000000,0.000000,0.000000,0.000000,0.000000,0.000000,0.000000,0.000000,0.000000,0.000000,0.000000,0.000000,0.000000
0.000000,0.000000,0.000000,0.000000,0.000000,0.000000,0.000000,0.000000,0.000000,0.000000,0.000000,0.280952,0.000000,0.000000,0.000000,0.345511,0.000000,0.000000,0.000000,0.000000,0.000000,0.000000,0.000000,0.000000,0.000000,0.000000,0.000000,0.000000,0.000000,0.324329,0.000000,0.000000,0.000000,0.000000,0.000000,0.000000,0.000000,0.000000,0.000000,0.000000,0.000000,0.437094,0.000000,0.000000,0.000000,0.000000,0.000000,0.000000,0.000000,0.000000,0.000000,0.000000,0.000000,0.000000,0.000000,0.461694,0.000000,0.000000,0.000000,0.000000,0.000000,0.000000,0.000000,0.000000,0.000000,0.000000,0.000000,0.000000,0.000000,0.000000,0.000000,0.000000,0.000000,0.000000,0.000000,0.000000,0.000000,0.000000,0.000000,0.000000,0.000000,0.000000,0.000000,0.339864,0.000000,0.000000,0.000000,0.000000,0.000000,0.489123
0.000000,0.000000,0.000000,0.000000,0.297765,0.000000,0.000000,0.000000,0.000000,0.000000,0.000000,0.000000,0.000000,0.000000,0.000000,0.000000,0.000000,0.000000,0.000000,0.000000,0.342221,0.297539,0.000000,0.000000,0.329326,0.329058,0.353206,0.362570,0.264980,0.000000,0.000000,0.000000,0.000000,0.326455,0.000000,0.000000,0.000000,0.000000,0.282497,0.000000,0.000000,0.000000,0.000000,0.000000,0.000000,0.000000,0.000000,0.000000,0.000000,0.000000,0.000000,0.000000,0.000000,0.000000,0.000000,0.000000,0.000000,0.000000,0.000000,0.000000,0.000000,0.000000,0.000000,0.000000,0.000000,0.000000,0.000000,0.000000,0.000000,0.000000,0.353978,0.325489,0.366858,0.000000,0.376256,0.000000,0.000000,0.000000,0.000000,0.000000,0.000000,0.000000,0.297565,0.000000,0.000000,0.000000,0.000000,0.000000,0.000000,0.000000
0.000000,0.000000,0.000000,0.000000,0.000000,0.310415,0.000000,0.368293,0.000000,0.274591,0.000000,0.000000,0.000000,0.345511,0.000000,0.000000,0.000000,0.000000,0.000000,0.000000,0.000000,0.256748,0.000000,0.000000,0.000000,0.000000,0.000000,0.000000,0.000000,0.367016,0.000000,0.000000,0.000000,0.000000,0.000000,0.000000,0.000000,0.000000,0.000000,0.239145,0.000000,0.421438,0.000000,0.000000,0.000000,0.000000,0.000000,0.000000,0.000000,0.000000,0.000000,0.000000,0.000000,0.000000,0.000000,0.506078,0.000000,0.000000,0.000000,0.000000,0.000000,0.000000,0.000000,0.000000,0.000000,0.000000,0.000000,0.000000,0.000000,0.000000,0.000000,0.000000,0.000000,0.362940,0.000000,0.000000,0.000000,0.000000,0.000000,0.000000,0.000000,0.000000,0.000000,0.290056,0.000000,0.000000,0.000000,0.000000,0.000000,0.467402
0.412920,0.000000,0.000000,0.000000,0.000000,0.000000,0.000000,0.000000,0.000000,0.000000,0.321079,0.000000,0.397669,0.000000,0.000000,0.000000,0.000000,0.000000,0.000000,0.000000,0.000000,0.000000,0.000000,0.000000,0.000000,0.000000,0.000000,0.000000,0.388565,0.000000,0.420007,0.000000,0.450529,0.410167,0.419895,0.000000,0.440594,0.469370,0.495128,0.000000,0.000000,0.000000,0.000000,0.000000,0.000000,0.518154,0.461346,0.499867,0.000000,0.000000,0.000000,0.000000,0.000000,0.000000,0.000000,0.000000,0.436249,0.000000,0.000000,0.000000,0.000000,0.000000,0.450733,0.000000,0.000000,0.000000,0.410446,0.499761,0.000000,0.000000,0.390776,0.487420,0.416623,0.000000,0.000000,0.000000,0.421236,0.476134,0.322038,0.000000,0.355573,0.000000,0.000000,0.000000,0.447683,0.000000,0.000000,0.000000,0.000000,0.000000
0.000000,0.000000,0.000000,0.000000,0.000000,0.000000,0.000000,0.000000,0.000000,0.000000,0.000000,0.274818,0.000000,0.000000,0.000000,0.000000,0.000000,0.000000,0.000000,0.000000,0.000000,0.000000,0.000000,0.000000,0.000000,0.000000,0.000000,0.000000,0.000000,0.317957,0.000000,0.000000,0.000000,0.000000,0.000000,0.000000,0.000000,0.000000,0.000000,0.000000,0.000000,0.000000,0.000000,0.000000,0.000000,0.000000,0.000000,0.000000,0.000000,0.000000,0.000000,0.000000,0.000000,0.000000,0.000000,0.000000,0.000000,0.000000,0.000000,0.000000,0.000000,0.000000,0.000000,0.000000,0.000000,0.000000,0.000000,0.000000,0.000000,0.000000,0.000000,0.000000,0.000000,0.278353,0.000000,0.000000,0.000000,0.000000,0.000000,0.216181,0.000000,0.272442,0.000000,0.303306,0.000000,0.000000,0.000000,0.000000,0.000000,0.000000
0.388403,0.376729,0.404044,0.459521,0.000000,0.000000,0.369067,0.436060,0.000000,0.000000,0.000000,0.000000,0.000000,0.000000,0.000000,0.000000,0.000000,0.000000,0.000000,0.373336,0.000000,0.000000,0.385167,0.408570,0.000000,0.000000,0.000000,0.000000,0.000000,0.408102,0.000000,0.000000,0.384880,0.396795,0.641117,0.000000,0.621508,0.476053,0.000000,0.431577,0.000000,0.000000,0.574882,0.000000,0.550111,0.000000,0.498798,0.440510,0.635548,0.000000,0.000000,0.000000,0.000000,0.000000,0.000000,0.474972,0.408944,0.000000,0.407057,0.000000,0.428877,0.000000,0.410029,0.000000,0.450763,0.000000,0.435256,0.000000,0.296667,0.000000,0.000000,0.378466,0.000000,0.482373,0.000000,0.000000,0.492840,0.345234,0.000000,0.000000,0.000000,0.000000,0.000000,0.000000,0.000000,0.000000,0.000000,0.000000,0.000000,0.399251
0.429170,0.362339,0.406891,0.401705,0.000000,0.000000,0.000000,0.433088,0.000000,0.000000,0.000000,0.000000,0.000000,0.000000,0.000000,0.000000,0.000000,0.000000,0.373336,0.000000,0.000000,0.000000,0.404111,0.323511,0.000000,0.000000,0.000000,0.000000,0.000000,0.000000,0.000000,0.000000,0.383936,0.375392,0.614610,0.000000,0.620586,0.572480,0.000000,0.566405,0.000000,0.000000,0.659096,0.000000,0.603487,0.569049,0.482427,0.509254,0.613809,0.597075,0.000000,0.000000,0.000000,0.000000,0.000000,0.518752,0.442808,0.349263,0.435211,0.000000,0.434832,0.000000,0.414701,0.000000,0.450087,0.000000,0.545615,0.260283,0.363787,0.459732,0.000000,0.385377,0.000000,0.444099,0.000000,0.000000,0.450612,0.344019,0.000000,0.000000,0.000000,0.000000,0.000000,0.000000,0.000000,0.000000,0.000000,0.000000,0.000000,0.000000
0.000000,0.000000,0.000000,0.000000,0.325124,0.000000,0.000000,0.000000,0.350905,0.000000,0.000000,0.000000,0.000000,0.000000,0.342221,0.000000,0.000000,0.000000,0.000000,0.000000,0.000000,0.385196,0.365173,0.000000,0.288658,0.000000,0.322625,0.000000,0.310704,0.000000,0.358442,0.343532,0.000000,0.361705,0.000000,0.000000,0.278166,0.000000,0.348248,0.000000,0.334800,0.000000,0.000000,0.000000,0.000000,0.000000,0.000000,0.000000,0.000000,0.000000,0.000000,0.000000,0.000000,0.000000,0.000000,0.000000,0.000000,0.000000,0.000000,0.000000,0.000000,0.000000,0.000000,0.000000,0.000000,0.000000,0.000000,0.000000,0.000000,0.000000,0.396282,0.418275,0.401331,0.000000,0.424375,0.000000,0.000000,0.000000,0.000000,0.000000,0.000000,0.000000,0.323936,0.000000,0.000000,0.000000,0.000000,0.000000,0.000000,0.000000
0.000000,0.000000,0.000000,0.000000,0.312453,0.000000,0.000000,0.000000,0.000000,0.000000,0.000000,0.000000,0.000000,0.000000,0.297539,0.256748,0.000000,0.000000,0.000000,0.000000,0.385196,0.000000,0.000000,0.000000,0.289608,0.336146,0.315021,0.328161,0.000000,0.227026,0.292345,0.279385,0.000000,0.000000,0.000000,0.000000,0.268605,0.000000,0.000000,0.352357,0.267709,0.360316,0.000000,0.000000,0.000000,0.000000,0.000000,0.000000,0.000000,0.000000,0.000000,0.000000,0.000000,0.000000,0.000000,0.000000,0.000000,0.000000,0.000000,0.000000,0.000000,0.000000,0.000000,0.000000,0.000000,0.000000,0.000000,0.000000,0.000000,0.000000,0.265427,0.392414,0.000000,0.330748,0.000000,0.000000,0.000000,0.000000,0.000000,0.000000,0.000000,0.000000,0.000000,0.355266,0.000000,0.000000,0.000000,0.000000,0.000000,0.000000
0.391648,0.000000,0.410890,0.000000,0.000000,0.000000,0.404078,0.000000,0.000000,0.000000,0.000000,0.000000,0.000000,0.000000,0.000000,0.000000,0.000000,0.000000,0.385167,0.404111,0.365173,0.000000,0.000000,0.318689,0.000000,0.000000,0.000000,0.000000,0.000000,0.000000,0.393744,0.321303,0.400493,0.315625,0.000000,0.000000,0.475796,0.000000,0.000000,0.000000,0.000000,0.000000,0.000000,0.000000,0.000000,0.000000,0.000000,0.000000,0.000000,0.000000,0.000000,0.000000,0.000000,0.000000,0.000000,0.000000,0.000000,0.000000,0.000000,0.000000,0.000000,0.000000,0.413430,0.000000,0.000000,0.000000,0.000000,0.000000,0.000000,0.000000,0.397331,0.398484,0.000000,0.000000,0.000000,0.000000,0.000000,0.000000,0.000000,0.000000,0.000000,0.000000,0.000000,0.000000,0.000000,0.000000,0.000000,0.000000,0.000000,0.000000
0.454822,0.000000,0.383830,0.276465,0.000000,0.000000,0.000000,0.000000,0.000000,0.000000,0.000000,0.000000,0.000000,0.000000,0.000000,0.000000,0.000000,0.000000,0.408570,0.323511,0.000000,0.000000,0.318689,0.000000,0.000000,0.000000,0.000000,0.000000,0.000000,0.000000,0.296383,0.325012,0.355466,0.274795,0.000000,0.000000,0.000000,0.000000,0.000000,0.000000,0.000000,0.000000,0.000000,0.000000,0.000000,0.000000,0.495174,0.000000,0.000000,0.000000,0.000000,0.000000,0.000000,0.000000,0.000000,0.000000,0.464438,0.000000,0.410614,0.000000,0.414592,0.000000,0.435724,0.000000,0.000000,0.000000,0.000000,0.000000,0.000000,0.000000,0.000000,0.406951,0.000000,0.000000,0.000000,0.000000,0.000000,0.000000,0.000000,0.000000,0.000000,0.000000,0.000000,0.000000,0.000000,0.000000,0.000000,0.000000,0.000000,0.000000
0.000000,0.000000,0.000000,0.000000,0.257241,0.000000,0.000000,0.000000,0.277728,0.000000,0.000000,0.000000,0.000000,0.000000,0.329326,0.000000,0.000000,0.000000,0.000000,0.000000,0.288658,0.289608,0.000000,0.000000,0.000000,0.305034,0.289779,0.000000,0.000000,0.000000,0.257792,0.303078,0.000000,0.000000,0.000000,0.000000,0.000000,0.000000,0.000000,0.000000,0.000000,0.000000,0.000000,0.000000,0.000000,0.000000,0.000000,0.000000,0.000000,0.000000,0.000000,0.000000,0.000000,0.000000,0.000000,0.000000,0.000000,0.000000,0.000000,0.000000,0.000000,0.000000,0.000000,0.000000,0.000000,0.000000,0.000000,0.000000,0.000000,0.000000,0.000000,0.000000,0.000000,0.000000,0.000000,0.000000,0.000000,0.000000,0.000000,0.000000,0.000000,0.000000,0.000000,0.000000,0.000000,0.000000,0.000000,0.000000,0.000000,0.000000
0.000000,0.000000,0.000000,0.000000,0.327899,0.000000,0.000000,0.000000,0.000000,0.000000,0.000000,0.000000,0.000000,0.000000,0.329058,0.000000,0.000000,0.000000,0.000000,0.000000,0.000000,0.336146,0.000000,0.000000,0.305034,0.000000,0.299538,0.345577,0.000000,0.000000,0.222414,0.276994,0.000000,0.000000,0.000000,0.000000,0.000000,0.000000,0.000000,0.000000,0.000000,0.000000,0.000000,0.000000,0.000000,0.000000,0.000000,0.000000,0.000000,0.000000,0.000000,0.000000,0.000000,0.000000,0.000000,0.000000,0.000000,0.000000,0.000000,0.000000,0.000000,0.000000,0.000000,0.000000,0.000000,0.000000,0.000000,0.000000,0.000000,0.000000,0.000000,0.000000,0.000000,0.000000,0.000000,0.000000,0.000000,0.000000,0.000000,0.000000,0.000000,0.000000,0.000000,0.000000,0.000000,0.000000,0.000000,0.000000,0.000000,0.000000
0.000000,0.000000,0.000000,0.000000,0.342145,0.000000,0.000000,0.000000,0.310251,0.000000,0.000000,0.000000,0.000000,0.000000,0.353206,0.000000,0.000000,0.000000,0.000000,0.000000,0.322625,0.315021,0.000000,0.000000,0.289779,0.299538,0.000000,0.383738,0.283986,0.000000,0.000000,0.316570,0.000000,0.000000,0.000000,0.000000,0.000000,0.000000,0.000000,0.000000,0.000000,0.000000,0.000000,0.000000,0.000000,0.000000,0.000000,0.000000,0.000000,0.000000,0.000000,0.000000,0.000000,0.000000,0.000000,0.000000,0.000000,0.000000,0.000000,0.000000,0.000000,0.000000,0.000000,0.000000,0.000000,0.000000,0.000000,0.000000,0.000000,0.000000,0.312038,0.395117,0.000000,0.000000,0.000000,0.000000,0.000000,0.000000,0.000000,0.000000,0.000000,0.000000,0.366755,0.000000,0.000000,0.000000,0.000000,0.000000,0.000000,0.000000
0.000000,0.000000,0.000000,0.000000,0.378728,0.389487,0.000000,0.000000,0.000000,0.000000,0.000000,0.000000,0.000000,0.000000,0.362570,0.000000,0.000000,0.000000,0.000000,0.000000,0.000000,0.328161,0.000000,0.000000,0.000000,0.345577,0.383738,0.000000,0.000000,0.000000,0.000000,0.327857,0.000000,0.000000,0.000000,0.000000,0.000000,0.000000,0.000000,0.000000,0.000000,0.000000,0.000000,0.000000,0.000000,0.000000,0.000000,0.000000,0.000000,0.000000,0.000000,0.000000,0.000000,0.000000,0.000000,0.000000,0.000000,0.000000,0.000000,0.000000,0.000000,0.000000,0.000000,0.000000,0.000000,0.000000,0.000000,0.000000,0.000000,0.000000,0.000000,0.380976,0.000000,0.317772,0.000000,0.000000,0.000000,0.000000,0.000000,0.000000,0.000000,0.000000,0.000000,0.000000,0.000000,0.000000,0.000000,0.000000,0.000000,0.000000
0.436544,0.000000,0.000000,0.000000,0.230387,0.000000,0.364529,0.000000,0.000000,0.000000,0.325744,0.000000,0.363977,0.000000,0.264980,0.000000,0.388565,0.000000,0.000000,0.000000,0.310704,0.000000,0.000000,0.000000,0.000000,0.000000,0.283986,0.000000,0.000000,0.000000,0.394611,0.000000,0.000000,0.363813,0.427398,0.000000,0.476364,0.449648,0.576382,0.000000,0.000000,0.000000,0.000000,0.000000,0.000000,0.523016,0.472905,0.470458,0.000000,0.000000,0.000000,0.000000,0.000000,0.000000,0.000000,0.000000,0.466099,0.000000,0.000000,0.000000,0.000000,0.000000,0.407263,0.000000,0.000000,0.499611,0.000000,0.522743,0.000000,0.000000,0.372733,0.327877,0.366738,0.000000,0.384661,0.000000,0.000000,0.486125,0.325541,0.000000,0.361582,0.000000,0.214832,0.000000,0.460721,0.000000,0.000000,0.000000,0.000000,0.000000
0.000000,0.000000,0.000000,0.000000,0.000000,0.000000,0.000000,0.379514,0.000000,0.000000,0.000000,0.327949,0.000000,0.324329,0.000000,0.367016,0.000000,0.317957,0.408102,0.000000,0.000000,0.227026,0.000000,0.000000,0.000000,0.000000,0.000000,0.000000,0.000000,0.000000,0.000000,0.000000,0.000000,0.405470,0.000000,0.000000,0.000000,0.000000,0.000000,0.467511,0.000000,0.404026,0.000000,0.000000,0.000000,0.000000,0.482411,0.000000,0.000000,0.000000,0.000000,0.000000,0.000000,0.000000,0.000000,0.536908,0.000000,0.000000,0.440087,0.000000,0.417068,0.000000,0.000000,0.000000,0.000000,0.000000,0.461947,0.000000,0.000000,0.000000,0.000000,0.343240,0.000000,0.324589,0.000000,0.334003,0.000000,0.000000,0.000000,0.000000,0.000000,0.268478,0.000000,0.315458,0.000000,0.420519,0.000000,0.000000,0.000000,0.559406
0.000000,0.000000,0.347809,0.000000,0.289551,0.000000,0.351631,0.000000,0.282523,0.000000,0.407075,0.000000,0.000000,0.000000,0.000000,0.000000,0.420007,0.000000,0.000000,0.000000,0.358442,0.292345,0.393744,0.296383,0.257792,0.222414,0.000000,0.000000,0.394611,0.000000,0.000000,0.350708,0.352333,0.343624,0.000000,0.000000,0.000000,0.000000,0.000000,0.000000,0.382740,0.000000,0.000000,0.000000,0.000000,0.000000,0.000000,0.000000,0.000000,0.000000,0.000000,0.000000,0.000000,0.000000,0.000000,0.000000,0.384751,0.000000,0.000000,0.000000,0.000000,0.000000,0.000000,0.000000,0.000000,0.000000,0.000000,0.000000,0.000000,0.000000,0.372685,0.302450,0.367370,0.000000,0.000000,0.000000,0.000000,0.000000,0.388911,0.000000,0.398993,0.000000,0.352284,0.000000,0.000000,0.000000,0.000000,0.000000,0.000000,0.000000
0.000000,0.000000,0.000000,0.302256,0.000000,0.000000,0.000000,0.000000,0.000000,0.000000,0.000000,0.000000,0.000000,0.000000,0.000000,0.000000,0.000000,0.000000,0.000000,0.000000,0.343532,0.279385,0.321303,0.325012,0.303078,0.276994,0.316570,0.327857,0.000000,0.000000,0.350708,0.000000,0.000000,0.354850,0.000000,0.000000,0.000000,0.000000,0.000000,0.000000,0.000000,0.000000,0.000000,0.000000,0.000000,0.000000,0.000000,0.000000,0.000000,0.000000,0.000000,0.000000,0.000000,0.000000,0.000000,0.000000,0.000000,0.000000,0.000000,0.000000,0.000000,0.000000,0.000000,0.000000,0.000000,0.000000,0.000000,0.000000,0.000000,0.000000,0.321006,0.323052,0.000000,0.000000,0.000000,0.000000,0.000000,0.000000,0.000000,0.000000,0.000000,0.000000,0.350631,0.000000,0.000000,0.000000,0.000000,0.000000,0.000000,0.000000
0.446531,0.000000,0.408577,0.463176,0.000000,0.000000,0.382097,0.000000,0.000000,0.000000,0.000000,0.000000,0.000000,0.000000,0.000000,0.000000,0.450529,0.000000,0.384880,0.383936,0.000000,0.000000,0.400493,0.355466,0.000000,0.000000,0.000000,0.000000,0.000000,0.000000,0.352333,0.000000,0.000000,0.343779,0.598616,0.000000,0.649923,0.000000,0.578170,0.481329,0.000000,0.000000,0.496272,0.609526,0.518076,0.578290,0.493674,0.563500,0.603477,0.517129,0.628466,0.000000,0.000000,0.000000,0.552513,0.379945,0.473459,0.000000,0.000000,0.000000,0.394987,0.000000,0.384250,0.000000,0.457540,0.000000,0.549690,0.541058,0.317580,0.259773,0.373098,0.355892,0.000000,0.000000,0.000000,0.000000,0.516736,0.425940,0.418901,0.000000,0.405942,0.000000,0.000000,0.000000,0.617991,0.000000,0.000000,0.000000,0.000000,0.000000
0.432688,0.369884,0.372943,0.324258,0.000000,0.000000,0.000000,0.359314,0.000000,0.000000,0.394127,0.000000,0.349636,0.000000,0.326455,0.000000,0.410167,0.000000,0.396795,0.375392,0.361705,0.000000,0.315625,0.274795,0.000000,0.000000,0.000000,0.000000,0.363813,0.405470,0.343624,0.354850,0.343779,0.000000,0.293101,0.309487,0.617523,0.550501,0.463946,0.577503,0.000000,0.000000,0.000000,0.541771,0.000000,0.557389,0.556299,0.529332,0.000000,0.519476,0.000000,0.000000,0.000000,0.000000,0.563876,0.399494,0.465158,0.368205,0.000000,0.482186,0.441699,0.000000,0.416570,0.000000,0.459078,0.391270,0.562726,0.500219,0.515701,0.386821,0.345937,0.359026,0.446041,0.000000,0.337854,0.000000,0.504812,0.535023,0.000000,0.000000,0.474052,0.000000,0.360547,0.000000,0.503245,0.000000,0.000000,0.000000,0.000000,0.410018
0.538578,0.000000,0.000000,0.000000,0.000000,0.000000,0.000000,0.000000,0.000000,0.000000,0.000000,0.000000,0.000000,0.000000,0.000000,0.000000,0.419895,0.000000,0.641117,0.614610,0.000000,0.000000,0.000000,0.000000,0.000000,0.000000,0.000000,0.000000,0.427398,0.000000,0.000000,0.000000,0.598616,0.293101,0.000000,0.000000,0.404877,0.000000,0.000000,0.000000,0.000000,0.000000,0.529405,0.000000,0.000000,0.000000,0.584757,0.000000,0.000000,0.000000,0.000000,0.000000,0.000000,0.000000,0.000000,0.539726,0.634932,0.000000,0.000000,0.000000,0.597002,0.000000,0.411922,0.000000,0.554790,0.000000,0.359164,0.322947,0.000000,0.000000,0.000000,0.000000,0.000000,0.000000,0.000000,0.000000,0.000000,0.000000,0.415822,0.000000,0.426090,0.000000,0.000000,0.000000,0.000000,0.000000,0.000000,0.000000,0.000000,0.000000
0.000000,0.000000,0.000000,0.000000,0.000000,0.000000,0.000000,0.000000,0.000000,0.000000,0.000000,0.000000,0.000000,0.000000,0.000000,0.000000,0.000000,0.000000,0.000000,0.000000,0.000000,0.000000,0.000000,0.000000,0.000000,0.000000,0.000000,0.000000,0.000000,0.000000,0.000000,0.000000,0.000000,0.309487,0.000000,0.000000,0.000000,0.385270,0.000000,0.000000,0.000000,0.000000,0.000000,0.327169,0.000000,0.493283,0.000000,0.367271,0.000000,0.000000,0.000000,0.325521,0.000000,0.000000,0.000000,0.000000,0.000000,0.000000,0.000000,0.000000,0.000000,0.000000,0.000000,0.000000,0.000000,0.349765,0.000000,0.368871,0.000000,0.000000,0.000000,0.000000,0.000000,0.000000,0.000000,0.000000,0.000000,0.000000,0.000000,0.000000,0.000000,0.000000,0.000000,0.000000,0.000000,0.000000,0.000000,0.000000,0.000000,0.000000
0.000000,0.000000,0.000000,0.000000,0.000000,0.000000,0.000000,0.000000,0.000000,0.000000,0.000000,0.000000,0.000000,0.000000,0.000000,0.000000,0.440594,0.000000,0.621508,0.620586,0.278166,0.268605,0.475796,0.000000,0.000000,0.000000,0.000000,0.000000,0.476364,0.000000,0.000000,0.000000,0.649923,0.617523,0.404877,0.000000,0.000000,0.000000,0.346587,0.469207,0.260403,0.445680,0.452745,0.000000,0.000000,0.000000,0.539030,0.491851,0.000000,0.000000,0.527872,0.000000,0.000000,0.000000,0.286478,0.417342,0.000000,0.000000,0.000000,0.000000,0.545072,0.000000,0.488062,0.000000,0.000000,0.000000,0.411243,0.000000,0.000000,0.000000,0.000000,0.517327,0.512174,0.000000,0.000000,0.000000,0.768588,0.501586,0.466692,0.000000,0.440434,0.000000,0.000000,0.000000,0.452455,0.000000,0.000000,0.442015,0.000000,0.000000
0.000000,0.000000,0.000000,0.000000,0.000000,0.000000,0.000000,0.000000,0.000000,0.000000,0.000000,0.000000,0.000000,0.000000,0.000000,0.000000,0.469370,0.000000,0.476053,0.572480,0.000000,0.000000,0.000000,0.000000,0.000000,0.000000,0.000000,0.000000,0.449648,0.000000,0.000000,0.000000,0.000000,0.550501,0.000000,0.385270,0.000000,0.000000,0.543671,0.372211,0.000000,0.318128,0.490642,0.513385,0.479931,0.539506,0.507040,0.483559,0.000000,0.590015,0.461389,0.000000,0.000000,0.000000,0.583382,0.407773,0.474061,0.000000,0.000000,0.000000,0.000000,0.000000,0.000000,0.000000,0.000000,0.436246,0.477277,0.566989,0.000000,0.458828,0.000000,0.577008,0.458899,0.466958,0.000000,0.000000,0.000000,0.366733,0.000000,0.000000,0.457235,0.310426,0.000000,0.000000,0.529668,0.393636,0.000000,0.000000,0.499104,0.399451
0.000000,0.000000,0.000000,0.000000,0.000000,0.000000,0.000000,0.000000,0.000000,0.000000,0.000000,0.000000,0.000000,0.000000,0.282497,0.000000,0.495128,0.000000,0.000000,0.000000,0.348248,0.000000,0.000000,0.000000,0.000000,0.000000,0.000000,0.000000,0.576382,0.000000,0.000000,0.000000,0.578170,0.463946,0.000000,0.000000,0.346587,0.543671,0.000000,0.000000,0.293491,0.000000,0.000000,0.000000,0.000000,0.533070,0.338928,0.499487,0.000000,0.563456,0.000000,0.000000,0.000000,0.000000,0.363053,0.000000,0.495247,0.000000,0.000000,0.000000,0.000000,0.000000,0.000000,0.000000,0.000000,0.507427,0.000000,0.548195,0.539520,0.538973,0.524264,0.000000,0.529909,0.000000,0.000000,0.000000,0.367482,0.501356,0.552955,0.000000,0.539194,0.000000,0.309188,0.000000,0.398733,0.000000,0.316110,0.000000,0.330625,0.000000
0.000000,0.000000,0.000000,0.000000,0.000000,0.000000,0.000000,0.000000,0.000000,0.000000,0.000000,0.000000,0.000000,0.000000,0.000000,0.239145,0.000000,0.000000,0.431577,0.566405,0.000000,0.352357,0.000000,0.000000,0.000000,0.000000,0.000000,0.000000,0.000000,0.467511,0.000000,0.000000,0.481329,0.577503,0.000000,0.000000,0.469207,0.372211,0.000000,0.000000,0.000000,0.421753,0.465503,0.522161,0.474431,0.000000,0.484226,0.338876,0.000000,0.000000,0.447463,0.000000,0.000000,0.000000,0.000000,0.349057,0.000000,0.000000,0.000000,0.000000,0.000000,0.000000,0.000000,0.000000,0.000000,0.423296,0.495374,0.563346,0.000000,0.000000,0.000000,0.532804,0.000000,0.526298,0.000000,0.000000,0.000000,0.408811,0.000000,0.000000,0.484983,0.000000,0.000000,0.440316,0.471693,0.000000,0.000000,0.347392,0.514266,0.316342
0.000000,0.000000,0.000000,0.000000,0.000000,0.000000,0.000000,0.000000,0.000000,0.000000,0.000000,0.000000,0.000000,0.000000,0.000000,0.000000,0.000000,0.000000,0.000000,0.000000,0.334800,0.267709,0.000000,0.000000,0.000000,0.000000,0.000000,0.000000,0.000000,0.000000,0.382740,0.000000,0.000000,0.000000,0.000000,0.000000,0.260403,0.000000,0.293491,0.000000,0.000000,0.000000,0.000000,0.000000,0.000000,0.470023,0.000000,0.443991,0.000000,0.000000,0.000000,0.000000,0.000000,0.000000,0.000000,0.000000,0.000000,0.000000,0.000000,0.000000,0.000000,0.000000,0.000000,0.000000,0.000000,0.444036,0.000000,0.480961,0.000000,0.000000,0.393391,0.000000,0.000000,0.000000,0.348900,0.000000,0.000000,0.000000,0.000000,0.000000,0.000000,0.000000,0.300439,0.000000,0.000000,0.000000,0.000000,0.000000,0.000000,0.000000
0.000000,0.000000,0.000000,0.000000,0.000000,0.000000,0.000000,0.000000,0.000000,0.000000,0.000000,0.418878,0.000000,0.437094,0.000000,0.421438,0.000000,0.000000,0.000000,0.000000,0.000000,0.360316,0.000000,0.000000,0.000000,0.000000,0.000000,0.000000,0.000000,0.404026,0.000000,0.000000,0.000000,0.000000,0.000000,0.000000,0.445680,0.318128,0.000000,0.421753,0.000000,0.000000,0.000000,0.000000,0.000000,0.000000,0.000000,0.000000,0.000000,0.000000,0.000000,0.000000,0.000000,0.000000,0.000000,0.368325,0.000000,0.000000,0.000000,0.000000,0.000000,0.000000,0.000000,0.000000,0.000000,0.000000,0.000000,0.000000,0.000000,0.000000,0.000000,0.505082,0.000000,0.421713,0.000000,0.000000,0.000000,0.000000,0.000000,0.000000,0.000000,0.000000,0.000000,0.419917,0.000000,0.342864,0.000000,0.361476,0.000000,0.339264
0.566632,0.000000,0.000000,0.000000,0.000000,0.000000,0.000000,0.000000,0.000000,0.000000,0.000000,0.000000,0.000000,0.000000,0.000000,0.000000,0.000000,0.000000,0.574882,0.659096,0.000000,0.000000,0.000000,0.000000,0.000000,0.000000,0.000000,0.000000,0.000000,0.000000,0.000000,0.000000,0.496272,0.000000,0.529405,0.000000,0.452745,0.490642,0.000000,0.465503,0.000000,0.000000,0.000000,0.301615,0.333657,0.000000,0.363806,0.375787,0.368916,0.000000,0.423697,0.000000,0.349722,0.336750,0.000000,0.465055,0.645572,0.000000,0.609344,0.000000,0.611267,0.000000,0.000000,0.000000,0.000000,0.000000,0.405812,0.468183,0.000000,0.000000,0.000000,0.000000,0.000000,0.000000,0.000000,0.000000,0.000000,0.000000,0.000000,0.000000,0.000000,0.000000,0.000000,0.000000,0.423149,0.000000,0.000000,0.000000,0.401566,0.453329
0.000000,0.000000,0.000000,0.000000,0.000000,0.000000,0.000000,0.000000,0.000000,0.000000,0.000000,0.000000,0.000000,0.000000,0.000000,0.000000,0.000000,0.000000,0.000000,0.000000,0.000000,0.000000,0.000000,0.000000,0.000000,0.000000,0.000000,0.000000,0.000000,0.000000,0.000000,0.000000,0.609526,0.541771,0.000000,0.327169,0.000000,0.513385,0.000000,0.522161,0.000000,0.000000,0.301615,0.000000,0.336973,0.339258,0.496746,0.498823,0.408920,0.560433,0.422826,0.000000,0.000000,0.380435,0.522322,0.446425,0.500880,0.000000,0.000000,0.000000,0.000000,0.000000,0.000000,0.000000,0.000000,0.000000,0.264501,0.541157,0.000000,0.000000,0.000000,0.543307,0.000000,0.000000,0.000000,0.000000,0.000000,0.486146,0.000000,0.000000,0.541940,0.000000,0.000000,0.000000,0.531227,0.000000,0.000000,0.000000,0.557490,0.338603
0.000000,0.000000,0.000000,0.000000,0.000000,0.000000,0.000000,0.000000,0.000000,0.000000,0.000000,0.000000,0.000000,0.000000,0.000000,0.000000,0.000000,0.000000,0.550111,0.603487,0.000000,0.000000,0.000000,0.000000,0.000000,0.000000,0.000000,0.000000,0.000000,0.000000,0.000000,0.000000,0.518076,0.000000,0.000000,0.000000,0.000000,0.479931,0.000000,0.474431,0.000000,0.000000,0.333657,0.336973,0.000000,0.287133,0.387020,0.434611,0.340927,0.000000,0.439402,0.000000,0.000000,0.408210,0.000000,0.423644,0.000000,0.000000,0.555417,0.000000,0.587524,0.000000,0.000000,0.000000,0.000000,0.000000,0.360034,0.277031,0.000000,0.000000,0.000000,0.000000,0.000000,0.000000,0.000000,0.000000,0.000000,0.000000,0.000000,0.000000,0.000000,0.000000,0.000000,0.000000,0.000000,0.000000,0.000000,0.000000,0.000000,0.000000
0.000000,0.000000,0.000000,0.000000,0.000000,0.000000,0.000000,0.000000,0.000000,0.000000,0.000000,0.000000,0.000000,0.000000,0.000000,0.000000,0.518154,0.000000,0.000000,0.569049,0.000000,0.000000,0.000000,0.000000,0.000000,0.000000,0.000000,0.000000,0.523016,0.000000,0.000000,0.000000,0.578290,0.557389,0.000000,0.493283,0.000000,0.539506,0.533070,0.000000,0.470023,0.000000,0.000000,0.339258,0.287133,0.000000,0.528787,0.549107,0.000000,0.358409,0.000000,0.329010,0.000000,0.000000,0.508929,0.000000,0.519334,0.000000,0.000000,0.516181,0.000000,0.000000,0.000000,0.000000,0.000000,0.447180,0.376819,0.511642,0.000000,0.598444,0.519888,0.508464,0.535246,0.000000,0.000000,0.000000,0.000000,0.538893,0.514845,0.000000,0.523752,0.000000,0.453031,0.000000,0.527005,0.000000,0.000000,0.000000,0.521013,0.000000
0.582893,0.000000,0.000000,0.000000,0.000000,0.000000,0.000000,0.000000,0.000000,0.000000,0.000000,0.000000,0.000000,0.000000,0.000000,0.000000,0.461346,0.000000,0.498798,0.482427,0.000000,0.000000,0.000000,0.495174,0.000000,0.000000,0.000000,0.000000,0.472905,0.482411,0.000000,0.000000,0.493674,0.556299,0.584757,0.000000,0.539030,0.507040,0.338928,0.484226,0.000000,0.000000,0.363806,0.496746,0.387020,0.528787,0.000000,0.446187,0.452969,0.561662,0.417796,0.000000,0.370027,0.000000,0.320301,0.469160,0.000000,0.000000,0.000000,0.000000,0.000000,0.000000,0.458818,0.000000,0.000000,0.000000,0.400684,0.531070,0.000000,0.000000,0.000000,0.545530,0.000000,0.499270,0.000000,0.000000,0.363506,0.423764,0.000000,0.000000,0.466900,0.000000,0.000000,0.000000,0.435765,0.000000,0.000000,0.000000,0.417498,0.522747
0.000000,0.000000,0.000000,0.000000,0.000000,0.000000,0.000000,0.000000,0.000000,0.000000,0.000000,0.000000,0.000000,0.000000,0.000000,0.000000,0.499867,0.000000,0.440510,0.509254,0.000000,0.000000,0.000000,0.000000,0.000000,0.000000,0.000000,0.000000,0.470458,0.000000,0.000000,0.000000,0.563500,0.529332,0.000000,0.367271,0.491851,0.483559,0.499487,0.338876,0.443991,0.000000,0.375787,0.498823,0.434611,0.549107,0.446187,0.000000,0.434467,0.596786,0.437366,0.000000,0.000000,0.386837,0.506186,0.392018,0.000000,0.000000,0.000000,0.000000,0.000000,0.000000,0.000000,0.000000,0.000000,0.518492,0.499832,0.477951,0.000000,0.000000,0.460443,0.534387,0.541076,0.380004,0.000000,0.000000,0.605112,0.446901,0.565450,0.000000,0.503701,0.000000,0.000000,0.000000,0.493256,0.455644,0.000000,0.000000,0.501055,0.351571
0.000000,0.000000,0.000000,0.000000,0.000000,0.000000,0.000000,0.000000,0.000000,0.000000,0.000000,0.000000,0.000000,0.000000,0.000000,0.000000,0.000000,0.000000,0.635548,0.613809,0.000000,0.000000,0.000000,0.000000,0.000000,0.000000,0.000000,0.000000,0.000000,0.000000,0.000000,0.000000,0.603477,0.000000,0.000000,0.000000,0.000000,0.000000,0.000000,0.000000,0.000000,0.000000,0.368916,0.408920,0.340927,0.000000,0.452969,0.434467,0.000000,0.000000,0.361249,0.000000,0.000000,0.392986,0.000000,0.000000,0.628700,0.000000,0.584377,0.000000,0.634211,0.000000,0.000000,0.000000,0.632329,0.000000,0.417606,0.000000,0.000000,0.000000,0.000000,0.000000,0.000000,0.000000,0.000000,0.000000,0.000000,0.000000,0.000000,0.000000,0.000000,0.000000,0.000000,0.000000,0.000000,0.000000,0.000000,0.000000,0.000000,0.000000
