0.000000,0.000000,0.341273,0.000000,0.000000,0.000000,0.374162,0.000000,0.000000,0.000000,0.390426,0.000000,0.378196,0.000000,0.000000,0.000000,0.000000,0.000000,0.000000,0.000000,0.000000,0.000000,0.000000,0.000000,0.000000,0.000000,0.000000,0.000000,0.000000,0.000000,0.000000,0.000000,0.000000,0.000000,0.000000,0.000000,0.000000,0.000000,0.000000,0.000000,0.000000,0.000000,0.000000,0.000000,0.000000,0.000000,0.000000,0.000000,0.000000,0.000000,0.000000,0.000000,0.000000,0.000000,0.000000,0.000000,0.382063,0.000000,0.000000,0.000000,0.415336,0.000000,0.000000,0.000000,0.000000,0.000000,0.000000,0.000000,0.359877,0.000000,0.000000,0.000000,0.000000,0.000000,0.000000,0.000000,0.000000,0.000000,0.000000,0.000000,0.443796,0.000000,0.000000,0.000000,0.460768,0.000000,0.000000,0.000000,0.000000,0.000000
0.000000,0.000000,0.000000,0.316198,0.000000,0.000000,0.000000,0.299671,0.000000,0.000000,0.000000,0.385424,0.000000,0.367894,0.000000,0.000000,0.000000,0.356576,0.000000,0.000000,0.000000,0.000000,0.000000,0.000000,0.000000,0.000000,0.000000,0.000000,0.000000,0.000000,0.000000,0.000000,0.000000,0.000000,0.000000,0.000000,0.000000,0.000000,0.000000,0.000000,0.000000,0.000000,0.000000,0.000000,0.000000,0.000000,0.000000,0.000000,0.000000,0.000000,0.000000,0.000000,0.000000,0.000000,0.000000,0.000000,0.000000,0.355419,0.000000,0.448624,0.000000,0.454080,0.000000,0.428360,0.000000,0.000000,0.000000,0.000000,0.000000,0.359966,0.000000,0.000000,0.000000,0.000000,0.000000,0.000000,0.000000,0.000000,0.000000,0.000000,0.000000,0.000000,0.000000,0.000000,0.000000,0.000000,0.000000,0.000000,0.000000,0.000000
0.341273,0.000000,0.000000,0.000000,0.323732,0.000000,0.351197,0.000000,0.361170,0.000000,0.000000,0.000000,0.000000,0.000000,0.000000,0.000000,0.000000,0.000000,0.328647,0.000000,0.000000,0.000000,0.329729,0.000000,0.000000,0.000000,0.000000,0.000000,0.000000,0.000000,0.000000,0.000000,0.000000,0.000000,0.000000,0.000000,0.000000,0.000000,0.000000,0.000000,0.000000,0.000000,0.000000,0.000000,0.000000,0.000000,0.000000,0.000000,0.000000,0.000000,0.000000,0.000000,0.000000,0.000000,0.000000,0.000000,0.000000,0.000000,0.000000,0.000000,0.000000,0.000000,0.000000,0.000000,0.000000,0.000000,0.000000,0.000000,0.000000,0.000000,0.000000,0.000000,0.000000,0.000000,0.000000,0.000000,0.000000,0.000000,0.000000,0.000000,0.000000,0.000000,0.000000,0.000000,0.000000,0.000000,0.000000,0.000000,0.000000,0.000000
0.000000,0.316198,0.000000,0.000000,0.000000,0.232746,0.000000,0.329206,0.000000,0.000000,0.000000,0.000000,0.430745,0.000000,0.000000,0.000000,0.000000,0.000000,0.439009,0.289074,0.000000,0.000000,0.481555,0.310634,0.461446,0.000000,0.000000,0.000000,0.000000,0.000000,0.000000,0.293240,0.446054,0.390471,0.000000,0.000000,0.000000,0.000000,0.000000,0.000000,0.000000,0.000000,0.000000,0.000000,0.000000,0.000000,0.000000,0.000000,0.000000,0.000000,0.000000,0.000000,0.000000,0.000000,0.000000,0.000000,0.000000,0.000000,0.000000,0.000000,0.000000,0.000000,0.000000,0.000000,0.000000,0.000000,0.000000,0.000000,0.000000,0.000000,0.000000,0.000000,0.000000,0.000000,0.000000,0.000000,0.000000,0.000000,0.000000,0.000000,0.000000,0.000000,0.000000,0.000000,0.000000,0.000000,0.000000,0.000000,0.000000,0.000000
0.000000,0.000000,0.323732,0.000000,0.000000,0.545430,0.000000,0.000000,0.347585,0.000000,0.000000,0.000000,0.000000,0.000000,0.370947,0.000000,0.000000,0.000000,0.000000,0.000000,0.271614,0.000000,0.290347,0.000000,0.300684,0.545486,0.512150,0.548068,0.287263,0.000000,0.000000,0.000000,0.000000,0.000000,0.442766,0.000000,0.000000,0.524067,0.000000,0.000000,0.000000,0.000000,0.477094,0.000000,0.466568,0.000000,0.000000,0.000000,0.469292,0.000000,0.000000,0.000000,0.000000,0.000000,0.000000,0.000000,0.000000,0.000000,0.000000,0.000000,0.000000,0.000000,0.000000,0.000000,0.000000,0.000000,0.482153,0.000000,0.000000,0.000000,0.403502,0.000000,0.382365,0.000000,0.371285,0.000000,0.000000,0.499897,0.000000,0.000000,0.000000,0.000000,0.393298,0.511622,0.000000,0.000000,0.000000,0.000000,0.000000,0.000000
0.000000,0.000000,0.000000,0.232746,0.545430,0.000000,0.000000,0.000000,0.000000,0.266298,0.000000,0.000000,0.000000,0.000000,0.000000,0.375274,0.000000,0.000000,0.000000,0.000000,0.000000,0.436995,0.000000,0.286161,0.509981,0.326265,0.476812,0.314670,0.000000,0.399636,0.387596,0.000000,0.000000,0.000000,0.000000,0.000000,0.000000,0.000000,0.000000,0.000000,0.000000,0.000000,0.000000,0.471518,0.000000,0.000000,0.000000,0.473392,0.000000,0.431706,0.000000,0.000000,0.000000,0.000000,0.000000,0.000000,0.000000,0.000000,0.000000,0.000000,0.000000,0.000000,0.000000,0.000000,0.000000,0.000000,0.000000,0.000000,0.000000,0.000000,0.000000,0.393208,0.000000,0.382126,0.000000,0.000000,0.000000,0.412052,0.000000,0.000000,0.000000,0.000000,0.000000,0.405698,0.000000,0.000000,0.000000,0.000000,0.000000,0.437114
0.374162,0.000000,0.351197,0.000000,0.000000,0.000000,0.000000,0.000000,0.331562,0.000000,0.357203,0.000000,0.336026,0.000000,0.000000,0.000000,0.000000,0.000000,0.352357,0.000000,0.000000,0.000000,0.342923,0.000000,0.000000,0.000000,0.000000,0.000000,0.000000,0.000000,0.000000,0.000000,0.000000,0.000000,0.000000,0.000000,0.000000,0.000000,0.000000,0.000000,0.000000,0.000000,0.000000,0.000000,0.000000,0.000000,0.000000,0.000000,0.000000,0.000000,0.000000,0.000000,0.000000,0.000000,0.000000,0.000000,0.000000,0.000000,0.000000,0.000000,0.445555,0.000000,0.000000,0.000000,0.000000,0.000000,0.000000,0.000000,0.000000,0.000000,0.000000,0.000000,0.000000,0.000000,0.000000,0.000000,0.000000,0.000000,0.000000,0.000000,0.000000,0.000000,0.000000,0.000000,0.000000,0.000000,0.000000,0.000000,0.000000,0.000000
0.000000,0.299671,0.000000,0.329206,0.000000,0.000000,0.000000,0.000000,0.000000,0.288511,0.000000,0.364761,0.000000,0.352879,0.000000,0.000000,0.000000,0.000000,0.000000,0.345857,0.000000,0.000000,0.000000,0.339979,0.000000,0.000000,0.000000,0.000000,0.000000,0.000000,0.000000,0.000000,0.000000,0.339097,0.000000,0.000000,0.000000,0.000000,0.000000,0.000000,0.000000,0.000000,0.000000,0.000000,0.000000,0.000000,0.000000,0.000000,0.000000,0.000000,0.000000,0.000000,0.000000,0.000000,0.000000,0.000000,0.000000,0.000000,0.000000,0.000000,0.000000,0.000000,0.000000,0.000000,0.000000,0.000000,0.000000,0.000000,0.000000,0.000000,0.000000,0.000000,0.000000,0.000000,0.000000,0.000000,0.000000,0.000000,0.000000,0.000000,0.000000,0.000000,0.000000,0.000000,0.000000,0.000000,0.000000,0.000000,0.000000,0.000000
0.000000,0.000000,0.361170,0.000000,0.347585,0.000000,0.331562,0.000000,0.000000,0.000000,0.000000,0.000000,0.000000,0.000000,0.324326,0.000000,0.000000,0.000000,0.000000,0.000000,0.000000,0.000000,0.360434,0.000000,0.000000,0.000000,0.000000,0.000000,0.328502,0.000000,0.000000,0.000000,0.000000,0.000000,0.000000,0.000000,0.000000,0.000000,0.000000,0.000000,0.000000,0.000000,0.000000,0.000000,0.000000,0.000000,0.000000,0.000000,0.000000,0.000000,0.000000,0.000000,0.000000,0.000000,0.000000,0.000000,0.000000,0.000000,0.000000,0.000000,0.000000,0.000000,0.000000,0.000000,0.000000,0.000000,0.000000,0.000000,0.000000,0.000000,0.000000,0.000000,0.000000,0.000000,0.000000,0.000000,0.000000,0.000000,0.000000,0.000000,0.000000,0.000000,0.000000,0.000000,0.000000,0.000000,0.000000,0.000000,0.000000,0.000000
0.000000,0.000000,0.000000,0.000000,0.000000,0.266298,0.000000,0.288511,0.000000,0.000000,0.000000,0.000000,0.000000,0.000000,0.000000,0.317390,0.000000,0.000000,0.000000,0.000000,0.000000,0.000000,0.000000,0.000000,0.000000,0.000000,0.000000,0.000000,0.000000,0.421289,0.000000,0.000000,0.000000,0.000000,0.000000,0.000000,0.000000,0.431987,0.000000,0.000000,0.000000,0.000000,0.000000,0.470229,0.000000,0.000000,0.000000,0.000000,0.000000,0.425697,0.000000,0.426489,0.000000,0.000000,0.000000,0.000000,0.000000,0.000000,0.000000,0.424945,0.000000,0.000000,0.000000,0.000000,0.000000,0.000000,0.000000,0.000000,0.000000,0.000000,0.000000,0.000000,0.000000,0.379176,0.000000,0.378384,0.000000,0.000000,0.000000,0.000000,0.000000,0.000000,0.000000,0.407998,0.000000,0.427035,0.000000,0.000000,0.000000,0.435357
0.390426,0.000000,0.000000,0.000000,0.000000,0.000000,0.357203,0.000000,0.000000,0.000000,0.000000,0.000000,0.339072,0.000000,0.000000,0.000000,0.358561,0.000000,0.370125,0.000000,0.000000,0.000000,0.000000,0.000000,0.000000,0.000000,0.000000,0.000000,0.375648,0.000000,0.000000,0.000000,0.000000,0.000000,0.000000,0.000000,0.000000,0.000000,0.000000,0.000000,0.000000,0.000000,0.000000,0.000000,0.000000,0.000000,0.000000,0.000000,0.000000,0.000000,0.000000,0.000000,0.000000,0.000000,0.000000,0.000000,0.402056,0.000000,0.000000,0.000000,0.000000,0.000000,0.000000,0.000000,0.000000,0.000000,0.000000,0.000000,0.000000,0.000000,0.000000,0.000000,0.000000,0.414830,0.000000,0.000000,0.000000,0.000000,0.000000,0.000000,0.000000,0.000000,0.226662,0.000000,0.000000,0.000000,0.000000,0.000000,0.000000,0.000000
0.000000,0.385424,0.000000,0.000000,0.000000,0.000000,0.000000,0.364761,0.000000,0.000000,0.000000,0.000000,0.000000,0.354408,0.000000,0.000000,0.000000,0.368911,0.000000,0.000000,0.000000,0.000000,0.000000,0.000000,0.000000,0.000000,0.000000,0.000000,0.000000,0.379666,0.000000,0.000000,0.000000,0.000000,0.000000,0.000000,0.000000,0.000000,0.000000,0.000000,0.000000,0.000000,0.000000,0.000000,0.000000,0.000000,0.000000,0.000000,0.000000,0.000000,0.000000,0.000000,0.000000,0.000000,0.000000,0.000000,0.000000,0.000000,0.000000,0.000000,0.000000,0.000000,0.000000,0.000000,0.000000,0.000000,0.000000,0.000000,0.000000,0.000000,0.000000,0.000000,0.000000,0.343061,0.000000,0.000000,0.000000,0.000000,0.000000,0.000000,0.000000,0.000000,0.000000,0.000000,0.000000,0.000000,0.000000,0.000000,0.000000,0.000000
0.378196,0.000000,0.000000,0.430745,0.000000,0.000000,0.336026,0.000000,0.000000,0.000000,0.339072,0.000000,0.000000,0.401207,0.307045,0.000000,0.000000,0.000000,0.356857,0.000000,0.000000,0.000000,0.336767,0.435310,0.000000,0.000000,0.000000,0.000000,0.352711,0.000000,0.000000,0.471287,0.000000,0.000000,0.442290,0.000000,0.000000,0.000000,0.000000,0.000000,0.000000,0.000000,0.480960,0.000000,0.476484,0.000000,0.000000,0.000000,0.462750,0.000000,0.000000,0.000000,0.000000,0.000000,0.000000,0.000000,0.000000,0.000000,0.000000,0.000000,0.000000,0.000000,0.000000,0.000000,0.000000,0.000000,0.435768,0.525967,0.000000,0.000000,0.000000,0.000000,0.406303,0.000000,0.000000,0.000000,0.378750,0.496841,0.000000,0.000000,0.000000,0.000000,0.000000,0.000000,0.000000,0.000000,0.000000,0.000000,0.000000,0.000000
0.000000,0.367894,0.000000,0.000000,0.000000,0.000000,0.000000,0.352879,0.000000,0.000000,0.000000,0.354408,0.401207,0.000000,0.000000,0.313782,0.000000,0.000000,0.000000,0.000000,0.000000,0.000000,0.000000,0.000000,0.000000,0.000000,0.000000,0.000000,0.000000,0.359545,0.000000,0.000000,0.000000,0.000000,0.000000,0.000000,0.000000,0.000000,0.000000,0.000000,0.000000,0.000000,0.000000,0.000000,0.000000,0.000000,0.000000,0.000000,0.000000,0.000000,0.000000,0.000000,0.000000,0.000000,0.000000,0.000000,0.000000,0.000000,0.000000,0.000000,0.000000,0.000000,0.000000,0.000000,0.000000,0.000000,0.000000,0.000000,0.000000,0.000000,0.000000,0.000000,0.000000,0.389186,0.000000,0.000000,0.000000,0.000000,0.000000,0.000000,0.000000,0.000000,0.000000,0.000000,0.000000,0.000000,0.000000,0.000000,0.000000,0.000000
0.000000,0.000000,0.000000,0.000000,0.370947,0.000000,0.000000,0.000000,0.324326,0.000000,0.000000,0.000000,0.307045,0.000000,0.000000,0.000000,0.000000,0.000000,0.000000,0.000000,0.236928,0.000000,0.000000,0.000000,0.395656,0.000000,0.333979,0.000000,0.343870,0.000000,0.000000,0.000000,0.000000,0.000000,0.425382,0.000000,0.000000,0.538286,0.371501,0.000000,0.000000,0.000000,0.492230,0.557341,0.474757,0.510697,0.514678,0.000000,0.457844,0.000000,0.000000,0.000000,0.000000,0.000000,0.000000,0.000000,0.000000,0.000000,0.000000,0.000000,0.000000,0.000000,0.000000,0.000000,0.000000,0.000000,0.445392,0.522951,0.000000,0.000000,0.333657,0.000000,0.388991,0.000000,0.000000,0.000000,0.415875,0.000000,0.000000,0.000000,0.404819,0.000000,0.374241,0.510037,0.000000,0.000000,0.000000,0.000000,0.000000,0.000000
0.000000,0.000000,0.000000,0.000000,0.000000,0.375274,0.000000,0.000000,0.000000,0.317390,0.000000,0.000000,0.000000,0.313782,0.000000,0.000000,0.000000,0.000000,0.000000,0.000000,0.000000,0.258490,0.000000,0.000000,0.000000,0.390333,0.000000,0.373515,0.000000,0.318267,0.000000,0.000000,0.000000,0.000000,0.000000,0.000000,0.000000,0.000000,0.000000,0.000000,0.000000,0.000000,0.000000,0.000000,0.000000,0.000000,0.000000,0.000000,0.000000,0.000000,0.000000,0.000000,0.000000,0.000000,0.000000,0.000000,0.000000,0.000000,0.000000,0.423701,0.000000,0.000000,0.000000,0.000000,0.000000,0.000000,0.000000,0.000000,0.000000,0.000000,0.000000,0.000000,0.000000,0.334295,0.000000,0.000000,0.000000,0.000000,0.000000,0.000000,0.000000,0.000000,0.000000,0.301228,0.000000,0.000000,0.000000,0.000000,0.000000,0.000000
0.000000,0.000000,0.000000,0.000000,0.000000,0.000000,0.000000,0.000000,0.000000,0.000000,0.358561,0.000000,0.000000,0.000000,0.000000,0.000000,0.000000,0.000000,0.000000,0.000000,0.000000,0.000000,0.000000,0.000000,0.000000,0.000000,0.000000,0.000000,0.312782,0.000000,0.000000,0.000000,0.000000,0.000000,0.000000,0.000000,0.000000,0.000000,0.000000,0.000000,0.000000,0.000000,0.000000,0.000000,0.000000,0.000000,0.000000,0.000000,0.000000,0.000000,0.000000,0.000000,0.000000,0.000000,0.000000,0.000000,0.309347,0.000000,0.427242,0.000000,0.416609,0.000000,0.319990,0.000000,0.000000,0.000000,0.000000,0.000000,0.000000,0.000000,0.000000,0.000000,0.000000,0.000000,0.000000,0.000000,0.000000,0.000000,0.282802,0.000000,0.398510,0.000000,0.277447,0.000000,0.000000,0.000000,0.000000,0.000000,0.000000,0.000000
0.000000,0.356576,0.000000,0.000000,0.000000,0.000000,0.000000,0.000000,0.000000,0.000000,0.000000,0.368911,0.000000,0.000000,0.000000,0.000000,0.000000,0.000000,0.000000,0.000000,0.000000,0.000000,0.000000,0.000000,0.000000,0.000000,0.000000,0.000000,0.000000,0.334743,0.000000,0.000000,0.000000,0.000000,0.000000,0.000000,0.000000,0.000000,0.000000,0.000000,0.000000,0.000000,0.000000,0.000000,0.000000,0.000000,0.000000,0.000000,0.000000,0.000000,0.000000,0.000000,0.000000,0.000000,0.000000,0.000000,0.000000,0.324923,0.000000,0.000000,0.000000,0.000000,0.000000,0.432516,0.000000,0.000000,0.000000,0.000000,0.000000,0.000000,0.000000,0.000000,0.000000,0.340027,0.000000,0.000000,0.000000,0.000000,0.000000,0.246675,0.000000,0.335836,0.000000,0.283580,0.000000,0.000000,0.000000,0.000000,0.000000,0.000000
0.000000,0.000000,0.328647,0.439009,0.000000,0.000000,0.352357,0.000000,0.000000,0.000000,0.370125,0.000000,0.356857,0.000000,0.000000,0.000000,0.000000,0.000000,0.000000,0.471651,0.000000,0.000000,0.336103,0.428798,0.000000,0.000000,0.000000,0.000000,0.360428,0.000000,0.000000,0.000000,0.345825,0.438800,0.000000,0.000000,0.000000,0.000000,0.000000,0.000000,0.000000,0.000000,0.000000,0.000000,0.000000,0.000000,0.000000,0.000000,0.000000,0.000000,0.000000,0.000000,0.000000,0.000000,0.000000,0.000000,0.000000,0.000000,0.000000,0.000000,0.000000,0.000000,0.000000,0.000000,0.000000,0.000000,0.000000,0.000000,0.318439,0.453734,0.000000,0.000000,0.393338,0.000000,0.000000,0.000000,0.000000,0.000000,0.000000,0.000000,0.000000,0.000000,0.000000,0.000000,0.000000,0.000000,0.000000,0.000000,0.000000,0.000000
0.000000,0.000000,0.000000,0.289074,0.000000,0.000000,0.000000,0.345857,0.000000,0.000000,0.000000,0.000000,0.000000,0.000000,0.000000,0.000000,0.000000,0.000000,0.471651,0.000000,0.000000,0.000000,0.000000,0.315950,0.000000,0.000000,0.000000,0.000000,0.000000,0.000000,0.000000,0.334575,0.000000,0.343456,0.000000,0.000000,0.000000,0.000000,0.000000,0.000000,0.000000,0.000000,0.000000,0.000000,0.000000,0.000000,0.000000,0.000000,0.000000,0.000000,0.000000,0.000000,0.000000,0.000000,0.000000,0.000000,0.000000,0.000000,0.000000,0.000000,0.000000,0.000000,0.000000,0.000000,0.000000,0.000000,0.000000,0.000000,0.000000,0.348444,0.000000,0.000000,0.433397,0.356068,0.000000,0.000000,0.495442,0.000000,0.000000,0.000000,0.000000,0.000000,0.000000,0.000000,0.000000,0.000000,0.000000,0.000000,0.000000,0.000000
0.000000,0.000000,0.000000,0.000000,0.271614,0.000000,0.000000,0.000000,0.000000,0.000000,0.000000,0.000000,0.000000,0.000000,0.236928,0.000000,0.000000,0.000000,0.000000,0.000000,0.000000,0.404052,0.000000,0.000000,0.347125,0.000000,0.297951,0.000000,0.270962,0.000000,0.359280,0.406498,0.456028,0.000000,0.000000,0.000000,0.000000,0.000000,0.332174,0.000000,0.312750,0.000000,0.000000,0.000000,0.000000,0.000000,0.000000,0.000000,0.000000,0.000000,0.000000,0.000000,0.000000,0.000000,0.000000,0.000000,0.000000,0.000000,0.000000,0.000000,0.000000,0.000000,0.000000,0.000000,0.000000,0.000000,0.474384,0.000000,0.000000,0.000000,0.292524,0.000000,0.291350,0.000000,0.000000,0.000000,0.000000,0.000000,0.000000,0.000000,0.000000,0.000000,0.359907,0.000000,0.000000,0.000000,0.000000,0.000000,0.000000,0.000000
0.000000,0.000000,0.000000,0.000000,0.000000,0.436995,0.000000,0.000000,0.000000,0.000000,0.000000,0.000000,0.000000,0.000000,0.000000,0.258490,0.000000,0.000000,0.000000,0.000000,0.404052,0.000000,0.369185,0.000000,0.432525,0.309219,0.374430,0.366464,0.000000,0.261248,0.424050,0.312355,0.000000,0.000000,0.000000,0.000000,0.000000,0.000000,0.000000,0.000000,0.000000,0.383828,0.000000,0.000000,0.000000,0.000000,0.000000,0.000000,0.000000,0.000000,0.000000,0.000000,0.000000,0.000000,0.000000,0.000000,0.000000,0.000000,0.000000,0.000000,0.000000,0.000000,0.000000,0.000000,0.000000,0.000000,0.489691,0.000000,0.000000,0.000000,0.310311,0.279379,0.000000,0.297771,0.000000,0.000000,0.000000,0.000000,0.000000,0.000000,0.000000,0.000000,0.000000,0.402779,0.000000,0.000000,0.000000,0.000000,0.000000,0.000000
0.000000,0.000000,0.329729,0.481555,0.290347,0.000000,0.342923,0.000000,0.360434,0.000000,0.000000,0.000000,0.336767,0.000000,0.000000,0.000000,0.000000,0.000000,0.336103,0.000000,0.000000,0.369185,0.000000,0.452649,0.465499,0.000000,0.000000,0.000000,0.000000,0.000000,0.411951,0.438808,0.432340,0.000000,0.000000,0.000000,0.000000,0.000000,0.000000,0.000000,0.000000,0.000000,0.000000,0.000000,0.000000,0.000000,0.000000,0.000000,0.000000,0.000000,0.000000,0.000000,0.000000,0.000000,0.000000,0.000000,0.000000,0.000000,0.000000,0.000000,0.000000,0.000000,0.000000,0.000000,0.000000,0.000000,0.446191,0.000000,0.000000,0.000000,0.000000,0.000000,0.000000,0.000000,0.000000,0.000000,0.000000,0.000000,0.000000,0.000000,0.000000,0.000000,0.000000,0.000000,0.000000,0.000000,0.000000,0.000000,0.000000,0.000000
0.000000,0.000000,0.000000,0.310634,0.000000,0.286161,0.000000,0.339979,0.000000,0.000000,0.000000,0.000000,0.435310,0.000000,0.000000,0.000000,0.000000,0.000000,0.428798,0.315950,0.000000,0.000000,0.452649,0.000000,0.439975,0.300367,0.000000,0.000000,0.000000,0.000000,0.403334,0.345376,0.440620,0.265621,0.000000,0.000000,0.000000,0.000000,0.000000,0.000000,0.000000,0.000000,0.000000,0.000000,0.000000,0.000000,0.000000,0.000000,0.000000,0.000000,0.000000,0.000000,0.000000,0.000000,0.000000,0.000000,0.000000,0.000000,0.000000,0.000000,0.000000,0.000000,0.000000,0.000000,0.000000,0.000000,0.000000,0.000000,0.000000,0.000000,0.000000,0.000000,0.000000,0.000000,0.000000,0.000000,0.000000,0.000000,0.000000,0.000000,0.000000,0.000000,0.000000,0.000000,0.000000,0.000000,0.000000,0.000000,0.000000,0.000000
0.000000,0.000000,0.000000,0.461446,0.300684,0.509981,0.000000,0.000000,0.000000,0.000000,0.000000,0.000000,0.000000,0.000000,0.395656,0.000000,0.000000,0.000000,0.000000,0.000000,0.347125,0.432525,0.465499,0.439975,0.000000,0.485346,0.453551,0.510337,0.000000,0.000000,0.292469,0.457941,0.000000,0.000000,0.468690,0.000000,0.000000,0.529076,0.405120,0.000000,0.000000,0.000000,0.482965,0.523971,0.461752,0.000000,0.000000,0.000000,0.460708,0.000000,0.000000,0.000000,0.000000,0.000000,0.000000,0.000000,0.000000,0.000000,0.445151,0.000000,0.000000,0.000000,0.000000,0.000000,0.000000,0.000000,0.000000,0.511293,0.000000,0.000000,0.402444,0.000000,0.398979,0.000000,0.379945,0.000000,0.444948,0.513020,0.000000,0.000000,0.000000,0.000000,0.417211,0.507388,0.000000,0.000000,0.410917,0.000000,0.000000,0.000000
0.000000,0.000000,0.000000,0.000000,0.545486,0.326265,0.000000,0.000000,0.000000,0.000000,0.000000,0.000000,0.000000,0.000000,0.000000,0.390333,0.000000,0.000000,0.000000,0.000000,0.000000,0.309219,0.000000,0.300367,0.485346,0.000000,0.364083,0.291209,0.000000,0.000000,0.371065,0.355982,0.000000,0.000000,0.000000,0.000000,0.000000,0.000000,0.000000,0.000000,0.000000,0.000000,0.000000,0.000000,0.000000,0.000000,0.000000,0.000000,0.000000,0.000000,0.000000,0.000000,0.000000,0.000000,0.000000,0.000000,0.000000,0.000000,0.000000,0.000000,0.000000,0.000000,0.000000,0.000000,0.000000,0.000000,0.000000,0.000000,0.000000,0.000000,0.000000,0.287503,0.000000,0.000000,0.000000,0.000000,0.000000,0.000000,0.000000,0.000000,0.000000,0.000000,0.000000,0.377569,0.000000,0.000000,0.000000,0.000000,0.000000,0.000000
0.000000,0.000000,0.000000,0.000000,0.512150,0.476812,0.000000,0.000000,0.000000,0.000000,0.000000,0.000000,0.000000,0.000000,0.333979,0.000000,0.000000,0.000000,0.000000,0.000000,0.297951,0.374430,0.000000,0.000000,0.453551,0.364083,0.000000,0.404623,0.000000,0.000000,0.316959,0.000000,0.000000,0.000000,0.000000,0.000000,0.000000,0.000000,0.000000,0.000000,0.000000,0.000000,0.000000,0.000000,0.000000,0.000000,0.000000,0.000000,0.000000,0.000000,0.000000,0.000000,0.000000,0.000000,0.000000,0.000000,0.000000,0.000000,0.000000,0.000000,0.000000,0.000000,0.000000,0.000000,0.000000,0.000000,0.000000,0.000000,0.000000,0.000000,0.322573,0.000000,0.000000,0.000000,0.000000,0.000000,0.000000,0.000000,0.000000,0.000000,0.000000,0.000000,0.398518,0.384979,0.000000,0.000000,0.000000,0.000000,0.000000,0.000000
0.000000,0.000000,0.000000,0.000000,0.548068,0.314670,0.000000,0.000000,0.000000,0.000000,0.000000,0.000000,0.000000,0.000000,0.000000,0.373515,0.000000,0.000000,0.000000,0.000000,0.000000,0.366464,0.000000,0.000000,0.510337,0.291209,0.404623,0.000000,0.000000,0.347304,0.448374,0.384542,0.000000,0.000000,0.000000,0.000000,0.000000,0.000000,0.000000,0.000000,0.000000,0.381917,0.000000,0.466400,0.000000,0.000000,0.000000,0.466720,0.000000,0.000000,0.000000,0.000000,0.000000,0.000000,0.000000,0.000000,0.000000,0.000000,0.000000,0.000000,0.000000,0.000000,0.000000,0.000000,0.000000,0.000000,0.000000,0.000000,0.000000,0.000000,0.406182,0.249863,0.000000,0.271857,0.000000,0.000000,0.000000,0.000000,0.000000,0.000000,0.000000,0.000000,0.000000,0.415330,0.000000,0.000000,0.000000,0.000000,0.000000,0.000000
0.000000,0.000000,0.000000,0.000000,0.287263,0.000000,0.000000,0.000000,0.328502,0.000000,0.375648,0.000000,0.352711,0.000000,0.343870,0.000000,0.312782,0.000000,0.360428,0.000000,0.270962,0.000000,0.000000,0.000000,0.000000,0.000000,0.000000,0.000000,0.000000,0.000000,0.000000,0.000000,0.000000,0.000000,0.439351,0.000000,0.000000,0.000000,0.000000,0.000000,0.000000,0.000000,0.491781,0.000000,0.000000,0.000000,0.000000,0.000000,0.000000,0.000000,0.000000,0.000000,0.000000,0.000000,0.000000,0.000000,0.321835,0.000000,0.381493,0.000000,0.411806,0.000000,0.000000,0.000000,0.000000,0.000000,0.459752,0.000000,0.000000,0.000000,0.000000,0.000000,0.312106,0.433894,0.000000,0.000000,0.000000,0.000000,0.354926,0.000000,0.401471,0.000000,0.330755,0.000000,0.000000,0.000000,0.000000,0.000000,0.000000,0.000000
0.000000,0.000000,0.000000,0.000000,0.000000,0.399636,0.000000,0.000000,0.000000,0.421289,0.000000,0.379666,0.000000,0.359545,0.000000,0.318267,0.000000,0.334743,0.000000,0.000000,0.000000,0.261248,0.000000,0.000000,0.000000,0.000000,0.000000,0.347304,0.000000,0.000000,0.000000,0.000000,0.000000,0.000000,0.000000,0.000000,0.000000,0.000000,0.000000,0.000000,0.000000,0.312826,0.000000,0.000000,0.000000,0.000000,0.000000,0.000000,0.000000,0.000000,0.000000,0.478463,0.000000,0.000000,0.000000,0.000000,0.000000,0.327499,0.000000,0.452098,0.000000,0.000000,0.000000,0.365645,0.000000,0.000000,0.000000,0.431845,0.000000,0.000000,0.000000,0.000000,0.000000,0.303628,0.000000,0.000000,0.000000,0.000000,0.000000,0.000000,0.000000,0.381886,0.000000,0.405100,0.000000,0.470126,0.000000,0.000000,0.000000,0.460655
0.000000,0.000000,0.000000,0.000000,0.000000,0.387596,0.000000,0.000000,0.000000,0.000000,0.000000,0.000000,0.000000,0.000000,0.000000,0.000000,0.000000,0.000000,0.000000,0.000000,0.359280,0.424050,0.411951,0.403334,0.292469,0.371065,0.316959,0.448374,0.000000,0.000000,0.000000,0.390844,0.379842,0.000000,0.000000,0.000000,0.000000,0.000000,0.000000,0.000000,0.000000,0.000000,0.000000,0.000000,0.000000,0.000000,0.000000,0.000000,0.000000,0.000000,0.000000,0.000000,0.000000,0.000000,0.000000,0.000000,0.000000,0.000000,0.000000,0.000000,0.000000,0.000000,0.000000,0.000000,0.000000,0.000000,0.482428,0.000000,0.000000,0.000000,0.354020,0.334178,0.343446,0.000000,0.000000,0.000000,0.000000,0.000000,0.000000,0.000000,0.000000,0.000000,0.000000,0.000000,0.000000,0.000000,0.000000,0.000000,0.000000,0.000000
0.000000,0.000000,0.000000,0.293240,0.000000,0.000000,0.000000,0.000000,0.000000,0.000000,0.000000,0.000000,0.471287,0.000000,0.000000,0.000000,0.000000,0.000000,0.000000,0.334575,0.406498,0.312355,0.438808,0.345376,0.457941,0.355982,0.000000,0.384542,0.000000,0.000000,0.390844,0.000000,0.430913,0.434661,0.000000,0.000000,0.000000,0.000000,0.000000,0.000000,0.000000,0.000000,0.000000,0.000000,0.000000,0.000000,0.000000,0.000000,0.000000,0.000000,0.000000,0.000000,0.000000,0.000000,0.000000,0.000000,0.000000,0.000000,0.000000,0.000000,0.000000,0.000000,0.000000,0.000000,0.000000,0.000000,0.000000,0.478059,0.000000,0.000000,0.000000,0.321549,0.000000,0.000000,0.000000,0.000000,0.000000,0.000000,0.000000,0.000000,0.000000,0.000000,0.000000,0.380986,0.000000,0.000000,0.000000,0.000000,0.000000,0.000000
0.000000,0.000000,0.000000,0.446054,0.000000,0.000000,0.000000,0.000000,0.000000,0.000000,0.000000,0.000000,0.000000,0.000000,0.000000,0.000000,0.000000,0.000000,0.345825,0.000000,0.456028,0.000000,0.432340,0.440620,0.000000,0.000000,0.000000,0.000000,0.000000,0.000000,0.379842,0.430913,0.000000,0.429346,0.396710,0.000000,0.000000,0.000000,0.000000,0.000000,0.000000,0.000000,0.000000,0.000000,0.000000,0.000000,0.000000,0.000000,0.000000,0.000000,0.000000,0.000000,0.000000,0.000000,0.000000,0.000000,0.000000,0.000000,0.394376,0.000000,0.000000,0.000000,0.000000,0.000000,0.000000,0.000000,0.404631,0.398401,0.348253,0.000000,0.000000,0.000000,0.000000,0.000000,0.000000,0.000000,0.000000,0.000000,0.000000,0.000000,0.000000,0.000000,0.000000,0.000000,0.000000,0.000000,0.000000,0.000000,0.000000,0.000000
0.000000,0.000000,0.000000,0.390471,0.000000,0.000000,0.000000,0.339097,0.000000,0.000000,0.000000,0.000000,0.000000,0.000000,0.000000,0.000000,0.000000,0.000000,0.438800,0.343456,0.000000,0.000000,0.000000,0.265621,0.000000,0.000000,0.000000,0.000000,0.000000,0.000000,0.000000,0.434661,0.429346,0.000000,0.331860,0.433769,0.000000,0.000000,0.000000,0.000000,0.000000,0.000000,0.000000,0.000000,0.000000,0.000000,0.000000,0.000000,0.000000,0.000000,0.000000,0.000000,0.000000,0.000000,0.000000,0.000000,0.000000,0.000000,0.000000,0.000000,0.000000,0.000000,0.000000,0.000000,0.000000,0.000000,0.393344,0.421211,0.000000,0.386078,0.000000,0.000000,0.532203,0.000000,0.000000,0.000000,0.515102,0.000000,0.000000,0.000000,0.000000,0.000000,0.000000,0.000000,0.000000,0.000000,0.000000,0.000000,0.000000,0.000000
0.000000,0.000000,0.000000,0.000000,0.442766,0.000000,0.000000,0.000000,0.000000,0.000000,0.000000,0.000000,0.442290,0.000000,0.425382,0.000000,0.000000,0.000000,0.000000,0.000000,0.000000,0.000000,0.000000,0.000000,0.468690,0.000000,0.000000,0.000000,0.439351,0.000000,0.000000,0.000000,0.396710,0.331860,0.000000,0.350755,0.431501,0.000000,0.490761,0.000000,0.494029,0.000000,0.304871,0.000000,0.508632,0.502138,0.320386,0.000000,0.000000,0.000000,0.000000,0.000000,0.000000,0.000000,0.000000,0.000000,0.000000,0.000000,0.000000,0.000000,0.000000,0.000000,0.000000,0.000000,0.000000,0.000000,0.368106,0.385549,0.000000,0.000000,0.000000,0.000000,0.488307,0.000000,0.000000,0.000000,0.471592,0.447566,0.000000,0.000000,0.487850,0.000000,0.000000,0.000000,0.495194,0.000000,0.000000,0.000000,0.000000,0.000000
0.000000,0.000000,0.000000,0.000000,0.000000,0.000000,0.000000,0.000000,0.000000,0.000000,0.000000,0.000000,0.000000,0.000000,0.000000,0.000000,0.000000,0.000000,0.000000,0.000000,0.000000,0.000000,0.000000,0.000000,0.000000,0.000000,0.000000,0.000000,0.000000,0.000000,0.000000,0.000000,0.000000,0.433769,0.350755,0.000000,0.000000,0.369233,0.000000,0.460277,0.000000,0.000000,0.000000,0.000000,0.000000,0.473427,0.000000,0.000000,0.000000,0.000000,0.000000,0.000000,0.000000,0.000000,0.000000,0.000000,0.000000,0.000000,0.000000,0.000000,0.000000,0.000000,0.000000,0.000000,0.000000,0.000000,0.410219,0.375439,0.000000,0.000000,0.000000,0.000000,0.000000,0.463399,0.000000,0.000000,0.000000,0.445593,0.000000,0.000000,0.000000,0.000000,0.000000,0.000000,0.000000,0.000000,0.000000,0.000000,0.000000,0.000000
0.000000,0.000000,0.000000,0.000000,0.000000,0.000000,0.000000,0.000000,0.000000,0.000000,0.000000,0.000000,0.000000,0.000000,0.000000,0.000000,0.000000,0.000000,0.000000,0.000000,0.000000,0.000000,0.000000,0.000000,0.000000,0.000000,0.000000,0.000000,0.000000,0.000000,0.000000,0.000000,0.000000,0.000000,0.431501,0.000000,0.000000,0.581073,0.363809,0.000000,0.370042,0.000000,0.498832,0.000000,0.508418,0.000000,0.422678,0.000000,0.451760,0.000000,0.000000,0.000000,0.000000,0.000000,0.312965,0.000000,0.000000,0.000000,0.000000,0.000000,0.000000,0.000000,0.000000,0.000000,0.000000,0.000000,0.435875,0.000000,0.000000,0.000000,0.000000,0.000000,0.000000,0.000000,0.000000,0.000000,0.449528,0.000000,0.000000,0.000000,0.000000,0.000000,0.436067,0.521463,0.000000,0.000000,0.400612,0.000000,0.000000,0.000000
0.000000,0.000000,0.000000,0.000000,0.524067,0.000000,0.000000,0.000000,0.000000,0.431987,0.000000,0.000000,0.000000,0.000000,0.538286,0.000000,0.000000,0.000000,0.000000,0.000000,0.000000,0.000000,0.000000,0.000000,0.529076,0.000000,0.000000,0.000000,0.000000,0.000000,0.000000,0.000000,0.000000,0.000000,0.000000,0.369233,0.581073,0.000000,0.465591,0.384861,0.000000,0.370216,0.000000,0.545871,0.578603,0.460254,0.000000,0.401733,0.000000,0.476969,0.000000,0.000000,0.000000,0.000000,0.000000,0.388507,0.000000,0.000000,0.000000,0.000000,0.000000,0.000000,0.000000,0.000000,0.000000,0.000000,0.000000,0.488121,0.000000,0.000000,0.549936,0.360296,0.000000,0.489901,0.000000,0.000000,0.562610,0.402873,0.000000,0.000000,0.000000,0.000000,0.000000,0.438272,0.000000,0.000000,0.000000,0.427275,0.000000,0.327109
0.000000,0.000000,0.000000,0.000000,0.000000,0.000000,0.000000,0.000000,0.000000,0.000000,0.000000,0.000000,0.000000,0.000000,0.371501,0.000000,0.000000,0.000000,0.000000,0.000000,0.332174,0.000000,0.000000,0.000000,0.405120,0.000000,0.000000,0.000000,0.000000,0.000000,0.000000,0.000000,0.000000,0.000000,0.490761,0.000000,0.363809,0.465591,0.000000,0.000000,0.301418,0.000000,0.464013,0.000000,0.440200,0.000000,0.450116,0.000000,0.000000,0.000000,0.000000,0.000000,0.000000,0.000000,0.350487,0.000000,0.000000,0.000000,0.000000,0.000000,0.000000,0.000000,0.000000,0.000000,0.000000,0.000000,0.466212,0.000000,0.000000,0.000000,0.367933,0.000000,0.000000,0.000000,0.000000,0.000000,0.000000,0.000000,0.000000,0.000000,0.000000,0.000000,0.451517,0.000000,0.520917,0.000000,0.497527,0.000000,0.517246,0.000000
0.000000,0.000000,0.000000,0.000000,0.000000,0.000000,0.000000,0.000000,0.000000,0.000000,0.000000,0.000000,0.000000,0.000000,0.000000,0.000000,0.000000,0.000000,0.000000,0.000000,0.000000,0.000000,0.000000,0.000000,0.000000,0.000000,0.000000,0.000000,0.000000,0.000000,0.000000,0.000000,0.000000,0.000000,0.000000,0.460277,0.000000,0.384861,0.000000,0.000000,0.000000,0.308156,0.431164,0.406381,0.000000,0.443320,0.476419,0.385196,0.000000,0.000000,0.000000,0.000000,0.000000,0.000000,0.000000,0.383013,0.000000,0.000000,0.000000,0.000000,0.000000,0.000000,0.000000,0.000000,0.000000,0.000000,0.000000,0.444754,0.000000,0.000000,0.000000,0.000000,0.000000,0.000000,0.000000,0.000000,0.000000,0.000000,0.000000,0.000000,0.000000,0.000000,0.000000,0.445740,0.000000,0.000000,0.000000,0.407463,0.000000,0.378386
0.000000,0.000000,0.000000,0.000000,0.000000,0.000000,0.000000,0.000000,0.000000,0.000000,0.000000,0.000000,0.000000,0.000000,0.000000,0.000000,0.000000,0.000000,0.000000,0.000000,0.312750,0.000000,0.000000,0.000000,0.000000,0.000000,0.000000,0.000000,0.000000,0.000000,0.000000,0.000000,0.000000,0.000000,0.494029,0.000000,0.370042,0.000000,0.301418,0.000000,0.000000,0.000000,0.486093,0.000000,0.467615,0.000000,0.000000,0.000000,0.501519,0.000000,0.000000,0.000000,0.000000,0.000000,0.000000,0.000000,0.000000,0.000000,0.461841,0.000000,0.000000,0.000000,0.000000,0.000000,0.000000,0.000000,0.518708,0.000000,0.000000,0.000000,0.000000,0.000000,0.000000,0.000000,0.321011,0.000000,0.000000,0.578621,0.000000,0.000000,0.000000,0.000000,0.356137,0.000000,0.000000,0.000000,0.372143,0.000000,0.000000,0.000000
0.000000,0.000000,0.000000,0.000000,0.000000,0.000000,0.000000,0.000000,0.000000,0.000000,0.000000,0.000000,0.000000,0.000000,0.000000,0.000000,0.000000,0.000000,0.000000,0.000000,0.000000,0.383828,0.000000,0.000000,0.000000,0.000000,0.000000,0.381917,0.000000,0.312826,0.000000,0.000000,0.000000,0.000000,0.000000,0.000000,0.000000,0.370216,0.000000,0.308156,0.000000,0.000000,0.000000,0.000000,0.000000,0.000000,0.000000,0.408377,0.000000,0.000000,0.000000,0.000000,0.000000,0.000000,0.000000,0.285062,0.000000,0.000000,0.000000,0.000000,0.000000,0.000000,0.000000,0.000000,0.000000,0.000000,0.000000,0.425146,0.000000,0.000000,0.000000,0.000000,0.000000,0.000000,0.000000,0.000000,0.000000,0.000000,0.000000,0.000000,0.000000,0.000000,0.000000,0.357286,0.000000,0.000000,0.000000,0.336284,0.000000,0.000000
0.000000,0.000000,0.000000,0.000000,0.477094,0.000000,0.000000,0.000000,0.000000,0.000000,0.000000,0.000000,0.480960,0.000000,0.492230,0.000000,0.000000,0.000000,0.000000,0.000000,0.000000,0.000000,0.000000,0.000000,0.482965,0.000000,0.000000,0.000000,0.491781,0.000000,0.000000,0.000000,0.000000,0.000000,0.304871,0.000000,0.498832,0.000000,0.464013,0.431164,0.486093,0.000000,0.000000,0.641214,0.386197,0.606259,0.387554,0.406791,0.356792,0.611079,0.318748,0.000000,0.351723,0.000000,0.419113,0.398231,0.000000,0.000000,0.000000,0.000000,0.000000,0.000000,0.000000,0.000000,0.000000,0.000000,0.372383,0.602677,0.000000,0.000000,0.000000,0.000000,0.000000,0.000000,0.000000,0.000000,0.000000,0.000000,0.000000,0.000000,0.476311,0.000000,0.499030,0.000000,0.513788,0.000000,0.491062,0.000000,0.505552,0.000000
0.000000,0.000000,0.000000,0.000000,0.000000,0.471518,0.000000,0.000000,0.000000,0.470229,0.000000,0.000000,0.000000,0.000000,0.557341,0.000000,0.000000,0.000000,0.000000,0.000000,0.000000,0.000000,0.000000,0.000000,0.523971,0.000000,0.000000,0.466400,0.000000,0.000000,0.000000,0.000000,0.000000,0.000000,0.000000,0.000000,0.000000,0.545871,0.000000,0.406381,0.000000,0.000000,0.641214,0.000000,0.631837,0.389736,0.352838,0.396012,0.653102,0.401140,0.000000,0.352049,0.000000,0.377759,0.000000,0.384507,0.000000,0.000000,0.000000,0.000000,0.000000,0.000000,0.000000,0.000000,0.000000,0.000000,0.483138,0.419895,0.000000,0.000000,0.000000,0.454396,0.000000,0.000000,0.000000,0.000000,0.000000,0.460694,0.000000,0.000000,0.589900,0.000000,0.583855,0.470608,0.600188,0.456972,0.000000,0.454923,0.597542,0.430161
0.000000,0.000000,0.000000,0.000000,0.466568,0.000000,0.000000,0.000000,0.000000,0.000000,0.000000,0.000000,0.476484,0.000000,0.474757,0.000000,0.000000,0.000000,0.000000,0.000000,0.000000,0.000000,0.000000,0.000000,0.461752,0.000000,0.000000,0.000000,0.000000,0.000000,0.000000,0.000000,0.000000,0.000000,0.508632,0.000000,0.508418,0.578603,0.440200,0.000000,0.467615,0.000000,0.386197,0.631837,0.000000,0.589873,0.465737,0.395920,0.368112,0.589626,0.418265,0.000000,0.000000,0.000000,0.447161,0.000000,0.000000,0.000000,0.000000,0.000000,0.000000,0.000000,0.000000,0.000000,0.000000,0.000000,0.327065,0.588072,0.000000,0.000000,0.000000,0.000000,0.475356,0.000000,0.000000,0.000000,0.463876,0.572205,0.000000,0.000000,0.475975,0.000000,0.493067,0.000000,0.467128,0.000000,0.000000,0.000000,0.500182,0.000000
0.000000,0.000000,0.000000,0.000000,0.000000,0.000000,0.000000,0.000000,0.000000,0.000000,0.000000,0.000000,0.000000,0.000000,0.510697,0.000000,0.000000,0.000000,0.000000,0.000000,0.000000,0.000000,0.000000,0.000000,0.000000,0.000000,0.000000,0.000000,0.000000,0.000000,0.000000,0.000000,0.000000,0.000000,0.502138,0.473427,0.000000,0.460254,0.000000,0.443320,0.000000,0.000000,0.606259,0.389736,0.589873,0.000000,0.465012,0.451627,0.614489,0.355793,0.000000,0.422847,0.000000,0.000000,0.000000,0.000000,0.000000,0.000000,0.000000,0.322076,0.000000,0.000000,0.000000,0.000000,0.000000,0.000000,0.455943,0.385331,0.000000,0.000000,0.000000,0.000000,0.000000,0.000000,0.000000,0.000000,0.000000,0.461750,0.000000,0.000000,0.000000,0.000000,0.000000,0.000000,0.000000,0.000000,0.000000,0.000000,0.000000,0.000000
0.000000,0.000000,0.000000,0.000000,0.000000,0.000000,0.000000,0.000000,0.000000,0.000000,0.000000,0.000000,0.000000,0.000000,0.514678,0.000000,0.000000,0.000000,0.000000,0.000000,0.000000,0.000000,0.000000,0.000000,0.000000,0.000000,0.000000,0.000000,0.000000,0.000000,0.000000,0.000000,0.000000,0.000000,0.320386,0.000000,0.422678,0.000000,0.450116,0.476419,0.000000,0.000000,0.387554,0.352838,0.465737,0.465012,0.000000,0.472203,0.000000,0.000000,0.338795,0.000000,0.375970,0.000000,0.376634,0.000000,0.000000,0.000000,0.000000,0.000000,0.000000,0.000000,0.000000,0.000000,0.000000,0.000000,0.362921,0.000000,0.000000,0.000000,0.000000,0.000000,0.000000,0.000000,0.000000,0.000000,0.000000,0.000000,0.000000,0.000000,0.000000,0.000000,0.537895,0.000000,0.533356,0.000000,0.525791,0.000000,0.524395,0.000000
0.000000,0.000000,0.000000,0.000000,0.000000,0.473392,0.000000,0.000000,0.000000,0.000000,0.000000,0.000000,0.000000,0.000000,0.000000,0.000000,0.000000,0.000000,0.000000,0.000000,0.000000,0.000000,0.000000,0.000000,0.000000,0.000000,0.000000,0.466720,0.000000,0.000000,0.000000,0.000000,0.000000,0.000000,0.000000,0.000000,0.000000,0.401733,0.000000,0.385196,0.000000,0.408377,0.406791,0.396012,0.395920,0.451627,0.472203,0.000000,0.000000,0.447107,0.000000,0.292131,0.000000,0.340149,0.000000,0.364961,0.000000,0.000000,0.000000,0.000000,0.000000,0.000000,0.000000,0.000000,0.000000,0.000000,0.544281,0.354770,0.000000,0.000000,0.000000,0.000000,0.000000,0.000000,0.000000,0.000000,0.000000,0.000000,0.000000,0.000000,0.000000,0.000000,0.000000,0.485181,0.000000,0.474900,0.000000,0.472312,0.000000,0.000000
0.000000,0.000000,0.000000,0.000000,0.469292,0.000000,0.000000,0.000000,0.000000,0.000000,0.000000,0.000000,0.462750,0.000000,0.457844,0.000000,0.000000,0.000000,0.000000,0.000000,0.000000,0.000000,0.000000,0.000000,0.460708,0.000000,0.000000,0.000000,0.000000,0.000000,0.000000,0.000000,0.000000,0.000000,0.000000,0.000000,0.451760,0.000000,0.000000,0.000000,0.501519,0.000000,0.356792,0.653102,0.368112,0.614489,0.000000,0.000000,0.000000,0.592551,0.404527,0.000000,0.411452,0.000000,0.396071,0.000000,0.000000,0.000000,0.308135,0.000000,0.333465,0.000000,0.000000,0.000000,0.000000,0.000000,0.334863,0.559083,0.000000,0.000000,0.000000,0.000000,0.000000,0.000000,0.000000,0.000000,0.467165,0.000000,0.000000,0.000000,0.478108,0.000000,0.479069,0.552668,0.465156,0.000000,0.000000,0.000000,0.424224,0.000000
