0.000000,0.000000,0.446583,0.000000,0.000000,0.000000,0.364576,0.000000,0.000000,0.000000,0.394433,0.000000,0.410870,0.000000,0.000000,0.000000,0.424094,0.000000,0.431764,0.000000,0.000000,0.000000,0.000000,0.000000,0.000000,0.000000,0.000000,0.000000,0.455208,0.000000,0.000000,0.000000,0.000000,0.693543,0.000000,0.000000,0.000000,0.000000,0.000000,0.000000,0.000000,0.000000,0.000000,0.000000,0.000000,0.000000,0.000000,0.000000,0.000000,0.000000,0.000000,0.000000,0.000000,0.000000,0.000000,0.000000,0.390986,0.000000,0.000000,0.000000,0.557945,0.000000,0.000000,0.000000,0.513652,0.000000,0.000000,0.000000,0.414588,0.000000,0.000000,0.000000,0.491612,0.000000,0.000000,0.000000,0.000000,0.000000,0.392447,0.000000,0.417189,0.000000,0.435375,0.000000,0.545096,0.000000,0.000000,0.000000,0.000000,0.000000
0.000000,0.000000,0.000000,0.359027,0.000000,0.000000,0.000000,0.333224,0.000000,0.000000,0.000000,0.383216,0.000000,0.379255,0.000000,0.000000,0.000000,0.395545,0.000000,0.355987,0.000000,0.000000,0.000000,0.000000,0.000000,0.000000,0.000000,0.000000,0.000000,0.462736,0.000000,0.000000,0.000000,0.000000,0.000000,0.000000,0.000000,0.000000,0.000000,0.000000,0.000000,0.000000,0.000000,0.000000,0.000000,0.000000,0.000000,0.000000,0.000000,0.000000,0.000000,0.000000,0.000000,0.000000,0.000000,0.000000,0.000000,0.452699,0.000000,0.000000,0.000000,0.515894,0.000000,0.440321,0.000000,0.000000,0.000000,0.000000,0.000000,0.505083,0.000000,0.000000,0.000000,0.478303,0.000000,0.000000,0.000000,0.000000,0.000000,0.000000,0.000000,0.000000,0.000000,0.000000,0.000000,0.000000,0.000000,0.000000,0.000000,0.000000
0.446583,0.000000,0.000000,0.521331,0.353639,0.000000,0.392117,0.000000,0.367309,0.000000,0.437980,0.000000,0.403296,0.000000,0.424562,0.000000,0.457963,0.000000,0.308245,0.000000,0.000000,0.000000,0.379545,0.551814,0.000000,0.000000,0.000000,0.000000,0.446676,0.000000,0.396957,0.513847,0.381122,0.000000,0.000000,0.000000,0.000000,0.000000,0.000000,0.000000,0.000000,0.000000,0.000000,0.000000,0.000000,0.000000,0.000000,0.000000,0.000000,0.000000,0.000000,0.000000,0.000000,0.000000,0.000000,0.000000,0.416561,0.000000,0.462543,0.000000,0.000000,0.000000,0.000000,0.000000,0.000000,0.000000,0.537184,0.000000,0.000000,0.000000,0.000000,0.000000,0.401518,0.000000,0.000000,0.000000,0.000000,0.000000,0.000000,0.000000,0.000000,0.000000,0.438762,0.000000,0.000000,0.000000,0.000000,0.000000,0.000000,0.000000
0.000000,0.359027,0.521331,0.000000,0.000000,0.380786,0.000000,0.340282,0.000000,0.363852,0.000000,0.000000,0.000000,0.000000,0.542582,0.428781,0.000000,0.000000,0.000000,0.323039,0.548744,0.000000,0.000000,0.420300,0.000000,0.411903,0.000000,0.000000,0.569053,0.399676,0.000000,0.408982,0.000000,0.306174,0.000000,0.000000,0.000000,0.000000,0.000000,0.000000,0.000000,0.000000,0.000000,0.000000,0.000000,0.000000,0.000000,0.000000,0.000000,0.000000,0.000000,0.000000,0.000000,0.000000,0.000000,0.000000,0.000000,0.000000,0.000000,0.000000,0.000000,0.469875,0.000000,0.000000,0.000000,0.574459,0.000000,0.551431,0.000000,0.000000,0.000000,0.372162,0.000000,0.000000,0.000000,0.000000,0.000000,0.000000,0.000000,0.000000,0.541444,0.000000,0.000000,0.000000,0.000000,0.000000,0.000000,0.000000,0.000000,0.000000
0.000000,0.000000,0.353639,0.000000,0.000000,0.536038,0.343457,0.000000,0.406622,0.000000,0.000000,0.000000,0.000000,0.000000,0.379666,0.000000,0.000000,0.000000,0.000000,0.000000,0.317924,0.000000,0.308228,0.522915,0.295603,0.542274,0.277585,0.000000,0.306177,0.000000,0.424753,0.486479,0.469735,0.000000,0.000000,0.000000,0.000000,0.000000,0.000000,0.000000,0.000000,0.000000,0.000000,0.000000,0.000000,0.000000,0.000000,0.000000,0.000000,0.000000,0.000000,0.000000,0.000000,0.000000,0.000000,0.000000,0.000000,0.000000,0.000000,0.000000,0.000000,0.000000,0.000000,0.000000,0.000000,0.000000,0.456619,0.000000,0.000000,0.000000,0.359054,0.000000,0.317814,0.000000,0.000000,0.000000,0.000000,0.000000,0.000000,0.000000,0.000000,0.000000,0.430938,0.000000,0.000000,0.000000,0.000000,0.000000,0.000000,0.000000
0.000000,0.000000,0.000000,0.380786,0.536038,0.000000,0.000000,0.000000,0.563863,0.385659,0.000000,0.000000,0.000000,0.000000,0.000000,0.426923,0.000000,0.000000,0.000000,0.000000,0.000000,0.370574,0.000000,0.405307,0.512066,0.373848,0.000000,0.332597,0.000000,0.000000,0.522361,0.402755,0.000000,0.000000,0.000000,0.000000,0.000000,0.000000,0.000000,0.000000,0.000000,0.000000,0.000000,0.000000,0.000000,0.000000,0.000000,0.544238,0.000000,0.000000,0.000000,0.000000,0.000000,0.000000,0.000000,0.000000,0.000000,0.000000,0.000000,0.000000,0.000000,0.000000,0.000000,0.000000,0.000000,0.000000,0.000000,0.000000,0.000000,0.000000,0.000000,0.444252,0.000000,0.411620,0.000000,0.000000,0.485835,0.461162,0.000000,0.000000,0.000000,0.523936,0.000000,0.458177,0.000000,0.524740,0.000000,0.515156,0.000000,0.000000
0.364576,0.000000,0.392117,0.000000,0.343457,0.000000,0.000000,0.000000,0.000000,0.000000,0.395412,0.000000,0.413250,0.000000,0.404566,0.000000,0.000000,0.000000,0.000000,0.000000,0.000000,0.000000,0.348334,0.000000,0.000000,0.000000,0.000000,0.000000,0.424589,0.000000,0.000000,0.000000,0.000000,0.000000,0.000000,0.000000,0.000000,0.000000,0.000000,0.000000,0.000000,0.000000,0.000000,0.000000,0.000000,0.000000,0.000000,0.000000,0.000000,0.000000,0.000000,0.000000,0.000000,0.000000,0.000000,0.000000,0.000000,0.000000,0.000000,0.000000,0.000000,0.000000,0.000000,0.000000,0.000000,0.000000,0.000000,0.000000,0.000000,0.000000,0.000000,0.000000,0.000000,0.000000,0.000000,0.000000,0.000000,0.000000,0.000000,0.000000,0.000000,0.000000,0.000000,0.000000,0.000000,0.000000,0.000000,0.000000,0.000000,0.000000
0.000000,0.333224,0.000000,0.340282,0.000000,0.000000,0.000000,0.000000,0.000000,0.274592,0.000000,0.347217,0.000000,0.338228,0.000000,0.000000,0.000000,0.000000,0.000000,0.383385,0.000000,0.000000,0.000000,0.386452,0.000000,0.000000,0.000000,0.000000,0.000000,0.000000,0.000000,0.379157,0.000000,0.375591,0.000000,0.000000,0.000000,0.000000,0.000000,0.000000,0.000000,0.000000,0.000000,0.000000,0.000000,0.000000,0.000000,0.000000,0.000000,0.000000,0.000000,0.000000,0.000000,0.000000,0.000000,0.000000,0.000000,0.336550,0.000000,0.000000,0.000000,0.000000,0.000000,0.000000,0.000000,0.000000,0.000000,0.000000,0.000000,0.000000,0.000000,0.000000,0.000000,0.000000,0.000000,0.000000,0.000000,0.000000,0.000000,0.000000,0.000000,0.000000,0.000000,0.000000,0.000000,0.000000,0.000000,0.000000,0.000000,0.000000
0.000000,0.000000,0.367309,0.000000,0.406622,0.563863,0.000000,0.000000,0.000000,0.520880,0.000000,0.000000,0.325673,0.000000,0.433066,0.000000,0.000000,0.000000,0.000000,0.000000,0.327604,0.000000,0.000000,0.000000,0.425628,0.549364,0.000000,0.000000,0.000000,0.000000,0.405332,0.000000,0.000000,0.000000,0.000000,0.000000,0.000000,0.000000,0.000000,0.000000,0.000000,0.000000,0.524149,0.000000,0.520407,0.000000,0.545970,0.000000,0.500892,0.000000,0.513038,0.000000,0.000000,0.000000,0.555802,0.000000,0.000000,0.000000,0.000000,0.000000,0.535620,0.000000,0.000000,0.000000,0.528924,0.000000,0.000000,0.000000,0.000000,0.000000,0.000000,0.000000,0.428463,0.000000,0.428876,0.000000,0.000000,0.000000,0.000000,0.000000,0.534474,0.000000,0.537594,0.000000,0.000000,0.548645,0.000000,0.000000,0.000000,0.000000
0.000000,0.000000,0.000000,0.363852,0.000000,0.385659,0.000000,0.274592,0.520880,0.000000,0.000000,0.000000,0.000000,0.000000,0.000000,0.395086,0.000000,0.000000,0.000000,0.000000,0.000000,0.446539,0.000000,0.367603,0.000000,0.347428,0.000000,0.000000,0.000000,0.441663,0.000000,0.305612,0.000000,0.000000,0.000000,0.000000,0.000000,0.000000,0.000000,0.000000,0.000000,0.000000,0.000000,0.534804,0.000000,0.000000,0.000000,0.556824,0.000000,0.526037,0.000000,0.000000,0.000000,0.000000,0.000000,0.527419,0.000000,0.000000,0.000000,0.000000,0.000000,0.000000,0.000000,0.000000,0.000000,0.000000,0.000000,0.000000,0.000000,0.000000,0.000000,0.391454,0.000000,0.442266,0.000000,0.472537,0.458904,0.450890,0.000000,0.000000,0.000000,0.504949,0.000000,0.452571,0.000000,0.502560,0.000000,0.486898,0.000000,0.000000
0.394433,0.000000,0.437980,0.000000,0.000000,0.000000,0.395412,0.000000,0.000000,0.000000,0.000000,0.000000,0.367008,0.000000,0.460106,0.000000,0.373492,0.000000,0.000000,0.000000,0.000000,0.000000,0.000000,0.000000,0.000000,0.000000,0.000000,0.000000,0.415087,0.000000,0.000000,0.000000,0.000000,0.000000,0.000000,0.000000,0.000000,0.000000,0.000000,0.000000,0.000000,0.000000,0.000000,0.000000,0.000000,0.000000,0.000000,0.000000,0.000000,0.000000,0.000000,0.000000,0.000000,0.000000,0.000000,0.000000,0.367559,0.000000,0.000000,0.000000,0.000000,0.000000,0.000000,0.000000,0.000000,0.000000,0.000000,0.000000,0.000000,0.000000,0.000000,0.000000,0.000000,0.000000,0.000000,0.000000,0.000000,0.000000,0.000000,0.000000,0.000000,0.000000,0.445660,0.000000,0.000000,0.000000,0.000000,0.000000,0.000000,0.000000
0.000000,0.383216,0.000000,0.000000,0.000000,0.000000,0.000000,0.347217,0.000000,0.000000,0.000000,0.000000,0.000000,0.376902,0.000000,0.000000,0.000000,0.368835,0.000000,0.425373,0.000000,0.000000,0.000000,0.437369,0.000000,0.000000,0.000000,0.000000,0.000000,0.375224,0.501352,0.000000,0.000000,0.428699,0.000000,0.000000,0.000000,0.000000,0.000000,0.000000,0.000000,0.000000,0.000000,0.000000,0.000000,0.000000,0.000000,0.000000,0.000000,0.000000,0.000000,0.000000,0.000000,0.000000,0.000000,0.000000,0.000000,0.392343,0.000000,0.000000,0.000000,0.511535,0.000000,0.527348,0.000000,0.000000,0.000000,0.000000,0.000000,0.000000,0.000000,0.000000,0.000000,0.397446,0.000000,0.000000,0.000000,0.000000,0.000000,0.000000,0.000000,0.456926,0.000000,0.000000,0.000000,0.000000,0.000000,0.000000,0.000000,0.000000
0.410870,0.000000,0.403296,0.000000,0.000000,0.000000,0.413250,0.000000,0.325673,0.000000,0.367008,0.000000,0.000000,0.000000,0.434941,0.000000,0.429497,0.000000,0.000000,0.000000,0.000000,0.000000,0.000000,0.000000,0.000000,0.000000,0.000000,0.000000,0.417959,0.000000,0.398243,0.454932,0.000000,0.000000,0.000000,0.000000,0.000000,0.000000,0.000000,0.000000,0.000000,0.000000,0.000000,0.000000,0.000000,0.000000,0.000000,0.000000,0.000000,0.000000,0.523573,0.000000,0.000000,0.000000,0.000000,0.000000,0.000000,0.000000,0.000000,0.000000,0.000000,0.000000,0.000000,0.000000,0.512909,0.000000,0.000000,0.000000,0.000000,0.000000,0.000000,0.000000,0.000000,0.000000,0.000000,0.000000,0.000000,0.000000,0.000000,0.000000,0.522906,0.000000,0.486461,0.000000,0.000000,0.000000,0.000000,0.000000,0.000000,0.000000
0.000000,0.379255,0.000000,0.000000,0.000000,0.000000,0.000000,0.338228,0.000000,0.000000,0.000000,0.376902,0.000000,0.000000,0.000000,0.297706,0.000000,0.371777,0.000000,0.000000,0.000000,0.000000,0.000000,0.000000,0.000000,0.000000,0.000000,0.000000,0.000000,0.358651,0.000000,0.352811,0.628706,0.000000,0.000000,0.000000,0.000000,0.000000,0.000000,0.000000,0.000000,0.000000,0.000000,0.000000,0.000000,0.000000,0.000000,0.000000,0.000000,0.000000,0.658629,0.000000,0.000000,0.000000,0.000000,0.000000,0.000000,0.346257,0.000000,0.000000,0.611317,0.000000,0.000000,0.000000,0.000000,0.560577,0.000000,0.574778,0.000000,0.000000,0.000000,0.000000,0.000000,0.374846,0.000000,0.000000,0.000000,0.000000,0.000000,0.000000,0.555134,0.000000,0.000000,0.000000,0.000000,0.000000,0.000000,0.000000,0.000000,0.000000
0.000000,0.000000,0.424562,0.542582,0.379666,0.000000,0.404566,0.000000,0.433066,0.000000,0.460106,0.000000,0.434941,0.000000,0.000000,0.000000,0.357625,0.000000,0.407973,0.000000,0.393527,0.000000,0.000000,0.000000,0.427267,0.000000,0.304244,0.000000,0.395700,0.000000,0.435334,0.542368,0.518424,0.527259,0.000000,0.000000,0.000000,0.000000,0.328292,0.000000,0.000000,0.000000,0.492097,0.000000,0.518933,0.000000,0.541522,0.000000,0.490272,0.000000,0.531391,0.000000,0.000000,0.000000,0.000000,0.000000,0.000000,0.000000,0.464699,0.000000,0.478403,0.000000,0.000000,0.000000,0.533866,0.000000,0.000000,0.503680,0.000000,0.000000,0.436067,0.000000,0.388543,0.405208,0.000000,0.000000,0.000000,0.000000,0.000000,0.000000,0.522472,0.516605,0.450715,0.455238,0.000000,0.000000,0.000000,0.000000,0.000000,0.000000
0.000000,0.000000,0.000000,0.428781,0.000000,0.426923,0.000000,0.000000,0.000000,0.395086,0.000000,0.000000,0.000000,0.297706,0.000000,0.000000,0.000000,0.000000,0.000000,0.000000,0.000000,0.277684,0.000000,0.418248,0.000000,0.447083,0.000000,0.328816,0.000000,0.378321,0.000000,0.418954,0.619653,0.573078,0.000000,0.000000,0.000000,0.000000,0.000000,0.404379,0.000000,0.000000,0.000000,0.515584,0.000000,0.000000,0.000000,0.547601,0.000000,0.000000,0.642090,0.000000,0.000000,0.000000,0.000000,0.514311,0.000000,0.000000,0.000000,0.000000,0.614920,0.000000,0.000000,0.000000,0.000000,0.538657,0.000000,0.000000,0.000000,0.000000,0.000000,0.396985,0.000000,0.356499,0.000000,0.000000,0.000000,0.000000,0.000000,0.000000,0.000000,0.501466,0.000000,0.413839,0.000000,0.443137,0.000000,0.000000,0.000000,0.000000
0.424094,0.000000,0.457963,0.000000,0.000000,0.000000,0.000000,0.000000,0.000000,0.000000,0.373492,0.000000,0.429497,0.000000,0.357625,0.000000,0.000000,0.000000,0.457393,0.000000,0.000000,0.000000,0.000000,0.000000,0.000000,0.000000,0.000000,0.000000,0.422866,0.000000,0.000000,0.000000,0.450002,0.000000,0.000000,0.000000,0.000000,0.000000,0.000000,0.000000,0.000000,0.000000,0.000000,0.000000,0.000000,0.000000,0.000000,0.000000,0.000000,0.000000,0.000000,0.000000,0.000000,0.000000,0.000000,0.000000,0.402384,0.000000,0.449087,0.000000,0.480872,0.000000,0.347881,0.000000,0.483470,0.000000,0.384071,0.000000,0.000000,0.483599,0.000000,0.000000,0.000000,0.000000,0.000000,0.000000,0.553569,0.000000,0.383292,0.000000,0.418150,0.000000,0.425166,0.000000,0.517960,0.000000,0.000000,0.000000,0.538142,0.000000
0.000000,0.395545,0.000000,0.000000,0.000000,0.000000,0.000000,0.000000,0.000000,0.000000,0.000000,0.368835,0.000000,0.371777,0.000000,0.000000,0.000000,0.000000,0.423420,0.428857,0.000000,0.000000,0.000000,0.000000,0.000000,0.000000,0.000000,0.000000,0.000000,0.361798,0.000000,0.000000,0.513954,0.496881,0.000000,0.000000,0.000000,0.000000,0.000000,0.000000,0.000000,0.000000,0.000000,0.000000,0.000000,0.000000,0.000000,0.000000,0.000000,0.000000,0.000000,0.000000,0.000000,0.000000,0.000000,0.000000,0.000000,0.355681,0.000000,0.450264,0.000000,0.503848,0.000000,0.480158,0.000000,0.493796,0.000000,0.486648,0.446604,0.447057,0.000000,0.000000,0.000000,0.355957,0.000000,0.000000,0.000000,0.000000,0.000000,0.348926,0.493609,0.361314,0.000000,0.273184,0.000000,0.496298,0.000000,0.000000,0.000000,0.520101
0.431764,0.000000,0.308245,0.000000,0.000000,0.000000,0.000000,0.000000,0.000000,0.000000,0.000000,0.000000,0.000000,0.000000,0.407973,0.000000,0.457393,0.423420,0.000000,0.366709,0.000000,0.000000,0.396452,0.420924,0.000000,0.000000,0.000000,0.000000,0.449847,0.408813,0.416757,0.000000,0.333125,0.397577,0.000000,0.000000,0.559403,0.000000,0.521544,0.000000,0.000000,0.000000,0.000000,0.000000,0.000000,0.000000,0.000000,0.000000,0.000000,0.000000,0.000000,0.000000,0.000000,0.000000,0.000000,0.000000,0.000000,0.000000,0.455039,0.000000,0.000000,0.000000,0.000000,0.000000,0.000000,0.464964,0.453230,0.450936,0.355087,0.000000,0.000000,0.000000,0.466745,0.423192,0.425202,0.000000,0.000000,0.000000,0.000000,0.000000,0.421058,0.000000,0.424044,0.000000,0.000000,0.000000,0.000000,0.000000,0.000000,0.000000
0.000000,0.355987,0.000000,0.323039,0.000000,0.000000,0.000000,0.383385,0.000000,0.000000,0.000000,0.425373,0.000000,0.000000,0.000000,0.000000,0.000000,0.428857,0.366709,0.000000,0.000000,0.000000,0.397237,0.362802,0.000000,0.000000,0.000000,0.000000,0.000000,0.445693,0.000000,0.000000,0.382610,0.442054,0.000000,0.000000,0.569534,0.000000,0.532683,0.000000,0.523016,0.000000,0.000000,0.000000,0.000000,0.000000,0.000000,0.567106,0.000000,0.000000,0.000000,0.000000,0.000000,0.000000,0.000000,0.000000,0.000000,0.000000,0.000000,0.434101,0.000000,0.434685,0.000000,0.000000,0.000000,0.459195,0.477218,0.544227,0.382815,0.404117,0.000000,0.000000,0.000000,0.452059,0.000000,0.000000,0.586601,0.000000,0.000000,0.000000,0.000000,0.000000,0.000000,0.000000,0.000000,0.000000,0.000000,0.000000,0.000000,0.000000
0.000000,0.000000,0.000000,0.548744,0.317924,0.000000,0.000000,0.000000,0.327604,0.000000,0.000000,0.000000,0.000000,0.000000,0.393527,0.000000,0.000000,0.000000,0.000000,0.000000,0.000000,0.000000,0.000000,0.000000,0.276865,0.000000,0.305632,0.000000,0.000000,0.000000,0.277847,0.554645,0.000000,0.000000,0.000000,0.000000,0.000000,0.000000,0.000000,0.000000,0.339767,0.000000,0.547292,0.000000,0.000000,0.000000,0.000000,0.000000,0.473313,0.000000,0.000000,0.000000,0.000000,0.000000,0.000000,0.000000,0.000000,0.000000,0.000000,0.000000,0.000000,0.000000,0.000000,0.000000,0.000000,0.000000,0.000000,0.000000,0.000000,0.000000,0.307858,0.000000,0.338941,0.000000,0.000000,0.000000,0.000000,0.000000,0.000000,0.000000,0.000000,0.000000,0.445441,0.000000,0.000000,0.000000,0.423210,0.000000,0.000000,0.000000
0.000000,0.000000,0.000000,0.000000,0.000000,0.370574,0.000000,0.000000,0.000000,0.446539,0.000000,0.000000,0.000000,0.000000,0.000000,0.277684,0.000000,0.000000,0.000000,0.000000,0.000000,0.000000,0.000000,0.000000,0.000000,0.358284,0.000000,0.351903,0.000000,0.341240,0.223218,0.354458,0.000000,0.000000,0.000000,0.000000,0.000000,0.000000,0.000000,0.000000,0.000000,0.429657,0.000000,0.000000,0.000000,0.000000,0.000000,0.000000,0.000000,0.000000,0.000000,0.000000,0.000000,0.000000,0.000000,0.000000,0.000000,0.000000,0.000000,0.000000,0.000000,0.000000,0.000000,0.000000,0.000000,0.000000,0.000000,0.000000,0.000000,0.000000,0.000000,0.309958,0.000000,0.405645,0.000000,0.000000,0.000000,0.000000,0.000000,0.000000,0.000000,0.000000,0.000000,0.337281,0.000000,0.000000,0.000000,0.000000,0.000000,0.000000
0.000000,0.000000,0.379545,0.000000,0.308228,0.000000,0.348334,0.000000,0.000000,0.000000,0.000000,0.000000,0.000000,0.000000,0.000000,0.000000,0.000000,0.000000,0.396452,0.397237,0.000000,0.000000,0.000000,0.297096,0.293586,0.000000,0.000000,0.000000,0.000000,0.420409,0.370644,0.356305,0.378397,0.359266,0.000000,0.000000,0.000000,0.000000,0.000000,0.000000,0.000000,0.000000,0.000000,0.000000,0.000000,0.000000,0.000000,0.000000,0.000000,0.000000,0.000000,0.000000,0.000000,0.000000,0.000000,0.000000,0.000000,0.000000,0.589642,0.000000,0.000000,0.000000,0.000000,0.000000,0.000000,0.000000,0.000000,0.000000,0.417275,0.000000,0.000000,0.000000,0.000000,0.418794,0.000000,0.000000,0.000000,0.000000,0.000000,0.000000,0.000000,0.000000,0.000000,0.000000,0.000000,0.000000,0.000000,0.000000,0.000000,0.000000
0.000000,0.000000,0.551814,0.420300,0.522915,0.405307,0.000000,0.386452,0.000000,0.367603,0.000000,0.437369,0.000000,0.000000,0.000000,0.418248,0.000000,0.000000,0.420924,0.362802,0.000000,0.000000,0.297096,0.000000,0.000000,0.341646,0.000000,0.000000,0.000000,0.000000,0.509190,0.416618,0.545988,0.379353,0.000000,0.000000,0.000000,0.000000,0.000000,0.000000,0.000000,0.000000,0.000000,0.000000,0.000000,0.000000,0.000000,0.000000,0.000000,0.000000,0.000000,0.000000,0.000000,0.000000,0.000000,0.000000,0.000000,0.000000,0.000000,0.000000,0.000000,0.000000,0.000000,0.000000,0.000000,0.000000,0.532600,0.537566,0.438428,0.000000,0.000000,0.000000,0.000000,0.452875,0.000000,0.000000,0.549036,0.000000,0.000000,0.000000,0.000000,0.000000,0.000000,0.000000,0.000000,0.000000,0.000000,0.000000,0.000000,0.000000
0.000000,0.000000,0.000000,0.000000,0.295603,0.512066,0.000000,0.000000,0.425628,0.000000,0.000000,0.000000,0.000000,0.000000,0.427267,0.000000,0.000000,0.000000,0.000000,0.000000,0.276865,0.000000,0.293586,0.000000,0.000000,0.492365,0.316262,0.000000,0.000000,0.000000,0.305427,0.520576,0.000000,0.000000,0.000000,0.000000,0.000000,0.000000,0.000000,0.000000,0.000000,0.000000,0.000000,0.000000,0.000000,0.000000,0.000000,0.000000,0.000000,0.000000,0.000000,0.000000,0.000000,0.000000,0.000000,0.000000,0.000000,0.000000,0.000000,0.000000,0.000000,0.000000,0.000000,0.000000,0.000000,0.000000,0.000000,0.000000,0.000000,0.000000,0.000000,0.000000,0.000000,0.000000,0.000000,0.000000,0.000000,0.000000,0.000000,0.000000,0.000000,0.000000,0.000000,0.000000,0.000000,0.000000,0.000000,0.000000,0.000000,0.000000
0.000000,0.000000,0.000000,0.411903,0.542274,0.373848,0.000000,0.000000,0.549364,0.347428,0.000000,0.000000,0.000000,0.000000,0.000000,0.447083,0.000000,0.000000,0.000000,0.000000,0.000000,0.358284,0.000000,0.341646,0.492365,0.000000,0.000000,0.268490,0.000000,0.000000,0.466615,0.360751,0.000000,0.000000,0.000000,0.000000,0.000000,0.000000,0.000000,0.000000,0.000000,0.000000,0.000000,0.000000,0.000000,0.000000,0.000000,0.541073,0.000000,0.000000,0.000000,0.000000,0.000000,0.000000,0.000000,0.000000,0.000000,0.000000,0.000000,0.000000,0.000000,0.000000,0.000000,0.000000,0.000000,0.000000,0.000000,0.000000,0.000000,0.000000,0.000000,0.388387,0.000000,0.000000,0.000000,0.000000,0.000000,0.450960,0.000000,0.000000,0.000000,0.555676,0.000000,0.494456,0.000000,0.000000,0.000000,0.000000,0.000000,0.000000
0.000000,0.000000,0.000000,0.000000,0.277585,0.000000,0.000000,0.000000,0.000000,0.000000,0.000000,0.000000,0.000000,0.000000,0.304244,0.000000,0.000000,0.000000,0.000000,0.000000,0.305632,0.000000,0.000000,0.000000,0.316262,0.000000,0.000000,0.353107,0.000000,0.000000,0.322974,0.000000,0.000000,0.000000,0.000000,0.000000,0.000000,0.000000,0.000000,0.000000,0.000000,0.000000,0.000000,0.000000,0.000000,0.000000,0.000000,0.000000,0.000000,0.000000,0.000000,0.000000,0.000000,0.000000,0.000000,0.000000,0.000000,0.000000,0.000000,0.000000,0.000000,0.000000,0.000000,0.000000,0.000000,0.000000,0.000000,0.000000,0.000000,0.000000,0.304322,0.000000,0.000000,0.000000,0.000000,0.000000,0.363138,0.000000,0.000000,0.000000,0.000000,0.000000,0.389221,0.000000,0.000000,0.000000,0.404257,0.000000,0.000000,0.000000
0.000000,0.000000,0.000000,0.000000,0.000000,0.332597,0.000000,0.000000,0.000000,0.000000,0.000000,0.000000,0.000000,0.000000,0.000000,0.328816,0.000000,0.000000,0.000000,0.000000,0.000000,0.351903,0.000000,0.000000,0.000000,0.268490,0.353107,0.000000,0.000000,0.322879,0.000000,0.242351,0.000000,0.000000,0.000000,0.000000,0.000000,0.000000,0.000000,0.000000,0.000000,0.396082,0.000000,0.000000,0.000000,0.000000,0.000000,0.000000,0.000000,0.000000,0.000000,0.000000,0.000000,0.000000,0.000000,0.000000,0.000000,0.000000,0.000000,0.000000,0.000000,0.000000,0.000000,0.000000,0.000000,0.000000,0.000000,0.000000,0.000000,0.000000,0.000000,0.294502,0.000000,0.381386,0.000000,0.000000,0.000000,0.000000,0.000000,0.000000,0.000000,0.000000,0.000000,0.417169,0.000000,0.000000,0.000000,0.000000,0.000000,0.000000
0.455208,0.000000,0.446676,0.569053,0.306177,0.000000,0.424589,0.000000,0.000000,0.000000,0.415087,0.000000,0.417959,0.000000,0.395700,0.000000,0.422866,0.000000,0.449847,0.000000,0.000000,0.000000,0.000000,0.000000,0.000000,0.000000,0.000000,0.000000,0.000000,0.531693,0.455742,0.566040,0.515078,0.504391,0.000000,0.000000,0.000000,0.000000,0.000000,0.000000,0.000000,0.000000,0.000000,0.000000,0.520817,0.000000,0.000000,0.000000,0.520750,0.000000,0.523436,0.000000,0.000000,0.000000,0.000000,0.000000,0.481372,0.000000,0.476968,0.000000,0.458043,0.000000,0.000000,0.000000,0.463419,0.617084,0.000000,0.537227,0.453776,0.000000,0.000000,0.543925,0.435899,0.554049,0.000000,0.000000,0.000000,0.584013,0.382787,0.000000,0.449795,0.567025,0.431250,0.000000,0.522070,0.583705,0.000000,0.000000,0.534104,0.000000
0.000000,0.462736,0.000000,0.399676,0.000000,0.000000,0.000000,0.000000,0.000000,0.441663,0.000000,0.375224,0.000000,0.358651,0.000000,0.378321,0.000000,0.361798,0.408813,0.445693,0.000000,0.341240,0.420409,0.000000,0.000000,0.000000,0.000000,0.322879,0.531693,0.000000,0.396610,0.399502,0.670615,0.569061,0.000000,0.000000,0.582651,0.000000,0.000000,0.000000,0.000000,0.000000,0.000000,0.536900,0.000000,0.507879,0.000000,0.535757,0.000000,0.000000,0.686908,0.000000,0.000000,0.000000,0.000000,0.000000,0.000000,0.386819,0.000000,0.480666,0.641419,0.493667,0.000000,0.486683,0.000000,0.488826,0.000000,0.504837,0.427508,0.534640,0.000000,0.359191,0.583153,0.352118,0.000000,0.399067,0.581154,0.000000,0.000000,0.346414,0.562956,0.480323,0.000000,0.392350,0.653967,0.487415,0.000000,0.406733,0.000000,0.481589
0.000000,0.000000,0.396957,0.000000,0.424753,0.522361,0.000000,0.000000,0.405332,0.000000,0.000000,0.501352,0.398243,0.000000,0.435334,0.000000,0.000000,0.000000,0.416757,0.000000,0.277847,0.223218,0.370644,0.509190,0.305427,0.466615,0.322974,0.000000,0.455742,0.396610,0.000000,0.507168,0.509861,0.409719,0.000000,0.000000,0.000000,0.000000,0.000000,0.000000,0.000000,0.000000,0.000000,0.000000,0.000000,0.000000,0.000000,0.000000,0.000000,0.000000,0.000000,0.000000,0.000000,0.000000,0.000000,0.000000,0.476476,0.000000,0.579432,0.000000,0.000000,0.490904,0.000000,0.000000,0.000000,0.000000,0.551185,0.529468,0.454865,0.000000,0.301850,0.536699,0.449821,0.527014,0.000000,0.000000,0.494626,0.000000,0.000000,0.000000,0.000000,0.000000,0.436847,0.000000,0.000000,0.000000,0.000000,0.000000,0.000000,0.000000
0.000000,0.000000,0.513847,0.408982,0.486479,0.402755,0.000000,0.379157,0.000000,0.305612,0.000000,0.000000,0.454932,0.352811,0.542368,0.418954,0.000000,0.000000,0.000000,0.000000,0.554645,0.354458,0.356305,0.416618,0.520576,0.360751,0.000000,0.242351,0.566040,0.399502,0.507168,0.000000,0.537663,0.470624,0.000000,0.000000,0.000000,0.000000,0.000000,0.000000,0.000000,0.000000,0.000000,0.000000,0.000000,0.000000,0.000000,0.000000,0.000000,0.000000,0.557510,0.000000,0.000000,0.000000,0.000000,0.000000,0.000000,0.000000,0.529524,0.000000,0.000000,0.000000,0.000000,0.000000,0.000000,0.557544,0.547513,0.562538,0.503216,0.532423,0.000000,0.392053,0.545395,0.446256,0.552209,0.450021,0.545963,0.444416,0.000000,0.000000,0.551758,0.000000,0.000000,0.429294,0.000000,0.000000,0.000000,0.000000,0.000000,0.000000
0.000000,0.000000,0.381122,0.000000,0.469735,0.000000,0.000000,0.000000,0.000000,0.000000,0.000000,0.000000,0.000000,0.628706,0.518424,0.619653,0.450002,0.513954,0.333125,0.382610,0.000000,0.000000,0.378397,0.545988,0.000000,0.000000,0.000000,0.000000,0.515078,0.670615,0.509861,0.537663,0.000000,0.575444,0.531523,0.407809,0.595001,0.000000,0.530658,0.731327,0.550222,0.000000,0.000000,0.000000,0.000000,0.000000,0.000000,0.686711,0.432161,0.000000,0.000000,0.000000,0.000000,0.000000,0.507069,0.000000,0.476067,0.000000,0.507352,0.000000,0.454094,0.000000,0.000000,0.000000,0.000000,0.663785,0.509592,0.510826,0.427539,0.533939,0.000000,0.504133,0.566469,0.612593,0.504120,0.409138,0.598524,0.585324,0.000000,0.000000,0.521695,0.575105,0.510291,0.587087,0.501494,0.610058,0.520711,0.000000,0.000000,0.000000
0.693543,0.000000,0.000000,0.306174,0.000000,0.000000,0.000000,0.375591,0.000000,0.000000,0.000000,0.428699,0.000000,0.000000,0.527259,0.573078,0.000000,0.496881,0.397577,0.442054,0.000000,0.000000,0.359266,0.379353,0.000000,0.000000,0.000000,0.000000,0.504391,0.569061,0.409719,0.470624,0.575444,0.000000,0.649924,0.460506,0.635228,0.489453,0.668845,0.686727,0.640111,0.000000,0.000000,0.596419,0.000000,0.617265,0.000000,0.629060,0.596942,0.540171,0.479192,0.000000,0.000000,0.000000,0.000000,0.524524,0.591552,0.000000,0.574396,0.544487,0.452455,0.447979,0.000000,0.000000,0.000000,0.487805,0.528705,0.531537,0.465190,0.474908,0.000000,0.490649,0.659263,0.608083,0.000000,0.000000,0.630196,0.583503,0.000000,0.000000,0.570590,0.569112,0.522988,0.601877,0.509146,0.535827,0.455984,0.469580,0.000000,0.471028
0.000000,0.000000,0.000000,0.000000,0.000000,0.000000,0.000000,0.000000,0.000000,0.000000,0.000000,0.000000,0.000000,0.000000,0.000000,0.000000,0.000000,0.000000,0.000000,0.000000,0.000000,0.000000,0.000000,0.000000,0.000000,0.000000,0.000000,0.000000,0.000000,0.000000,0.000000,0.000000,0.531523,0.649924,0.000000,0.274646,0.211307,0.000000,0.000000,0.000000,0.000000,0.000000,0.000000,0.000000,0.480733,0.000000,0.000000,0.000000,0.000000,0.000000,0.000000,0.000000,0.000000,0.000000,0.000000,0.000000,0.000000,0.000000,0.387848,0.000000,0.386304,0.000000,0.000000,0.000000,0.000000,0.653249,0.363507,0.370046,0.000000,0.000000,0.000000,0.000000,0.000000,0.000000,0.000000,0.000000,0.414946,0.000000,0.000000,0.000000,0.000000,0.000000,0.000000,0.000000,0.000000,0.000000,0.000000,0.000000,0.000000,0.000000
0.000000,0.000000,0.000000,0.000000,0.000000,0.000000,0.000000,0.000000,0.000000,0.000000,0.000000,0.000000,0.000000,0.000000,0.000000,0.000000,0.000000,0.000000,0.000000,0.000000,0.000000,0.000000,0.000000,0.000000,0.000000,0.000000,0.000000,0.000000,0.000000,0.000000,0.000000,0.000000,0.407809,0.460506,0.274646,0.000000,0.000000,0.222017,0.000000,0.000000,0.000000,0.000000,0.000000,0.000000,0.000000,0.000000,0.000000,0.474732,0.000000,0.000000,0.000000,0.000000,0.000000,0.000000,0.000000,0.000000,0.000000,0.000000,0.000000,0.000000,0.000000,0.000000,0.000000,0.000000,0.000000,0.000000,0.000000,0.421083,0.000000,0.000000,0.000000,0.000000,0.000000,0.000000,0.000000,0.000000,0.000000,0.000000,0.000000,0.000000,0.000000,0.000000,0.000000,0.000000,0.000000,0.000000,0.000000,0.000000,0.000000,0.000000
0.000000,0.000000,0.000000,0.000000,0.000000,0.000000,0.000000,0.000000,0.000000,0.000000,0.000000,0.000000,0.000000,0.000000,0.000000,0.000000,0.000000,0.000000,0.559403,0.569534,0.000000,0.000000,0.000000,0.000000,0.000000,0.000000,0.000000,0.000000,0.000000,0.582651,0.000000,0.000000,0.595001,0.635228,0.211307,0.000000,0.000000,0.000000,0.466290,0.000000,0.543360,0.000000,0.000000,0.000000,0.000000,0.000000,0.409737,0.000000,0.000000,0.000000,0.561780,0.000000,0.000000,0.000000,0.391283,0.000000,0.604482,0.000000,0.572106,0.000000,0.554713,0.000000,0.000000,0.000000,0.000000,0.666413,0.290077,0.591844,0.549978,0.000000,0.000000,0.000000,0.438405,0.000000,0.000000,0.000000,0.588530,0.606429,0.000000,0.000000,0.438182,0.595518,0.396788,0.602911,0.000000,0.618338,0.491944,0.000000,0.238890,0.000000
0.000000,0.000000,0.000000,0.000000,0.000000,0.000000,0.000000,0.000000,0.000000,0.000000,0.000000,0.000000,0.000000,0.000000,0.000000,0.000000,0.000000,0.000000,0.000000,0.000000,0.000000,0.000000,0.000000,0.000000,0.000000,0.000000,0.000000,0.000000,0.000000,0.000000,0.000000,0.000000,0.000000,0.489453,0.000000,0.222017,0.000000,0.000000,0.000000,0.415909,0.000000,0.279109,0.000000,0.379318,0.000000,0.000000,0.000000,0.385137,0.000000,0.000000,0.000000,0.000000,0.000000,0.000000,0.000000,0.359577,0.000000,0.000000,0.000000,0.000000,0.000000,0.000000,0.000000,0.000000,0.000000,0.000000,0.523074,0.512406,0.000000,0.000000,0.000000,0.000000,0.000000,0.000000,0.000000,0.000000,0.000000,0.377960,0.000000,0.000000,0.000000,0.541846,0.000000,0.489151,0.000000,0.521863,0.000000,0.510127,0.000000,0.340242
0.000000,0.000000,0.000000,0.000000,0.000000,0.000000,0.000000,0.000000,0.000000,0.000000,0.000000,0.000000,0.000000,0.000000,0.328292,0.000000,0.000000,0.000000,0.521544,0.532683,0.000000,0.000000,0.000000,0.000000,0.000000,0.000000,0.000000,0.000000,0.000000,0.000000,0.000000,0.000000,0.530658,0.668845,0.000000,0.000000,0.466290,0.000000,0.000000,0.000000,0.309925,0.000000,0.353777,0.000000,0.000000,0.000000,0.386201,0.000000,0.000000,0.000000,0.582927,0.000000,0.000000,0.000000,0.381671,0.000000,0.563131,0.000000,0.481849,0.000000,0.477919,0.000000,0.000000,0.000000,0.000000,0.683077,0.300637,0.000000,0.532644,0.000000,0.000000,0.000000,0.480493,0.000000,0.000000,0.000000,0.566068,0.621996,0.000000,0.000000,0.000000,0.000000,0.265697,0.000000,0.000000,0.641571,0.321029,0.000000,0.318514,0.000000
0.000000,0.000000,0.000000,0.000000,0.000000,0.000000,0.000000,0.000000,0.000000,0.000000,0.000000,0.000000,0.000000,0.000000,0.000000,0.404379,0.000000,0.000000,0.000000,0.000000,0.000000,0.000000,0.000000,0.000000,0.000000,0.000000,0.000000,0.000000,0.000000,0.000000,0.000000,0.000000,0.731327,0.686727,0.000000,0.000000,0.000000,0.415909,0.000000,0.000000,0.000000,0.000000,0.000000,0.000000,0.000000,0.000000,0.000000,0.300575,0.000000,0.000000,0.000000,0.000000,0.000000,0.000000,0.000000,0.409856,0.000000,0.000000,0.000000,0.000000,0.000000,0.000000,0.000000,0.000000,0.000000,0.587433,0.568200,0.000000,0.000000,0.000000,0.000000,0.000000,0.000000,0.000000,0.000000,0.000000,0.000000,0.000000,0.000000,0.000000,0.000000,0.000000,0.000000,0.429177,0.000000,0.000000,0.000000,0.410144,0.000000,0.444897
0.000000,0.000000,0.000000,0.000000,0.000000,0.000000,0.000000,0.000000,0.000000,0.000000,0.000000,0.000000,0.000000,0.000000,0.000000,0.000000,0.000000,0.000000,0.000000,0.523016,0.339767,0.000000,0.000000,0.000000,0.000000,0.000000,0.000000,0.000000,0.000000,0.000000,0.000000,0.000000,0.550222,0.640111,0.000000,0.000000,0.543360,0.000000,0.309925,0.000000,0.000000,0.000000,0.000000,0.000000,0.000000,0.000000,0.413654,0.000000,0.000000,0.000000,0.000000,0.000000,0.000000,0.000000,0.000000,0.000000,0.586503,0.000000,0.554615,0.000000,0.000000,0.000000,0.000000,0.000000,0.000000,0.000000,0.000000,0.000000,0.000000,0.000000,0.000000,0.000000,0.305292,0.000000,0.000000,0.000000,0.478646,0.000000,0.000000,0.000000,0.000000,0.578443,0.280602,0.000000,0.000000,0.603388,0.000000,0.000000,0.000000,0.000000
0.000000,0.000000,0.000000,0.000000,0.000000,0.000000,0.000000,0.000000,0.000000,0.000000,0.000000,0.000000,0.000000,0.000000,0.000000,0.000000,0.000000,0.000000,0.000000,0.000000,0.000000,0.429657,0.000000,0.000000,0.000000,0.000000,0.000000,0.396082,0.000000,0.000000,0.000000,0.000000,0.000000,0.000000,0.000000,0.000000,0.000000,0.279109,0.000000,0.000000,0.000000,0.000000,0.000000,0.000000,0.000000,0.000000,0.000000,0.000000,0.000000,0.000000,0.000000,0.000000,0.000000,0.000000,0.000000,0.000000,0.000000,0.000000,0.000000,0.000000,0.000000,0.000000,0.000000,0.000000,0.000000,0.000000,0.000000,0.000000,0.000000,0.000000,0.000000,0.000000,0.000000,0.000000,0.000000,0.388096,0.000000,0.000000,0.000000,0.000000,0.000000,0.000000,0.000000,0.320756,0.000000,0.000000,0.000000,0.000000,0.000000,0.000000
0.000000,0.000000,0.000000,0.000000,0.000000,0.000000,0.000000,0.000000,0.524149,0.000000,0.000000,0.000000,0.000000,0.000000,0.492097,0.000000,0.000000,0.000000,0.000000,0.000000,0.547292,0.000000,0.000000,0.000000,0.000000,0.000000,0.000000,0.000000,0.000000,0.000000,0.000000,0.000000,0.000000,0.000000,0.000000,0.000000,0.000000,0.000000,0.353777,0.000000,0.000000,0.000000,0.000000,0.285348,0.395746,0.275075,0.380672,0.520517,0.388635,0.000000,0.344934,0.000000,0.302210,0.000000,0.462462,0.000000,0.000000,0.000000,0.496868,0.000000,0.000000,0.000000,0.000000,0.000000,0.000000,0.000000,0.399801,0.321848,0.000000,0.000000,0.000000,0.000000,0.572468,0.000000,0.000000,0.000000,0.000000,0.000000,0.000000,0.000000,0.000000,0.000000,0.519947,0.000000,0.415202,0.000000,0.493547,0.000000,0.533461,0.000000
0.000000,0.000000,0.000000,0.000000,0.000000,0.000000,0.000000,0.000000,0.000000,0.534804,0.000000,0.000000,0.000000,0.000000,0.000000,0.515584,0.000000,0.000000,0.000000,0.000000,0.000000,0.000000,0.000000,0.000000,0.000000,0.000000,0.000000,0.000000,0.000000,0.536900,0.000000,0.000000,0.000000,0.596419,0.000000,0.000000,0.000000,0.379318,0.000000,0.000000,0.000000,0.000000,0.285348,0.000000,0.346291,0.383630,0.000000,0.417452,0.000000,0.389098,0.000000,0.336450,0.000000,0.308437,0.000000,0.456412,0.000000,0.000000,0.000000,0.480804,0.000000,0.000000,0.000000,0.000000,0.000000,0.000000,0.395046,0.405269,0.000000,0.000000,0.000000,0.000000,0.000000,0.000000,0.000000,0.000000,0.000000,0.000000,0.000000,0.000000,0.000000,0.470660,0.000000,0.000000,0.000000,0.526008,0.000000,0.511053,0.000000,0.483980
0.000000,0.000000,0.000000,0.000000,0.000000,0.000000,0.000000,0.000000,0.520407,0.000000,0.000000,0.000000,0.000000,0.000000,0.518933,0.000000,0.000000,0.000000,0.000000,0.000000,0.000000,0.000000,0.000000,0.000000,0.000000,0.000000,0.000000,0.000000,0.520817,0.000000,0.000000,0.000000,0.000000,0.000000,0.480733,0.000000,0.000000,0.000000,0.000000,0.000000,0.000000,0.000000,0.395746,0.346291,0.000000,0.388406,0.422778,0.359921,0.395887,0.000000,0.397770,0.000000,0.000000,0.000000,0.414327,0.000000,0.000000,0.000000,0.461828,0.633581,0.000000,0.000000,0.000000,0.000000,0.000000,0.000000,0.450793,0.000000,0.000000,0.000000,0.000000,0.000000,0.519322,0.000000,0.000000,0.000000,0.000000,0.000000,0.000000,0.000000,0.000000,0.000000,0.473546,0.000000,0.416953,0.000000,0.507512,0.000000,0.000000,0.000000
0.000000,0.000000,0.000000,0.000000,0.000000,0.000000,0.000000,0.000000,0.000000,0.000000,0.000000,0.000000,0.000000,0.000000,0.000000,0.000000,0.000000,0.000000,0.000000,0.000000,0.000000,0.000000,0.000000,0.000000,0.000000,0.000000,0.000000,0.000000,0.000000,0.507879,0.000000,0.000000,0.000000,0.617265,0.000000,0.000000,0.000000,0.000000,0.000000,0.000000,0.000000,0.000000,0.275075,0.383630,0.388406,0.000000,0.000000,0.424818,0.000000,0.461342,0.000000,0.476091,0.000000,0.000000,0.000000,0.444350,0.000000,0.000000,0.649522,0.512290,0.000000,0.000000,0.000000,0.000000,0.000000,0.000000,0.360293,0.440281,0.000000,0.000000,0.000000,0.000000,0.000000,0.000000,0.000000,0.000000,0.000000,0.000000,0.000000,0.000000,0.000000,0.478364,0.000000,0.476322,0.000000,0.482475,0.000000,0.491216,0.000000,0.490463
0.000000,0.000000,0.000000,0.000000,0.000000,0.000000,0.000000,0.000000,0.545970,0.000000,0.000000,0.000000,0.000000,0.000000,0.541522,0.000000,0.000000,0.000000,0.000000,0.000000,0.000000,0.000000,0.000000,0.000000,0.000000,0.000000,0.000000,0.000000,0.000000,0.000000,0.000000,0.000000,0.000000,0.000000,0.000000,0.000000,0.409737,0.000000,0.386201,0.000000,0.413654,0.000000,0.380672,0.000000,0.422778,0.000000,0.000000,0.000000,0.453753,0.000000,0.438916,0.000000,0.300620,0.000000,0.455952,0.000000,0.578631,0.000000,0.529415,0.000000,0.000000,0.000000,0.000000,0.000000,0.000000,0.000000,0.412282,0.000000,0.000000,0.000000,0.000000,0.000000,0.000000,0.000000,0.000000,0.000000,0.391498,0.000000,0.000000,0.000000,0.541473,0.000000,0.553779,0.000000,0.513478,0.000000,0.526455,0.000000,0.510006,0.000000
0.000000,0.000000,0.000000,0.000000,0.000000,0.544238,0.000000,0.000000,0.000000,0.556824,0.000000,0.000000,0.000000,0.000000,0.000000,0.547601,0.000000,0.000000,0.000000,0.567106,0.000000,0.000000,0.000000,0.000000,0.000000,0.541073,0.000000,0.000000,0.000000,0.535757,0.000000,0.000000,0.686711,0.629060,0.000000,0.474732,0.000000,0.385137,0.000000,0.300575,0.000000,0.000000,0.520517,0.417452,0.359921,0.424818,0.000000,0.000000,0.000000,0.440509,0.000000,0.464053,0.000000,0.328615,0.000000,0.391163,0.000000,0.000000,0.662853,0.538019,0.000000,0.000000,0.000000,0.000000,0.000000,0.000000,0.466466,0.501102,0.576881,0.566271,0.000000,0.000000,0.000000,0.398426,0.000000,0.000000,0.605673,0.524789,0.000000,0.000000,0.000000,0.563117,0.000000,0.506845,0.000000,0.532149,0.000000,0.511575,0.000000,0.482127
0.000000,0.000000,0.000000,0.000000,0.000000,0.000000,0.000000,0.000000,0.500892,0.000000,0.000000,0.000000,0.000000,0.000000,0.490272,0.000000,0.000000,0.000000,0.000000,0.000000,0.473313,0.000000,0.000000,0.000000,0.000000,0.000000,0.000000,0.000000,0.520750,0.000000,0.000000,0.000000,0.432161,0.596942,0.000000,0.000000,0.000000,0.000000,0.000000,0.000000,0.000000,0.000000,0.388635,0.000000,0.395887,0.000000,0.453753,0.000000,0.000000,0.000000,0.369866,0.000000,0.424049,0.000000,0.456939,0.000000,0.000000,0.000000,0.451581,0.000000,0.439923,0.000000,0.000000,0.000000,0.000000,0.000000,0.324178,0.000000,0.000000,0.000000,0.000000,0.000000,0.000000,0.000000,0.000000,0.000000,0.000000,0.000000,0.000000,0.000000,0.000000,0.000000,0.475050,0.000000,0.441246,0.000000,0.476906,0.000000,0.466844,0.000000
