0.000000,0.000000,0.356602,0.000000,0.000000,0.000000,0.403748,0.000000,0.000000,0.000000,0.431796,0.000000,0.398341,0.000000,0.000000,0.000000,0.307971,0.000000,0.338840,0.000000,0.000000,0.000000,0.393837,0.000000,0.000000,0.000000,0.000000,0.000000,0.000000,0.000000,0.000000,0.000000,0.000000,0.000000,0.000000,0.000000,0.000000,0.000000,0.000000,0.000000,0.000000,0.000000,0.000000,0.000000,0.000000,0.000000,0.000000,0.000000,0.000000,0.000000,0.000000,0.000000,0.000000,0.000000,0.000000,0.000000,0.405104,0.000000,0.000000,0.000000,0.455610,0.000000,0.474707,0.000000,0.000000,0.000000,0.447996,0.000000,0.362461,0.000000,0.000000,0.000000,0.458319,0.000000,0.000000,0.000000,0.000000,0.000000,0.000000,0.000000,0.000000,0.000000,0.000000,0.000000,0.476192,0.000000,0.000000,0.000000,0.000000,0.000000
0.000000,0.000000,0.000000,0.343393,0.000000,0.000000,0.000000,0.375478,0.000000,0.000000,0.000000,0.416313,0.000000,0.384611,0.000000,0.000000,0.000000,0.430776,0.557900,0.351563,0.000000,0.000000,0.000000,0.000000,0.000000,0.000000,0.000000,0.000000,0.000000,0.000000,0.000000,0.000000,0.000000,0.000000,0.000000,0.000000,0.000000,0.534700,0.000000,0.000000,0.000000,0.000000,0.000000,0.000000,0.000000,0.000000,0.000000,0.000000,0.000000,0.000000,0.000000,0.000000,0.000000,0.000000,0.000000,0.000000,0.000000,0.412675,0.000000,0.439678,0.000000,0.474935,0.000000,0.442318,0.000000,0.000000,0.000000,0.000000,0.000000,0.320963,0.000000,0.000000,0.000000,0.416787,0.000000,0.430003,0.000000,0.440937,0.000000,0.000000,0.000000,0.000000,0.000000,0.000000,0.000000,0.000000,0.000000,0.000000,0.000000,0.000000
0.356602,0.000000,0.000000,0.517385,0.269032,0.529113,0.370954,0.461708,0.418082,0.000000,0.444326,0.000000,0.439920,0.000000,0.000000,0.000000,0.000000,0.000000,0.459955,0.517587,0.000000,0.000000,0.312045,0.479747,0.000000,0.000000,0.000000,0.000000,0.000000,0.000000,0.000000,0.000000,0.000000,0.000000,0.000000,0.000000,0.000000,0.000000,0.000000,0.000000,0.000000,0.000000,0.000000,0.000000,0.000000,0.000000,0.000000,0.000000,0.000000,0.000000,0.000000,0.000000,0.000000,0.000000,0.000000,0.000000,0.000000,0.543682,0.000000,0.000000,0.000000,0.000000,0.000000,0.000000,0.000000,0.000000,0.456084,0.000000,0.000000,0.000000,0.379626,0.000000,0.434829,0.000000,0.486710,0.000000,0.457346,0.480201,0.000000,0.000000,0.000000,0.000000,0.000000,0.000000,0.000000,0.000000,0.000000,0.000000,0.000000,0.000000
0.000000,0.343393,0.517385,0.000000,0.530240,0.324930,0.465669,0.402315,0.000000,0.444965,0.000000,0.000000,0.000000,0.000000,0.000000,0.446539,0.000000,0.000000,0.567825,0.343784,0.000000,0.000000,0.528425,0.420799,0.541960,0.404968,0.536670,0.000000,0.000000,0.000000,0.532431,0.279568,0.000000,0.000000,0.000000,0.000000,0.000000,0.000000,0.000000,0.000000,0.000000,0.000000,0.000000,0.000000,0.000000,0.000000,0.000000,0.000000,0.000000,0.000000,0.000000,0.000000,0.000000,0.000000,0.000000,0.000000,0.000000,0.000000,0.000000,0.000000,0.000000,0.000000,0.000000,0.000000,0.000000,0.000000,0.000000,0.000000,0.567074,0.000000,0.406055,0.396912,0.479923,0.405001,0.448798,0.426821,0.451901,0.425508,0.000000,0.000000,0.000000,0.000000,0.000000,0.000000,0.000000,0.000000,0.000000,0.000000,0.000000,0.000000
0.000000,0.000000,0.269032,0.530240,0.000000,0.583889,0.357386,0.000000,0.340753,0.000000,0.000000,0.000000,0.000000,0.000000,0.360185,0.000000,0.000000,0.000000,0.481913,0.499529,0.408543,0.000000,0.000000,0.000000,0.294447,0.565887,0.308010,0.569835,0.380561,0.000000,0.416819,0.000000,0.000000,0.000000,0.000000,0.000000,0.535168,0.551423,0.358906,0.000000,0.000000,0.000000,0.000000,0.000000,0.000000,0.000000,0.502329,0.000000,0.000000,0.000000,0.000000,0.000000,0.000000,0.000000,0.000000,0.000000,0.000000,0.000000,0.000000,0.000000,0.000000,0.000000,0.000000,0.000000,0.000000,0.000000,0.000000,0.000000,0.000000,0.000000,0.397814,0.000000,0.419094,0.000000,0.403668,0.000000,0.459151,0.000000,0.000000,0.000000,0.000000,0.000000,0.438576,0.430127,0.000000,0.000000,0.000000,0.000000,0.000000,0.000000
0.000000,0.000000,0.529113,0.324930,0.583889,0.000000,0.000000,0.365775,0.000000,0.361494,0.000000,0.000000,0.000000,0.000000,0.000000,0.385101,0.000000,0.000000,0.000000,0.458883,0.441162,0.264992,0.526178,0.000000,0.559138,0.321655,0.581811,0.347525,0.000000,0.440934,0.495302,0.396923,0.000000,0.000000,0.000000,0.000000,0.000000,0.000000,0.000000,0.000000,0.000000,0.000000,0.000000,0.000000,0.000000,0.000000,0.000000,0.531961,0.000000,0.000000,0.000000,0.000000,0.000000,0.000000,0.000000,0.543573,0.000000,0.000000,0.000000,0.000000,0.000000,0.000000,0.000000,0.000000,0.000000,0.000000,0.000000,0.000000,0.000000,0.000000,0.000000,0.377930,0.000000,0.469662,0.000000,0.000000,0.000000,0.460193,0.000000,0.000000,0.000000,0.000000,0.000000,0.457736,0.000000,0.000000,0.000000,0.000000,0.000000,0.000000
0.403748,0.000000,0.370954,0.465669,0.357386,0.000000,0.000000,0.000000,0.336406,0.000000,0.424209,0.000000,0.352866,0.000000,0.000000,0.000000,0.000000,0.000000,0.000000,0.000000,0.000000,0.000000,0.347381,0.000000,0.000000,0.000000,0.000000,0.000000,0.000000,0.000000,0.000000,0.000000,0.000000,0.000000,0.000000,0.000000,0.000000,0.000000,0.000000,0.000000,0.000000,0.000000,0.528376,0.000000,0.472000,0.587707,0.536421,0.000000,0.498840,0.585967,0.475573,0.000000,0.000000,0.000000,0.000000,0.000000,0.000000,0.000000,0.000000,0.000000,0.000000,0.000000,0.000000,0.000000,0.000000,0.000000,0.000000,0.000000,0.000000,0.000000,0.000000,0.000000,0.443132,0.000000,0.000000,0.000000,0.404414,0.000000,0.000000,0.000000,0.000000,0.000000,0.504243,0.000000,0.000000,0.000000,0.000000,0.000000,0.000000,0.000000
0.000000,0.375478,0.461708,0.402315,0.000000,0.365775,0.000000,0.000000,0.000000,0.439996,0.000000,0.437229,0.000000,0.412147,0.000000,0.317610,0.000000,0.000000,0.501999,0.463883,0.000000,0.000000,0.480133,0.365057,0.000000,0.000000,0.000000,0.000000,0.000000,0.410139,0.000000,0.000000,0.000000,0.000000,0.514804,0.000000,0.000000,0.000000,0.000000,0.000000,0.000000,0.000000,0.541112,0.536601,0.000000,0.534300,0.000000,0.546489,0.576465,0.517873,0.000000,0.517152,0.000000,0.000000,0.000000,0.000000,0.000000,0.000000,0.000000,0.483620,0.000000,0.000000,0.000000,0.000000,0.000000,0.000000,0.505236,0.495663,0.000000,0.000000,0.413036,0.468507,0.000000,0.505872,0.000000,0.480310,0.000000,0.447743,0.000000,0.000000,0.000000,0.000000,0.000000,0.000000,0.000000,0.000000,0.000000,0.000000,0.000000,0.000000
0.000000,0.000000,0.418082,0.000000,0.340753,0.000000,0.336406,0.000000,0.000000,0.000000,0.000000,0.000000,0.000000,0.000000,0.356780,0.000000,0.000000,0.000000,0.000000,0.517012,0.000000,0.000000,0.000000,0.000000,0.000000,0.000000,0.000000,0.000000,0.403499,0.000000,0.000000,0.000000,0.000000,0.000000,0.000000,0.000000,0.000000,0.557850,0.000000,0.000000,0.000000,0.000000,0.532993,0.000000,0.480263,0.565781,0.500125,0.000000,0.488432,0.586012,0.465907,0.000000,0.000000,0.000000,0.000000,0.000000,0.000000,0.000000,0.000000,0.533832,0.000000,0.000000,0.000000,0.000000,0.000000,0.000000,0.479388,0.000000,0.000000,0.000000,0.438701,0.000000,0.473620,0.000000,0.472967,0.000000,0.462113,0.000000,0.000000,0.000000,0.000000,0.000000,0.439553,0.000000,0.000000,0.000000,0.000000,0.000000,0.000000,0.000000
0.000000,0.000000,0.000000,0.444965,0.000000,0.361494,0.000000,0.439996,0.000000,0.000000,0.000000,0.000000,0.000000,0.310246,0.000000,0.384550,0.000000,0.000000,0.000000,0.475813,0.000000,0.000000,0.000000,0.000000,0.505849,0.000000,0.000000,0.472875,0.000000,0.000000,0.000000,0.000000,0.000000,0.000000,0.000000,0.000000,0.000000,0.000000,0.000000,0.000000,0.000000,0.000000,0.000000,0.000000,0.000000,0.000000,0.549143,0.533346,0.000000,0.000000,0.000000,0.000000,0.000000,0.000000,0.000000,0.512108,0.000000,0.000000,0.000000,0.000000,0.000000,0.000000,0.000000,0.000000,0.000000,0.000000,0.000000,0.000000,0.000000,0.000000,0.000000,0.453776,0.000000,0.475381,0.000000,0.457356,0.000000,0.462938,0.000000,0.000000,0.000000,0.000000,0.000000,0.462063,0.000000,0.000000,0.000000,0.000000,0.000000,0.000000
0.431796,0.000000,0.444326,0.000000,0.000000,0.000000,0.424209,0.000000,0.000000,0.000000,0.000000,0.000000,0.381316,0.000000,0.000000,0.000000,0.404404,0.000000,0.419819,0.000000,0.000000,0.000000,0.000000,0.000000,0.000000,0.000000,0.000000,0.000000,0.418571,0.000000,0.000000,0.000000,0.000000,0.000000,0.000000,0.000000,0.000000,0.000000,0.000000,0.000000,0.000000,0.000000,0.000000,0.000000,0.000000,0.000000,0.000000,0.000000,0.000000,0.000000,0.000000,0.000000,0.000000,0.000000,0.000000,0.000000,0.446753,0.000000,0.000000,0.000000,0.000000,0.000000,0.000000,0.000000,0.000000,0.000000,0.000000,0.000000,0.000000,0.000000,0.000000,0.000000,0.331866,0.000000,0.000000,0.000000,0.000000,0.000000,0.000000,0.000000,0.000000,0.000000,0.000000,0.000000,0.475425,0.000000,0.000000,0.000000,0.000000,0.000000
0.000000,0.416313,0.000000,0.000000,0.000000,0.000000,0.000000,0.437229,0.000000,0.000000,0.000000,0.000000,0.000000,0.351967,0.000000,0.000000,0.000000,0.408626,0.000000,0.000000,0.000000,0.000000,0.000000,0.000000,0.000000,0.000000,0.000000,0.000000,0.000000,0.379060,0.000000,0.000000,0.000000,0.000000,0.000000,0.000000,0.000000,0.000000,0.000000,0.000000,0.000000,0.000000,0.000000,0.000000,0.000000,0.000000,0.000000,0.000000,0.000000,0.000000,0.000000,0.000000,0.000000,0.000000,0.000000,0.000000,0.000000,0.000000,0.000000,0.000000,0.000000,0.468359,0.000000,0.472251,0.000000,0.000000,0.000000,0.000000,0.000000,0.000000,0.000000,0.000000,0.000000,0.000000,0.000000,0.000000,0.000000,0.000000,0.000000,0.000000,0.000000,0.000000,0.000000,0.442247,0.000000,0.000000,0.000000,0.000000,0.000000,0.000000
0.398341,0.000000,0.439920,0.000000,0.000000,0.000000,0.352866,0.000000,0.000000,0.000000,0.381316,0.000000,0.000000,0.000000,0.333757,0.000000,0.000000,0.000000,0.394258,0.000000,0.000000,0.000000,0.411059,0.000000,0.000000,0.000000,0.000000,0.000000,0.373986,0.000000,0.000000,0.000000,0.000000,0.000000,0.492126,0.000000,0.530255,0.574169,0.000000,0.000000,0.000000,0.000000,0.539156,0.000000,0.000000,0.588610,0.550988,0.000000,0.504439,0.601825,0.490960,0.560498,0.000000,0.000000,0.000000,0.000000,0.000000,0.000000,0.000000,0.000000,0.000000,0.000000,0.000000,0.000000,0.000000,0.000000,0.471096,0.538931,0.000000,0.000000,0.000000,0.000000,0.451755,0.000000,0.434102,0.000000,0.000000,0.000000,0.000000,0.000000,0.000000,0.000000,0.502367,0.000000,0.000000,0.000000,0.000000,0.000000,0.000000,0.000000
0.000000,0.384611,0.000000,0.000000,0.000000,0.000000,0.000000,0.412147,0.000000,0.310246,0.000000,0.351967,0.000000,0.000000,0.000000,0.297776,0.000000,0.000000,0.000000,0.000000,0.000000,0.000000,0.000000,0.416474,0.000000,0.000000,0.000000,0.000000,0.000000,0.403260,0.000000,0.000000,0.000000,0.000000,0.488785,0.000000,0.000000,0.000000,0.000000,0.000000,0.000000,0.000000,0.532484,0.505616,0.000000,0.000000,0.000000,0.528416,0.555626,0.501328,0.000000,0.534320,0.000000,0.000000,0.000000,0.000000,0.000000,0.000000,0.000000,0.000000,0.000000,0.000000,0.000000,0.000000,0.000000,0.000000,0.480689,0.498533,0.000000,0.000000,0.000000,0.000000,0.000000,0.466195,0.000000,0.000000,0.000000,0.000000,0.000000,0.000000,0.000000,0.000000,0.000000,0.000000,0.000000,0.000000,0.000000,0.000000,0.000000,0.000000
0.000000,0.000000,0.000000,0.000000,0.360185,0.000000,0.000000,0.000000,0.356780,0.000000,0.000000,0.000000,0.333757,0.000000,0.000000,0.000000,0.000000,0.000000,0.000000,0.000000,0.322197,0.000000,0.000000,0.000000,0.000000,0.000000,0.344471,0.000000,0.336100,0.000000,0.426245,0.000000,0.000000,0.000000,0.499107,0.000000,0.503999,0.562305,0.357523,0.000000,0.000000,0.000000,0.541850,0.000000,0.478623,0.607677,0.549786,0.000000,0.499067,0.596686,0.475890,0.000000,0.492784,0.000000,0.000000,0.000000,0.000000,0.000000,0.000000,0.590816,0.000000,0.000000,0.000000,0.000000,0.000000,0.000000,0.490350,0.529651,0.000000,0.000000,0.321815,0.000000,0.435093,0.000000,0.000000,0.000000,0.000000,0.000000,0.000000,0.000000,0.000000,0.000000,0.457337,0.000000,0.000000,0.000000,0.000000,0.000000,0.000000,0.000000
0.000000,0.000000,0.000000,0.446539,0.000000,0.385101,0.000000,0.317610,0.000000,0.384550,0.000000,0.000000,0.000000,0.297776,0.000000,0.000000,0.000000,0.000000,0.494049,0.466046,0.000000,0.290100,0.000000,0.000000,0.000000,0.380503,0.000000,0.362813,0.000000,0.387297,0.000000,0.000000,0.000000,0.000000,0.000000,0.000000,0.000000,0.470645,0.000000,0.000000,0.000000,0.000000,0.551273,0.526672,0.000000,0.000000,0.536029,0.544425,0.000000,0.000000,0.000000,0.000000,0.000000,0.000000,0.000000,0.542862,0.000000,0.000000,0.000000,0.000000,0.000000,0.000000,0.000000,0.000000,0.000000,0.000000,0.000000,0.000000,0.000000,0.000000,0.000000,0.460499,0.000000,0.462422,0.000000,0.450730,0.000000,0.432676,0.000000,0.000000,0.000000,0.000000,0.000000,0.453253,0.000000,0.000000,0.000000,0.460541,0.000000,0.000000
0.307971,0.000000,0.000000,0.000000,0.000000,0.000000,0.000000,0.000000,0.000000,0.000000,0.404404,0.000000,0.000000,0.000000,0.000000,0.000000,0.000000,0.000000,0.000000,0.000000,0.000000,0.000000,0.000000,0.000000,0.000000,0.000000,0.000000,0.000000,0.361444,0.000000,0.000000,0.000000,0.000000,0.000000,0.000000,0.000000,0.000000,0.000000,0.000000,0.000000,0.000000,0.000000,0.000000,0.000000,0.000000,0.000000,0.000000,0.000000,0.000000,0.000000,0.000000,0.000000,0.000000,0.000000,0.000000,0.000000,0.369662,0.000000,0.000000,0.000000,0.000000,0.000000,0.438006,0.000000,0.000000,0.000000,0.000000,0.000000,0.000000,0.000000,0.000000,0.000000,0.000000,0.000000,0.000000,0.000000,0.000000,0.000000,0.290941,0.000000,0.390126,0.000000,0.381976,0.000000,0.484196,0.000000,0.000000,0.000000,0.000000,0.000000
0.000000,0.430776,0.000000,0.000000,0.000000,0.000000,0.000000,0.000000,0.000000,0.000000,0.000000,0.408626,0.000000,0.000000,0.000000,0.000000,0.000000,0.000000,0.000000,0.000000,0.000000,0.000000,0.000000,0.000000,0.000000,0.000000,0.000000,0.000000,0.000000,0.398605,0.000000,0.000000,0.000000,0.000000,0.000000,0.000000,0.000000,0.000000,0.000000,0.000000,0.000000,0.000000,0.000000,0.000000,0.000000,0.000000,0.000000,0.000000,0.000000,0.000000,0.000000,0.000000,0.000000,0.000000,0.000000,0.000000,0.000000,0.322975,0.000000,0.000000,0.000000,0.460473,0.000000,0.453638,0.000000,0.000000,0.000000,0.000000,0.000000,0.000000,0.000000,0.000000,0.000000,0.325184,0.000000,0.000000,0.000000,0.000000,0.000000,0.323887,0.000000,0.378705,0.000000,0.395496,0.000000,0.000000,0.000000,0.000000,0.000000,0.000000
0.338840,0.557900,0.459955,0.567825,0.481913,0.000000,0.000000,0.501999,0.000000,0.000000,0.419819,0.000000,0.394258,0.000000,0.000000,0.494049,0.000000,0.000000,0.000000,0.532373,0.000000,0.000000,0.314866,0.496364,0.000000,0.000000,0.000000,0.000000,0.416148,0.000000,0.000000,0.000000,0.412700,0.506238,0.000000,0.000000,0.000000,0.545433,0.000000,0.000000,0.000000,0.000000,0.482654,0.000000,0.460342,0.537125,0.492035,0.000000,0.467462,0.558806,0.476778,0.000000,0.000000,0.000000,0.000000,0.000000,0.000000,0.561926,0.000000,0.532078,0.000000,0.000000,0.000000,0.000000,0.000000,0.000000,0.459537,0.485818,0.375658,0.558035,0.407884,0.547832,0.452097,0.000000,0.438264,0.000000,0.472382,0.518762,0.000000,0.000000,0.000000,0.000000,0.000000,0.000000,0.000000,0.000000,0.000000,0.000000,0.000000,0.000000
0.000000,0.351563,0.517587,0.343784,0.499529,0.458883,0.000000,0.463883,0.517012,0.475813,0.000000,0.000000,0.000000,0.000000,0.000000,0.466046,0.000000,0.000000,0.532373,0.000000,0.000000,0.000000,0.470981,0.312933,0.000000,0.000000,0.000000,0.000000,0.000000,0.000000,0.000000,0.000000,0.515525,0.349249,0.000000,0.000000,0.000000,0.000000,0.000000,0.000000,0.000000,0.000000,0.000000,0.000000,0.000000,0.000000,0.000000,0.000000,0.000000,0.000000,0.000000,0.000000,0.000000,0.000000,0.000000,0.000000,0.000000,0.000000,0.000000,0.000000,0.000000,0.000000,0.000000,0.000000,0.000000,0.000000,0.000000,0.000000,0.533633,0.352857,0.489659,0.414460,0.482467,0.000000,0.000000,0.416734,0.517829,0.426821,0.000000,0.000000,0.000000,0.000000,0.000000,0.000000,0.000000,0.000000,0.000000,0.000000,0.000000,0.000000
0.000000,0.000000,0.000000,0.000000,0.408543,0.441162,0.000000,0.000000,0.000000,0.000000,0.000000,0.000000,0.000000,0.000000,0.322197,0.000000,0.000000,0.000000,0.000000,0.000000,0.000000,0.552069,0.000000,0.000000,0.345917,0.419093,0.332039,0.457843,0.333741,0.000000,0.419150,0.478871,0.000000,0.000000,0.000000,0.000000,0.000000,0.000000,0.326971,0.000000,0.289563,0.000000,0.000000,0.000000,0.000000,0.000000,0.000000,0.000000,0.000000,0.000000,0.000000,0.000000,0.000000,0.000000,0.000000,0.000000,0.000000,0.000000,0.000000,0.000000,0.000000,0.000000,0.000000,0.000000,0.000000,0.000000,0.000000,0.000000,0.000000,0.000000,0.287408,0.000000,0.000000,0.000000,0.000000,0.000000,0.000000,0.000000,0.000000,0.000000,0.000000,0.000000,0.390943,0.000000,0.000000,0.000000,0.000000,0.000000,0.000000,0.000000
0.000000,0.000000,0.000000,0.000000,0.000000,0.264992,0.000000,0.000000,0.000000,0.000000,0.000000,0.000000,0.000000,0.000000,0.000000,0.290100,0.000000,0.000000,0.000000,0.000000,0.552069,0.000000,0.000000,0.000000,0.000000,0.325433,0.393120,0.312432,0.000000,0.277267,0.000000,0.350529,0.000000,0.505908,0.000000,0.000000,0.000000,0.000000,0.000000,0.000000,0.000000,0.429348,0.000000,0.000000,0.000000,0.000000,0.000000,0.000000,0.000000,0.000000,0.000000,0.000000,0.000000,0.000000,0.000000,0.000000,0.000000,0.000000,0.000000,0.000000,0.000000,0.000000,0.000000,0.000000,0.000000,0.000000,0.000000,0.000000,0.000000,0.000000,0.314552,0.277597,0.000000,0.000000,0.000000,0.000000,0.000000,0.000000,0.000000,0.000000,0.000000,0.000000,0.000000,0.341008,0.000000,0.000000,0.000000,0.000000,0.000000,0.000000
0.393837,0.000000,0.312045,0.528425,0.000000,0.526178,0.347381,0.480133,0.000000,0.000000,0.000000,0.000000,0.411059,0.000000,0.000000,0.000000,0.000000,0.000000,0.314866,0.470981,0.000000,0.000000,0.000000,0.496663,0.340378,0.498835,0.000000,0.000000,0.460468,0.000000,0.413960,0.459163,0.456760,0.508737,0.000000,0.000000,0.000000,0.000000,0.000000,0.000000,0.000000,0.000000,0.494699,0.000000,0.000000,0.000000,0.478057,0.000000,0.471376,0.560673,0.478663,0.000000,0.000000,0.000000,0.000000,0.000000,0.000000,0.000000,0.000000,0.000000,0.000000,0.000000,0.000000,0.000000,0.000000,0.000000,0.499176,0.470537,0.000000,0.000000,0.000000,0.531537,0.432328,0.490200,0.000000,0.475211,0.477049,0.483139,0.000000,0.000000,0.000000,0.000000,0.000000,0.000000,0.000000,0.000000,0.000000,0.000000,0.000000,0.000000
0.000000,0.000000,0.479747,0.420799,0.000000,0.000000,0.000000,0.365057,0.000000,0.000000,0.000000,0.000000,0.000000,0.416474,0.000000,0.000000,0.000000,0.000000,0.496364,0.312933,0.000000,0.000000,0.496663,0.000000,0.538351,0.282590,0.000000,0.000000,0.000000,0.000000,0.434508,0.292978,0.510189,0.329204,0.000000,0.000000,0.000000,0.000000,0.000000,0.000000,0.000000,0.000000,0.000000,0.000000,0.000000,0.000000,0.000000,0.000000,0.000000,0.000000,0.000000,0.000000,0.000000,0.000000,0.000000,0.000000,0.000000,0.000000,0.000000,0.000000,0.000000,0.000000,0.000000,0.000000,0.000000,0.000000,0.000000,0.000000,0.000000,0.000000,0.000000,0.000000,0.480531,0.389612,0.000000,0.000000,0.487107,0.000000,0.000000,0.000000,0.000000,0.000000,0.000000,0.000000,0.000000,0.000000,0.000000,0.000000,0.000000,0.000000
0.000000,0.000000,0.000000,0.541960,0.294447,0.559138,0.000000,0.000000,0.000000,0.505849,0.000000,0.000000,0.000000,0.000000,0.000000,0.000000,0.000000,0.000000,0.000000,0.000000,0.345917,0.000000,0.340378,0.538351,0.000000,0.542465,0.329406,0.543498,0.000000,0.000000,0.379539,0.515800,0.000000,0.000000,0.000000,0.000000,0.000000,0.553627,0.000000,0.000000,0.000000,0.000000,0.000000,0.000000,0.000000,0.000000,0.000000,0.000000,0.000000,0.000000,0.000000,0.000000,0.000000,0.000000,0.000000,0.000000,0.000000,0.000000,0.000000,0.000000,0.000000,0.000000,0.000000,0.000000,0.000000,0.000000,0.000000,0.000000,0.000000,0.000000,0.000000,0.000000,0.000000,0.000000,0.000000,0.000000,0.000000,0.000000,0.000000,0.000000,0.000000,0.000000,0.000000,0.000000,0.000000,0.000000,0.000000,0.000000,0.000000,0.000000
0.000000,0.000000,0.000000,0.404968,0.565887,0.321655,0.000000,0.000000,0.000000,0.000000,0.000000,0.000000,0.000000,0.000000,0.000000,0.380503,0.000000,0.000000,0.000000,0.000000,0.419093,0.325433,0.498835,0.282590,0.542465,0.000000,0.535700,0.300217,0.000000,0.000000,0.488788,0.306546,0.000000,0.000000,0.000000,0.000000,0.000000,0.000000,0.000000,0.000000,0.000000,0.000000,0.000000,0.000000,0.000000,0.000000,0.000000,0.000000,0.000000,0.000000,0.000000,0.000000,0.000000,0.000000,0.000000,0.000000,0.000000,0.000000,0.000000,0.000000,0.000000,0.000000,0.000000,0.000000,0.000000,0.000000,0.000000,0.000000,0.000000,0.000000,0.000000,0.269796,0.000000,0.000000,0.000000,0.000000,0.000000,0.000000,0.000000,0.000000,0.000000,0.000000,0.000000,0.000000,0.000000,0.000000,0.000000,0.000000,0.000000,0.000000
0.000000,0.000000,0.000000,0.536670,0.308010,0.581811,0.000000,0.000000,0.000000,0.000000,0.000000,0.000000,0.000000,0.000000,0.344471,0.000000,0.000000,0.000000,0.000000,0.000000,0.332039,0.393120,0.000000,0.000000,0.329406,0.535700,0.000000,0.545758,0.364390,0.000000,0.411975,0.445743,0.000000,0.000000,0.000000,0.000000,0.000000,0.542119,0.360967,0.000000,0.000000,0.000000,0.000000,0.000000,0.000000,0.000000,0.000000,0.000000,0.000000,0.000000,0.000000,0.000000,0.000000,0.000000,0.000000,0.000000,0.000000,0.000000,0.000000,0.000000,0.000000,0.000000,0.000000,0.000000,0.000000,0.000000,0.000000,0.000000,0.000000,0.000000,0.348458,0.000000,0.000000,0.000000,0.000000,0.000000,0.000000,0.000000,0.000000,0.000000,0.000000,0.000000,0.427396,0.430838,0.000000,0.000000,0.000000,0.000000,0.000000,0.000000
0.000000,0.000000,0.000000,0.000000,0.569835,0.347525,0.000000,0.000000,0.000000,0.472875,0.000000,0.000000,0.000000,0.000000,0.000000,0.362813,0.000000,0.000000,0.000000,0.000000,0.457843,0.312432,0.000000,0.000000,0.543498,0.300217,0.545758,0.000000,0.000000,0.323689,0.000000,0.403351,0.000000,0.000000,0.000000,0.000000,0.000000,0.000000,0.000000,0.000000,0.000000,0.000000,0.000000,0.000000,0.000000,0.000000,0.000000,0.000000,0.000000,0.000000,0.000000,0.000000,0.000000,0.000000,0.000000,0.000000,0.000000,0.000000,0.000000,0.000000,0.000000,0.000000,0.000000,0.000000,0.000000,0.000000,0.000000,0.000000,0.000000,0.000000,0.000000,0.337391,0.000000,0.000000,0.000000,0.000000,0.000000,0.000000,0.000000,0.000000,0.000000,0.000000,0.000000,0.432985,0.000000,0.000000,0.000000,0.000000,0.000000,0.000000
0.000000,0.000000,0.000000,0.000000,0.380561,0.000000,0.000000,0.000000,0.403499,0.000000,0.418571,0.000000,0.373986,0.000000,0.336100,0.000000,0.361444,0.000000,0.416148,0.000000,0.333741,0.000000,0.460468,0.000000,0.000000,0.000000,0.364390,0.000000,0.000000,0.000000,0.000000,0.000000,0.000000,0.000000,0.000000,0.000000,0.000000,0.000000,0.386187,0.000000,0.000000,0.000000,0.000000,0.000000,0.000000,0.000000,0.522960,0.000000,0.470218,0.000000,0.468156,0.000000,0.000000,0.000000,0.000000,0.000000,0.426692,0.000000,0.444290,0.000000,0.000000,0.000000,0.000000,0.000000,0.000000,0.000000,0.462294,0.000000,0.000000,0.000000,0.000000,0.000000,0.337874,0.000000,0.000000,0.000000,0.000000,0.000000,0.295962,0.000000,0.369245,0.000000,0.410301,0.000000,0.417090,0.000000,0.000000,0.000000,0.000000,0.000000
0.000000,0.000000,0.000000,0.000000,0.000000,0.440934,0.000000,0.410139,0.000000,0.000000,0.000000,0.379060,0.000000,0.403260,0.000000,0.387297,0.000000,0.398605,0.000000,0.000000,0.000000,0.277267,0.000000,0.000000,0.000000,0.000000,0.000000,0.323689,0.000000,0.000000,0.000000,0.000000,0.000000,0.000000,0.480211,0.000000,0.000000,0.494055,0.000000,0.000000,0.000000,0.000000,0.549450,0.471285,0.000000,0.498376,0.541284,0.506104,0.585945,0.491533,0.000000,0.473505,0.000000,0.503002,0.000000,0.000000,0.000000,0.000000,0.000000,0.481760,0.000000,0.422653,0.000000,0.415030,0.000000,0.000000,0.000000,0.481508,0.000000,0.000000,0.000000,0.000000,0.000000,0.322721,0.000000,0.000000,0.000000,0.000000,0.000000,0.267883,0.000000,0.418500,0.000000,0.401264,0.000000,0.000000,0.000000,0.000000,0.000000,0.000000
0.000000,0.000000,0.000000,0.532431,0.416819,0.495302,0.000000,0.000000,0.000000,0.000000,0.000000,0.000000,0.000000,0.000000,0.426245,0.000000,0.000000,0.000000,0.000000,0.000000,0.419150,0.000000,0.413960,0.434508,0.379539,0.488788,0.411975,0.000000,0.000000,0.000000,0.000000,0.435029,0.471762,0.451616,0.462583,0.000000,0.000000,0.000000,0.000000,0.000000,0.000000,0.000000,0.000000,0.000000,0.000000,0.000000,0.000000,0.000000,0.000000,0.000000,0.000000,0.000000,0.000000,0.000000,0.000000,0.000000,0.000000,0.000000,0.000000,0.000000,0.000000,0.000000,0.000000,0.000000,0.000000,0.000000,0.506529,0.476875,0.000000,0.000000,0.344012,0.000000,0.000000,0.000000,0.000000,0.000000,0.000000,0.000000,0.000000,0.000000,0.000000,0.000000,0.000000,0.000000,0.000000,0.000000,0.000000,0.000000,0.000000,0.000000
0.000000,0.000000,0.000000,0.279568,0.000000,0.396923,0.000000,0.000000,0.000000,0.000000,0.000000,0.000000,0.000000,0.000000,0.000000,0.000000,0.000000,0.000000,0.000000,0.000000,0.478871,0.350529,0.459163,0.292978,0.515800,0.306546,0.445743,0.403351,0.000000,0.000000,0.435029,0.000000,0.000000,0.455743,0.000000,0.559682,0.000000,0.000000,0.000000,0.000000,0.000000,0.000000,0.000000,0.000000,0.000000,0.000000,0.000000,0.000000,0.000000,0.000000,0.000000,0.000000,0.000000,0.000000,0.000000,0.000000,0.000000,0.000000,0.000000,0.000000,0.000000,0.000000,0.000000,0.000000,0.000000,0.000000,0.000000,0.471292,0.000000,0.000000,0.000000,0.293248,0.000000,0.000000,0.000000,0.000000,0.000000,0.000000,0.000000,0.000000,0.000000,0.000000,0.000000,0.000000,0.000000,0.000000,0.000000,0.000000,0.000000,0.000000
0.000000,0.000000,0.000000,0.000000,0.000000,0.000000,0.000000,0.000000,0.000000,0.000000,0.000000,0.000000,0.000000,0.000000,0.000000,0.000000,0.000000,0.000000,0.412700,0.515525,0.000000,0.000000,0.456760,0.510189,0.000000,0.000000,0.000000,0.000000,0.000000,0.000000,0.471762,0.000000,0.000000,0.514081,0.395700,0.000000,0.000000,0.000000,0.000000,0.000000,0.000000,0.000000,0.000000,0.000000,0.000000,0.000000,0.000000,0.000000,0.000000,0.000000,0.000000,0.000000,0.000000,0.000000,0.000000,0.000000,0.000000,0.000000,0.378413,0.000000,0.000000,0.000000,0.000000,0.000000,0.000000,0.000000,0.416048,0.478099,0.406053,0.489484,0.000000,0.000000,0.000000,0.000000,0.000000,0.000000,0.000000,0.000000,0.000000,0.000000,0.000000,0.000000,0.000000,0.000000,0.000000,0.000000,0.000000,0.000000,0.000000,0.000000
0.000000,0.000000,0.000000,0.000000,0.000000,0.000000,0.000000,0.000000,0.000000,0.000000,0.000000,0.000000,0.000000,0.000000,0.000000,0.000000,0.000000,0.000000,0.506238,0.349249,0.000000,0.505908,0.508737,0.329204,0.000000,0.000000,0.000000,0.000000,0.000000,0.000000,0.451616,0.455743,0.514081,0.000000,0.250956,0.434235,0.000000,0.000000,0.000000,0.000000,0.000000,0.000000,0.000000,0.000000,0.000000,0.000000,0.000000,0.000000,0.000000,0.000000,0.000000,0.000000,0.000000,0.000000,0.000000,0.000000,0.000000,0.000000,0.000000,0.000000,0.000000,0.000000,0.000000,0.000000,0.000000,0.000000,0.513499,0.434639,0.483998,0.413516,0.000000,0.000000,0.000000,0.000000,0.000000,0.000000,0.000000,0.436329,0.000000,0.000000,0.000000,0.000000,0.000000,0.000000,0.000000,0.000000,0.000000,0.000000,0.000000,0.000000
0.000000,0.000000,0.000000,0.000000,0.000000,0.000000,0.000000,0.514804,0.000000,0.000000,0.000000,0.000000,0.492126,0.488785,0.499107,0.000000,0.000000,0.000000,0.000000,0.000000,0.000000,0.000000,0.000000,0.000000,0.000000,0.000000,0.000000,0.000000,0.000000,0.480211,0.462583,0.000000,0.395700,0.250956,0.000000,0.277850,0.306194,0.000000,0.475802,0.000000,0.000000,0.000000,0.404668,0.000000,0.511137,0.000000,0.473366,0.000000,0.537106,0.000000,0.000000,0.000000,0.000000,0.000000,0.000000,0.000000,0.000000,0.000000,0.000000,0.000000,0.000000,0.000000,0.000000,0.000000,0.000000,0.000000,0.396991,0.322669,0.000000,0.000000,0.000000,0.000000,0.000000,0.485360,0.000000,0.000000,0.000000,0.000000,0.000000,0.000000,0.491966,0.000000,0.000000,0.000000,0.000000,0.000000,0.000000,0.000000,0.000000,0.000000
0.000000,0.000000,0.000000,0.000000,0.000000,0.000000,0.000000,0.000000,0.000000,0.000000,0.000000,0.000000,0.000000,0.000000,0.000000,0.000000,0.000000,0.000000,0.000000,0.000000,0.000000,0.000000,0.000000,0.000000,0.000000,0.000000,0.000000,0.000000,0.000000,0.000000,0.000000,0.559682,0.000000,0.434235,0.277850,0.000000,0.000000,0.373350,0.000000,0.000000,0.000000,0.000000,0.000000,0.000000,0.000000,0.000000,0.000000,0.365188,0.000000,0.000000,0.000000,0.000000,0.000000,0.000000,0.000000,0.000000,0.000000,0.000000,0.000000,0.000000,0.000000,0.000000,0.000000,0.000000,0.000000,0.000000,0.000000,0.389115,0.000000,0.000000,0.000000,0.000000,0.000000,0.000000,0.000000,0.000000,0.000000,0.485845,0.000000,0.000000,0.000000,0.000000,0.000000,0.000000,0.000000,0.000000,0.000000,0.000000,0.000000,0.000000
0.000000,0.000000,0.000000,0.000000,0.535168,0.000000,0.000000,0.000000,0.000000,0.000000,0.000000,0.000000,0.530255,0.000000,0.503999,0.000000,0.000000,0.000000,0.000000,0.000000,0.000000,0.000000,0.000000,0.000000,0.000000,0.000000,0.000000,0.000000,0.000000,0.000000,0.000000,0.000000,0.000000,0.000000,0.306194,0.000000,0.000000,0.504262,0.371760,0.000000,0.393056,0.000000,0.451679,0.000000,0.439876,0.000000,0.434092,0.000000,0.451367,0.000000,0.000000,0.000000,0.000000,0.000000,0.355231,0.000000,0.000000,0.000000,0.000000,0.000000,0.000000,0.000000,0.000000,0.000000,0.000000,0.000000,0.457943,0.000000,0.000000,0.000000,0.000000,0.000000,0.000000,0.000000,0.000000,0.000000,0.401125,0.000000,0.000000,0.000000,0.505115,0.000000,0.466784,0.000000,0.000000,0.000000,0.467303,0.000000,0.000000,0.000000
0.000000,0.534700,0.000000,0.000000,0.551423,0.000000,0.000000,0.000000,0.557850,0.000000,0.000000,0.000000,0.574169,0.000000,0.562305,0.470645,0.000000,0.000000,0.545433,0.000000,0.000000,0.000000,0.000000,0.000000,0.553627,0.000000,0.542119,0.000000,0.000000,0.494055,0.000000,0.000000,0.000000,0.000000,0.000000,0.373350,0.504262,0.000000,0.000000,0.323672,0.568545,0.409831,0.000000,0.449646,0.000000,0.000000,0.000000,0.247307,0.000000,0.000000,0.000000,0.000000,0.000000,0.000000,0.000000,0.378932,0.000000,0.539355,0.000000,0.000000,0.000000,0.000000,0.000000,0.000000,0.000000,0.000000,0.000000,0.459335,0.000000,0.000000,0.517915,0.400029,0.000000,0.000000,0.000000,0.000000,0.541536,0.430965,0.000000,0.000000,0.000000,0.000000,0.571352,0.459172,0.000000,0.477442,0.000000,0.445390,0.000000,0.387775
0.000000,0.000000,0.000000,0.000000,0.358906,0.000000,0.000000,0.000000,0.000000,0.000000,0.000000,0.000000,0.000000,0.000000,0.357523,0.000000,0.000000,0.000000,0.000000,0.000000,0.326971,0.000000,0.000000,0.000000,0.000000,0.000000,0.360967,0.000000,0.386187,0.000000,0.000000,0.000000,0.000000,0.000000,0.475802,0.000000,0.371760,0.000000,0.000000,0.000000,0.305249,0.000000,0.469640,0.000000,0.460367,0.000000,0.439270,0.000000,0.000000,0.000000,0.000000,0.000000,0.000000,0.000000,0.363612,0.000000,0.000000,0.000000,0.000000,0.000000,0.000000,0.000000,0.000000,0.000000,0.000000,0.000000,0.461788,0.000000,0.000000,0.000000,0.000000,0.000000,0.000000,0.000000,0.000000,0.000000,0.537938,0.000000,0.000000,0.000000,0.000000,0.000000,0.481451,0.000000,0.509891,0.000000,0.410016,0.000000,0.484690,0.000000
0.000000,0.000000,0.000000,0.000000,0.000000,0.000000,0.000000,0.000000,0.000000,0.000000,0.000000,0.000000,0.000000,0.000000,0.000000,0.000000,0.000000,0.000000,0.000000,0.000000,0.000000,0.000000,0.000000,0.000000,0.000000,0.000000,0.000000,0.000000,0.000000,0.000000,0.000000,0.000000,0.000000,0.000000,0.000000,0.000000,0.000000,0.323672,0.000000,0.000000,0.000000,0.278440,0.000000,0.474032,0.000000,0.533335,0.000000,0.479106,0.000000,0.000000,0.000000,0.000000,0.000000,0.000000,0.000000,0.356524,0.000000,0.000000,0.000000,0.000000,0.000000,0.000000,0.000000,0.000000,0.000000,0.000000,0.000000,0.488931,0.000000,0.000000,0.000000,0.000000,0.000000,0.000000,0.000000,0.000000,0.000000,0.000000,0.000000,0.000000,0.000000,0.000000,0.000000,0.412166,0.000000,0.486880,0.000000,0.437233,0.000000,0.449353
0.000000,0.000000,0.000000,0.000000,0.000000,0.000000,0.000000,0.000000,0.000000,0.000000,0.000000,0.000000,0.000000,0.000000,0.000000,0.000000,0.000000,0.000000,0.000000,0.000000,0.289563,0.000000,0.000000,0.000000,0.000000,0.000000,0.000000,0.000000,0.000000,0.000000,0.000000,0.000000,0.000000,0.000000,0.000000,0.000000,0.393056,0.568545,0.305249,0.000000,0.000000,0.000000,0.000000,0.000000,0.000000,0.000000,0.000000,0.000000,0.000000,0.000000,0.000000,0.000000,0.000000,0.000000,0.413606,0.000000,0.000000,0.000000,0.000000,0.000000,0.000000,0.000000,0.000000,0.000000,0.000000,0.000000,0.000000,0.000000,0.000000,0.000000,0.000000,0.000000,0.410058,0.000000,0.000000,0.000000,0.000000,0.000000,0.000000,0.000000,0.000000,0.000000,0.392794,0.000000,0.000000,0.000000,0.428327,0.000000,0.000000,0.000000
0.000000,0.000000,0.000000,0.000000,0.000000,0.000000,0.000000,0.000000,0.000000,0.000000,0.000000,0.000000,0.000000,0.000000,0.000000,0.000000,0.000000,0.000000,0.000000,0.000000,0.000000,0.429348,0.000000,0.000000,0.000000,0.000000,0.000000,0.000000,0.000000,0.000000,0.000000,0.000000,0.000000,0.000000,0.000000,0.000000,0.000000,0.409831,0.000000,0.278440,0.000000,0.000000,0.000000,0.000000,0.000000,0.000000,0.000000,0.000000,0.000000,0.000000,0.000000,0.000000,0.000000,0.000000,0.000000,0.000000,0.000000,0.000000,0.000000,0.000000,0.000000,0.000000,0.000000,0.000000,0.000000,0.000000,0.000000,0.000000,0.000000,0.000000,0.000000,0.000000,0.000000,0.000000,0.000000,0.000000,0.000000,0.403648,0.000000,0.000000,0.000000,0.000000,0.000000,0.375577,0.000000,0.000000,0.000000,0.394970,0.000000,0.000000
0.000000,0.000000,0.000000,0.000000,0.000000,0.000000,0.528376,0.541112,0.532993,0.000000,0.000000,0.000000,0.539156,0.532484,0.541850,0.551273,0.000000,0.000000,0.482654,0.000000,0.000000,0.000000,0.494699,0.000000,0.000000,0.000000,0.000000,0.000000,0.000000,0.549450,0.000000,0.000000,0.000000,0.000000,0.404668,0.000000,0.451679,0.000000,0.469640,0.000000,0.000000,0.000000,0.000000,0.457193,0.460914,0.613887,0.409854,0.446676,0.403826,0.667666,0.341129,0.000000,0.275724,0.000000,0.419849,0.450394,0.000000,0.000000,0.000000,0.000000,0.000000,0.000000,0.000000,0.000000,0.000000,0.000000,0.369260,0.699095,0.000000,0.000000,0.000000,0.000000,0.000000,0.541637,0.000000,0.000000,0.000000,0.000000,0.000000,0.000000,0.501603,0.000000,0.517605,0.528197,0.536698,0.533824,0.000000,0.000000,0.499590,0.552392
0.000000,0.000000,0.000000,0.000000,0.000000,0.000000,0.000000,0.536601,0.000000,0.000000,0.000000,0.000000,0.000000,0.505616,0.000000,0.526672,0.000000,0.000000,0.000000,0.000000,0.000000,0.000000,0.000000,0.000000,0.000000,0.000000,0.000000,0.000000,0.000000,0.471285,0.000000,0.000000,0.000000,0.000000,0.000000,0.000000,0.000000,0.449646,0.000000,0.474032,0.000000,0.000000,0.457193,0.000000,0.705829,0.435060,0.219332,0.423912,0.728083,0.401548,0.689206,0.397823,0.000000,0.321858,0.000000,0.000000,0.000000,0.000000,0.000000,0.000000,0.000000,0.000000,0.000000,0.000000,0.000000,0.000000,0.657436,0.453311,0.000000,0.000000,0.000000,0.000000,0.000000,0.000000,0.000000,0.000000,0.000000,0.000000,0.000000,0.000000,0.000000,0.489881,0.000000,0.468802,0.000000,0.373440,0.000000,0.475974,0.000000,0.494253
0.000000,0.000000,0.000000,0.000000,0.000000,0.000000,0.472000,0.000000,0.480263,0.000000,0.000000,0.000000,0.000000,0.000000,0.478623,0.000000,0.000000,0.000000,0.460342,0.000000,0.000000,0.000000,0.000000,0.000000,0.000000,0.000000,0.000000,0.000000,0.000000,0.000000,0.000000,0.000000,0.000000,0.000000,0.511137,0.000000,0.439876,0.000000,0.460367,0.000000,0.000000,0.000000,0.460914,0.705829,0.000000,0.616019,0.467813,0.000000,0.422214,0.657699,0.406767,0.000000,0.464001,0.000000,0.000000,0.593274,0.000000,0.000000,0.000000,0.000000,0.000000,0.000000,0.000000,0.000000,0.000000,0.000000,0.396873,0.637345,0.000000,0.000000,0.000000,0.000000,0.000000,0.000000,0.000000,0.000000,0.000000,0.000000,0.000000,0.000000,0.469262,0.000000,0.000000,0.000000,0.451001,0.000000,0.000000,0.000000,0.444119,0.000000
0.000000,0.000000,0.000000,0.000000,0.000000,0.000000,0.587707,0.534300,0.565781,0.000000,0.000000,0.000000,0.588610,0.000000,0.607677,0.000000,0.000000,0.000000,0.537125,0.000000,0.000000,0.000000,0.000000,0.000000,0.000000,0.000000,0.000000,0.000000,0.000000,0.498376,0.000000,0.000000,0.000000,0.000000,0.000000,0.000000,0.000000,0.000000,0.000000,0.533335,0.000000,0.000000,0.613887,0.435060,0.616019,0.000000,0.000000,0.444301,0.611776,0.358652,0.655375,0.440551,0.000000,0.000000,0.000000,0.537354,0.000000,0.000000,0.000000,0.396616,0.000000,0.000000,0.000000,0.000000,0.000000,0.000000,0.563755,0.533661,0.000000,0.000000,0.000000,0.000000,0.574113,0.510161,0.000000,0.000000,0.000000,0.499999,0.000000,0.000000,0.502544,0.000000,0.471436,0.487056,0.000000,0.458728,0.000000,0.488708,0.000000,0.464955
0.000000,0.000000,0.000000,0.000000,0.502329,0.000000,0.536421,0.000000,0.500125,0.549143,0.000000,0.000000,0.550988,0.000000,0.549786,0.536029,0.000000,0.000000,0.492035,0.000000,0.000000,0.000000,0.478057,0.000000,0.000000,0.000000,0.000000,0.000000,0.522960,0.541284,0.000000,0.000000,0.000000,0.000000,0.473366,0.000000,0.434092,0.000000,0.439270,0.000000,0.000000,0.000000,0.409854,0.219332,0.467813,0.000000,0.000000,0.427013,0.438561,0.000000,0.312962,0.000000,0.299295,0.000000,0.392150,0.479281,0.000000,0.000000,0.000000,0.000000,0.000000,0.000000,0.000000,0.000000,0.000000,0.000000,0.403749,0.000000,0.000000,0.000000,0.000000,0.000000,0.000000,0.000000,0.000000,0.000000,0.505930,0.000000,0.000000,0.000000,0.545942,0.000000,0.527166,0.517119,0.544378,0.522395,0.459103,0.000000,0.511113,0.518367
0.000000,0.000000,0.000000,0.000000,0.000000,0.531961,0.000000,0.546489,0.000000,0.533346,0.000000,0.000000,0.000000,0.528416,0.000000,0.544425,0.000000,0.000000,0.000000,0.000000,0.000000,0.000000,0.000000,0.000000,0.000000,0.000000,0.000000,0.000000,0.000000,0.506104,0.000000,0.000000,0.000000,0.000000,0.000000,0.365188,0.000000,0.247307,0.000000,0.479106,0.000000,0.000000,0.446676,0.423912,0.000000,0.444301,0.427013,0.000000,0.000000,0.372403,0.000000,0.365975,0.000000,0.332295,0.000000,0.442504,0.000000,0.000000,0.000000,0.000000,0.000000,0.000000,0.000000,0.000000,0.000000,0.000000,0.563189,0.463049,0.000000,0.000000,0.000000,0.000000,0.000000,0.000000,0.000000,0.000000,0.000000,0.000000,0.000000,0.000000,0.000000,0.513540,0.000000,0.518969,0.000000,0.523691,0.000000,0.497430,0.000000,0.510424
0.000000,0.000000,0.000000,0.000000,0.000000,0.000000,0.498840,0.576465,0.488432,0.000000,0.000000,0.000000,0.504439,0.555626,0.499067,0.000000,0.000000,0.000000,0.467462,0.000000,0.000000,0.000000,0.471376,0.000000,0.000000,0.000000,0.000000,0.000000,0.470218,0.585945,0.000000,0.000000,0.000000,0.000000,0.537106,0.000000,0.451367,0.000000,0.000000,0.000000,0.000000,0.000000,0.403826,0.728083,0.422214,0.611776,0.438561,0.000000,0.000000,0.630271,0.421896,0.000000,0.490026,0.000000,0.432397,0.000000,0.000000,0.000000,0.345807,0.338486,0.000000,0.000000,0.000000,0.000000,0.000000,0.000000,0.394575,0.325187,0.000000,0.000000,0.000000,0.000000,0.487484,0.577549,0.000000,0.000000,0.000000,0.000000,0.000000,0.000000,0.473263,0.000000,0.475361,0.553242,0.473255,0.000000,0.426276,0.557986,0.457600,0.000000
