0.000000,0.000000,0.343318,0.000000,0.000000,0.000000,0.333457,0.000000,0.000000,0.000000,0.372368,0.000000,0.459657,0.000000,0.000000,0.000000,0.246141,0.461659,0.356402,0.400664,0.000000,0.000000,0.000000,0.000000,0.000000,0.000000,0.000000,0.000000,0.000000,0.000000,0.000000,0.000000,0.000000,0.000000,0.000000,0.000000,0.000000,0.000000,0.000000,0.000000,0.000000,0.000000,0.000000,0.000000,0.000000,0.000000,0.377784,0.000000,0.000000,0.000000,0.000000,0.000000,0.000000,0.000000,0.000000,0.000000,0.376281,0.510037,0.000000,0.000000,0.000000,0.000000,0.346044,0.000000,0.000000,0.000000,0.405351,0.000000,0.403332,0.000000,0.000000,0.000000,0.000000,0.000000,0.000000,0.000000,0.000000,0.000000,0.000000,0.000000,0.462392,0.459640,0.000000,0.000000,0.398074,0.000000,0.000000,0.000000,0.000000,0.000000
0.000000,0.000000,0.339741,0.341174,0.000000,0.000000,0.405407,0.364249,0.000000,0.000000,0.000000,0.344867,0.000000,0.000000,0.000000,0.000000,0.000000,0.366843,0.362814,0.386750,0.000000,0.000000,0.000000,0.000000,0.000000,0.000000,0.000000,0.000000,0.465891,0.000000,0.000000,0.000000,0.000000,0.404849,0.000000,0.000000,0.420065,0.000000,0.000000,0.470845,0.000000,0.000000,0.467101,0.000000,0.000000,0.000000,0.504846,0.000000,0.000000,0.000000,0.000000,0.000000,0.000000,0.000000,0.000000,0.000000,0.000000,0.373372,0.000000,0.404587,0.000000,0.435097,0.000000,0.387955,0.000000,0.000000,0.472463,0.420360,0.281165,0.429138,0.000000,0.000000,0.000000,0.000000,0.000000,0.000000,0.000000,0.000000,0.000000,0.000000,0.000000,0.470050,0.000000,0.000000,0.000000,0.000000,0.000000,0.000000,0.000000,0.000000
0.343318,0.339741,0.000000,0.429499,0.000000,0.000000,0.353504,0.432636,0.000000,0.000000,0.000000,0.000000,0.000000,0.000000,0.000000,0.000000,0.000000,0.000000,0.387044,0.344867,0.000000,0.000000,0.350316,0.423269,0.000000,0.000000,0.000000,0.000000,0.000000,0.000000,0.394642,0.400187,0.000000,0.371537,0.000000,0.000000,0.000000,0.000000,0.000000,0.000000,0.000000,0.000000,0.000000,0.000000,0.000000,0.000000,0.000000,0.000000,0.000000,0.000000,0.000000,0.000000,0.000000,0.000000,0.000000,0.000000,0.367755,0.000000,0.000000,0.000000,0.340953,0.000000,0.000000,0.000000,0.000000,0.000000,0.000000,0.000000,0.379864,0.000000,0.394906,0.000000,0.000000,0.000000,0.000000,0.000000,0.000000,0.000000,0.000000,0.000000,0.000000,0.000000,0.000000,0.000000,0.000000,0.000000,0.000000,0.000000,0.000000,0.000000
0.000000,0.341174,0.429499,0.000000,0.498719,0.444535,0.435782,0.372256,0.000000,0.000000,0.000000,0.439516,0.000000,0.000000,0.470079,0.461439,0.000000,0.430345,0.390471,0.386316,0.547882,0.000000,0.370223,0.340293,0.000000,0.410641,0.000000,0.461600,0.500849,0.453483,0.428654,0.331764,0.369856,0.408568,0.000000,0.000000,0.000000,0.000000,0.544176,0.000000,0.000000,0.000000,0.000000,0.460153,0.000000,0.000000,0.000000,0.000000,0.000000,0.000000,0.000000,0.000000,0.000000,0.000000,0.000000,0.567376,0.000000,0.462404,0.000000,0.000000,0.000000,0.498727,0.000000,0.000000,0.000000,0.000000,0.432029,0.000000,0.000000,0.000000,0.450523,0.000000,0.510143,0.000000,0.000000,0.000000,0.000000,0.000000,0.000000,0.000000,0.000000,0.438040,0.000000,0.000000,0.000000,0.000000,0.000000,0.000000,0.000000,0.000000
0.000000,0.000000,0.000000,0.498719,0.000000,0.310655,0.000000,0.000000,0.327171,0.000000,0.000000,0.452311,0.000000,0.000000,0.352575,0.408786,0.000000,0.511541,0.000000,0.462265,0.370887,0.000000,0.000000,0.000000,0.313745,0.323997,0.341571,0.361338,0.277849,0.488438,0.353469,0.386381,0.000000,0.000000,0.000000,0.539999,0.363491,0.000000,0.358291,0.000000,0.420874,0.000000,0.494799,0.479023,0.000000,0.000000,0.000000,0.561297,0.000000,0.000000,0.000000,0.569221,0.000000,0.000000,0.000000,0.000000,0.000000,0.000000,0.000000,0.000000,0.000000,0.000000,0.000000,0.000000,0.000000,0.000000,0.000000,0.000000,0.000000,0.000000,0.000000,0.417575,0.000000,0.000000,0.000000,0.000000,0.000000,0.000000,0.000000,0.000000,0.000000,0.494121,0.387842,0.000000,0.000000,0.542924,0.385184,0.000000,0.000000,0.520299
0.000000,0.000000,0.000000,0.444535,0.310655,0.000000,0.000000,0.447574,0.000000,0.415108,0.000000,0.400665,0.000000,0.421603,0.000000,0.321397,0.000000,0.460703,0.000000,0.000000,0.000000,0.000000,0.000000,0.000000,0.000000,0.249602,0.452021,0.293033,0.000000,0.357773,0.451339,0.000000,0.000000,0.452697,0.000000,0.000000,0.000000,0.000000,0.000000,0.473025,0.000000,0.000000,0.000000,0.000000,0.000000,0.000000,0.000000,0.000000,0.000000,0.000000,0.000000,0.000000,0.000000,0.000000,0.000000,0.000000,0.000000,0.000000,0.000000,0.000000,0.000000,0.000000,0.000000,0.000000,0.000000,0.000000,0.000000,0.000000,0.000000,0.000000,0.429839,0.000000,0.000000,0.000000,0.000000,0.000000,0.000000,0.000000,0.000000,0.000000,0.000000,0.505658,0.518933,0.000000,0.000000,0.000000,0.000000,0.000000,0.000000,0.000000
0.333457,0.405407,0.353504,0.435782,0.000000,0.000000,0.000000,0.409299,0.000000,0.000000,0.366855,0.000000,0.314750,0.000000,0.279999,0.000000,0.000000,0.491499,0.373506,0.344464,0.000000,0.000000,0.390747,0.439760,0.000000,0.000000,0.000000,0.000000,0.288370,0.000000,0.402176,0.397176,0.478080,0.000000,0.000000,0.000000,0.447994,0.000000,0.000000,0.000000,0.000000,0.000000,0.468710,0.000000,0.461410,0.000000,0.470892,0.000000,0.000000,0.000000,0.000000,0.000000,0.000000,0.000000,0.000000,0.000000,0.418930,0.000000,0.000000,0.000000,0.383428,0.000000,0.000000,0.000000,0.000000,0.000000,0.454017,0.000000,0.000000,0.000000,0.376890,0.000000,0.373469,0.000000,0.408113,0.000000,0.000000,0.000000,0.000000,0.000000,0.000000,0.471391,0.000000,0.000000,0.000000,0.000000,0.000000,0.000000,0.000000,0.000000
0.000000,0.364249,0.432636,0.372256,0.000000,0.447574,0.409299,0.000000,0.000000,0.450496,0.000000,0.373235,0.000000,0.340966,0.457313,0.419801,0.000000,0.387624,0.374020,0.397628,0.000000,0.000000,0.440418,0.392307,0.000000,0.000000,0.000000,0.490721,0.000000,0.427374,0.412268,0.395742,0.371655,0.427228,0.000000,0.000000,0.000000,0.402760,0.575810,0.442082,0.000000,0.000000,0.000000,0.000000,0.000000,0.000000,0.000000,0.000000,0.000000,0.000000,0.000000,0.000000,0.000000,0.000000,0.000000,0.000000,0.000000,0.402748,0.000000,0.000000,0.000000,0.000000,0.000000,0.400885,0.000000,0.000000,0.000000,0.000000,0.000000,0.000000,0.413078,0.000000,0.000000,0.000000,0.000000,0.000000,0.000000,0.000000,0.000000,0.000000,0.392635,0.393020,0.000000,0.000000,0.000000,0.000000,0.000000,0.000000,0.000000,0.000000
0.000000,0.000000,0.000000,0.000000,0.327171,0.000000,0.000000,0.000000,0.000000,0.000000,0.000000,0.446233,0.000000,0.000000,0.352057,0.000000,0.000000,0.490170,0.000000,0.000000,0.000000,0.000000,0.000000,0.000000,0.333501,0.000000,0.000000,0.000000,0.000000,0.000000,0.349360,0.000000,0.000000,0.000000,0.000000,0.536899,0.000000,0.000000,0.000000,0.000000,0.000000,0.000000,0.505820,0.000000,0.000000,0.000000,0.526252,0.553468,0.000000,0.000000,0.000000,0.556185,0.000000,0.000000,0.000000,0.000000,0.000000,0.000000,0.000000,0.000000,0.000000,0.000000,0.000000,0.000000,0.000000,0.000000,0.000000,0.000000,0.000000,0.000000,0.000000,0.448359,0.000000,0.000000,0.000000,0.000000,0.000000,0.000000,0.000000,0.000000,0.000000,0.000000,0.000000,0.000000,0.000000,0.561003,0.000000,0.000000,0.000000,0.559384
0.000000,0.000000,0.000000,0.000000,0.000000,0.415108,0.000000,0.450496,0.000000,0.000000,0.000000,0.000000,0.000000,0.389086,0.000000,0.262227,0.000000,0.000000,0.000000,0.000000,0.000000,0.000000,0.000000,0.000000,0.000000,0.000000,0.000000,0.000000,0.000000,0.356566,0.000000,0.000000,0.000000,0.000000,0.000000,0.000000,0.000000,0.000000,0.000000,0.000000,0.000000,0.000000,0.000000,0.000000,0.000000,0.000000,0.000000,0.000000,0.000000,0.000000,0.000000,0.000000,0.000000,0.000000,0.000000,0.000000,0.000000,0.000000,0.000000,0.000000,0.000000,0.000000,0.000000,0.000000,0.000000,0.000000,0.000000,0.000000,0.000000,0.000000,0.000000,0.000000,0.000000,0.000000,0.000000,0.000000,0.000000,0.000000,0.000000,0.000000,0.000000,0.000000,0.000000,0.000000,0.000000,0.000000,0.000000,0.000000,0.000000,0.000000
0.372368,0.000000,0.000000,0.000000,0.000000,0.000000,0.366855,0.000000,0.000000,0.000000,0.000000,0.000000,0.386190,0.000000,0.000000,0.000000,0.292699,0.000000,0.413934,0.345770,0.000000,0.000000,0.000000,0.000000,0.000000,0.000000,0.000000,0.000000,0.371955,0.000000,0.000000,0.000000,0.000000,0.000000,0.000000,0.000000,0.000000,0.000000,0.000000,0.000000,0.000000,0.000000,0.439809,0.000000,0.429482,0.000000,0.463591,0.000000,0.000000,0.000000,0.000000,0.000000,0.000000,0.000000,0.000000,0.000000,0.429664,0.000000,0.000000,0.000000,0.000000,0.000000,0.000000,0.000000,0.000000,0.000000,0.424452,0.000000,0.000000,0.000000,0.000000,0.000000,0.464296,0.000000,0.000000,0.000000,0.000000,0.000000,0.000000,0.000000,0.462918,0.468804,0.000000,0.000000,0.000000,0.000000,0.000000,0.000000,0.000000,0.000000
0.000000,0.344867,0.000000,0.439516,0.452311,0.400665,0.000000,0.373235,0.446233,0.000000,0.000000,0.000000,0.000000,0.293345,0.458454,0.431614,0.000000,0.342149,0.000000,0.000000,0.000000,0.000000,0.422801,0.442320,0.458413,0.000000,0.000000,0.000000,0.000000,0.415669,0.000000,0.000000,0.000000,0.445811,0.000000,0.000000,0.457030,0.000000,0.000000,0.466696,0.486445,0.000000,0.000000,0.000000,0.000000,0.000000,0.000000,0.000000,0.000000,0.000000,0.000000,0.000000,0.000000,0.000000,0.445715,0.000000,0.000000,0.296491,0.000000,0.000000,0.000000,0.000000,0.000000,0.000000,0.000000,0.471484,0.000000,0.000000,0.000000,0.000000,0.000000,0.447366,0.000000,0.000000,0.000000,0.000000,0.000000,0.000000,0.000000,0.000000,0.000000,0.374561,0.000000,0.294687,0.000000,0.000000,0.000000,0.000000,0.000000,0.000000
0.459657,0.000000,0.000000,0.000000,0.000000,0.000000,0.314750,0.000000,0.000000,0.000000,0.386190,0.000000,0.000000,0.000000,0.293832,0.000000,0.537479,0.000000,0.390470,0.000000,0.000000,0.000000,0.000000,0.000000,0.000000,0.000000,0.000000,0.000000,0.372696,0.000000,0.317571,0.000000,0.000000,0.000000,0.000000,0.000000,0.000000,0.000000,0.000000,0.000000,0.000000,0.000000,0.454840,0.000000,0.000000,0.000000,0.485746,0.518806,0.000000,0.000000,0.000000,0.000000,0.000000,0.000000,0.000000,0.000000,0.541909,0.000000,0.000000,0.000000,0.000000,0.000000,0.000000,0.000000,0.000000,0.000000,0.411860,0.000000,0.000000,0.000000,0.339361,0.359243,0.430842,0.000000,0.440898,0.000000,0.421600,0.000000,0.000000,0.000000,0.393762,0.473246,0.000000,0.000000,0.000000,0.000000,0.000000,0.000000,0.000000,0.000000
0.000000,0.000000,0.000000,0.000000,0.000000,0.421603,0.000000,0.340966,0.000000,0.389086,0.000000,0.293345,0.000000,0.000000,0.000000,0.280537,0.000000,0.339763,0.000000,0.000000,0.000000,0.000000,0.000000,0.000000,0.000000,0.000000,0.000000,0.000000,0.000000,0.312021,0.000000,0.000000,0.000000,0.427284,0.000000,0.000000,0.000000,0.000000,0.000000,0.000000,0.000000,0.000000,0.000000,0.000000,0.000000,0.000000,0.000000,0.000000,0.000000,0.000000,0.000000,0.000000,0.000000,0.000000,0.000000,0.000000,0.000000,0.000000,0.000000,0.000000,0.000000,0.000000,0.000000,0.000000,0.000000,0.000000,0.000000,0.000000,0.000000,0.000000,0.000000,0.000000,0.000000,0.000000,0.000000,0.000000,0.000000,0.000000,0.000000,0.000000,0.000000,0.339125,0.000000,0.330431,0.000000,0.000000,0.000000,0.000000,0.000000,0.000000
0.000000,0.000000,0.000000,0.470079,0.352575,0.000000,0.279999,0.457313,0.352057,0.000000,0.000000,0.458454,0.293832,0.000000,0.000000,0.450773,0.000000,0.481604,0.000000,0.490570,0.309364,0.414616,0.000000,0.426531,0.531856,0.440400,0.284635,0.465889,0.395864,0.481514,0.318225,0.367186,0.000000,0.000000,0.000000,0.563598,0.427105,0.000000,0.000000,0.000000,0.308803,0.429113,0.505014,0.558923,0.000000,0.000000,0.557631,0.571607,0.000000,0.000000,0.000000,0.562389,0.000000,0.000000,0.000000,0.000000,0.000000,0.000000,0.000000,0.000000,0.000000,0.000000,0.000000,0.000000,0.000000,0.000000,0.000000,0.000000,0.000000,0.000000,0.284933,0.411469,0.000000,0.000000,0.000000,0.000000,0.000000,0.000000,0.000000,0.000000,0.000000,0.477964,0.330147,0.467229,0.000000,0.526426,0.346594,0.000000,0.470187,0.454872
0.000000,0.000000,0.000000,0.461439,0.408786,0.321397,0.000000,0.419801,0.000000,0.262227,0.000000,0.431614,0.000000,0.280537,0.450773,0.000000,0.000000,0.436532,0.000000,0.000000,0.000000,0.274542,0.000000,0.000000,0.000000,0.000000,0.351236,0.000000,0.000000,0.343649,0.000000,0.000000,0.000000,0.000000,0.000000,0.000000,0.000000,0.000000,0.000000,0.485539,0.000000,0.000000,0.000000,0.000000,0.000000,0.000000,0.000000,0.000000,0.000000,0.000000,0.000000,0.000000,0.000000,0.000000,0.000000,0.000000,0.000000,0.000000,0.000000,0.000000,0.000000,0.000000,0.000000,0.000000,0.000000,0.000000,0.000000,0.000000,0.000000,0.000000,0.000000,0.000000,0.000000,0.000000,0.000000,0.000000,0.000000,0.000000,0.000000,0.464969,0.000000,0.399286,0.446523,0.437019,0.000000,0.000000,0.000000,0.000000,0.000000,0.000000
0.246141,0.000000,0.000000,0.000000,0.000000,0.000000,0.000000,0.000000,0.000000,0.000000,0.292699,0.000000,0.537479,0.000000,0.000000,0.000000,0.000000,0.000000,0.000000,0.000000,0.000000,0.000000,0.000000,0.000000,0.000000,0.000000,0.000000,0.000000,0.239315,0.000000,0.000000,0.000000,0.000000,0.000000,0.000000,0.000000,0.000000,0.000000,0.000000,0.000000,0.000000,0.000000,0.000000,0.000000,0.000000,0.000000,0.000000,0.000000,0.000000,0.000000,0.000000,0.000000,0.000000,0.000000,0.000000,0.000000,0.345453,0.000000,0.000000,0.000000,0.000000,0.000000,0.000000,0.000000,0.000000,0.000000,0.000000,0.000000,0.000000,0.000000,0.000000,0.000000,0.000000,0.000000,0.000000,0.000000,0.000000,0.000000,0.286125,0.000000,0.346005,0.000000,0.290620,0.000000,0.324587,0.000000,0.000000,0.000000,0.000000,0.000000
0.461659,0.366843,0.000000,0.430345,0.511541,0.460703,0.491499,0.387624,0.490170,0.000000,0.000000,0.342149,0.000000,0.339763,0.481604,0.436532,0.000000,0.000000,0.493651,0.386773,0.502109,0.000000,0.000000,0.438187,0.000000,0.000000,0.448586,0.455541,0.512509,0.425277,0.000000,0.000000,0.461179,0.399811,0.000000,0.000000,0.000000,0.441141,0.444997,0.497949,0.481274,0.000000,0.467731,0.520676,0.000000,0.000000,0.508560,0.551194,0.000000,0.000000,0.000000,0.456549,0.483473,0.000000,0.000000,0.000000,0.000000,0.395889,0.000000,0.000000,0.000000,0.000000,0.000000,0.420216,0.000000,0.505397,0.000000,0.000000,0.000000,0.426055,0.000000,0.386416,0.000000,0.436141,0.000000,0.000000,0.000000,0.000000,0.000000,0.428253,0.000000,0.363243,0.467572,0.349162,0.000000,0.561021,0.464382,0.000000,0.447517,0.598503
0.356402,0.362814,0.387044,0.390471,0.000000,0.000000,0.373506,0.374020,0.000000,0.000000,0.413934,0.000000,0.390470,0.000000,0.000000,0.000000,0.000000,0.493651,0.000000,0.375279,0.000000,0.000000,0.361804,0.363733,0.000000,0.000000,0.000000,0.000000,0.000000,0.000000,0.000000,0.000000,0.450965,0.375267,0.449889,0.000000,0.525579,0.000000,0.000000,0.000000,0.484825,0.000000,0.442144,0.000000,0.483848,0.000000,0.441979,0.000000,0.000000,0.000000,0.000000,0.000000,0.000000,0.000000,0.000000,0.000000,0.408309,0.377428,0.000000,0.000000,0.326273,0.430653,0.454798,0.470148,0.000000,0.469534,0.465382,0.466280,0.319655,0.000000,0.395202,0.000000,0.461313,0.000000,0.000000,0.000000,0.000000,0.000000,0.000000,0.000000,0.432800,0.457773,0.000000,0.000000,0.000000,0.000000,0.000000,0.000000,0.000000,0.000000
0.400664,0.386750,0.344867,0.386316,0.462265,0.000000,0.344464,0.397628,0.000000,0.000000,0.345770,0.000000,0.000000,0.000000,0.490570,0.000000,0.000000,0.386773,0.375279,0.000000,0.455021,0.000000,0.358881,0.309663,0.000000,0.000000,0.517892,0.000000,0.426141,0.000000,0.000000,0.000000,0.470835,0.446008,0.000000,0.000000,0.537739,0.000000,0.527404,0.000000,0.496971,0.000000,0.467865,0.000000,0.000000,0.000000,0.496046,0.000000,0.000000,0.000000,0.000000,0.000000,0.000000,0.000000,0.000000,0.000000,0.442540,0.424668,0.000000,0.000000,0.000000,0.452128,0.000000,0.399085,0.000000,0.000000,0.467679,0.438892,0.326365,0.432374,0.414264,0.000000,0.463775,0.000000,0.000000,0.000000,0.000000,0.000000,0.000000,0.000000,0.000000,0.445756,0.000000,0.000000,0.000000,0.000000,0.000000,0.000000,0.000000,0.000000
0.000000,0.000000,0.000000,0.547882,0.370887,0.000000,0.000000,0.000000,0.000000,0.000000,0.000000,0.000000,0.000000,0.000000,0.309364,0.000000,0.000000,0.502109,0.000000,0.455021,0.000000,0.000000,0.000000,0.000000,0.000000,0.000000,0.000000,0.000000,0.000000,0.462960,0.000000,0.000000,0.000000,0.000000,0.000000,0.000000,0.423916,0.000000,0.432932,0.000000,0.437155,0.000000,0.000000,0.571636,0.000000,0.000000,0.000000,0.567710,0.000000,0.000000,0.000000,0.563975,0.000000,0.000000,0.487352,0.000000,0.000000,0.000000,0.000000,0.000000,0.000000,0.000000,0.000000,0.000000,0.000000,0.498981,0.000000,0.000000,0.000000,0.000000,0.000000,0.416947,0.000000,0.000000,0.000000,0.000000,0.000000,0.000000,0.000000,0.000000,0.000000,0.488612,0.356416,0.000000,0.000000,0.565763,0.349498,0.000000,0.475485,0.555137
0.000000,0.000000,0.000000,0.000000,0.000000,0.000000,0.000000,0.000000,0.000000,0.000000,0.000000,0.000000,0.000000,0.000000,0.414616,0.274542,0.000000,0.000000,0.000000,0.000000,0.000000,0.000000,0.000000,0.000000,0.000000,0.000000,0.327780,0.310566,0.000000,0.000000,0.000000,0.000000,0.000000,0.000000,0.000000,0.000000,0.000000,0.000000,0.000000,0.000000,0.000000,0.000000,0.000000,0.000000,0.000000,0.000000,0.000000,0.000000,0.000000,0.000000,0.000000,0.000000,0.000000,0.000000,0.000000,0.000000,0.000000,0.000000,0.000000,0.000000,0.000000,0.000000,0.000000,0.000000,0.000000,0.000000,0.000000,0.000000,0.000000,0.000000,0.000000,0.290543,0.000000,0.000000,0.000000,0.000000,0.000000,0.000000,0.000000,0.000000,0.000000,0.000000,0.460847,0.000000,0.000000,0.000000,0.000000,0.000000,0.000000,0.000000
0.000000,0.000000,0.350316,0.370223,0.000000,0.000000,0.390747,0.440418,0.000000,0.000000,0.000000,0.422801,0.000000,0.000000,0.000000,0.000000,0.000000,0.000000,0.361804,0.358881,0.000000,0.000000,0.000000,0.398261,0.000000,0.280278,0.000000,0.519520,0.000000,0.000000,0.353108,0.370723,0.389541,0.371573,0.492916,0.000000,0.000000,0.000000,0.000000,0.000000,0.000000,0.000000,0.000000,0.000000,0.000000,0.000000,0.524937,0.000000,0.000000,0.000000,0.000000,0.000000,0.000000,0.000000,0.000000,0.000000,0.000000,0.000000,0.000000,0.000000,0.000000,0.000000,0.000000,0.000000,0.000000,0.000000,0.000000,0.504278,0.000000,0.514190,0.360053,0.000000,0.000000,0.000000,0.000000,0.000000,0.000000,0.000000,0.000000,0.000000,0.000000,0.000000,0.000000,0.000000,0.000000,0.000000,0.000000,0.000000,0.000000,0.000000
0.000000,0.000000,0.423269,0.340293,0.000000,0.000000,0.439760,0.392307,0.000000,0.000000,0.000000,0.442320,0.000000,0.000000,0.426531,0.000000,0.000000,0.438187,0.363733,0.309663,0.000000,0.000000,0.398261,0.000000,0.338468,0.388242,0.000000,0.376391,0.000000,0.000000,0.427619,0.380808,0.000000,0.286093,0.000000,0.000000,0.000000,0.000000,0.000000,0.000000,0.000000,0.000000,0.000000,0.000000,0.000000,0.000000,0.000000,0.000000,0.000000,0.000000,0.000000,0.000000,0.000000,0.000000,0.000000,0.000000,0.000000,0.000000,0.000000,0.000000,0.000000,0.000000,0.000000,0.000000,0.000000,0.000000,0.000000,0.000000,0.000000,0.000000,0.424207,0.000000,0.000000,0.000000,0.000000,0.000000,0.000000,0.000000,0.000000,0.000000,0.000000,0.000000,0.000000,0.000000,0.000000,0.000000,0.000000,0.000000,0.000000,0.000000
0.000000,0.000000,0.000000,0.000000,0.313745,0.000000,0.000000,0.000000,0.333501,0.000000,0.000000,0.458413,0.000000,0.000000,0.531856,0.000000,0.000000,0.000000,0.000000,0.000000,0.000000,0.000000,0.000000,0.338468,0.000000,0.319760,0.404709,0.363295,0.000000,0.000000,0.332899,0.380246,0.000000,0.000000,0.000000,0.000000,0.000000,0.000000,0.000000,0.000000,0.000000,0.000000,0.471148,0.507071,0.000000,0.000000,0.000000,0.541666,0.000000,0.000000,0.000000,0.550007,0.000000,0.000000,0.000000,0.000000,0.000000,0.000000,0.000000,0.000000,0.000000,0.000000,0.000000,0.000000,0.000000,0.000000,0.000000,0.000000,0.000000,0.000000,0.000000,0.444476,0.000000,0.000000,0.000000,0.000000,0.000000,0.000000,0.000000,0.000000,0.000000,0.000000,0.403961,0.000000,0.000000,0.588169,0.000000,0.000000,0.000000,0.566053
0.000000,0.000000,0.000000,0.410641,0.323997,0.249602,0.000000,0.000000,0.000000,0.000000,0.000000,0.000000,0.000000,0.000000,0.440400,0.000000,0.000000,0.000000,0.000000,0.000000,0.000000,0.000000,0.280278,0.388242,0.319760,0.000000,0.000000,0.311955,0.000000,0.000000,0.280719,0.365249,0.000000,0.000000,0.000000,0.000000,0.000000,0.000000,0.000000,0.000000,0.000000,0.000000,0.000000,0.000000,0.000000,0.000000,0.000000,0.000000,0.000000,0.000000,0.000000,0.000000,0.000000,0.000000,0.000000,0.000000,0.000000,0.000000,0.000000,0.000000,0.000000,0.000000,0.000000,0.000000,0.000000,0.000000,0.000000,0.000000,0.000000,0.000000,0.441048,0.416449,0.000000,0.000000,0.000000,0.000000,0.000000,0.000000,0.000000,0.000000,0.000000,0.000000,0.386956,0.000000,0.000000,0.000000,0.000000,0.000000,0.000000,0.000000
0.000000,0.000000,0.000000,0.000000,0.341571,0.452021,0.000000,0.000000,0.000000,0.000000,0.000000,0.000000,0.000000,0.000000,0.284635,0.351236,0.000000,0.448586,0.000000,0.517892,0.000000,0.327780,0.000000,0.000000,0.404709,0.000000,0.000000,0.340453,0.000000,0.428831,0.447316,0.478626,0.000000,0.000000,0.000000,0.000000,0.000000,0.000000,0.475612,0.000000,0.000000,0.000000,0.000000,0.000000,0.000000,0.000000,0.000000,0.548106,0.000000,0.000000,0.000000,0.000000,0.000000,0.000000,0.000000,0.000000,0.000000,0.000000,0.000000,0.000000,0.000000,0.000000,0.000000,0.000000,0.000000,0.000000,0.000000,0.000000,0.000000,0.000000,0.495604,0.442168,0.000000,0.000000,0.000000,0.000000,0.000000,0.000000,0.000000,0.000000,0.000000,0.507368,0.000000,0.000000,0.000000,0.529369,0.000000,0.000000,0.000000,0.507181
0.000000,0.000000,0.000000,0.461600,0.361338,0.293033,0.000000,0.490721,0.000000,0.000000,0.000000,0.000000,0.000000,0.000000,0.465889,0.000000,0.000000,0.455541,0.000000,0.000000,0.000000,0.310566,0.519520,0.376391,0.363295,0.311955,0.340453,0.000000,0.000000,0.392960,0.296070,0.501091,0.000000,0.490276,0.000000,0.000000,0.000000,0.000000,0.000000,0.000000,0.000000,0.000000,0.479636,0.485436,0.000000,0.000000,0.000000,0.509757,0.000000,0.000000,0.000000,0.585118,0.000000,0.000000,0.000000,0.000000,0.000000,0.000000,0.000000,0.000000,0.000000,0.000000,0.000000,0.000000,0.000000,0.000000,0.000000,0.000000,0.000000,0.000000,0.455211,0.000000,0.000000,0.000000,0.000000,0.000000,0.000000,0.000000,0.000000,0.000000,0.000000,0.507368,0.409432,0.000000,0.000000,0.543046,0.000000,0.000000,0.000000,0.539062
0.000000,0.465891,0.000000,0.500849,0.277849,0.000000,0.288370,0.000000,0.000000,0.000000,0.371955,0.000000,0.372696,0.000000,0.395864,0.000000,0.239315,0.512509,0.000000,0.426141,0.000000,0.000000,0.000000,0.000000,0.000000,0.000000,0.000000,0.000000,0.000000,0.478710,0.320636,0.000000,0.000000,0.000000,0.000000,0.566565,0.387678,0.000000,0.347055,0.000000,0.308405,0.000000,0.000000,0.566798,0.000000,0.000000,0.560908,0.577261,0.000000,0.000000,0.000000,0.581308,0.000000,0.000000,0.404453,0.000000,0.000000,0.000000,0.000000,0.000000,0.000000,0.000000,0.000000,0.000000,0.000000,0.000000,0.000000,0.000000,0.000000,0.000000,0.344707,0.000000,0.408445,0.000000,0.564115,0.000000,0.000000,0.000000,0.236507,0.000000,0.276173,0.486117,0.320887,0.000000,0.300783,0.602159,0.347090,0.000000,0.000000,0.535148
0.000000,0.000000,0.000000,0.453483,0.488438,0.357773,0.000000,0.427374,0.000000,0.356566,0.000000,0.415669,0.000000,0.312021,0.481514,0.343649,0.000000,0.425277,0.000000,0.000000,0.462960,0.000000,0.000000,0.000000,0.000000,0.000000,0.428831,0.392960,0.478710,0.000000,0.000000,0.550585,0.000000,0.450699,0.000000,0.000000,0.000000,0.486031,0.000000,0.000000,0.000000,0.000000,0.000000,0.000000,0.000000,0.000000,0.000000,0.596837,0.000000,0.000000,0.000000,0.497321,0.000000,0.000000,0.000000,0.000000,0.000000,0.000000,0.000000,0.000000,0.000000,0.000000,0.000000,0.000000,0.000000,0.497460,0.000000,0.000000,0.000000,0.000000,0.000000,0.313135,0.000000,0.299819,0.000000,0.000000,0.000000,0.000000,0.000000,0.302017,0.000000,0.471971,0.476568,0.480356,0.000000,0.588251,0.000000,0.000000,0.000000,0.541627
0.000000,0.000000,0.394642,0.428654,0.353469,0.451339,0.402176,0.412268,0.349360,0.000000,0.000000,0.000000,0.317571,0.000000,0.318225,0.000000,0.000000,0.000000,0.000000,0.000000,0.000000,0.000000,0.353108,0.427619,0.332899,0.280719,0.447316,0.296070,0.320636,0.000000,0.000000,0.399741,0.000000,0.280328,0.000000,0.000000,0.000000,0.000000,0.000000,0.000000,0.000000,0.000000,0.000000,0.511999,0.000000,0.000000,0.000000,0.546744,0.000000,0.000000,0.000000,0.554552,0.000000,0.000000,0.000000,0.000000,0.000000,0.000000,0.000000,0.000000,0.000000,0.000000,0.000000,0.000000,0.000000,0.000000,0.000000,0.000000,0.000000,0.000000,0.320529,0.397651,0.000000,0.000000,0.000000,0.000000,0.000000,0.000000,0.000000,0.000000,0.000000,0.000000,0.000000,0.000000,0.000000,0.600759,0.000000,0.000000,0.000000,0.560700
0.000000,0.000000,0.400187,0.331764,0.386381,0.000000,0.397176,0.395742,0.000000,0.000000,0.000000,0.000000,0.000000,0.000000,0.367186,0.000000,0.000000,0.000000,0.000000,0.000000,0.000000,0.000000,0.370723,0.380808,0.380246,0.365249,0.478626,0.501091,0.000000,0.550585,0.399741,0.000000,0.000000,0.280270,0.000000,0.000000,0.000000,0.000000,0.000000,0.000000,0.000000,0.000000,0.000000,0.000000,0.000000,0.000000,0.000000,0.000000,0.000000,0.000000,0.000000,0.000000,0.000000,0.000000,0.000000,0.000000,0.000000,0.000000,0.000000,0.000000,0.000000,0.000000,0.000000,0.000000,0.000000,0.000000,0.000000,0.000000,0.000000,0.000000,0.441229,0.458675,0.000000,0.000000,0.000000,0.000000,0.000000,0.000000,0.000000,0.000000,0.000000,0.000000,0.000000,0.000000,0.000000,0.000000,0.000000,0.000000,0.000000,0.474794
0.000000,0.000000,0.000000,0.369856,0.000000,0.000000,0.478080,0.371655,0.000000,0.000000,0.000000,0.000000,0.000000,0.000000,0.000000,0.000000,0.000000,0.461179,0.450965,0.470835,0.000000,0.000000,0.389541,0.000000,0.000000,0.000000,0.000000,0.000000,0.000000,0.000000,0.000000,0.000000,0.000000,0.381540,0.456208,0.000000,0.494217,0.486010,0.000000,0.516902,0.489750,0.000000,0.490307,0.000000,0.000000,0.000000,0.479237,0.535975,0.360609,0.000000,0.337115,0.000000,0.000000,0.000000,0.000000,0.000000,0.000000,0.523133,0.309627,0.000000,0.000000,0.547508,0.000000,0.000000,0.000000,0.501938,0.438228,0.496218,0.431141,0.459120,0.437527,0.000000,0.000000,0.000000,0.397535,0.000000,0.000000,0.000000,0.000000,0.000000,0.000000,0.471465,0.000000,0.000000,0.000000,0.000000,0.000000,0.000000,0.000000,0.000000
0.000000,0.404849,0.371537,0.408568,0.000000,0.452697,0.000000,0.427228,0.000000,0.000000,0.000000,0.445811,0.000000,0.427284,0.000000,0.000000,0.000000,0.399811,0.375267,0.446008,0.000000,0.000000,0.371573,0.286093,0.000000,0.000000,0.000000,0.490276,0.000000,0.450699,0.280328,0.280270,0.381540,0.000000,0.000000,0.000000,0.552730,0.489017,0.000000,0.000000,0.000000,0.000000,0.000000,0.472910,0.000000,0.000000,0.000000,0.537275,0.000000,0.000000,0.000000,0.000000,0.000000,0.000000,0.000000,0.000000,0.000000,0.436033,0.000000,0.000000,0.000000,0.521847,0.000000,0.484794,0.000000,0.000000,0.407454,0.491093,0.000000,0.442311,0.346054,0.000000,0.000000,0.000000,0.000000,0.000000,0.000000,0.000000,0.000000,0.000000,0.000000,0.415395,0.000000,0.000000,0.000000,0.000000,0.000000,0.000000,0.000000,0.000000
0.000000,0.000000,0.000000,0.000000,0.000000,0.000000,0.000000,0.000000,0.000000,0.000000,0.000000,0.000000,0.000000,0.000000,0.000000,0.000000,0.000000,0.000000,0.449889,0.000000,0.000000,0.000000,0.492916,0.000000,0.000000,0.000000,0.000000,0.000000,0.000000,0.000000,0.000000,0.000000,0.456208,0.000000,0.000000,0.000000,0.560596,0.000000,0.000000,0.000000,0.000000,0.000000,0.000000,0.240835,0.000000,0.000000,0.000000,0.000000,0.000000,0.294576,0.000000,0.000000,0.000000,0.000000,0.000000,0.000000,0.000000,0.000000,0.000000,0.000000,0.000000,0.000000,0.000000,0.000000,0.000000,0.000000,0.360140,0.346337,0.381145,0.000000,0.000000,0.000000,0.497905,0.000000,0.000000,0.000000,0.288470,0.000000,0.000000,0.000000,0.000000,0.000000,0.000000,0.000000,0.000000,0.000000,0.000000,0.000000,0.000000,0.000000
0.000000,0.000000,0.000000,0.000000,0.539999,0.000000,0.000000,0.000000,0.536899,0.000000,0.000000,0.000000,0.000000,0.000000,0.563598,0.000000,0.000000,0.000000,0.000000,0.000000,0.000000,0.000000,0.000000,0.000000,0.000000,0.000000,0.000000,0.000000,0.566565,0.000000,0.000000,0.000000,0.000000,0.000000,0.000000,0.000000,0.000000,0.000000,0.000000,0.000000,0.000000,0.000000,0.000000,0.000000,0.000000,0.000000,0.000000,0.320228,0.000000,0.249005,0.000000,0.428096,0.000000,0.000000,0.000000,0.000000,0.000000,0.000000,0.000000,0.000000,0.000000,0.000000,0.000000,0.000000,0.000000,0.320337,0.377689,0.220786,0.000000,0.000000,0.000000,0.563107,0.000000,0.000000,0.000000,0.000000,0.000000,0.000000,0.000000,0.000000,0.000000,0.000000,0.000000,0.000000,0.000000,0.000000,0.000000,0.000000,0.000000,0.000000
0.000000,0.420065,0.000000,0.000000,0.363491,0.000000,0.447994,0.000000,0.000000,0.000000,0.000000,0.457030,0.000000,0.000000,0.427105,0.000000,0.000000,0.000000,0.525579,0.537739,0.423916,0.000000,0.000000,0.000000,0.000000,0.000000,0.000000,0.000000,0.387678,0.000000,0.000000,0.000000,0.494217,0.552730,0.560596,0.000000,0.000000,0.000000,0.345464,0.000000,0.366952,0.000000,0.491625,0.000000,0.458624,0.000000,0.515939,0.547442,0.000000,0.000000,0.000000,0.540774,0.000000,0.000000,0.340856,0.000000,0.000000,0.000000,0.000000,0.000000,0.000000,0.000000,0.000000,0.000000,0.000000,0.000000,0.479616,0.000000,0.000000,0.000000,0.000000,0.000000,0.472134,0.000000,0.564992,0.000000,0.342337,0.000000,0.000000,0.000000,0.000000,0.000000,0.000000,0.000000,0.432029,0.000000,0.000000,0.000000,0.414216,0.521513
0.000000,0.000000,0.000000,0.000000,0.000000,0.000000,0.000000,0.402760,0.000000,0.000000,0.000000,0.000000,0.000000,0.000000,0.000000,0.000000,0.000000,0.441141,0.000000,0.000000,0.000000,0.000000,0.000000,0.000000,0.000000,0.000000,0.000000,0.000000,0.000000,0.486031,0.000000,0.000000,0.486010,0.489017,0.000000,0.000000,0.000000,0.000000,0.000000,0.311148,0.000000,0.309395,0.468604,0.474264,0.000000,0.000000,0.000000,0.413751,0.000000,0.000000,0.000000,0.450928,0.464414,0.000000,0.000000,0.363352,0.000000,0.000000,0.000000,0.000000,0.000000,0.413884,0.000000,0.000000,0.000000,0.455311,0.000000,0.419209,0.000000,0.000000,0.000000,0.000000,0.000000,0.000000,0.000000,0.000000,0.000000,0.252333,0.000000,0.457513,0.000000,0.482018,0.464665,0.000000,0.000000,0.434797,0.454723,0.000000,0.427276,0.315166
0.000000,0.000000,0.000000,0.544176,0.358291,0.000000,0.000000,0.575810,0.000000,0.000000,0.000000,0.000000,0.000000,0.000000,0.000000,0.000000,0.000000,0.444997,0.000000,0.527404,0.432932,0.000000,0.000000,0.000000,0.000000,0.000000,0.475612,0.000000,0.347055,0.000000,0.000000,0.000000,0.000000,0.000000,0.000000,0.000000,0.345464,0.000000,0.000000,0.000000,0.407728,0.000000,0.000000,0.554893,0.000000,0.000000,0.394489,0.434125,0.000000,0.000000,0.000000,0.000000,0.000000,0.000000,0.384518,0.000000,0.000000,0.000000,0.000000,0.000000,0.000000,0.000000,0.000000,0.000000,0.000000,0.000000,0.000000,0.000000,0.000000,0.000000,0.000000,0.000000,0.335832,0.000000,0.000000,0.000000,0.000000,0.000000,0.000000,0.416146,0.000000,0.000000,0.249277,0.000000,0.383621,0.000000,0.307608,0.000000,0.349110,0.000000
0.000000,0.470845,0.000000,0.000000,0.000000,0.473025,0.000000,0.442082,0.000000,0.000000,0.000000,0.466696,0.000000,0.000000,0.000000,0.485539,0.000000,0.497949,0.000000,0.000000,0.000000,0.000000,0.000000,0.000000,0.000000,0.000000,0.000000,0.000000,0.000000,0.000000,0.000000,0.000000,0.516902,0.000000,0.000000,0.000000,0.000000,0.311148,0.000000,0.000000,0.000000,0.337460,0.000000,0.000000,0.000000,0.000000,0.000000,0.379392,0.000000,0.000000,0.000000,0.437803,0.000000,0.349844,0.000000,0.321994,0.000000,0.480391,0.000000,0.000000,0.000000,0.412159,0.000000,0.000000,0.000000,0.425242,0.000000,0.000000,0.000000,0.000000,0.000000,0.000000,0.000000,0.000000,0.000000,0.000000,0.000000,0.000000,0.000000,0.000000,0.000000,0.451784,0.491027,0.276308,0.000000,0.399877,0.406589,0.000000,0.000000,0.461643
0.000000,0.000000,0.000000,0.000000,0.420874,0.000000,0.000000,0.000000,0.000000,0.000000,0.000000,0.486445,0.000000,0.000000,0.308803,0.000000,0.000000,0.481274,0.484825,0.496971,0.437155,0.000000,0.000000,0.000000,0.000000,0.000000,0.000000,0.000000,0.308405,0.000000,0.000000,0.000000,0.489750,0.000000,0.000000,0.000000,0.366952,0.000000,0.407728,0.000000,0.000000,0.000000,0.000000,0.000000,0.000000,0.000000,0.000000,0.566713,0.000000,0.000000,0.000000,0.559633,0.000000,0.000000,0.000000,0.000000,0.000000,0.000000,0.000000,0.000000,0.000000,0.000000,0.000000,0.000000,0.000000,0.000000,0.000000,0.000000,0.000000,0.000000,0.000000,0.000000,0.444579,0.000000,0.000000,0.000000,0.000000,0.000000,0.000000,0.000000,0.000000,0.000000,0.303203,0.000000,0.422002,0.596613,0.000000,0.000000,0.462738,0.000000
0.000000,0.000000,0.000000,0.000000,0.000000,0.000000,0.000000,0.000000,0.000000,0.000000,0.000000,0.000000,0.000000,0.000000,0.429113,0.000000,0.000000,0.000000,0.000000,0.000000,0.000000,0.000000,0.000000,0.000000,0.000000,0.000000,0.000000,0.000000,0.000000,0.000000,0.000000,0.000000,0.000000,0.000000,0.000000,0.000000,0.000000,0.309395,0.000000,0.337460,0.000000,0.000000,0.000000,0.000000,0.000000,0.000000,0.000000,0.419251,0.000000,0.000000,0.000000,0.000000,0.000000,0.000000,0.000000,0.315791,0.000000,0.000000,0.000000,0.000000,0.000000,0.000000,0.000000,0.000000,0.000000,0.000000,0.000000,0.000000,0.000000,0.000000,0.000000,0.000000,0.000000,0.000000,0.000000,0.000000,0.000000,0.000000,0.000000,0.000000,0.000000,0.396858,0.443645,0.000000,0.000000,0.406231,0.441678,0.000000,0.000000,0.000000
0.000000,0.467101,0.000000,0.000000,0.494799,0.000000,0.468710,0.000000,0.505820,0.000000,0.439809,0.000000,0.454840,0.000000,0.505014,0.000000,0.000000,0.467731,0.442144,0.467865,0.000000,0.000000,0.000000,0.000000,0.471148,0.000000,0.000000,0.479636,0.000000,0.000000,0.000000,0.000000,0.490307,0.000000,0.000000,0.000000,0.491625,0.468604,0.000000,0.000000,0.000000,0.000000,0.000000,0.421815,0.335781,0.354781,0.337841,0.433802,0.290129,0.422713,0.325164,0.477358,0.323019,0.470215,0.372884,0.000000,0.000000,0.000000,0.000000,0.458426,0.000000,0.000000,0.000000,0.000000,0.000000,0.480982,0.342976,0.436319,0.462625,0.479960,0.000000,0.505701,0.528326,0.000000,0.507964,0.000000,0.000000,0.000000,0.000000,0.000000,0.360795,0.000000,0.000000,0.000000,0.390902,0.481364,0.000000,0.000000,0.455001,0.000000
0.000000,0.000000,0.000000,0.460153,0.479023,0.000000,0.000000,0.000000,0.000000,0.000000,0.000000,0.000000,0.000000,0.000000,0.558923,0.000000,0.000000,0.520676,0.000000,0.000000,0.571636,0.000000,0.000000,0.000000,0.507071,0.000000,0.000000,0.485436,0.566798,0.000000,0.511999,0.000000,0.000000,0.472910,0.240835,0.000000,0.000000,0.474264,0.554893,0.000000,0.000000,0.000000,0.421815,0.000000,0.450037,0.333984,0.388145,0.340654,0.420300,0.417660,0.336442,0.455659,0.373153,0.453483,0.399829,0.000000,0.000000,0.459982,0.000000,0.000000,0.000000,0.359864,0.000000,0.000000,0.000000,0.446027,0.410458,0.455611,0.000000,0.000000,0.550368,0.530219,0.000000,0.000000,0.000000,0.000000,0.000000,0.000000,0.000000,0.000000,0.383911,0.000000,0.000000,0.000000,0.395340,0.528737,0.000000,0.000000,0.448617,0.000000
0.000000,0.000000,0.000000,0.000000,0.000000,0.000000,0.461410,0.000000,0.000000,0.000000,0.429482,0.000000,0.000000,0.000000,0.000000,0.000000,0.000000,0.000000,0.483848,0.000000,0.000000,0.000000,0.000000,0.000000,0.000000,0.000000,0.000000,0.000000,0.000000,0.000000,0.000000,0.000000,0.000000,0.000000,0.000000,0.000000,0.458624,0.000000,0.000000,0.000000,0.000000,0.000000,0.335781,0.450037,0.000000,0.372555,0.308998,0.000000,0.375232,0.377359,0.000000,0.443589,0.000000,0.000000,0.000000,0.000000,0.000000,0.000000,0.000000,0.000000,0.000000,0.000000,0.000000,0.000000,0.000000,0.370993,0.363192,0.356495,0.485579,0.426515,0.000000,0.000000,0.434084,0.000000,0.000000,0.000000,0.000000,0.000000,0.000000,0.000000,0.000000,0.000000,0.000000,0.000000,0.000000,0.000000,0.000000,0.000000,0.000000,0.000000
0.000000,0.000000,0.000000,0.000000,0.000000,0.000000,0.000000,0.000000,0.000000,0.000000,0.000000,0.000000,0.000000,0.000000,0.000000,0.000000,0.000000,0.000000,0.000000,0.000000,0.000000,0.000000,0.000000,0.000000,0.000000,0.000000,0.000000,0.000000,0.000000,0.000000,0.000000,0.000000,0.000000,0.000000,0.000000,0.000000,0.000000,0.000000,0.000000,0.000000,0.000000,0.000000,0.354781,0.333984,0.372555,0.000000,0.380764,0.320492,0.393395,0.351594,0.343382,0.407988,0.000000,0.000000,0.382711,0.000000,0.000000,0.000000,0.000000,0.344316,0.000000,0.000000,0.000000,0.000000,0.000000,0.371088,0.405366,0.350078,0.000000,0.361148,0.000000,0.000000,0.000000,0.000000,0.000000,0.000000,0.000000,0.000000,0.000000,0.000000,0.000000,0.000000,0.000000,0.000000,0.000000,0.000000,0.000000,0.000000,0.000000,0.000000
0.377784,0.504846,0.000000,0.000000,0.000000,0.000000,0.470892,0.000000,0.526252,0.000000,0.463591,0.000000,0.485746,0.000000,0.557631,0.000000,0.000000,0.508560,0.441979,0.496046,0.000000,0.000000,0.524937,0.000000,0.000000,0.000000,0.000000,0.000000,0.560908,0.000000,0.000000,0.000000,0.479237,0.000000,0.000000,0.000000,0.515939,0.000000,0.394489,0.000000,0.000000,0.000000,0.337841,0.388145,0.308998,0.380764,0.000000,0.431105,0.309876,0.397299,0.362570,0.462461,0.324760,0.519444,0.381591,0.458199,0.000000,0.000000,0.000000,0.471043,0.000000,0.474305,0.000000,0.000000,0.000000,0.427250,0.384334,0.348371,0.437315,0.468602,0.000000,0.489885,0.447453,0.000000,0.531276,0.000000,0.000000,0.000000,0.000000,0.000000,0.388119,0.000000,0.000000,0.000000,0.403714,0.477708,0.000000,0.000000,0.426249,0.453920
0.000000,0.000000,0.000000,0.000000,0.561297,0.000000,0.000000,0.000000,0.553468,0.000000,0.000000,0.000000,0.518806,0.000000,0.571607,0.000000,0.000000,0.551194,0.000000,0.000000,0.567710,0.000000,0.000000,0.000000,0.541666,0.000000,0.548106,0.509757,0.577261,0.596837,0.546744,0.000000,0.535975,0.537275,0.000000,0.320228,0.547442,0.413751,0.434125,0.379392,0.566713,0.419251,0.433802,0.340654,0.000000,0.320492,0.431105,0.000000,0.000000,0.474129,0.460301,0.481105,0.000000,0.436986,0.468330,0.326572,0.000000,0.000000,0.000000,0.000000,0.000000,0.467648,0.000000,0.000000,0.000000,0.463201,0.000000,0.000000,0.000000,0.000000,0.549419,0.545400,0.000000,0.577820,0.000000,0.000000,0.000000,0.532691,0.000000,0.000000,0.000000,0.000000,0.000000,0.000000,0.434365,0.456067,0.538137,0.000000,0.467806,0.435198
0.000000,0.000000,0.000000,0.000000,0.000000,0.000000,0.000000,0.000000,0.000000,0.000000,0.000000,0.000000,0.000000,0.000000,0.000000,0.000000,0.000000,0.000000,0.000000,0.000000,0.000000,0.000000,0.000000,0.000000,0.000000,0.000000,0.000000,0.000000,0.000000,0.000000,0.000000,0.000000,0.360609,0.000000,0.000000,0.000000,0.000000,0.000000,0.000000,0.000000,0.000000,0.000000,0.290129,0.420300,0.375232,0.393395,0.309876,0.000000,0.000000,0.410057,0.335405,0.435618,0.000000,0.000000,0.000000,0.000000,0.000000,0.000000,0.326095,0.000000,0.000000,0.000000,0.000000,0.000000,0.000000,0.000000,0.362055,0.362969,0.368857,0.000000,0.000000,0.000000,0.000000,0.000000,0.000000,0.000000,0.000000,0.000000,0.000000,0.000000,0.000000,0.000000,0.000000,0.000000,0.344193,0.000000,0.000000,0.000000,0.000000,0.000000
