0.000000,0.000000,0.346180,0.000000,0.000000,0.000000,0.365379,0.000000,0.000000,0.000000,0.300730,0.000000,0.316691,0.000000,0.000000,0.000000,0.322361,0.000000,0.366595,0.376791,0.000000,0.000000,0.000000,0.000000,0.000000,0.000000,0.000000,0.000000,0.409336,0.000000,0.000000,0.000000,0.364426,0.370842,0.000000,0.000000,0.394439,0.000000,0.404440,0.000000,0.000000,0.000000,0.000000,0.000000,0.000000,0.000000,0.000000,0.000000,0.000000,0.000000,0.000000,0.000000,0.000000,0.000000,0.434863,0.000000,0.326705,0.000000,0.000000,0.000000,0.414021,0.000000,0.401037,0.000000,0.000000,0.000000,0.000000,0.000000,0.326865,0.000000,0.399306,0.000000,0.350720,0.000000,0.000000,0.000000,0.000000,0.000000,0.000000,0.000000,0.396915,0.000000,0.414598,0.000000,0.428250,0.000000,0.000000,0.000000,0.422398,0.000000
0.000000,0.000000,0.000000,0.392174,0.000000,0.000000,0.000000,0.377637,0.000000,0.000000,0.000000,0.360210,0.000000,0.000000,0.000000,0.000000,0.000000,0.349558,0.000000,0.000000,0.000000,0.000000,0.000000,0.000000,0.000000,0.000000,0.000000,0.000000,0.000000,0.351980,0.000000,0.000000,0.000000,0.394959,0.000000,0.000000,0.000000,0.000000,0.000000,0.000000,0.000000,0.000000,0.000000,0.000000,0.000000,0.000000,0.000000,0.000000,0.000000,0.000000,0.000000,0.000000,0.000000,0.000000,0.000000,0.424866,0.000000,0.350904,0.000000,0.000000,0.000000,0.407328,0.000000,0.425417,0.000000,0.379840,0.000000,0.000000,0.000000,0.324115,0.000000,0.367738,0.000000,0.411307,0.000000,0.000000,0.000000,0.000000,0.000000,0.000000,0.000000,0.397066,0.000000,0.000000,0.000000,0.432729,0.000000,0.000000,0.000000,0.441312
0.346180,0.000000,0.000000,0.000000,0.000000,0.000000,0.299547,0.000000,0.000000,0.000000,0.000000,0.000000,0.000000,0.000000,0.000000,0.000000,0.000000,0.000000,0.371357,0.370071,0.000000,0.000000,0.233198,0.000000,0.000000,0.000000,0.000000,0.000000,0.000000,0.000000,0.000000,0.000000,0.363704,0.379342,0.000000,0.000000,0.432237,0.000000,0.437305,0.000000,0.000000,0.000000,0.000000,0.000000,0.000000,0.000000,0.000000,0.000000,0.000000,0.000000,0.000000,0.000000,0.000000,0.000000,0.389204,0.000000,0.325942,0.000000,0.000000,0.000000,0.000000,0.000000,0.000000,0.000000,0.000000,0.000000,0.000000,0.000000,0.000000,0.000000,0.386343,0.491111,0.355809,0.471723,0.000000,0.000000,0.000000,0.000000,0.000000,0.000000,0.409383,0.000000,0.000000,0.000000,0.407388,0.000000,0.000000,0.000000,0.000000,0.000000
0.000000,0.392174,0.000000,0.000000,0.000000,0.000000,0.000000,0.374468,0.000000,0.000000,0.000000,0.000000,0.000000,0.000000,0.000000,0.000000,0.000000,0.000000,0.000000,0.297043,0.000000,0.000000,0.000000,0.257360,0.000000,0.000000,0.000000,0.000000,0.000000,0.347131,0.000000,0.270953,0.000000,0.311411,0.000000,0.000000,0.000000,0.473174,0.000000,0.434329,0.000000,0.000000,0.000000,0.624139,0.000000,0.000000,0.000000,0.525942,0.000000,0.000000,0.000000,0.000000,0.000000,0.000000,0.000000,0.454796,0.000000,0.000000,0.000000,0.000000,0.000000,0.000000,0.000000,0.000000,0.000000,0.000000,0.000000,0.000000,0.000000,0.000000,0.000000,0.336747,0.000000,0.362274,0.000000,0.000000,0.000000,0.000000,0.000000,0.000000,0.000000,0.375158,0.000000,0.000000,0.000000,0.386110,0.000000,0.000000,0.000000,0.000000
0.000000,0.000000,0.000000,0.000000,0.000000,0.000000,0.000000,0.000000,0.317015,0.000000,0.000000,0.000000,0.000000,0.000000,0.379271,0.000000,0.000000,0.000000,0.000000,0.000000,0.346249,0.000000,0.000000,0.000000,0.342343,0.000000,0.343627,0.000000,0.304005,0.000000,0.373440,0.382084,0.000000,0.390323,0.000000,0.000000,0.000000,0.000000,0.416414,0.000000,0.393651,0.000000,0.000000,0.000000,0.000000,0.000000,0.000000,0.000000,0.000000,0.000000,0.000000,0.000000,0.000000,0.000000,0.000000,0.000000,0.000000,0.000000,0.000000,0.000000,0.000000,0.000000,0.000000,0.000000,0.000000,0.000000,0.000000,0.000000,0.000000,0.000000,0.388051,0.000000,0.000000,0.000000,0.000000,0.000000,0.000000,0.000000,0.000000,0.000000,0.000000,0.000000,0.390685,0.000000,0.376832,0.000000,0.350728,0.000000,0.373587,0.000000
0.000000,0.000000,0.000000,0.000000,0.000000,0.000000,0.000000,0.000000,0.000000,0.287696,0.000000,0.000000,0.000000,0.000000,0.000000,0.413928,0.000000,0.000000,0.000000,0.000000,0.000000,0.359209,0.000000,0.000000,0.000000,0.275525,0.000000,0.285798,0.000000,0.000000,0.000000,0.382464,0.000000,0.000000,0.000000,0.000000,0.000000,0.000000,0.000000,0.424984,0.000000,0.422025,0.000000,0.000000,0.000000,0.000000,0.000000,0.000000,0.000000,0.000000,0.000000,0.000000,0.000000,0.000000,0.000000,0.000000,0.000000,0.000000,0.000000,0.000000,0.000000,0.000000,0.000000,0.000000,0.000000,0.000000,0.000000,0.000000,0.000000,0.000000,0.000000,0.348428,0.000000,0.300841,0.000000,0.000000,0.000000,0.000000,0.000000,0.000000,0.000000,0.000000,0.000000,0.378031,0.000000,0.000000,0.000000,0.373742,0.000000,0.375024
0.365379,0.000000,0.299547,0.000000,0.000000,0.000000,0.000000,0.000000,0.000000,0.000000,0.393686,0.000000,0.374685,0.000000,0.000000,0.000000,0.000000,0.000000,0.353469,0.000000,0.000000,0.000000,0.381031,0.000000,0.000000,0.000000,0.000000,0.000000,0.423464,0.000000,0.365683,0.000000,0.363730,0.000000,0.000000,0.000000,0.471694,0.000000,0.456389,0.000000,0.000000,0.000000,0.000000,0.000000,0.000000,0.000000,0.000000,0.000000,0.000000,0.000000,0.000000,0.000000,0.000000,0.000000,0.424072,0.000000,0.000000,0.000000,0.000000,0.000000,0.000000,0.000000,0.000000,0.000000,0.000000,0.000000,0.000000,0.000000,0.000000,0.000000,0.362370,0.000000,0.419806,0.000000,0.000000,0.000000,0.000000,0.000000,0.000000,0.000000,0.421549,0.000000,0.429502,0.000000,0.417418,0.000000,0.000000,0.000000,0.000000,0.000000
0.000000,0.377637,0.000000,0.374468,0.000000,0.000000,0.000000,0.000000,0.000000,0.000000,0.000000,0.379136,0.000000,0.313364,0.000000,0.000000,0.000000,0.000000,0.000000,0.000000,0.000000,0.000000,0.000000,0.000000,0.000000,0.000000,0.000000,0.000000,0.000000,0.391327,0.000000,0.339791,0.000000,0.394605,0.000000,0.000000,0.000000,0.465522,0.000000,0.435726,0.000000,0.416322,0.000000,0.000000,0.000000,0.000000,0.000000,0.000000,0.000000,0.000000,0.000000,0.000000,0.000000,0.000000,0.000000,0.415352,0.000000,0.000000,0.000000,0.000000,0.000000,0.000000,0.000000,0.000000,0.000000,0.000000,0.000000,0.000000,0.000000,0.000000,0.000000,0.382043,0.000000,0.416997,0.000000,0.000000,0.000000,0.000000,0.000000,0.000000,0.000000,0.433271,0.000000,0.411292,0.000000,0.408404,0.000000,0.419185,0.000000,0.424146
0.000000,0.000000,0.000000,0.000000,0.317015,0.000000,0.000000,0.000000,0.000000,0.000000,0.000000,0.000000,0.000000,0.000000,0.369996,0.000000,0.000000,0.000000,0.000000,0.000000,0.000000,0.000000,0.000000,0.000000,0.000000,0.000000,0.000000,0.000000,0.375587,0.000000,0.000000,0.000000,0.000000,0.000000,0.000000,0.000000,0.000000,0.000000,0.382151,0.000000,0.000000,0.000000,0.000000,0.000000,0.000000,0.000000,0.000000,0.000000,0.000000,0.000000,0.000000,0.000000,0.000000,0.000000,0.000000,0.000000,0.000000,0.000000,0.000000,0.000000,0.000000,0.000000,0.000000,0.000000,0.000000,0.000000,0.000000,0.000000,0.000000,0.000000,0.000000,0.000000,0.000000,0.000000,0.000000,0.000000,0.000000,0.000000,0.000000,0.000000,0.000000,0.000000,0.000000,0.000000,0.372237,0.000000,0.361104,0.000000,0.000000,0.000000
0.000000,0.000000,0.000000,0.000000,0.000000,0.287696,0.000000,0.000000,0.000000,0.000000,0.000000,0.000000,0.000000,0.000000,0.000000,0.401715,0.000000,0.000000,0.000000,0.000000,0.000000,0.000000,0.000000,0.000000,0.000000,0.000000,0.000000,0.000000,0.000000,0.000000,0.000000,0.000000,0.000000,0.000000,0.000000,0.000000,0.000000,0.000000,0.000000,0.000000,0.000000,0.000000,0.000000,0.000000,0.000000,0.000000,0.000000,0.000000,0.000000,0.000000,0.000000,0.000000,0.000000,0.000000,0.000000,0.000000,0.000000,0.000000,0.000000,0.000000,0.000000,0.000000,0.000000,0.000000,0.000000,0.000000,0.000000,0.000000,0.000000,0.000000,0.000000,0.000000,0.000000,0.000000,0.000000,0.000000,0.000000,0.000000,0.000000,0.000000,0.000000,0.000000,0.000000,0.000000,0.000000,0.000000,0.000000,0.000000,0.000000,0.000000
0.300730,0.000000,0.000000,0.000000,0.000000,0.000000,0.393686,0.000000,0.000000,0.000000,0.000000,0.000000,0.360405,0.000000,0.394662,0.000000,0.307695,0.000000,0.000000,0.000000,0.000000,0.000000,0.000000,0.000000,0.000000,0.000000,0.000000,0.000000,0.344274,0.000000,0.000000,0.000000,0.000000,0.000000,0.000000,0.000000,0.000000,0.000000,0.000000,0.000000,0.000000,0.000000,0.000000,0.000000,0.000000,0.000000,0.000000,0.000000,0.000000,0.000000,0.000000,0.000000,0.000000,0.000000,0.000000,0.000000,0.341516,0.000000,0.000000,0.000000,0.000000,0.000000,0.000000,0.000000,0.000000,0.000000,0.000000,0.000000,0.000000,0.000000,0.379281,0.000000,0.353825,0.000000,0.000000,0.000000,0.000000,0.000000,0.000000,0.000000,0.353588,0.000000,0.399979,0.000000,0.413077,0.000000,0.000000,0.000000,0.409267,0.000000
0.000000,0.360210,0.000000,0.000000,0.000000,0.000000,0.000000,0.379136,0.000000,0.000000,0.000000,0.000000,0.000000,0.342472,0.000000,0.000000,0.000000,0.365602,0.000000,0.000000,0.000000,0.000000,0.000000,0.000000,0.000000,0.000000,0.000000,0.000000,0.000000,0.377959,0.000000,0.000000,0.000000,0.000000,0.000000,0.000000,0.000000,0.000000,0.000000,0.000000,0.000000,0.000000,0.000000,0.000000,0.000000,0.000000,0.000000,0.000000,0.000000,0.000000,0.000000,0.000000,0.000000,0.000000,0.000000,0.000000,0.000000,0.335791,0.000000,0.000000,0.000000,0.000000,0.000000,0.000000,0.000000,0.000000,0.000000,0.000000,0.000000,0.000000,0.000000,0.337291,0.000000,0.390464,0.000000,0.000000,0.000000,0.000000,0.000000,0.000000,0.000000,0.411881,0.000000,0.344692,0.000000,0.418741,0.000000,0.417767,0.000000,0.440803
0.316691,0.000000,0.000000,0.000000,0.000000,0.000000,0.374685,0.000000,0.000000,0.000000,0.360405,0.000000,0.000000,0.000000,0.398712,0.000000,0.362851,0.000000,0.000000,0.000000,0.000000,0.000000,0.000000,0.000000,0.000000,0.000000,0.000000,0.000000,0.365647,0.000000,0.368859,0.000000,0.000000,0.000000,0.000000,0.000000,0.000000,0.000000,0.000000,0.000000,0.000000,0.000000,0.000000,0.000000,0.000000,0.000000,0.000000,0.000000,0.000000,0.000000,0.000000,0.000000,0.000000,0.000000,0.000000,0.000000,0.343075,0.000000,0.000000,0.000000,0.000000,0.000000,0.000000,0.000000,0.000000,0.000000,0.000000,0.000000,0.000000,0.000000,0.348967,0.000000,0.399509,0.000000,0.000000,0.000000,0.000000,0.000000,0.000000,0.000000,0.378364,0.000000,0.386833,0.000000,0.402653,0.000000,0.000000,0.000000,0.406217,0.000000
0.000000,0.000000,0.000000,0.000000,0.000000,0.000000,0.000000,0.313364,0.000000,0.000000,0.000000,0.342472,0.000000,0.000000,0.000000,0.386375,0.000000,0.000000,0.000000,0.000000,0.000000,0.403400,0.000000,0.000000,0.000000,0.000000,0.000000,0.000000,0.000000,0.374220,0.000000,0.000000,0.000000,0.000000,0.000000,0.000000,0.000000,0.000000,0.000000,0.000000,0.000000,0.000000,0.000000,0.000000,0.000000,0.000000,0.000000,0.000000,0.000000,0.000000,0.000000,0.000000,0.000000,0.000000,0.000000,0.000000,0.000000,0.000000,0.000000,0.000000,0.000000,0.000000,0.000000,0.000000,0.000000,0.000000,0.000000,0.000000,0.000000,0.000000,0.000000,0.312084,0.000000,0.374324,0.000000,0.000000,0.000000,0.000000,0.000000,0.000000,0.000000,0.372869,0.000000,0.395871,0.000000,0.000000,0.000000,0.000000,0.000000,0.000000
0.000000,0.000000,0.000000,0.000000,0.379271,0.000000,0.000000,0.000000,0.369996,0.000000,0.394662,0.000000,0.398712,0.000000,0.000000,0.557439,0.000000,0.000000,0.000000,0.000000,0.350448,0.564870,0.000000,0.000000,0.355081,0.000000,0.374698,0.000000,0.352757,0.000000,0.380356,0.000000,0.000000,0.000000,0.000000,0.000000,0.000000,0.483842,0.415550,0.499119,0.000000,0.000000,0.000000,0.000000,0.000000,0.000000,0.000000,0.463746,0.000000,0.000000,0.000000,0.000000,0.000000,0.000000,0.000000,0.000000,0.000000,0.000000,0.000000,0.000000,0.000000,0.000000,0.000000,0.000000,0.000000,0.000000,0.000000,0.000000,0.000000,0.000000,0.331663,0.000000,0.361910,0.000000,0.000000,0.000000,0.000000,0.000000,0.000000,0.000000,0.368431,0.000000,0.338253,0.000000,0.371866,0.000000,0.346683,0.000000,0.369533,0.000000
0.000000,0.000000,0.000000,0.000000,0.000000,0.413928,0.000000,0.000000,0.000000,0.401715,0.000000,0.000000,0.000000,0.386375,0.557439,0.000000,0.000000,0.000000,0.000000,0.000000,0.000000,0.381382,0.000000,0.000000,0.000000,0.350300,0.000000,0.376075,0.000000,0.352786,0.000000,0.368425,0.000000,0.000000,0.000000,0.000000,0.000000,0.000000,0.000000,0.432887,0.000000,0.451469,0.000000,0.000000,0.000000,0.000000,0.000000,0.463310,0.000000,0.000000,0.000000,0.000000,0.000000,0.000000,0.000000,0.000000,0.000000,0.000000,0.000000,0.000000,0.000000,0.000000,0.000000,0.000000,0.000000,0.000000,0.000000,0.000000,0.000000,0.000000,0.000000,0.346240,0.000000,0.342484,0.000000,0.000000,0.000000,0.000000,0.000000,0.000000,0.000000,0.000000,0.000000,0.369337,0.000000,0.000000,0.000000,0.347688,0.000000,0.000000
0.322361,0.000000,0.000000,0.000000,0.000000,0.000000,0.000000,0.000000,0.000000,0.000000,0.307695,0.000000,0.362851,0.000000,0.000000,0.000000,0.000000,0.000000,0.000000,0.000000,0.000000,0.000000,0.000000,0.000000,0.000000,0.000000,0.000000,0.000000,0.317752,0.000000,0.000000,0.000000,0.000000,0.000000,0.000000,0.000000,0.392572,0.000000,0.380398,0.000000,0.000000,0.000000,0.000000,0.000000,0.000000,0.000000,0.000000,0.000000,0.000000,0.000000,0.000000,0.000000,0.000000,0.000000,0.362625,0.000000,0.325620,0.000000,0.000000,0.000000,0.000000,0.000000,0.338595,0.000000,0.000000,0.000000,0.000000,0.000000,0.000000,0.000000,0.000000,0.000000,0.341398,0.000000,0.000000,0.000000,0.000000,0.000000,0.283315,0.000000,0.344081,0.000000,0.000000,0.000000,0.394383,0.000000,0.000000,0.000000,0.377093,0.000000
0.000000,0.349558,0.000000,0.000000,0.000000,0.000000,0.000000,0.000000,0.000000,0.000000,0.000000,0.365602,0.000000,0.000000,0.000000,0.000000,0.000000,0.000000,0.000000,0.000000,0.000000,0.000000,0.000000,0.000000,0.000000,0.000000,0.000000,0.000000,0.000000,0.343689,0.000000,0.000000,0.000000,0.000000,0.000000,0.000000,0.000000,0.399162,0.000000,0.408499,0.000000,0.000000,0.000000,0.000000,0.000000,0.000000,0.000000,0.000000,0.000000,0.000000,0.000000,0.000000,0.000000,0.000000,0.000000,0.000000,0.000000,0.333049,0.000000,0.000000,0.000000,0.000000,0.000000,0.346358,0.000000,0.000000,0.000000,0.000000,0.000000,0.000000,0.000000,0.346542,0.000000,0.349642,0.000000,0.000000,0.000000,0.000000,0.000000,0.308782,0.000000,0.361689,0.000000,0.316308,0.000000,0.404438,0.000000,0.000000,0.000000,0.467127
0.366595,0.000000,0.371357,0.000000,0.000000,0.000000,0.353469,0.000000,0.000000,0.000000,0.000000,0.000000,0.000000,0.000000,0.000000,0.000000,0.000000,0.000000,0.000000,0.597241,0.000000,0.000000,0.266248,0.000000,0.000000,0.000000,0.000000,0.000000,0.000000,0.000000,0.000000,0.489379,0.358504,0.548692,0.000000,0.000000,0.500287,0.622140,0.475199,0.000000,0.000000,0.000000,0.000000,0.000000,0.000000,0.000000,0.491815,0.465890,0.000000,0.000000,0.473099,0.000000,0.000000,0.000000,0.468090,0.000000,0.331898,0.000000,0.000000,0.000000,0.000000,0.000000,0.000000,0.000000,0.000000,0.000000,0.513920,0.000000,0.347461,0.000000,0.393355,0.628873,0.000000,0.000000,0.000000,0.000000,0.460625,0.559607,0.000000,0.000000,0.000000,0.000000,0.000000,0.000000,0.000000,0.000000,0.000000,0.000000,0.000000,0.000000
0.376791,0.000000,0.370071,0.297043,0.000000,0.000000,0.000000,0.000000,0.000000,0.000000,0.000000,0.000000,0.000000,0.000000,0.000000,0.000000,0.000000,0.000000,0.597241,0.000000,0.000000,0.000000,0.000000,0.270257,0.000000,0.000000,0.000000,0.000000,0.000000,0.000000,0.000000,0.000000,0.551397,0.460133,0.000000,0.000000,0.000000,0.476007,0.000000,0.482567,0.000000,0.000000,0.000000,0.000000,0.000000,0.000000,0.000000,0.000000,0.000000,0.000000,0.000000,0.000000,0.000000,0.000000,0.000000,0.463479,0.000000,0.000000,0.000000,0.000000,0.000000,0.000000,0.000000,0.000000,0.000000,0.425000,0.000000,0.381595,0.297386,0.391593,0.000000,0.362660,0.000000,0.000000,0.000000,0.000000,0.553410,0.482867,0.000000,0.445903,0.000000,0.455286,0.000000,0.000000,0.000000,0.000000,0.000000,0.000000,0.000000,0.466426
0.000000,0.000000,0.000000,0.000000,0.346249,0.000000,0.000000,0.000000,0.000000,0.000000,0.000000,0.000000,0.000000,0.000000,0.350448,0.000000,0.000000,0.000000,0.000000,0.000000,0.000000,0.568323,0.000000,0.000000,0.269584,0.000000,0.341749,0.546905,0.000000,0.000000,0.269457,0.397411,0.000000,0.000000,0.000000,0.000000,0.468504,0.000000,0.464434,0.579863,0.000000,0.000000,0.000000,0.000000,0.000000,0.000000,0.000000,0.000000,0.000000,0.000000,0.000000,0.000000,0.000000,0.000000,0.000000,0.000000,0.000000,0.000000,0.000000,0.000000,0.000000,0.000000,0.000000,0.000000,0.000000,0.000000,0.000000,0.000000,0.000000,0.000000,0.346286,0.491310,0.000000,0.000000,0.000000,0.000000,0.000000,0.454997,0.000000,0.000000,0.000000,0.000000,0.000000,0.000000,0.000000,0.000000,0.000000,0.000000,0.000000,0.000000
0.000000,0.000000,0.000000,0.000000,0.000000,0.359209,0.000000,0.000000,0.000000,0.000000,0.000000,0.000000,0.000000,0.403400,0.564870,0.381382,0.000000,0.000000,0.000000,0.000000,0.568323,0.000000,0.000000,0.000000,0.000000,0.000000,0.635677,0.308133,0.000000,0.417740,0.441374,0.347178,0.000000,0.480644,0.000000,0.000000,0.569677,0.000000,0.557948,0.000000,0.000000,0.000000,0.000000,0.000000,0.000000,0.000000,0.000000,0.464935,0.000000,0.000000,0.000000,0.000000,0.000000,0.000000,0.000000,0.000000,0.000000,0.000000,0.000000,0.000000,0.000000,0.000000,0.000000,0.000000,0.000000,0.000000,0.000000,0.000000,0.000000,0.000000,0.545139,0.345839,0.573236,0.384531,0.000000,0.000000,0.000000,0.000000,0.000000,0.000000,0.000000,0.000000,0.000000,0.349761,0.558568,0.000000,0.000000,0.000000,0.000000,0.000000
0.000000,0.000000,0.233198,0.000000,0.000000,0.000000,0.381031,0.000000,0.000000,0.000000,0.000000,0.000000,0.000000,0.000000,0.000000,0.000000,0.000000,0.000000,0.266248,0.000000,0.000000,0.000000,0.000000,0.250345,0.000000,0.000000,0.000000,0.000000,0.000000,0.000000,0.371708,0.000000,0.324895,0.000000,0.000000,0.000000,0.451332,0.000000,0.462475,0.000000,0.000000,0.000000,0.513740,0.000000,0.000000,0.000000,0.509065,0.000000,0.000000,0.000000,0.462086,0.000000,0.000000,0.000000,0.471397,0.000000,0.000000,0.000000,0.000000,0.000000,0.000000,0.000000,0.000000,0.000000,0.000000,0.000000,0.000000,0.000000,0.000000,0.000000,0.428358,0.495681,0.000000,0.000000,0.000000,0.000000,0.000000,0.000000,0.000000,0.000000,0.000000,0.000000,0.000000,0.000000,0.000000,0.000000,0.000000,0.000000,0.000000,0.000000
0.000000,0.000000,0.000000,0.257360,0.000000,0.000000,0.000000,0.000000,0.000000,0.000000,0.000000,0.000000,0.000000,0.000000,0.000000,0.000000,0.000000,0.000000,0.000000,0.270257,0.000000,0.000000,0.250345,0.000000,0.000000,0.281985,0.000000,0.000000,0.000000,0.000000,0.000000,0.419132,0.000000,0.290360,0.000000,0.000000,0.000000,0.459793,0.000000,0.441035,0.000000,0.000000,0.000000,0.000000,0.000000,0.000000,0.000000,0.518280,0.000000,0.000000,0.541658,0.000000,0.000000,0.000000,0.000000,0.000000,0.000000,0.000000,0.000000,0.000000,0.000000,0.000000,0.000000,0.000000,0.000000,0.000000,0.000000,0.000000,0.000000,0.000000,0.539308,0.391353,0.000000,0.000000,0.000000,0.000000,0.000000,0.000000,0.000000,0.000000,0.000000,0.000000,0.000000,0.000000,0.562973,0.000000,0.000000,0.000000,0.000000,0.000000
0.000000,0.000000,0.000000,0.000000,0.342343,0.000000,0.000000,0.000000,0.000000,0.000000,0.000000,0.000000,0.000000,0.000000,0.355081,0.000000,0.000000,0.000000,0.000000,0.000000,0.269584,0.000000,0.000000,0.000000,0.000000,0.000000,0.354727,0.291699,0.000000,0.000000,0.276442,0.000000,0.000000,0.000000,0.000000,0.000000,0.451885,0.000000,0.416976,0.384768,0.441939,0.394450,0.000000,0.000000,0.000000,0.000000,0.000000,0.452603,0.000000,0.000000,0.000000,0.000000,0.000000,0.000000,0.422821,0.000000,0.000000,0.000000,0.000000,0.000000,0.000000,0.000000,0.000000,0.000000,0.000000,0.000000,0.000000,0.000000,0.000000,0.000000,0.287677,0.000000,0.000000,0.000000,0.000000,0.000000,0.000000,0.000000,0.000000,0.000000,0.000000,0.000000,0.426597,0.000000,0.000000,0.000000,0.000000,0.000000,0.398865,0.000000
0.000000,0.000000,0.000000,0.000000,0.000000,0.275525,0.000000,0.000000,0.000000,0.000000,0.000000,0.000000,0.000000,0.000000,0.000000,0.350300,0.000000,0.000000,0.000000,0.000000,0.000000,0.000000,0.000000,0.281985,0.000000,0.000000,0.000000,0.303525,0.000000,0.373544,0.223678,0.309522,0.000000,0.000000,0.000000,0.000000,0.000000,0.419225,0.000000,0.404766,0.000000,0.407455,0.000000,0.000000,0.000000,0.000000,0.000000,0.465214,0.000000,0.000000,0.000000,0.000000,0.000000,0.000000,0.000000,0.413764,0.000000,0.000000,0.000000,0.000000,0.000000,0.000000,0.000000,0.000000,0.000000,0.000000,0.000000,0.000000,0.000000,0.000000,0.000000,0.373633,0.000000,0.000000,0.000000,0.000000,0.000000,0.000000,0.000000,0.000000,0.000000,0.000000,0.000000,0.351192,0.000000,0.000000,0.000000,0.000000,0.000000,0.391914
0.000000,0.000000,0.000000,0.000000,0.343627,0.000000,0.000000,0.000000,0.000000,0.000000,0.000000,0.000000,0.000000,0.000000,0.374698,0.000000,0.000000,0.000000,0.000000,0.000000,0.341749,0.635677,0.000000,0.000000,0.354727,0.000000,0.000000,0.292109,0.000000,0.000000,0.354160,0.404872,0.000000,0.000000,0.000000,0.000000,0.000000,0.000000,0.403185,0.000000,0.397594,0.393742,0.000000,0.000000,0.000000,0.000000,0.000000,0.000000,0.000000,0.000000,0.000000,0.000000,0.000000,0.000000,0.385811,0.000000,0.000000,0.000000,0.000000,0.000000,0.000000,0.000000,0.000000,0.000000,0.000000,0.000000,0.000000,0.000000,0.000000,0.000000,0.329933,0.531096,0.000000,0.000000,0.000000,0.000000,0.000000,0.000000,0.000000,0.000000,0.000000,0.000000,0.000000,0.000000,0.377294,0.000000,0.357405,0.000000,0.391856,0.000000
0.000000,0.000000,0.000000,0.000000,0.000000,0.285798,0.000000,0.000000,0.000000,0.000000,0.000000,0.000000,0.000000,0.000000,0.000000,0.376075,0.000000,0.000000,0.000000,0.000000,0.546905,0.308133,0.000000,0.000000,0.291699,0.303525,0.292109,0.000000,0.000000,0.000000,0.000000,0.364592,0.000000,0.000000,0.000000,0.000000,0.000000,0.000000,0.429117,0.387715,0.000000,0.401515,0.000000,0.000000,0.000000,0.000000,0.000000,0.466840,0.000000,0.000000,0.572402,0.000000,0.000000,0.000000,0.419544,0.000000,0.000000,0.000000,0.000000,0.000000,0.000000,0.000000,0.000000,0.000000,0.000000,0.000000,0.000000,0.000000,0.000000,0.000000,0.554349,0.300402,0.000000,0.000000,0.000000,0.000000,0.000000,0.000000,0.000000,0.000000,0.000000,0.000000,0.465226,0.373456,0.000000,0.000000,0.000000,0.000000,0.000000,0.000000
0.409336,0.000000,0.000000,0.000000,0.304005,0.000000,0.423464,0.000000,0.375587,0.000000,0.344274,0.000000,0.365647,0.000000,0.352757,0.000000,0.317752,0.000000,0.000000,0.000000,0.000000,0.000000,0.000000,0.000000,0.000000,0.000000,0.000000,0.000000,0.000000,0.000000,0.412671,0.000000,0.000000,0.000000,0.000000,0.000000,0.344710,0.000000,0.367494,0.000000,0.000000,0.000000,0.000000,0.000000,0.000000,0.000000,0.000000,0.000000,0.000000,0.000000,0.000000,0.000000,0.000000,0.000000,0.376547,0.000000,0.318504,0.000000,0.000000,0.000000,0.000000,0.000000,0.000000,0.000000,0.000000,0.000000,0.000000,0.000000,0.000000,0.000000,0.421349,0.000000,0.354328,0.000000,0.000000,0.000000,0.000000,0.000000,0.346208,0.000000,0.358124,0.000000,0.364599,0.000000,0.382998,0.000000,0.349406,0.000000,0.393433,0.000000
0.000000,0.351980,0.000000,0.347131,0.000000,0.000000,0.000000,0.391327,0.000000,0.000000,0.000000,0.377959,0.000000,0.374220,0.000000,0.352786,0.000000,0.343689,0.000000,0.000000,0.000000,0.417740,0.000000,0.000000,0.000000,0.373544,0.000000,0.000000,0.000000,0.000000,0.000000,0.000000,0.000000,0.000000,0.000000,0.000000,0.000000,0.368105,0.000000,0.368165,0.000000,0.422837,0.000000,0.000000,0.000000,0.000000,0.000000,0.000000,0.000000,0.000000,0.000000,0.000000,0.000000,0.000000,0.000000,0.390761,0.000000,0.334086,0.000000,0.000000,0.000000,0.000000,0.000000,0.000000,0.000000,0.000000,0.000000,0.000000,0.000000,0.000000,0.000000,0.397085,0.000000,0.375103,0.000000,0.000000,0.471219,0.000000,0.000000,0.318990,0.000000,0.353708,0.000000,0.368571,0.000000,0.415977,0.000000,0.353120,0.000000,0.447121
0.000000,0.000000,0.000000,0.000000,0.373440,0.000000,0.365683,0.000000,0.000000,0.000000,0.000000,0.000000,0.368859,0.000000,0.380356,0.000000,0.000000,0.000000,0.000000,0.000000,0.269457,0.441374,0.371708,0.000000,0.276442,0.223678,0.354160,0.000000,0.412671,0.000000,0.000000,0.378800,0.341449,0.410556,0.000000,0.000000,0.434565,0.000000,0.445741,0.453362,0.430942,0.000000,0.527523,0.517095,0.000000,0.000000,0.531013,0.503312,0.461677,0.000000,0.461571,0.520486,0.000000,0.000000,0.492026,0.472069,0.000000,0.000000,0.000000,0.000000,0.000000,0.000000,0.000000,0.000000,0.000000,0.000000,0.000000,0.000000,0.000000,0.000000,0.391613,0.416811,0.401941,0.497369,0.000000,0.000000,0.000000,0.000000,0.000000,0.000000,0.000000,0.000000,0.404478,0.000000,0.386295,0.000000,0.000000,0.000000,0.390208,0.000000
0.000000,0.000000,0.000000,0.270953,0.382084,0.382464,0.000000,0.339791,0.000000,0.000000,0.000000,0.000000,0.000000,0.000000,0.000000,0.368425,0.000000,0.000000,0.489379,0.000000,0.397411,0.347178,0.000000,0.419132,0.000000,0.309522,0.404872,0.364592,0.000000,0.000000,0.378800,0.000000,0.505496,0.348857,0.000000,0.000000,0.000000,0.467471,0.000000,0.457190,0.000000,0.444977,0.518911,0.530135,0.000000,0.000000,0.517627,0.491498,0.000000,0.000000,0.531961,0.531170,0.000000,0.000000,0.000000,0.469436,0.000000,0.000000,0.000000,0.000000,0.000000,0.000000,0.000000,0.000000,0.000000,0.000000,0.000000,0.000000,0.000000,0.000000,0.512614,0.390160,0.526737,0.357668,0.000000,0.000000,0.000000,0.000000,0.000000,0.000000,0.000000,0.000000,0.000000,0.000000,0.550244,0.000000,0.000000,0.000000,0.000000,0.000000
0.364426,0.000000,0.363704,0.000000,0.000000,0.000000,0.363730,0.000000,0.000000,0.000000,0.000000,0.000000,0.000000,0.000000,0.000000,0.000000,0.000000,0.000000,0.358504,0.551397,0.000000,0.000000,0.324895,0.000000,0.000000,0.000000,0.000000,0.000000,0.000000,0.000000,0.341449,0.505496,0.000000,0.414803,0.263188,0.000000,0.540676,0.000000,0.469803,0.465764,0.000000,0.000000,0.489849,0.000000,0.000000,0.000000,0.495417,0.000000,0.000000,0.000000,0.460779,0.000000,0.000000,0.000000,0.560950,0.000000,0.346805,0.000000,0.000000,0.000000,0.000000,0.000000,0.000000,0.000000,0.000000,0.000000,0.472477,0.440059,0.348050,0.317714,0.394889,0.414138,0.000000,0.380364,0.000000,0.000000,0.475948,0.440617,0.000000,0.000000,0.000000,0.000000,0.000000,0.000000,0.000000,0.000000,0.000000,0.000000,0.000000,0.000000
0.370842,0.394959,0.379342,0.311411,0.390323,0.000000,0.000000,0.394605,0.000000,0.000000,0.000000,0.000000,0.000000,0.000000,0.000000,0.000000,0.000000,0.000000,0.548692,0.460133,0.000000,0.480644,0.000000,0.290360,0.000000,0.000000,0.000000,0.000000,0.000000,0.000000,0.410556,0.348857,0.414803,0.000000,0.000000,0.226170,0.533645,0.467451,0.473954,0.455324,0.000000,0.000000,0.000000,0.502115,0.000000,0.000000,0.000000,0.541030,0.000000,0.000000,0.000000,0.532901,0.000000,0.000000,0.524890,0.480190,0.000000,0.000000,0.000000,0.000000,0.000000,0.000000,0.000000,0.000000,0.000000,0.000000,0.000000,0.339983,0.231930,0.500036,0.440270,0.399408,0.000000,0.401815,0.000000,0.000000,0.493620,0.495131,0.000000,0.000000,0.000000,0.409920,0.000000,0.000000,0.000000,0.410255,0.000000,0.000000,0.000000,0.000000
0.000000,0.000000,0.000000,0.000000,0.000000,0.000000,0.000000,0.000000,0.000000,0.000000,0.000000,0.000000,0.000000,0.000000,0.000000,0.000000,0.000000,0.000000,0.000000,0.000000,0.000000,0.000000,0.000000,0.000000,0.000000,0.000000,0.000000,0.000000,0.000000,0.000000,0.000000,0.000000,0.263188,0.000000,0.000000,0.432964,0.000000,0.000000,0.462241,0.000000,0.000000,0.000000,0.265432,0.404298,0.311856,0.000000,0.461362,0.450540,0.000000,0.000000,0.000000,0.000000,0.000000,0.000000,0.000000,0.000000,0.000000,0.000000,0.000000,0.000000,0.000000,0.000000,0.000000,0.000000,0.000000,0.000000,0.391806,0.393137,0.000000,0.000000,0.000000,0.000000,0.000000,0.000000,0.000000,0.000000,0.505105,0.000000,0.000000,0.000000,0.000000,0.000000,0.000000,0.000000,0.000000,0.000000,0.000000,0.000000,0.000000,0.000000
0.000000,0.000000,0.000000,0.000000,0.000000,0.000000,0.000000,0.000000,0.000000,0.000000,0.000000,0.000000,0.000000,0.000000,0.000000,0.000000,0.000000,0.000000,0.000000,0.000000,0.000000,0.000000,0.000000,0.000000,0.000000,0.000000,0.000000,0.000000,0.000000,0.000000,0.000000,0.000000,0.000000,0.226170,0.432964,0.000000,0.000000,0.298766,0.000000,0.000000,0.000000,0.000000,0.000000,0.439797,0.374957,0.457483,0.000000,0.388600,0.000000,0.000000,0.000000,0.000000,0.000000,0.000000,0.000000,0.000000,0.000000,0.000000,0.000000,0.000000,0.000000,0.000000,0.000000,0.000000,0.000000,0.000000,0.408605,0.373128,0.000000,0.000000,0.000000,0.000000,0.000000,0.000000,0.000000,0.000000,0.000000,0.000000,0.000000,0.000000,0.000000,0.000000,0.000000,0.000000,0.000000,0.000000,0.000000,0.000000,0.000000,0.000000
0.394439,0.000000,0.432237,0.000000,0.000000,0.000000,0.471694,0.000000,0.000000,0.000000,0.000000,0.000000,0.000000,0.000000,0.000000,0.000000,0.392572,0.000000,0.500287,0.000000,0.468504,0.569677,0.451332,0.000000,0.451885,0.000000,0.000000,0.000000,0.344710,0.000000,0.434565,0.000000,0.540676,0.533645,0.000000,0.000000,0.000000,0.591181,0.335443,0.000000,0.337421,0.000000,0.000000,0.554073,0.000000,0.000000,0.405454,0.533534,0.000000,0.000000,0.000000,0.611306,0.000000,0.000000,0.434872,0.615670,0.000000,0.499311,0.000000,0.000000,0.000000,0.000000,0.000000,0.000000,0.000000,0.000000,0.525451,0.000000,0.000000,0.000000,0.479762,0.627901,0.414227,0.555967,0.000000,0.000000,0.458921,0.496485,0.000000,0.556548,0.393610,0.000000,0.450693,0.000000,0.433541,0.610810,0.316500,0.000000,0.343372,0.551665
0.000000,0.000000,0.000000,0.473174,0.000000,0.000000,0.000000,0.465522,0.000000,0.000000,0.000000,0.000000,0.000000,0.000000,0.483842,0.000000,0.000000,0.399162,0.622140,0.476007,0.000000,0.000000,0.000000,0.459793,0.000000,0.419225,0.000000,0.000000,0.000000,0.368105,0.000000,0.467471,0.000000,0.467451,0.000000,0.298766,0.591181,0.000000,0.564315,0.306896,0.000000,0.347879,0.000000,0.000000,0.000000,0.000000,0.000000,0.401384,0.000000,0.000000,0.000000,0.000000,0.000000,0.000000,0.590659,0.348126,0.000000,0.477437,0.000000,0.000000,0.000000,0.000000,0.000000,0.000000,0.000000,0.000000,0.000000,0.306454,0.000000,0.000000,0.540852,0.478253,0.000000,0.363411,0.000000,0.000000,0.513051,0.320501,0.000000,0.356984,0.000000,0.384564,0.000000,0.000000,0.000000,0.300054,0.000000,0.000000,0.000000,0.334621
0.404440,0.000000,0.437305,0.000000,0.416414,0.000000,0.456389,0.000000,0.382151,0.000000,0.000000,0.000000,0.000000,0.000000,0.415550,0.000000,0.380398,0.000000,0.475199,0.000000,0.464434,0.557948,0.462475,0.000000,0.416976,0.000000,0.403185,0.429117,0.367494,0.000000,0.445741,0.000000,0.469803,0.473954,0.462241,0.000000,0.335443,0.564315,0.000000,0.466204,0.272961,0.000000,0.489261,0.544777,0.492685,0.000000,0.441661,0.525159,0.464302,0.000000,0.513855,0.000000,0.000000,0.000000,0.354052,0.530531,0.000000,0.501844,0.000000,0.000000,0.000000,0.000000,0.000000,0.000000,0.000000,0.000000,0.434199,0.000000,0.000000,0.000000,0.489641,0.632111,0.399401,0.000000,0.000000,0.562959,0.525651,0.555171,0.390841,0.000000,0.379592,0.000000,0.429608,0.000000,0.457281,0.519504,0.415419,0.000000,0.398541,0.483931
0.000000,0.000000,0.000000,0.434329,0.000000,0.424984,0.000000,0.435726,0.000000,0.000000,0.000000,0.000000,0.000000,0.000000,0.499119,0.432887,0.000000,0.408499,0.000000,0.482567,0.579863,0.000000,0.000000,0.441035,0.384768,0.404766,0.000000,0.387715,0.000000,0.368165,0.453362,0.457190,0.465764,0.455324,0.000000,0.000000,0.000000,0.306896,0.466204,0.000000,0.000000,0.380598,0.503985,0.480534,0.000000,0.493521,0.421779,0.451799,0.000000,0.000000,0.000000,0.000000,0.000000,0.000000,0.444474,0.380504,0.000000,0.540515,0.000000,0.000000,0.000000,0.000000,0.000000,0.000000,0.000000,0.000000,0.000000,0.490958,0.000000,0.000000,0.493141,0.454183,0.514810,0.408367,0.000000,0.415659,0.000000,0.435365,0.000000,0.000000,0.000000,0.401944,0.000000,0.332377,0.000000,0.538149,0.000000,0.337718,0.000000,0.364847
0.000000,0.000000,0.000000,0.000000,0.393651,0.000000,0.000000,0.000000,0.000000,0.000000,0.000000,0.000000,0.000000,0.000000,0.000000,0.000000,0.000000,0.000000,0.000000,0.000000,0.000000,0.000000,0.000000,0.000000,0.441939,0.000000,0.397594,0.000000,0.000000,0.000000,0.430942,0.000000,0.000000,0.000000,0.000000,0.000000,0.337421,0.000000,0.272961,0.000000,0.000000,0.000000,0.000000,0.000000,0.000000,0.000000,0.000000,0.000000,0.000000,0.000000,0.000000,0.000000,0.000000,0.000000,0.000000,0.000000,0.000000,0.000000,0.000000,0.000000,0.000000,0.000000,0.000000,0.000000,0.000000,0.000000,0.000000,0.000000,0.000000,0.000000,0.000000,0.000000,0.000000,0.000000,0.000000,0.000000,0.000000,0.000000,0.000000,0.000000,0.000000,0.000000,0.000000,0.000000,0.000000,0.000000,0.000000,0.000000,0.000000,0.000000
0.000000,0.000000,0.000000,0.000000,0.000000,0.422025,0.000000,0.416322,0.000000,0.000000,0.000000,0.000000,0.000000,0.000000,0.000000,0.451469,0.000000,0.000000,0.000000,0.000000,0.000000,0.000000,0.000000,0.000000,0.394450,0.407455,0.393742,0.401515,0.000000,0.422837,0.000000,0.444977,0.000000,0.000000,0.000000,0.000000,0.000000,0.347879,0.000000,0.380598,0.000000,0.000000,0.000000,0.000000,0.000000,0.000000,0.000000,0.442872,0.000000,0.000000,0.000000,0.000000,0.000000,0.000000,0.000000,0.342405,0.000000,0.000000,0.000000,0.000000,0.000000,0.000000,0.000000,0.000000,0.000000,0.000000,0.000000,0.000000,0.000000,0.000000,0.000000,0.410112,0.000000,0.380239,0.000000,0.000000,0.000000,0.000000,0.000000,0.000000,0.000000,0.000000,0.000000,0.314017,0.000000,0.386991,0.000000,0.341898,0.000000,0.344831
0.000000,0.000000,0.000000,0.000000,0.000000,0.000000,0.000000,0.000000,0.000000,0.000000,0.000000,0.000000,0.000000,0.000000,0.000000,0.000000,0.000000,0.000000,0.000000,0.000000,0.000000,0.000000,0.513740,0.000000,0.000000,0.000000,0.000000,0.000000,0.000000,0.000000,0.527523,0.518911,0.489849,0.000000,0.265432,0.000000,0.000000,0.000000,0.489261,0.503985,0.000000,0.000000,0.000000,0.550773,0.376753,0.432331,0.362803,0.529554,0.377014,0.000000,0.360870,0.534382,0.000000,0.000000,0.287412,0.000000,0.000000,0.000000,0.308495,0.000000,0.000000,0.000000,0.000000,0.000000,0.000000,0.000000,0.361974,0.470066,0.000000,0.000000,0.495285,0.477088,0.000000,0.000000,0.000000,0.512218,0.000000,0.000000,0.000000,0.000000,0.000000,0.000000,0.000000,0.000000,0.312097,0.581089,0.000000,0.000000,0.000000,0.000000
0.000000,0.000000,0.000000,0.624139,0.000000,0.000000,0.000000,0.000000,0.000000,0.000000,0.000000,0.000000,0.000000,0.000000,0.000000,0.000000,0.000000,0.000000,0.000000,0.000000,0.000000,0.000000,0.000000,0.000000,0.000000,0.000000,0.000000,0.000000,0.000000,0.000000,0.517095,0.530135,0.000000,0.502115,0.404298,0.439797,0.554073,0.000000,0.544777,0.480534,0.000000,0.000000,0.550773,0.000000,0.343145,0.335355,0.444289,0.392799,0.555567,0.306219,0.520852,0.337330,0.000000,0.336161,0.560148,0.357370,0.000000,0.000000,0.486745,0.000000,0.000000,0.000000,0.000000,0.000000,0.000000,0.000000,0.361558,0.314051,0.000000,0.000000,0.566095,0.538233,0.000000,0.519561,0.000000,0.541087,0.000000,0.000000,0.000000,0.000000,0.000000,0.000000,0.000000,0.000000,0.000000,0.353295,0.000000,0.000000,0.000000,0.000000
0.000000,0.000000,0.000000,0.000000,0.000000,0.000000,0.000000,0.000000,0.000000,0.000000,0.000000,0.000000,0.000000,0.000000,0.000000,0.000000,0.000000,0.000000,0.000000,0.000000,0.000000,0.000000,0.000000,0.000000,0.000000,0.000000,0.000000,0.000000,0.000000,0.000000,0.000000,0.000000,0.000000,0.000000,0.311856,0.374957,0.000000,0.000000,0.492685,0.000000,0.000000,0.000000,0.376753,0.343145,0.000000,0.322763,0.438709,0.454536,0.277673,0.443523,0.282144,0.494309,0.000000,0.000000,0.000000,0.000000,0.000000,0.000000,0.285480,0.000000,0.000000,0.000000,0.000000,0.000000,0.000000,0.000000,0.330922,0.365691,0.000000,0.000000,0.000000,0.000000,0.000000,0.000000,0.000000,0.000000,0.525990,0.000000,0.000000,0.000000,0.000000,0.000000,0.000000,0.000000,0.296290,0.000000,0.000000,0.000000,0.000000,0.000000
0.000000,0.000000,0.000000,0.000000,0.000000,0.000000,0.000000,0.000000,0.000000,0.000000,0.000000,0.000000,0.000000,0.000000,0.000000,0.000000,0.000000,0.000000,0.000000,0.000000,0.000000,0.000000,0.000000,0.000000,0.000000,0.000000,0.000000,0.000000,0.000000,0.000000,0.000000,0.000000,0.000000,0.000000,0.000000,0.457483,0.000000,0.000000,0.000000,0.493521,0.000000,0.000000,0.432331,0.335355,0.322763,0.000000,0.508106,0.395620,0.000000,0.283950,0.304707,0.292544,0.000000,0.000000,0.000000,0.485091,0.000000,0.000000,0.000000,0.000000,0.000000,0.000000,0.000000,0.000000,0.000000,0.000000,0.329971,0.339209,0.000000,0.000000,0.000000,0.531139,0.000000,0.000000,0.000000,0.000000,0.000000,0.000000,0.000000,0.000000,0.000000,0.000000,0.000000,0.000000,0.000000,0.000000,0.000000,0.000000,0.000000,0.000000
0.000000,0.000000,0.000000,0.000000,0.000000,0.000000,0.000000,0.000000,0.000000,0.000000,0.000000,0.000000,0.000000,0.000000,0.000000,0.000000,0.000000,0.000000,0.491815,0.000000,0.000000,0.000000,0.509065,0.000000,0.000000,0.000000,0.000000,0.000000,0.000000,0.000000,0.531013,0.517627,0.495417,0.000000,0.461362,0.000000,0.405454,0.000000,0.441661,0.421779,0.000000,0.000000,0.362803,0.444289,0.438709,0.508106,0.000000,0.504210,0.360482,0.463569,0.478230,0.503574,0.000000,0.455436,0.411425,0.434294,0.000000,0.505641,0.376089,0.000000,0.000000,0.000000,0.000000,0.000000,0.000000,0.000000,0.388571,0.454298,0.000000,0.000000,0.537791,0.499075,0.000000,0.000000,0.000000,0.000000,0.258080,0.000000,0.000000,0.000000,0.000000,0.000000,0.000000,0.000000,0.507030,0.514935,0.000000,0.000000,0.000000,0.000000
0.000000,0.000000,0.000000,0.525942,0.000000,0.000000,0.000000,0.000000,0.000000,0.000000,0.000000,0.000000,0.000000,0.000000,0.463746,0.463310,0.000000,0.000000,0.465890,0.000000,0.000000,0.464935,0.000000,0.518280,0.452603,0.465214,0.000000,0.466840,0.000000,0.000000,0.503312,0.491498,0.000000,0.541030,0.450540,0.388600,0.533534,0.401384,0.525159,0.451799,0.000000,0.442872,0.529554,0.392799,0.454536,0.395620,0.504210,0.000000,0.474356,0.432201,0.485561,0.507328,0.000000,0.428825,0.000000,0.457526,0.000000,0.538054,0.380763,0.000000,0.000000,0.000000,0.000000,0.000000,0.000000,0.000000,0.449658,0.417292,0.000000,0.000000,0.547881,0.530443,0.000000,0.530686,0.000000,0.483183,0.583657,0.394330,0.000000,0.000000,0.000000,0.000000,0.495268,0.000000,0.535962,0.472758,0.000000,0.000000,0.000000,0.000000
0.000000,0.000000,0.000000,0.000000,0.000000,0.000000,0.000000,0.000000,0.000000,0.000000,0.000000,0.000000,0.000000,0.000000,0.000000,0.000000,0.000000,0.000000,0.000000,0.000000,0.000000,0.000000,0.000000,0.000000,0.000000,0.000000,0.000000,0.000000,0.000000,0.000000,0.461677,0.000000,0.000000,0.000000,0.000000,0.000000,0.000000,0.000000,0.464302,0.000000,0.000000,0.000000,0.377014,0.555567,0.277673,0.000000,0.360482,0.474356,0.000000,0.000000,0.266363,0.000000,0.000000,0.000000,0.000000,0.000000,0.000000,0.000000,0.297024,0.000000,0.333838,0.000000,0.000000,0.000000,0.000000,0.000000,0.293861,0.000000,0.000000,0.000000,0.465822,0.000000,0.000000,0.000000,0.000000,0.499946,0.000000,0.000000,0.000000,0.000000,0.000000,0.000000,0.000000,0.000000,0.283922,0.000000,0.000000,0.000000,0.000000,0.000000
