0.000000,0.000000,0.411332,0.000000,0.000000,0.000000,0.424030,0.000000,0.406047,0.000000,0.356839,0.000000,0.407747,0.000000,0.423032,0.000000,0.470525,0.000000,0.342458,0.463200,0.000000,0.000000,0.000000,0.304555,0.000000,0.000000,0.000000,0.000000,0.366441,0.000000,0.313713,0.000000,0.501226,0.000000,0.000000,0.507594,0.000000,0.476672,0.000000,0.463688,0.000000,0.000000,0.000000,0.000000,0.000000,0.000000,0.000000,0.000000,0.000000,0.000000,0.000000,0.000000,0.000000,0.597707,0.000000,0.470127,0.409200,0.000000,0.459590,0.000000,0.397995,0.000000,0.000000,0.000000,0.000000,0.000000,0.507879,0.507320,0.263944,0.449521,0.374759,0.000000,0.423782,0.000000,0.468609,0.000000,0.527158,0.520013,0.000000,0.000000,0.000000,0.000000,0.000000,0.000000,0.000000,0.000000,0.000000,0.000000,0.536571,0.473360
0.000000,0.000000,0.000000,0.378739,0.000000,0.000000,0.000000,0.375205,0.000000,0.000000,0.000000,0.337589,0.000000,0.000000,0.000000,0.000000,0.000000,0.365134,0.000000,0.291106,0.000000,0.000000,0.000000,0.000000,0.000000,0.000000,0.000000,0.000000,0.000000,0.000000,0.000000,0.000000,0.425732,0.378804,0.000000,0.000000,0.000000,0.000000,0.000000,0.000000,0.000000,0.000000,0.000000,0.000000,0.000000,0.000000,0.000000,0.000000,0.000000,0.000000,0.000000,0.000000,0.000000,0.000000,0.000000,0.000000,0.000000,0.385440,0.000000,0.408276,0.000000,0.408364,0.000000,0.379729,0.000000,0.000000,0.000000,0.000000,0.000000,0.325399,0.000000,0.000000,0.000000,0.000000,0.000000,0.000000,0.000000,0.000000,0.000000,0.329947,0.000000,0.360033,0.000000,0.000000,0.000000,0.425591,0.000000,0.000000,0.000000,0.404888
0.411332,0.000000,0.000000,0.000000,0.000000,0.000000,0.416843,0.000000,0.000000,0.000000,0.000000,0.000000,0.343442,0.000000,0.353690,0.000000,0.000000,0.000000,0.405602,0.393448,0.000000,0.000000,0.381153,0.000000,0.000000,0.000000,0.000000,0.000000,0.337596,0.000000,0.259380,0.000000,0.428783,0.580902,0.000000,0.000000,0.496667,0.000000,0.450548,0.000000,0.000000,0.000000,0.000000,0.000000,0.000000,0.000000,0.000000,0.000000,0.000000,0.000000,0.000000,0.000000,0.000000,0.000000,0.478497,0.000000,0.000000,0.000000,0.000000,0.000000,0.000000,0.000000,0.000000,0.000000,0.000000,0.000000,0.507045,0.000000,0.000000,0.000000,0.347907,0.000000,0.000000,0.426677,0.000000,0.000000,0.395436,0.000000,0.000000,0.000000,0.436060,0.000000,0.000000,0.000000,0.487920,0.000000,0.000000,0.000000,0.534303,0.000000
0.000000,0.378739,0.000000,0.000000,0.448975,0.337120,0.000000,0.348701,0.000000,0.280600,0.000000,0.000000,0.000000,0.000000,0.000000,0.000000,0.000000,0.404893,0.303535,0.325586,0.000000,0.000000,0.393098,0.337647,0.441068,0.414337,0.457655,0.448206,0.485359,0.000000,0.375234,0.396275,0.390108,0.356394,0.000000,0.000000,0.477172,0.000000,0.461467,0.000000,0.459268,0.000000,0.000000,0.000000,0.000000,0.000000,0.000000,0.000000,0.000000,0.000000,0.000000,0.000000,0.000000,0.000000,0.000000,0.000000,0.446091,0.457787,0.000000,0.000000,0.491461,0.000000,0.000000,0.395291,0.000000,0.000000,0.000000,0.000000,0.000000,0.000000,0.430466,0.000000,0.370240,0.000000,0.000000,0.000000,0.448474,0.000000,0.000000,0.000000,0.480967,0.000000,0.000000,0.000000,0.466717,0.435038,0.000000,0.000000,0.000000,0.000000
0.000000,0.000000,0.000000,0.448975,0.000000,0.390568,0.000000,0.470112,0.236255,0.000000,0.000000,0.000000,0.332182,0.000000,0.292338,0.000000,0.000000,0.000000,0.000000,0.000000,0.309690,0.364251,0.355819,0.000000,0.363065,0.000000,0.321349,0.412305,0.460775,0.000000,0.367121,0.000000,0.000000,0.000000,0.000000,0.000000,0.474516,0.000000,0.310254,0.000000,0.000000,0.000000,0.000000,0.000000,0.000000,0.000000,0.000000,0.000000,0.000000,0.000000,0.000000,0.000000,0.000000,0.000000,0.000000,0.000000,0.447956,0.000000,0.000000,0.000000,0.000000,0.000000,0.439834,0.000000,0.000000,0.000000,0.000000,0.000000,0.000000,0.000000,0.354962,0.000000,0.000000,0.000000,0.000000,0.000000,0.000000,0.000000,0.000000,0.000000,0.440494,0.000000,0.000000,0.000000,0.524604,0.000000,0.000000,0.000000,0.000000,0.000000
0.000000,0.000000,0.000000,0.337120,0.390568,0.000000,0.000000,0.408148,0.000000,0.275377,0.000000,0.000000,0.000000,0.361348,0.000000,0.297830,0.000000,0.000000,0.000000,0.000000,0.000000,0.408482,0.000000,0.320818,0.420953,0.307292,0.371850,0.371969,0.405116,0.319351,0.347171,0.391018,0.000000,0.000000,0.000000,0.000000,0.000000,0.000000,0.000000,0.000000,0.000000,0.000000,0.000000,0.000000,0.000000,0.000000,0.000000,0.000000,0.000000,0.000000,0.000000,0.000000,0.000000,0.000000,0.000000,0.000000,0.000000,0.000000,0.000000,0.000000,0.000000,0.000000,0.000000,0.000000,0.000000,0.000000,0.000000,0.000000,0.000000,0.000000,0.000000,0.416524,0.000000,0.000000,0.000000,0.393221,0.000000,0.000000,0.000000,0.000000,0.423325,0.000000,0.000000,0.000000,0.437966,0.000000,0.000000,0.000000,0.000000,0.000000
0.424030,0.000000,0.416843,0.000000,0.000000,0.000000,0.000000,0.000000,0.000000,0.000000,0.322514,0.000000,0.313289,0.000000,0.000000,0.000000,0.432364,0.000000,0.000000,0.000000,0.000000,0.000000,0.329673,0.000000,0.000000,0.000000,0.000000,0.000000,0.374647,0.000000,0.309305,0.000000,0.397294,0.000000,0.000000,0.505129,0.000000,0.513548,0.000000,0.000000,0.000000,0.000000,0.000000,0.534376,0.000000,0.000000,0.000000,0.000000,0.000000,0.000000,0.000000,0.000000,0.000000,0.507843,0.000000,0.000000,0.411786,0.000000,0.000000,0.000000,0.450284,0.000000,0.403001,0.000000,0.461627,0.000000,0.000000,0.000000,0.000000,0.000000,0.370201,0.000000,0.420264,0.000000,0.447557,0.000000,0.000000,0.000000,0.000000,0.000000,0.394052,0.000000,0.000000,0.000000,0.447730,0.000000,0.000000,0.000000,0.000000,0.000000
0.000000,0.375205,0.000000,0.348701,0.470112,0.408148,0.000000,0.000000,0.000000,0.299052,0.000000,0.375116,0.000000,0.305824,0.000000,0.316131,0.000000,0.401710,0.418654,0.341001,0.000000,0.000000,0.459791,0.347359,0.441633,0.380318,0.450365,0.427009,0.477863,0.317652,0.405820,0.416839,0.366700,0.361500,0.000000,0.000000,0.483506,0.000000,0.468051,0.000000,0.000000,0.000000,0.000000,0.000000,0.000000,0.000000,0.000000,0.541023,0.000000,0.000000,0.000000,0.000000,0.000000,0.000000,0.000000,0.000000,0.436901,0.451374,0.000000,0.000000,0.475090,0.000000,0.000000,0.393491,0.000000,0.000000,0.000000,0.000000,0.000000,0.000000,0.421449,0.436650,0.545034,0.000000,0.000000,0.000000,0.430564,0.376317,0.000000,0.000000,0.000000,0.402380,0.000000,0.000000,0.000000,0.383730,0.000000,0.000000,0.000000,0.000000
0.406047,0.000000,0.000000,0.000000,0.236255,0.000000,0.000000,0.000000,0.000000,0.000000,0.000000,0.000000,0.307895,0.000000,0.305607,0.000000,0.353834,0.000000,0.000000,0.000000,0.000000,0.000000,0.000000,0.000000,0.000000,0.000000,0.000000,0.000000,0.000000,0.000000,0.000000,0.000000,0.000000,0.000000,0.000000,0.000000,0.454085,0.000000,0.519890,0.000000,0.000000,0.000000,0.000000,0.000000,0.000000,0.000000,0.000000,0.000000,0.000000,0.000000,0.000000,0.000000,0.000000,0.000000,0.525736,0.000000,0.417627,0.000000,0.000000,0.000000,0.466106,0.000000,0.000000,0.000000,0.487771,0.000000,0.000000,0.000000,0.000000,0.000000,0.000000,0.000000,0.000000,0.000000,0.000000,0.000000,0.000000,0.000000,0.000000,0.000000,0.453905,0.000000,0.000000,0.000000,0.497496,0.000000,0.000000,0.000000,0.000000,0.000000
0.000000,0.000000,0.000000,0.280600,0.000000,0.275377,0.000000,0.299052,0.000000,0.000000,0.000000,0.000000,0.000000,0.348210,0.000000,0.288382,0.000000,0.000000,0.000000,0.000000,0.000000,0.000000,0.000000,0.000000,0.000000,0.000000,0.000000,0.000000,0.000000,0.000000,0.000000,0.000000,0.000000,0.000000,0.000000,0.000000,0.000000,0.000000,0.000000,0.000000,0.000000,0.000000,0.000000,0.000000,0.000000,0.000000,0.000000,0.000000,0.000000,0.000000,0.000000,0.000000,0.000000,0.000000,0.000000,0.000000,0.000000,0.000000,0.000000,0.000000,0.000000,0.000000,0.000000,0.000000,0.000000,0.000000,0.000000,0.000000,0.000000,0.000000,0.000000,0.000000,0.000000,0.000000,0.000000,0.000000,0.000000,0.000000,0.000000,0.000000,0.000000,0.000000,0.000000,0.000000,0.000000,0.000000,0.000000,0.000000,0.000000,0.000000
0.356839,0.000000,0.000000,0.000000,0.000000,0.000000,0.322514,0.000000,0.000000,0.000000,0.000000,0.000000,0.327864,0.000000,0.000000,0.000000,0.317346,0.000000,0.000000,0.000000,0.000000,0.000000,0.000000,0.000000,0.000000,0.000000,0.000000,0.000000,0.373828,0.000000,0.000000,0.000000,0.000000,0.000000,0.000000,0.545677,0.580398,0.000000,0.000000,0.000000,0.000000,0.000000,0.000000,0.555032,0.000000,0.000000,0.000000,0.000000,0.000000,0.000000,0.000000,0.000000,0.000000,0.546580,0.493982,0.000000,0.454118,0.000000,0.000000,0.000000,0.491277,0.000000,0.462417,0.000000,0.474823,0.000000,0.000000,0.522764,0.000000,0.000000,0.354173,0.000000,0.406078,0.000000,0.464533,0.000000,0.000000,0.491512,0.000000,0.000000,0.000000,0.000000,0.000000,0.000000,0.474279,0.000000,0.000000,0.000000,0.000000,0.000000
0.000000,0.337589,0.000000,0.000000,0.000000,0.000000,0.000000,0.375116,0.000000,0.000000,0.000000,0.000000,0.000000,0.307863,0.000000,0.000000,0.000000,0.258399,0.000000,0.000000,0.000000,0.000000,0.000000,0.000000,0.000000,0.000000,0.000000,0.000000,0.000000,0.254068,0.000000,0.000000,0.000000,0.000000,0.000000,0.000000,0.000000,0.000000,0.000000,0.000000,0.000000,0.000000,0.000000,0.000000,0.000000,0.000000,0.000000,0.000000,0.000000,0.000000,0.000000,0.000000,0.000000,0.000000,0.000000,0.000000,0.000000,0.371453,0.000000,0.000000,0.000000,0.000000,0.000000,0.000000,0.000000,0.000000,0.000000,0.000000,0.000000,0.000000,0.000000,0.000000,0.000000,0.231844,0.000000,0.000000,0.000000,0.350479,0.000000,0.000000,0.000000,0.281915,0.000000,0.266649,0.000000,0.000000,0.000000,0.000000,0.000000,0.342342
0.407747,0.000000,0.343442,0.000000,0.332182,0.000000,0.313289,0.000000,0.307895,0.000000,0.327864,0.000000,0.000000,0.000000,0.330564,0.000000,0.381672,0.000000,0.000000,0.000000,0.000000,0.000000,0.000000,0.000000,0.000000,0.000000,0.000000,0.000000,0.392087,0.000000,0.000000,0.000000,0.000000,0.000000,0.000000,0.545007,0.000000,0.000000,0.000000,0.000000,0.000000,0.000000,0.000000,0.519089,0.000000,0.000000,0.000000,0.000000,0.000000,0.000000,0.000000,0.000000,0.000000,0.531691,0.519512,0.000000,0.435184,0.000000,0.000000,0.000000,0.455989,0.000000,0.459436,0.000000,0.476460,0.000000,0.000000,0.505110,0.000000,0.000000,0.000000,0.000000,0.379893,0.000000,0.000000,0.000000,0.000000,0.000000,0.000000,0.000000,0.435730,0.000000,0.000000,0.000000,0.466896,0.000000,0.000000,0.000000,0.000000,0.000000
0.000000,0.000000,0.000000,0.000000,0.000000,0.361348,0.000000,0.305824,0.000000,0.348210,0.000000,0.307863,0.000000,0.000000,0.000000,0.287892,0.000000,0.308010,0.000000,0.000000,0.000000,0.000000,0.000000,0.000000,0.000000,0.000000,0.000000,0.000000,0.000000,0.312697,0.000000,0.000000,0.000000,0.000000,0.000000,0.000000,0.000000,0.000000,0.000000,0.000000,0.000000,0.000000,0.000000,0.000000,0.000000,0.000000,0.000000,0.000000,0.000000,0.000000,0.000000,0.000000,0.000000,0.000000,0.000000,0.000000,0.000000,0.000000,0.000000,0.000000,0.000000,0.000000,0.000000,0.000000,0.000000,0.000000,0.000000,0.000000,0.000000,0.000000,0.000000,0.000000,0.000000,0.231471,0.000000,0.000000,0.000000,0.000000,0.000000,0.000000,0.000000,0.000000,0.000000,0.000000,0.000000,0.000000,0.000000,0.000000,0.000000,0.000000
0.423032,0.000000,0.353690,0.000000,0.292338,0.000000,0.000000,0.000000,0.305607,0.000000,0.000000,0.000000,0.330564,0.000000,0.000000,0.000000,0.401864,0.000000,0.000000,0.000000,0.229044,0.000000,0.000000,0.000000,0.000000,0.000000,0.000000,0.000000,0.301343,0.000000,0.000000,0.000000,0.000000,0.000000,0.000000,0.499561,0.365291,0.000000,0.313865,0.000000,0.279283,0.000000,0.000000,0.502493,0.000000,0.000000,0.000000,0.000000,0.000000,0.000000,0.000000,0.000000,0.000000,0.536633,0.000000,0.000000,0.431766,0.000000,0.000000,0.000000,0.466134,0.000000,0.444474,0.000000,0.468527,0.000000,0.000000,0.000000,0.000000,0.000000,0.000000,0.000000,0.457204,0.000000,0.000000,0.000000,0.000000,0.000000,0.000000,0.000000,0.435865,0.000000,0.330067,0.000000,0.453438,0.000000,0.000000,0.000000,0.000000,0.000000
0.000000,0.000000,0.000000,0.000000,0.000000,0.297830,0.000000,0.316131,0.000000,0.288382,0.000000,0.000000,0.000000,0.287892,0.000000,0.000000,0.000000,0.000000,0.000000,0.000000,0.000000,0.366856,0.000000,0.000000,0.000000,0.313154,0.000000,0.398189,0.000000,0.359272,0.000000,0.000000,0.000000,0.000000,0.000000,0.000000,0.000000,0.000000,0.000000,0.000000,0.000000,0.000000,0.000000,0.000000,0.000000,0.000000,0.000000,0.000000,0.000000,0.000000,0.000000,0.000000,0.000000,0.000000,0.000000,0.000000,0.000000,0.000000,0.000000,0.000000,0.000000,0.000000,0.000000,0.000000,0.000000,0.000000,0.000000,0.000000,0.000000,0.000000,0.000000,0.000000,0.000000,0.299601,0.000000,0.000000,0.000000,0.000000,0.000000,0.000000,0.000000,0.000000,0.000000,0.000000,0.000000,0.000000,0.000000,0.000000,0.000000,0.000000
0.470525,0.000000,0.000000,0.000000,0.000000,0.000000,0.432364,0.000000,0.353834,0.000000,0.317346,0.000000,0.381672,0.000000,0.401864,0.000000,0.000000,0.000000,0.000000,0.000000,0.000000,0.506467,0.000000,0.000000,0.000000,0.000000,0.442117,0.000000,0.359255,0.000000,0.000000,0.000000,0.000000,0.000000,0.000000,0.584077,0.447792,0.521161,0.433566,0.000000,0.000000,0.000000,0.697305,0.536148,0.645962,0.000000,0.650099,0.663293,0.555126,0.000000,0.639933,0.000000,0.000000,0.516559,0.000000,0.000000,0.439436,0.579267,0.000000,0.000000,0.489900,0.000000,0.370265,0.000000,0.502624,0.000000,0.637679,0.562704,0.000000,0.000000,0.000000,0.000000,0.412531,0.000000,0.474941,0.000000,0.633280,0.532250,0.287522,0.000000,0.385007,0.000000,0.282481,0.000000,0.375376,0.000000,0.000000,0.000000,0.000000,0.490072
0.000000,0.365134,0.000000,0.404893,0.000000,0.000000,0.000000,0.401710,0.000000,0.000000,0.000000,0.258399,0.000000,0.308010,0.000000,0.000000,0.000000,0.000000,0.000000,0.000000,0.000000,0.000000,0.000000,0.000000,0.000000,0.000000,0.000000,0.000000,0.000000,0.290114,0.000000,0.000000,0.000000,0.363486,0.000000,0.000000,0.000000,0.000000,0.000000,0.000000,0.000000,0.000000,0.000000,0.000000,0.000000,0.000000,0.387344,0.000000,0.000000,0.000000,0.000000,0.000000,0.000000,0.000000,0.000000,0.300074,0.000000,0.258305,0.000000,0.000000,0.000000,0.000000,0.000000,0.300267,0.000000,0.000000,0.000000,0.000000,0.000000,0.000000,0.000000,0.449642,0.000000,0.372941,0.000000,0.471445,0.499761,0.427163,0.000000,0.310923,0.000000,0.321581,0.000000,0.317369,0.000000,0.405741,0.000000,0.000000,0.000000,0.348276
0.342458,0.000000,0.405602,0.303535,0.000000,0.000000,0.000000,0.418654,0.000000,0.000000,0.000000,0.000000,0.000000,0.000000,0.000000,0.000000,0.000000,0.000000,0.000000,0.360151,0.000000,0.000000,0.397711,0.324725,0.000000,0.000000,0.000000,0.000000,0.000000,0.000000,0.339971,0.422401,0.447517,0.554569,0.000000,0.000000,0.000000,0.509576,0.000000,0.000000,0.000000,0.000000,0.000000,0.000000,0.000000,0.000000,0.000000,0.000000,0.000000,0.000000,0.000000,0.000000,0.000000,0.000000,0.000000,0.000000,0.402989,0.000000,0.442428,0.000000,0.409966,0.000000,0.000000,0.000000,0.000000,0.000000,0.486198,0.000000,0.342031,0.368788,0.394608,0.438574,0.000000,0.437508,0.000000,0.000000,0.433306,0.522384,0.000000,0.000000,0.000000,0.000000,0.000000,0.000000,0.000000,0.000000,0.000000,0.000000,0.532233,0.000000
0.463200,0.291106,0.393448,0.325586,0.000000,0.000000,0.000000,0.341001,0.000000,0.000000,0.000000,0.000000,0.000000,0.000000,0.000000,0.000000,0.000000,0.000000,0.360151,0.000000,0.000000,0.000000,0.388146,0.360756,0.000000,0.000000,0.000000,0.000000,0.000000,0.000000,0.328775,0.000000,0.353021,0.347629,0.000000,0.000000,0.000000,0.000000,0.000000,0.000000,0.000000,0.000000,0.000000,0.000000,0.000000,0.000000,0.000000,0.000000,0.000000,0.000000,0.000000,0.000000,0.000000,0.000000,0.000000,0.000000,0.509961,0.386443,0.423898,0.000000,0.446828,0.385649,0.000000,0.000000,0.000000,0.000000,0.000000,0.000000,0.317850,0.403079,0.000000,0.000000,0.000000,0.000000,0.455724,0.000000,0.000000,0.000000,0.000000,0.000000,0.000000,0.000000,0.000000,0.000000,0.000000,0.379323,0.000000,0.000000,0.000000,0.000000
0.000000,0.000000,0.000000,0.000000,0.309690,0.000000,0.000000,0.000000,0.000000,0.000000,0.000000,0.000000,0.000000,0.000000,0.229044,0.000000,0.000000,0.000000,0.000000,0.000000,0.000000,0.333919,0.000000,0.000000,0.290283,0.000000,0.291087,0.466537,0.416807,0.000000,0.000000,0.267787,0.000000,0.000000,0.000000,0.000000,0.476185,0.000000,0.346465,0.000000,0.381937,0.000000,0.000000,0.000000,0.000000,0.000000,0.000000,0.000000,0.000000,0.000000,0.000000,0.000000,0.000000,0.000000,0.000000,0.000000,0.456122,0.000000,0.000000,0.000000,0.000000,0.000000,0.000000,0.000000,0.000000,0.000000,0.000000,0.000000,0.000000,0.000000,0.395641,0.412898,0.392224,0.325955,0.333532,0.000000,0.000000,0.000000,0.000000,0.000000,0.000000,0.000000,0.000000,0.000000,0.000000,0.000000,0.000000,0.000000,0.000000,0.000000
0.000000,0.000000,0.000000,0.000000,0.364251,0.408482,0.000000,0.000000,0.000000,0.000000,0.000000,0.000000,0.000000,0.000000,0.000000,0.366856,0.506467,0.000000,0.000000,0.000000,0.333919,0.000000,0.000000,0.000000,0.402156,0.278150,0.418696,0.374568,0.428336,0.000000,0.364899,0.000000,0.491776,0.458422,0.000000,0.000000,0.000000,0.414531,0.000000,0.389207,0.000000,0.299827,0.000000,0.000000,0.000000,0.000000,0.000000,0.000000,0.000000,0.000000,0.000000,0.000000,0.000000,0.000000,0.000000,0.362075,0.000000,0.000000,0.459088,0.000000,0.000000,0.000000,0.000000,0.000000,0.000000,0.000000,0.000000,0.000000,0.000000,0.497754,0.417054,0.305955,0.314702,0.283062,0.371316,0.300595,0.000000,0.389760,0.000000,0.000000,0.000000,0.000000,0.000000,0.256689,0.000000,0.000000,0.000000,0.000000,0.000000,0.000000
0.000000,0.000000,0.381153,0.393098,0.355819,0.000000,0.329673,0.459791,0.000000,0.000000,0.000000,0.000000,0.000000,0.000000,0.000000,0.000000,0.000000,0.000000,0.397711,0.388146,0.000000,0.000000,0.000000,0.330269,0.299283,0.000000,0.362672,0.000000,0.406971,0.000000,0.387622,0.408213,0.367443,0.406449,0.000000,0.574589,0.470329,0.000000,0.453855,0.000000,0.000000,0.000000,0.000000,0.493199,0.000000,0.000000,0.000000,0.000000,0.000000,0.000000,0.000000,0.000000,0.000000,0.000000,0.000000,0.000000,0.000000,0.000000,0.000000,0.000000,0.000000,0.000000,0.000000,0.000000,0.000000,0.000000,0.000000,0.000000,0.000000,0.000000,0.345585,0.487675,0.377433,0.000000,0.000000,0.000000,0.468563,0.000000,0.000000,0.000000,0.483718,0.000000,0.000000,0.000000,0.482916,0.000000,0.000000,0.000000,0.537406,0.000000
0.304555,0.000000,0.000000,0.337647,0.000000,0.320818,0.000000,0.347359,0.000000,0.000000,0.000000,0.000000,0.000000,0.000000,0.000000,0.000000,0.000000,0.000000,0.324725,0.360756,0.000000,0.000000,0.330269,0.000000,0.000000,0.258683,0.000000,0.000000,0.000000,0.000000,0.347622,0.387500,0.365618,0.368961,0.000000,0.000000,0.000000,0.000000,0.000000,0.000000,0.000000,0.000000,0.000000,0.000000,0.000000,0.000000,0.000000,0.000000,0.000000,0.000000,0.000000,0.000000,0.000000,0.000000,0.000000,0.000000,0.000000,0.000000,0.000000,0.000000,0.000000,0.000000,0.000000,0.000000,0.000000,0.000000,0.000000,0.000000,0.000000,0.000000,0.285964,0.000000,0.000000,0.000000,0.000000,0.000000,0.000000,0.000000,0.000000,0.000000,0.000000,0.000000,0.000000,0.000000,0.000000,0.000000,0.000000,0.000000,0.000000,0.000000
0.000000,0.000000,0.000000,0.441068,0.363065,0.420953,0.000000,0.441633,0.000000,0.000000,0.000000,0.000000,0.000000,0.000000,0.000000,0.000000,0.000000,0.000000,0.000000,0.000000,0.290283,0.402156,0.299283,0.000000,0.000000,0.276389,0.344476,0.334904,0.468617,0.000000,0.309431,0.000000,0.000000,0.000000,0.000000,0.000000,0.465175,0.000000,0.495325,0.000000,0.383585,0.000000,0.000000,0.000000,0.000000,0.000000,0.000000,0.000000,0.000000,0.000000,0.000000,0.000000,0.000000,0.000000,0.000000,0.000000,0.000000,0.000000,0.000000,0.000000,0.000000,0.000000,0.000000,0.000000,0.000000,0.000000,0.000000,0.000000,0.000000,0.000000,0.299834,0.000000,0.412532,0.000000,0.439154,0.000000,0.000000,0.000000,0.000000,0.000000,0.469873,0.000000,0.000000,0.000000,0.483653,0.000000,0.000000,0.000000,0.000000,0.000000
0.000000,0.000000,0.000000,0.414337,0.000000,0.307292,0.000000,0.380318,0.000000,0.000000,0.000000,0.000000,0.000000,0.000000,0.000000,0.313154,0.000000,0.000000,0.000000,0.000000,0.000000,0.278150,0.000000,0.258683,0.276389,0.000000,0.230223,0.352766,0.000000,0.318208,0.277113,0.000000,0.000000,0.000000,0.000000,0.000000,0.000000,0.000000,0.000000,0.000000,0.000000,0.000000,0.000000,0.000000,0.000000,0.000000,0.000000,0.000000,0.000000,0.000000,0.000000,0.000000,0.000000,0.000000,0.000000,0.000000,0.000000,0.000000,0.000000,0.000000,0.000000,0.000000,0.000000,0.000000,0.000000,0.000000,0.000000,0.000000,0.000000,0.000000,0.000000,0.000000,0.000000,0.317706,0.000000,0.000000,0.000000,0.000000,0.000000,0.000000,0.000000,0.000000,0.000000,0.000000,0.000000,0.000000,0.000000,0.000000,0.000000,0.000000
0.000000,0.000000,0.000000,0.457655,0.321349,0.371850,0.000000,0.450365,0.000000,0.000000,0.000000,0.000000,0.000000,0.000000,0.000000,0.000000,0.442117,0.000000,0.000000,0.000000,0.291087,0.418696,0.362672,0.000000,0.344476,0.230223,0.000000,0.347124,0.478097,0.000000,0.380809,0.492574,0.000000,0.000000,0.000000,0.000000,0.456168,0.000000,0.483212,0.000000,0.380670,0.000000,0.000000,0.000000,0.000000,0.000000,0.000000,0.000000,0.000000,0.000000,0.000000,0.000000,0.000000,0.000000,0.000000,0.000000,0.444078,0.000000,0.000000,0.000000,0.000000,0.000000,0.487126,0.000000,0.000000,0.000000,0.000000,0.000000,0.000000,0.000000,0.316040,0.429503,0.441023,0.000000,0.375288,0.000000,0.000000,0.000000,0.000000,0.000000,0.420952,0.000000,0.000000,0.000000,0.459545,0.000000,0.000000,0.000000,0.000000,0.000000
0.000000,0.000000,0.000000,0.448206,0.412305,0.371969,0.000000,0.427009,0.000000,0.000000,0.000000,0.000000,0.000000,0.000000,0.000000,0.398189,0.000000,0.000000,0.000000,0.000000,0.466537,0.374568,0.000000,0.000000,0.334904,0.352766,0.347124,0.000000,0.425912,0.320863,0.369412,0.394734,0.425773,0.000000,0.000000,0.000000,0.432865,0.000000,0.000000,0.416891,0.000000,0.000000,0.000000,0.000000,0.000000,0.000000,0.000000,0.000000,0.000000,0.000000,0.000000,0.000000,0.000000,0.000000,0.000000,0.000000,0.000000,0.000000,0.435989,0.000000,0.000000,0.000000,0.000000,0.000000,0.000000,0.000000,0.455170,0.000000,0.000000,0.000000,0.471609,0.435988,0.000000,0.423854,0.000000,0.000000,0.000000,0.429674,0.000000,0.000000,0.436917,0.000000,0.000000,0.000000,0.440928,0.000000,0.000000,0.000000,0.441029,0.000000
0.366441,0.000000,0.337596,0.485359,0.460775,0.405116,0.374647,0.477863,0.000000,0.000000,0.373828,0.000000,0.392087,0.000000,0.301343,0.000000,0.359255,0.000000,0.000000,0.000000,0.416807,0.428336,0.406971,0.000000,0.468617,0.000000,0.478097,0.425912,0.000000,0.000000,0.416997,0.491757,0.465150,0.388862,0.000000,0.660432,0.373836,0.549322,0.426540,0.579930,0.284814,0.545134,0.640862,0.577956,0.628846,0.000000,0.639507,0.625212,0.000000,0.000000,0.617812,0.000000,0.000000,0.000000,0.000000,0.000000,0.474739,0.000000,0.000000,0.000000,0.484399,0.000000,0.398492,0.000000,0.524964,0.000000,0.592724,0.632635,0.000000,0.000000,0.363003,0.000000,0.421006,0.000000,0.445400,0.000000,0.602606,0.000000,0.301238,0.000000,0.420547,0.577725,0.274735,0.000000,0.469861,0.571726,0.000000,0.000000,0.455925,0.603068
0.000000,0.000000,0.000000,0.000000,0.000000,0.319351,0.000000,0.317652,0.000000,0.000000,0.000000,0.254068,0.000000,0.312697,0.000000,0.359272,0.000000,0.290114,0.000000,0.000000,0.000000,0.000000,0.000000,0.000000,0.000000,0.318208,0.000000,0.320863,0.000000,0.000000,0.000000,0.000000,0.000000,0.000000,0.000000,0.000000,0.000000,0.311515,0.000000,0.377416,0.000000,0.412941,0.000000,0.000000,0.000000,0.000000,0.000000,0.000000,0.000000,0.000000,0.000000,0.000000,0.000000,0.000000,0.000000,0.379730,0.557261,0.347035,0.000000,0.000000,0.000000,0.000000,0.000000,0.000000,0.000000,0.000000,0.000000,0.000000,0.000000,0.000000,0.000000,0.000000,0.000000,0.268172,0.000000,0.000000,0.000000,0.411000,0.000000,0.247233,0.000000,0.326971,0.000000,0.356552,0.000000,0.000000,0.000000,0.000000,0.000000,0.319140
0.313713,0.000000,0.259380,0.375234,0.367121,0.347171,0.309305,0.405820,0.000000,0.000000,0.000000,0.000000,0.000000,0.000000,0.000000,0.000000,0.000000,0.000000,0.339971,0.328775,0.000000,0.364899,0.387622,0.347622,0.309431,0.277113,0.380809,0.369412,0.416997,0.000000,0.000000,0.294849,0.370330,0.335730,0.000000,0.000000,0.481460,0.000000,0.500205,0.000000,0.000000,0.000000,0.000000,0.508175,0.000000,0.000000,0.000000,0.000000,0.000000,0.000000,0.000000,0.000000,0.000000,0.523009,0.545565,0.000000,0.441039,0.000000,0.000000,0.000000,0.446464,0.000000,0.406173,0.000000,0.450618,0.000000,0.000000,0.000000,0.000000,0.000000,0.317797,0.437964,0.374252,0.356628,0.000000,0.000000,0.412904,0.000000,0.000000,0.000000,0.457794,0.000000,0.000000,0.000000,0.452968,0.000000,0.000000,0.000000,0.000000,0.000000
0.000000,0.000000,0.000000,0.396275,0.000000,0.391018,0.000000,0.416839,0.000000,0.000000,0.000000,0.000000,0.000000,0.000000,0.000000,0.000000,0.000000,0.000000,0.422401,0.000000,0.267787,0.000000,0.408213,0.387500,0.000000,0.000000,0.492574,0.394734,0.491757,0.000000,0.294849,0.000000,0.247003,0.437066,0.000000,0.518341,0.466766,0.000000,0.482416,0.508456,0.448785,0.000000,0.553484,0.000000,0.550901,0.000000,0.547763,0.540285,0.000000,0.000000,0.000000,0.000000,0.000000,0.000000,0.000000,0.000000,0.442460,0.515438,0.000000,0.000000,0.000000,0.000000,0.000000,0.000000,0.000000,0.000000,0.000000,0.524781,0.000000,0.000000,0.402655,0.323725,0.426365,0.318107,0.000000,0.000000,0.456615,0.000000,0.000000,0.000000,0.503959,0.504287,0.000000,0.000000,0.469245,0.000000,0.000000,0.000000,0.000000,0.000000
0.501226,0.425732,0.428783,0.390108,0.000000,0.000000,0.397294,0.366700,0.000000,0.000000,0.000000,0.000000,0.000000,0.000000,0.000000,0.000000,0.000000,0.000000,0.447517,0.353021,0.000000,0.491776,0.367443,0.365618,0.000000,0.000000,0.000000,0.425773,0.465150,0.000000,0.370330,0.247003,0.000000,0.387081,0.000000,0.444912,0.000000,0.000000,0.000000,0.472748,0.000000,0.000000,0.000000,0.361650,0.000000,0.452832,0.000000,0.415638,0.372250,0.393822,0.356088,0.414930,0.000000,0.429345,0.000000,0.445706,0.502740,0.000000,0.431373,0.000000,0.408261,0.000000,0.000000,0.000000,0.419584,0.000000,0.432406,0.471477,0.406313,0.439281,0.425838,0.000000,0.471235,0.000000,0.512287,0.000000,0.472267,0.499812,0.000000,0.000000,0.000000,0.000000,0.000000,0.000000,0.000000,0.442728,0.000000,0.000000,0.000000,0.423227
0.000000,0.378804,0.580902,0.356394,0.000000,0.000000,0.000000,0.361500,0.000000,0.000000,0.000000,0.000000,0.000000,0.000000,0.000000,0.000000,0.000000,0.363486,0.554569,0.347629,0.000000,0.458422,0.406449,0.368961,0.000000,0.000000,0.000000,0.000000,0.388862,0.000000,0.335730,0.437066,0.387081,0.000000,0.231030,0.516455,0.000000,0.000000,0.000000,0.000000,0.000000,0.000000,0.576724,0.502048,0.000000,0.000000,0.551674,0.000000,0.000000,0.000000,0.000000,0.000000,0.000000,0.490631,0.000000,0.486948,0.518625,0.455613,0.421211,0.000000,0.496565,0.000000,0.000000,0.000000,0.000000,0.000000,0.505055,0.462411,0.379939,0.443922,0.491451,0.510178,0.379783,0.505665,0.000000,0.000000,0.500302,0.000000,0.000000,0.374649,0.000000,0.000000,0.000000,0.000000,0.000000,0.000000,0.000000,0.000000,0.537530,0.458823
0.000000,0.000000,0.000000,0.000000,0.000000,0.000000,0.000000,0.000000,0.000000,0.000000,0.000000,0.000000,0.000000,0.000000,0.000000,0.000000,0.000000,0.000000,0.000000,0.000000,0.000000,0.000000,0.000000,0.000000,0.000000,0.000000,0.000000,0.000000,0.000000,0.000000,0.000000,0.000000,0.000000,0.231030,0.000000,0.328557,0.000000,0.000000,0.000000,0.000000,0.000000,0.000000,0.000000,0.000000,0.000000,0.000000,0.000000,0.241471,0.000000,0.000000,0.000000,0.000000,0.000000,0.000000,0.000000,0.000000,0.000000,0.000000,0.000000,0.000000,0.000000,0.000000,0.000000,0.000000,0.000000,0.000000,0.319103,0.347064,0.000000,0.000000,0.670139,0.000000,0.560733,0.000000,0.000000,0.366590,0.466587,0.000000,0.000000,0.000000,0.000000,0.000000,0.000000,0.000000,0.000000,0.000000,0.000000,0.000000,0.000000,0.000000
0.507594,0.000000,0.000000,0.000000,0.000000,0.000000,0.505129,0.000000,0.000000,0.000000,0.545677,0.000000,0.545007,0.000000,0.499561,0.000000,0.584077,0.000000,0.000000,0.000000,0.000000,0.000000,0.574589,0.000000,0.000000,0.000000,0.000000,0.000000,0.660432,0.000000,0.000000,0.518341,0.444912,0.516455,0.328557,0.000000,0.000000,0.000000,0.000000,0.000000,0.000000,0.349488,0.427366,0.000000,0.000000,0.457981,0.443918,0.484313,0.000000,0.493021,0.000000,0.000000,0.000000,0.000000,0.000000,0.326672,0.639055,0.000000,0.000000,0.000000,0.000000,0.000000,0.674817,0.000000,0.000000,0.000000,0.433545,0.462575,0.000000,0.000000,0.487624,0.000000,0.652632,0.000000,0.638997,0.000000,0.583636,0.319572,0.000000,0.000000,0.650280,0.000000,0.000000,0.000000,0.000000,0.000000,0.000000,0.000000,0.567919,0.000000
0.000000,0.000000,0.496667,0.477172,0.474516,0.000000,0.000000,0.483506,0.454085,0.000000,0.580398,0.000000,0.000000,0.000000,0.365291,0.000000,0.447792,0.000000,0.000000,0.000000,0.476185,0.000000,0.470329,0.000000,0.465175,0.000000,0.456168,0.432865,0.373836,0.000000,0.481460,0.466766,0.000000,0.000000,0.000000,0.000000,0.000000,0.000000,0.389116,0.428690,0.278689,0.000000,0.000000,0.000000,0.410153,0.000000,0.313027,0.000000,0.000000,0.000000,0.000000,0.000000,0.000000,0.453904,0.377677,0.402997,0.436812,0.000000,0.000000,0.000000,0.000000,0.000000,0.472336,0.000000,0.469845,0.000000,0.425109,0.000000,0.000000,0.000000,0.442605,0.000000,0.437099,0.000000,0.445740,0.000000,0.370889,0.000000,0.347436,0.000000,0.366225,0.000000,0.323296,0.000000,0.351051,0.000000,0.000000,0.000000,0.331548,0.000000
0.476672,0.000000,0.000000,0.000000,0.000000,0.000000,0.513548,0.000000,0.000000,0.000000,0.000000,0.000000,0.000000,0.000000,0.000000,0.000000,0.521161,0.000000,0.509576,0.000000,0.000000,0.414531,0.000000,0.000000,0.000000,0.000000,0.000000,0.000000,0.549322,0.311515,0.000000,0.000000,0.000000,0.000000,0.000000,0.000000,0.000000,0.000000,0.000000,0.290342,0.000000,0.343607,0.000000,0.000000,0.000000,0.000000,0.395343,0.264432,0.000000,0.000000,0.000000,0.000000,0.000000,0.000000,0.000000,0.304325,0.639739,0.000000,0.000000,0.000000,0.000000,0.000000,0.000000,0.000000,0.000000,0.000000,0.000000,0.292676,0.000000,0.000000,0.358253,0.429315,0.601771,0.251119,0.000000,0.000000,0.000000,0.224329,0.000000,0.269884,0.000000,0.261601,0.000000,0.385503,0.000000,0.000000,0.000000,0.000000,0.570270,0.000000
0.000000,0.000000,0.450548,0.461467,0.310254,0.000000,0.000000,0.468051,0.519890,0.000000,0.000000,0.000000,0.000000,0.000000,0.313865,0.000000,0.433566,0.000000,0.000000,0.000000,0.346465,0.000000,0.453855,0.000000,0.495325,0.000000,0.483212,0.000000,0.426540,0.000000,0.500205,0.482416,0.000000,0.000000,0.000000,0.000000,0.389116,0.000000,0.000000,0.000000,0.249278,0.000000,0.000000,0.000000,0.000000,0.000000,0.355330,0.000000,0.000000,0.000000,0.000000,0.000000,0.000000,0.000000,0.462569,0.445429,0.430661,0.000000,0.000000,0.000000,0.000000,0.000000,0.000000,0.000000,0.442015,0.000000,0.000000,0.000000,0.000000,0.000000,0.000000,0.000000,0.481406,0.000000,0.000000,0.000000,0.000000,0.000000,0.000000,0.000000,0.453369,0.453599,0.279770,0.000000,0.413236,0.000000,0.000000,0.000000,0.000000,0.000000
0.463688,0.000000,0.000000,0.000000,0.000000,0.000000,0.000000,0.000000,0.000000,0.000000,0.000000,0.000000,0.000000,0.000000,0.000000,0.000000,0.000000,0.000000,0.000000,0.000000,0.000000,0.389207,0.000000,0.000000,0.000000,0.000000,0.000000,0.416891,0.579930,0.377416,0.000000,0.508456,0.472748,0.000000,0.000000,0.000000,0.428690,0.290342,0.000000,0.000000,0.000000,0.284507,0.377787,0.223161,0.000000,0.396568,0.398489,0.288446,0.000000,0.000000,0.000000,0.000000,0.000000,0.000000,0.000000,0.278069,0.539806,0.000000,0.000000,0.000000,0.000000,0.000000,0.626279,0.000000,0.000000,0.000000,0.000000,0.254285,0.000000,0.000000,0.398237,0.000000,0.574312,0.000000,0.554601,0.000000,0.000000,0.000000,0.000000,0.321972,0.601478,0.333725,0.000000,0.000000,0.000000,0.000000,0.000000,0.000000,0.558261,0.000000
0.000000,0.000000,0.000000,0.459268,0.000000,0.000000,0.000000,0.000000,0.000000,0.000000,0.000000,0.000000,0.000000,0.000000,0.279283,0.000000,0.000000,0.000000,0.000000,0.000000,0.381937,0.000000,0.000000,0.000000,0.383585,0.000000,0.380670,0.000000,0.284814,0.000000,0.000000,0.448785,0.000000,0.000000,0.000000,0.000000,0.278689,0.000000,0.249278,0.000000,0.000000,0.000000,0.000000,0.000000,0.000000,0.000000,0.000000,0.000000,0.000000,0.000000,0.000000,0.000000,0.000000,0.000000,0.000000,0.000000,0.000000,0.000000,0.000000,0.000000,0.000000,0.000000,0.000000,0.000000,0.000000,0.000000,0.000000,0.000000,0.000000,0.000000,0.000000,0.000000,0.387188,0.000000,0.314105,0.000000,0.000000,0.000000,0.314279,0.000000,0.335973,0.000000,0.253784,0.000000,0.000000,0.000000,0.248841,0.000000,0.000000,0.000000
0.000000,0.000000,0.000000,0.000000,0.000000,0.000000,0.000000,0.000000,0.000000,0.000000,0.000000,0.000000,0.000000,0.000000,0.000000,0.000000,0.000000,0.000000,0.000000,0.000000,0.000000,0.299827,0.000000,0.000000,0.000000,0.000000,0.000000,0.000000,0.545134,0.412941,0.000000,0.000000,0.000000,0.000000,0.000000,0.349488,0.000000,0.343607,0.000000,0.284507,0.000000,0.000000,0.392395,0.000000,0.000000,0.000000,0.398634,0.409601,0.000000,0.000000,0.000000,0.000000,0.000000,0.000000,0.000000,0.371415,0.000000,0.000000,0.000000,0.000000,0.000000,0.000000,0.000000,0.000000,0.000000,0.000000,0.000000,0.000000,0.000000,0.000000,0.000000,0.000000,0.000000,0.000000,0.398168,0.000000,0.000000,0.000000,0.000000,0.000000,0.000000,0.000000,0.000000,0.278638,0.000000,0.000000,0.000000,0.000000,0.000000,0.000000
0.000000,0.000000,0.000000,0.000000,0.000000,0.000000,0.000000,0.000000,0.000000,0.000000,0.000000,0.000000,0.000000,0.000000,0.000000,0.000000,0.697305,0.000000,0.000000,0.000000,0.000000,0.000000,0.000000,0.000000,0.000000,0.000000,0.000000,0.000000,0.640862,0.000000,0.000000,0.553484,0.000000,0.576724,0.000000,0.427366,0.000000,0.000000,0.000000,0.377787,0.000000,0.392395,0.000000,0.309721,0.352148,0.351998,0.321858,0.435420,0.349265,0.000000,0.420268,0.000000,0.000000,0.433523,0.403463,0.392787,0.000000,0.000000,0.000000,0.000000,0.000000,0.000000,0.753444,0.000000,0.496907,0.000000,0.379797,0.403053,0.000000,0.000000,0.000000,0.000000,0.560824,0.000000,0.000000,0.000000,0.428083,0.000000,0.543959,0.000000,0.752029,0.000000,0.000000,0.000000,0.708584,0.413381,0.000000,0.000000,0.000000,0.434848
0.000000,0.000000,0.000000,0.000000,0.000000,0.000000,0.534376,0.000000,0.000000,0.000000,0.555032,0.000000,0.519089,0.000000,0.502493,0.000000,0.536148,0.000000,0.000000,0.000000,0.000000,0.000000,0.493199,0.000000,0.000000,0.000000,0.000000,0.000000,0.577956,0.000000,0.508175,0.000000,0.361650,0.502048,0.000000,0.000000,0.000000,0.000000,0.000000,0.223161,0.000000,0.000000,0.309721,0.000000,0.413424,0.424499,0.318010,0.355626,0.000000,0.424457,0.000000,0.383211,0.000000,0.411316,0.000000,0.387279,0.584235,0.000000,0.000000,0.000000,0.000000,0.000000,0.659112,0.000000,0.000000,0.000000,0.422069,0.390854,0.000000,0.000000,0.523563,0.000000,0.584090,0.000000,0.609264,0.000000,0.511029,0.000000,0.000000,0.000000,0.605578,0.000000,0.000000,0.000000,0.567265,0.000000,0.000000,0.000000,0.579729,0.391799
0.000000,0.000000,0.000000,0.000000,0.000000,0.000000,0.000000,0.000000,0.000000,0.000000,0.000000,0.000000,0.000000,0.000000,0.000000,0.000000,0.645962,0.000000,0.000000,0.000000,0.000000,0.000000,0.000000,0.000000,0.000000,0.000000,0.000000,0.000000,0.628846,0.000000,0.000000,0.550901,0.000000,0.000000,0.000000,0.000000,0.410153,0.000000,0.000000,0.000000,0.000000,0.000000,0.352148,0.413424,0.000000,0.300288,0.394707,0.462174,0.333365,0.339275,0.467683,0.430164,0.000000,0.453933,0.000000,0.472417,0.000000,0.000000,0.269558,0.000000,0.446109,0.000000,0.000000,0.000000,0.420711,0.416070,0.420769,0.388374,0.000000,0.000000,0.000000,0.000000,0.604305,0.000000,0.000000,0.000000,0.436038,0.000000,0.000000,0.000000,0.737933,0.000000,0.000000,0.000000,0.693554,0.000000,0.000000,0.000000,0.000000,0.000000
0.000000,0.000000,0.000000,0.000000,0.000000,0.000000,0.000000,0.000000,0.000000,0.000000,0.000000,0.000000,0.000000,0.000000,0.000000,0.000000,0.000000,0.000000,0.000000,0.000000,0.000000,0.000000,0.000000,0.000000,0.000000,0.000000,0.000000,0.000000,0.000000,0.000000,0.000000,0.000000,0.452832,0.000000,0.000000,0.457981,0.000000,0.000000,0.000000,0.396568,0.000000,0.000000,0.351998,0.424499,0.300288,0.000000,0.372506,0.429621,0.313374,0.378898,0.000000,0.424321,0.000000,0.458342,0.000000,0.418876,0.000000,0.000000,0.000000,0.421018,0.000000,0.000000,0.000000,0.000000,0.000000,0.418842,0.364841,0.413936,0.000000,0.000000,0.000000,0.000000,0.000000,0.000000,0.000000,0.000000,0.493375,0.000000,0.000000,0.000000,0.000000,0.000000,0.000000,0.000000,0.000000,0.464434,0.000000,0.000000,0.000000,0.401215
0.000000,0.000000,0.000000,0.000000,0.000000,0.000000,0.000000,0.000000,0.000000,0.000000,0.000000,0.000000,0.000000,0.000000,0.000000,0.000000,0.650099,0.387344,0.000000,0.000000,0.000000,0.000000,0.000000,0.000000,0.000000,0.000000,0.000000,0.000000,0.639507,0.000000,0.000000,0.547763,0.000000,0.551674,0.000000,0.443918,0.313027,0.395343,0.355330,0.398489,0.000000,0.398634,0.321858,0.318010,0.394707,0.372506,0.000000,0.444425,0.400166,0.000000,0.445544,0.000000,0.346275,0.000000,0.379612,0.427470,0.724721,0.000000,0.000000,0.000000,0.000000,0.000000,0.711536,0.000000,0.389780,0.000000,0.446839,0.403963,0.000000,0.000000,0.000000,0.000000,0.638875,0.000000,0.000000,0.000000,0.352621,0.000000,0.000000,0.000000,0.650062,0.428151,0.000000,0.000000,0.000000,0.427218,0.000000,0.000000,0.000000,0.444721
0.000000,0.000000,0.000000,0.000000,0.000000,0.000000,0.000000,0.541023,0.000000,0.000000,0.000000,0.000000,0.000000,0.000000,0.000000,0.000000,0.663293,0.000000,0.000000,0.000000,0.000000,0.000000,0.000000,0.000000,0.000000,0.000000,0.000000,0.000000,0.625212,0.000000,0.000000,0.540285,0.415638,0.000000,0.241471,0.484313,0.000000,0.264432,0.000000,0.288446,0.000000,0.409601,0.435420,0.355626,0.462174,0.429621,0.444425,0.000000,0.438773,0.449614,0.000000,0.000000,0.000000,0.337691,0.462779,0.367299,0.000000,0.000000,0.000000,0.000000,0.000000,0.000000,0.697055,0.000000,0.407796,0.000000,0.451558,0.425795,0.000000,0.000000,0.000000,0.000000,0.635895,0.000000,0.000000,0.000000,0.409335,0.319727,0.000000,0.000000,0.701969,0.418353,0.000000,0.353439,0.658696,0.000000,0.000000,0.000000,0.000000,0.383312
0.000000,0.000000,0.000000,0.000000,0.000000,0.000000,0.000000,0.000000,0.000000,0.000000,0.000000,0.000000,0.000000,0.000000,0.000000,0.000000,0.555126,0.000000,0.000000,0.000000,0.000000,0.000000,0.000000,0.000000,0.000000,0.000000,0.000000,0.000000,0.000000,0.000000,0.000000,0.000000,0.372250,0.000000,0.000000,0.000000,0.000000,0.000000,0.000000,0.000000,0.000000,0.000000,0.349265,0.000000,0.333365,0.313374,0.400166,0.438773,0.000000,0.000000,0.415635,0.000000,0.000000,0.434673,0.000000,0.439774,0.000000,0.000000,0.404076,0.000000,0.396229,0.000000,0.565386,0.000000,0.474563,0.000000,0.304437,0.000000,0.000000,0.000000,0.000000,0.000000,0.497154,0.000000,0.000000,0.000000,0.503773,0.000000,0.550120,0.000000,0.608339,0.000000,0.000000,0.000000,0.595582,0.000000,0.000000,0.000000,0.000000,0.000000
