0.000000,0.000000,0.347426,0.000000,0.000000,0.000000,0.400474,0.000000,0.000000,0.000000,0.437239,0.000000,0.434134,0.000000,0.000000,0.000000,0.310356,0.000000,0.446435,0.000000,0.000000,0.000000,0.000000,0.000000,0.000000,0.000000,0.000000,0.000000,0.000000,0.000000,0.000000,0.000000,0.000000,0.000000,0.000000,0.000000,0.000000,0.000000,0.000000,0.000000,0.000000,0.000000,0.000000,0.000000,0.000000,0.000000,0.000000,0.000000,0.000000,0.000000,0.000000,0.000000,0.000000,0.000000,0.000000,0.000000,0.455138,0.000000,0.000000,0.000000,0.454028,0.000000,0.000000,0.000000,0.456160,0.000000,0.000000,0.000000,0.000000,0.000000,0.000000,0.000000,0.432127,0.000000,0.000000,0.000000,0.000000,0.000000,0.000000,0.000000,0.000000,0.000000,0.000000,0.000000,0.491827,0.000000,0.000000,0.000000,0.467495,0.000000
0.000000,0.000000,0.000000,0.356351,0.000000,0.000000,0.000000,0.400884,0.000000,0.000000,0.000000,0.408523,0.000000,0.443767,0.000000,0.000000,0.000000,0.397401,0.000000,0.414140,0.000000,0.000000,0.000000,0.000000,0.000000,0.000000,0.000000,0.000000,0.000000,0.000000,0.000000,0.000000,0.000000,0.000000,0.000000,0.000000,0.000000,0.000000,0.000000,0.000000,0.000000,0.000000,0.000000,0.000000,0.000000,0.000000,0.000000,0.000000,0.000000,0.000000,0.000000,0.451475,0.000000,0.000000,0.000000,0.000000,0.000000,0.336313,0.000000,0.416163,0.000000,0.434745,0.000000,0.437827,0.000000,0.445455,0.000000,0.000000,0.000000,0.000000,0.000000,0.000000,0.000000,0.382027,0.000000,0.000000,0.000000,0.000000,0.000000,0.000000,0.000000,0.472923,0.000000,0.000000,0.000000,0.478399,0.000000,0.000000,0.000000,0.428008
0.347426,0.000000,0.000000,0.531213,0.000000,0.000000,0.368760,0.000000,0.386998,0.000000,0.416849,0.000000,0.384821,0.000000,0.000000,0.000000,0.000000,0.000000,0.355142,0.000000,0.000000,0.000000,0.341129,0.547249,0.000000,0.000000,0.000000,0.000000,0.000000,0.000000,0.000000,0.522553,0.000000,0.000000,0.000000,0.000000,0.000000,0.000000,0.000000,0.000000,0.000000,0.000000,0.000000,0.000000,0.000000,0.000000,0.000000,0.000000,0.000000,0.000000,0.000000,0.000000,0.000000,0.000000,0.000000,0.000000,0.000000,0.000000,0.000000,0.000000,0.000000,0.000000,0.000000,0.000000,0.000000,0.000000,0.000000,0.000000,0.000000,0.000000,0.381715,0.000000,0.385882,0.000000,0.380157,0.000000,0.402280,0.000000,0.000000,0.000000,0.000000,0.000000,0.000000,0.000000,0.000000,0.000000,0.000000,0.000000,0.000000,0.000000
0.000000,0.356351,0.531213,0.000000,0.000000,0.337604,0.000000,0.350108,0.000000,0.000000,0.000000,0.410798,0.455285,0.000000,0.000000,0.000000,0.000000,0.419290,0.000000,0.359458,0.000000,0.000000,0.536677,0.353135,0.534539,0.291263,0.000000,0.000000,0.000000,0.000000,0.000000,0.277097,0.000000,0.257878,0.000000,0.000000,0.000000,0.377439,0.000000,0.000000,0.000000,0.000000,0.000000,0.000000,0.000000,0.000000,0.000000,0.000000,0.000000,0.000000,0.000000,0.000000,0.000000,0.000000,0.000000,0.000000,0.000000,0.000000,0.000000,0.000000,0.000000,0.000000,0.000000,0.000000,0.000000,0.000000,0.000000,0.000000,0.000000,0.000000,0.000000,0.000000,0.000000,0.000000,0.000000,0.000000,0.000000,0.390982,0.000000,0.000000,0.000000,0.000000,0.000000,0.413244,0.000000,0.000000,0.000000,0.000000,0.000000,0.000000
0.000000,0.000000,0.000000,0.000000,0.000000,0.575353,0.399682,0.000000,0.318862,0.000000,0.000000,0.000000,0.000000,0.000000,0.395342,0.000000,0.000000,0.000000,0.000000,0.000000,0.308409,0.000000,0.000000,0.000000,0.318562,0.584976,0.329838,0.592534,0.337061,0.000000,0.372247,0.494330,0.000000,0.000000,0.000000,0.000000,0.510423,0.536384,0.516594,0.000000,0.000000,0.000000,0.496284,0.000000,0.485585,0.000000,0.499214,0.000000,0.446702,0.000000,0.000000,0.000000,0.502468,0.000000,0.501496,0.000000,0.000000,0.000000,0.000000,0.000000,0.000000,0.000000,0.000000,0.000000,0.000000,0.000000,0.000000,0.000000,0.000000,0.000000,0.449734,0.000000,0.414535,0.000000,0.409479,0.000000,0.000000,0.000000,0.000000,0.000000,0.000000,0.000000,0.471558,0.000000,0.000000,0.000000,0.497626,0.000000,0.000000,0.000000
0.000000,0.000000,0.000000,0.337604,0.575353,0.000000,0.000000,0.339725,0.000000,0.346121,0.000000,0.000000,0.000000,0.000000,0.482734,0.327597,0.000000,0.000000,0.000000,0.000000,0.487085,0.377266,0.000000,0.379318,0.557417,0.317103,0.582105,0.333298,0.000000,0.000000,0.000000,0.419968,0.000000,0.000000,0.000000,0.000000,0.443370,0.416419,0.000000,0.453122,0.000000,0.400136,0.000000,0.429262,0.000000,0.000000,0.000000,0.474920,0.000000,0.000000,0.000000,0.000000,0.000000,0.000000,0.000000,0.480957,0.000000,0.000000,0.000000,0.000000,0.000000,0.000000,0.000000,0.000000,0.000000,0.000000,0.000000,0.000000,0.000000,0.000000,0.453462,0.421567,0.000000,0.401919,0.000000,0.394102,0.000000,0.000000,0.000000,0.000000,0.000000,0.000000,0.000000,0.449505,0.000000,0.000000,0.000000,0.438075,0.000000,0.000000
0.400474,0.000000,0.368760,0.000000,0.399682,0.000000,0.000000,0.000000,0.373499,0.000000,0.380366,0.000000,0.412227,0.000000,0.310081,0.000000,0.000000,0.000000,0.000000,0.000000,0.000000,0.000000,0.344783,0.000000,0.000000,0.000000,0.000000,0.000000,0.000000,0.000000,0.000000,0.000000,0.000000,0.000000,0.000000,0.000000,0.000000,0.000000,0.000000,0.000000,0.000000,0.000000,0.000000,0.000000,0.000000,0.000000,0.000000,0.000000,0.000000,0.000000,0.000000,0.000000,0.000000,0.000000,0.000000,0.000000,0.000000,0.000000,0.000000,0.000000,0.000000,0.000000,0.000000,0.000000,0.000000,0.000000,0.000000,0.000000,0.000000,0.000000,0.000000,0.000000,0.000000,0.000000,0.000000,0.000000,0.000000,0.000000,0.000000,0.000000,0.000000,0.000000,0.000000,0.000000,0.000000,0.000000,0.000000,0.000000,0.000000,0.000000
0.000000,0.400884,0.000000,0.350108,0.000000,0.339725,0.000000,0.000000,0.000000,0.000000,0.000000,0.335914,0.000000,0.374816,0.000000,0.000000,0.000000,0.000000,0.000000,0.365555,0.000000,0.000000,0.000000,0.374800,0.000000,0.000000,0.000000,0.000000,0.000000,0.000000,0.000000,0.000000,0.000000,0.000000,0.000000,0.000000,0.000000,0.000000,0.000000,0.000000,0.000000,0.000000,0.000000,0.000000,0.000000,0.000000,0.000000,0.000000,0.000000,0.000000,0.000000,0.417950,0.000000,0.000000,0.000000,0.000000,0.000000,0.395892,0.000000,0.000000,0.000000,0.000000,0.000000,0.000000,0.000000,0.415641,0.000000,0.000000,0.000000,0.000000,0.000000,0.000000,0.000000,0.000000,0.000000,0.000000,0.000000,0.000000,0.000000,0.000000,0.000000,0.000000,0.000000,0.000000,0.000000,0.416483,0.000000,0.000000,0.000000,0.000000
0.000000,0.000000,0.386998,0.000000,0.318862,0.000000,0.373499,0.000000,0.000000,0.000000,0.000000,0.000000,0.287915,0.472662,0.343710,0.000000,0.000000,0.000000,0.000000,0.000000,0.000000,0.000000,0.373434,0.000000,0.000000,0.000000,0.000000,0.000000,0.390392,0.000000,0.000000,0.000000,0.000000,0.000000,0.000000,0.000000,0.515913,0.000000,0.522204,0.000000,0.000000,0.528476,0.499625,0.000000,0.000000,0.000000,0.495239,0.517190,0.460597,0.000000,0.000000,0.000000,0.507335,0.000000,0.517257,0.000000,0.000000,0.000000,0.000000,0.000000,0.000000,0.000000,0.000000,0.000000,0.000000,0.000000,0.000000,0.000000,0.000000,0.000000,0.000000,0.000000,0.416028,0.000000,0.381037,0.000000,0.000000,0.000000,0.000000,0.000000,0.000000,0.000000,0.442084,0.000000,0.000000,0.000000,0.000000,0.000000,0.000000,0.000000
0.000000,0.000000,0.000000,0.000000,0.000000,0.346121,0.000000,0.000000,0.000000,0.000000,0.000000,0.000000,0.000000,0.000000,0.000000,0.341568,0.000000,0.000000,0.000000,0.000000,0.000000,0.000000,0.000000,0.000000,0.000000,0.000000,0.000000,0.000000,0.000000,0.000000,0.000000,0.000000,0.000000,0.000000,0.000000,0.000000,0.000000,0.460099,0.000000,0.460936,0.000000,0.000000,0.000000,0.448239,0.000000,0.000000,0.000000,0.470814,0.000000,0.000000,0.000000,0.000000,0.000000,0.000000,0.000000,0.482259,0.000000,0.000000,0.000000,0.000000,0.000000,0.000000,0.000000,0.000000,0.000000,0.000000,0.000000,0.000000,0.000000,0.000000,0.000000,0.000000,0.000000,0.396739,0.000000,0.366345,0.000000,0.000000,0.000000,0.000000,0.000000,0.000000,0.000000,0.457859,0.000000,0.000000,0.000000,0.448335,0.000000,0.000000
0.437239,0.000000,0.416849,0.000000,0.000000,0.000000,0.380366,0.000000,0.000000,0.000000,0.000000,0.000000,0.335609,0.000000,0.000000,0.000000,0.384395,0.000000,0.455747,0.000000,0.000000,0.000000,0.000000,0.000000,0.000000,0.000000,0.000000,0.000000,0.346249,0.000000,0.000000,0.000000,0.000000,0.000000,0.000000,0.000000,0.000000,0.000000,0.000000,0.000000,0.000000,0.000000,0.000000,0.000000,0.000000,0.000000,0.000000,0.000000,0.000000,0.000000,0.000000,0.000000,0.000000,0.000000,0.000000,0.000000,0.451584,0.000000,0.000000,0.000000,0.000000,0.000000,0.000000,0.000000,0.000000,0.000000,0.000000,0.000000,0.000000,0.000000,0.000000,0.000000,0.000000,0.000000,0.000000,0.000000,0.000000,0.000000,0.000000,0.000000,0.000000,0.000000,0.000000,0.000000,0.000000,0.000000,0.000000,0.000000,0.000000,0.000000
0.000000,0.408523,0.000000,0.410798,0.000000,0.000000,0.000000,0.335914,0.000000,0.000000,0.000000,0.000000,0.000000,0.292604,0.000000,0.000000,0.000000,0.367291,0.000000,0.412796,0.000000,0.000000,0.000000,0.398960,0.000000,0.000000,0.000000,0.000000,0.000000,0.363333,0.000000,0.000000,0.000000,0.000000,0.000000,0.000000,0.000000,0.000000,0.000000,0.000000,0.000000,0.000000,0.000000,0.000000,0.000000,0.000000,0.000000,0.000000,0.000000,0.000000,0.000000,0.000000,0.000000,0.000000,0.000000,0.000000,0.000000,0.000000,0.000000,0.000000,0.000000,0.000000,0.000000,0.000000,0.000000,0.000000,0.000000,0.000000,0.000000,0.000000,0.000000,0.000000,0.000000,0.346065,0.000000,0.000000,0.464699,0.000000,0.000000,0.000000,0.000000,0.000000,0.000000,0.362906,0.000000,0.407194,0.000000,0.000000,0.000000,0.000000
0.434134,0.000000,0.384821,0.455285,0.000000,0.000000,0.412227,0.000000,0.287915,0.000000,0.335609,0.000000,0.000000,0.000000,0.336725,0.000000,0.000000,0.000000,0.413643,0.000000,0.000000,0.000000,0.372783,0.000000,0.000000,0.000000,0.000000,0.000000,0.385327,0.000000,0.000000,0.000000,0.000000,0.000000,0.000000,0.000000,0.000000,0.000000,0.000000,0.000000,0.000000,0.000000,0.522984,0.000000,0.000000,0.000000,0.512123,0.000000,0.000000,0.000000,0.000000,0.000000,0.511234,0.000000,0.000000,0.000000,0.000000,0.000000,0.000000,0.000000,0.000000,0.000000,0.000000,0.000000,0.000000,0.000000,0.000000,0.000000,0.000000,0.000000,0.000000,0.000000,0.408454,0.000000,0.423782,0.000000,0.424347,0.000000,0.000000,0.000000,0.000000,0.000000,0.449554,0.000000,0.000000,0.000000,0.000000,0.000000,0.000000,0.000000
0.000000,0.443767,0.000000,0.000000,0.000000,0.000000,0.000000,0.374816,0.472662,0.000000,0.000000,0.292604,0.000000,0.000000,0.481424,0.295992,0.000000,0.000000,0.000000,0.000000,0.000000,0.000000,0.000000,0.000000,0.000000,0.000000,0.000000,0.000000,0.495150,0.366636,0.000000,0.000000,0.000000,0.000000,0.000000,0.455606,0.000000,0.449947,0.000000,0.000000,0.000000,0.000000,0.000000,0.452299,0.000000,0.453871,0.000000,0.441101,0.000000,0.000000,0.000000,0.000000,0.000000,0.000000,0.000000,0.000000,0.000000,0.000000,0.000000,0.437169,0.000000,0.000000,0.000000,0.000000,0.000000,0.000000,0.469158,0.438591,0.000000,0.000000,0.000000,0.000000,0.497228,0.392251,0.503069,0.399044,0.000000,0.424888,0.000000,0.000000,0.513807,0.000000,0.000000,0.000000,0.508509,0.000000,0.000000,0.000000,0.000000,0.000000
0.000000,0.000000,0.000000,0.000000,0.395342,0.482734,0.310081,0.000000,0.343710,0.000000,0.000000,0.000000,0.336725,0.481424,0.000000,0.000000,0.000000,0.000000,0.000000,0.000000,0.343037,0.379333,0.362511,0.000000,0.000000,0.000000,0.392754,0.000000,0.375833,0.476949,0.424171,0.000000,0.000000,0.000000,0.000000,0.000000,0.520213,0.000000,0.520844,0.000000,0.347522,0.000000,0.475055,0.000000,0.000000,0.000000,0.498570,0.000000,0.451345,0.000000,0.000000,0.000000,0.504326,0.000000,0.000000,0.000000,0.000000,0.000000,0.000000,0.000000,0.000000,0.000000,0.000000,0.000000,0.000000,0.000000,0.000000,0.000000,0.000000,0.000000,0.000000,0.000000,0.373657,0.000000,0.000000,0.000000,0.000000,0.000000,0.000000,0.000000,0.000000,0.000000,0.439950,0.438608,0.000000,0.000000,0.000000,0.000000,0.000000,0.000000
0.000000,0.000000,0.000000,0.000000,0.000000,0.327597,0.000000,0.000000,0.000000,0.341568,0.000000,0.000000,0.000000,0.295992,0.000000,0.000000,0.000000,0.000000,0.000000,0.000000,0.514937,0.292993,0.000000,0.000000,0.000000,0.364817,0.380305,0.376072,0.533090,0.325765,0.000000,0.000000,0.000000,0.000000,0.000000,0.459959,0.000000,0.476345,0.000000,0.000000,0.000000,0.000000,0.000000,0.474879,0.000000,0.460073,0.000000,0.486136,0.000000,0.000000,0.000000,0.000000,0.000000,0.000000,0.000000,0.487462,0.000000,0.000000,0.000000,0.431505,0.000000,0.000000,0.000000,0.000000,0.000000,0.000000,0.000000,0.467896,0.000000,0.000000,0.000000,0.000000,0.000000,0.411238,0.000000,0.000000,0.000000,0.000000,0.000000,0.000000,0.527772,0.000000,0.000000,0.325008,0.504235,0.000000,0.000000,0.000000,0.000000,0.000000
0.310356,0.000000,0.000000,0.000000,0.000000,0.000000,0.000000,0.000000,0.000000,0.000000,0.384395,0.000000,0.000000,0.000000,0.000000,0.000000,0.000000,0.000000,0.000000,0.000000,0.000000,0.000000,0.000000,0.000000,0.000000,0.000000,0.000000,0.000000,0.387969,0.000000,0.000000,0.000000,0.000000,0.000000,0.000000,0.000000,0.000000,0.000000,0.000000,0.000000,0.000000,0.000000,0.000000,0.000000,0.000000,0.000000,0.000000,0.000000,0.000000,0.000000,0.000000,0.000000,0.000000,0.000000,0.000000,0.000000,0.411637,0.000000,0.000000,0.000000,0.000000,0.000000,0.382165,0.000000,0.000000,0.000000,0.000000,0.000000,0.000000,0.000000,0.000000,0.000000,0.321177,0.000000,0.000000,0.000000,0.000000,0.000000,0.285659,0.000000,0.398086,0.000000,0.243552,0.000000,0.442310,0.000000,0.000000,0.000000,0.000000,0.000000
0.000000,0.397401,0.000000,0.419290,0.000000,0.000000,0.000000,0.000000,0.000000,0.000000,0.000000,0.367291,0.000000,0.000000,0.000000,0.000000,0.000000,0.000000,0.000000,0.421308,0.000000,0.000000,0.000000,0.000000,0.000000,0.000000,0.000000,0.000000,0.000000,0.341463,0.000000,0.000000,0.000000,0.000000,0.000000,0.000000,0.000000,0.000000,0.000000,0.000000,0.000000,0.000000,0.000000,0.000000,0.000000,0.000000,0.000000,0.000000,0.000000,0.000000,0.000000,0.000000,0.000000,0.000000,0.000000,0.000000,0.000000,0.321370,0.000000,0.000000,0.000000,0.000000,0.000000,0.402301,0.000000,0.000000,0.000000,0.000000,0.000000,0.000000,0.000000,0.000000,0.000000,0.338065,0.000000,0.000000,0.000000,0.000000,0.000000,0.297607,0.000000,0.382176,0.000000,0.410592,0.000000,0.440621,0.000000,0.000000,0.000000,0.000000
0.446435,0.000000,0.355142,0.000000,0.000000,0.000000,0.000000,0.000000,0.000000,0.000000,0.455747,0.000000,0.413643,0.000000,0.000000,0.000000,0.000000,0.000000,0.000000,0.482000,0.000000,0.000000,0.344634,0.000000,0.000000,0.000000,0.000000,0.000000,0.422870,0.000000,0.000000,0.000000,0.360186,0.497124,0.000000,0.000000,0.000000,0.000000,0.000000,0.000000,0.000000,0.000000,0.000000,0.000000,0.000000,0.000000,0.000000,0.000000,0.000000,0.000000,0.000000,0.000000,0.000000,0.000000,0.000000,0.000000,0.000000,0.000000,0.000000,0.000000,0.000000,0.000000,0.000000,0.000000,0.000000,0.000000,0.415745,0.000000,0.322582,0.442837,0.000000,0.000000,0.416680,0.000000,0.000000,0.000000,0.000000,0.000000,0.000000,0.000000,0.000000,0.000000,0.000000,0.000000,0.000000,0.000000,0.000000,0.000000,0.000000,0.000000
0.000000,0.414140,0.000000,0.359458,0.000000,0.000000,0.000000,0.365555,0.000000,0.000000,0.000000,0.412796,0.000000,0.000000,0.000000,0.000000,0.000000,0.421308,0.482000,0.000000,0.000000,0.000000,0.501132,0.408245,0.000000,0.000000,0.000000,0.000000,0.000000,0.000000,0.467616,0.348939,0.503572,0.348627,0.000000,0.000000,0.000000,0.000000,0.000000,0.000000,0.000000,0.000000,0.000000,0.000000,0.000000,0.000000,0.000000,0.000000,0.000000,0.000000,0.000000,0.000000,0.000000,0.000000,0.000000,0.000000,0.000000,0.000000,0.000000,0.000000,0.000000,0.000000,0.000000,0.000000,0.000000,0.000000,0.000000,0.403815,0.521411,0.366118,0.000000,0.000000,0.528241,0.392940,0.000000,0.421732,0.526969,0.428845,0.000000,0.000000,0.000000,0.000000,0.000000,0.000000,0.000000,0.000000,0.000000,0.000000,0.000000,0.000000
0.000000,0.000000,0.000000,0.000000,0.308409,0.487085,0.000000,0.000000,0.000000,0.000000,0.000000,0.000000,0.000000,0.000000,0.343037,0.514937,0.000000,0.000000,0.000000,0.000000,0.000000,0.447842,0.000000,0.435566,0.307264,0.496686,0.329251,0.522971,0.000000,0.000000,0.398137,0.469091,0.000000,0.000000,0.000000,0.000000,0.000000,0.000000,0.000000,0.000000,0.345026,0.000000,0.000000,0.000000,0.000000,0.000000,0.000000,0.000000,0.000000,0.000000,0.000000,0.000000,0.488999,0.000000,0.000000,0.000000,0.000000,0.000000,0.000000,0.000000,0.000000,0.000000,0.000000,0.000000,0.000000,0.000000,0.000000,0.000000,0.000000,0.000000,0.275162,0.000000,0.000000,0.000000,0.000000,0.000000,0.000000,0.000000,0.000000,0.000000,0.000000,0.000000,0.359172,0.410066,0.000000,0.000000,0.000000,0.000000,0.000000,0.000000
0.000000,0.000000,0.000000,0.000000,0.000000,0.377266,0.000000,0.000000,0.000000,0.000000,0.000000,0.000000,0.000000,0.000000,0.379333,0.292993,0.000000,0.000000,0.000000,0.000000,0.447842,0.000000,0.000000,0.000000,0.000000,0.351645,0.414590,0.296113,0.000000,0.261543,0.415904,0.382926,0.000000,0.000000,0.000000,0.000000,0.000000,0.000000,0.000000,0.000000,0.000000,0.000000,0.000000,0.000000,0.000000,0.000000,0.000000,0.000000,0.000000,0.000000,0.000000,0.000000,0.000000,0.000000,0.000000,0.000000,0.000000,0.000000,0.000000,0.000000,0.000000,0.000000,0.000000,0.000000,0.000000,0.000000,0.000000,0.000000,0.000000,0.000000,0.259453,0.298006,0.000000,0.315022,0.000000,0.000000,0.000000,0.000000,0.000000,0.000000,0.000000,0.000000,0.000000,0.388827,0.000000,0.000000,0.000000,0.000000,0.000000,0.000000
0.000000,0.000000,0.341129,0.536677,0.000000,0.000000,0.344783,0.000000,0.373434,0.000000,0.000000,0.000000,0.372783,0.000000,0.362511,0.000000,0.000000,0.000000,0.344634,0.501132,0.000000,0.000000,0.000000,0.527798,0.312910,0.457182,0.000000,0.000000,0.374281,0.000000,0.397061,0.525345,0.303897,0.000000,0.512437,0.000000,0.000000,0.000000,0.000000,0.000000,0.000000,0.000000,0.000000,0.000000,0.000000,0.000000,0.492344,0.000000,0.000000,0.000000,0.000000,0.000000,0.000000,0.000000,0.000000,0.000000,0.000000,0.000000,0.000000,0.000000,0.000000,0.000000,0.000000,0.000000,0.000000,0.000000,0.494434,0.000000,0.000000,0.000000,0.000000,0.460605,0.395430,0.000000,0.413297,0.000000,0.387070,0.000000,0.000000,0.000000,0.000000,0.000000,0.402302,0.000000,0.000000,0.000000,0.000000,0.000000,0.000000,0.000000
0.000000,0.000000,0.547249,0.353135,0.000000,0.379318,0.000000,0.374800,0.000000,0.000000,0.000000,0.398960,0.000000,0.000000,0.000000,0.000000,0.000000,0.000000,0.000000,0.408245,0.435566,0.000000,0.527798,0.000000,0.529261,0.344644,0.486754,0.000000,0.000000,0.000000,0.000000,0.370162,0.000000,0.398578,0.000000,0.000000,0.000000,0.000000,0.000000,0.000000,0.000000,0.000000,0.000000,0.000000,0.000000,0.000000,0.000000,0.000000,0.000000,0.000000,0.000000,0.000000,0.000000,0.000000,0.000000,0.000000,0.000000,0.000000,0.000000,0.000000,0.000000,0.000000,0.000000,0.000000,0.000000,0.000000,0.000000,0.000000,0.000000,0.000000,0.000000,0.404621,0.000000,0.384164,0.000000,0.000000,0.000000,0.464118,0.000000,0.000000,0.000000,0.000000,0.000000,0.000000,0.000000,0.000000,0.000000,0.000000,0.000000,0.000000
0.000000,0.000000,0.000000,0.534539,0.318562,0.557417,0.000000,0.000000,0.000000,0.000000,0.000000,0.000000,0.000000,0.000000,0.000000,0.000000,0.000000,0.000000,0.000000,0.000000,0.307264,0.000000,0.312910,0.529261,0.000000,0.561492,0.275844,0.000000,0.000000,0.000000,0.372266,0.477437,0.000000,0.000000,0.000000,0.000000,0.000000,0.000000,0.000000,0.000000,0.000000,0.000000,0.000000,0.000000,0.000000,0.000000,0.000000,0.000000,0.000000,0.000000,0.000000,0.000000,0.000000,0.000000,0.000000,0.000000,0.000000,0.000000,0.000000,0.000000,0.000000,0.000000,0.000000,0.000000,0.000000,0.000000,0.000000,0.000000,0.000000,0.000000,0.000000,0.000000,0.000000,0.000000,0.421523,0.000000,0.000000,0.000000,0.000000,0.000000,0.000000,0.000000,0.000000,0.000000,0.000000,0.000000,0.000000,0.000000,0.000000,0.000000
0.000000,0.000000,0.000000,0.291263,0.584976,0.317103,0.000000,0.000000,0.000000,0.000000,0.000000,0.000000,0.000000,0.000000,0.000000,0.364817,0.000000,0.000000,0.000000,0.000000,0.496686,0.351645,0.457182,0.344644,0.561492,0.000000,0.560907,0.351280,0.000000,0.000000,0.464733,0.393057,0.000000,0.000000,0.000000,0.000000,0.000000,0.000000,0.000000,0.000000,0.000000,0.000000,0.000000,0.000000,0.000000,0.000000,0.000000,0.000000,0.000000,0.000000,0.000000,0.000000,0.000000,0.000000,0.000000,0.000000,0.000000,0.000000,0.000000,0.000000,0.000000,0.000000,0.000000,0.000000,0.000000,0.000000,0.000000,0.000000,0.000000,0.000000,0.000000,0.000000,0.000000,0.000000,0.000000,0.000000,0.000000,0.000000,0.000000,0.000000,0.000000,0.000000,0.000000,0.000000,0.000000,0.000000,0.000000,0.000000,0.000000,0.000000
0.000000,0.000000,0.000000,0.000000,0.329838,0.582105,0.000000,0.000000,0.000000,0.000000,0.000000,0.000000,0.000000,0.000000,0.392754,0.380305,0.000000,0.000000,0.000000,0.000000,0.329251,0.414590,0.000000,0.486754,0.275844,0.560907,0.000000,0.571558,0.000000,0.000000,0.375884,0.480571,0.000000,0.000000,0.000000,0.000000,0.000000,0.000000,0.000000,0.000000,0.528477,0.000000,0.490082,0.000000,0.476669,0.000000,0.486819,0.000000,0.000000,0.000000,0.000000,0.000000,0.492919,0.000000,0.498696,0.000000,0.000000,0.000000,0.000000,0.000000,0.000000,0.000000,0.000000,0.000000,0.000000,0.000000,0.000000,0.000000,0.000000,0.000000,0.417042,0.000000,0.425006,0.000000,0.000000,0.000000,0.000000,0.497082,0.000000,0.000000,0.000000,0.000000,0.454990,0.418481,0.000000,0.000000,0.454628,0.000000,0.000000,0.000000
0.000000,0.000000,0.000000,0.000000,0.592534,0.333298,0.000000,0.000000,0.000000,0.000000,0.000000,0.000000,0.000000,0.000000,0.000000,0.376072,0.000000,0.000000,0.000000,0.000000,0.522971,0.296113,0.000000,0.000000,0.000000,0.351280,0.571558,0.000000,0.000000,0.276039,0.000000,0.000000,0.000000,0.000000,0.000000,0.000000,0.000000,0.000000,0.000000,0.000000,0.000000,0.382184,0.000000,0.000000,0.000000,0.000000,0.000000,0.000000,0.000000,0.000000,0.000000,0.000000,0.000000,0.000000,0.000000,0.000000,0.000000,0.000000,0.000000,0.000000,0.000000,0.000000,0.000000,0.000000,0.000000,0.000000,0.000000,0.000000,0.000000,0.000000,0.000000,0.358127,0.000000,0.390289,0.000000,0.000000,0.000000,0.000000,0.000000,0.000000,0.000000,0.000000,0.000000,0.421052,0.000000,0.000000,0.000000,0.000000,0.000000,0.000000
0.000000,0.000000,0.000000,0.000000,0.337061,0.000000,0.000000,0.000000,0.390392,0.000000,0.346249,0.000000,0.385327,0.495150,0.375833,0.533090,0.387969,0.000000,0.422870,0.000000,0.000000,0.000000,0.374281,0.000000,0.000000,0.000000,0.000000,0.000000,0.000000,0.496115,0.000000,0.000000,0.000000,0.000000,0.000000,0.000000,0.000000,0.000000,0.000000,0.000000,0.000000,0.000000,0.000000,0.000000,0.000000,0.000000,0.000000,0.000000,0.000000,0.000000,0.000000,0.000000,0.000000,0.000000,0.000000,0.000000,0.415577,0.000000,0.427290,0.000000,0.435582,0.000000,0.420025,0.000000,0.000000,0.000000,0.000000,0.000000,0.000000,0.000000,0.000000,0.000000,0.347856,0.568056,0.000000,0.000000,0.000000,0.000000,0.337213,0.000000,0.354612,0.486663,0.361428,0.000000,0.000000,0.000000,0.000000,0.000000,0.000000,0.000000
0.000000,0.000000,0.000000,0.000000,0.000000,0.000000,0.000000,0.000000,0.000000,0.000000,0.000000,0.363333,0.000000,0.366636,0.476949,0.325765,0.000000,0.341463,0.000000,0.000000,0.000000,0.261543,0.000000,0.000000,0.000000,0.000000,0.000000,0.276039,0.496115,0.000000,0.000000,0.000000,0.000000,0.000000,0.000000,0.000000,0.000000,0.000000,0.000000,0.000000,0.000000,0.249419,0.000000,0.462039,0.000000,0.000000,0.000000,0.454816,0.000000,0.000000,0.000000,0.000000,0.000000,0.000000,0.000000,0.000000,0.000000,0.000000,0.000000,0.445135,0.000000,0.000000,0.000000,0.000000,0.000000,0.000000,0.000000,0.000000,0.000000,0.000000,0.000000,0.000000,0.000000,0.322575,0.000000,0.000000,0.000000,0.000000,0.000000,0.277594,0.000000,0.315399,0.000000,0.343918,0.000000,0.000000,0.000000,0.000000,0.000000,0.000000
0.000000,0.000000,0.000000,0.000000,0.372247,0.000000,0.000000,0.000000,0.000000,0.000000,0.000000,0.000000,0.000000,0.000000,0.424171,0.000000,0.000000,0.000000,0.000000,0.467616,0.398137,0.415904,0.397061,0.000000,0.372266,0.464733,0.375884,0.000000,0.000000,0.000000,0.000000,0.455660,0.397566,0.000000,0.470099,0.412072,0.000000,0.000000,0.000000,0.000000,0.000000,0.000000,0.000000,0.000000,0.000000,0.000000,0.000000,0.000000,0.000000,0.000000,0.000000,0.000000,0.000000,0.000000,0.000000,0.000000,0.000000,0.000000,0.000000,0.000000,0.000000,0.000000,0.000000,0.000000,0.000000,0.000000,0.483409,0.000000,0.000000,0.000000,0.405569,0.000000,0.000000,0.000000,0.000000,0.000000,0.000000,0.000000,0.000000,0.000000,0.000000,0.000000,0.000000,0.432904,0.000000,0.000000,0.000000,0.000000,0.000000,0.000000
0.000000,0.000000,0.522553,0.277097,0.494330,0.419968,0.000000,0.000000,0.000000,0.000000,0.000000,0.000000,0.000000,0.000000,0.000000,0.000000,0.000000,0.000000,0.000000,0.348939,0.469091,0.382926,0.525345,0.370162,0.477437,0.393057,0.480571,0.000000,0.000000,0.000000,0.455660,0.000000,0.000000,0.349438,0.402247,0.444782,0.000000,0.000000,0.000000,0.000000,0.000000,0.000000,0.000000,0.488623,0.000000,0.000000,0.000000,0.000000,0.000000,0.000000,0.000000,0.000000,0.000000,0.000000,0.000000,0.000000,0.000000,0.000000,0.000000,0.000000,0.000000,0.000000,0.000000,0.000000,0.000000,0.000000,0.000000,0.474604,0.000000,0.000000,0.000000,0.000000,0.000000,0.000000,0.000000,0.000000,0.000000,0.000000,0.000000,0.000000,0.000000,0.000000,0.000000,0.000000,0.000000,0.000000,0.000000,0.000000,0.000000,0.000000
0.000000,0.000000,0.000000,0.000000,0.000000,0.000000,0.000000,0.000000,0.000000,0.000000,0.000000,0.000000,0.000000,0.000000,0.000000,0.000000,0.000000,0.000000,0.360186,0.503572,0.000000,0.000000,0.303897,0.000000,0.000000,0.000000,0.000000,0.000000,0.000000,0.000000,0.397566,0.000000,0.000000,0.261521,0.450583,0.000000,0.000000,0.000000,0.467263,0.000000,0.000000,0.000000,0.000000,0.000000,0.000000,0.000000,0.473537,0.000000,0.000000,0.000000,0.000000,0.000000,0.000000,0.000000,0.000000,0.000000,0.000000,0.000000,0.000000,0.000000,0.000000,0.000000,0.000000,0.000000,0.000000,0.000000,0.421009,0.468532,0.316668,0.526475,0.000000,0.000000,0.000000,0.000000,0.000000,0.000000,0.000000,0.000000,0.000000,0.000000,0.000000,0.000000,0.000000,0.000000,0.000000,0.000000,0.000000,0.000000,0.000000,0.000000
0.000000,0.000000,0.000000,0.257878,0.000000,0.000000,0.000000,0.000000,0.000000,0.000000,0.000000,0.000000,0.000000,0.000000,0.000000,0.000000,0.000000,0.000000,0.497124,0.348627,0.000000,0.000000,0.000000,0.398578,0.000000,0.000000,0.000000,0.000000,0.000000,0.000000,0.000000,0.349438,0.261521,0.000000,0.389849,0.434280,0.000000,0.000000,0.000000,0.478586,0.000000,0.000000,0.000000,0.403209,0.000000,0.000000,0.000000,0.458555,0.000000,0.000000,0.000000,0.000000,0.000000,0.000000,0.000000,0.000000,0.000000,0.408959,0.000000,0.000000,0.000000,0.000000,0.000000,0.000000,0.000000,0.000000,0.457360,0.425259,0.000000,0.378928,0.000000,0.000000,0.000000,0.000000,0.429229,0.000000,0.000000,0.000000,0.000000,0.000000,0.000000,0.000000,0.000000,0.000000,0.000000,0.000000,0.000000,0.000000,0.000000,0.000000
0.000000,0.000000,0.000000,0.000000,0.000000,0.000000,0.000000,0.000000,0.000000,0.000000,0.000000,0.000000,0.000000,0.000000,0.000000,0.000000,0.000000,0.000000,0.000000,0.000000,0.000000,0.000000,0.512437,0.000000,0.000000,0.000000,0.000000,0.000000,0.000000,0.000000,0.470099,0.402247,0.450583,0.389849,0.000000,0.329005,0.448903,0.000000,0.000000,0.000000,0.000000,0.000000,0.000000,0.000000,0.000000,0.000000,0.000000,0.000000,0.000000,0.000000,0.000000,0.000000,0.000000,0.000000,0.000000,0.000000,0.000000,0.000000,0.000000,0.000000,0.000000,0.000000,0.000000,0.000000,0.000000,0.000000,0.392870,0.000000,0.000000,0.000000,0.000000,0.000000,0.000000,0.464897,0.000000,0.440809,0.000000,0.000000,0.000000,0.000000,0.494051,0.000000,0.000000,0.000000,0.482910,0.000000,0.000000,0.000000,0.487283,0.000000
0.000000,0.000000,0.000000,0.000000,0.000000,0.000000,0.000000,0.000000,0.000000,0.000000,0.000000,0.000000,0.000000,0.455606,0.000000,0.459959,0.000000,0.000000,0.000000,0.000000,0.000000,0.000000,0.000000,0.000000,0.000000,0.000000,0.000000,0.000000,0.000000,0.000000,0.412072,0.444782,0.000000,0.434280,0.329005,0.000000,0.000000,0.412866,0.000000,0.478917,0.000000,0.000000,0.000000,0.000000,0.000000,0.000000,0.000000,0.000000,0.000000,0.000000,0.000000,0.000000,0.000000,0.000000,0.000000,0.475191,0.000000,0.000000,0.000000,0.000000,0.000000,0.000000,0.000000,0.000000,0.000000,0.000000,0.000000,0.301982,0.000000,0.000000,0.000000,0.000000,0.000000,0.000000,0.000000,0.000000,0.000000,0.000000,0.000000,0.000000,0.000000,0.454071,0.000000,0.000000,0.517644,0.447489,0.000000,0.000000,0.000000,0.446111
0.000000,0.000000,0.000000,0.000000,0.510423,0.443370,0.000000,0.000000,0.515913,0.000000,0.000000,0.000000,0.000000,0.000000,0.520213,0.000000,0.000000,0.000000,0.000000,0.000000,0.000000,0.000000,0.000000,0.000000,0.000000,0.000000,0.000000,0.000000,0.000000,0.000000,0.000000,0.000000,0.000000,0.000000,0.448903,0.000000,0.000000,0.515413,0.408423,0.000000,0.253699,0.481576,0.000000,0.000000,0.499333,0.000000,0.439455,0.000000,0.000000,0.000000,0.000000,0.000000,0.000000,0.000000,0.419239,0.000000,0.000000,0.000000,0.000000,0.000000,0.000000,0.000000,0.000000,0.000000,0.000000,0.000000,0.452428,0.000000,0.000000,0.000000,0.397822,0.000000,0.000000,0.483287,0.000000,0.000000,0.373387,0.542030,0.000000,0.000000,0.000000,0.000000,0.413951,0.000000,0.343275,0.000000,0.389597,0.000000,0.389230,0.000000
0.000000,0.000000,0.000000,0.377439,0.536384,0.416419,0.000000,0.000000,0.000000,0.460099,0.000000,0.000000,0.000000,0.449947,0.000000,0.476345,0.000000,0.000000,0.000000,0.000000,0.000000,0.000000,0.000000,0.000000,0.000000,0.000000,0.000000,0.000000,0.000000,0.000000,0.000000,0.000000,0.000000,0.000000,0.000000,0.412866,0.515413,0.000000,0.000000,0.411104,0.000000,0.333245,0.000000,0.000000,0.000000,0.381238,0.465169,0.448218,0.000000,0.000000,0.000000,0.000000,0.000000,0.000000,0.000000,0.499156,0.000000,0.000000,0.000000,0.000000,0.000000,0.000000,0.000000,0.000000,0.000000,0.000000,0.000000,0.400567,0.000000,0.000000,0.000000,0.000000,0.000000,0.000000,0.000000,0.000000,0.548952,0.383959,0.000000,0.000000,0.000000,0.000000,0.000000,0.000000,0.000000,0.453310,0.456278,0.384788,0.000000,0.000000
0.000000,0.000000,0.000000,0.000000,0.516594,0.000000,0.000000,0.000000,0.522204,0.000000,0.000000,0.000000,0.000000,0.000000,0.520844,0.000000,0.000000,0.000000,0.000000,0.000000,0.000000,0.000000,0.000000,0.000000,0.000000,0.000000,0.000000,0.000000,0.000000,0.000000,0.000000,0.000000,0.467263,0.000000,0.000000,0.000000,0.408423,0.000000,0.000000,0.000000,0.303437,0.000000,0.000000,0.000000,0.000000,0.000000,0.431449,0.000000,0.000000,0.000000,0.000000,0.000000,0.000000,0.000000,0.407372,0.000000,0.000000,0.000000,0.000000,0.000000,0.000000,0.000000,0.000000,0.000000,0.000000,0.000000,0.463304,0.000000,0.000000,0.000000,0.000000,0.000000,0.000000,0.000000,0.000000,0.000000,0.000000,0.000000,0.000000,0.000000,0.000000,0.000000,0.462001,0.000000,0.477825,0.000000,0.358621,0.000000,0.444498,0.000000
0.000000,0.000000,0.000000,0.000000,0.000000,0.453122,0.000000,0.000000,0.000000,0.460936,0.000000,0.000000,0.000000,0.000000,0.000000,0.000000,0.000000,0.000000,0.000000,0.000000,0.000000,0.000000,0.000000,0.000000,0.000000,0.000000,0.000000,0.000000,0.000000,0.000000,0.000000,0.000000,0.000000,0.478586,0.000000,0.478917,0.000000,0.411104,0.000000,0.000000,0.000000,0.326180,0.000000,0.357414,0.000000,0.387774,0.445504,0.420460,0.000000,0.000000,0.000000,0.000000,0.000000,0.000000,0.000000,0.339413,0.000000,0.000000,0.000000,0.486149,0.000000,0.000000,0.000000,0.000000,0.000000,0.000000,0.000000,0.439451,0.000000,0.000000,0.000000,0.000000,0.000000,0.000000,0.000000,0.000000,0.000000,0.000000,0.000000,0.000000,0.000000,0.466378,0.000000,0.396486,0.000000,0.462327,0.000000,0.357451,0.000000,0.364273
0.000000,0.000000,0.000000,0.000000,0.000000,0.000000,0.000000,0.000000,0.000000,0.000000,0.000000,0.000000,0.000000,0.000000,0.347522,0.000000,0.000000,0.000000,0.000000,0.000000,0.345026,0.000000,0.000000,0.000000,0.000000,0.000000,0.528477,0.000000,0.000000,0.000000,0.000000,0.000000,0.000000,0.000000,0.000000,0.000000,0.253699,0.000000,0.303437,0.000000,0.000000,0.000000,0.490991,0.000000,0.000000,0.000000,0.529523,0.000000,0.000000,0.000000,0.000000,0.000000,0.523561,0.000000,0.549018,0.000000,0.000000,0.000000,0.000000,0.000000,0.000000,0.000000,0.000000,0.000000,0.000000,0.000000,0.000000,0.000000,0.000000,0.000000,0.000000,0.484997,0.493498,0.000000,0.580930,0.000000,0.415215,0.373414,0.000000,0.000000,0.000000,0.000000,0.358075,0.000000,0.000000,0.000000,0.391861,0.000000,0.000000,0.000000
0.000000,0.000000,0.000000,0.000000,0.000000,0.400136,0.000000,0.000000,0.528476,0.000000,0.000000,0.000000,0.000000,0.000000,0.000000,0.000000,0.000000,0.000000,0.000000,0.000000,0.000000,0.000000,0.000000,0.000000,0.000000,0.000000,0.000000,0.382184,0.000000,0.249419,0.000000,0.000000,0.000000,0.000000,0.000000,0.000000,0.481576,0.333245,0.000000,0.326180,0.000000,0.000000,0.000000,0.470028,0.000000,0.000000,0.000000,0.000000,0.539490,0.000000,0.000000,0.000000,0.000000,0.000000,0.000000,0.000000,0.000000,0.000000,0.000000,0.000000,0.000000,0.000000,0.000000,0.000000,0.000000,0.000000,0.000000,0.000000,0.000000,0.000000,0.000000,0.000000,0.000000,0.000000,0.000000,0.514251,0.555350,0.000000,0.000000,0.000000,0.000000,0.000000,0.000000,0.378159,0.000000,0.000000,0.000000,0.381802,0.000000,0.000000
0.000000,0.000000,0.000000,0.000000,0.496284,0.000000,0.000000,0.000000,0.499625,0.000000,0.000000,0.000000,0.522984,0.000000,0.475055,0.000000,0.000000,0.000000,0.000000,0.000000,0.000000,0.000000,0.000000,0.000000,0.000000,0.000000,0.490082,0.000000,0.000000,0.000000,0.000000,0.000000,0.000000,0.000000,0.000000,0.000000,0.000000,0.000000,0.000000,0.000000,0.490991,0.000000,0.000000,0.632789,0.351197,0.559361,0.361267,0.596165,0.371766,0.000000,0.373773,0.000000,0.358615,0.673744,0.388455,0.000000,0.000000,0.000000,0.000000,0.000000,0.000000,0.000000,0.000000,0.000000,0.000000,0.000000,0.331563,0.558128,0.000000,0.000000,0.000000,0.000000,0.467372,0.000000,0.000000,0.000000,0.494872,0.000000,0.000000,0.000000,0.504074,0.000000,0.477531,0.000000,0.481928,0.000000,0.478620,0.000000,0.460817,0.000000
0.000000,0.000000,0.000000,0.000000,0.000000,0.429262,0.000000,0.000000,0.000000,0.448239,0.000000,0.000000,0.000000,0.452299,0.000000,0.474879,0.000000,0.000000,0.000000,0.000000,0.000000,0.000000,0.000000,0.000000,0.000000,0.000000,0.000000,0.000000,0.000000,0.462039,0.000000,0.488623,0.000000,0.403209,0.000000,0.000000,0.000000,0.000000,0.000000,0.357414,0.000000,0.470028,0.632789,0.000000,0.657412,0.346335,0.602026,0.369047,0.690124,0.318634,0.699275,0.294812,0.661284,0.445075,0.000000,0.428610,0.000000,0.000000,0.000000,0.000000,0.000000,0.000000,0.000000,0.000000,0.000000,0.000000,0.497555,0.401733,0.000000,0.000000,0.000000,0.000000,0.000000,0.425991,0.000000,0.000000,0.000000,0.000000,0.000000,0.000000,0.000000,0.454298,0.000000,0.440647,0.000000,0.456108,0.000000,0.000000,0.000000,0.448101
0.000000,0.000000,0.000000,0.000000,0.485585,0.000000,0.000000,0.000000,0.000000,0.000000,0.000000,0.000000,0.000000,0.000000,0.000000,0.000000,0.000000,0.000000,0.000000,0.000000,0.000000,0.000000,0.000000,0.000000,0.000000,0.000000,0.476669,0.000000,0.000000,0.000000,0.000000,0.000000,0.000000,0.000000,0.000000,0.000000,0.499333,0.000000,0.000000,0.000000,0.000000,0.000000,0.351197,0.657412,0.000000,0.533127,0.416865,0.000000,0.351974,0.000000,0.436396,0.000000,0.000000,0.000000,0.000000,0.000000,0.000000,0.000000,0.000000,0.000000,0.000000,0.000000,0.000000,0.000000,0.000000,0.000000,0.331320,0.557890,0.000000,0.000000,0.000000,0.000000,0.501226,0.000000,0.000000,0.000000,0.000000,0.000000,0.000000,0.000000,0.000000,0.000000,0.000000,0.000000,0.000000,0.000000,0.469178,0.000000,0.000000,0.000000
0.000000,0.000000,0.000000,0.000000,0.000000,0.000000,0.000000,0.000000,0.000000,0.000000,0.000000,0.000000,0.000000,0.453871,0.000000,0.460073,0.000000,0.000000,0.000000,0.000000,0.000000,0.000000,0.000000,0.000000,0.000000,0.000000,0.000000,0.000000,0.000000,0.000000,0.000000,0.000000,0.000000,0.000000,0.000000,0.000000,0.000000,0.381238,0.000000,0.387774,0.000000,0.000000,0.559361,0.346335,0.533127,0.000000,0.000000,0.389064,0.548668,0.306057,0.000000,0.421894,0.000000,0.470322,0.000000,0.441188,0.000000,0.000000,0.000000,0.351454,0.000000,0.000000,0.000000,0.000000,0.000000,0.000000,0.506308,0.349820,0.000000,0.000000,0.000000,0.000000,0.000000,0.474941,0.000000,0.471247,0.000000,0.000000,0.000000,0.000000,0.000000,0.461583,0.000000,0.000000,0.000000,0.454883,0.000000,0.000000,0.000000,0.406953
0.000000,0.000000,0.000000,0.000000,0.499214,0.000000,0.000000,0.000000,0.495239,0.000000,0.000000,0.000000,0.512123,0.000000,0.498570,0.000000,0.000000,0.000000,0.000000,0.000000,0.000000,0.000000,0.492344,0.000000,0.000000,0.000000,0.486819,0.000000,0.000000,0.000000,0.000000,0.000000,0.473537,0.000000,0.000000,0.000000,0.439455,0.465169,0.431449,0.445504,0.529523,0.000000,0.361267,0.602026,0.416865,0.000000,0.000000,0.624590,0.446535,0.000000,0.000000,0.000000,0.331432,0.000000,0.352458,0.000000,0.000000,0.000000,0.000000,0.000000,0.000000,0.000000,0.000000,0.000000,0.000000,0.000000,0.418444,0.000000,0.000000,0.000000,0.000000,0.000000,0.000000,0.000000,0.000000,0.000000,0.501871,0.000000,0.000000,0.000000,0.518078,0.000000,0.490054,0.000000,0.482140,0.000000,0.470859,0.000000,0.466453,0.000000
0.000000,0.000000,0.000000,0.000000,0.000000,0.474920,0.000000,0.000000,0.517190,0.470814,0.000000,0.000000,0.000000,0.441101,0.000000,0.486136,0.000000,0.000000,0.000000,0.000000,0.000000,0.000000,0.000000,0.000000,0.000000,0.000000,0.000000,0.000000,0.000000,0.454816,0.000000,0.000000,0.000000,0.458555,0.000000,0.000000,0.000000,0.448218,0.000000,0.420460,0.000000,0.000000,0.596165,0.369047,0.000000,0.389064,0.624590,0.000000,0.000000,0.000000,0.000000,0.000000,0.000000,0.358463,0.000000,0.444675,0.000000,0.000000,0.000000,0.000000,0.000000,0.000000,0.000000,0.000000,0.000000,0.000000,0.000000,0.329696,0.000000,0.000000,0.000000,0.000000,0.000000,0.000000,0.000000,0.000000,0.000000,0.000000,0.000000,0.000000,0.000000,0.438954,0.000000,0.429036,0.000000,0.492581,0.000000,0.440403,0.000000,0.500660
0.000000,0.000000,0.000000,0.000000,0.446702,0.000000,0.000000,0.000000,0.460597,0.000000,0.000000,0.000000,0.000000,0.000000,0.451345,0.000000,0.000000,0.000000,0.000000,0.000000,0.000000,0.000000,0.000000,0.000000,0.000000,0.000000,0.000000,0.000000,0.000000,0.000000,0.000000,0.000000,0.000000,0.000000,0.000000,0.000000,0.000000,0.000000,0.000000,0.000000,0.000000,0.539490,0.371766,0.690124,0.351974,0.548668,0.446535,0.000000,0.000000,0.000000,0.412372,0.000000,0.000000,0.000000,0.000000,0.000000,0.000000,0.000000,0.389832,0.000000,0.325473,0.000000,0.000000,0.000000,0.000000,0.000000,0.351953,0.000000,0.000000,0.000000,0.000000,0.000000,0.456122,0.000000,0.000000,0.000000,0.000000,0.000000,0.000000,0.000000,0.000000,0.000000,0.000000,0.000000,0.454185,0.000000,0.000000,0.000000,0.453142,0.000000
