0.000000,0.536241,0.383965,0.535147,0.000000,0.000000,0.365537,0.000000,0.000000,0.000000,0.374444,0.000000,0.372797,0.000000,0.000000,0.000000,0.344974,0.000000,0.382932,0.510727,0.000000,0.000000,0.000000,0.000000,0.000000,0.000000,0.000000,0.000000,0.000000,0.000000,0.000000,0.000000,0.000000,0.000000,0.000000,0.000000,0.000000,0.000000,0.000000,0.000000,0.000000,0.000000,0.000000,0.000000,0.000000,0.000000,0.000000,0.000000,0.000000,0.000000,0.000000,0.000000,0.000000,0.000000,0.000000,0.000000,0.402561,0.000000,0.427990,0.000000,0.452098,0.000000,0.465069,0.000000,0.000000,0.000000,0.000000,0.000000,0.000000,0.000000,0.000000,0.000000,0.401094,0.000000,0.000000,0.000000,0.443988,0.000000,0.000000,0.000000,0.000000,0.000000,0.000000,0.000000,0.476956,0.000000,0.000000,0.000000,0.000000,0.000000
0.536241,0.000000,0.000000,0.377709,0.000000,0.000000,0.000000,0.360920,0.000000,0.000000,0.000000,0.363135,0.000000,0.353974,0.000000,0.000000,0.000000,0.391640,0.537865,0.389362,0.000000,0.000000,0.000000,0.000000,0.000000,0.000000,0.000000,0.000000,0.000000,0.000000,0.000000,0.000000,0.000000,0.426932,0.000000,0.000000,0.000000,0.000000,0.000000,0.000000,0.000000,0.000000,0.000000,0.000000,0.000000,0.000000,0.000000,0.000000,0.000000,0.000000,0.000000,0.000000,0.000000,0.000000,0.000000,0.000000,0.538704,0.399423,0.000000,0.433609,0.000000,0.412542,0.000000,0.000000,0.000000,0.438843,0.000000,0.391066,0.548173,0.401339,0.000000,0.000000,0.000000,0.397415,0.000000,0.000000,0.000000,0.415385,0.000000,0.000000,0.000000,0.000000,0.000000,0.000000,0.000000,0.412146,0.000000,0.000000,0.000000,0.000000
0.383965,0.000000,0.000000,0.511293,0.322582,0.540381,0.354825,0.000000,0.372915,0.000000,0.000000,0.000000,0.326981,0.000000,0.000000,0.000000,0.000000,0.000000,0.325453,0.000000,0.000000,0.000000,0.305410,0.000000,0.000000,0.556094,0.000000,0.000000,0.000000,0.000000,0.000000,0.000000,0.000000,0.000000,0.000000,0.000000,0.000000,0.000000,0.000000,0.000000,0.000000,0.000000,0.000000,0.000000,0.000000,0.000000,0.000000,0.000000,0.000000,0.000000,0.000000,0.000000,0.000000,0.000000,0.000000,0.000000,0.401355,0.000000,0.000000,0.000000,0.000000,0.000000,0.000000,0.000000,0.000000,0.000000,0.000000,0.000000,0.000000,0.000000,0.314990,0.000000,0.411602,0.000000,0.000000,0.000000,0.435773,0.000000,0.000000,0.000000,0.000000,0.000000,0.000000,0.000000,0.000000,0.000000,0.000000,0.000000,0.000000,0.000000
0.535147,0.377709,0.511293,0.000000,0.000000,0.293724,0.000000,0.368639,0.000000,0.352280,0.000000,0.382781,0.000000,0.328336,0.000000,0.350424,0.000000,0.381584,0.511382,0.387094,0.419100,0.000000,0.521785,0.320569,0.514866,0.302446,0.451167,0.000000,0.000000,0.000000,0.421998,0.316884,0.000000,0.000000,0.000000,0.000000,0.000000,0.000000,0.000000,0.000000,0.000000,0.000000,0.000000,0.000000,0.000000,0.000000,0.000000,0.000000,0.000000,0.000000,0.000000,0.000000,0.000000,0.000000,0.000000,0.000000,0.527592,0.000000,0.000000,0.000000,0.000000,0.000000,0.000000,0.000000,0.000000,0.000000,0.000000,0.000000,0.000000,0.000000,0.000000,0.325042,0.000000,0.366237,0.000000,0.400845,0.000000,0.393630,0.000000,0.000000,0.000000,0.000000,0.000000,0.000000,0.000000,0.000000,0.000000,0.000000,0.000000,0.000000
0.000000,0.000000,0.322582,0.000000,0.000000,0.559661,0.000000,0.000000,0.362251,0.000000,0.000000,0.000000,0.000000,0.000000,0.315702,0.000000,0.000000,0.000000,0.000000,0.000000,0.322438,0.000000,0.334936,0.000000,0.305188,0.574172,0.330071,0.580406,0.369891,0.000000,0.328252,0.611022,0.000000,0.000000,0.000000,0.000000,0.000000,0.000000,0.000000,0.000000,0.000000,0.000000,0.472106,0.000000,0.000000,0.000000,0.483912,0.000000,0.472834,0.000000,0.470245,0.000000,0.474642,0.000000,0.000000,0.000000,0.000000,0.000000,0.000000,0.000000,0.000000,0.000000,0.000000,0.000000,0.000000,0.000000,0.000000,0.000000,0.000000,0.000000,0.394071,0.000000,0.390381,0.000000,0.387336,0.000000,0.432659,0.000000,0.000000,0.000000,0.000000,0.000000,0.473524,0.000000,0.000000,0.000000,0.450097,0.000000,0.000000,0.000000
0.000000,0.000000,0.540381,0.293724,0.559661,0.000000,0.000000,0.000000,0.000000,0.369623,0.000000,0.000000,0.000000,0.000000,0.000000,0.430322,0.000000,0.000000,0.000000,0.000000,0.000000,0.320596,0.524105,0.000000,0.544624,0.500470,0.552844,0.453536,0.000000,0.461848,0.531476,0.385222,0.000000,0.000000,0.000000,0.000000,0.000000,0.000000,0.000000,0.000000,0.000000,0.000000,0.000000,0.000000,0.000000,0.000000,0.000000,0.530134,0.000000,0.000000,0.000000,0.000000,0.000000,0.000000,0.000000,0.000000,0.000000,0.000000,0.000000,0.000000,0.000000,0.000000,0.000000,0.000000,0.000000,0.000000,0.000000,0.000000,0.000000,0.000000,0.409074,0.383059,0.000000,0.420752,0.000000,0.438762,0.000000,0.423842,0.000000,0.000000,0.000000,0.000000,0.000000,0.484450,0.000000,0.000000,0.000000,0.440119,0.000000,0.000000
0.365537,0.000000,0.354825,0.000000,0.000000,0.000000,0.000000,0.000000,0.353347,0.000000,0.365574,0.000000,0.351621,0.000000,0.000000,0.000000,0.000000,0.000000,0.000000,0.000000,0.000000,0.000000,0.000000,0.000000,0.000000,0.000000,0.000000,0.000000,0.000000,0.000000,0.000000,0.000000,0.000000,0.000000,0.000000,0.000000,0.000000,0.000000,0.000000,0.000000,0.000000,0.000000,0.000000,0.000000,0.000000,0.000000,0.000000,0.000000,0.000000,0.000000,0.000000,0.000000,0.000000,0.000000,0.000000,0.000000,0.000000,0.000000,0.000000,0.000000,0.000000,0.000000,0.000000,0.000000,0.000000,0.000000,0.000000,0.000000,0.000000,0.000000,0.000000,0.000000,0.000000,0.000000,0.000000,0.000000,0.000000,0.000000,0.000000,0.000000,0.000000,0.000000,0.000000,0.000000,0.000000,0.000000,0.000000,0.000000,0.000000,0.000000
0.000000,0.360920,0.000000,0.368639,0.000000,0.000000,0.000000,0.000000,0.000000,0.350720,0.000000,0.347583,0.000000,0.335614,0.000000,0.332998,0.000000,0.000000,0.000000,0.350601,0.000000,0.000000,0.473606,0.348251,0.000000,0.000000,0.000000,0.000000,0.000000,0.000000,0.000000,0.000000,0.000000,0.346333,0.000000,0.000000,0.000000,0.000000,0.000000,0.000000,0.000000,0.000000,0.000000,0.000000,0.000000,0.000000,0.000000,0.000000,0.000000,0.000000,0.000000,0.000000,0.000000,0.000000,0.000000,0.000000,0.000000,0.000000,0.000000,0.000000,0.000000,0.000000,0.000000,0.000000,0.000000,0.000000,0.000000,0.000000,0.000000,0.000000,0.000000,0.345902,0.000000,0.000000,0.000000,0.000000,0.000000,0.000000,0.000000,0.000000,0.000000,0.000000,0.000000,0.000000,0.000000,0.000000,0.000000,0.000000,0.000000,0.000000
0.000000,0.000000,0.372915,0.000000,0.362251,0.000000,0.353347,0.000000,0.000000,0.000000,0.000000,0.000000,0.301270,0.000000,0.308835,0.000000,0.000000,0.000000,0.000000,0.000000,0.000000,0.000000,0.000000,0.000000,0.000000,0.000000,0.000000,0.000000,0.000000,0.000000,0.000000,0.000000,0.000000,0.000000,0.000000,0.000000,0.000000,0.000000,0.000000,0.000000,0.000000,0.000000,0.499776,0.000000,0.000000,0.000000,0.503463,0.000000,0.499751,0.000000,0.516902,0.000000,0.517341,0.000000,0.519195,0.000000,0.000000,0.000000,0.000000,0.000000,0.000000,0.000000,0.000000,0.000000,0.000000,0.000000,0.444255,0.000000,0.000000,0.000000,0.366224,0.000000,0.411663,0.000000,0.420292,0.000000,0.408142,0.000000,0.000000,0.000000,0.000000,0.000000,0.477277,0.000000,0.460722,0.000000,0.000000,0.000000,0.000000,0.000000
0.000000,0.000000,0.000000,0.352280,0.000000,0.369623,0.000000,0.350720,0.000000,0.000000,0.000000,0.000000,0.000000,0.000000,0.000000,0.361391,0.000000,0.000000,0.000000,0.000000,0.000000,0.000000,0.000000,0.000000,0.000000,0.000000,0.000000,0.000000,0.000000,0.000000,0.000000,0.000000,0.000000,0.000000,0.000000,0.000000,0.533543,0.000000,0.000000,0.000000,0.000000,0.000000,0.000000,0.476022,0.553862,0.000000,0.000000,0.515622,0.540128,0.477292,0.000000,0.475425,0.000000,0.000000,0.000000,0.489128,0.000000,0.000000,0.000000,0.000000,0.000000,0.000000,0.000000,0.000000,0.000000,0.000000,0.000000,0.000000,0.000000,0.000000,0.000000,0.000000,0.000000,0.390674,0.000000,0.392240,0.000000,0.413342,0.000000,0.000000,0.000000,0.000000,0.000000,0.470249,0.000000,0.000000,0.000000,0.418728,0.000000,0.000000
0.374444,0.000000,0.000000,0.000000,0.000000,0.000000,0.365574,0.000000,0.000000,0.000000,0.000000,0.000000,0.345315,0.000000,0.000000,0.000000,0.384284,0.000000,0.405962,0.000000,0.000000,0.000000,0.000000,0.000000,0.000000,0.000000,0.000000,0.000000,0.370182,0.000000,0.000000,0.000000,0.000000,0.000000,0.000000,0.000000,0.000000,0.000000,0.000000,0.000000,0.000000,0.000000,0.000000,0.000000,0.000000,0.000000,0.000000,0.000000,0.000000,0.000000,0.000000,0.000000,0.000000,0.000000,0.000000,0.000000,0.365989,0.000000,0.000000,0.000000,0.000000,0.000000,0.000000,0.000000,0.000000,0.000000,0.000000,0.000000,0.000000,0.000000,0.000000,0.000000,0.373892,0.000000,0.000000,0.000000,0.000000,0.000000,0.000000,0.000000,0.000000,0.000000,0.000000,0.000000,0.000000,0.000000,0.000000,0.000000,0.000000,0.000000
0.000000,0.363135,0.000000,0.382781,0.000000,0.000000,0.000000,0.347583,0.000000,0.000000,0.000000,0.000000,0.000000,0.309769,0.000000,0.000000,0.000000,0.370973,0.000000,0.363143,0.000000,0.000000,0.000000,0.000000,0.000000,0.000000,0.000000,0.000000,0.000000,0.295060,0.000000,0.000000,0.000000,0.000000,0.000000,0.000000,0.000000,0.000000,0.000000,0.000000,0.000000,0.000000,0.000000,0.000000,0.000000,0.000000,0.000000,0.000000,0.000000,0.000000,0.000000,0.000000,0.000000,0.000000,0.000000,0.000000,0.000000,0.000000,0.000000,0.000000,0.000000,0.455692,0.000000,0.000000,0.000000,0.457229,0.000000,0.000000,0.000000,0.000000,0.000000,0.000000,0.000000,0.371454,0.000000,0.000000,0.000000,0.000000,0.000000,0.000000,0.000000,0.000000,0.000000,0.362828,0.000000,0.000000,0.000000,0.000000,0.000000,0.000000
0.372797,0.000000,0.326981,0.000000,0.000000,0.000000,0.351621,0.000000,0.301270,0.000000,0.345315,0.000000,0.000000,0.000000,0.323674,0.000000,0.000000,0.000000,0.353836,0.462682,0.000000,0.000000,0.331339,0.453508,0.000000,0.000000,0.000000,0.000000,0.359121,0.000000,0.000000,0.000000,0.000000,0.000000,0.000000,0.000000,0.000000,0.000000,0.000000,0.000000,0.000000,0.000000,0.507592,0.000000,0.000000,0.000000,0.523529,0.000000,0.485198,0.000000,0.428998,0.000000,0.508578,0.000000,0.000000,0.000000,0.000000,0.000000,0.417855,0.000000,0.000000,0.000000,0.000000,0.000000,0.000000,0.000000,0.428184,0.000000,0.000000,0.000000,0.000000,0.000000,0.397408,0.000000,0.386165,0.000000,0.521063,0.000000,0.000000,0.000000,0.437967,0.000000,0.000000,0.000000,0.000000,0.000000,0.000000,0.000000,0.478028,0.000000
0.000000,0.353974,0.000000,0.328336,0.000000,0.000000,0.000000,0.335614,0.000000,0.000000,0.000000,0.309769,0.000000,0.000000,0.000000,0.340970,0.000000,0.331232,0.000000,0.354384,0.000000,0.000000,0.000000,0.345727,0.000000,0.000000,0.000000,0.000000,0.000000,0.346745,0.000000,0.000000,0.000000,0.000000,0.000000,0.000000,0.000000,0.000000,0.000000,0.000000,0.000000,0.000000,0.000000,0.000000,0.000000,0.000000,0.000000,0.000000,0.000000,0.000000,0.000000,0.000000,0.000000,0.000000,0.000000,0.000000,0.000000,0.000000,0.000000,0.000000,0.000000,0.000000,0.000000,0.000000,0.000000,0.000000,0.000000,0.000000,0.000000,0.000000,0.000000,0.000000,0.000000,0.378139,0.000000,0.359760,0.000000,0.000000,0.000000,0.000000,0.000000,0.390735,0.000000,0.000000,0.000000,0.000000,0.000000,0.000000,0.000000,0.000000
0.000000,0.000000,0.000000,0.000000,0.315702,0.000000,0.000000,0.000000,0.308835,0.000000,0.000000,0.000000,0.323674,0.000000,0.000000,0.000000,0.000000,0.000000,0.000000,0.000000,0.328286,0.000000,0.000000,0.000000,0.000000,0.000000,0.325779,0.000000,0.398973,0.000000,0.000000,0.000000,0.000000,0.000000,0.000000,0.000000,0.000000,0.000000,0.000000,0.000000,0.351126,0.000000,0.500403,0.000000,0.000000,0.000000,0.521226,0.000000,0.504573,0.000000,0.000000,0.000000,0.000000,0.000000,0.538527,0.000000,0.000000,0.000000,0.000000,0.000000,0.000000,0.000000,0.000000,0.000000,0.000000,0.000000,0.462234,0.000000,0.000000,0.000000,0.317089,0.000000,0.405006,0.000000,0.381729,0.000000,0.000000,0.000000,0.000000,0.000000,0.391347,0.000000,0.464849,0.000000,0.496796,0.000000,0.000000,0.000000,0.000000,0.000000
0.000000,0.000000,0.000000,0.350424,0.000000,0.430322,0.000000,0.332998,0.000000,0.361391,0.000000,0.000000,0.000000,0.340970,0.000000,0.000000,0.000000,0.330898,0.000000,0.000000,0.000000,0.295228,0.000000,0.000000,0.000000,0.359140,0.000000,0.343513,0.000000,0.350676,0.000000,0.000000,0.000000,0.000000,0.000000,0.000000,0.563710,0.000000,0.000000,0.000000,0.000000,0.000000,0.000000,0.448685,0.553405,0.496399,0.000000,0.534760,0.545077,0.491407,0.000000,0.495393,0.000000,0.533364,0.000000,0.470275,0.000000,0.000000,0.545043,0.000000,0.000000,0.000000,0.000000,0.000000,0.000000,0.361619,0.531949,0.425923,0.000000,0.000000,0.000000,0.000000,0.000000,0.395109,0.000000,0.000000,0.000000,0.402193,0.000000,0.000000,0.000000,0.406566,0.000000,0.433468,0.000000,0.000000,0.000000,0.432945,0.000000,0.000000
0.344974,0.000000,0.000000,0.000000,0.000000,0.000000,0.000000,0.000000,0.000000,0.000000,0.384284,0.000000,0.000000,0.000000,0.000000,0.000000,0.000000,0.000000,0.000000,0.000000,0.000000,0.000000,0.000000,0.000000,0.000000,0.000000,0.000000,0.000000,0.341081,0.000000,0.000000,0.000000,0.000000,0.000000,0.000000,0.000000,0.000000,0.000000,0.000000,0.000000,0.000000,0.000000,0.000000,0.000000,0.000000,0.000000,0.000000,0.000000,0.000000,0.000000,0.000000,0.000000,0.000000,0.000000,0.000000,0.000000,0.312981,0.000000,0.000000,0.000000,0.431346,0.000000,0.389527,0.000000,0.000000,0.000000,0.000000,0.000000,0.000000,0.000000,0.000000,0.000000,0.301924,0.000000,0.000000,0.000000,0.000000,0.000000,0.303466,0.000000,0.410779,0.000000,0.000000,0.000000,0.470401,0.000000,0.000000,0.000000,0.000000,0.000000
0.000000,0.391640,0.000000,0.381584,0.000000,0.000000,0.000000,0.000000,0.000000,0.000000,0.000000,0.370973,0.000000,0.331232,0.000000,0.330898,0.000000,0.000000,0.000000,0.379491,0.000000,0.000000,0.000000,0.000000,0.000000,0.000000,0.000000,0.000000,0.000000,0.347572,0.000000,0.000000,0.000000,0.000000,0.000000,0.000000,0.000000,0.000000,0.000000,0.000000,0.000000,0.000000,0.000000,0.000000,0.000000,0.000000,0.000000,0.000000,0.000000,0.000000,0.000000,0.000000,0.000000,0.000000,0.000000,0.000000,0.000000,0.319485,0.000000,0.000000,0.000000,0.389555,0.000000,0.404779,0.000000,0.000000,0.000000,0.000000,0.000000,0.000000,0.000000,0.000000,0.000000,0.324293,0.000000,0.000000,0.000000,0.000000,0.000000,0.253938,0.000000,0.413874,0.000000,0.404738,0.000000,0.000000,0.000000,0.000000,0.000000,0.000000
0.382932,0.537865,0.325453,0.511382,0.000000,0.000000,0.000000,0.000000,0.000000,0.000000,0.405962,0.000000,0.353836,0.000000,0.000000,0.000000,0.000000,0.000000,0.000000,0.504225,0.000000,0.000000,0.286169,0.445833,0.000000,0.000000,0.000000,0.000000,0.372705,0.000000,0.335171,0.000000,0.343673,0.473307,0.000000,0.000000,0.000000,0.000000,0.000000,0.000000,0.000000,0.000000,0.000000,0.000000,0.000000,0.000000,0.000000,0.000000,0.000000,0.000000,0.000000,0.000000,0.000000,0.000000,0.000000,0.000000,0.388149,0.000000,0.397719,0.000000,0.000000,0.000000,0.000000,0.000000,0.000000,0.000000,0.428463,0.000000,0.351028,0.000000,0.391134,0.484312,0.396429,0.000000,0.378470,0.000000,0.415061,0.000000,0.000000,0.000000,0.000000,0.000000,0.000000,0.000000,0.440459,0.000000,0.000000,0.000000,0.000000,0.000000
0.510727,0.389362,0.000000,0.387094,0.000000,0.000000,0.000000,0.350601,0.000000,0.000000,0.000000,0.363143,0.462682,0.354384,0.000000,0.000000,0.000000,0.379491,0.504225,0.000000,0.000000,0.000000,0.000000,0.312647,0.000000,0.000000,0.000000,0.000000,0.000000,0.000000,0.000000,0.000000,0.463145,0.335111,0.000000,0.000000,0.000000,0.000000,0.000000,0.000000,0.000000,0.000000,0.000000,0.000000,0.000000,0.000000,0.000000,0.000000,0.000000,0.000000,0.000000,0.000000,0.000000,0.000000,0.000000,0.000000,0.000000,0.366117,0.000000,0.000000,0.000000,0.000000,0.000000,0.000000,0.000000,0.000000,0.428879,0.374034,0.469625,0.379544,0.000000,0.352753,0.000000,0.364016,0.000000,0.373121,0.000000,0.403260,0.000000,0.000000,0.000000,0.000000,0.000000,0.000000,0.000000,0.000000,0.000000,0.000000,0.000000,0.000000
0.000000,0.000000,0.000000,0.419100,0.322438,0.000000,0.000000,0.000000,0.000000,0.000000,0.000000,0.000000,0.000000,0.000000,0.328286,0.000000,0.000000,0.000000,0.000000,0.000000,0.000000,0.212738,0.000000,0.398773,0.254288,0.406951,0.375690,0.497309,0.325524,0.000000,0.350104,0.419703,0.000000,0.000000,0.000000,0.000000,0.000000,0.000000,0.000000,0.000000,0.352615,0.000000,0.000000,0.000000,0.000000,0.000000,0.000000,0.000000,0.000000,0.000000,0.000000,0.000000,0.000000,0.000000,0.000000,0.000000,0.000000,0.000000,0.000000,0.000000,0.000000,0.000000,0.000000,0.000000,0.000000,0.000000,0.000000,0.000000,0.000000,0.000000,0.266083,0.293293,0.270147,0.000000,0.000000,0.000000,0.000000,0.000000,0.000000,0.000000,0.000000,0.000000,0.461902,0.000000,0.000000,0.000000,0.000000,0.390574,0.000000,0.000000
0.000000,0.000000,0.000000,0.000000,0.000000,0.320596,0.000000,0.000000,0.000000,0.000000,0.000000,0.000000,0.000000,0.000000,0.000000,0.295228,0.000000,0.000000,0.000000,0.000000,0.212738,0.000000,0.000000,0.000000,0.000000,0.322986,0.514386,0.375598,0.000000,0.305260,0.440177,0.352848,0.000000,0.000000,0.000000,0.000000,0.000000,0.000000,0.000000,0.000000,0.000000,0.000000,0.000000,0.000000,0.000000,0.000000,0.000000,0.000000,0.000000,0.000000,0.000000,0.000000,0.000000,0.482185,0.000000,0.000000,0.000000,0.000000,0.000000,0.000000,0.000000,0.000000,0.000000,0.000000,0.000000,0.000000,0.000000,0.000000,0.000000,0.000000,0.000000,0.242499,0.000000,0.252108,0.000000,0.000000,0.000000,0.000000,0.000000,0.000000,0.000000,0.000000,0.000000,0.423209,0.000000,0.000000,0.000000,0.378718,0.000000,0.000000
0.000000,0.000000,0.305410,0.521785,0.334936,0.524105,0.000000,0.473606,0.000000,0.000000,0.000000,0.000000,0.331339,0.000000,0.000000,0.000000,0.000000,0.000000,0.286169,0.000000,0.000000,0.000000,0.000000,0.489255,0.330911,0.554591,0.000000,0.588969,0.000000,0.000000,0.333406,0.470742,0.449308,0.474645,0.000000,0.000000,0.000000,0.000000,0.000000,0.000000,0.000000,0.000000,0.000000,0.000000,0.000000,0.000000,0.000000,0.000000,0.000000,0.000000,0.000000,0.000000,0.000000,0.000000,0.000000,0.000000,0.382749,0.000000,0.000000,0.000000,0.000000,0.000000,0.000000,0.000000,0.000000,0.000000,0.477270,0.000000,0.365260,0.000000,0.324595,0.000000,0.375636,0.000000,0.000000,0.000000,0.407698,0.415485,0.000000,0.000000,0.000000,0.000000,0.000000,0.000000,0.000000,0.000000,0.000000,0.000000,0.000000,0.000000
0.000000,0.000000,0.000000,0.320569,0.000000,0.000000,0.000000,0.348251,0.000000,0.000000,0.000000,0.000000,0.453508,0.345727,0.000000,0.000000,0.000000,0.000000,0.445833,0.312647,0.398773,0.000000,0.489255,0.000000,0.481842,0.302392,0.466201,0.000000,0.000000,0.000000,0.460030,0.334903,0.472783,0.312710,0.000000,0.000000,0.000000,0.000000,0.000000,0.000000,0.000000,0.000000,0.000000,0.000000,0.000000,0.000000,0.000000,0.000000,0.000000,0.000000,0.000000,0.000000,0.000000,0.000000,0.000000,0.000000,0.000000,0.000000,0.000000,0.000000,0.000000,0.000000,0.000000,0.000000,0.000000,0.000000,0.000000,0.000000,0.000000,0.000000,0.000000,0.294575,0.000000,0.000000,0.000000,0.000000,0.486009,0.409505,0.000000,0.000000,0.000000,0.000000,0.000000,0.000000,0.000000,0.000000,0.000000,0.000000,0.000000,0.000000
0.000000,0.000000,0.000000,0.514866,0.305188,0.544624,0.000000,0.000000,0.000000,0.000000,0.000000,0.000000,0.000000,0.000000,0.000000,0.000000,0.000000,0.000000,0.000000,0.000000,0.254288,0.000000,0.330911,0.481842,0.000000,0.516095,0.331325,0.433294,0.000000,0.000000,0.353462,0.566104,0.000000,0.000000,0.000000,0.000000,0.000000,0.000000,0.000000,0.000000,0.000000,0.000000,0.000000,0.000000,0.000000,0.000000,0.000000,0.000000,0.000000,0.000000,0.000000,0.000000,0.000000,0.000000,0.000000,0.000000,0.000000,0.000000,0.000000,0.000000,0.000000,0.000000,0.000000,0.000000,0.000000,0.000000,0.000000,0.000000,0.000000,0.000000,0.000000,0.000000,0.000000,0.000000,0.000000,0.000000,0.000000,0.000000,0.000000,0.000000,0.000000,0.000000,0.000000,0.000000,0.000000,0.000000,0.000000,0.000000,0.000000,0.000000
0.000000,0.000000,0.556094,0.302446,0.574172,0.500470,0.000000,0.000000,0.000000,0.000000,0.000000,0.000000,0.000000,0.000000,0.000000,0.359140,0.000000,0.000000,0.000000,0.000000,0.406951,0.322986,0.554591,0.302392,0.516095,0.000000,0.493732,0.397123,0.000000,0.000000,0.560256,0.347112,0.000000,0.000000,0.000000,0.000000,0.000000,0.000000,0.000000,0.000000,0.000000,0.000000,0.000000,0.000000,0.000000,0.000000,0.000000,0.000000,0.000000,0.000000,0.000000,0.000000,0.000000,0.000000,0.000000,0.000000,0.000000,0.000000,0.000000,0.000000,0.000000,0.000000,0.000000,0.000000,0.000000,0.000000,0.000000,0.000000,0.000000,0.000000,0.000000,0.347023,0.000000,0.000000,0.000000,0.000000,0.000000,0.000000,0.000000,0.000000,0.000000,0.000000,0.000000,0.000000,0.000000,0.000000,0.000000,0.000000,0.000000,0.000000
0.000000,0.000000,0.000000,0.451167,0.330071,0.552844,0.000000,0.000000,0.000000,0.000000,0.000000,0.000000,0.000000,0.000000,0.325779,0.000000,0.000000,0.000000,0.000000,0.000000,0.375690,0.514386,0.000000,0.466201,0.331325,0.493732,0.000000,0.504379,0.384556,0.000000,0.367665,0.512214,0.000000,0.000000,0.000000,0.000000,0.000000,0.000000,0.000000,0.000000,0.000000,0.000000,0.496809,0.000000,0.000000,0.000000,0.481574,0.000000,0.000000,0.000000,0.000000,0.000000,0.000000,0.000000,0.000000,0.000000,0.000000,0.000000,0.000000,0.000000,0.000000,0.000000,0.000000,0.000000,0.000000,0.000000,0.000000,0.000000,0.000000,0.000000,0.411259,0.000000,0.430123,0.000000,0.000000,0.000000,0.000000,0.000000,0.000000,0.000000,0.000000,0.000000,0.479185,0.000000,0.000000,0.000000,0.000000,0.000000,0.000000,0.000000
0.000000,0.000000,0.000000,0.000000,0.580406,0.453536,0.000000,0.000000,0.000000,0.000000,0.000000,0.000000,0.000000,0.000000,0.000000,0.343513,0.000000,0.000000,0.000000,0.000000,0.497309,0.375598,0.588969,0.000000,0.433294,0.397123,0.504379,0.000000,0.000000,0.241498,0.504072,0.387846,0.000000,0.000000,0.000000,0.000000,0.000000,0.000000,0.000000,0.000000,0.000000,0.000000,0.000000,0.000000,0.000000,0.000000,0.000000,0.000000,0.000000,0.000000,0.000000,0.000000,0.000000,0.000000,0.000000,0.000000,0.000000,0.000000,0.000000,0.000000,0.000000,0.000000,0.000000,0.000000,0.000000,0.000000,0.000000,0.000000,0.000000,0.000000,0.388153,0.352468,0.000000,0.399432,0.000000,0.000000,0.512161,0.453503,0.000000,0.000000,0.000000,0.000000,0.000000,0.435814,0.000000,0.000000,0.000000,0.400043,0.000000,0.000000
0.000000,0.000000,0.000000,0.000000,0.369891,0.000000,0.000000,0.000000,0.000000,0.000000,0.370182,0.000000,0.359121,0.000000,0.398973,0.000000,0.341081,0.000000,0.372705,0.000000,0.325524,0.000000,0.000000,0.000000,0.000000,0.000000,0.384556,0.000000,0.000000,0.000000,0.000000,0.000000,0.000000,0.000000,0.000000,0.000000,0.000000,0.000000,0.000000,0.000000,0.307595,0.000000,0.000000,0.000000,0.000000,0.000000,0.000000,0.000000,0.449801,0.000000,0.000000,0.000000,0.000000,0.000000,0.000000,0.000000,0.000000,0.000000,0.426441,0.000000,0.000000,0.000000,0.320942,0.000000,0.000000,0.000000,0.415990,0.000000,0.000000,0.000000,0.385696,0.000000,0.349561,0.000000,0.000000,0.000000,0.000000,0.000000,0.229522,0.000000,0.356225,0.000000,0.384639,0.000000,0.450012,0.000000,0.000000,0.000000,0.000000,0.000000
0.000000,0.000000,0.000000,0.000000,0.000000,0.461848,0.000000,0.000000,0.000000,0.000000,0.000000,0.295060,0.000000,0.346745,0.000000,0.350676,0.000000,0.347572,0.000000,0.000000,0.000000,0.305260,0.000000,0.000000,0.000000,0.000000,0.000000,0.241498,0.000000,0.000000,0.000000,0.000000,0.000000,0.000000,0.000000,0.000000,0.568309,0.000000,0.000000,0.000000,0.000000,0.000000,0.000000,0.000000,0.572065,0.469651,0.000000,0.559332,0.564871,0.480604,0.000000,0.494598,0.000000,0.000000,0.000000,0.000000,0.000000,0.000000,0.000000,0.000000,0.000000,0.000000,0.000000,0.441882,0.000000,0.000000,0.547408,0.421062,0.000000,0.000000,0.000000,0.000000,0.000000,0.361072,0.000000,0.000000,0.000000,0.000000,0.000000,0.366999,0.000000,0.421299,0.000000,0.431785,0.000000,0.000000,0.000000,0.000000,0.000000,0.000000
0.000000,0.000000,0.000000,0.421998,0.328252,0.531476,0.000000,0.000000,0.000000,0.000000,0.000000,0.000000,0.000000,0.000000,0.000000,0.000000,0.000000,0.000000,0.335171,0.000000,0.350104,0.440177,0.333406,0.460030,0.353462,0.560256,0.367665,0.504072,0.000000,0.000000,0.000000,0.349210,0.441160,0.000000,0.521806,0.000000,0.000000,0.000000,0.000000,0.000000,0.000000,0.000000,0.000000,0.000000,0.000000,0.000000,0.000000,0.000000,0.000000,0.000000,0.000000,0.000000,0.000000,0.000000,0.000000,0.000000,0.000000,0.000000,0.000000,0.000000,0.000000,0.000000,0.000000,0.000000,0.000000,0.000000,0.513228,0.000000,0.000000,0.000000,0.340308,0.000000,0.000000,0.000000,0.000000,0.000000,0.000000,0.000000,0.000000,0.000000,0.000000,0.000000,0.000000,0.000000,0.000000,0.000000,0.000000,0.000000,0.000000,0.000000
0.000000,0.000000,0.000000,0.316884,0.611022,0.385222,0.000000,0.000000,0.000000,0.000000,0.000000,0.000000,0.000000,0.000000,0.000000,0.000000,0.000000,0.000000,0.000000,0.000000,0.419703,0.352848,0.470742,0.334903,0.566104,0.347112,0.512214,0.387846,0.000000,0.000000,0.349210,0.000000,0.442059,0.394488,0.000000,0.436081,0.000000,0.000000,0.000000,0.000000,0.000000,0.000000,0.000000,0.000000,0.000000,0.000000,0.000000,0.000000,0.000000,0.000000,0.000000,0.000000,0.000000,0.000000,0.000000,0.000000,0.000000,0.000000,0.000000,0.000000,0.000000,0.000000,0.000000,0.000000,0.000000,0.000000,0.000000,0.443244,0.000000,0.000000,0.000000,0.385896,0.000000,0.000000,0.000000,0.000000,0.000000,0.460693,0.000000,0.000000,0.000000,0.000000,0.000000,0.000000,0.000000,0.000000,0.000000,0.000000,0.000000,0.000000
0.000000,0.000000,0.000000,0.000000,0.000000,0.000000,0.000000,0.000000,0.000000,0.000000,0.000000,0.000000,0.000000,0.000000,0.000000,0.000000,0.000000,0.000000,0.343673,0.463145,0.000000,0.000000,0.449308,0.472783,0.000000,0.000000,0.000000,0.000000,0.000000,0.000000,0.441160,0.442059,0.000000,0.459348,0.450963,0.449214,0.000000,0.000000,0.000000,0.000000,0.000000,0.000000,0.000000,0.000000,0.000000,0.000000,0.000000,0.000000,0.000000,0.000000,0.000000,0.000000,0.000000,0.000000,0.000000,0.000000,0.000000,0.000000,0.000000,0.000000,0.000000,0.000000,0.000000,0.000000,0.000000,0.000000,0.415738,0.454242,0.361604,0.469663,0.000000,0.000000,0.000000,0.000000,0.000000,0.000000,0.000000,0.000000,0.000000,0.000000,0.000000,0.000000,0.000000,0.000000,0.000000,0.000000,0.000000,0.000000,0.000000,0.000000
0.000000,0.426932,0.000000,0.000000,0.000000,0.000000,0.000000,0.346333,0.000000,0.000000,0.000000,0.000000,0.000000,0.000000,0.000000,0.000000,0.000000,0.000000,0.473307,0.335111,0.000000,0.000000,0.474645,0.312710,0.000000,0.000000,0.000000,0.000000,0.000000,0.000000,0.000000,0.394488,0.459348,0.000000,0.461953,0.430094,0.000000,0.461951,0.000000,0.000000,0.000000,0.000000,0.000000,0.000000,0.000000,0.000000,0.000000,0.000000,0.000000,0.000000,0.000000,0.000000,0.000000,0.000000,0.000000,0.000000,0.000000,0.000000,0.000000,0.000000,0.000000,0.000000,0.000000,0.000000,0.000000,0.000000,0.452268,0.422061,0.429424,0.373125,0.000000,0.000000,0.000000,0.000000,0.000000,0.000000,0.000000,0.000000,0.000000,0.000000,0.000000,0.000000,0.000000,0.000000,0.000000,0.000000,0.000000,0.000000,0.000000,0.000000
0.000000,0.000000,0.000000,0.000000,0.000000,0.000000,0.000000,0.000000,0.000000,0.000000,0.000000,0.000000,0.000000,0.000000,0.000000,0.000000,0.000000,0.000000,0.000000,0.000000,0.000000,0.000000,0.000000,0.000000,0.000000,0.000000,0.000000,0.000000,0.000000,0.000000,0.521806,0.000000,0.450963,0.461953,0.000000,0.403063,0.403932,0.000000,0.000000,0.000000,0.000000,0.000000,0.000000,0.650909,0.450404,0.584720,0.000000,0.000000,0.495285,0.000000,0.000000,0.000000,0.000000,0.000000,0.000000,0.000000,0.000000,0.000000,0.000000,0.000000,0.000000,0.000000,0.000000,0.000000,0.000000,0.000000,0.398873,0.438785,0.000000,0.000000,0.000000,0.000000,0.000000,0.000000,0.000000,0.000000,0.000000,0.000000,0.000000,0.000000,0.000000,0.000000,0.000000,0.000000,0.000000,0.000000,0.000000,0.000000,0.000000,0.000000
0.000000,0.000000,0.000000,0.000000,0.000000,0.000000,0.000000,0.000000,0.000000,0.000000,0.000000,0.000000,0.000000,0.000000,0.000000,0.000000,0.000000,0.000000,0.000000,0.000000,0.000000,0.000000,0.000000,0.000000,0.000000,0.000000,0.000000,0.000000,0.000000,0.000000,0.000000,0.436081,0.449214,0.430094,0.403063,0.000000,0.000000,0.431523,0.000000,0.000000,0.000000,0.000000,0.000000,0.552126,0.489017,0.519166,0.000000,0.000000,0.518276,0.000000,0.000000,0.000000,0.000000,0.000000,0.000000,0.000000,0.000000,0.000000,0.000000,0.000000,0.000000,0.000000,0.000000,0.000000,0.000000,0.000000,0.440174,0.375543,0.000000,0.000000,0.000000,0.000000,0.000000,0.000000,0.000000,0.000000,0.000000,0.000000,0.000000,0.000000,0.000000,0.000000,0.000000,0.000000,0.000000,0.000000,0.000000,0.000000,0.000000,0.000000
0.000000,0.000000,0.000000,0.000000,0.000000,0.000000,0.000000,0.000000,0.000000,0.533543,0.000000,0.000000,0.000000,0.000000,0.000000,0.563710,0.000000,0.000000,0.000000,0.000000,0.000000,0.000000,0.000000,0.000000,0.000000,0.000000,0.000000,0.000000,0.000000,0.568309,0.000000,0.000000,0.000000,0.000000,0.403932,0.000000,0.000000,0.521729,0.391530,0.000000,0.272411,0.000000,0.413308,0.000000,0.475607,0.547320,0.473071,0.000000,0.471652,0.000000,0.472272,0.000000,0.402280,0.000000,0.433498,0.000000,0.000000,0.000000,0.000000,0.000000,0.000000,0.000000,0.000000,0.000000,0.000000,0.000000,0.437634,0.000000,0.000000,0.000000,0.000000,0.000000,0.000000,0.000000,0.000000,0.000000,0.444612,0.557955,0.000000,0.000000,0.000000,0.559116,0.431890,0.000000,0.409043,0.550759,0.424878,0.553050,0.388442,0.000000
0.000000,0.000000,0.000000,0.000000,0.000000,0.000000,0.000000,0.000000,0.000000,0.000000,0.000000,0.000000,0.000000,0.000000,0.000000,0.000000,0.000000,0.000000,0.000000,0.000000,0.000000,0.000000,0.000000,0.000000,0.000000,0.000000,0.000000,0.000000,0.000000,0.000000,0.000000,0.000000,0.000000,0.461951,0.000000,0.431523,0.521729,0.000000,0.000000,0.361660,0.000000,0.348689,0.475929,0.494297,0.000000,0.489626,0.000000,0.501161,0.000000,0.000000,0.000000,0.000000,0.000000,0.000000,0.000000,0.472486,0.000000,0.537799,0.000000,0.518234,0.000000,0.000000,0.000000,0.000000,0.000000,0.000000,0.000000,0.422217,0.000000,0.000000,0.513045,0.000000,0.000000,0.000000,0.000000,0.000000,0.555658,0.444526,0.000000,0.000000,0.000000,0.000000,0.000000,0.384318,0.000000,0.000000,0.000000,0.396968,0.000000,0.463261
0.000000,0.000000,0.000000,0.000000,0.000000,0.000000,0.000000,0.000000,0.000000,0.000000,0.000000,0.000000,0.000000,0.000000,0.000000,0.000000,0.000000,0.000000,0.000000,0.000000,0.000000,0.000000,0.000000,0.000000,0.000000,0.000000,0.000000,0.000000,0.000000,0.000000,0.000000,0.000000,0.000000,0.000000,0.000000,0.000000,0.391530,0.000000,0.000000,0.000000,0.279064,0.000000,0.426044,0.000000,0.451737,0.000000,0.387744,0.000000,0.428097,0.000000,0.000000,0.000000,0.000000,0.000000,0.380221,0.000000,0.000000,0.000000,0.000000,0.000000,0.000000,0.000000,0.000000,0.000000,0.000000,0.000000,0.438799,0.000000,0.000000,0.000000,0.000000,0.000000,0.000000,0.000000,0.000000,0.000000,0.000000,0.000000,0.000000,0.000000,0.000000,0.000000,0.342495,0.000000,0.000000,0.000000,0.374328,0.000000,0.430623,0.000000
0.000000,0.000000,0.000000,0.000000,0.000000,0.000000,0.000000,0.000000,0.000000,0.000000,0.000000,0.000000,0.000000,0.000000,0.000000,0.000000,0.000000,0.000000,0.000000,0.000000,0.000000,0.000000,0.000000,0.000000,0.000000,0.000000,0.000000,0.000000,0.000000,0.000000,0.000000,0.000000,0.000000,0.000000,0.000000,0.000000,0.000000,0.361660,0.000000,0.000000,0.000000,0.379908,0.000000,0.406424,0.000000,0.000000,0.000000,0.459237,0.000000,0.000000,0.000000,0.000000,0.000000,0.000000,0.000000,0.433901,0.000000,0.000000,0.000000,0.000000,0.000000,0.000000,0.000000,0.000000,0.000000,0.000000,0.000000,0.418456,0.000000,0.000000,0.000000,0.000000,0.000000,0.000000,0.000000,0.000000,0.000000,0.000000,0.000000,0.000000,0.000000,0.000000,0.000000,0.353190,0.000000,0.000000,0.000000,0.368106,0.000000,0.448596
0.000000,0.000000,0.000000,0.000000,0.000000,0.000000,0.000000,0.000000,0.000000,0.000000,0.000000,0.000000,0.000000,0.000000,0.351126,0.000000,0.000000,0.000000,0.000000,0.000000,0.352615,0.000000,0.000000,0.000000,0.000000,0.000000,0.000000,0.000000,0.307595,0.000000,0.000000,0.000000,0.000000,0.000000,0.000000,0.000000,0.272411,0.000000,0.279064,0.000000,0.000000,0.000000,0.000000,0.000000,0.000000,0.000000,0.490071,0.000000,0.501313,0.000000,0.541822,0.000000,0.000000,0.000000,0.000000,0.000000,0.000000,0.000000,0.000000,0.000000,0.000000,0.000000,0.000000,0.000000,0.000000,0.000000,0.000000,0.000000,0.000000,0.000000,0.366540,0.000000,0.000000,0.000000,0.000000,0.000000,0.401451,0.000000,0.000000,0.000000,0.000000,0.000000,0.410490,0.000000,0.000000,0.000000,0.431189,0.000000,0.000000,0.000000
0.000000,0.000000,0.000000,0.000000,0.000000,0.000000,0.000000,0.000000,0.000000,0.000000,0.000000,0.000000,0.000000,0.000000,0.000000,0.000000,0.000000,0.000000,0.000000,0.000000,0.000000,0.000000,0.000000,0.000000,0.000000,0.000000,0.000000,0.000000,0.000000,0.000000,0.000000,0.000000,0.000000,0.000000,0.000000,0.000000,0.000000,0.348689,0.000000,0.379908,0.000000,0.000000,0.000000,0.502993,0.000000,0.000000,0.000000,0.536311,0.000000,0.490595,0.000000,0.000000,0.000000,0.542942,0.000000,0.534641,0.000000,0.000000,0.000000,0.000000,0.000000,0.000000,0.000000,0.000000,0.000000,0.000000,0.000000,0.000000,0.000000,0.000000,0.000000,0.000000,0.000000,0.000000,0.000000,0.000000,0.000000,0.000000,0.000000,0.000000,0.000000,0.000000,0.000000,0.339999,0.000000,0.000000,0.000000,0.407117,0.000000,0.000000
0.000000,0.000000,0.000000,0.000000,0.472106,0.000000,0.000000,0.000000,0.499776,0.000000,0.000000,0.000000,0.507592,0.000000,0.500403,0.000000,0.000000,0.000000,0.000000,0.000000,0.000000,0.000000,0.000000,0.000000,0.000000,0.000000,0.496809,0.000000,0.000000,0.000000,0.000000,0.000000,0.000000,0.000000,0.000000,0.000000,0.413308,0.475929,0.426044,0.000000,0.000000,0.000000,0.000000,0.522984,0.355740,0.628927,0.376972,0.000000,0.365569,0.000000,0.349403,0.000000,0.339533,0.000000,0.000000,0.000000,0.000000,0.000000,0.000000,0.000000,0.000000,0.000000,0.000000,0.000000,0.000000,0.000000,0.405407,0.501324,0.000000,0.000000,0.000000,0.000000,0.000000,0.000000,0.000000,0.000000,0.492564,0.000000,0.000000,0.000000,0.000000,0.000000,0.000000,0.000000,0.000000,0.000000,0.000000,0.000000,0.000000,0.000000
0.000000,0.000000,0.000000,0.000000,0.000000,0.000000,0.000000,0.000000,0.000000,0.476022,0.000000,0.000000,0.000000,0.000000,0.000000,0.448685,0.000000,0.000000,0.000000,0.000000,0.000000,0.000000,0.000000,0.000000,0.000000,0.000000,0.000000,0.000000,0.000000,0.000000,0.000000,0.000000,0.000000,0.000000,0.650909,0.552126,0.000000,0.494297,0.000000,0.406424,0.000000,0.502993,0.522984,0.000000,0.616836,0.362925,0.000000,0.376431,0.591721,0.369556,0.000000,0.427039,0.000000,0.311141,0.000000,0.366603,0.000000,0.000000,0.000000,0.000000,0.000000,0.000000,0.000000,0.000000,0.000000,0.000000,0.569631,0.403919,0.000000,0.000000,0.000000,0.000000,0.000000,0.541465,0.000000,0.000000,0.000000,0.484274,0.000000,0.000000,0.000000,0.000000,0.000000,0.000000,0.000000,0.000000,0.000000,0.495556,0.000000,0.463923
0.000000,0.000000,0.000000,0.000000,0.000000,0.000000,0.000000,0.000000,0.000000,0.553862,0.000000,0.000000,0.000000,0.000000,0.000000,0.553405,0.000000,0.000000,0.000000,0.000000,0.000000,0.000000,0.000000,0.000000,0.000000,0.000000,0.000000,0.000000,0.000000,0.572065,0.000000,0.000000,0.000000,0.000000,0.450404,0.489017,0.475607,0.000000,0.451737,0.000000,0.000000,0.000000,0.355740,0.616836,0.000000,0.607734,0.380087,0.584797,0.339671,0.629315,0.000000,0.000000,0.000000,0.000000,0.000000,0.000000,0.000000,0.000000,0.385168,0.000000,0.000000,0.000000,0.000000,0.000000,0.000000,0.000000,0.384629,0.560859,0.000000,0.000000,0.000000,0.000000,0.000000,0.000000,0.000000,0.000000,0.472478,0.597156,0.000000,0.000000,0.000000,0.596408,0.000000,0.000000,0.000000,0.593036,0.000000,0.000000,0.000000,0.000000
0.000000,0.000000,0.000000,0.000000,0.000000,0.000000,0.000000,0.000000,0.000000,0.000000,0.000000,0.000000,0.000000,0.000000,0.000000,0.496399,0.000000,0.000000,0.000000,0.000000,0.000000,0.000000,0.000000,0.000000,0.000000,0.000000,0.000000,0.000000,0.000000,0.469651,0.000000,0.000000,0.000000,0.000000,0.584720,0.519166,0.547320,0.489626,0.000000,0.000000,0.000000,0.000000,0.628927,0.362925,0.607734,0.000000,0.000000,0.383462,0.625924,0.385875,0.000000,0.422880,0.000000,0.000000,0.000000,0.448754,0.000000,0.000000,0.000000,0.000000,0.000000,0.000000,0.000000,0.000000,0.000000,0.000000,0.575083,0.346875,0.000000,0.000000,0.000000,0.441896,0.000000,0.475082,0.000000,0.000000,0.000000,0.000000,0.000000,0.000000,0.000000,0.436923,0.000000,0.474533,0.000000,0.431725,0.000000,0.456784,0.000000,0.464177
0.000000,0.000000,0.000000,0.000000,0.483912,0.000000,0.000000,0.000000,0.503463,0.000000,0.000000,0.000000,0.523529,0.000000,0.521226,0.000000,0.000000,0.000000,0.000000,0.000000,0.000000,0.000000,0.000000,0.000000,0.000000,0.000000,0.481574,0.000000,0.000000,0.000000,0.000000,0.000000,0.000000,0.000000,0.000000,0.000000,0.473071,0.000000,0.387744,0.000000,0.490071,0.000000,0.376972,0.000000,0.380087,0.000000,0.000000,0.272633,0.391246,0.000000,0.381992,0.000000,0.357967,0.000000,0.338921,0.000000,0.000000,0.000000,0.000000,0.000000,0.000000,0.000000,0.000000,0.000000,0.000000,0.000000,0.299554,0.000000,0.000000,0.000000,0.000000,0.000000,0.000000,0.000000,0.000000,0.000000,0.493996,0.000000,0.000000,0.000000,0.000000,0.000000,0.455385,0.000000,0.476384,0.000000,0.445038,0.000000,0.386731,0.000000
0.000000,0.000000,0.000000,0.000000,0.000000,0.530134,0.000000,0.000000,0.000000,0.515622,0.000000,0.000000,0.000000,0.000000,0.000000,0.534760,0.000000,0.000000,0.000000,0.000000,0.000000,0.000000,0.000000,0.000000,0.000000,0.000000,0.000000,0.000000,0.000000,0.559332,0.000000,0.000000,0.000000,0.000000,0.000000,0.000000,0.000000,0.501161,0.000000,0.459237,0.000000,0.536311,0.000000,0.376431,0.584797,0.383462,0.272633,0.000000,0.000000,0.355770,0.000000,0.324449,0.000000,0.303782,0.000000,0.386683,0.000000,0.000000,0.000000,0.000000,0.000000,0.000000,0.000000,0.000000,0.000000,0.000000,0.568260,0.405781,0.000000,0.000000,0.000000,0.000000,0.000000,0.541763,0.000000,0.000000,0.000000,0.000000,0.000000,0.000000,0.000000,0.000000,0.000000,0.478007,0.000000,0.553243,0.000000,0.506480,0.000000,0.000000
0.000000,0.000000,0.000000,0.000000,0.472834,0.000000,0.000000,0.000000,0.499751,0.540128,0.000000,0.000000,0.485198,0.000000,0.504573,0.545077,0.000000,0.000000,0.000000,0.000000,0.000000,0.000000,0.000000,0.000000,0.000000,0.000000,0.000000,0.000000,0.449801,0.564871,0.000000,0.000000,0.000000,0.000000,0.495285,0.518276,0.471652,0.000000,0.428097,0.000000,0.501313,0.000000,0.365569,0.591721,0.339671,0.625924,0.391246,0.000000,0.000000,0.646895,0.419200,0.617460,0.000000,0.000000,0.424841,0.000000,0.000000,0.000000,0.373153,0.000000,0.000000,0.000000,0.000000,0.000000,0.000000,0.000000,0.391454,0.598900,0.000000,0.000000,0.000000,0.000000,0.474239,0.000000,0.000000,0.000000,0.487479,0.560536,0.464608,0.000000,0.442815,0.551661,0.483359,0.553908,0.460639,0.558805,0.473206,0.515630,0.443494,0.000000
