0.000000,0.557524,0.429832,0.546790,0.000000,0.000000,0.433754,0.000000,0.000000,0.000000,0.424327,0.000000,0.425068,0.000000,0.000000,0.000000,0.384544,0.000000,0.425305,0.581616,0.000000,0.000000,0.000000,0.000000,0.000000,0.000000,0.000000,0.000000,0.000000,0.000000,0.000000,0.000000,0.000000,0.566122,0.000000,0.000000,0.496066,0.000000,0.000000,0.000000,0.000000,0.000000,0.000000,0.000000,0.000000,0.000000,0.000000,0.000000,0.000000,0.000000,0.000000,0.000000,0.000000,0.000000,0.000000,0.000000,0.465070,0.000000,0.000000,0.000000,0.478428,0.000000,0.422341,0.000000,0.452116,0.000000,0.000000,0.000000,0.447625,0.580156,0.455022,0.512961,0.429396,0.000000,0.469512,0.000000,0.437433,0.561250,0.000000,0.000000,0.518568,0.000000,0.000000,0.000000,0.508000,0.000000,0.000000,0.000000,0.503979,0.000000
0.557524,0.000000,0.000000,0.434915,0.000000,0.000000,0.000000,0.444391,0.000000,0.000000,0.000000,0.432394,0.000000,0.405525,0.000000,0.000000,0.000000,0.444644,0.545433,0.382931,0.000000,0.000000,0.000000,0.000000,0.000000,0.000000,0.000000,0.000000,0.000000,0.000000,0.000000,0.000000,0.000000,0.000000,0.000000,0.000000,0.000000,0.000000,0.000000,0.000000,0.000000,0.502684,0.000000,0.000000,0.000000,0.000000,0.000000,0.000000,0.000000,0.000000,0.000000,0.422918,0.000000,0.000000,0.000000,0.000000,0.519051,0.453322,0.000000,0.482464,0.521535,0.477662,0.000000,0.467212,0.521914,0.497167,0.509633,0.000000,0.000000,0.000000,0.000000,0.477201,0.000000,0.401608,0.000000,0.488592,0.000000,0.462044,0.000000,0.000000,0.000000,0.474460,0.000000,0.000000,0.000000,0.000000,0.000000,0.491862,0.000000,0.000000
0.429832,0.000000,0.000000,0.574800,0.287519,0.000000,0.395468,0.000000,0.373687,0.000000,0.450190,0.000000,0.380383,0.000000,0.390069,0.000000,0.436138,0.000000,0.372259,0.577006,0.000000,0.000000,0.355138,0.365158,0.349621,0.356021,0.000000,0.000000,0.413357,0.000000,0.000000,0.354524,0.000000,0.000000,0.000000,0.000000,0.000000,0.000000,0.000000,0.000000,0.000000,0.000000,0.000000,0.000000,0.000000,0.000000,0.000000,0.000000,0.000000,0.000000,0.000000,0.000000,0.000000,0.000000,0.000000,0.000000,0.441472,0.000000,0.000000,0.000000,0.000000,0.000000,0.000000,0.000000,0.000000,0.000000,0.000000,0.000000,0.369080,0.000000,0.000000,0.000000,0.427970,0.000000,0.000000,0.000000,0.000000,0.000000,0.000000,0.000000,0.000000,0.000000,0.000000,0.000000,0.000000,0.000000,0.000000,0.000000,0.000000,0.000000
0.546790,0.434915,0.574800,0.000000,0.000000,0.329685,0.000000,0.401957,0.000000,0.000000,0.000000,0.471405,0.499200,0.411916,0.000000,0.000000,0.000000,0.445609,0.558359,0.354244,0.000000,0.000000,0.487250,0.361388,0.000000,0.000000,0.000000,0.000000,0.000000,0.000000,0.000000,0.310492,0.000000,0.284647,0.000000,0.000000,0.000000,0.000000,0.000000,0.000000,0.000000,0.000000,0.000000,0.000000,0.000000,0.000000,0.000000,0.000000,0.000000,0.000000,0.000000,0.000000,0.000000,0.000000,0.000000,0.000000,0.538024,0.000000,0.000000,0.000000,0.000000,0.000000,0.000000,0.000000,0.000000,0.000000,0.000000,0.000000,0.000000,0.000000,0.000000,0.000000,0.000000,0.000000,0.000000,0.000000,0.000000,0.433251,0.000000,0.000000,0.000000,0.000000,0.000000,0.000000,0.000000,0.000000,0.000000,0.000000,0.000000,0.000000
0.000000,0.000000,0.287519,0.000000,0.000000,0.000000,0.000000,0.000000,0.329964,0.000000,0.000000,0.000000,0.000000,0.000000,0.364433,0.546973,0.000000,0.000000,0.000000,0.000000,0.368768,0.000000,0.236613,0.000000,0.256583,0.000000,0.322518,0.000000,0.451852,0.000000,0.347074,0.000000,0.000000,0.000000,0.000000,0.000000,0.000000,0.584324,0.430555,0.000000,0.000000,0.000000,0.526187,0.000000,0.000000,0.000000,0.535149,0.000000,0.000000,0.000000,0.472289,0.000000,0.000000,0.000000,0.000000,0.000000,0.000000,0.000000,0.000000,0.000000,0.000000,0.000000,0.000000,0.000000,0.000000,0.000000,0.000000,0.000000,0.000000,0.000000,0.367035,0.000000,0.378548,0.000000,0.398799,0.565827,0.437903,0.548942,0.000000,0.000000,0.000000,0.000000,0.474104,0.000000,0.000000,0.000000,0.424144,0.000000,0.000000,0.000000
0.000000,0.000000,0.000000,0.329685,0.000000,0.000000,0.000000,0.000000,0.000000,0.307976,0.000000,0.000000,0.000000,0.000000,0.000000,0.391682,0.000000,0.000000,0.000000,0.000000,0.000000,0.293139,0.000000,0.386042,0.561582,0.312937,0.550352,0.311540,0.000000,0.455068,0.505312,0.000000,0.000000,0.000000,0.000000,0.000000,0.000000,0.000000,0.000000,0.000000,0.000000,0.000000,0.000000,0.000000,0.000000,0.000000,0.000000,0.000000,0.000000,0.000000,0.000000,0.000000,0.000000,0.000000,0.000000,0.000000,0.000000,0.000000,0.000000,0.000000,0.000000,0.000000,0.000000,0.000000,0.000000,0.000000,0.000000,0.000000,0.000000,0.000000,0.000000,0.432366,0.000000,0.400701,0.000000,0.440520,0.000000,0.000000,0.000000,0.000000,0.000000,0.000000,0.000000,0.485720,0.000000,0.000000,0.000000,0.000000,0.000000,0.000000
0.433754,0.000000,0.395468,0.000000,0.000000,0.000000,0.000000,0.000000,0.000000,0.000000,0.402890,0.000000,0.368602,0.436388,0.000000,0.425395,0.000000,0.000000,0.000000,0.000000,0.000000,0.000000,0.407430,0.000000,0.327825,0.000000,0.000000,0.000000,0.000000,0.000000,0.000000,0.000000,0.000000,0.000000,0.000000,0.000000,0.000000,0.000000,0.000000,0.000000,0.000000,0.000000,0.000000,0.000000,0.000000,0.000000,0.000000,0.000000,0.000000,0.000000,0.000000,0.000000,0.000000,0.000000,0.000000,0.000000,0.000000,0.000000,0.000000,0.000000,0.000000,0.000000,0.000000,0.000000,0.000000,0.000000,0.000000,0.000000,0.000000,0.000000,0.000000,0.000000,0.000000,0.000000,0.000000,0.000000,0.402455,0.000000,0.000000,0.000000,0.000000,0.000000,0.000000,0.000000,0.498521,0.000000,0.000000,0.000000,0.000000,0.000000
0.000000,0.444391,0.000000,0.401957,0.000000,0.000000,0.000000,0.000000,0.000000,0.287797,0.000000,0.412373,0.000000,0.368684,0.000000,0.000000,0.000000,0.000000,0.000000,0.438731,0.000000,0.000000,0.487652,0.406802,0.000000,0.000000,0.000000,0.000000,0.000000,0.000000,0.000000,0.000000,0.000000,0.000000,0.000000,0.000000,0.000000,0.000000,0.000000,0.000000,0.000000,0.000000,0.000000,0.000000,0.000000,0.000000,0.000000,0.000000,0.000000,0.000000,0.000000,0.000000,0.000000,0.000000,0.000000,0.000000,0.000000,0.000000,0.000000,0.000000,0.000000,0.000000,0.000000,0.000000,0.000000,0.000000,0.000000,0.000000,0.000000,0.000000,0.000000,0.000000,0.000000,0.000000,0.000000,0.000000,0.000000,0.000000,0.000000,0.000000,0.000000,0.000000,0.000000,0.000000,0.000000,0.000000,0.000000,0.000000,0.000000,0.000000
0.000000,0.000000,0.373687,0.000000,0.329964,0.000000,0.000000,0.000000,0.000000,0.478955,0.000000,0.000000,0.264628,0.500337,0.339010,0.534916,0.000000,0.000000,0.000000,0.000000,0.000000,0.000000,0.359264,0.000000,0.377210,0.469355,0.000000,0.000000,0.393493,0.000000,0.000000,0.000000,0.000000,0.000000,0.000000,0.000000,0.000000,0.573113,0.000000,0.000000,0.000000,0.000000,0.000000,0.000000,0.000000,0.000000,0.513374,0.000000,0.000000,0.000000,0.512642,0.000000,0.000000,0.000000,0.000000,0.000000,0.000000,0.000000,0.000000,0.000000,0.415440,0.000000,0.000000,0.000000,0.000000,0.000000,0.000000,0.000000,0.000000,0.000000,0.000000,0.000000,0.000000,0.000000,0.417148,0.531008,0.422333,0.000000,0.000000,0.000000,0.000000,0.000000,0.495560,0.000000,0.000000,0.000000,0.000000,0.000000,0.000000,0.000000
0.000000,0.000000,0.000000,0.000000,0.000000,0.307976,0.000000,0.287797,0.478955,0.000000,0.000000,0.000000,0.000000,0.000000,0.000000,0.379470,0.000000,0.000000,0.000000,0.000000,0.000000,0.000000,0.480606,0.414634,0.000000,0.000000,0.000000,0.000000,0.000000,0.422002,0.000000,0.000000,0.000000,0.000000,0.000000,0.000000,0.000000,0.393399,0.000000,0.000000,0.000000,0.000000,0.000000,0.000000,0.000000,0.000000,0.000000,0.526493,0.000000,0.000000,0.000000,0.000000,0.000000,0.000000,0.000000,0.000000,0.000000,0.000000,0.000000,0.000000,0.000000,0.000000,0.000000,0.000000,0.000000,0.000000,0.000000,0.000000,0.000000,0.000000,0.000000,0.000000,0.000000,0.389929,0.000000,0.397662,0.000000,0.403555,0.000000,0.000000,0.000000,0.000000,0.000000,0.473433,0.000000,0.000000,0.000000,0.469378,0.000000,0.000000
0.424327,0.000000,0.450190,0.000000,0.000000,0.000000,0.402890,0.000000,0.000000,0.000000,0.000000,0.501888,0.376531,0.500521,0.000000,0.000000,0.347654,0.000000,0.456222,0.527312,0.000000,0.000000,0.432947,0.515494,0.000000,0.000000,0.000000,0.000000,0.361812,0.000000,0.000000,0.000000,0.000000,0.497713,0.000000,0.000000,0.000000,0.000000,0.000000,0.000000,0.000000,0.000000,0.000000,0.000000,0.000000,0.000000,0.000000,0.000000,0.000000,0.000000,0.000000,0.000000,0.000000,0.000000,0.000000,0.000000,0.000000,0.000000,0.000000,0.000000,0.000000,0.000000,0.000000,0.000000,0.000000,0.000000,0.000000,0.000000,0.000000,0.000000,0.000000,0.000000,0.000000,0.000000,0.000000,0.000000,0.000000,0.000000,0.000000,0.000000,0.000000,0.000000,0.000000,0.000000,0.483309,0.000000,0.000000,0.000000,0.000000,0.000000
0.000000,0.432394,0.000000,0.471405,0.000000,0.000000,0.000000,0.412373,0.000000,0.000000,0.501888,0.000000,0.486839,0.378478,0.000000,0.000000,0.000000,0.450925,0.500127,0.485101,0.000000,0.000000,0.491990,0.476178,0.000000,0.000000,0.000000,0.000000,0.517691,0.435685,0.000000,0.000000,0.000000,0.000000,0.000000,0.000000,0.000000,0.000000,0.000000,0.000000,0.000000,0.000000,0.000000,0.000000,0.000000,0.000000,0.000000,0.000000,0.000000,0.000000,0.501474,0.000000,0.000000,0.000000,0.000000,0.000000,0.000000,0.000000,0.000000,0.000000,0.000000,0.000000,0.000000,0.000000,0.484789,0.000000,0.000000,0.000000,0.000000,0.000000,0.489816,0.434887,0.452035,0.000000,0.000000,0.000000,0.000000,0.000000,0.000000,0.000000,0.000000,0.432819,0.000000,0.000000,0.000000,0.000000,0.503841,0.000000,0.000000,0.000000
0.425068,0.000000,0.380383,0.499200,0.000000,0.000000,0.368602,0.000000,0.264628,0.000000,0.376531,0.486839,0.000000,0.485492,0.354834,0.569726,0.000000,0.000000,0.000000,0.467379,0.000000,0.000000,0.400239,0.505238,0.000000,0.000000,0.000000,0.000000,0.415695,0.000000,0.000000,0.497810,0.000000,0.509260,0.455359,0.000000,0.000000,0.580955,0.000000,0.000000,0.000000,0.000000,0.511334,0.000000,0.000000,0.000000,0.530507,0.566765,0.000000,0.000000,0.491824,0.000000,0.524962,0.000000,0.000000,0.000000,0.000000,0.000000,0.450321,0.000000,0.438098,0.000000,0.000000,0.000000,0.437763,0.000000,0.451825,0.000000,0.000000,0.000000,0.000000,0.000000,0.408512,0.470339,0.419019,0.508102,0.412491,0.605765,0.000000,0.000000,0.431626,0.447380,0.486574,0.000000,0.000000,0.000000,0.507334,0.000000,0.000000,0.000000
0.000000,0.405525,0.000000,0.411916,0.000000,0.000000,0.436388,0.368684,0.500337,0.000000,0.500521,0.378478,0.485492,0.000000,0.000000,0.315217,0.000000,0.363343,0.000000,0.482140,0.000000,0.000000,0.488518,0.428563,0.528459,0.000000,0.000000,0.000000,0.000000,0.377794,0.000000,0.000000,0.000000,0.000000,0.000000,0.000000,0.000000,0.000000,0.000000,0.000000,0.000000,0.000000,0.532827,0.000000,0.000000,0.000000,0.000000,0.000000,0.000000,0.000000,0.511411,0.000000,0.538757,0.000000,0.000000,0.000000,0.000000,0.437038,0.473355,0.000000,0.471498,0.000000,0.000000,0.000000,0.464383,0.430474,0.474435,0.464000,0.000000,0.000000,0.000000,0.000000,0.478321,0.406366,0.527892,0.415656,0.000000,0.439637,0.000000,0.000000,0.508987,0.417345,0.487046,0.000000,0.000000,0.000000,0.513179,0.000000,0.000000,0.000000
0.000000,0.000000,0.390069,0.000000,0.364433,0.000000,0.000000,0.000000,0.339010,0.000000,0.000000,0.000000,0.354834,0.000000,0.000000,0.537372,0.000000,0.000000,0.000000,0.000000,0.376395,0.000000,0.000000,0.000000,0.402710,0.000000,0.397025,0.000000,0.384850,0.000000,0.000000,0.000000,0.000000,0.000000,0.000000,0.000000,0.000000,0.581453,0.000000,0.000000,0.000000,0.000000,0.000000,0.000000,0.000000,0.000000,0.533731,0.000000,0.000000,0.000000,0.498205,0.000000,0.520719,0.000000,0.000000,0.000000,0.000000,0.000000,0.000000,0.000000,0.429934,0.000000,0.000000,0.000000,0.000000,0.000000,0.000000,0.000000,0.000000,0.000000,0.000000,0.000000,0.384100,0.000000,0.445450,0.000000,0.426468,0.000000,0.000000,0.000000,0.000000,0.000000,0.466768,0.000000,0.000000,0.000000,0.000000,0.000000,0.000000,0.000000
0.000000,0.000000,0.000000,0.000000,0.546973,0.391682,0.425395,0.000000,0.534916,0.379470,0.000000,0.000000,0.569726,0.315217,0.537372,0.000000,0.000000,0.447063,0.000000,0.000000,0.000000,0.386360,0.478313,0.000000,0.542275,0.379098,0.000000,0.424969,0.000000,0.412639,0.000000,0.000000,0.000000,0.000000,0.000000,0.000000,0.000000,0.508999,0.000000,0.000000,0.000000,0.386217,0.000000,0.537166,0.000000,0.519407,0.000000,0.545617,0.000000,0.517093,0.000000,0.497181,0.000000,0.541606,0.000000,0.492169,0.000000,0.000000,0.000000,0.484470,0.000000,0.000000,0.000000,0.000000,0.000000,0.000000,0.000000,0.472879,0.000000,0.000000,0.000000,0.386437,0.552674,0.425203,0.000000,0.416263,0.000000,0.451257,0.000000,0.000000,0.000000,0.436721,0.000000,0.463643,0.000000,0.502609,0.000000,0.456471,0.000000,0.490809
0.384544,0.000000,0.436138,0.000000,0.000000,0.000000,0.000000,0.000000,0.000000,0.000000,0.347654,0.000000,0.000000,0.000000,0.000000,0.000000,0.000000,0.000000,0.443994,0.000000,0.000000,0.000000,0.000000,0.000000,0.000000,0.000000,0.000000,0.000000,0.377347,0.000000,0.000000,0.000000,0.000000,0.000000,0.000000,0.000000,0.000000,0.000000,0.000000,0.000000,0.000000,0.000000,0.000000,0.000000,0.000000,0.000000,0.000000,0.000000,0.000000,0.000000,0.000000,0.000000,0.000000,0.000000,0.000000,0.000000,0.381869,0.000000,0.000000,0.000000,0.000000,0.000000,0.411346,0.000000,0.000000,0.000000,0.000000,0.000000,0.000000,0.000000,0.000000,0.000000,0.425217,0.000000,0.000000,0.000000,0.000000,0.000000,0.336895,0.000000,0.380737,0.000000,0.000000,0.000000,0.000000,0.000000,0.000000,0.000000,0.000000,0.000000
0.000000,0.444644,0.000000,0.445609,0.000000,0.000000,0.000000,0.000000,0.000000,0.000000,0.000000,0.450925,0.000000,0.363343,0.000000,0.447063,0.000000,0.000000,0.525634,0.461875,0.000000,0.000000,0.000000,0.000000,0.000000,0.000000,0.000000,0.000000,0.000000,0.388908,0.000000,0.000000,0.000000,0.000000,0.000000,0.000000,0.000000,0.000000,0.000000,0.000000,0.000000,0.000000,0.000000,0.000000,0.000000,0.000000,0.000000,0.000000,0.000000,0.000000,0.000000,0.000000,0.000000,0.000000,0.000000,0.000000,0.000000,0.348089,0.000000,0.446777,0.000000,0.429609,0.000000,0.401624,0.000000,0.457532,0.000000,0.000000,0.000000,0.000000,0.000000,0.000000,0.000000,0.363342,0.000000,0.000000,0.000000,0.000000,0.000000,0.313569,0.000000,0.427533,0.000000,0.461479,0.000000,0.000000,0.000000,0.000000,0.000000,0.000000
0.425305,0.545433,0.372259,0.558359,0.000000,0.000000,0.000000,0.000000,0.000000,0.000000,0.456222,0.500127,0.000000,0.000000,0.000000,0.000000,0.443994,0.525634,0.000000,0.580852,0.000000,0.000000,0.444154,0.536855,0.000000,0.000000,0.000000,0.000000,0.440131,0.000000,0.000000,0.000000,0.471204,0.551288,0.000000,0.000000,0.000000,0.000000,0.000000,0.000000,0.000000,0.000000,0.000000,0.000000,0.000000,0.000000,0.000000,0.000000,0.000000,0.000000,0.000000,0.000000,0.000000,0.000000,0.000000,0.000000,0.000000,0.000000,0.000000,0.000000,0.000000,0.000000,0.000000,0.000000,0.000000,0.000000,0.486225,0.000000,0.407047,0.563631,0.000000,0.000000,0.439271,0.000000,0.000000,0.000000,0.000000,0.536715,0.000000,0.000000,0.000000,0.000000,0.000000,0.000000,0.000000,0.000000,0.000000,0.000000,0.000000,0.000000
0.581616,0.382931,0.577006,0.354244,0.000000,0.000000,0.000000,0.438731,0.000000,0.000000,0.527312,0.485101,0.467379,0.482140,0.000000,0.000000,0.000000,0.461875,0.580852,0.000000,0.000000,0.000000,0.000000,0.355956,0.000000,0.000000,0.000000,0.000000,0.000000,0.000000,0.000000,0.000000,0.571146,0.407501,0.000000,0.000000,0.000000,0.000000,0.000000,0.000000,0.000000,0.000000,0.000000,0.000000,0.000000,0.000000,0.000000,0.000000,0.000000,0.000000,0.000000,0.000000,0.000000,0.000000,0.000000,0.000000,0.000000,0.000000,0.000000,0.000000,0.000000,0.000000,0.000000,0.000000,0.000000,0.000000,0.000000,0.476429,0.518857,0.434217,0.545921,0.466843,0.526989,0.000000,0.000000,0.000000,0.521690,0.434400,0.000000,0.000000,0.000000,0.000000,0.000000,0.000000,0.000000,0.000000,0.000000,0.000000,0.000000,0.000000
0.000000,0.000000,0.000000,0.000000,0.368768,0.000000,0.000000,0.000000,0.000000,0.000000,0.000000,0.000000,0.000000,0.000000,0.376395,0.000000,0.000000,0.000000,0.000000,0.000000,0.000000,0.277056,0.000000,0.000000,0.354831,0.477925,0.358402,0.545016,0.387919,0.000000,0.362410,0.435889,0.000000,0.000000,0.000000,0.000000,0.000000,0.000000,0.409530,0.000000,0.386155,0.000000,0.000000,0.000000,0.000000,0.000000,0.000000,0.000000,0.000000,0.000000,0.000000,0.000000,0.000000,0.000000,0.000000,0.000000,0.000000,0.000000,0.000000,0.000000,0.000000,0.000000,0.000000,0.000000,0.000000,0.000000,0.000000,0.000000,0.000000,0.000000,0.299502,0.000000,0.309249,0.000000,0.000000,0.000000,0.000000,0.000000,0.000000,0.000000,0.000000,0.000000,0.409785,0.000000,0.000000,0.000000,0.000000,0.000000,0.000000,0.000000
0.000000,0.000000,0.000000,0.000000,0.000000,0.293139,0.000000,0.000000,0.000000,0.000000,0.000000,0.000000,0.000000,0.000000,0.000000,0.386360,0.000000,0.000000,0.000000,0.000000,0.277056,0.000000,0.000000,0.000000,0.388736,0.351249,0.433958,0.371656,0.000000,0.440930,0.282796,0.351238,0.000000,0.000000,0.000000,0.000000,0.000000,0.000000,0.000000,0.371612,0.357785,0.376703,0.000000,0.000000,0.000000,0.000000,0.000000,0.000000,0.000000,0.000000,0.000000,0.000000,0.000000,0.000000,0.000000,0.000000,0.000000,0.000000,0.000000,0.000000,0.000000,0.000000,0.000000,0.000000,0.000000,0.000000,0.000000,0.000000,0.000000,0.000000,0.000000,0.338049,0.000000,0.392127,0.000000,0.000000,0.000000,0.000000,0.000000,0.000000,0.000000,0.000000,0.000000,0.444343,0.000000,0.000000,0.000000,0.000000,0.000000,0.000000
0.000000,0.000000,0.355138,0.487250,0.236613,0.000000,0.407430,0.487652,0.359264,0.480606,0.432947,0.491990,0.400239,0.488518,0.000000,0.478313,0.000000,0.000000,0.444154,0.000000,0.000000,0.000000,0.000000,0.489890,0.479932,0.333523,0.000000,0.000000,0.000000,0.000000,0.399774,0.421468,0.469241,0.000000,0.591725,0.000000,0.000000,0.000000,0.000000,0.000000,0.000000,0.000000,0.000000,0.000000,0.000000,0.000000,0.000000,0.000000,0.000000,0.000000,0.000000,0.000000,0.000000,0.000000,0.000000,0.000000,0.000000,0.000000,0.000000,0.000000,0.000000,0.000000,0.000000,0.000000,0.000000,0.455328,0.551240,0.000000,0.000000,0.000000,0.000000,0.462647,0.000000,0.000000,0.000000,0.000000,0.485622,0.000000,0.000000,0.000000,0.000000,0.445114,0.000000,0.000000,0.000000,0.000000,0.000000,0.000000,0.000000,0.000000
0.000000,0.000000,0.365158,0.361388,0.000000,0.386042,0.000000,0.406802,0.000000,0.414634,0.515494,0.476178,0.505238,0.428563,0.000000,0.000000,0.000000,0.000000,0.536855,0.355956,0.000000,0.000000,0.489890,0.000000,0.547695,0.341894,0.000000,0.000000,0.000000,0.000000,0.488392,0.356654,0.000000,0.489450,0.000000,0.480868,0.000000,0.000000,0.000000,0.000000,0.000000,0.000000,0.000000,0.000000,0.000000,0.000000,0.000000,0.000000,0.000000,0.000000,0.000000,0.000000,0.000000,0.000000,0.000000,0.000000,0.000000,0.000000,0.000000,0.000000,0.000000,0.000000,0.000000,0.000000,0.000000,0.000000,0.000000,0.549595,0.000000,0.000000,0.000000,0.000000,0.519762,0.000000,0.000000,0.000000,0.000000,0.000000,0.000000,0.000000,0.000000,0.000000,0.000000,0.000000,0.000000,0.000000,0.000000,0.000000,0.000000,0.000000
0.000000,0.000000,0.349621,0.000000,0.256583,0.561582,0.327825,0.000000,0.377210,0.000000,0.000000,0.000000,0.000000,0.528459,0.402710,0.542275,0.000000,0.000000,0.000000,0.000000,0.354831,0.388736,0.479932,0.547695,0.000000,0.514498,0.351292,0.532125,0.000000,0.543744,0.326763,0.381717,0.000000,0.000000,0.000000,0.000000,0.000000,0.000000,0.000000,0.000000,0.000000,0.000000,0.504330,0.000000,0.000000,0.000000,0.513669,0.000000,0.000000,0.000000,0.486583,0.000000,0.504152,0.000000,0.503787,0.000000,0.000000,0.000000,0.000000,0.000000,0.000000,0.000000,0.000000,0.000000,0.000000,0.000000,0.000000,0.560657,0.000000,0.000000,0.365009,0.000000,0.393869,0.000000,0.410507,0.553992,0.413601,0.544133,0.000000,0.000000,0.000000,0.554151,0.492677,0.000000,0.000000,0.000000,0.000000,0.000000,0.000000,0.000000
0.000000,0.000000,0.356021,0.000000,0.000000,0.312937,0.000000,0.000000,0.469355,0.000000,0.000000,0.000000,0.000000,0.000000,0.000000,0.379098,0.000000,0.000000,0.000000,0.000000,0.477925,0.351249,0.333523,0.341894,0.514498,0.000000,0.428918,0.306546,0.000000,0.000000,0.500965,0.349549,0.000000,0.000000,0.000000,0.000000,0.000000,0.000000,0.000000,0.000000,0.000000,0.000000,0.000000,0.000000,0.000000,0.000000,0.000000,0.000000,0.000000,0.000000,0.000000,0.000000,0.000000,0.000000,0.000000,0.000000,0.000000,0.000000,0.000000,0.000000,0.000000,0.000000,0.000000,0.000000,0.000000,0.000000,0.000000,0.000000,0.000000,0.000000,0.000000,0.000000,0.000000,0.000000,0.000000,0.000000,0.000000,0.000000,0.000000,0.000000,0.000000,0.000000,0.000000,0.000000,0.000000,0.000000,0.000000,0.000000,0.000000,0.000000
0.000000,0.000000,0.000000,0.000000,0.322518,0.550352,0.000000,0.000000,0.000000,0.000000,0.000000,0.000000,0.000000,0.000000,0.397025,0.000000,0.000000,0.000000,0.000000,0.000000,0.358402,0.433958,0.000000,0.000000,0.351292,0.428918,0.000000,0.520694,0.425045,0.482442,0.336798,0.338560,0.000000,0.000000,0.000000,0.000000,0.000000,0.000000,0.000000,0.000000,0.419505,0.000000,0.000000,0.000000,0.000000,0.000000,0.000000,0.000000,0.000000,0.000000,0.481186,0.000000,0.000000,0.000000,0.000000,0.000000,0.000000,0.000000,0.000000,0.000000,0.000000,0.000000,0.000000,0.000000,0.000000,0.000000,0.000000,0.000000,0.000000,0.000000,0.310421,0.450393,0.357718,0.000000,0.445885,0.000000,0.000000,0.545308,0.000000,0.000000,0.000000,0.000000,0.455250,0.487605,0.000000,0.000000,0.441493,0.000000,0.000000,0.000000
0.000000,0.000000,0.000000,0.000000,0.000000,0.311540,0.000000,0.000000,0.000000,0.000000,0.000000,0.000000,0.000000,0.000000,0.000000,0.424969,0.000000,0.000000,0.000000,0.000000,0.545016,0.371656,0.000000,0.000000,0.532125,0.306546,0.520694,0.000000,0.000000,0.436459,0.514178,0.401723,0.000000,0.000000,0.000000,0.000000,0.492018,0.000000,0.000000,0.351378,0.435343,0.350169,0.000000,0.000000,0.000000,0.000000,0.000000,0.000000,0.000000,0.000000,0.000000,0.000000,0.000000,0.000000,0.000000,0.000000,0.000000,0.000000,0.000000,0.000000,0.000000,0.000000,0.000000,0.000000,0.000000,0.000000,0.000000,0.000000,0.000000,0.000000,0.000000,0.339954,0.000000,0.262666,0.000000,0.000000,0.000000,0.000000,0.000000,0.000000,0.000000,0.000000,0.000000,0.460603,0.000000,0.000000,0.000000,0.000000,0.000000,0.000000
0.000000,0.000000,0.413357,0.000000,0.451852,0.000000,0.000000,0.000000,0.393493,0.000000,0.361812,0.517691,0.415695,0.000000,0.384850,0.000000,0.377347,0.000000,0.440131,0.000000,0.387919,0.000000,0.000000,0.000000,0.000000,0.000000,0.425045,0.000000,0.000000,0.000000,0.000000,0.000000,0.000000,0.000000,0.000000,0.000000,0.000000,0.000000,0.000000,0.000000,0.268463,0.000000,0.000000,0.000000,0.000000,0.000000,0.000000,0.000000,0.000000,0.000000,0.492744,0.000000,0.000000,0.000000,0.000000,0.000000,0.418048,0.000000,0.451842,0.000000,0.458064,0.000000,0.000000,0.000000,0.458279,0.000000,0.456709,0.000000,0.000000,0.000000,0.388876,0.478898,0.362039,0.000000,0.000000,0.000000,0.000000,0.000000,0.351031,0.000000,0.360660,0.000000,0.329487,0.000000,0.000000,0.000000,0.000000,0.000000,0.000000,0.000000
0.000000,0.000000,0.000000,0.000000,0.000000,0.455068,0.000000,0.000000,0.000000,0.422002,0.000000,0.435685,0.000000,0.377794,0.000000,0.412639,0.000000,0.388908,0.000000,0.000000,0.000000,0.440930,0.000000,0.000000,0.543744,0.000000,0.482442,0.436459,0.000000,0.000000,0.000000,0.000000,0.000000,0.000000,0.000000,0.000000,0.000000,0.000000,0.000000,0.000000,0.000000,0.000000,0.000000,0.000000,0.000000,0.000000,0.000000,0.000000,0.000000,0.515230,0.000000,0.479108,0.000000,0.000000,0.000000,0.477714,0.000000,0.000000,0.000000,0.479399,0.000000,0.000000,0.000000,0.000000,0.000000,0.414906,0.000000,0.462346,0.000000,0.000000,0.000000,0.379070,0.571345,0.331250,0.000000,0.000000,0.000000,0.000000,0.000000,0.328104,0.000000,0.421075,0.000000,0.455288,0.000000,0.505004,0.000000,0.000000,0.000000,0.495176
0.000000,0.000000,0.000000,0.000000,0.347074,0.505312,0.000000,0.000000,0.000000,0.000000,0.000000,0.000000,0.000000,0.000000,0.000000,0.000000,0.000000,0.000000,0.000000,0.000000,0.362410,0.282796,0.399774,0.488392,0.326763,0.500965,0.336798,0.514178,0.000000,0.000000,0.000000,0.428362,0.507637,0.000000,0.492143,0.000000,0.000000,0.000000,0.000000,0.000000,0.000000,0.000000,0.000000,0.000000,0.000000,0.000000,0.000000,0.000000,0.000000,0.000000,0.000000,0.000000,0.000000,0.000000,0.000000,0.000000,0.000000,0.000000,0.000000,0.000000,0.000000,0.000000,0.000000,0.000000,0.000000,0.000000,0.559878,0.000000,0.000000,0.000000,0.357442,0.000000,0.000000,0.000000,0.000000,0.000000,0.000000,0.000000,0.000000,0.000000,0.000000,0.000000,0.000000,0.000000,0.000000,0.000000,0.000000,0.000000,0.000000,0.000000
0.000000,0.000000,0.354524,0.310492,0.000000,0.000000,0.000000,0.000000,0.000000,0.000000,0.000000,0.000000,0.497810,0.000000,0.000000,0.000000,0.000000,0.000000,0.000000,0.000000,0.435889,0.351238,0.421468,0.356654,0.381717,0.349549,0.338560,0.401723,0.000000,0.000000,0.428362,0.000000,0.000000,0.504805,0.000000,0.566501,0.000000,0.000000,0.000000,0.000000,0.000000,0.000000,0.000000,0.000000,0.000000,0.000000,0.000000,0.000000,0.000000,0.000000,0.000000,0.000000,0.000000,0.000000,0.000000,0.000000,0.000000,0.000000,0.000000,0.000000,0.000000,0.000000,0.000000,0.000000,0.000000,0.000000,0.000000,0.538575,0.000000,0.000000,0.000000,0.358449,0.000000,0.000000,0.000000,0.000000,0.000000,0.000000,0.000000,0.000000,0.000000,0.000000,0.000000,0.000000,0.000000,0.000000,0.000000,0.000000,0.000000,0.000000
0.000000,0.000000,0.000000,0.000000,0.000000,0.000000,0.000000,0.000000,0.000000,0.000000,0.000000,0.000000,0.000000,0.000000,0.000000,0.000000,0.000000,0.000000,0.471204,0.571146,0.000000,0.000000,0.469241,0.000000,0.000000,0.000000,0.000000,0.000000,0.000000,0.000000,0.507637,0.000000,0.000000,0.500812,0.462225,0.000000,0.000000,0.000000,0.000000,0.000000,0.000000,0.000000,0.000000,0.000000,0.000000,0.440924,0.000000,0.000000,0.000000,0.000000,0.000000,0.000000,0.000000,0.000000,0.000000,0.000000,0.000000,0.000000,0.000000,0.000000,0.000000,0.000000,0.000000,0.000000,0.000000,0.000000,0.492290,0.492018,0.412805,0.573038,0.000000,0.000000,0.000000,0.000000,0.000000,0.000000,0.000000,0.000000,0.000000,0.000000,0.000000,0.000000,0.000000,0.000000,0.000000,0.000000,0.000000,0.000000,0.000000,0.000000
0.566122,0.000000,0.000000,0.284647,0.000000,0.000000,0.000000,0.000000,0.000000,0.000000,0.497713,0.000000,0.509260,0.000000,0.000000,0.000000,0.000000,0.000000,0.551288,0.407501,0.000000,0.000000,0.000000,0.489450,0.000000,0.000000,0.000000,0.000000,0.000000,0.000000,0.000000,0.504805,0.500812,0.000000,0.472670,0.510269,0.000000,0.000000,0.000000,0.000000,0.000000,0.000000,0.000000,0.000000,0.000000,0.483589,0.000000,0.000000,0.000000,0.000000,0.000000,0.000000,0.000000,0.000000,0.000000,0.000000,0.000000,0.000000,0.000000,0.000000,0.000000,0.000000,0.000000,0.000000,0.000000,0.000000,0.515878,0.494775,0.527258,0.384727,0.000000,0.000000,0.000000,0.000000,0.000000,0.000000,0.000000,0.000000,0.000000,0.000000,0.000000,0.000000,0.000000,0.000000,0.000000,0.000000,0.000000,0.000000,0.000000,0.000000
0.000000,0.000000,0.000000,0.000000,0.000000,0.000000,0.000000,0.000000,0.000000,0.000000,0.000000,0.000000,0.455359,0.000000,0.000000,0.000000,0.000000,0.000000,0.000000,0.000000,0.000000,0.000000,0.591725,0.000000,0.000000,0.000000,0.000000,0.000000,0.000000,0.000000,0.492143,0.000000,0.462225,0.472670,0.000000,0.540064,0.000000,0.000000,0.000000,0.000000,0.000000,0.000000,0.533367,0.000000,0.528073,0.533847,0.431983,0.000000,0.548634,0.560424,0.000000,0.000000,0.000000,0.000000,0.000000,0.000000,0.000000,0.000000,0.566140,0.000000,0.000000,0.000000,0.000000,0.000000,0.000000,0.000000,0.505393,0.572354,0.000000,0.000000,0.000000,0.000000,0.000000,0.000000,0.000000,0.000000,0.472480,0.000000,0.000000,0.000000,0.000000,0.000000,0.000000,0.000000,0.000000,0.000000,0.000000,0.000000,0.000000,0.000000
0.000000,0.000000,0.000000,0.000000,0.000000,0.000000,0.000000,0.000000,0.000000,0.000000,0.000000,0.000000,0.000000,0.000000,0.000000,0.000000,0.000000,0.000000,0.000000,0.000000,0.000000,0.000000,0.000000,0.480868,0.000000,0.000000,0.000000,0.000000,0.000000,0.000000,0.000000,0.566501,0.000000,0.510269,0.540064,0.000000,0.000000,0.436012,0.000000,0.522708,0.000000,0.000000,0.000000,0.635149,0.555807,0.499476,0.000000,0.000000,0.543615,0.529824,0.000000,0.000000,0.000000,0.000000,0.000000,0.000000,0.000000,0.000000,0.539051,0.538504,0.000000,0.000000,0.000000,0.000000,0.000000,0.000000,0.495555,0.513258,0.000000,0.000000,0.000000,0.000000,0.000000,0.000000,0.000000,0.000000,0.000000,0.000000,0.000000,0.000000,0.000000,0.000000,0.000000,0.000000,0.000000,0.000000,0.000000,0.447947,0.000000,0.000000
0.496066,0.000000,0.000000,0.000000,0.000000,0.000000,0.000000,0.000000,0.000000,0.000000,0.000000,0.000000,0.000000,0.000000,0.000000,0.000000,0.000000,0.000000,0.000000,0.000000,0.000000,0.000000,0.000000,0.000000,0.000000,0.000000,0.000000,0.492018,0.000000,0.000000,0.000000,0.000000,0.000000,0.000000,0.000000,0.000000,0.000000,0.529997,0.365885,0.000000,0.429687,0.000000,0.444652,0.000000,0.470910,0.000000,0.426374,0.000000,0.000000,0.000000,0.491951,0.000000,0.536648,0.000000,0.288430,0.000000,0.000000,0.000000,0.000000,0.000000,0.000000,0.000000,0.000000,0.000000,0.000000,0.000000,0.449952,0.000000,0.000000,0.000000,0.416901,0.000000,0.000000,0.000000,0.000000,0.000000,0.492511,0.000000,0.000000,0.000000,0.000000,0.000000,0.397158,0.000000,0.000000,0.000000,0.411755,0.000000,0.000000,0.000000
0.000000,0.000000,0.000000,0.000000,0.584324,0.000000,0.000000,0.000000,0.573113,0.393399,0.000000,0.000000,0.580955,0.000000,0.581453,0.508999,0.000000,0.000000,0.000000,0.000000,0.000000,0.000000,0.000000,0.000000,0.000000,0.000000,0.000000,0.000000,0.000000,0.000000,0.000000,0.000000,0.000000,0.000000,0.000000,0.436012,0.529997,0.000000,0.000000,0.409663,0.000000,0.343372,0.000000,0.564127,0.000000,0.000000,0.000000,0.444849,0.000000,0.000000,0.000000,0.000000,0.000000,0.000000,0.000000,0.375233,0.000000,0.000000,0.000000,0.000000,0.000000,0.000000,0.000000,0.000000,0.000000,0.000000,0.000000,0.515101,0.000000,0.000000,0.000000,0.452092,0.615373,0.519323,0.000000,0.000000,0.000000,0.474293,0.000000,0.000000,0.000000,0.000000,0.576420,0.373627,0.000000,0.457153,0.000000,0.398363,0.000000,0.344763
0.000000,0.000000,0.000000,0.000000,0.430555,0.000000,0.000000,0.000000,0.000000,0.000000,0.000000,0.000000,0.000000,0.000000,0.000000,0.000000,0.000000,0.000000,0.000000,0.000000,0.409530,0.000000,0.000000,0.000000,0.000000,0.000000,0.000000,0.000000,0.000000,0.000000,0.000000,0.000000,0.000000,0.000000,0.000000,0.000000,0.365885,0.000000,0.000000,0.000000,0.295981,0.000000,0.472865,0.000000,0.506300,0.000000,0.455955,0.000000,0.000000,0.000000,0.000000,0.000000,0.000000,0.000000,0.403066,0.000000,0.000000,0.000000,0.000000,0.000000,0.000000,0.000000,0.000000,0.000000,0.000000,0.000000,0.508401,0.000000,0.000000,0.000000,0.389313,0.000000,0.408385,0.000000,0.000000,0.000000,0.000000,0.000000,0.000000,0.000000,0.000000,0.000000,0.385278,0.000000,0.000000,0.000000,0.384311,0.000000,0.000000,0.000000
0.000000,0.000000,0.000000,0.000000,0.000000,0.000000,0.000000,0.000000,0.000000,0.000000,0.000000,0.000000,0.000000,0.000000,0.000000,0.000000,0.000000,0.000000,0.000000,0.000000,0.000000,0.371612,0.000000,0.000000,0.000000,0.000000,0.000000,0.351378,0.000000,0.000000,0.000000,0.000000,0.000000,0.000000,0.000000,0.522708,0.000000,0.409663,0.000000,0.000000,0.000000,0.313467,0.000000,0.470028,0.000000,0.553150,0.000000,0.456576,0.000000,0.000000,0.000000,0.000000,0.000000,0.000000,0.000000,0.410624,0.000000,0.000000,0.000000,0.000000,0.000000,0.000000,0.000000,0.000000,0.000000,0.000000,0.000000,0.523571,0.000000,0.000000,0.000000,0.000000,0.000000,0.384125,0.000000,0.000000,0.000000,0.000000,0.000000,0.000000,0.000000,0.000000,0.000000,0.372587,0.000000,0.481905,0.000000,0.364702,0.000000,0.420765
0.000000,0.000000,0.000000,0.000000,0.000000,0.000000,0.000000,0.000000,0.000000,0.000000,0.000000,0.000000,0.000000,0.000000,0.000000,0.000000,0.000000,0.000000,0.000000,0.000000,0.386155,0.357785,0.000000,0.000000,0.000000,0.000000,0.419505,0.435343,0.268463,0.000000,0.000000,0.000000,0.000000,0.000000,0.000000,0.000000,0.429687,0.000000,0.295981,0.000000,0.000000,0.000000,0.000000,0.000000,0.000000,0.000000,0.000000,0.000000,0.000000,0.000000,0.493940,0.000000,0.476962,0.000000,0.000000,0.000000,0.000000,0.000000,0.000000,0.000000,0.000000,0.000000,0.000000,0.000000,0.000000,0.000000,0.000000,0.000000,0.000000,0.000000,0.379738,0.000000,0.475519,0.000000,0.000000,0.000000,0.463395,0.000000,0.000000,0.000000,0.000000,0.000000,0.393246,0.000000,0.000000,0.000000,0.409801,0.000000,0.000000,0.000000
0.000000,0.502684,0.000000,0.000000,0.000000,0.000000,0.000000,0.000000,0.000000,0.000000,0.000000,0.000000,0.000000,0.000000,0.000000,0.386217,0.000000,0.000000,0.000000,0.000000,0.000000,0.376703,0.000000,0.000000,0.000000,0.000000,0.000000,0.350169,0.000000,0.000000,0.000000,0.000000,0.000000,0.000000,0.000000,0.000000,0.000000,0.343372,0.000000,0.313467,0.000000,0.000000,0.000000,0.000000,0.000000,0.000000,0.000000,0.434559,0.000000,0.000000,0.000000,0.000000,0.000000,0.000000,0.000000,0.000000,0.000000,0.000000,0.000000,0.000000,0.000000,0.000000,0.000000,0.000000,0.000000,0.000000,0.000000,0.000000,0.000000,0.513708,0.000000,0.404764,0.000000,0.434742,0.000000,0.464508,0.000000,0.000000,0.000000,0.000000,0.000000,0.000000,0.000000,0.382743,0.000000,0.393084,0.000000,0.396780,0.000000,0.000000
0.000000,0.000000,0.000000,0.000000,0.526187,0.000000,0.000000,0.000000,0.000000,0.000000,0.000000,0.000000,0.511334,0.532827,0.000000,0.000000,0.000000,0.000000,0.000000,0.000000,0.000000,0.000000,0.000000,0.000000,0.504330,0.000000,0.000000,0.000000,0.000000,0.000000,0.000000,0.000000,0.000000,0.000000,0.533367,0.000000,0.444652,0.000000,0.472865,0.000000,0.000000,0.000000,0.000000,0.636439,0.427096,0.636709,0.406004,0.241039,0.359869,0.679683,0.331607,0.000000,0.361258,0.000000,0.368201,0.000000,0.000000,0.000000,0.000000,0.000000,0.000000,0.000000,0.000000,0.000000,0.000000,0.000000,0.384144,0.000000,0.000000,0.000000,0.000000,0.000000,0.539368,0.516626,0.000000,0.000000,0.000000,0.000000,0.000000,0.000000,0.549374,0.000000,0.531804,0.000000,0.543939,0.000000,0.511270,0.000000,0.000000,0.000000
0.000000,0.000000,0.000000,0.000000,0.000000,0.000000,0.000000,0.000000,0.000000,0.000000,0.000000,0.000000,0.000000,0.000000,0.000000,0.537166,0.000000,0.000000,0.000000,0.000000,0.000000,0.000000,0.000000,0.000000,0.000000,0.000000,0.000000,0.000000,0.000000,0.000000,0.000000,0.000000,0.000000,0.000000,0.000000,0.635149,0.000000,0.564127,0.000000,0.470028,0.000000,0.000000,0.636439,0.000000,0.599443,0.416177,0.598116,0.386076,0.689459,0.475129,0.687408,0.378594,0.000000,0.287811,0.000000,0.418557,0.000000,0.000000,0.000000,0.000000,0.000000,0.000000,0.000000,0.000000,0.000000,0.000000,0.614071,0.431687,0.000000,0.000000,0.000000,0.000000,0.000000,0.000000,0.000000,0.000000,0.000000,0.000000,0.000000,0.000000,0.000000,0.519108,0.000000,0.506947,0.000000,0.482205,0.516352,0.000000,0.000000,0.000000
0.000000,0.000000,0.000000,0.000000,0.000000,0.000000,0.000000,0.000000,0.000000,0.000000,0.000000,0.000000,0.000000,0.000000,0.000000,0.000000,0.000000,0.000000,0.000000,0.000000,0.000000,0.000000,0.000000,0.000000,0.000000,0.000000,0.000000,0.000000,0.000000,0.000000,0.000000,0.000000,0.000000,0.000000,0.528073,0.555807,0.470910,0.000000,0.506300,0.000000,0.000000,0.000000,0.427096,0.599443,0.000000,0.631866,0.498283,0.564638,0.361935,0.659972,0.381150,0.714413,0.000000,0.000000,0.419470,0.000000,0.000000,0.000000,0.000000,0.594387,0.000000,0.000000,0.000000,0.000000,0.000000,0.000000,0.468208,0.599937,0.000000,0.000000,0.000000,0.000000,0.000000,0.000000,0.000000,0.000000,0.473941,0.000000,0.000000,0.000000,0.000000,0.000000,0.512084,0.000000,0.000000,0.000000,0.492930,0.000000,0.000000,0.000000
0.000000,0.000000,0.000000,0.000000,0.000000,0.000000,0.000000,0.000000,0.000000,0.000000,0.000000,0.000000,0.000000,0.000000,0.000000,0.519407,0.000000,0.000000,0.000000,0.000000,0.000000,0.000000,0.000000,0.000000,0.000000,0.000000,0.000000,0.000000,0.000000,0.000000,0.000000,0.000000,0.440924,0.483589,0.533847,0.499476,0.000000,0.000000,0.000000,0.553150,0.000000,0.000000,0.636709,0.416177,0.631866,0.000000,0.624505,0.484193,0.658673,0.336731,0.700491,0.335761,0.000000,0.000000,0.000000,0.475115,0.000000,0.000000,0.000000,0.279749,0.000000,0.000000,0.000000,0.000000,0.000000,0.000000,0.666219,0.422777,0.000000,0.000000,0.000000,0.000000,0.000000,0.487486,0.000000,0.000000,0.000000,0.000000,0.000000,0.000000,0.000000,0.525625,0.000000,0.000000,0.000000,0.000000,0.000000,0.000000,0.000000,0.000000
0.000000,0.000000,0.000000,0.000000,0.535149,0.000000,0.000000,0.000000,0.513374,0.000000,0.000000,0.000000,0.530507,0.000000,0.533731,0.000000,0.000000,0.000000,0.000000,0.000000,0.000000,0.000000,0.000000,0.000000,0.513669,0.000000,0.000000,0.000000,0.000000,0.000000,0.000000,0.000000,0.000000,0.000000,0.431983,0.000000,0.426374,0.000000,0.455955,0.000000,0.000000,0.000000,0.406004,0.598116,0.498283,0.624505,0.000000,0.582200,0.000000,0.693126,0.321648,0.000000,0.386164,0.000000,0.342040,0.420841,0.000000,0.000000,0.000000,0.000000,0.000000,0.000000,0.000000,0.000000,0.000000,0.000000,0.469946,0.644636,0.000000,0.000000,0.000000,0.000000,0.541017,0.514183,0.000000,0.000000,0.000000,0.000000,0.000000,0.000000,0.000000,0.000000,0.519782,0.000000,0.490402,0.000000,0.504458,0.000000,0.000000,0.000000
0.000000,0.000000,0.000000,0.000000,0.000000,0.000000,0.000000,0.000000,0.000000,0.526493,0.000000,0.000000,0.566765,0.000000,0.000000,0.545617,0.000000,0.000000,0.000000,0.000000,0.000000,0.000000,0.000000,0.000000,0.000000,0.000000,0.000000,0.000000,0.000000,0.000000,0.000000,0.000000,0.000000,0.000000,0.000000,0.000000,0.000000,0.444849,0.000000,0.456576,0.000000,0.434559,0.241039,0.386076,0.564638,0.484193,0.582200,0.000000,0.000000,0.000000,0.000000,0.000000,0.000000,0.349749,0.000000,0.361475,0.000000,0.000000,0.000000,0.000000,0.000000,0.000000,0.000000,0.000000,0.000000,0.000000,0.000000,0.410299,0.000000,0.000000,0.000000,0.000000,0.000000,0.000000,0.000000,0.000000,0.000000,0.000000,0.000000,0.000000,0.000000,0.526891,0.549545,0.527542,0.000000,0.519729,0.525876,0.000000,0.000000,0.503302
0.000000,0.000000,0.000000,0.000000,0.000000,0.000000,0.000000,0.000000,0.000000,0.000000,0.000000,0.000000,0.000000,0.000000,0.000000,0.000000,0.000000,0.000000,0.000000,0.000000,0.000000,0.000000,0.000000,0.000000,0.000000,0.000000,0.000000,0.000000,0.000000,0.000000,0.000000,0.000000,0.000000,0.000000,0.548634,0.543615,0.000000,0.000000,0.000000,0.000000,0.000000,0.000000,0.359869,0.689459,0.361935,0.658673,0.000000,0.000000,0.000000,0.660890,0.458321,0.724031,0.000000,0.000000,0.000000,0.000000,0.000000,0.000000,0.410835,0.591330,0.271320,0.000000,0.000000,0.000000,0.000000,0.000000,0.582279,0.584893,0.000000,0.000000,0.000000,0.000000,0.000000,0.000000,0.000000,0.000000,0.479684,0.000000,0.000000,0.000000,0.000000,0.000000,0.000000,0.000000,0.000000,0.000000,0.000000,0.000000,0.000000,0.000000
