0.000000,0.000000,0.388392,0.000000,0.000000,0.000000,0.412108,0.000000,0.000000,0.000000,0.325023,0.000000,0.323865,0.000000,0.000000,0.000000,0.364289,0.000000,0.410483,0.372589,0.000000,0.000000,0.000000,0.000000,0.000000,0.000000,0.000000,0.000000,0.340496,0.000000,0.000000,0.000000,0.385135,0.405914,0.431417,0.000000,0.000000,0.000000,0.000000,0.000000,0.000000,0.000000,0.000000,0.000000,0.000000,0.000000,0.000000,0.000000,0.000000,0.000000,0.000000,0.000000,0.000000,0.000000,0.000000,0.000000,0.360533,0.432845,0.000000,0.000000,0.349524,0.000000,0.341650,0.000000,0.000000,0.000000,0.000000,0.000000,0.405124,0.364219,0.000000,0.000000,0.000000,0.000000,0.000000,0.000000,0.000000,0.000000,0.370130,0.000000,0.346855,0.000000,0.000000,0.000000,0.000000,0.000000,0.000000,0.000000,0.000000,0.000000
0.000000,0.000000,0.000000,0.385590,0.000000,0.000000,0.000000,0.403726,0.000000,0.000000,0.000000,0.258848,0.000000,0.000000,0.000000,0.000000,0.000000,0.282074,0.364151,0.336467,0.000000,0.000000,0.000000,0.497357,0.000000,0.000000,0.000000,0.000000,0.000000,0.315011,0.471228,0.000000,0.477951,0.416251,0.000000,0.000000,0.568027,0.425109,0.540700,0.000000,0.000000,0.000000,0.493525,0.000000,0.000000,0.602246,0.503803,0.614865,0.000000,0.585394,0.515990,0.000000,0.000000,0.000000,0.000000,0.000000,0.512376,0.386144,0.000000,0.507653,0.526937,0.438655,0.000000,0.514657,0.542176,0.467455,0.445996,0.571422,0.366720,0.557014,0.000000,0.509032,0.000000,0.000000,0.000000,0.000000,0.000000,0.603716,0.000000,0.293391,0.000000,0.347911,0.000000,0.000000,0.518536,0.000000,0.000000,0.000000,0.505890,0.000000
0.388392,0.000000,0.000000,0.000000,0.000000,0.000000,0.302223,0.000000,0.000000,0.000000,0.000000,0.000000,0.000000,0.000000,0.000000,0.000000,0.000000,0.000000,0.389524,0.370766,0.000000,0.000000,0.000000,0.000000,0.000000,0.000000,0.000000,0.000000,0.000000,0.000000,0.373537,0.378021,0.368229,0.380643,0.401528,0.000000,0.000000,0.000000,0.000000,0.471036,0.000000,0.000000,0.000000,0.000000,0.000000,0.000000,0.000000,0.000000,0.000000,0.538142,0.000000,0.000000,0.000000,0.000000,0.000000,0.000000,0.497194,0.000000,0.000000,0.000000,0.000000,0.557922,0.000000,0.000000,0.000000,0.000000,0.000000,0.526513,0.341842,0.000000,0.000000,0.389067,0.000000,0.000000,0.000000,0.000000,0.000000,0.000000,0.000000,0.000000,0.000000,0.000000,0.000000,0.000000,0.000000,0.000000,0.000000,0.000000,0.000000,0.000000
0.000000,0.385590,0.000000,0.000000,0.000000,0.000000,0.377179,0.395706,0.000000,0.000000,0.000000,0.000000,0.000000,0.000000,0.000000,0.000000,0.000000,0.000000,0.327429,0.338912,0.000000,0.000000,0.000000,0.247165,0.000000,0.000000,0.000000,0.000000,0.000000,0.000000,0.000000,0.446241,0.387879,0.337798,0.000000,0.000000,0.000000,0.000000,0.000000,0.000000,0.000000,0.000000,0.000000,0.000000,0.000000,0.000000,0.000000,0.000000,0.000000,0.000000,0.000000,0.000000,0.000000,0.000000,0.000000,0.461834,0.000000,0.450882,0.000000,0.000000,0.000000,0.000000,0.000000,0.425502,0.000000,0.430970,0.000000,0.595174,0.383650,0.381876,0.000000,0.587470,0.000000,0.000000,0.000000,0.000000,0.000000,0.000000,0.000000,0.000000,0.000000,0.000000,0.000000,0.000000,0.000000,0.000000,0.000000,0.000000,0.000000,0.000000
0.000000,0.000000,0.000000,0.000000,0.000000,0.000000,0.000000,0.000000,0.000000,0.000000,0.000000,0.000000,0.000000,0.000000,0.258179,0.000000,0.000000,0.000000,0.000000,0.000000,0.324683,0.000000,0.000000,0.000000,0.000000,0.000000,0.343975,0.000000,0.258160,0.000000,0.000000,0.000000,0.000000,0.000000,0.000000,0.000000,0.000000,0.000000,0.411224,0.000000,0.000000,0.000000,0.000000,0.000000,0.000000,0.000000,0.000000,0.000000,0.000000,0.000000,0.000000,0.000000,0.000000,0.000000,0.000000,0.000000,0.000000,0.000000,0.000000,0.000000,0.000000,0.000000,0.000000,0.000000,0.000000,0.000000,0.000000,0.000000,0.000000,0.000000,0.393191,0.000000,0.320114,0.000000,0.000000,0.000000,0.000000,0.000000,0.000000,0.000000,0.000000,0.000000,0.000000,0.000000,0.000000,0.000000,0.000000,0.000000,0.000000,0.000000
0.000000,0.000000,0.000000,0.000000,0.000000,0.000000,0.000000,0.000000,0.000000,0.000000,0.000000,0.000000,0.000000,0.000000,0.000000,0.000000,0.000000,0.000000,0.000000,0.000000,0.000000,0.000000,0.000000,0.000000,0.000000,0.000000,0.000000,0.000000,0.000000,0.000000,0.000000,0.000000,0.000000,0.000000,0.000000,0.000000,0.000000,0.000000,0.000000,0.000000,0.000000,0.000000,0.000000,0.000000,0.000000,0.000000,0.000000,0.000000,0.000000,0.000000,0.000000,0.000000,0.000000,0.000000,0.000000,0.000000,0.000000,0.000000,0.000000,0.000000,0.000000,0.000000,0.000000,0.000000,0.000000,0.000000,0.000000,0.000000,0.000000,0.000000,0.000000,0.000000,0.000000,0.000000,0.000000,0.000000,0.000000,0.000000,0.000000,0.000000,0.000000,0.000000,0.000000,0.000000,0.000000,0.000000,0.000000,0.000000,0.000000,0.000000
0.412108,0.000000,0.302223,0.377179,0.000000,0.000000,0.000000,0.000000,0.000000,0.000000,0.360865,0.000000,0.000000,0.000000,0.000000,0.000000,0.361400,0.000000,0.385722,0.380377,0.000000,0.000000,0.000000,0.000000,0.000000,0.000000,0.000000,0.000000,0.351889,0.000000,0.389644,0.372695,0.379807,0.397891,0.455421,0.000000,0.000000,0.000000,0.000000,0.482394,0.000000,0.000000,0.000000,0.000000,0.000000,0.511912,0.000000,0.470266,0.000000,0.514278,0.000000,0.000000,0.000000,0.000000,0.000000,0.472216,0.488196,0.000000,0.000000,0.522326,0.329041,0.000000,0.000000,0.000000,0.000000,0.000000,0.000000,0.524794,0.445434,0.000000,0.000000,0.407749,0.000000,0.000000,0.000000,0.000000,0.000000,0.000000,0.356713,0.000000,0.367439,0.000000,0.000000,0.000000,0.000000,0.000000,0.000000,0.000000,0.000000,0.000000
0.000000,0.403726,0.000000,0.395706,0.000000,0.000000,0.000000,0.000000,0.000000,0.000000,0.000000,0.365924,0.000000,0.405621,0.000000,0.000000,0.000000,0.409329,0.436876,0.000000,0.000000,0.000000,0.000000,0.465167,0.000000,0.000000,0.000000,0.000000,0.000000,0.392253,0.000000,0.424666,0.374097,0.391313,0.000000,0.000000,0.000000,0.392685,0.000000,0.000000,0.000000,0.000000,0.000000,0.000000,0.582601,0.000000,0.000000,0.634286,0.000000,0.000000,0.000000,0.000000,0.000000,0.486255,0.000000,0.473893,0.000000,0.494352,0.000000,0.422162,0.000000,0.434433,0.000000,0.000000,0.000000,0.659146,0.000000,0.600404,0.000000,0.608607,0.000000,0.517759,0.000000,0.472762,0.000000,0.000000,0.000000,0.581739,0.000000,0.000000,0.000000,0.358338,0.000000,0.000000,0.000000,0.000000,0.000000,0.000000,0.000000,0.498236
0.000000,0.000000,0.000000,0.000000,0.000000,0.000000,0.000000,0.000000,0.000000,0.000000,0.000000,0.000000,0.000000,0.000000,0.000000,0.000000,0.000000,0.000000,0.000000,0.000000,0.000000,0.000000,0.000000,0.000000,0.000000,0.000000,0.000000,0.000000,0.000000,0.000000,0.000000,0.000000,0.000000,0.000000,0.000000,0.000000,0.000000,0.000000,0.000000,0.000000,0.000000,0.000000,0.000000,0.000000,0.000000,0.000000,0.000000,0.000000,0.000000,0.000000,0.000000,0.000000,0.000000,0.000000,0.000000,0.000000,0.000000,0.000000,0.000000,0.000000,0.000000,0.000000,0.000000,0.000000,0.000000,0.000000,0.000000,0.000000,0.000000,0.000000,0.000000,0.000000,0.000000,0.000000,0.000000,0.000000,0.000000,0.000000,0.000000,0.000000,0.000000,0.000000,0.000000,0.000000,0.000000,0.000000,0.000000,0.000000,0.000000,0.000000
0.000000,0.000000,0.000000,0.000000,0.000000,0.000000,0.000000,0.000000,0.000000,0.000000,0.000000,0.000000,0.000000,0.000000,0.000000,0.000000,0.000000,0.000000,0.000000,0.000000,0.000000,0.000000,0.000000,0.000000,0.000000,0.000000,0.000000,0.000000,0.000000,0.000000,0.000000,0.000000,0.000000,0.000000,0.000000,0.000000,0.000000,0.000000,0.000000,0.000000,0.000000,0.000000,0.000000,0.000000,0.000000,0.000000,0.000000,0.000000,0.000000,0.000000,0.000000,0.000000,0.000000,0.000000,0.000000,0.000000,0.000000,0.000000,0.000000,0.000000,0.000000,0.000000,0.000000,0.000000,0.000000,0.000000,0.000000,0.000000,0.000000,0.000000,0.000000,0.000000,0.000000,0.000000,0.000000,0.000000,0.000000,0.000000,0.000000,0.000000,0.000000,0.000000,0.000000,0.000000,0.000000,0.000000,0.000000,0.000000,0.000000,0.000000
0.325023,0.000000,0.000000,0.000000,0.000000,0.000000,0.360865,0.000000,0.000000,0.000000,0.000000,0.000000,0.321893,0.000000,0.000000,0.000000,0.345770,0.000000,0.000000,0.000000,0.000000,0.000000,0.000000,0.000000,0.000000,0.000000,0.000000,0.000000,0.393616,0.000000,0.000000,0.000000,0.000000,0.000000,0.000000,0.000000,0.000000,0.000000,0.000000,0.000000,0.000000,0.000000,0.000000,0.000000,0.000000,0.000000,0.000000,0.000000,0.000000,0.000000,0.000000,0.000000,0.000000,0.000000,0.000000,0.000000,0.332435,0.000000,0.000000,0.000000,0.000000,0.000000,0.351528,0.000000,0.000000,0.000000,0.000000,0.000000,0.000000,0.000000,0.000000,0.000000,0.387150,0.000000,0.395439,0.000000,0.000000,0.000000,0.000000,0.000000,0.358837,0.000000,0.000000,0.000000,0.352141,0.000000,0.000000,0.000000,0.000000,0.000000
0.000000,0.258848,0.000000,0.000000,0.000000,0.000000,0.000000,0.365924,0.000000,0.000000,0.000000,0.000000,0.000000,0.381105,0.000000,0.000000,0.000000,0.342939,0.000000,0.000000,0.000000,0.000000,0.000000,0.000000,0.000000,0.000000,0.000000,0.000000,0.000000,0.324645,0.000000,0.000000,0.000000,0.000000,0.000000,0.000000,0.000000,0.395010,0.000000,0.000000,0.000000,0.000000,0.000000,0.000000,0.000000,0.000000,0.000000,0.000000,0.000000,0.000000,0.000000,0.000000,0.000000,0.000000,0.000000,0.383209,0.000000,0.000000,0.000000,0.000000,0.000000,0.000000,0.000000,0.000000,0.000000,0.000000,0.000000,0.000000,0.000000,0.000000,0.000000,0.000000,0.000000,0.383045,0.000000,0.000000,0.000000,0.000000,0.000000,0.000000,0.000000,0.354829,0.000000,0.343886,0.000000,0.000000,0.000000,0.000000,0.000000,0.000000
0.323865,0.000000,0.000000,0.000000,0.000000,0.000000,0.000000,0.000000,0.000000,0.000000,0.321893,0.000000,0.000000,0.000000,0.000000,0.000000,0.000000,0.000000,0.000000,0.000000,0.000000,0.000000,0.000000,0.000000,0.000000,0.000000,0.000000,0.000000,0.417649,0.000000,0.000000,0.000000,0.000000,0.000000,0.000000,0.000000,0.000000,0.000000,0.000000,0.000000,0.000000,0.000000,0.000000,0.000000,0.000000,0.000000,0.000000,0.000000,0.000000,0.000000,0.000000,0.000000,0.000000,0.000000,0.000000,0.000000,0.000000,0.000000,0.000000,0.000000,0.000000,0.000000,0.000000,0.000000,0.000000,0.000000,0.000000,0.000000,0.000000,0.000000,0.000000,0.000000,0.000000,0.000000,0.000000,0.000000,0.000000,0.000000,0.000000,0.000000,0.000000,0.000000,0.000000,0.000000,0.000000,0.000000,0.000000,0.000000,0.000000,0.000000
0.000000,0.000000,0.000000,0.000000,0.000000,0.000000,0.000000,0.405621,0.000000,0.000000,0.000000,0.381105,0.000000,0.000000,0.000000,0.000000,0.000000,0.350299,0.000000,0.000000,0.000000,0.000000,0.000000,0.000000,0.000000,0.000000,0.000000,0.000000,0.000000,0.441334,0.000000,0.000000,0.000000,0.000000,0.000000,0.000000,0.000000,0.000000,0.000000,0.000000,0.000000,0.000000,0.000000,0.000000,0.000000,0.000000,0.000000,0.000000,0.000000,0.000000,0.000000,0.000000,0.000000,0.000000,0.000000,0.000000,0.000000,0.000000,0.000000,0.000000,0.000000,0.000000,0.000000,0.000000,0.000000,0.000000,0.000000,0.000000,0.000000,0.000000,0.000000,0.000000,0.000000,0.483573,0.000000,0.000000,0.000000,0.000000,0.000000,0.000000,0.000000,0.000000,0.000000,0.000000,0.000000,0.000000,0.000000,0.000000,0.000000,0.000000
0.000000,0.000000,0.000000,0.000000,0.258179,0.000000,0.000000,0.000000,0.000000,0.000000,0.000000,0.000000,0.000000,0.000000,0.000000,0.000000,0.000000,0.000000,0.000000,0.000000,0.239158,0.000000,0.000000,0.000000,0.000000,0.000000,0.000000,0.000000,0.222111,0.000000,0.000000,0.000000,0.000000,0.000000,0.000000,0.000000,0.000000,0.000000,0.423253,0.000000,0.236489,0.000000,0.000000,0.000000,0.000000,0.000000,0.000000,0.000000,0.000000,0.000000,0.000000,0.000000,0.000000,0.000000,0.000000,0.000000,0.000000,0.000000,0.000000,0.000000,0.000000,0.000000,0.000000,0.000000,0.000000,0.000000,0.000000,0.000000,0.000000,0.000000,0.407317,0.000000,0.318192,0.000000,0.301571,0.000000,0.401173,0.000000,0.000000,0.000000,0.000000,0.000000,0.000000,0.000000,0.000000,0.000000,0.000000,0.000000,0.000000,0.000000
0.000000,0.000000,0.000000,0.000000,0.000000,0.000000,0.000000,0.000000,0.000000,0.000000,0.000000,0.000000,0.000000,0.000000,0.000000,0.000000,0.000000,0.000000,0.000000,0.000000,0.000000,0.000000,0.000000,0.000000,0.000000,0.000000,0.000000,0.000000,0.000000,0.000000,0.000000,0.000000,0.000000,0.000000,0.000000,0.000000,0.000000,0.000000,0.000000,0.000000,0.000000,0.000000,0.000000,0.000000,0.000000,0.000000,0.000000,0.000000,0.000000,0.000000,0.000000,0.000000,0.000000,0.000000,0.000000,0.000000,0.000000,0.000000,0.000000,0.000000,0.000000,0.000000,0.000000,0.000000,0.000000,0.000000,0.000000,0.000000,0.000000,0.000000,0.000000,0.000000,0.000000,0.000000,0.000000,0.000000,0.000000,0.000000,0.000000,0.000000,0.000000,0.000000,0.000000,0.000000,0.000000,0.000000,0.000000,0.000000,0.000000,0.000000
0.364289,0.000000,0.000000,0.000000,0.000000,0.000000,0.361400,0.000000,0.000000,0.000000,0.345770,0.000000,0.000000,0.000000,0.000000,0.000000,0.000000,0.000000,0.000000,0.000000,0.000000,0.000000,0.000000,0.000000,0.000000,0.000000,0.000000,0.000000,0.393213,0.000000,0.409253,0.000000,0.000000,0.000000,0.000000,0.000000,0.000000,0.000000,0.000000,0.000000,0.000000,0.000000,0.000000,0.000000,0.000000,0.000000,0.000000,0.000000,0.000000,0.000000,0.000000,0.000000,0.000000,0.000000,0.000000,0.000000,0.349668,0.000000,0.000000,0.000000,0.000000,0.000000,0.322697,0.000000,0.000000,0.000000,0.000000,0.000000,0.000000,0.000000,0.421599,0.000000,0.374244,0.000000,0.387073,0.000000,0.415799,0.000000,0.362816,0.000000,0.382012,0.000000,0.266750,0.000000,0.439574,0.000000,0.000000,0.000000,0.000000,0.000000
0.000000,0.282074,0.000000,0.000000,0.000000,0.000000,0.000000,0.409329,0.000000,0.000000,0.000000,0.342939,0.000000,0.350299,0.000000,0.000000,0.000000,0.000000,0.000000,0.000000,0.000000,0.000000,0.000000,0.000000,0.000000,0.000000,0.000000,0.000000,0.000000,0.313310,0.000000,0.000000,0.000000,0.000000,0.000000,0.000000,0.000000,0.380227,0.000000,0.000000,0.000000,0.000000,0.000000,0.000000,0.000000,0.000000,0.000000,0.000000,0.000000,0.000000,0.000000,0.000000,0.000000,0.000000,0.000000,0.394723,0.000000,0.299853,0.000000,0.000000,0.000000,0.000000,0.000000,0.300923,0.000000,0.000000,0.000000,0.000000,0.000000,0.000000,0.000000,0.000000,0.000000,0.000000,0.000000,0.000000,0.000000,0.000000,0.000000,0.257645,0.000000,0.296151,0.000000,0.377557,0.000000,0.470870,0.000000,0.000000,0.000000,0.486765
0.410483,0.364151,0.389524,0.327429,0.000000,0.000000,0.385722,0.436876,0.000000,0.000000,0.000000,0.000000,0.000000,0.000000,0.000000,0.000000,0.000000,0.000000,0.000000,0.323445,0.000000,0.000000,0.389448,0.326988,0.000000,0.000000,0.000000,0.000000,0.000000,0.000000,0.000000,0.000000,0.357041,0.342413,0.395530,0.000000,0.000000,0.000000,0.000000,0.000000,0.000000,0.000000,0.000000,0.000000,0.000000,0.000000,0.000000,0.000000,0.000000,0.000000,0.000000,0.000000,0.000000,0.000000,0.000000,0.000000,0.000000,0.418969,0.000000,0.440898,0.000000,0.000000,0.000000,0.000000,0.000000,0.000000,0.000000,0.000000,0.277348,0.409330,0.000000,0.000000,0.000000,0.000000,0.000000,0.000000,0.000000,0.000000,0.000000,0.000000,0.000000,0.000000,0.000000,0.000000,0.000000,0.000000,0.000000,0.000000,0.000000,0.000000
0.372589,0.336467,0.370766,0.338912,0.000000,0.000000,0.380377,0.000000,0.000000,0.000000,0.000000,0.000000,0.000000,0.000000,0.000000,0.000000,0.000000,0.000000,0.323445,0.000000,0.000000,0.000000,0.497118,0.334492,0.000000,0.000000,0.000000,0.000000,0.000000,0.000000,0.000000,0.000000,0.353146,0.312419,0.316816,0.000000,0.000000,0.000000,0.000000,0.000000,0.000000,0.000000,0.000000,0.000000,0.000000,0.000000,0.000000,0.000000,0.000000,0.000000,0.000000,0.000000,0.000000,0.000000,0.000000,0.000000,0.000000,0.324555,0.000000,0.468741,0.000000,0.000000,0.000000,0.000000,0.000000,0.000000,0.000000,0.294838,0.270640,0.347511,0.000000,0.000000,0.000000,0.000000,0.000000,0.000000,0.000000,0.000000,0.000000,0.000000,0.000000,0.000000,0.000000,0.000000,0.000000,0.000000,0.000000,0.000000,0.000000,0.000000
0.000000,0.000000,0.000000,0.000000,0.324683,0.000000,0.000000,0.000000,0.000000,0.000000,0.000000,0.000000,0.000000,0.000000,0.239158,0.000000,0.000000,0.000000,0.000000,0.000000,0.000000,0.331953,0.000000,0.000000,0.000000,0.000000,0.313257,0.000000,0.313177,0.000000,0.254825,0.000000,0.000000,0.000000,0.000000,0.000000,0.000000,0.000000,0.226135,0.000000,0.000000,0.000000,0.000000,0.000000,0.000000,0.000000,0.000000,0.000000,0.000000,0.000000,0.000000,0.000000,0.000000,0.000000,0.000000,0.000000,0.000000,0.000000,0.000000,0.000000,0.000000,0.000000,0.000000,0.000000,0.000000,0.000000,0.000000,0.000000,0.000000,0.000000,0.384006,0.379959,0.000000,0.000000,0.000000,0.000000,0.394160,0.000000,0.000000,0.000000,0.000000,0.000000,0.000000,0.000000,0.000000,0.000000,0.000000,0.000000,0.000000,0.000000
0.000000,0.000000,0.000000,0.000000,0.000000,0.000000,0.000000,0.000000,0.000000,0.000000,0.000000,0.000000,0.000000,0.000000,0.000000,0.000000,0.000000,0.000000,0.000000,0.000000,0.331953,0.000000,0.000000,0.000000,0.000000,0.000000,0.000000,0.000000,0.000000,0.000000,0.453776,0.000000,0.000000,0.000000,0.000000,0.548935,0.000000,0.000000,0.000000,0.000000,0.000000,0.000000,0.000000,0.000000,0.000000,0.569251,0.000000,0.512458,0.000000,0.598744,0.000000,0.000000,0.000000,0.000000,0.000000,0.000000,0.000000,0.572868,0.000000,0.573826,0.000000,0.000000,0.000000,0.000000,0.000000,0.000000,0.000000,0.582964,0.000000,0.000000,0.438327,0.408723,0.455603,0.345546,0.000000,0.317086,0.460322,0.389323,0.000000,0.000000,0.459299,0.000000,0.000000,0.000000,0.466527,0.000000,0.000000,0.000000,0.000000,0.000000
0.000000,0.000000,0.000000,0.000000,0.000000,0.000000,0.000000,0.000000,0.000000,0.000000,0.000000,0.000000,0.000000,0.000000,0.000000,0.000000,0.000000,0.000000,0.389448,0.497118,0.000000,0.000000,0.000000,0.260024,0.000000,0.000000,0.000000,0.000000,0.000000,0.000000,0.243510,0.288301,0.285228,0.298657,0.000000,0.000000,0.000000,0.000000,0.000000,0.000000,0.000000,0.000000,0.000000,0.000000,0.000000,0.000000,0.000000,0.000000,0.000000,0.000000,0.000000,0.000000,0.000000,0.000000,0.000000,0.000000,0.000000,0.000000,0.000000,0.000000,0.000000,0.000000,0.000000,0.000000,0.000000,0.000000,0.000000,0.000000,0.000000,0.000000,0.000000,0.000000,0.000000,0.000000,0.000000,0.000000,0.000000,0.000000,0.000000,0.000000,0.000000,0.000000,0.000000,0.000000,0.000000,0.000000,0.000000,0.000000,0.000000,0.000000
0.000000,0.497357,0.000000,0.247165,0.000000,0.000000,0.000000,0.465167,0.000000,0.000000,0.000000,0.000000,0.000000,0.000000,0.000000,0.000000,0.000000,0.000000,0.326988,0.334492,0.000000,0.000000,0.260024,0.000000,0.000000,0.000000,0.000000,0.000000,0.000000,0.000000,0.000000,0.000000,0.000000,0.273545,0.000000,0.000000,0.000000,0.000000,0.000000,0.000000,0.000000,0.000000,0.000000,0.000000,0.000000,0.000000,0.000000,0.000000,0.000000,0.000000,0.000000,0.000000,0.000000,0.000000,0.000000,0.000000,0.000000,0.000000,0.000000,0.000000,0.000000,0.000000,0.000000,0.000000,0.000000,0.000000,0.000000,0.000000,0.000000,0.000000,0.000000,0.430755,0.000000,0.000000,0.000000,0.000000,0.000000,0.000000,0.000000,0.000000,0.000000,0.000000,0.000000,0.000000,0.000000,0.000000,0.000000,0.000000,0.000000,0.000000
0.000000,0.000000,0.000000,0.000000,0.000000,0.000000,0.000000,0.000000,0.000000,0.000000,0.000000,0.000000,0.000000,0.000000,0.000000,0.000000,0.000000,0.000000,0.000000,0.000000,0.000000,0.000000,0.000000,0.000000,0.000000,0.000000,0.000000,0.000000,0.000000,0.000000,0.000000,0.000000,0.000000,0.000000,0.000000,0.000000,0.000000,0.000000,0.000000,0.000000,0.000000,0.000000,0.000000,0.000000,0.000000,0.000000,0.000000,0.000000,0.000000,0.000000,0.000000,0.000000,0.000000,0.000000,0.000000,0.000000,0.000000,0.000000,0.000000,0.000000,0.000000,0.000000,0.000000,0.000000,0.000000,0.000000,0.000000,0.000000,0.000000,0.000000,0.000000,0.000000,0.000000,0.000000,0.000000,0.000000,0.000000,0.000000,0.000000,0.000000,0.000000,0.000000,0.000000,0.000000,0.000000,0.000000,0.000000,0.000000,0.000000,0.000000
0.000000,0.000000,0.000000,0.000000,0.000000,0.000000,0.000000,0.000000,0.000000,0.000000,0.000000,0.000000,0.000000,0.000000,0.000000,0.000000,0.000000,0.000000,0.000000,0.000000,0.000000,0.000000,0.000000,0.000000,0.000000,0.000000,0.000000,0.000000,0.000000,0.000000,0.000000,0.000000,0.000000,0.000000,0.000000,0.000000,0.000000,0.000000,0.000000,0.000000,0.000000,0.000000,0.000000,0.000000,0.000000,0.000000,0.000000,0.000000,0.000000,0.000000,0.000000,0.000000,0.000000,0.000000,0.000000,0.000000,0.000000,0.000000,0.000000,0.000000,0.000000,0.000000,0.000000,0.000000,0.000000,0.000000,0.000000,0.000000,0.000000,0.000000,0.000000,0.000000,0.000000,0.000000,0.000000,0.000000,0.000000,0.000000,0.000000,0.000000,0.000000,0.000000,0.000000,0.000000,0.000000,0.000000,0.000000,0.000000,0.000000,0.000000
0.000000,0.000000,0.000000,0.000000,0.343975,0.000000,0.000000,0.000000,0.000000,0.000000,0.000000,0.000000,0.000000,0.000000,0.000000,0.000000,0.000000,0.000000,0.000000,0.000000,0.313257,0.000000,0.000000,0.000000,0.000000,0.000000,0.000000,0.000000,0.000000,0.000000,0.000000,0.000000,0.000000,0.000000,0.000000,0.000000,0.000000,0.000000,0.000000,0.000000,0.000000,0.000000,0.000000,0.000000,0.000000,0.000000,0.000000,0.000000,0.000000,0.000000,0.000000,0.000000,0.000000,0.000000,0.000000,0.000000,0.000000,0.000000,0.000000,0.000000,0.000000,0.000000,0.000000,0.000000,0.000000,0.000000,0.000000,0.000000,0.000000,0.000000,0.374809,0.000000,0.000000,0.000000,0.000000,0.000000,0.000000,0.000000,0.000000,0.000000,0.000000,0.000000,0.000000,0.000000,0.000000,0.000000,0.000000,0.000000,0.000000,0.000000
0.000000,0.000000,0.000000,0.000000,0.000000,0.000000,0.000000,0.000000,0.000000,0.000000,0.000000,0.000000,0.000000,0.000000,0.000000,0.000000,0.000000,0.000000,0.000000,0.000000,0.000000,0.000000,0.000000,0.000000,0.000000,0.000000,0.000000,0.000000,0.000000,0.000000,0.000000,0.000000,0.000000,0.000000,0.000000,0.000000,0.000000,0.000000,0.000000,0.000000,0.000000,0.000000,0.000000,0.000000,0.000000,0.000000,0.000000,0.000000,0.000000,0.000000,0.000000,0.000000,0.000000,0.000000,0.000000,0.000000,0.000000,0.000000,0.000000,0.000000,0.000000,0.000000,0.000000,0.000000,0.000000,0.000000,0.000000,0.000000,0.000000,0.000000,0.000000,0.000000,0.000000,0.000000,0.000000,0.000000,0.000000,0.000000,0.000000,0.000000,0.000000,0.000000,0.000000,0.000000,0.000000,0.000000,0.000000,0.000000,0.000000,0.000000
0.340496,0.000000,0.000000,0.000000,0.258160,0.000000,0.351889,0.000000,0.000000,0.000000,0.393616,0.000000,0.417649,0.000000,0.222111,0.000000,0.393213,0.000000,0.000000,0.000000,0.313177,0.000000,0.000000,0.000000,0.000000,0.000000,0.000000,0.000000,0.000000,0.000000,0.367144,0.000000,0.000000,0.486502,0.000000,0.000000,0.504556,0.000000,0.459012,0.000000,0.298635,0.000000,0.000000,0.000000,0.000000,0.000000,0.000000,0.000000,0.000000,0.000000,0.000000,0.000000,0.000000,0.000000,0.481584,0.000000,0.343474,0.000000,0.000000,0.000000,0.000000,0.000000,0.498906,0.000000,0.000000,0.000000,0.000000,0.000000,0.000000,0.000000,0.398056,0.000000,0.363147,0.000000,0.370368,0.000000,0.465376,0.000000,0.324770,0.000000,0.389127,0.000000,0.234392,0.000000,0.422568,0.000000,0.000000,0.000000,0.000000,0.000000
0.000000,0.315011,0.000000,0.000000,0.000000,0.000000,0.000000,0.392253,0.000000,0.000000,0.000000,0.324645,0.000000,0.441334,0.000000,0.000000,0.000000,0.313310,0.000000,0.000000,0.000000,0.000000,0.000000,0.000000,0.000000,0.000000,0.000000,0.000000,0.000000,0.000000,0.000000,0.457261,0.000000,0.000000,0.000000,0.000000,0.000000,0.368795,0.000000,0.364830,0.000000,0.000000,0.000000,0.000000,0.000000,0.000000,0.000000,0.000000,0.000000,0.000000,0.000000,0.000000,0.000000,0.000000,0.000000,0.388045,0.000000,0.000000,0.000000,0.000000,0.000000,0.000000,0.000000,0.000000,0.000000,0.000000,0.000000,0.000000,0.000000,0.000000,0.000000,0.000000,0.000000,0.356483,0.000000,0.328339,0.000000,0.000000,0.000000,0.296200,0.000000,0.288863,0.000000,0.000000,0.000000,0.453211,0.000000,0.000000,0.000000,0.450993
0.000000,0.471228,0.373537,0.000000,0.000000,0.000000,0.389644,0.000000,0.000000,0.000000,0.000000,0.000000,0.000000,0.000000,0.000000,0.000000,0.409253,0.000000,0.000000,0.000000,0.254825,0.453776,0.243510,0.000000,0.000000,0.000000,0.000000,0.000000,0.367144,0.000000,0.000000,0.301598,0.328728,0.227214,0.000000,0.000000,0.000000,0.000000,0.000000,0.000000,0.000000,0.000000,0.000000,0.000000,0.000000,0.541725,0.494402,0.000000,0.000000,0.000000,0.000000,0.000000,0.000000,0.000000,0.000000,0.000000,0.000000,0.000000,0.000000,0.532108,0.431809,0.000000,0.425522,0.000000,0.000000,0.000000,0.454598,0.538892,0.000000,0.000000,0.355804,0.419293,0.000000,0.000000,0.000000,0.000000,0.328348,0.448094,0.000000,0.000000,0.396067,0.000000,0.000000,0.000000,0.406831,0.000000,0.000000,0.000000,0.398959,0.000000
0.000000,0.000000,0.378021,0.446241,0.000000,0.000000,0.372695,0.424666,0.000000,0.000000,0.000000,0.000000,0.000000,0.000000,0.000000,0.000000,0.000000,0.000000,0.000000,0.000000,0.000000,0.000000,0.288301,0.000000,0.000000,0.000000,0.000000,0.000000,0.000000,0.457261,0.301598,0.000000,0.389419,0.338941,0.000000,0.551410,0.410870,0.517268,0.000000,0.496082,0.000000,0.000000,0.000000,0.000000,0.000000,0.541281,0.490237,0.507260,0.000000,0.000000,0.000000,0.000000,0.000000,0.000000,0.000000,0.494227,0.000000,0.561624,0.000000,0.000000,0.000000,0.000000,0.000000,0.000000,0.000000,0.000000,0.505124,0.540541,0.000000,0.000000,0.000000,0.396703,0.000000,0.465684,0.000000,0.000000,0.381088,0.442548,0.000000,0.000000,0.000000,0.000000,0.000000,0.000000,0.000000,0.000000,0.000000,0.000000,0.000000,0.000000
0.385135,0.477951,0.368229,0.387879,0.000000,0.000000,0.379807,0.374097,0.000000,0.000000,0.000000,0.000000,0.000000,0.000000,0.000000,0.000000,0.000000,0.000000,0.357041,0.353146,0.000000,0.000000,0.285228,0.000000,0.000000,0.000000,0.000000,0.000000,0.000000,0.000000,0.328728,0.389419,0.000000,0.360856,0.345713,0.000000,0.000000,0.000000,0.000000,0.481023,0.000000,0.000000,0.000000,0.000000,0.000000,0.000000,0.000000,0.538786,0.000000,0.558581,0.000000,0.000000,0.000000,0.000000,0.000000,0.489455,0.470899,0.447020,0.324977,0.561818,0.469904,0.557890,0.000000,0.000000,0.490113,0.577167,0.438667,0.269305,0.386344,0.432251,0.000000,0.000000,0.000000,0.000000,0.000000,0.000000,0.000000,0.000000,0.000000,0.000000,0.000000,0.000000,0.000000,0.000000,0.477053,0.000000,0.000000,0.000000,0.000000,0.000000
0.405914,0.416251,0.380643,0.337798,0.000000,0.000000,0.397891,0.391313,0.000000,0.000000,0.000000,0.000000,0.000000,0.000000,0.000000,0.000000,0.000000,0.000000,0.342413,0.312419,0.000000,0.000000,0.298657,0.273545,0.000000,0.000000,0.000000,0.000000,0.486502,0.000000,0.227214,0.338941,0.360856,0.000000,0.484496,0.541482,0.461958,0.000000,0.458055,0.000000,0.000000,0.000000,0.546401,0.000000,0.000000,0.000000,0.522607,0.000000,0.000000,0.000000,0.453728,0.000000,0.000000,0.000000,0.488641,0.456235,0.478525,0.423578,0.000000,0.579936,0.473451,0.465238,0.458890,0.458425,0.490158,0.408777,0.546112,0.578549,0.414079,0.552397,0.000000,0.555227,0.000000,0.000000,0.000000,0.000000,0.547213,0.000000,0.000000,0.000000,0.000000,0.000000,0.000000,0.000000,0.481306,0.000000,0.000000,0.000000,0.455700,0.000000
0.431417,0.000000,0.401528,0.000000,0.000000,0.000000,0.455421,0.000000,0.000000,0.000000,0.000000,0.000000,0.000000,0.000000,0.000000,0.000000,0.000000,0.000000,0.395530,0.316816,0.000000,0.000000,0.000000,0.000000,0.000000,0.000000,0.000000,0.000000,0.000000,0.000000,0.000000,0.000000,0.345713,0.484496,0.000000,0.261419,0.556011,0.000000,0.000000,0.000000,0.000000,0.000000,0.441705,0.473350,0.000000,0.393990,0.484687,0.353253,0.000000,0.382679,0.408554,0.000000,0.000000,0.000000,0.423574,0.000000,0.415593,0.000000,0.000000,0.000000,0.433869,0.000000,0.467260,0.000000,0.434894,0.354731,0.408367,0.324738,0.424657,0.000000,0.459855,0.000000,0.000000,0.000000,0.000000,0.000000,0.581769,0.609975,0.000000,0.000000,0.000000,0.000000,0.000000,0.000000,0.452336,0.000000,0.000000,0.000000,0.440734,0.000000
0.000000,0.000000,0.000000,0.000000,0.000000,0.000000,0.000000,0.000000,0.000000,0.000000,0.000000,0.000000,0.000000,0.000000,0.000000,0.000000,0.000000,0.000000,0.000000,0.000000,0.000000,0.548935,0.000000,0.000000,0.000000,0.000000,0.000000,0.000000,0.000000,0.000000,0.000000,0.551410,0.000000,0.541482,0.261419,0.000000,0.574090,0.000000,0.000000,0.825884,0.000000,0.000000,0.528832,0.603320,0.000000,0.693495,0.000000,0.798800,0.511696,0.598765,0.000000,0.588207,0.000000,0.526458,0.000000,0.648710,0.000000,0.595619,0.000000,0.563083,0.000000,0.594532,0.000000,0.559237,0.000000,0.616518,0.530836,0.487426,0.000000,0.592696,0.000000,0.524569,0.000000,0.000000,0.000000,0.000000,0.000000,0.626806,0.000000,0.000000,0.000000,0.000000,0.000000,0.000000,0.000000,0.000000,0.000000,0.000000,0.000000,0.000000
0.000000,0.568027,0.000000,0.000000,0.000000,0.000000,0.000000,0.000000,0.000000,0.000000,0.000000,0.000000,0.000000,0.000000,0.000000,0.000000,0.000000,0.000000,0.000000,0.000000,0.000000,0.000000,0.000000,0.000000,0.000000,0.000000,0.000000,0.000000,0.504556,0.000000,0.000000,0.410870,0.000000,0.461958,0.556011,0.574090,0.000000,0.000000,0.374834,0.000000,0.308213,0.000000,0.483862,0.000000,0.000000,0.000000,0.392372,0.000000,0.000000,0.000000,0.000000,0.000000,0.000000,0.000000,0.458640,0.000000,0.000000,0.495125,0.000000,0.000000,0.000000,0.535879,0.000000,0.000000,0.000000,0.000000,0.406678,0.529016,0.000000,0.573050,0.384478,0.000000,0.000000,0.000000,0.000000,0.000000,0.409700,0.000000,0.000000,0.000000,0.000000,0.000000,0.271490,0.000000,0.000000,0.000000,0.000000,0.000000,0.429563,0.000000
0.000000,0.425109,0.000000,0.000000,0.000000,0.000000,0.000000,0.392685,0.000000,0.000000,0.000000,0.395010,0.000000,0.000000,0.000000,0.000000,0.000000,0.380227,0.000000,0.000000,0.000000,0.000000,0.000000,0.000000,0.000000,0.000000,0.000000,0.000000,0.000000,0.368795,0.000000,0.517268,0.000000,0.000000,0.000000,0.000000,0.000000,0.000000,0.000000,0.390957,0.000000,0.400502,0.000000,0.710060,0.000000,0.540145,0.000000,0.634276,0.000000,0.630178,0.000000,0.570783,0.000000,0.000000,0.000000,0.542450,0.000000,0.000000,0.000000,0.620586,0.000000,0.000000,0.000000,0.000000,0.000000,0.000000,0.000000,0.630050,0.000000,0.000000,0.000000,0.510884,0.000000,0.468546,0.000000,0.498812,0.000000,0.348717,0.000000,0.331622,0.000000,0.000000,0.000000,0.000000,0.000000,0.337331,0.000000,0.000000,0.000000,0.360036
0.000000,0.540700,0.000000,0.000000,0.411224,0.000000,0.000000,0.000000,0.000000,0.000000,0.000000,0.000000,0.000000,0.000000,0.423253,0.000000,0.000000,0.000000,0.000000,0.000000,0.226135,0.000000,0.000000,0.000000,0.000000,0.000000,0.000000,0.000000,0.459012,0.000000,0.000000,0.000000,0.000000,0.458055,0.000000,0.000000,0.374834,0.000000,0.000000,0.000000,0.417149,0.000000,0.000000,0.000000,0.000000,0.000000,0.306871,0.000000,0.000000,0.000000,0.570972,0.000000,0.000000,0.000000,0.376262,0.000000,0.000000,0.524598,0.000000,0.000000,0.000000,0.000000,0.000000,0.000000,0.000000,0.000000,0.000000,0.000000,0.000000,0.000000,0.429547,0.000000,0.445145,0.000000,0.000000,0.000000,0.461979,0.000000,0.000000,0.000000,0.000000,0.000000,0.252935,0.000000,0.000000,0.000000,0.226896,0.000000,0.511368,0.000000
0.000000,0.000000,0.471036,0.000000,0.000000,0.000000,0.482394,0.000000,0.000000,0.000000,0.000000,0.000000,0.000000,0.000000,0.000000,0.000000,0.000000,0.000000,0.000000,0.000000,0.000000,0.000000,0.000000,0.000000,0.000000,0.000000,0.000000,0.000000,0.000000,0.364830,0.000000,0.496082,0.481023,0.000000,0.000000,0.825884,0.000000,0.390957,0.000000,0.000000,0.000000,0.392682,0.000000,0.727076,0.000000,0.577600,0.000000,0.466414,0.000000,0.627578,0.000000,0.564005,0.000000,0.000000,0.000000,0.336707,0.000000,0.000000,0.000000,0.638297,0.000000,0.000000,0.000000,0.000000,0.000000,0.645539,0.000000,0.000000,0.000000,0.000000,0.000000,0.514566,0.000000,0.000000,0.000000,0.000000,0.000000,0.000000,0.000000,0.322645,0.000000,0.000000,0.000000,0.000000,0.000000,0.000000,0.000000,0.000000,0.000000,0.000000
0.000000,0.000000,0.000000,0.000000,0.000000,0.000000,0.000000,0.000000,0.000000,0.000000,0.000000,0.000000,0.000000,0.000000,0.236489,0.000000,0.000000,0.000000,0.000000,0.000000,0.000000,0.000000,0.000000,0.000000,0.000000,0.000000,0.000000,0.000000,0.298635,0.000000,0.000000,0.000000,0.000000,0.000000,0.000000,0.000000,0.308213,0.000000,0.417149,0.000000,0.000000,0.000000,0.000000,0.000000,0.000000,0.000000,0.000000,0.000000,0.000000,0.000000,0.000000,0.000000,0.000000,0.000000,0.422279,0.000000,0.000000,0.000000,0.000000,0.000000,0.000000,0.000000,0.000000,0.000000,0.000000,0.000000,0.000000,0.000000,0.000000,0.000000,0.360607,0.000000,0.424940,0.000000,0.000000,0.000000,0.405013,0.000000,0.000000,0.000000,0.000000,0.000000,0.242925,0.000000,0.225602,0.000000,0.000000,0.000000,0.000000,0.000000
0.000000,0.000000,0.000000,0.000000,0.000000,0.000000,0.000000,0.000000,0.000000,0.000000,0.000000,0.000000,0.000000,0.000000,0.000000,0.000000,0.000000,0.000000,0.000000,0.000000,0.000000,0.000000,0.000000,0.000000,0.000000,0.000000,0.000000,0.000000,0.000000,0.000000,0.000000,0.000000,0.000000,0.000000,0.000000,0.000000,0.000000,0.400502,0.000000,0.392682,0.000000,0.000000,0.000000,0.000000,0.000000,0.000000,0.000000,0.000000,0.000000,0.000000,0.000000,0.000000,0.000000,0.000000,0.000000,0.000000,0.000000,0.000000,0.000000,0.000000,0.000000,0.000000,0.000000,0.000000,0.000000,0.000000,0.000000,0.000000,0.000000,0.000000,0.000000,0.000000,0.000000,0.307115,0.000000,0.282667,0.000000,0.000000,0.000000,0.000000,0.000000,0.000000,0.000000,0.000000,0.000000,0.000000,0.000000,0.000000,0.000000,0.000000
0.000000,0.493525,0.000000,0.000000,0.000000,0.000000,0.000000,0.000000,0.000000,0.000000,0.000000,0.000000,0.000000,0.000000,0.000000,0.000000,0.000000,0.000000,0.000000,0.000000,0.000000,0.000000,0.000000,0.000000,0.000000,0.000000,0.000000,0.000000,0.000000,0.000000,0.000000,0.000000,0.000000,0.546401,0.441705,0.528832,0.483862,0.000000,0.000000,0.000000,0.000000,0.000000,0.000000,0.461775,0.395927,0.484387,0.398640,0.420453,0.403512,0.423498,0.443508,0.337485,0.000000,0.000000,0.000000,0.000000,0.000000,0.555183,0.000000,0.502260,0.393036,0.581784,0.000000,0.498704,0.499949,0.470114,0.422211,0.497762,0.000000,0.538792,0.000000,0.557349,0.000000,0.000000,0.000000,0.000000,0.516319,0.564847,0.000000,0.000000,0.000000,0.000000,0.000000,0.000000,0.000000,0.000000,0.000000,0.000000,0.000000,0.000000
0.000000,0.000000,0.000000,0.000000,0.000000,0.000000,0.000000,0.000000,0.000000,0.000000,0.000000,0.000000,0.000000,0.000000,0.000000,0.000000,0.000000,0.000000,0.000000,0.000000,0.000000,0.000000,0.000000,0.000000,0.000000,0.000000,0.000000,0.000000,0.000000,0.000000,0.000000,0.000000,0.000000,0.000000,0.473350,0.603320,0.000000,0.710060,0.000000,0.727076,0.000000,0.000000,0.461775,0.000000,0.454206,0.494865,0.322797,0.492398,0.000000,0.492623,0.000000,0.340138,0.000000,0.409132,0.000000,0.448038,0.000000,0.000000,0.000000,0.493404,0.000000,0.451420,0.000000,0.000000,0.000000,0.517265,0.000000,0.500093,0.000000,0.000000,0.000000,0.575981,0.000000,0.000000,0.000000,0.000000,0.000000,0.582899,0.000000,0.000000,0.000000,0.000000,0.000000,0.000000,0.000000,0.000000,0.000000,0.000000,0.000000,0.000000
0.000000,0.000000,0.000000,0.000000,0.000000,0.000000,0.000000,0.582601,0.000000,0.000000,0.000000,0.000000,0.000000,0.000000,0.000000,0.000000,0.000000,0.000000,0.000000,0.000000,0.000000,0.000000,0.000000,0.000000,0.000000,0.000000,0.000000,0.000000,0.000000,0.000000,0.000000,0.000000,0.000000,0.000000,0.000000,0.000000,0.000000,0.000000,0.000000,0.000000,0.000000,0.000000,0.395927,0.454206,0.000000,0.422788,0.469313,0.432761,0.337663,0.454068,0.000000,0.000000,0.000000,0.000000,0.000000,0.000000,0.000000,0.495400,0.317983,0.000000,0.000000,0.613962,0.000000,0.573600,0.000000,0.000000,0.336499,0.424707,0.000000,0.000000,0.000000,0.552736,0.000000,0.000000,0.000000,0.000000,0.000000,0.000000,0.000000,0.000000,0.000000,0.000000,0.000000,0.000000,0.000000,0.000000,0.000000,0.000000,0.000000,0.000000
0.000000,0.602246,0.000000,0.000000,0.000000,0.000000,0.511912,0.000000,0.000000,0.000000,0.000000,0.000000,0.000000,0.000000,0.000000,0.000000,0.000000,0.000000,0.000000,0.000000,0.000000,0.569251,0.000000,0.000000,0.000000,0.000000,0.000000,0.000000,0.000000,0.000000,0.541725,0.541281,0.000000,0.000000,0.393990,0.693495,0.000000,0.540145,0.000000,0.577600,0.000000,0.000000,0.484387,0.494865,0.422788,0.000000,0.500548,0.530063,0.000000,0.366091,0.000000,0.388322,0.000000,0.000000,0.000000,0.459481,0.000000,0.555472,0.000000,0.436879,0.000000,0.519022,0.000000,0.000000,0.000000,0.481294,0.411909,0.421699,0.000000,0.000000,0.000000,0.555845,0.000000,0.000000,0.000000,0.000000,0.000000,0.613949,0.000000,0.000000,0.000000,0.000000,0.000000,0.000000,0.570796,0.000000,0.000000,0.000000,0.000000,0.000000
0.000000,0.503803,0.000000,0.000000,0.000000,0.000000,0.000000,0.000000,0.000000,0.000000,0.000000,0.000000,0.000000,0.000000,0.000000,0.000000,0.000000,0.000000,0.000000,0.000000,0.000000,0.000000,0.000000,0.000000,0.000000,0.000000,0.000000,0.000000,0.000000,0.000000,0.494402,0.490237,0.000000,0.522607,0.484687,0.000000,0.392372,0.000000,0.306871,0.000000,0.000000,0.000000,0.398640,0.322797,0.469313,0.500548,0.000000,0.404730,0.444516,0.537012,0.438577,0.000000,0.417062,0.000000,0.327093,0.000000,0.000000,0.535063,0.000000,0.000000,0.000000,0.582316,0.000000,0.512119,0.451799,0.504928,0.419759,0.506957,0.000000,0.528588,0.000000,0.507630,0.000000,0.000000,0.000000,0.000000,0.000000,0.000000,0.000000,0.000000,0.000000,0.495960,0.000000,0.000000,0.000000,0.470966,0.000000,0.000000,0.000000,0.000000
0.000000,0.614865,0.000000,0.000000,0.000000,0.000000,0.470266,0.634286,0.000000,0.000000,0.000000,0.000000,0.000000,0.000000,0.000000,0.000000,0.000000,0.000000,0.000000,0.000000,0.000000,0.512458,0.000000,0.000000,0.000000,0.000000,0.000000,0.000000,0.000000,0.000000,0.000000,0.507260,0.538786,0.000000,0.353253,0.798800,0.000000,0.634276,0.000000,0.466414,0.000000,0.000000,0.420453,0.492398,0.432761,0.530063,0.404730,0.000000,0.000000,0.537131,0.000000,0.697084,0.000000,0.348510,0.000000,0.415279,0.000000,0.659310,0.000000,0.554173,0.000000,0.621732,0.000000,0.633024,0.000000,0.607241,0.000000,0.532065,0.000000,0.462598,0.000000,0.531726,0.000000,0.000000,0.000000,0.000000,0.000000,0.581651,0.000000,0.000000,0.000000,0.000000,0.000000,0.000000,0.000000,0.000000,0.000000,0.000000,0.000000,0.000000
0.000000,0.000000,0.000000,0.000000,0.000000,0.000000,0.000000,0.000000,0.000000,0.000000,0.000000,0.000000,0.000000,0.000000,0.000000,0.000000,0.000000,0.000000,0.000000,0.000000,0.000000,0.000000,0.000000,0.000000,0.000000,0.000000,0.000000,0.000000,0.000000,0.000000,0.000000,0.000000,0.000000,0.000000,0.000000,0.511696,0.000000,0.000000,0.000000,0.000000,0.000000,0.000000,0.403512,0.000000,0.337663,0.000000,0.444516,0.000000,0.000000,0.000000,0.421538,0.000000,0.436028,0.000000,0.000000,0.000000,0.000000,0.000000,0.331647,0.000000,0.000000,0.000000,0.000000,0.494465,0.000000,0.000000,0.363026,0.484683,0.000000,0.000000,0.000000,0.000000,0.000000,0.000000,0.000000,0.000000,0.000000,0.000000,0.000000,0.000000,0.000000,0.000000,0.000000,0.000000,0.000000,0.493266,0.000000,0.000000,0.000000,0.000000
