0.000000,0.548843,0.372819,0.000000,0.000000,0.000000,0.400506,0.000000,0.000000,0.000000,0.356731,0.000000,0.387084,0.000000,0.000000,0.000000,0.365889,0.000000,0.378565,0.529652,0.000000,0.000000,0.000000,0.000000,0.000000,0.000000,0.000000,0.000000,0.000000,0.000000,0.000000,0.000000,0.000000,0.000000,0.000000,0.000000,0.000000,0.000000,0.000000,0.000000,0.000000,0.000000,0.000000,0.000000,0.000000,0.000000,0.000000,0.000000,0.000000,0.000000,0.000000,0.000000,0.000000,0.000000,0.000000,0.000000,0.418483,0.000000,0.000000,0.000000,0.451399,0.000000,0.000000,0.000000,0.474129,0.000000,0.000000,0.000000,0.343966,0.000000,0.000000,0.000000,0.000000,0.000000,0.000000,0.000000,0.383399,0.000000,0.000000,0.000000,0.498338,0.000000,0.000000,0.000000,0.505588,0.000000,0.000000,0.000000,0.497125,0.000000
0.548843,0.000000,0.000000,0.424855,0.000000,0.000000,0.000000,0.417268,0.000000,0.000000,0.000000,0.378116,0.000000,0.404939,0.000000,0.000000,0.000000,0.440699,0.000000,0.421664,0.000000,0.000000,0.000000,0.000000,0.000000,0.000000,0.000000,0.000000,0.000000,0.000000,0.000000,0.000000,0.000000,0.000000,0.000000,0.000000,0.000000,0.000000,0.000000,0.000000,0.000000,0.000000,0.000000,0.000000,0.000000,0.000000,0.000000,0.000000,0.000000,0.000000,0.000000,0.000000,0.000000,0.000000,0.000000,0.000000,0.545810,0.397589,0.000000,0.000000,0.000000,0.483928,0.000000,0.475643,0.000000,0.000000,0.000000,0.000000,0.000000,0.287793,0.000000,0.000000,0.000000,0.473609,0.000000,0.460892,0.000000,0.000000,0.000000,0.000000,0.000000,0.459004,0.000000,0.000000,0.000000,0.500035,0.000000,0.000000,0.000000,0.000000
0.372819,0.000000,0.000000,0.518676,0.290980,0.552739,0.386750,0.000000,0.000000,0.000000,0.000000,0.000000,0.000000,0.000000,0.000000,0.000000,0.431829,0.000000,0.339293,0.560136,0.000000,0.000000,0.334273,0.552414,0.418548,0.527147,0.000000,0.542284,0.000000,0.000000,0.000000,0.000000,0.000000,0.000000,0.000000,0.000000,0.000000,0.000000,0.000000,0.000000,0.000000,0.000000,0.000000,0.000000,0.000000,0.000000,0.000000,0.000000,0.000000,0.000000,0.000000,0.000000,0.000000,0.000000,0.000000,0.000000,0.000000,0.000000,0.000000,0.000000,0.000000,0.000000,0.000000,0.000000,0.000000,0.000000,0.000000,0.000000,0.320922,0.000000,0.408840,0.000000,0.407272,0.000000,0.000000,0.000000,0.427874,0.000000,0.000000,0.000000,0.000000,0.000000,0.000000,0.000000,0.000000,0.000000,0.000000,0.000000,0.000000,0.000000
0.000000,0.424855,0.518676,0.000000,0.422803,0.304709,0.000000,0.373305,0.000000,0.000000,0.000000,0.000000,0.000000,0.000000,0.000000,0.000000,0.000000,0.000000,0.000000,0.299251,0.000000,0.000000,0.502798,0.323310,0.515850,0.362327,0.418546,0.000000,0.000000,0.000000,0.000000,0.381716,0.000000,0.455054,0.505709,0.000000,0.000000,0.000000,0.000000,0.000000,0.000000,0.000000,0.000000,0.000000,0.000000,0.000000,0.000000,0.000000,0.000000,0.000000,0.000000,0.000000,0.000000,0.000000,0.000000,0.000000,0.000000,0.000000,0.000000,0.000000,0.000000,0.000000,0.000000,0.000000,0.000000,0.000000,0.000000,0.000000,0.000000,0.000000,0.000000,0.000000,0.000000,0.437219,0.000000,0.000000,0.000000,0.000000,0.000000,0.000000,0.000000,0.000000,0.000000,0.000000,0.000000,0.000000,0.000000,0.000000,0.000000,0.000000
0.000000,0.000000,0.290980,0.422803,0.000000,0.553542,0.413075,0.000000,0.287847,0.460500,0.000000,0.000000,0.000000,0.000000,0.359790,0.000000,0.000000,0.000000,0.000000,0.000000,0.369436,0.381250,0.217679,0.000000,0.446463,0.000000,0.354405,0.000000,0.347422,0.000000,0.431553,0.000000,0.000000,0.000000,0.000000,0.000000,0.000000,0.000000,0.000000,0.000000,0.000000,0.000000,0.000000,0.000000,0.000000,0.000000,0.535552,0.000000,0.000000,0.000000,0.000000,0.000000,0.000000,0.000000,0.000000,0.000000,0.000000,0.000000,0.000000,0.000000,0.000000,0.000000,0.000000,0.000000,0.000000,0.000000,0.000000,0.000000,0.000000,0.000000,0.373666,0.000000,0.450146,0.000000,0.420336,0.000000,0.432938,0.000000,0.000000,0.000000,0.000000,0.000000,0.494617,0.000000,0.000000,0.000000,0.000000,0.000000,0.000000,0.000000
0.000000,0.000000,0.552739,0.304709,0.553542,0.000000,0.000000,0.000000,0.000000,0.278765,0.000000,0.000000,0.000000,0.000000,0.000000,0.332809,0.000000,0.000000,0.000000,0.000000,0.000000,0.363286,0.562700,0.000000,0.566125,0.300628,0.596013,0.430894,0.000000,0.000000,0.625314,0.000000,0.000000,0.000000,0.000000,0.000000,0.000000,0.000000,0.000000,0.000000,0.000000,0.000000,0.000000,0.000000,0.000000,0.000000,0.000000,0.000000,0.000000,0.000000,0.000000,0.000000,0.000000,0.000000,0.000000,0.000000,0.000000,0.000000,0.000000,0.000000,0.000000,0.000000,0.000000,0.000000,0.000000,0.000000,0.000000,0.000000,0.000000,0.000000,0.544457,0.374959,0.542130,0.404656,0.000000,0.000000,0.000000,0.000000,0.000000,0.000000,0.000000,0.000000,0.000000,0.440083,0.000000,0.000000,0.000000,0.000000,0.000000,0.000000
0.400506,0.000000,0.386750,0.000000,0.413075,0.000000,0.000000,0.000000,0.322741,0.436748,0.415490,0.000000,0.406315,0.000000,0.000000,0.000000,0.000000,0.000000,0.426967,0.000000,0.000000,0.000000,0.392386,0.000000,0.000000,0.000000,0.000000,0.000000,0.395960,0.000000,0.000000,0.000000,0.000000,0.000000,0.000000,0.000000,0.000000,0.000000,0.000000,0.000000,0.000000,0.000000,0.000000,0.000000,0.000000,0.000000,0.000000,0.000000,0.533761,0.000000,0.518591,0.000000,0.000000,0.000000,0.000000,0.000000,0.000000,0.000000,0.000000,0.000000,0.000000,0.000000,0.000000,0.000000,0.000000,0.000000,0.000000,0.000000,0.000000,0.000000,0.378843,0.452527,0.429319,0.000000,0.457192,0.000000,0.446744,0.507321,0.000000,0.000000,0.000000,0.000000,0.491555,0.000000,0.000000,0.000000,0.000000,0.000000,0.000000,0.000000
0.000000,0.417268,0.000000,0.373305,0.000000,0.000000,0.000000,0.000000,0.000000,0.425656,0.000000,0.433556,0.000000,0.417714,0.000000,0.325478,0.000000,0.000000,0.000000,0.000000,0.000000,0.000000,0.484758,0.398644,0.000000,0.000000,0.000000,0.000000,0.000000,0.000000,0.000000,0.000000,0.000000,0.000000,0.000000,0.000000,0.000000,0.000000,0.000000,0.000000,0.000000,0.000000,0.000000,0.000000,0.000000,0.000000,0.000000,0.000000,0.000000,0.000000,0.000000,0.000000,0.000000,0.000000,0.000000,0.000000,0.000000,0.000000,0.000000,0.000000,0.000000,0.000000,0.000000,0.000000,0.000000,0.000000,0.000000,0.000000,0.000000,0.000000,0.000000,0.347723,0.000000,0.000000,0.000000,0.000000,0.000000,0.428998,0.000000,0.000000,0.000000,0.000000,0.000000,0.000000,0.000000,0.000000,0.000000,0.000000,0.000000,0.000000
0.000000,0.000000,0.000000,0.000000,0.287847,0.000000,0.322741,0.000000,0.000000,0.000000,0.000000,0.000000,0.000000,0.000000,0.385293,0.000000,0.000000,0.000000,0.000000,0.000000,0.000000,0.000000,0.000000,0.000000,0.000000,0.000000,0.000000,0.000000,0.000000,0.000000,0.000000,0.000000,0.000000,0.000000,0.000000,0.000000,0.000000,0.000000,0.000000,0.000000,0.000000,0.000000,0.559556,0.000000,0.000000,0.000000,0.568930,0.000000,0.522444,0.000000,0.505019,0.000000,0.000000,0.000000,0.000000,0.000000,0.000000,0.000000,0.485897,0.000000,0.000000,0.000000,0.000000,0.000000,0.000000,0.000000,0.000000,0.000000,0.000000,0.000000,0.400484,0.000000,0.442072,0.000000,0.457329,0.000000,0.456676,0.495610,0.000000,0.000000,0.000000,0.000000,0.460683,0.000000,0.000000,0.000000,0.000000,0.000000,0.000000,0.000000
0.000000,0.000000,0.000000,0.000000,0.460500,0.278765,0.436748,0.425656,0.000000,0.000000,0.000000,0.000000,0.000000,0.000000,0.000000,0.367390,0.000000,0.000000,0.000000,0.000000,0.000000,0.000000,0.000000,0.000000,0.000000,0.000000,0.000000,0.000000,0.000000,0.000000,0.000000,0.000000,0.000000,0.000000,0.000000,0.000000,0.000000,0.000000,0.000000,0.468754,0.000000,0.000000,0.554788,0.540770,0.000000,0.539484,0.000000,0.535687,0.574949,0.511668,0.571424,0.000000,0.000000,0.000000,0.000000,0.498155,0.000000,0.000000,0.560512,0.000000,0.000000,0.000000,0.000000,0.000000,0.000000,0.000000,0.000000,0.493615,0.000000,0.000000,0.000000,0.377106,0.000000,0.435647,0.000000,0.432922,0.000000,0.447235,0.000000,0.000000,0.000000,0.455729,0.000000,0.451180,0.000000,0.000000,0.000000,0.460241,0.000000,0.000000
0.356731,0.000000,0.000000,0.000000,0.000000,0.000000,0.415490,0.000000,0.000000,0.000000,0.000000,0.000000,0.400084,0.000000,0.000000,0.000000,0.362697,0.000000,0.432492,0.000000,0.000000,0.000000,0.438613,0.000000,0.000000,0.000000,0.000000,0.000000,0.405143,0.000000,0.000000,0.000000,0.000000,0.000000,0.000000,0.000000,0.000000,0.000000,0.000000,0.000000,0.000000,0.000000,0.000000,0.000000,0.000000,0.000000,0.000000,0.000000,0.000000,0.000000,0.000000,0.000000,0.000000,0.000000,0.000000,0.000000,0.451864,0.000000,0.000000,0.000000,0.000000,0.000000,0.000000,0.000000,0.000000,0.000000,0.000000,0.000000,0.000000,0.000000,0.000000,0.000000,0.000000,0.000000,0.000000,0.000000,0.000000,0.000000,0.000000,0.000000,0.505176,0.000000,0.000000,0.000000,0.000000,0.000000,0.000000,0.000000,0.000000,0.000000
0.000000,0.378116,0.000000,0.000000,0.000000,0.000000,0.000000,0.433556,0.000000,0.000000,0.000000,0.000000,0.000000,0.293033,0.000000,0.286571,0.000000,0.300613,0.478365,0.439917,0.000000,0.000000,0.000000,0.418792,0.000000,0.000000,0.000000,0.000000,0.000000,0.417184,0.000000,0.000000,0.000000,0.000000,0.000000,0.000000,0.000000,0.000000,0.000000,0.000000,0.000000,0.000000,0.000000,0.000000,0.000000,0.000000,0.000000,0.000000,0.000000,0.000000,0.000000,0.000000,0.000000,0.000000,0.000000,0.000000,0.000000,0.000000,0.000000,0.000000,0.000000,0.000000,0.000000,0.000000,0.000000,0.000000,0.000000,0.000000,0.000000,0.000000,0.000000,0.406898,0.000000,0.354307,0.000000,0.000000,0.000000,0.000000,0.000000,0.000000,0.000000,0.000000,0.000000,0.000000,0.000000,0.000000,0.000000,0.000000,0.000000,0.000000
0.387084,0.000000,0.000000,0.000000,0.000000,0.000000,0.406315,0.000000,0.000000,0.000000,0.400084,0.000000,0.000000,0.000000,0.304496,0.000000,0.000000,0.000000,0.000000,0.000000,0.000000,0.000000,0.403782,0.000000,0.000000,0.000000,0.000000,0.000000,0.443096,0.000000,0.000000,0.000000,0.000000,0.000000,0.000000,0.000000,0.000000,0.000000,0.000000,0.000000,0.000000,0.000000,0.556327,0.000000,0.000000,0.000000,0.575062,0.000000,0.534335,0.000000,0.518210,0.000000,0.000000,0.000000,0.000000,0.000000,0.000000,0.000000,0.494149,0.000000,0.000000,0.000000,0.000000,0.000000,0.000000,0.000000,0.000000,0.000000,0.000000,0.000000,0.000000,0.000000,0.441476,0.000000,0.455832,0.000000,0.474044,0.000000,0.000000,0.000000,0.486102,0.000000,0.442574,0.000000,0.000000,0.000000,0.000000,0.000000,0.000000,0.000000
0.000000,0.404939,0.000000,0.000000,0.000000,0.000000,0.000000,0.417714,0.000000,0.000000,0.000000,0.293033,0.000000,0.000000,0.000000,0.295668,0.000000,0.000000,0.504180,0.395956,0.000000,0.000000,0.000000,0.439679,0.000000,0.000000,0.000000,0.000000,0.000000,0.382368,0.000000,0.000000,0.000000,0.387095,0.000000,0.000000,0.000000,0.000000,0.000000,0.000000,0.000000,0.000000,0.000000,0.489961,0.000000,0.516200,0.000000,0.535715,0.544176,0.481911,0.565450,0.000000,0.000000,0.000000,0.000000,0.000000,0.000000,0.000000,0.544048,0.469251,0.000000,0.000000,0.000000,0.000000,0.000000,0.000000,0.000000,0.465097,0.000000,0.000000,0.000000,0.412528,0.479419,0.419470,0.000000,0.424967,0.000000,0.437256,0.000000,0.000000,0.000000,0.000000,0.000000,0.000000,0.000000,0.000000,0.000000,0.000000,0.000000,0.000000
0.000000,0.000000,0.000000,0.000000,0.359790,0.000000,0.000000,0.000000,0.385293,0.000000,0.000000,0.000000,0.304496,0.000000,0.000000,0.000000,0.000000,0.000000,0.000000,0.000000,0.372063,0.000000,0.000000,0.000000,0.000000,0.000000,0.356405,0.000000,0.366451,0.000000,0.371131,0.000000,0.000000,0.000000,0.000000,0.000000,0.000000,0.000000,0.000000,0.000000,0.000000,0.000000,0.000000,0.000000,0.000000,0.000000,0.558233,0.000000,0.000000,0.000000,0.000000,0.000000,0.000000,0.000000,0.000000,0.000000,0.000000,0.000000,0.000000,0.000000,0.000000,0.000000,0.000000,0.000000,0.000000,0.000000,0.000000,0.000000,0.000000,0.000000,0.382046,0.000000,0.356677,0.000000,0.000000,0.000000,0.000000,0.000000,0.000000,0.000000,0.000000,0.000000,0.434924,0.000000,0.000000,0.000000,0.000000,0.000000,0.000000,0.000000
0.000000,0.000000,0.000000,0.000000,0.000000,0.332809,0.000000,0.325478,0.000000,0.367390,0.000000,0.286571,0.000000,0.295668,0.000000,0.000000,0.000000,0.000000,0.000000,0.000000,0.470244,0.378668,0.000000,0.000000,0.533715,0.000000,0.000000,0.350962,0.000000,0.338503,0.453445,0.426432,0.000000,0.000000,0.000000,0.000000,0.000000,0.000000,0.000000,0.000000,0.000000,0.000000,0.563473,0.537732,0.000000,0.533637,0.000000,0.555170,0.555554,0.509186,0.575070,0.000000,0.000000,0.000000,0.000000,0.000000,0.000000,0.000000,0.571306,0.000000,0.000000,0.000000,0.000000,0.000000,0.000000,0.000000,0.000000,0.491152,0.000000,0.000000,0.000000,0.385571,0.000000,0.439277,0.000000,0.000000,0.000000,0.460191,0.000000,0.000000,0.000000,0.450942,0.000000,0.445656,0.000000,0.000000,0.000000,0.000000,0.000000,0.000000
0.365889,0.000000,0.431829,0.000000,0.000000,0.000000,0.000000,0.000000,0.000000,0.000000,0.362697,0.000000,0.000000,0.000000,0.000000,0.000000,0.000000,0.000000,0.000000,0.000000,0.000000,0.000000,0.000000,0.000000,0.000000,0.000000,0.000000,0.000000,0.388373,0.000000,0.000000,0.000000,0.000000,0.000000,0.000000,0.000000,0.000000,0.000000,0.000000,0.000000,0.000000,0.000000,0.000000,0.000000,0.000000,0.000000,0.000000,0.000000,0.000000,0.000000,0.000000,0.000000,0.000000,0.000000,0.000000,0.000000,0.403559,0.000000,0.484749,0.000000,0.000000,0.000000,0.387118,0.000000,0.000000,0.000000,0.000000,0.000000,0.000000,0.000000,0.000000,0.000000,0.000000,0.000000,0.000000,0.000000,0.000000,0.000000,0.355906,0.000000,0.420389,0.000000,0.248158,0.000000,0.475004,0.000000,0.000000,0.000000,0.488771,0.000000
0.000000,0.440699,0.000000,0.000000,0.000000,0.000000,0.000000,0.000000,0.000000,0.000000,0.000000,0.300613,0.000000,0.000000,0.000000,0.000000,0.000000,0.000000,0.000000,0.437488,0.000000,0.000000,0.000000,0.000000,0.000000,0.000000,0.000000,0.000000,0.000000,0.345797,0.000000,0.000000,0.000000,0.000000,0.000000,0.000000,0.000000,0.000000,0.000000,0.000000,0.000000,0.000000,0.000000,0.000000,0.000000,0.000000,0.000000,0.000000,0.000000,0.000000,0.000000,0.000000,0.000000,0.000000,0.000000,0.000000,0.000000,0.381078,0.000000,0.000000,0.000000,0.432490,0.000000,0.344782,0.000000,0.000000,0.000000,0.000000,0.000000,0.000000,0.000000,0.000000,0.000000,0.000000,0.000000,0.000000,0.000000,0.000000,0.000000,0.281764,0.000000,0.344084,0.000000,0.000000,0.000000,0.000000,0.000000,0.000000,0.000000,0.000000
0.378565,0.000000,0.339293,0.000000,0.000000,0.000000,0.426967,0.000000,0.000000,0.000000,0.432492,0.478365,0.000000,0.504180,0.000000,0.000000,0.000000,0.000000,0.000000,0.529329,0.000000,0.000000,0.307500,0.522213,0.000000,0.000000,0.000000,0.000000,0.411761,0.000000,0.331862,0.000000,0.418826,0.523946,0.495664,0.000000,0.000000,0.000000,0.000000,0.000000,0.000000,0.000000,0.529363,0.000000,0.000000,0.000000,0.557422,0.000000,0.503845,0.000000,0.000000,0.000000,0.000000,0.000000,0.000000,0.000000,0.000000,0.000000,0.000000,0.000000,0.000000,0.000000,0.000000,0.000000,0.000000,0.000000,0.447307,0.000000,0.374767,0.000000,0.000000,0.525483,0.420268,0.000000,0.000000,0.000000,0.000000,0.000000,0.000000,0.000000,0.422518,0.000000,0.000000,0.000000,0.000000,0.000000,0.000000,0.000000,0.000000,0.000000
0.529652,0.421664,0.560136,0.299251,0.000000,0.000000,0.000000,0.000000,0.000000,0.000000,0.000000,0.439917,0.000000,0.395956,0.000000,0.000000,0.000000,0.437488,0.529329,0.000000,0.000000,0.000000,0.000000,0.317746,0.000000,0.000000,0.000000,0.000000,0.000000,0.392279,0.403918,0.000000,0.000000,0.384342,0.000000,0.441104,0.000000,0.000000,0.000000,0.000000,0.000000,0.000000,0.000000,0.000000,0.000000,0.000000,0.000000,0.000000,0.000000,0.000000,0.000000,0.000000,0.000000,0.000000,0.000000,0.000000,0.000000,0.000000,0.000000,0.000000,0.000000,0.000000,0.000000,0.000000,0.000000,0.000000,0.000000,0.409955,0.549302,0.323375,0.000000,0.415564,0.477068,0.413541,0.000000,0.431717,0.000000,0.000000,0.000000,0.000000,0.000000,0.000000,0.000000,0.000000,0.000000,0.000000,0.000000,0.000000,0.000000,0.000000
0.000000,0.000000,0.000000,0.000000,0.369436,0.000000,0.000000,0.000000,0.000000,0.000000,0.000000,0.000000,0.000000,0.000000,0.372063,0.470244,0.000000,0.000000,0.000000,0.000000,0.000000,0.302257,0.000000,0.000000,0.242138,0.000000,0.333296,0.372443,0.300496,0.000000,0.394613,0.000000,0.000000,0.000000,0.000000,0.000000,0.000000,0.000000,0.000000,0.000000,0.000000,0.000000,0.000000,0.000000,0.000000,0.000000,0.000000,0.000000,0.000000,0.000000,0.000000,0.000000,0.000000,0.000000,0.000000,0.000000,0.000000,0.000000,0.000000,0.000000,0.000000,0.000000,0.000000,0.000000,0.000000,0.000000,0.000000,0.000000,0.000000,0.000000,0.280167,0.423149,0.345104,0.000000,0.000000,0.000000,0.000000,0.000000,0.000000,0.000000,0.000000,0.000000,0.399607,0.000000,0.000000,0.000000,0.000000,0.000000,0.000000,0.000000
0.000000,0.000000,0.000000,0.000000,0.381250,0.363286,0.000000,0.000000,0.000000,0.000000,0.000000,0.000000,0.000000,0.000000,0.000000,0.378668,0.000000,0.000000,0.000000,0.000000,0.302257,0.000000,0.483776,0.000000,0.000000,0.303600,0.361718,0.357904,0.000000,0.252374,0.451404,0.357238,0.000000,0.000000,0.000000,0.000000,0.000000,0.000000,0.000000,0.000000,0.000000,0.000000,0.000000,0.000000,0.000000,0.000000,0.000000,0.000000,0.000000,0.000000,0.000000,0.000000,0.000000,0.000000,0.000000,0.000000,0.000000,0.000000,0.000000,0.000000,0.000000,0.000000,0.000000,0.000000,0.000000,0.000000,0.000000,0.000000,0.000000,0.000000,0.306664,0.272643,0.000000,0.300255,0.000000,0.000000,0.000000,0.000000,0.000000,0.000000,0.000000,0.000000,0.000000,0.000000,0.000000,0.000000,0.000000,0.000000,0.000000,0.000000
0.000000,0.000000,0.334273,0.502798,0.217679,0.562700,0.392386,0.484758,0.000000,0.000000,0.438613,0.000000,0.403782,0.000000,0.000000,0.000000,0.000000,0.000000,0.307500,0.000000,0.000000,0.483776,0.000000,0.493686,0.284170,0.522399,0.000000,0.531645,0.400923,0.000000,0.381575,0.485038,0.438804,0.534977,0.469953,0.000000,0.000000,0.000000,0.000000,0.000000,0.000000,0.000000,0.000000,0.000000,0.000000,0.000000,0.000000,0.000000,0.000000,0.000000,0.000000,0.000000,0.000000,0.000000,0.000000,0.000000,0.000000,0.000000,0.000000,0.000000,0.000000,0.000000,0.000000,0.000000,0.000000,0.000000,0.516087,0.000000,0.000000,0.000000,0.000000,0.000000,0.000000,0.000000,0.000000,0.000000,0.000000,0.000000,0.000000,0.000000,0.000000,0.000000,0.000000,0.000000,0.000000,0.000000,0.000000,0.000000,0.000000,0.000000
0.000000,0.000000,0.552414,0.323310,0.000000,0.000000,0.000000,0.398644,0.000000,0.000000,0.000000,0.418792,0.000000,0.439679,0.000000,0.000000,0.000000,0.000000,0.522213,0.317746,0.000000,0.000000,0.493686,0.000000,0.518708,0.319868,0.000000,0.000000,0.000000,0.000000,0.425268,0.369988,0.000000,0.360640,0.000000,0.000000,0.000000,0.000000,0.000000,0.000000,0.000000,0.000000,0.000000,0.000000,0.000000,0.000000,0.000000,0.000000,0.000000,0.000000,0.000000,0.000000,0.000000,0.000000,0.000000,0.000000,0.000000,0.000000,0.000000,0.000000,0.000000,0.000000,0.000000,0.000000,0.000000,0.000000,0.000000,0.444590,0.000000,0.000000,0.000000,0.000000,0.000000,0.000000,0.000000,0.000000,0.000000,0.000000,0.000000,0.000000,0.000000,0.000000,0.000000,0.000000,0.000000,0.000000,0.000000,0.000000,0.000000,0.000000
0.000000,0.000000,0.418548,0.515850,0.446463,0.566125,0.000000,0.000000,0.000000,0.000000,0.000000,0.000000,0.000000,0.000000,0.000000,0.533715,0.000000,0.000000,0.000000,0.000000,0.242138,0.000000,0.284170,0.518708,0.000000,0.527998,0.290019,0.542955,0.000000,0.000000,0.318603,0.512023,0.000000,0.000000,0.000000,0.000000,0.000000,0.000000,0.000000,0.000000,0.000000,0.000000,0.000000,0.000000,0.000000,0.000000,0.541036,0.000000,0.000000,0.000000,0.000000,0.000000,0.000000,0.000000,0.000000,0.000000,0.000000,0.000000,0.000000,0.000000,0.000000,0.000000,0.000000,0.000000,0.000000,0.000000,0.000000,0.000000,0.000000,0.000000,0.436622,0.000000,0.475319,0.000000,0.415966,0.000000,0.444680,0.000000,0.000000,0.000000,0.000000,0.000000,0.502230,0.000000,0.000000,0.000000,0.000000,0.000000,0.000000,0.000000
0.000000,0.000000,0.527147,0.362327,0.000000,0.300628,0.000000,0.000000,0.000000,0.000000,0.000000,0.000000,0.000000,0.000000,0.000000,0.000000,0.000000,0.000000,0.000000,0.000000,0.000000,0.303600,0.522399,0.319868,0.527998,0.000000,0.594088,0.295310,0.000000,0.000000,0.612029,0.384582,0.000000,0.000000,0.000000,0.000000,0.000000,0.000000,0.000000,0.000000,0.000000,0.000000,0.000000,0.000000,0.000000,0.000000,0.000000,0.000000,0.000000,0.000000,0.000000,0.000000,0.000000,0.000000,0.000000,0.000000,0.000000,0.000000,0.000000,0.000000,0.000000,0.000000,0.000000,0.000000,0.000000,0.000000,0.000000,0.000000,0.000000,0.000000,0.000000,0.000000,0.000000,0.000000,0.000000,0.000000,0.000000,0.000000,0.000000,0.000000,0.000000,0.000000,0.000000,0.000000,0.000000,0.000000,0.000000,0.000000,0.000000,0.000000
0.000000,0.000000,0.000000,0.418546,0.354405,0.596013,0.000000,0.000000,0.000000,0.000000,0.000000,0.000000,0.000000,0.000000,0.356405,0.000000,0.000000,0.000000,0.000000,0.000000,0.333296,0.361718,0.000000,0.000000,0.290019,0.594088,0.000000,0.468663,0.344617,0.000000,0.316997,0.000000,0.000000,0.000000,0.000000,0.000000,0.000000,0.000000,0.000000,0.000000,0.000000,0.000000,0.000000,0.000000,0.000000,0.000000,0.000000,0.000000,0.000000,0.000000,0.000000,0.000000,0.000000,0.000000,0.000000,0.000000,0.000000,0.000000,0.000000,0.000000,0.000000,0.000000,0.000000,0.000000,0.000000,0.000000,0.000000,0.000000,0.000000,0.000000,0.346280,0.000000,0.408951,0.000000,0.000000,0.000000,0.000000,0.000000,0.000000,0.000000,0.000000,0.000000,0.483035,0.000000,0.000000,0.000000,0.000000,0.000000,0.000000,0.000000
0.000000,0.000000,0.542284,0.000000,0.000000,0.430894,0.000000,0.000000,0.000000,0.000000,0.000000,0.000000,0.000000,0.000000,0.000000,0.350962,0.000000,0.000000,0.000000,0.000000,0.372443,0.357904,0.531645,0.000000,0.542955,0.295310,0.468663,0.000000,0.000000,0.364210,0.578950,0.304926,0.000000,0.000000,0.000000,0.000000,0.000000,0.000000,0.000000,0.000000,0.000000,0.312581,0.000000,0.000000,0.000000,0.000000,0.000000,0.000000,0.000000,0.000000,0.000000,0.000000,0.000000,0.000000,0.000000,0.000000,0.000000,0.000000,0.000000,0.000000,0.000000,0.000000,0.000000,0.000000,0.000000,0.000000,0.000000,0.000000,0.000000,0.000000,0.000000,0.000000,0.000000,0.321693,0.000000,0.000000,0.000000,0.000000,0.000000,0.000000,0.000000,0.000000,0.000000,0.359688,0.000000,0.000000,0.000000,0.000000,0.000000,0.000000
0.000000,0.000000,0.000000,0.000000,0.347422,0.000000,0.395960,0.000000,0.000000,0.000000,0.405143,0.000000,0.443096,0.000000,0.366451,0.000000,0.388373,0.000000,0.411761,0.000000,0.300496,0.000000,0.400923,0.000000,0.000000,0.000000,0.344617,0.000000,0.000000,0.000000,0.000000,0.000000,0.000000,0.000000,0.000000,0.000000,0.000000,0.000000,0.000000,0.000000,0.000000,0.000000,0.000000,0.000000,0.000000,0.000000,0.000000,0.000000,0.509682,0.000000,0.565456,0.000000,0.000000,0.000000,0.000000,0.000000,0.362775,0.000000,0.486778,0.000000,0.000000,0.000000,0.382750,0.000000,0.000000,0.000000,0.497986,0.000000,0.000000,0.000000,0.315286,0.000000,0.317443,0.000000,0.000000,0.000000,0.000000,0.000000,0.331698,0.000000,0.352151,0.000000,0.315805,0.000000,0.476875,0.000000,0.000000,0.000000,0.000000,0.000000
0.000000,0.000000,0.000000,0.000000,0.000000,0.000000,0.000000,0.000000,0.000000,0.000000,0.000000,0.417184,0.000000,0.382368,0.000000,0.338503,0.000000,0.345797,0.000000,0.392279,0.000000,0.252374,0.000000,0.000000,0.000000,0.000000,0.000000,0.364210,0.000000,0.000000,0.000000,0.000000,0.000000,0.000000,0.000000,0.000000,0.000000,0.000000,0.000000,0.000000,0.000000,0.000000,0.000000,0.519471,0.000000,0.547324,0.000000,0.000000,0.592705,0.505400,0.645568,0.000000,0.000000,0.000000,0.000000,0.000000,0.000000,0.429028,0.566303,0.486651,0.000000,0.416875,0.000000,0.340553,0.000000,0.000000,0.000000,0.507372,0.000000,0.000000,0.000000,0.000000,0.000000,0.327988,0.000000,0.000000,0.000000,0.000000,0.000000,0.234925,0.000000,0.400220,0.000000,0.000000,0.000000,0.000000,0.000000,0.000000,0.000000,0.000000
0.000000,0.000000,0.000000,0.000000,0.431553,0.625314,0.000000,0.000000,0.000000,0.000000,0.000000,0.000000,0.000000,0.000000,0.371131,0.453445,0.000000,0.000000,0.331862,0.403918,0.394613,0.451404,0.381575,0.425268,0.318603,0.612029,0.316997,0.578950,0.000000,0.000000,0.000000,0.410236,0.473708,0.000000,0.552446,0.000000,0.000000,0.000000,0.000000,0.000000,0.000000,0.000000,0.000000,0.000000,0.000000,0.000000,0.000000,0.000000,0.000000,0.000000,0.000000,0.000000,0.000000,0.000000,0.000000,0.000000,0.000000,0.000000,0.000000,0.000000,0.000000,0.000000,0.000000,0.000000,0.000000,0.000000,0.536091,0.000000,0.000000,0.000000,0.360766,0.472113,0.356442,0.000000,0.000000,0.000000,0.000000,0.000000,0.000000,0.000000,0.000000,0.000000,0.000000,0.000000,0.000000,0.000000,0.000000,0.000000,0.000000,0.000000
0.000000,0.000000,0.000000,0.381716,0.000000,0.000000,0.000000,0.000000,0.000000,0.000000,0.000000,0.000000,0.000000,0.000000,0.000000,0.426432,0.000000,0.000000,0.000000,0.000000,0.000000,0.357238,0.485038,0.369988,0.512023,0.384582,0.000000,0.304926,0.000000,0.000000,0.410236,0.000000,0.000000,0.446860,0.509731,0.504219,0.000000,0.506127,0.000000,0.000000,0.000000,0.000000,0.000000,0.000000,0.000000,0.000000,0.000000,0.000000,0.000000,0.000000,0.000000,0.000000,0.000000,0.000000,0.000000,0.000000,0.000000,0.000000,0.000000,0.000000,0.000000,0.000000,0.000000,0.000000,0.000000,0.000000,0.000000,0.465178,0.000000,0.000000,0.000000,0.390148,0.000000,0.000000,0.000000,0.000000,0.000000,0.000000,0.000000,0.000000,0.000000,0.000000,0.000000,0.000000,0.000000,0.000000,0.000000,0.000000,0.000000,0.000000
0.000000,0.000000,0.000000,0.000000,0.000000,0.000000,0.000000,0.000000,0.000000,0.000000,0.000000,0.000000,0.000000,0.000000,0.000000,0.000000,0.000000,0.000000,0.418826,0.000000,0.000000,0.000000,0.438804,0.000000,0.000000,0.000000,0.000000,0.000000,0.000000,0.000000,0.473708,0.000000,0.000000,0.000000,0.476183,0.000000,0.000000,0.000000,0.000000,0.000000,0.000000,0.000000,0.000000,0.000000,0.000000,0.000000,0.000000,0.000000,0.000000,0.000000,0.000000,0.000000,0.000000,0.000000,0.000000,0.000000,0.000000,0.000000,0.498787,0.000000,0.000000,0.000000,0.000000,0.000000,0.000000,0.000000,0.437180,0.566213,0.349161,0.000000,0.000000,0.000000,0.000000,0.000000,0.000000,0.000000,0.000000,0.000000,0.000000,0.000000,0.000000,0.000000,0.000000,0.000000,0.000000,0.000000,0.000000,0.000000,0.000000,0.000000
0.000000,0.000000,0.000000,0.455054,0.000000,0.000000,0.000000,0.000000,0.000000,0.000000,0.000000,0.000000,0.000000,0.387095,0.000000,0.000000,0.000000,0.000000,0.523946,0.384342,0.000000,0.000000,0.534977,0.360640,0.000000,0.000000,0.000000,0.000000,0.000000,0.000000,0.000000,0.446860,0.000000,0.000000,0.406283,0.399968,0.000000,0.530313,0.000000,0.000000,0.000000,0.000000,0.000000,0.000000,0.000000,0.000000,0.000000,0.000000,0.000000,0.000000,0.000000,0.000000,0.000000,0.000000,0.000000,0.000000,0.000000,0.000000,0.000000,0.000000,0.000000,0.000000,0.000000,0.000000,0.000000,0.000000,0.597727,0.393518,0.548343,0.450661,0.000000,0.000000,0.000000,0.000000,0.000000,0.000000,0.000000,0.000000,0.000000,0.000000,0.000000,0.000000,0.000000,0.000000,0.000000,0.000000,0.000000,0.000000,0.000000,0.000000
0.000000,0.000000,0.000000,0.505709,0.000000,0.000000,0.000000,0.000000,0.000000,0.000000,0.000000,0.000000,0.000000,0.000000,0.000000,0.000000,0.000000,0.000000,0.495664,0.000000,0.000000,0.000000,0.469953,0.000000,0.000000,0.000000,0.000000,0.000000,0.000000,0.000000,0.552446,0.509731,0.476183,0.406283,0.000000,0.320377,0.359277,0.000000,0.519401,0.000000,0.000000,0.000000,0.000000,0.000000,0.000000,0.672637,0.000000,0.000000,0.000000,0.000000,0.000000,0.000000,0.000000,0.000000,0.000000,0.000000,0.000000,0.000000,0.000000,0.000000,0.000000,0.000000,0.000000,0.000000,0.000000,0.000000,0.331405,0.000000,0.000000,0.000000,0.000000,0.000000,0.000000,0.527534,0.000000,0.000000,0.000000,0.000000,0.000000,0.000000,0.000000,0.000000,0.000000,0.000000,0.000000,0.000000,0.000000,0.000000,0.000000,0.000000
0.000000,0.000000,0.000000,0.000000,0.000000,0.000000,0.000000,0.000000,0.000000,0.000000,0.000000,0.000000,0.000000,0.000000,0.000000,0.000000,0.000000,0.000000,0.000000,0.441104,0.000000,0.000000,0.000000,0.000000,0.000000,0.000000,0.000000,0.000000,0.000000,0.000000,0.000000,0.504219,0.000000,0.399968,0.320377,0.000000,0.000000,0.499837,0.000000,0.000000,0.000000,0.000000,0.000000,0.000000,0.000000,0.000000,0.000000,0.000000,0.000000,0.573510,0.000000,0.000000,0.000000,0.000000,0.000000,0.000000,0.000000,0.000000,0.000000,0.000000,0.000000,0.000000,0.000000,0.000000,0.000000,0.000000,0.000000,0.381860,0.000000,0.000000,0.000000,0.000000,0.000000,0.000000,0.000000,0.000000,0.000000,0.000000,0.000000,0.000000,0.000000,0.000000,0.000000,0.000000,0.000000,0.000000,0.000000,0.000000,0.000000,0.000000
0.000000,0.000000,0.000000,0.000000,0.000000,0.000000,0.000000,0.000000,0.000000,0.000000,0.000000,0.000000,0.000000,0.000000,0.000000,0.000000,0.000000,0.000000,0.000000,0.000000,0.000000,0.000000,0.000000,0.000000,0.000000,0.000000,0.000000,0.000000,0.000000,0.000000,0.000000,0.000000,0.000000,0.000000,0.359277,0.000000,0.000000,0.458116,0.426046,0.000000,0.265922,0.000000,0.000000,0.000000,0.000000,0.000000,0.425340,0.000000,0.000000,0.600253,0.000000,0.000000,0.000000,0.000000,0.368277,0.000000,0.000000,0.000000,0.000000,0.000000,0.000000,0.000000,0.000000,0.000000,0.000000,0.000000,0.473233,0.000000,0.000000,0.000000,0.000000,0.000000,0.549378,0.000000,0.000000,0.000000,0.443167,0.509084,0.000000,0.000000,0.000000,0.000000,0.420739,0.000000,0.000000,0.000000,0.456966,0.000000,0.000000,0.000000
0.000000,0.000000,0.000000,0.000000,0.000000,0.000000,0.000000,0.000000,0.000000,0.000000,0.000000,0.000000,0.000000,0.000000,0.000000,0.000000,0.000000,0.000000,0.000000,0.000000,0.000000,0.000000,0.000000,0.000000,0.000000,0.000000,0.000000,0.000000,0.000000,0.000000,0.000000,0.506127,0.000000,0.530313,0.000000,0.499837,0.458116,0.000000,0.000000,0.442941,0.000000,0.374327,0.612820,0.593427,0.000000,0.560890,0.000000,0.580480,0.000000,0.000000,0.000000,0.000000,0.000000,0.000000,0.000000,0.412149,0.000000,0.000000,0.000000,0.000000,0.000000,0.000000,0.000000,0.000000,0.000000,0.000000,0.000000,0.490227,0.000000,0.000000,0.000000,0.000000,0.000000,0.000000,0.000000,0.000000,0.000000,0.522031,0.000000,0.000000,0.000000,0.000000,0.000000,0.372460,0.000000,0.495538,0.000000,0.440841,0.000000,0.000000
0.000000,0.000000,0.000000,0.000000,0.000000,0.000000,0.000000,0.000000,0.000000,0.000000,0.000000,0.000000,0.000000,0.000000,0.000000,0.000000,0.000000,0.000000,0.000000,0.000000,0.000000,0.000000,0.000000,0.000000,0.000000,0.000000,0.000000,0.000000,0.000000,0.000000,0.000000,0.000000,0.000000,0.000000,0.519401,0.000000,0.426046,0.000000,0.000000,0.000000,0.307044,0.000000,0.000000,0.000000,0.476380,0.000000,0.417313,0.000000,0.484555,0.000000,0.000000,0.000000,0.000000,0.000000,0.379249,0.000000,0.000000,0.000000,0.000000,0.000000,0.000000,0.000000,0.000000,0.000000,0.000000,0.000000,0.500471,0.000000,0.000000,0.000000,0.000000,0.000000,0.563859,0.000000,0.000000,0.000000,0.514152,0.000000,0.000000,0.000000,0.000000,0.000000,0.435652,0.000000,0.519015,0.000000,0.489589,0.000000,0.511336,0.000000
0.000000,0.000000,0.000000,0.000000,0.000000,0.000000,0.000000,0.000000,0.000000,0.468754,0.000000,0.000000,0.000000,0.000000,0.000000,0.000000,0.000000,0.000000,0.000000,0.000000,0.000000,0.000000,0.000000,0.000000,0.000000,0.000000,0.000000,0.000000,0.000000,0.000000,0.000000,0.000000,0.000000,0.000000,0.000000,0.000000,0.000000,0.442941,0.000000,0.000000,0.000000,0.385276,0.000000,0.496665,0.000000,0.500846,0.000000,0.494300,0.000000,0.000000,0.000000,0.000000,0.000000,0.417390,0.000000,0.362848,0.000000,0.000000,0.000000,0.000000,0.000000,0.000000,0.000000,0.000000,0.000000,0.000000,0.540686,0.522057,0.000000,0.000000,0.000000,0.000000,0.000000,0.000000,0.000000,0.000000,0.000000,0.569483,0.000000,0.000000,0.000000,0.000000,0.000000,0.321311,0.000000,0.495216,0.000000,0.468329,0.000000,0.456334
0.000000,0.000000,0.000000,0.000000,0.000000,0.000000,0.000000,0.000000,0.000000,0.000000,0.000000,0.000000,0.000000,0.000000,0.000000,0.000000,0.000000,0.000000,0.000000,0.000000,0.000000,0.000000,0.000000,0.000000,0.000000,0.000000,0.000000,0.000000,0.000000,0.000000,0.000000,0.000000,0.000000,0.000000,0.000000,0.000000,0.265922,0.000000,0.307044,0.000000,0.000000,0.000000,0.563660,0.000000,0.000000,0.000000,0.548831,0.000000,0.531133,0.000000,0.000000,0.000000,0.000000,0.000000,0.000000,0.000000,0.000000,0.000000,0.000000,0.000000,0.000000,0.000000,0.000000,0.000000,0.000000,0.000000,0.000000,0.000000,0.000000,0.000000,0.000000,0.000000,0.000000,0.000000,0.000000,0.000000,0.000000,0.000000,0.000000,0.000000,0.000000,0.000000,0.433674,0.000000,0.444482,0.000000,0.000000,0.000000,0.000000,0.000000
0.000000,0.000000,0.000000,0.000000,0.000000,0.000000,0.000000,0.000000,0.000000,0.000000,0.000000,0.000000,0.000000,0.000000,0.000000,0.000000,0.000000,0.000000,0.000000,0.000000,0.000000,0.000000,0.000000,0.000000,0.000000,0.000000,0.000000,0.312581,0.000000,0.000000,0.000000,0.000000,0.000000,0.000000,0.000000,0.000000,0.000000,0.374327,0.000000,0.385276,0.000000,0.000000,0.000000,0.479818,0.000000,0.000000,0.000000,0.382652,0.000000,0.463839,0.000000,0.000000,0.000000,0.000000,0.000000,0.000000,0.000000,0.000000,0.000000,0.000000,0.000000,0.000000,0.000000,0.000000,0.000000,0.000000,0.000000,0.343888,0.000000,0.000000,0.000000,0.000000,0.000000,0.324084,0.000000,0.000000,0.000000,0.375306,0.000000,0.000000,0.000000,0.000000,0.000000,0.404456,0.000000,0.000000,0.000000,0.406955,0.000000,0.000000
0.000000,0.000000,0.000000,0.000000,0.000000,0.000000,0.000000,0.000000,0.559556,0.554788,0.000000,0.000000,0.556327,0.000000,0.000000,0.563473,0.000000,0.000000,0.529363,0.000000,0.000000,0.000000,0.000000,0.000000,0.000000,0.000000,0.000000,0.000000,0.000000,0.000000,0.000000,0.000000,0.000000,0.000000,0.000000,0.000000,0.000000,0.612820,0.000000,0.000000,0.563660,0.000000,0.000000,0.643206,0.390175,0.652905,0.367333,0.402861,0.389325,0.626336,0.248439,0.000000,0.328158,0.000000,0.000000,0.380117,0.000000,0.000000,0.000000,0.000000,0.000000,0.000000,0.000000,0.000000,0.000000,0.000000,0.421908,0.627840,0.000000,0.000000,0.000000,0.000000,0.605804,0.000000,0.000000,0.000000,0.537960,0.000000,0.000000,0.000000,0.596584,0.000000,0.557251,0.000000,0.536694,0.558981,0.494007,0.000000,0.468256,0.586206
0.000000,0.000000,0.000000,0.000000,0.000000,0.000000,0.000000,0.000000,0.000000,0.540770,0.000000,0.000000,0.000000,0.489961,0.000000,0.537732,0.000000,0.000000,0.000000,0.000000,0.000000,0.000000,0.000000,0.000000,0.000000,0.000000,0.000000,0.000000,0.000000,0.519471,0.000000,0.000000,0.000000,0.000000,0.000000,0.000000,0.000000,0.593427,0.000000,0.496665,0.000000,0.479818,0.643206,0.000000,0.584359,0.450378,0.000000,0.420103,0.000000,0.365693,0.000000,0.325115,0.000000,0.273419,0.000000,0.499774,0.000000,0.000000,0.000000,0.000000,0.000000,0.000000,0.000000,0.000000,0.000000,0.000000,0.528180,0.532612,0.000000,0.000000,0.000000,0.000000,0.000000,0.531047,0.000000,0.000000,0.000000,0.554903,0.000000,0.000000,0.000000,0.500336,0.000000,0.485132,0.000000,0.501403,0.000000,0.490830,0.000000,0.504831
0.000000,0.000000,0.000000,0.000000,0.000000,0.000000,0.000000,0.000000,0.000000,0.000000,0.000000,0.000000,0.000000,0.000000,0.000000,0.000000,0.000000,0.000000,0.000000,0.000000,0.000000,0.000000,0.000000,0.000000,0.000000,0.000000,0.000000,0.000000,0.000000,0.000000,0.000000,0.000000,0.000000,0.000000,0.000000,0.000000,0.000000,0.000000,0.476380,0.000000,0.000000,0.000000,0.390175,0.584359,0.000000,0.672139,0.379053,0.000000,0.398712,0.666483,0.445592,0.000000,0.467866,0.000000,0.000000,0.000000,0.000000,0.000000,0.431713,0.600662,0.000000,0.000000,0.000000,0.000000,0.000000,0.000000,0.507136,0.605497,0.000000,0.000000,0.000000,0.000000,0.534049,0.000000,0.000000,0.000000,0.510713,0.000000,0.000000,0.000000,0.547273,0.000000,0.000000,0.000000,0.000000,0.000000,0.000000,0.000000,0.469070,0.000000
0.000000,0.000000,0.000000,0.000000,0.000000,0.000000,0.000000,0.000000,0.000000,0.539484,0.000000,0.000000,0.000000,0.516200,0.000000,0.533637,0.000000,0.000000,0.000000,0.000000,0.000000,0.000000,0.000000,0.000000,0.000000,0.000000,0.000000,0.000000,0.000000,0.547324,0.000000,0.000000,0.000000,0.000000,0.672637,0.000000,0.000000,0.560890,0.000000,0.500846,0.000000,0.000000,0.652905,0.450378,0.672139,0.000000,0.000000,0.449569,0.625230,0.374807,0.000000,0.354438,0.000000,0.409866,0.000000,0.488272,0.000000,0.000000,0.000000,0.418892,0.000000,0.000000,0.000000,0.000000,0.000000,0.000000,0.252337,0.530671,0.000000,0.000000,0.000000,0.000000,0.000000,0.509664,0.000000,0.000000,0.000000,0.000000,0.000000,0.000000,0.000000,0.523049,0.000000,0.000000,0.000000,0.503714,0.000000,0.000000,0.000000,0.495629
0.000000,0.000000,0.000000,0.000000,0.535552,0.000000,0.000000,0.000000,0.568930,0.000000,0.000000,0.000000,0.575062,0.000000,0.558233,0.000000,0.000000,0.000000,0.557422,0.000000,0.000000,0.000000,0.000000,0.000000,0.541036,0.000000,0.000000,0.000000,0.000000,0.000000,0.000000,0.000000,0.000000,0.000000,0.000000,0.000000,0.425340,0.000000,0.417313,0.000000,0.548831,0.000000,0.367333,0.000000,0.379053,0.000000,0.000000,0.000000,0.436727,0.000000,0.320099,0.000000,0.334290,0.000000,0.384042,0.000000,0.000000,0.000000,0.000000,0.000000,0.000000,0.000000,0.000000,0.000000,0.000000,0.000000,0.411880,0.000000,0.000000,0.000000,0.000000,0.000000,0.576610,0.000000,0.000000,0.000000,0.555036,0.000000,0.000000,0.000000,0.623535,0.000000,0.554512,0.000000,0.534772,0.000000,0.517028,0.000000,0.545083,0.000000
0.000000,0.000000,0.000000,0.000000,0.000000,0.000000,0.000000,0.000000,0.000000,0.535687,0.000000,0.000000,0.000000,0.535715,0.000000,0.555170,0.000000,0.000000,0.000000,0.000000,0.000000,0.000000,0.000000,0.000000,0.000000,0.000000,0.000000,0.000000,0.000000,0.000000,0.000000,0.000000,0.000000,0.000000,0.000000,0.000000,0.000000,0.580480,0.000000,0.494300,0.000000,0.382652,0.402861,0.420103,0.000000,0.449569,0.000000,0.000000,0.000000,0.446149,0.000000,0.000000,0.000000,0.344111,0.000000,0.425239,0.000000,0.000000,0.000000,0.000000,0.000000,0.000000,0.000000,0.000000,0.000000,0.000000,0.521032,0.445221,0.000000,0.000000,0.000000,0.000000,0.000000,0.574851,0.000000,0.000000,0.000000,0.000000,0.000000,0.000000,0.000000,0.000000,0.000000,0.494770,0.000000,0.531884,0.000000,0.508837,0.000000,0.576877
0.000000,0.000000,0.000000,0.000000,0.000000,0.000000,0.533761,0.000000,0.522444,0.574949,0.000000,0.000000,0.534335,0.544176,0.000000,0.555554,0.000000,0.000000,0.503845,0.000000,0.000000,0.000000,0.000000,0.000000,0.000000,0.000000,0.000000,0.000000,0.509682,0.592705,0.000000,0.000000,0.000000,0.000000,0.000000,0.000000,0.000000,0.000000,0.484555,0.000000,0.531133,0.000000,0.389325,0.000000,0.398712,0.625230,0.436727,0.000000,0.000000,0.660989,0.440052,0.000000,0.451244,0.000000,0.471842,0.000000,0.000000,0.000000,0.327140,0.601181,0.493748,0.000000,0.000000,0.000000,0.000000,0.000000,0.531109,0.586177,0.000000,0.000000,0.000000,0.000000,0.531365,0.574126,0.000000,0.000000,0.500955,0.000000,0.000000,0.000000,0.515272,0.611773,0.507510,0.000000,0.497047,0.000000,0.483417,0.000000,0.480143,0.000000
