0.000000,0.612030,0.490159,0.532896,0.000000,0.510338,0.357381,0.535695,0.000000,0.000000,0.401147,0.000000,0.481341,0.516915,0.503802,0.000000,0.420731,0.000000,0.512836,0.620270,0.000000,0.000000,0.481618,0.000000,0.000000,0.000000,0.000000,0.000000,0.509470,0.535675,0.000000,0.000000,0.557448,0.586386,0.576647,0.610508,0.000000,0.000000,0.000000,0.000000,0.000000,0.000000,0.512098,0.562124,0.000000,0.000000,0.601315,0.575637,0.000000,0.000000,0.000000,0.000000,0.000000,0.000000,0.000000,0.000000,0.412298,0.634716,0.000000,0.000000,0.465476,0.000000,0.502140,0.622419,0.000000,0.000000,0.000000,0.644954,0.629837,0.657009,0.000000,0.000000,0.506298,0.654697,0.000000,0.000000,0.575056,0.580100,0.442029,0.000000,0.424308,0.000000,0.000000,0.000000,0.000000,0.000000,0.000000,0.000000,0.000000,0.000000
0.612030,0.000000,0.564170,0.300956,0.000000,0.000000,0.636248,0.476248,0.501026,0.519552,0.529675,0.456108,0.525739,0.441679,0.527695,0.000000,0.000000,0.488310,0.718696,0.487354,0.000000,0.000000,0.599637,0.513701,0.000000,0.000000,0.000000,0.000000,0.000000,0.552204,0.000000,0.000000,0.620978,0.557156,0.000000,0.000000,0.000000,0.000000,0.000000,0.000000,0.000000,0.000000,0.000000,0.000000,0.000000,0.000000,0.000000,0.517234,0.000000,0.000000,0.000000,0.000000,0.000000,0.000000,0.000000,0.000000,0.548619,0.441388,0.000000,0.432697,0.000000,0.401261,0.499507,0.500021,0.000000,0.525042,0.000000,0.333854,0.590923,0.521576,0.000000,0.000000,0.000000,0.521801,0.000000,0.000000,0.000000,0.000000,0.000000,0.000000,0.000000,0.475967,0.000000,0.000000,0.000000,0.000000,0.000000,0.000000,0.000000,0.466868
0.490159,0.564170,0.000000,0.541380,0.289169,0.633982,0.440914,0.511029,0.312519,0.719760,0.486163,0.464720,0.532376,0.515199,0.388054,0.608582,0.492547,0.466723,0.452423,0.491081,0.000000,0.000000,0.499083,0.557452,0.000000,0.000000,0.000000,0.000000,0.522086,0.535937,0.000000,0.000000,0.513420,0.552250,0.549189,0.562197,0.000000,0.000000,0.000000,0.000000,0.000000,0.000000,0.521125,0.543663,0.000000,0.000000,0.542432,0.559287,0.000000,0.000000,0.522502,0.000000,0.000000,0.000000,0.000000,0.000000,0.502246,0.528325,0.483525,0.000000,0.000000,0.521546,0.496593,0.000000,0.496358,0.542517,0.523792,0.584209,0.510081,0.519221,0.512078,0.573541,0.513097,0.591701,0.000000,0.000000,0.581108,0.608629,0.447628,0.000000,0.478454,0.549141,0.437416,0.511722,0.000000,0.000000,0.000000,0.000000,0.000000,0.000000
0.532896,0.300956,0.541380,0.000000,0.612808,0.245031,0.536353,0.394648,0.505116,0.000000,0.546242,0.000000,0.591490,0.436353,0.516126,0.444960,0.000000,0.557953,0.497074,0.445614,0.000000,0.000000,0.560929,0.432396,0.724012,0.000000,0.000000,0.000000,0.528042,0.464355,0.000000,0.000000,0.453983,0.529121,0.527486,0.591739,0.000000,0.000000,0.000000,0.000000,0.000000,0.000000,0.579120,0.566185,0.000000,0.000000,0.555882,0.572749,0.000000,0.000000,0.000000,0.570694,0.000000,0.598938,0.000000,0.000000,0.540367,0.000000,0.552763,0.000000,0.000000,0.527385,0.532211,0.445349,0.000000,0.000000,0.519441,0.590492,0.565512,0.541844,0.547003,0.000000,0.503429,0.552672,0.000000,0.000000,0.482252,0.515942,0.528416,0.000000,0.541010,0.000000,0.000000,0.000000,0.000000,0.000000,0.000000,0.000000,0.000000,0.000000
0.000000,0.000000,0.289169,0.612808,0.000000,0.603035,0.321859,0.000000,0.308679,0.000000,0.000000,0.000000,0.000000,0.000000,0.363943,0.547473,0.000000,0.000000,0.000000,0.000000,0.000000,0.000000,0.683575,0.000000,0.325524,0.482491,0.348192,0.000000,0.318655,0.516750,0.000000,0.000000,0.000000,0.000000,0.000000,0.000000,0.000000,0.000000,0.000000,0.000000,0.000000,0.000000,0.000000,0.000000,0.000000,0.000000,0.000000,0.000000,0.000000,0.000000,0.000000,0.000000,0.000000,0.000000,0.000000,0.000000,0.475514,0.000000,0.515272,0.000000,0.000000,0.000000,0.473712,0.000000,0.523812,0.000000,0.000000,0.000000,0.479017,0.000000,0.000000,0.000000,0.344881,0.000000,0.000000,0.000000,0.000000,0.000000,0.000000,0.000000,0.469138,0.000000,0.416871,0.000000,0.000000,0.000000,0.000000,0.000000,0.000000,0.000000
0.510338,0.000000,0.633982,0.245031,0.603035,0.000000,0.577866,0.000000,0.450567,0.376921,0.514432,0.000000,0.552770,0.000000,0.532961,0.385633,0.000000,0.000000,0.000000,0.000000,0.000000,0.000000,0.647332,0.000000,0.598647,0.328941,0.000000,0.324319,0.571174,0.351547,0.000000,0.000000,0.000000,0.458898,0.000000,0.000000,0.000000,0.000000,0.000000,0.000000,0.000000,0.000000,0.000000,0.000000,0.000000,0.000000,0.000000,0.000000,0.000000,0.000000,0.000000,0.000000,0.000000,0.000000,0.000000,0.000000,0.528449,0.489265,0.537974,0.513851,0.000000,0.504695,0.510051,0.000000,0.000000,0.515751,0.000000,0.000000,0.000000,0.573230,0.000000,0.000000,0.000000,0.000000,0.000000,0.000000,0.000000,0.433889,0.552208,0.000000,0.513286,0.475556,0.578143,0.419560,0.000000,0.000000,0.000000,0.000000,0.000000,0.000000
0.357381,0.636248,0.440914,0.536353,0.321859,0.577866,0.000000,0.492004,0.000000,0.000000,0.296761,0.000000,0.382321,0.000000,0.000000,0.516706,0.000000,0.000000,0.508595,0.535685,0.000000,0.000000,0.527246,0.525736,0.000000,0.000000,0.000000,0.000000,0.389261,0.540860,0.000000,0.000000,0.421687,0.532567,0.499186,0.592580,0.000000,0.000000,0.000000,0.000000,0.000000,0.000000,0.000000,0.551085,0.000000,0.000000,0.480309,0.586370,0.000000,0.000000,0.000000,0.000000,0.000000,0.000000,0.000000,0.000000,0.000000,0.000000,0.000000,0.000000,0.000000,0.000000,0.000000,0.000000,0.000000,0.000000,0.490726,0.596041,0.539298,0.000000,0.475652,0.576918,0.380417,0.618423,0.000000,0.000000,0.532904,0.621435,0.000000,0.000000,0.473194,0.000000,0.000000,0.507578,0.000000,0.000000,0.000000,0.000000,0.000000,0.000000
0.535695,0.476248,0.511029,0.394648,0.000000,0.000000,0.492004,0.000000,0.488176,0.231717,0.564661,0.396565,0.552088,0.399045,0.521017,0.421111,0.546087,0.439704,0.548955,0.552725,0.000000,0.000000,0.507281,0.452751,0.000000,0.000000,0.000000,0.000000,0.572902,0.458341,0.000000,0.000000,0.448148,0.453162,0.000000,0.000000,0.000000,0.000000,0.000000,0.000000,0.000000,0.000000,0.000000,0.000000,0.000000,0.000000,0.000000,0.000000,0.000000,0.000000,0.000000,0.000000,0.000000,0.000000,0.000000,0.000000,0.526975,0.500350,0.000000,0.000000,0.000000,0.000000,0.520272,0.494775,0.000000,0.556987,0.000000,0.000000,0.577396,0.515491,0.596435,0.000000,0.000000,0.000000,0.000000,0.000000,0.533301,0.546553,0.542069,0.000000,0.538693,0.480061,0.514998,0.000000,0.000000,0.000000,0.000000,0.000000,0.000000,0.000000
0.000000,0.501026,0.312519,0.505116,0.308679,0.450567,0.000000,0.488176,0.000000,0.000000,0.000000,0.000000,0.000000,0.511165,0.363900,0.460651,0.000000,0.000000,0.464721,0.000000,0.000000,0.000000,0.387963,0.503186,0.367419,0.000000,0.000000,0.000000,0.000000,0.492877,0.000000,0.000000,0.000000,0.000000,0.000000,0.000000,0.000000,0.000000,0.000000,0.000000,0.000000,0.000000,0.000000,0.000000,0.000000,0.000000,0.000000,0.000000,0.000000,0.000000,0.000000,0.000000,0.000000,0.000000,0.000000,0.000000,0.000000,0.507597,0.519807,0.000000,0.000000,0.000000,0.000000,0.000000,0.000000,0.000000,0.000000,0.000000,0.547081,0.000000,0.000000,0.000000,0.000000,0.000000,0.000000,0.000000,0.000000,0.000000,0.000000,0.000000,0.487446,0.000000,0.444603,0.000000,0.000000,0.000000,0.000000,0.000000,0.000000,0.000000
0.000000,0.519552,0.719760,0.000000,0.000000,0.376921,0.000000,0.231717,0.000000,0.000000,0.000000,0.000000,0.000000,0.315474,0.530282,0.384028,0.000000,0.000000,0.000000,0.000000,0.000000,0.000000,0.000000,0.000000,0.000000,0.000000,0.000000,0.000000,0.000000,0.420649,0.000000,0.000000,0.000000,0.000000,0.000000,0.000000,0.000000,0.000000,0.000000,0.000000,0.000000,0.000000,0.000000,0.000000,0.000000,0.000000,0.000000,0.000000,0.000000,0.547011,0.000000,0.000000,0.000000,0.000000,0.000000,0.000000,0.000000,0.481278,0.000000,0.494797,0.000000,0.525200,0.000000,0.000000,0.000000,0.528892,0.000000,0.464561,0.595476,0.548168,0.000000,0.000000,0.000000,0.000000,0.000000,0.000000,0.000000,0.000000,0.000000,0.000000,0.000000,0.464860,0.000000,0.426436,0.000000,0.000000,0.000000,0.000000,0.000000,0.492349
0.401147,0.529675,0.486163,0.546242,0.000000,0.514432,0.296761,0.564661,0.000000,0.000000,0.000000,0.515885,0.326120,0.513566,0.365384,0.000000,0.291117,0.487292,0.000000,0.000000,0.000000,0.000000,0.532488,0.540900,0.000000,0.000000,0.000000,0.000000,0.271450,0.534611,0.000000,0.000000,0.541004,0.545522,0.000000,0.575561,0.000000,0.000000,0.000000,0.000000,0.000000,0.000000,0.000000,0.000000,0.000000,0.000000,0.000000,0.000000,0.000000,0.000000,0.000000,0.000000,0.000000,0.000000,0.000000,0.000000,0.469479,0.000000,0.000000,0.000000,0.401516,0.000000,0.443797,0.000000,0.000000,0.000000,0.000000,0.565136,0.548227,0.543665,0.000000,0.583463,0.292651,0.542777,0.000000,0.000000,0.569406,0.591067,0.000000,0.000000,0.000000,0.000000,0.000000,0.000000,0.000000,0.000000,0.000000,0.000000,0.000000,0.000000
0.000000,0.456108,0.464720,0.000000,0.000000,0.000000,0.000000,0.396565,0.000000,0.000000,0.515885,0.000000,0.522647,0.336685,0.470248,0.292850,0.518314,0.323313,0.601155,0.564436,0.000000,0.000000,0.453761,0.496958,0.000000,0.000000,0.000000,0.000000,0.000000,0.290485,0.000000,0.000000,0.000000,0.000000,0.000000,0.000000,0.000000,0.000000,0.000000,0.000000,0.000000,0.000000,0.000000,0.000000,0.000000,0.000000,0.000000,0.000000,0.000000,0.000000,0.000000,0.000000,0.000000,0.000000,0.000000,0.000000,0.506812,0.505716,0.000000,0.000000,0.503236,0.512346,0.511929,0.450713,0.000000,0.000000,0.000000,0.000000,0.603742,0.514179,0.000000,0.000000,0.000000,0.000000,0.000000,0.000000,0.562636,0.000000,0.000000,0.000000,0.000000,0.000000,0.000000,0.000000,0.000000,0.000000,0.000000,0.000000,0.000000,0.000000
0.481341,0.525739,0.532376,0.591490,0.000000,0.552770,0.382321,0.552088,0.000000,0.000000,0.326120,0.522647,0.000000,0.536976,0.299057,0.494457,0.553335,0.530244,0.461162,0.000000,0.000000,0.000000,0.583741,0.566337,0.000000,0.000000,0.000000,0.000000,0.515170,0.559141,0.000000,0.000000,0.535367,0.555058,0.496048,0.574773,0.000000,0.000000,0.000000,0.000000,0.000000,0.000000,0.000000,0.000000,0.000000,0.000000,0.000000,0.578887,0.000000,0.000000,0.000000,0.000000,0.000000,0.000000,0.000000,0.000000,0.518366,0.525910,0.449009,0.518042,0.461468,0.000000,0.477359,0.000000,0.000000,0.000000,0.483481,0.572618,0.494649,0.000000,0.481971,0.595356,0.000000,0.609739,0.000000,0.000000,0.571504,0.604901,0.000000,0.000000,0.000000,0.507122,0.000000,0.000000,0.000000,0.000000,0.000000,0.000000,0.000000,0.000000
0.516915,0.441679,0.515199,0.436353,0.000000,0.000000,0.000000,0.399045,0.511165,0.315474,0.513566,0.336685,0.536976,0.000000,0.477777,0.335123,0.537524,0.325654,0.000000,0.000000,0.000000,0.000000,0.482753,0.487711,0.000000,0.000000,0.000000,0.000000,0.566479,0.291085,0.000000,0.000000,0.000000,0.000000,0.000000,0.000000,0.000000,0.000000,0.000000,0.000000,0.000000,0.000000,0.000000,0.000000,0.000000,0.000000,0.000000,0.000000,0.000000,0.000000,0.000000,0.000000,0.000000,0.000000,0.000000,0.000000,0.524637,0.000000,0.549376,0.000000,0.496618,0.000000,0.513893,0.444032,0.000000,0.000000,0.000000,0.000000,0.000000,0.548791,0.000000,0.000000,0.000000,0.000000,0.000000,0.000000,0.570898,0.000000,0.518821,0.000000,0.519580,0.406028,0.510618,0.000000,0.000000,0.000000,0.000000,0.000000,0.000000,0.000000
0.503802,0.527695,0.388054,0.516126,0.363943,0.532961,0.000000,0.521017,0.363900,0.530282,0.365384,0.470248,0.299057,0.477777,0.000000,0.439878,0.509296,0.454080,0.000000,0.000000,0.000000,0.000000,0.382257,0.467211,0.347283,0.429746,0.000000,0.000000,0.465128,0.463103,0.342309,0.000000,0.000000,0.000000,0.000000,0.000000,0.000000,0.000000,0.503013,0.000000,0.435009,0.000000,0.000000,0.000000,0.000000,0.000000,0.000000,0.000000,0.000000,0.525157,0.000000,0.000000,0.000000,0.000000,0.000000,0.000000,0.491500,0.000000,0.521980,0.522997,0.526290,0.000000,0.464731,0.000000,0.549109,0.538246,0.000000,0.000000,0.497322,0.000000,0.000000,0.000000,0.000000,0.000000,0.000000,0.000000,0.000000,0.522256,0.000000,0.000000,0.494046,0.529641,0.307701,0.000000,0.000000,0.000000,0.000000,0.000000,0.000000,0.000000
0.000000,0.000000,0.608582,0.444960,0.547473,0.385633,0.516706,0.421111,0.460651,0.384028,0.000000,0.292850,0.494457,0.335123,0.439878,0.000000,0.000000,0.000000,0.000000,0.000000,0.000000,0.000000,0.583094,0.410831,0.000000,0.376707,0.000000,0.000000,0.000000,0.354740,0.000000,0.000000,0.000000,0.000000,0.000000,0.000000,0.000000,0.000000,0.000000,0.000000,0.000000,0.000000,0.000000,0.000000,0.000000,0.000000,0.000000,0.000000,0.000000,0.575044,0.000000,0.000000,0.000000,0.000000,0.000000,0.000000,0.000000,0.541329,0.000000,0.516906,0.000000,0.502650,0.000000,0.517817,0.000000,0.514704,0.000000,0.000000,0.603267,0.585965,0.000000,0.000000,0.000000,0.297623,0.000000,0.000000,0.000000,0.000000,0.000000,0.434938,0.000000,0.484357,0.421500,0.396450,0.000000,0.509709,0.000000,0.000000,0.000000,0.502670
0.420731,0.000000,0.492547,0.000000,0.000000,0.000000,0.000000,0.546087,0.000000,0.000000,0.291117,0.518314,0.553335,0.537524,0.509296,0.000000,0.000000,0.502114,0.546011,0.000000,0.000000,0.000000,0.542663,0.542347,0.000000,0.000000,0.000000,0.000000,0.352282,0.542551,0.378481,0.000000,0.538181,0.528922,0.000000,0.562043,0.000000,0.000000,0.000000,0.000000,0.000000,0.000000,0.000000,0.000000,0.000000,0.000000,0.000000,0.000000,0.555787,0.000000,0.508100,0.000000,0.000000,0.000000,0.000000,0.000000,0.428473,0.000000,0.509926,0.000000,0.489274,0.000000,0.400619,0.000000,0.519840,0.000000,0.533109,0.539389,0.480995,0.645251,0.000000,0.564244,0.518557,0.546486,0.000000,0.000000,0.493912,0.579780,0.316209,0.000000,0.286517,0.000000,0.267558,0.000000,0.000000,0.000000,0.000000,0.000000,0.000000,0.000000
0.000000,0.488310,0.466723,0.557953,0.000000,0.000000,0.000000,0.439704,0.000000,0.000000,0.487292,0.323313,0.530244,0.325654,0.454080,0.000000,0.502114,0.000000,0.000000,0.588634,0.000000,0.000000,0.420353,0.508216,0.000000,0.000000,0.000000,0.000000,0.571580,0.413199,0.000000,0.000000,0.561031,0.511369,0.000000,0.000000,0.000000,0.000000,0.000000,0.000000,0.000000,0.000000,0.000000,0.000000,0.000000,0.000000,0.000000,0.000000,0.000000,0.000000,0.000000,0.519048,0.000000,0.000000,0.000000,0.000000,0.529544,0.456360,0.000000,0.469810,0.000000,0.496398,0.500812,0.451460,0.000000,0.534395,0.589338,0.000000,0.585038,0.510591,0.000000,0.000000,0.000000,0.000000,0.000000,0.000000,0.549900,0.000000,0.000000,0.380825,0.000000,0.424885,0.000000,0.288110,0.000000,0.375944,0.000000,0.000000,0.000000,0.000000
0.512836,0.718696,0.452423,0.497074,0.000000,0.000000,0.508595,0.548955,0.464721,0.000000,0.000000,0.601155,0.461162,0.000000,0.000000,0.000000,0.546011,0.000000,0.000000,0.491435,0.000000,0.000000,0.409811,0.490036,0.000000,0.000000,0.000000,0.000000,0.000000,0.665038,0.000000,0.000000,0.564608,0.548423,0.553142,0.548681,0.000000,0.000000,0.000000,0.000000,0.000000,0.000000,0.559871,0.523361,0.000000,0.000000,0.566739,0.581138,0.000000,0.000000,0.589201,0.000000,0.000000,0.000000,0.000000,0.000000,0.000000,0.000000,0.000000,0.000000,0.000000,0.000000,0.000000,0.000000,0.000000,0.000000,0.477677,0.579150,0.441221,0.445110,0.556328,0.000000,0.000000,0.639360,0.000000,0.000000,0.606734,0.623174,0.000000,0.000000,0.000000,0.000000,0.000000,0.000000,0.000000,0.000000,0.000000,0.000000,0.000000,0.000000
0.620270,0.487354,0.491081,0.445614,0.000000,0.000000,0.535685,0.552725,0.000000,0.000000,0.000000,0.564436,0.000000,0.000000,0.000000,0.000000,0.000000,0.588634,0.491435,0.000000,0.000000,0.000000,0.437111,0.551995,0.000000,0.000000,0.000000,0.000000,0.000000,0.599095,0.000000,0.000000,0.562720,0.547247,0.523382,0.550097,0.000000,0.000000,0.000000,0.000000,0.000000,0.000000,0.562973,0.546642,0.000000,0.000000,0.516861,0.576924,0.000000,0.000000,0.000000,0.000000,0.606750,0.000000,0.000000,0.000000,0.547772,0.626127,0.408557,0.571150,0.000000,0.000000,0.000000,0.000000,0.000000,0.000000,0.502692,0.552303,0.529086,0.513279,0.000000,0.000000,0.000000,0.582063,0.000000,0.000000,0.574444,0.586345,0.000000,0.000000,0.000000,0.366948,0.000000,0.000000,0.000000,0.000000,0.000000,0.000000,0.000000,0.000000
0.000000,0.000000,0.000000,0.000000,0.000000,0.000000,0.000000,0.000000,0.000000,0.000000,0.000000,0.000000,0.000000,0.000000,0.000000,0.000000,0.000000,0.000000,0.000000,0.000000,0.000000,0.000000,0.000000,0.000000,0.366752,0.349228,0.000000,0.386318,0.000000,0.345072,0.300822,0.408835,0.000000,0.000000,0.000000,0.000000,0.000000,0.000000,0.000000,0.000000,0.000000,0.000000,0.000000,0.000000,0.000000,0.000000,0.000000,0.000000,0.000000,0.000000,0.000000,0.000000,0.000000,0.000000,0.000000,0.000000,0.000000,0.000000,0.000000,0.000000,0.000000,0.000000,0.000000,0.000000,0.000000,0.000000,0.000000,0.000000,0.000000,0.000000,0.367570,0.000000,0.000000,0.334153,0.000000,0.000000,0.000000,0.000000,0.000000,0.000000,0.000000,0.000000,0.000000,0.000000,0.000000,0.000000,0.000000,0.000000,0.000000,0.000000
0.000000,0.000000,0.000000,0.000000,0.000000,0.000000,0.000000,0.000000,0.000000,0.000000,0.000000,0.000000,0.000000,0.000000,0.000000,0.000000,0.000000,0.000000,0.000000,0.000000,0.000000,0.000000,0.000000,0.000000,0.000000,0.341799,0.000000,0.378459,0.000000,0.000000,0.000000,0.000000,0.000000,0.000000,0.000000,0.000000,0.000000,0.000000,0.000000,0.000000,0.000000,0.000000,0.000000,0.000000,0.000000,0.000000,0.000000,0.000000,0.000000,0.000000,0.000000,0.000000,0.000000,0.000000,0.000000,0.000000,0.000000,0.000000,0.000000,0.000000,0.000000,0.000000,0.000000,0.000000,0.000000,0.000000,0.000000,0.000000,0.000000,0.000000,0.000000,0.255438,0.000000,0.378848,0.000000,0.000000,0.000000,0.000000,0.000000,0.000000,0.000000,0.000000,0.000000,0.000000,0.000000,0.000000,0.000000,0.000000,0.000000,0.000000
0.481618,0.599637,0.499083,0.560929,0.683575,0.647332,0.527246,0.507281,0.387963,0.000000,0.532488,0.453761,0.583741,0.482753,0.382257,0.583094,0.542663,0.420353,0.409811,0.437111,0.000000,0.000000,0.000000,0.491855,0.403815,0.459333,0.000000,0.000000,0.525426,0.562363,0.261317,0.000000,0.496724,0.507688,0.523014,0.572654,0.000000,0.000000,0.000000,0.000000,0.000000,0.000000,0.519212,0.000000,0.000000,0.000000,0.537543,0.568372,0.000000,0.000000,0.000000,0.000000,0.000000,0.000000,0.000000,0.000000,0.504216,0.520552,0.534844,0.524851,0.000000,0.551664,0.555379,0.000000,0.000000,0.545277,0.525304,0.000000,0.491033,0.476083,0.498661,0.590866,0.000000,0.655666,0.000000,0.000000,0.564372,0.603673,0.464305,0.000000,0.485471,0.000000,0.000000,0.495129,0.000000,0.000000,0.000000,0.000000,0.000000,0.000000
0.000000,0.513701,0.557452,0.432396,0.000000,0.000000,0.525736,0.452751,0.503186,0.000000,0.540900,0.496958,0.566337,0.487711,0.467211,0.410831,0.542347,0.508216,0.490036,0.551995,0.000000,0.000000,0.491855,0.000000,0.369889,0.306375,0.000000,0.000000,0.497314,0.515975,0.263199,0.284771,0.496413,0.500763,0.516796,0.000000,0.000000,0.000000,0.000000,0.000000,0.000000,0.000000,0.540899,0.000000,0.000000,0.000000,0.555511,0.000000,0.000000,0.000000,0.000000,0.000000,0.000000,0.000000,0.000000,0.000000,0.497463,0.000000,0.000000,0.000000,0.000000,0.000000,0.000000,0.000000,0.000000,0.000000,0.500385,0.000000,0.000000,0.582964,0.527247,0.000000,0.000000,0.519452,0.000000,0.000000,0.556319,0.607916,0.000000,0.000000,0.000000,0.000000,0.000000,0.000000,0.000000,0.000000,0.000000,0.000000,0.000000,0.000000
0.000000,0.000000,0.000000,0.724012,0.325524,0.598647,0.000000,0.000000,0.367419,0.000000,0.000000,0.000000,0.000000,0.000000,0.347283,0.000000,0.000000,0.000000,0.000000,0.000000,0.366752,0.000000,0.403815,0.369889,0.000000,0.445161,0.313961,0.259026,0.000000,0.000000,0.302541,0.447085,0.000000,0.000000,0.000000,0.000000,0.000000,0.000000,0.000000,0.000000,0.000000,0.000000,0.000000,0.000000,0.000000,0.000000,0.000000,0.000000,0.000000,0.000000,0.000000,0.000000,0.000000,0.000000,0.000000,0.000000,0.000000,0.000000,0.000000,0.000000,0.000000,0.000000,0.000000,0.000000,0.000000,0.000000,0.000000,0.000000,0.000000,0.000000,0.315089,0.000000,0.000000,0.000000,0.000000,0.000000,0.000000,0.000000,0.470531,0.000000,0.463363,0.000000,0.373525,0.000000,0.000000,0.000000,0.000000,0.000000,0.000000,0.000000
0.000000,0.000000,0.000000,0.000000,0.482491,0.328941,0.000000,0.000000,0.000000,0.000000,0.000000,0.000000,0.000000,0.000000,0.429746,0.376707,0.000000,0.000000,0.000000,0.000000,0.349228,0.341799,0.459333,0.306375,0.445161,0.000000,0.364915,0.326170,0.000000,0.417789,0.375551,0.289461,0.000000,0.000000,0.000000,0.000000,0.000000,0.000000,0.000000,0.000000,0.000000,0.000000,0.000000,0.000000,0.000000,0.000000,0.000000,0.000000,0.000000,0.000000,0.000000,0.000000,0.000000,0.000000,0.000000,0.000000,0.000000,0.000000,0.000000,0.000000,0.000000,0.000000,0.000000,0.000000,0.000000,0.000000,0.000000,0.000000,0.000000,0.000000,0.000000,0.000000,0.000000,0.316769,0.000000,0.000000,0.000000,0.000000,0.000000,0.000000,0.000000,0.427394,0.445286,0.000000,0.000000,0.000000,0.000000,0.000000,0.000000,0.000000
0.000000,0.000000,0.000000,0.000000,0.348192,0.000000,0.000000,0.000000,0.000000,0.000000,0.000000,0.000000,0.000000,0.000000,0.000000,0.000000,0.000000,0.000000,0.000000,0.000000,0.000000,0.000000,0.000000,0.000000,0.313961,0.364915,0.000000,0.281475,0.000000,0.000000,0.000000,0.000000,0.000000,0.000000,0.000000,0.000000,0.000000,0.000000,0.000000,0.000000,0.000000,0.000000,0.000000,0.000000,0.000000,0.000000,0.000000,0.000000,0.000000,0.000000,0.000000,0.000000,0.000000,0.000000,0.000000,0.000000,0.000000,0.000000,0.000000,0.000000,0.000000,0.000000,0.000000,0.000000,0.000000,0.000000,0.000000,0.000000,0.000000,0.000000,0.215469,0.000000,0.000000,0.000000,0.000000,0.000000,0.000000,0.000000,0.000000,0.000000,0.000000,0.000000,0.000000,0.000000,0.000000,0.000000,0.000000,0.000000,0.000000,0.000000
0.000000,0.000000,0.000000,0.000000,0.000000,0.324319,0.000000,0.000000,0.000000,0.000000,0.000000,0.000000,0.000000,0.000000,0.000000,0.000000,0.000000,0.000000,0.000000,0.000000,0.386318,0.378459,0.000000,0.000000,0.259026,0.326170,0.281475,0.000000,0.000000,0.000000,0.446654,0.000000,0.000000,0.000000,0.000000,0.000000,0.000000,0.000000,0.000000,0.000000,0.000000,0.000000,0.000000,0.000000,0.000000,0.000000,0.000000,0.000000,0.000000,0.000000,0.000000,0.000000,0.000000,0.000000,0.000000,0.000000,0.000000,0.000000,0.000000,0.000000,0.000000,0.000000,0.000000,0.000000,0.000000,0.000000,0.000000,0.000000,0.000000,0.000000,0.332421,0.000000,0.000000,0.000000,0.000000,0.000000,0.000000,0.000000,0.000000,0.000000,0.000000,0.000000,0.000000,0.000000,0.000000,0.000000,0.000000,0.000000,0.000000,0.000000
0.509470,0.000000,0.522086,0.528042,0.318655,0.571174,0.389261,0.572902,0.000000,0.000000,0.271450,0.000000,0.515170,0.566479,0.465128,0.000000,0.352282,0.571580,0.000000,0.000000,0.000000,0.000000,0.525426,0.497314,0.000000,0.000000,0.000000,0.000000,0.000000,0.587977,0.000000,0.000000,0.533241,0.563507,0.000000,0.566414,0.000000,0.000000,0.000000,0.000000,0.000000,0.000000,0.000000,0.000000,0.000000,0.000000,0.553794,0.588120,0.518006,0.000000,0.560004,0.000000,0.477198,0.000000,0.000000,0.000000,0.490340,0.592703,0.536885,0.555210,0.507520,0.581485,0.460712,0.000000,0.518310,0.000000,0.000000,0.569557,0.599312,0.577846,0.401318,0.568092,0.379187,0.560555,0.000000,0.000000,0.542828,0.590898,0.445661,0.000000,0.377484,0.604216,0.347740,0.000000,0.438995,0.000000,0.000000,0.000000,0.000000,0.000000
0.535675,0.552204,0.535937,0.464355,0.516750,0.351547,0.540860,0.458341,0.492877,0.420649,0.534611,0.290485,0.559141,0.291085,0.463103,0.354740,0.542551,0.413199,0.665038,0.599095,0.345072,0.000000,0.562363,0.515975,0.000000,0.417789,0.000000,0.000000,0.587977,0.000000,0.000000,0.400673,0.615582,0.477497,0.616734,0.000000,0.000000,0.303643,0.000000,0.333022,0.000000,0.337422,0.546376,0.000000,0.000000,0.000000,0.000000,0.000000,0.000000,0.572774,0.587672,0.534567,0.000000,0.000000,0.000000,0.000000,0.547352,0.530636,0.620390,0.545692,0.618244,0.527581,0.524184,0.000000,0.000000,0.523085,0.592351,0.502141,0.617291,0.600550,0.549324,0.505037,0.000000,0.417297,0.000000,0.369546,0.589450,0.486013,0.535470,0.423936,0.525466,0.418415,0.565136,0.337891,0.000000,0.514658,0.000000,0.000000,0.000000,0.505047
0.000000,0.000000,0.000000,0.000000,0.000000,0.000000,0.000000,0.000000,0.000000,0.000000,0.000000,0.000000,0.000000,0.000000,0.342309,0.000000,0.378481,0.000000,0.000000,0.000000,0.300822,0.000000,0.261317,0.263199,0.302541,0.375551,0.000000,0.446654,0.000000,0.000000,0.000000,0.351512,0.435305,0.000000,0.000000,0.000000,0.000000,0.000000,0.000000,0.000000,0.000000,0.000000,0.000000,0.000000,0.000000,0.000000,0.000000,0.000000,0.000000,0.000000,0.000000,0.000000,0.000000,0.000000,0.000000,0.000000,0.000000,0.000000,0.000000,0.000000,0.000000,0.000000,0.000000,0.000000,0.000000,0.000000,0.000000,0.000000,0.459200,0.000000,0.446649,0.335856,0.394934,0.346934,0.303934,0.000000,0.000000,0.000000,0.000000,0.000000,0.469225,0.000000,0.000000,0.000000,0.000000,0.000000,0.000000,0.000000,0.000000,0.000000
0.000000,0.000000,0.000000,0.000000,0.000000,0.000000,0.000000,0.000000,0.000000,0.000000,0.000000,0.000000,0.000000,0.000000,0.000000,0.000000,0.000000,0.000000,0.000000,0.000000,0.408835,0.000000,0.000000,0.284771,0.447085,0.289461,0.000000,0.000000,0.000000,0.400673,0.351512,0.000000,0.346158,0.247073,0.000000,0.000000,0.000000,0.000000,0.000000,0.000000,0.000000,0.000000,0.000000,0.000000,0.000000,0.000000,0.000000,0.000000,0.000000,0.000000,0.000000,0.000000,0.000000,0.000000,0.000000,0.000000,0.000000,0.000000,0.000000,0.000000,0.000000,0.000000,0.000000,0.000000,0.000000,0.000000,0.000000,0.000000,0.000000,0.000000,0.450312,0.318548,0.000000,0.340050,0.000000,0.000000,0.000000,0.000000,0.000000,0.000000,0.000000,0.000000,0.000000,0.414633,0.000000,0.000000,0.000000,0.000000,0.000000,0.000000
0.557448,0.620978,0.513420,0.453983,0.000000,0.000000,0.421687,0.448148,0.000000,0.000000,0.541004,0.000000,0.535367,0.000000,0.000000,0.000000,0.538181,0.561031,0.564608,0.562720,0.000000,0.000000,0.496724,0.496413,0.000000,0.000000,0.000000,0.000000,0.533241,0.615582,0.435305,0.346158,0.000000,0.542555,0.496160,0.534787,0.000000,0.000000,0.000000,0.000000,0.000000,0.000000,0.527028,0.000000,0.000000,0.000000,0.570405,0.571345,0.000000,0.000000,0.351164,0.000000,0.609844,0.000000,0.000000,0.000000,0.509929,0.572088,0.514892,0.000000,0.514181,0.000000,0.514249,0.000000,0.537861,0.000000,0.449902,0.557081,0.574343,0.581606,0.538110,0.525156,0.413810,0.595797,0.000000,0.000000,0.534773,0.618542,0.517790,0.582453,0.558240,0.575451,0.414968,0.000000,0.000000,0.000000,0.000000,0.000000,0.000000,0.000000
0.586386,0.557156,0.552250,0.529121,0.000000,0.458898,0.532567,0.453162,0.000000,0.000000,0.545522,0.000000,0.555058,0.000000,0.000000,0.000000,0.528922,0.511369,0.548423,0.547247,0.000000,0.000000,0.507688,0.500763,0.000000,0.000000,0.000000,0.000000,0.563507,0.477497,0.000000,0.247073,0.542555,0.000000,0.531351,0.263151,0.000000,0.452288,0.000000,0.000000,0.000000,0.000000,0.582368,0.514700,0.000000,0.000000,0.575930,0.487003,0.000000,0.000000,0.446036,0.000000,0.000000,0.000000,0.000000,0.000000,0.566359,0.523528,0.475698,0.000000,0.000000,0.000000,0.509829,0.000000,0.000000,0.000000,0.519687,0.373579,0.585896,0.522486,0.574929,0.322351,0.000000,0.000000,0.000000,0.000000,0.560580,0.000000,0.000000,0.000000,0.550130,0.485988,0.000000,0.000000,0.000000,0.417226,0.000000,0.000000,0.000000,0.000000
0.576647,0.000000,0.549189,0.527486,0.000000,0.000000,0.499186,0.000000,0.000000,0.000000,0.000000,0.000000,0.496048,0.000000,0.000000,0.000000,0.000000,0.000000,0.553142,0.523382,0.000000,0.000000,0.523014,0.516796,0.000000,0.000000,0.000000,0.000000,0.000000,0.616734,0.000000,0.000000,0.496160,0.531351,0.000000,0.554449,0.246916,0.000000,0.000000,0.000000,0.000000,0.000000,0.474254,0.490632,0.000000,0.000000,0.496272,0.558572,0.000000,0.000000,0.481622,0.524504,0.647943,0.000000,0.660917,0.000000,0.546031,0.000000,0.000000,0.000000,0.563492,0.000000,0.000000,0.000000,0.522263,0.000000,0.350801,0.531850,0.612574,0.000000,0.591106,0.000000,0.000000,0.000000,0.000000,0.000000,0.402656,0.577040,0.000000,0.000000,0.000000,0.000000,0.000000,0.000000,0.000000,0.000000,0.000000,0.000000,0.000000,0.000000
0.610508,0.000000,0.562197,0.591739,0.000000,0.000000,0.592580,0.000000,0.000000,0.000000,0.575561,0.000000,0.574773,0.000000,0.000000,0.000000,0.562043,0.000000,0.548681,0.550097,0.000000,0.000000,0.572654,0.000000,0.000000,0.000000,0.000000,0.000000,0.566414,0.000000,0.000000,0.000000,0.534787,0.263151,0.554449,0.000000,0.000000,0.000000,0.000000,0.000000,0.000000,0.000000,0.551262,0.423379,0.000000,0.438003,0.548420,0.469750,0.000000,0.000000,0.000000,0.449325,0.000000,0.000000,0.000000,0.000000,0.525550,0.000000,0.503924,0.000000,0.000000,0.000000,0.000000,0.000000,0.000000,0.000000,0.566703,0.367245,0.515274,0.000000,0.580670,0.000000,0.000000,0.519108,0.000000,0.000000,0.579337,0.514309,0.000000,0.000000,0.000000,0.000000,0.000000,0.000000,0.000000,0.000000,0.000000,0.000000,0.000000,0.000000
0.000000,0.000000,0.000000,0.000000,0.000000,0.000000,0.000000,0.000000,0.000000,0.000000,0.000000,0.000000,0.000000,0.000000,0.000000,0.000000,0.000000,0.000000,0.000000,0.000000,0.000000,0.000000,0.000000,0.000000,0.000000,0.000000,0.000000,0.000000,0.000000,0.000000,0.000000,0.000000,0.000000,0.000000,0.246916,0.000000,0.000000,0.000000,0.331614,0.000000,0.000000,0.000000,0.000000,0.000000,0.000000,0.000000,0.350265,0.000000,0.000000,0.000000,0.000000,0.000000,0.000000,0.000000,0.000000,0.000000,0.000000,0.000000,0.000000,0.000000,0.000000,0.000000,0.000000,0.000000,0.000000,0.000000,0.315364,0.000000,0.000000,0.000000,0.000000,0.000000,0.250038,0.000000,0.000000,0.000000,0.257410,0.000000,0.000000,0.000000,0.000000,0.000000,0.385814,0.000000,0.000000,0.000000,0.327520,0.000000,0.000000,0.000000
0.000000,0.000000,0.000000,0.000000,0.000000,0.000000,0.000000,0.000000,0.000000,0.000000,0.000000,0.000000,0.000000,0.000000,0.000000,0.000000,0.000000,0.000000,0.000000,0.000000,0.000000,0.000000,0.000000,0.000000,0.000000,0.000000,0.000000,0.000000,0.000000,0.303643,0.000000,0.000000,0.000000,0.452288,0.000000,0.000000,0.000000,0.000000,0.000000,0.300980,0.000000,0.279721,0.000000,0.000000,0.000000,0.000000,0.000000,0.366599,0.000000,0.000000,0.000000,0.000000,0.000000,0.000000,0.000000,0.287475,0.000000,0.000000,0.000000,0.000000,0.000000,0.000000,0.000000,0.000000,0.000000,0.000000,0.000000,0.500435,0.000000,0.520458,0.000000,0.000000,0.000000,0.273724,0.000000,0.000000,0.000000,0.371055,0.000000,0.338726,0.000000,0.333977,0.000000,0.303109,0.000000,0.000000,0.000000,0.000000,0.000000,0.000000
0.000000,0.000000,0.000000,0.000000,0.000000,0.000000,0.000000,0.000000,0.000000,0.000000,0.000000,0.000000,0.000000,0.000000,0.503013,0.000000,0.000000,0.000000,0.000000,0.000000,0.000000,0.000000,0.000000,0.000000,0.000000,0.000000,0.000000,0.000000,0.000000,0.000000,0.000000,0.000000,0.000000,0.000000,0.000000,0.000000,0.331614,0.000000,0.000000,0.000000,0.430149,0.000000,0.000000,0.000000,0.000000,0.000000,0.000000,0.000000,0.000000,0.000000,0.000000,0.000000,0.000000,0.000000,0.300372,0.000000,0.000000,0.000000,0.000000,0.000000,0.000000,0.000000,0.000000,0.000000,0.000000,0.000000,0.000000,0.000000,0.000000,0.000000,0.000000,0.000000,0.000000,0.000000,0.000000,0.000000,0.000000,0.000000,0.000000,0.000000,0.000000,0.000000,0.347063,0.000000,0.000000,0.000000,0.308611,0.000000,0.000000,0.000000
0.000000,0.000000,0.000000,0.000000,0.000000,0.000000,0.000000,0.000000,0.000000,0.000000,0.000000,0.000000,0.000000,0.000000,0.000000,0.000000,0.000000,0.000000,0.000000,0.000000,0.000000,0.000000,0.000000,0.000000,0.000000,0.000000,0.000000,0.000000,0.000000,0.333022,0.000000,0.000000,0.000000,0.000000,0.000000,0.000000,0.000000,0.300980,0.000000,0.000000,0.000000,0.237584,0.000000,0.000000,0.000000,0.000000,0.000000,0.253981,0.000000,0.000000,0.000000,0.000000,0.000000,0.000000,0.000000,0.273442,0.000000,0.000000,0.000000,0.000000,0.000000,0.000000,0.000000,0.000000,0.000000,0.000000,0.000000,0.000000,0.000000,0.000000,0.000000,0.000000,0.000000,0.000000,0.000000,0.000000,0.000000,0.000000,0.000000,0.000000,0.000000,0.000000,0.000000,0.213669,0.000000,0.000000,0.000000,0.241742,0.000000,0.000000
0.000000,0.000000,0.000000,0.000000,0.000000,0.000000,0.000000,0.000000,0.000000,0.000000,0.000000,0.000000,0.000000,0.000000,0.435009,0.000000,0.000000,0.000000,0.000000,0.000000,0.000000,0.000000,0.000000,0.000000,0.000000,0.000000,0.000000,0.000000,0.000000,0.000000,0.000000,0.000000,0.000000,0.000000,0.000000,0.000000,0.000000,0.000000,0.430149,0.000000,0.000000,0.000000,0.000000,0.000000,0.000000,0.000000,0.000000,0.000000,0.000000,0.000000,0.000000,0.000000,0.000000,0.000000,0.000000,0.000000,0.000000,0.000000,0.000000,0.000000,0.000000,0.000000,0.000000,0.000000,0.000000,0.000000,0.000000,0.000000,0.000000,0.000000,0.000000,0.000000,0.244864,0.000000,0.000000,0.000000,0.000000,0.000000,0.000000,0.000000,0.000000,0.000000,0.405542,0.000000,0.000000,0.000000,0.000000,0.000000,0.000000,0.000000
0.000000,0.000000,0.000000,0.000000,0.000000,0.000000,0.000000,0.000000,0.000000,0.000000,0.000000,0.000000,0.000000,0.000000,0.000000,0.000000,0.000000,0.000000,0.000000,0.000000,0.000000,0.000000,0.000000,0.000000,0.000000,0.000000,0.000000,0.000000,0.000000,0.337422,0.000000,0.000000,0.000000,0.000000,0.000000,0.000000,0.000000,0.279721,0.000000,0.237584,0.000000,0.000000,0.000000,0.000000,0.000000,0.000000,0.000000,0.000000,0.000000,0.000000,0.000000,0.000000,0.000000,0.000000,0.000000,0.000000,0.000000,0.000000,0.000000,0.000000,0.000000,0.000000,0.000000,0.000000,0.000000,0.000000,0.000000,0.000000,0.000000,0.000000,0.000000,0.000000,0.000000,0.312480,0.000000,0.000000,0.000000,0.000000,0.000000,0.000000,0.000000,0.000000,0.000000,0.292039,0.000000,0.000000,0.000000,0.000000,0.000000,0.000000
0.512098,0.000000,0.521125,0.579120,0.000000,0.000000,0.000000,0.000000,0.000000,0.000000,0.000000,0.000000,0.000000,0.000000,0.000000,0.000000,0.000000,0.000000,0.559871,0.562973,0.000000,0.000000,0.519212,0.540899,0.000000,0.000000,0.000000,0.000000,0.000000,0.546376,0.000000,0.000000,0.527028,0.582368,0.474254,0.551262,0.000000,0.000000,0.000000,0.000000,0.000000,0.000000,0.000000,0.404020,0.305331,0.303386,0.379655,0.548715,0.240013,0.000000,0.328567,0.544267,0.414302,0.535180,0.526758,0.000000,0.000000,0.000000,0.000000,0.000000,0.000000,0.000000,0.000000,0.000000,0.000000,0.000000,0.414084,0.459192,0.000000,0.000000,0.465150,0.539582,0.000000,0.000000,0.000000,0.000000,0.527844,0.590954,0.000000,0.000000,0.000000,0.000000,0.000000,0.000000,0.000000,0.000000,0.000000,0.000000,0.000000,0.000000
0.562124,0.000000,0.543663,0.566185,0.000000,0.000000,0.551085,0.000000,0.000000,0.000000,0.000000,0.000000,0.000000,0.000000,0.000000,0.000000,0.000000,0.000000,0.523361,0.546642,0.000000,0.000000,0.000000,0.000000,0.000000,0.000000,0.000000,0.000000,0.000000,0.000000,0.000000,0.000000,0.000000,0.514700,0.490632,0.423379,0.000000,0.000000,0.000000,0.000000,0.000000,0.000000,0.404020,0.000000,0.000000,0.297116,0.512453,0.388543,0.000000,0.260564,0.000000,0.285589,0.523587,0.238169,0.000000,0.000000,0.000000,0.000000,0.000000,0.000000,0.000000,0.000000,0.000000,0.000000,0.000000,0.000000,0.360081,0.381991,0.000000,0.000000,0.580015,0.000000,0.000000,0.000000,0.000000,0.000000,0.000000,0.000000,0.000000,0.000000,0.000000,0.000000,0.000000,0.000000,0.000000,0.000000,0.000000,0.000000,0.000000,0.000000
0.000000,0.000000,0.000000,0.000000,0.000000,0.000000,0.000000,0.000000,0.000000,0.000000,0.000000,0.000000,0.000000,0.000000,0.000000,0.000000,0.000000,0.000000,0.000000,0.000000,0.000000,0.000000,0.000000,0.000000,0.000000,0.000000,0.000000,0.000000,0.000000,0.000000,0.000000,0.000000,0.000000,0.000000,0.000000,0.000000,0.000000,0.000000,0.000000,0.000000,0.000000,0.000000,0.305331,0.000000,0.000000,0.281515,0.000000,0.267797,0.335678,0.000000,0.357471,0.000000,0.000000,0.000000,0.000000,0.000000,0.000000,0.000000,0.341269,0.000000,0.000000,0.000000,0.000000,0.000000,0.000000,0.000000,0.374684,0.348954,0.000000,0.000000,0.000000,0.000000,0.000000,0.000000,0.000000,0.000000,0.000000,0.000000,0.000000,0.000000,0.000000,0.000000,0.000000,0.000000,0.000000,0.000000,0.000000,0.000000,0.000000,0.000000
0.000000,0.000000,0.000000,0.000000,0.000000,0.000000,0.000000,0.000000,0.000000,0.000000,0.000000,0.000000,0.000000,0.000000,0.000000,0.000000,0.000000,0.000000,0.000000,0.000000,0.000000,0.000000,0.000000,0.000000,0.000000,0.000000,0.000000,0.000000,0.000000,0.000000,0.000000,0.000000,0.000000,0.000000,0.000000,0.438003,0.000000,0.000000,0.000000,0.000000,0.000000,0.000000,0.303386,0.297116,0.281515,0.000000,0.000000,0.330743,0.000000,0.332853,0.000000,0.232675,0.000000,0.251921,0.000000,0.000000,0.000000,0.000000,0.000000,0.385668,0.000000,0.000000,0.000000,0.000000,0.000000,0.000000,0.000000,0.323607,0.000000,0.000000,0.000000,0.000000,0.000000,0.000000,0.000000,0.000000,0.000000,0.000000,0.000000,0.000000,0.000000,0.481287,0.000000,0.000000,0.000000,0.000000,0.000000,0.000000,0.000000,0.000000
0.601315,0.000000,0.542432,0.555882,0.000000,0.000000,0.480309,0.000000,0.000000,0.000000,0.000000,0.000000,0.000000,0.000000,0.000000,0.000000,0.000000,0.000000,0.566739,0.516861,0.000000,0.000000,0.537543,0.555511,0.000000,0.000000,0.000000,0.000000,0.553794,0.000000,0.000000,0.000000,0.570405,0.575930,0.496272,0.548420,0.350265,0.000000,0.000000,0.000000,0.000000,0.000000,0.379655,0.512453,0.000000,0.000000,0.000000,0.549026,0.258672,0.000000,0.339819,0.000000,0.507778,0.509094,0.322815,0.000000,0.613048,0.589394,0.585176,0.000000,0.000000,0.000000,0.000000,0.000000,0.574299,0.000000,0.465844,0.482950,0.599383,0.000000,0.466577,0.532513,0.476255,0.000000,0.000000,0.000000,0.524957,0.576364,0.000000,0.000000,0.000000,0.000000,0.000000,0.000000,0.000000,0.000000,0.000000,0.000000,0.000000,0.000000
0.575637,0.517234,0.559287,0.572749,0.000000,0.000000,0.586370,0.000000,0.000000,0.000000,0.000000,0.000000,0.578887,0.000000,0.000000,0.000000,0.000000,0.000000,0.581138,0.576924,0.000000,0.000000,0.568372,0.000000,0.000000,0.000000,0.000000,0.000000,0.588120,0.000000,0.000000,0.000000,0.571345,0.487003,0.558572,0.469750,0.000000,0.366599,0.000000,0.253981,0.000000,0.000000,0.548715,0.388543,0.267797,0.330743,0.549026,0.000000,0.000000,0.312970,0.572437,0.350778,0.526696,0.403134,0.000000,0.401878,0.000000,0.619835,0.000000,0.000000,0.000000,0.000000,0.000000,0.000000,0.000000,0.000000,0.448491,0.469279,0.585499,0.000000,0.595921,0.000000,0.000000,0.000000,0.000000,0.000000,0.551145,0.497160,0.000000,0.000000,0.000000,0.000000,0.000000,0.000000,0.000000,0.000000,0.000000,0.000000,0.000000,0.000000
0.000000,0.000000,0.000000,0.000000,0.000000,0.000000,0.000000,0.000000,0.000000,0.000000,0.000000,0.000000,0.000000,0.000000,0.000000,0.000000,0.555787,0.000000,0.000000,0.000000,0.000000,0.000000,0.000000,0.000000,0.000000,0.000000,0.000000,0.000000,0.518006,0.000000,0.000000,0.000000,0.000000,0.000000,0.000000,0.000000,0.000000,0.000000,0.000000,0.000000,0.000000,0.000000,0.240013,0.000000,0.335678,0.000000,0.258672,0.000000,0.000000,0.000000,0.369131,0.000000,0.000000,0.000000,0.000000,0.000000,0.000000,0.000000,0.342445,0.000000,0.000000,0.000000,0.000000,0.000000,0.456002,0.000000,0.457798,0.000000,0.000000,0.000000,0.000000,0.000000,0.523485,0.000000,0.000000,0.000000,0.000000,0.000000,0.521284,0.000000,0.428837,0.000000,0.000000,0.000000,0.000000,0.000000,0.000000,0.000000,0.000000,0.000000
