0.000000,0.537205,0.428419,0.475714,0.489290,0.000000,0.426697,0.524670,0.559153,0.000000,0.346196,0.000000,0.385052,0.000000,0.456217,0.000000,0.389388,0.000000,0.333742,0.521467,0.000000,0.000000,0.411630,0.485603,0.457381,0.000000,0.000000,0.000000,0.494256,0.506907,0.000000,0.000000,0.478489,0.588643,0.000000,0.639982,0.550660,0.604591,0.503785,0.569339,0.527836,0.603738,0.585924,0.000000,0.000000,0.000000,0.598367,0.000000,0.000000,0.000000,0.000000,0.000000,0.000000,0.000000,0.000000,0.000000,0.380756,0.627613,0.000000,0.000000,0.348475,0.656653,0.439414,0.000000,0.380579,0.000000,0.347288,0.000000,0.365467,0.000000,0.000000,0.000000,0.339986,0.000000,0.370995,0.000000,0.473506,0.000000,0.439980,0.000000,0.403755,0.000000,0.397746,0.625687,0.444483,0.000000,0.375491,0.561756,0.377394,0.000000
0.537205,0.000000,0.561175,0.428980,0.000000,0.495663,0.622785,0.414960,0.593286,0.488786,0.000000,0.358154,0.000000,0.458012,0.512782,0.439633,0.000000,0.317832,0.349004,0.379820,0.000000,0.000000,0.392165,0.439710,0.000000,0.000000,0.000000,0.000000,0.539345,0.374439,0.000000,0.000000,0.478708,0.381189,0.000000,0.000000,0.575964,0.531016,0.000000,0.601757,0.547920,0.577846,0.592701,0.000000,0.000000,0.000000,0.582973,0.438316,0.000000,0.000000,0.000000,0.000000,0.000000,0.000000,0.000000,0.000000,0.000000,0.370453,0.000000,0.336861,0.000000,0.338470,0.543095,0.375401,0.000000,0.349120,0.000000,0.372532,0.499462,0.354212,0.000000,0.000000,0.576380,0.460901,0.527119,0.000000,0.588475,0.000000,0.000000,0.000000,0.561808,0.443851,0.000000,0.428816,0.000000,0.447933,0.000000,0.417763,0.458715,0.439289
0.428419,0.561175,0.000000,0.577814,0.357303,0.589735,0.395266,0.575721,0.461838,0.566250,0.000000,0.000000,0.000000,0.000000,0.465063,0.000000,0.000000,0.000000,0.369075,0.536613,0.530923,0.000000,0.344611,0.443334,0.000000,0.000000,0.000000,0.000000,0.484048,0.000000,0.400593,0.491702,0.492002,0.552742,0.463117,0.000000,0.000000,0.588876,0.553632,0.000000,0.000000,0.000000,0.000000,0.000000,0.000000,0.000000,0.549651,0.000000,0.000000,0.000000,0.000000,0.000000,0.000000,0.000000,0.000000,0.000000,0.421901,0.000000,0.000000,0.000000,0.000000,0.000000,0.000000,0.000000,0.000000,0.000000,0.430887,0.559776,0.382825,0.000000,0.000000,0.000000,0.559089,0.579565,0.512266,0.000000,0.577049,0.000000,0.000000,0.000000,0.000000,0.000000,0.484392,0.000000,0.000000,0.000000,0.000000,0.000000,0.000000,0.000000
0.475714,0.428980,0.577814,0.000000,0.000000,0.348810,0.572244,0.389720,0.579673,0.346496,0.000000,0.000000,0.000000,0.000000,0.575204,0.509469,0.000000,0.000000,0.364444,0.494357,0.000000,0.526363,0.377725,0.388258,0.000000,0.361375,0.000000,0.537857,0.000000,0.447780,0.445400,0.475299,0.432493,0.378094,0.000000,0.503353,0.000000,0.000000,0.627008,0.000000,0.000000,0.000000,0.000000,0.000000,0.000000,0.000000,0.000000,0.000000,0.000000,0.000000,0.000000,0.000000,0.000000,0.000000,0.000000,0.000000,0.000000,0.000000,0.000000,0.000000,0.000000,0.000000,0.000000,0.000000,0.000000,0.000000,0.000000,0.517739,0.000000,0.425582,0.000000,0.504779,0.523710,0.519145,0.561560,0.385083,0.495105,0.000000,0.000000,0.000000,0.000000,0.000000,0.000000,0.442899,0.000000,0.000000,0.000000,0.446416,0.000000,0.000000
0.489290,0.000000,0.357303,0.000000,0.000000,0.504401,0.443685,0.606427,0.310352,0.597088,0.000000,0.000000,0.000000,0.000000,0.313750,0.501788,0.000000,0.000000,0.413863,0.000000,0.488424,0.530750,0.318058,0.000000,0.375853,0.427234,0.282640,0.000000,0.000000,0.465512,0.000000,0.000000,0.000000,0.000000,0.000000,0.000000,0.000000,0.000000,0.000000,0.000000,0.000000,0.000000,0.000000,0.000000,0.000000,0.000000,0.000000,0.000000,0.000000,0.000000,0.000000,0.000000,0.000000,0.000000,0.000000,0.000000,0.000000,0.000000,0.000000,0.000000,0.000000,0.000000,0.000000,0.000000,0.000000,0.000000,0.000000,0.000000,0.000000,0.000000,0.334866,0.493832,0.311541,0.483056,0.316115,0.000000,0.000000,0.000000,0.000000,0.000000,0.000000,0.000000,0.437502,0.000000,0.000000,0.000000,0.000000,0.000000,0.000000,0.000000
0.000000,0.495663,0.589735,0.348810,0.504401,0.000000,0.577068,0.329352,0.571427,0.425729,0.000000,0.000000,0.000000,0.000000,0.513054,0.518855,0.000000,0.000000,0.000000,0.532632,0.545399,0.519805,0.341012,0.337775,0.472785,0.314113,0.578194,0.356562,0.000000,0.491505,0.598543,0.000000,0.000000,0.000000,0.000000,0.000000,0.000000,0.000000,0.462708,0.000000,0.000000,0.000000,0.000000,0.000000,0.000000,0.000000,0.000000,0.000000,0.000000,0.000000,0.000000,0.000000,0.000000,0.000000,0.000000,0.000000,0.000000,0.000000,0.000000,0.000000,0.000000,0.000000,0.000000,0.000000,0.000000,0.000000,0.000000,0.526577,0.000000,0.436399,0.000000,0.208179,0.516782,0.368399,0.510063,0.000000,0.475425,0.000000,0.000000,0.000000,0.000000,0.000000,0.000000,0.461877,0.000000,0.000000,0.492097,0.425591,0.000000,0.000000
0.426697,0.622785,0.395266,0.572244,0.443685,0.577068,0.000000,0.582496,0.517370,0.564036,0.365414,0.000000,0.384575,0.000000,0.457351,0.532949,0.377688,0.000000,0.396921,0.548418,0.526119,0.600998,0.464052,0.506417,0.335948,0.000000,0.000000,0.596058,0.478980,0.558119,0.000000,0.488902,0.534257,0.510578,0.479389,0.000000,0.000000,0.586387,0.551813,0.000000,0.628150,0.567148,0.000000,0.000000,0.000000,0.000000,0.568078,0.000000,0.000000,0.000000,0.000000,0.000000,0.000000,0.000000,0.000000,0.000000,0.429912,0.000000,0.472346,0.000000,0.000000,0.000000,0.000000,0.000000,0.000000,0.000000,0.452976,0.559399,0.000000,0.000000,0.000000,0.546607,0.503295,0.573620,0.498722,0.000000,0.471233,0.000000,0.439021,0.000000,0.410041,0.547311,0.424752,0.581885,0.000000,0.522266,0.420992,0.000000,0.000000,0.543471
0.524670,0.414960,0.575721,0.389720,0.606427,0.329352,0.582496,0.000000,0.576073,0.329381,0.000000,0.374541,0.000000,0.382681,0.593587,0.489834,0.000000,0.000000,0.492865,0.537124,0.000000,0.549151,0.459423,0.427191,0.000000,0.502082,0.000000,0.561670,0.000000,0.521542,0.472672,0.488568,0.000000,0.435742,0.000000,0.000000,0.000000,0.000000,0.000000,0.000000,0.000000,0.000000,0.000000,0.000000,0.000000,0.000000,0.573205,0.000000,0.000000,0.000000,0.000000,0.000000,0.000000,0.000000,0.000000,0.000000,0.000000,0.000000,0.000000,0.000000,0.000000,0.000000,0.000000,0.000000,0.000000,0.000000,0.000000,0.536117,0.000000,0.413747,0.000000,0.000000,0.539265,0.585404,0.000000,0.000000,0.477424,0.000000,0.000000,0.000000,0.000000,0.000000,0.000000,0.472403,0.000000,0.000000,0.000000,0.437991,0.000000,0.000000
0.559153,0.593286,0.461838,0.579673,0.310352,0.571427,0.517370,0.576073,0.000000,0.572345,0.000000,0.000000,0.228023,0.000000,0.477160,0.518997,0.000000,0.000000,0.516326,0.601360,0.485507,0.000000,0.611298,0.000000,0.525092,0.557519,0.000000,0.000000,0.399623,0.517767,0.000000,0.000000,0.518546,0.485702,0.000000,0.000000,0.611594,0.607670,0.000000,0.604264,0.000000,0.595545,0.000000,0.000000,0.000000,0.000000,0.531169,0.000000,0.000000,0.000000,0.000000,0.000000,0.000000,0.000000,0.000000,0.000000,0.000000,0.000000,0.000000,0.000000,0.000000,0.000000,0.000000,0.000000,0.000000,0.000000,0.000000,0.551233,0.000000,0.000000,0.000000,0.000000,0.438180,0.000000,0.441143,0.000000,0.595061,0.000000,0.000000,0.000000,0.000000,0.552243,0.439910,0.558060,0.000000,0.535666,0.386074,0.582467,0.000000,0.556946
0.000000,0.488786,0.566250,0.346496,0.597088,0.425729,0.564036,0.329381,0.572345,0.000000,0.000000,0.000000,0.568401,0.365577,0.544513,0.434956,0.000000,0.000000,0.000000,0.470004,0.000000,0.514699,0.464035,0.365755,0.456964,0.446797,0.533101,0.446947,0.000000,0.427563,0.500347,0.000000,0.000000,0.000000,0.000000,0.000000,0.000000,0.000000,0.458042,0.000000,0.000000,0.000000,0.000000,0.000000,0.000000,0.000000,0.000000,0.000000,0.000000,0.000000,0.000000,0.000000,0.000000,0.000000,0.000000,0.000000,0.000000,0.000000,0.000000,0.000000,0.000000,0.000000,0.000000,0.000000,0.000000,0.000000,0.000000,0.503180,0.000000,0.444088,0.000000,0.471468,0.000000,0.482969,0.000000,0.000000,0.000000,0.000000,0.000000,0.000000,0.000000,0.000000,0.000000,0.483613,0.000000,0.000000,0.000000,0.000000,0.000000,0.000000
0.346196,0.000000,0.000000,0.000000,0.000000,0.000000,0.365414,0.000000,0.000000,0.000000,0.000000,0.000000,0.345940,0.000000,0.000000,0.000000,0.268234,0.000000,0.000000,0.000000,0.000000,0.000000,0.000000,0.000000,0.000000,0.000000,0.000000,0.000000,0.000000,0.000000,0.000000,0.000000,0.000000,0.000000,0.000000,0.000000,0.000000,0.000000,0.000000,0.000000,0.000000,0.000000,0.000000,0.000000,0.000000,0.000000,0.000000,0.000000,0.000000,0.000000,0.000000,0.000000,0.000000,0.000000,0.000000,0.000000,0.461286,0.000000,0.000000,0.000000,0.516253,0.000000,0.414758,0.000000,0.000000,0.000000,0.000000,0.000000,0.000000,0.000000,0.000000,0.000000,0.000000,0.000000,0.000000,0.000000,0.000000,0.000000,0.000000,0.000000,0.378311,0.000000,0.310128,0.000000,0.454031,0.000000,0.000000,0.000000,0.000000,0.000000
0.000000,0.358154,0.000000,0.000000,0.000000,0.000000,0.000000,0.374541,0.000000,0.000000,0.000000,0.000000,0.000000,0.388634,0.000000,0.000000,0.000000,0.357659,0.000000,0.000000,0.000000,0.000000,0.000000,0.000000,0.000000,0.000000,0.000000,0.000000,0.000000,0.355985,0.000000,0.000000,0.000000,0.407404,0.000000,0.000000,0.000000,0.000000,0.000000,0.000000,0.000000,0.000000,0.000000,0.000000,0.000000,0.000000,0.000000,0.000000,0.000000,0.000000,0.000000,0.000000,0.000000,0.000000,0.000000,0.000000,0.000000,0.439229,0.000000,0.000000,0.000000,0.000000,0.000000,0.416560,0.000000,0.000000,0.000000,0.000000,0.000000,0.000000,0.000000,0.000000,0.000000,0.000000,0.000000,0.000000,0.000000,0.000000,0.000000,0.000000,0.000000,0.371671,0.000000,0.231266,0.000000,0.000000,0.000000,0.000000,0.000000,0.000000
0.385052,0.000000,0.000000,0.000000,0.000000,0.000000,0.384575,0.000000,0.228023,0.568401,0.345940,0.000000,0.000000,0.000000,0.376895,0.532463,0.345533,0.000000,0.000000,0.000000,0.000000,0.000000,0.000000,0.000000,0.000000,0.000000,0.000000,0.571043,0.414473,0.551629,0.000000,0.575730,0.000000,0.000000,0.000000,0.000000,0.000000,0.000000,0.000000,0.000000,0.000000,0.000000,0.000000,0.000000,0.000000,0.000000,0.000000,0.000000,0.000000,0.000000,0.000000,0.000000,0.000000,0.000000,0.000000,0.000000,0.464460,0.000000,0.000000,0.000000,0.517417,0.000000,0.405576,0.000000,0.000000,0.000000,0.000000,0.000000,0.000000,0.000000,0.000000,0.543501,0.397135,0.554483,0.000000,0.000000,0.481878,0.000000,0.000000,0.000000,0.391208,0.000000,0.398782,0.000000,0.455854,0.000000,0.000000,0.000000,0.000000,0.000000
0.000000,0.458012,0.000000,0.000000,0.000000,0.000000,0.000000,0.382681,0.000000,0.365577,0.000000,0.388634,0.000000,0.000000,0.000000,0.368692,0.000000,0.452485,0.000000,0.000000,0.000000,0.000000,0.000000,0.000000,0.000000,0.000000,0.000000,0.000000,0.000000,0.000000,0.000000,0.000000,0.000000,0.000000,0.000000,0.000000,0.000000,0.000000,0.000000,0.000000,0.000000,0.000000,0.000000,0.000000,0.000000,0.000000,0.000000,0.000000,0.000000,0.000000,0.000000,0.000000,0.000000,0.000000,0.000000,0.000000,0.000000,0.456608,0.000000,0.407033,0.000000,0.445588,0.000000,0.453024,0.000000,0.000000,0.000000,0.000000,0.000000,0.000000,0.000000,0.000000,0.000000,0.000000,0.000000,0.000000,0.000000,0.000000,0.000000,0.000000,0.000000,0.407737,0.000000,0.302469,0.000000,0.000000,0.000000,0.364961,0.000000,0.453692
0.456217,0.512782,0.465063,0.575204,0.313750,0.513054,0.457351,0.593587,0.477160,0.544513,0.000000,0.000000,0.376895,0.000000,0.000000,0.507370,0.000000,0.000000,0.000000,0.000000,0.232401,0.550011,0.000000,0.000000,0.000000,0.518639,0.000000,0.000000,0.262075,0.506981,0.000000,0.000000,0.504478,0.516429,0.000000,0.000000,0.000000,0.587032,0.000000,0.594559,0.295077,0.588569,0.000000,0.000000,0.000000,0.000000,0.000000,0.000000,0.000000,0.000000,0.000000,0.000000,0.000000,0.000000,0.000000,0.000000,0.484938,0.515056,0.000000,0.000000,0.481102,0.000000,0.454737,0.000000,0.000000,0.000000,0.000000,0.000000,0.000000,0.000000,0.000000,0.000000,0.360938,0.515579,0.396929,0.000000,0.000000,0.000000,0.000000,0.000000,0.441295,0.538870,0.386580,0.561585,0.462222,0.000000,0.365020,0.000000,0.000000,0.549427
0.000000,0.439633,0.000000,0.509469,0.501788,0.518855,0.532949,0.489834,0.518997,0.434956,0.000000,0.000000,0.532463,0.368692,0.507370,0.000000,0.000000,0.412658,0.000000,0.000000,0.528537,0.393881,0.452567,0.476510,0.442687,0.417868,0.000000,0.436685,0.486886,0.327331,0.461174,0.415585,0.000000,0.000000,0.000000,0.000000,0.000000,0.000000,0.000000,0.359481,0.406245,0.000000,0.000000,0.000000,0.000000,0.000000,0.000000,0.000000,0.000000,0.000000,0.000000,0.000000,0.000000,0.000000,0.000000,0.000000,0.000000,0.464994,0.000000,0.000000,0.000000,0.447365,0.000000,0.456437,0.000000,0.000000,0.000000,0.000000,0.000000,0.000000,0.000000,0.339459,0.509813,0.294168,0.497551,0.350600,0.000000,0.000000,0.000000,0.000000,0.000000,0.403252,0.000000,0.312704,0.000000,0.000000,0.000000,0.303781,0.000000,0.000000
0.389388,0.000000,0.000000,0.000000,0.000000,0.000000,0.377688,0.000000,0.000000,0.000000,0.268234,0.000000,0.345533,0.000000,0.000000,0.000000,0.000000,0.000000,0.000000,0.000000,0.000000,0.000000,0.000000,0.000000,0.000000,0.000000,0.000000,0.000000,0.290795,0.000000,0.000000,0.000000,0.607561,0.478286,0.000000,0.000000,0.000000,0.000000,0.000000,0.000000,0.000000,0.000000,0.000000,0.000000,0.000000,0.000000,0.000000,0.000000,0.000000,0.000000,0.000000,0.000000,0.000000,0.000000,0.000000,0.000000,0.357546,0.453328,0.000000,0.000000,0.000000,0.000000,0.381520,0.000000,0.000000,0.000000,0.000000,0.000000,0.000000,0.000000,0.000000,0.000000,0.000000,0.000000,0.000000,0.000000,0.000000,0.000000,0.286049,0.000000,0.322474,0.000000,0.309433,0.000000,0.421805,0.000000,0.000000,0.000000,0.000000,0.000000
0.000000,0.317832,0.000000,0.000000,0.000000,0.000000,0.000000,0.000000,0.000000,0.000000,0.000000,0.357659,0.000000,0.452485,0.000000,0.412658,0.000000,0.000000,0.000000,0.000000,0.000000,0.000000,0.000000,0.000000,0.000000,0.000000,0.000000,0.000000,0.000000,0.322101,0.000000,0.000000,0.000000,0.000000,0.000000,0.000000,0.000000,0.000000,0.000000,0.000000,0.000000,0.000000,0.000000,0.000000,0.000000,0.000000,0.000000,0.000000,0.000000,0.000000,0.000000,0.000000,0.000000,0.000000,0.000000,0.000000,0.000000,0.342001,0.000000,0.000000,0.000000,0.000000,0.000000,0.320669,0.000000,0.000000,0.000000,0.000000,0.000000,0.000000,0.000000,0.000000,0.000000,0.366235,0.000000,0.000000,0.000000,0.000000,0.000000,0.315569,0.000000,0.336186,0.000000,0.378088,0.000000,0.349349,0.000000,0.394325,0.000000,0.000000
0.333742,0.349004,0.369075,0.364444,0.413863,0.000000,0.396921,0.492865,0.516326,0.000000,0.000000,0.000000,0.000000,0.000000,0.000000,0.000000,0.000000,0.000000,0.000000,0.430394,0.000000,0.000000,0.314969,0.389349,0.000000,0.000000,0.000000,0.000000,0.537720,0.000000,0.000000,0.000000,0.316302,0.361480,0.000000,0.000000,0.000000,0.000000,0.000000,0.000000,0.000000,0.000000,0.583266,0.000000,0.000000,0.000000,0.593876,0.000000,0.000000,0.000000,0.000000,0.000000,0.000000,0.000000,0.000000,0.000000,0.000000,0.315094,0.000000,0.000000,0.000000,0.000000,0.000000,0.000000,0.000000,0.000000,0.331901,0.324931,0.338311,0.366766,0.000000,0.000000,0.000000,0.000000,0.000000,0.000000,0.000000,0.000000,0.000000,0.000000,0.489251,0.522869,0.505742,0.000000,0.000000,0.494857,0.000000,0.000000,0.000000,0.000000
0.521467,0.379820,0.536613,0.494357,0.000000,0.532632,0.548418,0.537124,0.601360,0.470004,0.000000,0.000000,0.000000,0.000000,0.000000,0.000000,0.000000,0.000000,0.430394,0.000000,0.000000,0.000000,0.363536,0.468230,0.000000,0.000000,0.000000,0.000000,0.000000,0.415396,0.473812,0.000000,0.465340,0.400117,0.000000,0.436204,0.000000,0.587651,0.000000,0.608435,0.000000,0.610895,0.577824,0.000000,0.000000,0.000000,0.588874,0.546689,0.000000,0.000000,0.000000,0.000000,0.000000,0.000000,0.000000,0.000000,0.000000,0.317795,0.000000,0.000000,0.000000,0.000000,0.000000,0.000000,0.000000,0.000000,0.339755,0.432603,0.384280,0.339864,0.000000,0.000000,0.544910,0.000000,0.524761,0.000000,0.000000,0.000000,0.000000,0.000000,0.000000,0.480491,0.000000,0.533431,0.000000,0.497238,0.000000,0.510382,0.000000,0.519071
0.000000,0.000000,0.530923,0.000000,0.488424,0.545399,0.526119,0.000000,0.485507,0.000000,0.000000,0.000000,0.000000,0.000000,0.232401,0.528537,0.000000,0.000000,0.000000,0.000000,0.000000,0.554049,0.520480,0.000000,0.000000,0.000000,0.240904,0.233434,0.000000,0.525233,0.253792,0.000000,0.000000,0.000000,0.000000,0.000000,0.000000,0.000000,0.369035,0.000000,0.256007,0.000000,0.000000,0.000000,0.000000,0.000000,0.000000,0.000000,0.000000,0.000000,0.000000,0.000000,0.000000,0.000000,0.000000,0.000000,0.000000,0.000000,0.000000,0.000000,0.000000,0.000000,0.000000,0.000000,0.000000,0.000000,0.000000,0.000000,0.000000,0.000000,0.310705,0.000000,0.267146,0.561518,0.000000,0.000000,0.345490,0.000000,0.000000,0.000000,0.000000,0.000000,0.000000,0.000000,0.000000,0.000000,0.520051,0.000000,0.000000,0.610446
0.000000,0.000000,0.000000,0.526363,0.530750,0.519805,0.600998,0.549151,0.000000,0.514699,0.000000,0.000000,0.000000,0.000000,0.550011,0.393881,0.000000,0.000000,0.000000,0.000000,0.554049,0.000000,0.000000,0.493094,0.000000,0.000000,0.536870,0.221540,0.000000,0.000000,0.000000,0.000000,0.000000,0.000000,0.000000,0.000000,0.000000,0.000000,0.000000,0.000000,0.000000,0.000000,0.000000,0.000000,0.000000,0.000000,0.000000,0.000000,0.000000,0.000000,0.000000,0.000000,0.000000,0.000000,0.000000,0.000000,0.000000,0.000000,0.000000,0.000000,0.000000,0.000000,0.000000,0.000000,0.000000,0.000000,0.000000,0.000000,0.000000,0.000000,0.502519,0.295081,0.573578,0.295170,0.550899,0.000000,0.000000,0.000000,0.000000,0.000000,0.000000,0.000000,0.514364,0.000000,0.000000,0.000000,0.000000,0.000000,0.000000,0.000000
0.411630,0.392165,0.344611,0.377725,0.318058,0.341012,0.464052,0.459423,0.611298,0.464035,0.000000,0.000000,0.000000,0.000000,0.000000,0.452567,0.000000,0.000000,0.314969,0.363536,0.520480,0.000000,0.000000,0.370841,0.293660,0.347051,0.000000,0.000000,0.464124,0.451914,0.273634,0.395546,0.000000,0.359740,0.000000,0.391846,0.000000,0.000000,0.000000,0.000000,0.000000,0.000000,0.000000,0.000000,0.000000,0.000000,0.000000,0.000000,0.000000,0.000000,0.000000,0.000000,0.000000,0.000000,0.000000,0.000000,0.000000,0.393118,0.000000,0.000000,0.000000,0.000000,0.000000,0.000000,0.000000,0.000000,0.385710,0.409939,0.000000,0.388508,0.000000,0.000000,0.548341,0.525015,0.544533,0.000000,0.000000,0.000000,0.000000,0.000000,0.000000,0.000000,0.000000,0.000000,0.000000,0.000000,0.000000,0.000000,0.000000,0.000000
0.485603,0.439710,0.443334,0.388258,0.000000,0.337775,0.506417,0.427191,0.000000,0.365755,0.000000,0.000000,0.000000,0.000000,0.000000,0.476510,0.000000,0.000000,0.389349,0.468230,0.000000,0.493094,0.370841,0.000000,0.000000,0.303656,0.000000,0.307912,0.000000,0.481918,0.249583,0.325939,0.344016,0.437805,0.000000,0.472308,0.000000,0.000000,0.000000,0.000000,0.000000,0.000000,0.000000,0.000000,0.000000,0.000000,0.539566,0.000000,0.000000,0.000000,0.000000,0.000000,0.000000,0.000000,0.000000,0.000000,0.000000,0.370093,0.000000,0.000000,0.000000,0.000000,0.000000,0.000000,0.000000,0.000000,0.341353,0.469566,0.000000,0.385637,0.000000,0.000000,0.553118,0.500302,0.552033,0.000000,0.501347,0.000000,0.000000,0.000000,0.000000,0.000000,0.000000,0.000000,0.000000,0.000000,0.000000,0.000000,0.000000,0.000000
0.457381,0.000000,0.000000,0.000000,0.375853,0.472785,0.335948,0.000000,0.525092,0.456964,0.000000,0.000000,0.000000,0.000000,0.000000,0.442687,0.000000,0.000000,0.000000,0.000000,0.000000,0.000000,0.293660,0.000000,0.000000,0.395600,0.000000,0.241292,0.000000,0.456562,0.230902,0.000000,0.000000,0.000000,0.000000,0.000000,0.000000,0.000000,0.000000,0.000000,0.000000,0.000000,0.000000,0.000000,0.000000,0.000000,0.000000,0.000000,0.000000,0.000000,0.000000,0.000000,0.000000,0.000000,0.000000,0.000000,0.000000,0.000000,0.000000,0.000000,0.000000,0.000000,0.000000,0.000000,0.000000,0.000000,0.000000,0.000000,0.000000,0.000000,0.000000,0.000000,0.000000,0.488568,0.000000,0.000000,0.000000,0.000000,0.000000,0.000000,0.000000,0.000000,0.000000,0.000000,0.000000,0.000000,0.000000,0.000000,0.000000,0.000000
0.000000,0.000000,0.000000,0.361375,0.427234,0.314113,0.000000,0.502082,0.557519,0.446797,0.000000,0.000000,0.000000,0.000000,0.518639,0.417868,0.000000,0.000000,0.000000,0.000000,0.000000,0.000000,0.347051,0.303656,0.395600,0.000000,0.273399,0.259025,0.000000,0.467246,0.233236,0.000000,0.000000,0.000000,0.000000,0.000000,0.000000,0.000000,0.000000,0.000000,0.000000,0.000000,0.000000,0.000000,0.000000,0.000000,0.000000,0.000000,0.000000,0.000000,0.000000,0.000000,0.000000,0.000000,0.000000,0.000000,0.000000,0.000000,0.000000,0.000000,0.000000,0.000000,0.000000,0.000000,0.000000,0.000000,0.000000,0.000000,0.000000,0.000000,0.000000,0.496907,0.491106,0.000000,0.497691,0.000000,0.000000,0.000000,0.000000,0.000000,0.000000,0.000000,0.000000,0.000000,0.000000,0.000000,0.000000,0.000000,0.000000,0.000000
0.000000,0.000000,0.000000,0.000000,0.282640,0.578194,0.000000,0.000000,0.000000,0.533101,0.000000,0.000000,0.000000,0.000000,0.000000,0.000000,0.000000,0.000000,0.000000,0.000000,0.240904,0.536870,0.000000,0.000000,0.000000,0.273399,0.000000,0.260931,0.000000,0.000000,0.241543,0.000000,0.000000,0.000000,0.000000,0.575447,0.000000,0.000000,0.000000,0.000000,0.000000,0.000000,0.000000,0.000000,0.000000,0.000000,0.000000,0.000000,0.000000,0.000000,0.000000,0.000000,0.000000,0.000000,0.000000,0.000000,0.000000,0.000000,0.000000,0.000000,0.000000,0.000000,0.000000,0.000000,0.000000,0.000000,0.000000,0.000000,0.000000,0.000000,0.000000,0.000000,0.000000,0.000000,0.000000,0.000000,0.000000,0.000000,0.000000,0.000000,0.000000,0.000000,0.000000,0.000000,0.000000,0.000000,0.423629,0.000000,0.000000,0.000000
0.000000,0.000000,0.000000,0.537857,0.000000,0.356562,0.596058,0.561670,0.000000,0.446947,0.000000,0.000000,0.571043,0.000000,0.000000,0.436685,0.000000,0.000000,0.000000,0.000000,0.233434,0.221540,0.000000,0.307912,0.241292,0.259025,0.260931,0.000000,0.000000,0.000000,0.000000,0.000000,0.000000,0.000000,0.000000,0.000000,0.000000,0.000000,0.000000,0.000000,0.000000,0.000000,0.000000,0.000000,0.000000,0.000000,0.000000,0.000000,0.000000,0.000000,0.000000,0.000000,0.000000,0.000000,0.000000,0.000000,0.000000,0.000000,0.000000,0.000000,0.000000,0.000000,0.000000,0.000000,0.000000,0.000000,0.000000,0.000000,0.000000,0.000000,0.000000,0.471913,0.557775,0.334969,0.558248,0.312873,0.000000,0.000000,0.000000,0.000000,0.000000,0.000000,0.000000,0.000000,0.000000,0.000000,0.000000,0.000000,0.000000,0.000000
0.494256,0.539345,0.484048,0.000000,0.000000,0.000000,0.478980,0.000000,0.399623,0.000000,0.000000,0.000000,0.414473,0.000000,0.262075,0.486886,0.290795,0.000000,0.537720,0.000000,0.000000,0.000000,0.464124,0.000000,0.000000,0.000000,0.000000,0.000000,0.000000,0.473745,0.470872,0.000000,0.574907,0.576086,0.000000,0.000000,0.000000,0.666047,0.000000,0.668694,0.268904,0.651962,0.000000,0.000000,0.000000,0.000000,0.000000,0.466674,0.000000,0.000000,0.000000,0.000000,0.000000,0.000000,0.000000,0.000000,0.410935,0.000000,0.000000,0.000000,0.430957,0.000000,0.402462,0.000000,0.424773,0.000000,0.000000,0.538989,0.529216,0.000000,0.000000,0.000000,0.365328,0.578628,0.364291,0.000000,0.487993,0.000000,0.000000,0.000000,0.298986,0.000000,0.291490,0.563827,0.000000,0.000000,0.000000,0.000000,0.000000,0.620073
0.506907,0.374439,0.000000,0.447780,0.465512,0.491505,0.558119,0.521542,0.517767,0.427563,0.000000,0.355985,0.551629,0.000000,0.506981,0.327331,0.000000,0.322101,0.000000,0.415396,0.525233,0.000000,0.451914,0.481918,0.456562,0.467246,0.000000,0.000000,0.473745,0.000000,0.484190,0.491731,0.395515,0.000000,0.000000,0.000000,0.000000,0.000000,0.000000,0.000000,0.000000,0.000000,0.000000,0.000000,0.000000,0.000000,0.000000,0.000000,0.000000,0.000000,0.000000,0.000000,0.000000,0.000000,0.000000,0.000000,0.000000,0.298448,0.000000,0.000000,0.000000,0.000000,0.000000,0.000000,0.000000,0.000000,0.000000,0.000000,0.000000,0.000000,0.000000,0.000000,0.504374,0.418382,0.501555,0.000000,0.490861,0.000000,0.000000,0.346690,0.000000,0.367699,0.000000,0.359028,0.000000,0.355175,0.000000,0.400741,0.000000,0.000000
0.000000,0.000000,0.400593,0.445400,0.000000,0.598543,0.000000,0.472672,0.000000,0.500347,0.000000,0.000000,0.000000,0.000000,0.000000,0.461174,0.000000,0.000000,0.000000,0.473812,0.253792,0.000000,0.273634,0.249583,0.230902,0.233236,0.241543,0.000000,0.470872,0.484190,0.000000,0.295383,0.000000,0.343240,0.000000,0.000000,0.423938,0.558222,0.000000,0.000000,0.000000,0.574842,0.000000,0.000000,0.000000,0.000000,0.000000,0.530344,0.000000,0.000000,0.000000,0.000000,0.000000,0.000000,0.000000,0.000000,0.000000,0.000000,0.000000,0.000000,0.000000,0.000000,0.000000,0.000000,0.000000,0.000000,0.000000,0.000000,0.000000,0.000000,0.260642,0.000000,0.511967,0.528015,0.000000,0.000000,0.426207,0.000000,0.000000,0.000000,0.000000,0.000000,0.000000,0.560075,0.000000,0.000000,0.000000,0.000000,0.000000,0.000000
0.000000,0.000000,0.491702,0.475299,0.000000,0.000000,0.488902,0.488568,0.000000,0.000000,0.000000,0.000000,0.575730,0.000000,0.000000,0.415585,0.000000,0.000000,0.000000,0.000000,0.000000,0.000000,0.395546,0.325939,0.000000,0.000000,0.000000,0.000000,0.000000,0.491731,0.295383,0.000000,0.000000,0.294070,0.000000,0.000000,0.000000,0.000000,0.000000,0.000000,0.000000,0.000000,0.000000,0.000000,0.000000,0.000000,0.000000,0.000000,0.000000,0.000000,0.000000,0.000000,0.000000,0.000000,0.000000,0.000000,0.000000,0.000000,0.000000,0.000000,0.000000,0.000000,0.000000,0.000000,0.000000,0.000000,0.000000,0.000000,0.000000,0.000000,0.000000,0.000000,0.557337,0.500804,0.000000,0.000000,0.000000,0.000000,0.000000,0.000000,0.000000,0.000000,0.000000,0.000000,0.000000,0.000000,0.000000,0.000000,0.000000,0.000000
0.478489,0.478708,0.492002,0.432493,0.000000,0.000000,0.534257,0.000000,0.518546,0.000000,0.000000,0.000000,0.000000,0.000000,0.504478,0.000000,0.607561,0.000000,0.316302,0.465340,0.000000,0.000000,0.000000,0.344016,0.000000,0.000000,0.000000,0.000000,0.574907,0.395515,0.000000,0.000000,0.000000,0.637959,0.685190,0.701417,0.591200,0.594714,0.578669,0.588773,0.595415,0.577357,0.595060,0.000000,0.000000,0.000000,0.585153,0.483421,0.000000,0.565586,0.000000,0.000000,0.000000,0.000000,0.506817,0.000000,0.455887,0.447153,0.546812,0.568379,0.601214,0.611044,0.517293,0.000000,0.000000,0.594765,0.428298,0.496503,0.345509,0.417120,0.000000,0.000000,0.586155,0.000000,0.551385,0.000000,0.609840,0.503010,0.000000,0.000000,0.505026,0.525560,0.532746,0.567607,0.488979,0.508881,0.517408,0.494544,0.450197,0.535591
0.588643,0.381189,0.552742,0.378094,0.000000,0.000000,0.510578,0.435742,0.485702,0.000000,0.000000,0.407404,0.000000,0.000000,0.516429,0.000000,0.478286,0.000000,0.361480,0.400117,0.000000,0.000000,0.359740,0.437805,0.000000,0.000000,0.000000,0.000000,0.576086,0.000000,0.343240,0.294070,0.637959,0.000000,0.248291,0.459346,0.587283,0.583569,0.550461,0.560721,0.583479,0.610958,0.584702,0.000000,0.000000,0.000000,0.600559,0.546849,0.000000,0.398254,0.000000,0.000000,0.000000,0.000000,0.000000,0.588241,0.598785,0.481108,0.605778,0.479859,0.685041,0.455406,0.570788,0.543384,0.000000,0.418326,0.489267,0.379462,0.361426,0.422750,0.000000,0.000000,0.574824,0.512808,0.536161,0.377138,0.570648,0.000000,0.000000,0.000000,0.575528,0.579918,0.536837,0.450922,0.552633,0.536483,0.000000,0.583308,0.512403,0.527920
0.000000,0.000000,0.463117,0.000000,0.000000,0.000000,0.479389,0.000000,0.000000,0.000000,0.000000,0.000000,0.000000,0.000000,0.000000,0.000000,0.000000,0.000000,0.000000,0.000000,0.000000,0.000000,0.000000,0.000000,0.000000,0.000000,0.000000,0.000000,0.000000,0.000000,0.000000,0.000000,0.685190,0.248291,0.000000,0.671690,0.554734,0.000000,0.000000,0.000000,0.000000,0.000000,0.615297,0.000000,0.000000,0.000000,0.604377,0.446008,0.279352,0.627921,0.371868,0.000000,0.000000,0.000000,0.000000,0.000000,0.397301,0.423715,0.413858,0.512896,0.544911,0.000000,0.000000,0.000000,0.000000,0.624327,0.446973,0.456310,0.494640,0.000000,0.000000,0.000000,0.000000,0.000000,0.000000,0.000000,0.000000,0.000000,0.000000,0.000000,0.000000,0.486200,0.000000,0.000000,0.419457,0.000000,0.000000,0.508765,0.000000,0.472239
0.639982,0.000000,0.000000,0.503353,0.000000,0.000000,0.000000,0.000000,0.000000,0.000000,0.000000,0.000000,0.000000,0.000000,0.000000,0.000000,0.000000,0.000000,0.000000,0.436204,0.000000,0.000000,0.391846,0.472308,0.000000,0.000000,0.575447,0.000000,0.000000,0.000000,0.000000,0.000000,0.701417,0.459346,0.671690,0.000000,0.000000,0.616241,0.000000,0.332481,0.000000,0.000000,0.000000,0.000000,0.000000,0.000000,0.000000,0.456901,0.000000,0.624933,0.000000,0.000000,0.000000,0.000000,0.000000,0.000000,0.574843,0.459196,0.632701,0.488600,0.556590,0.386934,0.000000,0.000000,0.000000,0.639327,0.519186,0.426311,0.397317,0.440845,0.000000,0.000000,0.000000,0.000000,0.000000,0.000000,0.000000,0.000000,0.000000,0.000000,0.000000,0.000000,0.000000,0.000000,0.376653,0.000000,0.000000,0.546634,0.490120,0.431433
0.550660,0.575964,0.000000,0.000000,0.000000,0.000000,0.000000,0.000000,0.611594,0.000000,0.000000,0.000000,0.000000,0.000000,0.000000,0.000000,0.000000,0.000000,0.000000,0.000000,0.000000,0.000000,0.000000,0.000000,0.000000,0.000000,0.000000,0.000000,0.000000,0.000000,0.423938,0.000000,0.591200,0.587283,0.554734,0.000000,0.000000,0.666489,0.377719,0.000000,0.432207,0.655116,0.550626,0.000000,0.000000,0.000000,0.511858,0.451593,0.000000,0.000000,0.506615,0.000000,0.000000,0.000000,0.502792,0.461804,0.000000,0.575067,0.517769,0.000000,0.501809,0.000000,0.000000,0.000000,0.516966,0.000000,0.477366,0.561554,0.000000,0.000000,0.000000,0.000000,0.000000,0.000000,0.000000,0.000000,0.501168,0.000000,0.000000,0.000000,0.371291,0.000000,0.589767,0.630033,0.462320,0.000000,0.000000,0.000000,0.476295,0.573488
0.604591,0.531016,0.588876,0.000000,0.000000,0.000000,0.586387,0.000000,0.607670,0.000000,0.000000,0.000000,0.000000,0.000000,0.587032,0.000000,0.000000,0.000000,0.000000,0.587651,0.000000,0.000000,0.000000,0.000000,0.000000,0.000000,0.000000,0.000000,0.666047,0.000000,0.558222,0.000000,0.594714,0.583569,0.000000,0.616241,0.666489,0.000000,0.416646,0.446160,0.662629,0.346367,0.628381,0.000000,0.000000,0.000000,0.626425,0.459380,0.000000,0.000000,0.000000,0.000000,0.000000,0.000000,0.000000,0.369247,0.000000,0.000000,0.679298,0.000000,0.678389,0.000000,0.000000,0.000000,0.646317,0.507945,0.000000,0.626488,0.000000,0.625198,0.000000,0.000000,0.523132,0.000000,0.519574,0.000000,0.564944,0.359090,0.000000,0.000000,0.595608,0.000000,0.644631,0.344668,0.000000,0.517538,0.525665,0.315961,0.000000,0.423838
0.503785,0.000000,0.553632,0.627008,0.000000,0.462708,0.551813,0.000000,0.000000,0.458042,0.000000,0.000000,0.000000,0.000000,0.000000,0.000000,0.000000,0.000000,0.000000,0.000000,0.369035,0.000000,0.000000,0.000000,0.000000,0.000000,0.000000,0.000000,0.000000,0.000000,0.000000,0.000000,0.578669,0.550461,0.000000,0.000000,0.377719,0.416646,0.000000,0.000000,0.302559,0.655233,0.000000,0.000000,0.000000,0.000000,0.248964,0.000000,0.000000,0.000000,0.487672,0.000000,0.000000,0.000000,0.281516,0.548174,0.000000,0.000000,0.479393,0.000000,0.484036,0.000000,0.000000,0.000000,0.489591,0.000000,0.498080,0.535929,0.000000,0.000000,0.000000,0.000000,0.411057,0.000000,0.000000,0.000000,0.000000,0.000000,0.000000,0.000000,0.306193,0.000000,0.340618,0.637239,0.435838,0.000000,0.266326,0.566236,0.276065,0.544580
0.569339,0.601757,0.000000,0.000000,0.000000,0.000000,0.000000,0.000000,0.604264,0.000000,0.000000,0.000000,0.000000,0.000000,0.594559,0.359481,0.000000,0.000000,0.000000,0.608435,0.000000,0.000000,0.000000,0.000000,0.000000,0.000000,0.000000,0.000000,0.668694,0.000000,0.000000,0.000000,0.588773,0.560721,0.000000,0.332481,0.000000,0.446160,0.000000,0.000000,0.663347,0.393472,0.000000,0.000000,0.000000,0.000000,0.615836,0.364423,0.000000,0.000000,0.000000,0.000000,0.000000,0.000000,0.000000,0.365516,0.000000,0.000000,0.000000,0.000000,0.000000,0.000000,0.000000,0.000000,0.000000,0.000000,0.000000,0.516180,0.000000,0.625892,0.000000,0.000000,0.000000,0.000000,0.000000,0.000000,0.638401,0.397289,0.000000,0.000000,0.000000,0.000000,0.406839,0.321542,0.000000,0.453444,0.000000,0.000000,0.000000,0.397245
0.527836,0.547920,0.000000,0.000000,0.000000,0.000000,0.628150,0.000000,0.000000,0.000000,0.000000,0.000000,0.000000,0.000000,0.295077,0.406245,0.000000,0.000000,0.000000,0.000000,0.256007,0.000000,0.000000,0.000000,0.000000,0.000000,0.000000,0.000000,0.268904,0.000000,0.000000,0.000000,0.595415,0.583479,0.000000,0.000000,0.432207,0.662629,0.302559,0.663347,0.000000,0.642537,0.000000,0.000000,0.000000,0.000000,0.000000,0.000000,0.000000,0.000000,0.000000,0.000000,0.000000,0.000000,0.489664,0.000000,0.000000,0.532700,0.485807,0.000000,0.498392,0.000000,0.000000,0.000000,0.000000,0.000000,0.000000,0.519888,0.000000,0.000000,0.000000,0.000000,0.328972,0.000000,0.000000,0.000000,0.000000,0.000000,0.000000,0.000000,0.309458,0.000000,0.425031,0.640107,0.000000,0.000000,0.000000,0.000000,0.000000,0.602689
0.603738,0.577846,0.000000,0.000000,0.000000,0.000000,0.567148,0.000000,0.595545,0.000000,0.000000,0.000000,0.000000,0.000000,0.588569,0.000000,0.000000,0.000000,0.000000,0.610895,0.000000,0.000000,0.000000,0.000000,0.000000,0.000000,0.000000,0.000000,0.651962,0.000000,0.574842,0.000000,0.577357,0.610958,0.000000,0.000000,0.655116,0.346367,0.655233,0.393472,0.642537,0.000000,0.612102,0.000000,0.000000,0.000000,0.622666,0.000000,0.000000,0.000000,0.000000,0.000000,0.000000,0.000000,0.000000,0.000000,0.000000,0.597192,0.000000,0.000000,0.673928,0.000000,0.000000,0.000000,0.681837,0.000000,0.000000,0.649469,0.000000,0.631631,0.000000,0.000000,0.000000,0.000000,0.571957,0.000000,0.632756,0.000000,0.000000,0.000000,0.000000,0.000000,0.590180,0.255745,0.000000,0.000000,0.000000,0.260111,0.000000,0.000000
0.585924,0.592701,0.000000,0.000000,0.000000,0.000000,0.000000,0.000000,0.000000,0.000000,0.000000,0.000000,0.000000,0.000000,0.000000,0.000000,0.000000,0.000000,0.583266,0.577824,0.000000,0.000000,0.000000,0.000000,0.000000,0.000000,0.000000,0.000000,0.000000,0.000000,0.000000,0.000000,0.595060,0.584702,0.615297,0.000000,0.550626,0.628381,0.000000,0.000000,0.000000,0.612102,0.000000,0.254723,0.271484,0.208670,0.373205,0.309906,0.327611,0.000000,0.332548,0.000000,0.230354,0.000000,0.311011,0.000000,0.000000,0.000000,0.351402,0.000000,0.000000,0.000000,0.000000,0.000000,0.000000,0.000000,0.357869,0.552949,0.000000,0.000000,0.000000,0.000000,0.000000,0.000000,0.000000,0.000000,0.000000,0.000000,0.000000,0.000000,0.000000,0.000000,0.000000,0.614014,0.000000,0.000000,0.000000,0.606870,0.000000,0.000000
0.000000,0.000000,0.000000,0.000000,0.000000,0.000000,0.000000,0.000000,0.000000,0.000000,0.000000,0.000000,0.000000,0.000000,0.000000,0.000000,0.000000,0.000000,0.000000,0.000000,0.000000,0.000000,0.000000,0.000000,0.000000,0.000000,0.000000,0.000000,0.000000,0.000000,0.000000,0.000000,0.000000,0.000000,0.000000,0.000000,0.000000,0.000000,0.000000,0.000000,0.000000,0.000000,0.254723,0.000000,0.246086,0.336473,0.299611,0.299185,0.000000,0.354490,0.000000,0.324394,0.000000,0.368785,0.000000,0.283780,0.000000,0.000000,0.000000,0.000000,0.000000,0.000000,0.000000,0.000000,0.000000,0.000000,0.286287,0.388876,0.000000,0.000000,0.000000,0.000000,0.000000,0.000000,0.000000,0.000000,0.000000,0.000000,0.000000,0.000000,0.000000,0.000000,0.000000,0.000000,0.000000,0.000000,0.000000,0.000000,0.000000,0.000000
0.000000,0.000000,0.000000,0.000000,0.000000,0.000000,0.000000,0.000000,0.000000,0.000000,0.000000,0.000000,0.000000,0.000000,0.000000,0.000000,0.000000,0.000000,0.000000,0.000000,0.000000,0.000000,0.000000,0.000000,0.000000,0.000000,0.000000,0.000000,0.000000,0.000000,0.000000,0.000000,0.000000,0.000000,0.000000,0.000000,0.000000,0.000000,0.000000,0.000000,0.000000,0.000000,0.271484,0.246086,0.000000,0.243561,0.373571,0.000000,0.247857,0.000000,0.306163,0.000000,0.000000,0.000000,0.000000,0.000000,0.000000,0.000000,0.371268,0.000000,0.368835,0.000000,0.000000,0.000000,0.000000,0.000000,0.363938,0.000000,0.000000,0.000000,0.000000,0.000000,0.000000,0.000000,0.000000,0.000000,0.000000,0.000000,0.000000,0.000000,0.000000,0.000000,0.000000,0.000000,0.000000,0.000000,0.000000,0.000000,0.000000,0.000000
0.000000,0.000000,0.000000,0.000000,0.000000,0.000000,0.000000,0.000000,0.000000,0.000000,0.000000,0.000000,0.000000,0.000000,0.000000,0.000000,0.000000,0.000000,0.000000,0.000000,0.000000,0.000000,0.000000,0.000000,0.000000,0.000000,0.000000,0.000000,0.000000,0.000000,0.000000,0.000000,0.000000,0.000000,0.000000,0.000000,0.000000,0.000000,0.000000,0.000000,0.000000,0.000000,0.208670,0.336473,0.243561,0.000000,0.000000,0.360483,0.000000,0.345238,0.000000,0.433062,0.000000,0.403052,0.000000,0.341918,0.000000,0.000000,0.000000,0.398363,0.000000,0.000000,0.000000,0.000000,0.000000,0.000000,0.000000,0.348821,0.000000,0.000000,0.000000,0.000000,0.000000,0.000000,0.000000,0.000000,0.000000,0.000000,0.000000,0.000000,0.000000,0.000000,0.000000,0.000000,0.000000,0.000000,0.000000,0.000000,0.000000,0.493785
0.598367,0.582973,0.549651,0.000000,0.000000,0.000000,0.568078,0.573205,0.531169,0.000000,0.000000,0.000000,0.000000,0.000000,0.000000,0.000000,0.000000,0.000000,0.593876,0.588874,0.000000,0.000000,0.000000,0.539566,0.000000,0.000000,0.000000,0.000000,0.000000,0.000000,0.000000,0.000000,0.585153,0.600559,0.604377,0.000000,0.511858,0.626425,0.248964,0.615836,0.000000,0.622666,0.373205,0.299611,0.373571,0.000000,0.000000,0.462134,0.272006,0.000000,0.411734,0.000000,0.271986,0.000000,0.289281,0.000000,0.340784,0.580681,0.415176,0.000000,0.518127,0.000000,0.000000,0.000000,0.512939,0.000000,0.311894,0.556807,0.000000,0.000000,0.000000,0.000000,0.000000,0.000000,0.495016,0.000000,0.570826,0.000000,0.000000,0.000000,0.434972,0.000000,0.000000,0.623005,0.000000,0.541499,0.000000,0.611436,0.355366,0.542100
0.000000,0.438316,0.000000,0.000000,0.000000,0.000000,0.000000,0.000000,0.000000,0.000000,0.000000,0.000000,0.000000,0.000000,0.000000,0.000000,0.000000,0.000000,0.000000,0.546689,0.000000,0.000000,0.000000,0.000000,0.000000,0.000000,0.000000,0.000000,0.466674,0.000000,0.530344,0.000000,0.483421,0.546849,0.446008,0.456901,0.451593,0.459380,0.000000,0.364423,0.000000,0.000000,0.309906,0.299185,0.000000,0.360483,0.462134,0.000000,0.000000,0.361184,0.000000,0.000000,0.000000,0.289127,0.000000,0.384642,0.000000,0.469908,0.000000,0.427166,0.000000,0.433404,0.000000,0.000000,0.000000,0.518666,0.000000,0.443728,0.000000,0.564571,0.000000,0.000000,0.000000,0.000000,0.000000,0.000000,0.577001,0.000000,0.000000,0.000000,0.573321,0.000000,0.000000,0.000000,0.000000,0.463908,0.000000,0.000000,0.000000,0.442463
0.000000,0.000000,0.000000,0.000000,0.000000,0.000000,0.000000,0.000000,0.000000,0.000000,0.000000,0.000000,0.000000,0.000000,0.000000,0.000000,0.000000,0.000000,0.000000,0.000000,0.000000,0.000000,0.000000,0.000000,0.000000,0.000000,0.000000,0.000000,0.000000,0.000000,0.000000,0.000000,0.000000,0.000000,0.279352,0.000000,0.000000,0.000000,0.000000,0.000000,0.000000,0.000000,0.327611,0.000000,0.247857,0.000000,0.272006,0.000000,0.000000,0.000000,0.321792,0.000000,0.000000,0.000000,0.368810,0.000000,0.000000,0.000000,0.307120,0.000000,0.000000,0.000000,0.000000,0.000000,0.000000,0.000000,0.323148,0.000000,0.000000,0.000000,0.000000,0.000000,0.000000,0.000000,0.000000,0.000000,0.000000,0.000000,0.000000,0.000000,0.000000,0.000000,0.000000,0.000000,0.000000,0.000000,0.000000,0.000000,0.459812,0.000000
