0.000000,0.000000,0.331745,0.000000,0.000000,0.000000,0.409367,0.000000,0.000000,0.000000,0.410397,0.000000,0.413512,0.000000,0.000000,0.000000,0.278055,0.000000,0.348486,0.000000,0.000000,0.000000,0.000000,0.000000,0.000000,0.000000,0.000000,0.000000,0.000000,0.000000,0.000000,0.000000,0.000000,0.000000,0.000000,0.000000,0.000000,0.000000,0.000000,0.000000,0.000000,0.000000,0.000000,0.000000,0.000000,0.000000,0.000000,0.000000,0.000000,0.000000,0.000000,0.000000,0.000000,0.000000,0.000000,0.000000,0.404494,0.000000,0.000000,0.000000,0.445521,0.000000,0.484135,0.000000,0.400721,0.000000,0.000000,0.000000,0.341818,0.000000,0.000000,0.000000,0.376966,0.000000,0.000000,0.000000,0.000000,0.000000,0.000000,0.000000,0.487227,0.000000,0.000000,0.000000,0.489708,0.000000,0.000000,0.000000,0.494844,0.000000
0.000000,0.000000,0.000000,0.341404,0.000000,0.000000,0.000000,0.406573,0.000000,0.000000,0.000000,0.388435,0.000000,0.000000,0.000000,0.000000,0.000000,0.336561,0.462134,0.000000,0.000000,0.000000,0.000000,0.000000,0.000000,0.000000,0.000000,0.000000,0.000000,0.000000,0.000000,0.000000,0.000000,0.000000,0.000000,0.000000,0.000000,0.000000,0.000000,0.000000,0.000000,0.000000,0.000000,0.000000,0.000000,0.000000,0.000000,0.000000,0.000000,0.000000,0.000000,0.472160,0.000000,0.000000,0.000000,0.475125,0.000000,0.433610,0.000000,0.450999,0.000000,0.454364,0.000000,0.436297,0.000000,0.470450,0.000000,0.000000,0.481179,0.380389,0.000000,0.000000,0.000000,0.440897,0.000000,0.000000,0.000000,0.430442,0.000000,0.000000,0.000000,0.000000,0.000000,0.000000,0.000000,0.478886,0.000000,0.000000,0.000000,0.492953
0.331745,0.000000,0.000000,0.496762,0.344831,0.000000,0.360630,0.000000,0.301290,0.000000,0.390801,0.000000,0.381291,0.000000,0.000000,0.000000,0.000000,0.000000,0.422699,0.000000,0.000000,0.000000,0.477386,0.510348,0.302670,0.520950,0.000000,0.496449,0.370430,0.000000,0.000000,0.000000,0.000000,0.000000,0.000000,0.000000,0.000000,0.000000,0.000000,0.000000,0.000000,0.000000,0.000000,0.000000,0.000000,0.000000,0.000000,0.000000,0.000000,0.000000,0.000000,0.000000,0.000000,0.000000,0.000000,0.000000,0.000000,0.000000,0.000000,0.000000,0.000000,0.000000,0.000000,0.000000,0.000000,0.000000,0.000000,0.000000,0.000000,0.000000,0.388647,0.000000,0.408095,0.000000,0.409101,0.000000,0.410093,0.000000,0.000000,0.000000,0.382501,0.000000,0.000000,0.000000,0.000000,0.000000,0.000000,0.000000,0.000000,0.000000
0.000000,0.341404,0.496762,0.000000,0.481192,0.236483,0.448124,0.339656,0.000000,0.000000,0.000000,0.417247,0.000000,0.363656,0.000000,0.000000,0.000000,0.000000,0.000000,0.321542,0.418682,0.000000,0.462404,0.301999,0.488478,0.495389,0.498359,0.503659,0.000000,0.000000,0.475385,0.456508,0.000000,0.303185,0.000000,0.000000,0.000000,0.000000,0.000000,0.000000,0.000000,0.000000,0.000000,0.000000,0.000000,0.000000,0.000000,0.000000,0.000000,0.000000,0.000000,0.000000,0.000000,0.000000,0.000000,0.000000,0.000000,0.000000,0.000000,0.000000,0.000000,0.000000,0.000000,0.000000,0.000000,0.000000,0.000000,0.000000,0.000000,0.000000,0.000000,0.359401,0.000000,0.000000,0.000000,0.000000,0.000000,0.401874,0.000000,0.000000,0.000000,0.000000,0.000000,0.000000,0.000000,0.000000,0.000000,0.000000,0.000000,0.000000
0.000000,0.000000,0.344831,0.481192,0.000000,0.491896,0.000000,0.000000,0.318635,0.000000,0.000000,0.000000,0.000000,0.545191,0.397212,0.000000,0.000000,0.000000,0.000000,0.000000,0.369894,0.000000,0.333492,0.000000,0.356032,0.000000,0.304118,0.542693,0.345048,0.000000,0.000000,0.000000,0.000000,0.000000,0.000000,0.000000,0.000000,0.000000,0.392220,0.000000,0.000000,0.000000,0.000000,0.000000,0.000000,0.000000,0.000000,0.000000,0.000000,0.000000,0.000000,0.000000,0.000000,0.000000,0.000000,0.000000,0.000000,0.000000,0.000000,0.000000,0.000000,0.000000,0.000000,0.000000,0.000000,0.000000,0.000000,0.000000,0.000000,0.000000,0.404419,0.000000,0.424378,0.000000,0.412840,0.000000,0.389856,0.000000,0.000000,0.000000,0.000000,0.000000,0.451127,0.000000,0.000000,0.000000,0.000000,0.000000,0.000000,0.000000
0.000000,0.000000,0.000000,0.236483,0.491896,0.000000,0.000000,0.000000,0.000000,0.363497,0.000000,0.000000,0.000000,0.000000,0.000000,0.375956,0.000000,0.000000,0.000000,0.000000,0.390003,0.350266,0.552740,0.528346,0.555129,0.300794,0.509876,0.327547,0.000000,0.405148,0.491155,0.418961,0.000000,0.000000,0.000000,0.000000,0.000000,0.000000,0.000000,0.385112,0.000000,0.398942,0.000000,0.000000,0.000000,0.000000,0.000000,0.000000,0.000000,0.476284,0.000000,0.000000,0.000000,0.489317,0.000000,0.000000,0.000000,0.000000,0.000000,0.000000,0.000000,0.000000,0.000000,0.000000,0.000000,0.000000,0.000000,0.000000,0.000000,0.000000,0.000000,0.388188,0.000000,0.396946,0.000000,0.413014,0.000000,0.410288,0.000000,0.000000,0.000000,0.000000,0.000000,0.407058,0.000000,0.000000,0.000000,0.000000,0.000000,0.000000
0.409367,0.000000,0.360630,0.448124,0.000000,0.000000,0.000000,0.000000,0.303078,0.000000,0.403812,0.000000,0.344880,0.000000,0.000000,0.000000,0.000000,0.000000,0.379564,0.000000,0.000000,0.000000,0.377045,0.464275,0.000000,0.000000,0.000000,0.000000,0.000000,0.000000,0.000000,0.000000,0.000000,0.000000,0.000000,0.000000,0.000000,0.000000,0.000000,0.000000,0.000000,0.000000,0.000000,0.000000,0.000000,0.000000,0.000000,0.000000,0.000000,0.000000,0.000000,0.000000,0.000000,0.000000,0.000000,0.000000,0.000000,0.000000,0.000000,0.000000,0.000000,0.000000,0.000000,0.000000,0.000000,0.000000,0.000000,0.000000,0.000000,0.000000,0.000000,0.000000,0.000000,0.000000,0.000000,0.000000,0.000000,0.000000,0.000000,0.000000,0.000000,0.000000,0.000000,0.000000,0.000000,0.000000,0.000000,0.000000,0.000000,0.000000
0.000000,0.406573,0.000000,0.339656,0.000000,0.000000,0.000000,0.000000,0.000000,0.327291,0.000000,0.370622,0.000000,0.364107,0.000000,0.257283,0.000000,0.000000,0.000000,0.000000,0.000000,0.000000,0.000000,0.000000,0.000000,0.000000,0.000000,0.000000,0.000000,0.000000,0.000000,0.000000,0.000000,0.000000,0.000000,0.000000,0.000000,0.000000,0.000000,0.000000,0.000000,0.000000,0.000000,0.000000,0.000000,0.000000,0.000000,0.000000,0.000000,0.000000,0.000000,0.000000,0.000000,0.000000,0.000000,0.000000,0.000000,0.000000,0.000000,0.393774,0.000000,0.000000,0.000000,0.000000,0.000000,0.000000,0.000000,0.000000,0.000000,0.000000,0.000000,0.380247,0.000000,0.000000,0.000000,0.000000,0.000000,0.390308,0.000000,0.000000,0.000000,0.000000,0.000000,0.000000,0.000000,0.000000,0.000000,0.000000,0.000000,0.000000
0.000000,0.000000,0.301290,0.000000,0.318635,0.000000,0.303078,0.000000,0.000000,0.526908,0.000000,0.000000,0.306803,0.543959,0.341640,0.548355,0.000000,0.000000,0.000000,0.000000,0.000000,0.000000,0.000000,0.000000,0.000000,0.000000,0.000000,0.000000,0.406852,0.000000,0.000000,0.000000,0.000000,0.000000,0.000000,0.000000,0.000000,0.000000,0.447288,0.000000,0.000000,0.000000,0.000000,0.000000,0.523411,0.000000,0.525045,0.000000,0.524166,0.000000,0.463822,0.000000,0.502236,0.000000,0.463632,0.000000,0.000000,0.000000,0.000000,0.000000,0.000000,0.000000,0.000000,0.000000,0.000000,0.000000,0.000000,0.541739,0.000000,0.000000,0.000000,0.000000,0.446107,0.000000,0.447928,0.000000,0.493237,0.000000,0.000000,0.000000,0.000000,0.000000,0.454750,0.000000,0.502352,0.000000,0.473162,0.000000,0.474124,0.000000
0.000000,0.000000,0.000000,0.000000,0.000000,0.363497,0.000000,0.327291,0.526908,0.000000,0.000000,0.000000,0.000000,0.000000,0.000000,0.377024,0.000000,0.000000,0.000000,0.000000,0.000000,0.404295,0.000000,0.000000,0.000000,0.000000,0.000000,0.000000,0.000000,0.416317,0.000000,0.000000,0.000000,0.000000,0.000000,0.000000,0.000000,0.441826,0.000000,0.000000,0.000000,0.404770,0.000000,0.000000,0.000000,0.000000,0.552177,0.000000,0.000000,0.476599,0.000000,0.494663,0.000000,0.493684,0.000000,0.000000,0.000000,0.000000,0.000000,0.000000,0.000000,0.000000,0.000000,0.000000,0.000000,0.000000,0.519075,0.465761,0.000000,0.000000,0.000000,0.402938,0.000000,0.395935,0.000000,0.396553,0.000000,0.468982,0.000000,0.000000,0.523710,0.000000,0.540635,0.421207,0.549328,0.000000,0.000000,0.000000,0.000000,0.000000
0.410397,0.000000,0.390801,0.000000,0.000000,0.000000,0.403812,0.000000,0.000000,0.000000,0.000000,0.000000,0.362107,0.000000,0.000000,0.000000,0.352722,0.000000,0.417343,0.000000,0.000000,0.000000,0.402378,0.000000,0.000000,0.000000,0.000000,0.000000,0.375782,0.000000,0.000000,0.000000,0.000000,0.000000,0.000000,0.000000,0.000000,0.000000,0.000000,0.000000,0.000000,0.000000,0.000000,0.000000,0.000000,0.000000,0.000000,0.000000,0.492064,0.000000,0.416345,0.000000,0.000000,0.000000,0.442984,0.000000,0.361144,0.000000,0.000000,0.000000,0.000000,0.000000,0.000000,0.000000,0.424768,0.000000,0.000000,0.000000,0.000000,0.000000,0.000000,0.000000,0.408827,0.000000,0.000000,0.000000,0.000000,0.000000,0.000000,0.000000,0.394639,0.000000,0.466189,0.000000,0.478566,0.000000,0.000000,0.000000,0.000000,0.000000
0.000000,0.388435,0.000000,0.417247,0.000000,0.000000,0.000000,0.370622,0.000000,0.000000,0.000000,0.000000,0.000000,0.332222,0.000000,0.000000,0.000000,0.313441,0.460217,0.362187,0.000000,0.000000,0.000000,0.360341,0.000000,0.000000,0.000000,0.000000,0.000000,0.330123,0.000000,0.000000,0.000000,0.374294,0.000000,0.000000,0.000000,0.000000,0.000000,0.000000,0.000000,0.000000,0.000000,0.000000,0.000000,0.000000,0.000000,0.000000,0.000000,0.488425,0.000000,0.436071,0.000000,0.000000,0.000000,0.000000,0.000000,0.000000,0.000000,0.000000,0.000000,0.000000,0.000000,0.000000,0.000000,0.396189,0.000000,0.000000,0.000000,0.000000,0.000000,0.000000,0.000000,0.372852,0.000000,0.392073,0.000000,0.000000,0.000000,0.000000,0.000000,0.000000,0.000000,0.000000,0.000000,0.443393,0.000000,0.000000,0.000000,0.000000
0.413512,0.000000,0.381291,0.000000,0.000000,0.000000,0.344880,0.000000,0.306803,0.000000,0.362107,0.000000,0.000000,0.000000,0.381090,0.000000,0.000000,0.000000,0.000000,0.000000,0.000000,0.000000,0.398322,0.452653,0.000000,0.000000,0.000000,0.000000,0.402258,0.000000,0.000000,0.000000,0.000000,0.000000,0.000000,0.000000,0.000000,0.000000,0.456180,0.000000,0.000000,0.000000,0.000000,0.000000,0.508658,0.000000,0.477256,0.000000,0.523154,0.552745,0.417777,0.000000,0.000000,0.000000,0.455434,0.000000,0.000000,0.000000,0.000000,0.548255,0.000000,0.000000,0.000000,0.000000,0.420696,0.000000,0.000000,0.557736,0.000000,0.000000,0.000000,0.000000,0.420131,0.000000,0.425783,0.000000,0.430660,0.000000,0.000000,0.000000,0.000000,0.000000,0.471509,0.000000,0.486644,0.000000,0.486154,0.000000,0.472919,0.000000
0.000000,0.000000,0.000000,0.363656,0.545191,0.000000,0.000000,0.364107,0.543959,0.000000,0.000000,0.332222,0.000000,0.000000,0.000000,0.277663,0.000000,0.000000,0.000000,0.000000,0.000000,0.000000,0.000000,0.358536,0.000000,0.000000,0.000000,0.000000,0.000000,0.387101,0.000000,0.000000,0.000000,0.000000,0.000000,0.000000,0.000000,0.508385,0.000000,0.000000,0.000000,0.000000,0.570088,0.000000,0.000000,0.000000,0.585102,0.530478,0.000000,0.499040,0.000000,0.429064,0.000000,0.536488,0.000000,0.536031,0.000000,0.000000,0.000000,0.000000,0.000000,0.000000,0.000000,0.000000,0.000000,0.000000,0.000000,0.000000,0.000000,0.000000,0.000000,0.393396,0.000000,0.384446,0.000000,0.000000,0.000000,0.434983,0.000000,0.000000,0.549744,0.464697,0.550229,0.439781,0.552737,0.000000,0.541060,0.416893,0.000000,0.000000
0.000000,0.000000,0.000000,0.000000,0.397212,0.000000,0.000000,0.000000,0.341640,0.000000,0.000000,0.000000,0.381090,0.000000,0.000000,0.000000,0.000000,0.000000,0.000000,0.000000,0.344191,0.000000,0.000000,0.000000,0.000000,0.000000,0.366760,0.000000,0.408795,0.000000,0.000000,0.000000,0.000000,0.000000,0.000000,0.000000,0.000000,0.000000,0.000000,0.000000,0.000000,0.000000,0.000000,0.000000,0.000000,0.553701,0.000000,0.000000,0.000000,0.545872,0.510195,0.000000,0.000000,0.000000,0.464103,0.000000,0.000000,0.000000,0.000000,0.000000,0.000000,0.000000,0.000000,0.000000,0.000000,0.000000,0.000000,0.542172,0.000000,0.000000,0.000000,0.000000,0.000000,0.000000,0.000000,0.000000,0.000000,0.000000,0.000000,0.000000,0.000000,0.000000,0.438488,0.000000,0.000000,0.000000,0.000000,0.000000,0.000000,0.000000
0.000000,0.000000,0.000000,0.000000,0.000000,0.375956,0.000000,0.257283,0.548355,0.377024,0.000000,0.000000,0.000000,0.277663,0.000000,0.000000,0.000000,0.000000,0.000000,0.000000,0.000000,0.000000,0.000000,0.000000,0.000000,0.355057,0.000000,0.374878,0.000000,0.402105,0.000000,0.000000,0.000000,0.000000,0.000000,0.000000,0.000000,0.494403,0.000000,0.237770,0.000000,0.000000,0.000000,0.000000,0.000000,0.513004,0.611010,0.525692,0.000000,0.504806,0.000000,0.491778,0.000000,0.526021,0.000000,0.524634,0.000000,0.000000,0.000000,0.489025,0.000000,0.000000,0.000000,0.000000,0.000000,0.000000,0.000000,0.000000,0.000000,0.000000,0.000000,0.353175,0.000000,0.434147,0.000000,0.409136,0.000000,0.419010,0.000000,0.000000,0.547185,0.000000,0.546685,0.422467,0.551704,0.000000,0.539684,0.416299,0.000000,0.000000
0.278055,0.000000,0.000000,0.000000,0.000000,0.000000,0.000000,0.000000,0.000000,0.000000,0.352722,0.000000,0.000000,0.000000,0.000000,0.000000,0.000000,0.000000,0.419069,0.000000,0.000000,0.000000,0.000000,0.000000,0.000000,0.000000,0.000000,0.000000,0.347981,0.000000,0.000000,0.000000,0.000000,0.000000,0.000000,0.000000,0.000000,0.000000,0.000000,0.000000,0.000000,0.000000,0.000000,0.000000,0.000000,0.000000,0.000000,0.000000,0.000000,0.000000,0.000000,0.000000,0.000000,0.000000,0.000000,0.000000,0.403713,0.000000,0.000000,0.000000,0.000000,0.000000,0.369054,0.000000,0.000000,0.000000,0.000000,0.000000,0.000000,0.000000,0.000000,0.000000,0.000000,0.000000,0.000000,0.000000,0.000000,0.000000,0.303998,0.000000,0.392170,0.000000,0.000000,0.000000,0.407276,0.000000,0.000000,0.000000,0.000000,0.000000
0.000000,0.336561,0.000000,0.000000,0.000000,0.000000,0.000000,0.000000,0.000000,0.000000,0.000000,0.313441,0.000000,0.000000,0.000000,0.000000,0.000000,0.000000,0.453104,0.000000,0.000000,0.000000,0.000000,0.000000,0.000000,0.000000,0.000000,0.000000,0.000000,0.367828,0.000000,0.000000,0.000000,0.000000,0.000000,0.000000,0.000000,0.000000,0.000000,0.000000,0.000000,0.000000,0.000000,0.000000,0.000000,0.000000,0.000000,0.000000,0.000000,0.000000,0.000000,0.000000,0.000000,0.000000,0.000000,0.000000,0.000000,0.346772,0.000000,0.421753,0.000000,0.431305,0.000000,0.432042,0.000000,0.440516,0.000000,0.000000,0.000000,0.000000,0.000000,0.000000,0.000000,0.362810,0.000000,0.000000,0.000000,0.000000,0.000000,0.292676,0.000000,0.366917,0.000000,0.402024,0.000000,0.446464,0.000000,0.000000,0.000000,0.000000
0.348486,0.462134,0.422699,0.000000,0.000000,0.000000,0.379564,0.000000,0.000000,0.000000,0.417343,0.460217,0.000000,0.000000,0.000000,0.000000,0.419069,0.453104,0.000000,0.522632,0.000000,0.000000,0.367011,0.000000,0.000000,0.000000,0.000000,0.000000,0.380212,0.000000,0.000000,0.000000,0.369926,0.519832,0.000000,0.000000,0.000000,0.000000,0.000000,0.000000,0.000000,0.000000,0.000000,0.000000,0.000000,0.000000,0.000000,0.000000,0.000000,0.000000,0.000000,0.000000,0.000000,0.000000,0.000000,0.000000,0.409445,0.000000,0.000000,0.000000,0.000000,0.000000,0.000000,0.000000,0.000000,0.000000,0.448485,0.000000,0.372771,0.470309,0.000000,0.000000,0.398450,0.000000,0.419018,0.000000,0.425551,0.000000,0.000000,0.000000,0.000000,0.000000,0.000000,0.000000,0.438195,0.000000,0.000000,0.000000,0.000000,0.000000
0.000000,0.000000,0.000000,0.321542,0.000000,0.000000,0.000000,0.000000,0.000000,0.000000,0.000000,0.362187,0.000000,0.000000,0.000000,0.000000,0.000000,0.000000,0.522632,0.000000,0.000000,0.000000,0.510565,0.273197,0.000000,0.000000,0.000000,0.000000,0.000000,0.000000,0.000000,0.000000,0.500752,0.345939,0.000000,0.000000,0.000000,0.000000,0.000000,0.000000,0.000000,0.000000,0.000000,0.000000,0.000000,0.000000,0.000000,0.000000,0.000000,0.000000,0.000000,0.000000,0.000000,0.000000,0.000000,0.000000,0.000000,0.000000,0.000000,0.000000,0.000000,0.000000,0.000000,0.000000,0.000000,0.000000,0.535097,0.421223,0.515252,0.387107,0.000000,0.000000,0.000000,0.000000,0.000000,0.000000,0.000000,0.000000,0.000000,0.000000,0.000000,0.000000,0.000000,0.000000,0.000000,0.000000,0.000000,0.000000,0.000000,0.000000
0.000000,0.000000,0.000000,0.418682,0.369894,0.390003,0.000000,0.000000,0.000000,0.000000,0.000000,0.000000,0.000000,0.000000,0.344191,0.000000,0.000000,0.000000,0.000000,0.000000,0.000000,0.476103,0.000000,0.000000,0.356661,0.223126,0.336300,0.000000,0.357854,0.370157,0.381514,0.330481,0.000000,0.000000,0.000000,0.000000,0.000000,0.000000,0.000000,0.000000,0.315229,0.000000,0.000000,0.000000,0.000000,0.000000,0.000000,0.000000,0.555452,0.000000,0.000000,0.000000,0.000000,0.000000,0.000000,0.000000,0.000000,0.000000,0.000000,0.000000,0.000000,0.000000,0.000000,0.000000,0.000000,0.000000,0.000000,0.000000,0.000000,0.000000,0.279519,0.289001,0.320832,0.000000,0.000000,0.000000,0.000000,0.000000,0.000000,0.000000,0.000000,0.000000,0.000000,0.000000,0.000000,0.000000,0.000000,0.000000,0.000000,0.000000
0.000000,0.000000,0.000000,0.000000,0.000000,0.350266,0.000000,0.000000,0.000000,0.404295,0.000000,0.000000,0.000000,0.000000,0.000000,0.000000,0.000000,0.000000,0.000000,0.000000,0.476103,0.000000,0.000000,0.000000,0.000000,0.345629,0.372086,0.320450,0.000000,0.261796,0.436152,0.334407,0.453847,0.000000,0.000000,0.000000,0.000000,0.000000,0.000000,0.328257,0.000000,0.368740,0.000000,0.000000,0.000000,0.000000,0.000000,0.000000,0.000000,0.000000,0.000000,0.000000,0.000000,0.000000,0.000000,0.000000,0.000000,0.000000,0.000000,0.000000,0.000000,0.000000,0.000000,0.000000,0.000000,0.000000,0.000000,0.000000,0.000000,0.000000,0.242443,0.289293,0.000000,0.273641,0.000000,0.000000,0.000000,0.000000,0.000000,0.000000,0.000000,0.000000,0.000000,0.394341,0.000000,0.000000,0.000000,0.000000,0.000000,0.000000
0.000000,0.000000,0.477386,0.462404,0.333492,0.552740,0.377045,0.000000,0.000000,0.000000,0.402378,0.000000,0.398322,0.000000,0.000000,0.000000,0.000000,0.000000,0.367011,0.510565,0.000000,0.000000,0.000000,0.478599,0.318490,0.436655,0.000000,0.460878,0.397829,0.000000,0.389929,0.468038,0.462201,0.489369,0.474244,0.495266,0.000000,0.000000,0.000000,0.000000,0.000000,0.000000,0.000000,0.000000,0.508956,0.000000,0.000000,0.000000,0.000000,0.000000,0.000000,0.000000,0.000000,0.000000,0.000000,0.000000,0.000000,0.000000,0.000000,0.000000,0.000000,0.000000,0.000000,0.000000,0.000000,0.000000,0.515119,0.000000,0.000000,0.000000,0.000000,0.000000,0.369626,0.000000,0.000000,0.000000,0.000000,0.000000,0.000000,0.000000,0.000000,0.000000,0.000000,0.000000,0.000000,0.000000,0.000000,0.000000,0.000000,0.000000
0.000000,0.000000,0.510348,0.301999,0.000000,0.528346,0.464275,0.000000,0.000000,0.000000,0.000000,0.360341,0.452653,0.358536,0.000000,0.000000,0.000000,0.000000,0.000000,0.273197,0.000000,0.000000,0.478599,0.000000,0.574654,0.479391,0.000000,0.501780,0.000000,0.000000,0.446098,0.434163,0.491237,0.391004,0.000000,0.472760,0.000000,0.000000,0.000000,0.000000,0.000000,0.000000,0.000000,0.000000,0.000000,0.000000,0.000000,0.000000,0.000000,0.000000,0.000000,0.000000,0.000000,0.000000,0.000000,0.000000,0.000000,0.000000,0.000000,0.000000,0.000000,0.000000,0.000000,0.000000,0.000000,0.000000,0.000000,0.454939,0.000000,0.000000,0.000000,0.362647,0.484522,0.000000,0.000000,0.000000,0.000000,0.416674,0.000000,0.000000,0.000000,0.000000,0.000000,0.000000,0.000000,0.000000,0.000000,0.000000,0.000000,0.000000
0.000000,0.000000,0.302670,0.488478,0.356032,0.555129,0.000000,0.000000,0.000000,0.000000,0.000000,0.000000,0.000000,0.000000,0.000000,0.000000,0.000000,0.000000,0.000000,0.000000,0.356661,0.000000,0.318490,0.574654,0.000000,0.478538,0.341960,0.514949,0.000000,0.000000,0.374549,0.455876,0.000000,0.000000,0.000000,0.490512,0.000000,0.000000,0.000000,0.000000,0.000000,0.000000,0.000000,0.000000,0.000000,0.000000,0.000000,0.000000,0.482058,0.000000,0.000000,0.000000,0.000000,0.000000,0.000000,0.000000,0.000000,0.000000,0.000000,0.000000,0.000000,0.000000,0.000000,0.000000,0.000000,0.000000,0.000000,0.000000,0.000000,0.000000,0.423022,0.000000,0.432573,0.000000,0.415777,0.000000,0.000000,0.000000,0.000000,0.000000,0.000000,0.000000,0.453317,0.000000,0.000000,0.000000,0.000000,0.000000,0.000000,0.000000
0.000000,0.000000,0.520950,0.495389,0.000000,0.300794,0.000000,0.000000,0.000000,0.000000,0.000000,0.000000,0.000000,0.000000,0.000000,0.355057,0.000000,0.000000,0.000000,0.000000,0.223126,0.345629,0.436655,0.479391,0.478538,0.000000,0.392052,0.353108,0.000000,0.000000,0.463939,0.389533,0.485193,0.000000,0.000000,0.000000,0.000000,0.000000,0.000000,0.000000,0.000000,0.000000,0.000000,0.000000,0.000000,0.000000,0.000000,0.000000,0.000000,0.000000,0.000000,0.000000,0.000000,0.000000,0.000000,0.000000,0.000000,0.000000,0.000000,0.000000,0.000000,0.000000,0.000000,0.000000,0.000000,0.000000,0.000000,0.000000,0.000000,0.000000,0.000000,0.348554,0.000000,0.000000,0.000000,0.000000,0.000000,0.000000,0.000000,0.000000,0.000000,0.000000,0.000000,0.000000,0.000000,0.000000,0.000000,0.000000,0.000000,0.000000
0.000000,0.000000,0.000000,0.498359,0.304118,0.509876,0.000000,0.000000,0.000000,0.000000,0.000000,0.000000,0.000000,0.000000,0.366760,0.000000,0.000000,0.000000,0.000000,0.000000,0.336300,0.372086,0.000000,0.000000,0.341960,0.392052,0.000000,0.506809,0.000000,0.364663,0.386471,0.000000,0.000000,0.000000,0.000000,0.000000,0.000000,0.000000,0.000000,0.000000,0.000000,0.000000,0.000000,0.000000,0.000000,0.000000,0.000000,0.000000,0.000000,0.000000,0.000000,0.000000,0.000000,0.000000,0.000000,0.000000,0.000000,0.000000,0.000000,0.000000,0.000000,0.000000,0.000000,0.000000,0.000000,0.000000,0.000000,0.000000,0.000000,0.000000,0.323574,0.000000,0.347407,0.000000,0.000000,0.000000,0.000000,0.000000,0.000000,0.000000,0.000000,0.000000,0.000000,0.000000,0.000000,0.000000,0.000000,0.000000,0.000000,0.000000
0.000000,0.000000,0.496449,0.503659,0.542693,0.327547,0.000000,0.000000,0.000000,0.000000,0.000000,0.000000,0.000000,0.000000,0.000000,0.374878,0.000000,0.000000,0.000000,0.000000,0.000000,0.320450,0.460878,0.501780,0.514949,0.353108,0.506809,0.000000,0.000000,0.000000,0.464330,0.407742,0.000000,0.000000,0.000000,0.000000,0.000000,0.000000,0.000000,0.000000,0.000000,0.000000,0.000000,0.000000,0.000000,0.000000,0.000000,0.000000,0.000000,0.000000,0.000000,0.000000,0.000000,0.000000,0.000000,0.000000,0.000000,0.000000,0.000000,0.000000,0.000000,0.000000,0.000000,0.000000,0.000000,0.000000,0.000000,0.000000,0.000000,0.000000,0.000000,0.306029,0.000000,0.000000,0.000000,0.000000,0.000000,0.000000,0.000000,0.000000,0.000000,0.000000,0.000000,0.000000,0.000000,0.000000,0.000000,0.000000,0.000000,0.000000
0.000000,0.000000,0.370430,0.000000,0.345048,0.000000,0.000000,0.000000,0.406852,0.000000,0.375782,0.000000,0.402258,0.000000,0.408795,0.000000,0.347981,0.000000,0.380212,0.000000,0.357854,0.000000,0.397829,0.000000,0.000000,0.000000,0.000000,0.000000,0.000000,0.000000,0.000000,0.000000,0.000000,0.000000,0.000000,0.000000,0.000000,0.000000,0.423918,0.000000,0.000000,0.000000,0.000000,0.000000,0.000000,0.000000,0.509976,0.000000,0.497092,0.000000,0.422647,0.000000,0.437521,0.000000,0.431437,0.000000,0.471378,0.000000,0.000000,0.000000,0.000000,0.000000,0.348698,0.000000,0.414900,0.000000,0.000000,0.000000,0.000000,0.000000,0.000000,0.000000,0.368231,0.000000,0.000000,0.000000,0.000000,0.000000,0.376606,0.000000,0.411590,0.000000,0.385874,0.000000,0.439894,0.000000,0.000000,0.000000,0.418076,0.000000
0.000000,0.000000,0.000000,0.000000,0.000000,0.405148,0.000000,0.000000,0.000000,0.416317,0.000000,0.330123,0.000000,0.387101,0.000000,0.402105,0.000000,0.367828,0.000000,0.000000,0.370157,0.261796,0.000000,0.000000,0.000000,0.000000,0.364663,0.000000,0.000000,0.000000,0.000000,0.000000,0.000000,0.000000,0.000000,0.000000,0.000000,0.000000,0.000000,0.000000,0.000000,0.000000,0.000000,0.000000,0.000000,0.000000,0.000000,0.588124,0.000000,0.515079,0.000000,0.434371,0.000000,0.532892,0.000000,0.000000,0.000000,0.000000,0.000000,0.000000,0.000000,0.000000,0.000000,0.415757,0.000000,0.000000,0.000000,0.000000,0.000000,0.000000,0.000000,0.362673,0.000000,0.342180,0.000000,0.000000,0.000000,0.000000,0.000000,0.000000,0.000000,0.422248,0.000000,0.351738,0.000000,0.436758,0.000000,0.000000,0.000000,0.496301
0.000000,0.000000,0.000000,0.475385,0.000000,0.491155,0.000000,0.000000,0.000000,0.000000,0.000000,0.000000,0.000000,0.000000,0.000000,0.000000,0.000000,0.000000,0.000000,0.000000,0.381514,0.436152,0.389929,0.446098,0.374549,0.463939,0.386471,0.464330,0.000000,0.000000,0.000000,0.416131,0.486557,0.000000,0.497102,0.000000,0.000000,0.000000,0.000000,0.000000,0.000000,0.000000,0.000000,0.000000,0.000000,0.000000,0.000000,0.000000,0.000000,0.000000,0.000000,0.000000,0.000000,0.000000,0.000000,0.000000,0.000000,0.000000,0.000000,0.000000,0.000000,0.000000,0.000000,0.000000,0.000000,0.000000,0.524761,0.000000,0.000000,0.000000,0.355207,0.000000,0.000000,0.000000,0.000000,0.000000,0.000000,0.000000,0.000000,0.000000,0.000000,0.000000,0.000000,0.000000,0.000000,0.000000,0.000000,0.000000,0.000000,0.000000
0.000000,0.000000,0.000000,0.456508,0.000000,0.418961,0.000000,0.000000,0.000000,0.000000,0.000000,0.000000,0.000000,0.000000,0.000000,0.000000,0.000000,0.000000,0.000000,0.000000,0.330481,0.334407,0.468038,0.434163,0.455876,0.389533,0.000000,0.407742,0.000000,0.000000,0.416131,0.000000,0.487676,0.475575,0.000000,0.509743,0.000000,0.000000,0.000000,0.000000,0.000000,0.000000,0.000000,0.000000,0.000000,0.000000,0.000000,0.000000,0.000000,0.000000,0.000000,0.000000,0.000000,0.000000,0.000000,0.000000,0.000000,0.000000,0.000000,0.000000,0.000000,0.000000,0.000000,0.000000,0.000000,0.000000,0.000000,0.483508,0.000000,0.000000,0.000000,0.365395,0.000000,0.000000,0.000000,0.000000,0.000000,0.000000,0.000000,0.000000,0.000000,0.000000,0.000000,0.000000,0.000000,0.000000,0.000000,0.000000,0.000000,0.000000
0.000000,0.000000,0.000000,0.000000,0.000000,0.000000,0.000000,0.000000,0.000000,0.000000,0.000000,0.000000,0.000000,0.000000,0.000000,0.000000,0.000000,0.000000,0.369926,0.500752,0.000000,0.453847,0.462201,0.491237,0.000000,0.485193,0.000000,0.000000,0.000000,0.000000,0.486557,0.487676,0.000000,0.521902,0.470168,0.000000,0.000000,0.000000,0.000000,0.000000,0.000000,0.000000,0.000000,0.000000,0.000000,0.000000,0.000000,0.000000,0.000000,0.000000,0.000000,0.000000,0.000000,0.000000,0.000000,0.000000,0.000000,0.000000,0.000000,0.000000,0.000000,0.000000,0.000000,0.000000,0.000000,0.000000,0.457966,0.000000,0.396848,0.494391,0.000000,0.000000,0.000000,0.000000,0.000000,0.000000,0.000000,0.000000,0.000000,0.000000,0.000000,0.000000,0.000000,0.000000,0.000000,0.000000,0.000000,0.000000,0.000000,0.000000
0.000000,0.000000,0.000000,0.303185,0.000000,0.000000,0.000000,0.000000,0.000000,0.000000,0.000000,0.374294,0.000000,0.000000,0.000000,0.000000,0.000000,0.000000,0.519832,0.345939,0.000000,0.000000,0.489369,0.391004,0.000000,0.000000,0.000000,0.000000,0.000000,0.000000,0.000000,0.475575,0.521902,0.000000,0.538613,0.497842,0.000000,0.000000,0.000000,0.000000,0.000000,0.000000,0.000000,0.000000,0.000000,0.000000,0.000000,0.000000,0.000000,0.000000,0.000000,0.000000,0.000000,0.000000,0.000000,0.000000,0.442159,0.000000,0.000000,0.000000,0.000000,0.000000,0.000000,0.000000,0.000000,0.000000,0.499963,0.422104,0.518690,0.372299,0.000000,0.000000,0.000000,0.000000,0.000000,0.000000,0.000000,0.000000,0.000000,0.000000,0.000000,0.000000,0.000000,0.000000,0.000000,0.000000,0.000000,0.000000,0.000000,0.000000
0.000000,0.000000,0.000000,0.000000,0.000000,0.000000,0.000000,0.000000,0.000000,0.000000,0.000000,0.000000,0.000000,0.000000,0.000000,0.000000,0.000000,0.000000,0.000000,0.000000,0.000000,0.000000,0.474244,0.000000,0.000000,0.000000,0.000000,0.000000,0.000000,0.000000,0.497102,0.000000,0.470168,0.538613,0.000000,0.387718,0.000000,0.000000,0.000000,0.000000,0.000000,0.000000,0.540189,0.000000,0.544827,0.602027,0.000000,0.000000,0.488274,0.555472,0.000000,0.000000,0.000000,0.000000,0.000000,0.000000,0.000000,0.000000,0.476879,0.000000,0.000000,0.000000,0.000000,0.000000,0.000000,0.000000,0.450525,0.509628,0.000000,0.000000,0.000000,0.000000,0.000000,0.000000,0.000000,0.000000,0.000000,0.000000,0.000000,0.000000,0.000000,0.000000,0.000000,0.000000,0.000000,0.000000,0.000000,0.000000,0.000000,0.000000
0.000000,0.000000,0.000000,0.000000,0.000000,0.000000,0.000000,0.000000,0.000000,0.000000,0.000000,0.000000,0.000000,0.000000,0.000000,0.000000,0.000000,0.000000,0.000000,0.000000,0.000000,0.000000,0.495266,0.472760,0.490512,0.000000,0.000000,0.000000,0.000000,0.000000,0.000000,0.509743,0.000000,0.497842,0.387718,0.000000,0.000000,0.357109,0.000000,0.000000,0.000000,0.000000,0.538680,0.551212,0.582133,0.540616,0.000000,0.317954,0.539227,0.548326,0.000000,0.000000,0.000000,0.000000,0.000000,0.000000,0.000000,0.000000,0.000000,0.000000,0.000000,0.000000,0.000000,0.000000,0.000000,0.000000,0.515953,0.466999,0.000000,0.000000,0.000000,0.000000,0.000000,0.000000,0.000000,0.000000,0.000000,0.000000,0.000000,0.000000,0.000000,0.000000,0.000000,0.000000,0.000000,0.000000,0.000000,0.000000,0.000000,0.000000
0.000000,0.000000,0.000000,0.000000,0.000000,0.000000,0.000000,0.000000,0.000000,0.000000,0.000000,0.000000,0.000000,0.000000,0.000000,0.000000,0.000000,0.000000,0.000000,0.000000,0.000000,0.000000,0.000000,0.000000,0.000000,0.000000,0.000000,0.000000,0.000000,0.000000,0.000000,0.000000,0.000000,0.000000,0.000000,0.000000,0.000000,0.000000,0.346225,0.000000,0.271358,0.000000,0.479383,0.557444,0.511798,0.000000,0.489371,0.490769,0.000000,0.000000,0.000000,0.000000,0.000000,0.000000,0.355505,0.000000,0.000000,0.000000,0.000000,0.000000,0.000000,0.000000,0.000000,0.000000,0.000000,0.000000,0.443100,0.437553,0.000000,0.000000,0.000000,0.000000,0.000000,0.000000,0.000000,0.000000,0.360121,0.000000,0.000000,0.000000,0.000000,0.000000,0.429314,0.000000,0.000000,0.000000,0.376975,0.000000,0.000000,0.000000
0.000000,0.000000,0.000000,0.000000,0.000000,0.000000,0.000000,0.000000,0.000000,0.441826,0.000000,0.000000,0.000000,0.508385,0.000000,0.494403,0.000000,0.000000,0.000000,0.000000,0.000000,0.000000,0.000000,0.000000,0.000000,0.000000,0.000000,0.000000,0.000000,0.000000,0.000000,0.000000,0.000000,0.000000,0.000000,0.357109,0.000000,0.000000,0.000000,0.335454,0.000000,0.317364,0.000000,0.509573,0.000000,0.556643,0.000000,0.359352,0.000000,0.553846,0.000000,0.000000,0.000000,0.000000,0.000000,0.352109,0.000000,0.000000,0.000000,0.000000,0.000000,0.000000,0.000000,0.000000,0.000000,0.000000,0.000000,0.488385,0.000000,0.000000,0.000000,0.000000,0.000000,0.439779,0.000000,0.000000,0.000000,0.470691,0.000000,0.000000,0.000000,0.000000,0.000000,0.396474,0.000000,0.409292,0.000000,0.407423,0.000000,0.361402
0.000000,0.000000,0.000000,0.000000,0.392220,0.000000,0.000000,0.000000,0.447288,0.000000,0.000000,0.000000,0.456180,0.000000,0.000000,0.000000,0.000000,0.000000,0.000000,0.000000,0.000000,0.000000,0.000000,0.000000,0.000000,0.000000,0.000000,0.000000,0.423918,0.000000,0.000000,0.000000,0.000000,0.000000,0.000000,0.000000,0.346225,0.000000,0.000000,0.000000,0.293484,0.000000,0.397752,0.000000,0.448903,0.000000,0.467626,0.000000,0.000000,0.000000,0.433937,0.000000,0.000000,0.000000,0.379283,0.000000,0.000000,0.000000,0.000000,0.000000,0.000000,0.000000,0.000000,0.000000,0.000000,0.000000,0.433894,0.000000,0.000000,0.000000,0.000000,0.000000,0.450696,0.000000,0.431180,0.000000,0.398816,0.000000,0.000000,0.000000,0.447278,0.000000,0.416201,0.000000,0.496092,0.000000,0.404681,0.000000,0.000000,0.000000
0.000000,0.000000,0.000000,0.000000,0.000000,0.385112,0.000000,0.000000,0.000000,0.000000,0.000000,0.000000,0.000000,0.000000,0.000000,0.237770,0.000000,0.000000,0.000000,0.000000,0.000000,0.328257,0.000000,0.000000,0.000000,0.000000,0.000000,0.000000,0.000000,0.000000,0.000000,0.000000,0.000000,0.000000,0.000000,0.000000,0.000000,0.335454,0.000000,0.000000,0.000000,0.301988,0.000000,0.471733,0.000000,0.465611,0.000000,0.451504,0.000000,0.000000,0.000000,0.461258,0.000000,0.441754,0.000000,0.348155,0.000000,0.000000,0.000000,0.000000,0.000000,0.000000,0.000000,0.000000,0.000000,0.000000,0.000000,0.480668,0.000000,0.000000,0.000000,0.000000,0.000000,0.328635,0.000000,0.000000,0.000000,0.432538,0.000000,0.000000,0.000000,0.000000,0.000000,0.280087,0.000000,0.000000,0.000000,0.382894,0.000000,0.000000
0.000000,0.000000,0.000000,0.000000,0.000000,0.000000,0.000000,0.000000,0.000000,0.000000,0.000000,0.000000,0.000000,0.000000,0.000000,0.000000,0.000000,0.000000,0.000000,0.000000,0.315229,0.000000,0.000000,0.000000,0.000000,0.000000,0.000000,0.000000,0.000000,0.000000,0.000000,0.000000,0.000000,0.000000,0.000000,0.000000,0.271358,0.000000,0.293484,0.000000,0.000000,0.000000,0.000000,0.000000,0.000000,0.000000,0.000000,0.000000,0.000000,0.000000,0.000000,0.000000,0.000000,0.000000,0.000000,0.000000,0.000000,0.000000,0.000000,0.000000,0.000000,0.000000,0.000000,0.000000,0.000000,0.000000,0.000000,0.000000,0.000000,0.000000,0.000000,0.000000,0.000000,0.000000,0.000000,0.000000,0.331148,0.000000,0.000000,0.000000,0.000000,0.000000,0.408268,0.000000,0.000000,0.000000,0.459684,0.000000,0.000000,0.000000
0.000000,0.000000,0.000000,0.000000,0.000000,0.398942,0.000000,0.000000,0.000000,0.404770,0.000000,0.000000,0.000000,0.000000,0.000000,0.000000,0.000000,0.000000,0.000000,0.000000,0.000000,0.368740,0.000000,0.000000,0.000000,0.000000,0.000000,0.000000,0.000000,0.000000,0.000000,0.000000,0.000000,0.000000,0.000000,0.000000,0.000000,0.317364,0.000000,0.301988,0.000000,0.000000,0.000000,0.465616,0.000000,0.482402,0.000000,0.000000,0.000000,0.000000,0.000000,0.000000,0.000000,0.000000,0.000000,0.316517,0.000000,0.000000,0.000000,0.000000,0.000000,0.000000,0.000000,0.000000,0.000000,0.000000,0.000000,0.480968,0.000000,0.000000,0.000000,0.313464,0.000000,0.343006,0.000000,0.000000,0.000000,0.381206,0.000000,0.000000,0.000000,0.000000,0.000000,0.346003,0.000000,0.000000,0.000000,0.338311,0.000000,0.000000
0.000000,0.000000,0.000000,0.000000,0.000000,0.000000,0.000000,0.000000,0.000000,0.000000,0.000000,0.000000,0.000000,0.570088,0.000000,0.000000,0.000000,0.000000,0.000000,0.000000,0.000000,0.000000,0.000000,0.000000,0.000000,0.000000,0.000000,0.000000,0.000000,0.000000,0.000000,0.000000,0.000000,0.000000,0.540189,0.538680,0.479383,0.000000,0.397752,0.000000,0.000000,0.000000,0.000000,0.669724,0.425532,0.659157,0.357658,0.672976,0.381011,0.646454,0.344130,0.000000,0.368413,0.645944,0.429665,0.658825,0.000000,0.000000,0.000000,0.000000,0.000000,0.000000,0.000000,0.000000,0.000000,0.000000,0.388433,0.605263,0.000000,0.000000,0.000000,0.000000,0.000000,0.000000,0.000000,0.000000,0.000000,0.000000,0.000000,0.000000,0.000000,0.000000,0.000000,0.000000,0.000000,0.000000,0.406925,0.000000,0.000000,0.000000
0.000000,0.000000,0.000000,0.000000,0.000000,0.000000,0.000000,0.000000,0.000000,0.000000,0.000000,0.000000,0.000000,0.000000,0.000000,0.000000,0.000000,0.000000,0.000000,0.000000,0.000000,0.000000,0.000000,0.000000,0.000000,0.000000,0.000000,0.000000,0.000000,0.000000,0.000000,0.000000,0.000000,0.000000,0.000000,0.551212,0.557444,0.509573,0.000000,0.471733,0.000000,0.465616,0.669724,0.000000,0.650101,0.411090,0.629932,0.382050,0.000000,0.338656,0.000000,0.260181,0.000000,0.358564,0.000000,0.409780,0.000000,0.000000,0.000000,0.000000,0.000000,0.000000,0.000000,0.000000,0.000000,0.000000,0.601272,0.414733,0.000000,0.000000,0.000000,0.000000,0.000000,0.521392,0.000000,0.000000,0.000000,0.532415,0.000000,0.000000,0.000000,0.000000,0.000000,0.000000,0.000000,0.000000,0.000000,0.424599,0.000000,0.000000
0.000000,0.000000,0.000000,0.000000,0.000000,0.000000,0.000000,0.000000,0.523411,0.000000,0.000000,0.000000,0.508658,0.000000,0.000000,0.000000,0.000000,0.000000,0.000000,0.000000,0.000000,0.000000,0.508956,0.000000,0.000000,0.000000,0.000000,0.000000,0.000000,0.000000,0.000000,0.000000,0.000000,0.000000,0.544827,0.582133,0.511798,0.000000,0.448903,0.000000,0.000000,0.000000,0.425532,0.650101,0.000000,0.617681,0.455185,0.657459,0.382470,0.621840,0.383114,0.000000,0.000000,0.000000,0.456472,0.000000,0.000000,0.000000,0.446036,0.000000,0.000000,0.000000,0.000000,0.000000,0.000000,0.000000,0.506633,0.591422,0.000000,0.000000,0.000000,0.000000,0.538141,0.000000,0.506972,0.000000,0.499737,0.000000,0.000000,0.000000,0.533225,0.000000,0.000000,0.000000,0.509443,0.000000,0.432537,0.000000,0.000000,0.000000
0.000000,0.000000,0.000000,0.000000,0.000000,0.000000,0.000000,0.000000,0.000000,0.000000,0.000000,0.000000,0.000000,0.000000,0.553701,0.513004,0.000000,0.000000,0.000000,0.000000,0.000000,0.000000,0.000000,0.000000,0.000000,0.000000,0.000000,0.000000,0.000000,0.000000,0.000000,0.000000,0.000000,0.000000,0.602027,0.540616,0.000000,0.556643,0.000000,0.465611,0.000000,0.482402,0.659157,0.411090,0.617681,0.000000,0.627056,0.413902,0.685952,0.325435,0.000000,0.000000,0.636147,0.000000,0.000000,0.000000,0.000000,0.000000,0.000000,0.000000,0.000000,0.000000,0.000000,0.000000,0.000000,0.000000,0.661019,0.463771,0.000000,0.000000,0.000000,0.000000,0.000000,0.546932,0.000000,0.000000,0.000000,0.510363,0.000000,0.000000,0.000000,0.000000,0.000000,0.000000,0.664134,0.000000,0.000000,0.427974,0.000000,0.000000
0.000000,0.000000,0.000000,0.000000,0.000000,0.000000,0.000000,0.000000,0.525045,0.552177,0.000000,0.000000,0.477256,0.585102,0.000000,0.611010,0.000000,0.000000,0.000000,0.000000,0.000000,0.000000,0.000000,0.000000,0.000000,0.000000,0.000000,0.000000,0.509976,0.000000,0.000000,0.000000,0.000000,0.000000,0.000000,0.000000,0.489371,0.000000,0.467626,0.000000,0.000000,0.000000,0.357658,0.629932,0.455185,0.627056,0.000000,0.000000,0.421678,0.619633,0.374287,0.000000,0.359108,0.000000,0.397923,0.000000,0.000000,0.000000,0.000000,0.000000,0.000000,0.000000,0.000000,0.000000,0.000000,0.000000,0.465411,0.599114,0.000000,0.000000,0.000000,0.000000,0.525826,0.000000,0.000000,0.000000,0.000000,0.000000,0.000000,0.000000,0.504137,0.000000,0.476951,0.000000,0.518604,0.000000,0.434255,0.000000,0.000000,0.000000
0.000000,0.000000,0.000000,0.000000,0.000000,0.000000,0.000000,0.000000,0.000000,0.000000,0.000000,0.000000,0.000000,0.530478,0.000000,0.525692,0.000000,0.000000,0.000000,0.000000,0.000000,0.000000,0.000000,0.000000,0.000000,0.000000,0.000000,0.000000,0.000000,0.588124,0.000000,0.000000,0.000000,0.000000,0.000000,0.317954,0.490769,0.359352,0.000000,0.451504,0.000000,0.000000,0.672976,0.382050,0.657459,0.413902,0.000000,0.000000,0.000000,0.000000,0.000000,0.000000,0.000000,0.348568,0.000000,0.352652,0.000000,0.000000,0.000000,0.000000,0.000000,0.000000,0.000000,0.000000,0.000000,0.000000,0.606055,0.347214,0.000000,0.000000,0.000000,0.000000,0.000000,0.000000,0.000000,0.000000,0.000000,0.000000,0.000000,0.000000,0.000000,0.541857,0.000000,0.498330,0.000000,0.510700,0.000000,0.461888,0.000000,0.000000
0.000000,0.000000,0.000000,0.000000,0.000000,0.000000,0.000000,0.000000,0.524166,0.000000,0.492064,0.000000,0.523154,0.000000,0.000000,0.000000,0.000000,0.000000,0.000000,0.000000,0.555452,0.000000,0.000000,0.000000,0.482058,0.000000,0.000000,0.000000,0.497092,0.000000,0.000000,0.000000,0.000000,0.000000,0.488274,0.539227,0.000000,0.000000,0.000000,0.000000,0.000000,0.000000,0.381011,0.000000,0.382470,0.685952,0.421678,0.000000,0.000000,0.629558,0.408652,0.000000,0.000000,0.000000,0.424343,0.000000,0.000000,0.000000,0.355122,0.000000,0.000000,0.000000,0.000000,0.000000,0.000000,0.000000,0.479868,0.591968,0.000000,0.000000,0.000000,0.000000,0.510649,0.000000,0.507025,0.535395,0.478118,0.000000,0.000000,0.000000,0.498616,0.000000,0.000000,0.000000,0.475159,0.000000,0.000000,0.000000,0.456709,0.000000
