0.000000,0.000000,0.356320,0.000000,0.000000,0.000000,0.368279,0.000000,0.000000,0.000000,0.353002,0.000000,0.372406,0.000000,0.000000,0.000000,0.351818,0.000000,0.453343,0.000000,0.000000,0.000000,0.000000,0.000000,0.000000,0.000000,0.000000,0.000000,0.409573,0.000000,0.000000,0.000000,0.000000,0.000000,0.000000,0.000000,0.000000,0.000000,0.000000,0.000000,0.000000,0.000000,0.000000,0.000000,0.000000,0.000000,0.000000,0.000000,0.000000,0.000000,0.000000,0.000000,0.000000,0.000000,0.000000,0.000000,0.354365,0.000000,0.416088,0.000000,0.475089,0.000000,0.000000,0.000000,0.471869,0.000000,0.000000,0.000000,0.381201,0.000000,0.000000,0.000000,0.458549,0.000000,0.000000,0.000000,0.000000,0.000000,0.000000,0.000000,0.501573,0.000000,0.000000,0.000000,0.503887,0.000000,0.000000,0.000000,0.497907,0.000000
0.000000,0.000000,0.000000,0.411596,0.000000,0.000000,0.000000,0.401041,0.000000,0.000000,0.000000,0.417343,0.000000,0.421207,0.000000,0.000000,0.000000,0.340567,0.000000,0.410382,0.000000,0.000000,0.000000,0.000000,0.000000,0.000000,0.000000,0.000000,0.000000,0.000000,0.000000,0.000000,0.000000,0.000000,0.000000,0.000000,0.000000,0.000000,0.000000,0.000000,0.000000,0.000000,0.000000,0.000000,0.000000,0.000000,0.000000,0.000000,0.000000,0.000000,0.000000,0.000000,0.000000,0.000000,0.000000,0.000000,0.000000,0.451219,0.000000,0.469753,0.000000,0.467784,0.000000,0.451239,0.000000,0.000000,0.000000,0.000000,0.000000,0.412873,0.000000,0.000000,0.000000,0.403470,0.000000,0.397028,0.528646,0.000000,0.000000,0.000000,0.000000,0.444703,0.000000,0.000000,0.000000,0.482988,0.000000,0.000000,0.000000,0.000000
0.356320,0.000000,0.000000,0.000000,0.000000,0.000000,0.350928,0.000000,0.355753,0.000000,0.421773,0.000000,0.453879,0.000000,0.000000,0.000000,0.383520,0.000000,0.307485,0.342624,0.000000,0.000000,0.342315,0.342324,0.000000,0.000000,0.000000,0.000000,0.000000,0.000000,0.000000,0.000000,0.000000,0.000000,0.000000,0.000000,0.000000,0.000000,0.000000,0.000000,0.000000,0.000000,0.000000,0.000000,0.000000,0.000000,0.482236,0.000000,0.000000,0.000000,0.000000,0.000000,0.000000,0.000000,0.000000,0.000000,0.000000,0.000000,0.000000,0.000000,0.000000,0.000000,0.000000,0.000000,0.000000,0.000000,0.000000,0.000000,0.000000,0.000000,0.000000,0.000000,0.435714,0.000000,0.000000,0.000000,0.454250,0.000000,0.000000,0.000000,0.000000,0.000000,0.000000,0.000000,0.444171,0.000000,0.000000,0.000000,0.000000,0.000000
0.000000,0.411596,0.000000,0.000000,0.000000,0.289548,0.000000,0.347669,0.000000,0.000000,0.000000,0.000000,0.000000,0.000000,0.000000,0.000000,0.000000,0.000000,0.000000,0.336675,0.000000,0.000000,0.522215,0.342532,0.504365,0.332276,0.000000,0.000000,0.000000,0.000000,0.499457,0.310654,0.000000,0.333903,0.000000,0.000000,0.000000,0.000000,0.000000,0.000000,0.000000,0.000000,0.000000,0.000000,0.000000,0.000000,0.000000,0.000000,0.000000,0.000000,0.000000,0.000000,0.000000,0.000000,0.000000,0.000000,0.000000,0.000000,0.000000,0.000000,0.000000,0.000000,0.000000,0.000000,0.000000,0.000000,0.000000,0.000000,0.000000,0.264864,0.000000,0.000000,0.000000,0.397877,0.000000,0.407295,0.509149,0.000000,0.000000,0.000000,0.000000,0.000000,0.000000,0.000000,0.000000,0.000000,0.000000,0.000000,0.000000,0.000000
0.000000,0.000000,0.000000,0.000000,0.000000,0.491291,0.000000,0.000000,0.300963,0.000000,0.000000,0.000000,0.000000,0.000000,0.362631,0.000000,0.000000,0.000000,0.000000,0.000000,0.367343,0.000000,0.000000,0.000000,0.344250,0.354085,0.399015,0.458122,0.270659,0.000000,0.000000,0.000000,0.000000,0.000000,0.000000,0.000000,0.000000,0.000000,0.434887,0.000000,0.383131,0.000000,0.000000,0.000000,0.000000,0.000000,0.431070,0.000000,0.000000,0.000000,0.000000,0.000000,0.000000,0.000000,0.000000,0.000000,0.000000,0.000000,0.000000,0.000000,0.000000,0.000000,0.000000,0.000000,0.000000,0.000000,0.000000,0.000000,0.000000,0.000000,0.392812,0.000000,0.398570,0.000000,0.442172,0.000000,0.427696,0.000000,0.000000,0.000000,0.000000,0.000000,0.443679,0.000000,0.000000,0.000000,0.000000,0.000000,0.000000,0.000000
0.000000,0.000000,0.000000,0.289548,0.491291,0.000000,0.000000,0.000000,0.000000,0.306882,0.000000,0.000000,0.000000,0.000000,0.000000,0.353462,0.000000,0.000000,0.000000,0.000000,0.509020,0.432473,0.555099,0.534086,0.480959,0.482370,0.514987,0.346794,0.000000,0.406147,0.502544,0.000000,0.000000,0.000000,0.000000,0.000000,0.000000,0.000000,0.000000,0.000000,0.000000,0.000000,0.000000,0.000000,0.000000,0.000000,0.000000,0.000000,0.000000,0.000000,0.000000,0.000000,0.000000,0.000000,0.000000,0.000000,0.000000,0.000000,0.000000,0.000000,0.000000,0.000000,0.000000,0.000000,0.000000,0.000000,0.000000,0.000000,0.000000,0.000000,0.422634,0.368065,0.000000,0.401526,0.000000,0.000000,0.000000,0.399060,0.000000,0.000000,0.000000,0.000000,0.000000,0.451236,0.000000,0.000000,0.000000,0.000000,0.000000,0.000000
0.368279,0.000000,0.350928,0.000000,0.000000,0.000000,0.000000,0.000000,0.293582,0.000000,0.312892,0.000000,0.318377,0.000000,0.000000,0.000000,0.000000,0.000000,0.405832,0.401024,0.000000,0.000000,0.342123,0.334551,0.000000,0.000000,0.000000,0.000000,0.000000,0.000000,0.000000,0.000000,0.000000,0.000000,0.000000,0.000000,0.000000,0.000000,0.000000,0.000000,0.000000,0.000000,0.000000,0.000000,0.000000,0.000000,0.000000,0.000000,0.000000,0.000000,0.000000,0.000000,0.000000,0.000000,0.000000,0.000000,0.402200,0.000000,0.000000,0.000000,0.457898,0.000000,0.000000,0.000000,0.000000,0.000000,0.000000,0.000000,0.000000,0.000000,0.000000,0.000000,0.000000,0.000000,0.000000,0.000000,0.000000,0.000000,0.000000,0.000000,0.000000,0.000000,0.000000,0.000000,0.000000,0.000000,0.000000,0.000000,0.000000,0.000000
0.000000,0.401041,0.000000,0.347669,0.000000,0.000000,0.000000,0.000000,0.000000,0.302625,0.000000,0.390448,0.000000,0.330950,0.000000,0.338005,0.000000,0.000000,0.000000,0.000000,0.000000,0.000000,0.000000,0.000000,0.000000,0.000000,0.000000,0.000000,0.000000,0.000000,0.000000,0.000000,0.000000,0.000000,0.000000,0.000000,0.000000,0.000000,0.000000,0.000000,0.000000,0.000000,0.000000,0.000000,0.000000,0.000000,0.000000,0.000000,0.000000,0.000000,0.000000,0.000000,0.000000,0.000000,0.000000,0.000000,0.000000,0.000000,0.000000,0.000000,0.000000,0.000000,0.000000,0.000000,0.000000,0.000000,0.000000,0.000000,0.000000,0.000000,0.000000,0.000000,0.000000,0.000000,0.000000,0.000000,0.451902,0.000000,0.000000,0.000000,0.000000,0.000000,0.000000,0.000000,0.000000,0.000000,0.000000,0.000000,0.000000,0.000000
0.000000,0.000000,0.355753,0.000000,0.300963,0.000000,0.293582,0.000000,0.000000,0.000000,0.000000,0.000000,0.000000,0.000000,0.326628,0.000000,0.000000,0.000000,0.000000,0.000000,0.000000,0.000000,0.363112,0.000000,0.000000,0.000000,0.000000,0.000000,0.000000,0.000000,0.000000,0.000000,0.000000,0.000000,0.000000,0.000000,0.000000,0.000000,0.000000,0.000000,0.000000,0.000000,0.418895,0.000000,0.000000,0.000000,0.475522,0.000000,0.000000,0.000000,0.000000,0.000000,0.000000,0.000000,0.000000,0.000000,0.000000,0.000000,0.000000,0.000000,0.000000,0.000000,0.000000,0.000000,0.000000,0.000000,0.000000,0.000000,0.000000,0.000000,0.000000,0.000000,0.434788,0.000000,0.000000,0.000000,0.000000,0.000000,0.000000,0.000000,0.000000,0.000000,0.435146,0.000000,0.000000,0.000000,0.000000,0.000000,0.000000,0.000000
0.000000,0.000000,0.000000,0.000000,0.000000,0.306882,0.000000,0.302625,0.000000,0.000000,0.000000,0.000000,0.000000,0.000000,0.000000,0.339591,0.000000,0.000000,0.000000,0.000000,0.000000,0.000000,0.000000,0.000000,0.000000,0.000000,0.000000,0.000000,0.000000,0.429359,0.000000,0.000000,0.000000,0.000000,0.000000,0.000000,0.000000,0.000000,0.000000,0.000000,0.000000,0.000000,0.000000,0.480245,0.000000,0.497328,0.000000,0.462696,0.000000,0.000000,0.000000,0.000000,0.000000,0.000000,0.000000,0.472543,0.000000,0.000000,0.000000,0.000000,0.000000,0.000000,0.000000,0.000000,0.000000,0.000000,0.000000,0.000000,0.000000,0.000000,0.000000,0.351894,0.000000,0.391198,0.000000,0.395001,0.000000,0.000000,0.000000,0.000000,0.000000,0.000000,0.000000,0.435873,0.000000,0.000000,0.000000,0.000000,0.000000,0.000000
0.353002,0.000000,0.421773,0.000000,0.000000,0.000000,0.312892,0.000000,0.000000,0.000000,0.000000,0.000000,0.362021,0.000000,0.000000,0.000000,0.389014,0.000000,0.449756,0.000000,0.000000,0.000000,0.396395,0.000000,0.000000,0.000000,0.000000,0.000000,0.386080,0.000000,0.000000,0.000000,0.000000,0.000000,0.000000,0.000000,0.000000,0.000000,0.000000,0.000000,0.000000,0.000000,0.000000,0.000000,0.000000,0.000000,0.000000,0.000000,0.000000,0.000000,0.000000,0.000000,0.000000,0.000000,0.000000,0.000000,0.401120,0.000000,0.428715,0.000000,0.000000,0.000000,0.000000,0.000000,0.000000,0.000000,0.000000,0.000000,0.000000,0.000000,0.000000,0.000000,0.000000,0.000000,0.000000,0.000000,0.000000,0.000000,0.000000,0.000000,0.000000,0.000000,0.000000,0.000000,0.493868,0.000000,0.000000,0.000000,0.000000,0.000000
0.000000,0.417343,0.000000,0.000000,0.000000,0.000000,0.000000,0.390448,0.000000,0.000000,0.000000,0.000000,0.000000,0.411241,0.000000,0.214525,0.000000,0.381423,0.000000,0.000000,0.000000,0.000000,0.000000,0.000000,0.000000,0.000000,0.000000,0.000000,0.000000,0.316115,0.000000,0.000000,0.000000,0.000000,0.000000,0.000000,0.000000,0.000000,0.000000,0.000000,0.000000,0.000000,0.000000,0.000000,0.000000,0.000000,0.000000,0.000000,0.000000,0.000000,0.000000,0.000000,0.000000,0.000000,0.000000,0.000000,0.000000,0.000000,0.000000,0.000000,0.000000,0.000000,0.000000,0.459960,0.000000,0.000000,0.000000,0.000000,0.000000,0.000000,0.000000,0.000000,0.000000,0.364279,0.000000,0.000000,0.000000,0.000000,0.000000,0.000000,0.000000,0.452627,0.000000,0.371306,0.000000,0.000000,0.000000,0.000000,0.000000,0.000000
0.372406,0.000000,0.453879,0.000000,0.000000,0.000000,0.318377,0.000000,0.000000,0.000000,0.362021,0.000000,0.000000,0.000000,0.301913,0.000000,0.000000,0.000000,0.467384,0.000000,0.000000,0.000000,0.399213,0.000000,0.000000,0.000000,0.000000,0.000000,0.388531,0.000000,0.000000,0.000000,0.000000,0.000000,0.000000,0.000000,0.000000,0.000000,0.000000,0.000000,0.000000,0.000000,0.000000,0.000000,0.000000,0.000000,0.000000,0.000000,0.000000,0.000000,0.000000,0.000000,0.000000,0.000000,0.000000,0.000000,0.000000,0.000000,0.000000,0.000000,0.000000,0.000000,0.000000,0.000000,0.000000,0.000000,0.000000,0.000000,0.000000,0.000000,0.000000,0.000000,0.355283,0.000000,0.000000,0.000000,0.000000,0.000000,0.000000,0.000000,0.000000,0.000000,0.328236,0.000000,0.491196,0.000000,0.000000,0.000000,0.000000,0.000000
0.000000,0.421207,0.000000,0.000000,0.000000,0.000000,0.000000,0.330950,0.000000,0.000000,0.000000,0.411241,0.000000,0.000000,0.000000,0.305513,0.000000,0.384403,0.000000,0.000000,0.000000,0.000000,0.000000,0.000000,0.000000,0.000000,0.000000,0.000000,0.000000,0.337654,0.000000,0.000000,0.000000,0.000000,0.000000,0.000000,0.000000,0.000000,0.000000,0.000000,0.000000,0.000000,0.000000,0.000000,0.000000,0.000000,0.000000,0.000000,0.000000,0.000000,0.000000,0.000000,0.000000,0.000000,0.000000,0.000000,0.000000,0.000000,0.000000,0.000000,0.000000,0.000000,0.000000,0.000000,0.000000,0.000000,0.000000,0.428663,0.000000,0.000000,0.000000,0.000000,0.000000,0.399957,0.000000,0.445913,0.579658,0.000000,0.000000,0.000000,0.000000,0.439864,0.000000,0.000000,0.000000,0.430989,0.000000,0.000000,0.000000,0.000000
0.000000,0.000000,0.000000,0.000000,0.362631,0.000000,0.000000,0.000000,0.326628,0.000000,0.000000,0.000000,0.301913,0.000000,0.000000,0.000000,0.000000,0.000000,0.000000,0.000000,0.233191,0.000000,0.000000,0.000000,0.330894,0.000000,0.351781,0.000000,0.323522,0.000000,0.000000,0.000000,0.000000,0.000000,0.000000,0.000000,0.000000,0.000000,0.000000,0.000000,0.000000,0.000000,0.462784,0.000000,0.000000,0.000000,0.465041,0.000000,0.000000,0.000000,0.000000,0.000000,0.000000,0.000000,0.000000,0.000000,0.000000,0.000000,0.000000,0.000000,0.000000,0.000000,0.000000,0.000000,0.000000,0.000000,0.000000,0.000000,0.000000,0.000000,0.000000,0.000000,0.434186,0.000000,0.000000,0.000000,0.000000,0.000000,0.000000,0.000000,0.389055,0.000000,0.342374,0.000000,0.000000,0.000000,0.000000,0.000000,0.000000,0.000000
0.000000,0.000000,0.000000,0.000000,0.000000,0.353462,0.000000,0.338005,0.000000,0.339591,0.000000,0.214525,0.000000,0.305513,0.000000,0.000000,0.000000,0.000000,0.000000,0.000000,0.000000,0.231497,0.000000,0.000000,0.000000,0.339769,0.000000,0.345195,0.000000,0.356689,0.000000,0.000000,0.000000,0.000000,0.000000,0.000000,0.000000,0.387508,0.000000,0.000000,0.000000,0.000000,0.000000,0.441577,0.000000,0.000000,0.000000,0.473268,0.000000,0.446177,0.000000,0.000000,0.000000,0.000000,0.000000,0.000000,0.000000,0.000000,0.000000,0.000000,0.000000,0.000000,0.000000,0.000000,0.000000,0.000000,0.000000,0.000000,0.000000,0.000000,0.000000,0.000000,0.000000,0.400531,0.000000,0.405200,0.571767,0.000000,0.000000,0.000000,0.000000,0.000000,0.000000,0.394268,0.000000,0.000000,0.000000,0.000000,0.000000,0.000000
0.351818,0.000000,0.383520,0.000000,0.000000,0.000000,0.000000,0.000000,0.000000,0.000000,0.389014,0.000000,0.000000,0.000000,0.000000,0.000000,0.000000,0.000000,0.443101,0.000000,0.000000,0.000000,0.000000,0.000000,0.000000,0.000000,0.000000,0.000000,0.371487,0.000000,0.000000,0.000000,0.000000,0.000000,0.000000,0.000000,0.000000,0.000000,0.000000,0.000000,0.000000,0.000000,0.000000,0.000000,0.000000,0.000000,0.000000,0.000000,0.000000,0.000000,0.000000,0.000000,0.000000,0.000000,0.000000,0.000000,0.369966,0.000000,0.432564,0.000000,0.412148,0.000000,0.306342,0.000000,0.000000,0.000000,0.000000,0.000000,0.000000,0.000000,0.000000,0.000000,0.000000,0.000000,0.000000,0.000000,0.000000,0.000000,0.303646,0.000000,0.441834,0.000000,0.000000,0.000000,0.474440,0.000000,0.000000,0.000000,0.494281,0.000000
0.000000,0.340567,0.000000,0.000000,0.000000,0.000000,0.000000,0.000000,0.000000,0.000000,0.000000,0.381423,0.000000,0.384403,0.000000,0.000000,0.000000,0.000000,0.000000,0.000000,0.000000,0.000000,0.000000,0.000000,0.000000,0.000000,0.000000,0.000000,0.000000,0.350389,0.000000,0.000000,0.000000,0.000000,0.000000,0.000000,0.000000,0.000000,0.000000,0.000000,0.000000,0.000000,0.000000,0.000000,0.000000,0.000000,0.000000,0.000000,0.000000,0.000000,0.000000,0.000000,0.000000,0.000000,0.000000,0.000000,0.000000,0.353879,0.000000,0.000000,0.000000,0.000000,0.000000,0.377269,0.000000,0.000000,0.000000,0.000000,0.000000,0.000000,0.000000,0.000000,0.000000,0.385083,0.000000,0.000000,0.000000,0.000000,0.000000,0.238517,0.000000,0.389906,0.000000,0.221684,0.000000,0.000000,0.000000,0.000000,0.000000,0.000000
0.453343,0.000000,0.307485,0.000000,0.000000,0.000000,0.405832,0.000000,0.000000,0.000000,0.449756,0.000000,0.467384,0.000000,0.000000,0.000000,0.443101,0.000000,0.000000,0.511410,0.000000,0.000000,0.390579,0.000000,0.000000,0.000000,0.000000,0.000000,0.406382,0.000000,0.000000,0.000000,0.345273,0.000000,0.000000,0.000000,0.000000,0.000000,0.000000,0.000000,0.000000,0.000000,0.000000,0.000000,0.000000,0.000000,0.000000,0.000000,0.000000,0.000000,0.000000,0.000000,0.000000,0.000000,0.000000,0.000000,0.450627,0.000000,0.000000,0.000000,0.000000,0.000000,0.000000,0.000000,0.000000,0.000000,0.000000,0.518850,0.350532,0.522101,0.000000,0.000000,0.444764,0.000000,0.000000,0.000000,0.000000,0.000000,0.000000,0.000000,0.000000,0.000000,0.000000,0.000000,0.000000,0.000000,0.000000,0.000000,0.000000,0.000000
0.000000,0.410382,0.342624,0.336675,0.000000,0.000000,0.401024,0.000000,0.000000,0.000000,0.000000,0.000000,0.000000,0.000000,0.000000,0.000000,0.000000,0.000000,0.511410,0.000000,0.000000,0.000000,0.000000,0.275868,0.000000,0.000000,0.000000,0.000000,0.000000,0.000000,0.000000,0.000000,0.521008,0.354659,0.000000,0.000000,0.000000,0.000000,0.000000,0.000000,0.000000,0.000000,0.000000,0.000000,0.000000,0.000000,0.000000,0.000000,0.000000,0.000000,0.000000,0.000000,0.000000,0.000000,0.000000,0.000000,0.000000,0.000000,0.000000,0.000000,0.000000,0.000000,0.000000,0.000000,0.000000,0.000000,0.000000,0.000000,0.494910,0.316479,0.000000,0.000000,0.000000,0.402870,0.000000,0.419706,0.503339,0.437060,0.000000,0.000000,0.000000,0.000000,0.000000,0.000000,0.000000,0.000000,0.000000,0.000000,0.000000,0.000000
0.000000,0.000000,0.000000,0.000000,0.367343,0.509020,0.000000,0.000000,0.000000,0.000000,0.000000,0.000000,0.000000,0.000000,0.233191,0.000000,0.000000,0.000000,0.000000,0.000000,0.000000,0.439793,0.000000,0.000000,0.291652,0.462050,0.346139,0.461889,0.348348,0.000000,0.375544,0.000000,0.000000,0.000000,0.000000,0.000000,0.000000,0.000000,0.000000,0.000000,0.355415,0.000000,0.000000,0.000000,0.000000,0.000000,0.000000,0.000000,0.000000,0.000000,0.000000,0.000000,0.000000,0.000000,0.000000,0.000000,0.000000,0.000000,0.000000,0.000000,0.000000,0.000000,0.000000,0.000000,0.000000,0.000000,0.000000,0.000000,0.000000,0.000000,0.311720,0.391543,0.260377,0.000000,0.000000,0.000000,0.000000,0.000000,0.000000,0.000000,0.000000,0.000000,0.367686,0.000000,0.000000,0.000000,0.000000,0.000000,0.000000,0.000000
0.000000,0.000000,0.000000,0.000000,0.000000,0.432473,0.000000,0.000000,0.000000,0.000000,0.000000,0.000000,0.000000,0.000000,0.000000,0.231497,0.000000,0.000000,0.000000,0.000000,0.439793,0.000000,0.000000,0.395080,0.000000,0.397468,0.471356,0.349888,0.401315,0.315849,0.318757,0.355941,0.000000,0.000000,0.000000,0.000000,0.000000,0.000000,0.000000,0.000000,0.000000,0.300922,0.000000,0.000000,0.000000,0.000000,0.000000,0.000000,0.000000,0.000000,0.000000,0.000000,0.000000,0.000000,0.000000,0.000000,0.000000,0.000000,0.000000,0.000000,0.000000,0.000000,0.000000,0.000000,0.000000,0.000000,0.000000,0.000000,0.000000,0.000000,0.380888,0.273606,0.000000,0.272995,0.000000,0.000000,0.000000,0.000000,0.000000,0.000000,0.000000,0.000000,0.000000,0.319692,0.000000,0.000000,0.000000,0.000000,0.000000,0.000000
0.000000,0.000000,0.342315,0.522215,0.000000,0.555099,0.342123,0.000000,0.363112,0.000000,0.396395,0.000000,0.399213,0.000000,0.000000,0.000000,0.000000,0.000000,0.390579,0.000000,0.000000,0.000000,0.000000,0.326828,0.297200,0.289561,0.000000,0.000000,0.400877,0.000000,0.312056,0.287216,0.294619,0.000000,0.476516,0.471338,0.000000,0.000000,0.000000,0.000000,0.000000,0.000000,0.456604,0.000000,0.000000,0.000000,0.475363,0.000000,0.000000,0.000000,0.000000,0.000000,0.000000,0.000000,0.000000,0.000000,0.383655,0.000000,0.000000,0.000000,0.000000,0.000000,0.000000,0.000000,0.000000,0.000000,0.418118,0.000000,0.000000,0.000000,0.000000,0.000000,0.425743,0.000000,0.422998,0.000000,0.419155,0.000000,0.000000,0.000000,0.422745,0.000000,0.000000,0.000000,0.000000,0.498795,0.000000,0.000000,0.000000,0.000000
0.000000,0.000000,0.342324,0.342532,0.000000,0.534086,0.334551,0.000000,0.000000,0.000000,0.000000,0.000000,0.000000,0.000000,0.000000,0.000000,0.000000,0.000000,0.000000,0.275868,0.000000,0.395080,0.326828,0.000000,0.000000,0.350167,0.000000,0.000000,0.000000,0.000000,0.395848,0.370603,0.000000,0.343025,0.000000,0.000000,0.000000,0.000000,0.000000,0.000000,0.000000,0.000000,0.450598,0.000000,0.000000,0.000000,0.000000,0.000000,0.000000,0.000000,0.000000,0.000000,0.000000,0.000000,0.000000,0.000000,0.000000,0.000000,0.000000,0.000000,0.000000,0.000000,0.000000,0.000000,0.000000,0.000000,0.000000,0.000000,0.000000,0.000000,0.000000,0.000000,0.426728,0.000000,0.000000,0.000000,0.407005,0.000000,0.000000,0.000000,0.000000,0.000000,0.000000,0.000000,0.000000,0.000000,0.000000,0.000000,0.000000,0.000000
0.000000,0.000000,0.000000,0.504365,0.344250,0.480959,0.000000,0.000000,0.000000,0.000000,0.000000,0.000000,0.000000,0.000000,0.330894,0.000000,0.000000,0.000000,0.000000,0.000000,0.291652,0.000000,0.297200,0.000000,0.000000,0.441845,0.351412,0.000000,0.000000,0.000000,0.316989,0.000000,0.000000,0.000000,0.000000,0.000000,0.000000,0.000000,0.000000,0.000000,0.000000,0.000000,0.000000,0.000000,0.000000,0.000000,0.000000,0.000000,0.000000,0.000000,0.000000,0.000000,0.000000,0.000000,0.000000,0.000000,0.000000,0.000000,0.000000,0.000000,0.000000,0.000000,0.000000,0.000000,0.000000,0.000000,0.000000,0.000000,0.000000,0.000000,0.359083,0.000000,0.379192,0.000000,0.332945,0.000000,0.424264,0.000000,0.000000,0.000000,0.000000,0.000000,0.439638,0.000000,0.000000,0.000000,0.000000,0.000000,0.000000,0.000000
0.000000,0.000000,0.000000,0.332276,0.354085,0.482370,0.000000,0.000000,0.000000,0.000000,0.000000,0.000000,0.000000,0.000000,0.000000,0.339769,0.000000,0.000000,0.000000,0.000000,0.462050,0.397468,0.289561,0.350167,0.441845,0.000000,0.462707,0.335981,0.000000,0.000000,0.392466,0.368897,0.000000,0.000000,0.000000,0.000000,0.000000,0.000000,0.000000,0.000000,0.000000,0.386841,0.000000,0.000000,0.000000,0.000000,0.000000,0.000000,0.000000,0.000000,0.000000,0.000000,0.000000,0.000000,0.000000,0.000000,0.000000,0.000000,0.000000,0.000000,0.000000,0.000000,0.000000,0.000000,0.000000,0.000000,0.000000,0.000000,0.000000,0.000000,0.000000,0.360522,0.355705,0.000000,0.000000,0.000000,0.000000,0.000000,0.000000,0.000000,0.000000,0.000000,0.000000,0.441361,0.000000,0.000000,0.000000,0.000000,0.000000,0.000000
0.000000,0.000000,0.000000,0.000000,0.399015,0.514987,0.000000,0.000000,0.000000,0.000000,0.000000,0.000000,0.000000,0.000000,0.351781,0.000000,0.000000,0.000000,0.000000,0.000000,0.346139,0.471356,0.000000,0.000000,0.351412,0.462707,0.000000,0.477017,0.426610,0.000000,0.383108,0.000000,0.000000,0.000000,0.000000,0.000000,0.000000,0.000000,0.000000,0.000000,0.000000,0.000000,0.000000,0.000000,0.000000,0.000000,0.000000,0.000000,0.000000,0.000000,0.000000,0.000000,0.000000,0.000000,0.000000,0.000000,0.000000,0.000000,0.000000,0.000000,0.000000,0.000000,0.000000,0.000000,0.000000,0.000000,0.000000,0.000000,0.000000,0.000000,0.411353,0.000000,0.370228,0.000000,0.000000,0.000000,0.000000,0.000000,0.000000,0.000000,0.000000,0.000000,0.417788,0.000000,0.000000,0.000000,0.000000,0.000000,0.000000,0.000000
0.000000,0.000000,0.000000,0.000000,0.458122,0.346794,0.000000,0.000000,0.000000,0.000000,0.000000,0.000000,0.000000,0.000000,0.000000,0.345195,0.000000,0.000000,0.000000,0.000000,0.461889,0.349888,0.000000,0.000000,0.000000,0.335981,0.477017,0.000000,0.000000,0.377980,0.000000,0.000000,0.000000,0.000000,0.000000,0.000000,0.000000,0.000000,0.000000,0.000000,0.000000,0.381507,0.000000,0.000000,0.000000,0.000000,0.000000,0.000000,0.000000,0.000000,0.000000,0.000000,0.000000,0.000000,0.000000,0.000000,0.000000,0.000000,0.000000,0.000000,0.000000,0.000000,0.000000,0.000000,0.000000,0.000000,0.000000,0.000000,0.000000,0.000000,0.470587,0.377713,0.000000,0.352396,0.000000,0.000000,0.000000,0.000000,0.000000,0.000000,0.000000,0.000000,0.433031,0.426195,0.000000,0.000000,0.000000,0.000000,0.000000,0.000000
0.409573,0.000000,0.000000,0.000000,0.270659,0.000000,0.000000,0.000000,0.000000,0.000000,0.386080,0.000000,0.388531,0.000000,0.323522,0.000000,0.371487,0.000000,0.406382,0.000000,0.348348,0.401315,0.400877,0.000000,0.000000,0.000000,0.426610,0.000000,0.000000,0.000000,0.000000,0.000000,0.413657,0.000000,0.534860,0.489003,0.000000,0.000000,0.000000,0.000000,0.000000,0.000000,0.417952,0.000000,0.000000,0.000000,0.441950,0.000000,0.000000,0.000000,0.000000,0.000000,0.000000,0.000000,0.000000,0.000000,0.367324,0.000000,0.413244,0.000000,0.000000,0.000000,0.000000,0.000000,0.000000,0.000000,0.493388,0.000000,0.000000,0.000000,0.426321,0.000000,0.320131,0.000000,0.000000,0.000000,0.000000,0.000000,0.354252,0.000000,0.412510,0.000000,0.371391,0.000000,0.472560,0.000000,0.000000,0.000000,0.000000,0.000000
0.000000,0.000000,0.000000,0.000000,0.000000,0.406147,0.000000,0.000000,0.000000,0.429359,0.000000,0.316115,0.000000,0.337654,0.000000,0.356689,0.000000,0.350389,0.000000,0.000000,0.000000,0.315849,0.000000,0.000000,0.000000,0.000000,0.000000,0.377980,0.000000,0.000000,0.000000,0.000000,0.000000,0.000000,0.000000,0.000000,0.000000,0.000000,0.000000,0.000000,0.000000,0.000000,0.000000,0.450776,0.000000,0.000000,0.000000,0.476574,0.000000,0.444768,0.000000,0.000000,0.000000,0.000000,0.000000,0.488539,0.000000,0.382258,0.000000,0.397025,0.000000,0.000000,0.000000,0.403573,0.000000,0.000000,0.427275,0.430174,0.000000,0.000000,0.000000,0.000000,0.000000,0.344753,0.000000,0.000000,0.582759,0.000000,0.000000,0.232399,0.000000,0.404097,0.000000,0.386663,0.000000,0.420083,0.000000,0.000000,0.000000,0.000000
0.000000,0.000000,0.000000,0.499457,0.000000,0.502544,0.000000,0.000000,0.000000,0.000000,0.000000,0.000000,0.000000,0.000000,0.000000,0.000000,0.000000,0.000000,0.000000,0.000000,0.375544,0.318757,0.312056,0.395848,0.316989,0.392466,0.383108,0.000000,0.000000,0.000000,0.000000,0.434515,0.457498,0.475947,0.000000,0.000000,0.000000,0.000000,0.000000,0.000000,0.000000,0.000000,0.000000,0.000000,0.000000,0.000000,0.000000,0.000000,0.000000,0.000000,0.000000,0.000000,0.000000,0.000000,0.000000,0.000000,0.000000,0.000000,0.000000,0.000000,0.000000,0.000000,0.000000,0.000000,0.000000,0.000000,0.506962,0.532983,0.000000,0.000000,0.358780,0.378444,0.374233,0.000000,0.000000,0.000000,0.000000,0.000000,0.000000,0.000000,0.000000,0.000000,0.000000,0.000000,0.000000,0.000000,0.000000,0.000000,0.000000,0.000000
0.000000,0.000000,0.000000,0.310654,0.000000,0.000000,0.000000,0.000000,0.000000,0.000000,0.000000,0.000000,0.000000,0.000000,0.000000,0.000000,0.000000,0.000000,0.000000,0.000000,0.000000,0.355941,0.287216,0.370603,0.000000,0.368897,0.000000,0.000000,0.000000,0.000000,0.434515,0.000000,0.000000,0.418720,0.000000,0.000000,0.000000,0.000000,0.000000,0.000000,0.000000,0.000000,0.000000,0.000000,0.000000,0.000000,0.000000,0.000000,0.000000,0.000000,0.000000,0.000000,0.000000,0.000000,0.000000,0.000000,0.000000,0.000000,0.000000,0.000000,0.000000,0.000000,0.000000,0.000000,0.000000,0.000000,0.000000,0.458367,0.000000,0.000000,0.000000,0.310175,0.000000,0.000000,0.000000,0.000000,0.000000,0.000000,0.000000,0.000000,0.000000,0.000000,0.000000,0.000000,0.000000,0.000000,0.000000,0.000000,0.000000,0.000000
0.000000,0.000000,0.000000,0.000000,0.000000,0.000000,0.000000,0.000000,0.000000,0.000000,0.000000,0.000000,0.000000,0.000000,0.000000,0.000000,0.000000,0.000000,0.345273,0.521008,0.000000,0.000000,0.294619,0.000000,0.000000,0.000000,0.000000,0.000000,0.413657,0.000000,0.457498,0.000000,0.000000,0.576337,0.433693,0.469453,0.000000,0.000000,0.000000,0.000000,0.000000,0.000000,0.000000,0.000000,0.000000,0.000000,0.000000,0.000000,0.000000,0.000000,0.000000,0.000000,0.000000,0.000000,0.000000,0.000000,0.404813,0.000000,0.000000,0.000000,0.000000,0.000000,0.000000,0.000000,0.000000,0.000000,0.427317,0.504485,0.349480,0.513100,0.481210,0.000000,0.416710,0.000000,0.000000,0.000000,0.501500,0.000000,0.000000,0.000000,0.478691,0.000000,0.000000,0.000000,0.000000,0.000000,0.000000,0.000000,0.000000,0.000000
0.000000,0.000000,0.000000,0.333903,0.000000,0.000000,0.000000,0.000000,0.000000,0.000000,0.000000,0.000000,0.000000,0.000000,0.000000,0.000000,0.000000,0.000000,0.000000,0.354659,0.000000,0.000000,0.000000,0.343025,0.000000,0.000000,0.000000,0.000000,0.000000,0.000000,0.475947,0.418720,0.576337,0.000000,0.282793,0.470980,0.000000,0.000000,0.000000,0.000000,0.000000,0.000000,0.000000,0.000000,0.000000,0.000000,0.000000,0.000000,0.000000,0.000000,0.000000,0.000000,0.000000,0.000000,0.000000,0.000000,0.000000,0.000000,0.000000,0.000000,0.000000,0.000000,0.000000,0.000000,0.000000,0.000000,0.479343,0.415957,0.485264,0.344458,0.000000,0.443292,0.000000,0.380404,0.000000,0.000000,0.516447,0.452383,0.000000,0.000000,0.000000,0.455491,0.000000,0.000000,0.000000,0.450461,0.000000,0.000000,0.000000,0.000000
0.000000,0.000000,0.000000,0.000000,0.000000,0.000000,0.000000,0.000000,0.000000,0.000000,0.000000,0.000000,0.000000,0.000000,0.000000,0.000000,0.000000,0.000000,0.000000,0.000000,0.000000,0.000000,0.476516,0.000000,0.000000,0.000000,0.000000,0.000000,0.534860,0.000000,0.000000,0.000000,0.433693,0.282793,0.000000,0.305166,0.288876,0.000000,0.000000,0.000000,0.518183,0.000000,0.321647,0.000000,0.550333,0.000000,0.000000,0.000000,0.469482,0.000000,0.000000,0.000000,0.000000,0.000000,0.000000,0.000000,0.000000,0.000000,0.472540,0.492896,0.000000,0.000000,0.000000,0.000000,0.000000,0.472821,0.442302,0.000000,0.000000,0.000000,0.000000,0.000000,0.532612,0.000000,0.000000,0.000000,0.000000,0.000000,0.000000,0.000000,0.494109,0.000000,0.000000,0.000000,0.503341,0.000000,0.000000,0.000000,0.000000,0.000000
0.000000,0.000000,0.000000,0.000000,0.000000,0.000000,0.000000,0.000000,0.000000,0.000000,0.000000,0.000000,0.000000,0.000000,0.000000,0.000000,0.000000,0.000000,0.000000,0.000000,0.000000,0.000000,0.471338,0.000000,0.000000,0.000000,0.000000,0.000000,0.489003,0.000000,0.000000,0.000000,0.469453,0.470980,0.305166,0.000000,0.000000,0.388362,0.000000,0.000000,0.000000,0.000000,0.000000,0.000000,0.537876,0.000000,0.000000,0.000000,0.000000,0.000000,0.000000,0.000000,0.000000,0.000000,0.000000,0.000000,0.000000,0.000000,0.000000,0.000000,0.000000,0.000000,0.000000,0.000000,0.000000,0.000000,0.492559,0.396913,0.000000,0.000000,0.000000,0.000000,0.525298,0.000000,0.000000,0.000000,0.000000,0.000000,0.000000,0.000000,0.478084,0.456701,0.512719,0.000000,0.000000,0.451519,0.000000,0.000000,0.000000,0.000000
0.000000,0.000000,0.000000,0.000000,0.000000,0.000000,0.000000,0.000000,0.000000,0.000000,0.000000,0.000000,0.000000,0.000000,0.000000,0.000000,0.000000,0.000000,0.000000,0.000000,0.000000,0.000000,0.000000,0.000000,0.000000,0.000000,0.000000,0.000000,0.000000,0.000000,0.000000,0.000000,0.000000,0.000000,0.288876,0.000000,0.000000,0.598109,0.329280,0.000000,0.339093,0.000000,0.586551,0.523475,0.582389,0.000000,0.397410,0.000000,0.000000,0.000000,0.000000,0.000000,0.000000,0.000000,0.282339,0.000000,0.000000,0.000000,0.000000,0.000000,0.000000,0.000000,0.000000,0.000000,0.000000,0.000000,0.384514,0.555261,0.000000,0.000000,0.000000,0.000000,0.000000,0.540655,0.000000,0.000000,0.403798,0.627483,0.000000,0.000000,0.000000,0.572845,0.410633,0.000000,0.443238,0.578046,0.406171,0.000000,0.347518,0.557312
0.000000,0.000000,0.000000,0.000000,0.000000,0.000000,0.000000,0.000000,0.000000,0.000000,0.000000,0.000000,0.000000,0.000000,0.000000,0.387508,0.000000,0.000000,0.000000,0.000000,0.000000,0.000000,0.000000,0.000000,0.000000,0.000000,0.000000,0.000000,0.000000,0.000000,0.000000,0.000000,0.000000,0.000000,0.000000,0.388362,0.598109,0.000000,0.000000,0.329206,0.000000,0.321933,0.560009,0.420196,0.514963,0.531957,0.000000,0.414940,0.000000,0.533613,0.000000,0.000000,0.000000,0.000000,0.000000,0.349899,0.000000,0.000000,0.000000,0.000000,0.000000,0.000000,0.000000,0.000000,0.000000,0.000000,0.482903,0.441036,0.000000,0.000000,0.000000,0.000000,0.000000,0.392505,0.000000,0.000000,0.589150,0.396773,0.000000,0.000000,0.000000,0.454554,0.000000,0.410757,0.000000,0.432395,0.000000,0.365858,0.000000,0.000000
0.000000,0.000000,0.000000,0.000000,0.434887,0.000000,0.000000,0.000000,0.000000,0.000000,0.000000,0.000000,0.000000,0.000000,0.000000,0.000000,0.000000,0.000000,0.000000,0.000000,0.000000,0.000000,0.000000,0.000000,0.000000,0.000000,0.000000,0.000000,0.000000,0.000000,0.000000,0.000000,0.000000,0.000000,0.000000,0.000000,0.329280,0.000000,0.000000,0.000000,0.282665,0.000000,0.000000,0.000000,0.000000,0.000000,0.370603,0.000000,0.000000,0.000000,0.000000,0.000000,0.000000,0.000000,0.348411,0.000000,0.000000,0.000000,0.000000,0.000000,0.000000,0.000000,0.000000,0.000000,0.000000,0.000000,0.459961,0.000000,0.000000,0.000000,0.000000,0.000000,0.000000,0.000000,0.000000,0.000000,0.000000,0.000000,0.000000,0.000000,0.000000,0.000000,0.399943,0.000000,0.000000,0.000000,0.400927,0.000000,0.000000,0.000000
0.000000,0.000000,0.000000,0.000000,0.000000,0.000000,0.000000,0.000000,0.000000,0.000000,0.000000,0.000000,0.000000,0.000000,0.000000,0.000000,0.000000,0.000000,0.000000,0.000000,0.000000,0.000000,0.000000,0.000000,0.000000,0.000000,0.000000,0.000000,0.000000,0.000000,0.000000,0.000000,0.000000,0.000000,0.000000,0.000000,0.000000,0.329206,0.000000,0.000000,0.000000,0.275543,0.000000,0.371385,0.000000,0.000000,0.000000,0.383845,0.000000,0.000000,0.000000,0.000000,0.000000,0.000000,0.000000,0.358263,0.000000,0.000000,0.000000,0.000000,0.000000,0.000000,0.000000,0.000000,0.000000,0.000000,0.000000,0.450294,0.000000,0.000000,0.000000,0.000000,0.000000,0.000000,0.000000,0.000000,0.000000,0.000000,0.000000,0.000000,0.000000,0.000000,0.000000,0.376347,0.000000,0.000000,0.000000,0.386155,0.000000,0.000000
0.000000,0.000000,0.000000,0.000000,0.383131,0.000000,0.000000,0.000000,0.000000,0.000000,0.000000,0.000000,0.000000,0.000000,0.000000,0.000000,0.000000,0.000000,0.000000,0.000000,0.355415,0.000000,0.000000,0.000000,0.000000,0.000000,0.000000,0.000000,0.000000,0.000000,0.000000,0.000000,0.000000,0.000000,0.518183,0.000000,0.339093,0.000000,0.282665,0.000000,0.000000,0.000000,0.000000,0.000000,0.000000,0.000000,0.000000,0.000000,0.000000,0.000000,0.000000,0.000000,0.000000,0.000000,0.000000,0.000000,0.000000,0.000000,0.000000,0.000000,0.000000,0.000000,0.000000,0.000000,0.000000,0.000000,0.000000,0.000000,0.000000,0.000000,0.000000,0.000000,0.000000,0.000000,0.000000,0.000000,0.000000,0.000000,0.000000,0.000000,0.000000,0.562314,0.390210,0.000000,0.000000,0.554129,0.368576,0.000000,0.000000,0.000000
0.000000,0.000000,0.000000,0.000000,0.000000,0.000000,0.000000,0.000000,0.000000,0.000000,0.000000,0.000000,0.000000,0.000000,0.000000,0.000000,0.000000,0.000000,0.000000,0.000000,0.000000,0.300922,0.000000,0.000000,0.000000,0.386841,0.000000,0.381507,0.000000,0.000000,0.000000,0.000000,0.000000,0.000000,0.000000,0.000000,0.000000,0.321933,0.000000,0.275543,0.000000,0.000000,0.000000,0.000000,0.000000,0.000000,0.000000,0.000000,0.000000,0.000000,0.000000,0.000000,0.000000,0.000000,0.000000,0.000000,0.000000,0.000000,0.000000,0.000000,0.000000,0.000000,0.000000,0.000000,0.000000,0.000000,0.000000,0.000000,0.000000,0.000000,0.000000,0.000000,0.000000,0.308520,0.000000,0.000000,0.000000,0.000000,0.000000,0.000000,0.000000,0.000000,0.000000,0.372253,0.000000,0.000000,0.000000,0.333619,0.000000,0.000000
0.000000,0.000000,0.000000,0.000000,0.000000,0.000000,0.000000,0.000000,0.418895,0.000000,0.000000,0.000000,0.000000,0.000000,0.462784,0.000000,0.000000,0.000000,0.000000,0.000000,0.000000,0.000000,0.456604,0.450598,0.000000,0.000000,0.000000,0.000000,0.417952,0.000000,0.000000,0.000000,0.000000,0.000000,0.321647,0.000000,0.586551,0.560009,0.000000,0.000000,0.000000,0.000000,0.000000,0.445361,0.459856,0.469643,0.365755,0.359781,0.334534,0.597094,0.342196,0.000000,0.298032,0.000000,0.475527,0.000000,0.000000,0.000000,0.000000,0.000000,0.000000,0.000000,0.000000,0.000000,0.000000,0.000000,0.360594,0.457455,0.000000,0.000000,0.000000,0.000000,0.000000,0.000000,0.000000,0.000000,0.000000,0.628794,0.000000,0.000000,0.476823,0.000000,0.463594,0.000000,0.500603,0.000000,0.453006,0.000000,0.490489,0.000000
0.000000,0.000000,0.000000,0.000000,0.000000,0.000000,0.000000,0.000000,0.000000,0.480245,0.000000,0.000000,0.000000,0.000000,0.000000,0.441577,0.000000,0.000000,0.000000,0.000000,0.000000,0.000000,0.000000,0.000000,0.000000,0.000000,0.000000,0.000000,0.000000,0.450776,0.000000,0.000000,0.000000,0.000000,0.000000,0.000000,0.523475,0.420196,0.000000,0.371385,0.000000,0.000000,0.445361,0.000000,0.477123,0.380002,0.351541,0.377737,0.000000,0.390337,0.000000,0.328814,0.000000,0.337233,0.000000,0.413790,0.000000,0.000000,0.000000,0.000000,0.000000,0.000000,0.000000,0.000000,0.000000,0.000000,0.558289,0.405748,0.000000,0.000000,0.000000,0.000000,0.000000,0.467877,0.000000,0.000000,0.571091,0.000000,0.000000,0.000000,0.000000,0.441589,0.000000,0.474558,0.000000,0.463263,0.000000,0.455492,0.000000,0.482372
0.000000,0.000000,0.000000,0.000000,0.000000,0.000000,0.000000,0.000000,0.000000,0.000000,0.000000,0.000000,0.000000,0.000000,0.000000,0.000000,0.000000,0.000000,0.000000,0.000000,0.000000,0.000000,0.000000,0.000000,0.000000,0.000000,0.000000,0.000000,0.000000,0.000000,0.000000,0.000000,0.000000,0.000000,0.550333,0.537876,0.582389,0.514963,0.000000,0.000000,0.000000,0.000000,0.459856,0.477123,0.000000,0.462646,0.382773,0.000000,0.512168,0.583960,0.000000,0.446453,0.000000,0.000000,0.426282,0.467426,0.000000,0.000000,0.339006,0.544671,0.000000,0.000000,0.000000,0.000000,0.000000,0.000000,0.406013,0.435402,0.000000,0.000000,0.000000,0.000000,0.000000,0.000000,0.000000,0.000000,0.000000,0.000000,0.000000,0.000000,0.000000,0.000000,0.411018,0.448825,0.438182,0.453584,0.410757,0.456021,0.431829,0.000000
0.000000,0.000000,0.000000,0.000000,0.000000,0.000000,0.000000,0.000000,0.000000,0.497328,0.000000,0.000000,0.000000,0.000000,0.000000,0.000000,0.000000,0.000000,0.000000,0.000000,0.000000,0.000000,0.000000,0.000000,0.000000,0.000000,0.000000,0.000000,0.000000,0.000000,0.000000,0.000000,0.000000,0.000000,0.000000,0.000000,0.000000,0.531957,0.000000,0.000000,0.000000,0.000000,0.469643,0.380002,0.462646,0.000000,0.379021,0.367235,0.590668,0.378476,0.000000,0.398279,0.000000,0.000000,0.000000,0.401802,0.000000,0.000000,0.000000,0.251329,0.000000,0.000000,0.000000,0.000000,0.000000,0.000000,0.566701,0.380813,0.000000,0.000000,0.000000,0.000000,0.000000,0.000000,0.000000,0.000000,0.000000,0.000000,0.000000,0.000000,0.000000,0.000000,0.000000,0.444465,0.000000,0.452271,0.000000,0.457036,0.000000,0.000000
0.000000,0.000000,0.482236,0.000000,0.431070,0.000000,0.000000,0.000000,0.475522,0.000000,0.000000,0.000000,0.000000,0.000000,0.465041,0.000000,0.000000,0.000000,0.000000,0.000000,0.000000,0.000000,0.475363,0.000000,0.000000,0.000000,0.000000,0.000000,0.441950,0.000000,0.000000,0.000000,0.000000,0.000000,0.000000,0.000000,0.397410,0.000000,0.370603,0.000000,0.000000,0.000000,0.365755,0.351541,0.382773,0.379021,0.000000,0.419553,0.339896,0.000000,0.333063,0.000000,0.312151,0.000000,0.375052,0.000000,0.000000,0.000000,0.427221,0.000000,0.000000,0.000000,0.000000,0.000000,0.000000,0.000000,0.322977,0.000000,0.000000,0.000000,0.000000,0.000000,0.000000,0.000000,0.000000,0.000000,0.000000,0.000000,0.000000,0.000000,0.475338,0.000000,0.457272,0.000000,0.479456,0.000000,0.460194,0.000000,0.488536,0.000000
0.000000,0.000000,0.000000,0.000000,0.000000,0.000000,0.000000,0.000000,0.000000,0.462696,0.000000,0.000000,0.000000,0.000000,0.000000,0.473268,0.000000,0.000000,0.000000,0.000000,0.000000,0.000000,0.000000,0.000000,0.000000,0.000000,0.000000,0.000000,0.000000,0.476574,0.000000,0.000000,0.000000,0.000000,0.000000,0.000000,0.000000,0.414940,0.000000,0.383845,0.000000,0.000000,0.359781,0.377737,0.000000,0.367235,0.419553,0.000000,0.000000,0.000000,0.000000,0.000000,0.000000,0.332061,0.000000,0.377052,0.000000,0.000000,0.000000,0.000000,0.000000,0.000000,0.000000,0.000000,0.000000,0.000000,0.473547,0.405004,0.000000,0.000000,0.000000,0.000000,0.000000,0.450901,0.000000,0.000000,0.000000,0.000000,0.000000,0.000000,0.000000,0.468450,0.000000,0.421667,0.000000,0.482718,0.000000,0.457885,0.000000,0.000000
0.000000,0.000000,0.000000,0.000000,0.000000,0.000000,0.000000,0.000000,0.000000,0.000000,0.000000,0.000000,0.000000,0.000000,0.000000,0.000000,0.000000,0.000000,0.000000,0.000000,0.000000,0.000000,0.000000,0.000000,0.000000,0.000000,0.000000,0.000000,0.000000,0.000000,0.000000,0.000000,0.000000,0.000000,0.469482,0.000000,0.000000,0.000000,0.000000,0.000000,0.000000,0.000000,0.334534,0.000000,0.512168,0.590668,0.339896,0.000000,0.000000,0.610969,0.393630,0.000000,0.390587,0.000000,0.422201,0.000000,0.000000,0.000000,0.379450,0.415193,0.000000,0.000000,0.000000,0.000000,0.000000,0.000000,0.398345,0.393794,0.000000,0.000000,0.000000,0.000000,0.000000,0.000000,0.000000,0.000000,0.000000,0.000000,0.000000,0.000000,0.452252,0.000000,0.000000,0.000000,0.448513,0.000000,0.433123,0.000000,0.455559,0.000000
