0.000000,0.539003,0.395448,0.000000,0.000000,0.000000,0.384805,0.000000,0.000000,0.000000,0.358015,0.000000,0.384533,0.000000,0.000000,0.000000,0.275705,0.000000,0.000000,0.551913,0.000000,0.000000,0.000000,0.000000,0.000000,0.000000,0.000000,0.000000,0.000000,0.000000,0.000000,0.000000,0.000000,0.000000,0.000000,0.000000,0.000000,0.000000,0.000000,0.000000,0.000000,0.000000,0.000000,0.000000,0.000000,0.000000,0.000000,0.000000,0.000000,0.000000,0.000000,0.000000,0.000000,0.000000,0.000000,0.000000,0.450764,0.543569,0.489922,0.545222,0.473781,0.000000,0.455051,0.000000,0.000000,0.000000,0.000000,0.544279,0.351906,0.554193,0.000000,0.000000,0.414838,0.000000,0.000000,0.000000,0.449603,0.000000,0.000000,0.000000,0.000000,0.000000,0.000000,0.000000,0.473720,0.000000,0.000000,0.000000,0.000000,0.000000
0.539003,0.000000,0.573399,0.407618,0.000000,0.000000,0.000000,0.396526,0.000000,0.000000,0.000000,0.395424,0.000000,0.000000,0.000000,0.000000,0.000000,0.387891,0.557177,0.435098,0.000000,0.000000,0.000000,0.000000,0.000000,0.000000,0.000000,0.000000,0.000000,0.000000,0.000000,0.000000,0.521391,0.000000,0.000000,0.000000,0.000000,0.000000,0.000000,0.000000,0.000000,0.000000,0.000000,0.000000,0.000000,0.000000,0.000000,0.000000,0.000000,0.000000,0.000000,0.000000,0.000000,0.000000,0.000000,0.000000,0.000000,0.436452,0.000000,0.000000,0.000000,0.000000,0.000000,0.471555,0.000000,0.000000,0.507109,0.000000,0.561717,0.461375,0.000000,0.000000,0.000000,0.363569,0.000000,0.417856,0.000000,0.000000,0.000000,0.000000,0.000000,0.000000,0.000000,0.000000,0.000000,0.000000,0.000000,0.000000,0.000000,0.000000
0.395448,0.573399,0.000000,0.492415,0.000000,0.489859,0.356545,0.000000,0.000000,0.000000,0.000000,0.000000,0.000000,0.000000,0.000000,0.000000,0.000000,0.000000,0.338610,0.000000,0.000000,0.000000,0.237685,0.496653,0.000000,0.000000,0.000000,0.000000,0.000000,0.000000,0.000000,0.000000,0.000000,0.000000,0.000000,0.000000,0.000000,0.478801,0.000000,0.000000,0.000000,0.000000,0.000000,0.000000,0.000000,0.000000,0.000000,0.000000,0.000000,0.000000,0.000000,0.000000,0.000000,0.000000,0.000000,0.000000,0.000000,0.000000,0.000000,0.000000,0.000000,0.000000,0.000000,0.000000,0.000000,0.000000,0.000000,0.000000,0.303700,0.561097,0.371601,0.000000,0.422090,0.000000,0.000000,0.000000,0.410636,0.000000,0.000000,0.000000,0.000000,0.000000,0.000000,0.000000,0.000000,0.000000,0.000000,0.000000,0.000000,0.000000
0.000000,0.407618,0.492415,0.000000,0.528442,0.335773,0.000000,0.360027,0.000000,0.337343,0.000000,0.406116,0.000000,0.368144,0.000000,0.000000,0.000000,0.000000,0.000000,0.436417,0.000000,0.000000,0.492735,0.355980,0.544031,0.000000,0.000000,0.000000,0.000000,0.000000,0.430078,0.378544,0.000000,0.426059,0.000000,0.000000,0.000000,0.000000,0.000000,0.000000,0.000000,0.000000,0.000000,0.000000,0.000000,0.000000,0.000000,0.000000,0.000000,0.000000,0.000000,0.000000,0.000000,0.000000,0.000000,0.000000,0.000000,0.452616,0.000000,0.000000,0.000000,0.000000,0.000000,0.000000,0.000000,0.000000,0.000000,0.000000,0.000000,0.000000,0.000000,0.427729,0.000000,0.438020,0.000000,0.000000,0.491558,0.420754,0.000000,0.000000,0.000000,0.000000,0.000000,0.000000,0.000000,0.000000,0.000000,0.000000,0.000000,0.000000
0.000000,0.000000,0.000000,0.528442,0.000000,0.530502,0.000000,0.000000,0.312234,0.000000,0.000000,0.000000,0.000000,0.000000,0.374212,0.000000,0.000000,0.000000,0.000000,0.000000,0.287807,0.000000,0.000000,0.545842,0.240178,0.541102,0.393984,0.432198,0.291915,0.000000,0.000000,0.000000,0.000000,0.000000,0.000000,0.000000,0.459135,0.000000,0.459882,0.000000,0.301146,0.000000,0.000000,0.000000,0.000000,0.546109,0.489492,0.000000,0.000000,0.000000,0.000000,0.000000,0.000000,0.000000,0.461193,0.000000,0.000000,0.000000,0.000000,0.000000,0.000000,0.000000,0.000000,0.000000,0.000000,0.000000,0.000000,0.000000,0.000000,0.000000,0.385041,0.000000,0.407104,0.000000,0.365631,0.000000,0.434119,0.549341,0.000000,0.000000,0.000000,0.000000,0.455064,0.000000,0.000000,0.000000,0.000000,0.000000,0.471042,0.000000
0.000000,0.000000,0.489859,0.335773,0.530502,0.000000,0.000000,0.000000,0.000000,0.376155,0.000000,0.000000,0.000000,0.000000,0.000000,0.355093,0.000000,0.000000,0.000000,0.000000,0.000000,0.411941,0.000000,0.328283,0.526709,0.306261,0.000000,0.301129,0.000000,0.409374,0.000000,0.000000,0.000000,0.000000,0.000000,0.000000,0.000000,0.000000,0.000000,0.000000,0.000000,0.000000,0.000000,0.000000,0.000000,0.000000,0.000000,0.000000,0.000000,0.000000,0.000000,0.000000,0.000000,0.000000,0.000000,0.000000,0.000000,0.000000,0.000000,0.000000,0.000000,0.000000,0.000000,0.000000,0.000000,0.000000,0.000000,0.000000,0.000000,0.000000,0.000000,0.414848,0.000000,0.450854,0.000000,0.000000,0.495103,0.421505,0.000000,0.000000,0.000000,0.000000,0.000000,0.472018,0.000000,0.000000,0.000000,0.000000,0.000000,0.000000
0.384805,0.000000,0.356545,0.000000,0.000000,0.000000,0.000000,0.000000,0.234708,0.000000,0.357130,0.000000,0.389656,0.000000,0.000000,0.000000,0.000000,0.000000,0.384950,0.000000,0.000000,0.000000,0.000000,0.000000,0.000000,0.000000,0.000000,0.000000,0.000000,0.000000,0.000000,0.000000,0.000000,0.000000,0.000000,0.000000,0.000000,0.000000,0.440117,0.000000,0.000000,0.000000,0.000000,0.000000,0.000000,0.000000,0.458583,0.000000,0.000000,0.000000,0.000000,0.000000,0.000000,0.000000,0.435748,0.000000,0.000000,0.000000,0.000000,0.000000,0.000000,0.000000,0.000000,0.000000,0.000000,0.000000,0.000000,0.000000,0.000000,0.000000,0.000000,0.000000,0.407037,0.000000,0.000000,0.000000,0.000000,0.000000,0.000000,0.000000,0.000000,0.000000,0.000000,0.000000,0.000000,0.000000,0.000000,0.000000,0.000000,0.000000
0.000000,0.396526,0.000000,0.360027,0.000000,0.000000,0.000000,0.000000,0.000000,0.244747,0.000000,0.357412,0.000000,0.345189,0.000000,0.000000,0.000000,0.000000,0.000000,0.000000,0.000000,0.000000,0.000000,0.000000,0.000000,0.000000,0.000000,0.000000,0.000000,0.000000,0.000000,0.000000,0.000000,0.000000,0.000000,0.000000,0.000000,0.000000,0.000000,0.000000,0.000000,0.000000,0.000000,0.000000,0.000000,0.000000,0.000000,0.000000,0.000000,0.000000,0.000000,0.000000,0.000000,0.000000,0.000000,0.000000,0.000000,0.000000,0.000000,0.000000,0.000000,0.000000,0.000000,0.000000,0.000000,0.000000,0.000000,0.000000,0.000000,0.000000,0.000000,0.000000,0.000000,0.404323,0.000000,0.000000,0.000000,0.000000,0.000000,0.000000,0.000000,0.000000,0.000000,0.000000,0.000000,0.000000,0.000000,0.000000,0.000000,0.000000
0.000000,0.000000,0.000000,0.000000,0.312234,0.000000,0.234708,0.000000,0.000000,0.000000,0.000000,0.000000,0.000000,0.000000,0.346805,0.000000,0.000000,0.000000,0.000000,0.000000,0.000000,0.000000,0.000000,0.000000,0.000000,0.000000,0.000000,0.000000,0.000000,0.000000,0.000000,0.000000,0.000000,0.000000,0.000000,0.000000,0.459631,0.569542,0.462121,0.000000,0.000000,0.000000,0.000000,0.000000,0.000000,0.000000,0.482585,0.000000,0.000000,0.000000,0.000000,0.000000,0.000000,0.000000,0.456618,0.000000,0.000000,0.000000,0.000000,0.000000,0.000000,0.000000,0.000000,0.000000,0.000000,0.000000,0.000000,0.000000,0.000000,0.000000,0.000000,0.000000,0.428264,0.000000,0.000000,0.000000,0.000000,0.558501,0.000000,0.000000,0.000000,0.000000,0.448812,0.000000,0.000000,0.000000,0.000000,0.000000,0.000000,0.000000
0.000000,0.000000,0.000000,0.337343,0.000000,0.376155,0.000000,0.244747,0.000000,0.000000,0.000000,0.000000,0.000000,0.000000,0.000000,0.360176,0.000000,0.000000,0.000000,0.000000,0.000000,0.000000,0.000000,0.000000,0.000000,0.000000,0.000000,0.000000,0.000000,0.000000,0.000000,0.000000,0.000000,0.000000,0.000000,0.000000,0.000000,0.476125,0.000000,0.487658,0.000000,0.000000,0.535334,0.000000,0.538727,0.000000,0.000000,0.000000,0.000000,0.000000,0.000000,0.000000,0.000000,0.000000,0.000000,0.000000,0.000000,0.000000,0.000000,0.000000,0.000000,0.000000,0.000000,0.000000,0.000000,0.000000,0.488043,0.000000,0.000000,0.000000,0.000000,0.445500,0.000000,0.426685,0.000000,0.430913,0.516430,0.458512,0.000000,0.000000,0.000000,0.000000,0.000000,0.447177,0.000000,0.000000,0.000000,0.000000,0.000000,0.000000
0.358015,0.000000,0.000000,0.000000,0.000000,0.000000,0.357130,0.000000,0.000000,0.000000,0.000000,0.000000,0.364187,0.000000,0.000000,0.000000,0.327634,0.000000,0.000000,0.000000,0.000000,0.000000,0.000000,0.000000,0.000000,0.000000,0.000000,0.000000,0.384123,0.000000,0.000000,0.000000,0.000000,0.000000,0.000000,0.000000,0.000000,0.000000,0.000000,0.000000,0.000000,0.000000,0.000000,0.000000,0.000000,0.000000,0.000000,0.000000,0.000000,0.000000,0.000000,0.000000,0.000000,0.000000,0.000000,0.000000,0.324562,0.000000,0.000000,0.000000,0.443634,0.000000,0.000000,0.000000,0.000000,0.000000,0.000000,0.000000,0.000000,0.000000,0.000000,0.000000,0.000000,0.000000,0.000000,0.000000,0.000000,0.000000,0.000000,0.000000,0.000000,0.000000,0.343876,0.000000,0.442861,0.000000,0.000000,0.000000,0.000000,0.000000
0.000000,0.395424,0.000000,0.406116,0.000000,0.000000,0.000000,0.357412,0.000000,0.000000,0.000000,0.000000,0.000000,0.356020,0.000000,0.322006,0.000000,0.398248,0.000000,0.000000,0.000000,0.000000,0.000000,0.000000,0.000000,0.000000,0.000000,0.000000,0.000000,0.357634,0.000000,0.000000,0.000000,0.000000,0.000000,0.000000,0.000000,0.000000,0.000000,0.000000,0.000000,0.000000,0.000000,0.000000,0.000000,0.000000,0.000000,0.000000,0.000000,0.000000,0.000000,0.000000,0.000000,0.000000,0.000000,0.000000,0.000000,0.417427,0.000000,0.000000,0.000000,0.000000,0.000000,0.000000,0.000000,0.000000,0.000000,0.000000,0.000000,0.000000,0.000000,0.000000,0.000000,0.373321,0.000000,0.000000,0.000000,0.000000,0.000000,0.000000,0.000000,0.000000,0.000000,0.000000,0.000000,0.000000,0.000000,0.000000,0.000000,0.000000
0.384533,0.000000,0.000000,0.000000,0.000000,0.000000,0.389656,0.000000,0.000000,0.000000,0.364187,0.000000,0.000000,0.000000,0.341307,0.000000,0.000000,0.000000,0.000000,0.000000,0.000000,0.000000,0.000000,0.000000,0.000000,0.000000,0.000000,0.000000,0.357547,0.000000,0.000000,0.000000,0.000000,0.000000,0.436442,0.000000,0.487871,0.000000,0.481107,0.000000,0.000000,0.000000,0.000000,0.000000,0.000000,0.000000,0.497036,0.000000,0.000000,0.000000,0.000000,0.000000,0.000000,0.000000,0.473336,0.000000,0.000000,0.000000,0.000000,0.000000,0.000000,0.000000,0.000000,0.000000,0.000000,0.000000,0.425422,0.000000,0.000000,0.000000,0.000000,0.000000,0.418396,0.000000,0.000000,0.000000,0.000000,0.569025,0.000000,0.000000,0.000000,0.000000,0.452880,0.000000,0.000000,0.000000,0.000000,0.000000,0.000000,0.000000
0.000000,0.000000,0.000000,0.368144,0.000000,0.000000,0.000000,0.345189,0.000000,0.000000,0.000000,0.356020,0.000000,0.000000,0.000000,0.345357,0.000000,0.000000,0.000000,0.000000,0.000000,0.000000,0.000000,0.000000,0.000000,0.000000,0.000000,0.000000,0.000000,0.350986,0.000000,0.000000,0.000000,0.000000,0.000000,0.000000,0.000000,0.000000,0.000000,0.000000,0.000000,0.000000,0.000000,0.000000,0.000000,0.000000,0.000000,0.000000,0.000000,0.000000,0.000000,0.000000,0.000000,0.000000,0.000000,0.000000,0.000000,0.421094,0.000000,0.436264,0.000000,0.000000,0.000000,0.000000,0.000000,0.000000,0.000000,0.439808,0.000000,0.000000,0.000000,0.000000,0.000000,0.385095,0.000000,0.468774,0.000000,0.000000,0.000000,0.000000,0.000000,0.000000,0.000000,0.000000,0.000000,0.000000,0.000000,0.000000,0.000000,0.000000
0.000000,0.000000,0.000000,0.000000,0.374212,0.000000,0.000000,0.000000,0.346805,0.000000,0.000000,0.000000,0.341307,0.000000,0.000000,0.000000,0.000000,0.000000,0.000000,0.000000,0.276489,0.000000,0.000000,0.000000,0.000000,0.000000,0.319480,0.000000,0.277876,0.000000,0.382074,0.000000,0.000000,0.000000,0.000000,0.000000,0.447816,0.567952,0.449429,0.000000,0.000000,0.000000,0.000000,0.000000,0.000000,0.000000,0.495614,0.000000,0.000000,0.000000,0.000000,0.000000,0.000000,0.000000,0.447728,0.000000,0.000000,0.000000,0.000000,0.000000,0.000000,0.000000,0.000000,0.000000,0.000000,0.000000,0.000000,0.000000,0.000000,0.000000,0.400583,0.000000,0.403892,0.000000,0.000000,0.000000,0.000000,0.562842,0.000000,0.000000,0.000000,0.000000,0.433053,0.000000,0.000000,0.000000,0.000000,0.000000,0.000000,0.000000
0.000000,0.000000,0.000000,0.000000,0.000000,0.355093,0.000000,0.000000,0.000000,0.360176,0.000000,0.322006,0.000000,0.345357,0.000000,0.000000,0.000000,0.000000,0.000000,0.000000,0.000000,0.256320,0.000000,0.000000,0.000000,0.409009,0.000000,0.318458,0.000000,0.326708,0.000000,0.000000,0.000000,0.000000,0.000000,0.000000,0.000000,0.486520,0.000000,0.488884,0.000000,0.487232,0.550327,0.000000,0.535757,0.000000,0.000000,0.000000,0.000000,0.000000,0.000000,0.000000,0.000000,0.000000,0.000000,0.000000,0.000000,0.431663,0.000000,0.436057,0.000000,0.000000,0.000000,0.000000,0.000000,0.000000,0.485329,0.464083,0.000000,0.000000,0.538805,0.000000,0.000000,0.409682,0.000000,0.406753,0.585707,0.432907,0.000000,0.000000,0.000000,0.000000,0.000000,0.290524,0.492906,0.000000,0.000000,0.000000,0.000000,0.000000
0.275705,0.000000,0.000000,0.000000,0.000000,0.000000,0.000000,0.000000,0.000000,0.000000,0.327634,0.000000,0.000000,0.000000,0.000000,0.000000,0.000000,0.000000,0.000000,0.000000,0.000000,0.000000,0.000000,0.000000,0.000000,0.000000,0.000000,0.000000,0.363965,0.000000,0.000000,0.000000,0.000000,0.000000,0.000000,0.000000,0.000000,0.000000,0.000000,0.000000,0.000000,0.000000,0.000000,0.000000,0.000000,0.000000,0.000000,0.000000,0.000000,0.000000,0.000000,0.000000,0.000000,0.000000,0.000000,0.000000,0.316270,0.000000,0.000000,0.000000,0.433979,0.000000,0.364914,0.000000,0.000000,0.000000,0.000000,0.000000,0.000000,0.000000,0.000000,0.000000,0.379583,0.000000,0.000000,0.000000,0.000000,0.000000,0.288706,0.000000,0.427212,0.000000,0.353703,0.000000,0.449465,0.000000,0.000000,0.000000,0.000000,0.000000
0.000000,0.387891,0.000000,0.000000,0.000000,0.000000,0.000000,0.000000,0.000000,0.000000,0.000000,0.398248,0.000000,0.000000,0.000000,0.000000,0.000000,0.000000,0.000000,0.000000,0.000000,0.000000,0.000000,0.000000,0.000000,0.000000,0.000000,0.000000,0.000000,0.347560,0.000000,0.000000,0.000000,0.000000,0.000000,0.000000,0.000000,0.000000,0.000000,0.000000,0.000000,0.000000,0.000000,0.000000,0.000000,0.000000,0.000000,0.000000,0.000000,0.000000,0.000000,0.000000,0.000000,0.000000,0.000000,0.000000,0.000000,0.321389,0.000000,0.000000,0.000000,0.000000,0.000000,0.336346,0.000000,0.000000,0.000000,0.000000,0.000000,0.000000,0.000000,0.000000,0.000000,0.379818,0.000000,0.000000,0.000000,0.000000,0.000000,0.323265,0.000000,0.387343,0.000000,0.349862,0.000000,0.000000,0.000000,0.000000,0.000000,0.000000
0.000000,0.557177,0.338610,0.000000,0.000000,0.000000,0.384950,0.000000,0.000000,0.000000,0.000000,0.000000,0.000000,0.000000,0.000000,0.000000,0.000000,0.000000,0.000000,0.542596,0.000000,0.000000,0.269827,0.000000,0.000000,0.000000,0.000000,0.000000,0.000000,0.000000,0.000000,0.000000,0.370870,0.544013,0.000000,0.000000,0.000000,0.519744,0.000000,0.000000,0.000000,0.000000,0.000000,0.000000,0.000000,0.000000,0.000000,0.000000,0.000000,0.000000,0.000000,0.000000,0.000000,0.000000,0.000000,0.000000,0.000000,0.504451,0.000000,0.559219,0.000000,0.000000,0.000000,0.000000,0.000000,0.000000,0.000000,0.559851,0.364292,0.555578,0.000000,0.476689,0.447965,0.000000,0.444192,0.000000,0.458117,0.471488,0.000000,0.000000,0.000000,0.000000,0.000000,0.000000,0.431745,0.000000,0.000000,0.000000,0.000000,0.000000
0.551913,0.435098,0.000000,0.436417,0.000000,0.000000,0.000000,0.000000,0.000000,0.000000,0.000000,0.000000,0.000000,0.000000,0.000000,0.000000,0.000000,0.000000,0.542596,0.000000,0.000000,0.000000,0.476164,0.311148,0.000000,0.000000,0.000000,0.000000,0.000000,0.000000,0.000000,0.000000,0.000000,0.352117,0.000000,0.000000,0.000000,0.500282,0.000000,0.000000,0.000000,0.000000,0.000000,0.000000,0.000000,0.000000,0.000000,0.000000,0.000000,0.000000,0.000000,0.000000,0.000000,0.000000,0.000000,0.000000,0.000000,0.459655,0.000000,0.000000,0.000000,0.000000,0.000000,0.000000,0.000000,0.000000,0.515119,0.431879,0.511141,0.363885,0.517218,0.432400,0.000000,0.400519,0.000000,0.000000,0.528242,0.432650,0.000000,0.000000,0.000000,0.000000,0.000000,0.000000,0.000000,0.000000,0.000000,0.000000,0.000000,0.000000
0.000000,0.000000,0.000000,0.000000,0.287807,0.000000,0.000000,0.000000,0.000000,0.000000,0.000000,0.000000,0.000000,0.000000,0.276489,0.000000,0.000000,0.000000,0.000000,0.000000,0.000000,0.431069,0.000000,0.000000,0.399032,0.000000,0.347444,0.347078,0.299884,0.000000,0.347005,0.380196,0.000000,0.000000,0.000000,0.000000,0.000000,0.000000,0.378319,0.000000,0.318237,0.000000,0.000000,0.000000,0.000000,0.000000,0.453844,0.000000,0.000000,0.000000,0.000000,0.000000,0.000000,0.000000,0.000000,0.000000,0.000000,0.000000,0.000000,0.000000,0.000000,0.000000,0.000000,0.000000,0.000000,0.000000,0.000000,0.000000,0.000000,0.000000,0.293164,0.312775,0.346330,0.000000,0.000000,0.000000,0.000000,0.000000,0.000000,0.000000,0.000000,0.000000,0.399538,0.000000,0.000000,0.000000,0.000000,0.000000,0.000000,0.000000
0.000000,0.000000,0.000000,0.000000,0.000000,0.411941,0.000000,0.000000,0.000000,0.000000,0.000000,0.000000,0.000000,0.000000,0.000000,0.256320,0.000000,0.000000,0.000000,0.000000,0.431069,0.000000,0.000000,0.368723,0.000000,0.357459,0.380226,0.315895,0.000000,0.308685,0.000000,0.303609,0.000000,0.000000,0.000000,0.000000,0.000000,0.000000,0.000000,0.353127,0.000000,0.382995,0.000000,0.000000,0.000000,0.000000,0.000000,0.000000,0.000000,0.000000,0.000000,0.000000,0.000000,0.000000,0.000000,0.000000,0.000000,0.000000,0.000000,0.000000,0.000000,0.000000,0.000000,0.000000,0.000000,0.000000,0.000000,0.000000,0.000000,0.000000,0.000000,0.307019,0.000000,0.367306,0.000000,0.000000,0.000000,0.000000,0.000000,0.000000,0.000000,0.000000,0.000000,0.332322,0.000000,0.000000,0.000000,0.000000,0.000000,0.000000
0.000000,0.000000,0.237685,0.492735,0.000000,0.000000,0.000000,0.000000,0.000000,0.000000,0.000000,0.000000,0.000000,0.000000,0.000000,0.000000,0.000000,0.000000,0.269827,0.476164,0.000000,0.000000,0.000000,0.465058,0.258171,0.470109,0.000000,0.000000,0.000000,0.000000,0.329596,0.496331,0.373186,0.000000,0.000000,0.000000,0.000000,0.000000,0.000000,0.000000,0.000000,0.000000,0.468466,0.000000,0.434185,0.000000,0.465442,0.000000,0.000000,0.000000,0.460551,0.000000,0.000000,0.000000,0.000000,0.000000,0.390474,0.000000,0.000000,0.000000,0.407849,0.000000,0.000000,0.000000,0.411645,0.000000,0.438513,0.000000,0.000000,0.000000,0.385715,0.493616,0.387639,0.000000,0.390654,0.000000,0.419605,0.513294,0.000000,0.000000,0.000000,0.000000,0.000000,0.000000,0.000000,0.000000,0.000000,0.000000,0.000000,0.000000
0.000000,0.000000,0.496653,0.355980,0.545842,0.328283,0.000000,0.000000,0.000000,0.000000,0.000000,0.000000,0.000000,0.000000,0.000000,0.000000,0.000000,0.000000,0.000000,0.311148,0.000000,0.368723,0.465058,0.000000,0.484166,0.320721,0.000000,0.000000,0.000000,0.000000,0.445723,0.345113,0.000000,0.410852,0.000000,0.512391,0.000000,0.504071,0.000000,0.000000,0.000000,0.000000,0.000000,0.000000,0.000000,0.000000,0.000000,0.000000,0.000000,0.000000,0.000000,0.000000,0.000000,0.000000,0.000000,0.000000,0.000000,0.000000,0.000000,0.000000,0.000000,0.000000,0.000000,0.000000,0.000000,0.000000,0.000000,0.501218,0.000000,0.000000,0.000000,0.347871,0.000000,0.370175,0.000000,0.000000,0.000000,0.478198,0.000000,0.000000,0.000000,0.000000,0.000000,0.000000,0.000000,0.000000,0.000000,0.000000,0.000000,0.000000
0.000000,0.000000,0.000000,0.544031,0.240178,0.526709,0.000000,0.000000,0.000000,0.000000,0.000000,0.000000,0.000000,0.000000,0.000000,0.000000,0.000000,0.000000,0.000000,0.000000,0.399032,0.000000,0.258171,0.484166,0.000000,0.524026,0.295013,0.000000,0.000000,0.000000,0.362338,0.000000,0.000000,0.000000,0.000000,0.000000,0.000000,0.000000,0.000000,0.000000,0.000000,0.000000,0.000000,0.000000,0.000000,0.000000,0.000000,0.000000,0.000000,0.000000,0.000000,0.000000,0.000000,0.000000,0.000000,0.000000,0.000000,0.000000,0.000000,0.000000,0.000000,0.000000,0.000000,0.000000,0.000000,0.000000,0.000000,0.000000,0.000000,0.000000,0.421296,0.389900,0.413600,0.000000,0.000000,0.000000,0.000000,0.000000,0.000000,0.000000,0.000000,0.000000,0.431226,0.000000,0.000000,0.000000,0.000000,0.000000,0.000000,0.000000
0.000000,0.000000,0.000000,0.000000,0.541102,0.306261,0.000000,0.000000,0.000000,0.000000,0.000000,0.000000,0.000000,0.000000,0.000000,0.409009,0.000000,0.000000,0.000000,0.000000,0.000000,0.357459,0.470109,0.320721,0.524026,0.000000,0.000000,0.319832,0.000000,0.334246,0.473609,0.409647,0.000000,0.000000,0.000000,0.000000,0.000000,0.000000,0.000000,0.000000,0.000000,0.000000,0.000000,0.000000,0.000000,0.000000,0.000000,0.000000,0.000000,0.000000,0.000000,0.000000,0.000000,0.000000,0.000000,0.000000,0.000000,0.000000,0.000000,0.000000,0.000000,0.000000,0.000000,0.000000,0.000000,0.000000,0.000000,0.000000,0.000000,0.000000,0.000000,0.424740,0.000000,0.000000,0.000000,0.000000,0.000000,0.000000,0.000000,0.000000,0.000000,0.000000,0.000000,0.443530,0.000000,0.000000,0.000000,0.000000,0.000000,0.000000
0.000000,0.000000,0.000000,0.000000,0.393984,0.000000,0.000000,0.000000,0.000000,0.000000,0.000000,0.000000,0.000000,0.000000,0.319480,0.000000,0.000000,0.000000,0.000000,0.000000,0.347444,0.380226,0.000000,0.000000,0.295013,0.000000,0.000000,0.372302,0.000000,0.000000,0.354917,0.000000,0.000000,0.000000,0.000000,0.000000,0.000000,0.000000,0.425609,0.000000,0.000000,0.000000,0.000000,0.000000,0.000000,0.000000,0.000000,0.000000,0.000000,0.000000,0.000000,0.000000,0.000000,0.000000,0.000000,0.000000,0.000000,0.000000,0.000000,0.000000,0.000000,0.000000,0.000000,0.000000,0.000000,0.000000,0.000000,0.000000,0.000000,0.000000,0.339950,0.000000,0.000000,0.000000,0.000000,0.000000,0.000000,0.000000,0.000000,0.000000,0.000000,0.000000,0.420096,0.000000,0.000000,0.000000,0.000000,0.000000,0.000000,0.000000
0.000000,0.000000,0.000000,0.000000,0.432198,0.301129,0.000000,0.000000,0.000000,0.000000,0.000000,0.000000,0.000000,0.000000,0.000000,0.318458,0.000000,0.000000,0.000000,0.000000,0.347078,0.315895,0.000000,0.000000,0.000000,0.319832,0.372302,0.000000,0.000000,0.355364,0.000000,0.320039,0.000000,0.000000,0.000000,0.000000,0.000000,0.000000,0.000000,0.000000,0.000000,0.393611,0.000000,0.000000,0.000000,0.000000,0.000000,0.000000,0.000000,0.000000,0.000000,0.000000,0.000000,0.000000,0.000000,0.000000,0.000000,0.000000,0.000000,0.000000,0.000000,0.000000,0.000000,0.000000,0.000000,0.000000,0.000000,0.000000,0.000000,0.000000,0.000000,0.411412,0.000000,0.334076,0.000000,0.000000,0.000000,0.000000,0.000000,0.000000,0.000000,0.000000,0.000000,0.399465,0.000000,0.000000,0.000000,0.000000,0.000000,0.000000
0.000000,0.000000,0.000000,0.000000,0.291915,0.000000,0.000000,0.000000,0.000000,0.000000,0.384123,0.000000,0.357547,0.000000,0.277876,0.000000,0.363965,0.000000,0.000000,0.000000,0.299884,0.000000,0.000000,0.000000,0.000000,0.000000,0.000000,0.000000,0.000000,0.000000,0.000000,0.000000,0.000000,0.000000,0.000000,0.000000,0.000000,0.000000,0.410669,0.000000,0.000000,0.000000,0.000000,0.000000,0.000000,0.000000,0.480300,0.000000,0.443024,0.000000,0.469996,0.000000,0.000000,0.000000,0.000000,0.000000,0.000000,0.000000,0.000000,0.000000,0.000000,0.000000,0.000000,0.000000,0.000000,0.000000,0.000000,0.000000,0.000000,0.000000,0.000000,0.000000,0.362422,0.000000,0.000000,0.000000,0.000000,0.000000,0.313185,0.000000,0.394227,0.000000,0.355092,0.000000,0.000000,0.000000,0.000000,0.000000,0.000000,0.000000
0.000000,0.000000,0.000000,0.000000,0.000000,0.409374,0.000000,0.000000,0.000000,0.000000,0.000000,0.357634,0.000000,0.350986,0.000000,0.326708,0.000000,0.347560,0.000000,0.000000,0.000000,0.308685,0.000000,0.000000,0.000000,0.334246,0.000000,0.355364,0.000000,0.000000,0.000000,0.000000,0.000000,0.000000,0.000000,0.493841,0.000000,0.494648,0.000000,0.496927,0.000000,0.493375,0.557494,0.473930,0.523398,0.000000,0.000000,0.000000,0.000000,0.000000,0.000000,0.000000,0.000000,0.000000,0.000000,0.000000,0.000000,0.000000,0.000000,0.450522,0.000000,0.000000,0.000000,0.445046,0.000000,0.000000,0.483654,0.457804,0.000000,0.000000,0.000000,0.000000,0.000000,0.306927,0.000000,0.000000,0.611784,0.000000,0.000000,0.334094,0.000000,0.416450,0.000000,0.378527,0.000000,0.000000,0.000000,0.000000,0.000000,0.000000
0.000000,0.000000,0.000000,0.430078,0.000000,0.000000,0.000000,0.000000,0.000000,0.000000,0.000000,0.000000,0.000000,0.000000,0.382074,0.000000,0.000000,0.000000,0.000000,0.000000,0.347005,0.000000,0.329596,0.445723,0.362338,0.473609,0.354917,0.000000,0.000000,0.000000,0.000000,0.393312,0.378775,0.000000,0.432054,0.000000,0.000000,0.000000,0.000000,0.000000,0.000000,0.000000,0.000000,0.000000,0.000000,0.000000,0.000000,0.000000,0.000000,0.000000,0.000000,0.000000,0.000000,0.000000,0.000000,0.000000,0.000000,0.000000,0.000000,0.000000,0.000000,0.000000,0.000000,0.000000,0.000000,0.000000,0.465086,0.000000,0.000000,0.000000,0.346293,0.000000,0.000000,0.000000,0.000000,0.000000,0.000000,0.000000,0.000000,0.000000,0.000000,0.000000,0.409637,0.000000,0.000000,0.000000,0.000000,0.000000,0.000000,0.000000
0.000000,0.000000,0.000000,0.378544,0.000000,0.000000,0.000000,0.000000,0.000000,0.000000,0.000000,0.000000,0.000000,0.000000,0.000000,0.000000,0.000000,0.000000,0.000000,0.000000,0.380196,0.303609,0.496331,0.345113,0.000000,0.409647,0.000000,0.320039,0.000000,0.000000,0.393312,0.000000,0.000000,0.433501,0.000000,0.508203,0.000000,0.000000,0.000000,0.000000,0.000000,0.000000,0.000000,0.000000,0.000000,0.000000,0.000000,0.000000,0.000000,0.000000,0.000000,0.000000,0.000000,0.000000,0.000000,0.000000,0.000000,0.000000,0.000000,0.000000,0.000000,0.000000,0.000000,0.000000,0.000000,0.000000,0.000000,0.512273,0.000000,0.000000,0.000000,0.342596,0.000000,0.000000,0.000000,0.000000,0.000000,0.000000,0.000000,0.000000,0.000000,0.000000,0.000000,0.403856,0.000000,0.000000,0.000000,0.000000,0.000000,0.000000
0.000000,0.521391,0.000000,0.000000,0.000000,0.000000,0.000000,0.000000,0.000000,0.000000,0.000000,0.000000,0.000000,0.000000,0.000000,0.000000,0.000000,0.000000,0.370870,0.000000,0.000000,0.000000,0.373186,0.000000,0.000000,0.000000,0.000000,0.000000,0.000000,0.000000,0.378775,0.000000,0.000000,0.339688,0.362246,0.000000,0.000000,0.000000,0.000000,0.000000,0.000000,0.000000,0.000000,0.000000,0.000000,0.000000,0.000000,0.000000,0.000000,0.000000,0.000000,0.000000,0.000000,0.000000,0.000000,0.000000,0.000000,0.000000,0.367047,0.000000,0.000000,0.000000,0.000000,0.000000,0.000000,0.000000,0.422244,0.223603,0.390746,0.000000,0.000000,0.000000,0.420266,0.000000,0.000000,0.000000,0.401555,0.000000,0.000000,0.000000,0.439794,0.000000,0.000000,0.000000,0.420354,0.000000,0.000000,0.000000,0.000000,0.000000
0.000000,0.000000,0.000000,0.426059,0.000000,0.000000,0.000000,0.000000,0.000000,0.000000,0.000000,0.000000,0.000000,0.000000,0.000000,0.000000,0.000000,0.000000,0.544013,0.352117,0.000000,0.000000,0.000000,0.410852,0.000000,0.000000,0.000000,0.000000,0.000000,0.000000,0.000000,0.433501,0.339688,0.000000,0.324031,0.423212,0.000000,0.510813,0.000000,0.480117,0.000000,0.000000,0.000000,0.000000,0.000000,0.000000,0.000000,0.000000,0.000000,0.000000,0.000000,0.000000,0.000000,0.000000,0.000000,0.000000,0.000000,0.000000,0.000000,0.000000,0.000000,0.000000,0.000000,0.000000,0.000000,0.000000,0.347888,0.402932,0.564591,0.395182,0.000000,0.000000,0.000000,0.484711,0.000000,0.507047,0.000000,0.481208,0.000000,0.000000,0.000000,0.000000,0.000000,0.000000,0.000000,0.000000,0.000000,0.000000,0.000000,0.000000
0.000000,0.000000,0.000000,0.000000,0.000000,0.000000,0.000000,0.000000,0.000000,0.000000,0.000000,0.000000,0.436442,0.000000,0.000000,0.000000,0.000000,0.000000,0.000000,0.000000,0.000000,0.000000,0.000000,0.000000,0.000000,0.000000,0.000000,0.000000,0.000000,0.000000,0.432054,0.000000,0.362246,0.324031,0.000000,0.325000,0.546858,0.000000,0.000000,0.000000,0.000000,0.000000,0.518773,0.000000,0.000000,0.000000,0.000000,0.000000,0.000000,0.000000,0.000000,0.000000,0.000000,0.000000,0.000000,0.000000,0.000000,0.000000,0.000000,0.000000,0.000000,0.000000,0.000000,0.000000,0.000000,0.000000,0.325947,0.413207,0.000000,0.000000,0.000000,0.000000,0.447851,0.000000,0.000000,0.000000,0.480600,0.000000,0.000000,0.000000,0.000000,0.000000,0.000000,0.000000,0.425551,0.000000,0.000000,0.000000,0.000000,0.000000
0.000000,0.000000,0.000000,0.000000,0.000000,0.000000,0.000000,0.000000,0.000000,0.000000,0.000000,0.000000,0.000000,0.000000,0.000000,0.000000,0.000000,0.000000,0.000000,0.000000,0.000000,0.000000,0.000000,0.512391,0.000000,0.000000,0.000000,0.000000,0.000000,0.493841,0.000000,0.508203,0.000000,0.423212,0.325000,0.000000,0.000000,0.369792,0.000000,0.000000,0.000000,0.000000,0.558232,0.000000,0.000000,0.000000,0.000000,0.272485,0.000000,0.000000,0.000000,0.000000,0.000000,0.000000,0.000000,0.000000,0.000000,0.000000,0.000000,0.000000,0.000000,0.000000,0.000000,0.000000,0.000000,0.000000,0.000000,0.375752,0.000000,0.000000,0.000000,0.000000,0.000000,0.479014,0.000000,0.492002,0.000000,0.491716,0.000000,0.000000,0.000000,0.466381,0.000000,0.000000,0.000000,0.000000,0.000000,0.000000,0.000000,0.000000
0.000000,0.000000,0.000000,0.000000,0.459135,0.000000,0.000000,0.000000,0.459631,0.000000,0.000000,0.000000,0.487871,0.000000,0.447816,0.000000,0.000000,0.000000,0.000000,0.000000,0.000000,0.000000,0.000000,0.000000,0.000000,0.000000,0.000000,0.000000,0.000000,0.000000,0.000000,0.000000,0.000000,0.000000,0.546858,0.000000,0.000000,0.469297,0.386388,0.000000,0.362639,0.000000,0.481182,0.503776,0.585913,0.576958,0.383820,0.494139,0.000000,0.000000,0.000000,0.000000,0.000000,0.000000,0.359056,0.000000,0.000000,0.000000,0.000000,0.000000,0.000000,0.000000,0.000000,0.000000,0.000000,0.000000,0.350706,0.000000,0.000000,0.000000,0.000000,0.000000,0.000000,0.000000,0.000000,0.000000,0.359631,0.598609,0.000000,0.000000,0.000000,0.000000,0.433297,0.000000,0.000000,0.000000,0.434579,0.000000,0.295715,0.000000
0.000000,0.000000,0.478801,0.000000,0.000000,0.000000,0.000000,0.000000,0.569542,0.476125,0.000000,0.000000,0.000000,0.000000,0.567952,0.486520,0.000000,0.000000,0.519744,0.500282,0.000000,0.000000,0.000000,0.504071,0.000000,0.000000,0.000000,0.000000,0.000000,0.494648,0.000000,0.000000,0.000000,0.510813,0.000000,0.369792,0.469297,0.000000,0.000000,0.352565,0.000000,0.414655,0.537800,0.434931,0.000000,0.490074,0.000000,0.448015,0.000000,0.481086,0.000000,0.000000,0.000000,0.000000,0.000000,0.408860,0.000000,0.000000,0.000000,0.000000,0.000000,0.000000,0.000000,0.000000,0.000000,0.000000,0.000000,0.545411,0.000000,0.566992,0.000000,0.000000,0.000000,0.499303,0.000000,0.000000,0.000000,0.391264,0.000000,0.000000,0.000000,0.521890,0.571397,0.439701,0.000000,0.000000,0.000000,0.437398,0.000000,0.000000
0.000000,0.000000,0.000000,0.000000,0.459882,0.000000,0.440117,0.000000,0.462121,0.000000,0.000000,0.000000,0.481107,0.000000,0.449429,0.000000,0.000000,0.000000,0.000000,0.000000,0.378319,0.000000,0.000000,0.000000,0.000000,0.000000,0.425609,0.000000,0.410669,0.000000,0.000000,0.000000,0.000000,0.000000,0.000000,0.000000,0.386388,0.000000,0.000000,0.000000,0.333252,0.000000,0.000000,0.000000,0.000000,0.000000,0.413061,0.000000,0.000000,0.000000,0.000000,0.000000,0.000000,0.000000,0.361774,0.000000,0.000000,0.000000,0.000000,0.000000,0.000000,0.000000,0.000000,0.000000,0.000000,0.000000,0.456678,0.000000,0.000000,0.000000,0.402076,0.000000,0.000000,0.000000,0.000000,0.000000,0.000000,0.000000,0.000000,0.000000,0.000000,0.000000,0.433154,0.000000,0.000000,0.000000,0.390217,0.000000,0.387441,0.000000
0.000000,0.000000,0.000000,0.000000,0.000000,0.000000,0.000000,0.000000,0.000000,0.487658,0.000000,0.000000,0.000000,0.000000,0.000000,0.488884,0.000000,0.000000,0.000000,0.000000,0.000000,0.353127,0.000000,0.000000,0.000000,0.000000,0.000000,0.000000,0.000000,0.496927,0.000000,0.000000,0.000000,0.480117,0.000000,0.000000,0.000000,0.352565,0.000000,0.000000,0.000000,0.294407,0.000000,0.433411,0.000000,0.418760,0.000000,0.408695,0.000000,0.000000,0.000000,0.000000,0.000000,0.000000,0.000000,0.344173,0.000000,0.000000,0.000000,0.000000,0.000000,0.000000,0.000000,0.000000,0.000000,0.000000,0.000000,0.484377,0.000000,0.000000,0.000000,0.000000,0.000000,0.000000,0.000000,0.000000,0.000000,0.473697,0.000000,0.000000,0.000000,0.509237,0.000000,0.460134,0.000000,0.464505,0.000000,0.377746,0.000000,0.388317
0.000000,0.000000,0.000000,0.000000,0.301146,0.000000,0.000000,0.000000,0.000000,0.000000,0.000000,0.000000,0.000000,0.000000,0.000000,0.000000,0.000000,0.000000,0.000000,0.000000,0.318237,0.000000,0.000000,0.000000,0.000000,0.000000,0.000000,0.000000,0.000000,0.000000,0.000000,0.000000,0.000000,0.000000,0.000000,0.000000,0.362639,0.000000,0.333252,0.000000,0.000000,0.000000,0.000000,0.000000,0.000000,0.000000,0.458781,0.000000,0.000000,0.000000,0.000000,0.000000,0.000000,0.000000,0.000000,0.000000,0.000000,0.000000,0.000000,0.000000,0.000000,0.000000,0.000000,0.000000,0.000000,0.000000,0.000000,0.000000,0.000000,0.000000,0.000000,0.000000,0.379493,0.000000,0.000000,0.000000,0.000000,0.000000,0.000000,0.000000,0.000000,0.000000,0.411079,0.000000,0.000000,0.000000,0.000000,0.000000,0.000000,0.000000
0.000000,0.000000,0.000000,0.000000,0.000000,0.000000,0.000000,0.000000,0.000000,0.000000,0.000000,0.000000,0.000000,0.000000,0.000000,0.487232,0.000000,0.000000,0.000000,0.000000,0.000000,0.382995,0.000000,0.000000,0.000000,0.000000,0.000000,0.393611,0.000000,0.493375,0.000000,0.000000,0.000000,0.000000,0.000000,0.000000,0.000000,0.414655,0.000000,0.294407,0.000000,0.000000,0.000000,0.000000,0.000000,0.000000,0.000000,0.479885,0.000000,0.000000,0.000000,0.000000,0.000000,0.000000,0.000000,0.000000,0.000000,0.000000,0.000000,0.000000,0.000000,0.000000,0.000000,0.000000,0.000000,0.000000,0.000000,0.483060,0.000000,0.000000,0.000000,0.000000,0.000000,0.000000,0.000000,0.000000,0.000000,0.000000,0.000000,0.000000,0.000000,0.510177,0.000000,0.405461,0.000000,0.000000,0.000000,0.348970,0.000000,0.000000
0.000000,0.000000,0.000000,0.000000,0.000000,0.000000,0.000000,0.000000,0.000000,0.535334,0.000000,0.000000,0.000000,0.000000,0.000000,0.550327,0.000000,0.000000,0.000000,0.000000,0.000000,0.000000,0.468466,0.000000,0.000000,0.000000,0.000000,0.000000,0.000000,0.557494,0.000000,0.000000,0.000000,0.000000,0.518773,0.558232,0.481182,0.537800,0.000000,0.000000,0.000000,0.000000,0.000000,0.491720,0.495041,0.615415,0.324115,0.284746,0.543032,0.575552,0.368134,0.000000,0.326353,0.000000,0.000000,0.000000,0.000000,0.000000,0.000000,0.574274,0.000000,0.000000,0.000000,0.000000,0.000000,0.000000,0.354151,0.637137,0.000000,0.000000,0.000000,0.000000,0.000000,0.557996,0.000000,0.561854,0.464001,0.000000,0.000000,0.000000,0.467977,0.591664,0.477227,0.582650,0.431071,0.000000,0.000000,0.000000,0.438161,0.000000
0.000000,0.000000,0.000000,0.000000,0.000000,0.000000,0.000000,0.000000,0.000000,0.000000,0.000000,0.000000,0.000000,0.000000,0.000000,0.000000,0.000000,0.000000,0.000000,0.000000,0.000000,0.000000,0.000000,0.000000,0.000000,0.000000,0.000000,0.000000,0.000000,0.473930,0.000000,0.000000,0.000000,0.000000,0.000000,0.000000,0.503776,0.434931,0.000000,0.433411,0.000000,0.000000,0.491720,0.000000,0.420885,0.407709,0.640130,0.378276,0.391838,0.388738,0.377981,0.378193,0.000000,0.423470,0.000000,0.414181,0.000000,0.000000,0.000000,0.000000,0.000000,0.000000,0.000000,0.000000,0.000000,0.000000,0.615100,0.343351,0.000000,0.000000,0.000000,0.000000,0.000000,0.000000,0.000000,0.000000,0.000000,0.000000,0.000000,0.000000,0.420854,0.452558,0.000000,0.459632,0.000000,0.440367,0.000000,0.447907,0.404682,0.429228
0.000000,0.000000,0.000000,0.000000,0.000000,0.000000,0.000000,0.000000,0.000000,0.538727,0.000000,0.000000,0.000000,0.000000,0.000000,0.535757,0.000000,0.000000,0.000000,0.000000,0.000000,0.000000,0.434185,0.000000,0.000000,0.000000,0.000000,0.000000,0.000000,0.523398,0.000000,0.000000,0.000000,0.000000,0.000000,0.000000,0.585913,0.000000,0.000000,0.000000,0.000000,0.000000,0.495041,0.420885,0.000000,0.485932,0.652502,0.000000,0.351306,0.000000,0.376174,0.000000,0.360622,0.000000,0.000000,0.000000,0.000000,0.000000,0.381130,0.000000,0.000000,0.000000,0.000000,0.000000,0.000000,0.000000,0.541938,0.485357,0.000000,0.000000,0.000000,0.000000,0.443437,0.562216,0.000000,0.556561,0.459171,0.000000,0.000000,0.000000,0.434522,0.520824,0.000000,0.515585,0.425847,0.473806,0.000000,0.511833,0.435403,0.464679
0.000000,0.000000,0.000000,0.000000,0.546109,0.000000,0.000000,0.000000,0.000000,0.000000,0.000000,0.000000,0.000000,0.000000,0.000000,0.000000,0.000000,0.000000,0.000000,0.000000,0.000000,0.000000,0.000000,0.000000,0.000000,0.000000,0.000000,0.000000,0.000000,0.000000,0.000000,0.000000,0.000000,0.000000,0.000000,0.000000,0.576958,0.490074,0.000000,0.418760,0.000000,0.000000,0.615415,0.407709,0.485932,0.000000,0.610474,0.366360,0.626055,0.320539,0.000000,0.422170,0.000000,0.423631,0.000000,0.415846,0.000000,0.000000,0.000000,0.392564,0.000000,0.000000,0.000000,0.000000,0.000000,0.000000,0.332498,0.402795,0.000000,0.000000,0.565981,0.000000,0.000000,0.000000,0.000000,0.000000,0.631118,0.000000,0.000000,0.000000,0.000000,0.491171,0.000000,0.488693,0.000000,0.469152,0.000000,0.431973,0.000000,0.436955
0.000000,0.000000,0.000000,0.000000,0.489492,0.000000,0.458583,0.000000,0.482585,0.000000,0.000000,0.000000,0.497036,0.000000,0.495614,0.000000,0.000000,0.000000,0.000000,0.000000,0.453844,0.000000,0.465442,0.000000,0.000000,0.000000,0.000000,0.000000,0.480300,0.000000,0.000000,0.000000,0.000000,0.000000,0.000000,0.000000,0.383820,0.000000,0.413061,0.000000,0.458781,0.000000,0.324115,0.640130,0.652502,0.610474,0.000000,0.297807,0.555945,0.000000,0.358372,0.000000,0.330158,0.000000,0.324514,0.000000,0.000000,0.000000,0.000000,0.000000,0.000000,0.000000,0.000000,0.000000,0.000000,0.000000,0.351767,0.658303,0.000000,0.000000,0.000000,0.000000,0.493008,0.000000,0.000000,0.000000,0.450746,0.000000,0.000000,0.000000,0.512096,0.000000,0.488964,0.564867,0.473702,0.000000,0.390791,0.000000,0.463593,0.000000
0.000000,0.000000,0.000000,0.000000,0.000000,0.000000,0.000000,0.000000,0.000000,0.000000,0.000000,0.000000,0.000000,0.000000,0.000000,0.000000,0.000000,0.000000,0.000000,0.000000,0.000000,0.000000,0.000000,0.000000,0.000000,0.000000,0.000000,0.000000,0.000000,0.000000,0.000000,0.000000,0.000000,0.000000,0.000000,0.272485,0.494139,0.448015,0.000000,0.408695,0.000000,0.479885,0.284746,0.378276,0.000000,0.366360,0.297807,0.000000,0.000000,0.000000,0.000000,0.000000,0.000000,0.323531,0.000000,0.370344,0.000000,0.000000,0.000000,0.000000,0.000000,0.000000,0.000000,0.000000,0.000000,0.000000,0.000000,0.322894,0.000000,0.000000,0.000000,0.000000,0.000000,0.000000,0.000000,0.000000,0.000000,0.320596,0.000000,0.000000,0.000000,0.479947,0.000000,0.426240,0.000000,0.447701,0.000000,0.418104,0.000000,0.430021
0.000000,0.000000,0.000000,0.000000,0.000000,0.000000,0.000000,0.000000,0.000000,0.000000,0.000000,0.000000,0.000000,0.000000,0.000000,0.000000,0.000000,0.000000,0.000000,0.000000,0.000000,0.000000,0.000000,0.000000,0.000000,0.000000,0.000000,0.000000,0.443024,0.000000,0.000000,0.000000,0.000000,0.000000,0.000000,0.000000,0.000000,0.000000,0.000000,0.000000,0.000000,0.000000,0.543032,0.391838,0.351306,0.626055,0.555945,0.000000,0.000000,0.000000,0.370716,0.000000,0.364200,0.000000,0.000000,0.000000,0.000000,0.000000,0.383829,0.000000,0.440349,0.000000,0.000000,0.000000,0.000000,0.000000,0.578731,0.000000,0.000000,0.000000,0.000000,0.000000,0.000000,0.000000,0.000000,0.000000,0.000000,0.000000,0.000000,0.000000,0.452349,0.000000,0.000000,0.000000,0.436798,0.000000,0.000000,0.000000,0.427887,0.000000
