0.000000,0.484198,0.358088,0.000000,0.000000,0.000000,0.425534,0.000000,0.000000,0.000000,0.000000,0.000000,0.406510,0.000000,0.000000,0.000000,0.000000,0.000000,0.375809,0.448605,0.000000,0.000000,0.000000,0.000000,0.000000,0.000000,0.000000,0.000000,0.000000,0.575257,0.000000,0.000000,0.404475,0.448190,0.000000,0.000000,0.000000,0.000000,0.000000,0.000000,0.000000,0.000000,0.000000,0.000000,0.000000,0.000000,0.000000,0.000000,0.000000,0.000000,0.000000,0.000000,0.000000,0.000000,0.000000,0.000000,0.000000,0.485280,0.000000,0.000000,0.000000,0.000000,0.000000,0.000000,0.000000,0.000000,0.000000,0.000000,0.000000,0.000000,0.405891,0.000000,0.000000,0.000000,0.000000,0.000000,0.000000,0.000000,0.000000,0.000000,0.000000,0.000000,0.000000,0.000000,0.000000,0.000000,0.000000,0.000000,0.000000,0.000000
0.484198,0.000000,0.500534,0.352922,0.000000,0.000000,0.497993,0.422532,0.000000,0.000000,0.000000,0.397015,0.000000,0.432114,0.000000,0.000000,0.000000,0.000000,0.503904,0.409004,0.000000,0.000000,0.425477,0.000000,0.000000,0.000000,0.000000,0.000000,0.000000,0.666268,0.000000,0.532690,0.482210,0.487444,0.000000,0.000000,0.000000,0.000000,0.000000,0.000000,0.000000,0.000000,0.000000,0.000000,0.000000,0.000000,0.000000,0.000000,0.000000,0.000000,0.000000,0.000000,0.000000,0.000000,0.000000,0.000000,0.000000,0.358710,0.000000,0.000000,0.000000,0.000000,0.000000,0.433345,0.000000,0.000000,0.000000,0.000000,0.000000,0.000000,0.000000,0.000000,0.000000,0.646730,0.000000,0.000000,0.000000,0.000000,0.000000,0.000000,0.000000,0.557556,0.000000,0.558093,0.000000,0.000000,0.000000,0.637259,0.000000,0.000000
0.358088,0.500534,0.000000,0.455298,0.290585,0.000000,0.366637,0.434050,0.396878,0.000000,0.000000,0.000000,0.000000,0.000000,0.000000,0.000000,0.000000,0.000000,0.426168,0.454607,0.000000,0.000000,0.397291,0.406379,0.000000,0.000000,0.000000,0.000000,0.000000,0.534086,0.484415,0.000000,0.346351,0.414169,0.000000,0.000000,0.000000,0.000000,0.000000,0.000000,0.000000,0.000000,0.000000,0.000000,0.000000,0.000000,0.000000,0.000000,0.000000,0.000000,0.000000,0.000000,0.000000,0.000000,0.000000,0.000000,0.000000,0.499548,0.000000,0.000000,0.000000,0.000000,0.000000,0.519400,0.000000,0.000000,0.000000,0.000000,0.000000,0.000000,0.495353,0.459033,0.000000,0.000000,0.000000,0.000000,0.495081,0.000000,0.000000,0.000000,0.000000,0.000000,0.000000,0.000000,0.000000,0.000000,0.000000,0.000000,0.000000,0.000000
0.000000,0.352922,0.455298,0.000000,0.000000,0.000000,0.450959,0.418058,0.000000,0.000000,0.000000,0.000000,0.000000,0.000000,0.000000,0.000000,0.000000,0.000000,0.429231,0.489974,0.000000,0.479579,0.426550,0.396025,0.000000,0.000000,0.000000,0.000000,0.000000,0.000000,0.451696,0.452776,0.424267,0.474118,0.000000,0.000000,0.000000,0.000000,0.000000,0.000000,0.000000,0.000000,0.000000,0.000000,0.000000,0.000000,0.000000,0.000000,0.000000,0.000000,0.000000,0.000000,0.000000,0.000000,0.000000,0.000000,0.000000,0.000000,0.000000,0.000000,0.000000,0.000000,0.000000,0.000000,0.000000,0.000000,0.000000,0.000000,0.000000,0.000000,0.512825,0.530058,0.000000,0.000000,0.000000,0.000000,0.495124,0.503510,0.000000,0.000000,0.000000,0.000000,0.000000,0.000000,0.000000,0.000000,0.000000,0.000000,0.000000,0.000000
0.000000,0.000000,0.290585,0.000000,0.000000,0.391278,0.000000,0.000000,0.342189,0.000000,0.000000,0.000000,0.000000,0.000000,0.399674,0.443231,0.000000,0.000000,0.000000,0.000000,0.306149,0.000000,0.335125,0.000000,0.385539,0.000000,0.357825,0.385864,0.000000,0.000000,0.000000,0.000000,0.000000,0.000000,0.000000,0.000000,0.000000,0.000000,0.000000,0.000000,0.000000,0.000000,0.000000,0.000000,0.000000,0.000000,0.000000,0.000000,0.000000,0.000000,0.000000,0.000000,0.000000,0.000000,0.000000,0.436817,0.000000,0.000000,0.000000,0.000000,0.000000,0.000000,0.000000,0.000000,0.000000,0.000000,0.000000,0.000000,0.000000,0.000000,0.514915,0.000000,0.239449,0.000000,0.000000,0.000000,0.000000,0.000000,0.000000,0.000000,0.000000,0.529837,0.410813,0.448897,0.000000,0.539307,0.387205,0.000000,0.000000,0.000000
0.000000,0.000000,0.000000,0.000000,0.391278,0.000000,0.518464,0.000000,0.000000,0.416753,0.000000,0.000000,0.000000,0.000000,0.000000,0.450881,0.000000,0.000000,0.000000,0.000000,0.449327,0.385135,0.000000,0.000000,0.337814,0.414190,0.406492,0.381253,0.000000,0.510474,0.446142,0.000000,0.577845,0.613533,0.000000,0.000000,0.000000,0.000000,0.000000,0.000000,0.000000,0.000000,0.000000,0.000000,0.000000,0.000000,0.000000,0.000000,0.000000,0.000000,0.000000,0.000000,0.000000,0.000000,0.000000,0.000000,0.000000,0.000000,0.000000,0.000000,0.000000,0.000000,0.000000,0.000000,0.000000,0.000000,0.000000,0.000000,0.000000,0.000000,0.524951,0.000000,0.000000,0.000000,0.000000,0.000000,0.000000,0.000000,0.000000,0.000000,0.000000,0.000000,0.000000,0.458973,0.000000,0.000000,0.000000,0.485358,0.000000,0.000000
0.425534,0.497993,0.366637,0.450959,0.000000,0.518464,0.000000,0.442299,0.452441,0.000000,0.347935,0.000000,0.511338,0.467888,0.589198,0.000000,0.000000,0.000000,0.435806,0.436517,0.548000,0.000000,0.352338,0.000000,0.000000,0.000000,0.544520,0.000000,0.000000,0.554114,0.447450,0.405650,0.410187,0.455329,0.000000,0.000000,0.000000,0.000000,0.000000,0.000000,0.000000,0.000000,0.000000,0.000000,0.000000,0.000000,0.000000,0.000000,0.000000,0.000000,0.000000,0.000000,0.000000,0.000000,0.000000,0.000000,0.000000,0.488608,0.000000,0.000000,0.000000,0.000000,0.000000,0.493427,0.000000,0.000000,0.000000,0.000000,0.000000,0.000000,0.487507,0.403419,0.000000,0.541223,0.000000,0.000000,0.503997,0.000000,0.000000,0.000000,0.000000,0.492913,0.000000,0.000000,0.000000,0.000000,0.000000,0.000000,0.000000,0.000000
0.000000,0.422532,0.434050,0.418058,0.000000,0.000000,0.442299,0.000000,0.000000,0.000000,0.000000,0.428879,0.000000,0.358732,0.000000,0.000000,0.000000,0.000000,0.466368,0.539412,0.000000,0.466258,0.417728,0.457892,0.000000,0.000000,0.000000,0.000000,0.000000,0.656773,0.468966,0.511667,0.476682,0.570841,0.000000,0.000000,0.000000,0.000000,0.000000,0.000000,0.000000,0.000000,0.000000,0.000000,0.000000,0.000000,0.000000,0.000000,0.000000,0.000000,0.000000,0.000000,0.000000,0.000000,0.000000,0.000000,0.000000,0.431251,0.000000,0.000000,0.000000,0.000000,0.000000,0.000000,0.000000,0.000000,0.000000,0.000000,0.000000,0.000000,0.553374,0.552556,0.000000,0.727981,0.000000,0.000000,0.498237,0.515236,0.000000,0.000000,0.000000,0.000000,0.000000,0.644816,0.000000,0.000000,0.000000,0.000000,0.000000,0.000000
0.000000,0.000000,0.396878,0.000000,0.342189,0.000000,0.452441,0.000000,0.000000,0.000000,0.000000,0.000000,0.000000,0.000000,0.374910,0.000000,0.000000,0.000000,0.000000,0.000000,0.000000,0.000000,0.000000,0.400232,0.362524,0.000000,0.326838,0.000000,0.000000,0.000000,0.512122,0.461805,0.000000,0.000000,0.000000,0.000000,0.000000,0.000000,0.000000,0.000000,0.000000,0.000000,0.000000,0.000000,0.000000,0.000000,0.000000,0.000000,0.000000,0.000000,0.000000,0.000000,0.000000,0.000000,0.000000,0.000000,0.000000,0.000000,0.000000,0.000000,0.000000,0.000000,0.000000,0.000000,0.000000,0.000000,0.000000,0.000000,0.000000,0.000000,0.522808,0.000000,0.000000,0.000000,0.000000,0.000000,0.495481,0.000000,0.000000,0.000000,0.000000,0.000000,0.000000,0.437436,0.000000,0.000000,0.000000,0.000000,0.000000,0.000000
0.000000,0.000000,0.000000,0.000000,0.000000,0.416753,0.000000,0.000000,0.000000,0.000000,0.000000,0.000000,0.000000,0.000000,0.000000,0.448405,0.000000,0.000000,0.000000,0.000000,0.449404,0.000000,0.000000,0.000000,0.424111,0.430334,0.423295,0.407901,0.000000,0.000000,0.419528,0.000000,0.000000,0.000000,0.000000,0.000000,0.000000,0.000000,0.000000,0.000000,0.000000,0.000000,0.000000,0.000000,0.000000,0.000000,0.000000,0.000000,0.000000,0.000000,0.000000,0.000000,0.000000,0.000000,0.000000,0.000000,0.000000,0.000000,0.000000,0.000000,0.000000,0.000000,0.000000,0.000000,0.000000,0.000000,0.000000,0.000000,0.000000,0.000000,0.509274,0.000000,0.000000,0.000000,0.000000,0.000000,0.000000,0.000000,0.000000,0.000000,0.000000,0.000000,0.000000,0.000000,0.000000,0.000000,0.000000,0.000000,0.000000,0.000000
0.000000,0.000000,0.000000,0.000000,0.000000,0.000000,0.347935,0.000000,0.000000,0.000000,0.000000,0.000000,0.350688,0.000000,0.000000,0.000000,0.000000,0.000000,0.000000,0.000000,0.000000,0.000000,0.000000,0.000000,0.000000,0.000000,0.000000,0.000000,0.000000,0.000000,0.000000,0.000000,0.000000,0.000000,0.000000,0.000000,0.000000,0.000000,0.000000,0.000000,0.000000,0.000000,0.000000,0.000000,0.000000,0.000000,0.000000,0.000000,0.000000,0.000000,0.000000,0.000000,0.000000,0.000000,0.000000,0.000000,0.000000,0.000000,0.000000,0.000000,0.000000,0.000000,0.000000,0.000000,0.000000,0.000000,0.000000,0.000000,0.000000,0.000000,0.000000,0.000000,0.000000,0.000000,0.000000,0.000000,0.000000,0.000000,0.000000,0.000000,0.000000,0.000000,0.000000,0.000000,0.000000,0.000000,0.000000,0.000000,0.000000,0.000000
0.000000,0.397015,0.000000,0.000000,0.000000,0.000000,0.000000,0.428879,0.000000,0.000000,0.000000,0.000000,0.000000,0.419567,0.000000,0.388307,0.000000,0.518846,0.000000,0.000000,0.000000,0.507001,0.000000,0.000000,0.000000,0.000000,0.000000,0.000000,0.000000,0.591540,0.480906,0.000000,0.498728,0.000000,0.000000,0.000000,0.000000,0.000000,0.000000,0.000000,0.000000,0.000000,0.000000,0.000000,0.000000,0.000000,0.000000,0.000000,0.000000,0.000000,0.000000,0.000000,0.000000,0.000000,0.000000,0.000000,0.000000,0.000000,0.000000,0.000000,0.000000,0.000000,0.000000,0.000000,0.000000,0.000000,0.000000,0.000000,0.000000,0.000000,0.000000,0.503983,0.000000,0.426503,0.000000,0.000000,0.000000,0.000000,0.000000,0.000000,0.000000,0.000000,0.000000,0.666558,0.000000,0.000000,0.000000,0.687980,0.000000,0.000000
0.406510,0.000000,0.000000,0.000000,0.000000,0.000000,0.511338,0.000000,0.000000,0.000000,0.350688,0.000000,0.000000,0.519733,0.341477,0.000000,0.000000,0.000000,0.000000,0.000000,0.000000,0.000000,0.000000,0.000000,0.000000,0.000000,0.000000,0.000000,0.380217,0.000000,0.424047,0.000000,0.000000,0.000000,0.000000,0.000000,0.000000,0.000000,0.000000,0.000000,0.000000,0.000000,0.000000,0.000000,0.000000,0.000000,0.000000,0.000000,0.000000,0.000000,0.000000,0.000000,0.000000,0.000000,0.000000,0.000000,0.000000,0.000000,0.000000,0.000000,0.000000,0.000000,0.000000,0.000000,0.000000,0.000000,0.000000,0.000000,0.000000,0.000000,0.390264,0.440802,0.387316,0.000000,0.000000,0.000000,0.449428,0.000000,0.000000,0.000000,0.000000,0.000000,0.440861,0.000000,0.000000,0.000000,0.439814,0.000000,0.000000,0.000000
0.000000,0.432114,0.000000,0.000000,0.000000,0.000000,0.467888,0.358732,0.000000,0.000000,0.000000,0.419567,0.519733,0.000000,0.000000,0.437108,0.000000,0.000000,0.457937,0.000000,0.476593,0.560758,0.532081,0.000000,0.000000,0.000000,0.441680,0.498540,0.000000,0.463335,0.496320,0.522639,0.469659,0.452718,0.000000,0.000000,0.000000,0.502668,0.000000,0.527010,0.000000,0.000000,0.000000,0.000000,0.000000,0.000000,0.000000,0.000000,0.000000,0.000000,0.000000,0.000000,0.000000,0.000000,0.000000,0.000000,0.000000,0.000000,0.000000,0.000000,0.000000,0.000000,0.000000,0.000000,0.000000,0.000000,0.000000,0.000000,0.000000,0.000000,0.504440,0.498445,0.000000,0.431459,0.000000,0.000000,0.494120,0.000000,0.000000,0.000000,0.000000,0.000000,0.000000,0.000000,0.000000,0.000000,0.000000,0.000000,0.000000,0.000000
0.000000,0.000000,0.000000,0.000000,0.399674,0.000000,0.589198,0.000000,0.374910,0.000000,0.000000,0.000000,0.341477,0.000000,0.000000,0.450124,0.000000,0.000000,0.000000,0.000000,0.324992,0.417891,0.000000,0.000000,0.000000,0.000000,0.345408,0.421575,0.317106,0.000000,0.000000,0.000000,0.000000,0.000000,0.000000,0.000000,0.000000,0.000000,0.000000,0.000000,0.000000,0.000000,0.000000,0.000000,0.000000,0.000000,0.000000,0.000000,0.000000,0.000000,0.000000,0.000000,0.000000,0.000000,0.000000,0.000000,0.000000,0.000000,0.000000,0.000000,0.000000,0.000000,0.000000,0.000000,0.000000,0.000000,0.000000,0.000000,0.000000,0.000000,0.407164,0.423000,0.330170,0.000000,0.000000,0.000000,0.469361,0.000000,0.000000,0.000000,0.000000,0.506129,0.412721,0.514611,0.000000,0.515127,0.425069,0.564335,0.000000,0.533063
0.000000,0.000000,0.000000,0.000000,0.443231,0.450881,0.000000,0.000000,0.000000,0.448405,0.000000,0.388307,0.000000,0.437108,0.450124,0.000000,0.000000,0.000000,0.000000,0.000000,0.457040,0.528798,0.000000,0.000000,0.000000,0.000000,0.430835,0.425920,0.000000,0.381981,0.639377,0.633629,0.628968,0.620556,0.000000,0.000000,0.000000,0.000000,0.000000,0.515620,0.000000,0.000000,0.000000,0.000000,0.000000,0.000000,0.000000,0.000000,0.000000,0.000000,0.000000,0.000000,0.000000,0.000000,0.000000,0.000000,0.000000,0.000000,0.000000,0.000000,0.000000,0.000000,0.000000,0.000000,0.000000,0.000000,0.000000,0.000000,0.000000,0.000000,0.500143,0.451724,0.000000,0.455719,0.000000,0.000000,0.539178,0.000000,0.000000,0.000000,0.000000,0.533180,0.484340,0.444077,0.000000,0.490494,0.461175,0.440636,0.000000,0.000000
0.000000,0.000000,0.000000,0.000000,0.000000,0.000000,0.000000,0.000000,0.000000,0.000000,0.000000,0.000000,0.000000,0.000000,0.000000,0.000000,0.000000,0.000000,0.000000,0.000000,0.000000,0.000000,0.000000,0.000000,0.000000,0.000000,0.000000,0.000000,0.000000,0.000000,0.000000,0.000000,0.000000,0.000000,0.000000,0.000000,0.000000,0.000000,0.000000,0.000000,0.000000,0.000000,0.000000,0.000000,0.000000,0.000000,0.000000,0.000000,0.000000,0.000000,0.000000,0.000000,0.000000,0.000000,0.000000,0.000000,0.000000,0.000000,0.000000,0.000000,0.000000,0.000000,0.000000,0.000000,0.000000,0.000000,0.000000,0.000000,0.000000,0.000000,0.000000,0.000000,0.000000,0.000000,0.000000,0.000000,0.000000,0.000000,0.000000,0.000000,0.000000,0.000000,0.000000,0.000000,0.000000,0.000000,0.000000,0.000000,0.000000,0.000000
0.000000,0.000000,0.000000,0.000000,0.000000,0.000000,0.000000,0.000000,0.000000,0.000000,0.000000,0.518846,0.000000,0.000000,0.000000,0.000000,0.000000,0.000000,0.453122,0.000000,0.000000,0.000000,0.000000,0.000000,0.000000,0.000000,0.000000,0.000000,0.000000,0.336240,0.000000,0.000000,0.000000,0.000000,0.000000,0.000000,0.000000,0.000000,0.000000,0.000000,0.000000,0.000000,0.000000,0.000000,0.000000,0.000000,0.000000,0.000000,0.000000,0.000000,0.000000,0.000000,0.000000,0.000000,0.000000,0.000000,0.000000,0.358513,0.000000,0.000000,0.000000,0.000000,0.000000,0.000000,0.000000,0.000000,0.000000,0.000000,0.000000,0.000000,0.000000,0.378457,0.000000,0.385906,0.000000,0.390248,0.000000,0.000000,0.000000,0.268090,0.000000,0.328519,0.000000,0.303691,0.000000,0.000000,0.000000,0.000000,0.000000,0.000000
0.375809,0.503904,0.426168,0.429231,0.000000,0.000000,0.435806,0.466368,0.000000,0.000000,0.000000,0.000000,0.000000,0.457937,0.000000,0.000000,0.000000,0.453122,0.000000,0.422056,0.000000,0.000000,0.390045,0.376214,0.000000,0.000000,0.000000,0.000000,0.000000,0.589741,0.000000,0.000000,0.369373,0.415668,0.000000,0.000000,0.000000,0.000000,0.000000,0.000000,0.000000,0.000000,0.000000,0.000000,0.000000,0.000000,0.000000,0.000000,0.000000,0.000000,0.000000,0.000000,0.000000,0.000000,0.000000,0.000000,0.000000,0.527342,0.000000,0.000000,0.000000,0.000000,0.000000,0.528316,0.000000,0.000000,0.000000,0.000000,0.000000,0.000000,0.000000,0.471604,0.000000,0.000000,0.000000,0.000000,0.000000,0.000000,0.000000,0.000000,0.000000,0.515923,0.000000,0.000000,0.000000,0.000000,0.000000,0.000000,0.000000,0.000000
0.448605,0.409004,0.454607,0.489974,0.000000,0.000000,0.436517,0.539412,0.000000,0.000000,0.000000,0.000000,0.000000,0.000000,0.000000,0.000000,0.000000,0.000000,0.422056,0.000000,0.000000,0.000000,0.464358,0.490361,0.000000,0.000000,0.000000,0.000000,0.000000,0.000000,0.000000,0.000000,0.452328,0.378636,0.000000,0.000000,0.000000,0.000000,0.000000,0.000000,0.000000,0.000000,0.000000,0.000000,0.000000,0.000000,0.000000,0.000000,0.000000,0.000000,0.000000,0.000000,0.000000,0.000000,0.000000,0.000000,0.000000,0.000000,0.000000,0.000000,0.000000,0.000000,0.000000,0.000000,0.000000,0.000000,0.000000,0.000000,0.000000,0.000000,0.556339,0.000000,0.000000,0.000000,0.530598,0.000000,0.000000,0.000000,0.000000,0.000000,0.000000,0.000000,0.000000,0.000000,0.000000,0.000000,0.000000,0.000000,0.000000,0.000000
0.000000,0.000000,0.000000,0.000000,0.306149,0.449327,0.548000,0.000000,0.000000,0.449404,0.000000,0.000000,0.000000,0.476593,0.324992,0.457040,0.000000,0.000000,0.000000,0.000000,0.000000,0.317721,0.000000,0.466276,0.475292,0.449164,0.272929,0.439692,0.284134,0.564854,0.609930,0.000000,0.605007,0.000000,0.000000,0.000000,0.000000,0.000000,0.378577,0.000000,0.000000,0.000000,0.000000,0.000000,0.000000,0.000000,0.000000,0.000000,0.000000,0.000000,0.000000,0.000000,0.000000,0.000000,0.000000,0.000000,0.000000,0.000000,0.000000,0.000000,0.000000,0.000000,0.000000,0.000000,0.000000,0.000000,0.000000,0.000000,0.000000,0.000000,0.414538,0.424967,0.000000,0.386185,0.000000,0.000000,0.499408,0.000000,0.000000,0.000000,0.000000,0.513649,0.421334,0.000000,0.000000,0.554346,0.000000,0.461809,0.000000,0.000000
0.000000,0.000000,0.000000,0.479579,0.000000,0.385135,0.000000,0.466258,0.000000,0.000000,0.000000,0.507001,0.000000,0.560758,0.417891,0.528798,0.000000,0.000000,0.000000,0.000000,0.317721,0.000000,0.000000,0.000000,0.000000,0.000000,0.000000,0.470296,0.000000,0.488174,0.626360,0.615234,0.613413,0.000000,0.000000,0.000000,0.000000,0.000000,0.396658,0.399422,0.000000,0.000000,0.000000,0.000000,0.000000,0.000000,0.000000,0.000000,0.000000,0.000000,0.000000,0.000000,0.000000,0.000000,0.000000,0.000000,0.000000,0.000000,0.000000,0.000000,0.000000,0.000000,0.000000,0.000000,0.000000,0.000000,0.000000,0.000000,0.000000,0.000000,0.414633,0.369460,0.000000,0.454365,0.000000,0.000000,0.000000,0.000000,0.000000,0.000000,0.000000,0.501892,0.361179,0.417718,0.000000,0.501515,0.000000,0.431196,0.000000,0.407103
0.000000,0.425477,0.397291,0.426550,0.335125,0.000000,0.352338,0.417728,0.000000,0.000000,0.000000,0.000000,0.000000,0.532081,0.000000,0.000000,0.000000,0.000000,0.390045,0.464358,0.000000,0.000000,0.000000,0.419735,0.377956,0.000000,0.000000,0.000000,0.000000,0.000000,0.475213,0.403189,0.433220,0.389814,0.000000,0.000000,0.000000,0.000000,0.000000,0.000000,0.000000,0.000000,0.000000,0.000000,0.000000,0.000000,0.000000,0.000000,0.000000,0.000000,0.000000,0.000000,0.000000,0.000000,0.000000,0.000000,0.000000,0.000000,0.000000,0.000000,0.000000,0.000000,0.000000,0.000000,0.000000,0.000000,0.000000,0.000000,0.000000,0.000000,0.512665,0.000000,0.000000,0.000000,0.000000,0.000000,0.507475,0.000000,0.000000,0.000000,0.000000,0.000000,0.000000,0.000000,0.000000,0.000000,0.000000,0.000000,0.000000,0.000000
0.000000,0.000000,0.406379,0.396025,0.000000,0.000000,0.000000,0.457892,0.400232,0.000000,0.000000,0.000000,0.000000,0.000000,0.000000,0.000000,0.000000,0.000000,0.376214,0.490361,0.466276,0.000000,0.419735,0.000000,0.437580,0.388977,0.417838,0.430598,0.000000,0.000000,0.457103,0.457468,0.454876,0.319788,0.000000,0.000000,0.000000,0.000000,0.000000,0.515254,0.000000,0.000000,0.000000,0.000000,0.000000,0.000000,0.000000,0.000000,0.000000,0.000000,0.000000,0.000000,0.000000,0.000000,0.000000,0.000000,0.000000,0.000000,0.000000,0.000000,0.000000,0.000000,0.000000,0.000000,0.000000,0.000000,0.000000,0.000000,0.000000,0.000000,0.521340,0.000000,0.000000,0.000000,0.000000,0.000000,0.506644,0.524001,0.000000,0.000000,0.000000,0.000000,0.000000,0.000000,0.000000,0.000000,0.000000,0.000000,0.000000,0.000000
0.000000,0.000000,0.000000,0.000000,0.385539,0.337814,0.000000,0.000000,0.362524,0.424111,0.000000,0.000000,0.000000,0.000000,0.000000,0.000000,0.000000,0.000000,0.000000,0.000000,0.475292,0.000000,0.377956,0.437580,0.000000,0.428490,0.426795,0.351555,0.000000,0.000000,0.451907,0.000000,0.000000,0.000000,0.000000,0.000000,0.000000,0.000000,0.000000,0.000000,0.000000,0.000000,0.000000,0.000000,0.000000,0.000000,0.000000,0.000000,0.000000,0.000000,0.000000,0.000000,0.000000,0.000000,0.000000,0.000000,0.000000,0.000000,0.000000,0.000000,0.000000,0.000000,0.000000,0.000000,0.000000,0.000000,0.000000,0.000000,0.000000,0.000000,0.510023,0.000000,0.000000,0.000000,0.000000,0.000000,0.506544,0.000000,0.000000,0.000000,0.000000,0.000000,0.000000,0.000000,0.000000,0.000000,0.000000,0.000000,0.000000,0.000000
0.000000,0.000000,0.000000,0.000000,0.000000,0.414190,0.000000,0.000000,0.000000,0.430334,0.000000,0.000000,0.000000,0.000000,0.000000,0.000000,0.000000,0.000000,0.000000,0.000000,0.449164,0.000000,0.000000,0.388977,0.428490,0.000000,0.446132,0.370801,0.000000,0.000000,0.451791,0.471654,0.000000,0.000000,0.000000,0.000000,0.000000,0.000000,0.000000,0.000000,0.000000,0.000000,0.000000,0.000000,0.000000,0.000000,0.000000,0.000000,0.000000,0.000000,0.000000,0.000000,0.000000,0.000000,0.000000,0.000000,0.000000,0.000000,0.000000,0.000000,0.000000,0.000000,0.000000,0.000000,0.000000,0.000000,0.000000,0.000000,0.000000,0.000000,0.540249,0.000000,0.000000,0.000000,0.000000,0.000000,0.481568,0.000000,0.000000,0.000000,0.000000,0.000000,0.000000,0.000000,0.000000,0.000000,0.000000,0.000000,0.000000,0.000000
0.000000,0.000000,0.000000,0.000000,0.357825,0.406492,0.544520,0.000000,0.326838,0.423295,0.000000,0.000000,0.000000,0.441680,0.345408,0.430835,0.000000,0.000000,0.000000,0.000000,0.272929,0.000000,0.000000,0.417838,0.426795,0.446132,0.000000,0.386547,0.265467,0.000000,0.000000,0.000000,0.500842,0.000000,0.000000,0.000000,0.000000,0.000000,0.000000,0.000000,0.000000,0.000000,0.000000,0.000000,0.000000,0.000000,0.000000,0.000000,0.000000,0.000000,0.000000,0.000000,0.000000,0.000000,0.000000,0.000000,0.000000,0.000000,0.000000,0.000000,0.000000,0.000000,0.000000,0.000000,0.000000,0.000000,0.000000,0.000000,0.000000,0.000000,0.418181,0.460043,0.326812,0.000000,0.000000,0.000000,0.000000,0.000000,0.000000,0.000000,0.000000,0.527254,0.409786,0.469307,0.000000,0.556127,0.000000,0.447222,0.000000,0.000000
0.000000,0.000000,0.000000,0.000000,0.385864,0.381253,0.000000,0.000000,0.000000,0.407901,0.000000,0.000000,0.000000,0.498540,0.421575,0.425920,0.000000,0.000000,0.000000,0.000000,0.439692,0.470296,0.000000,0.430598,0.351555,0.370801,0.386547,0.000000,0.000000,0.474748,0.615285,0.618418,0.000000,0.617853,0.000000,0.000000,0.000000,0.000000,0.000000,0.000000,0.000000,0.000000,0.000000,0.000000,0.000000,0.000000,0.000000,0.000000,0.000000,0.000000,0.000000,0.000000,0.000000,0.000000,0.000000,0.000000,0.000000,0.000000,0.000000,0.000000,0.000000,0.000000,0.000000,0.000000,0.000000,0.000000,0.000000,0.000000,0.000000,0.000000,0.000000,0.401550,0.000000,0.249196,0.000000,0.000000,0.000000,0.000000,0.000000,0.000000,0.000000,0.530828,0.000000,0.495770,0.000000,0.000000,0.000000,0.000000,0.000000,0.000000
0.000000,0.000000,0.000000,0.000000,0.000000,0.000000,0.000000,0.000000,0.000000,0.000000,0.000000,0.000000,0.380217,0.000000,0.317106,0.000000,0.000000,0.000000,0.000000,0.000000,0.284134,0.000000,0.000000,0.000000,0.000000,0.000000,0.265467,0.000000,0.000000,0.000000,0.000000,0.000000,0.000000,0.000000,0.000000,0.000000,0.000000,0.000000,0.000000,0.000000,0.000000,0.000000,0.000000,0.000000,0.000000,0.000000,0.000000,0.000000,0.000000,0.000000,0.000000,0.000000,0.000000,0.000000,0.000000,0.000000,0.000000,0.000000,0.000000,0.000000,0.000000,0.000000,0.000000,0.000000,0.000000,0.000000,0.000000,0.000000,0.000000,0.000000,0.328723,0.000000,0.000000,0.000000,0.000000,0.000000,0.000000,0.000000,0.000000,0.000000,0.000000,0.510624,0.453640,0.000000,0.000000,0.557598,0.445831,0.000000,0.000000,0.000000
0.575257,0.666268,0.534086,0.000000,0.000000,0.510474,0.554114,0.656773,0.000000,0.000000,0.000000,0.591540,0.000000,0.463335,0.000000,0.381981,0.000000,0.336240,0.589741,0.000000,0.564854,0.488174,0.000000,0.000000,0.000000,0.000000,0.000000,0.474748,0.000000,0.000000,0.645089,0.628202,0.614133,0.648373,0.000000,0.000000,0.000000,0.000000,0.418529,0.492116,0.000000,0.000000,0.000000,0.000000,0.000000,0.000000,0.000000,0.000000,0.000000,0.000000,0.000000,0.000000,0.000000,0.000000,0.000000,0.000000,0.000000,0.612564,0.000000,0.000000,0.000000,0.000000,0.000000,0.000000,0.000000,0.000000,0.000000,0.000000,0.000000,0.000000,0.552917,0.583286,0.000000,0.401444,0.000000,0.000000,0.000000,0.331553,0.000000,0.334677,0.000000,0.419532,0.419907,0.389970,0.000000,0.441613,0.477826,0.442131,0.000000,0.419223
0.000000,0.000000,0.484415,0.451696,0.000000,0.446142,0.447450,0.468966,0.512122,0.419528,0.000000,0.480906,0.424047,0.496320,0.000000,0.639377,0.000000,0.000000,0.000000,0.000000,0.609930,0.626360,0.475213,0.457103,0.451907,0.451791,0.000000,0.615285,0.000000,0.645089,0.000000,0.462806,0.425575,0.594134,0.000000,0.000000,0.000000,0.000000,0.000000,0.000000,0.000000,0.000000,0.000000,0.000000,0.000000,0.000000,0.000000,0.000000,0.000000,0.000000,0.000000,0.000000,0.000000,0.000000,0.000000,0.000000,0.000000,0.000000,0.000000,0.000000,0.000000,0.000000,0.000000,0.000000,0.000000,0.000000,0.000000,0.000000,0.000000,0.000000,0.505396,0.457066,0.000000,0.567234,0.000000,0.000000,0.520911,0.000000,0.000000,0.000000,0.000000,0.000000,0.000000,0.000000,0.000000,0.000000,0.000000,0.000000,0.000000,0.000000
0.000000,0.532690,0.000000,0.452776,0.000000,0.000000,0.405650,0.511667,0.461805,0.000000,0.000000,0.000000,0.000000,0.522639,0.000000,0.633629,0.000000,0.000000,0.000000,0.000000,0.000000,0.615234,0.403189,0.457468,0.000000,0.471654,0.000000,0.618418,0.000000,0.628202,0.462806,0.000000,0.444871,0.524870,0.000000,0.000000,0.000000,0.000000,0.000000,0.000000,0.000000,0.000000,0.000000,0.000000,0.000000,0.000000,0.000000,0.000000,0.000000,0.000000,0.000000,0.000000,0.000000,0.000000,0.000000,0.000000,0.000000,0.534914,0.000000,0.000000,0.000000,0.000000,0.000000,0.000000,0.000000,0.000000,0.000000,0.000000,0.000000,0.000000,0.556032,0.640118,0.000000,0.000000,0.000000,0.000000,0.519157,0.000000,0.000000,0.000000,0.000000,0.000000,0.000000,0.000000,0.000000,0.000000,0.000000,0.000000,0.000000,0.000000
0.404475,0.482210,0.346351,0.424267,0.000000,0.577845,0.410187,0.476682,0.000000,0.000000,0.000000,0.498728,0.000000,0.469659,0.000000,0.628968,0.000000,0.000000,0.369373,0.452328,0.605007,0.613413,0.433220,0.454876,0.000000,0.000000,0.500842,0.000000,0.000000,0.614133,0.425575,0.444871,0.000000,0.404311,0.000000,0.000000,0.000000,0.000000,0.000000,0.000000,0.000000,0.000000,0.000000,0.000000,0.000000,0.000000,0.000000,0.000000,0.000000,0.000000,0.000000,0.000000,0.000000,0.000000,0.000000,0.000000,0.000000,0.458988,0.000000,0.000000,0.000000,0.000000,0.000000,0.525352,0.000000,0.000000,0.000000,0.000000,0.000000,0.000000,0.559439,0.000000,0.000000,0.549635,0.520109,0.000000,0.000000,0.000000,0.000000,0.000000,0.000000,0.000000,0.000000,0.000000,0.000000,0.000000,0.000000,0.000000,0.000000,0.000000
0.448190,0.487444,0.414169,0.474118,0.000000,0.613533,0.455329,0.570841,0.000000,0.000000,0.000000,0.000000,0.000000,0.452718,0.000000,0.620556,0.000000,0.000000,0.415668,0.378636,0.000000,0.000000,0.389814,0.319788,0.000000,0.000000,0.000000,0.617853,0.000000,0.648373,0.594134,0.524870,0.404311,0.000000,0.000000,0.000000,0.000000,0.000000,0.000000,0.558123,0.000000,0.000000,0.000000,0.000000,0.000000,0.000000,0.000000,0.000000,0.000000,0.000000,0.000000,0.000000,0.000000,0.000000,0.000000,0.000000,0.000000,0.516692,0.000000,0.000000,0.000000,0.000000,0.000000,0.523945,0.000000,0.000000,0.000000,0.000000,0.000000,0.234016,0.616549,0.000000,0.000000,0.000000,0.536226,0.000000,0.000000,0.000000,0.000000,0.000000,0.000000,0.496540,0.000000,0.000000,0.000000,0.000000,0.000000,0.000000,0.000000,0.000000
0.000000,0.000000,0.000000,0.000000,0.000000,0.000000,0.000000,0.000000,0.000000,0.000000,0.000000,0.000000,0.000000,0.000000,0.000000,0.000000,0.000000,0.000000,0.000000,0.000000,0.000000,0.000000,0.000000,0.000000,0.000000,0.000000,0.000000,0.000000,0.000000,0.000000,0.000000,0.000000,0.000000,0.000000,0.000000,0.000000,0.000000,0.000000,0.000000,0.000000,0.000000,0.000000,0.000000,0.000000,0.000000,0.000000,0.000000,0.000000,0.000000,0.000000,0.000000,0.000000,0.000000,0.000000,0.000000,0.000000,0.000000,0.000000,0.000000,0.000000,0.000000,0.000000,0.000000,0.000000,0.000000,0.000000,0.000000,0.000000,0.000000,0.000000,0.000000,0.000000,0.000000,0.000000,0.000000,0.000000,0.000000,0.000000,0.000000,0.000000,0.000000,0.000000,0.000000,0.000000,0.000000,0.000000,0.000000,0.000000,0.000000,0.000000
0.000000,0.000000,0.000000,0.000000,0.000000,0.000000,0.000000,0.000000,0.000000,0.000000,0.000000,0.000000,0.000000,0.000000,0.000000,0.000000,0.000000,0.000000,0.000000,0.000000,0.000000,0.000000,0.000000,0.000000,0.000000,0.000000,0.000000,0.000000,0.000000,0.000000,0.000000,0.000000,0.000000,0.000000,0.000000,0.000000,0.000000,0.000000,0.000000,0.000000,0.000000,0.000000,0.000000,0.000000,0.000000,0.000000,0.000000,0.000000,0.000000,0.000000,0.000000,0.000000,0.000000,0.000000,0.000000,0.000000,0.000000,0.000000,0.000000,0.000000,0.000000,0.000000,0.000000,0.000000,0.000000,0.000000,0.000000,0.000000,0.000000,0.000000,0.000000,0.000000,0.000000,0.000000,0.000000,0.000000,0.000000,0.000000,0.000000,0.000000,0.000000,0.000000,0.000000,0.000000,0.000000,0.000000,0.000000,0.000000,0.000000,0.000000
0.000000,0.000000,0.000000,0.000000,0.000000,0.000000,0.000000,0.000000,0.000000,0.000000,0.000000,0.000000,0.000000,0.000000,0.000000,0.000000,0.000000,0.000000,0.000000,0.000000,0.000000,0.000000,0.000000,0.000000,0.000000,0.000000,0.000000,0.000000,0.000000,0.000000,0.000000,0.000000,0.000000,0.000000,0.000000,0.000000,0.000000,0.000000,0.219480,0.000000,0.214828,0.000000,0.000000,0.000000,0.000000,0.000000,0.000000,0.000000,0.000000,0.000000,0.000000,0.000000,0.000000,0.000000,0.000000,0.000000,0.000000,0.000000,0.000000,0.000000,0.000000,0.000000,0.000000,0.000000,0.000000,0.000000,0.000000,0.000000,0.000000,0.000000,0.000000,0.000000,0.000000,0.000000,0.000000,0.000000,0.000000,0.000000,0.000000,0.000000,0.000000,0.000000,0.000000,0.000000,0.000000,0.000000,0.000000,0.000000,0.000000,0.000000
0.000000,0.000000,0.000000,0.000000,0.000000,0.000000,0.000000,0.000000,0.000000,0.000000,0.000000,0.000000,0.000000,0.502668,0.000000,0.000000,0.000000,0.000000,0.000000,0.000000,0.000000,0.000000,0.000000,0.000000,0.000000,0.000000,0.000000,0.000000,0.000000,0.000000,0.000000,0.000000,0.000000,0.000000,0.000000,0.000000,0.000000,0.000000,0.000000,0.236819,0.000000,0.000000,0.000000,0.000000,0.000000,0.000000,0.000000,0.000000,0.000000,0.000000,0.000000,0.000000,0.000000,0.000000,0.000000,0.235145,0.000000,0.000000,0.000000,0.000000,0.000000,0.000000,0.000000,0.000000,0.000000,0.000000,0.000000,0.000000,0.000000,0.000000,0.460139,0.000000,0.000000,0.000000,0.000000,0.000000,0.000000,0.000000,0.000000,0.000000,0.000000,0.000000,0.000000,0.000000,0.000000,0.000000,0.000000,0.000000,0.000000,0.000000
0.000000,0.000000,0.000000,0.000000,0.000000,0.000000,0.000000,0.000000,0.000000,0.000000,0.000000,0.000000,0.000000,0.000000,0.000000,0.000000,0.000000,0.000000,0.000000,0.000000,0.378577,0.396658,0.000000,0.000000,0.000000,0.000000,0.000000,0.000000,0.000000,0.418529,0.000000,0.000000,0.000000,0.000000,0.000000,0.000000,0.219480,0.000000,0.000000,0.382089,0.000000,0.376546,0.000000,0.000000,0.000000,0.000000,0.000000,0.000000,0.000000,0.000000,0.000000,0.000000,0.000000,0.000000,0.258835,0.413483,0.000000,0.000000,0.000000,0.000000,0.000000,0.000000,0.000000,0.000000,0.000000,0.000000,0.000000,0.000000,0.000000,0.000000,0.000000,0.417334,0.000000,0.458470,0.000000,0.000000,0.000000,0.000000,0.000000,0.000000,0.000000,0.000000,0.308057,0.000000,0.000000,0.422854,0.316937,0.000000,0.000000,0.406350
0.000000,0.000000,0.000000,0.000000,0.000000,0.000000,0.000000,0.000000,0.000000,0.000000,0.000000,0.000000,0.000000,0.527010,0.000000,0.515620,0.000000,0.000000,0.000000,0.000000,0.000000,0.399422,0.000000,0.515254,0.000000,0.000000,0.000000,0.000000,0.000000,0.492116,0.000000,0.000000,0.000000,0.558123,0.000000,0.000000,0.000000,0.236819,0.382089,0.000000,0.000000,0.351464,0.000000,0.000000,0.000000,0.000000,0.000000,0.000000,0.000000,0.000000,0.000000,0.000000,0.000000,0.000000,0.439870,0.364588,0.000000,0.000000,0.000000,0.000000,0.000000,0.000000,0.000000,0.000000,0.000000,0.000000,0.000000,0.000000,0.000000,0.000000,0.529020,0.474055,0.000000,0.000000,0.000000,0.000000,0.000000,0.000000,0.000000,0.000000,0.000000,0.000000,0.429004,0.000000,0.000000,0.000000,0.000000,0.456799,0.000000,0.366690
0.000000,0.000000,0.000000,0.000000,0.000000,0.000000,0.000000,0.000000,0.000000,0.000000,0.000000,0.000000,0.000000,0.000000,0.000000,0.000000,0.000000,0.000000,0.000000,0.000000,0.000000,0.000000,0.000000,0.000000,0.000000,0.000000,0.000000,0.000000,0.000000,0.000000,0.000000,0.000000,0.000000,0.000000,0.000000,0.000000,0.214828,0.000000,0.000000,0.000000,0.000000,0.000000,0.000000,0.000000,0.000000,0.000000,0.000000,0.000000,0.000000,0.000000,0.000000,0.000000,0.000000,0.000000,0.000000,0.000000,0.000000,0.000000,0.000000,0.000000,0.000000,0.000000,0.000000,0.000000,0.000000,0.000000,0.000000,0.000000,0.000000,0.000000,0.000000,0.000000,0.000000,0.000000,0.000000,0.000000,0.000000,0.000000,0.000000,0.000000,0.000000,0.000000,0.000000,0.000000,0.000000,0.000000,0.000000,0.000000,0.000000,0.000000
0.000000,0.000000,0.000000,0.000000,0.000000,0.000000,0.000000,0.000000,0.000000,0.000000,0.000000,0.000000,0.000000,0.000000,0.000000,0.000000,0.000000,0.000000,0.000000,0.000000,0.000000,0.000000,0.000000,0.000000,0.000000,0.000000,0.000000,0.000000,0.000000,0.000000,0.000000,0.000000,0.000000,0.000000,0.000000,0.000000,0.000000,0.000000,0.376546,0.351464,0.000000,0.000000,0.000000,0.000000,0.000000,0.000000,0.000000,0.000000,0.000000,0.000000,0.000000,0.000000,0.000000,0.000000,0.000000,0.000000,0.000000,0.000000,0.000000,0.000000,0.000000,0.000000,0.000000,0.000000,0.000000,0.000000,0.000000,0.000000,0.000000,0.000000,0.000000,0.000000,0.000000,0.000000,0.000000,0.000000,0.000000,0.000000,0.000000,0.000000,0.000000,0.000000,0.000000,0.470675,0.000000,0.380084,0.000000,0.000000,0.000000,0.385667
0.000000,0.000000,0.000000,0.000000,0.000000,0.000000,0.000000,0.000000,0.000000,0.000000,0.000000,0.000000,0.000000,0.000000,0.000000,0.000000,0.000000,0.000000,0.000000,0.000000,0.000000,0.000000,0.000000,0.000000,0.000000,0.000000,0.000000,0.000000,0.000000,0.000000,0.000000,0.000000,0.000000,0.000000,0.000000,0.000000,0.000000,0.000000,0.000000,0.000000,0.000000,0.000000,0.000000,0.000000,0.000000,0.000000,0.000000,0.000000,0.000000,0.000000,0.000000,0.000000,0.000000,0.000000,0.000000,0.000000,0.000000,0.000000,0.000000,0.000000,0.000000,0.000000,0.000000,0.000000,0.000000,0.000000,0.000000,0.000000,0.000000,0.000000,0.000000,0.000000,0.000000,0.000000,0.000000,0.000000,0.000000,0.000000,0.000000,0.000000,0.000000,0.000000,0.000000,0.000000,0.000000,0.000000,0.000000,0.000000,0.000000,0.000000
0.000000,0.000000,0.000000,0.000000,0.000000,0.000000,0.000000,0.000000,0.000000,0.000000,0.000000,0.000000,0.000000,0.000000,0.000000,0.000000,0.000000,0.000000,0.000000,0.000000,0.000000,0.000000,0.000000,0.000000,0.000000,0.000000,0.000000,0.000000,0.000000,0.000000,0.000000,0.000000,0.000000,0.000000,0.000000,0.000000,0.000000,0.000000,0.000000,0.000000,0.000000,0.000000,0.000000,0.000000,0.000000,0.000000,0.000000,0.000000,0.000000,0.000000,0.000000,0.000000,0.000000,0.000000,0.000000,0.000000,0.000000,0.000000,0.000000,0.000000,0.000000,0.000000,0.000000,0.000000,0.000000,0.000000,0.000000,0.000000,0.000000,0.000000,0.000000,0.000000,0.000000,0.000000,0.000000,0.000000,0.000000,0.000000,0.000000,0.000000,0.000000,0.000000,0.000000,0.000000,0.000000,0.000000,0.000000,0.000000,0.000000,0.000000
0.000000,0.000000,0.000000,0.000000,0.000000,0.000000,0.000000,0.000000,0.000000,0.000000,0.000000,0.000000,0.000000,0.000000,0.000000,0.000000,0.000000,0.000000,0.000000,0.000000,0.000000,0.000000,0.000000,0.000000,0.000000,0.000000,0.000000,0.000000,0.000000,0.000000,0.000000,0.000000,0.000000,0.000000,0.000000,0.000000,0.000000,0.000000,0.000000,0.000000,0.000000,0.000000,0.000000,0.000000,0.000000,0.000000,0.000000,0.000000,0.000000,0.000000,0.000000,0.000000,0.000000,0.000000,0.000000,0.000000,0.000000,0.000000,0.000000,0.000000,0.000000,0.000000,0.000000,0.000000,0.000000,0.000000,0.000000,0.000000,0.000000,0.000000,0.000000,0.000000,0.000000,0.000000,0.000000,0.000000,0.000000,0.000000,0.000000,0.000000,0.000000,0.000000,0.000000,0.000000,0.000000,0.000000,0.000000,0.000000,0.000000,0.000000
0.000000,0.000000,0.000000,0.000000,0.000000,0.000000,0.000000,0.000000,0.000000,0.000000,0.000000,0.000000,0.000000,0.000000,0.000000,0.000000,0.000000,0.000000,0.000000,0.000000,0.000000,0.000000,0.000000,0.000000,0.000000,0.000000,0.000000,0.000000,0.000000,0.000000,0.000000,0.000000,0.000000,0.000000,0.000000,0.000000,0.000000,0.000000,0.000000,0.000000,0.000000,0.000000,0.000000,0.000000,0.000000,0.000000,0.000000,0.000000,0.000000,0.000000,0.000000,0.000000,0.000000,0.000000,0.000000,0.000000,0.000000,0.000000,0.000000,0.000000,0.000000,0.000000,0.000000,0.000000,0.000000,0.000000,0.000000,0.000000,0.000000,0.000000,0.000000,0.000000,0.000000,0.000000,0.000000,0.000000,0.000000,0.000000,0.000000,0.000000,0.000000,0.000000,0.000000,0.000000,0.000000,0.000000,0.000000,0.000000,0.000000,0.000000
0.000000,0.000000,0.000000,0.000000,0.000000,0.000000,0.000000,0.000000,0.000000,0.000000,0.000000,0.000000,0.000000,0.000000,0.000000,0.000000,0.000000,0.000000,0.000000,0.000000,0.000000,0.000000,0.000000,0.000000,0.000000,0.000000,0.000000,0.000000,0.000000,0.000000,0.000000,0.000000,0.000000,0.000000,0.000000,0.000000,0.000000,0.000000,0.000000,0.000000,0.000000,0.000000,0.000000,0.000000,0.000000,0.000000,0.000000,0.000000,0.000000,0.000000,0.000000,0.000000,0.000000,0.000000,0.000000,0.000000,0.000000,0.000000,0.000000,0.000000,0.000000,0.000000,0.000000,0.000000,0.000000,0.000000,0.000000,0.000000,0.000000,0.000000,0.000000,0.000000,0.000000,0.000000,0.000000,0.000000,0.000000,0.000000,0.000000,0.000000,0.000000,0.000000,0.000000,0.000000,0.000000,0.000000,0.000000,0.000000,0.000000,0.000000
0.000000,0.000000,0.000000,0.000000,0.000000,0.000000,0.000000,0.000000,0.000000,0.000000,0.000000,0.000000,0.000000,0.000000,0.000000,0.000000,0.000000,0.000000,0.000000,0.000000,0.000000,0.000000,0.000000,0.000000,0.000000,0.000000,0.000000,0.000000,0.000000,0.000000,0.000000,0.000000,0.000000,0.000000,0.000000,0.000000,0.000000,0.000000,0.000000,0.000000,0.000000,0.000000,0.000000,0.000000,0.000000,0.000000,0.000000,0.000000,0.000000,0.000000,0.000000,0.000000,0.000000,0.000000,0.000000,0.000000,0.000000,0.000000,0.000000,0.000000,0.000000,0.000000,0.000000,0.000000,0.000000,0.000000,0.000000,0.000000,0.000000,0.000000,0.000000,0.000000,0.000000,0.000000,0.000000,0.000000,0.000000,0.000000,0.000000,0.000000,0.000000,0.000000,0.000000,0.000000,0.000000,0.000000,0.000000,0.000000,0.000000,0.000000
0.000000,0.000000,0.000000,0.000000,0.000000,0.000000,0.000000,0.000000,0.000000,0.000000,0.000000,0.000000,0.000000,0.000000,0.000000,0.000000,0.000000,0.000000,0.000000,0.000000,0.000000,0.000000,0.000000,0.000000,0.000000,0.000000,0.000000,0.000000,0.000000,0.000000,0.000000,0.000000,0.000000,0.000000,0.000000,0.000000,0.000000,0.000000,0.000000,0.000000,0.000000,0.000000,0.000000,0.000000,0.000000,0.000000,0.000000,0.000000,0.000000,0.000000,0.000000,0.000000,0.000000,0.000000,0.000000,0.000000,0.000000,0.000000,0.000000,0.000000,0.000000,0.000000,0.000000,0.000000,0.000000,0.000000,0.000000,0.000000,0.000000,0.000000,0.000000,0.000000,0.000000,0.000000,0.000000,0.000000,0.000000,0.000000,0.000000,0.000000,0.000000,0.000000,0.000000,0.000000,0.000000,0.000000,0.000000,0.000000,0.000000,0.000000
