0.000000,0.000000,0.000000,0.000000,0.000000,0.000000,0.454333,0.000000,0.000000,0.000000,0.411272,0.000000,0.366065,0.000000,0.000000,0.000000,0.379908,0.000000,0.456309,0.000000,0.000000,0.000000,0.453182,0.000000,0.000000,0.000000,0.000000,0.000000,0.420724,0.000000,0.000000,0.000000,0.465653,0.000000,0.000000,0.000000,0.000000,0.000000,0.000000,0.000000,0.000000,0.000000,0.000000,0.000000,0.000000,0.000000,0.000000,0.000000,0.000000,0.000000,0.000000,0.000000,0.000000,0.000000,0.000000,0.000000,0.435858,0.000000,0.447271,0.000000,0.446591,0.000000,0.000000,0.000000,0.458361,0.000000,0.000000,0.000000,0.377713,0.000000,0.000000,0.000000,0.423963,0.000000,0.000000,0.000000,0.000000,0.000000,0.000000,0.000000,0.461277,0.000000,0.000000,0.000000,0.481930,0.000000,0.000000,0.000000,0.493145,0.000000
0.000000,0.000000,0.000000,0.000000,0.000000,0.000000,0.000000,0.391051,0.000000,0.000000,0.000000,0.363761,0.000000,0.000000,0.000000,0.000000,0.000000,0.367109,0.000000,0.414353,0.000000,0.000000,0.000000,0.000000,0.000000,0.000000,0.000000,0.000000,0.000000,0.379769,0.000000,0.000000,0.000000,0.429338,0.000000,0.000000,0.000000,0.000000,0.000000,0.000000,0.000000,0.000000,0.000000,0.000000,0.000000,0.000000,0.000000,0.000000,0.000000,0.000000,0.000000,0.000000,0.000000,0.000000,0.000000,0.000000,0.000000,0.447353,0.000000,0.000000,0.000000,0.440185,0.000000,0.468835,0.000000,0.000000,0.000000,0.000000,0.000000,0.000000,0.000000,0.000000,0.000000,0.000000,0.000000,0.000000,0.000000,0.000000,0.000000,0.000000,0.000000,0.000000,0.000000,0.000000,0.000000,0.000000,0.000000,0.000000,0.000000,0.000000
0.000000,0.000000,0.000000,0.000000,0.314336,0.000000,0.378202,0.000000,0.320497,0.000000,0.386997,0.000000,0.352964,0.000000,0.000000,0.000000,0.000000,0.000000,0.382312,0.000000,0.000000,0.000000,0.312413,0.000000,0.000000,0.000000,0.000000,0.000000,0.000000,0.000000,0.000000,0.000000,0.000000,0.000000,0.000000,0.000000,0.000000,0.000000,0.000000,0.000000,0.000000,0.000000,0.000000,0.000000,0.000000,0.000000,0.000000,0.000000,0.000000,0.000000,0.000000,0.000000,0.000000,0.000000,0.000000,0.000000,0.000000,0.000000,0.000000,0.000000,0.000000,0.000000,0.000000,0.000000,0.000000,0.000000,0.000000,0.000000,0.000000,0.000000,0.000000,0.000000,0.000000,0.000000,0.000000,0.000000,0.000000,0.000000,0.000000,0.000000,0.000000,0.000000,0.000000,0.000000,0.000000,0.000000,0.000000,0.000000,0.000000,0.000000
0.000000,0.000000,0.000000,0.000000,0.000000,0.278770,0.000000,0.357126,0.500215,0.398217,0.000000,0.399096,0.000000,0.370165,0.000000,0.386600,0.000000,0.000000,0.000000,0.240975,0.000000,0.000000,0.604015,0.307350,0.522980,0.000000,0.000000,0.000000,0.000000,0.000000,0.000000,0.370431,0.000000,0.382282,0.000000,0.000000,0.000000,0.000000,0.000000,0.000000,0.000000,0.000000,0.000000,0.000000,0.000000,0.000000,0.000000,0.000000,0.000000,0.000000,0.000000,0.000000,0.000000,0.000000,0.000000,0.000000,0.000000,0.000000,0.000000,0.000000,0.000000,0.000000,0.000000,0.000000,0.000000,0.000000,0.000000,0.000000,0.000000,0.000000,0.000000,0.000000,0.495545,0.382773,0.000000,0.000000,0.512922,0.000000,0.000000,0.000000,0.000000,0.000000,0.000000,0.000000,0.000000,0.000000,0.000000,0.000000,0.000000,0.000000
0.000000,0.000000,0.314336,0.000000,0.000000,0.000000,0.000000,0.000000,0.389877,0.000000,0.000000,0.000000,0.000000,0.000000,0.381182,0.000000,0.000000,0.000000,0.000000,0.000000,0.323711,0.000000,0.000000,0.000000,0.448985,0.000000,0.345618,0.433184,0.317758,0.000000,0.000000,0.000000,0.000000,0.000000,0.000000,0.000000,0.474203,0.000000,0.000000,0.000000,0.000000,0.000000,0.000000,0.000000,0.000000,0.000000,0.000000,0.000000,0.000000,0.000000,0.000000,0.000000,0.000000,0.000000,0.000000,0.000000,0.000000,0.000000,0.000000,0.000000,0.000000,0.000000,0.000000,0.000000,0.000000,0.000000,0.000000,0.000000,0.000000,0.000000,0.338131,0.000000,0.430945,0.000000,0.000000,0.000000,0.000000,0.000000,0.000000,0.000000,0.487048,0.000000,0.458155,0.000000,0.000000,0.000000,0.000000,0.000000,0.000000,0.000000
0.000000,0.000000,0.000000,0.278770,0.000000,0.000000,0.000000,0.342640,0.522755,0.387092,0.000000,0.000000,0.000000,0.383656,0.000000,0.388992,0.000000,0.000000,0.000000,0.000000,0.000000,0.319340,0.577435,0.556995,0.562187,0.324296,0.301420,0.354788,0.000000,0.398443,0.000000,0.000000,0.000000,0.000000,0.000000,0.000000,0.000000,0.461902,0.000000,0.000000,0.000000,0.000000,0.000000,0.000000,0.000000,0.000000,0.000000,0.000000,0.000000,0.000000,0.000000,0.000000,0.000000,0.000000,0.000000,0.000000,0.000000,0.000000,0.000000,0.000000,0.000000,0.000000,0.000000,0.000000,0.000000,0.000000,0.000000,0.000000,0.000000,0.000000,0.000000,0.429361,0.000000,0.417292,0.000000,0.425783,0.534966,0.460734,0.000000,0.000000,0.000000,0.000000,0.000000,0.462997,0.000000,0.000000,0.000000,0.000000,0.000000,0.000000
0.454333,0.000000,0.378202,0.000000,0.000000,0.000000,0.000000,0.000000,0.281428,0.000000,0.411080,0.000000,0.350540,0.000000,0.000000,0.000000,0.000000,0.000000,0.390933,0.000000,0.000000,0.000000,0.411060,0.547485,0.397669,0.000000,0.000000,0.000000,0.000000,0.000000,0.000000,0.512129,0.000000,0.444940,0.000000,0.000000,0.000000,0.000000,0.000000,0.000000,0.000000,0.000000,0.000000,0.000000,0.000000,0.000000,0.000000,0.000000,0.000000,0.000000,0.000000,0.000000,0.000000,0.000000,0.000000,0.000000,0.000000,0.000000,0.000000,0.000000,0.000000,0.000000,0.000000,0.000000,0.000000,0.000000,0.000000,0.000000,0.000000,0.000000,0.000000,0.000000,0.418268,0.000000,0.426419,0.000000,0.449100,0.507704,0.000000,0.000000,0.000000,0.000000,0.000000,0.000000,0.000000,0.000000,0.000000,0.000000,0.000000,0.000000
0.000000,0.391051,0.000000,0.357126,0.000000,0.342640,0.000000,0.000000,0.000000,0.235057,0.000000,0.354716,0.000000,0.304225,0.000000,0.374157,0.000000,0.000000,0.000000,0.000000,0.000000,0.000000,0.000000,0.381028,0.000000,0.000000,0.000000,0.000000,0.000000,0.406103,0.000000,0.371395,0.000000,0.366705,0.000000,0.000000,0.000000,0.000000,0.000000,0.000000,0.000000,0.000000,0.000000,0.000000,0.000000,0.000000,0.000000,0.000000,0.000000,0.000000,0.000000,0.000000,0.000000,0.000000,0.000000,0.000000,0.000000,0.000000,0.000000,0.000000,0.000000,0.000000,0.000000,0.000000,0.000000,0.000000,0.000000,0.000000,0.000000,0.000000,0.000000,0.000000,0.000000,0.000000,0.000000,0.000000,0.000000,0.000000,0.000000,0.000000,0.000000,0.000000,0.000000,0.000000,0.000000,0.000000,0.000000,0.000000,0.000000,0.000000
0.000000,0.000000,0.320497,0.500215,0.389877,0.522755,0.281428,0.000000,0.000000,0.000000,0.000000,0.000000,0.297129,0.000000,0.396595,0.000000,0.000000,0.000000,0.000000,0.000000,0.000000,0.000000,0.400292,0.000000,0.388561,0.000000,0.000000,0.000000,0.404024,0.000000,0.000000,0.480762,0.000000,0.000000,0.000000,0.000000,0.000000,0.000000,0.443555,0.000000,0.000000,0.000000,0.000000,0.000000,0.000000,0.000000,0.458298,0.000000,0.000000,0.000000,0.000000,0.000000,0.000000,0.000000,0.000000,0.000000,0.000000,0.000000,0.000000,0.000000,0.000000,0.000000,0.000000,0.000000,0.000000,0.000000,0.000000,0.000000,0.000000,0.000000,0.000000,0.000000,0.398921,0.000000,0.402804,0.000000,0.449108,0.480421,0.000000,0.000000,0.465359,0.000000,0.453007,0.000000,0.000000,0.000000,0.000000,0.000000,0.000000,0.000000
0.000000,0.000000,0.000000,0.398217,0.000000,0.387092,0.000000,0.235057,0.000000,0.000000,0.000000,0.000000,0.000000,0.000000,0.000000,0.422619,0.000000,0.000000,0.000000,0.000000,0.000000,0.000000,0.000000,0.000000,0.000000,0.000000,0.000000,0.000000,0.000000,0.447912,0.000000,0.000000,0.000000,0.000000,0.000000,0.000000,0.000000,0.457254,0.000000,0.000000,0.000000,0.000000,0.000000,0.000000,0.000000,0.000000,0.000000,0.000000,0.000000,0.000000,0.000000,0.000000,0.000000,0.000000,0.000000,0.478831,0.000000,0.000000,0.000000,0.000000,0.000000,0.000000,0.000000,0.000000,0.000000,0.000000,0.000000,0.000000,0.000000,0.000000,0.000000,0.000000,0.000000,0.436729,0.000000,0.457731,0.000000,0.000000,0.000000,0.000000,0.000000,0.000000,0.000000,0.443950,0.000000,0.000000,0.000000,0.000000,0.000000,0.000000
0.411272,0.000000,0.386997,0.000000,0.000000,0.000000,0.411080,0.000000,0.000000,0.000000,0.000000,0.000000,0.362084,0.000000,0.000000,0.000000,0.376673,0.000000,0.000000,0.000000,0.000000,0.000000,0.392067,0.000000,0.000000,0.000000,0.000000,0.000000,0.403750,0.000000,0.426299,0.000000,0.442184,0.477158,0.000000,0.000000,0.000000,0.000000,0.000000,0.000000,0.000000,0.000000,0.000000,0.000000,0.000000,0.000000,0.000000,0.000000,0.000000,0.000000,0.000000,0.000000,0.000000,0.000000,0.000000,0.000000,0.379075,0.000000,0.000000,0.000000,0.000000,0.000000,0.000000,0.000000,0.000000,0.000000,0.534476,0.000000,0.000000,0.000000,0.000000,0.000000,0.304756,0.511020,0.000000,0.000000,0.000000,0.000000,0.000000,0.000000,0.000000,0.000000,0.228837,0.000000,0.000000,0.000000,0.000000,0.000000,0.000000,0.000000
0.000000,0.363761,0.000000,0.399096,0.000000,0.000000,0.000000,0.354716,0.000000,0.000000,0.000000,0.000000,0.000000,0.345250,0.000000,0.000000,0.000000,0.359482,0.000000,0.414599,0.000000,0.000000,0.000000,0.415928,0.000000,0.000000,0.000000,0.000000,0.000000,0.417886,0.000000,0.000000,0.000000,0.426240,0.000000,0.000000,0.000000,0.000000,0.000000,0.000000,0.000000,0.000000,0.000000,0.000000,0.000000,0.459228,0.000000,0.000000,0.000000,0.000000,0.000000,0.000000,0.000000,0.000000,0.000000,0.000000,0.000000,0.346949,0.000000,0.000000,0.000000,0.000000,0.000000,0.000000,0.000000,0.000000,0.000000,0.000000,0.000000,0.000000,0.000000,0.000000,0.000000,0.393308,0.000000,0.000000,0.000000,0.000000,0.000000,0.000000,0.000000,0.443817,0.000000,0.000000,0.474999,0.000000,0.000000,0.000000,0.000000,0.000000
0.366065,0.000000,0.352964,0.000000,0.000000,0.000000,0.350540,0.000000,0.297129,0.000000,0.362084,0.000000,0.000000,0.000000,0.329517,0.000000,0.461608,0.000000,0.391064,0.000000,0.000000,0.000000,0.388600,0.502538,0.000000,0.000000,0.000000,0.000000,0.405249,0.000000,0.387127,0.485646,0.394540,0.443059,0.000000,0.000000,0.452476,0.000000,0.472910,0.000000,0.000000,0.000000,0.000000,0.000000,0.000000,0.000000,0.494698,0.000000,0.000000,0.000000,0.433161,0.000000,0.000000,0.000000,0.000000,0.000000,0.363897,0.000000,0.000000,0.000000,0.000000,0.000000,0.000000,0.000000,0.000000,0.000000,0.523260,0.000000,0.000000,0.000000,0.000000,0.000000,0.455335,0.000000,0.472901,0.000000,0.466809,0.000000,0.000000,0.000000,0.510564,0.514606,0.484702,0.000000,0.435252,0.000000,0.000000,0.000000,0.485180,0.000000
0.000000,0.000000,0.000000,0.370165,0.000000,0.383656,0.000000,0.304225,0.000000,0.000000,0.000000,0.345250,0.000000,0.000000,0.000000,0.350479,0.000000,0.000000,0.000000,0.387367,0.000000,0.000000,0.499674,0.000000,0.497807,0.000000,0.000000,0.000000,0.496886,0.376609,0.000000,0.000000,0.000000,0.000000,0.559145,0.000000,0.565971,0.482398,0.000000,0.000000,0.521981,0.000000,0.571298,0.000000,0.000000,0.455826,0.000000,0.000000,0.000000,0.000000,0.000000,0.454368,0.000000,0.000000,0.000000,0.510156,0.000000,0.000000,0.000000,0.000000,0.000000,0.000000,0.000000,0.000000,0.000000,0.000000,0.631109,0.000000,0.000000,0.000000,0.000000,0.000000,0.506323,0.432421,0.000000,0.000000,0.562897,0.000000,0.000000,0.000000,0.472314,0.000000,0.496685,0.455185,0.486267,0.000000,0.000000,0.000000,0.000000,0.444415
0.000000,0.000000,0.000000,0.000000,0.381182,0.000000,0.000000,0.000000,0.396595,0.000000,0.000000,0.000000,0.329517,0.000000,0.000000,0.000000,0.000000,0.000000,0.000000,0.000000,0.359627,0.429141,0.000000,0.000000,0.449568,0.000000,0.350498,0.000000,0.396412,0.000000,0.000000,0.000000,0.468600,0.000000,0.000000,0.000000,0.000000,0.000000,0.466562,0.000000,0.426228,0.000000,0.455968,0.000000,0.000000,0.000000,0.494322,0.000000,0.000000,0.000000,0.000000,0.000000,0.000000,0.000000,0.000000,0.000000,0.000000,0.000000,0.000000,0.000000,0.000000,0.000000,0.000000,0.000000,0.000000,0.000000,0.482876,0.000000,0.000000,0.000000,0.353597,0.533023,0.411990,0.000000,0.426551,0.000000,0.451950,0.503000,0.000000,0.000000,0.000000,0.536622,0.468068,0.000000,0.451101,0.000000,0.000000,0.000000,0.000000,0.000000
0.000000,0.000000,0.000000,0.386600,0.000000,0.388992,0.000000,0.374157,0.000000,0.422619,0.000000,0.000000,0.000000,0.350479,0.000000,0.000000,0.000000,0.000000,0.000000,0.000000,0.000000,0.319009,0.502268,0.000000,0.491548,0.000000,0.000000,0.317783,0.000000,0.352852,0.000000,0.372879,0.000000,0.000000,0.557374,0.000000,0.562540,0.493006,0.000000,0.000000,0.000000,0.431259,0.000000,0.000000,0.000000,0.000000,0.000000,0.518215,0.000000,0.000000,0.000000,0.458418,0.000000,0.000000,0.000000,0.499766,0.000000,0.000000,0.000000,0.000000,0.000000,0.000000,0.000000,0.000000,0.000000,0.000000,0.000000,0.000000,0.000000,0.000000,0.000000,0.353122,0.000000,0.446877,0.000000,0.464023,0.584149,0.000000,0.000000,0.000000,0.000000,0.000000,0.000000,0.461072,0.000000,0.000000,0.000000,0.000000,0.000000,0.000000
0.379908,0.000000,0.000000,0.000000,0.000000,0.000000,0.000000,0.000000,0.000000,0.000000,0.376673,0.000000,0.461608,0.000000,0.000000,0.000000,0.000000,0.000000,0.440077,0.000000,0.000000,0.000000,0.000000,0.000000,0.000000,0.000000,0.000000,0.000000,0.440338,0.000000,0.000000,0.000000,0.423561,0.000000,0.000000,0.000000,0.000000,0.000000,0.000000,0.000000,0.000000,0.000000,0.000000,0.000000,0.000000,0.000000,0.000000,0.000000,0.000000,0.000000,0.000000,0.000000,0.000000,0.000000,0.000000,0.000000,0.428950,0.000000,0.000000,0.000000,0.393848,0.000000,0.404298,0.000000,0.417656,0.000000,0.000000,0.000000,0.390798,0.000000,0.000000,0.000000,0.435181,0.000000,0.370733,0.000000,0.000000,0.000000,0.445103,0.000000,0.427615,0.000000,0.263460,0.000000,0.448630,0.000000,0.000000,0.000000,0.461971,0.000000
0.000000,0.367109,0.000000,0.000000,0.000000,0.000000,0.000000,0.000000,0.000000,0.000000,0.000000,0.359482,0.000000,0.000000,0.000000,0.000000,0.000000,0.000000,0.000000,0.430284,0.000000,0.000000,0.000000,0.000000,0.000000,0.000000,0.000000,0.000000,0.000000,0.404895,0.000000,0.000000,0.000000,0.447624,0.000000,0.000000,0.000000,0.000000,0.000000,0.000000,0.000000,0.000000,0.000000,0.000000,0.000000,0.000000,0.000000,0.000000,0.000000,0.000000,0.000000,0.000000,0.000000,0.000000,0.000000,0.000000,0.000000,0.365604,0.000000,0.000000,0.000000,0.000000,0.000000,0.426808,0.000000,0.000000,0.000000,0.000000,0.000000,0.000000,0.000000,0.000000,0.000000,0.421953,0.000000,0.000000,0.000000,0.000000,0.000000,0.356527,0.000000,0.416555,0.000000,0.400502,0.000000,0.000000,0.000000,0.000000,0.000000,0.000000
0.456309,0.000000,0.382312,0.000000,0.000000,0.000000,0.390933,0.000000,0.000000,0.000000,0.000000,0.000000,0.391064,0.000000,0.000000,0.000000,0.440077,0.000000,0.000000,0.533711,0.000000,0.000000,0.252964,0.000000,0.000000,0.000000,0.000000,0.000000,0.413895,0.515470,0.000000,0.000000,0.346323,0.513750,0.000000,0.000000,0.000000,0.000000,0.000000,0.000000,0.000000,0.000000,0.000000,0.000000,0.000000,0.000000,0.000000,0.000000,0.000000,0.000000,0.000000,0.000000,0.000000,0.000000,0.000000,0.000000,0.414694,0.000000,0.000000,0.000000,0.000000,0.000000,0.000000,0.000000,0.000000,0.000000,0.000000,0.000000,0.334381,0.000000,0.000000,0.000000,0.431770,0.393986,0.439957,0.000000,0.000000,0.000000,0.000000,0.000000,0.433139,0.000000,0.428657,0.000000,0.441197,0.000000,0.000000,0.000000,0.000000,0.000000
0.000000,0.414353,0.000000,0.240975,0.000000,0.000000,0.000000,0.000000,0.000000,0.000000,0.000000,0.414599,0.000000,0.387367,0.000000,0.000000,0.000000,0.430284,0.533711,0.000000,0.000000,0.000000,0.000000,0.308537,0.000000,0.000000,0.000000,0.000000,0.000000,0.372935,0.000000,0.000000,0.558250,0.381233,0.000000,0.000000,0.000000,0.000000,0.000000,0.000000,0.000000,0.000000,0.000000,0.000000,0.000000,0.000000,0.000000,0.000000,0.000000,0.000000,0.000000,0.000000,0.000000,0.000000,0.000000,0.000000,0.000000,0.000000,0.000000,0.000000,0.000000,0.000000,0.000000,0.000000,0.000000,0.000000,0.544292,0.403637,0.547835,0.440169,0.552823,0.565911,0.000000,0.390455,0.000000,0.414375,0.558626,0.425738,0.000000,0.000000,0.000000,0.000000,0.000000,0.000000,0.000000,0.000000,0.000000,0.000000,0.000000,0.000000
0.000000,0.000000,0.000000,0.000000,0.323711,0.000000,0.000000,0.000000,0.000000,0.000000,0.000000,0.000000,0.000000,0.000000,0.359627,0.000000,0.000000,0.000000,0.000000,0.000000,0.000000,0.313202,0.000000,0.000000,0.310824,0.000000,0.286241,0.000000,0.291617,0.443686,0.343754,0.290676,0.000000,0.000000,0.000000,0.000000,0.000000,0.000000,0.000000,0.000000,0.363333,0.000000,0.000000,0.000000,0.000000,0.000000,0.000000,0.000000,0.000000,0.000000,0.000000,0.000000,0.000000,0.000000,0.000000,0.000000,0.000000,0.000000,0.000000,0.000000,0.000000,0.000000,0.000000,0.000000,0.000000,0.000000,0.000000,0.000000,0.000000,0.000000,0.337718,0.000000,0.313114,0.604582,0.000000,0.621554,0.000000,0.000000,0.000000,0.000000,0.000000,0.000000,0.371478,0.000000,0.000000,0.000000,0.000000,0.000000,0.000000,0.000000
0.000000,0.000000,0.000000,0.000000,0.000000,0.319340,0.000000,0.000000,0.000000,0.000000,0.000000,0.000000,0.000000,0.000000,0.429141,0.319009,0.000000,0.000000,0.000000,0.000000,0.313202,0.000000,0.000000,0.000000,0.476765,0.343760,0.444652,0.308616,0.000000,0.313747,0.321049,0.369405,0.000000,0.000000,0.000000,0.000000,0.000000,0.000000,0.000000,0.000000,0.000000,0.277911,0.000000,0.000000,0.000000,0.000000,0.000000,0.000000,0.000000,0.000000,0.000000,0.000000,0.000000,0.000000,0.000000,0.000000,0.000000,0.000000,0.000000,0.000000,0.000000,0.000000,0.000000,0.000000,0.000000,0.000000,0.000000,0.000000,0.000000,0.000000,0.377351,0.290607,0.000000,0.295580,0.000000,0.000000,0.000000,0.000000,0.000000,0.000000,0.000000,0.000000,0.411380,0.000000,0.000000,0.000000,0.000000,0.000000,0.000000,0.000000
0.453182,0.000000,0.312413,0.604015,0.000000,0.577435,0.411060,0.000000,0.400292,0.000000,0.392067,0.000000,0.388600,0.499674,0.000000,0.502268,0.000000,0.000000,0.252964,0.000000,0.000000,0.000000,0.000000,0.511555,0.323937,0.547334,0.000000,0.594662,0.389739,0.000000,0.360615,0.495713,0.407469,0.418794,0.455669,0.000000,0.000000,0.000000,0.000000,0.000000,0.000000,0.000000,0.000000,0.000000,0.507048,0.000000,0.000000,0.000000,0.000000,0.000000,0.000000,0.000000,0.000000,0.000000,0.000000,0.000000,0.000000,0.000000,0.000000,0.000000,0.000000,0.000000,0.000000,0.000000,0.000000,0.000000,0.482877,0.000000,0.000000,0.000000,0.000000,0.000000,0.000000,0.000000,0.000000,0.000000,0.000000,0.000000,0.000000,0.000000,0.000000,0.000000,0.000000,0.000000,0.000000,0.000000,0.000000,0.000000,0.486607,0.000000
0.000000,0.000000,0.000000,0.307350,0.000000,0.556995,0.547485,0.381028,0.000000,0.000000,0.000000,0.415928,0.502538,0.000000,0.000000,0.000000,0.000000,0.000000,0.000000,0.308537,0.000000,0.000000,0.511555,0.000000,0.522273,0.538555,0.000000,0.000000,0.000000,0.385372,0.407923,0.363258,0.000000,0.322048,0.000000,0.000000,0.000000,0.000000,0.000000,0.000000,0.000000,0.000000,0.000000,0.000000,0.000000,0.000000,0.000000,0.000000,0.000000,0.000000,0.000000,0.000000,0.000000,0.000000,0.000000,0.000000,0.000000,0.000000,0.000000,0.000000,0.000000,0.000000,0.000000,0.000000,0.000000,0.000000,0.000000,0.000000,0.000000,0.000000,0.000000,0.000000,0.515052,0.407302,0.000000,0.441883,0.505353,0.447793,0.000000,0.000000,0.000000,0.000000,0.000000,0.000000,0.000000,0.000000,0.000000,0.000000,0.000000,0.000000
0.000000,0.000000,0.000000,0.522980,0.448985,0.562187,0.397669,0.000000,0.388561,0.000000,0.000000,0.000000,0.000000,0.497807,0.449568,0.491548,0.000000,0.000000,0.000000,0.000000,0.310824,0.476765,0.323937,0.522273,0.000000,0.569434,0.349309,0.568534,0.443824,0.501078,0.342628,0.486242,0.444385,0.000000,0.488524,0.000000,0.470589,0.000000,0.462102,0.000000,0.000000,0.000000,0.494104,0.000000,0.476168,0.000000,0.479095,0.000000,0.487820,0.000000,0.000000,0.000000,0.000000,0.000000,0.000000,0.000000,0.000000,0.000000,0.000000,0.000000,0.000000,0.000000,0.000000,0.000000,0.000000,0.000000,0.497335,0.000000,0.000000,0.000000,0.000000,0.512053,0.437711,0.000000,0.426797,0.000000,0.452684,0.513066,0.000000,0.000000,0.480639,0.529034,0.458989,0.000000,0.000000,0.504289,0.000000,0.000000,0.000000,0.000000
0.000000,0.000000,0.000000,0.000000,0.000000,0.324296,0.000000,0.000000,0.000000,0.000000,0.000000,0.000000,0.000000,0.000000,0.000000,0.000000,0.000000,0.000000,0.000000,0.000000,0.000000,0.343760,0.547334,0.538555,0.569434,0.000000,0.449296,0.322840,0.000000,0.381928,0.241575,0.384318,0.000000,0.000000,0.000000,0.000000,0.000000,0.000000,0.000000,0.000000,0.000000,0.000000,0.000000,0.000000,0.000000,0.000000,0.000000,0.000000,0.000000,0.000000,0.000000,0.000000,0.000000,0.000000,0.000000,0.000000,0.000000,0.000000,0.000000,0.000000,0.000000,0.000000,0.000000,0.000000,0.000000,0.000000,0.000000,0.000000,0.000000,0.000000,0.419207,0.000000,0.551763,0.431063,0.000000,0.000000,0.547599,0.472576,0.000000,0.000000,0.000000,0.000000,0.000000,0.459268,0.000000,0.000000,0.000000,0.000000,0.000000,0.000000
0.000000,0.000000,0.000000,0.000000,0.345618,0.301420,0.000000,0.000000,0.000000,0.000000,0.000000,0.000000,0.000000,0.000000,0.350498,0.000000,0.000000,0.000000,0.000000,0.000000,0.286241,0.444652,0.000000,0.000000,0.349309,0.449296,0.000000,0.374451,0.381115,0.358596,0.344315,0.471412,0.000000,0.000000,0.000000,0.000000,0.000000,0.000000,0.000000,0.000000,0.000000,0.000000,0.000000,0.000000,0.000000,0.000000,0.000000,0.000000,0.000000,0.000000,0.000000,0.000000,0.000000,0.000000,0.000000,0.000000,0.000000,0.000000,0.000000,0.000000,0.000000,0.000000,0.000000,0.000000,0.000000,0.000000,0.000000,0.000000,0.000000,0.000000,0.356906,0.449259,0.313166,0.000000,0.000000,0.000000,0.000000,0.000000,0.000000,0.000000,0.000000,0.000000,0.000000,0.000000,0.000000,0.000000,0.000000,0.000000,0.000000,0.000000
0.000000,0.000000,0.000000,0.000000,0.433184,0.354788,0.000000,0.000000,0.000000,0.000000,0.000000,0.000000,0.000000,0.000000,0.000000,0.317783,0.000000,0.000000,0.000000,0.000000,0.000000,0.308616,0.594662,0.000000,0.568534,0.322840,0.374451,0.000000,0.000000,0.370555,0.000000,0.376366,0.000000,0.000000,0.000000,0.000000,0.000000,0.000000,0.000000,0.000000,0.000000,0.000000,0.000000,0.000000,0.000000,0.000000,0.000000,0.000000,0.000000,0.000000,0.000000,0.000000,0.000000,0.000000,0.000000,0.000000,0.000000,0.000000,0.000000,0.000000,0.000000,0.000000,0.000000,0.000000,0.000000,0.000000,0.000000,0.000000,0.000000,0.000000,0.442793,0.309956,0.000000,0.000000,0.000000,0.000000,0.000000,0.000000,0.000000,0.000000,0.000000,0.000000,0.000000,0.000000,0.000000,0.000000,0.000000,0.000000,0.000000,0.000000
0.420724,0.000000,0.000000,0.000000,0.317758,0.000000,0.000000,0.000000,0.404024,0.000000,0.403750,0.000000,0.405249,0.496886,0.396412,0.000000,0.440338,0.000000,0.413895,0.000000,0.291617,0.000000,0.389739,0.000000,0.443824,0.000000,0.381115,0.000000,0.000000,0.515466,0.389902,0.509284,0.397984,0.492125,0.446595,0.000000,0.441364,0.000000,0.420378,0.000000,0.312986,0.000000,0.487843,0.000000,0.000000,0.000000,0.441098,0.000000,0.000000,0.000000,0.000000,0.000000,0.000000,0.000000,0.000000,0.000000,0.441583,0.000000,0.000000,0.000000,0.432488,0.000000,0.394525,0.000000,0.379517,0.000000,0.449486,0.000000,0.404309,0.000000,0.356435,0.520472,0.415115,0.515571,0.415704,0.500684,0.000000,0.473600,0.429641,0.000000,0.415469,0.488441,0.438165,0.000000,0.441435,0.000000,0.000000,0.000000,0.452390,0.000000
0.000000,0.379769,0.000000,0.000000,0.000000,0.398443,0.000000,0.406103,0.000000,0.447912,0.000000,0.417886,0.000000,0.376609,0.000000,0.352852,0.000000,0.404895,0.515470,0.372935,0.443686,0.313747,0.000000,0.385372,0.501078,0.381928,0.358596,0.370555,0.515466,0.000000,0.000000,0.370129,0.000000,0.390301,0.500549,0.442088,0.569295,0.484729,0.000000,0.000000,0.560106,0.325110,0.000000,0.424685,0.000000,0.465606,0.000000,0.456730,0.000000,0.000000,0.000000,0.481740,0.000000,0.000000,0.000000,0.530105,0.000000,0.376104,0.000000,0.000000,0.000000,0.380073,0.000000,0.472150,0.000000,0.000000,0.000000,0.443976,0.000000,0.000000,0.000000,0.355840,0.530224,0.403387,0.000000,0.453340,0.553461,0.000000,0.000000,0.310713,0.497758,0.389528,0.527253,0.437962,0.504460,0.000000,0.000000,0.000000,0.000000,0.433111
0.000000,0.000000,0.000000,0.000000,0.000000,0.000000,0.000000,0.000000,0.000000,0.000000,0.426299,0.000000,0.387127,0.000000,0.000000,0.000000,0.000000,0.000000,0.000000,0.000000,0.343754,0.321049,0.360615,0.407923,0.342628,0.241575,0.344315,0.000000,0.389902,0.000000,0.000000,0.321966,0.434787,0.344368,0.518451,0.000000,0.000000,0.000000,0.000000,0.000000,0.000000,0.000000,0.000000,0.000000,0.493402,0.461232,0.000000,0.000000,0.000000,0.000000,0.000000,0.000000,0.000000,0.000000,0.000000,0.000000,0.000000,0.000000,0.000000,0.000000,0.000000,0.000000,0.000000,0.000000,0.000000,0.000000,0.492573,0.000000,0.000000,0.000000,0.346580,0.279360,0.000000,0.000000,0.000000,0.000000,0.000000,0.000000,0.000000,0.000000,0.000000,0.000000,0.000000,0.000000,0.000000,0.000000,0.000000,0.000000,0.493188,0.000000
0.000000,0.000000,0.000000,0.370431,0.000000,0.000000,0.512129,0.371395,0.480762,0.000000,0.000000,0.000000,0.485646,0.000000,0.000000,0.372879,0.000000,0.000000,0.000000,0.000000,0.290676,0.369405,0.495713,0.363258,0.486242,0.384318,0.471412,0.376366,0.509284,0.370129,0.321966,0.000000,0.000000,0.420591,0.534261,0.000000,0.000000,0.000000,0.000000,0.000000,0.000000,0.000000,0.000000,0.000000,0.000000,0.516216,0.000000,0.000000,0.000000,0.000000,0.000000,0.000000,0.000000,0.000000,0.000000,0.000000,0.000000,0.000000,0.000000,0.000000,0.000000,0.000000,0.000000,0.000000,0.000000,0.000000,0.000000,0.545444,0.000000,0.000000,0.000000,0.357047,0.551479,0.410784,0.556247,0.447489,0.556101,0.457558,0.000000,0.000000,0.549539,0.000000,0.512706,0.000000,0.000000,0.000000,0.000000,0.000000,0.000000,0.000000
0.465653,0.000000,0.000000,0.000000,0.000000,0.000000,0.000000,0.000000,0.000000,0.000000,0.442184,0.000000,0.394540,0.000000,0.468600,0.000000,0.423561,0.000000,0.346323,0.558250,0.000000,0.000000,0.407469,0.000000,0.444385,0.000000,0.000000,0.000000,0.397984,0.000000,0.434787,0.000000,0.000000,0.548579,0.346321,0.000000,0.000000,0.000000,0.000000,0.000000,0.000000,0.000000,0.000000,0.000000,0.437739,0.000000,0.000000,0.000000,0.000000,0.000000,0.000000,0.000000,0.000000,0.000000,0.000000,0.000000,0.446625,0.550717,0.440855,0.000000,0.473372,0.000000,0.000000,0.000000,0.000000,0.000000,0.427407,0.539823,0.400114,0.574944,0.000000,0.578311,0.495954,0.000000,0.430860,0.000000,0.426842,0.499626,0.000000,0.000000,0.000000,0.497538,0.450203,0.000000,0.000000,0.000000,0.000000,0.000000,0.000000,0.000000
0.000000,0.429338,0.000000,0.382282,0.000000,0.000000,0.444940,0.366705,0.000000,0.000000,0.477158,0.426240,0.443059,0.000000,0.000000,0.000000,0.000000,0.447624,0.513750,0.381233,0.000000,0.000000,0.418794,0.322048,0.000000,0.000000,0.000000,0.000000,0.492125,0.390301,0.344368,0.420591,0.548579,0.000000,0.339232,0.408098,0.000000,0.000000,0.000000,0.000000,0.000000,0.000000,0.401141,0.000000,0.000000,0.450452,0.000000,0.000000,0.516735,0.000000,0.000000,0.000000,0.000000,0.000000,0.000000,0.000000,0.000000,0.000000,0.000000,0.000000,0.000000,0.000000,0.000000,0.000000,0.000000,0.000000,0.384640,0.399313,0.549430,0.429983,0.000000,0.377419,0.537490,0.393214,0.531418,0.432495,0.499350,0.438316,0.000000,0.000000,0.000000,0.000000,0.520828,0.417272,0.000000,0.000000,0.000000,0.000000,0.000000,0.000000
0.000000,0.000000,0.000000,0.000000,0.000000,0.000000,0.000000,0.000000,0.000000,0.000000,0.000000,0.000000,0.000000,0.559145,0.000000,0.557374,0.000000,0.000000,0.000000,0.000000,0.000000,0.000000,0.455669,0.000000,0.488524,0.000000,0.000000,0.000000,0.446595,0.500549,0.518451,0.534261,0.346321,0.339232,0.000000,0.569162,0.000000,0.649034,0.000000,0.000000,0.000000,0.000000,0.609494,0.649527,0.415130,0.688901,0.551382,0.781850,0.000000,0.684365,0.000000,0.688409,0.000000,0.601484,0.000000,0.645439,0.000000,0.000000,0.000000,0.000000,0.000000,0.000000,0.000000,0.000000,0.000000,0.000000,0.387139,0.436328,0.000000,0.000000,0.000000,0.000000,0.488900,0.000000,0.000000,0.000000,0.000000,0.000000,0.000000,0.000000,0.470840,0.481674,0.474645,0.579059,0.452081,0.615670,0.000000,0.000000,0.494184,0.641216
0.000000,0.000000,0.000000,0.000000,0.000000,0.000000,0.000000,0.000000,0.000000,0.000000,0.000000,0.000000,0.000000,0.000000,0.000000,0.000000,0.000000,0.000000,0.000000,0.000000,0.000000,0.000000,0.000000,0.000000,0.000000,0.000000,0.000000,0.000000,0.000000,0.442088,0.000000,0.000000,0.000000,0.408098,0.569162,0.000000,0.000000,0.458602,0.000000,0.000000,0.000000,0.000000,0.581984,0.000000,0.000000,0.411548,0.000000,0.000000,0.000000,0.000000,0.000000,0.000000,0.000000,0.000000,0.000000,0.000000,0.000000,0.000000,0.000000,0.000000,0.000000,0.000000,0.000000,0.000000,0.000000,0.000000,0.403182,0.391493,0.000000,0.000000,0.000000,0.000000,0.000000,0.000000,0.000000,0.000000,0.000000,0.000000,0.000000,0.000000,0.490037,0.497776,0.000000,0.000000,0.448927,0.463637,0.000000,0.000000,0.000000,0.000000
0.000000,0.000000,0.000000,0.000000,0.474203,0.000000,0.000000,0.000000,0.000000,0.000000,0.000000,0.000000,0.452476,0.565971,0.000000,0.562540,0.000000,0.000000,0.000000,0.000000,0.000000,0.000000,0.000000,0.000000,0.470589,0.000000,0.000000,0.000000,0.441364,0.569295,0.000000,0.000000,0.000000,0.000000,0.000000,0.000000,0.000000,0.572962,0.371471,0.639890,0.266254,0.000000,0.519962,0.717140,0.500377,0.711541,0.421545,0.641681,0.414474,0.688244,0.393058,0.693943,0.415827,0.000000,0.362103,0.610567,0.000000,0.000000,0.000000,0.000000,0.000000,0.000000,0.000000,0.000000,0.000000,0.000000,0.531463,0.804266,0.493627,0.000000,0.000000,0.000000,0.000000,0.594670,0.000000,0.000000,0.398984,0.575828,0.000000,0.000000,0.459627,0.588688,0.389313,0.579924,0.501777,0.594798,0.000000,0.000000,0.350911,0.000000
0.000000,0.000000,0.000000,0.000000,0.000000,0.461902,0.000000,0.000000,0.000000,0.457254,0.000000,0.000000,0.000000,0.482398,0.000000,0.493006,0.000000,0.000000,0.000000,0.000000,0.000000,0.000000,0.000000,0.000000,0.000000,0.000000,0.000000,0.000000,0.000000,0.484729,0.000000,0.000000,0.000000,0.000000,0.649034,0.458602,0.572962,0.000000,0.000000,0.400285,0.000000,0.353602,0.623573,0.527172,0.000000,0.471790,0.000000,0.474803,0.000000,0.490973,0.000000,0.446190,0.000000,0.458252,0.000000,0.450511,0.000000,0.000000,0.000000,0.000000,0.000000,0.000000,0.000000,0.000000,0.000000,0.000000,0.622195,0.510417,0.000000,0.000000,0.000000,0.000000,0.000000,0.477507,0.000000,0.000000,0.383815,0.421099,0.000000,0.000000,0.486896,0.471465,0.581057,0.475447,0.569416,0.415545,0.000000,0.475362,0.000000,0.000000
0.000000,0.000000,0.000000,0.000000,0.000000,0.000000,0.000000,0.000000,0.443555,0.000000,0.000000,0.000000,0.472910,0.000000,0.466562,0.000000,0.000000,0.000000,0.000000,0.000000,0.000000,0.000000,0.000000,0.000000,0.462102,0.000000,0.000000,0.000000,0.420378,0.000000,0.000000,0.000000,0.000000,0.000000,0.000000,0.000000,0.371471,0.000000,0.000000,0.000000,0.305170,0.000000,0.506535,0.000000,0.000000,0.000000,0.440214,0.000000,0.412023,0.000000,0.413422,0.000000,0.408410,0.000000,0.335460,0.000000,0.000000,0.000000,0.000000,0.000000,0.000000,0.000000,0.000000,0.000000,0.000000,0.000000,0.505012,0.000000,0.000000,0.000000,0.000000,0.000000,0.498710,0.000000,0.000000,0.000000,0.000000,0.504143,0.000000,0.000000,0.436907,0.000000,0.455416,0.000000,0.502049,0.000000,0.311364,0.000000,0.273771,0.000000
0.000000,0.000000,0.000000,0.000000,0.000000,0.000000,0.000000,0.000000,0.000000,0.000000,0.000000,0.000000,0.000000,0.000000,0.000000,0.000000,0.000000,0.000000,0.000000,0.000000,0.000000,0.000000,0.000000,0.000000,0.000000,0.000000,0.000000,0.000000,0.000000,0.000000,0.000000,0.000000,0.000000,0.000000,0.000000,0.000000,0.639890,0.400285,0.000000,0.000000,0.000000,0.357589,0.000000,0.495415,0.000000,0.475231,0.671466,0.458944,0.000000,0.000000,0.000000,0.471030,0.000000,0.472613,0.000000,0.398481,0.000000,0.000000,0.000000,0.000000,0.000000,0.000000,0.000000,0.000000,0.000000,0.000000,0.596769,0.477706,0.000000,0.000000,0.000000,0.385171,0.000000,0.000000,0.000000,0.000000,0.000000,0.000000,0.000000,0.000000,0.000000,0.000000,0.000000,0.457026,0.000000,0.000000,0.000000,0.427541,0.000000,0.480829
0.000000,0.000000,0.000000,0.000000,0.000000,0.000000,0.000000,0.000000,0.000000,0.000000,0.000000,0.000000,0.000000,0.521981,0.426228,0.000000,0.000000,0.000000,0.000000,0.000000,0.363333,0.000000,0.000000,0.000000,0.000000,0.000000,0.000000,0.000000,0.312986,0.560106,0.000000,0.000000,0.000000,0.000000,0.000000,0.000000,0.266254,0.000000,0.305170,0.000000,0.000000,0.000000,0.472742,0.000000,0.000000,0.000000,0.392310,0.000000,0.465783,0.000000,0.000000,0.000000,0.000000,0.000000,0.000000,0.000000,0.000000,0.000000,0.000000,0.000000,0.000000,0.000000,0.000000,0.000000,0.000000,0.000000,0.481718,0.000000,0.000000,0.000000,0.296782,0.000000,0.396000,0.535403,0.000000,0.000000,0.480539,0.000000,0.000000,0.000000,0.000000,0.555549,0.370308,0.000000,0.000000,0.000000,0.000000,0.000000,0.000000,0.000000
0.000000,0.000000,0.000000,0.000000,0.000000,0.000000,0.000000,0.000000,0.000000,0.000000,0.000000,0.000000,0.000000,0.000000,0.000000,0.431259,0.000000,0.000000,0.000000,0.000000,0.000000,0.277911,0.000000,0.000000,0.000000,0.000000,0.000000,0.000000,0.000000,0.325110,0.000000,0.000000,0.000000,0.000000,0.000000,0.000000,0.000000,0.353602,0.000000,0.357589,0.000000,0.000000,0.000000,0.479507,0.000000,0.000000,0.000000,0.467607,0.000000,0.000000,0.000000,0.000000,0.000000,0.000000,0.000000,0.463151,0.000000,0.000000,0.000000,0.000000,0.000000,0.000000,0.000000,0.000000,0.000000,0.000000,0.000000,0.000000,0.000000,0.000000,0.000000,0.390321,0.000000,0.386340,0.000000,0.507513,0.000000,0.562959,0.000000,0.000000,0.000000,0.000000,0.000000,0.429814,0.000000,0.000000,0.000000,0.000000,0.000000,0.000000
0.000000,0.000000,0.000000,0.000000,0.000000,0.000000,0.000000,0.000000,0.000000,0.000000,0.000000,0.000000,0.000000,0.571298,0.455968,0.000000,0.000000,0.000000,0.000000,0.000000,0.000000,0.000000,0.000000,0.000000,0.494104,0.000000,0.000000,0.000000,0.487843,0.000000,0.000000,0.000000,0.000000,0.401141,0.609494,0.581984,0.519962,0.623573,0.506535,0.000000,0.472742,0.000000,0.000000,0.630589,0.442571,0.633352,0.419955,0.632462,0.404451,0.653211,0.380754,0.000000,0.401492,0.000000,0.432379,0.000000,0.000000,0.000000,0.000000,0.000000,0.000000,0.000000,0.000000,0.000000,0.000000,0.000000,0.532814,0.504563,0.000000,0.000000,0.000000,0.000000,0.493267,0.609713,0.000000,0.000000,0.448457,0.000000,0.000000,0.000000,0.460846,0.594851,0.474567,0.613631,0.477000,0.576186,0.000000,0.000000,0.463733,0.000000
0.000000,0.000000,0.000000,0.000000,0.000000,0.000000,0.000000,0.000000,0.000000,0.000000,0.000000,0.000000,0.000000,0.000000,0.000000,0.000000,0.000000,0.000000,0.000000,0.000000,0.000000,0.000000,0.000000,0.000000,0.000000,0.000000,0.000000,0.000000,0.000000,0.424685,0.000000,0.000000,0.000000,0.000000,0.649527,0.000000,0.717140,0.527172,0.000000,0.495415,0.000000,0.479507,0.630589,0.000000,0.433155,0.427224,0.369213,0.429496,0.634088,0.460779,0.000000,0.410267,0.000000,0.242346,0.000000,0.376865,0.000000,0.000000,0.000000,0.000000,0.000000,0.000000,0.000000,0.000000,0.000000,0.000000,0.600761,0.486914,0.000000,0.000000,0.000000,0.000000,0.000000,0.000000,0.000000,0.000000,0.000000,0.000000,0.000000,0.000000,0.000000,0.000000,0.000000,0.401120,0.448383,0.404932,0.000000,0.460485,0.000000,0.000000
0.000000,0.000000,0.000000,0.000000,0.000000,0.000000,0.000000,0.000000,0.000000,0.000000,0.000000,0.000000,0.000000,0.000000,0.000000,0.000000,0.000000,0.000000,0.000000,0.000000,0.000000,0.000000,0.507048,0.000000,0.476168,0.000000,0.000000,0.000000,0.000000,0.000000,0.493402,0.000000,0.437739,0.000000,0.415130,0.000000,0.500377,0.000000,0.000000,0.000000,0.000000,0.000000,0.442571,0.433155,0.000000,0.553099,0.512894,0.000000,0.435522,0.000000,0.443859,0.000000,0.000000,0.000000,0.000000,0.000000,0.000000,0.000000,0.000000,0.000000,0.407877,0.000000,0.000000,0.000000,0.406463,0.000000,0.424774,0.330556,0.000000,0.000000,0.000000,0.000000,0.401119,0.000000,0.000000,0.000000,0.000000,0.000000,0.000000,0.000000,0.468493,0.000000,0.000000,0.000000,0.450537,0.000000,0.000000,0.000000,0.449028,0.000000
0.000000,0.000000,0.000000,0.000000,0.000000,0.000000,0.000000,0.000000,0.000000,0.000000,0.000000,0.459228,0.000000,0.455826,0.000000,0.000000,0.000000,0.000000,0.000000,0.000000,0.000000,0.000000,0.000000,0.000000,0.000000,0.000000,0.000000,0.000000,0.000000,0.465606,0.461232,0.516216,0.000000,0.450452,0.688901,0.411548,0.711541,0.471790,0.000000,0.475231,0.000000,0.000000,0.633352,0.427224,0.553099,0.000000,0.457875,0.468076,0.602556,0.366046,0.000000,0.425787,0.000000,0.000000,0.000000,0.449273,0.000000,0.000000,0.000000,0.343748,0.000000,0.000000,0.000000,0.000000,0.000000,0.000000,0.626234,0.477264,0.000000,0.000000,0.000000,0.000000,0.000000,0.000000,0.000000,0.000000,0.000000,0.000000,0.000000,0.000000,0.000000,0.472195,0.000000,0.000000,0.444355,0.475185,0.000000,0.000000,0.454457,0.488890
0.000000,0.000000,0.000000,0.000000,0.000000,0.000000,0.000000,0.000000,0.458298,0.000000,0.000000,0.000000,0.494698,0.000000,0.494322,0.000000,0.000000,0.000000,0.000000,0.000000,0.000000,0.000000,0.000000,0.000000,0.479095,0.000000,0.000000,0.000000,0.441098,0.000000,0.000000,0.000000,0.000000,0.000000,0.551382,0.000000,0.421545,0.000000,0.440214,0.671466,0.392310,0.000000,0.419955,0.369213,0.512894,0.457875,0.000000,0.343281,0.387788,0.000000,0.393881,0.000000,0.405287,0.000000,0.387726,0.601897,0.000000,0.000000,0.000000,0.000000,0.000000,0.000000,0.000000,0.000000,0.000000,0.000000,0.547388,0.000000,0.000000,0.000000,0.000000,0.000000,0.474348,0.000000,0.000000,0.000000,0.000000,0.000000,0.000000,0.000000,0.476433,0.000000,0.464526,0.000000,0.483119,0.000000,0.482635,0.000000,0.453538,0.000000
0.000000,0.000000,0.000000,0.000000,0.000000,0.000000,0.000000,0.000000,0.000000,0.000000,0.000000,0.000000,0.000000,0.000000,0.000000,0.518215,0.000000,0.000000,0.000000,0.000000,0.000000,0.000000,0.000000,0.000000,0.000000,0.000000,0.000000,0.000000,0.000000,0.456730,0.000000,0.000000,0.000000,0.000000,0.781850,0.000000,0.641681,0.474803,0.000000,0.458944,0.000000,0.467607,0.632462,0.429496,0.000000,0.468076,0.343281,0.000000,0.000000,0.438259,0.000000,0.356189,0.000000,0.327787,0.000000,0.415739,0.000000,0.000000,0.000000,0.000000,0.000000,0.000000,0.000000,0.000000,0.000000,0.000000,0.657476,0.525526,0.000000,0.000000,0.000000,0.000000,0.000000,0.000000,0.000000,0.000000,0.000000,0.000000,0.000000,0.000000,0.000000,0.492309,0.000000,0.466951,0.483157,0.465436,0.000000,0.488643,0.000000,0.498630
0.000000,0.000000,0.000000,0.000000,0.000000,0.000000,0.000000,0.000000,0.000000,0.000000,0.000000,0.000000,0.000000,0.000000,0.000000,0.000000,0.000000,0.000000,0.000000,0.000000,0.000000,0.000000,0.000000,0.000000,0.487820,0.000000,0.000000,0.000000,0.000000,0.000000,0.000000,0.000000,0.000000,0.516735,0.000000,0.000000,0.414474,0.000000,0.412023,0.000000,0.465783,0.000000,0.404451,0.634088,0.435522,0.602556,0.387788,0.000000,0.000000,0.000000,0.430458,0.000000,0.393343,0.000000,0.402792,0.000000,0.000000,0.000000,0.377289,0.000000,0.000000,0.000000,0.000000,0.000000,0.421096,0.000000,0.409046,0.000000,0.000000,0.000000,0.000000,0.000000,0.471539,0.000000,0.000000,0.000000,0.000000,0.000000,0.000000,0.000000,0.441197,0.000000,0.000000,0.000000,0.435880,0.000000,0.000000,0.000000,0.000000,0.000000
