0.000000,0.000000,0.309893,0.000000,0.000000,0.000000,0.363800,0.000000,0.000000,0.000000,0.348878,0.000000,0.000000,0.000000,0.000000,0.000000,0.350321,0.000000,0.299454,0.000000,0.000000,0.000000,0.000000,0.000000,0.000000,0.000000,0.000000,0.000000,0.379686,0.000000,0.000000,0.000000,0.000000,0.000000,0.000000,0.000000,0.000000,0.000000,0.000000,0.000000,0.000000,0.000000,0.000000,0.000000,0.000000,0.000000,0.000000,0.000000,0.000000,0.000000,0.000000,0.000000,0.000000,0.000000,0.000000,0.000000,0.418580,0.000000,0.000000,0.000000,0.422379,0.000000,0.000000,0.000000,0.000000,0.000000,0.000000,0.000000,0.277633,0.000000,0.000000,0.000000,0.444632,0.000000,0.000000,0.000000,0.000000,0.000000,0.214786,0.000000,0.379083,0.000000,0.000000,0.000000,0.439695,0.000000,0.000000,0.000000,0.449610,0.000000
0.000000,0.000000,0.000000,0.355740,0.000000,0.000000,0.000000,0.368189,0.000000,0.000000,0.000000,0.269044,0.000000,0.000000,0.000000,0.000000,0.000000,0.177010,0.000000,0.364961,0.000000,0.000000,0.000000,0.000000,0.000000,0.000000,0.000000,0.000000,0.000000,0.000000,0.000000,0.000000,0.000000,0.397569,0.000000,0.000000,0.000000,0.000000,0.000000,0.000000,0.000000,0.000000,0.000000,0.000000,0.000000,0.000000,0.000000,0.000000,0.000000,0.000000,0.000000,0.000000,0.000000,0.000000,0.000000,0.000000,0.000000,0.408602,0.000000,0.374004,0.000000,0.417388,0.000000,0.000000,0.000000,0.388112,0.000000,0.000000,0.529713,0.357798,0.000000,0.428940,0.000000,0.000000,0.000000,0.000000,0.000000,0.420829,0.000000,0.000000,0.000000,0.000000,0.000000,0.000000,0.000000,0.000000,0.000000,0.000000,0.000000,0.429123
0.309893,0.000000,0.000000,0.461367,0.156933,0.000000,0.313027,0.000000,0.215477,0.000000,0.000000,0.000000,0.306983,0.000000,0.000000,0.000000,0.360384,0.000000,0.266524,0.000000,0.000000,0.000000,0.257543,0.454909,0.000000,0.000000,0.000000,0.000000,0.000000,0.000000,0.000000,0.447630,0.000000,0.000000,0.000000,0.000000,0.347013,0.000000,0.000000,0.000000,0.000000,0.000000,0.000000,0.000000,0.000000,0.000000,0.000000,0.000000,0.000000,0.000000,0.000000,0.000000,0.000000,0.000000,0.000000,0.000000,0.364293,0.000000,0.000000,0.000000,0.000000,0.000000,0.000000,0.000000,0.000000,0.000000,0.000000,0.000000,0.000000,0.000000,0.270635,0.000000,0.328687,0.000000,0.376578,0.000000,0.344317,0.000000,0.000000,0.000000,0.353041,0.000000,0.329314,0.000000,0.000000,0.000000,0.317094,0.000000,0.000000,0.000000
0.000000,0.355740,0.461367,0.000000,0.496557,0.252917,0.000000,0.307594,0.000000,0.265480,0.000000,0.000000,0.000000,0.000000,0.000000,0.000000,0.000000,0.000000,0.471481,0.289043,0.000000,0.000000,0.441815,0.220209,0.478698,0.280850,0.417247,0.000000,0.000000,0.275702,0.450869,0.283634,0.000000,0.349288,0.000000,0.000000,0.000000,0.000000,0.000000,0.000000,0.000000,0.000000,0.000000,0.000000,0.000000,0.000000,0.000000,0.000000,0.000000,0.000000,0.000000,0.000000,0.000000,0.000000,0.000000,0.000000,0.000000,0.000000,0.000000,0.361756,0.000000,0.000000,0.000000,0.000000,0.000000,0.000000,0.000000,0.000000,0.482306,0.000000,0.488651,0.321216,0.000000,0.311175,0.000000,0.321188,0.000000,0.332488,0.000000,0.000000,0.000000,0.000000,0.000000,0.000000,0.000000,0.000000,0.000000,0.000000,0.000000,0.000000
0.000000,0.000000,0.156933,0.496557,0.000000,0.463972,0.000000,0.000000,0.175167,0.000000,0.000000,0.000000,0.000000,0.000000,0.258302,0.000000,0.000000,0.000000,0.000000,0.000000,0.315155,0.000000,0.000000,0.470697,0.000000,0.435330,0.217505,0.000000,0.294590,0.000000,0.358467,0.000000,0.000000,0.000000,0.000000,0.000000,0.000000,0.000000,0.000000,0.000000,0.000000,0.000000,0.000000,0.000000,0.000000,0.000000,0.000000,0.000000,0.000000,0.000000,0.000000,0.000000,0.000000,0.000000,0.000000,0.000000,0.000000,0.000000,0.000000,0.000000,0.000000,0.000000,0.000000,0.000000,0.000000,0.000000,0.000000,0.000000,0.000000,0.000000,0.309931,0.000000,0.321923,0.000000,0.336260,0.000000,0.326349,0.000000,0.000000,0.000000,0.000000,0.000000,0.361112,0.000000,0.000000,0.000000,0.000000,0.000000,0.000000,0.000000
0.000000,0.000000,0.000000,0.252917,0.463972,0.000000,0.000000,0.244204,0.000000,0.184128,0.000000,0.000000,0.000000,0.000000,0.000000,0.264861,0.000000,0.000000,0.000000,0.000000,0.000000,0.355381,0.000000,0.287973,0.458226,0.283235,0.437374,0.191818,0.000000,0.000000,0.000000,0.000000,0.000000,0.000000,0.000000,0.000000,0.000000,0.000000,0.000000,0.000000,0.000000,0.406855,0.000000,0.000000,0.000000,0.000000,0.000000,0.000000,0.000000,0.000000,0.000000,0.451237,0.000000,0.000000,0.000000,0.000000,0.000000,0.000000,0.000000,0.000000,0.000000,0.000000,0.000000,0.000000,0.000000,0.000000,0.000000,0.000000,0.000000,0.000000,0.000000,0.360275,0.000000,0.332124,0.000000,0.351468,0.000000,0.000000,0.000000,0.000000,0.000000,0.000000,0.000000,0.396318,0.000000,0.000000,0.000000,0.401475,0.000000,0.000000
0.363800,0.000000,0.313027,0.000000,0.000000,0.000000,0.000000,0.000000,0.274194,0.000000,0.361390,0.000000,0.268203,0.000000,0.303602,0.000000,0.000000,0.000000,0.356762,0.000000,0.000000,0.000000,0.000000,0.000000,0.000000,0.000000,0.000000,0.000000,0.000000,0.000000,0.000000,0.000000,0.000000,0.000000,0.000000,0.000000,0.000000,0.000000,0.000000,0.000000,0.000000,0.000000,0.000000,0.000000,0.000000,0.000000,0.000000,0.000000,0.000000,0.000000,0.000000,0.000000,0.000000,0.000000,0.000000,0.000000,0.407835,0.000000,0.000000,0.000000,0.000000,0.000000,0.000000,0.000000,0.000000,0.000000,0.000000,0.000000,0.000000,0.000000,0.000000,0.000000,0.309721,0.000000,0.319643,0.000000,0.374450,0.000000,0.000000,0.000000,0.000000,0.000000,0.000000,0.000000,0.000000,0.000000,0.000000,0.000000,0.000000,0.000000
0.000000,0.368189,0.000000,0.307594,0.000000,0.244204,0.000000,0.000000,0.000000,0.227620,0.000000,0.350590,0.000000,0.308942,0.000000,0.192611,0.000000,0.000000,0.000000,0.000000,0.000000,0.000000,0.429279,0.291708,0.000000,0.000000,0.000000,0.000000,0.000000,0.314407,0.000000,0.000000,0.000000,0.000000,0.000000,0.000000,0.000000,0.000000,0.000000,0.000000,0.000000,0.000000,0.000000,0.000000,0.000000,0.000000,0.000000,0.000000,0.000000,0.000000,0.000000,0.000000,0.000000,0.000000,0.000000,0.000000,0.000000,0.000000,0.000000,0.000000,0.000000,0.000000,0.000000,0.000000,0.000000,0.000000,0.000000,0.000000,0.000000,0.000000,0.000000,0.321654,0.000000,0.350835,0.000000,0.356420,0.000000,0.363822,0.000000,0.000000,0.000000,0.000000,0.000000,0.000000,0.000000,0.000000,0.000000,0.000000,0.000000,0.000000
0.000000,0.000000,0.215477,0.000000,0.175167,0.000000,0.274194,0.000000,0.000000,0.000000,0.000000,0.000000,0.000000,0.000000,0.260097,0.000000,0.000000,0.000000,0.000000,0.000000,0.000000,0.000000,0.000000,0.000000,0.000000,0.000000,0.000000,0.000000,0.000000,0.000000,0.000000,0.000000,0.000000,0.000000,0.000000,0.000000,0.000000,0.000000,0.000000,0.000000,0.310188,0.000000,0.000000,0.000000,0.000000,0.000000,0.000000,0.000000,0.000000,0.000000,0.000000,0.000000,0.000000,0.000000,0.000000,0.000000,0.000000,0.000000,0.000000,0.000000,0.000000,0.000000,0.000000,0.000000,0.000000,0.000000,0.373497,0.000000,0.000000,0.000000,0.000000,0.000000,0.308473,0.000000,0.320154,0.000000,0.335842,0.000000,0.000000,0.000000,0.000000,0.000000,0.353109,0.000000,0.000000,0.000000,0.000000,0.000000,0.000000,0.000000
0.000000,0.000000,0.000000,0.265480,0.000000,0.184128,0.000000,0.227620,0.000000,0.000000,0.000000,0.000000,0.000000,0.000000,0.000000,0.300461,0.000000,0.000000,0.000000,0.000000,0.000000,0.000000,0.000000,0.000000,0.000000,0.000000,0.000000,0.000000,0.000000,0.380553,0.000000,0.000000,0.000000,0.000000,0.000000,0.000000,0.000000,0.000000,0.000000,0.000000,0.000000,0.000000,0.000000,0.000000,0.000000,0.000000,0.000000,0.000000,0.000000,0.000000,0.000000,0.434814,0.000000,0.000000,0.000000,0.000000,0.000000,0.000000,0.000000,0.000000,0.000000,0.000000,0.000000,0.000000,0.000000,0.000000,0.000000,0.000000,0.000000,0.000000,0.000000,0.322679,0.000000,0.337016,0.000000,0.309051,0.000000,0.000000,0.000000,0.000000,0.000000,0.000000,0.000000,0.000000,0.000000,0.000000,0.000000,0.000000,0.000000,0.000000
0.348878,0.000000,0.000000,0.000000,0.000000,0.000000,0.361390,0.000000,0.000000,0.000000,0.000000,0.000000,0.266192,0.000000,0.000000,0.000000,0.293607,0.000000,0.361907,0.000000,0.000000,0.000000,0.000000,0.000000,0.000000,0.000000,0.000000,0.000000,0.279102,0.000000,0.000000,0.000000,0.000000,0.000000,0.000000,0.000000,0.000000,0.000000,0.000000,0.000000,0.000000,0.000000,0.000000,0.000000,0.000000,0.000000,0.000000,0.000000,0.000000,0.000000,0.000000,0.000000,0.000000,0.000000,0.000000,0.000000,0.335460,0.000000,0.000000,0.000000,0.000000,0.000000,0.000000,0.000000,0.000000,0.000000,0.000000,0.000000,0.000000,0.000000,0.000000,0.000000,0.000000,0.000000,0.000000,0.000000,0.000000,0.000000,0.000000,0.000000,0.000000,0.000000,0.132506,0.000000,0.000000,0.000000,0.000000,0.000000,0.000000,0.000000
0.000000,0.269044,0.000000,0.000000,0.000000,0.000000,0.000000,0.350590,0.000000,0.000000,0.000000,0.000000,0.000000,0.228309,0.000000,0.000000,0.000000,0.346554,0.000000,0.000000,0.000000,0.000000,0.000000,0.000000,0.000000,0.000000,0.000000,0.000000,0.000000,0.350255,0.000000,0.000000,0.000000,0.000000,0.000000,0.000000,0.000000,0.000000,0.000000,0.000000,0.000000,0.000000,0.000000,0.000000,0.000000,0.000000,0.000000,0.000000,0.000000,0.000000,0.000000,0.000000,0.000000,0.000000,0.000000,0.461974,0.000000,0.000000,0.000000,0.000000,0.000000,0.431837,0.000000,0.000000,0.000000,0.000000,0.000000,0.000000,0.000000,0.000000,0.000000,0.000000,0.000000,0.000000,0.000000,0.000000,0.000000,0.000000,0.000000,0.000000,0.000000,0.000000,0.000000,0.000000,0.000000,0.443658,0.000000,0.000000,0.000000,0.000000
0.000000,0.000000,0.306983,0.000000,0.000000,0.000000,0.268203,0.000000,0.000000,0.000000,0.266192,0.000000,0.000000,0.000000,0.255167,0.000000,0.344405,0.000000,0.000000,0.000000,0.000000,0.000000,0.000000,0.000000,0.000000,0.000000,0.000000,0.000000,0.282127,0.000000,0.000000,0.000000,0.000000,0.000000,0.000000,0.000000,0.000000,0.000000,0.000000,0.000000,0.000000,0.000000,0.000000,0.000000,0.000000,0.000000,0.000000,0.000000,0.000000,0.000000,0.000000,0.000000,0.000000,0.000000,0.000000,0.000000,0.343969,0.000000,0.000000,0.000000,0.000000,0.000000,0.000000,0.000000,0.000000,0.000000,0.000000,0.000000,0.000000,0.000000,0.000000,0.000000,0.303480,0.000000,0.000000,0.000000,0.000000,0.000000,0.000000,0.000000,0.000000,0.000000,0.000000,0.000000,0.000000,0.000000,0.000000,0.000000,0.000000,0.000000
0.000000,0.000000,0.000000,0.000000,0.000000,0.000000,0.000000,0.308942,0.000000,0.000000,0.000000,0.228309,0.000000,0.000000,0.000000,0.225251,0.000000,0.000000,0.000000,0.000000,0.000000,0.000000,0.000000,0.000000,0.000000,0.000000,0.000000,0.000000,0.000000,0.353118,0.000000,0.000000,0.000000,0.000000,0.000000,0.000000,0.000000,0.000000,0.000000,0.000000,0.000000,0.000000,0.000000,0.000000,0.000000,0.000000,0.000000,0.000000,0.000000,0.000000,0.000000,0.000000,0.000000,0.000000,0.000000,0.000000,0.000000,0.000000,0.000000,0.000000,0.000000,0.000000,0.000000,0.000000,0.000000,0.000000,0.000000,0.000000,0.000000,0.000000,0.000000,0.000000,0.000000,0.332079,0.000000,0.000000,0.000000,0.000000,0.000000,0.000000,0.000000,0.000000,0.000000,0.115076,0.000000,0.000000,0.000000,0.000000,0.000000,0.000000
0.000000,0.000000,0.000000,0.000000,0.258302,0.000000,0.303602,0.000000,0.260097,0.000000,0.000000,0.000000,0.255167,0.000000,0.000000,0.000000,0.000000,0.000000,0.000000,0.000000,0.000000,0.000000,0.000000,0.000000,0.000000,0.000000,0.233403,0.000000,0.257152,0.000000,0.000000,0.000000,0.000000,0.000000,0.000000,0.000000,0.000000,0.000000,0.139027,0.000000,0.386602,0.000000,0.000000,0.000000,0.445429,0.000000,0.000000,0.000000,0.425300,0.000000,0.000000,0.000000,0.000000,0.000000,0.000000,0.000000,0.000000,0.000000,0.415337,0.000000,0.000000,0.000000,0.000000,0.000000,0.000000,0.000000,0.388722,0.000000,0.000000,0.000000,0.000000,0.000000,0.322518,0.000000,0.305561,0.000000,0.000000,0.000000,0.000000,0.000000,0.000000,0.000000,0.330111,0.000000,0.000000,0.000000,0.000000,0.000000,0.000000,0.000000
0.000000,0.000000,0.000000,0.000000,0.000000,0.264861,0.000000,0.192611,0.000000,0.300461,0.000000,0.000000,0.000000,0.225251,0.000000,0.000000,0.000000,0.000000,0.000000,0.000000,0.000000,0.000000,0.000000,0.000000,0.000000,0.000000,0.000000,0.256205,0.000000,0.237152,0.000000,0.000000,0.000000,0.000000,0.000000,0.000000,0.000000,0.000000,0.000000,0.000000,0.000000,0.000000,0.000000,0.000000,0.000000,0.000000,0.000000,0.000000,0.000000,0.000000,0.000000,0.389458,0.000000,0.000000,0.000000,0.000000,0.000000,0.000000,0.000000,0.000000,0.000000,0.000000,0.000000,0.000000,0.000000,0.000000,0.000000,0.000000,0.000000,0.000000,0.000000,0.000000,0.000000,0.256167,0.000000,0.000000,0.000000,0.000000,0.000000,0.000000,0.000000,0.000000,0.000000,0.000000,0.000000,0.000000,0.000000,0.000000,0.000000,0.000000
0.350321,0.000000,0.360384,0.000000,0.000000,0.000000,0.000000,0.000000,0.000000,0.000000,0.293607,0.000000,0.344405,0.000000,0.000000,0.000000,0.000000,0.000000,0.363717,0.000000,0.000000,0.000000,0.000000,0.000000,0.000000,0.000000,0.000000,0.000000,0.287383,0.000000,0.000000,0.000000,0.000000,0.000000,0.000000,0.000000,0.000000,0.000000,0.000000,0.000000,0.000000,0.000000,0.000000,0.000000,0.000000,0.000000,0.000000,0.000000,0.000000,0.000000,0.000000,0.000000,0.000000,0.000000,0.000000,0.000000,0.363147,0.000000,0.000000,0.000000,0.000000,0.000000,0.203025,0.000000,0.000000,0.000000,0.000000,0.000000,0.000000,0.000000,0.000000,0.000000,0.000000,0.000000,0.000000,0.000000,0.000000,0.000000,0.213135,0.000000,0.376099,0.000000,0.000000,0.000000,0.431921,0.000000,0.000000,0.000000,0.403363,0.000000
0.000000,0.177010,0.000000,0.000000,0.000000,0.000000,0.000000,0.000000,0.000000,0.000000,0.000000,0.346554,0.000000,0.000000,0.000000,0.000000,0.000000,0.000000,0.000000,0.000000,0.000000,0.000000,0.000000,0.000000,0.000000,0.000000,0.000000,0.000000,0.000000,0.165706,0.000000,0.000000,0.000000,0.000000,0.000000,0.000000,0.000000,0.000000,0.000000,0.000000,0.000000,0.000000,0.000000,0.000000,0.000000,0.000000,0.000000,0.000000,0.000000,0.000000,0.000000,0.000000,0.000000,0.000000,0.000000,0.466459,0.000000,0.087111,0.000000,0.000000,0.000000,0.434483,0.000000,0.347317,0.000000,0.000000,0.000000,0.000000,0.000000,0.000000,0.000000,0.000000,0.000000,0.398441,0.000000,0.000000,0.000000,0.000000,0.000000,0.326300,0.000000,0.229064,0.000000,0.163241,0.000000,0.430760,0.000000,0.000000,0.000000,0.445827
0.299454,0.000000,0.266524,0.471481,0.000000,0.000000,0.356762,0.000000,0.000000,0.000000,0.361907,0.000000,0.000000,0.000000,0.000000,0.000000,0.363717,0.000000,0.000000,0.263825,0.000000,0.000000,0.161727,0.450420,0.000000,0.000000,0.000000,0.000000,0.360487,0.000000,0.000000,0.000000,0.228130,0.476652,0.000000,0.000000,0.516609,0.000000,0.000000,0.000000,0.000000,0.000000,0.000000,0.000000,0.000000,0.000000,0.000000,0.000000,0.000000,0.000000,0.000000,0.000000,0.000000,0.000000,0.000000,0.000000,0.000000,0.000000,0.000000,0.000000,0.000000,0.000000,0.000000,0.000000,0.000000,0.000000,0.000000,0.000000,0.190130,0.000000,0.423567,0.000000,0.385510,0.000000,0.390545,0.000000,0.000000,0.000000,0.000000,0.000000,0.367080,0.000000,0.000000,0.000000,0.000000,0.000000,0.000000,0.000000,0.000000,0.000000
0.000000,0.364961,0.000000,0.289043,0.000000,0.000000,0.000000,0.000000,0.000000,0.000000,0.000000,0.000000,0.000000,0.000000,0.000000,0.000000,0.000000,0.000000,0.263825,0.000000,0.000000,0.000000,0.089743,0.108250,0.000000,0.000000,0.000000,0.000000,0.000000,0.000000,0.000000,0.351482,0.109644,0.366559,0.000000,0.000000,0.000000,0.000000,0.000000,0.000000,0.000000,0.000000,0.000000,0.000000,0.000000,0.000000,0.000000,0.000000,0.000000,0.000000,0.000000,0.000000,0.000000,0.000000,0.000000,0.000000,0.000000,0.297965,0.000000,0.000000,0.000000,0.000000,0.000000,0.000000,0.000000,0.000000,0.000000,0.000000,0.068844,0.317104,0.000000,0.000000,0.000000,0.000000,0.000000,0.000000,0.000000,0.000000,0.000000,0.000000,0.000000,0.000000,0.000000,0.000000,0.000000,0.000000,0.000000,0.000000,0.000000,0.000000
0.000000,0.000000,0.000000,0.000000,0.315155,0.000000,0.000000,0.000000,0.000000,0.000000,0.000000,0.000000,0.000000,0.000000,0.000000,0.000000,0.000000,0.000000,0.000000,0.000000,0.000000,0.411772,0.000000,0.000000,0.205863,0.000000,0.339770,0.000000,0.303844,0.000000,0.255829,0.374951,0.000000,0.000000,0.000000,0.000000,0.000000,0.000000,0.000000,0.000000,0.169397,0.000000,0.000000,0.000000,0.000000,0.000000,0.000000,0.000000,0.000000,0.000000,0.000000,0.000000,0.000000,0.000000,0.000000,0.000000,0.000000,0.000000,0.000000,0.000000,0.000000,0.000000,0.000000,0.000000,0.000000,0.000000,0.000000,0.000000,0.000000,0.000000,0.200641,0.495374,0.000000,0.000000,0.000000,0.000000,0.000000,0.000000,0.000000,0.000000,0.000000,0.000000,0.000000,0.000000,0.000000,0.000000,0.000000,0.000000,0.000000,0.000000
0.000000,0.000000,0.000000,0.000000,0.000000,0.355381,0.000000,0.000000,0.000000,0.000000,0.000000,0.000000,0.000000,0.000000,0.000000,0.000000,0.000000,0.000000,0.000000,0.000000,0.411772,0.000000,0.000000,0.000000,0.000000,0.316229,0.230276,0.300057,0.000000,0.226605,0.446305,0.269985,0.000000,0.000000,0.000000,0.000000,0.000000,0.332551,0.000000,0.300318,0.000000,0.346062,0.000000,0.000000,0.000000,0.000000,0.000000,0.000000,0.000000,0.000000,0.000000,0.000000,0.000000,0.000000,0.000000,0.000000,0.000000,0.000000,0.000000,0.000000,0.000000,0.000000,0.000000,0.000000,0.000000,0.000000,0.000000,0.000000,0.000000,0.000000,0.000000,0.275815,0.000000,0.000000,0.000000,0.000000,0.000000,0.000000,0.000000,0.000000,0.000000,0.000000,0.000000,0.298167,0.000000,0.000000,0.000000,0.000000,0.000000,0.000000
0.000000,0.000000,0.257543,0.441815,0.000000,0.000000,0.000000,0.429279,0.000000,0.000000,0.000000,0.000000,0.000000,0.000000,0.000000,0.000000,0.000000,0.000000,0.161727,0.089743,0.000000,0.000000,0.000000,0.416327,0.248565,0.000000,0.000000,0.000000,0.000000,0.000000,0.248432,0.421217,0.316412,0.375379,0.000000,0.000000,0.000000,0.000000,0.000000,0.000000,0.000000,0.000000,0.000000,0.000000,0.000000,0.000000,0.000000,0.000000,0.000000,0.000000,0.000000,0.000000,0.000000,0.000000,0.000000,0.000000,0.000000,0.000000,0.000000,0.000000,0.000000,0.000000,0.000000,0.000000,0.000000,0.000000,0.000000,0.000000,0.000000,0.000000,0.264516,0.000000,0.326106,0.000000,0.000000,0.000000,0.000000,0.000000,0.000000,0.000000,0.000000,0.000000,0.365252,0.000000,0.000000,0.000000,0.000000,0.000000,0.000000,0.000000
0.000000,0.000000,0.454909,0.220209,0.470697,0.287973,0.000000,0.291708,0.000000,0.000000,0.000000,0.000000,0.000000,0.000000,0.000000,0.000000,0.000000,0.000000,0.450420,0.108250,0.000000,0.000000,0.416327,0.000000,0.000000,0.189565,0.000000,0.000000,0.000000,0.000000,0.075672,0.261084,0.365691,0.222387,0.000000,0.000000,0.000000,0.000000,0.000000,0.000000,0.000000,0.000000,0.000000,0.000000,0.000000,0.000000,0.000000,0.000000,0.000000,0.000000,0.000000,0.000000,0.000000,0.000000,0.000000,0.000000,0.000000,0.000000,0.000000,0.000000,0.000000,0.000000,0.000000,0.000000,0.000000,0.000000,0.000000,0.000000,0.000000,0.361370,0.000000,0.000000,0.000000,0.000000,0.000000,0.000000,0.000000,0.000000,0.000000,0.000000,0.000000,0.000000,0.000000,0.000000,0.000000,0.000000,0.000000,0.000000,0.000000,0.000000
0.000000,0.000000,0.000000,0.478698,0.000000,0.458226,0.000000,0.000000,0.000000,0.000000,0.000000,0.000000,0.000000,0.000000,0.000000,0.000000,0.000000,0.000000,0.000000,0.000000,0.205863,0.000000,0.248565,0.000000,0.000000,0.083403,0.228612,0.459439,0.000000,0.000000,0.206357,0.480137,0.000000,0.000000,0.000000,0.000000,0.000000,0.000000,0.000000,0.000000,0.000000,0.000000,0.000000,0.000000,0.000000,0.000000,0.000000,0.000000,0.000000,0.000000,0.000000,0.000000,0.000000,0.000000,0.000000,0.000000,0.000000,0.000000,0.000000,0.000000,0.000000,0.000000,0.000000,0.000000,0.000000,0.000000,0.000000,0.000000,0.000000,0.000000,0.000000,0.000000,0.000000,0.000000,0.000000,0.000000,0.000000,0.000000,0.000000,0.000000,0.000000,0.000000,0.000000,0.000000,0.000000,0.000000,0.000000,0.000000,0.000000,0.000000
0.000000,0.000000,0.000000,0.280850,0.435330,0.283235,0.000000,0.000000,0.000000,0.000000,0.000000,0.000000,0.000000,0.000000,0.000000,0.000000,0.000000,0.000000,0.000000,0.000000,0.000000,0.316229,0.000000,0.189565,0.083403,0.000000,0.442226,0.219817,0.000000,0.000000,0.000000,0.229041,0.000000,0.000000,0.000000,0.000000,0.000000,0.000000,0.000000,0.000000,0.000000,0.000000,0.000000,0.000000,0.000000,0.000000,0.000000,0.000000,0.000000,0.000000,0.000000,0.000000,0.000000,0.000000,0.000000,0.000000,0.000000,0.000000,0.000000,0.000000,0.000000,0.000000,0.000000,0.000000,0.000000,0.000000,0.000000,0.000000,0.000000,0.000000,0.000000,0.356690,0.000000,0.000000,0.000000,0.000000,0.000000,0.000000,0.000000,0.000000,0.000000,0.000000,0.000000,0.000000,0.000000,0.000000,0.000000,0.000000,0.000000,0.000000
0.000000,0.000000,0.000000,0.417247,0.217505,0.437374,0.000000,0.000000,0.000000,0.000000,0.000000,0.000000,0.000000,0.000000,0.233403,0.000000,0.000000,0.000000,0.000000,0.000000,0.339770,0.230276,0.000000,0.000000,0.228612,0.442226,0.000000,0.104478,0.395443,0.000000,0.303800,0.481507,0.000000,0.000000,0.000000,0.000000,0.000000,0.000000,0.000000,0.000000,0.000000,0.000000,0.000000,0.000000,0.000000,0.000000,0.000000,0.000000,0.000000,0.000000,0.000000,0.000000,0.000000,0.000000,0.000000,0.000000,0.000000,0.000000,0.000000,0.000000,0.000000,0.000000,0.000000,0.000000,0.000000,0.000000,0.000000,0.000000,0.000000,0.000000,0.210589,0.000000,0.000000,0.000000,0.000000,0.000000,0.000000,0.000000,0.000000,0.000000,0.000000,0.000000,0.000000,0.000000,0.000000,0.000000,0.000000,0.000000,0.000000,0.000000
0.000000,0.000000,0.000000,0.000000,0.000000,0.191818,0.000000,0.000000,0.000000,0.000000,0.000000,0.000000,0.000000,0.000000,0.000000,0.256205,0.000000,0.000000,0.000000,0.000000,0.000000,0.300057,0.000000,0.000000,0.459439,0.219817,0.104478,0.000000,0.000000,0.000000,0.000000,0.287562,0.000000,0.000000,0.000000,0.000000,0.000000,0.000000,0.000000,0.000000,0.000000,0.000000,0.000000,0.000000,0.000000,0.000000,0.000000,0.000000,0.000000,0.000000,0.000000,0.000000,0.000000,0.000000,0.000000,0.000000,0.000000,0.000000,0.000000,0.000000,0.000000,0.000000,0.000000,0.000000,0.000000,0.000000,0.000000,0.000000,0.000000,0.000000,0.000000,0.296766,0.000000,0.267311,0.000000,0.000000,0.000000,0.000000,0.000000,0.000000,0.000000,0.000000,0.000000,0.000000,0.000000,0.000000,0.000000,0.000000,0.000000,0.000000
0.379686,0.000000,0.000000,0.000000,0.294590,0.000000,0.000000,0.000000,0.000000,0.000000,0.279102,0.000000,0.282127,0.000000,0.257152,0.000000,0.287383,0.000000,0.360487,0.000000,0.303844,0.000000,0.000000,0.000000,0.000000,0.000000,0.395443,0.000000,0.000000,0.000000,0.000000,0.000000,0.000000,0.000000,0.000000,0.000000,0.000000,0.000000,0.000000,0.000000,0.274894,0.000000,0.000000,0.000000,0.474950,0.000000,0.000000,0.000000,0.462732,0.000000,0.000000,0.000000,0.000000,0.000000,0.000000,0.000000,0.386088,0.000000,0.386721,0.000000,0.000000,0.000000,0.000000,0.000000,0.000000,0.000000,0.000000,0.514393,0.359468,0.000000,0.000000,0.000000,0.390556,0.000000,0.000000,0.000000,0.000000,0.000000,0.192037,0.000000,0.217595,0.000000,0.309631,0.000000,0.000000,0.000000,0.386252,0.000000,0.000000,0.000000
0.000000,0.000000,0.000000,0.275702,0.000000,0.000000,0.000000,0.314407,0.000000,0.380553,0.000000,0.350255,0.000000,0.353118,0.000000,0.237152,0.000000,0.165706,0.000000,0.000000,0.000000,0.226605,0.000000,0.000000,0.000000,0.000000,0.000000,0.000000,0.000000,0.000000,0.000000,0.000000,0.000000,0.000000,0.000000,0.000000,0.000000,0.000000,0.000000,0.000000,0.000000,0.000000,0.000000,0.000000,0.000000,0.000000,0.000000,0.475139,0.000000,0.000000,0.000000,0.413826,0.000000,0.000000,0.000000,0.000000,0.000000,0.000000,0.000000,0.000000,0.000000,0.000000,0.000000,0.000000,0.000000,0.000000,0.000000,0.000000,0.000000,0.000000,0.000000,0.000000,0.000000,0.309509,0.000000,0.000000,0.000000,0.000000,0.000000,0.275574,0.000000,0.370761,0.000000,0.343057,0.000000,0.000000,0.000000,0.000000,0.000000,0.443314
0.000000,0.000000,0.000000,0.450869,0.358467,0.000000,0.000000,0.000000,0.000000,0.000000,0.000000,0.000000,0.000000,0.000000,0.000000,0.000000,0.000000,0.000000,0.000000,0.000000,0.255829,0.446305,0.248432,0.075672,0.206357,0.000000,0.303800,0.000000,0.000000,0.000000,0.000000,0.381311,0.313499,0.390468,0.000000,0.000000,0.000000,0.000000,0.000000,0.000000,0.000000,0.000000,0.000000,0.000000,0.000000,0.000000,0.000000,0.000000,0.000000,0.000000,0.000000,0.000000,0.000000,0.000000,0.000000,0.000000,0.000000,0.000000,0.000000,0.000000,0.000000,0.000000,0.000000,0.000000,0.000000,0.000000,0.000000,0.000000,0.000000,0.000000,0.281223,0.000000,0.000000,0.000000,0.000000,0.000000,0.000000,0.000000,0.000000,0.000000,0.000000,0.000000,0.000000,0.000000,0.000000,0.000000,0.000000,0.000000,0.000000,0.000000
0.000000,0.000000,0.447630,0.283634,0.000000,0.000000,0.000000,0.000000,0.000000,0.000000,0.000000,0.000000,0.000000,0.000000,0.000000,0.000000,0.000000,0.000000,0.000000,0.351482,0.374951,0.269985,0.421217,0.261084,0.480137,0.229041,0.481507,0.287562,0.000000,0.000000,0.381311,0.000000,0.389571,0.339624,0.000000,0.384351,0.000000,0.000000,0.000000,0.000000,0.000000,0.000000,0.000000,0.000000,0.000000,0.000000,0.000000,0.000000,0.000000,0.000000,0.000000,0.000000,0.000000,0.000000,0.000000,0.000000,0.000000,0.000000,0.000000,0.000000,0.000000,0.000000,0.000000,0.000000,0.000000,0.000000,0.000000,0.367797,0.000000,0.000000,0.000000,0.256965,0.000000,0.000000,0.000000,0.000000,0.000000,0.000000,0.000000,0.000000,0.000000,0.000000,0.000000,0.000000,0.000000,0.000000,0.000000,0.000000,0.000000,0.000000
0.000000,0.000000,0.000000,0.000000,0.000000,0.000000,0.000000,0.000000,0.000000,0.000000,0.000000,0.000000,0.000000,0.000000,0.000000,0.000000,0.000000,0.000000,0.228130,0.109644,0.000000,0.000000,0.316412,0.365691,0.000000,0.000000,0.000000,0.000000,0.000000,0.000000,0.313499,0.389571,0.000000,0.330532,0.277515,0.000000,0.000000,0.000000,0.390258,0.000000,0.000000,0.000000,0.000000,0.000000,0.000000,0.000000,0.357708,0.000000,0.000000,0.000000,0.000000,0.000000,0.000000,0.000000,0.000000,0.000000,0.000000,0.000000,0.000000,0.000000,0.000000,0.000000,0.000000,0.000000,0.000000,0.000000,0.261164,0.000000,0.271482,0.000000,0.000000,0.000000,0.000000,0.000000,0.000000,0.000000,0.000000,0.000000,0.000000,0.000000,0.000000,0.000000,0.000000,0.000000,0.000000,0.000000,0.396200,0.000000,0.000000,0.000000
0.000000,0.397569,0.000000,0.349288,0.000000,0.000000,0.000000,0.000000,0.000000,0.000000,0.000000,0.000000,0.000000,0.000000,0.000000,0.000000,0.000000,0.000000,0.476652,0.366559,0.000000,0.000000,0.375379,0.222387,0.000000,0.000000,0.000000,0.000000,0.000000,0.000000,0.390468,0.339624,0.330532,0.000000,0.124532,0.371047,0.000000,0.000000,0.000000,0.000000,0.000000,0.000000,0.000000,0.000000,0.000000,0.386291,0.000000,0.000000,0.000000,0.000000,0.000000,0.000000,0.000000,0.000000,0.000000,0.000000,0.000000,0.000000,0.000000,0.353403,0.000000,0.000000,0.000000,0.000000,0.000000,0.000000,0.521782,0.366617,0.508755,0.455469,0.000000,0.000000,0.000000,0.000000,0.000000,0.000000,0.000000,0.000000,0.000000,0.000000,0.000000,0.000000,0.000000,0.000000,0.000000,0.000000,0.000000,0.000000,0.000000,0.000000
0.000000,0.000000,0.000000,0.000000,0.000000,0.000000,0.000000,0.000000,0.000000,0.000000,0.000000,0.000000,0.000000,0.000000,0.000000,0.000000,0.000000,0.000000,0.000000,0.000000,0.000000,0.000000,0.000000,0.000000,0.000000,0.000000,0.000000,0.000000,0.000000,0.000000,0.000000,0.000000,0.277515,0.124532,0.000000,0.415725,0.272342,0.000000,0.381345,0.000000,0.000000,0.000000,0.175678,0.000000,0.000000,0.000000,0.372672,0.531884,0.000000,0.516034,0.000000,0.000000,0.000000,0.000000,0.000000,0.000000,0.000000,0.000000,0.000000,0.000000,0.000000,0.000000,0.000000,0.000000,0.000000,0.000000,0.241756,0.414176,0.000000,0.000000,0.000000,0.000000,0.000000,0.000000,0.000000,0.000000,0.000000,0.000000,0.000000,0.000000,0.000000,0.000000,0.000000,0.000000,0.000000,0.000000,0.380831,0.000000,0.000000,0.000000
0.000000,0.000000,0.000000,0.000000,0.000000,0.000000,0.000000,0.000000,0.000000,0.000000,0.000000,0.000000,0.000000,0.000000,0.000000,0.000000,0.000000,0.000000,0.000000,0.000000,0.000000,0.000000,0.000000,0.000000,0.000000,0.000000,0.000000,0.000000,0.000000,0.000000,0.000000,0.384351,0.000000,0.371047,0.415725,0.000000,0.000000,0.000000,0.000000,0.000000,0.000000,0.000000,0.000000,0.597284,0.000000,0.430046,0.000000,0.471167,0.000000,0.428968,0.000000,0.000000,0.000000,0.000000,0.000000,0.000000,0.000000,0.000000,0.000000,0.000000,0.000000,0.000000,0.000000,0.000000,0.000000,0.000000,0.000000,0.396999,0.000000,0.000000,0.000000,0.000000,0.000000,0.000000,0.000000,0.000000,0.000000,0.000000,0.000000,0.000000,0.000000,0.000000,0.000000,0.000000,0.000000,0.000000,0.000000,0.000000,0.000000,0.000000
0.000000,0.000000,0.347013,0.000000,0.000000,0.000000,0.000000,0.000000,0.000000,0.000000,0.000000,0.000000,0.000000,0.000000,0.000000,0.000000,0.000000,0.000000,0.516609,0.000000,0.000000,0.000000,0.000000,0.000000,0.000000,0.000000,0.000000,0.000000,0.000000,0.000000,0.000000,0.000000,0.000000,0.000000,0.272342,0.000000,0.000000,0.000000,0.224320,0.000000,0.176829,0.000000,0.000000,0.000000,0.000000,0.000000,0.225787,0.000000,0.000000,0.000000,0.000000,0.000000,0.000000,0.000000,0.136700,0.000000,0.000000,0.000000,0.000000,0.000000,0.000000,0.000000,0.000000,0.000000,0.000000,0.000000,0.350951,0.509271,0.520313,0.000000,0.000000,0.000000,0.000000,0.000000,0.000000,0.000000,0.346592,0.000000,0.000000,0.000000,0.000000,0.000000,0.275052,0.000000,0.000000,0.000000,0.294298,0.000000,0.279681,0.000000
0.000000,0.000000,0.000000,0.000000,0.000000,0.000000,0.000000,0.000000,0.000000,0.000000,0.000000,0.000000,0.000000,0.000000,0.000000,0.000000,0.000000,0.000000,0.000000,0.000000,0.000000,0.332551,0.000000,0.000000,0.000000,0.000000,0.000000,0.000000,0.000000,0.000000,0.000000,0.000000,0.000000,0.000000,0.000000,0.000000,0.000000,0.000000,0.000000,0.321131,0.000000,0.322434,0.000000,0.582337,0.000000,0.414105,0.000000,0.416410,0.000000,0.421017,0.000000,0.359479,0.000000,0.417841,0.000000,0.403214,0.000000,0.000000,0.000000,0.000000,0.000000,0.000000,0.000000,0.000000,0.000000,0.000000,0.000000,0.394019,0.000000,0.000000,0.000000,0.000000,0.000000,0.000000,0.000000,0.000000,0.000000,0.405563,0.000000,0.000000,0.527987,0.000000,0.492469,0.000000,0.508102,0.000000,0.000000,0.357847,0.000000,0.000000
0.000000,0.000000,0.000000,0.000000,0.000000,0.000000,0.000000,0.000000,0.000000,0.000000,0.000000,0.000000,0.000000,0.000000,0.139027,0.000000,0.000000,0.000000,0.000000,0.000000,0.000000,0.000000,0.000000,0.000000,0.000000,0.000000,0.000000,0.000000,0.000000,0.000000,0.000000,0.000000,0.390258,0.000000,0.381345,0.000000,0.224320,0.000000,0.000000,0.000000,0.204727,0.000000,0.357607,0.000000,0.364059,0.000000,0.282494,0.000000,0.000000,0.000000,0.000000,0.000000,0.388564,0.000000,0.284095,0.000000,0.000000,0.000000,0.000000,0.000000,0.000000,0.000000,0.000000,0.000000,0.000000,0.000000,0.336491,0.000000,0.000000,0.000000,0.000000,0.000000,0.000000,0.000000,0.000000,0.000000,0.000000,0.000000,0.000000,0.000000,0.000000,0.000000,0.259227,0.000000,0.000000,0.000000,0.280464,0.000000,0.303156,0.000000
0.000000,0.000000,0.000000,0.000000,0.000000,0.000000,0.000000,0.000000,0.000000,0.000000,0.000000,0.000000,0.000000,0.000000,0.000000,0.000000,0.000000,0.000000,0.000000,0.000000,0.000000,0.300318,0.000000,0.000000,0.000000,0.000000,0.000000,0.000000,0.000000,0.000000,0.000000,0.000000,0.000000,0.000000,0.000000,0.000000,0.000000,0.321131,0.000000,0.000000,0.000000,0.311237,0.000000,0.360154,0.000000,0.000000,0.000000,0.331611,0.000000,0.000000,0.000000,0.448031,0.000000,0.397485,0.000000,0.340263,0.000000,0.000000,0.000000,0.000000,0.000000,0.000000,0.000000,0.000000,0.000000,0.000000,0.000000,0.383475,0.000000,0.000000,0.000000,0.000000,0.000000,0.000000,0.000000,0.000000,0.000000,0.409369,0.000000,0.000000,0.000000,0.000000,0.000000,0.206540,0.000000,0.000000,0.000000,0.249311,0.000000,0.399006
0.000000,0.000000,0.000000,0.000000,0.000000,0.000000,0.000000,0.000000,0.310188,0.000000,0.000000,0.000000,0.000000,0.000000,0.386602,0.000000,0.000000,0.000000,0.000000,0.000000,0.169397,0.000000,0.000000,0.000000,0.000000,0.000000,0.000000,0.000000,0.274894,0.000000,0.000000,0.000000,0.000000,0.000000,0.000000,0.000000,0.176829,0.000000,0.204727,0.000000,0.000000,0.000000,0.000000,0.000000,0.000000,0.000000,0.000000,0.000000,0.000000,0.000000,0.000000,0.000000,0.000000,0.000000,0.000000,0.000000,0.000000,0.000000,0.000000,0.000000,0.000000,0.000000,0.000000,0.000000,0.000000,0.000000,0.000000,0.000000,0.000000,0.000000,0.000000,0.000000,0.312335,0.000000,0.321159,0.000000,0.000000,0.000000,0.000000,0.000000,0.000000,0.000000,0.289304,0.000000,0.000000,0.000000,0.317525,0.000000,0.000000,0.000000
0.000000,0.000000,0.000000,0.000000,0.000000,0.406855,0.000000,0.000000,0.000000,0.000000,0.000000,0.000000,0.000000,0.000000,0.000000,0.000000,0.000000,0.000000,0.000000,0.000000,0.000000,0.346062,0.000000,0.000000,0.000000,0.000000,0.000000,0.000000,0.000000,0.000000,0.000000,0.000000,0.000000,0.000000,0.000000,0.000000,0.000000,0.322434,0.000000,0.311237,0.000000,0.000000,0.000000,0.000000,0.000000,0.000000,0.000000,0.000000,0.000000,0.394940,0.000000,0.360831,0.000000,0.000000,0.000000,0.000000,0.000000,0.000000,0.000000,0.000000,0.000000,0.000000,0.000000,0.000000,0.000000,0.000000,0.000000,0.000000,0.000000,0.000000,0.000000,0.000000,0.000000,0.000000,0.000000,0.000000,0.000000,0.408070,0.000000,0.000000,0.000000,0.000000,0.000000,0.252563,0.000000,0.000000,0.000000,0.327567,0.000000,0.000000
0.000000,0.000000,0.000000,0.000000,0.000000,0.000000,0.000000,0.000000,0.000000,0.000000,0.000000,0.000000,0.000000,0.000000,0.000000,0.000000,0.000000,0.000000,0.000000,0.000000,0.000000,0.000000,0.000000,0.000000,0.000000,0.000000,0.000000,0.000000,0.000000,0.000000,0.000000,0.000000,0.000000,0.000000,0.175678,0.000000,0.000000,0.000000,0.357607,0.000000,0.000000,0.000000,0.000000,0.184206,0.372805,0.353400,0.306431,0.000000,0.337077,0.563119,0.385357,0.000000,0.210484,0.000000,0.364240,0.000000,0.000000,0.000000,0.000000,0.000000,0.000000,0.000000,0.000000,0.000000,0.000000,0.000000,0.333804,0.104369,0.000000,0.000000,0.000000,0.000000,0.000000,0.000000,0.000000,0.000000,0.000000,0.000000,0.000000,0.000000,0.000000,0.000000,0.415031,0.000000,0.451761,0.000000,0.320420,0.000000,0.378611,0.000000
0.000000,0.000000,0.000000,0.000000,0.000000,0.000000,0.000000,0.000000,0.000000,0.000000,0.000000,0.000000,0.000000,0.000000,0.000000,0.000000,0.000000,0.000000,0.000000,0.000000,0.000000,0.000000,0.000000,0.000000,0.000000,0.000000,0.000000,0.000000,0.000000,0.000000,0.000000,0.000000,0.000000,0.000000,0.000000,0.597284,0.000000,0.582337,0.000000,0.360154,0.000000,0.000000,0.184206,0.000000,0.000000,0.330467,0.121985,0.386959,0.000000,0.393627,0.000000,0.352824,0.000000,0.341873,0.000000,0.000000,0.000000,0.000000,0.000000,0.000000,0.000000,0.000000,0.000000,0.000000,0.000000,0.000000,0.134916,0.359738,0.000000,0.000000,0.000000,0.000000,0.000000,0.000000,0.000000,0.000000,0.000000,0.000000,0.000000,0.000000,0.000000,0.000000,0.000000,0.000000,0.000000,0.000000,0.000000,0.000000,0.000000,0.000000
0.000000,0.000000,0.000000,0.000000,0.000000,0.000000,0.000000,0.000000,0.000000,0.000000,0.000000,0.000000,0.000000,0.000000,0.445429,0.000000,0.000000,0.000000,0.000000,0.000000,0.000000,0.000000,0.000000,0.000000,0.000000,0.000000,0.000000,0.000000,0.474950,0.000000,0.000000,0.000000,0.000000,0.000000,0.000000,0.000000,0.000000,0.000000,0.364059,0.000000,0.000000,0.000000,0.372805,0.000000,0.000000,0.522995,0.374329,0.000000,0.285953,0.604131,0.000000,0.000000,0.000000,0.000000,0.415001,0.000000,0.000000,0.000000,0.277461,0.000000,0.000000,0.000000,0.000000,0.000000,0.000000,0.000000,0.272305,0.548527,0.000000,0.000000,0.000000,0.000000,0.000000,0.000000,0.000000,0.000000,0.000000,0.000000,0.000000,0.000000,0.425046,0.000000,0.433944,0.000000,0.000000,0.000000,0.000000,0.000000,0.000000,0.000000
0.000000,0.000000,0.000000,0.000000,0.000000,0.000000,0.000000,0.000000,0.000000,0.000000,0.000000,0.000000,0.000000,0.000000,0.000000,0.000000,0.000000,0.000000,0.000000,0.000000,0.000000,0.000000,0.000000,0.000000,0.000000,0.000000,0.000000,0.000000,0.000000,0.000000,0.000000,0.000000,0.000000,0.386291,0.000000,0.430046,0.000000,0.414105,0.000000,0.000000,0.000000,0.000000,0.353400,0.330467,0.522995,0.000000,0.000000,0.369644,0.615910,0.346285,0.000000,0.398245,0.000000,0.000000,0.000000,0.000000,0.000000,0.000000,0.000000,0.000000,0.000000,0.000000,0.000000,0.000000,0.000000,0.000000,0.484264,0.319316,0.000000,0.000000,0.000000,0.000000,0.000000,0.000000,0.000000,0.000000,0.000000,0.000000,0.000000,0.000000,0.000000,0.000000,0.511690,0.000000,0.000000,0.000000,0.000000,0.000000,0.000000,0.000000
0.000000,0.000000,0.000000,0.000000,0.000000,0.000000,0.000000,0.000000,0.000000,0.000000,0.000000,0.000000,0.000000,0.000000,0.000000,0.000000,0.000000,0.000000,0.000000,0.000000,0.000000,0.000000,0.000000,0.000000,0.000000,0.000000,0.000000,0.000000,0.000000,0.000000,0.000000,0.000000,0.357708,0.000000,0.372672,0.000000,0.225787,0.000000,0.282494,0.000000,0.000000,0.000000,0.306431,0.121985,0.374329,0.000000,0.000000,0.102011,0.000000,0.000000,0.256387,0.000000,0.259334,0.000000,0.319708,0.000000,0.000000,0.000000,0.000000,0.000000,0.000000,0.000000,0.000000,0.000000,0.000000,0.000000,0.203232,0.000000,0.000000,0.000000,0.000000,0.000000,0.000000,0.000000,0.000000,0.000000,0.000000,0.000000,0.000000,0.000000,0.000000,0.000000,0.375671,0.000000,0.000000,0.000000,0.338506,0.000000,0.362310,0.000000
0.000000,0.000000,0.000000,0.000000,0.000000,0.000000,0.000000,0.000000,0.000000,0.000000,0.000000,0.000000,0.000000,0.000000,0.000000,0.000000,0.000000,0.000000,0.000000,0.000000,0.000000,0.000000,0.000000,0.000000,0.000000,0.000000,0.000000,0.000000,0.000000,0.475139,0.000000,0.000000,0.000000,0.000000,0.531884,0.471167,0.000000,0.416410,0.000000,0.331611,0.000000,0.000000,0.000000,0.386959,0.000000,0.369644,0.102011,0.000000,0.000000,0.378842,0.000000,0.312211,0.000000,0.253043,0.000000,0.365484,0.000000,0.000000,0.000000,0.000000,0.000000,0.000000,0.000000,0.000000,0.000000,0.000000,0.000000,0.406188,0.000000,0.000000,0.000000,0.000000,0.000000,0.000000,0.000000,0.000000,0.000000,0.000000,0.000000,0.000000,0.000000,0.000000,0.000000,0.464958,0.000000,0.000000,0.000000,0.480937,0.000000,0.440121
0.000000,0.000000,0.000000,0.000000,0.000000,0.000000,0.000000,0.000000,0.000000,0.000000,0.000000,0.000000,0.000000,0.000000,0.425300,0.000000,0.000000,0.000000,0.000000,0.000000,0.000000,0.000000,0.000000,0.000000,0.000000,0.000000,0.000000,0.000000,0.462732,0.000000,0.000000,0.000000,0.000000,0.000000,0.000000,0.000000,0.000000,0.000000,0.000000,0.000000,0.000000,0.000000,0.337077,0.000000,0.285953,0.615910,0.000000,0.000000,0.000000,0.602644,0.335407,0.000000,0.384488,0.000000,0.384544,0.000000,0.000000,0.000000,0.260210,0.000000,0.000000,0.000000,0.000000,0.000000,0.000000,0.000000,0.298564,0.000000,0.000000,0.000000,0.000000,0.000000,0.473980,0.000000,0.000000,0.000000,0.000000,0.000000,0.000000,0.000000,0.434298,0.000000,0.407976,0.000000,0.403553,0.000000,0.000000,0.000000,0.404955,0.000000
