0.000000,0.000000,0.438464,0.000000,0.000000,0.000000,0.451113,0.000000,0.000000,0.000000,0.404163,0.000000,0.457684,0.000000,0.000000,0.000000,0.290498,0.000000,0.432831,0.000000,0.000000,0.000000,0.000000,0.000000,0.000000,0.000000,0.000000,0.000000,0.000000,0.000000,0.000000,0.000000,0.000000,0.000000,0.000000,0.000000,0.000000,0.000000,0.000000,0.000000,0.000000,0.000000,0.000000,0.000000,0.000000,0.000000,0.000000,0.000000,0.000000,0.000000,0.456054,0.000000,0.473003,0.000000,0.000000,0.000000,0.440083,0.000000,0.000000,0.000000,0.508207,0.000000,0.000000,0.000000,0.000000,0.000000,0.000000,0.000000,0.333126,0.000000,0.000000,0.000000,0.469181,0.000000,0.000000,0.000000,0.000000,0.000000,0.000000,0.000000,0.000000,0.000000,0.000000,0.000000,0.519923,0.000000,0.000000,0.000000,0.512330,0.000000
0.000000,0.000000,0.000000,0.395287,0.000000,0.000000,0.000000,0.444045,0.000000,0.000000,0.000000,0.425444,0.000000,0.424772,0.000000,0.000000,0.000000,0.326898,0.000000,0.462571,0.000000,0.000000,0.000000,0.000000,0.000000,0.000000,0.000000,0.000000,0.000000,0.000000,0.000000,0.000000,0.000000,0.000000,0.000000,0.000000,0.000000,0.000000,0.000000,0.000000,0.000000,0.000000,0.000000,0.000000,0.000000,0.000000,0.000000,0.000000,0.000000,0.000000,0.000000,0.000000,0.000000,0.000000,0.000000,0.000000,0.000000,0.429484,0.000000,0.000000,0.000000,0.000000,0.000000,0.467000,0.000000,0.000000,0.000000,0.000000,0.000000,0.000000,0.513532,0.000000,0.000000,0.442223,0.000000,0.446010,0.519513,0.000000,0.000000,0.000000,0.000000,0.478776,0.000000,0.000000,0.000000,0.469904,0.000000,0.000000,0.000000,0.525578
0.438464,0.000000,0.000000,0.592793,0.342129,0.521445,0.387358,0.000000,0.379460,0.000000,0.436515,0.000000,0.385193,0.000000,0.000000,0.000000,0.450721,0.000000,0.472102,0.551955,0.000000,0.000000,0.337835,0.000000,0.336989,0.000000,0.000000,0.557739,0.000000,0.000000,0.000000,0.000000,0.000000,0.000000,0.000000,0.000000,0.000000,0.000000,0.000000,0.000000,0.000000,0.000000,0.000000,0.000000,0.000000,0.000000,0.000000,0.000000,0.000000,0.000000,0.000000,0.000000,0.000000,0.000000,0.000000,0.000000,0.453437,0.000000,0.000000,0.000000,0.000000,0.000000,0.000000,0.000000,0.000000,0.000000,0.000000,0.000000,0.265664,0.000000,0.000000,0.000000,0.470192,0.000000,0.000000,0.000000,0.479167,0.000000,0.000000,0.000000,0.000000,0.000000,0.000000,0.000000,0.469996,0.000000,0.000000,0.000000,0.000000,0.000000
0.000000,0.395287,0.592793,0.000000,0.546638,0.247017,0.000000,0.376881,0.553508,0.354990,0.000000,0.402841,0.000000,0.395442,0.000000,0.385541,0.000000,0.476411,0.515723,0.392786,0.000000,0.000000,0.535255,0.347420,0.000000,0.289713,0.000000,0.000000,0.000000,0.000000,0.000000,0.361724,0.000000,0.483920,0.000000,0.543905,0.000000,0.000000,0.000000,0.000000,0.000000,0.000000,0.000000,0.000000,0.000000,0.000000,0.000000,0.000000,0.000000,0.000000,0.000000,0.000000,0.000000,0.000000,0.000000,0.000000,0.000000,0.000000,0.000000,0.000000,0.000000,0.000000,0.000000,0.000000,0.000000,0.000000,0.000000,0.563611,0.000000,0.000000,0.000000,0.502881,0.550032,0.469861,0.535698,0.522258,0.482090,0.434211,0.000000,0.000000,0.000000,0.000000,0.000000,0.000000,0.000000,0.000000,0.000000,0.000000,0.000000,0.000000
0.000000,0.000000,0.342129,0.546638,0.000000,0.000000,0.316504,0.000000,0.315940,0.575265,0.000000,0.000000,0.000000,0.000000,0.373223,0.562163,0.000000,0.000000,0.000000,0.558049,0.277312,0.000000,0.322320,0.544392,0.314684,0.000000,0.332052,0.570423,0.298037,0.000000,0.000000,0.000000,0.000000,0.000000,0.000000,0.000000,0.416719,0.589061,0.428978,0.000000,0.000000,0.000000,0.494525,0.000000,0.521887,0.000000,0.471815,0.000000,0.000000,0.000000,0.000000,0.000000,0.000000,0.000000,0.000000,0.000000,0.000000,0.000000,0.000000,0.000000,0.000000,0.000000,0.000000,0.000000,0.000000,0.000000,0.464277,0.000000,0.000000,0.000000,0.358597,0.000000,0.414373,0.586689,0.407588,0.000000,0.425977,0.000000,0.000000,0.000000,0.000000,0.000000,0.469320,0.557522,0.000000,0.000000,0.000000,0.000000,0.000000,0.000000
0.000000,0.000000,0.521445,0.247017,0.000000,0.000000,0.000000,0.000000,0.000000,0.331007,0.000000,0.000000,0.000000,0.000000,0.000000,0.359926,0.000000,0.000000,0.000000,0.000000,0.468963,0.300317,0.509681,0.000000,0.560944,0.329834,0.510036,0.343028,0.000000,0.425472,0.434242,0.387722,0.000000,0.000000,0.000000,0.000000,0.000000,0.000000,0.000000,0.000000,0.000000,0.000000,0.000000,0.000000,0.000000,0.000000,0.000000,0.000000,0.000000,0.000000,0.000000,0.000000,0.000000,0.000000,0.000000,0.000000,0.000000,0.000000,0.000000,0.000000,0.000000,0.000000,0.000000,0.000000,0.000000,0.000000,0.000000,0.000000,0.000000,0.000000,0.000000,0.449696,0.000000,0.413771,0.000000,0.372136,0.000000,0.439404,0.000000,0.000000,0.000000,0.000000,0.000000,0.485245,0.000000,0.000000,0.000000,0.451778,0.000000,0.000000
0.451113,0.000000,0.387358,0.000000,0.316504,0.000000,0.000000,0.000000,0.367006,0.000000,0.426214,0.000000,0.403656,0.000000,0.000000,0.000000,0.000000,0.000000,0.000000,0.000000,0.000000,0.000000,0.392076,0.000000,0.000000,0.000000,0.000000,0.000000,0.000000,0.000000,0.000000,0.000000,0.000000,0.000000,0.000000,0.000000,0.000000,0.000000,0.000000,0.000000,0.000000,0.000000,0.000000,0.000000,0.000000,0.000000,0.000000,0.000000,0.000000,0.000000,0.000000,0.000000,0.000000,0.000000,0.000000,0.000000,0.000000,0.000000,0.000000,0.000000,0.000000,0.000000,0.000000,0.000000,0.000000,0.000000,0.000000,0.000000,0.000000,0.000000,0.000000,0.000000,0.441481,0.000000,0.000000,0.000000,0.000000,0.000000,0.000000,0.000000,0.000000,0.000000,0.000000,0.000000,0.000000,0.000000,0.000000,0.000000,0.000000,0.000000
0.000000,0.444045,0.000000,0.376881,0.000000,0.000000,0.000000,0.000000,0.000000,0.383268,0.000000,0.418319,0.000000,0.387632,0.000000,0.383000,0.000000,0.000000,0.000000,0.000000,0.000000,0.000000,0.485930,0.000000,0.000000,0.000000,0.000000,0.000000,0.000000,0.000000,0.000000,0.000000,0.000000,0.000000,0.000000,0.000000,0.000000,0.000000,0.000000,0.000000,0.000000,0.000000,0.000000,0.000000,0.000000,0.000000,0.000000,0.000000,0.000000,0.000000,0.000000,0.000000,0.000000,0.000000,0.000000,0.000000,0.000000,0.000000,0.000000,0.000000,0.000000,0.000000,0.000000,0.000000,0.000000,0.000000,0.000000,0.000000,0.000000,0.000000,0.000000,0.000000,0.000000,0.000000,0.000000,0.444179,0.448671,0.467630,0.000000,0.000000,0.000000,0.000000,0.000000,0.000000,0.000000,0.000000,0.000000,0.000000,0.000000,0.000000
0.000000,0.000000,0.379460,0.553508,0.315940,0.000000,0.367006,0.000000,0.000000,0.000000,0.000000,0.000000,0.375907,0.000000,0.347813,0.552036,0.000000,0.000000,0.000000,0.558528,0.000000,0.000000,0.000000,0.000000,0.000000,0.000000,0.000000,0.000000,0.000000,0.000000,0.000000,0.000000,0.000000,0.000000,0.000000,0.000000,0.000000,0.590007,0.000000,0.000000,0.000000,0.000000,0.499489,0.000000,0.515099,0.000000,0.000000,0.000000,0.000000,0.000000,0.000000,0.000000,0.000000,0.000000,0.000000,0.000000,0.000000,0.000000,0.000000,0.000000,0.000000,0.000000,0.000000,0.000000,0.000000,0.000000,0.482788,0.000000,0.000000,0.000000,0.000000,0.000000,0.421684,0.599753,0.415974,0.000000,0.449346,0.000000,0.000000,0.000000,0.000000,0.000000,0.000000,0.000000,0.000000,0.000000,0.000000,0.545951,0.000000,0.000000
0.000000,0.000000,0.000000,0.354990,0.575265,0.331007,0.000000,0.383268,0.000000,0.000000,0.000000,0.000000,0.000000,0.386342,0.000000,0.367411,0.000000,0.000000,0.000000,0.000000,0.000000,0.000000,0.479088,0.000000,0.000000,0.000000,0.571887,0.000000,0.000000,0.000000,0.000000,0.000000,0.000000,0.000000,0.000000,0.000000,0.602292,0.000000,0.000000,0.000000,0.000000,0.000000,0.505675,0.493604,0.000000,0.000000,0.000000,0.493269,0.000000,0.000000,0.000000,0.472014,0.000000,0.000000,0.000000,0.500050,0.000000,0.000000,0.000000,0.000000,0.000000,0.000000,0.000000,0.000000,0.000000,0.000000,0.000000,0.000000,0.000000,0.000000,0.000000,0.000000,0.000000,0.420456,0.595951,0.426763,0.000000,0.000000,0.000000,0.000000,0.000000,0.000000,0.591213,0.466311,0.531082,0.000000,0.000000,0.456166,0.000000,0.000000
0.404163,0.000000,0.436515,0.000000,0.000000,0.000000,0.426214,0.000000,0.000000,0.000000,0.000000,0.000000,0.378193,0.000000,0.000000,0.000000,0.400156,0.000000,0.000000,0.000000,0.000000,0.000000,0.440069,0.000000,0.000000,0.000000,0.000000,0.000000,0.336491,0.000000,0.000000,0.000000,0.000000,0.000000,0.000000,0.000000,0.000000,0.000000,0.000000,0.000000,0.000000,0.000000,0.000000,0.000000,0.000000,0.000000,0.000000,0.000000,0.000000,0.000000,0.000000,0.000000,0.000000,0.000000,0.000000,0.000000,0.300399,0.000000,0.000000,0.000000,0.000000,0.000000,0.000000,0.000000,0.000000,0.000000,0.000000,0.000000,0.000000,0.000000,0.000000,0.000000,0.000000,0.000000,0.000000,0.000000,0.000000,0.000000,0.000000,0.000000,0.000000,0.000000,0.000000,0.000000,0.000000,0.000000,0.000000,0.000000,0.000000,0.000000
0.000000,0.425444,0.000000,0.402841,0.000000,0.000000,0.000000,0.418319,0.000000,0.000000,0.000000,0.000000,0.000000,0.350595,0.000000,0.354544,0.000000,0.449743,0.000000,0.000000,0.000000,0.000000,0.000000,0.000000,0.000000,0.000000,0.000000,0.000000,0.000000,0.416816,0.000000,0.000000,0.000000,0.000000,0.000000,0.000000,0.000000,0.000000,0.000000,0.000000,0.000000,0.000000,0.000000,0.000000,0.000000,0.000000,0.000000,0.000000,0.000000,0.000000,0.000000,0.000000,0.000000,0.000000,0.000000,0.000000,0.000000,0.000000,0.000000,0.000000,0.000000,0.000000,0.000000,0.000000,0.000000,0.000000,0.000000,0.000000,0.000000,0.000000,0.000000,0.000000,0.000000,0.405521,0.000000,0.000000,0.000000,0.000000,0.000000,0.000000,0.000000,0.000000,0.000000,0.000000,0.000000,0.000000,0.000000,0.000000,0.000000,0.000000
0.457684,0.000000,0.385193,0.000000,0.000000,0.000000,0.403656,0.000000,0.375907,0.000000,0.378193,0.000000,0.000000,0.000000,0.355407,0.000000,0.414576,0.000000,0.000000,0.000000,0.000000,0.000000,0.396385,0.000000,0.000000,0.000000,0.000000,0.000000,0.394116,0.000000,0.000000,0.000000,0.389942,0.000000,0.000000,0.000000,0.000000,0.000000,0.000000,0.000000,0.000000,0.000000,0.000000,0.000000,0.498406,0.000000,0.000000,0.000000,0.000000,0.000000,0.000000,0.000000,0.000000,0.000000,0.000000,0.000000,0.000000,0.000000,0.457358,0.000000,0.000000,0.000000,0.000000,0.000000,0.000000,0.000000,0.477588,0.000000,0.000000,0.000000,0.000000,0.000000,0.430900,0.000000,0.437083,0.000000,0.466364,0.000000,0.000000,0.000000,0.409146,0.000000,0.000000,0.000000,0.458619,0.000000,0.000000,0.000000,0.474136,0.000000
0.000000,0.424772,0.000000,0.395442,0.000000,0.000000,0.000000,0.387632,0.000000,0.386342,0.000000,0.350595,0.000000,0.000000,0.000000,0.384618,0.000000,0.423934,0.000000,0.000000,0.000000,0.000000,0.000000,0.000000,0.000000,0.000000,0.000000,0.000000,0.000000,0.392923,0.000000,0.000000,0.000000,0.000000,0.000000,0.000000,0.000000,0.000000,0.000000,0.000000,0.000000,0.000000,0.000000,0.000000,0.000000,0.000000,0.000000,0.000000,0.000000,0.000000,0.000000,0.000000,0.000000,0.000000,0.000000,0.000000,0.000000,0.000000,0.000000,0.000000,0.000000,0.000000,0.000000,0.000000,0.000000,0.000000,0.000000,0.445672,0.000000,0.000000,0.000000,0.000000,0.000000,0.424075,0.000000,0.427693,0.000000,0.000000,0.000000,0.000000,0.000000,0.000000,0.000000,0.000000,0.000000,0.000000,0.000000,0.000000,0.000000,0.000000
0.000000,0.000000,0.000000,0.000000,0.373223,0.000000,0.000000,0.000000,0.347813,0.000000,0.000000,0.000000,0.355407,0.000000,0.000000,0.000000,0.000000,0.000000,0.000000,0.000000,0.367478,0.000000,0.000000,0.000000,0.000000,0.000000,0.326323,0.000000,0.400387,0.000000,0.000000,0.000000,0.000000,0.000000,0.000000,0.000000,0.504192,0.569529,0.423073,0.000000,0.399843,0.000000,0.468660,0.000000,0.512228,0.000000,0.000000,0.000000,0.000000,0.000000,0.493520,0.000000,0.000000,0.000000,0.000000,0.000000,0.000000,0.000000,0.472575,0.000000,0.000000,0.000000,0.000000,0.000000,0.000000,0.000000,0.483682,0.000000,0.000000,0.000000,0.310258,0.000000,0.421132,0.582235,0.421105,0.000000,0.451995,0.000000,0.000000,0.000000,0.450006,0.000000,0.427470,0.551143,0.482656,0.000000,0.000000,0.000000,0.000000,0.000000
0.000000,0.000000,0.000000,0.385541,0.562163,0.359926,0.000000,0.383000,0.552036,0.367411,0.000000,0.354544,0.000000,0.384618,0.000000,0.000000,0.000000,0.000000,0.000000,0.000000,0.000000,0.271662,0.506305,0.000000,0.000000,0.000000,0.562599,0.369098,0.000000,0.390845,0.000000,0.000000,0.000000,0.000000,0.000000,0.000000,0.596295,0.000000,0.000000,0.000000,0.000000,0.000000,0.566506,0.000000,0.000000,0.000000,0.000000,0.000000,0.000000,0.000000,0.000000,0.000000,0.000000,0.000000,0.000000,0.461748,0.000000,0.425992,0.000000,0.000000,0.000000,0.000000,0.000000,0.000000,0.000000,0.000000,0.000000,0.458526,0.000000,0.000000,0.000000,0.000000,0.000000,0.437974,0.566087,0.412399,0.574040,0.000000,0.000000,0.000000,0.559237,0.000000,0.000000,0.404788,0.000000,0.000000,0.000000,0.000000,0.000000,0.000000
0.290498,0.000000,0.450721,0.000000,0.000000,0.000000,0.000000,0.000000,0.000000,0.000000,0.400156,0.000000,0.414576,0.000000,0.000000,0.000000,0.000000,0.000000,0.000000,0.000000,0.000000,0.000000,0.000000,0.000000,0.000000,0.000000,0.000000,0.000000,0.338757,0.000000,0.000000,0.000000,0.000000,0.000000,0.000000,0.000000,0.000000,0.000000,0.000000,0.000000,0.000000,0.000000,0.000000,0.000000,0.000000,0.000000,0.000000,0.000000,0.000000,0.000000,0.000000,0.000000,0.000000,0.000000,0.000000,0.000000,0.360771,0.000000,0.000000,0.000000,0.000000,0.000000,0.413666,0.000000,0.000000,0.000000,0.000000,0.000000,0.000000,0.000000,0.000000,0.000000,0.365967,0.000000,0.000000,0.000000,0.000000,0.000000,0.291881,0.000000,0.355654,0.000000,0.422489,0.000000,0.000000,0.000000,0.000000,0.000000,0.000000,0.000000
0.000000,0.326898,0.000000,0.476411,0.000000,0.000000,0.000000,0.000000,0.000000,0.000000,0.000000,0.449743,0.000000,0.423934,0.000000,0.000000,0.000000,0.000000,0.000000,0.000000,0.000000,0.000000,0.000000,0.000000,0.000000,0.000000,0.000000,0.000000,0.000000,0.373049,0.000000,0.000000,0.000000,0.000000,0.000000,0.000000,0.000000,0.000000,0.000000,0.000000,0.000000,0.000000,0.000000,0.000000,0.000000,0.000000,0.000000,0.000000,0.000000,0.000000,0.000000,0.000000,0.000000,0.000000,0.000000,0.000000,0.000000,0.372769,0.000000,0.000000,0.000000,0.000000,0.000000,0.431968,0.000000,0.000000,0.000000,0.000000,0.000000,0.000000,0.000000,0.000000,0.000000,0.386409,0.000000,0.000000,0.000000,0.000000,0.000000,0.315228,0.000000,0.398103,0.000000,0.459861,0.000000,0.000000,0.000000,0.000000,0.000000,0.000000
0.432831,0.000000,0.472102,0.515723,0.000000,0.000000,0.000000,0.000000,0.000000,0.000000,0.000000,0.000000,0.000000,0.000000,0.000000,0.000000,0.000000,0.000000,0.000000,0.536655,0.000000,0.000000,0.340852,0.523364,0.000000,0.000000,0.000000,0.000000,0.463628,0.000000,0.445381,0.000000,0.392056,0.324780,0.000000,0.000000,0.000000,0.000000,0.000000,0.000000,0.000000,0.000000,0.000000,0.000000,0.467725,0.000000,0.000000,0.000000,0.000000,0.000000,0.000000,0.000000,0.000000,0.000000,0.000000,0.000000,0.000000,0.000000,0.469296,0.000000,0.000000,0.000000,0.000000,0.000000,0.000000,0.000000,0.496428,0.000000,0.360360,0.000000,0.000000,0.000000,0.483204,0.000000,0.473917,0.555403,0.469270,0.000000,0.000000,0.000000,0.000000,0.000000,0.000000,0.000000,0.474135,0.000000,0.000000,0.000000,0.000000,0.000000
0.000000,0.462571,0.551955,0.392786,0.558049,0.000000,0.000000,0.000000,0.558528,0.000000,0.000000,0.000000,0.000000,0.000000,0.000000,0.000000,0.000000,0.000000,0.536655,0.000000,0.000000,0.000000,0.587650,0.390480,0.000000,0.000000,0.000000,0.000000,0.000000,0.000000,0.000000,0.386623,0.000000,0.400794,0.000000,0.000000,0.000000,0.000000,0.000000,0.000000,0.000000,0.000000,0.000000,0.000000,0.000000,0.000000,0.000000,0.000000,0.000000,0.000000,0.000000,0.000000,0.000000,0.000000,0.000000,0.000000,0.000000,0.000000,0.000000,0.000000,0.000000,0.000000,0.000000,0.000000,0.000000,0.000000,0.000000,0.453390,0.562770,0.417608,0.608723,0.000000,0.560728,0.476854,0.563573,0.459484,0.499168,0.000000,0.000000,0.000000,0.000000,0.000000,0.000000,0.000000,0.000000,0.000000,0.000000,0.000000,0.000000,0.000000
0.000000,0.000000,0.000000,0.000000,0.277312,0.468963,0.000000,0.000000,0.000000,0.000000,0.000000,0.000000,0.000000,0.000000,0.367478,0.000000,0.000000,0.000000,0.000000,0.000000,0.000000,0.483669,0.427431,0.000000,0.305150,0.491491,0.294456,0.000000,0.297374,0.000000,0.338270,0.528642,0.000000,0.000000,0.000000,0.000000,0.000000,0.617004,0.274859,0.000000,0.396711,0.000000,0.000000,0.000000,0.000000,0.000000,0.493844,0.000000,0.000000,0.000000,0.000000,0.000000,0.000000,0.000000,0.000000,0.000000,0.000000,0.000000,0.000000,0.000000,0.000000,0.000000,0.000000,0.000000,0.000000,0.000000,0.000000,0.000000,0.000000,0.000000,0.273867,0.360151,0.300875,0.000000,0.000000,0.000000,0.000000,0.000000,0.000000,0.000000,0.000000,0.000000,0.363257,0.000000,0.000000,0.000000,0.349556,0.000000,0.000000,0.000000
0.000000,0.000000,0.000000,0.000000,0.000000,0.300317,0.000000,0.000000,0.000000,0.000000,0.000000,0.000000,0.000000,0.000000,0.000000,0.271662,0.000000,0.000000,0.000000,0.000000,0.483669,0.000000,0.466743,0.000000,0.510450,0.294742,0.346663,0.323649,0.000000,0.000000,0.459260,0.342826,0.000000,0.000000,0.000000,0.000000,0.000000,0.000000,0.000000,0.000000,0.000000,0.000000,0.000000,0.000000,0.000000,0.000000,0.000000,0.000000,0.000000,0.000000,0.000000,0.000000,0.000000,0.000000,0.000000,0.000000,0.000000,0.000000,0.000000,0.000000,0.000000,0.000000,0.000000,0.000000,0.000000,0.000000,0.000000,0.000000,0.000000,0.000000,0.338386,0.298598,0.000000,0.000000,0.000000,0.000000,0.000000,0.000000,0.000000,0.000000,0.000000,0.000000,0.000000,0.429914,0.000000,0.000000,0.000000,0.447377,0.000000,0.000000
0.000000,0.000000,0.337835,0.535255,0.322320,0.509681,0.392076,0.485930,0.000000,0.479088,0.440069,0.000000,0.396385,0.000000,0.000000,0.506305,0.000000,0.000000,0.340852,0.587650,0.427431,0.466743,0.000000,0.508739,0.322941,0.507011,0.000000,0.535148,0.425481,0.000000,0.386396,0.474286,0.478836,0.000000,0.499522,0.000000,0.000000,0.000000,0.000000,0.000000,0.000000,0.000000,0.000000,0.000000,0.475012,0.000000,0.572730,0.000000,0.000000,0.000000,0.000000,0.000000,0.000000,0.000000,0.000000,0.000000,0.000000,0.000000,0.449156,0.000000,0.000000,0.000000,0.000000,0.000000,0.000000,0.000000,0.504459,0.000000,0.000000,0.000000,0.000000,0.000000,0.429142,0.000000,0.418810,0.000000,0.430667,0.550470,0.441932,0.000000,0.000000,0.000000,0.000000,0.000000,0.473521,0.000000,0.000000,0.000000,0.000000,0.000000
0.000000,0.000000,0.000000,0.347420,0.544392,0.000000,0.000000,0.000000,0.000000,0.000000,0.000000,0.000000,0.000000,0.000000,0.000000,0.000000,0.000000,0.000000,0.523364,0.390480,0.000000,0.000000,0.508739,0.000000,0.000000,0.314672,0.000000,0.000000,0.000000,0.000000,0.474124,0.326622,0.000000,0.480716,0.000000,0.520467,0.000000,0.000000,0.000000,0.000000,0.000000,0.000000,0.000000,0.000000,0.000000,0.000000,0.000000,0.000000,0.000000,0.000000,0.000000,0.000000,0.000000,0.000000,0.000000,0.000000,0.000000,0.000000,0.000000,0.000000,0.000000,0.000000,0.000000,0.000000,0.000000,0.000000,0.000000,0.525227,0.000000,0.000000,0.000000,0.000000,0.536459,0.000000,0.554178,0.000000,0.000000,0.429504,0.000000,0.000000,0.000000,0.000000,0.000000,0.000000,0.000000,0.000000,0.000000,0.000000,0.000000,0.000000
0.000000,0.000000,0.336989,0.000000,0.314684,0.560944,0.000000,0.000000,0.000000,0.000000,0.000000,0.000000,0.000000,0.000000,0.000000,0.000000,0.000000,0.000000,0.000000,0.000000,0.305150,0.510450,0.322941,0.000000,0.000000,0.543042,0.335242,0.541725,0.000000,0.000000,0.325024,0.517760,0.000000,0.000000,0.000000,0.000000,0.000000,0.604499,0.000000,0.000000,0.000000,0.000000,0.535926,0.000000,0.000000,0.000000,0.000000,0.000000,0.000000,0.000000,0.000000,0.000000,0.000000,0.000000,0.000000,0.000000,0.000000,0.000000,0.000000,0.000000,0.000000,0.000000,0.000000,0.000000,0.000000,0.000000,0.000000,0.000000,0.000000,0.000000,0.363897,0.000000,0.427102,0.000000,0.434395,0.000000,0.413855,0.000000,0.000000,0.000000,0.000000,0.000000,0.000000,0.000000,0.000000,0.000000,0.000000,0.544447,0.000000,0.000000
0.000000,0.000000,0.000000,0.289713,0.000000,0.329834,0.000000,0.000000,0.000000,0.000000,0.000000,0.000000,0.000000,0.000000,0.000000,0.000000,0.000000,0.000000,0.000000,0.000000,0.491491,0.294742,0.507011,0.314672,0.543042,0.000000,0.000000,0.347617,0.000000,0.000000,0.418758,0.357180,0.000000,0.509758,0.000000,0.000000,0.000000,0.000000,0.000000,0.000000,0.000000,0.000000,0.000000,0.000000,0.000000,0.000000,0.000000,0.000000,0.000000,0.000000,0.000000,0.000000,0.000000,0.000000,0.000000,0.000000,0.000000,0.000000,0.000000,0.000000,0.000000,0.000000,0.000000,0.000000,0.000000,0.000000,0.000000,0.544918,0.000000,0.000000,0.000000,0.313093,0.000000,0.000000,0.000000,0.000000,0.000000,0.000000,0.000000,0.000000,0.000000,0.000000,0.000000,0.000000,0.000000,0.000000,0.000000,0.000000,0.000000,0.000000
0.000000,0.000000,0.000000,0.000000,0.332052,0.510036,0.000000,0.000000,0.000000,0.571887,0.000000,0.000000,0.000000,0.000000,0.326323,0.562599,0.000000,0.000000,0.000000,0.000000,0.294456,0.346663,0.000000,0.000000,0.335242,0.000000,0.000000,0.455585,0.000000,0.000000,0.347280,0.000000,0.000000,0.000000,0.000000,0.000000,0.000000,0.601187,0.387838,0.000000,0.404646,0.000000,0.499392,0.000000,0.000000,0.000000,0.507412,0.000000,0.000000,0.000000,0.000000,0.000000,0.000000,0.000000,0.000000,0.000000,0.000000,0.000000,0.000000,0.000000,0.000000,0.000000,0.000000,0.000000,0.000000,0.000000,0.000000,0.000000,0.000000,0.000000,0.305031,0.404301,0.395543,0.000000,0.388728,0.000000,0.000000,0.000000,0.000000,0.000000,0.000000,0.000000,0.450613,0.530106,0.000000,0.000000,0.400538,0.000000,0.000000,0.000000
0.000000,0.000000,0.557739,0.000000,0.570423,0.343028,0.000000,0.000000,0.000000,0.000000,0.000000,0.000000,0.000000,0.000000,0.000000,0.369098,0.000000,0.000000,0.000000,0.000000,0.000000,0.323649,0.535148,0.000000,0.541725,0.347617,0.455585,0.000000,0.000000,0.308001,0.000000,0.405572,0.000000,0.000000,0.000000,0.000000,0.000000,0.000000,0.000000,0.000000,0.000000,0.358907,0.000000,0.000000,0.000000,0.000000,0.000000,0.000000,0.000000,0.000000,0.000000,0.000000,0.000000,0.000000,0.000000,0.000000,0.000000,0.000000,0.000000,0.000000,0.000000,0.000000,0.000000,0.000000,0.000000,0.000000,0.000000,0.000000,0.000000,0.000000,0.000000,0.289875,0.000000,0.318935,0.000000,0.000000,0.000000,0.000000,0.000000,0.000000,0.000000,0.000000,0.000000,0.458712,0.000000,0.000000,0.000000,0.437547,0.000000,0.000000
0.000000,0.000000,0.000000,0.000000,0.298037,0.000000,0.000000,0.000000,0.000000,0.000000,0.336491,0.000000,0.394116,0.000000,0.400387,0.000000,0.338757,0.000000,0.463628,0.000000,0.297374,0.000000,0.425481,0.000000,0.000000,0.000000,0.000000,0.000000,0.000000,0.000000,0.000000,0.000000,0.396439,0.000000,0.000000,0.000000,0.000000,0.000000,0.000000,0.000000,0.000000,0.000000,0.479461,0.000000,0.508819,0.000000,0.000000,0.000000,0.000000,0.000000,0.000000,0.000000,0.000000,0.000000,0.000000,0.000000,0.000000,0.000000,0.471296,0.000000,0.000000,0.000000,0.332838,0.000000,0.000000,0.000000,0.448495,0.000000,0.000000,0.000000,0.000000,0.000000,0.373693,0.000000,0.000000,0.000000,0.000000,0.000000,0.000000,0.000000,0.366140,0.000000,0.330776,0.000000,0.464083,0.000000,0.000000,0.000000,0.000000,0.000000
0.000000,0.000000,0.000000,0.000000,0.000000,0.425472,0.000000,0.000000,0.000000,0.000000,0.000000,0.416816,0.000000,0.392923,0.000000,0.390845,0.000000,0.373049,0.000000,0.000000,0.000000,0.000000,0.000000,0.000000,0.000000,0.000000,0.000000,0.308001,0.000000,0.000000,0.000000,0.000000,0.000000,0.000000,0.000000,0.000000,0.590347,0.000000,0.000000,0.000000,0.000000,0.000000,0.591150,0.485910,0.000000,0.000000,0.000000,0.508910,0.000000,0.000000,0.567870,0.000000,0.000000,0.000000,0.000000,0.000000,0.000000,0.406427,0.000000,0.000000,0.000000,0.000000,0.000000,0.000000,0.000000,0.000000,0.000000,0.452284,0.000000,0.000000,0.000000,0.000000,0.000000,0.423343,0.000000,0.460962,0.000000,0.000000,0.000000,0.335885,0.000000,0.403810,0.555885,0.428115,0.000000,0.000000,0.000000,0.000000,0.000000,0.000000
0.000000,0.000000,0.000000,0.000000,0.000000,0.434242,0.000000,0.000000,0.000000,0.000000,0.000000,0.000000,0.000000,0.000000,0.000000,0.000000,0.000000,0.000000,0.445381,0.000000,0.338270,0.459260,0.386396,0.474124,0.325024,0.418758,0.347280,0.000000,0.000000,0.000000,0.000000,0.434820,0.483967,0.471778,0.545868,0.000000,0.636226,0.000000,0.000000,0.000000,0.000000,0.000000,0.000000,0.000000,0.000000,0.000000,0.587416,0.000000,0.000000,0.000000,0.000000,0.000000,0.000000,0.000000,0.000000,0.000000,0.000000,0.000000,0.000000,0.000000,0.000000,0.000000,0.000000,0.000000,0.000000,0.000000,0.559210,0.000000,0.000000,0.000000,0.292577,0.000000,0.000000,0.000000,0.000000,0.000000,0.000000,0.000000,0.000000,0.000000,0.000000,0.000000,0.000000,0.000000,0.000000,0.000000,0.000000,0.000000,0.000000,0.000000
0.000000,0.000000,0.000000,0.361724,0.000000,0.387722,0.000000,0.000000,0.000000,0.000000,0.000000,0.000000,0.000000,0.000000,0.000000,0.000000,0.000000,0.000000,0.000000,0.386623,0.528642,0.342826,0.474286,0.326622,0.517760,0.357180,0.000000,0.405572,0.000000,0.000000,0.434820,0.000000,0.000000,0.493786,0.000000,0.569374,0.000000,0.000000,0.000000,0.000000,0.000000,0.000000,0.000000,0.000000,0.000000,0.000000,0.000000,0.000000,0.000000,0.000000,0.000000,0.000000,0.000000,0.000000,0.000000,0.000000,0.000000,0.000000,0.000000,0.000000,0.000000,0.000000,0.000000,0.000000,0.000000,0.000000,0.000000,0.539459,0.000000,0.000000,0.000000,0.354278,0.000000,0.000000,0.000000,0.000000,0.000000,0.000000,0.000000,0.000000,0.000000,0.000000,0.000000,0.000000,0.000000,0.000000,0.000000,0.000000,0.000000,0.000000
0.000000,0.000000,0.000000,0.000000,0.000000,0.000000,0.000000,0.000000,0.000000,0.000000,0.000000,0.000000,0.389942,0.000000,0.000000,0.000000,0.000000,0.000000,0.392056,0.000000,0.000000,0.000000,0.478836,0.000000,0.000000,0.000000,0.000000,0.000000,0.396439,0.000000,0.483967,0.000000,0.000000,0.552098,0.449469,0.000000,0.606708,0.000000,0.000000,0.000000,0.000000,0.000000,0.000000,0.000000,0.000000,0.000000,0.563993,0.000000,0.000000,0.000000,0.000000,0.000000,0.000000,0.000000,0.000000,0.000000,0.000000,0.000000,0.000000,0.000000,0.000000,0.000000,0.000000,0.000000,0.000000,0.000000,0.478394,0.000000,0.373862,0.480408,0.000000,0.000000,0.000000,0.000000,0.000000,0.000000,0.000000,0.000000,0.000000,0.000000,0.000000,0.000000,0.000000,0.000000,0.484685,0.000000,0.000000,0.000000,0.000000,0.000000
0.000000,0.000000,0.000000,0.483920,0.000000,0.000000,0.000000,0.000000,0.000000,0.000000,0.000000,0.000000,0.000000,0.000000,0.000000,0.000000,0.000000,0.000000,0.324780,0.400794,0.000000,0.000000,0.000000,0.480716,0.000000,0.509758,0.000000,0.000000,0.000000,0.000000,0.471778,0.493786,0.552098,0.000000,0.310514,0.416624,0.000000,0.524451,0.000000,0.000000,0.000000,0.000000,0.000000,0.000000,0.000000,0.000000,0.000000,0.000000,0.000000,0.000000,0.000000,0.000000,0.000000,0.000000,0.000000,0.000000,0.000000,0.000000,0.000000,0.000000,0.000000,0.000000,0.000000,0.000000,0.000000,0.000000,0.000000,0.430623,0.000000,0.383596,0.000000,0.000000,0.000000,0.000000,0.000000,0.000000,0.000000,0.000000,0.000000,0.000000,0.000000,0.000000,0.000000,0.000000,0.446983,0.000000,0.000000,0.000000,0.000000,0.000000
0.000000,0.000000,0.000000,0.000000,0.000000,0.000000,0.000000,0.000000,0.000000,0.000000,0.000000,0.000000,0.000000,0.000000,0.000000,0.000000,0.000000,0.000000,0.000000,0.000000,0.000000,0.000000,0.499522,0.000000,0.000000,0.000000,0.000000,0.000000,0.000000,0.000000,0.545868,0.000000,0.449469,0.310514,0.000000,0.454765,0.411211,0.000000,0.000000,0.000000,0.000000,0.000000,0.530319,0.000000,0.469554,0.000000,0.000000,0.000000,0.000000,0.000000,0.000000,0.000000,0.000000,0.000000,0.000000,0.000000,0.000000,0.000000,0.000000,0.000000,0.000000,0.000000,0.000000,0.000000,0.000000,0.000000,0.365663,0.000000,0.000000,0.000000,0.000000,0.000000,0.506463,0.000000,0.000000,0.000000,0.000000,0.525216,0.000000,0.000000,0.000000,0.000000,0.000000,0.000000,0.000000,0.000000,0.000000,0.000000,0.000000,0.000000
0.000000,0.000000,0.000000,0.543905,0.000000,0.000000,0.000000,0.000000,0.000000,0.000000,0.000000,0.000000,0.000000,0.000000,0.000000,0.000000,0.000000,0.000000,0.000000,0.000000,0.000000,0.000000,0.000000,0.520467,0.000000,0.000000,0.000000,0.000000,0.000000,0.000000,0.000000,0.569374,0.000000,0.416624,0.454765,0.000000,0.000000,0.328468,0.000000,0.000000,0.000000,0.000000,0.000000,0.000000,0.565044,0.000000,0.000000,0.000000,0.533341,0.000000,0.000000,0.000000,0.000000,0.000000,0.000000,0.000000,0.000000,0.000000,0.000000,0.000000,0.000000,0.000000,0.000000,0.000000,0.000000,0.000000,0.000000,0.389985,0.000000,0.000000,0.000000,0.488116,0.000000,0.000000,0.000000,0.000000,0.000000,0.514373,0.000000,0.000000,0.000000,0.507887,0.000000,0.000000,0.000000,0.000000,0.000000,0.000000,0.000000,0.000000
0.000000,0.000000,0.000000,0.000000,0.416719,0.000000,0.000000,0.000000,0.000000,0.602292,0.000000,0.000000,0.000000,0.000000,0.504192,0.596295,0.000000,0.000000,0.000000,0.000000,0.000000,0.000000,0.000000,0.000000,0.000000,0.000000,0.000000,0.000000,0.000000,0.590347,0.636226,0.000000,0.606708,0.000000,0.411211,0.000000,0.000000,0.639978,0.355366,0.000000,0.392389,0.000000,0.000000,0.000000,0.469520,0.000000,0.450733,0.000000,0.000000,0.000000,0.000000,0.000000,0.000000,0.000000,0.337565,0.000000,0.000000,0.000000,0.000000,0.000000,0.000000,0.000000,0.000000,0.000000,0.000000,0.000000,0.471362,0.671207,0.000000,0.000000,0.000000,0.557140,0.519504,0.599430,0.000000,0.612446,0.362679,0.609961,0.000000,0.000000,0.000000,0.628453,0.412684,0.587176,0.000000,0.000000,0.393569,0.575433,0.463546,0.000000
0.000000,0.000000,0.000000,0.000000,0.589061,0.000000,0.000000,0.000000,0.590007,0.000000,0.000000,0.000000,0.000000,0.000000,0.569529,0.000000,0.000000,0.000000,0.000000,0.000000,0.617004,0.000000,0.000000,0.000000,0.604499,0.000000,0.601187,0.000000,0.000000,0.000000,0.000000,0.000000,0.000000,0.524451,0.000000,0.328468,0.639978,0.000000,0.526982,0.431434,0.000000,0.357876,0.550514,0.513663,0.000000,0.605100,0.541730,0.482448,0.000000,0.000000,0.000000,0.000000,0.000000,0.000000,0.000000,0.377893,0.000000,0.000000,0.000000,0.000000,0.000000,0.000000,0.000000,0.000000,0.000000,0.000000,0.000000,0.505520,0.000000,0.532170,0.608503,0.476981,0.000000,0.000000,0.000000,0.000000,0.000000,0.486824,0.000000,0.000000,0.000000,0.000000,0.622331,0.000000,0.639324,0.000000,0.000000,0.402367,0.000000,0.410237
0.000000,0.000000,0.000000,0.000000,0.428978,0.000000,0.000000,0.000000,0.000000,0.000000,0.000000,0.000000,0.000000,0.000000,0.423073,0.000000,0.000000,0.000000,0.000000,0.000000,0.274859,0.000000,0.000000,0.000000,0.000000,0.000000,0.387838,0.000000,0.000000,0.000000,0.000000,0.000000,0.000000,0.000000,0.000000,0.000000,0.355366,0.526982,0.000000,0.522675,0.314309,0.000000,0.451737,0.000000,0.523780,0.000000,0.406908,0.000000,0.000000,0.000000,0.000000,0.000000,0.000000,0.000000,0.404270,0.511593,0.000000,0.000000,0.000000,0.000000,0.000000,0.000000,0.000000,0.000000,0.000000,0.000000,0.507057,0.000000,0.000000,0.000000,0.000000,0.000000,0.534270,0.000000,0.000000,0.000000,0.000000,0.000000,0.000000,0.000000,0.000000,0.000000,0.427799,0.000000,0.000000,0.000000,0.428121,0.000000,0.437236,0.529530
0.000000,0.000000,0.000000,0.000000,0.000000,0.000000,0.000000,0.000000,0.000000,0.000000,0.000000,0.000000,0.000000,0.000000,0.000000,0.000000,0.000000,0.000000,0.000000,0.000000,0.000000,0.000000,0.000000,0.000000,0.000000,0.000000,0.000000,0.000000,0.000000,0.000000,0.000000,0.000000,0.000000,0.000000,0.000000,0.000000,0.000000,0.431434,0.522675,0.000000,0.000000,0.336694,0.514895,0.429055,0.000000,0.452225,0.534113,0.414193,0.000000,0.491937,0.000000,0.000000,0.000000,0.000000,0.000000,0.380560,0.000000,0.000000,0.000000,0.568387,0.000000,0.000000,0.000000,0.000000,0.000000,0.000000,0.589954,0.479742,0.000000,0.000000,0.000000,0.544779,0.000000,0.000000,0.000000,0.000000,0.000000,0.000000,0.000000,0.000000,0.000000,0.000000,0.000000,0.381947,0.000000,0.000000,0.000000,0.402849,0.000000,0.433586
0.000000,0.000000,0.000000,0.000000,0.000000,0.000000,0.000000,0.000000,0.000000,0.000000,0.000000,0.000000,0.000000,0.000000,0.399843,0.000000,0.000000,0.000000,0.000000,0.000000,0.396711,0.000000,0.000000,0.000000,0.000000,0.000000,0.404646,0.000000,0.000000,0.000000,0.000000,0.000000,0.000000,0.000000,0.000000,0.000000,0.392389,0.000000,0.314309,0.000000,0.000000,0.000000,0.525827,0.000000,0.520910,0.000000,0.587733,0.000000,0.000000,0.000000,0.000000,0.000000,0.000000,0.000000,0.000000,0.000000,0.000000,0.000000,0.000000,0.000000,0.000000,0.000000,0.000000,0.000000,0.000000,0.000000,0.520312,0.000000,0.000000,0.000000,0.388486,0.000000,0.302745,0.563394,0.000000,0.000000,0.000000,0.000000,0.000000,0.000000,0.000000,0.585089,0.376894,0.582989,0.000000,0.000000,0.350141,0.000000,0.000000,0.000000
0.000000,0.000000,0.000000,0.000000,0.000000,0.000000,0.000000,0.000000,0.000000,0.000000,0.000000,0.000000,0.000000,0.000000,0.000000,0.000000,0.000000,0.000000,0.000000,0.000000,0.000000,0.000000,0.000000,0.000000,0.000000,0.000000,0.000000,0.358907,0.000000,0.000000,0.000000,0.000000,0.000000,0.000000,0.000000,0.000000,0.000000,0.357876,0.000000,0.336694,0.000000,0.000000,0.000000,0.462123,0.000000,0.000000,0.000000,0.000000,0.000000,0.000000,0.000000,0.000000,0.000000,0.000000,0.000000,0.412009,0.000000,0.000000,0.000000,0.000000,0.000000,0.000000,0.000000,0.000000,0.000000,0.000000,0.000000,0.000000,0.000000,0.000000,0.000000,0.000000,0.000000,0.000000,0.000000,0.639353,0.000000,0.000000,0.000000,0.000000,0.000000,0.000000,0.000000,0.356804,0.000000,0.000000,0.000000,0.407576,0.000000,0.448783
0.000000,0.000000,0.000000,0.000000,0.494525,0.000000,0.000000,0.000000,0.499489,0.505675,0.000000,0.000000,0.000000,0.000000,0.468660,0.566506,0.000000,0.000000,0.000000,0.000000,0.000000,0.000000,0.000000,0.000000,0.535926,0.000000,0.499392,0.000000,0.479461,0.591150,0.000000,0.000000,0.000000,0.000000,0.530319,0.000000,0.000000,0.550514,0.451737,0.514895,0.525827,0.000000,0.000000,0.618417,0.361256,0.564784,0.400767,0.575105,0.356134,0.000000,0.322675,0.000000,0.328255,0.000000,0.410057,0.486176,0.000000,0.000000,0.000000,0.000000,0.000000,0.000000,0.000000,0.000000,0.000000,0.000000,0.404833,0.605929,0.000000,0.000000,0.000000,0.000000,0.477110,0.610078,0.507727,0.000000,0.000000,0.000000,0.000000,0.000000,0.474650,0.541055,0.471080,0.551030,0.496553,0.503589,0.464921,0.491704,0.496865,0.492706
0.000000,0.000000,0.000000,0.000000,0.000000,0.000000,0.000000,0.000000,0.000000,0.493604,0.000000,0.000000,0.000000,0.000000,0.000000,0.000000,0.000000,0.000000,0.000000,0.000000,0.000000,0.000000,0.000000,0.000000,0.000000,0.000000,0.000000,0.000000,0.000000,0.485910,0.000000,0.000000,0.000000,0.000000,0.000000,0.000000,0.000000,0.513663,0.000000,0.429055,0.000000,0.462123,0.618417,0.000000,0.640688,0.385634,0.525440,0.415570,0.652648,0.445459,0.694667,0.373819,0.000000,0.339850,0.000000,0.489587,0.000000,0.000000,0.597185,0.000000,0.000000,0.000000,0.000000,0.000000,0.000000,0.000000,0.564359,0.399010,0.000000,0.000000,0.000000,0.000000,0.000000,0.000000,0.000000,0.000000,0.000000,0.000000,0.000000,0.000000,0.000000,0.480149,0.000000,0.483243,0.000000,0.488210,0.000000,0.477944,0.000000,0.496839
0.000000,0.000000,0.000000,0.000000,0.521887,0.000000,0.000000,0.000000,0.515099,0.000000,0.000000,0.000000,0.498406,0.000000,0.512228,0.000000,0.000000,0.000000,0.467725,0.000000,0.000000,0.000000,0.475012,0.000000,0.000000,0.000000,0.000000,0.000000,0.508819,0.000000,0.000000,0.000000,0.000000,0.000000,0.469554,0.565044,0.469520,0.000000,0.523780,0.000000,0.520910,0.000000,0.361256,0.640688,0.000000,0.654011,0.433023,0.534411,0.372388,0.691399,0.000000,0.000000,0.000000,0.000000,0.000000,0.000000,0.000000,0.000000,0.434945,0.000000,0.000000,0.000000,0.000000,0.000000,0.000000,0.000000,0.421059,0.669893,0.000000,0.000000,0.000000,0.000000,0.000000,0.000000,0.000000,0.000000,0.000000,0.000000,0.000000,0.000000,0.527257,0.000000,0.464492,0.000000,0.477028,0.000000,0.461666,0.000000,0.000000,0.632564
0.000000,0.000000,0.000000,0.000000,0.000000,0.000000,0.000000,0.000000,0.000000,0.000000,0.000000,0.000000,0.000000,0.000000,0.000000,0.000000,0.000000,0.000000,0.000000,0.000000,0.000000,0.000000,0.000000,0.000000,0.000000,0.000000,0.000000,0.000000,0.000000,0.000000,0.000000,0.000000,0.000000,0.000000,0.000000,0.000000,0.000000,0.605100,0.000000,0.452225,0.000000,0.000000,0.564784,0.385634,0.654011,0.000000,0.000000,0.420435,0.654365,0.397283,0.661991,0.391416,0.000000,0.526826,0.000000,0.000000,0.000000,0.000000,0.000000,0.455790,0.000000,0.000000,0.000000,0.000000,0.000000,0.000000,0.000000,0.369973,0.000000,0.000000,0.000000,0.000000,0.000000,0.000000,0.000000,0.000000,0.000000,0.000000,0.000000,0.000000,0.000000,0.499208,0.000000,0.000000,0.000000,0.486235,0.000000,0.479563,0.000000,0.522676
0.000000,0.000000,0.000000,0.000000,0.471815,0.000000,0.000000,0.000000,0.000000,0.000000,0.000000,0.000000,0.000000,0.000000,0.000000,0.000000,0.000000,0.000000,0.000000,0.000000,0.493844,0.000000,0.572730,0.000000,0.000000,0.000000,0.507412,0.000000,0.000000,0.000000,0.587416,0.000000,0.563993,0.000000,0.000000,0.000000,0.450733,0.541730,0.406908,0.534113,0.587733,0.000000,0.400767,0.525440,0.433023,0.000000,0.000000,0.363877,0.000000,0.000000,0.316517,0.000000,0.366631,0.000000,0.389811,0.000000,0.000000,0.000000,0.000000,0.000000,0.000000,0.000000,0.000000,0.000000,0.000000,0.000000,0.404771,0.000000,0.000000,0.000000,0.446106,0.000000,0.000000,0.000000,0.000000,0.000000,0.000000,0.000000,0.000000,0.000000,0.000000,0.000000,0.465902,0.000000,0.473251,0.496794,0.463373,0.482570,0.433135,0.000000
0.000000,0.000000,0.000000,0.000000,0.000000,0.000000,0.000000,0.000000,0.000000,0.493269,0.000000,0.000000,0.000000,0.000000,0.000000,0.000000,0.000000,0.000000,0.000000,0.000000,0.000000,0.000000,0.000000,0.000000,0.000000,0.000000,0.000000,0.000000,0.000000,0.508910,0.000000,0.000000,0.000000,0.000000,0.000000,0.000000,0.000000,0.482448,0.000000,0.414193,0.000000,0.000000,0.575105,0.415570,0.534411,0.420435,0.363877,0.000000,0.652701,0.445084,0.000000,0.385756,0.000000,0.342324,0.000000,0.430758,0.000000,0.000000,0.000000,0.000000,0.000000,0.000000,0.000000,0.000000,0.000000,0.000000,0.599034,0.391382,0.000000,0.000000,0.000000,0.000000,0.000000,0.484685,0.000000,0.000000,0.000000,0.000000,0.000000,0.000000,0.000000,0.483574,0.000000,0.490474,0.000000,0.504144,0.000000,0.479309,0.000000,0.500719
0.000000,0.000000,0.000000,0.000000,0.000000,0.000000,0.000000,0.000000,0.000000,0.000000,0.000000,0.000000,0.000000,0.000000,0.000000,0.000000,0.000000,0.000000,0.000000,0.000000,0.000000,0.000000,0.000000,0.000000,0.000000,0.000000,0.000000,0.000000,0.000000,0.000000,0.000000,0.000000,0.000000,0.000000,0.000000,0.533341,0.000000,0.000000,0.000000,0.000000,0.000000,0.000000,0.356134,0.652648,0.372388,0.654365,0.000000,0.652701,0.000000,0.000000,0.425352,0.000000,0.407394,0.000000,0.000000,0.000000,0.000000,0.000000,0.363183,0.000000,0.385148,0.000000,0.000000,0.000000,0.000000,0.000000,0.405579,0.000000,0.000000,0.000000,0.000000,0.000000,0.000000,0.000000,0.000000,0.000000,0.000000,0.000000,0.000000,0.000000,0.506158,0.000000,0.479597,0.000000,0.464944,0.000000,0.000000,0.000000,0.474106,0.000000
