0.000000,0.000000,0.434866,0.000000,0.000000,0.000000,0.438146,0.000000,0.000000,0.000000,0.442280,0.000000,0.448256,0.000000,0.000000,0.000000,0.452028,0.000000,0.000000,0.000000,0.000000,0.000000,0.000000,0.000000,0.000000,0.000000,0.000000,0.000000,0.436586,0.000000,0.000000,0.000000,0.000000,0.000000,0.000000,0.000000,0.554239,0.000000,0.000000,0.000000,0.000000,0.000000,0.000000,0.000000,0.000000,0.000000,0.000000,0.000000,0.000000,0.000000,0.000000,0.000000,0.000000,0.000000,0.000000,0.000000,0.452286,0.000000,0.000000,0.000000,0.486432,0.000000,0.000000,0.000000,0.000000,0.000000,0.000000,0.000000,0.000000,0.000000,0.456558,0.000000,0.460594,0.000000,0.462301,0.000000,0.000000,0.000000,0.000000,0.000000,0.501796,0.000000,0.000000,0.000000,0.491336,0.000000,0.000000,0.000000,0.000000,0.000000
0.000000,0.000000,0.000000,0.454940,0.000000,0.000000,0.000000,0.439813,0.000000,0.000000,0.000000,0.445215,0.000000,0.449208,0.000000,0.000000,0.000000,0.420409,0.000000,0.401851,0.000000,0.000000,0.000000,0.000000,0.000000,0.000000,0.000000,0.000000,0.000000,0.422744,0.000000,0.000000,0.000000,0.000000,0.000000,0.000000,0.000000,0.000000,0.000000,0.000000,0.000000,0.000000,0.000000,0.000000,0.000000,0.000000,0.000000,0.000000,0.000000,0.000000,0.000000,0.499321,0.000000,0.000000,0.000000,0.000000,0.000000,0.479169,0.000000,0.000000,0.000000,0.468462,0.000000,0.480197,0.000000,0.494094,0.000000,0.000000,0.000000,0.000000,0.000000,0.000000,0.000000,0.452044,0.000000,0.000000,0.000000,0.000000,0.000000,0.000000,0.000000,0.000000,0.000000,0.000000,0.000000,0.000000,0.000000,0.000000,0.000000,0.000000
0.434866,0.000000,0.000000,0.000000,0.000000,0.000000,0.310513,0.000000,0.000000,0.000000,0.000000,0.000000,0.000000,0.000000,0.000000,0.000000,0.443989,0.000000,0.000000,0.000000,0.000000,0.000000,0.328512,0.495935,0.000000,0.000000,0.000000,0.000000,0.466334,0.000000,0.393094,0.000000,0.398433,0.000000,0.000000,0.000000,0.458503,0.000000,0.000000,0.000000,0.000000,0.000000,0.000000,0.000000,0.000000,0.000000,0.530611,0.000000,0.000000,0.000000,0.000000,0.000000,0.000000,0.000000,0.000000,0.000000,0.000000,0.000000,0.436218,0.000000,0.000000,0.000000,0.000000,0.000000,0.000000,0.000000,0.000000,0.000000,0.000000,0.000000,0.000000,0.000000,0.466427,0.000000,0.514329,0.000000,0.000000,0.000000,0.000000,0.000000,0.000000,0.000000,0.000000,0.000000,0.000000,0.000000,0.000000,0.000000,0.000000,0.000000
0.000000,0.454940,0.000000,0.000000,0.000000,0.000000,0.000000,0.381658,0.000000,0.000000,0.000000,0.000000,0.000000,0.000000,0.000000,0.000000,0.000000,0.000000,0.542721,0.406375,0.000000,0.000000,0.501469,0.376649,0.541182,0.280191,0.000000,0.000000,0.000000,0.000000,0.000000,0.313906,0.000000,0.000000,0.000000,0.000000,0.000000,0.440864,0.000000,0.000000,0.000000,0.000000,0.000000,0.000000,0.000000,0.000000,0.000000,0.000000,0.000000,0.000000,0.000000,0.000000,0.000000,0.000000,0.000000,0.532409,0.000000,0.000000,0.000000,0.488557,0.000000,0.000000,0.000000,0.000000,0.000000,0.000000,0.000000,0.000000,0.000000,0.000000,0.495465,0.441846,0.000000,0.406516,0.000000,0.409783,0.000000,0.416692,0.000000,0.000000,0.000000,0.000000,0.000000,0.000000,0.000000,0.000000,0.000000,0.000000,0.000000,0.000000
0.000000,0.000000,0.000000,0.000000,0.000000,0.000000,0.000000,0.000000,0.280725,0.000000,0.000000,0.000000,0.000000,0.000000,0.376884,0.000000,0.000000,0.000000,0.000000,0.000000,0.279217,0.000000,0.000000,0.000000,0.000000,0.000000,0.290439,0.000000,0.380802,0.000000,0.000000,0.000000,0.000000,0.000000,0.000000,0.000000,0.000000,0.000000,0.000000,0.000000,0.000000,0.000000,0.000000,0.000000,0.000000,0.000000,0.000000,0.000000,0.000000,0.000000,0.000000,0.000000,0.000000,0.000000,0.000000,0.000000,0.000000,0.000000,0.000000,0.000000,0.000000,0.000000,0.000000,0.000000,0.000000,0.000000,0.000000,0.000000,0.000000,0.000000,0.000000,0.000000,0.412667,0.000000,0.000000,0.000000,0.000000,0.000000,0.000000,0.000000,0.000000,0.000000,0.403297,0.000000,0.000000,0.000000,0.000000,0.000000,0.000000,0.000000
0.000000,0.000000,0.000000,0.000000,0.000000,0.000000,0.000000,0.000000,0.000000,0.284315,0.000000,0.000000,0.000000,0.000000,0.000000,0.420605,0.000000,0.000000,0.000000,0.000000,0.000000,0.450684,0.000000,0.000000,0.000000,0.322781,0.000000,0.346422,0.000000,0.000000,0.000000,0.000000,0.000000,0.000000,0.000000,0.000000,0.000000,0.528004,0.000000,0.000000,0.000000,0.000000,0.000000,0.000000,0.000000,0.000000,0.000000,0.000000,0.000000,0.000000,0.000000,0.000000,0.000000,0.000000,0.000000,0.000000,0.000000,0.000000,0.000000,0.000000,0.000000,0.000000,0.000000,0.000000,0.000000,0.000000,0.000000,0.000000,0.000000,0.000000,0.000000,0.453614,0.000000,0.416788,0.000000,0.424356,0.000000,0.417078,0.000000,0.000000,0.000000,0.000000,0.000000,0.464746,0.000000,0.000000,0.000000,0.000000,0.000000,0.000000
0.438146,0.000000,0.310513,0.000000,0.000000,0.000000,0.000000,0.000000,0.288602,0.000000,0.433036,0.000000,0.392600,0.000000,0.000000,0.000000,0.449718,0.000000,0.000000,0.000000,0.000000,0.000000,0.000000,0.000000,0.000000,0.000000,0.000000,0.000000,0.448518,0.000000,0.000000,0.000000,0.000000,0.000000,0.000000,0.000000,0.000000,0.000000,0.000000,0.000000,0.000000,0.000000,0.000000,0.000000,0.000000,0.000000,0.000000,0.000000,0.000000,0.000000,0.000000,0.000000,0.000000,0.000000,0.000000,0.000000,0.000000,0.000000,0.000000,0.000000,0.000000,0.000000,0.000000,0.000000,0.000000,0.000000,0.000000,0.000000,0.000000,0.000000,0.453333,0.000000,0.456969,0.000000,0.000000,0.000000,0.000000,0.000000,0.000000,0.000000,0.000000,0.000000,0.448385,0.000000,0.000000,0.000000,0.000000,0.000000,0.000000,0.000000
0.000000,0.439813,0.000000,0.381658,0.000000,0.000000,0.000000,0.000000,0.000000,0.000000,0.000000,0.419517,0.000000,0.396600,0.000000,0.000000,0.000000,0.454864,0.000000,0.000000,0.000000,0.000000,0.000000,0.000000,0.000000,0.000000,0.000000,0.000000,0.000000,0.419693,0.000000,0.000000,0.000000,0.000000,0.000000,0.000000,0.000000,0.000000,0.000000,0.000000,0.000000,0.000000,0.000000,0.000000,0.000000,0.000000,0.000000,0.517198,0.000000,0.000000,0.000000,0.465809,0.000000,0.000000,0.000000,0.542657,0.000000,0.000000,0.000000,0.000000,0.000000,0.000000,0.000000,0.000000,0.000000,0.440294,0.000000,0.455247,0.000000,0.000000,0.000000,0.000000,0.000000,0.405289,0.000000,0.000000,0.000000,0.000000,0.000000,0.000000,0.000000,0.000000,0.000000,0.000000,0.000000,0.415531,0.000000,0.000000,0.000000,0.000000
0.000000,0.000000,0.000000,0.000000,0.280725,0.000000,0.288602,0.000000,0.000000,0.000000,0.000000,0.000000,0.000000,0.000000,0.315584,0.000000,0.000000,0.000000,0.000000,0.000000,0.000000,0.000000,0.000000,0.000000,0.000000,0.000000,0.000000,0.000000,0.438257,0.000000,0.000000,0.000000,0.000000,0.000000,0.000000,0.000000,0.000000,0.000000,0.000000,0.000000,0.000000,0.000000,0.000000,0.000000,0.000000,0.000000,0.000000,0.000000,0.000000,0.000000,0.000000,0.000000,0.000000,0.000000,0.550581,0.000000,0.000000,0.000000,0.000000,0.000000,0.000000,0.000000,0.000000,0.000000,0.000000,0.000000,0.000000,0.000000,0.000000,0.000000,0.000000,0.000000,0.421144,0.000000,0.000000,0.000000,0.000000,0.000000,0.000000,0.000000,0.000000,0.000000,0.000000,0.000000,0.000000,0.000000,0.000000,0.000000,0.000000,0.000000
0.000000,0.000000,0.000000,0.000000,0.000000,0.284315,0.000000,0.000000,0.000000,0.000000,0.000000,0.000000,0.000000,0.000000,0.000000,0.312823,0.000000,0.000000,0.000000,0.000000,0.000000,0.000000,0.000000,0.000000,0.000000,0.000000,0.000000,0.000000,0.000000,0.376124,0.000000,0.000000,0.000000,0.000000,0.000000,0.000000,0.000000,0.506962,0.000000,0.000000,0.000000,0.000000,0.000000,0.000000,0.000000,0.000000,0.000000,0.527904,0.000000,0.000000,0.000000,0.000000,0.000000,0.488226,0.000000,0.535128,0.000000,0.000000,0.000000,0.000000,0.000000,0.000000,0.000000,0.000000,0.000000,0.000000,0.000000,0.000000,0.000000,0.000000,0.000000,0.000000,0.000000,0.401628,0.000000,0.396609,0.000000,0.000000,0.000000,0.000000,0.000000,0.000000,0.000000,0.471466,0.000000,0.000000,0.000000,0.000000,0.000000,0.000000
0.442280,0.000000,0.000000,0.000000,0.000000,0.000000,0.433036,0.000000,0.000000,0.000000,0.000000,0.000000,0.425217,0.000000,0.000000,0.000000,0.337329,0.000000,0.443249,0.000000,0.000000,0.000000,0.000000,0.000000,0.000000,0.000000,0.000000,0.000000,0.402279,0.000000,0.000000,0.000000,0.000000,0.000000,0.000000,0.000000,0.000000,0.000000,0.000000,0.000000,0.000000,0.000000,0.000000,0.000000,0.000000,0.000000,0.000000,0.000000,0.000000,0.000000,0.000000,0.000000,0.000000,0.000000,0.000000,0.000000,0.419974,0.000000,0.000000,0.000000,0.000000,0.000000,0.000000,0.000000,0.000000,0.000000,0.000000,0.000000,0.000000,0.000000,0.469018,0.000000,0.000000,0.000000,0.000000,0.000000,0.000000,0.000000,0.000000,0.000000,0.000000,0.000000,0.366749,0.000000,0.000000,0.000000,0.000000,0.000000,0.000000,0.000000
0.000000,0.445215,0.000000,0.000000,0.000000,0.000000,0.000000,0.419517,0.000000,0.000000,0.000000,0.000000,0.000000,0.376424,0.000000,0.000000,0.000000,0.346434,0.000000,0.000000,0.000000,0.000000,0.000000,0.000000,0.000000,0.000000,0.000000,0.000000,0.000000,0.370136,0.000000,0.000000,0.000000,0.000000,0.000000,0.000000,0.000000,0.000000,0.000000,0.000000,0.000000,0.000000,0.000000,0.000000,0.000000,0.000000,0.000000,0.000000,0.000000,0.000000,0.000000,0.000000,0.000000,0.000000,0.000000,0.000000,0.000000,0.000000,0.000000,0.000000,0.000000,0.000000,0.000000,0.000000,0.000000,0.000000,0.000000,0.000000,0.000000,0.000000,0.000000,0.000000,0.000000,0.000000,0.000000,0.000000,0.000000,0.000000,0.000000,0.000000,0.000000,0.000000,0.000000,0.000000,0.000000,0.000000,0.000000,0.000000,0.000000,0.000000
0.448256,0.000000,0.000000,0.000000,0.000000,0.000000,0.392600,0.000000,0.000000,0.000000,0.425217,0.000000,0.000000,0.000000,0.343879,0.000000,0.000000,0.000000,0.000000,0.000000,0.000000,0.000000,0.000000,0.000000,0.000000,0.000000,0.000000,0.000000,0.414921,0.000000,0.000000,0.000000,0.000000,0.000000,0.000000,0.000000,0.000000,0.000000,0.000000,0.000000,0.000000,0.000000,0.000000,0.000000,0.000000,0.000000,0.000000,0.000000,0.000000,0.000000,0.000000,0.000000,0.000000,0.000000,0.000000,0.000000,0.000000,0.000000,0.000000,0.000000,0.000000,0.000000,0.000000,0.000000,0.000000,0.000000,0.000000,0.000000,0.000000,0.000000,0.000000,0.000000,0.000000,0.000000,0.000000,0.000000,0.000000,0.000000,0.000000,0.000000,0.000000,0.000000,0.310904,0.000000,0.000000,0.000000,0.000000,0.000000,0.000000,0.000000
0.000000,0.449208,0.000000,0.000000,0.000000,0.000000,0.000000,0.396600,0.000000,0.000000,0.000000,0.376424,0.000000,0.000000,0.000000,0.315450,0.000000,0.000000,0.000000,0.000000,0.000000,0.000000,0.000000,0.000000,0.000000,0.000000,0.000000,0.000000,0.000000,0.396497,0.000000,0.000000,0.000000,0.000000,0.000000,0.000000,0.000000,0.000000,0.000000,0.000000,0.000000,0.000000,0.000000,0.502497,0.000000,0.000000,0.000000,0.000000,0.000000,0.000000,0.000000,0.000000,0.000000,0.000000,0.000000,0.000000,0.000000,0.000000,0.000000,0.000000,0.000000,0.000000,0.000000,0.000000,0.000000,0.000000,0.000000,0.000000,0.000000,0.000000,0.000000,0.000000,0.000000,0.000000,0.000000,0.000000,0.000000,0.000000,0.000000,0.000000,0.000000,0.000000,0.000000,0.000000,0.000000,0.000000,0.000000,0.000000,0.000000,0.000000
0.000000,0.000000,0.000000,0.000000,0.376884,0.000000,0.000000,0.000000,0.315584,0.000000,0.000000,0.000000,0.343879,0.000000,0.000000,0.000000,0.000000,0.000000,0.000000,0.000000,0.347046,0.000000,0.000000,0.000000,0.422754,0.273976,0.354756,0.000000,0.405889,0.000000,0.000000,0.000000,0.000000,0.000000,0.000000,0.000000,0.000000,0.000000,0.433012,0.000000,0.000000,0.000000,0.000000,0.000000,0.000000,0.000000,0.000000,0.000000,0.000000,0.000000,0.000000,0.000000,0.000000,0.000000,0.000000,0.000000,0.000000,0.000000,0.000000,0.000000,0.000000,0.000000,0.000000,0.000000,0.000000,0.000000,0.000000,0.000000,0.000000,0.000000,0.427105,0.000000,0.000000,0.000000,0.000000,0.000000,0.000000,0.000000,0.000000,0.000000,0.000000,0.000000,0.403258,0.000000,0.000000,0.000000,0.000000,0.000000,0.000000,0.000000
0.000000,0.000000,0.000000,0.000000,0.000000,0.420605,0.000000,0.000000,0.000000,0.312823,0.000000,0.000000,0.000000,0.315450,0.000000,0.000000,0.000000,0.000000,0.000000,0.000000,0.000000,0.306330,0.000000,0.000000,0.000000,0.455477,0.000000,0.392048,0.000000,0.384857,0.000000,0.000000,0.000000,0.000000,0.000000,0.000000,0.000000,0.000000,0.000000,0.000000,0.000000,0.000000,0.000000,0.000000,0.000000,0.000000,0.000000,0.544428,0.000000,0.000000,0.000000,0.000000,0.000000,0.000000,0.000000,0.547410,0.000000,0.000000,0.000000,0.000000,0.000000,0.000000,0.000000,0.000000,0.000000,0.000000,0.000000,0.000000,0.000000,0.000000,0.000000,0.455901,0.000000,0.388116,0.000000,0.000000,0.000000,0.000000,0.000000,0.000000,0.000000,0.000000,0.000000,0.000000,0.000000,0.000000,0.000000,0.000000,0.000000,0.000000
0.452028,0.000000,0.443989,0.000000,0.000000,0.000000,0.449718,0.000000,0.000000,0.000000,0.337329,0.000000,0.000000,0.000000,0.000000,0.000000,0.000000,0.000000,0.454334,0.000000,0.000000,0.000000,0.000000,0.000000,0.000000,0.000000,0.000000,0.000000,0.413525,0.000000,0.000000,0.000000,0.000000,0.000000,0.000000,0.000000,0.000000,0.000000,0.000000,0.000000,0.000000,0.000000,0.000000,0.000000,0.000000,0.000000,0.000000,0.000000,0.000000,0.000000,0.000000,0.000000,0.000000,0.000000,0.000000,0.000000,0.427345,0.000000,0.000000,0.000000,0.000000,0.000000,0.382789,0.000000,0.428662,0.000000,0.000000,0.000000,0.000000,0.000000,0.000000,0.000000,0.000000,0.000000,0.000000,0.000000,0.000000,0.000000,0.324221,0.000000,0.405388,0.000000,0.323292,0.000000,0.446400,0.000000,0.000000,0.000000,0.490001,0.000000
0.000000,0.420409,0.000000,0.000000,0.000000,0.000000,0.000000,0.454864,0.000000,0.000000,0.000000,0.346434,0.000000,0.000000,0.000000,0.000000,0.000000,0.000000,0.000000,0.000000,0.000000,0.000000,0.000000,0.000000,0.000000,0.000000,0.000000,0.000000,0.000000,0.415746,0.000000,0.000000,0.000000,0.000000,0.000000,0.000000,0.000000,0.000000,0.000000,0.000000,0.000000,0.000000,0.000000,0.000000,0.000000,0.000000,0.000000,0.000000,0.000000,0.000000,0.000000,0.475880,0.000000,0.000000,0.000000,0.000000,0.000000,0.000000,0.000000,0.000000,0.000000,0.000000,0.000000,0.437786,0.000000,0.467188,0.000000,0.000000,0.000000,0.000000,0.000000,0.000000,0.000000,0.000000,0.000000,0.000000,0.000000,0.000000,0.000000,0.289621,0.000000,0.365296,0.000000,0.000000,0.000000,0.000000,0.000000,0.000000,0.000000,0.000000
0.000000,0.000000,0.000000,0.542721,0.000000,0.000000,0.000000,0.000000,0.000000,0.000000,0.443249,0.000000,0.000000,0.000000,0.000000,0.000000,0.454334,0.000000,0.000000,0.555938,0.000000,0.000000,0.000000,0.000000,0.000000,0.000000,0.000000,0.000000,0.442031,0.000000,0.000000,0.000000,0.367507,0.537082,0.000000,0.000000,0.000000,0.000000,0.000000,0.000000,0.000000,0.000000,0.000000,0.000000,0.000000,0.000000,0.000000,0.000000,0.000000,0.000000,0.000000,0.000000,0.000000,0.000000,0.000000,0.000000,0.000000,0.000000,0.000000,0.000000,0.000000,0.000000,0.000000,0.000000,0.451537,0.000000,0.000000,0.000000,0.391901,0.559931,0.475301,0.536661,0.468655,0.000000,0.484762,0.000000,0.000000,0.000000,0.000000,0.000000,0.000000,0.000000,0.000000,0.000000,0.000000,0.000000,0.000000,0.000000,0.000000,0.000000
0.000000,0.401851,0.000000,0.406375,0.000000,0.000000,0.000000,0.000000,0.000000,0.000000,0.000000,0.000000,0.000000,0.000000,0.000000,0.000000,0.000000,0.000000,0.555938,0.000000,0.000000,0.000000,0.000000,0.000000,0.000000,0.000000,0.000000,0.000000,0.000000,0.000000,0.000000,0.000000,0.567772,0.344704,0.000000,0.000000,0.000000,0.410157,0.000000,0.000000,0.000000,0.000000,0.000000,0.000000,0.000000,0.000000,0.000000,0.000000,0.000000,0.000000,0.000000,0.000000,0.000000,0.000000,0.000000,0.000000,0.000000,0.000000,0.000000,0.000000,0.000000,0.000000,0.000000,0.000000,0.000000,0.000000,0.000000,0.000000,0.519694,0.344625,0.519222,0.452421,0.000000,0.000000,0.000000,0.000000,0.000000,0.000000,0.000000,0.000000,0.000000,0.000000,0.000000,0.000000,0.000000,0.000000,0.000000,0.000000,0.000000,0.000000
0.000000,0.000000,0.000000,0.000000,0.279217,0.000000,0.000000,0.000000,0.000000,0.000000,0.000000,0.000000,0.000000,0.000000,0.347046,0.000000,0.000000,0.000000,0.000000,0.000000,0.000000,0.330728,0.000000,0.000000,0.264592,0.348319,0.296697,0.000000,0.000000,0.000000,0.268786,0.000000,0.000000,0.000000,0.000000,0.000000,0.440427,0.000000,0.000000,0.000000,0.330989,0.000000,0.000000,0.000000,0.000000,0.000000,0.512905,0.000000,0.000000,0.000000,0.000000,0.000000,0.000000,0.000000,0.000000,0.000000,0.000000,0.000000,0.000000,0.000000,0.000000,0.000000,0.000000,0.000000,0.000000,0.000000,0.000000,0.000000,0.000000,0.000000,0.247392,0.289836,0.000000,0.000000,0.000000,0.000000,0.000000,0.000000,0.000000,0.000000,0.000000,0.000000,0.356157,0.000000,0.000000,0.000000,0.000000,0.000000,0.000000,0.000000
0.000000,0.000000,0.000000,0.000000,0.000000,0.450684,0.000000,0.000000,0.000000,0.000000,0.000000,0.000000,0.000000,0.000000,0.000000,0.306330,0.000000,0.000000,0.000000,0.000000,0.330728,0.000000,0.000000,0.000000,0.000000,0.263710,0.000000,0.342239,0.000000,0.000000,0.381905,0.259037,0.000000,0.000000,0.000000,0.000000,0.000000,0.000000,0.000000,0.000000,0.000000,0.420490,0.000000,0.000000,0.000000,0.000000,0.000000,0.000000,0.000000,0.000000,0.000000,0.000000,0.000000,0.000000,0.000000,0.000000,0.000000,0.000000,0.000000,0.000000,0.000000,0.000000,0.000000,0.000000,0.000000,0.000000,0.000000,0.000000,0.000000,0.000000,0.000000,0.298786,0.000000,0.319891,0.000000,0.000000,0.000000,0.000000,0.000000,0.000000,0.000000,0.000000,0.000000,0.420029,0.000000,0.000000,0.000000,0.000000,0.000000,0.000000
0.000000,0.000000,0.328512,0.501469,0.000000,0.000000,0.000000,0.000000,0.000000,0.000000,0.000000,0.000000,0.000000,0.000000,0.000000,0.000000,0.000000,0.000000,0.000000,0.000000,0.000000,0.000000,0.000000,0.514182,0.343405,0.486963,0.000000,0.000000,0.000000,0.000000,0.352455,0.495959,0.309699,0.489391,0.000000,0.000000,0.439840,0.000000,0.000000,0.000000,0.000000,0.000000,0.000000,0.000000,0.000000,0.000000,0.509551,0.000000,0.000000,0.000000,0.000000,0.000000,0.000000,0.000000,0.000000,0.000000,0.000000,0.000000,0.000000,0.000000,0.000000,0.000000,0.000000,0.000000,0.000000,0.000000,0.500195,0.000000,0.000000,0.000000,0.406186,0.484509,0.423525,0.000000,0.406219,0.000000,0.429327,0.000000,0.000000,0.000000,0.000000,0.000000,0.000000,0.000000,0.000000,0.000000,0.000000,0.000000,0.000000,0.000000
0.000000,0.000000,0.495935,0.376649,0.000000,0.000000,0.000000,0.000000,0.000000,0.000000,0.000000,0.000000,0.000000,0.000000,0.000000,0.000000,0.000000,0.000000,0.000000,0.000000,0.000000,0.000000,0.514182,0.000000,0.524115,0.349407,0.000000,0.000000,0.000000,0.000000,0.500870,0.360997,0.506028,0.331186,0.000000,0.000000,0.000000,0.432565,0.000000,0.000000,0.000000,0.000000,0.000000,0.000000,0.000000,0.000000,0.000000,0.000000,0.000000,0.000000,0.000000,0.435371,0.000000,0.000000,0.000000,0.000000,0.000000,0.000000,0.000000,0.000000,0.000000,0.000000,0.000000,0.000000,0.000000,0.427255,0.000000,0.498501,0.000000,0.000000,0.483778,0.433082,0.509479,0.417834,0.000000,0.000000,0.000000,0.402491,0.000000,0.000000,0.000000,0.000000,0.000000,0.000000,0.000000,0.000000,0.000000,0.000000,0.000000,0.000000
0.000000,0.000000,0.000000,0.541182,0.000000,0.000000,0.000000,0.000000,0.000000,0.000000,0.000000,0.000000,0.000000,0.000000,0.422754,0.000000,0.000000,0.000000,0.000000,0.000000,0.264592,0.000000,0.343405,0.524115,0.000000,0.523630,0.286552,0.000000,0.000000,0.000000,0.378516,0.491125,0.000000,0.000000,0.000000,0.000000,0.421781,0.000000,0.000000,0.000000,0.000000,0.000000,0.000000,0.000000,0.000000,0.000000,0.000000,0.000000,0.000000,0.000000,0.000000,0.000000,0.000000,0.000000,0.000000,0.000000,0.000000,0.000000,0.000000,0.000000,0.000000,0.000000,0.000000,0.000000,0.000000,0.000000,0.000000,0.000000,0.000000,0.000000,0.389824,0.439662,0.407507,0.000000,0.000000,0.000000,0.410844,0.000000,0.000000,0.000000,0.000000,0.000000,0.444955,0.000000,0.000000,0.000000,0.000000,0.000000,0.000000,0.000000
0.000000,0.000000,0.000000,0.280191,0.000000,0.322781,0.000000,0.000000,0.000000,0.000000,0.000000,0.000000,0.000000,0.000000,0.273976,0.455477,0.000000,0.000000,0.000000,0.000000,0.348319,0.263710,0.486963,0.349407,0.523630,0.000000,0.478290,0.269951,0.000000,0.000000,0.484208,0.000000,0.000000,0.000000,0.000000,0.000000,0.000000,0.000000,0.000000,0.000000,0.000000,0.000000,0.000000,0.000000,0.000000,0.000000,0.000000,0.000000,0.000000,0.000000,0.000000,0.000000,0.000000,0.000000,0.000000,0.000000,0.000000,0.000000,0.000000,0.000000,0.000000,0.000000,0.000000,0.000000,0.000000,0.000000,0.000000,0.000000,0.000000,0.000000,0.000000,0.461462,0.000000,0.445650,0.000000,0.000000,0.000000,0.000000,0.000000,0.000000,0.000000,0.000000,0.000000,0.464776,0.000000,0.000000,0.000000,0.000000,0.000000,0.000000
0.000000,0.000000,0.000000,0.000000,0.290439,0.000000,0.000000,0.000000,0.000000,0.000000,0.000000,0.000000,0.000000,0.000000,0.354756,0.000000,0.000000,0.000000,0.000000,0.000000,0.296697,0.000000,0.000000,0.000000,0.286552,0.478290,0.000000,0.408215,0.384510,0.000000,0.278223,0.000000,0.000000,0.000000,0.000000,0.000000,0.000000,0.000000,0.000000,0.000000,0.000000,0.000000,0.000000,0.000000,0.000000,0.000000,0.000000,0.000000,0.000000,0.000000,0.000000,0.000000,0.000000,0.000000,0.000000,0.000000,0.000000,0.000000,0.000000,0.000000,0.000000,0.000000,0.000000,0.000000,0.000000,0.000000,0.000000,0.000000,0.000000,0.000000,0.000000,0.000000,0.000000,0.000000,0.000000,0.000000,0.000000,0.000000,0.000000,0.000000,0.000000,0.000000,0.000000,0.000000,0.000000,0.000000,0.000000,0.000000,0.000000,0.000000
0.000000,0.000000,0.000000,0.000000,0.000000,0.346422,0.000000,0.000000,0.000000,0.000000,0.000000,0.000000,0.000000,0.000000,0.000000,0.392048,0.000000,0.000000,0.000000,0.000000,0.000000,0.342239,0.000000,0.000000,0.000000,0.269951,0.408215,0.000000,0.000000,0.000000,0.000000,0.000000,0.000000,0.000000,0.000000,0.000000,0.000000,0.000000,0.000000,0.000000,0.000000,0.425433,0.000000,0.000000,0.000000,0.000000,0.000000,0.000000,0.000000,0.000000,0.000000,0.000000,0.000000,0.000000,0.000000,0.000000,0.000000,0.000000,0.000000,0.000000,0.000000,0.000000,0.000000,0.000000,0.000000,0.000000,0.000000,0.000000,0.000000,0.000000,0.000000,0.394935,0.000000,0.000000,0.000000,0.000000,0.000000,0.000000,0.000000,0.000000,0.000000,0.000000,0.000000,0.440239,0.000000,0.000000,0.000000,0.000000,0.000000,0.000000
0.436586,0.000000,0.466334,0.000000,0.380802,0.000000,0.448518,0.000000,0.438257,0.000000,0.402279,0.000000,0.414921,0.000000,0.405889,0.000000,0.413525,0.000000,0.442031,0.000000,0.000000,0.000000,0.000000,0.000000,0.000000,0.000000,0.384510,0.000000,0.000000,0.000000,0.000000,0.000000,0.472947,0.000000,0.000000,0.000000,0.000000,0.000000,0.000000,0.000000,0.000000,0.000000,0.000000,0.000000,0.000000,0.000000,0.534937,0.000000,0.000000,0.000000,0.441411,0.000000,0.000000,0.000000,0.000000,0.000000,0.491100,0.000000,0.000000,0.000000,0.474120,0.000000,0.000000,0.000000,0.489456,0.000000,0.000000,0.000000,0.000000,0.000000,0.393944,0.000000,0.352045,0.000000,0.000000,0.000000,0.000000,0.000000,0.349316,0.000000,0.406234,0.000000,0.369748,0.000000,0.473914,0.000000,0.000000,0.000000,0.478247,0.000000
0.000000,0.422744,0.000000,0.000000,0.000000,0.000000,0.000000,0.419693,0.000000,0.376124,0.000000,0.370136,0.000000,0.396497,0.000000,0.384857,0.000000,0.415746,0.000000,0.000000,0.000000,0.000000,0.000000,0.000000,0.000000,0.000000,0.000000,0.000000,0.000000,0.000000,0.000000,0.000000,0.000000,0.000000,0.000000,0.000000,0.000000,0.531992,0.000000,0.000000,0.000000,0.000000,0.000000,0.523309,0.000000,0.000000,0.000000,0.566215,0.000000,0.000000,0.000000,0.495387,0.000000,0.496298,0.000000,0.588203,0.000000,0.000000,0.000000,0.000000,0.000000,0.000000,0.000000,0.429366,0.000000,0.456388,0.000000,0.000000,0.000000,0.000000,0.000000,0.000000,0.000000,0.383100,0.000000,0.000000,0.000000,0.000000,0.000000,0.363925,0.000000,0.402404,0.000000,0.000000,0.000000,0.433656,0.000000,0.000000,0.000000,0.449420
0.000000,0.000000,0.393094,0.000000,0.000000,0.000000,0.000000,0.000000,0.000000,0.000000,0.000000,0.000000,0.000000,0.000000,0.000000,0.000000,0.000000,0.000000,0.000000,0.000000,0.268786,0.381905,0.352455,0.500870,0.378516,0.484208,0.278223,0.000000,0.000000,0.000000,0.000000,0.480152,0.371761,0.510064,0.472531,0.000000,0.000000,0.000000,0.000000,0.000000,0.000000,0.000000,0.000000,0.000000,0.490771,0.000000,0.000000,0.000000,0.000000,0.000000,0.000000,0.000000,0.000000,0.000000,0.000000,0.000000,0.000000,0.000000,0.000000,0.000000,0.000000,0.000000,0.000000,0.000000,0.000000,0.000000,0.500013,0.000000,0.000000,0.000000,0.429833,0.527333,0.000000,0.000000,0.000000,0.000000,0.000000,0.000000,0.000000,0.000000,0.000000,0.000000,0.000000,0.000000,0.000000,0.000000,0.000000,0.000000,0.000000,0.000000
0.000000,0.000000,0.000000,0.313906,0.000000,0.000000,0.000000,0.000000,0.000000,0.000000,0.000000,0.000000,0.000000,0.000000,0.000000,0.000000,0.000000,0.000000,0.000000,0.000000,0.000000,0.259037,0.495959,0.360997,0.491125,0.000000,0.000000,0.000000,0.000000,0.000000,0.480152,0.000000,0.501734,0.438904,0.000000,0.509353,0.000000,0.000000,0.000000,0.000000,0.000000,0.000000,0.000000,0.000000,0.000000,0.485069,0.000000,0.000000,0.000000,0.000000,0.000000,0.000000,0.000000,0.000000,0.000000,0.000000,0.000000,0.000000,0.000000,0.000000,0.000000,0.000000,0.000000,0.000000,0.000000,0.000000,0.000000,0.495439,0.000000,0.000000,0.000000,0.362829,0.000000,0.000000,0.000000,0.000000,0.000000,0.000000,0.000000,0.000000,0.000000,0.000000,0.000000,0.000000,0.000000,0.000000,0.000000,0.000000,0.000000,0.000000
0.000000,0.000000,0.398433,0.000000,0.000000,0.000000,0.000000,0.000000,0.000000,0.000000,0.000000,0.000000,0.000000,0.000000,0.000000,0.000000,0.000000,0.000000,0.367507,0.567772,0.000000,0.000000,0.309699,0.506028,0.000000,0.000000,0.000000,0.000000,0.472947,0.000000,0.371761,0.501734,0.000000,0.510867,0.342235,0.000000,0.000000,0.000000,0.000000,0.000000,0.000000,0.000000,0.000000,0.000000,0.000000,0.000000,0.000000,0.000000,0.000000,0.000000,0.462889,0.000000,0.000000,0.000000,0.000000,0.000000,0.000000,0.000000,0.000000,0.000000,0.000000,0.000000,0.000000,0.000000,0.000000,0.000000,0.481699,0.555250,0.413115,0.544617,0.417615,0.517428,0.446754,0.000000,0.000000,0.000000,0.494099,0.000000,0.000000,0.000000,0.000000,0.000000,0.000000,0.000000,0.000000,0.000000,0.000000,0.000000,0.000000,0.000000
0.000000,0.000000,0.000000,0.000000,0.000000,0.000000,0.000000,0.000000,0.000000,0.000000,0.000000,0.000000,0.000000,0.000000,0.000000,0.000000,0.000000,0.000000,0.537082,0.344704,0.000000,0.000000,0.489391,0.331186,0.000000,0.000000,0.000000,0.000000,0.000000,0.000000,0.510064,0.438904,0.510867,0.000000,0.000000,0.000000,0.000000,0.000000,0.000000,0.000000,0.000000,0.000000,0.000000,0.000000,0.000000,0.389140,0.000000,0.000000,0.000000,0.000000,0.000000,0.430078,0.000000,0.000000,0.000000,0.000000,0.000000,0.000000,0.000000,0.000000,0.000000,0.000000,0.000000,0.000000,0.000000,0.424982,0.000000,0.420315,0.567784,0.277497,0.518613,0.422289,0.000000,0.418726,0.000000,0.000000,0.000000,0.000000,0.000000,0.000000,0.000000,0.000000,0.000000,0.000000,0.000000,0.000000,0.000000,0.000000,0.000000,0.000000
0.000000,0.000000,0.000000,0.000000,0.000000,0.000000,0.000000,0.000000,0.000000,0.000000,0.000000,0.000000,0.000000,0.000000,0.000000,0.000000,0.000000,0.000000,0.000000,0.000000,0.000000,0.000000,0.000000,0.000000,0.000000,0.000000,0.000000,0.000000,0.000000,0.000000,0.472531,0.000000,0.342235,0.000000,0.000000,0.000000,0.000000,0.000000,0.000000,0.000000,0.000000,0.000000,0.000000,0.000000,0.329916,0.000000,0.000000,0.000000,0.000000,0.000000,0.000000,0.000000,0.000000,0.000000,0.000000,0.000000,0.000000,0.000000,0.000000,0.000000,0.000000,0.000000,0.000000,0.000000,0.000000,0.000000,0.359688,0.551411,0.000000,0.000000,0.000000,0.000000,0.000000,0.000000,0.000000,0.000000,0.000000,0.000000,0.000000,0.000000,0.000000,0.000000,0.000000,0.000000,0.000000,0.000000,0.000000,0.000000,0.000000,0.000000
0.000000,0.000000,0.000000,0.000000,0.000000,0.000000,0.000000,0.000000,0.000000,0.000000,0.000000,0.000000,0.000000,0.000000,0.000000,0.000000,0.000000,0.000000,0.000000,0.000000,0.000000,0.000000,0.000000,0.000000,0.000000,0.000000,0.000000,0.000000,0.000000,0.000000,0.000000,0.509353,0.000000,0.000000,0.000000,0.000000,0.000000,0.000000,0.000000,0.000000,0.000000,0.000000,0.000000,0.369928,0.000000,0.000000,0.000000,0.366379,0.000000,0.000000,0.000000,0.000000,0.000000,0.000000,0.000000,0.000000,0.000000,0.000000,0.000000,0.000000,0.000000,0.000000,0.000000,0.000000,0.000000,0.000000,0.566323,0.382017,0.000000,0.000000,0.000000,0.000000,0.000000,0.000000,0.000000,0.000000,0.000000,0.000000,0.000000,0.000000,0.000000,0.000000,0.000000,0.000000,0.000000,0.000000,0.000000,0.000000,0.000000,0.000000
0.554239,0.000000,0.458503,0.000000,0.000000,0.000000,0.000000,0.000000,0.000000,0.000000,0.000000,0.000000,0.000000,0.000000,0.000000,0.000000,0.000000,0.000000,0.000000,0.000000,0.440427,0.000000,0.439840,0.000000,0.421781,0.000000,0.000000,0.000000,0.000000,0.000000,0.000000,0.000000,0.000000,0.000000,0.000000,0.000000,0.000000,0.000000,0.316150,0.000000,0.416902,0.000000,0.000000,0.618651,0.495468,0.559448,0.442669,0.000000,0.000000,0.000000,0.493991,0.000000,0.000000,0.000000,0.361453,0.000000,0.534070,0.000000,0.483277,0.000000,0.000000,0.000000,0.000000,0.000000,0.000000,0.000000,0.484651,0.610902,0.000000,0.000000,0.445439,0.000000,0.498516,0.000000,0.000000,0.000000,0.477137,0.000000,0.000000,0.000000,0.000000,0.000000,0.392886,0.000000,0.000000,0.000000,0.447515,0.000000,0.379662,0.000000
0.000000,0.000000,0.000000,0.440864,0.000000,0.528004,0.000000,0.000000,0.000000,0.506962,0.000000,0.000000,0.000000,0.000000,0.000000,0.000000,0.000000,0.000000,0.000000,0.410157,0.000000,0.000000,0.000000,0.432565,0.000000,0.000000,0.000000,0.000000,0.000000,0.531992,0.000000,0.000000,0.000000,0.000000,0.000000,0.000000,0.000000,0.000000,0.000000,0.415685,0.000000,0.423184,0.000000,0.512403,0.000000,0.487311,0.000000,0.444682,0.000000,0.000000,0.000000,0.506918,0.000000,0.468066,0.000000,0.477920,0.000000,0.552679,0.000000,0.517148,0.000000,0.000000,0.000000,0.000000,0.000000,0.554041,0.000000,0.518915,0.000000,0.000000,0.000000,0.429326,0.000000,0.551103,0.000000,0.000000,0.000000,0.453369,0.000000,0.000000,0.000000,0.449946,0.000000,0.446682,0.000000,0.000000,0.000000,0.000000,0.000000,0.382139
0.000000,0.000000,0.000000,0.000000,0.000000,0.000000,0.000000,0.000000,0.000000,0.000000,0.000000,0.000000,0.000000,0.000000,0.433012,0.000000,0.000000,0.000000,0.000000,0.000000,0.000000,0.000000,0.000000,0.000000,0.000000,0.000000,0.000000,0.000000,0.000000,0.000000,0.000000,0.000000,0.000000,0.000000,0.000000,0.000000,0.316150,0.000000,0.000000,0.000000,0.418681,0.000000,0.404369,0.000000,0.432925,0.000000,0.390250,0.000000,0.000000,0.000000,0.000000,0.000000,0.000000,0.000000,0.377053,0.000000,0.000000,0.000000,0.000000,0.000000,0.000000,0.000000,0.000000,0.000000,0.000000,0.000000,0.484576,0.662554,0.000000,0.000000,0.000000,0.000000,0.000000,0.000000,0.000000,0.000000,0.000000,0.000000,0.000000,0.000000,0.000000,0.000000,0.432580,0.000000,0.000000,0.000000,0.000000,0.000000,0.479634,0.000000
0.000000,0.000000,0.000000,0.000000,0.000000,0.000000,0.000000,0.000000,0.000000,0.000000,0.000000,0.000000,0.000000,0.000000,0.000000,0.000000,0.000000,0.000000,0.000000,0.000000,0.000000,0.000000,0.000000,0.000000,0.000000,0.000000,0.000000,0.000000,0.000000,0.000000,0.000000,0.000000,0.000000,0.000000,0.000000,0.000000,0.000000,0.415685,0.000000,0.000000,0.000000,0.398694,0.000000,0.424958,0.000000,0.425819,0.453562,0.444361,0.000000,0.412238,0.000000,0.000000,0.000000,0.424474,0.000000,0.407393,0.000000,0.000000,0.000000,0.000000,0.000000,0.000000,0.000000,0.000000,0.000000,0.000000,0.000000,0.000000,0.000000,0.000000,0.000000,0.422600,0.000000,0.459266,0.000000,0.000000,0.000000,0.000000,0.000000,0.000000,0.000000,0.000000,0.000000,0.295028,0.000000,0.000000,0.000000,0.426472,0.000000,0.000000
0.000000,0.000000,0.000000,0.000000,0.000000,0.000000,0.000000,0.000000,0.000000,0.000000,0.000000,0.000000,0.000000,0.000000,0.000000,0.000000,0.000000,0.000000,0.000000,0.000000,0.330989,0.000000,0.000000,0.000000,0.000000,0.000000,0.000000,0.000000,0.000000,0.000000,0.000000,0.000000,0.000000,0.000000,0.000000,0.000000,0.416902,0.000000,0.418681,0.000000,0.000000,0.000000,0.000000,0.000000,0.000000,0.000000,0.000000,0.000000,0.000000,0.000000,0.461119,0.000000,0.000000,0.000000,0.000000,0.000000,0.000000,0.000000,0.487418,0.000000,0.000000,0.000000,0.000000,0.000000,0.000000,0.000000,0.000000,0.000000,0.000000,0.000000,0.000000,0.000000,0.000000,0.000000,0.000000,0.000000,0.000000,0.000000,0.000000,0.000000,0.000000,0.000000,0.407766,0.000000,0.000000,0.000000,0.000000,0.000000,0.000000,0.000000
0.000000,0.000000,0.000000,0.000000,0.000000,0.000000,0.000000,0.000000,0.000000,0.000000,0.000000,0.000000,0.000000,0.000000,0.000000,0.000000,0.000000,0.000000,0.000000,0.000000,0.000000,0.420490,0.000000,0.000000,0.000000,0.000000,0.000000,0.425433,0.000000,0.000000,0.000000,0.000000,0.000000,0.000000,0.000000,0.000000,0.000000,0.423184,0.000000,0.398694,0.000000,0.000000,0.000000,0.510151,0.000000,0.000000,0.000000,0.451875,0.000000,0.000000,0.000000,0.503533,0.000000,0.468546,0.000000,0.533608,0.000000,0.000000,0.000000,0.000000,0.000000,0.000000,0.000000,0.000000,0.000000,0.000000,0.000000,0.496311,0.000000,0.000000,0.000000,0.438187,0.000000,0.459970,0.000000,0.000000,0.000000,0.000000,0.000000,0.000000,0.000000,0.000000,0.000000,0.396298,0.000000,0.000000,0.000000,0.000000,0.000000,0.000000
0.000000,0.000000,0.000000,0.000000,0.000000,0.000000,0.000000,0.000000,0.000000,0.000000,0.000000,0.000000,0.000000,0.000000,0.000000,0.000000,0.000000,0.000000,0.000000,0.000000,0.000000,0.000000,0.000000,0.000000,0.000000,0.000000,0.000000,0.000000,0.000000,0.000000,0.000000,0.000000,0.000000,0.000000,0.000000,0.000000,0.000000,0.000000,0.404369,0.000000,0.000000,0.000000,0.000000,0.694596,0.405532,0.668716,0.411414,0.479746,0.442389,0.621273,0.445215,0.000000,0.000000,0.000000,0.417524,0.730733,0.000000,0.000000,0.000000,0.000000,0.000000,0.000000,0.000000,0.000000,0.000000,0.000000,0.439266,0.464356,0.000000,0.000000,0.000000,0.000000,0.000000,0.000000,0.000000,0.000000,0.000000,0.000000,0.000000,0.000000,0.000000,0.000000,0.000000,0.000000,0.000000,0.000000,0.000000,0.000000,0.000000,0.000000
0.000000,0.000000,0.000000,0.000000,0.000000,0.000000,0.000000,0.000000,0.000000,0.000000,0.000000,0.000000,0.000000,0.502497,0.000000,0.000000,0.000000,0.000000,0.000000,0.000000,0.000000,0.000000,0.000000,0.000000,0.000000,0.000000,0.000000,0.000000,0.000000,0.523309,0.000000,0.000000,0.000000,0.000000,0.000000,0.369928,0.618651,0.512403,0.000000,0.424958,0.000000,0.510151,0.694596,0.000000,0.632376,0.445447,0.677963,0.427592,0.642186,0.477063,0.688203,0.398519,0.726693,0.378656,0.594482,0.426739,0.000000,0.000000,0.000000,0.000000,0.000000,0.000000,0.000000,0.000000,0.000000,0.000000,0.652450,0.445896,0.000000,0.000000,0.000000,0.000000,0.000000,0.522146,0.000000,0.000000,0.000000,0.000000,0.000000,0.000000,0.000000,0.498190,0.000000,0.481527,0.000000,0.000000,0.000000,0.000000,0.000000,0.526344
0.000000,0.000000,0.000000,0.000000,0.000000,0.000000,0.000000,0.000000,0.000000,0.000000,0.000000,0.000000,0.000000,0.000000,0.000000,0.000000,0.000000,0.000000,0.000000,0.000000,0.000000,0.000000,0.000000,0.000000,0.000000,0.000000,0.000000,0.000000,0.000000,0.000000,0.490771,0.000000,0.000000,0.000000,0.329916,0.000000,0.495468,0.000000,0.432925,0.000000,0.000000,0.000000,0.405532,0.632376,0.000000,0.595819,0.423219,0.532959,0.480344,0.682044,0.000000,0.659833,0.000000,0.677014,0.414177,0.706167,0.000000,0.000000,0.000000,0.000000,0.000000,0.000000,0.000000,0.000000,0.000000,0.000000,0.391340,0.573464,0.000000,0.000000,0.000000,0.000000,0.000000,0.000000,0.000000,0.000000,0.000000,0.000000,0.000000,0.000000,0.000000,0.000000,0.000000,0.000000,0.000000,0.000000,0.000000,0.000000,0.000000,0.000000
0.000000,0.000000,0.000000,0.000000,0.000000,0.000000,0.000000,0.000000,0.000000,0.000000,0.000000,0.000000,0.000000,0.000000,0.000000,0.000000,0.000000,0.000000,0.000000,0.000000,0.000000,0.000000,0.000000,0.000000,0.000000,0.000000,0.000000,0.000000,0.000000,0.000000,0.000000,0.485069,0.000000,0.389140,0.000000,0.000000,0.559448,0.487311,0.000000,0.425819,0.000000,0.000000,0.668716,0.445447,0.595819,0.000000,0.542594,0.436417,0.585819,0.413296,0.611274,0.468939,0.000000,0.000000,0.000000,0.442123,0.000000,0.000000,0.000000,0.494829,0.000000,0.000000,0.000000,0.000000,0.000000,0.000000,0.572865,0.457899,0.000000,0.000000,0.000000,0.000000,0.000000,0.000000,0.000000,0.000000,0.000000,0.000000,0.000000,0.000000,0.000000,0.000000,0.000000,0.000000,0.000000,0.000000,0.000000,0.000000,0.000000,0.000000
0.000000,0.000000,0.530611,0.000000,0.000000,0.000000,0.000000,0.000000,0.000000,0.000000,0.000000,0.000000,0.000000,0.000000,0.000000,0.000000,0.000000,0.000000,0.000000,0.000000,0.512905,0.000000,0.509551,0.000000,0.000000,0.000000,0.000000,0.000000,0.534937,0.000000,0.000000,0.000000,0.000000,0.000000,0.000000,0.000000,0.442669,0.000000,0.390250,0.453562,0.000000,0.000000,0.411414,0.677963,0.423219,0.542594,0.000000,0.505981,0.449927,0.490207,0.486722,0.567684,0.440509,0.000000,0.394592,0.538314,0.000000,0.000000,0.000000,0.000000,0.000000,0.000000,0.000000,0.000000,0.000000,0.000000,0.453257,0.653998,0.000000,0.000000,0.525042,0.000000,0.542934,0.000000,0.000000,0.000000,0.000000,0.000000,0.000000,0.000000,0.000000,0.000000,0.524798,0.000000,0.523470,0.000000,0.522413,0.000000,0.517467,0.000000
0.000000,0.000000,0.000000,0.000000,0.000000,0.000000,0.000000,0.517198,0.000000,0.527904,0.000000,0.000000,0.000000,0.000000,0.000000,0.544428,0.000000,0.000000,0.000000,0.000000,0.000000,0.000000,0.000000,0.000000,0.000000,0.000000,0.000000,0.000000,0.000000,0.566215,0.000000,0.000000,0.000000,0.000000,0.000000,0.366379,0.000000,0.444682,0.000000,0.444361,0.000000,0.451875,0.479746,0.427592,0.532959,0.436417,0.505981,0.000000,0.575842,0.428505,0.728806,0.356926,0.723493,0.346290,0.566079,0.402558,0.000000,0.000000,0.000000,0.000000,0.000000,0.000000,0.000000,0.000000,0.000000,0.000000,0.651042,0.399933,0.000000,0.000000,0.000000,0.000000,0.000000,0.527690,0.000000,0.000000,0.000000,0.000000,0.000000,0.000000,0.000000,0.000000,0.000000,0.465220,0.000000,0.000000,0.000000,0.463695,0.000000,0.000000
0.000000,0.000000,0.000000,0.000000,0.000000,0.000000,0.000000,0.000000,0.000000,0.000000,0.000000,0.000000,0.000000,0.000000,0.000000,0.000000,0.000000,0.000000,0.000000,0.000000,0.000000,0.000000,0.000000,0.000000,0.000000,0.000000,0.000000,0.000000,0.000000,0.000000,0.000000,0.000000,0.000000,0.000000,0.000000,0.000000,0.000000,0.000000,0.000000,0.000000,0.000000,0.000000,0.442389,0.642186,0.480344,0.585819,0.449927,0.575842,0.000000,0.632876,0.399622,0.683693,0.000000,0.000000,0.000000,0.730653,0.000000,0.000000,0.452070,0.000000,0.483063,0.000000,0.000000,0.000000,0.000000,0.000000,0.428518,0.559065,0.000000,0.000000,0.000000,0.000000,0.000000,0.000000,0.000000,0.000000,0.000000,0.000000,0.000000,0.000000,0.000000,0.000000,0.000000,0.000000,0.000000,0.000000,0.000000,0.000000,0.000000,0.000000
