0.000000,0.606336,0.494528,0.000000,0.000000,0.000000,0.443171,0.000000,0.000000,0.000000,0.420216,0.000000,0.423838,0.000000,0.000000,0.000000,0.000000,0.000000,0.438930,0.000000,0.000000,0.000000,0.000000,0.000000,0.000000,0.000000,0.000000,0.000000,0.000000,0.000000,0.000000,0.000000,0.000000,0.000000,0.000000,0.000000,0.000000,0.000000,0.000000,0.000000,0.000000,0.000000,0.000000,0.000000,0.000000,0.000000,0.000000,0.000000,0.000000,0.000000,0.000000,0.000000,0.000000,0.000000,0.000000,0.000000,0.445218,0.576165,0.000000,0.000000,0.465121,0.000000,0.454008,0.000000,0.000000,0.000000,0.000000,0.000000,0.455301,0.000000,0.000000,0.000000,0.461015,0.000000,0.000000,0.000000,0.448503,0.000000,0.000000,0.000000,0.000000,0.000000,0.000000,0.000000,0.502095,0.000000,0.000000,0.000000,0.000000,0.000000
0.606336,0.000000,0.000000,0.430739,0.000000,0.000000,0.000000,0.406486,0.000000,0.000000,0.000000,0.448647,0.000000,0.000000,0.000000,0.000000,0.000000,0.000000,0.595877,0.469141,0.000000,0.000000,0.000000,0.000000,0.000000,0.000000,0.000000,0.000000,0.000000,0.000000,0.000000,0.000000,0.526325,0.000000,0.000000,0.000000,0.000000,0.000000,0.000000,0.000000,0.000000,0.000000,0.000000,0.000000,0.000000,0.000000,0.000000,0.000000,0.000000,0.000000,0.000000,0.000000,0.000000,0.000000,0.000000,0.000000,0.000000,0.434591,0.000000,0.000000,0.000000,0.000000,0.000000,0.462936,0.000000,0.000000,0.000000,0.000000,0.535967,0.414461,0.000000,0.000000,0.000000,0.420658,0.000000,0.000000,0.000000,0.423381,0.000000,0.000000,0.000000,0.000000,0.000000,0.000000,0.000000,0.457822,0.000000,0.000000,0.000000,0.435887
0.494528,0.000000,0.000000,0.000000,0.000000,0.000000,0.404764,0.000000,0.000000,0.000000,0.469052,0.000000,0.000000,0.000000,0.000000,0.000000,0.000000,0.000000,0.355063,0.000000,0.000000,0.000000,0.340250,0.523911,0.376175,0.000000,0.000000,0.000000,0.000000,0.000000,0.000000,0.481765,0.000000,0.000000,0.000000,0.000000,0.000000,0.000000,0.000000,0.000000,0.000000,0.000000,0.000000,0.000000,0.000000,0.000000,0.000000,0.000000,0.000000,0.000000,0.000000,0.000000,0.000000,0.000000,0.000000,0.000000,0.000000,0.000000,0.000000,0.000000,0.000000,0.000000,0.000000,0.000000,0.000000,0.000000,0.000000,0.000000,0.000000,0.000000,0.000000,0.000000,0.438667,0.000000,0.000000,0.000000,0.000000,0.000000,0.000000,0.000000,0.000000,0.000000,0.000000,0.000000,0.000000,0.000000,0.000000,0.000000,0.000000,0.000000
0.000000,0.430739,0.000000,0.000000,0.000000,0.000000,0.000000,0.442212,0.000000,0.000000,0.000000,0.444224,0.000000,0.446895,0.000000,0.000000,0.000000,0.000000,0.000000,0.418202,0.000000,0.000000,0.000000,0.329941,0.000000,0.000000,0.000000,0.000000,0.000000,0.000000,0.000000,0.307427,0.000000,0.395077,0.000000,0.000000,0.456655,0.000000,0.000000,0.000000,0.000000,0.000000,0.000000,0.000000,0.000000,0.000000,0.000000,0.000000,0.000000,0.000000,0.000000,0.000000,0.000000,0.000000,0.000000,0.000000,0.000000,0.000000,0.000000,0.000000,0.000000,0.000000,0.000000,0.000000,0.000000,0.000000,0.000000,0.000000,0.000000,0.000000,0.000000,0.000000,0.000000,0.000000,0.000000,0.000000,0.447242,0.000000,0.000000,0.000000,0.000000,0.000000,0.000000,0.000000,0.000000,0.000000,0.000000,0.000000,0.000000,0.000000
0.000000,0.000000,0.000000,0.000000,0.000000,0.539810,0.287191,0.000000,0.342105,0.000000,0.000000,0.000000,0.000000,0.000000,0.396577,0.000000,0.000000,0.000000,0.000000,0.000000,0.303238,0.000000,0.000000,0.000000,0.000000,0.528045,0.291122,0.530085,0.355620,0.000000,0.000000,0.000000,0.000000,0.000000,0.000000,0.000000,0.483549,0.000000,0.000000,0.000000,0.000000,0.000000,0.494641,0.000000,0.000000,0.000000,0.000000,0.000000,0.000000,0.000000,0.457298,0.000000,0.456074,0.000000,0.000000,0.000000,0.000000,0.000000,0.000000,0.000000,0.000000,0.000000,0.000000,0.000000,0.000000,0.000000,0.000000,0.000000,0.000000,0.000000,0.358992,0.000000,0.392416,0.000000,0.395661,0.000000,0.401113,0.000000,0.000000,0.000000,0.000000,0.000000,0.000000,0.000000,0.000000,0.000000,0.000000,0.000000,0.000000,0.000000
0.000000,0.000000,0.000000,0.000000,0.539810,0.000000,0.000000,0.000000,0.000000,0.316094,0.000000,0.000000,0.000000,0.000000,0.000000,0.363256,0.000000,0.000000,0.000000,0.000000,0.000000,0.282244,0.000000,0.000000,0.497882,0.269360,0.000000,0.291880,0.000000,0.000000,0.000000,0.000000,0.000000,0.000000,0.000000,0.000000,0.000000,0.000000,0.000000,0.000000,0.000000,0.000000,0.000000,0.000000,0.000000,0.000000,0.000000,0.000000,0.000000,0.000000,0.000000,0.000000,0.000000,0.000000,0.000000,0.000000,0.000000,0.000000,0.000000,0.000000,0.000000,0.000000,0.000000,0.000000,0.000000,0.000000,0.000000,0.000000,0.000000,0.000000,0.000000,0.372255,0.000000,0.387434,0.000000,0.400480,0.469176,0.000000,0.000000,0.000000,0.000000,0.000000,0.000000,0.397087,0.000000,0.000000,0.000000,0.000000,0.000000,0.000000
0.443171,0.000000,0.404764,0.000000,0.287191,0.000000,0.000000,0.463118,0.000000,0.000000,0.000000,0.000000,0.349614,0.474863,0.000000,0.000000,0.000000,0.000000,0.433241,0.000000,0.000000,0.000000,0.394645,0.517419,0.365459,0.000000,0.000000,0.000000,0.000000,0.000000,0.000000,0.495929,0.000000,0.000000,0.000000,0.000000,0.000000,0.000000,0.000000,0.000000,0.000000,0.000000,0.000000,0.000000,0.000000,0.000000,0.000000,0.000000,0.000000,0.000000,0.000000,0.000000,0.000000,0.000000,0.000000,0.000000,0.000000,0.000000,0.000000,0.000000,0.000000,0.000000,0.000000,0.000000,0.000000,0.000000,0.000000,0.000000,0.000000,0.000000,0.000000,0.000000,0.000000,0.000000,0.000000,0.000000,0.000000,0.000000,0.000000,0.000000,0.000000,0.000000,0.000000,0.000000,0.000000,0.000000,0.000000,0.000000,0.000000,0.000000
0.000000,0.406486,0.000000,0.442212,0.000000,0.000000,0.463118,0.000000,0.000000,0.000000,0.000000,0.369796,0.486437,0.375055,0.000000,0.000000,0.000000,0.000000,0.000000,0.435994,0.000000,0.000000,0.000000,0.415085,0.000000,0.000000,0.000000,0.000000,0.000000,0.000000,0.000000,0.000000,0.000000,0.000000,0.000000,0.000000,0.000000,0.000000,0.000000,0.000000,0.000000,0.000000,0.000000,0.000000,0.000000,0.000000,0.000000,0.000000,0.000000,0.000000,0.000000,0.438756,0.000000,0.000000,0.000000,0.000000,0.000000,0.000000,0.000000,0.000000,0.000000,0.000000,0.000000,0.000000,0.000000,0.000000,0.000000,0.000000,0.000000,0.000000,0.000000,0.000000,0.000000,0.359729,0.000000,0.000000,0.000000,0.000000,0.000000,0.000000,0.000000,0.000000,0.000000,0.000000,0.000000,0.000000,0.000000,0.000000,0.000000,0.000000
0.000000,0.000000,0.000000,0.000000,0.342105,0.000000,0.000000,0.000000,0.000000,0.000000,0.000000,0.000000,0.000000,0.000000,0.277456,0.000000,0.000000,0.000000,0.000000,0.000000,0.000000,0.000000,0.000000,0.000000,0.378847,0.000000,0.000000,0.000000,0.000000,0.000000,0.000000,0.000000,0.000000,0.000000,0.000000,0.000000,0.000000,0.000000,0.000000,0.000000,0.000000,0.000000,0.470610,0.000000,0.000000,0.000000,0.000000,0.000000,0.000000,0.000000,0.000000,0.000000,0.000000,0.000000,0.000000,0.000000,0.000000,0.000000,0.000000,0.000000,0.000000,0.000000,0.000000,0.000000,0.000000,0.000000,0.000000,0.000000,0.000000,0.000000,0.000000,0.000000,0.414170,0.000000,0.000000,0.000000,0.000000,0.000000,0.000000,0.000000,0.000000,0.000000,0.000000,0.000000,0.000000,0.000000,0.000000,0.000000,0.000000,0.000000
0.000000,0.000000,0.000000,0.000000,0.000000,0.316094,0.000000,0.000000,0.000000,0.000000,0.000000,0.000000,0.000000,0.000000,0.000000,0.295446,0.000000,0.000000,0.000000,0.000000,0.000000,0.000000,0.000000,0.000000,0.000000,0.000000,0.000000,0.000000,0.000000,0.000000,0.000000,0.000000,0.000000,0.000000,0.000000,0.000000,0.000000,0.000000,0.000000,0.000000,0.000000,0.000000,0.000000,0.000000,0.000000,0.000000,0.000000,0.000000,0.000000,0.000000,0.000000,0.000000,0.000000,0.000000,0.000000,0.000000,0.000000,0.000000,0.000000,0.000000,0.000000,0.000000,0.000000,0.000000,0.000000,0.000000,0.000000,0.000000,0.000000,0.000000,0.000000,0.000000,0.000000,0.000000,0.000000,0.000000,0.000000,0.000000,0.000000,0.000000,0.000000,0.000000,0.000000,0.000000,0.000000,0.000000,0.000000,0.000000,0.000000,0.000000
0.420216,0.000000,0.469052,0.000000,0.000000,0.000000,0.000000,0.000000,0.000000,0.000000,0.000000,0.500248,0.375741,0.437348,0.000000,0.000000,0.361435,0.000000,0.460761,0.000000,0.000000,0.000000,0.000000,0.000000,0.000000,0.000000,0.000000,0.000000,0.419538,0.000000,0.000000,0.000000,0.000000,0.000000,0.000000,0.000000,0.000000,0.000000,0.000000,0.000000,0.000000,0.000000,0.000000,0.000000,0.000000,0.000000,0.000000,0.000000,0.000000,0.000000,0.000000,0.000000,0.000000,0.000000,0.000000,0.000000,0.000000,0.000000,0.000000,0.000000,0.000000,0.000000,0.000000,0.000000,0.000000,0.000000,0.000000,0.000000,0.000000,0.000000,0.000000,0.000000,0.000000,0.000000,0.000000,0.000000,0.000000,0.000000,0.000000,0.000000,0.000000,0.000000,0.000000,0.000000,0.000000,0.000000,0.000000,0.000000,0.000000,0.000000
0.000000,0.448647,0.000000,0.444224,0.000000,0.000000,0.000000,0.369796,0.000000,0.000000,0.500248,0.000000,0.490142,0.305102,0.000000,0.000000,0.000000,0.378227,0.531963,0.487456,0.000000,0.000000,0.000000,0.000000,0.000000,0.000000,0.000000,0.000000,0.000000,0.376481,0.000000,0.000000,0.000000,0.000000,0.000000,0.000000,0.000000,0.000000,0.000000,0.000000,0.000000,0.000000,0.000000,0.000000,0.000000,0.000000,0.000000,0.000000,0.000000,0.000000,0.000000,0.000000,0.000000,0.000000,0.000000,0.000000,0.000000,0.000000,0.000000,0.000000,0.000000,0.000000,0.000000,0.455165,0.000000,0.000000,0.000000,0.000000,0.000000,0.000000,0.000000,0.000000,0.472489,0.350493,0.000000,0.000000,0.000000,0.000000,0.000000,0.000000,0.000000,0.000000,0.000000,0.000000,0.000000,0.000000,0.000000,0.000000,0.000000,0.000000
0.423838,0.000000,0.000000,0.000000,0.000000,0.000000,0.349614,0.486437,0.000000,0.000000,0.375741,0.490142,0.000000,0.520256,0.285684,0.000000,0.000000,0.000000,0.453597,0.000000,0.000000,0.000000,0.378468,0.483427,0.000000,0.000000,0.000000,0.000000,0.350906,0.000000,0.000000,0.000000,0.000000,0.000000,0.000000,0.000000,0.000000,0.000000,0.000000,0.000000,0.000000,0.000000,0.000000,0.000000,0.000000,0.000000,0.000000,0.000000,0.000000,0.000000,0.000000,0.000000,0.000000,0.000000,0.000000,0.000000,0.000000,0.000000,0.000000,0.000000,0.000000,0.000000,0.000000,0.000000,0.000000,0.000000,0.000000,0.000000,0.000000,0.000000,0.000000,0.000000,0.423817,0.473595,0.000000,0.479851,0.000000,0.000000,0.000000,0.000000,0.000000,0.000000,0.000000,0.000000,0.000000,0.000000,0.000000,0.000000,0.000000,0.000000
0.000000,0.000000,0.000000,0.446895,0.000000,0.000000,0.474863,0.375055,0.000000,0.000000,0.437348,0.305102,0.520256,0.000000,0.000000,0.303422,0.000000,0.000000,0.000000,0.454444,0.000000,0.000000,0.000000,0.000000,0.000000,0.000000,0.000000,0.000000,0.000000,0.346409,0.000000,0.000000,0.000000,0.000000,0.000000,0.000000,0.000000,0.000000,0.000000,0.000000,0.000000,0.000000,0.000000,0.468710,0.000000,0.000000,0.000000,0.000000,0.000000,0.473538,0.535854,0.457276,0.000000,0.000000,0.000000,0.000000,0.000000,0.000000,0.000000,0.000000,0.000000,0.000000,0.000000,0.000000,0.000000,0.000000,0.000000,0.000000,0.000000,0.000000,0.000000,0.000000,0.000000,0.411394,0.000000,0.000000,0.000000,0.000000,0.000000,0.000000,0.000000,0.000000,0.000000,0.000000,0.000000,0.000000,0.000000,0.000000,0.000000,0.000000
0.000000,0.000000,0.000000,0.000000,0.396577,0.000000,0.000000,0.000000,0.277456,0.000000,0.000000,0.000000,0.285684,0.000000,0.000000,0.000000,0.000000,0.000000,0.000000,0.000000,0.000000,0.000000,0.000000,0.000000,0.000000,0.000000,0.357438,0.000000,0.317620,0.000000,0.000000,0.000000,0.000000,0.000000,0.000000,0.000000,0.000000,0.000000,0.000000,0.000000,0.000000,0.000000,0.000000,0.000000,0.000000,0.000000,0.000000,0.000000,0.000000,0.000000,0.000000,0.000000,0.000000,0.000000,0.000000,0.000000,0.000000,0.000000,0.000000,0.000000,0.000000,0.000000,0.000000,0.000000,0.000000,0.000000,0.000000,0.000000,0.000000,0.000000,0.000000,0.000000,0.429600,0.000000,0.000000,0.000000,0.000000,0.000000,0.000000,0.000000,0.000000,0.000000,0.254781,0.000000,0.000000,0.000000,0.000000,0.000000,0.000000,0.000000
0.000000,0.000000,0.000000,0.000000,0.000000,0.363256,0.000000,0.000000,0.000000,0.295446,0.000000,0.000000,0.000000,0.303422,0.000000,0.000000,0.000000,0.000000,0.000000,0.000000,0.000000,0.264948,0.000000,0.000000,0.000000,0.000000,0.000000,0.000000,0.000000,0.357331,0.000000,0.000000,0.000000,0.000000,0.000000,0.000000,0.000000,0.000000,0.000000,0.000000,0.000000,0.000000,0.000000,0.000000,0.000000,0.000000,0.000000,0.000000,0.000000,0.000000,0.000000,0.000000,0.000000,0.000000,0.000000,0.000000,0.000000,0.000000,0.000000,0.000000,0.000000,0.000000,0.000000,0.000000,0.000000,0.000000,0.000000,0.000000,0.000000,0.000000,0.000000,0.000000,0.000000,0.388476,0.000000,0.000000,0.000000,0.000000,0.000000,0.000000,0.000000,0.000000,0.000000,0.000000,0.000000,0.000000,0.000000,0.000000,0.000000,0.000000
0.000000,0.000000,0.000000,0.000000,0.000000,0.000000,0.000000,0.000000,0.000000,0.000000,0.361435,0.000000,0.000000,0.000000,0.000000,0.000000,0.000000,0.000000,0.452152,0.000000,0.000000,0.000000,0.000000,0.000000,0.000000,0.000000,0.000000,0.000000,0.362230,0.000000,0.000000,0.000000,0.000000,0.000000,0.000000,0.000000,0.000000,0.000000,0.000000,0.000000,0.000000,0.000000,0.000000,0.000000,0.000000,0.000000,0.000000,0.000000,0.000000,0.000000,0.000000,0.000000,0.000000,0.000000,0.000000,0.000000,0.378761,0.000000,0.000000,0.000000,0.422787,0.000000,0.372913,0.000000,0.000000,0.000000,0.000000,0.000000,0.000000,0.000000,0.000000,0.000000,0.000000,0.000000,0.000000,0.000000,0.000000,0.000000,0.301932,0.000000,0.346626,0.000000,0.000000,0.000000,0.000000,0.000000,0.000000,0.000000,0.000000,0.000000
0.000000,0.000000,0.000000,0.000000,0.000000,0.000000,0.000000,0.000000,0.000000,0.000000,0.000000,0.378227,0.000000,0.000000,0.000000,0.000000,0.000000,0.000000,0.000000,0.000000,0.000000,0.000000,0.000000,0.000000,0.000000,0.000000,0.000000,0.000000,0.000000,0.407985,0.000000,0.000000,0.000000,0.000000,0.000000,0.000000,0.000000,0.000000,0.000000,0.000000,0.000000,0.000000,0.000000,0.000000,0.000000,0.000000,0.000000,0.000000,0.000000,0.000000,0.000000,0.000000,0.000000,0.000000,0.000000,0.000000,0.000000,0.404723,0.000000,0.000000,0.000000,0.000000,0.000000,0.372329,0.000000,0.000000,0.000000,0.000000,0.000000,0.000000,0.000000,0.000000,0.000000,0.312114,0.000000,0.000000,0.000000,0.000000,0.000000,0.000000,0.000000,0.328568,0.000000,0.000000,0.000000,0.000000,0.000000,0.000000,0.000000,0.000000
0.438930,0.595877,0.355063,0.000000,0.000000,0.000000,0.433241,0.000000,0.000000,0.000000,0.460761,0.531963,0.453597,0.000000,0.000000,0.000000,0.452152,0.000000,0.000000,0.583093,0.000000,0.000000,0.317446,0.000000,0.000000,0.000000,0.000000,0.000000,0.000000,0.000000,0.000000,0.000000,0.328830,0.504320,0.000000,0.000000,0.000000,0.000000,0.000000,0.000000,0.000000,0.000000,0.000000,0.000000,0.000000,0.000000,0.000000,0.000000,0.000000,0.000000,0.000000,0.000000,0.000000,0.000000,0.000000,0.000000,0.000000,0.000000,0.000000,0.000000,0.000000,0.000000,0.000000,0.000000,0.000000,0.000000,0.000000,0.000000,0.258701,0.000000,0.000000,0.000000,0.502249,0.554852,0.000000,0.000000,0.000000,0.000000,0.000000,0.000000,0.000000,0.000000,0.000000,0.000000,0.000000,0.000000,0.000000,0.000000,0.000000,0.000000
0.000000,0.469141,0.000000,0.418202,0.000000,0.000000,0.000000,0.435994,0.000000,0.000000,0.000000,0.487456,0.000000,0.454444,0.000000,0.000000,0.000000,0.000000,0.583093,0.000000,0.000000,0.000000,0.000000,0.000000,0.000000,0.000000,0.000000,0.000000,0.000000,0.000000,0.000000,0.000000,0.532211,0.363234,0.000000,0.481329,0.000000,0.000000,0.000000,0.000000,0.000000,0.000000,0.000000,0.000000,0.000000,0.000000,0.000000,0.000000,0.000000,0.000000,0.000000,0.000000,0.000000,0.000000,0.000000,0.000000,0.000000,0.000000,0.000000,0.000000,0.000000,0.000000,0.000000,0.000000,0.000000,0.000000,0.500518,0.465325,0.550421,0.392390,0.000000,0.000000,0.000000,0.414050,0.000000,0.000000,0.000000,0.434653,0.000000,0.000000,0.000000,0.000000,0.000000,0.000000,0.000000,0.000000,0.000000,0.000000,0.000000,0.000000
0.000000,0.000000,0.000000,0.000000,0.303238,0.000000,0.000000,0.000000,0.000000,0.000000,0.000000,0.000000,0.000000,0.000000,0.000000,0.000000,0.000000,0.000000,0.000000,0.000000,0.000000,0.276983,0.000000,0.000000,0.000000,0.000000,0.305106,0.000000,0.361063,0.000000,0.335758,0.000000,0.000000,0.000000,0.000000,0.000000,0.445973,0.559879,0.000000,0.000000,0.392068,0.000000,0.000000,0.000000,0.000000,0.000000,0.000000,0.000000,0.000000,0.000000,0.448473,0.000000,0.000000,0.000000,0.000000,0.000000,0.000000,0.000000,0.000000,0.000000,0.000000,0.000000,0.000000,0.000000,0.000000,0.000000,0.000000,0.000000,0.000000,0.000000,0.270370,0.000000,0.000000,0.000000,0.000000,0.000000,0.000000,0.000000,0.000000,0.000000,0.000000,0.000000,0.000000,0.000000,0.000000,0.000000,0.000000,0.000000,0.000000,0.000000
0.000000,0.000000,0.000000,0.000000,0.000000,0.282244,0.000000,0.000000,0.000000,0.000000,0.000000,0.000000,0.000000,0.000000,0.000000,0.264948,0.000000,0.000000,0.000000,0.000000,0.276983,0.000000,0.000000,0.000000,0.000000,0.249062,0.000000,0.265718,0.000000,0.000000,0.000000,0.339428,0.000000,0.000000,0.000000,0.000000,0.000000,0.000000,0.577562,0.000000,0.000000,0.000000,0.000000,0.000000,0.000000,0.000000,0.000000,0.000000,0.000000,0.000000,0.432819,0.000000,0.000000,0.000000,0.000000,0.000000,0.000000,0.000000,0.000000,0.000000,0.000000,0.000000,0.000000,0.000000,0.000000,0.000000,0.000000,0.000000,0.000000,0.000000,0.000000,0.312988,0.000000,0.000000,0.000000,0.000000,0.000000,0.000000,0.000000,0.000000,0.000000,0.000000,0.000000,0.000000,0.000000,0.000000,0.000000,0.000000,0.000000,0.000000
0.000000,0.000000,0.340250,0.000000,0.000000,0.000000,0.394645,0.000000,0.000000,0.000000,0.000000,0.000000,0.378468,0.000000,0.000000,0.000000,0.000000,0.000000,0.317446,0.000000,0.000000,0.000000,0.000000,0.507756,0.286992,0.000000,0.000000,0.562162,0.000000,0.000000,0.372218,0.443173,0.451369,0.501005,0.000000,0.000000,0.000000,0.000000,0.000000,0.000000,0.000000,0.000000,0.000000,0.000000,0.000000,0.000000,0.000000,0.000000,0.000000,0.000000,0.000000,0.000000,0.000000,0.000000,0.000000,0.000000,0.000000,0.000000,0.000000,0.000000,0.000000,0.000000,0.000000,0.000000,0.000000,0.000000,0.000000,0.000000,0.000000,0.000000,0.000000,0.000000,0.000000,0.000000,0.000000,0.000000,0.000000,0.000000,0.000000,0.000000,0.000000,0.000000,0.000000,0.000000,0.000000,0.000000,0.000000,0.000000,0.000000,0.000000
0.000000,0.000000,0.523911,0.329941,0.000000,0.000000,0.517419,0.415085,0.000000,0.000000,0.000000,0.000000,0.483427,0.000000,0.000000,0.000000,0.000000,0.000000,0.000000,0.000000,0.000000,0.000000,0.507756,0.000000,0.499658,0.000000,0.000000,0.000000,0.000000,0.000000,0.358982,0.303745,0.511713,0.354910,0.000000,0.000000,0.000000,0.000000,0.000000,0.000000,0.000000,0.000000,0.000000,0.000000,0.000000,0.000000,0.000000,0.000000,0.000000,0.000000,0.000000,0.000000,0.000000,0.000000,0.000000,0.000000,0.000000,0.000000,0.000000,0.000000,0.000000,0.000000,0.000000,0.000000,0.000000,0.000000,0.000000,0.000000,0.000000,0.000000,0.000000,0.000000,0.000000,0.000000,0.000000,0.000000,0.000000,0.000000,0.000000,0.000000,0.000000,0.000000,0.000000,0.000000,0.000000,0.000000,0.000000,0.000000,0.000000,0.000000
0.000000,0.000000,0.376175,0.000000,0.000000,0.497882,0.365459,0.000000,0.378847,0.000000,0.000000,0.000000,0.000000,0.000000,0.000000,0.000000,0.000000,0.000000,0.000000,0.000000,0.000000,0.000000,0.286992,0.499658,0.000000,0.530166,0.285155,0.519858,0.000000,0.000000,0.361852,0.530581,0.000000,0.000000,0.000000,0.000000,0.000000,0.000000,0.000000,0.000000,0.000000,0.000000,0.478523,0.000000,0.000000,0.000000,0.000000,0.000000,0.000000,0.000000,0.000000,0.000000,0.000000,0.000000,0.000000,0.000000,0.000000,0.000000,0.000000,0.000000,0.000000,0.000000,0.000000,0.000000,0.000000,0.000000,0.000000,0.000000,0.000000,0.000000,0.382675,0.000000,0.398240,0.000000,0.409637,0.000000,0.000000,0.000000,0.000000,0.000000,0.000000,0.000000,0.000000,0.000000,0.000000,0.000000,0.000000,0.000000,0.000000,0.000000
0.000000,0.000000,0.000000,0.000000,0.528045,0.269360,0.000000,0.000000,0.000000,0.000000,0.000000,0.000000,0.000000,0.000000,0.000000,0.000000,0.000000,0.000000,0.000000,0.000000,0.000000,0.249062,0.000000,0.000000,0.530166,0.000000,0.376664,0.231483,0.000000,0.000000,0.510731,0.411752,0.000000,0.000000,0.000000,0.000000,0.000000,0.000000,0.000000,0.000000,0.000000,0.000000,0.000000,0.000000,0.000000,0.000000,0.000000,0.000000,0.000000,0.000000,0.000000,0.000000,0.000000,0.000000,0.000000,0.000000,0.000000,0.000000,0.000000,0.000000,0.000000,0.000000,0.000000,0.000000,0.000000,0.000000,0.000000,0.000000,0.000000,0.000000,0.000000,0.000000,0.000000,0.000000,0.000000,0.000000,0.000000,0.000000,0.000000,0.000000,0.000000,0.000000,0.000000,0.000000,0.000000,0.000000,0.000000,0.000000,0.000000,0.000000
0.000000,0.000000,0.000000,0.000000,0.291122,0.000000,0.000000,0.000000,0.000000,0.000000,0.000000,0.000000,0.000000,0.000000,0.357438,0.000000,0.000000,0.000000,0.000000,0.000000,0.305106,0.000000,0.000000,0.000000,0.285155,0.376664,0.000000,0.346914,0.342038,0.000000,0.294613,0.000000,0.000000,0.000000,0.000000,0.000000,0.467795,0.574303,0.000000,0.000000,0.000000,0.000000,0.477405,0.000000,0.000000,0.000000,0.000000,0.000000,0.000000,0.000000,0.440190,0.000000,0.000000,0.000000,0.000000,0.000000,0.000000,0.000000,0.000000,0.000000,0.000000,0.000000,0.000000,0.000000,0.000000,0.000000,0.000000,0.000000,0.000000,0.000000,0.383566,0.000000,0.000000,0.000000,0.000000,0.000000,0.000000,0.000000,0.000000,0.000000,0.000000,0.000000,0.000000,0.000000,0.000000,0.000000,0.000000,0.000000,0.000000,0.000000
0.000000,0.000000,0.000000,0.000000,0.530085,0.291880,0.000000,0.000000,0.000000,0.000000,0.000000,0.000000,0.000000,0.000000,0.000000,0.000000,0.000000,0.000000,0.000000,0.000000,0.000000,0.265718,0.562162,0.000000,0.519858,0.231483,0.346914,0.000000,0.000000,0.000000,0.000000,0.334932,0.000000,0.000000,0.000000,0.000000,0.000000,0.000000,0.000000,0.000000,0.000000,0.000000,0.000000,0.000000,0.000000,0.000000,0.000000,0.000000,0.000000,0.000000,0.000000,0.000000,0.000000,0.000000,0.000000,0.000000,0.000000,0.000000,0.000000,0.000000,0.000000,0.000000,0.000000,0.000000,0.000000,0.000000,0.000000,0.000000,0.000000,0.000000,0.000000,0.276702,0.000000,0.346053,0.000000,0.000000,0.000000,0.000000,0.000000,0.000000,0.000000,0.000000,0.000000,0.000000,0.000000,0.000000,0.000000,0.000000,0.000000,0.000000
0.000000,0.000000,0.000000,0.000000,0.355620,0.000000,0.000000,0.000000,0.000000,0.000000,0.419538,0.000000,0.350906,0.000000,0.317620,0.000000,0.362230,0.000000,0.000000,0.000000,0.361063,0.000000,0.000000,0.000000,0.000000,0.000000,0.342038,0.000000,0.000000,0.000000,0.000000,0.000000,0.000000,0.000000,0.000000,0.000000,0.000000,0.000000,0.000000,0.000000,0.000000,0.000000,0.000000,0.000000,0.000000,0.000000,0.000000,0.000000,0.000000,0.000000,0.000000,0.000000,0.000000,0.000000,0.000000,0.000000,0.419240,0.000000,0.000000,0.000000,0.000000,0.000000,0.361310,0.000000,0.000000,0.000000,0.000000,0.000000,0.000000,0.000000,0.000000,0.000000,0.438487,0.000000,0.000000,0.000000,0.000000,0.000000,0.000000,0.000000,0.304870,0.000000,0.000000,0.000000,0.000000,0.000000,0.000000,0.000000,0.000000,0.000000
0.000000,0.000000,0.000000,0.000000,0.000000,0.000000,0.000000,0.000000,0.000000,0.000000,0.000000,0.376481,0.000000,0.346409,0.000000,0.357331,0.000000,0.407985,0.000000,0.000000,0.000000,0.000000,0.000000,0.000000,0.000000,0.000000,0.000000,0.000000,0.000000,0.000000,0.000000,0.000000,0.000000,0.000000,0.000000,0.000000,0.000000,0.000000,0.000000,0.000000,0.000000,0.000000,0.000000,0.496759,0.000000,0.473940,0.000000,0.000000,0.000000,0.000000,0.000000,0.464887,0.000000,0.000000,0.000000,0.000000,0.000000,0.381637,0.000000,0.000000,0.000000,0.000000,0.000000,0.395149,0.000000,0.000000,0.000000,0.426154,0.000000,0.000000,0.000000,0.000000,0.000000,0.343914,0.000000,0.000000,0.000000,0.000000,0.000000,0.000000,0.000000,0.000000,0.000000,0.000000,0.000000,0.000000,0.000000,0.000000,0.000000,0.000000
0.000000,0.000000,0.000000,0.000000,0.000000,0.000000,0.000000,0.000000,0.000000,0.000000,0.000000,0.000000,0.000000,0.000000,0.000000,0.000000,0.000000,0.000000,0.000000,0.000000,0.335758,0.000000,0.372218,0.358982,0.361852,0.510731,0.294613,0.000000,0.000000,0.000000,0.000000,0.357869,0.447168,0.499788,0.000000,0.000000,0.000000,0.000000,0.000000,0.000000,0.000000,0.000000,0.000000,0.000000,0.000000,0.000000,0.000000,0.000000,0.000000,0.000000,0.000000,0.000000,0.000000,0.000000,0.000000,0.000000,0.000000,0.000000,0.000000,0.000000,0.000000,0.000000,0.000000,0.000000,0.000000,0.000000,0.463666,0.471690,0.000000,0.000000,0.000000,0.000000,0.000000,0.000000,0.000000,0.000000,0.000000,0.000000,0.000000,0.000000,0.000000,0.000000,0.000000,0.000000,0.000000,0.000000,0.000000,0.000000,0.000000,0.000000
0.000000,0.000000,0.481765,0.307427,0.000000,0.000000,0.495929,0.000000,0.000000,0.000000,0.000000,0.000000,0.000000,0.000000,0.000000,0.000000,0.000000,0.000000,0.000000,0.000000,0.000000,0.339428,0.443173,0.303745,0.530581,0.411752,0.000000,0.334932,0.000000,0.000000,0.357869,0.000000,0.000000,0.316938,0.000000,0.476060,0.000000,0.000000,0.000000,0.000000,0.000000,0.000000,0.000000,0.000000,0.000000,0.000000,0.000000,0.000000,0.000000,0.000000,0.000000,0.000000,0.000000,0.000000,0.000000,0.000000,0.000000,0.000000,0.000000,0.000000,0.000000,0.000000,0.000000,0.000000,0.000000,0.000000,0.000000,0.462290,0.000000,0.000000,0.000000,0.000000,0.000000,0.000000,0.000000,0.000000,0.000000,0.000000,0.000000,0.000000,0.000000,0.000000,0.000000,0.000000,0.000000,0.000000,0.000000,0.000000,0.000000,0.000000
0.000000,0.526325,0.000000,0.000000,0.000000,0.000000,0.000000,0.000000,0.000000,0.000000,0.000000,0.000000,0.000000,0.000000,0.000000,0.000000,0.000000,0.000000,0.328830,0.532211,0.000000,0.000000,0.451369,0.511713,0.000000,0.000000,0.000000,0.000000,0.000000,0.000000,0.447168,0.000000,0.000000,0.507205,0.418147,0.000000,0.000000,0.000000,0.000000,0.000000,0.000000,0.000000,0.000000,0.000000,0.000000,0.000000,0.000000,0.000000,0.000000,0.000000,0.000000,0.000000,0.000000,0.000000,0.000000,0.000000,0.000000,0.000000,0.303615,0.000000,0.000000,0.000000,0.000000,0.000000,0.000000,0.000000,0.423887,0.000000,0.339383,0.557817,0.000000,0.000000,0.000000,0.000000,0.000000,0.000000,0.000000,0.000000,0.000000,0.000000,0.000000,0.000000,0.000000,0.000000,0.000000,0.000000,0.000000,0.000000,0.000000,0.000000
0.000000,0.000000,0.000000,0.395077,0.000000,0.000000,0.000000,0.000000,0.000000,0.000000,0.000000,0.000000,0.000000,0.000000,0.000000,0.000000,0.000000,0.000000,0.504320,0.363234,0.000000,0.000000,0.501005,0.354910,0.000000,0.000000,0.000000,0.000000,0.000000,0.000000,0.499788,0.316938,0.507205,0.000000,0.570499,0.410554,0.000000,0.000000,0.000000,0.000000,0.000000,0.000000,0.000000,0.000000,0.000000,0.000000,0.000000,0.000000,0.000000,0.000000,0.000000,0.000000,0.000000,0.000000,0.000000,0.000000,0.000000,0.000000,0.000000,0.000000,0.000000,0.000000,0.000000,0.000000,0.000000,0.000000,0.469115,0.443328,0.491683,0.321952,0.000000,0.000000,0.000000,0.000000,0.000000,0.000000,0.000000,0.000000,0.000000,0.000000,0.000000,0.000000,0.000000,0.000000,0.000000,0.000000,0.000000,0.000000,0.000000,0.000000
0.000000,0.000000,0.000000,0.000000,0.000000,0.000000,0.000000,0.000000,0.000000,0.000000,0.000000,0.000000,0.000000,0.000000,0.000000,0.000000,0.000000,0.000000,0.000000,0.000000,0.000000,0.000000,0.000000,0.000000,0.000000,0.000000,0.000000,0.000000,0.000000,0.000000,0.000000,0.000000,0.418147,0.570499,0.000000,0.484050,0.456713,0.000000,0.000000,0.000000,0.000000,0.000000,0.579293,0.556051,0.408374,0.553277,0.000000,0.000000,0.000000,0.522817,0.000000,0.000000,0.000000,0.000000,0.000000,0.000000,0.000000,0.000000,0.000000,0.000000,0.000000,0.000000,0.000000,0.000000,0.000000,0.000000,0.428767,0.534266,0.000000,0.000000,0.000000,0.000000,0.000000,0.000000,0.000000,0.000000,0.000000,0.000000,0.000000,0.000000,0.000000,0.000000,0.000000,0.000000,0.000000,0.000000,0.000000,0.000000,0.000000,0.000000
0.000000,0.000000,0.000000,0.000000,0.000000,0.000000,0.000000,0.000000,0.000000,0.000000,0.000000,0.000000,0.000000,0.000000,0.000000,0.000000,0.000000,0.000000,0.000000,0.481329,0.000000,0.000000,0.000000,0.000000,0.000000,0.000000,0.000000,0.000000,0.000000,0.000000,0.000000,0.476060,0.000000,0.410554,0.484050,0.000000,0.000000,0.000000,0.000000,0.000000,0.000000,0.000000,0.000000,0.000000,0.000000,0.000000,0.000000,0.000000,0.000000,0.000000,0.000000,0.000000,0.000000,0.000000,0.000000,0.000000,0.000000,0.000000,0.000000,0.000000,0.000000,0.000000,0.000000,0.000000,0.000000,0.000000,0.551968,0.376446,0.000000,0.000000,0.000000,0.000000,0.000000,0.000000,0.000000,0.000000,0.000000,0.000000,0.000000,0.000000,0.000000,0.000000,0.000000,0.000000,0.000000,0.000000,0.000000,0.000000,0.000000,0.000000
0.000000,0.000000,0.000000,0.456655,0.483549,0.000000,0.000000,0.000000,0.000000,0.000000,0.000000,0.000000,0.000000,0.000000,0.000000,0.000000,0.000000,0.000000,0.000000,0.000000,0.445973,0.000000,0.000000,0.000000,0.000000,0.000000,0.467795,0.000000,0.000000,0.000000,0.000000,0.000000,0.000000,0.000000,0.456713,0.000000,0.000000,0.550208,0.333054,0.000000,0.388559,0.000000,0.503442,0.000000,0.000000,0.000000,0.415353,0.000000,0.000000,0.000000,0.000000,0.000000,0.000000,0.000000,0.000000,0.000000,0.000000,0.000000,0.000000,0.000000,0.000000,0.000000,0.000000,0.000000,0.000000,0.000000,0.393491,0.000000,0.000000,0.000000,0.407774,0.000000,0.000000,0.000000,0.000000,0.000000,0.402111,0.000000,0.000000,0.000000,0.000000,0.000000,0.354256,0.000000,0.332345,0.000000,0.000000,0.000000,0.000000,0.000000
0.000000,0.000000,0.000000,0.000000,0.000000,0.000000,0.000000,0.000000,0.000000,0.000000,0.000000,0.000000,0.000000,0.000000,0.000000,0.000000,0.000000,0.000000,0.000000,0.000000,0.559879,0.000000,0.000000,0.000000,0.000000,0.000000,0.574303,0.000000,0.000000,0.000000,0.000000,0.000000,0.000000,0.000000,0.000000,0.000000,0.550208,0.000000,0.000000,0.357080,0.000000,0.484083,0.000000,0.459680,0.000000,0.000000,0.542322,0.473006,0.000000,0.000000,0.000000,0.000000,0.000000,0.000000,0.000000,0.000000,0.000000,0.000000,0.000000,0.000000,0.000000,0.000000,0.000000,0.000000,0.000000,0.000000,0.000000,0.303884,0.000000,0.000000,0.000000,0.408524,0.000000,0.476687,0.000000,0.000000,0.000000,0.417792,0.000000,0.000000,0.000000,0.000000,0.000000,0.428020,0.000000,0.000000,0.000000,0.373086,0.000000,0.493978
0.000000,0.000000,0.000000,0.000000,0.000000,0.000000,0.000000,0.000000,0.000000,0.000000,0.000000,0.000000,0.000000,0.000000,0.000000,0.000000,0.000000,0.000000,0.000000,0.000000,0.000000,0.577562,0.000000,0.000000,0.000000,0.000000,0.000000,0.000000,0.000000,0.000000,0.000000,0.000000,0.000000,0.000000,0.000000,0.000000,0.333054,0.000000,0.000000,0.000000,0.228337,0.000000,0.000000,0.000000,0.371329,0.000000,0.332388,0.000000,0.000000,0.000000,0.357881,0.000000,0.000000,0.000000,0.308574,0.000000,0.000000,0.000000,0.000000,0.000000,0.000000,0.000000,0.000000,0.000000,0.000000,0.000000,0.358642,0.000000,0.000000,0.000000,0.000000,0.000000,0.000000,0.581653,0.000000,0.000000,0.000000,0.000000,0.000000,0.000000,0.000000,0.000000,0.340514,0.000000,0.000000,0.000000,0.000000,0.000000,0.000000,0.000000
0.000000,0.000000,0.000000,0.000000,0.000000,0.000000,0.000000,0.000000,0.000000,0.000000,0.000000,0.000000,0.000000,0.000000,0.000000,0.000000,0.000000,0.000000,0.000000,0.000000,0.000000,0.000000,0.000000,0.000000,0.000000,0.000000,0.000000,0.000000,0.000000,0.000000,0.000000,0.000000,0.000000,0.000000,0.000000,0.000000,0.000000,0.357080,0.000000,0.000000,0.000000,0.290113,0.000000,0.000000,0.000000,0.000000,0.000000,0.387046,0.000000,0.000000,0.000000,0.000000,0.000000,0.000000,0.000000,0.316739,0.000000,0.000000,0.000000,0.000000,0.000000,0.000000,0.000000,0.000000,0.000000,0.000000,0.000000,0.404809,0.000000,0.000000,0.000000,0.000000,0.000000,0.000000,0.000000,0.000000,0.000000,0.000000,0.000000,0.000000,0.000000,0.000000,0.000000,0.466286,0.000000,0.505690,0.000000,0.346617,0.000000,0.465623
0.000000,0.000000,0.000000,0.000000,0.000000,0.000000,0.000000,0.000000,0.000000,0.000000,0.000000,0.000000,0.000000,0.000000,0.000000,0.000000,0.000000,0.000000,0.000000,0.000000,0.392068,0.000000,0.000000,0.000000,0.000000,0.000000,0.000000,0.000000,0.000000,0.000000,0.000000,0.000000,0.000000,0.000000,0.000000,0.000000,0.388559,0.000000,0.228337,0.000000,0.000000,0.000000,0.000000,0.000000,0.000000,0.000000,0.000000,0.000000,0.000000,0.000000,0.462379,0.000000,0.000000,0.000000,0.000000,0.000000,0.000000,0.000000,0.000000,0.000000,0.000000,0.000000,0.000000,0.000000,0.000000,0.000000,0.000000,0.000000,0.000000,0.000000,0.000000,0.000000,0.000000,0.000000,0.000000,0.000000,0.464430,0.000000,0.000000,0.000000,0.000000,0.000000,0.000000,0.000000,0.000000,0.000000,0.000000,0.000000,0.000000,0.000000
0.000000,0.000000,0.000000,0.000000,0.000000,0.000000,0.000000,0.000000,0.000000,0.000000,0.000000,0.000000,0.000000,0.000000,0.000000,0.000000,0.000000,0.000000,0.000000,0.000000,0.000000,0.000000,0.000000,0.000000,0.000000,0.000000,0.000000,0.000000,0.000000,0.000000,0.000000,0.000000,0.000000,0.000000,0.000000,0.000000,0.000000,0.484083,0.000000,0.290113,0.000000,0.000000,0.000000,0.000000,0.000000,0.000000,0.000000,0.000000,0.000000,0.000000,0.000000,0.458089,0.000000,0.000000,0.000000,0.000000,0.000000,0.000000,0.000000,0.000000,0.000000,0.000000,0.000000,0.000000,0.000000,0.000000,0.000000,0.000000,0.000000,0.000000,0.000000,0.000000,0.000000,0.000000,0.000000,0.000000,0.000000,0.000000,0.000000,0.000000,0.000000,0.000000,0.000000,0.398851,0.000000,0.000000,0.000000,0.000000,0.000000,0.000000
0.000000,0.000000,0.000000,0.000000,0.494641,0.000000,0.000000,0.000000,0.470610,0.000000,0.000000,0.000000,0.000000,0.000000,0.000000,0.000000,0.000000,0.000000,0.000000,0.000000,0.000000,0.000000,0.000000,0.000000,0.478523,0.000000,0.477405,0.000000,0.000000,0.000000,0.000000,0.000000,0.000000,0.000000,0.579293,0.000000,0.503442,0.000000,0.000000,0.000000,0.000000,0.000000,0.000000,0.659867,0.383128,0.662758,0.323222,0.540286,0.281544,0.653342,0.378795,0.000000,0.000000,0.000000,0.000000,0.000000,0.000000,0.000000,0.000000,0.000000,0.000000,0.000000,0.000000,0.000000,0.000000,0.000000,0.391857,0.597084,0.000000,0.000000,0.513922,0.000000,0.497719,0.000000,0.000000,0.000000,0.000000,0.000000,0.000000,0.000000,0.000000,0.000000,0.491877,0.000000,0.491651,0.000000,0.000000,0.000000,0.000000,0.000000
0.000000,0.000000,0.000000,0.000000,0.000000,0.000000,0.000000,0.000000,0.000000,0.000000,0.000000,0.000000,0.000000,0.468710,0.000000,0.000000,0.000000,0.000000,0.000000,0.000000,0.000000,0.000000,0.000000,0.000000,0.000000,0.000000,0.000000,0.000000,0.000000,0.496759,0.000000,0.000000,0.000000,0.000000,0.556051,0.000000,0.000000,0.459680,0.000000,0.000000,0.000000,0.000000,0.659867,0.000000,0.651409,0.398576,0.561582,0.421485,0.656738,0.319296,0.657560,0.000000,0.000000,0.000000,0.000000,0.456960,0.000000,0.000000,0.000000,0.000000,0.000000,0.000000,0.000000,0.000000,0.000000,0.000000,0.633614,0.431742,0.000000,0.000000,0.000000,0.000000,0.000000,0.491651,0.000000,0.000000,0.000000,0.475216,0.000000,0.000000,0.000000,0.000000,0.000000,0.000000,0.000000,0.511427,0.000000,0.000000,0.000000,0.503214
0.000000,0.000000,0.000000,0.000000,0.000000,0.000000,0.000000,0.000000,0.000000,0.000000,0.000000,0.000000,0.000000,0.000000,0.000000,0.000000,0.000000,0.000000,0.000000,0.000000,0.000000,0.000000,0.000000,0.000000,0.000000,0.000000,0.000000,0.000000,0.000000,0.000000,0.000000,0.000000,0.000000,0.000000,0.408374,0.000000,0.000000,0.000000,0.371329,0.000000,0.000000,0.000000,0.383128,0.651409,0.000000,0.656294,0.370383,0.000000,0.350392,0.586041,0.428175,0.000000,0.000000,0.000000,0.000000,0.000000,0.000000,0.000000,0.370374,0.000000,0.000000,0.000000,0.000000,0.000000,0.000000,0.000000,0.379737,0.611516,0.000000,0.000000,0.000000,0.000000,0.000000,0.000000,0.000000,0.000000,0.000000,0.000000,0.000000,0.000000,0.000000,0.590068,0.000000,0.000000,0.000000,0.000000,0.000000,0.000000,0.000000,0.000000
0.000000,0.000000,0.000000,0.000000,0.000000,0.000000,0.000000,0.000000,0.000000,0.000000,0.000000,0.000000,0.000000,0.000000,0.000000,0.000000,0.000000,0.000000,0.000000,0.000000,0.000000,0.000000,0.000000,0.000000,0.000000,0.000000,0.000000,0.000000,0.000000,0.473940,0.000000,0.000000,0.000000,0.000000,0.553277,0.000000,0.000000,0.000000,0.000000,0.000000,0.000000,0.000000,0.662758,0.398576,0.656294,0.000000,0.566202,0.426243,0.598486,0.385613,0.621518,0.000000,0.000000,0.000000,0.000000,0.450703,0.000000,0.000000,0.513982,0.000000,0.000000,0.000000,0.000000,0.000000,0.000000,0.000000,0.608828,0.426696,0.000000,0.000000,0.000000,0.000000,0.000000,0.512123,0.000000,0.000000,0.000000,0.000000,0.000000,0.000000,0.000000,0.490890,0.000000,0.000000,0.000000,0.471897,0.000000,0.000000,0.000000,0.477423
0.000000,0.000000,0.000000,0.000000,0.000000,0.000000,0.000000,0.000000,0.000000,0.000000,0.000000,0.000000,0.000000,0.000000,0.000000,0.000000,0.000000,0.000000,0.000000,0.000000,0.000000,0.000000,0.000000,0.000000,0.000000,0.000000,0.000000,0.000000,0.000000,0.000000,0.000000,0.000000,0.000000,0.000000,0.000000,0.000000,0.415353,0.542322,0.332388,0.000000,0.000000,0.000000,0.323222,0.561582,0.370383,0.566202,0.000000,0.000000,0.000000,0.000000,0.315979,0.000000,0.337136,0.000000,0.388658,0.000000,0.000000,0.000000,0.000000,0.000000,0.000000,0.000000,0.000000,0.000000,0.000000,0.000000,0.418157,0.643249,0.000000,0.000000,0.000000,0.000000,0.000000,0.000000,0.000000,0.000000,0.000000,0.000000,0.000000,0.000000,0.000000,0.000000,0.445995,0.482319,0.000000,0.000000,0.000000,0.000000,0.000000,0.000000
0.000000,0.000000,0.000000,0.000000,0.000000,0.000000,0.000000,0.000000,0.000000,0.000000,0.000000,0.000000,0.000000,0.000000,0.000000,0.000000,0.000000,0.000000,0.000000,0.000000,0.000000,0.000000,0.000000,0.000000,0.000000,0.000000,0.000000,0.000000,0.000000,0.000000,0.000000,0.000000,0.000000,0.000000,0.000000,0.000000,0.000000,0.473006,0.000000,0.387046,0.000000,0.000000,0.540286,0.421485,0.000000,0.426243,0.000000,0.000000,0.000000,0.000000,0.000000,0.000000,0.000000,0.304028,0.000000,0.425583,0.000000,0.000000,0.000000,0.000000,0.000000,0.000000,0.000000,0.000000,0.000000,0.000000,0.000000,0.272532,0.000000,0.000000,0.000000,0.000000,0.000000,0.000000,0.000000,0.000000,0.000000,0.000000,0.000000,0.000000,0.000000,0.000000,0.000000,0.000000,0.000000,0.445750,0.000000,0.000000,0.000000,0.499620
0.000000,0.000000,0.000000,0.000000,0.000000,0.000000,0.000000,0.000000,0.000000,0.000000,0.000000,0.000000,0.000000,0.000000,0.000000,0.000000,0.000000,0.000000,0.000000,0.000000,0.000000,0.000000,0.000000,0.000000,0.000000,0.000000,0.000000,0.000000,0.000000,0.000000,0.000000,0.000000,0.000000,0.000000,0.000000,0.000000,0.000000,0.000000,0.000000,0.000000,0.000000,0.000000,0.281544,0.656738,0.350392,0.598486,0.000000,0.000000,0.000000,0.597157,0.370284,0.000000,0.000000,0.000000,0.000000,0.000000,0.000000,0.000000,0.356659,0.000000,0.000000,0.000000,0.000000,0.000000,0.000000,0.000000,0.406695,0.000000,0.000000,0.000000,0.000000,0.000000,0.000000,0.000000,0.000000,0.000000,0.431410,0.000000,0.000000,0.000000,0.000000,0.000000,0.000000,0.000000,0.000000,0.000000,0.000000,0.000000,0.000000,0.000000
