0.000000,0.000000,0.391042,0.000000,0.000000,0.000000,0.405267,0.000000,0.000000,0.000000,0.389434,0.000000,0.405355,0.000000,0.000000,0.000000,0.358805,0.000000,0.429678,0.000000,0.000000,0.000000,0.000000,0.000000,0.000000,0.000000,0.000000,0.000000,0.000000,0.000000,0.000000,0.000000,0.000000,0.000000,0.000000,0.000000,0.465712,0.000000,0.000000,0.000000,0.000000,0.000000,0.000000,0.000000,0.000000,0.000000,0.000000,0.000000,0.000000,0.000000,0.000000,0.000000,0.000000,0.000000,0.000000,0.000000,0.404603,0.000000,0.000000,0.000000,0.427434,0.000000,0.394043,0.000000,0.000000,0.000000,0.000000,0.000000,0.000000,0.000000,0.000000,0.000000,0.414403,0.000000,0.000000,0.000000,0.000000,0.000000,0.000000,0.000000,0.465941,0.000000,0.000000,0.000000,0.481783,0.000000,0.000000,0.000000,0.000000,0.000000
0.000000,0.000000,0.000000,0.366613,0.000000,0.000000,0.000000,0.384050,0.000000,0.000000,0.000000,0.364088,0.000000,0.430916,0.000000,0.000000,0.000000,0.311512,0.519058,0.356856,0.000000,0.000000,0.000000,0.000000,0.000000,0.000000,0.000000,0.000000,0.000000,0.000000,0.000000,0.000000,0.000000,0.000000,0.000000,0.000000,0.000000,0.000000,0.000000,0.000000,0.000000,0.000000,0.000000,0.000000,0.000000,0.000000,0.000000,0.000000,0.000000,0.000000,0.000000,0.000000,0.000000,0.000000,0.000000,0.000000,0.000000,0.405402,0.000000,0.000000,0.000000,0.479435,0.000000,0.000000,0.000000,0.454547,0.000000,0.000000,0.521301,0.373182,0.000000,0.527392,0.000000,0.416796,0.000000,0.388925,0.000000,0.431716,0.000000,0.000000,0.000000,0.000000,0.000000,0.000000,0.000000,0.472451,0.000000,0.000000,0.000000,0.000000
0.391042,0.000000,0.000000,0.513098,0.246808,0.518075,0.380709,0.000000,0.413727,0.000000,0.415415,0.000000,0.388248,0.000000,0.000000,0.000000,0.000000,0.000000,0.337637,0.000000,0.000000,0.000000,0.379642,0.500213,0.306341,0.519217,0.000000,0.000000,0.000000,0.000000,0.000000,0.000000,0.000000,0.000000,0.000000,0.000000,0.000000,0.000000,0.000000,0.000000,0.000000,0.000000,0.000000,0.000000,0.000000,0.000000,0.000000,0.000000,0.000000,0.000000,0.000000,0.000000,0.000000,0.000000,0.000000,0.000000,0.000000,0.000000,0.000000,0.000000,0.000000,0.000000,0.000000,0.000000,0.433319,0.000000,0.000000,0.000000,0.000000,0.000000,0.342434,0.000000,0.426773,0.000000,0.463689,0.000000,0.438473,0.000000,0.000000,0.000000,0.000000,0.000000,0.000000,0.000000,0.000000,0.000000,0.000000,0.000000,0.000000,0.000000
0.000000,0.366613,0.513098,0.000000,0.000000,0.323733,0.000000,0.380349,0.000000,0.000000,0.000000,0.374396,0.000000,0.365531,0.000000,0.000000,0.000000,0.000000,0.477455,0.365714,0.000000,0.000000,0.503871,0.488158,0.000000,0.000000,0.484820,0.000000,0.000000,0.000000,0.000000,0.361476,0.460923,0.342760,0.000000,0.000000,0.000000,0.000000,0.000000,0.000000,0.000000,0.000000,0.000000,0.000000,0.000000,0.000000,0.000000,0.000000,0.000000,0.000000,0.000000,0.000000,0.000000,0.000000,0.000000,0.000000,0.000000,0.000000,0.000000,0.000000,0.000000,0.000000,0.000000,0.000000,0.000000,0.000000,0.000000,0.000000,0.000000,0.000000,0.000000,0.411202,0.452859,0.387854,0.000000,0.408414,0.475585,0.438514,0.000000,0.000000,0.000000,0.000000,0.000000,0.000000,0.000000,0.000000,0.000000,0.000000,0.000000,0.000000
0.000000,0.000000,0.246808,0.000000,0.000000,0.530087,0.000000,0.000000,0.313349,0.000000,0.000000,0.000000,0.000000,0.000000,0.388234,0.000000,0.000000,0.000000,0.000000,0.000000,0.308747,0.000000,0.252644,0.000000,0.315650,0.541110,0.349253,0.529950,0.300226,0.000000,0.000000,0.000000,0.000000,0.000000,0.000000,0.000000,0.527971,0.601692,0.000000,0.000000,0.000000,0.547567,0.532421,0.000000,0.000000,0.000000,0.530630,0.000000,0.000000,0.000000,0.000000,0.000000,0.000000,0.000000,0.519199,0.000000,0.000000,0.000000,0.000000,0.000000,0.000000,0.000000,0.000000,0.000000,0.000000,0.000000,0.000000,0.000000,0.000000,0.000000,0.393886,0.000000,0.464423,0.000000,0.455617,0.000000,0.450104,0.000000,0.000000,0.000000,0.000000,0.000000,0.449660,0.000000,0.000000,0.000000,0.000000,0.551320,0.000000,0.000000
0.000000,0.000000,0.518075,0.323733,0.530087,0.000000,0.000000,0.301896,0.000000,0.305406,0.000000,0.000000,0.000000,0.000000,0.000000,0.389724,0.000000,0.000000,0.000000,0.000000,0.000000,0.310873,0.507235,0.308616,0.511039,0.343858,0.521560,0.337863,0.000000,0.323140,0.476067,0.431191,0.000000,0.000000,0.000000,0.000000,0.000000,0.000000,0.000000,0.000000,0.000000,0.000000,0.581634,0.530805,0.000000,0.507310,0.000000,0.542119,0.000000,0.500484,0.557441,0.493714,0.000000,0.000000,0.000000,0.000000,0.000000,0.000000,0.000000,0.000000,0.000000,0.000000,0.000000,0.000000,0.000000,0.000000,0.000000,0.000000,0.000000,0.000000,0.000000,0.000000,0.000000,0.400191,0.000000,0.409116,0.000000,0.480939,0.000000,0.000000,0.000000,0.000000,0.000000,0.452797,0.000000,0.000000,0.000000,0.425784,0.000000,0.000000
0.405267,0.000000,0.380709,0.000000,0.000000,0.000000,0.000000,0.000000,0.400999,0.000000,0.363075,0.000000,0.367521,0.000000,0.000000,0.000000,0.000000,0.000000,0.378569,0.000000,0.000000,0.000000,0.396277,0.461314,0.000000,0.000000,0.000000,0.000000,0.000000,0.000000,0.000000,0.000000,0.000000,0.000000,0.000000,0.000000,0.000000,0.000000,0.000000,0.000000,0.000000,0.000000,0.000000,0.000000,0.000000,0.000000,0.000000,0.000000,0.000000,0.000000,0.000000,0.000000,0.000000,0.000000,0.000000,0.000000,0.381763,0.000000,0.000000,0.000000,0.000000,0.000000,0.000000,0.000000,0.000000,0.000000,0.000000,0.000000,0.000000,0.000000,0.000000,0.000000,0.000000,0.000000,0.487305,0.000000,0.444640,0.000000,0.000000,0.000000,0.000000,0.000000,0.000000,0.000000,0.000000,0.000000,0.000000,0.000000,0.000000,0.000000
0.000000,0.384050,0.000000,0.380349,0.000000,0.301896,0.000000,0.000000,0.000000,0.346680,0.000000,0.370823,0.000000,0.389144,0.000000,0.000000,0.000000,0.000000,0.000000,0.345868,0.000000,0.000000,0.000000,0.360621,0.000000,0.000000,0.000000,0.000000,0.000000,0.000000,0.000000,0.000000,0.000000,0.000000,0.000000,0.000000,0.000000,0.000000,0.000000,0.000000,0.000000,0.000000,0.000000,0.000000,0.000000,0.000000,0.000000,0.000000,0.000000,0.000000,0.000000,0.000000,0.000000,0.000000,0.000000,0.000000,0.000000,0.409791,0.000000,0.000000,0.000000,0.000000,0.000000,0.000000,0.000000,0.423519,0.000000,0.000000,0.000000,0.000000,0.000000,0.000000,0.000000,0.000000,0.000000,0.000000,0.000000,0.000000,0.000000,0.000000,0.000000,0.000000,0.000000,0.000000,0.000000,0.450486,0.000000,0.000000,0.000000,0.000000
0.000000,0.000000,0.413727,0.000000,0.313349,0.000000,0.400999,0.000000,0.000000,0.000000,0.000000,0.000000,0.331701,0.000000,0.374060,0.000000,0.000000,0.000000,0.000000,0.000000,0.000000,0.000000,0.000000,0.000000,0.000000,0.000000,0.000000,0.000000,0.000000,0.000000,0.000000,0.000000,0.000000,0.000000,0.000000,0.000000,0.000000,0.601453,0.000000,0.000000,0.000000,0.567270,0.533096,0.000000,0.000000,0.000000,0.531245,0.000000,0.000000,0.000000,0.000000,0.000000,0.000000,0.000000,0.534072,0.000000,0.000000,0.000000,0.000000,0.000000,0.000000,0.000000,0.000000,0.000000,0.000000,0.000000,0.000000,0.000000,0.000000,0.000000,0.000000,0.000000,0.467616,0.000000,0.458423,0.000000,0.467682,0.000000,0.000000,0.000000,0.475056,0.000000,0.386313,0.000000,0.000000,0.000000,0.000000,0.570763,0.000000,0.000000
0.000000,0.000000,0.000000,0.000000,0.000000,0.305406,0.000000,0.346680,0.000000,0.000000,0.000000,0.000000,0.000000,0.338915,0.000000,0.330704,0.000000,0.000000,0.000000,0.000000,0.000000,0.000000,0.000000,0.000000,0.000000,0.000000,0.000000,0.000000,0.000000,0.397095,0.000000,0.000000,0.000000,0.000000,0.000000,0.000000,0.000000,0.396522,0.000000,0.000000,0.000000,0.000000,0.000000,0.522961,0.000000,0.483883,0.000000,0.538269,0.000000,0.481281,0.000000,0.506277,0.000000,0.000000,0.000000,0.000000,0.000000,0.000000,0.000000,0.000000,0.000000,0.000000,0.000000,0.000000,0.000000,0.000000,0.000000,0.000000,0.000000,0.000000,0.000000,0.000000,0.000000,0.416166,0.000000,0.455115,0.506823,0.000000,0.000000,0.000000,0.000000,0.000000,0.000000,0.440682,0.000000,0.000000,0.000000,0.433773,0.000000,0.000000
0.389434,0.000000,0.415415,0.000000,0.000000,0.000000,0.363075,0.000000,0.000000,0.000000,0.000000,0.000000,0.387927,0.000000,0.000000,0.000000,0.368732,0.000000,0.412290,0.000000,0.000000,0.000000,0.397641,0.444576,0.000000,0.000000,0.000000,0.000000,0.379440,0.000000,0.000000,0.451580,0.413622,0.000000,0.000000,0.000000,0.000000,0.000000,0.000000,0.000000,0.000000,0.000000,0.000000,0.000000,0.000000,0.000000,0.000000,0.000000,0.000000,0.000000,0.000000,0.000000,0.000000,0.000000,0.000000,0.000000,0.415842,0.000000,0.000000,0.000000,0.402037,0.000000,0.460591,0.000000,0.411935,0.000000,0.000000,0.000000,0.000000,0.000000,0.000000,0.000000,0.389814,0.000000,0.000000,0.000000,0.000000,0.000000,0.000000,0.000000,0.448249,0.000000,0.000000,0.000000,0.461375,0.000000,0.000000,0.000000,0.000000,0.000000
0.000000,0.364088,0.000000,0.374396,0.000000,0.000000,0.000000,0.370823,0.000000,0.000000,0.000000,0.000000,0.000000,0.340476,0.000000,0.000000,0.000000,0.384757,0.000000,0.393328,0.000000,0.000000,0.000000,0.379252,0.000000,0.000000,0.000000,0.000000,0.000000,0.397050,0.000000,0.000000,0.000000,0.000000,0.000000,0.000000,0.000000,0.000000,0.000000,0.000000,0.000000,0.000000,0.000000,0.000000,0.000000,0.000000,0.000000,0.000000,0.000000,0.000000,0.000000,0.000000,0.000000,0.000000,0.000000,0.000000,0.000000,0.000000,0.000000,0.000000,0.000000,0.000000,0.000000,0.000000,0.000000,0.000000,0.000000,0.000000,0.000000,0.000000,0.000000,0.000000,0.000000,0.363318,0.000000,0.000000,0.000000,0.000000,0.000000,0.000000,0.000000,0.438936,0.000000,0.317978,0.000000,0.438535,0.000000,0.000000,0.000000,0.000000
0.405355,0.000000,0.388248,0.000000,0.000000,0.000000,0.367521,0.000000,0.331701,0.000000,0.387927,0.000000,0.000000,0.000000,0.379146,0.000000,0.411387,0.000000,0.402268,0.000000,0.000000,0.000000,0.402558,0.444754,0.000000,0.000000,0.000000,0.000000,0.372914,0.000000,0.000000,0.437162,0.392947,0.000000,0.000000,0.000000,0.000000,0.000000,0.000000,0.000000,0.000000,0.000000,0.000000,0.000000,0.000000,0.000000,0.000000,0.000000,0.000000,0.000000,0.472088,0.000000,0.000000,0.000000,0.000000,0.000000,0.000000,0.000000,0.000000,0.000000,0.000000,0.000000,0.000000,0.000000,0.000000,0.000000,0.000000,0.000000,0.000000,0.000000,0.000000,0.000000,0.451250,0.000000,0.474833,0.000000,0.000000,0.000000,0.408856,0.000000,0.431269,0.000000,0.000000,0.000000,0.448366,0.000000,0.000000,0.000000,0.000000,0.000000
0.000000,0.430916,0.000000,0.365531,0.000000,0.000000,0.000000,0.389144,0.000000,0.338915,0.000000,0.340476,0.000000,0.000000,0.000000,0.326987,0.000000,0.409155,0.000000,0.376694,0.000000,0.000000,0.000000,0.372715,0.000000,0.000000,0.000000,0.000000,0.000000,0.352432,0.000000,0.000000,0.000000,0.000000,0.000000,0.000000,0.000000,0.000000,0.000000,0.000000,0.000000,0.000000,0.000000,0.000000,0.000000,0.000000,0.000000,0.000000,0.000000,0.000000,0.000000,0.000000,0.000000,0.000000,0.000000,0.000000,0.000000,0.411915,0.000000,0.430390,0.000000,0.000000,0.000000,0.000000,0.000000,0.000000,0.000000,0.448248,0.467433,0.000000,0.000000,0.000000,0.464906,0.382769,0.000000,0.000000,0.450607,0.000000,0.000000,0.000000,0.000000,0.414512,0.000000,0.000000,0.000000,0.431206,0.000000,0.000000,0.000000,0.000000
0.000000,0.000000,0.000000,0.000000,0.388234,0.000000,0.000000,0.000000,0.374060,0.000000,0.000000,0.000000,0.379146,0.000000,0.000000,0.000000,0.400953,0.000000,0.000000,0.000000,0.329305,0.000000,0.000000,0.000000,0.000000,0.000000,0.391984,0.000000,0.379868,0.000000,0.000000,0.000000,0.000000,0.000000,0.000000,0.000000,0.000000,0.000000,0.000000,0.000000,0.000000,0.000000,0.541539,0.000000,0.000000,0.000000,0.506081,0.000000,0.481809,0.000000,0.473627,0.000000,0.000000,0.000000,0.000000,0.000000,0.000000,0.000000,0.000000,0.000000,0.000000,0.000000,0.000000,0.000000,0.000000,0.000000,0.000000,0.000000,0.000000,0.000000,0.000000,0.000000,0.474043,0.000000,0.000000,0.000000,0.000000,0.000000,0.405512,0.000000,0.407697,0.000000,0.375832,0.000000,0.428194,0.000000,0.000000,0.000000,0.000000,0.000000
0.000000,0.000000,0.000000,0.000000,0.000000,0.389724,0.000000,0.000000,0.000000,0.330704,0.000000,0.000000,0.000000,0.326987,0.000000,0.000000,0.000000,0.360596,0.000000,0.000000,0.000000,0.312573,0.000000,0.000000,0.000000,0.372195,0.000000,0.389865,0.000000,0.364952,0.000000,0.000000,0.000000,0.000000,0.000000,0.000000,0.000000,0.000000,0.000000,0.275865,0.000000,0.000000,0.000000,0.000000,0.000000,0.489002,0.000000,0.524582,0.000000,0.467437,0.000000,0.000000,0.000000,0.000000,0.000000,0.000000,0.000000,0.000000,0.000000,0.429919,0.000000,0.000000,0.000000,0.000000,0.000000,0.000000,0.000000,0.449079,0.000000,0.000000,0.000000,0.000000,0.000000,0.414003,0.000000,0.000000,0.506625,0.000000,0.000000,0.000000,0.000000,0.418003,0.000000,0.377283,0.000000,0.000000,0.000000,0.000000,0.000000,0.000000
0.358805,0.000000,0.000000,0.000000,0.000000,0.000000,0.000000,0.000000,0.000000,0.000000,0.368732,0.000000,0.411387,0.000000,0.400953,0.000000,0.000000,0.000000,0.420276,0.000000,0.000000,0.000000,0.000000,0.000000,0.000000,0.000000,0.000000,0.000000,0.383335,0.000000,0.000000,0.000000,0.000000,0.000000,0.000000,0.000000,0.000000,0.000000,0.000000,0.000000,0.000000,0.000000,0.000000,0.000000,0.000000,0.000000,0.000000,0.000000,0.000000,0.000000,0.000000,0.000000,0.000000,0.000000,0.000000,0.000000,0.362818,0.000000,0.000000,0.000000,0.408968,0.000000,0.402423,0.000000,0.000000,0.000000,0.000000,0.000000,0.000000,0.000000,0.000000,0.000000,0.000000,0.000000,0.000000,0.000000,0.000000,0.000000,0.366298,0.000000,0.401911,0.000000,0.226615,0.000000,0.442042,0.000000,0.000000,0.000000,0.000000,0.000000
0.000000,0.311512,0.000000,0.000000,0.000000,0.000000,0.000000,0.000000,0.000000,0.000000,0.000000,0.384757,0.000000,0.409155,0.000000,0.360596,0.000000,0.000000,0.000000,0.000000,0.000000,0.000000,0.000000,0.000000,0.000000,0.000000,0.000000,0.000000,0.000000,0.336560,0.000000,0.000000,0.000000,0.000000,0.000000,0.000000,0.000000,0.000000,0.000000,0.000000,0.000000,0.000000,0.000000,0.000000,0.000000,0.000000,0.000000,0.000000,0.000000,0.000000,0.000000,0.000000,0.000000,0.000000,0.000000,0.000000,0.000000,0.327490,0.000000,0.000000,0.000000,0.433579,0.000000,0.307060,0.000000,0.433119,0.000000,0.000000,0.000000,0.000000,0.000000,0.000000,0.000000,0.353789,0.000000,0.000000,0.000000,0.000000,0.000000,0.357214,0.000000,0.424088,0.000000,0.362425,0.000000,0.000000,0.000000,0.000000,0.000000,0.000000
0.429678,0.519058,0.337637,0.477455,0.000000,0.000000,0.378569,0.000000,0.000000,0.000000,0.412290,0.000000,0.402268,0.000000,0.000000,0.000000,0.420276,0.000000,0.000000,0.506479,0.000000,0.000000,0.352484,0.464761,0.000000,0.000000,0.000000,0.000000,0.418876,0.000000,0.367328,0.465460,0.372840,0.414286,0.000000,0.000000,0.469392,0.000000,0.000000,0.000000,0.000000,0.000000,0.000000,0.000000,0.000000,0.000000,0.000000,0.000000,0.000000,0.000000,0.000000,0.000000,0.000000,0.000000,0.000000,0.000000,0.447935,0.000000,0.000000,0.000000,0.000000,0.000000,0.000000,0.000000,0.000000,0.000000,0.455905,0.000000,0.322359,0.521077,0.000000,0.000000,0.413622,0.000000,0.411274,0.000000,0.418247,0.000000,0.000000,0.000000,0.000000,0.000000,0.000000,0.000000,0.484368,0.000000,0.000000,0.000000,0.000000,0.000000
0.000000,0.356856,0.000000,0.365714,0.000000,0.000000,0.000000,0.345868,0.000000,0.000000,0.000000,0.393328,0.000000,0.376694,0.000000,0.000000,0.000000,0.000000,0.506479,0.000000,0.000000,0.000000,0.000000,0.344335,0.000000,0.000000,0.000000,0.000000,0.000000,0.000000,0.000000,0.000000,0.000000,0.342560,0.000000,0.000000,0.000000,0.000000,0.000000,0.000000,0.000000,0.000000,0.000000,0.000000,0.000000,0.000000,0.000000,0.000000,0.000000,0.000000,0.000000,0.000000,0.000000,0.000000,0.000000,0.000000,0.000000,0.000000,0.492321,0.000000,0.000000,0.000000,0.000000,0.000000,0.000000,0.000000,0.000000,0.424703,0.505695,0.351573,0.000000,0.000000,0.509027,0.368445,0.501480,0.391385,0.506231,0.421467,0.000000,0.000000,0.000000,0.000000,0.000000,0.000000,0.000000,0.000000,0.000000,0.000000,0.000000,0.000000
0.000000,0.000000,0.000000,0.000000,0.308747,0.000000,0.000000,0.000000,0.000000,0.000000,0.000000,0.000000,0.000000,0.000000,0.329305,0.000000,0.000000,0.000000,0.000000,0.000000,0.000000,0.424522,0.000000,0.000000,0.347247,0.000000,0.305979,0.000000,0.268304,0.000000,0.357213,0.000000,0.000000,0.000000,0.000000,0.000000,0.356673,0.000000,0.000000,0.000000,0.221107,0.000000,0.000000,0.000000,0.000000,0.000000,0.000000,0.000000,0.000000,0.000000,0.000000,0.000000,0.000000,0.000000,0.470053,0.000000,0.000000,0.000000,0.000000,0.000000,0.000000,0.000000,0.000000,0.000000,0.000000,0.000000,0.000000,0.000000,0.000000,0.000000,0.289136,0.000000,0.000000,0.000000,0.000000,0.000000,0.000000,0.000000,0.000000,0.000000,0.000000,0.000000,0.401137,0.000000,0.000000,0.000000,0.000000,0.000000,0.000000,0.000000
0.000000,0.000000,0.000000,0.000000,0.000000,0.310873,0.000000,0.000000,0.000000,0.000000,0.000000,0.000000,0.000000,0.000000,0.000000,0.312573,0.000000,0.000000,0.000000,0.000000,0.424522,0.000000,0.515978,0.000000,0.487852,0.309326,0.000000,0.298121,0.000000,0.322111,0.464547,0.347439,0.495842,0.000000,0.000000,0.000000,0.000000,0.000000,0.000000,0.000000,0.000000,0.000000,0.000000,0.000000,0.000000,0.000000,0.000000,0.000000,0.000000,0.000000,0.000000,0.000000,0.000000,0.000000,0.000000,0.000000,0.000000,0.000000,0.000000,0.000000,0.000000,0.000000,0.000000,0.000000,0.000000,0.000000,0.000000,0.000000,0.000000,0.000000,0.000000,0.312582,0.000000,0.000000,0.000000,0.000000,0.000000,0.000000,0.000000,0.000000,0.000000,0.000000,0.000000,0.361222,0.000000,0.000000,0.000000,0.000000,0.000000,0.000000
0.000000,0.000000,0.379642,0.503871,0.252644,0.507235,0.396277,0.000000,0.000000,0.000000,0.397641,0.000000,0.402558,0.000000,0.000000,0.000000,0.000000,0.000000,0.352484,0.000000,0.000000,0.515978,0.000000,0.450006,0.312931,0.497491,0.000000,0.468154,0.000000,0.000000,0.344993,0.461088,0.411149,0.000000,0.516820,0.000000,0.000000,0.000000,0.000000,0.000000,0.000000,0.000000,0.000000,0.000000,0.000000,0.000000,0.000000,0.000000,0.000000,0.000000,0.000000,0.000000,0.000000,0.000000,0.000000,0.000000,0.000000,0.000000,0.000000,0.000000,0.000000,0.000000,0.000000,0.000000,0.000000,0.000000,0.475372,0.000000,0.450945,0.000000,0.360713,0.000000,0.000000,0.000000,0.000000,0.450978,0.000000,0.000000,0.000000,0.000000,0.000000,0.000000,0.000000,0.000000,0.000000,0.000000,0.000000,0.000000,0.000000,0.000000
0.000000,0.000000,0.500213,0.488158,0.000000,0.308616,0.461314,0.360621,0.000000,0.000000,0.444576,0.379252,0.444754,0.372715,0.000000,0.000000,0.000000,0.000000,0.464761,0.344335,0.000000,0.000000,0.450006,0.000000,0.000000,0.325532,0.000000,0.000000,0.000000,0.000000,0.000000,0.337773,0.434444,0.343322,0.000000,0.524189,0.000000,0.432749,0.000000,0.000000,0.000000,0.000000,0.000000,0.000000,0.000000,0.470490,0.000000,0.000000,0.000000,0.000000,0.000000,0.000000,0.000000,0.000000,0.000000,0.000000,0.000000,0.000000,0.000000,0.000000,0.000000,0.000000,0.000000,0.000000,0.000000,0.000000,0.000000,0.496878,0.000000,0.000000,0.452391,0.412964,0.478901,0.364763,0.482815,0.444595,0.446060,0.416400,0.000000,0.000000,0.000000,0.000000,0.000000,0.382368,0.000000,0.000000,0.000000,0.000000,0.000000,0.000000
0.000000,0.000000,0.306341,0.000000,0.315650,0.511039,0.000000,0.000000,0.000000,0.000000,0.000000,0.000000,0.000000,0.000000,0.000000,0.000000,0.000000,0.000000,0.000000,0.000000,0.347247,0.487852,0.312931,0.000000,0.000000,0.508360,0.342259,0.495949,0.000000,0.000000,0.290075,0.483162,0.000000,0.000000,0.000000,0.000000,0.000000,0.000000,0.000000,0.000000,0.000000,0.000000,0.533717,0.000000,0.000000,0.000000,0.499320,0.000000,0.000000,0.000000,0.000000,0.000000,0.000000,0.000000,0.520750,0.000000,0.000000,0.000000,0.000000,0.000000,0.000000,0.000000,0.000000,0.000000,0.000000,0.000000,0.000000,0.000000,0.000000,0.000000,0.380949,0.000000,0.446650,0.000000,0.464242,0.470311,0.432221,0.474433,0.000000,0.000000,0.000000,0.000000,0.000000,0.542074,0.000000,0.000000,0.000000,0.000000,0.000000,0.000000
0.000000,0.000000,0.519217,0.000000,0.541110,0.343858,0.000000,0.000000,0.000000,0.000000,0.000000,0.000000,0.000000,0.000000,0.000000,0.372195,0.000000,0.000000,0.000000,0.000000,0.000000,0.309326,0.497491,0.325532,0.508360,0.000000,0.503396,0.341862,0.000000,0.000000,0.471101,0.383879,0.000000,0.486806,0.000000,0.489335,0.000000,0.000000,0.000000,0.000000,0.000000,0.000000,0.000000,0.000000,0.000000,0.000000,0.000000,0.490051,0.000000,0.000000,0.000000,0.000000,0.000000,0.000000,0.000000,0.000000,0.000000,0.000000,0.000000,0.000000,0.000000,0.000000,0.000000,0.000000,0.000000,0.000000,0.000000,0.000000,0.000000,0.000000,0.497909,0.317538,0.000000,0.351280,0.000000,0.390521,0.000000,0.475002,0.000000,0.000000,0.000000,0.000000,0.000000,0.409366,0.000000,0.000000,0.000000,0.382553,0.000000,0.000000
0.000000,0.000000,0.000000,0.484820,0.349253,0.521560,0.000000,0.000000,0.000000,0.000000,0.000000,0.000000,0.000000,0.000000,0.391984,0.000000,0.000000,0.000000,0.000000,0.000000,0.305979,0.000000,0.000000,0.000000,0.342259,0.503396,0.000000,0.472753,0.252223,0.000000,0.370388,0.000000,0.000000,0.000000,0.000000,0.000000,0.000000,0.000000,0.000000,0.000000,0.000000,0.000000,0.499915,0.000000,0.000000,0.000000,0.526160,0.000000,0.000000,0.000000,0.000000,0.000000,0.000000,0.000000,0.511142,0.000000,0.000000,0.000000,0.000000,0.000000,0.000000,0.000000,0.000000,0.000000,0.000000,0.000000,0.000000,0.000000,0.000000,0.000000,0.346492,0.000000,0.000000,0.000000,0.000000,0.000000,0.000000,0.000000,0.000000,0.000000,0.431107,0.000000,0.444643,0.000000,0.000000,0.000000,0.000000,0.000000,0.000000,0.000000
0.000000,0.000000,0.000000,0.000000,0.529950,0.337863,0.000000,0.000000,0.000000,0.000000,0.000000,0.000000,0.000000,0.000000,0.000000,0.389865,0.000000,0.000000,0.000000,0.000000,0.000000,0.298121,0.468154,0.000000,0.495949,0.341862,0.472753,0.000000,0.000000,0.361248,0.452691,0.387327,0.000000,0.000000,0.000000,0.000000,0.000000,0.518985,0.000000,0.000000,0.000000,0.000000,0.000000,0.000000,0.000000,0.000000,0.000000,0.513883,0.000000,0.492536,0.000000,0.493797,0.000000,0.000000,0.000000,0.000000,0.000000,0.000000,0.000000,0.000000,0.000000,0.000000,0.000000,0.000000,0.000000,0.000000,0.000000,0.000000,0.000000,0.000000,0.000000,0.293309,0.000000,0.391529,0.000000,0.384337,0.000000,0.000000,0.000000,0.000000,0.000000,0.000000,0.000000,0.416395,0.000000,0.000000,0.000000,0.384874,0.000000,0.000000
0.000000,0.000000,0.000000,0.000000,0.300226,0.000000,0.000000,0.000000,0.000000,0.000000,0.379440,0.000000,0.372914,0.000000,0.379868,0.000000,0.383335,0.000000,0.418876,0.000000,0.268304,0.000000,0.000000,0.000000,0.000000,0.000000,0.252223,0.000000,0.000000,0.000000,0.000000,0.000000,0.000000,0.000000,0.000000,0.000000,0.000000,0.000000,0.000000,0.000000,0.220528,0.000000,0.000000,0.000000,0.000000,0.000000,0.508325,0.000000,0.000000,0.000000,0.438322,0.000000,0.000000,0.000000,0.000000,0.000000,0.384861,0.000000,0.000000,0.000000,0.000000,0.000000,0.436451,0.000000,0.376049,0.000000,0.000000,0.000000,0.000000,0.000000,0.000000,0.000000,0.309599,0.000000,0.000000,0.000000,0.000000,0.000000,0.354081,0.000000,0.410095,0.000000,0.382838,0.000000,0.435785,0.000000,0.000000,0.000000,0.000000,0.000000
0.000000,0.000000,0.000000,0.000000,0.000000,0.323140,0.000000,0.000000,0.000000,0.397095,0.000000,0.397050,0.000000,0.352432,0.000000,0.364952,0.000000,0.336560,0.000000,0.000000,0.000000,0.322111,0.000000,0.000000,0.000000,0.000000,0.000000,0.361248,0.000000,0.000000,0.000000,0.000000,0.000000,0.000000,0.000000,0.451823,0.000000,0.000000,0.000000,0.000000,0.000000,0.000000,0.000000,0.000000,0.000000,0.476023,0.000000,0.509121,0.000000,0.447224,0.000000,0.000000,0.000000,0.000000,0.000000,0.000000,0.000000,0.000000,0.000000,0.414381,0.000000,0.000000,0.000000,0.330303,0.000000,0.000000,0.000000,0.434616,0.000000,0.000000,0.000000,0.000000,0.000000,0.358495,0.000000,0.000000,0.481403,0.000000,0.000000,0.273953,0.000000,0.407358,0.000000,0.342244,0.000000,0.000000,0.000000,0.000000,0.000000,0.000000
0.000000,0.000000,0.000000,0.000000,0.000000,0.476067,0.000000,0.000000,0.000000,0.000000,0.000000,0.000000,0.000000,0.000000,0.000000,0.000000,0.000000,0.000000,0.367328,0.000000,0.357213,0.464547,0.344993,0.000000,0.290075,0.471101,0.370388,0.452691,0.000000,0.000000,0.000000,0.357477,0.410388,0.279667,0.558168,0.000000,0.000000,0.000000,0.000000,0.000000,0.000000,0.000000,0.000000,0.000000,0.000000,0.000000,0.000000,0.000000,0.000000,0.000000,0.000000,0.000000,0.000000,0.000000,0.000000,0.000000,0.000000,0.000000,0.000000,0.000000,0.000000,0.000000,0.000000,0.000000,0.000000,0.000000,0.492582,0.000000,0.000000,0.000000,0.398861,0.000000,0.000000,0.000000,0.000000,0.440954,0.000000,0.000000,0.000000,0.000000,0.000000,0.000000,0.000000,0.000000,0.000000,0.000000,0.000000,0.000000,0.000000,0.000000
0.000000,0.000000,0.000000,0.361476,0.000000,0.431191,0.000000,0.000000,0.000000,0.000000,0.451580,0.000000,0.437162,0.000000,0.000000,0.000000,0.000000,0.000000,0.465460,0.000000,0.000000,0.347439,0.461088,0.337773,0.483162,0.383879,0.000000,0.387327,0.000000,0.000000,0.357477,0.000000,0.461825,0.416078,0.000000,0.526689,0.000000,0.000000,0.000000,0.000000,0.000000,0.000000,0.000000,0.000000,0.000000,0.000000,0.000000,0.000000,0.000000,0.000000,0.000000,0.000000,0.000000,0.000000,0.000000,0.000000,0.000000,0.000000,0.000000,0.000000,0.000000,0.000000,0.000000,0.000000,0.000000,0.000000,0.000000,0.492716,0.000000,0.000000,0.000000,0.363735,0.000000,0.376471,0.000000,0.000000,0.480146,0.000000,0.000000,0.000000,0.000000,0.000000,0.000000,0.416741,0.000000,0.000000,0.000000,0.000000,0.000000,0.000000
0.000000,0.000000,0.000000,0.460923,0.000000,0.000000,0.000000,0.000000,0.000000,0.000000,0.413622,0.000000,0.392947,0.000000,0.000000,0.000000,0.000000,0.000000,0.372840,0.000000,0.000000,0.495842,0.411149,0.434444,0.000000,0.000000,0.000000,0.000000,0.000000,0.000000,0.410388,0.461825,0.000000,0.455933,0.378685,0.435293,0.000000,0.000000,0.000000,0.000000,0.000000,0.000000,0.000000,0.000000,0.000000,0.000000,0.000000,0.000000,0.000000,0.000000,0.000000,0.000000,0.000000,0.000000,0.000000,0.000000,0.000000,0.000000,0.000000,0.000000,0.000000,0.000000,0.000000,0.000000,0.000000,0.000000,0.409553,0.489978,0.359115,0.481977,0.000000,0.000000,0.000000,0.000000,0.000000,0.000000,0.000000,0.000000,0.000000,0.000000,0.000000,0.000000,0.000000,0.000000,0.000000,0.000000,0.000000,0.000000,0.000000,0.000000
0.000000,0.000000,0.000000,0.342760,0.000000,0.000000,0.000000,0.000000,0.000000,0.000000,0.000000,0.000000,0.000000,0.000000,0.000000,0.000000,0.000000,0.000000,0.414286,0.342560,0.000000,0.000000,0.000000,0.343322,0.000000,0.486806,0.000000,0.000000,0.000000,0.000000,0.279667,0.416078,0.455933,0.000000,0.481843,0.484367,0.000000,0.000000,0.000000,0.000000,0.000000,0.000000,0.000000,0.000000,0.000000,0.000000,0.000000,0.000000,0.000000,0.000000,0.000000,0.000000,0.000000,0.000000,0.000000,0.000000,0.000000,0.000000,0.000000,0.000000,0.000000,0.000000,0.000000,0.000000,0.000000,0.000000,0.515817,0.433616,0.513866,0.367670,0.549052,0.000000,0.000000,0.000000,0.000000,0.000000,0.000000,0.000000,0.000000,0.000000,0.000000,0.000000,0.000000,0.000000,0.000000,0.000000,0.000000,0.000000,0.000000,0.000000
0.000000,0.000000,0.000000,0.000000,0.000000,0.000000,0.000000,0.000000,0.000000,0.000000,0.000000,0.000000,0.000000,0.000000,0.000000,0.000000,0.000000,0.000000,0.000000,0.000000,0.000000,0.000000,0.516820,0.000000,0.000000,0.000000,0.000000,0.000000,0.000000,0.000000,0.558168,0.000000,0.378685,0.481843,0.000000,0.368511,0.308518,0.000000,0.000000,0.000000,0.000000,0.513124,0.265144,0.000000,0.000000,0.532911,0.000000,0.000000,0.000000,0.000000,0.000000,0.000000,0.000000,0.000000,0.000000,0.000000,0.000000,0.000000,0.000000,0.422023,0.000000,0.000000,0.000000,0.000000,0.000000,0.000000,0.359392,0.423513,0.000000,0.000000,0.000000,0.000000,0.000000,0.000000,0.000000,0.000000,0.000000,0.000000,0.000000,0.000000,0.000000,0.463034,0.000000,0.514883,0.000000,0.000000,0.000000,0.495349,0.000000,0.000000
0.000000,0.000000,0.000000,0.000000,0.000000,0.000000,0.000000,0.000000,0.000000,0.000000,0.000000,0.000000,0.000000,0.000000,0.000000,0.000000,0.000000,0.000000,0.000000,0.000000,0.000000,0.000000,0.000000,0.524189,0.000000,0.489335,0.000000,0.000000,0.000000,0.451823,0.000000,0.526689,0.435293,0.484367,0.368511,0.000000,0.000000,0.435908,0.000000,0.000000,0.000000,0.000000,0.000000,0.384328,0.462739,0.517592,0.000000,0.000000,0.472657,0.479878,0.000000,0.000000,0.000000,0.000000,0.000000,0.000000,0.000000,0.000000,0.000000,0.421828,0.000000,0.000000,0.000000,0.000000,0.000000,0.000000,0.000000,0.415662,0.000000,0.000000,0.000000,0.000000,0.000000,0.499607,0.000000,0.000000,0.463103,0.000000,0.000000,0.000000,0.000000,0.470830,0.000000,0.450614,0.000000,0.000000,0.000000,0.000000,0.000000,0.000000
0.465712,0.000000,0.000000,0.000000,0.527971,0.000000,0.000000,0.000000,0.000000,0.000000,0.000000,0.000000,0.000000,0.000000,0.000000,0.000000,0.000000,0.000000,0.469392,0.000000,0.356673,0.000000,0.000000,0.000000,0.000000,0.000000,0.000000,0.000000,0.000000,0.000000,0.000000,0.000000,0.000000,0.000000,0.308518,0.000000,0.000000,0.628775,0.364391,0.000000,0.421526,0.000000,0.416152,0.000000,0.450523,0.000000,0.445786,0.000000,0.000000,0.000000,0.411213,0.000000,0.000000,0.000000,0.440778,0.000000,0.000000,0.000000,0.000000,0.000000,0.000000,0.000000,0.000000,0.000000,0.000000,0.000000,0.409819,0.000000,0.000000,0.000000,0.342531,0.000000,0.452738,0.000000,0.000000,0.000000,0.414922,0.608044,0.000000,0.000000,0.401384,0.000000,0.444230,0.000000,0.451074,0.000000,0.469069,0.592370,0.000000,0.000000
0.000000,0.000000,0.000000,0.000000,0.601692,0.000000,0.000000,0.000000,0.601453,0.396522,0.000000,0.000000,0.000000,0.000000,0.000000,0.000000,0.000000,0.000000,0.000000,0.000000,0.000000,0.000000,0.000000,0.432749,0.000000,0.000000,0.000000,0.518985,0.000000,0.000000,0.000000,0.000000,0.000000,0.000000,0.000000,0.435908,0.628775,0.000000,0.000000,0.387477,0.617698,0.421199,0.000000,0.601782,0.000000,0.593694,0.000000,0.514895,0.000000,0.000000,0.000000,0.448970,0.000000,0.000000,0.000000,0.457899,0.000000,0.522306,0.000000,0.495376,0.000000,0.000000,0.000000,0.000000,0.000000,0.000000,0.000000,0.466180,0.000000,0.000000,0.000000,0.000000,0.000000,0.396602,0.000000,0.000000,0.589392,0.468827,0.000000,0.000000,0.000000,0.452417,0.000000,0.365139,0.000000,0.000000,0.000000,0.414288,0.000000,0.000000
0.000000,0.000000,0.000000,0.000000,0.000000,0.000000,0.000000,0.000000,0.000000,0.000000,0.000000,0.000000,0.000000,0.000000,0.000000,0.000000,0.000000,0.000000,0.000000,0.000000,0.000000,0.000000,0.000000,0.000000,0.000000,0.000000,0.000000,0.000000,0.000000,0.000000,0.000000,0.000000,0.000000,0.000000,0.000000,0.000000,0.364391,0.000000,0.000000,0.000000,0.267152,0.000000,0.457212,0.000000,0.000000,0.000000,0.429440,0.000000,0.000000,0.000000,0.403912,0.000000,0.000000,0.000000,0.369509,0.000000,0.000000,0.000000,0.000000,0.000000,0.000000,0.000000,0.000000,0.000000,0.000000,0.000000,0.454800,0.000000,0.000000,0.000000,0.000000,0.000000,0.000000,0.000000,0.000000,0.000000,0.395307,0.000000,0.000000,0.000000,0.000000,0.000000,0.407942,0.000000,0.429412,0.000000,0.370899,0.000000,0.408633,0.000000
0.000000,0.000000,0.000000,0.000000,0.000000,0.000000,0.000000,0.000000,0.000000,0.000000,0.000000,0.000000,0.000000,0.000000,0.000000,0.275865,0.000000,0.000000,0.000000,0.000000,0.000000,0.000000,0.000000,0.000000,0.000000,0.000000,0.000000,0.000000,0.000000,0.000000,0.000000,0.000000,0.000000,0.000000,0.000000,0.000000,0.000000,0.387477,0.000000,0.000000,0.000000,0.295895,0.000000,0.459061,0.000000,0.443054,0.000000,0.431864,0.000000,0.454828,0.000000,0.000000,0.000000,0.396994,0.000000,0.380176,0.000000,0.000000,0.000000,0.000000,0.000000,0.000000,0.000000,0.000000,0.000000,0.000000,0.000000,0.480361,0.000000,0.000000,0.000000,0.000000,0.000000,0.000000,0.000000,0.000000,0.000000,0.447044,0.000000,0.000000,0.000000,0.000000,0.000000,0.356162,0.000000,0.000000,0.000000,0.387972,0.000000,0.000000
0.000000,0.000000,0.000000,0.000000,0.000000,0.000000,0.000000,0.000000,0.000000,0.000000,0.000000,0.000000,0.000000,0.000000,0.000000,0.000000,0.000000,0.000000,0.000000,0.000000,0.221107,0.000000,0.000000,0.000000,0.000000,0.000000,0.000000,0.000000,0.220528,0.000000,0.000000,0.000000,0.000000,0.000000,0.000000,0.000000,0.421526,0.617698,0.267152,0.000000,0.000000,0.000000,0.000000,0.000000,0.000000,0.000000,0.488422,0.000000,0.000000,0.000000,0.000000,0.000000,0.000000,0.000000,0.000000,0.000000,0.000000,0.000000,0.000000,0.000000,0.000000,0.000000,0.000000,0.000000,0.000000,0.000000,0.000000,0.000000,0.000000,0.000000,0.397959,0.426960,0.000000,0.000000,0.000000,0.000000,0.411667,0.000000,0.000000,0.000000,0.000000,0.000000,0.377980,0.573320,0.000000,0.000000,0.422182,0.000000,0.000000,0.000000
0.000000,0.000000,0.000000,0.000000,0.547567,0.000000,0.000000,0.000000,0.567270,0.000000,0.000000,0.000000,0.000000,0.000000,0.000000,0.000000,0.000000,0.000000,0.000000,0.000000,0.000000,0.000000,0.000000,0.000000,0.000000,0.000000,0.000000,0.000000,0.000000,0.000000,0.000000,0.000000,0.000000,0.000000,0.513124,0.000000,0.000000,0.421199,0.000000,0.295895,0.000000,0.000000,0.000000,0.000000,0.000000,0.474937,0.000000,0.000000,0.000000,0.472667,0.000000,0.000000,0.000000,0.000000,0.000000,0.000000,0.000000,0.000000,0.000000,0.000000,0.000000,0.000000,0.000000,0.000000,0.000000,0.000000,0.000000,0.459078,0.000000,0.000000,0.000000,0.000000,0.538888,0.000000,0.000000,0.000000,0.000000,0.425269,0.000000,0.000000,0.000000,0.000000,0.000000,0.415162,0.000000,0.000000,0.000000,0.420003,0.000000,0.000000
0.000000,0.000000,0.000000,0.000000,0.532421,0.581634,0.000000,0.000000,0.533096,0.000000,0.000000,0.000000,0.000000,0.000000,0.541539,0.000000,0.000000,0.000000,0.000000,0.000000,0.000000,0.000000,0.000000,0.000000,0.533717,0.000000,0.499915,0.000000,0.000000,0.000000,0.000000,0.000000,0.000000,0.000000,0.265144,0.000000,0.416152,0.000000,0.457212,0.000000,0.000000,0.000000,0.000000,0.597328,0.360594,0.552657,0.357645,0.570755,0.314233,0.601875,0.318702,0.000000,0.238707,0.000000,0.341757,0.531312,0.000000,0.000000,0.000000,0.000000,0.000000,0.000000,0.000000,0.000000,0.000000,0.000000,0.403557,0.518032,0.000000,0.000000,0.000000,0.000000,0.535014,0.000000,0.000000,0.000000,0.000000,0.000000,0.000000,0.000000,0.477898,0.000000,0.473012,0.000000,0.491807,0.000000,0.511955,0.000000,0.000000,0.000000
0.000000,0.000000,0.000000,0.000000,0.000000,0.530805,0.000000,0.000000,0.000000,0.522961,0.000000,0.000000,0.000000,0.000000,0.000000,0.000000,0.000000,0.000000,0.000000,0.000000,0.000000,0.000000,0.000000,0.000000,0.000000,0.000000,0.000000,0.000000,0.000000,0.000000,0.000000,0.000000,0.000000,0.000000,0.000000,0.384328,0.000000,0.601782,0.000000,0.459061,0.000000,0.000000,0.597328,0.000000,0.656722,0.379455,0.560074,0.393454,0.585178,0.359133,0.000000,0.424140,0.000000,0.328793,0.000000,0.462213,0.000000,0.000000,0.000000,0.000000,0.000000,0.000000,0.000000,0.000000,0.000000,0.000000,0.599795,0.407182,0.000000,0.000000,0.000000,0.000000,0.000000,0.000000,0.000000,0.000000,0.000000,0.000000,0.000000,0.000000,0.000000,0.000000,0.000000,0.000000,0.000000,0.000000,0.000000,0.000000,0.000000,0.000000
0.000000,0.000000,0.000000,0.000000,0.000000,0.000000,0.000000,0.000000,0.000000,0.000000,0.000000,0.000000,0.000000,0.000000,0.000000,0.000000,0.000000,0.000000,0.000000,0.000000,0.000000,0.000000,0.000000,0.000000,0.000000,0.000000,0.000000,0.000000,0.000000,0.000000,0.000000,0.000000,0.000000,0.000000,0.000000,0.462739,0.450523,0.000000,0.000000,0.000000,0.000000,0.000000,0.360594,0.656722,0.000000,0.574858,0.342667,0.644796,0.343062,0.538433,0.379395,0.000000,0.000000,0.000000,0.000000,0.000000,0.000000,0.000000,0.000000,0.000000,0.000000,0.000000,0.000000,0.000000,0.000000,0.000000,0.356963,0.585151,0.000000,0.000000,0.000000,0.000000,0.000000,0.580857,0.000000,0.000000,0.000000,0.000000,0.000000,0.000000,0.000000,0.000000,0.000000,0.000000,0.000000,0.000000,0.000000,0.000000,0.000000,0.000000
0.000000,0.000000,0.000000,0.000000,0.000000,0.507310,0.000000,0.000000,0.000000,0.483883,0.000000,0.000000,0.000000,0.000000,0.000000,0.489002,0.000000,0.000000,0.000000,0.000000,0.000000,0.000000,0.000000,0.470490,0.000000,0.000000,0.000000,0.000000,0.000000,0.476023,0.000000,0.000000,0.000000,0.000000,0.532911,0.517592,0.000000,0.593694,0.000000,0.443054,0.000000,0.474937,0.552657,0.379455,0.574858,0.000000,0.000000,0.392197,0.578565,0.346943,0.567560,0.316558,0.000000,0.000000,0.000000,0.000000,0.000000,0.000000,0.000000,0.000000,0.000000,0.000000,0.000000,0.000000,0.000000,0.000000,0.315913,0.363677,0.000000,0.000000,0.000000,0.000000,0.000000,0.493511,0.000000,0.516322,0.000000,0.487597,0.000000,0.000000,0.000000,0.461078,0.000000,0.456490,0.000000,0.000000,0.000000,0.000000,0.000000,0.464939
0.000000,0.000000,0.000000,0.000000,0.530630,0.000000,0.000000,0.000000,0.531245,0.000000,0.000000,0.000000,0.000000,0.000000,0.506081,0.000000,0.000000,0.000000,0.000000,0.000000,0.000000,0.000000,0.000000,0.000000,0.499320,0.000000,0.526160,0.000000,0.508325,0.000000,0.000000,0.000000,0.000000,0.000000,0.000000,0.000000,0.445786,0.000000,0.429440,0.000000,0.488422,0.000000,0.357645,0.560074,0.342667,0.000000,0.000000,0.000000,0.000000,0.000000,0.356334,0.000000,0.302349,0.000000,0.330183,0.000000,0.000000,0.000000,0.000000,0.000000,0.000000,0.000000,0.000000,0.000000,0.000000,0.000000,0.425071,0.541070,0.000000,0.000000,0.000000,0.000000,0.000000,0.000000,0.000000,0.000000,0.000000,0.000000,0.000000,0.000000,0.559025,0.000000,0.476848,0.000000,0.495598,0.000000,0.480048,0.000000,0.000000,0.000000
0.000000,0.000000,0.000000,0.000000,0.000000,0.542119,0.000000,0.000000,0.000000,0.538269,0.000000,0.000000,0.000000,0.000000,0.000000,0.524582,0.000000,0.000000,0.000000,0.000000,0.000000,0.000000,0.000000,0.000000,0.000000,0.490051,0.000000,0.513883,0.000000,0.509121,0.000000,0.000000,0.000000,0.000000,0.000000,0.000000,0.000000,0.514895,0.000000,0.431864,0.000000,0.000000,0.570755,0.393454,0.644796,0.392197,0.000000,0.000000,0.000000,0.371803,0.000000,0.366360,0.000000,0.323195,0.000000,0.371490,0.000000,0.000000,0.000000,0.000000,0.000000,0.000000,0.000000,0.000000,0.000000,0.000000,0.565808,0.470479,0.000000,0.000000,0.000000,0.000000,0.000000,0.000000,0.000000,0.000000,0.000000,0.000000,0.000000,0.000000,0.000000,0.507542,0.000000,0.470550,0.000000,0.487161,0.000000,0.455119,0.000000,0.000000
0.000000,0.000000,0.000000,0.000000,0.000000,0.000000,0.000000,0.000000,0.000000,0.000000,0.000000,0.000000,0.000000,0.000000,0.481809,0.000000,0.000000,0.000000,0.000000,0.000000,0.000000,0.000000,0.000000,0.000000,0.000000,0.000000,0.000000,0.000000,0.000000,0.000000,0.000000,0.000000,0.000000,0.000000,0.000000,0.472657,0.000000,0.000000,0.000000,0.000000,0.000000,0.000000,0.314233,0.585178,0.343062,0.578565,0.000000,0.000000,0.000000,0.559714,0.356168,0.000000,0.362657,0.000000,0.000000,0.000000,0.000000,0.000000,0.347495,0.000000,0.000000,0.000000,0.000000,0.000000,0.000000,0.000000,0.344601,0.607590,0.000000,0.000000,0.000000,0.000000,0.458996,0.578329,0.000000,0.000000,0.000000,0.000000,0.000000,0.000000,0.000000,0.000000,0.000000,0.000000,0.000000,0.000000,0.000000,0.000000,0.000000,0.000000
