0.000000,0.572993,0.464290,0.000000,0.000000,0.000000,0.436177,0.000000,0.000000,0.000000,0.442268,0.000000,0.449411,0.000000,0.000000,0.000000,0.442396,0.000000,0.438741,0.000000,0.000000,0.000000,0.000000,0.000000,0.000000,0.000000,0.000000,0.000000,0.418023,0.000000,0.000000,0.000000,0.460001,0.000000,0.000000,0.000000,0.000000,0.000000,0.000000,0.000000,0.000000,0.000000,0.000000,0.000000,0.440577,0.000000,0.560390,0.000000,0.437483,0.000000,0.461416,0.000000,0.000000,0.000000,0.522064,0.000000,0.479672,0.000000,0.414828,0.000000,0.438466,0.000000,0.000000,0.000000,0.467968,0.000000,0.000000,0.000000,0.489858,0.000000,0.444800,0.550099,0.431080,0.000000,0.438179,0.000000,0.471542,0.547082,0.000000,0.000000,0.426487,0.000000,0.000000,0.000000,0.518566,0.000000,0.000000,0.000000,0.519981,0.000000
0.572993,0.000000,0.000000,0.447671,0.000000,0.000000,0.000000,0.424593,0.000000,0.000000,0.000000,0.416023,0.000000,0.424128,0.000000,0.000000,0.000000,0.401660,0.000000,0.450258,0.000000,0.000000,0.000000,0.000000,0.000000,0.000000,0.000000,0.000000,0.000000,0.000000,0.000000,0.000000,0.589755,0.386572,0.000000,0.000000,0.000000,0.548028,0.000000,0.000000,0.000000,0.000000,0.000000,0.000000,0.000000,0.000000,0.000000,0.000000,0.000000,0.000000,0.000000,0.000000,0.000000,0.000000,0.000000,0.000000,0.000000,0.462988,0.000000,0.437149,0.000000,0.448111,0.000000,0.000000,0.000000,0.452565,0.000000,0.000000,0.561805,0.401717,0.000000,0.463849,0.000000,0.425029,0.000000,0.459306,0.504977,0.491304,0.000000,0.000000,0.000000,0.000000,0.000000,0.000000,0.000000,0.000000,0.000000,0.000000,0.000000,0.000000
0.464290,0.000000,0.000000,0.481076,0.335948,0.000000,0.386375,0.000000,0.392808,0.000000,0.000000,0.000000,0.381302,0.000000,0.000000,0.000000,0.000000,0.000000,0.466817,0.000000,0.000000,0.000000,0.404893,0.580398,0.000000,0.551810,0.000000,0.000000,0.425235,0.000000,0.000000,0.596491,0.474463,0.494149,0.507038,0.493168,0.000000,0.000000,0.000000,0.000000,0.000000,0.000000,0.000000,0.000000,0.000000,0.000000,0.000000,0.000000,0.000000,0.000000,0.000000,0.000000,0.000000,0.000000,0.000000,0.000000,0.000000,0.000000,0.000000,0.000000,0.000000,0.000000,0.000000,0.000000,0.000000,0.000000,0.505378,0.512447,0.000000,0.000000,0.427483,0.496286,0.453248,0.000000,0.448160,0.000000,0.481799,0.000000,0.000000,0.000000,0.000000,0.000000,0.000000,0.000000,0.000000,0.000000,0.000000,0.000000,0.000000,0.000000
0.000000,0.447671,0.481076,0.000000,0.000000,0.000000,0.475678,0.398879,0.000000,0.000000,0.000000,0.000000,0.000000,0.000000,0.000000,0.000000,0.000000,0.000000,0.562925,0.573243,0.000000,0.000000,0.536487,0.425950,0.000000,0.367749,0.000000,0.000000,0.000000,0.413226,0.000000,0.409327,0.593342,0.608412,0.000000,0.000000,0.000000,0.000000,0.000000,0.000000,0.000000,0.000000,0.000000,0.000000,0.000000,0.000000,0.000000,0.000000,0.000000,0.000000,0.000000,0.000000,0.000000,0.000000,0.000000,0.000000,0.000000,0.429793,0.000000,0.410432,0.000000,0.000000,0.000000,0.000000,0.000000,0.000000,0.000000,0.000000,0.579925,0.000000,0.545796,0.407076,0.000000,0.453511,0.000000,0.481732,0.565777,0.452664,0.000000,0.000000,0.000000,0.000000,0.000000,0.000000,0.000000,0.000000,0.000000,0.000000,0.000000,0.000000
0.000000,0.000000,0.335948,0.000000,0.000000,0.000000,0.425383,0.000000,0.418930,0.000000,0.000000,0.000000,0.000000,0.000000,0.389271,0.000000,0.000000,0.000000,0.000000,0.000000,0.453240,0.000000,0.397012,0.000000,0.376050,0.000000,0.357919,0.000000,0.345503,0.000000,0.000000,0.000000,0.000000,0.000000,0.000000,0.000000,0.515822,0.507500,0.463372,0.000000,0.460699,0.000000,0.542539,0.000000,0.503444,0.484128,0.531641,0.000000,0.000000,0.000000,0.504707,0.000000,0.000000,0.000000,0.000000,0.000000,0.000000,0.000000,0.000000,0.000000,0.000000,0.000000,0.000000,0.000000,0.000000,0.000000,0.497254,0.488884,0.000000,0.000000,0.443806,0.000000,0.453428,0.000000,0.448596,0.000000,0.495283,0.000000,0.000000,0.000000,0.000000,0.000000,0.506860,0.000000,0.000000,0.000000,0.473465,0.000000,0.000000,0.000000
0.000000,0.000000,0.000000,0.000000,0.000000,0.000000,0.000000,0.417114,0.000000,0.321206,0.000000,0.000000,0.000000,0.000000,0.000000,0.407201,0.000000,0.000000,0.000000,0.000000,0.000000,0.404784,0.000000,0.267848,0.000000,0.396937,0.000000,0.393827,0.000000,0.384143,0.000000,0.000000,0.000000,0.000000,0.000000,0.000000,0.000000,0.494678,0.000000,0.380648,0.000000,0.478487,0.000000,0.000000,0.000000,0.000000,0.000000,0.519390,0.000000,0.000000,0.000000,0.000000,0.000000,0.000000,0.000000,0.513714,0.000000,0.000000,0.000000,0.000000,0.000000,0.000000,0.000000,0.000000,0.000000,0.000000,0.000000,0.000000,0.000000,0.000000,0.000000,0.457934,0.000000,0.468403,0.000000,0.500539,0.000000,0.000000,0.000000,0.000000,0.000000,0.000000,0.000000,0.485024,0.000000,0.000000,0.000000,0.000000,0.000000,0.000000
0.436177,0.000000,0.386375,0.475678,0.425383,0.000000,0.000000,0.000000,0.000000,0.000000,0.421853,0.000000,0.406968,0.000000,0.000000,0.000000,0.000000,0.000000,0.000000,0.000000,0.000000,0.000000,0.436753,0.000000,0.457523,0.000000,0.000000,0.000000,0.413160,0.000000,0.000000,0.000000,0.000000,0.000000,0.000000,0.000000,0.000000,0.000000,0.000000,0.000000,0.000000,0.000000,0.000000,0.000000,0.000000,0.000000,0.000000,0.000000,0.000000,0.000000,0.000000,0.000000,0.000000,0.000000,0.000000,0.000000,0.000000,0.000000,0.000000,0.000000,0.000000,0.000000,0.000000,0.000000,0.000000,0.000000,0.000000,0.000000,0.000000,0.000000,0.000000,0.000000,0.000000,0.000000,0.000000,0.000000,0.000000,0.000000,0.000000,0.000000,0.000000,0.000000,0.000000,0.000000,0.000000,0.000000,0.000000,0.000000,0.000000,0.000000
0.000000,0.424593,0.000000,0.398879,0.000000,0.417114,0.000000,0.000000,0.000000,0.000000,0.000000,0.399481,0.000000,0.382301,0.000000,0.382396,0.000000,0.000000,0.000000,0.000000,0.000000,0.000000,0.000000,0.000000,0.000000,0.000000,0.000000,0.000000,0.000000,0.351693,0.000000,0.000000,0.000000,0.000000,0.000000,0.000000,0.000000,0.000000,0.000000,0.000000,0.000000,0.000000,0.000000,0.000000,0.000000,0.000000,0.000000,0.000000,0.000000,0.000000,0.000000,0.000000,0.000000,0.000000,0.000000,0.000000,0.000000,0.454374,0.000000,0.000000,0.000000,0.479080,0.000000,0.000000,0.000000,0.000000,0.000000,0.000000,0.000000,0.000000,0.000000,0.000000,0.000000,0.404387,0.000000,0.397806,0.000000,0.000000,0.000000,0.000000,0.000000,0.000000,0.000000,0.000000,0.000000,0.000000,0.000000,0.000000,0.000000,0.000000
0.000000,0.000000,0.392808,0.000000,0.418930,0.000000,0.000000,0.000000,0.000000,0.000000,0.000000,0.000000,0.369652,0.000000,0.343649,0.000000,0.000000,0.000000,0.000000,0.000000,0.413588,0.000000,0.000000,0.000000,0.454135,0.000000,0.389426,0.000000,0.399812,0.000000,0.000000,0.000000,0.000000,0.000000,0.000000,0.000000,0.000000,0.000000,0.000000,0.000000,0.000000,0.000000,0.000000,0.000000,0.000000,0.000000,0.000000,0.000000,0.000000,0.000000,0.000000,0.000000,0.000000,0.000000,0.000000,0.000000,0.000000,0.000000,0.000000,0.000000,0.000000,0.000000,0.000000,0.000000,0.000000,0.000000,0.000000,0.000000,0.000000,0.000000,0.000000,0.000000,0.447304,0.000000,0.000000,0.000000,0.000000,0.000000,0.000000,0.000000,0.000000,0.000000,0.495582,0.000000,0.000000,0.000000,0.474573,0.000000,0.000000,0.000000
0.000000,0.000000,0.000000,0.000000,0.000000,0.321206,0.000000,0.000000,0.000000,0.000000,0.000000,0.000000,0.000000,0.000000,0.000000,0.353670,0.000000,0.000000,0.000000,0.000000,0.000000,0.000000,0.000000,0.000000,0.000000,0.255621,0.000000,0.000000,0.000000,0.000000,0.000000,0.000000,0.000000,0.000000,0.000000,0.000000,0.000000,0.000000,0.000000,0.000000,0.000000,0.000000,0.000000,0.000000,0.000000,0.000000,0.000000,0.000000,0.000000,0.000000,0.000000,0.000000,0.000000,0.000000,0.000000,0.000000,0.000000,0.000000,0.000000,0.000000,0.000000,0.000000,0.000000,0.000000,0.000000,0.000000,0.000000,0.000000,0.000000,0.000000,0.000000,0.000000,0.000000,0.000000,0.000000,0.000000,0.000000,0.000000,0.000000,0.000000,0.000000,0.000000,0.000000,0.525570,0.000000,0.000000,0.000000,0.508390,0.000000,0.000000
0.442268,0.000000,0.000000,0.000000,0.000000,0.000000,0.421853,0.000000,0.000000,0.000000,0.000000,0.000000,0.442864,0.000000,0.000000,0.000000,0.395625,0.000000,0.000000,0.000000,0.000000,0.000000,0.000000,0.000000,0.000000,0.000000,0.000000,0.000000,0.385673,0.000000,0.000000,0.000000,0.000000,0.000000,0.000000,0.000000,0.000000,0.000000,0.000000,0.000000,0.000000,0.000000,0.000000,0.000000,0.000000,0.000000,0.000000,0.000000,0.000000,0.000000,0.000000,0.000000,0.000000,0.000000,0.000000,0.000000,0.383739,0.000000,0.000000,0.000000,0.000000,0.000000,0.000000,0.000000,0.000000,0.000000,0.000000,0.000000,0.000000,0.000000,0.000000,0.000000,0.383880,0.000000,0.000000,0.000000,0.000000,0.000000,0.000000,0.000000,0.000000,0.000000,0.294510,0.000000,0.000000,0.000000,0.000000,0.000000,0.000000,0.000000
0.000000,0.416023,0.000000,0.000000,0.000000,0.000000,0.000000,0.399481,0.000000,0.000000,0.000000,0.000000,0.000000,0.378713,0.000000,0.379160,0.000000,0.397063,0.000000,0.000000,0.000000,0.000000,0.000000,0.000000,0.000000,0.000000,0.000000,0.000000,0.000000,0.356046,0.000000,0.000000,0.000000,0.000000,0.000000,0.000000,0.000000,0.000000,0.000000,0.000000,0.000000,0.000000,0.000000,0.000000,0.000000,0.000000,0.000000,0.000000,0.000000,0.000000,0.000000,0.000000,0.000000,0.000000,0.000000,0.000000,0.000000,0.000000,0.000000,0.000000,0.000000,0.000000,0.000000,0.000000,0.000000,0.000000,0.000000,0.000000,0.000000,0.000000,0.000000,0.000000,0.000000,0.387671,0.000000,0.000000,0.000000,0.000000,0.000000,0.000000,0.000000,0.000000,0.000000,0.333214,0.000000,0.000000,0.000000,0.000000,0.000000,0.000000
0.449411,0.000000,0.381302,0.000000,0.000000,0.000000,0.406968,0.000000,0.369652,0.000000,0.442864,0.000000,0.000000,0.000000,0.391902,0.000000,0.390926,0.000000,0.000000,0.000000,0.000000,0.000000,0.000000,0.000000,0.000000,0.000000,0.000000,0.000000,0.415371,0.000000,0.000000,0.000000,0.000000,0.000000,0.000000,0.000000,0.491659,0.000000,0.000000,0.000000,0.478115,0.000000,0.532970,0.000000,0.507028,0.487399,0.538760,0.000000,0.000000,0.000000,0.000000,0.000000,0.000000,0.000000,0.000000,0.000000,0.377517,0.000000,0.000000,0.000000,0.000000,0.000000,0.000000,0.000000,0.000000,0.000000,0.499650,0.479048,0.000000,0.000000,0.000000,0.000000,0.443388,0.000000,0.000000,0.000000,0.000000,0.000000,0.000000,0.000000,0.000000,0.000000,0.000000,0.000000,0.485645,0.000000,0.000000,0.000000,0.000000,0.000000
0.000000,0.424128,0.000000,0.000000,0.000000,0.000000,0.000000,0.382301,0.000000,0.000000,0.000000,0.378713,0.000000,0.000000,0.000000,0.361798,0.000000,0.000000,0.000000,0.000000,0.000000,0.000000,0.000000,0.000000,0.000000,0.000000,0.000000,0.000000,0.000000,0.422556,0.000000,0.000000,0.000000,0.000000,0.000000,0.000000,0.000000,0.468238,0.000000,0.000000,0.000000,0.457344,0.000000,0.000000,0.000000,0.000000,0.000000,0.000000,0.000000,0.000000,0.000000,0.000000,0.000000,0.000000,0.000000,0.480157,0.000000,0.000000,0.000000,0.472455,0.000000,0.000000,0.000000,0.000000,0.000000,0.000000,0.000000,0.000000,0.000000,0.000000,0.000000,0.000000,0.000000,0.445151,0.000000,0.000000,0.000000,0.000000,0.000000,0.000000,0.000000,0.000000,0.000000,0.276333,0.000000,0.000000,0.000000,0.000000,0.000000,0.000000
0.000000,0.000000,0.000000,0.000000,0.389271,0.000000,0.000000,0.000000,0.343649,0.000000,0.000000,0.000000,0.391902,0.000000,0.000000,0.000000,0.000000,0.000000,0.000000,0.000000,0.375007,0.000000,0.000000,0.000000,0.000000,0.000000,0.387703,0.000000,0.389376,0.000000,0.386761,0.000000,0.000000,0.000000,0.000000,0.000000,0.472412,0.000000,0.461926,0.000000,0.466524,0.000000,0.548164,0.000000,0.515360,0.477962,0.544815,0.000000,0.000000,0.000000,0.000000,0.000000,0.000000,0.000000,0.000000,0.000000,0.000000,0.000000,0.000000,0.000000,0.000000,0.000000,0.000000,0.000000,0.000000,0.000000,0.457285,0.467172,0.000000,0.000000,0.405858,0.000000,0.433532,0.000000,0.437627,0.000000,0.000000,0.000000,0.000000,0.000000,0.000000,0.000000,0.478146,0.000000,0.494981,0.000000,0.457483,0.000000,0.000000,0.000000
0.000000,0.000000,0.000000,0.000000,0.000000,0.407201,0.000000,0.382396,0.000000,0.353670,0.000000,0.379160,0.000000,0.361798,0.000000,0.000000,0.000000,0.000000,0.000000,0.000000,0.000000,0.390738,0.000000,0.000000,0.000000,0.439110,0.000000,0.426642,0.000000,0.363409,0.000000,0.444826,0.000000,0.000000,0.000000,0.000000,0.000000,0.454728,0.000000,0.318927,0.000000,0.450478,0.000000,0.000000,0.000000,0.000000,0.000000,0.516186,0.000000,0.499106,0.000000,0.000000,0.000000,0.000000,0.000000,0.524188,0.000000,0.000000,0.000000,0.469581,0.000000,0.000000,0.000000,0.000000,0.000000,0.000000,0.000000,0.497694,0.000000,0.000000,0.000000,0.000000,0.000000,0.408409,0.000000,0.000000,0.000000,0.000000,0.000000,0.000000,0.000000,0.000000,0.000000,0.424445,0.000000,0.000000,0.000000,0.000000,0.000000,0.000000
0.442396,0.000000,0.000000,0.000000,0.000000,0.000000,0.000000,0.000000,0.000000,0.000000,0.395625,0.000000,0.390926,0.000000,0.000000,0.000000,0.000000,0.000000,0.000000,0.000000,0.000000,0.000000,0.000000,0.000000,0.000000,0.000000,0.000000,0.000000,0.445303,0.000000,0.000000,0.000000,0.000000,0.000000,0.000000,0.000000,0.000000,0.000000,0.000000,0.000000,0.000000,0.000000,0.000000,0.000000,0.000000,0.000000,0.000000,0.000000,0.000000,0.000000,0.000000,0.000000,0.000000,0.000000,0.000000,0.000000,0.423721,0.000000,0.000000,0.000000,0.418315,0.000000,0.433428,0.000000,0.000000,0.000000,0.000000,0.000000,0.000000,0.000000,0.000000,0.000000,0.419120,0.000000,0.000000,0.000000,0.000000,0.000000,0.347343,0.000000,0.419760,0.000000,0.000000,0.000000,0.458974,0.000000,0.000000,0.000000,0.000000,0.000000
0.000000,0.401660,0.000000,0.000000,0.000000,0.000000,0.000000,0.000000,0.000000,0.000000,0.000000,0.397063,0.000000,0.000000,0.000000,0.000000,0.000000,0.000000,0.000000,0.000000,0.000000,0.000000,0.000000,0.000000,0.000000,0.000000,0.000000,0.000000,0.000000,0.418149,0.000000,0.000000,0.000000,0.000000,0.000000,0.000000,0.000000,0.000000,0.000000,0.000000,0.000000,0.000000,0.000000,0.000000,0.000000,0.000000,0.000000,0.000000,0.000000,0.000000,0.000000,0.000000,0.000000,0.000000,0.000000,0.000000,0.000000,0.436400,0.000000,0.000000,0.000000,0.441748,0.000000,0.399514,0.000000,0.476443,0.000000,0.000000,0.000000,0.000000,0.000000,0.000000,0.000000,0.413513,0.000000,0.000000,0.000000,0.000000,0.000000,0.366503,0.000000,0.431422,0.000000,0.455759,0.000000,0.000000,0.000000,0.000000,0.000000,0.000000
0.438741,0.000000,0.466817,0.562925,0.000000,0.000000,0.000000,0.000000,0.000000,0.000000,0.000000,0.000000,0.000000,0.000000,0.000000,0.000000,0.000000,0.000000,0.000000,0.548768,0.000000,0.000000,0.392859,0.538148,0.000000,0.000000,0.000000,0.000000,0.000000,0.000000,0.000000,0.000000,0.420964,0.495299,0.602846,0.510297,0.000000,0.000000,0.000000,0.000000,0.000000,0.000000,0.000000,0.000000,0.000000,0.000000,0.000000,0.000000,0.000000,0.000000,0.000000,0.000000,0.000000,0.000000,0.000000,0.000000,0.000000,0.000000,0.000000,0.000000,0.000000,0.000000,0.000000,0.000000,0.000000,0.000000,0.538441,0.543382,0.396441,0.000000,0.461697,0.567837,0.401979,0.000000,0.000000,0.000000,0.504699,0.000000,0.000000,0.000000,0.000000,0.000000,0.000000,0.000000,0.000000,0.000000,0.000000,0.000000,0.000000,0.000000
0.000000,0.450258,0.000000,0.573243,0.000000,0.000000,0.000000,0.000000,0.000000,0.000000,0.000000,0.000000,0.000000,0.000000,0.000000,0.000000,0.000000,0.000000,0.548768,0.000000,0.000000,0.000000,0.000000,0.525702,0.000000,0.000000,0.000000,0.000000,0.000000,0.000000,0.000000,0.000000,0.571044,0.481600,0.000000,0.000000,0.000000,0.000000,0.000000,0.000000,0.000000,0.000000,0.000000,0.000000,0.000000,0.000000,0.000000,0.000000,0.000000,0.000000,0.000000,0.000000,0.000000,0.000000,0.000000,0.000000,0.000000,0.000000,0.000000,0.000000,0.000000,0.000000,0.000000,0.000000,0.000000,0.000000,0.000000,0.000000,0.569965,0.358267,0.486629,0.471835,0.000000,0.000000,0.000000,0.000000,0.538539,0.451028,0.000000,0.000000,0.000000,0.000000,0.000000,0.000000,0.000000,0.000000,0.000000,0.000000,0.000000,0.000000
0.000000,0.000000,0.000000,0.000000,0.453240,0.000000,0.000000,0.000000,0.413588,0.000000,0.000000,0.000000,0.000000,0.000000,0.375007,0.000000,0.000000,0.000000,0.000000,0.000000,0.000000,0.369071,0.000000,0.000000,0.483587,0.310399,0.448911,0.000000,0.369265,0.000000,0.389283,0.000000,0.000000,0.000000,0.000000,0.000000,0.481818,0.517491,0.438771,0.000000,0.430248,0.000000,0.526174,0.000000,0.476409,0.474564,0.000000,0.000000,0.000000,0.000000,0.000000,0.000000,0.000000,0.000000,0.000000,0.000000,0.000000,0.000000,0.000000,0.000000,0.000000,0.000000,0.000000,0.000000,0.000000,0.000000,0.461476,0.000000,0.000000,0.000000,0.362920,0.520665,0.000000,0.000000,0.000000,0.000000,0.000000,0.000000,0.000000,0.000000,0.000000,0.000000,0.478676,0.000000,0.000000,0.000000,0.465915,0.000000,0.000000,0.000000
0.000000,0.000000,0.000000,0.000000,0.000000,0.404784,0.000000,0.000000,0.000000,0.000000,0.000000,0.000000,0.000000,0.000000,0.000000,0.390738,0.000000,0.000000,0.000000,0.000000,0.369071,0.000000,0.562894,0.612873,0.546573,0.543478,0.574217,0.428280,0.000000,0.355026,0.498690,0.398318,0.000000,0.000000,0.000000,0.000000,0.000000,0.000000,0.000000,0.421472,0.000000,0.398363,0.000000,0.000000,0.000000,0.000000,0.000000,0.000000,0.000000,0.000000,0.000000,0.000000,0.000000,0.000000,0.000000,0.000000,0.000000,0.000000,0.000000,0.000000,0.000000,0.000000,0.000000,0.000000,0.000000,0.000000,0.000000,0.000000,0.000000,0.000000,0.543897,0.395932,0.000000,0.323399,0.000000,0.000000,0.000000,0.000000,0.000000,0.000000,0.000000,0.000000,0.000000,0.435126,0.000000,0.000000,0.000000,0.429110,0.000000,0.000000
0.000000,0.000000,0.404893,0.536487,0.397012,0.000000,0.436753,0.000000,0.000000,0.000000,0.000000,0.000000,0.000000,0.000000,0.000000,0.000000,0.000000,0.000000,0.392859,0.000000,0.000000,0.562894,0.000000,0.556524,0.423658,0.612928,0.000000,0.601230,0.418838,0.000000,0.354313,0.580218,0.501184,0.503805,0.503498,0.515371,0.000000,0.000000,0.000000,0.000000,0.000000,0.000000,0.000000,0.000000,0.000000,0.000000,0.000000,0.000000,0.000000,0.000000,0.000000,0.000000,0.000000,0.000000,0.000000,0.000000,0.000000,0.000000,0.000000,0.000000,0.000000,0.000000,0.000000,0.000000,0.000000,0.000000,0.524559,0.530148,0.000000,0.000000,0.482111,0.575794,0.417247,0.000000,0.449416,0.000000,0.472330,0.000000,0.000000,0.000000,0.000000,0.000000,0.000000,0.000000,0.000000,0.000000,0.000000,0.000000,0.000000,0.000000
0.000000,0.000000,0.580398,0.425950,0.000000,0.267848,0.000000,0.000000,0.000000,0.000000,0.000000,0.000000,0.000000,0.000000,0.000000,0.000000,0.000000,0.000000,0.538148,0.525702,0.000000,0.612873,0.556524,0.000000,0.561154,0.363367,0.000000,0.000000,0.000000,0.000000,0.546969,0.386302,0.538632,0.407184,0.000000,0.000000,0.000000,0.533485,0.000000,0.000000,0.000000,0.000000,0.000000,0.000000,0.000000,0.000000,0.000000,0.000000,0.000000,0.000000,0.000000,0.000000,0.000000,0.000000,0.000000,0.000000,0.000000,0.000000,0.000000,0.000000,0.000000,0.000000,0.000000,0.000000,0.000000,0.000000,0.000000,0.000000,0.000000,0.000000,0.564735,0.460817,0.434433,0.423211,0.441471,0.505218,0.000000,0.438188,0.000000,0.000000,0.000000,0.000000,0.000000,0.000000,0.000000,0.000000,0.000000,0.000000,0.000000,0.000000
0.000000,0.000000,0.000000,0.000000,0.376050,0.000000,0.457523,0.000000,0.454135,0.000000,0.000000,0.000000,0.000000,0.000000,0.000000,0.000000,0.000000,0.000000,0.000000,0.000000,0.483587,0.546573,0.423658,0.561154,0.000000,0.611947,0.358456,0.574066,0.436690,0.000000,0.326356,0.000000,0.000000,0.000000,0.000000,0.000000,0.000000,0.000000,0.000000,0.000000,0.000000,0.000000,0.000000,0.000000,0.000000,0.000000,0.000000,0.000000,0.000000,0.000000,0.000000,0.000000,0.000000,0.000000,0.000000,0.000000,0.000000,0.000000,0.000000,0.000000,0.000000,0.000000,0.000000,0.000000,0.000000,0.000000,0.000000,0.000000,0.000000,0.000000,0.506396,0.548777,0.488432,0.000000,0.494169,0.000000,0.501622,0.000000,0.000000,0.000000,0.000000,0.000000,0.000000,0.000000,0.000000,0.000000,0.000000,0.000000,0.000000,0.000000
0.000000,0.000000,0.551810,0.367749,0.000000,0.396937,0.000000,0.000000,0.000000,0.255621,0.000000,0.000000,0.000000,0.000000,0.000000,0.439110,0.000000,0.000000,0.000000,0.000000,0.310399,0.543478,0.612928,0.363367,0.611947,0.000000,0.598799,0.416455,0.000000,0.506925,0.506520,0.387918,0.000000,0.000000,0.000000,0.000000,0.000000,0.000000,0.000000,0.512797,0.000000,0.520973,0.000000,0.000000,0.000000,0.000000,0.000000,0.000000,0.000000,0.000000,0.000000,0.000000,0.000000,0.000000,0.000000,0.542055,0.000000,0.000000,0.000000,0.000000,0.000000,0.000000,0.000000,0.000000,0.000000,0.000000,0.000000,0.000000,0.000000,0.000000,0.570245,0.528232,0.000000,0.491632,0.000000,0.490136,0.000000,0.524421,0.000000,0.000000,0.000000,0.000000,0.000000,0.517924,0.000000,0.000000,0.000000,0.491163,0.000000,0.000000
0.000000,0.000000,0.000000,0.000000,0.357919,0.000000,0.000000,0.000000,0.389426,0.000000,0.000000,0.000000,0.000000,0.000000,0.387703,0.000000,0.000000,0.000000,0.000000,0.000000,0.448911,0.574217,0.000000,0.000000,0.358456,0.598799,0.000000,0.394110,0.000000,0.000000,0.380006,0.596782,0.000000,0.000000,0.000000,0.000000,0.000000,0.000000,0.458465,0.000000,0.449513,0.000000,0.000000,0.000000,0.000000,0.000000,0.523043,0.000000,0.000000,0.000000,0.000000,0.000000,0.000000,0.000000,0.000000,0.000000,0.000000,0.000000,0.000000,0.000000,0.000000,0.000000,0.000000,0.000000,0.000000,0.000000,0.000000,0.000000,0.000000,0.000000,0.475142,0.554240,0.000000,0.000000,0.000000,0.000000,0.000000,0.000000,0.000000,0.000000,0.000000,0.000000,0.515872,0.552701,0.000000,0.000000,0.487997,0.000000,0.000000,0.000000
0.000000,0.000000,0.000000,0.000000,0.000000,0.393827,0.000000,0.000000,0.000000,0.000000,0.000000,0.000000,0.000000,0.000000,0.000000,0.426642,0.000000,0.000000,0.000000,0.000000,0.000000,0.428280,0.601230,0.000000,0.574066,0.416455,0.394110,0.000000,0.000000,0.478210,0.000000,0.000000,0.000000,0.000000,0.000000,0.000000,0.000000,0.000000,0.000000,0.569110,0.000000,0.491608,0.000000,0.000000,0.000000,0.000000,0.000000,0.000000,0.000000,0.000000,0.000000,0.000000,0.000000,0.000000,0.000000,0.556401,0.000000,0.000000,0.000000,0.000000,0.000000,0.000000,0.000000,0.000000,0.000000,0.000000,0.000000,0.000000,0.000000,0.000000,0.494424,0.439844,0.000000,0.000000,0.000000,0.000000,0.000000,0.000000,0.000000,0.000000,0.000000,0.000000,0.000000,0.508001,0.000000,0.000000,0.000000,0.532698,0.000000,0.000000
0.418023,0.000000,0.425235,0.000000,0.345503,0.000000,0.413160,0.000000,0.399812,0.000000,0.385673,0.000000,0.415371,0.000000,0.389376,0.000000,0.445303,0.000000,0.000000,0.000000,0.369265,0.000000,0.418838,0.000000,0.436690,0.000000,0.000000,0.000000,0.000000,0.000000,0.000000,0.000000,0.000000,0.000000,0.000000,0.000000,0.503407,0.494472,0.000000,0.000000,0.512271,0.000000,0.561435,0.000000,0.530825,0.499109,0.545336,0.000000,0.000000,0.000000,0.000000,0.000000,0.000000,0.000000,0.000000,0.000000,0.468530,0.000000,0.411247,0.000000,0.000000,0.000000,0.431802,0.000000,0.000000,0.000000,0.474559,0.483340,0.000000,0.000000,0.384729,0.000000,0.423902,0.000000,0.504115,0.000000,0.506214,0.585991,0.348527,0.000000,0.432092,0.000000,0.386105,0.000000,0.495495,0.000000,0.000000,0.000000,0.000000,0.000000
0.000000,0.000000,0.000000,0.413226,0.000000,0.384143,0.000000,0.351693,0.000000,0.000000,0.000000,0.356046,0.000000,0.422556,0.000000,0.363409,0.000000,0.418149,0.000000,0.000000,0.000000,0.355026,0.000000,0.000000,0.000000,0.506925,0.000000,0.478210,0.000000,0.000000,0.000000,0.000000,0.000000,0.000000,0.000000,0.000000,0.000000,0.418878,0.000000,0.000000,0.000000,0.427116,0.000000,0.000000,0.000000,0.000000,0.000000,0.000000,0.000000,0.498418,0.000000,0.000000,0.000000,0.000000,0.000000,0.510870,0.000000,0.483282,0.000000,0.000000,0.000000,0.000000,0.000000,0.446345,0.000000,0.000000,0.000000,0.000000,0.000000,0.000000,0.000000,0.000000,0.000000,0.375326,0.000000,0.000000,0.000000,0.000000,0.000000,0.371803,0.000000,0.415130,0.000000,0.422124,0.000000,0.000000,0.000000,0.000000,0.000000,0.000000
0.000000,0.000000,0.000000,0.000000,0.000000,0.000000,0.000000,0.000000,0.000000,0.000000,0.000000,0.000000,0.000000,0.000000,0.386761,0.000000,0.000000,0.000000,0.000000,0.000000,0.389283,0.498690,0.354313,0.546969,0.326356,0.506520,0.380006,0.000000,0.000000,0.000000,0.000000,0.308622,0.403616,0.501452,0.541285,0.520250,0.000000,0.000000,0.000000,0.000000,0.000000,0.000000,0.000000,0.000000,0.000000,0.000000,0.000000,0.000000,0.000000,0.000000,0.000000,0.000000,0.000000,0.000000,0.000000,0.000000,0.000000,0.000000,0.000000,0.000000,0.000000,0.000000,0.000000,0.000000,0.000000,0.000000,0.512989,0.530205,0.000000,0.000000,0.398416,0.502073,0.000000,0.000000,0.000000,0.000000,0.500398,0.000000,0.000000,0.000000,0.000000,0.000000,0.000000,0.000000,0.000000,0.000000,0.000000,0.000000,0.000000,0.000000
0.000000,0.000000,0.596491,0.409327,0.000000,0.000000,0.000000,0.000000,0.000000,0.000000,0.000000,0.000000,0.000000,0.000000,0.000000,0.444826,0.000000,0.000000,0.000000,0.000000,0.000000,0.398318,0.580218,0.386302,0.000000,0.387918,0.596782,0.000000,0.000000,0.000000,0.308622,0.000000,0.000000,0.376630,0.000000,0.000000,0.000000,0.545516,0.000000,0.000000,0.000000,0.000000,0.000000,0.000000,0.000000,0.000000,0.000000,0.000000,0.000000,0.000000,0.000000,0.000000,0.000000,0.000000,0.000000,0.000000,0.000000,0.000000,0.000000,0.000000,0.000000,0.000000,0.000000,0.000000,0.000000,0.000000,0.000000,0.000000,0.000000,0.000000,0.564534,0.453199,0.000000,0.465106,0.000000,0.492848,0.000000,0.449320,0.000000,0.000000,0.000000,0.000000,0.000000,0.000000,0.000000,0.000000,0.000000,0.000000,0.000000,0.000000
0.460001,0.589755,0.474463,0.593342,0.000000,0.000000,0.000000,0.000000,0.000000,0.000000,0.000000,0.000000,0.000000,0.000000,0.000000,0.000000,0.000000,0.000000,0.420964,0.571044,0.000000,0.000000,0.501184,0.538632,0.000000,0.000000,0.000000,0.000000,0.000000,0.000000,0.403616,0.000000,0.000000,0.475838,0.503122,0.489669,0.000000,0.000000,0.000000,0.000000,0.000000,0.000000,0.000000,0.000000,0.000000,0.000000,0.568925,0.000000,0.000000,0.000000,0.000000,0.000000,0.000000,0.000000,0.000000,0.000000,0.451961,0.572651,0.429286,0.572215,0.000000,0.000000,0.000000,0.000000,0.000000,0.000000,0.447315,0.561003,0.434362,0.562499,0.422091,0.574138,0.000000,0.000000,0.000000,0.000000,0.440642,0.602803,0.000000,0.000000,0.000000,0.000000,0.000000,0.000000,0.000000,0.000000,0.000000,0.000000,0.000000,0.000000
0.000000,0.386572,0.494149,0.608412,0.000000,0.000000,0.000000,0.000000,0.000000,0.000000,0.000000,0.000000,0.000000,0.000000,0.000000,0.000000,0.000000,0.000000,0.495299,0.481600,0.000000,0.000000,0.503805,0.407184,0.000000,0.000000,0.000000,0.000000,0.000000,0.000000,0.501452,0.376630,0.475838,0.000000,0.396130,0.440464,0.000000,0.498804,0.000000,0.000000,0.000000,0.000000,0.000000,0.428835,0.000000,0.466534,0.000000,0.000000,0.000000,0.000000,0.000000,0.000000,0.000000,0.000000,0.000000,0.000000,0.000000,0.405050,0.000000,0.000000,0.000000,0.000000,0.000000,0.000000,0.000000,0.000000,0.538110,0.470998,0.489832,0.354900,0.545590,0.392510,0.000000,0.000000,0.000000,0.000000,0.000000,0.490987,0.000000,0.000000,0.000000,0.000000,0.000000,0.000000,0.000000,0.000000,0.000000,0.000000,0.000000,0.000000
0.000000,0.000000,0.507038,0.000000,0.000000,0.000000,0.000000,0.000000,0.000000,0.000000,0.000000,0.000000,0.000000,0.000000,0.000000,0.000000,0.000000,0.000000,0.602846,0.000000,0.000000,0.000000,0.503498,0.000000,0.000000,0.000000,0.000000,0.000000,0.000000,0.000000,0.541285,0.000000,0.503122,0.396130,0.000000,0.392742,0.458057,0.536556,0.000000,0.000000,0.000000,0.000000,0.444995,0.000000,0.475848,0.457712,0.518697,0.000000,0.000000,0.000000,0.000000,0.000000,0.000000,0.000000,0.000000,0.000000,0.000000,0.000000,0.000000,0.000000,0.000000,0.000000,0.000000,0.000000,0.000000,0.000000,0.410835,0.449594,0.000000,0.000000,0.000000,0.000000,0.000000,0.000000,0.000000,0.000000,0.000000,0.000000,0.000000,0.000000,0.000000,0.000000,0.000000,0.000000,0.000000,0.000000,0.000000,0.000000,0.000000,0.000000
0.000000,0.000000,0.493168,0.000000,0.000000,0.000000,0.000000,0.000000,0.000000,0.000000,0.000000,0.000000,0.000000,0.000000,0.000000,0.000000,0.000000,0.000000,0.510297,0.000000,0.000000,0.000000,0.515371,0.000000,0.000000,0.000000,0.000000,0.000000,0.000000,0.000000,0.520250,0.000000,0.489669,0.440464,0.392742,0.000000,0.000000,0.302457,0.000000,0.000000,0.000000,0.000000,0.000000,0.000000,0.000000,0.000000,0.000000,0.000000,0.000000,0.000000,0.000000,0.000000,0.000000,0.000000,0.000000,0.000000,0.000000,0.000000,0.000000,0.000000,0.000000,0.000000,0.000000,0.000000,0.000000,0.000000,0.383190,0.433230,0.000000,0.000000,0.000000,0.000000,0.000000,0.000000,0.000000,0.000000,0.000000,0.000000,0.000000,0.000000,0.000000,0.000000,0.000000,0.000000,0.000000,0.000000,0.000000,0.000000,0.000000,0.000000
0.000000,0.000000,0.000000,0.000000,0.515822,0.000000,0.000000,0.000000,0.000000,0.000000,0.000000,0.000000,0.491659,0.000000,0.472412,0.000000,0.000000,0.000000,0.000000,0.000000,0.481818,0.000000,0.000000,0.000000,0.000000,0.000000,0.000000,0.000000,0.503407,0.000000,0.000000,0.000000,0.000000,0.000000,0.458057,0.000000,0.000000,0.479281,0.438468,0.000000,0.441501,0.000000,0.525940,0.000000,0.537020,0.476933,0.547648,0.000000,0.000000,0.000000,0.541069,0.000000,0.469075,0.000000,0.462597,0.000000,0.000000,0.000000,0.000000,0.000000,0.000000,0.000000,0.000000,0.000000,0.000000,0.000000,0.496345,0.509162,0.000000,0.000000,0.378884,0.000000,0.464667,0.000000,0.000000,0.000000,0.410200,0.546857,0.000000,0.000000,0.439047,0.000000,0.453716,0.000000,0.513269,0.000000,0.476455,0.000000,0.483816,0.000000
0.000000,0.548028,0.000000,0.000000,0.507500,0.494678,0.000000,0.000000,0.000000,0.000000,0.000000,0.000000,0.000000,0.468238,0.000000,0.454728,0.000000,0.000000,0.000000,0.000000,0.517491,0.000000,0.000000,0.533485,0.000000,0.000000,0.000000,0.000000,0.494472,0.418878,0.000000,0.545516,0.000000,0.498804,0.536556,0.302457,0.479281,0.000000,0.000000,0.482653,0.535938,0.415111,0.561810,0.516153,0.559286,0.572830,0.578728,0.532688,0.000000,0.557395,0.000000,0.513929,0.000000,0.488228,0.000000,0.500886,0.000000,0.523825,0.000000,0.481716,0.000000,0.484594,0.000000,0.000000,0.000000,0.507333,0.666311,0.518402,0.000000,0.000000,0.000000,0.655121,0.000000,0.489903,0.000000,0.000000,0.000000,0.506716,0.000000,0.000000,0.000000,0.460701,0.000000,0.427507,0.000000,0.483785,0.000000,0.401650,0.000000,0.441710
0.000000,0.000000,0.000000,0.000000,0.463372,0.000000,0.000000,0.000000,0.000000,0.000000,0.000000,0.000000,0.000000,0.000000,0.461926,0.000000,0.000000,0.000000,0.000000,0.000000,0.438771,0.000000,0.000000,0.000000,0.000000,0.000000,0.458465,0.000000,0.000000,0.000000,0.000000,0.000000,0.000000,0.000000,0.000000,0.000000,0.438468,0.000000,0.000000,0.000000,0.308486,0.000000,0.494635,0.000000,0.519805,0.555328,0.495956,0.499763,0.000000,0.000000,0.000000,0.000000,0.000000,0.000000,0.431037,0.000000,0.000000,0.000000,0.000000,0.000000,0.000000,0.000000,0.000000,0.000000,0.000000,0.000000,0.520208,0.000000,0.000000,0.000000,0.486543,0.000000,0.000000,0.000000,0.000000,0.000000,0.501202,0.568145,0.000000,0.000000,0.000000,0.000000,0.351784,0.000000,0.000000,0.000000,0.439281,0.000000,0.472294,0.000000
0.000000,0.000000,0.000000,0.000000,0.000000,0.380648,0.000000,0.000000,0.000000,0.000000,0.000000,0.000000,0.000000,0.000000,0.000000,0.318927,0.000000,0.000000,0.000000,0.000000,0.000000,0.421472,0.000000,0.000000,0.000000,0.512797,0.000000,0.569110,0.000000,0.000000,0.000000,0.000000,0.000000,0.000000,0.000000,0.000000,0.000000,0.482653,0.000000,0.000000,0.000000,0.322723,0.000000,0.511420,0.000000,0.495502,0.000000,0.425425,0.000000,0.462048,0.000000,0.401066,0.000000,0.372346,0.000000,0.435589,0.000000,0.000000,0.000000,0.485970,0.000000,0.000000,0.000000,0.000000,0.000000,0.000000,0.000000,0.538737,0.000000,0.000000,0.000000,0.510477,0.000000,0.000000,0.000000,0.000000,0.000000,0.498600,0.000000,0.000000,0.000000,0.000000,0.000000,0.306498,0.000000,0.498096,0.000000,0.338983,0.000000,0.481965
0.000000,0.000000,0.000000,0.000000,0.460699,0.000000,0.000000,0.000000,0.000000,0.000000,0.000000,0.000000,0.478115,0.000000,0.466524,0.000000,0.000000,0.000000,0.000000,0.000000,0.430248,0.000000,0.000000,0.000000,0.000000,0.000000,0.449513,0.000000,0.512271,0.000000,0.000000,0.000000,0.000000,0.000000,0.000000,0.000000,0.441501,0.535938,0.308486,0.000000,0.000000,0.000000,0.535275,0.000000,0.540887,0.000000,0.527983,0.000000,0.000000,0.000000,0.000000,0.000000,0.000000,0.000000,0.000000,0.000000,0.000000,0.000000,0.000000,0.000000,0.000000,0.000000,0.000000,0.000000,0.000000,0.000000,0.496974,0.458658,0.000000,0.000000,0.430879,0.000000,0.357410,0.000000,0.000000,0.000000,0.000000,0.529172,0.000000,0.000000,0.000000,0.000000,0.428591,0.000000,0.470557,0.000000,0.436822,0.000000,0.476430,0.000000
0.000000,0.000000,0.000000,0.000000,0.000000,0.478487,0.000000,0.000000,0.000000,0.000000,0.000000,0.000000,0.000000,0.457344,0.000000,0.450478,0.000000,0.000000,0.000000,0.000000,0.000000,0.398363,0.000000,0.000000,0.000000,0.520973,0.000000,0.491608,0.000000,0.427116,0.000000,0.000000,0.000000,0.000000,0.000000,0.000000,0.000000,0.415111,0.000000,0.322723,0.000000,0.000000,0.000000,0.505465,0.000000,0.502763,0.000000,0.535527,0.000000,0.500062,0.000000,0.503256,0.000000,0.000000,0.000000,0.540648,0.000000,0.000000,0.000000,0.468151,0.000000,0.000000,0.000000,0.000000,0.000000,0.000000,0.000000,0.492193,0.000000,0.000000,0.000000,0.427110,0.000000,0.391013,0.000000,0.502842,0.000000,0.000000,0.000000,0.000000,0.000000,0.000000,0.000000,0.378897,0.000000,0.433743,0.000000,0.389902,0.000000,0.478276
0.000000,0.000000,0.000000,0.000000,0.542539,0.000000,0.000000,0.000000,0.000000,0.000000,0.000000,0.000000,0.532970,0.000000,0.548164,0.000000,0.000000,0.000000,0.000000,0.000000,0.526174,0.000000,0.000000,0.000000,0.000000,0.000000,0.000000,0.000000,0.561435,0.000000,0.000000,0.000000,0.000000,0.000000,0.444995,0.000000,0.525940,0.561810,0.494635,0.000000,0.535275,0.000000,0.000000,0.362250,0.512951,0.484978,0.421296,0.397798,0.447125,0.581532,0.409244,0.000000,0.418906,0.000000,0.484976,0.000000,0.000000,0.000000,0.000000,0.000000,0.000000,0.000000,0.000000,0.000000,0.000000,0.000000,0.458306,0.609566,0.000000,0.000000,0.000000,0.000000,0.565542,0.000000,0.000000,0.000000,0.530101,0.578059,0.000000,0.000000,0.508169,0.000000,0.517532,0.000000,0.496477,0.000000,0.564952,0.000000,0.499113,0.000000
0.000000,0.000000,0.000000,0.000000,0.000000,0.000000,0.000000,0.000000,0.000000,0.000000,0.000000,0.000000,0.000000,0.000000,0.000000,0.000000,0.000000,0.000000,0.000000,0.000000,0.000000,0.000000,0.000000,0.000000,0.000000,0.000000,0.000000,0.000000,0.000000,0.000000,0.000000,0.000000,0.000000,0.428835,0.000000,0.000000,0.000000,0.516153,0.000000,0.511420,0.000000,0.505465,0.362250,0.000000,0.000000,0.438735,0.390944,0.392943,0.000000,0.465302,0.000000,0.385060,0.000000,0.272123,0.000000,0.497357,0.000000,0.000000,0.000000,0.000000,0.000000,0.000000,0.000000,0.000000,0.000000,0.000000,0.429744,0.418157,0.000000,0.000000,0.000000,0.000000,0.000000,0.000000,0.000000,0.000000,0.000000,0.490610,0.000000,0.000000,0.000000,0.530167,0.000000,0.483002,0.000000,0.519096,0.000000,0.505435,0.000000,0.000000
0.440577,0.000000,0.000000,0.000000,0.503444,0.000000,0.000000,0.000000,0.000000,0.000000,0.000000,0.000000,0.507028,0.000000,0.515360,0.000000,0.000000,0.000000,0.000000,0.000000,0.476409,0.000000,0.000000,0.000000,0.000000,0.000000,0.000000,0.000000,0.530825,0.000000,0.000000,0.000000,0.000000,0.000000,0.475848,0.000000,0.537020,0.559286,0.519805,0.000000,0.540887,0.000000,0.512951,0.000000,0.000000,0.473372,0.476471,0.476624,0.472695,0.586144,0.455165,0.000000,0.421008,0.000000,0.472092,0.563222,0.430133,0.000000,0.428807,0.000000,0.461612,0.000000,0.000000,0.000000,0.000000,0.000000,0.522715,0.582889,0.000000,0.000000,0.000000,0.000000,0.526681,0.000000,0.000000,0.000000,0.491651,0.623412,0.000000,0.000000,0.501166,0.000000,0.550540,0.000000,0.000000,0.000000,0.485685,0.000000,0.468163,0.572101
0.000000,0.000000,0.000000,0.000000,0.484128,0.000000,0.000000,0.000000,0.000000,0.000000,0.000000,0.000000,0.487399,0.000000,0.477962,0.000000,0.000000,0.000000,0.000000,0.000000,0.474564,0.000000,0.000000,0.000000,0.000000,0.000000,0.000000,0.000000,0.499109,0.000000,0.000000,0.000000,0.000000,0.466534,0.457712,0.000000,0.476933,0.572830,0.555328,0.495502,0.000000,0.502763,0.484978,0.438735,0.473372,0.000000,0.448878,0.455647,0.480586,0.395703,0.000000,0.439588,0.000000,0.389082,0.466496,0.503173,0.000000,0.000000,0.000000,0.000000,0.000000,0.000000,0.000000,0.000000,0.000000,0.000000,0.503540,0.533143,0.000000,0.000000,0.502384,0.000000,0.000000,0.000000,0.000000,0.000000,0.467821,0.598702,0.000000,0.000000,0.000000,0.000000,0.000000,0.000000,0.000000,0.525274,0.000000,0.000000,0.461190,0.000000
0.560390,0.000000,0.000000,0.000000,0.531641,0.000000,0.000000,0.000000,0.000000,0.000000,0.000000,0.000000,0.538760,0.000000,0.544815,0.000000,0.000000,0.000000,0.000000,0.000000,0.000000,0.000000,0.000000,0.000000,0.000000,0.000000,0.523043,0.000000,0.545336,0.000000,0.000000,0.000000,0.568925,0.000000,0.518697,0.000000,0.547648,0.578728,0.495956,0.000000,0.527983,0.000000,0.421296,0.390944,0.476471,0.448878,0.000000,0.420692,0.476508,0.000000,0.441580,0.000000,0.424079,0.000000,0.492875,0.000000,0.510933,0.000000,0.000000,0.000000,0.000000,0.000000,0.000000,0.000000,0.000000,0.000000,0.424614,0.000000,0.000000,0.000000,0.000000,0.000000,0.541846,0.000000,0.000000,0.000000,0.551854,0.578161,0.000000,0.000000,0.516564,0.000000,0.512435,0.000000,0.503811,0.000000,0.514883,0.000000,0.517660,0.000000
0.000000,0.000000,0.000000,0.000000,0.000000,0.519390,0.000000,0.000000,0.000000,0.000000,0.000000,0.000000,0.000000,0.000000,0.000000,0.516186,0.000000,0.000000,0.000000,0.000000,0.000000,0.000000,0.000000,0.000000,0.000000,0.000000,0.000000,0.000000,0.000000,0.000000,0.000000,0.000000,0.000000,0.000000,0.000000,0.000000,0.000000,0.532688,0.499763,0.425425,0.000000,0.535527,0.397798,0.392943,0.476624,0.455647,0.420692,0.000000,0.000000,0.423675,0.000000,0.411692,0.000000,0.361948,0.000000,0.392761,0.000000,0.000000,0.000000,0.000000,0.000000,0.000000,0.000000,0.000000,0.000000,0.000000,0.000000,0.475589,0.000000,0.000000,0.000000,0.000000,0.000000,0.000000,0.000000,0.000000,0.000000,0.000000,0.000000,0.000000,0.000000,0.000000,0.000000,0.509111,0.000000,0.504772,0.000000,0.492783,0.000000,0.477387
0.437483,0.000000,0.000000,0.000000,0.000000,0.000000,0.000000,0.000000,0.000000,0.000000,0.000000,0.000000,0.000000,0.000000,0.000000,0.000000,0.000000,0.000000,0.000000,0.000000,0.000000,0.000000,0.000000,0.000000,0.000000,0.000000,0.000000,0.000000,0.000000,0.000000,0.000000,0.000000,0.000000,0.000000,0.000000,0.000000,0.000000,0.000000,0.000000,0.000000,0.000000,0.000000,0.447125,0.000000,0.472695,0.480586,0.476508,0.000000,0.000000,0.000000,0.336099,0.000000,0.463023,0.000000,0.488286,0.000000,0.426930,0.000000,0.411841,0.000000,0.407795,0.000000,0.000000,0.000000,0.395640,0.000000,0.462558,0.503799,0.000000,0.000000,0.000000,0.000000,0.393653,0.000000,0.000000,0.000000,0.000000,0.000000,0.000000,0.000000,0.000000,0.000000,0.000000,0.000000,0.434619,0.000000,0.000000,0.000000,0.463407,0.000000
