0.000000,0.000000,0.368336,0.000000,0.000000,0.000000,0.399915,0.000000,0.000000,0.000000,0.386072,0.000000,0.369449,0.000000,0.000000,0.000000,0.000000,0.000000,0.365089,0.496038,0.000000,0.000000,0.000000,0.000000,0.000000,0.000000,0.000000,0.000000,0.401039,0.000000,0.000000,0.000000,0.000000,0.000000,0.000000,0.000000,0.000000,0.000000,0.000000,0.000000,0.000000,0.000000,0.000000,0.000000,0.000000,0.000000,0.000000,0.000000,0.000000,0.000000,0.000000,0.000000,0.000000,0.000000,0.000000,0.000000,0.393030,0.000000,0.000000,0.000000,0.416663,0.000000,0.425084,0.000000,0.000000,0.000000,0.000000,0.000000,0.303873,0.000000,0.000000,0.000000,0.424055,0.481359,0.000000,0.000000,0.000000,0.000000,0.000000,0.000000,0.000000,0.000000,0.000000,0.000000,0.452818,0.000000,0.000000,0.000000,0.000000,0.000000
0.000000,0.000000,0.000000,0.350961,0.000000,0.000000,0.000000,0.389626,0.000000,0.000000,0.000000,0.386693,0.000000,0.389717,0.000000,0.000000,0.000000,0.314021,0.000000,0.306752,0.000000,0.000000,0.000000,0.000000,0.000000,0.000000,0.000000,0.000000,0.000000,0.000000,0.000000,0.000000,0.000000,0.000000,0.000000,0.000000,0.000000,0.000000,0.000000,0.000000,0.000000,0.000000,0.000000,0.000000,0.000000,0.000000,0.000000,0.000000,0.000000,0.000000,0.000000,0.000000,0.000000,0.000000,0.000000,0.000000,0.000000,0.416869,0.000000,0.446471,0.000000,0.462247,0.000000,0.000000,0.000000,0.465528,0.000000,0.457782,0.000000,0.000000,0.000000,0.000000,0.000000,0.413156,0.000000,0.424742,0.000000,0.000000,0.000000,0.000000,0.000000,0.000000,0.000000,0.000000,0.000000,0.000000,0.000000,0.000000,0.000000,0.000000
0.368336,0.000000,0.000000,0.499113,0.276077,0.502712,0.391920,0.464057,0.000000,0.000000,0.376712,0.000000,0.364021,0.000000,0.000000,0.000000,0.000000,0.000000,0.375858,0.509737,0.000000,0.000000,0.331317,0.489395,0.330012,0.502611,0.000000,0.000000,0.000000,0.000000,0.478547,0.000000,0.000000,0.466971,0.000000,0.000000,0.402703,0.000000,0.000000,0.000000,0.000000,0.000000,0.000000,0.000000,0.000000,0.000000,0.432317,0.000000,0.000000,0.000000,0.000000,0.000000,0.000000,0.000000,0.000000,0.000000,0.000000,0.000000,0.000000,0.000000,0.000000,0.000000,0.000000,0.000000,0.000000,0.000000,0.000000,0.000000,0.000000,0.000000,0.377988,0.000000,0.374643,0.486443,0.000000,0.000000,0.421657,0.000000,0.000000,0.000000,0.000000,0.000000,0.000000,0.000000,0.000000,0.000000,0.000000,0.000000,0.000000,0.000000
0.000000,0.350961,0.499113,0.000000,0.443943,0.394719,0.000000,0.369983,0.000000,0.319009,0.000000,0.396646,0.000000,0.363479,0.000000,0.000000,0.000000,0.000000,0.453212,0.315175,0.000000,0.000000,0.394149,0.311430,0.462476,0.351736,0.000000,0.000000,0.000000,0.000000,0.431913,0.367802,0.479319,0.315271,0.000000,0.000000,0.000000,0.000000,0.000000,0.000000,0.000000,0.000000,0.000000,0.000000,0.000000,0.000000,0.000000,0.000000,0.000000,0.000000,0.000000,0.000000,0.000000,0.000000,0.000000,0.000000,0.000000,0.000000,0.000000,0.376821,0.000000,0.367439,0.000000,0.000000,0.000000,0.395272,0.000000,0.500708,0.000000,0.000000,0.000000,0.316900,0.416530,0.347919,0.000000,0.000000,0.439340,0.368217,0.000000,0.000000,0.000000,0.000000,0.000000,0.000000,0.000000,0.000000,0.000000,0.000000,0.000000,0.000000
0.000000,0.000000,0.276077,0.443943,0.000000,0.495475,0.000000,0.000000,0.306337,0.000000,0.000000,0.000000,0.000000,0.000000,0.368270,0.000000,0.000000,0.000000,0.000000,0.000000,0.364527,0.000000,0.332448,0.423178,0.336186,0.497779,0.332382,0.516110,0.398105,0.000000,0.356965,0.000000,0.000000,0.000000,0.000000,0.000000,0.000000,0.000000,0.450856,0.000000,0.000000,0.000000,0.000000,0.000000,0.000000,0.000000,0.448258,0.000000,0.000000,0.000000,0.452101,0.000000,0.000000,0.000000,0.458606,0.000000,0.000000,0.000000,0.000000,0.000000,0.000000,0.000000,0.000000,0.000000,0.000000,0.000000,0.000000,0.000000,0.000000,0.000000,0.386819,0.000000,0.401526,0.000000,0.000000,0.000000,0.421422,0.000000,0.000000,0.000000,0.000000,0.000000,0.433115,0.000000,0.000000,0.000000,0.000000,0.000000,0.000000,0.000000
0.000000,0.000000,0.502712,0.394719,0.495475,0.000000,0.000000,0.327667,0.000000,0.324527,0.000000,0.000000,0.000000,0.000000,0.000000,0.346030,0.000000,0.000000,0.000000,0.000000,0.463662,0.290607,0.000000,0.000000,0.506957,0.321695,0.459743,0.322234,0.000000,0.398107,0.000000,0.000000,0.000000,0.000000,0.000000,0.000000,0.000000,0.000000,0.000000,0.392270,0.000000,0.000000,0.000000,0.000000,0.000000,0.000000,0.000000,0.000000,0.000000,0.000000,0.000000,0.000000,0.000000,0.000000,0.000000,0.467386,0.000000,0.000000,0.000000,0.000000,0.000000,0.000000,0.000000,0.000000,0.000000,0.000000,0.000000,0.000000,0.000000,0.000000,0.451151,0.401124,0.000000,0.409237,0.000000,0.384320,0.000000,0.000000,0.000000,0.000000,0.000000,0.000000,0.000000,0.444350,0.000000,0.000000,0.000000,0.000000,0.000000,0.000000
0.399915,0.000000,0.391920,0.000000,0.000000,0.000000,0.000000,0.000000,0.386279,0.000000,0.390421,0.000000,0.341207,0.000000,0.000000,0.000000,0.000000,0.000000,0.000000,0.000000,0.000000,0.000000,0.484314,0.437479,0.000000,0.000000,0.000000,0.000000,0.000000,0.000000,0.000000,0.000000,0.000000,0.000000,0.000000,0.000000,0.000000,0.000000,0.000000,0.000000,0.000000,0.000000,0.000000,0.000000,0.000000,0.000000,0.000000,0.000000,0.000000,0.000000,0.000000,0.000000,0.000000,0.000000,0.000000,0.000000,0.000000,0.000000,0.000000,0.000000,0.000000,0.000000,0.000000,0.000000,0.000000,0.000000,0.000000,0.000000,0.000000,0.000000,0.000000,0.000000,0.394154,0.000000,0.412225,0.000000,0.405714,0.000000,0.000000,0.000000,0.000000,0.000000,0.000000,0.000000,0.417343,0.000000,0.000000,0.000000,0.000000,0.000000
0.000000,0.389626,0.464057,0.369983,0.000000,0.327667,0.000000,0.000000,0.000000,0.314133,0.000000,0.379100,0.000000,0.358850,0.000000,0.352899,0.000000,0.000000,0.000000,0.000000,0.000000,0.000000,0.440490,0.281594,0.000000,0.000000,0.000000,0.000000,0.000000,0.000000,0.000000,0.000000,0.000000,0.000000,0.000000,0.000000,0.000000,0.000000,0.000000,0.000000,0.000000,0.000000,0.000000,0.000000,0.000000,0.000000,0.000000,0.000000,0.000000,0.000000,0.000000,0.000000,0.000000,0.000000,0.000000,0.000000,0.000000,0.411242,0.000000,0.415736,0.000000,0.000000,0.000000,0.000000,0.000000,0.000000,0.000000,0.424746,0.000000,0.000000,0.000000,0.000000,0.000000,0.000000,0.000000,0.000000,0.452708,0.402441,0.000000,0.000000,0.000000,0.000000,0.000000,0.000000,0.000000,0.000000,0.000000,0.000000,0.000000,0.000000
0.000000,0.000000,0.000000,0.000000,0.306337,0.000000,0.386279,0.000000,0.000000,0.000000,0.000000,0.000000,0.000000,0.000000,0.326367,0.000000,0.000000,0.000000,0.000000,0.000000,0.000000,0.000000,0.000000,0.000000,0.000000,0.000000,0.000000,0.000000,0.386551,0.000000,0.000000,0.000000,0.000000,0.000000,0.000000,0.000000,0.473697,0.000000,0.484192,0.000000,0.000000,0.000000,0.452213,0.000000,0.436625,0.000000,0.464800,0.000000,0.458611,0.000000,0.467037,0.000000,0.436553,0.000000,0.460826,0.000000,0.000000,0.000000,0.000000,0.000000,0.000000,0.000000,0.000000,0.000000,0.000000,0.000000,0.000000,0.000000,0.000000,0.000000,0.386187,0.000000,0.403882,0.000000,0.386129,0.000000,0.444919,0.000000,0.000000,0.000000,0.000000,0.000000,0.443331,0.000000,0.000000,0.000000,0.000000,0.000000,0.000000,0.000000
0.000000,0.000000,0.000000,0.319009,0.000000,0.324527,0.000000,0.314133,0.000000,0.000000,0.000000,0.000000,0.000000,0.000000,0.000000,0.292047,0.000000,0.000000,0.000000,0.000000,0.000000,0.000000,0.000000,0.000000,0.000000,0.000000,0.000000,0.000000,0.000000,0.430841,0.000000,0.000000,0.000000,0.000000,0.000000,0.000000,0.000000,0.425343,0.000000,0.420698,0.000000,0.000000,0.000000,0.000000,0.000000,0.000000,0.000000,0.000000,0.000000,0.000000,0.000000,0.000000,0.000000,0.000000,0.000000,0.466254,0.000000,0.000000,0.000000,0.000000,0.000000,0.000000,0.000000,0.000000,0.000000,0.000000,0.000000,0.446473,0.000000,0.000000,0.000000,0.000000,0.000000,0.391291,0.000000,0.450404,0.000000,0.416994,0.000000,0.000000,0.000000,0.000000,0.000000,0.431598,0.000000,0.000000,0.000000,0.410608,0.000000,0.000000
0.386072,0.000000,0.376712,0.000000,0.000000,0.000000,0.390421,0.000000,0.000000,0.000000,0.000000,0.000000,0.353060,0.000000,0.000000,0.000000,0.377649,0.000000,0.000000,0.000000,0.000000,0.000000,0.000000,0.000000,0.000000,0.000000,0.000000,0.000000,0.373684,0.000000,0.000000,0.000000,0.000000,0.000000,0.000000,0.000000,0.000000,0.000000,0.000000,0.000000,0.000000,0.000000,0.000000,0.000000,0.000000,0.000000,0.000000,0.000000,0.000000,0.000000,0.000000,0.000000,0.000000,0.000000,0.000000,0.000000,0.438531,0.000000,0.000000,0.000000,0.000000,0.000000,0.000000,0.000000,0.000000,0.000000,0.000000,0.000000,0.000000,0.000000,0.000000,0.000000,0.000000,0.000000,0.000000,0.000000,0.000000,0.000000,0.000000,0.000000,0.000000,0.000000,0.000000,0.000000,0.446691,0.000000,0.000000,0.000000,0.000000,0.000000
0.000000,0.386693,0.000000,0.396646,0.000000,0.000000,0.000000,0.379100,0.000000,0.000000,0.000000,0.000000,0.000000,0.370643,0.000000,0.000000,0.000000,0.367161,0.000000,0.401885,0.000000,0.000000,0.000000,0.000000,0.000000,0.000000,0.000000,0.000000,0.000000,0.354812,0.000000,0.000000,0.000000,0.000000,0.000000,0.000000,0.000000,0.000000,0.000000,0.000000,0.000000,0.000000,0.000000,0.000000,0.000000,0.000000,0.000000,0.000000,0.000000,0.000000,0.000000,0.000000,0.000000,0.000000,0.000000,0.000000,0.000000,0.412403,0.000000,0.411614,0.000000,0.443028,0.000000,0.432872,0.000000,0.411857,0.000000,0.000000,0.000000,0.000000,0.000000,0.000000,0.000000,0.292713,0.000000,0.000000,0.000000,0.000000,0.000000,0.000000,0.000000,0.000000,0.000000,0.000000,0.000000,0.415110,0.000000,0.000000,0.000000,0.000000
0.369449,0.000000,0.364021,0.000000,0.000000,0.000000,0.341207,0.000000,0.000000,0.000000,0.353060,0.000000,0.000000,0.000000,0.299933,0.000000,0.000000,0.000000,0.380490,0.000000,0.000000,0.000000,0.000000,0.000000,0.000000,0.000000,0.000000,0.000000,0.350710,0.000000,0.000000,0.000000,0.000000,0.000000,0.000000,0.000000,0.000000,0.000000,0.000000,0.000000,0.000000,0.000000,0.000000,0.000000,0.435398,0.000000,0.476057,0.000000,0.413258,0.000000,0.000000,0.000000,0.000000,0.000000,0.474320,0.000000,0.000000,0.000000,0.000000,0.000000,0.000000,0.000000,0.000000,0.000000,0.000000,0.000000,0.000000,0.000000,0.000000,0.000000,0.000000,0.000000,0.368244,0.000000,0.000000,0.000000,0.000000,0.000000,0.000000,0.000000,0.000000,0.000000,0.418314,0.000000,0.477495,0.000000,0.000000,0.000000,0.000000,0.000000
0.000000,0.389717,0.000000,0.363479,0.000000,0.000000,0.000000,0.358850,0.000000,0.000000,0.000000,0.370643,0.000000,0.000000,0.000000,0.301603,0.000000,0.000000,0.000000,0.000000,0.000000,0.000000,0.000000,0.000000,0.000000,0.000000,0.000000,0.000000,0.000000,0.348144,0.000000,0.000000,0.000000,0.000000,0.000000,0.000000,0.000000,0.000000,0.000000,0.000000,0.000000,0.000000,0.000000,0.000000,0.000000,0.000000,0.000000,0.000000,0.000000,0.000000,0.000000,0.000000,0.000000,0.000000,0.000000,0.000000,0.000000,0.413282,0.000000,0.409962,0.000000,0.000000,0.000000,0.000000,0.000000,0.000000,0.000000,0.426287,0.000000,0.000000,0.000000,0.000000,0.000000,0.366708,0.000000,0.383990,0.000000,0.411130,0.000000,0.000000,0.000000,0.000000,0.000000,0.000000,0.000000,0.000000,0.000000,0.000000,0.000000,0.000000
0.000000,0.000000,0.000000,0.000000,0.368270,0.000000,0.000000,0.000000,0.326367,0.000000,0.000000,0.000000,0.299933,0.000000,0.000000,0.000000,0.000000,0.000000,0.000000,0.000000,0.000000,0.000000,0.000000,0.000000,0.336263,0.000000,0.332563,0.000000,0.344205,0.000000,0.000000,0.000000,0.000000,0.000000,0.000000,0.000000,0.000000,0.000000,0.000000,0.000000,0.000000,0.000000,0.000000,0.000000,0.000000,0.000000,0.000000,0.000000,0.445252,0.000000,0.000000,0.000000,0.000000,0.000000,0.000000,0.000000,0.000000,0.000000,0.000000,0.000000,0.000000,0.000000,0.000000,0.000000,0.000000,0.000000,0.000000,0.000000,0.000000,0.000000,0.000000,0.000000,0.000000,0.000000,0.000000,0.000000,0.000000,0.000000,0.000000,0.000000,0.000000,0.000000,0.433683,0.000000,0.000000,0.000000,0.000000,0.000000,0.000000,0.000000
0.000000,0.000000,0.000000,0.000000,0.000000,0.346030,0.000000,0.352899,0.000000,0.292047,0.000000,0.000000,0.000000,0.301603,0.000000,0.000000,0.000000,0.000000,0.000000,0.000000,0.000000,0.217259,0.000000,0.000000,0.000000,0.000000,0.000000,0.000000,0.000000,0.344359,0.000000,0.000000,0.000000,0.000000,0.000000,0.000000,0.000000,0.397273,0.000000,0.406703,0.000000,0.000000,0.000000,0.000000,0.000000,0.000000,0.000000,0.000000,0.000000,0.000000,0.000000,0.000000,0.000000,0.000000,0.000000,0.386315,0.000000,0.413305,0.000000,0.000000,0.000000,0.000000,0.000000,0.000000,0.000000,0.000000,0.000000,0.414104,0.000000,0.000000,0.000000,0.000000,0.000000,0.374698,0.000000,0.000000,0.462186,0.000000,0.000000,0.000000,0.000000,0.000000,0.000000,0.264704,0.000000,0.000000,0.000000,0.000000,0.000000,0.000000
0.000000,0.000000,0.000000,0.000000,0.000000,0.000000,0.000000,0.000000,0.000000,0.000000,0.377649,0.000000,0.000000,0.000000,0.000000,0.000000,0.000000,0.000000,0.000000,0.000000,0.000000,0.000000,0.000000,0.000000,0.000000,0.000000,0.000000,0.000000,0.368202,0.000000,0.000000,0.000000,0.000000,0.000000,0.000000,0.000000,0.000000,0.000000,0.000000,0.000000,0.000000,0.000000,0.000000,0.000000,0.000000,0.000000,0.000000,0.000000,0.000000,0.000000,0.000000,0.000000,0.000000,0.000000,0.000000,0.000000,0.391460,0.000000,0.000000,0.000000,0.388705,0.000000,0.389089,0.000000,0.000000,0.000000,0.000000,0.000000,0.000000,0.000000,0.000000,0.000000,0.353535,0.000000,0.000000,0.000000,0.000000,0.000000,0.324027,0.000000,0.366512,0.000000,0.000000,0.000000,0.468924,0.000000,0.000000,0.000000,0.000000,0.000000
0.000000,0.314021,0.000000,0.000000,0.000000,0.000000,0.000000,0.000000,0.000000,0.000000,0.000000,0.367161,0.000000,0.000000,0.000000,0.000000,0.000000,0.000000,0.000000,0.000000,0.000000,0.000000,0.000000,0.000000,0.000000,0.000000,0.000000,0.000000,0.000000,0.346741,0.000000,0.000000,0.000000,0.000000,0.000000,0.000000,0.000000,0.000000,0.000000,0.000000,0.000000,0.000000,0.000000,0.000000,0.000000,0.000000,0.000000,0.000000,0.000000,0.000000,0.000000,0.000000,0.000000,0.000000,0.000000,0.000000,0.000000,0.264463,0.000000,0.452352,0.000000,0.455698,0.000000,0.392202,0.000000,0.390638,0.000000,0.415423,0.000000,0.000000,0.000000,0.000000,0.000000,0.377104,0.000000,0.000000,0.000000,0.000000,0.000000,0.266608,0.000000,0.341579,0.000000,0.281317,0.000000,0.000000,0.000000,0.000000,0.000000,0.000000
0.365089,0.000000,0.375858,0.453212,0.000000,0.000000,0.000000,0.000000,0.000000,0.000000,0.000000,0.000000,0.380490,0.000000,0.000000,0.000000,0.000000,0.000000,0.000000,0.501254,0.000000,0.000000,0.342347,0.457137,0.000000,0.000000,0.000000,0.000000,0.000000,0.000000,0.316543,0.000000,0.378353,0.459443,0.477296,0.000000,0.000000,0.000000,0.000000,0.000000,0.000000,0.000000,0.000000,0.000000,0.000000,0.000000,0.000000,0.000000,0.000000,0.000000,0.000000,0.000000,0.000000,0.000000,0.000000,0.000000,0.000000,0.000000,0.000000,0.000000,0.000000,0.000000,0.000000,0.000000,0.000000,0.000000,0.423237,0.000000,0.365881,0.000000,0.000000,0.000000,0.359940,0.000000,0.000000,0.000000,0.000000,0.000000,0.000000,0.000000,0.000000,0.000000,0.000000,0.000000,0.000000,0.000000,0.000000,0.000000,0.000000,0.000000
0.496038,0.306752,0.509737,0.315175,0.000000,0.000000,0.000000,0.000000,0.000000,0.000000,0.000000,0.401885,0.000000,0.000000,0.000000,0.000000,0.000000,0.000000,0.501254,0.000000,0.000000,0.000000,0.450436,0.318007,0.406970,0.000000,0.000000,0.000000,0.000000,0.000000,0.000000,0.000000,0.507949,0.368291,0.000000,0.000000,0.000000,0.000000,0.000000,0.000000,0.000000,0.000000,0.000000,0.000000,0.000000,0.000000,0.000000,0.000000,0.000000,0.000000,0.000000,0.000000,0.000000,0.000000,0.000000,0.000000,0.000000,0.417940,0.000000,0.000000,0.000000,0.000000,0.000000,0.000000,0.000000,0.000000,0.501955,0.427041,0.506977,0.338964,0.000000,0.000000,0.488037,0.367533,0.000000,0.351021,0.000000,0.000000,0.000000,0.000000,0.000000,0.000000,0.000000,0.000000,0.000000,0.000000,0.000000,0.000000,0.000000,0.000000
0.000000,0.000000,0.000000,0.000000,0.364527,0.463662,0.000000,0.000000,0.000000,0.000000,0.000000,0.000000,0.000000,0.000000,0.000000,0.000000,0.000000,0.000000,0.000000,0.000000,0.000000,0.393658,0.000000,0.000000,0.336644,0.429715,0.311145,0.000000,0.366150,0.000000,0.362510,0.000000,0.475139,0.000000,0.000000,0.000000,0.000000,0.000000,0.376146,0.000000,0.395875,0.000000,0.000000,0.000000,0.000000,0.000000,0.000000,0.000000,0.000000,0.000000,0.000000,0.000000,0.000000,0.000000,0.000000,0.000000,0.000000,0.000000,0.000000,0.000000,0.000000,0.000000,0.000000,0.000000,0.000000,0.000000,0.000000,0.000000,0.000000,0.000000,0.284455,0.000000,0.345328,0.000000,0.000000,0.000000,0.000000,0.000000,0.000000,0.000000,0.000000,0.000000,0.391555,0.000000,0.000000,0.000000,0.000000,0.000000,0.000000,0.000000
0.000000,0.000000,0.000000,0.000000,0.000000,0.290607,0.000000,0.000000,0.000000,0.000000,0.000000,0.000000,0.000000,0.000000,0.000000,0.217259,0.000000,0.000000,0.000000,0.000000,0.393658,0.000000,0.000000,0.000000,0.506739,0.350069,0.419514,0.304329,0.000000,0.247631,0.490597,0.332987,0.543127,0.000000,0.000000,0.000000,0.000000,0.000000,0.000000,0.000000,0.000000,0.386886,0.000000,0.000000,0.000000,0.000000,0.000000,0.000000,0.000000,0.000000,0.000000,0.000000,0.000000,0.000000,0.000000,0.000000,0.000000,0.000000,0.000000,0.000000,0.000000,0.000000,0.000000,0.000000,0.000000,0.000000,0.000000,0.000000,0.000000,0.000000,0.333355,0.271754,0.000000,0.302407,0.000000,0.000000,0.000000,0.000000,0.000000,0.000000,0.000000,0.000000,0.000000,0.000000,0.000000,0.000000,0.000000,0.000000,0.000000,0.000000
0.000000,0.000000,0.331317,0.394149,0.332448,0.000000,0.484314,0.440490,0.000000,0.000000,0.000000,0.000000,0.000000,0.000000,0.000000,0.000000,0.000000,0.000000,0.342347,0.450436,0.000000,0.000000,0.000000,0.426621,0.313317,0.000000,0.000000,0.000000,0.000000,0.000000,0.336898,0.431521,0.483954,0.000000,0.000000,0.000000,0.000000,0.000000,0.000000,0.000000,0.000000,0.000000,0.000000,0.000000,0.000000,0.000000,0.000000,0.000000,0.000000,0.000000,0.000000,0.000000,0.000000,0.000000,0.000000,0.000000,0.000000,0.000000,0.000000,0.000000,0.000000,0.000000,0.000000,0.000000,0.000000,0.000000,0.478872,0.000000,0.000000,0.000000,0.000000,0.000000,0.000000,0.000000,0.000000,0.000000,0.000000,0.000000,0.000000,0.000000,0.000000,0.000000,0.000000,0.000000,0.000000,0.000000,0.000000,0.000000,0.000000,0.000000
0.000000,0.000000,0.489395,0.311430,0.423178,0.000000,0.437479,0.281594,0.000000,0.000000,0.000000,0.000000,0.000000,0.000000,0.000000,0.000000,0.000000,0.000000,0.457137,0.318007,0.000000,0.000000,0.426621,0.000000,0.457177,0.320130,0.000000,0.000000,0.000000,0.000000,0.403010,0.325780,0.000000,0.392704,0.000000,0.000000,0.000000,0.000000,0.000000,0.000000,0.000000,0.000000,0.000000,0.000000,0.000000,0.000000,0.000000,0.000000,0.000000,0.000000,0.000000,0.000000,0.000000,0.000000,0.000000,0.000000,0.000000,0.000000,0.000000,0.000000,0.000000,0.000000,0.000000,0.000000,0.000000,0.000000,0.000000,0.502601,0.000000,0.000000,0.000000,0.000000,0.000000,0.000000,0.000000,0.000000,0.000000,0.000000,0.000000,0.000000,0.000000,0.000000,0.000000,0.000000,0.000000,0.000000,0.000000,0.000000,0.000000,0.000000
0.000000,0.000000,0.330012,0.462476,0.336186,0.506957,0.000000,0.000000,0.000000,0.000000,0.000000,0.000000,0.000000,0.000000,0.336263,0.000000,0.000000,0.000000,0.000000,0.406970,0.336644,0.506739,0.313317,0.457177,0.000000,0.495234,0.332726,0.523944,0.349220,0.000000,0.325265,0.460047,0.502000,0.419508,0.000000,0.000000,0.000000,0.000000,0.366092,0.000000,0.000000,0.000000,0.000000,0.000000,0.000000,0.000000,0.000000,0.000000,0.000000,0.000000,0.000000,0.000000,0.000000,0.000000,0.000000,0.000000,0.000000,0.000000,0.000000,0.000000,0.000000,0.000000,0.000000,0.000000,0.000000,0.000000,0.469807,0.000000,0.000000,0.000000,0.388994,0.000000,0.404732,0.000000,0.000000,0.000000,0.000000,0.000000,0.000000,0.000000,0.000000,0.000000,0.375396,0.481776,0.000000,0.000000,0.000000,0.000000,0.000000,0.000000
0.000000,0.000000,0.502611,0.351736,0.497779,0.321695,0.000000,0.000000,0.000000,0.000000,0.000000,0.000000,0.000000,0.000000,0.000000,0.000000,0.000000,0.000000,0.000000,0.000000,0.429715,0.350069,0.000000,0.320130,0.495234,0.000000,0.000000,0.347445,0.000000,0.000000,0.430197,0.387212,0.000000,0.000000,0.000000,0.000000,0.000000,0.000000,0.000000,0.000000,0.000000,0.371341,0.000000,0.000000,0.000000,0.000000,0.000000,0.000000,0.000000,0.000000,0.000000,0.000000,0.000000,0.000000,0.000000,0.000000,0.000000,0.000000,0.000000,0.000000,0.000000,0.000000,0.000000,0.000000,0.000000,0.000000,0.000000,0.000000,0.000000,0.000000,0.000000,0.384655,0.000000,0.000000,0.000000,0.000000,0.000000,0.000000,0.000000,0.000000,0.000000,0.000000,0.000000,0.000000,0.000000,0.000000,0.000000,0.000000,0.000000,0.000000
0.000000,0.000000,0.000000,0.000000,0.332382,0.459743,0.000000,0.000000,0.000000,0.000000,0.000000,0.000000,0.000000,0.000000,0.332563,0.000000,0.000000,0.000000,0.000000,0.000000,0.311145,0.419514,0.000000,0.000000,0.332726,0.000000,0.000000,0.364301,0.361533,0.000000,0.332319,0.000000,0.000000,0.000000,0.000000,0.000000,0.000000,0.000000,0.400578,0.000000,0.374061,0.000000,0.000000,0.000000,0.000000,0.000000,0.000000,0.000000,0.000000,0.000000,0.000000,0.000000,0.000000,0.000000,0.000000,0.000000,0.000000,0.000000,0.000000,0.000000,0.000000,0.000000,0.000000,0.000000,0.000000,0.000000,0.000000,0.000000,0.000000,0.000000,0.260948,0.000000,0.000000,0.000000,0.000000,0.000000,0.000000,0.000000,0.000000,0.000000,0.000000,0.000000,0.399065,0.000000,0.000000,0.000000,0.000000,0.000000,0.000000,0.000000
0.000000,0.000000,0.000000,0.000000,0.516110,0.322234,0.000000,0.000000,0.000000,0.000000,0.000000,0.000000,0.000000,0.000000,0.000000,0.000000,0.000000,0.000000,0.000000,0.000000,0.000000,0.304329,0.000000,0.000000,0.523944,0.347445,0.364301,0.000000,0.000000,0.356396,0.000000,0.351510,0.000000,0.000000,0.000000,0.000000,0.000000,0.000000,0.000000,0.385434,0.000000,0.391154,0.000000,0.000000,0.000000,0.000000,0.000000,0.000000,0.000000,0.000000,0.000000,0.000000,0.000000,0.000000,0.000000,0.000000,0.000000,0.000000,0.000000,0.000000,0.000000,0.000000,0.000000,0.000000,0.000000,0.000000,0.000000,0.000000,0.000000,0.000000,0.000000,0.264555,0.000000,0.000000,0.000000,0.000000,0.000000,0.000000,0.000000,0.000000,0.000000,0.000000,0.000000,0.430094,0.000000,0.000000,0.000000,0.000000,0.000000,0.000000
0.401039,0.000000,0.000000,0.000000,0.398105,0.000000,0.000000,0.000000,0.386551,0.000000,0.373684,0.000000,0.350710,0.000000,0.344205,0.000000,0.368202,0.000000,0.000000,0.000000,0.366150,0.000000,0.000000,0.000000,0.349220,0.000000,0.361533,0.000000,0.000000,0.000000,0.000000,0.000000,0.000000,0.000000,0.000000,0.000000,0.000000,0.000000,0.000000,0.000000,0.000000,0.000000,0.000000,0.000000,0.452852,0.000000,0.490072,0.000000,0.445083,0.000000,0.399663,0.000000,0.521636,0.000000,0.000000,0.000000,0.434447,0.000000,0.415551,0.000000,0.000000,0.000000,0.360485,0.000000,0.000000,0.000000,0.403756,0.000000,0.000000,0.000000,0.000000,0.000000,0.336365,0.000000,0.000000,0.000000,0.000000,0.000000,0.354009,0.000000,0.364977,0.000000,0.318735,0.000000,0.000000,0.000000,0.000000,0.000000,0.000000,0.000000
0.000000,0.000000,0.000000,0.000000,0.000000,0.398107,0.000000,0.000000,0.000000,0.430841,0.000000,0.354812,0.000000,0.348144,0.000000,0.344359,0.000000,0.346741,0.000000,0.000000,0.000000,0.247631,0.000000,0.000000,0.000000,0.000000,0.000000,0.356396,0.000000,0.000000,0.000000,0.000000,0.000000,0.000000,0.000000,0.000000,0.542109,0.000000,0.000000,0.000000,0.515799,0.323777,0.000000,0.000000,0.000000,0.486009,0.000000,0.000000,0.000000,0.000000,0.000000,0.000000,0.000000,0.000000,0.000000,0.492821,0.000000,0.403014,0.000000,0.423918,0.000000,0.000000,0.000000,0.275193,0.000000,0.389705,0.470772,0.421171,0.000000,0.000000,0.000000,0.000000,0.491369,0.325592,0.000000,0.000000,0.468876,0.000000,0.000000,0.311195,0.000000,0.375306,0.000000,0.326286,0.000000,0.000000,0.000000,0.000000,0.000000,0.000000
0.000000,0.000000,0.478547,0.431913,0.356965,0.000000,0.000000,0.000000,0.000000,0.000000,0.000000,0.000000,0.000000,0.000000,0.000000,0.000000,0.000000,0.000000,0.316543,0.000000,0.362510,0.490597,0.336898,0.403010,0.325265,0.430197,0.332319,0.000000,0.000000,0.000000,0.000000,0.470096,0.498862,0.483178,0.000000,0.000000,0.000000,0.000000,0.000000,0.000000,0.364036,0.000000,0.000000,0.000000,0.000000,0.000000,0.000000,0.000000,0.000000,0.000000,0.000000,0.000000,0.000000,0.000000,0.000000,0.000000,0.000000,0.000000,0.000000,0.000000,0.000000,0.000000,0.000000,0.000000,0.000000,0.000000,0.521036,0.000000,0.000000,0.000000,0.342296,0.000000,0.000000,0.000000,0.000000,0.000000,0.000000,0.000000,0.000000,0.000000,0.000000,0.000000,0.391623,0.477582,0.000000,0.000000,0.000000,0.000000,0.000000,0.000000
0.000000,0.000000,0.000000,0.367802,0.000000,0.000000,0.000000,0.000000,0.000000,0.000000,0.000000,0.000000,0.000000,0.000000,0.000000,0.000000,0.000000,0.000000,0.000000,0.000000,0.000000,0.332987,0.431521,0.325780,0.460047,0.387212,0.000000,0.351510,0.000000,0.000000,0.470096,0.000000,0.000000,0.417373,0.000000,0.000000,0.000000,0.000000,0.000000,0.000000,0.000000,0.362574,0.000000,0.000000,0.000000,0.000000,0.000000,0.000000,0.000000,0.000000,0.000000,0.000000,0.000000,0.000000,0.000000,0.000000,0.000000,0.000000,0.000000,0.000000,0.000000,0.000000,0.000000,0.000000,0.000000,0.000000,0.000000,0.506040,0.000000,0.000000,0.000000,0.359384,0.000000,0.000000,0.000000,0.000000,0.000000,0.000000,0.000000,0.000000,0.000000,0.000000,0.000000,0.473414,0.000000,0.000000,0.000000,0.000000,0.000000,0.000000
0.000000,0.000000,0.000000,0.479319,0.000000,0.000000,0.000000,0.000000,0.000000,0.000000,0.000000,0.000000,0.000000,0.000000,0.000000,0.000000,0.000000,0.000000,0.378353,0.507949,0.475139,0.543127,0.483954,0.000000,0.502000,0.000000,0.000000,0.000000,0.000000,0.000000,0.498862,0.000000,0.000000,0.498029,0.439116,0.000000,0.000000,0.000000,0.000000,0.000000,0.000000,0.000000,0.000000,0.000000,0.000000,0.000000,0.000000,0.000000,0.000000,0.000000,0.000000,0.000000,0.000000,0.000000,0.000000,0.000000,0.000000,0.000000,0.000000,0.000000,0.000000,0.000000,0.000000,0.000000,0.000000,0.000000,0.425707,0.220350,0.381613,0.000000,0.431570,0.000000,0.366718,0.000000,0.000000,0.000000,0.000000,0.000000,0.000000,0.000000,0.000000,0.000000,0.000000,0.000000,0.000000,0.000000,0.000000,0.000000,0.000000,0.000000
0.000000,0.000000,0.466971,0.315271,0.000000,0.000000,0.000000,0.000000,0.000000,0.000000,0.000000,0.000000,0.000000,0.000000,0.000000,0.000000,0.000000,0.000000,0.459443,0.368291,0.000000,0.000000,0.000000,0.392704,0.419508,0.000000,0.000000,0.000000,0.000000,0.000000,0.483178,0.417373,0.498029,0.000000,0.475445,0.433094,0.000000,0.520684,0.000000,0.000000,0.000000,0.000000,0.000000,0.000000,0.489175,0.000000,0.000000,0.506650,0.503508,0.000000,0.000000,0.000000,0.000000,0.000000,0.000000,0.000000,0.000000,0.423764,0.479127,0.405258,0.000000,0.000000,0.000000,0.000000,0.000000,0.000000,0.000000,0.416940,0.000000,0.362322,0.000000,0.000000,0.000000,0.000000,0.000000,0.000000,0.000000,0.000000,0.000000,0.000000,0.000000,0.000000,0.000000,0.000000,0.000000,0.000000,0.000000,0.000000,0.000000,0.000000
0.000000,0.000000,0.000000,0.000000,0.000000,0.000000,0.000000,0.000000,0.000000,0.000000,0.000000,0.000000,0.000000,0.000000,0.000000,0.000000,0.000000,0.000000,0.477296,0.000000,0.000000,0.000000,0.000000,0.000000,0.000000,0.000000,0.000000,0.000000,0.000000,0.000000,0.000000,0.000000,0.439116,0.475445,0.000000,0.249133,0.352385,0.548013,0.000000,0.000000,0.000000,0.000000,0.306620,0.523186,0.000000,0.543467,0.000000,0.000000,0.000000,0.583431,0.000000,0.000000,0.000000,0.000000,0.000000,0.000000,0.000000,0.000000,0.478534,0.000000,0.000000,0.000000,0.000000,0.000000,0.000000,0.000000,0.350623,0.496675,0.000000,0.000000,0.000000,0.000000,0.000000,0.000000,0.416427,0.000000,0.000000,0.000000,0.000000,0.000000,0.000000,0.000000,0.000000,0.000000,0.000000,0.000000,0.000000,0.000000,0.000000,0.000000
0.000000,0.000000,0.000000,0.000000,0.000000,0.000000,0.000000,0.000000,0.000000,0.000000,0.000000,0.000000,0.000000,0.000000,0.000000,0.000000,0.000000,0.000000,0.000000,0.000000,0.000000,0.000000,0.000000,0.000000,0.000000,0.000000,0.000000,0.000000,0.000000,0.000000,0.000000,0.000000,0.000000,0.433094,0.249133,0.000000,0.000000,0.000000,0.000000,0.000000,0.000000,0.000000,0.000000,0.000000,0.000000,0.451990,0.000000,0.000000,0.549152,0.000000,0.000000,0.000000,0.000000,0.000000,0.000000,0.000000,0.000000,0.000000,0.503494,0.000000,0.000000,0.000000,0.000000,0.000000,0.000000,0.000000,0.495424,0.405073,0.000000,0.000000,0.000000,0.000000,0.000000,0.000000,0.000000,0.000000,0.000000,0.000000,0.000000,0.000000,0.000000,0.000000,0.000000,0.000000,0.000000,0.000000,0.000000,0.000000,0.000000,0.000000
0.000000,0.000000,0.402703,0.000000,0.000000,0.000000,0.000000,0.000000,0.473697,0.000000,0.000000,0.000000,0.000000,0.000000,0.000000,0.000000,0.000000,0.000000,0.000000,0.000000,0.000000,0.000000,0.000000,0.000000,0.000000,0.000000,0.000000,0.000000,0.000000,0.542109,0.000000,0.000000,0.000000,0.000000,0.352385,0.000000,0.000000,0.569683,0.334599,0.000000,0.400611,0.000000,0.498946,0.000000,0.462499,0.440253,0.515767,0.000000,0.424354,0.000000,0.462957,0.000000,0.475445,0.000000,0.403361,0.000000,0.000000,0.000000,0.466500,0.000000,0.000000,0.000000,0.000000,0.000000,0.000000,0.000000,0.464126,0.000000,0.000000,0.000000,0.407463,0.000000,0.000000,0.551392,0.000000,0.000000,0.465513,0.000000,0.000000,0.000000,0.000000,0.000000,0.383800,0.527535,0.000000,0.000000,0.384386,0.527172,0.000000,0.000000
0.000000,0.000000,0.000000,0.000000,0.000000,0.000000,0.000000,0.000000,0.000000,0.425343,0.000000,0.000000,0.000000,0.000000,0.000000,0.397273,0.000000,0.000000,0.000000,0.000000,0.000000,0.000000,0.000000,0.000000,0.000000,0.000000,0.000000,0.000000,0.000000,0.000000,0.000000,0.000000,0.000000,0.520684,0.548013,0.000000,0.569683,0.000000,0.000000,0.343775,0.000000,0.320639,0.000000,0.000000,0.000000,0.000000,0.000000,0.348177,0.000000,0.000000,0.000000,0.000000,0.000000,0.000000,0.000000,0.306696,0.000000,0.518753,0.000000,0.000000,0.000000,0.000000,0.000000,0.000000,0.000000,0.000000,0.000000,0.521211,0.000000,0.000000,0.000000,0.388334,0.000000,0.000000,0.000000,0.000000,0.000000,0.436166,0.000000,0.000000,0.000000,0.000000,0.000000,0.343001,0.000000,0.000000,0.000000,0.390850,0.000000,0.000000
0.000000,0.000000,0.000000,0.000000,0.450856,0.000000,0.000000,0.000000,0.484192,0.000000,0.000000,0.000000,0.000000,0.000000,0.000000,0.000000,0.000000,0.000000,0.000000,0.000000,0.376146,0.000000,0.000000,0.000000,0.366092,0.000000,0.400578,0.000000,0.000000,0.000000,0.000000,0.000000,0.000000,0.000000,0.000000,0.000000,0.334599,0.000000,0.000000,0.000000,0.275339,0.000000,0.452110,0.000000,0.434824,0.000000,0.417252,0.000000,0.436757,0.000000,0.000000,0.000000,0.408812,0.000000,0.366918,0.000000,0.000000,0.000000,0.450793,0.000000,0.000000,0.000000,0.000000,0.000000,0.000000,0.000000,0.453005,0.000000,0.000000,0.000000,0.000000,0.000000,0.000000,0.000000,0.000000,0.000000,0.000000,0.000000,0.000000,0.000000,0.000000,0.000000,0.309644,0.000000,0.000000,0.000000,0.402783,0.000000,0.000000,0.000000
0.000000,0.000000,0.000000,0.000000,0.000000,0.392270,0.000000,0.000000,0.000000,0.420698,0.000000,0.000000,0.000000,0.000000,0.000000,0.406703,0.000000,0.000000,0.000000,0.000000,0.000000,0.000000,0.000000,0.000000,0.000000,0.000000,0.000000,0.385434,0.000000,0.000000,0.000000,0.000000,0.000000,0.000000,0.000000,0.000000,0.000000,0.343775,0.000000,0.000000,0.000000,0.327179,0.000000,0.394696,0.000000,0.000000,0.000000,0.413909,0.000000,0.000000,0.000000,0.000000,0.000000,0.000000,0.000000,0.374335,0.000000,0.000000,0.000000,0.000000,0.000000,0.000000,0.000000,0.000000,0.000000,0.000000,0.496648,0.477253,0.000000,0.000000,0.000000,0.000000,0.000000,0.388637,0.000000,0.000000,0.000000,0.000000,0.000000,0.000000,0.000000,0.000000,0.000000,0.323597,0.000000,0.000000,0.000000,0.378957,0.000000,0.000000
0.000000,0.000000,0.000000,0.000000,0.000000,0.000000,0.000000,0.000000,0.000000,0.000000,0.000000,0.000000,0.000000,0.000000,0.000000,0.000000,0.000000,0.000000,0.000000,0.000000,0.395875,0.000000,0.000000,0.000000,0.000000,0.000000,0.374061,0.000000,0.000000,0.515799,0.364036,0.000000,0.000000,0.000000,0.000000,0.000000,0.400611,0.000000,0.275339,0.000000,0.000000,0.000000,0.448558,0.000000,0.000000,0.000000,0.000000,0.000000,0.421404,0.000000,0.000000,0.000000,0.000000,0.000000,0.272779,0.000000,0.000000,0.000000,0.000000,0.000000,0.000000,0.000000,0.000000,0.000000,0.000000,0.000000,0.000000,0.000000,0.000000,0.000000,0.391075,0.000000,0.000000,0.000000,0.000000,0.000000,0.000000,0.000000,0.000000,0.000000,0.000000,0.000000,0.354492,0.000000,0.000000,0.000000,0.286741,0.000000,0.000000,0.000000
0.000000,0.000000,0.000000,0.000000,0.000000,0.000000,0.000000,0.000000,0.000000,0.000000,0.000000,0.000000,0.000000,0.000000,0.000000,0.000000,0.000000,0.000000,0.000000,0.000000,0.000000,0.386886,0.000000,0.000000,0.000000,0.371341,0.000000,0.391154,0.000000,0.323777,0.000000,0.362574,0.000000,0.000000,0.000000,0.000000,0.000000,0.320639,0.000000,0.327179,0.000000,0.000000,0.000000,0.000000,0.000000,0.000000,0.000000,0.000000,0.000000,0.000000,0.000000,0.000000,0.000000,0.000000,0.000000,0.000000,0.000000,0.000000,0.000000,0.000000,0.000000,0.000000,0.000000,0.000000,0.000000,0.000000,0.000000,0.000000,0.000000,0.000000,0.000000,0.359357,0.000000,0.357502,0.585302,0.523269,0.000000,0.000000,0.000000,0.000000,0.000000,0.000000,0.000000,0.305340,0.000000,0.000000,0.000000,0.340163,0.000000,0.000000
0.000000,0.000000,0.000000,0.000000,0.000000,0.000000,0.000000,0.000000,0.452213,0.000000,0.000000,0.000000,0.000000,0.000000,0.000000,0.000000,0.000000,0.000000,0.000000,0.000000,0.000000,0.000000,0.000000,0.000000,0.000000,0.000000,0.000000,0.000000,0.000000,0.000000,0.000000,0.000000,0.000000,0.000000,0.306620,0.000000,0.498946,0.000000,0.452110,0.000000,0.448558,0.000000,0.000000,0.521829,0.366072,0.561937,0.371728,0.247641,0.344345,0.590821,0.325619,0.000000,0.396781,0.000000,0.000000,0.000000,0.000000,0.000000,0.000000,0.000000,0.000000,0.000000,0.000000,0.000000,0.000000,0.000000,0.462560,0.490400,0.000000,0.000000,0.000000,0.000000,0.403773,0.596015,0.000000,0.000000,0.458861,0.000000,0.000000,0.000000,0.477663,0.000000,0.427834,0.000000,0.424559,0.000000,0.000000,0.000000,0.000000,0.000000
0.000000,0.000000,0.000000,0.000000,0.000000,0.000000,0.000000,0.000000,0.000000,0.000000,0.000000,0.000000,0.000000,0.000000,0.000000,0.000000,0.000000,0.000000,0.000000,0.000000,0.000000,0.000000,0.000000,0.000000,0.000000,0.000000,0.000000,0.000000,0.000000,0.000000,0.000000,0.000000,0.000000,0.000000,0.523186,0.000000,0.000000,0.000000,0.000000,0.394696,0.000000,0.000000,0.521829,0.000000,0.616898,0.375835,0.476327,0.364189,0.000000,0.375246,0.000000,0.323139,0.000000,0.410330,0.000000,0.000000,0.000000,0.000000,0.000000,0.000000,0.000000,0.000000,0.000000,0.000000,0.000000,0.000000,0.489574,0.435248,0.000000,0.000000,0.000000,0.000000,0.000000,0.000000,0.000000,0.000000,0.000000,0.000000,0.000000,0.000000,0.000000,0.459606,0.000000,0.000000,0.000000,0.469616,0.000000,0.430594,0.000000,0.473579
0.000000,0.000000,0.000000,0.000000,0.000000,0.000000,0.000000,0.000000,0.436625,0.000000,0.000000,0.000000,0.435398,0.000000,0.000000,0.000000,0.000000,0.000000,0.000000,0.000000,0.000000,0.000000,0.000000,0.000000,0.000000,0.000000,0.000000,0.000000,0.452852,0.000000,0.000000,0.000000,0.000000,0.489175,0.000000,0.000000,0.462499,0.000000,0.434824,0.000000,0.000000,0.000000,0.366072,0.616898,0.000000,0.639328,0.440592,0.000000,0.333506,0.655350,0.283843,0.000000,0.000000,0.000000,0.000000,0.000000,0.000000,0.000000,0.287795,0.000000,0.000000,0.000000,0.000000,0.000000,0.000000,0.000000,0.400072,0.608943,0.000000,0.000000,0.000000,0.000000,0.445510,0.000000,0.000000,0.000000,0.421828,0.000000,0.000000,0.000000,0.437787,0.000000,0.429834,0.000000,0.426217,0.000000,0.000000,0.000000,0.000000,0.000000
0.000000,0.000000,0.000000,0.000000,0.000000,0.000000,0.000000,0.000000,0.000000,0.000000,0.000000,0.000000,0.000000,0.000000,0.000000,0.000000,0.000000,0.000000,0.000000,0.000000,0.000000,0.000000,0.000000,0.000000,0.000000,0.000000,0.000000,0.000000,0.000000,0.486009,0.000000,0.000000,0.000000,0.000000,0.543467,0.451990,0.440253,0.000000,0.000000,0.000000,0.000000,0.000000,0.561937,0.375835,0.639328,0.000000,0.472515,0.404642,0.601286,0.345526,0.000000,0.362684,0.000000,0.000000,0.000000,0.000000,0.000000,0.000000,0.575011,0.335145,0.000000,0.000000,0.000000,0.000000,0.000000,0.000000,0.545371,0.454502,0.000000,0.000000,0.000000,0.000000,0.000000,0.000000,0.000000,0.000000,0.522995,0.000000,0.000000,0.000000,0.000000,0.468284,0.000000,0.455437,0.000000,0.445672,0.000000,0.000000,0.000000,0.430202
0.000000,0.000000,0.432317,0.000000,0.448258,0.000000,0.000000,0.000000,0.464800,0.000000,0.000000,0.000000,0.476057,0.000000,0.000000,0.000000,0.000000,0.000000,0.000000,0.000000,0.000000,0.000000,0.000000,0.000000,0.000000,0.000000,0.000000,0.000000,0.490072,0.000000,0.000000,0.000000,0.000000,0.000000,0.000000,0.000000,0.515767,0.000000,0.417252,0.000000,0.000000,0.000000,0.371728,0.476327,0.440592,0.472515,0.000000,0.000000,0.368119,0.000000,0.365267,0.000000,0.341390,0.000000,0.347842,0.000000,0.000000,0.000000,0.461405,0.000000,0.000000,0.000000,0.000000,0.000000,0.000000,0.000000,0.442626,0.529302,0.000000,0.000000,0.000000,0.000000,0.497055,0.000000,0.000000,0.000000,0.479806,0.000000,0.000000,0.000000,0.523676,0.000000,0.501397,0.000000,0.000000,0.000000,0.417471,0.000000,0.000000,0.000000
0.000000,0.000000,0.000000,0.000000,0.000000,0.000000,0.000000,0.000000,0.000000,0.000000,0.000000,0.000000,0.000000,0.000000,0.000000,0.000000,0.000000,0.000000,0.000000,0.000000,0.000000,0.000000,0.000000,0.000000,0.000000,0.000000,0.000000,0.000000,0.000000,0.000000,0.000000,0.000000,0.000000,0.506650,0.000000,0.000000,0.000000,0.348177,0.000000,0.413909,0.000000,0.000000,0.247641,0.364189,0.000000,0.404642,0.000000,0.000000,0.000000,0.403767,0.000000,0.358618,0.000000,0.318642,0.000000,0.356344,0.000000,0.000000,0.000000,0.000000,0.000000,0.000000,0.000000,0.000000,0.000000,0.000000,0.563455,0.382463,0.000000,0.000000,0.000000,0.000000,0.000000,0.000000,0.000000,0.000000,0.000000,0.000000,0.000000,0.000000,0.000000,0.471256,0.000000,0.000000,0.000000,0.481778,0.000000,0.451789,0.000000,0.487451
0.000000,0.000000,0.000000,0.000000,0.000000,0.000000,0.000000,0.000000,0.458611,0.000000,0.000000,0.000000,0.413258,0.000000,0.445252,0.000000,0.000000,0.000000,0.000000,0.000000,0.000000,0.000000,0.000000,0.000000,0.000000,0.000000,0.000000,0.000000,0.445083,0.000000,0.000000,0.000000,0.000000,0.503508,0.000000,0.549152,0.424354,0.000000,0.436757,0.000000,0.421404,0.000000,0.344345,0.000000,0.333506,0.601286,0.368119,0.000000,0.000000,0.638110,0.367814,0.000000,0.000000,0.000000,0.390914,0.000000,0.000000,0.000000,0.309598,0.000000,0.000000,0.000000,0.000000,0.000000,0.000000,0.000000,0.342022,0.570563,0.000000,0.000000,0.000000,0.000000,0.440635,0.000000,0.000000,0.000000,0.000000,0.000000,0.000000,0.000000,0.445437,0.000000,0.459974,0.000000,0.428700,0.000000,0.000000,0.000000,0.000000,0.000000
