0.000000,0.000000,0.439635,0.000000,0.000000,0.000000,0.394057,0.000000,0.000000,0.000000,0.375295,0.000000,0.341538,0.000000,0.000000,0.000000,0.384406,0.000000,0.409050,0.000000,0.000000,0.000000,0.000000,0.000000,0.000000,0.000000,0.000000,0.000000,0.403099,0.000000,0.000000,0.000000,0.393842,0.000000,0.000000,0.000000,0.000000,0.000000,0.000000,0.000000,0.000000,0.000000,0.000000,0.000000,0.000000,0.000000,0.000000,0.000000,0.000000,0.000000,0.000000,0.000000,0.000000,0.000000,0.000000,0.000000,0.410641,0.000000,0.000000,0.000000,0.461300,0.000000,0.000000,0.000000,0.000000,0.000000,0.000000,0.000000,0.000000,0.000000,0.000000,0.000000,0.447994,0.000000,0.000000,0.000000,0.000000,0.000000,0.000000,0.000000,0.487564,0.000000,0.000000,0.000000,0.495027,0.000000,0.000000,0.000000,0.493352,0.000000
0.000000,0.000000,0.000000,0.459693,0.000000,0.000000,0.000000,0.436396,0.000000,0.469459,0.000000,0.436115,0.000000,0.400524,0.000000,0.468333,0.548000,0.462509,0.000000,0.391891,0.000000,0.000000,0.000000,0.495759,0.000000,0.000000,0.000000,0.000000,0.517826,0.481849,0.461695,0.000000,0.560100,0.500377,0.000000,0.000000,0.000000,0.000000,0.000000,0.000000,0.000000,0.000000,0.000000,0.000000,0.000000,0.000000,0.000000,0.000000,0.000000,0.000000,0.000000,0.000000,0.000000,0.000000,0.000000,0.000000,0.000000,0.447766,0.000000,0.000000,0.000000,0.424031,0.000000,0.525460,0.000000,0.000000,0.000000,0.000000,0.000000,0.322261,0.000000,0.000000,0.000000,0.483270,0.000000,0.000000,0.000000,0.589810,0.505980,0.000000,0.477662,0.530343,0.000000,0.000000,0.000000,0.530597,0.477268,0.000000,0.000000,0.510411
0.439635,0.000000,0.000000,0.538887,0.312527,0.000000,0.398798,0.000000,0.295583,0.000000,0.444605,0.000000,0.409762,0.000000,0.493553,0.000000,0.462364,0.000000,0.459415,0.000000,0.000000,0.000000,0.439561,0.581764,0.000000,0.000000,0.000000,0.000000,0.434168,0.000000,0.423585,0.000000,0.419399,0.605885,0.000000,0.000000,0.000000,0.000000,0.000000,0.000000,0.000000,0.000000,0.000000,0.000000,0.000000,0.000000,0.000000,0.000000,0.000000,0.000000,0.548921,0.000000,0.580451,0.000000,0.000000,0.000000,0.520868,0.000000,0.000000,0.000000,0.509781,0.000000,0.000000,0.000000,0.522816,0.000000,0.000000,0.000000,0.000000,0.000000,0.541102,0.000000,0.461691,0.000000,0.000000,0.000000,0.550882,0.573181,0.588932,0.000000,0.539745,0.000000,0.451043,0.000000,0.538891,0.000000,0.000000,0.000000,0.000000,0.000000
0.000000,0.459693,0.538887,0.000000,0.000000,0.268546,0.000000,0.417255,0.000000,0.000000,0.000000,0.436816,0.000000,0.444051,0.000000,0.000000,0.000000,0.405499,0.616012,0.378277,0.000000,0.000000,0.569536,0.405288,0.000000,0.000000,0.000000,0.000000,0.000000,0.000000,0.000000,0.434797,0.556925,0.443576,0.000000,0.000000,0.000000,0.000000,0.000000,0.000000,0.000000,0.000000,0.000000,0.000000,0.000000,0.000000,0.000000,0.000000,0.000000,0.000000,0.000000,0.000000,0.590771,0.555106,0.000000,0.565262,0.000000,0.000000,0.000000,0.000000,0.000000,0.000000,0.000000,0.000000,0.000000,0.000000,0.000000,0.000000,0.000000,0.408739,0.000000,0.493710,0.000000,0.000000,0.000000,0.000000,0.590719,0.567943,0.000000,0.000000,0.000000,0.000000,0.000000,0.000000,0.000000,0.000000,0.000000,0.000000,0.000000,0.000000
0.000000,0.000000,0.312527,0.000000,0.000000,0.000000,0.000000,0.000000,0.287916,0.000000,0.000000,0.000000,0.000000,0.000000,0.408984,0.000000,0.000000,0.000000,0.000000,0.000000,0.000000,0.000000,0.382135,0.423868,0.343250,0.000000,0.320306,0.000000,0.000000,0.000000,0.000000,0.000000,0.000000,0.000000,0.000000,0.000000,0.000000,0.000000,0.000000,0.000000,0.000000,0.000000,0.000000,0.000000,0.000000,0.000000,0.000000,0.000000,0.000000,0.000000,0.000000,0.000000,0.000000,0.000000,0.000000,0.000000,0.475480,0.000000,0.000000,0.000000,0.000000,0.000000,0.000000,0.000000,0.500373,0.000000,0.557820,0.000000,0.000000,0.000000,0.000000,0.000000,0.336474,0.000000,0.321422,0.000000,0.000000,0.000000,0.000000,0.000000,0.522270,0.000000,0.470017,0.000000,0.511290,0.000000,0.430852,0.000000,0.000000,0.000000
0.000000,0.000000,0.000000,0.268546,0.000000,0.000000,0.000000,0.000000,0.000000,0.365196,0.000000,0.000000,0.000000,0.000000,0.000000,0.394129,0.000000,0.000000,0.000000,0.000000,0.000000,0.000000,0.513199,0.420127,0.000000,0.364407,0.000000,0.312637,0.000000,0.000000,0.000000,0.000000,0.000000,0.000000,0.000000,0.000000,0.000000,0.000000,0.000000,0.000000,0.000000,0.000000,0.000000,0.000000,0.000000,0.000000,0.000000,0.000000,0.000000,0.000000,0.000000,0.000000,0.000000,0.000000,0.000000,0.000000,0.000000,0.000000,0.000000,0.000000,0.000000,0.000000,0.000000,0.000000,0.000000,0.000000,0.000000,0.000000,0.000000,0.000000,0.000000,0.000000,0.000000,0.000000,0.000000,0.000000,0.000000,0.000000,0.000000,0.000000,0.000000,0.000000,0.000000,0.000000,0.000000,0.000000,0.000000,0.000000,0.000000,0.000000
0.394057,0.000000,0.398798,0.000000,0.000000,0.000000,0.000000,0.000000,0.327708,0.000000,0.406440,0.000000,0.390254,0.000000,0.428732,0.000000,0.468096,0.000000,0.000000,0.000000,0.000000,0.000000,0.000000,0.000000,0.000000,0.000000,0.000000,0.000000,0.425642,0.000000,0.000000,0.000000,0.000000,0.000000,0.000000,0.000000,0.000000,0.000000,0.000000,0.000000,0.000000,0.000000,0.000000,0.000000,0.000000,0.000000,0.000000,0.000000,0.000000,0.000000,0.000000,0.000000,0.000000,0.000000,0.000000,0.000000,0.457315,0.000000,0.000000,0.000000,0.487834,0.000000,0.526023,0.000000,0.519103,0.000000,0.000000,0.000000,0.000000,0.000000,0.519100,0.000000,0.466182,0.000000,0.000000,0.000000,0.000000,0.000000,0.480231,0.000000,0.505584,0.000000,0.485619,0.000000,0.000000,0.000000,0.000000,0.000000,0.000000,0.000000
0.000000,0.436396,0.000000,0.417255,0.000000,0.000000,0.000000,0.000000,0.000000,0.254284,0.000000,0.435966,0.000000,0.411640,0.000000,0.000000,0.000000,0.439183,0.000000,0.000000,0.000000,0.000000,0.000000,0.000000,0.000000,0.000000,0.000000,0.000000,0.000000,0.444393,0.000000,0.000000,0.000000,0.000000,0.000000,0.000000,0.000000,0.000000,0.000000,0.000000,0.000000,0.000000,0.000000,0.000000,0.000000,0.000000,0.000000,0.000000,0.000000,0.000000,0.000000,0.000000,0.000000,0.000000,0.000000,0.000000,0.000000,0.473578,0.000000,0.000000,0.000000,0.482427,0.000000,0.504592,0.000000,0.000000,0.000000,0.000000,0.000000,0.000000,0.000000,0.549936,0.000000,0.000000,0.000000,0.000000,0.613840,0.584560,0.000000,0.000000,0.000000,0.508782,0.000000,0.000000,0.000000,0.514592,0.000000,0.000000,0.000000,0.500060
0.000000,0.000000,0.295583,0.000000,0.287916,0.000000,0.327708,0.000000,0.000000,0.000000,0.000000,0.000000,0.241255,0.000000,0.373808,0.000000,0.000000,0.000000,0.000000,0.000000,0.000000,0.000000,0.000000,0.000000,0.000000,0.000000,0.000000,0.000000,0.000000,0.000000,0.000000,0.000000,0.000000,0.000000,0.000000,0.000000,0.000000,0.000000,0.000000,0.000000,0.000000,0.000000,0.000000,0.000000,0.000000,0.000000,0.000000,0.000000,0.000000,0.000000,0.548548,0.000000,0.000000,0.000000,0.000000,0.000000,0.000000,0.000000,0.000000,0.000000,0.000000,0.000000,0.000000,0.000000,0.485253,0.000000,0.000000,0.000000,0.000000,0.000000,0.000000,0.000000,0.000000,0.000000,0.000000,0.000000,0.000000,0.000000,0.000000,0.000000,0.513897,0.000000,0.446126,0.000000,0.524941,0.000000,0.364507,0.000000,0.000000,0.000000
0.000000,0.469459,0.000000,0.000000,0.000000,0.365196,0.000000,0.254284,0.000000,0.000000,0.000000,0.427821,0.000000,0.454529,0.000000,0.382757,0.545910,0.492831,0.000000,0.000000,0.000000,0.000000,0.519894,0.000000,0.000000,0.360275,0.000000,0.000000,0.000000,0.448530,0.000000,0.000000,0.000000,0.498976,0.000000,0.000000,0.000000,0.000000,0.000000,0.000000,0.000000,0.000000,0.000000,0.000000,0.000000,0.000000,0.000000,0.000000,0.564532,0.532963,0.564675,0.549631,0.000000,0.000000,0.000000,0.000000,0.000000,0.546760,0.000000,0.536103,0.000000,0.523673,0.000000,0.000000,0.000000,0.524113,0.000000,0.539155,0.000000,0.000000,0.000000,0.000000,0.000000,0.000000,0.000000,0.000000,0.000000,0.000000,0.000000,0.000000,0.000000,0.505536,0.000000,0.000000,0.000000,0.000000,0.503889,0.451968,0.000000,0.000000
0.375295,0.000000,0.444605,0.000000,0.000000,0.000000,0.406440,0.000000,0.000000,0.000000,0.000000,0.000000,0.330969,0.000000,0.430713,0.000000,0.311816,0.000000,0.000000,0.000000,0.000000,0.000000,0.420685,0.000000,0.000000,0.000000,0.000000,0.000000,0.367115,0.000000,0.000000,0.000000,0.424782,0.000000,0.000000,0.000000,0.000000,0.000000,0.000000,0.000000,0.000000,0.000000,0.000000,0.000000,0.000000,0.000000,0.000000,0.000000,0.000000,0.000000,0.000000,0.000000,0.000000,0.000000,0.000000,0.000000,0.421067,0.000000,0.000000,0.000000,0.408640,0.000000,0.000000,0.000000,0.000000,0.000000,0.000000,0.000000,0.000000,0.000000,0.000000,0.000000,0.000000,0.000000,0.000000,0.000000,0.000000,0.000000,0.000000,0.000000,0.000000,0.000000,0.385537,0.000000,0.000000,0.000000,0.000000,0.000000,0.000000,0.000000
0.000000,0.436115,0.000000,0.436816,0.000000,0.000000,0.000000,0.435966,0.000000,0.427821,0.000000,0.000000,0.000000,0.333054,0.000000,0.273789,0.000000,0.295139,0.000000,0.000000,0.000000,0.000000,0.000000,0.000000,0.000000,0.000000,0.000000,0.000000,0.000000,0.310264,0.000000,0.000000,0.596545,0.000000,0.000000,0.000000,0.000000,0.000000,0.000000,0.000000,0.000000,0.000000,0.000000,0.000000,0.000000,0.000000,0.000000,0.000000,0.000000,0.000000,0.000000,0.000000,0.000000,0.000000,0.000000,0.000000,0.000000,0.457566,0.000000,0.000000,0.000000,0.472063,0.000000,0.481903,0.000000,0.000000,0.000000,0.000000,0.000000,0.000000,0.000000,0.000000,0.000000,0.372935,0.000000,0.000000,0.000000,0.000000,0.000000,0.000000,0.000000,0.000000,0.000000,0.000000,0.000000,0.000000,0.000000,0.000000,0.000000,0.000000
0.341538,0.000000,0.409762,0.000000,0.000000,0.000000,0.390254,0.000000,0.241255,0.000000,0.330969,0.000000,0.000000,0.000000,0.260163,0.000000,0.314441,0.000000,0.000000,0.000000,0.000000,0.000000,0.443713,0.000000,0.000000,0.000000,0.000000,0.000000,0.261017,0.000000,0.000000,0.000000,0.000000,0.000000,0.000000,0.000000,0.000000,0.000000,0.000000,0.000000,0.000000,0.000000,0.000000,0.000000,0.000000,0.000000,0.000000,0.000000,0.000000,0.000000,0.000000,0.000000,0.000000,0.000000,0.000000,0.000000,0.435153,0.000000,0.000000,0.000000,0.388657,0.000000,0.000000,0.000000,0.000000,0.000000,0.000000,0.000000,0.000000,0.000000,0.000000,0.000000,0.000000,0.000000,0.000000,0.000000,0.000000,0.000000,0.000000,0.000000,0.000000,0.000000,0.241843,0.000000,0.000000,0.000000,0.000000,0.000000,0.000000,0.000000
0.000000,0.400524,0.000000,0.444051,0.000000,0.000000,0.000000,0.411640,0.000000,0.454529,0.000000,0.333054,0.000000,0.000000,0.000000,0.371938,0.000000,0.447991,0.000000,0.000000,0.000000,0.000000,0.000000,0.367435,0.000000,0.000000,0.000000,0.000000,0.000000,0.345978,0.000000,0.000000,0.568818,0.476489,0.000000,0.000000,0.000000,0.000000,0.000000,0.000000,0.000000,0.000000,0.000000,0.000000,0.000000,0.000000,0.000000,0.000000,0.000000,0.000000,0.000000,0.000000,0.000000,0.000000,0.000000,0.000000,0.000000,0.446631,0.000000,0.478535,0.000000,0.481277,0.000000,0.428692,0.000000,0.000000,0.000000,0.000000,0.000000,0.000000,0.000000,0.000000,0.000000,0.000000,0.000000,0.000000,0.000000,0.000000,0.000000,0.000000,0.000000,0.000000,0.000000,0.000000,0.000000,0.462857,0.000000,0.000000,0.000000,0.000000
0.000000,0.000000,0.493553,0.000000,0.408984,0.000000,0.428732,0.000000,0.373808,0.000000,0.430713,0.000000,0.260163,0.000000,0.000000,0.000000,0.369317,0.000000,0.000000,0.000000,0.251931,0.000000,0.390323,0.000000,0.000000,0.000000,0.255121,0.000000,0.312775,0.000000,0.366411,0.000000,0.000000,0.000000,0.000000,0.000000,0.000000,0.000000,0.275571,0.000000,0.000000,0.000000,0.000000,0.000000,0.000000,0.000000,0.000000,0.000000,0.538574,0.000000,0.501853,0.000000,0.000000,0.000000,0.000000,0.000000,0.274526,0.000000,0.000000,0.000000,0.515674,0.000000,0.000000,0.000000,0.501742,0.000000,0.519685,0.000000,0.000000,0.000000,0.314552,0.000000,0.301185,0.000000,0.299352,0.000000,0.000000,0.000000,0.000000,0.000000,0.485172,0.000000,0.345440,0.000000,0.000000,0.000000,0.416553,0.000000,0.000000,0.000000
0.000000,0.468333,0.000000,0.000000,0.000000,0.394129,0.000000,0.000000,0.000000,0.382757,0.000000,0.273789,0.000000,0.371938,0.000000,0.000000,0.000000,0.453388,0.000000,0.000000,0.000000,0.276370,0.417063,0.482450,0.000000,0.443381,0.000000,0.000000,0.000000,0.307119,0.000000,0.329845,0.000000,0.000000,0.000000,0.000000,0.000000,0.000000,0.000000,0.000000,0.000000,0.237492,0.000000,0.000000,0.000000,0.000000,0.000000,0.000000,0.000000,0.000000,0.000000,0.000000,0.000000,0.000000,0.000000,0.477900,0.000000,0.500636,0.000000,0.518228,0.000000,0.509268,0.000000,0.520336,0.000000,0.527600,0.508555,0.000000,0.000000,0.000000,0.000000,0.323483,0.000000,0.324573,0.000000,0.307467,0.000000,0.000000,0.000000,0.000000,0.000000,0.520863,0.000000,0.382938,0.000000,0.000000,0.000000,0.396722,0.000000,0.000000
0.384406,0.548000,0.462364,0.000000,0.000000,0.000000,0.468096,0.000000,0.000000,0.545910,0.311816,0.000000,0.314441,0.000000,0.369317,0.000000,0.000000,0.000000,0.000000,0.497133,0.000000,0.000000,0.385600,0.000000,0.000000,0.000000,0.000000,0.000000,0.484027,0.000000,0.000000,0.000000,0.494494,0.468036,0.000000,0.000000,0.000000,0.000000,0.000000,0.000000,0.000000,0.000000,0.000000,0.000000,0.000000,0.000000,0.000000,0.000000,0.532177,0.000000,0.540888,0.000000,0.000000,0.000000,0.000000,0.000000,0.374909,0.000000,0.000000,0.000000,0.449640,0.000000,0.000000,0.000000,0.494692,0.000000,0.000000,0.000000,0.000000,0.000000,0.521847,0.000000,0.550585,0.000000,0.000000,0.000000,0.000000,0.000000,0.517896,0.000000,0.444923,0.000000,0.369990,0.000000,0.457356,0.000000,0.000000,0.000000,0.399917,0.000000
0.000000,0.462509,0.000000,0.405499,0.000000,0.000000,0.000000,0.439183,0.000000,0.492831,0.000000,0.295139,0.000000,0.447991,0.000000,0.453388,0.000000,0.000000,0.000000,0.000000,0.000000,0.000000,0.000000,0.000000,0.000000,0.000000,0.000000,0.000000,0.000000,0.452835,0.000000,0.000000,0.635205,0.584251,0.000000,0.000000,0.000000,0.000000,0.000000,0.000000,0.000000,0.000000,0.000000,0.000000,0.000000,0.000000,0.000000,0.000000,0.000000,0.578676,0.000000,0.000000,0.000000,0.000000,0.000000,0.000000,0.000000,0.509603,0.000000,0.522538,0.000000,0.512829,0.000000,0.397311,0.000000,0.508660,0.000000,0.521042,0.000000,0.000000,0.591793,0.448143,0.000000,0.440290,0.000000,0.000000,0.000000,0.000000,0.000000,0.369946,0.000000,0.486193,0.000000,0.485814,0.000000,0.000000,0.494292,0.000000,0.000000,0.000000
0.409050,0.000000,0.459415,0.616012,0.000000,0.000000,0.000000,0.000000,0.000000,0.000000,0.000000,0.000000,0.000000,0.000000,0.000000,0.000000,0.000000,0.000000,0.000000,0.478895,0.000000,0.000000,0.454641,0.327745,0.000000,0.000000,0.000000,0.000000,0.000000,0.000000,0.000000,0.000000,0.421551,0.557985,0.000000,0.000000,0.000000,0.000000,0.000000,0.000000,0.000000,0.000000,0.509596,0.000000,0.000000,0.000000,0.504875,0.000000,0.000000,0.000000,0.000000,0.000000,0.535806,0.000000,0.000000,0.000000,0.000000,0.410473,0.000000,0.000000,0.000000,0.000000,0.000000,0.000000,0.000000,0.000000,0.461717,0.430060,0.331195,0.434909,0.000000,0.000000,0.000000,0.000000,0.000000,0.000000,0.476609,0.000000,0.000000,0.000000,0.000000,0.000000,0.000000,0.000000,0.000000,0.000000,0.000000,0.000000,0.000000,0.000000
0.000000,0.391891,0.000000,0.378277,0.000000,0.000000,0.000000,0.000000,0.000000,0.000000,0.000000,0.000000,0.000000,0.000000,0.000000,0.000000,0.497133,0.000000,0.478895,0.000000,0.000000,0.000000,0.516346,0.447813,0.000000,0.000000,0.000000,0.000000,0.513892,0.000000,0.459206,0.000000,0.533982,0.439078,0.000000,0.000000,0.000000,0.554856,0.000000,0.554236,0.000000,0.000000,0.000000,0.000000,0.000000,0.000000,0.000000,0.000000,0.000000,0.000000,0.000000,0.000000,0.000000,0.000000,0.000000,0.551412,0.000000,0.435393,0.000000,0.334866,0.000000,0.000000,0.000000,0.000000,0.000000,0.000000,0.000000,0.461128,0.000000,0.397765,0.000000,0.000000,0.000000,0.000000,0.000000,0.000000,0.513170,0.597396,0.491773,0.000000,0.461060,0.000000,0.000000,0.000000,0.000000,0.000000,0.000000,0.000000,0.000000,0.000000
0.000000,0.000000,0.000000,0.000000,0.000000,0.000000,0.000000,0.000000,0.000000,0.000000,0.000000,0.000000,0.000000,0.000000,0.251931,0.000000,0.000000,0.000000,0.000000,0.000000,0.000000,0.211931,0.000000,0.000000,0.263396,0.000000,0.281782,0.000000,0.000000,0.000000,0.292428,0.000000,0.000000,0.000000,0.000000,0.000000,0.000000,0.000000,0.000000,0.000000,0.000000,0.000000,0.000000,0.000000,0.000000,0.000000,0.000000,0.000000,0.000000,0.000000,0.000000,0.000000,0.000000,0.000000,0.000000,0.000000,0.000000,0.000000,0.000000,0.000000,0.000000,0.000000,0.000000,0.000000,0.000000,0.000000,0.000000,0.000000,0.000000,0.000000,0.390664,0.000000,0.000000,0.000000,0.284964,0.000000,0.000000,0.000000,0.000000,0.000000,0.000000,0.000000,0.000000,0.000000,0.000000,0.000000,0.000000,0.000000,0.000000,0.000000
0.000000,0.000000,0.000000,0.000000,0.000000,0.000000,0.000000,0.000000,0.000000,0.000000,0.000000,0.000000,0.000000,0.000000,0.000000,0.276370,0.000000,0.000000,0.000000,0.000000,0.211931,0.000000,0.000000,0.000000,0.000000,0.000000,0.000000,0.433646,0.000000,0.000000,0.234942,0.000000,0.000000,0.000000,0.000000,0.000000,0.000000,0.000000,0.000000,0.257134,0.000000,0.000000,0.000000,0.000000,0.000000,0.000000,0.000000,0.000000,0.000000,0.000000,0.000000,0.000000,0.000000,0.000000,0.000000,0.000000,0.000000,0.000000,0.000000,0.000000,0.000000,0.000000,0.000000,0.000000,0.000000,0.000000,0.000000,0.000000,0.000000,0.000000,0.000000,0.448542,0.000000,0.263412,0.000000,0.290941,0.000000,0.000000,0.000000,0.000000,0.000000,0.000000,0.000000,0.000000,0.000000,0.000000,0.000000,0.000000,0.000000,0.000000
0.000000,0.000000,0.439561,0.569536,0.382135,0.513199,0.000000,0.000000,0.000000,0.519894,0.420685,0.000000,0.443713,0.000000,0.390323,0.417063,0.385600,0.000000,0.454641,0.516346,0.000000,0.000000,0.000000,0.510093,0.341998,0.512714,0.399016,0.000000,0.000000,0.000000,0.379626,0.429724,0.526743,0.552306,0.000000,0.000000,0.000000,0.000000,0.000000,0.000000,0.000000,0.000000,0.000000,0.000000,0.000000,0.000000,0.000000,0.000000,0.000000,0.000000,0.000000,0.000000,0.000000,0.000000,0.000000,0.000000,0.000000,0.496455,0.000000,0.000000,0.000000,0.000000,0.000000,0.000000,0.000000,0.000000,0.473894,0.000000,0.495002,0.000000,0.523479,0.000000,0.409777,0.000000,0.000000,0.000000,0.587341,0.555025,0.000000,0.000000,0.000000,0.000000,0.430605,0.000000,0.508812,0.000000,0.387272,0.449196,0.000000,0.000000
0.000000,0.495759,0.581764,0.405288,0.423868,0.420127,0.000000,0.000000,0.000000,0.000000,0.000000,0.000000,0.000000,0.367435,0.000000,0.482450,0.000000,0.000000,0.327745,0.447813,0.000000,0.000000,0.510093,0.000000,0.504876,0.348937,0.436131,0.000000,0.000000,0.424447,0.396449,0.323276,0.593823,0.543288,0.000000,0.000000,0.000000,0.000000,0.000000,0.000000,0.000000,0.000000,0.000000,0.000000,0.000000,0.000000,0.000000,0.000000,0.000000,0.000000,0.000000,0.000000,0.000000,0.000000,0.000000,0.000000,0.000000,0.501444,0.000000,0.000000,0.000000,0.000000,0.000000,0.000000,0.000000,0.000000,0.000000,0.537797,0.000000,0.499109,0.000000,0.000000,0.000000,0.000000,0.000000,0.000000,0.575844,0.526184,0.000000,0.000000,0.000000,0.000000,0.000000,0.523844,0.000000,0.000000,0.000000,0.000000,0.000000,0.000000
0.000000,0.000000,0.000000,0.000000,0.343250,0.000000,0.000000,0.000000,0.000000,0.000000,0.000000,0.000000,0.000000,0.000000,0.000000,0.000000,0.000000,0.000000,0.000000,0.000000,0.263396,0.000000,0.341998,0.504876,0.000000,0.245880,0.313926,0.237951,0.000000,0.000000,0.303986,0.488830,0.000000,0.000000,0.000000,0.000000,0.000000,0.000000,0.000000,0.000000,0.000000,0.000000,0.000000,0.000000,0.000000,0.000000,0.000000,0.000000,0.000000,0.000000,0.000000,0.000000,0.000000,0.000000,0.000000,0.000000,0.000000,0.000000,0.000000,0.000000,0.000000,0.000000,0.000000,0.000000,0.000000,0.000000,0.000000,0.000000,0.000000,0.000000,0.000000,0.000000,0.000000,0.000000,0.000000,0.000000,0.000000,0.000000,0.000000,0.000000,0.000000,0.000000,0.444936,0.000000,0.482523,0.000000,0.421478,0.496312,0.000000,0.000000
0.000000,0.000000,0.000000,0.000000,0.000000,0.364407,0.000000,0.000000,0.000000,0.360275,0.000000,0.000000,0.000000,0.000000,0.000000,0.443381,0.000000,0.000000,0.000000,0.000000,0.000000,0.000000,0.512714,0.348937,0.245880,0.000000,0.000000,0.323602,0.000000,0.000000,0.280892,0.329087,0.000000,0.000000,0.000000,0.000000,0.000000,0.000000,0.000000,0.000000,0.000000,0.000000,0.000000,0.000000,0.000000,0.000000,0.000000,0.000000,0.000000,0.000000,0.000000,0.000000,0.000000,0.000000,0.000000,0.000000,0.000000,0.000000,0.000000,0.000000,0.000000,0.000000,0.000000,0.000000,0.000000,0.000000,0.000000,0.000000,0.000000,0.000000,0.000000,0.000000,0.000000,0.000000,0.000000,0.000000,0.000000,0.000000,0.000000,0.000000,0.000000,0.000000,0.000000,0.480279,0.000000,0.000000,0.000000,0.426910,0.000000,0.000000
0.000000,0.000000,0.000000,0.000000,0.320306,0.000000,0.000000,0.000000,0.000000,0.000000,0.000000,0.000000,0.000000,0.000000,0.255121,0.000000,0.000000,0.000000,0.000000,0.000000,0.281782,0.000000,0.399016,0.436131,0.313926,0.000000,0.000000,0.000000,0.000000,0.000000,0.338239,0.399775,0.000000,0.000000,0.000000,0.000000,0.000000,0.000000,0.000000,0.000000,0.000000,0.000000,0.000000,0.000000,0.000000,0.000000,0.000000,0.000000,0.000000,0.000000,0.000000,0.000000,0.000000,0.000000,0.000000,0.000000,0.000000,0.000000,0.000000,0.000000,0.000000,0.000000,0.000000,0.000000,0.516515,0.000000,0.000000,0.000000,0.000000,0.000000,0.330845,0.391327,0.000000,0.000000,0.000000,0.000000,0.000000,0.000000,0.000000,0.000000,0.000000,0.000000,0.439073,0.000000,0.473477,0.000000,0.000000,0.488810,0.000000,0.000000
0.000000,0.000000,0.000000,0.000000,0.000000,0.312637,0.000000,0.000000,0.000000,0.000000,0.000000,0.000000,0.000000,0.000000,0.000000,0.000000,0.000000,0.000000,0.000000,0.000000,0.000000,0.433646,0.000000,0.000000,0.237951,0.323602,0.000000,0.000000,0.000000,0.000000,0.286281,0.301168,0.000000,0.000000,0.000000,0.000000,0.000000,0.000000,0.000000,0.000000,0.000000,0.000000,0.000000,0.000000,0.000000,0.000000,0.000000,0.000000,0.000000,0.000000,0.000000,0.000000,0.000000,0.000000,0.000000,0.000000,0.000000,0.000000,0.000000,0.000000,0.000000,0.000000,0.000000,0.000000,0.000000,0.000000,0.000000,0.000000,0.000000,0.000000,0.000000,0.384035,0.000000,0.000000,0.000000,0.000000,0.000000,0.000000,0.000000,0.000000,0.000000,0.000000,0.000000,0.000000,0.000000,0.000000,0.000000,0.000000,0.000000,0.000000
0.403099,0.517826,0.434168,0.000000,0.000000,0.000000,0.425642,0.000000,0.000000,0.000000,0.367115,0.000000,0.261017,0.000000,0.312775,0.000000,0.484027,0.000000,0.000000,0.513892,0.000000,0.000000,0.000000,0.000000,0.000000,0.000000,0.000000,0.000000,0.000000,0.548639,0.359086,0.000000,0.440577,0.460977,0.000000,0.000000,0.000000,0.000000,0.292984,0.000000,0.315378,0.000000,0.000000,0.000000,0.524367,0.000000,0.000000,0.000000,0.530176,0.000000,0.523070,0.000000,0.000000,0.000000,0.393851,0.000000,0.425569,0.483519,0.504636,0.000000,0.475307,0.000000,0.000000,0.000000,0.476582,0.000000,0.000000,0.000000,0.000000,0.000000,0.409695,0.000000,0.483607,0.556101,0.385221,0.000000,0.422412,0.000000,0.332646,0.000000,0.443355,0.507292,0.356128,0.000000,0.452824,0.000000,0.404699,0.000000,0.416725,0.000000
0.000000,0.481849,0.000000,0.000000,0.000000,0.000000,0.000000,0.444393,0.000000,0.448530,0.000000,0.310264,0.000000,0.345978,0.000000,0.307119,0.000000,0.452835,0.000000,0.000000,0.000000,0.000000,0.000000,0.424447,0.000000,0.000000,0.000000,0.000000,0.548639,0.000000,0.507254,0.394231,0.619155,0.543516,0.000000,0.000000,0.000000,0.000000,0.000000,0.311973,0.000000,0.000000,0.000000,0.000000,0.000000,0.557476,0.000000,0.000000,0.546785,0.576887,0.575225,0.566815,0.000000,0.000000,0.000000,0.403724,0.000000,0.524428,0.000000,0.524501,0.606540,0.496977,0.000000,0.491987,0.560781,0.501128,0.000000,0.536019,0.000000,0.000000,0.563307,0.374675,0.000000,0.336116,0.000000,0.000000,0.514801,0.000000,0.541601,0.306528,0.000000,0.424407,0.000000,0.366003,0.000000,0.407606,0.526259,0.393428,0.000000,0.383168
0.000000,0.461695,0.423585,0.000000,0.000000,0.000000,0.000000,0.000000,0.000000,0.000000,0.000000,0.000000,0.000000,0.000000,0.366411,0.000000,0.000000,0.000000,0.000000,0.459206,0.292428,0.234942,0.379626,0.396449,0.303986,0.280892,0.338239,0.286281,0.359086,0.507254,0.000000,0.375518,0.399118,0.446133,0.000000,0.000000,0.000000,0.000000,0.000000,0.000000,0.000000,0.000000,0.000000,0.000000,0.000000,0.000000,0.000000,0.000000,0.000000,0.000000,0.000000,0.000000,0.000000,0.000000,0.413945,0.000000,0.000000,0.504696,0.000000,0.000000,0.000000,0.000000,0.000000,0.000000,0.536921,0.000000,0.000000,0.000000,0.000000,0.000000,0.337560,0.000000,0.441226,0.451388,0.000000,0.000000,0.000000,0.000000,0.000000,0.000000,0.406395,0.000000,0.449120,0.000000,0.454842,0.000000,0.426764,0.431040,0.418696,0.000000
0.000000,0.000000,0.000000,0.434797,0.000000,0.000000,0.000000,0.000000,0.000000,0.000000,0.000000,0.000000,0.000000,0.000000,0.000000,0.329845,0.000000,0.000000,0.000000,0.000000,0.000000,0.000000,0.429724,0.323276,0.488830,0.329087,0.399775,0.301168,0.000000,0.394231,0.375518,0.000000,0.393941,0.335791,0.000000,0.000000,0.000000,0.000000,0.000000,0.000000,0.000000,0.000000,0.000000,0.000000,0.000000,0.000000,0.000000,0.000000,0.000000,0.000000,0.000000,0.000000,0.000000,0.000000,0.000000,0.384791,0.000000,0.000000,0.000000,0.000000,0.000000,0.000000,0.000000,0.000000,0.000000,0.000000,0.000000,0.000000,0.000000,0.000000,0.000000,0.000000,0.000000,0.414976,0.000000,0.000000,0.000000,0.000000,0.000000,0.000000,0.000000,0.000000,0.000000,0.409058,0.000000,0.000000,0.000000,0.432676,0.000000,0.000000
0.393842,0.560100,0.419399,0.556925,0.000000,0.000000,0.000000,0.000000,0.000000,0.000000,0.424782,0.596545,0.000000,0.568818,0.000000,0.000000,0.494494,0.635205,0.421551,0.533982,0.000000,0.000000,0.526743,0.593823,0.000000,0.000000,0.000000,0.000000,0.440577,0.619155,0.399118,0.393941,0.000000,0.603902,0.277312,0.000000,0.497969,0.000000,0.486069,0.557608,0.000000,0.000000,0.000000,0.000000,0.000000,0.000000,0.000000,0.000000,0.534286,0.702689,0.432204,0.000000,0.537936,0.000000,0.558892,0.534366,0.000000,0.546942,0.496389,0.606924,0.626963,0.000000,0.000000,0.000000,0.000000,0.715466,0.453953,0.649473,0.469517,0.370185,0.455985,0.613397,0.466621,0.623344,0.000000,0.000000,0.514342,0.593812,0.448027,0.636142,0.445136,0.578488,0.000000,0.579577,0.485575,0.000000,0.000000,0.000000,0.428225,0.532791
0.000000,0.500377,0.605885,0.443576,0.000000,0.000000,0.000000,0.000000,0.000000,0.498976,0.000000,0.000000,0.000000,0.476489,0.000000,0.000000,0.468036,0.584251,0.557985,0.439078,0.000000,0.000000,0.552306,0.543288,0.000000,0.000000,0.000000,0.000000,0.460977,0.543516,0.446133,0.335791,0.603902,0.000000,0.211910,0.298724,0.000000,0.538420,0.000000,0.533085,0.000000,0.000000,0.000000,0.000000,0.000000,0.000000,0.000000,0.000000,0.557206,0.660602,0.442152,0.000000,0.556012,0.000000,0.511420,0.469787,0.000000,0.449696,0.000000,0.597747,0.000000,0.748677,0.000000,0.000000,0.000000,0.569340,0.000000,0.492422,0.494688,0.449017,0.517813,0.631433,0.515349,0.539687,0.000000,0.451222,0.520346,0.566182,0.444956,0.505811,0.466798,0.498126,0.000000,0.518132,0.000000,0.000000,0.458192,0.490760,0.436849,0.432423
0.000000,0.000000,0.000000,0.000000,0.000000,0.000000,0.000000,0.000000,0.000000,0.000000,0.000000,0.000000,0.000000,0.000000,0.000000,0.000000,0.000000,0.000000,0.000000,0.000000,0.000000,0.000000,0.000000,0.000000,0.000000,0.000000,0.000000,0.000000,0.000000,0.000000,0.000000,0.000000,0.277312,0.211910,0.000000,0.377545,0.000000,0.000000,0.000000,0.000000,0.000000,0.000000,0.254302,0.000000,0.000000,0.000000,0.000000,0.000000,0.000000,0.000000,0.000000,0.000000,0.000000,0.000000,0.000000,0.000000,0.000000,0.000000,0.000000,0.000000,0.000000,0.000000,0.000000,0.000000,0.000000,0.000000,0.369513,0.250336,0.000000,0.000000,0.000000,0.000000,0.000000,0.000000,0.000000,0.000000,0.000000,0.000000,0.000000,0.000000,0.000000,0.000000,0.000000,0.000000,0.000000,0.000000,0.000000,0.000000,0.000000,0.000000
0.000000,0.000000,0.000000,0.000000,0.000000,0.000000,0.000000,0.000000,0.000000,0.000000,0.000000,0.000000,0.000000,0.000000,0.000000,0.000000,0.000000,0.000000,0.000000,0.000000,0.000000,0.000000,0.000000,0.000000,0.000000,0.000000,0.000000,0.000000,0.000000,0.000000,0.000000,0.000000,0.000000,0.298724,0.377545,0.000000,0.000000,0.000000,0.000000,0.000000,0.000000,0.000000,0.000000,0.000000,0.000000,0.000000,0.000000,0.261500,0.000000,0.000000,0.000000,0.000000,0.000000,0.000000,0.000000,0.310783,0.000000,0.000000,0.000000,0.000000,0.000000,0.000000,0.000000,0.000000,0.000000,0.000000,0.000000,0.296860,0.000000,0.000000,0.000000,0.000000,0.000000,0.000000,0.000000,0.000000,0.000000,0.000000,0.000000,0.000000,0.000000,0.000000,0.000000,0.000000,0.000000,0.000000,0.000000,0.000000,0.000000,0.000000
0.000000,0.000000,0.000000,0.000000,0.000000,0.000000,0.000000,0.000000,0.000000,0.000000,0.000000,0.000000,0.000000,0.000000,0.000000,0.000000,0.000000,0.000000,0.000000,0.000000,0.000000,0.000000,0.000000,0.000000,0.000000,0.000000,0.000000,0.000000,0.000000,0.000000,0.000000,0.000000,0.497969,0.000000,0.000000,0.000000,0.000000,0.000000,0.343868,0.000000,0.000000,0.000000,0.000000,0.000000,0.000000,0.000000,0.232833,0.000000,0.000000,0.000000,0.000000,0.000000,0.000000,0.000000,0.287738,0.000000,0.000000,0.000000,0.000000,0.000000,0.000000,0.000000,0.000000,0.000000,0.000000,0.000000,0.253655,0.000000,0.000000,0.000000,0.491160,0.000000,0.000000,0.000000,0.000000,0.000000,0.370543,0.000000,0.438744,0.000000,0.442268,0.000000,0.000000,0.000000,0.407100,0.000000,0.000000,0.000000,0.399931,0.000000
0.000000,0.000000,0.000000,0.000000,0.000000,0.000000,0.000000,0.000000,0.000000,0.000000,0.000000,0.000000,0.000000,0.000000,0.000000,0.000000,0.000000,0.000000,0.000000,0.554856,0.000000,0.000000,0.000000,0.000000,0.000000,0.000000,0.000000,0.000000,0.000000,0.000000,0.000000,0.000000,0.000000,0.538420,0.000000,0.000000,0.000000,0.000000,0.000000,0.383391,0.000000,0.259017,0.000000,0.000000,0.000000,0.000000,0.000000,0.265980,0.000000,0.000000,0.000000,0.000000,0.000000,0.000000,0.000000,0.348858,0.000000,0.524877,0.000000,0.000000,0.000000,0.000000,0.000000,0.445471,0.000000,0.440253,0.000000,0.533569,0.000000,0.000000,0.000000,0.000000,0.000000,0.000000,0.000000,0.000000,0.000000,0.467156,0.000000,0.000000,0.000000,0.000000,0.000000,0.264337,0.000000,0.292973,0.000000,0.297790,0.000000,0.326938
0.000000,0.000000,0.000000,0.000000,0.000000,0.000000,0.000000,0.000000,0.000000,0.000000,0.000000,0.000000,0.000000,0.000000,0.275571,0.000000,0.000000,0.000000,0.000000,0.000000,0.000000,0.000000,0.000000,0.000000,0.000000,0.000000,0.000000,0.000000,0.292984,0.000000,0.000000,0.000000,0.486069,0.000000,0.000000,0.000000,0.343868,0.000000,0.000000,0.000000,0.246914,0.000000,0.000000,0.000000,0.000000,0.000000,0.253043,0.000000,0.000000,0.000000,0.000000,0.000000,0.000000,0.000000,0.357644,0.000000,0.000000,0.000000,0.000000,0.000000,0.000000,0.000000,0.000000,0.000000,0.000000,0.000000,0.000000,0.000000,0.000000,0.000000,0.478268,0.000000,0.327101,0.000000,0.322318,0.000000,0.336299,0.000000,0.407372,0.000000,0.402092,0.000000,0.269198,0.000000,0.394324,0.000000,0.330454,0.000000,0.000000,0.000000
0.000000,0.000000,0.000000,0.000000,0.000000,0.000000,0.000000,0.000000,0.000000,0.000000,0.000000,0.000000,0.000000,0.000000,0.000000,0.000000,0.000000,0.000000,0.000000,0.554236,0.000000,0.257134,0.000000,0.000000,0.000000,0.000000,0.000000,0.000000,0.000000,0.311973,0.000000,0.000000,0.557608,0.533085,0.000000,0.000000,0.000000,0.383391,0.000000,0.000000,0.000000,0.242300,0.000000,0.000000,0.000000,0.000000,0.000000,0.255397,0.000000,0.000000,0.000000,0.000000,0.000000,0.000000,0.000000,0.285636,0.000000,0.527986,0.000000,0.000000,0.000000,0.000000,0.000000,0.000000,0.000000,0.000000,0.000000,0.532252,0.000000,0.000000,0.000000,0.000000,0.000000,0.331491,0.000000,0.000000,0.000000,0.414176,0.000000,0.000000,0.000000,0.000000,0.000000,0.284528,0.000000,0.000000,0.000000,0.291728,0.000000,0.274867
0.000000,0.000000,0.000000,0.000000,0.000000,0.000000,0.000000,0.000000,0.000000,0.000000,0.000000,0.000000,0.000000,0.000000,0.000000,0.000000,0.000000,0.000000,0.000000,0.000000,0.000000,0.000000,0.000000,0.000000,0.000000,0.000000,0.000000,0.000000,0.315378,0.000000,0.000000,0.000000,0.000000,0.000000,0.000000,0.000000,0.000000,0.000000,0.246914,0.000000,0.000000,0.000000,0.000000,0.000000,0.000000,0.000000,0.000000,0.000000,0.000000,0.000000,0.000000,0.000000,0.000000,0.000000,0.000000,0.000000,0.000000,0.000000,0.000000,0.000000,0.000000,0.000000,0.000000,0.000000,0.000000,0.000000,0.000000,0.000000,0.000000,0.000000,0.000000,0.000000,0.282599,0.000000,0.260790,0.000000,0.000000,0.000000,0.000000,0.000000,0.000000,0.000000,0.227263,0.000000,0.000000,0.000000,0.000000,0.000000,0.000000,0.000000
0.000000,0.000000,0.000000,0.000000,0.000000,0.000000,0.000000,0.000000,0.000000,0.000000,0.000000,0.000000,0.000000,0.000000,0.000000,0.237492,0.000000,0.000000,0.000000,0.000000,0.000000,0.000000,0.000000,0.000000,0.000000,0.000000,0.000000,0.000000,0.000000,0.000000,0.000000,0.000000,0.000000,0.000000,0.000000,0.000000,0.000000,0.259017,0.000000,0.242300,0.000000,0.000000,0.000000,0.000000,0.000000,0.000000,0.000000,0.000000,0.000000,0.000000,0.000000,0.000000,0.000000,0.000000,0.000000,0.000000,0.000000,0.000000,0.000000,0.000000,0.000000,0.000000,0.000000,0.000000,0.000000,0.000000,0.000000,0.000000,0.000000,0.000000,0.000000,0.000000,0.000000,0.000000,0.000000,0.279882,0.000000,0.000000,0.000000,0.000000,0.000000,0.000000,0.000000,0.284312,0.000000,0.000000,0.000000,0.000000,0.000000,0.000000
0.000000,0.000000,0.000000,0.000000,0.000000,0.000000,0.000000,0.000000,0.000000,0.000000,0.000000,0.000000,0.000000,0.000000,0.000000,0.000000,0.000000,0.000000,0.509596,0.000000,0.000000,0.000000,0.000000,0.000000,0.000000,0.000000,0.000000,0.000000,0.000000,0.000000,0.000000,0.000000,0.000000,0.000000,0.254302,0.000000,0.000000,0.000000,0.000000,0.000000,0.000000,0.000000,0.000000,0.271692,0.268120,0.227238,0.285546,0.288677,0.221617,0.000000,0.000000,0.000000,0.243763,0.000000,0.267245,0.000000,0.000000,0.000000,0.000000,0.000000,0.000000,0.000000,0.000000,0.000000,0.000000,0.000000,0.312757,0.369503,0.000000,0.000000,0.000000,0.000000,0.000000,0.000000,0.000000,0.000000,0.459276,0.000000,0.000000,0.000000,0.000000,0.000000,0.000000,0.000000,0.000000,0.000000,0.000000,0.000000,0.000000,0.000000
0.000000,0.000000,0.000000,0.000000,0.000000,0.000000,0.000000,0.000000,0.000000,0.000000,0.000000,0.000000,0.000000,0.000000,0.000000,0.000000,0.000000,0.000000,0.000000,0.000000,0.000000,0.000000,0.000000,0.000000,0.000000,0.000000,0.000000,0.000000,0.000000,0.000000,0.000000,0.000000,0.000000,0.000000,0.000000,0.000000,0.000000,0.000000,0.000000,0.000000,0.000000,0.000000,0.271692,0.000000,0.000000,0.261512,0.243000,0.291318,0.000000,0.248315,0.000000,0.000000,0.000000,0.264805,0.000000,0.296294,0.000000,0.000000,0.000000,0.000000,0.000000,0.000000,0.000000,0.000000,0.000000,0.000000,0.000000,0.342281,0.000000,0.000000,0.000000,0.000000,0.000000,0.000000,0.000000,0.000000,0.000000,0.000000,0.000000,0.000000,0.000000,0.000000,0.000000,0.000000,0.000000,0.000000,0.000000,0.000000,0.000000,0.000000
0.000000,0.000000,0.000000,0.000000,0.000000,0.000000,0.000000,0.000000,0.000000,0.000000,0.000000,0.000000,0.000000,0.000000,0.000000,0.000000,0.000000,0.000000,0.000000,0.000000,0.000000,0.000000,0.000000,0.000000,0.000000,0.000000,0.000000,0.000000,0.524367,0.000000,0.000000,0.000000,0.000000,0.000000,0.000000,0.000000,0.000000,0.000000,0.000000,0.000000,0.000000,0.000000,0.268120,0.000000,0.000000,0.265312,0.334954,0.000000,0.349137,0.000000,0.000000,0.000000,0.000000,0.000000,0.000000,0.000000,0.000000,0.000000,0.000000,0.000000,0.000000,0.000000,0.000000,0.000000,0.000000,0.000000,0.341454,0.353493,0.000000,0.000000,0.529017,0.000000,0.526436,0.000000,0.000000,0.000000,0.000000,0.000000,0.501361,0.000000,0.000000,0.000000,0.000000,0.000000,0.000000,0.000000,0.000000,0.000000,0.000000,0.000000
0.000000,0.000000,0.000000,0.000000,0.000000,0.000000,0.000000,0.000000,0.000000,0.000000,0.000000,0.000000,0.000000,0.000000,0.000000,0.000000,0.000000,0.000000,0.000000,0.000000,0.000000,0.000000,0.000000,0.000000,0.000000,0.000000,0.000000,0.000000,0.000000,0.557476,0.000000,0.000000,0.000000,0.000000,0.000000,0.000000,0.000000,0.000000,0.000000,0.000000,0.000000,0.000000,0.227238,0.261512,0.265312,0.000000,0.000000,0.304212,0.000000,0.395859,0.000000,0.309947,0.000000,0.000000,0.000000,0.000000,0.000000,0.000000,0.000000,0.311406,0.000000,0.000000,0.000000,0.000000,0.000000,0.000000,0.000000,0.392078,0.000000,0.000000,0.000000,0.000000,0.000000,0.000000,0.000000,0.000000,0.000000,0.000000,0.000000,0.000000,0.000000,0.000000,0.000000,0.000000,0.000000,0.000000,0.000000,0.000000,0.000000,0.000000
0.000000,0.000000,0.000000,0.000000,0.000000,0.000000,0.000000,0.000000,0.000000,0.000000,0.000000,0.000000,0.000000,0.000000,0.000000,0.000000,0.000000,0.000000,0.504875,0.000000,0.000000,0.000000,0.000000,0.000000,0.000000,0.000000,0.000000,0.000000,0.000000,0.000000,0.000000,0.000000,0.000000,0.000000,0.000000,0.000000,0.232833,0.000000,0.253043,0.000000,0.000000,0.000000,0.285546,0.243000,0.334954,0.000000,0.000000,0.264397,0.375993,0.000000,0.297122,0.000000,0.274497,0.000000,0.281076,0.000000,0.000000,0.000000,0.000000,0.000000,0.000000,0.000000,0.000000,0.000000,0.000000,0.000000,0.238544,0.430501,0.000000,0.000000,0.000000,0.000000,0.000000,0.000000,0.000000,0.000000,0.236902,0.000000,0.000000,0.000000,0.000000,0.000000,0.000000,0.000000,0.000000,0.000000,0.000000,0.000000,0.000000,0.000000
0.000000,0.000000,0.000000,0.000000,0.000000,0.000000,0.000000,0.000000,0.000000,0.000000,0.000000,0.000000,0.000000,0.000000,0.000000,0.000000,0.000000,0.000000,0.000000,0.000000,0.000000,0.000000,0.000000,0.000000,0.000000,0.000000,0.000000,0.000000,0.000000,0.000000,0.000000,0.000000,0.000000,0.000000,0.000000,0.261500,0.000000,0.265980,0.000000,0.255397,0.000000,0.000000,0.288677,0.291318,0.000000,0.304212,0.264397,0.000000,0.000000,0.000000,0.000000,0.349419,0.000000,0.262082,0.000000,0.340976,0.000000,0.000000,0.000000,0.000000,0.000000,0.000000,0.000000,0.000000,0.000000,0.000000,0.000000,0.370803,0.000000,0.000000,0.000000,0.000000,0.000000,0.000000,0.000000,0.000000,0.000000,0.269189,0.000000,0.000000,0.000000,0.000000,0.000000,0.000000,0.000000,0.000000,0.000000,0.000000,0.000000,0.303333
0.000000,0.000000,0.000000,0.000000,0.000000,0.000000,0.000000,0.000000,0.000000,0.564532,0.000000,0.000000,0.000000,0.000000,0.538574,0.000000,0.532177,0.000000,0.000000,0.000000,0.000000,0.000000,0.000000,0.000000,0.000000,0.000000,0.000000,0.000000,0.530176,0.546785,0.000000,0.000000,0.534286,0.557206,0.000000,0.000000,0.000000,0.000000,0.000000,0.000000,0.000000,0.000000,0.221617,0.000000,0.349137,0.000000,0.375993,0.000000,0.000000,0.000000,0.352372,0.000000,0.000000,0.000000,0.000000,0.000000,0.000000,0.000000,0.423019,0.000000,0.000000,0.000000,0.000000,0.000000,0.000000,0.000000,0.364738,0.000000,0.000000,0.000000,0.548608,0.000000,0.566284,0.602222,0.000000,0.000000,0.000000,0.000000,0.508978,0.000000,0.548455,0.000000,0.000000,0.000000,0.585507,0.000000,0.000000,0.000000,0.000000,0.000000
