0.000000,0.000000,0.463959,0.000000,0.000000,0.000000,0.370186,0.000000,0.000000,0.000000,0.416272,0.000000,0.349000,0.000000,0.000000,0.000000,0.417132,0.000000,0.290445,0.000000,0.000000,0.000000,0.000000,0.000000,0.000000,0.000000,0.000000,0.000000,0.433277,0.000000,0.000000,0.000000,0.000000,0.000000,0.000000,0.000000,0.000000,0.000000,0.000000,0.000000,0.000000,0.000000,0.000000,0.000000,0.000000,0.000000,0.000000,0.000000,0.000000,0.000000,0.000000,0.000000,0.000000,0.000000,0.000000,0.000000,0.420377,0.000000,0.434261,0.000000,0.470778,0.000000,0.376133,0.000000,0.000000,0.000000,0.000000,0.000000,0.433646,0.000000,0.000000,0.000000,0.463787,0.000000,0.543297,0.000000,0.000000,0.000000,0.000000,0.000000,0.449493,0.000000,0.437079,0.000000,0.512696,0.000000,0.000000,0.000000,0.000000,0.000000
0.000000,0.000000,0.000000,0.329602,0.000000,0.000000,0.000000,0.345151,0.000000,0.000000,0.000000,0.387078,0.000000,0.371619,0.000000,0.000000,0.000000,0.283497,0.000000,0.297879,0.000000,0.000000,0.000000,0.000000,0.000000,0.000000,0.000000,0.000000,0.000000,0.000000,0.000000,0.000000,0.000000,0.407221,0.000000,0.000000,0.000000,0.000000,0.000000,0.000000,0.000000,0.000000,0.000000,0.000000,0.000000,0.000000,0.000000,0.000000,0.000000,0.000000,0.000000,0.000000,0.000000,0.000000,0.000000,0.000000,0.000000,0.408084,0.000000,0.000000,0.000000,0.000000,0.000000,0.418485,0.000000,0.426807,0.000000,0.000000,0.000000,0.365695,0.000000,0.000000,0.000000,0.448596,0.000000,0.000000,0.544431,0.469467,0.000000,0.000000,0.000000,0.434099,0.000000,0.000000,0.000000,0.459999,0.000000,0.000000,0.000000,0.469066
0.463959,0.000000,0.000000,0.531434,0.324699,0.000000,0.449668,0.000000,0.290484,0.000000,0.389964,0.000000,0.000000,0.000000,0.000000,0.000000,0.000000,0.000000,0.359061,0.000000,0.000000,0.000000,0.361909,0.000000,0.000000,0.000000,0.000000,0.000000,0.422749,0.000000,0.441735,0.512567,0.480199,0.546174,0.525523,0.000000,0.568928,0.000000,0.000000,0.000000,0.000000,0.000000,0.000000,0.000000,0.000000,0.000000,0.496783,0.000000,0.000000,0.000000,0.000000,0.000000,0.468223,0.000000,0.000000,0.000000,0.000000,0.000000,0.000000,0.000000,0.000000,0.000000,0.000000,0.000000,0.000000,0.000000,0.458245,0.000000,0.362758,0.000000,0.362339,0.584358,0.450412,0.517925,0.454126,0.000000,0.000000,0.541500,0.000000,0.000000,0.420369,0.000000,0.000000,0.000000,0.439037,0.000000,0.000000,0.000000,0.000000,0.000000
0.000000,0.329602,0.531434,0.000000,0.000000,0.317500,0.509516,0.369840,0.000000,0.000000,0.000000,0.397086,0.000000,0.370428,0.000000,0.000000,0.000000,0.000000,0.000000,0.371320,0.000000,0.356626,0.472647,0.303921,0.000000,0.000000,0.000000,0.000000,0.000000,0.000000,0.000000,0.380860,0.473721,0.442838,0.000000,0.543169,0.000000,0.000000,0.000000,0.000000,0.000000,0.000000,0.000000,0.000000,0.000000,0.000000,0.000000,0.000000,0.000000,0.000000,0.000000,0.000000,0.000000,0.000000,0.000000,0.000000,0.000000,0.000000,0.000000,0.000000,0.000000,0.000000,0.000000,0.000000,0.000000,0.000000,0.000000,0.423358,0.000000,0.406229,0.000000,0.000000,0.000000,0.345571,0.000000,0.000000,0.000000,0.000000,0.000000,0.000000,0.000000,0.000000,0.000000,0.000000,0.000000,0.000000,0.000000,0.000000,0.000000,0.000000
0.000000,0.000000,0.324699,0.000000,0.000000,0.489333,0.450015,0.000000,0.348894,0.000000,0.000000,0.000000,0.000000,0.000000,0.328456,0.000000,0.000000,0.000000,0.000000,0.000000,0.396719,0.000000,0.361350,0.000000,0.356802,0.492287,0.357203,0.000000,0.407517,0.000000,0.401767,0.502124,0.000000,0.000000,0.000000,0.000000,0.000000,0.000000,0.000000,0.000000,0.000000,0.000000,0.000000,0.000000,0.000000,0.000000,0.000000,0.000000,0.000000,0.000000,0.000000,0.000000,0.000000,0.000000,0.000000,0.000000,0.000000,0.000000,0.000000,0.000000,0.000000,0.000000,0.000000,0.000000,0.000000,0.000000,0.000000,0.000000,0.000000,0.000000,0.000000,0.000000,0.000000,0.000000,0.000000,0.000000,0.000000,0.000000,0.000000,0.000000,0.000000,0.000000,0.393846,0.000000,0.000000,0.000000,0.000000,0.000000,0.000000,0.000000
0.000000,0.000000,0.000000,0.317500,0.489333,0.000000,0.000000,0.000000,0.000000,0.371212,0.000000,0.000000,0.000000,0.000000,0.000000,0.357746,0.000000,0.000000,0.000000,0.000000,0.397557,0.366098,0.412796,0.360613,0.472487,0.320309,0.443031,0.311021,0.000000,0.405384,0.434822,0.402174,0.000000,0.000000,0.000000,0.000000,0.000000,0.000000,0.000000,0.000000,0.000000,0.000000,0.000000,0.000000,0.000000,0.000000,0.000000,0.000000,0.000000,0.000000,0.000000,0.000000,0.000000,0.000000,0.000000,0.000000,0.000000,0.000000,0.000000,0.000000,0.000000,0.000000,0.000000,0.000000,0.000000,0.000000,0.000000,0.000000,0.000000,0.000000,0.000000,0.388037,0.000000,0.000000,0.000000,0.000000,0.000000,0.000000,0.000000,0.000000,0.000000,0.000000,0.000000,0.000000,0.000000,0.000000,0.000000,0.000000,0.000000,0.000000
0.370186,0.000000,0.449668,0.509516,0.450015,0.000000,0.000000,0.502576,0.384560,0.000000,0.421994,0.000000,0.421444,0.000000,0.419332,0.000000,0.432483,0.000000,0.000000,0.000000,0.000000,0.000000,0.402183,0.000000,0.000000,0.000000,0.000000,0.000000,0.415121,0.000000,0.440952,0.493154,0.000000,0.000000,0.497335,0.000000,0.000000,0.000000,0.000000,0.000000,0.000000,0.000000,0.000000,0.000000,0.000000,0.000000,0.516837,0.000000,0.000000,0.000000,0.475194,0.000000,0.486605,0.000000,0.444996,0.000000,0.000000,0.000000,0.413496,0.000000,0.000000,0.000000,0.000000,0.000000,0.000000,0.000000,0.000000,0.000000,0.519522,0.000000,0.451903,0.000000,0.435726,0.516890,0.494111,0.000000,0.481335,0.518116,0.000000,0.000000,0.468858,0.000000,0.459697,0.000000,0.483649,0.000000,0.000000,0.000000,0.440802,0.000000
0.000000,0.345151,0.000000,0.369840,0.000000,0.000000,0.502576,0.000000,0.000000,0.318879,0.000000,0.347413,0.000000,0.354093,0.000000,0.000000,0.000000,0.000000,0.000000,0.000000,0.000000,0.000000,0.000000,0.303108,0.000000,0.000000,0.000000,0.000000,0.000000,0.000000,0.000000,0.321529,0.000000,0.000000,0.000000,0.000000,0.000000,0.000000,0.000000,0.000000,0.000000,0.000000,0.000000,0.000000,0.000000,0.000000,0.000000,0.000000,0.000000,0.000000,0.000000,0.000000,0.000000,0.000000,0.000000,0.000000,0.000000,0.000000,0.000000,0.000000,0.000000,0.000000,0.000000,0.000000,0.000000,0.000000,0.000000,0.000000,0.000000,0.000000,0.000000,0.360714,0.000000,0.422257,0.000000,0.000000,0.000000,0.404712,0.000000,0.000000,0.000000,0.000000,0.000000,0.000000,0.000000,0.000000,0.000000,0.000000,0.000000,0.000000
0.000000,0.000000,0.290484,0.000000,0.348894,0.000000,0.384560,0.000000,0.000000,0.000000,0.000000,0.000000,0.349639,0.000000,0.352077,0.000000,0.000000,0.000000,0.000000,0.000000,0.000000,0.000000,0.000000,0.000000,0.000000,0.000000,0.351294,0.000000,0.453214,0.000000,0.000000,0.000000,0.000000,0.000000,0.000000,0.000000,0.000000,0.000000,0.000000,0.000000,0.000000,0.000000,0.488798,0.000000,0.000000,0.000000,0.508233,0.000000,0.000000,0.000000,0.000000,0.000000,0.471030,0.000000,0.493188,0.000000,0.000000,0.000000,0.000000,0.000000,0.000000,0.000000,0.000000,0.000000,0.000000,0.000000,0.000000,0.000000,0.000000,0.000000,0.401741,0.000000,0.379953,0.000000,0.000000,0.000000,0.000000,0.000000,0.000000,0.000000,0.494515,0.000000,0.000000,0.000000,0.000000,0.000000,0.000000,0.000000,0.439693,0.000000
0.000000,0.000000,0.000000,0.000000,0.000000,0.371212,0.000000,0.318879,0.000000,0.000000,0.000000,0.000000,0.000000,0.000000,0.000000,0.349995,0.000000,0.000000,0.000000,0.000000,0.000000,0.409463,0.000000,0.000000,0.000000,0.370633,0.000000,0.000000,0.000000,0.427100,0.587799,0.445939,0.000000,0.000000,0.000000,0.000000,0.000000,0.000000,0.000000,0.470529,0.000000,0.000000,0.000000,0.000000,0.000000,0.000000,0.000000,0.492471,0.000000,0.000000,0.000000,0.000000,0.000000,0.000000,0.000000,0.000000,0.000000,0.000000,0.000000,0.000000,0.000000,0.000000,0.000000,0.000000,0.000000,0.000000,0.000000,0.000000,0.000000,0.000000,0.000000,0.375650,0.000000,0.374365,0.000000,0.000000,0.000000,0.426881,0.000000,0.000000,0.000000,0.000000,0.000000,0.000000,0.000000,0.000000,0.000000,0.000000,0.000000,0.000000
0.416272,0.000000,0.389964,0.000000,0.000000,0.000000,0.421994,0.000000,0.000000,0.000000,0.000000,0.000000,0.386679,0.000000,0.000000,0.000000,0.405042,0.000000,0.000000,0.000000,0.000000,0.000000,0.000000,0.000000,0.000000,0.000000,0.000000,0.000000,0.345295,0.000000,0.000000,0.000000,0.000000,0.000000,0.000000,0.000000,0.000000,0.000000,0.000000,0.000000,0.000000,0.000000,0.000000,0.000000,0.000000,0.000000,0.000000,0.000000,0.000000,0.000000,0.000000,0.000000,0.000000,0.000000,0.000000,0.000000,0.406973,0.000000,0.000000,0.000000,0.000000,0.000000,0.000000,0.000000,0.000000,0.000000,0.000000,0.000000,0.000000,0.000000,0.000000,0.000000,0.000000,0.000000,0.000000,0.000000,0.000000,0.000000,0.000000,0.000000,0.457151,0.000000,0.357971,0.000000,0.463295,0.000000,0.000000,0.000000,0.000000,0.000000
0.000000,0.387078,0.000000,0.397086,0.000000,0.000000,0.000000,0.347413,0.000000,0.000000,0.000000,0.000000,0.000000,0.336847,0.000000,0.000000,0.000000,0.319725,0.000000,0.000000,0.000000,0.000000,0.000000,0.000000,0.000000,0.000000,0.000000,0.000000,0.000000,0.389312,0.000000,0.000000,0.000000,0.000000,0.000000,0.000000,0.000000,0.000000,0.000000,0.000000,0.000000,0.000000,0.000000,0.000000,0.000000,0.000000,0.000000,0.000000,0.000000,0.000000,0.000000,0.000000,0.000000,0.000000,0.000000,0.000000,0.000000,0.000000,0.000000,0.000000,0.000000,0.000000,0.000000,0.000000,0.000000,0.000000,0.000000,0.000000,0.000000,0.000000,0.000000,0.000000,0.000000,0.000000,0.000000,0.000000,0.000000,0.000000,0.000000,0.000000,0.000000,0.000000,0.000000,0.000000,0.000000,0.432558,0.000000,0.000000,0.000000,0.444276
0.349000,0.000000,0.000000,0.000000,0.000000,0.000000,0.421444,0.000000,0.349639,0.000000,0.386679,0.000000,0.000000,0.000000,0.361309,0.000000,0.346151,0.000000,0.000000,0.000000,0.000000,0.000000,0.000000,0.000000,0.000000,0.000000,0.000000,0.000000,0.387548,0.000000,0.000000,0.000000,0.000000,0.000000,0.000000,0.000000,0.000000,0.000000,0.000000,0.000000,0.000000,0.000000,0.490709,0.000000,0.000000,0.000000,0.513498,0.000000,0.000000,0.000000,0.000000,0.000000,0.479192,0.000000,0.522500,0.000000,0.431733,0.000000,0.000000,0.000000,0.000000,0.000000,0.000000,0.000000,0.000000,0.000000,0.000000,0.000000,0.000000,0.000000,0.517401,0.000000,0.463632,0.000000,0.000000,0.000000,0.000000,0.000000,0.000000,0.000000,0.482902,0.000000,0.000000,0.000000,0.000000,0.000000,0.000000,0.000000,0.000000,0.000000
0.000000,0.371619,0.000000,0.370428,0.000000,0.000000,0.000000,0.354093,0.000000,0.000000,0.000000,0.336847,0.000000,0.000000,0.000000,0.369694,0.000000,0.000000,0.000000,0.000000,0.000000,0.000000,0.000000,0.000000,0.000000,0.000000,0.000000,0.000000,0.000000,0.391090,0.000000,0.000000,0.000000,0.000000,0.000000,0.000000,0.000000,0.000000,0.000000,0.000000,0.000000,0.000000,0.000000,0.493816,0.000000,0.000000,0.000000,0.473397,0.000000,0.000000,0.000000,0.000000,0.000000,0.000000,0.000000,0.463285,0.000000,0.000000,0.000000,0.452558,0.000000,0.000000,0.000000,0.000000,0.000000,0.000000,0.000000,0.000000,0.000000,0.000000,0.000000,0.000000,0.000000,0.408602,0.000000,0.000000,0.000000,0.000000,0.000000,0.000000,0.000000,0.000000,0.000000,0.000000,0.000000,0.000000,0.000000,0.000000,0.000000,0.000000
0.000000,0.000000,0.000000,0.000000,0.328456,0.000000,0.419332,0.000000,0.352077,0.000000,0.000000,0.000000,0.361309,0.000000,0.000000,0.000000,0.000000,0.000000,0.000000,0.000000,0.385323,0.000000,0.000000,0.000000,0.326167,0.487742,0.380512,0.000000,0.363313,0.000000,0.440328,0.489361,0.000000,0.000000,0.000000,0.000000,0.000000,0.000000,0.256007,0.000000,0.000000,0.000000,0.000000,0.000000,0.000000,0.000000,0.000000,0.000000,0.000000,0.000000,0.000000,0.000000,0.000000,0.000000,0.524848,0.000000,0.000000,0.000000,0.000000,0.000000,0.000000,0.000000,0.000000,0.000000,0.000000,0.000000,0.000000,0.000000,0.000000,0.000000,0.000000,0.000000,0.000000,0.000000,0.000000,0.000000,0.000000,0.000000,0.000000,0.000000,0.000000,0.000000,0.274337,0.000000,0.000000,0.000000,0.000000,0.000000,0.000000,0.000000
0.000000,0.000000,0.000000,0.000000,0.000000,0.357746,0.000000,0.000000,0.000000,0.349995,0.000000,0.000000,0.000000,0.369694,0.000000,0.000000,0.000000,0.000000,0.000000,0.000000,0.000000,0.290255,0.000000,0.000000,0.000000,0.000000,0.000000,0.348105,0.000000,0.372029,0.000000,0.000000,0.000000,0.000000,0.000000,0.000000,0.000000,0.468026,0.000000,0.446810,0.000000,0.000000,0.509793,0.471562,0.000000,0.000000,0.000000,0.477989,0.626673,0.450317,0.000000,0.000000,0.000000,0.000000,0.000000,0.466318,0.000000,0.000000,0.000000,0.444140,0.000000,0.000000,0.000000,0.000000,0.000000,0.000000,0.000000,0.000000,0.000000,0.000000,0.000000,0.387578,0.000000,0.410754,0.000000,0.000000,0.000000,0.000000,0.000000,0.000000,0.000000,0.000000,0.000000,0.442420,0.000000,0.000000,0.000000,0.419314,0.000000,0.000000
0.417132,0.000000,0.000000,0.000000,0.000000,0.000000,0.432483,0.000000,0.000000,0.000000,0.405042,0.000000,0.346151,0.000000,0.000000,0.000000,0.000000,0.000000,0.000000,0.000000,0.000000,0.000000,0.000000,0.000000,0.000000,0.000000,0.000000,0.000000,0.348590,0.000000,0.000000,0.000000,0.000000,0.000000,0.000000,0.000000,0.000000,0.000000,0.000000,0.000000,0.000000,0.000000,0.000000,0.000000,0.000000,0.000000,0.000000,0.000000,0.000000,0.000000,0.000000,0.000000,0.000000,0.000000,0.000000,0.000000,0.374828,0.000000,0.000000,0.000000,0.000000,0.000000,0.431563,0.000000,0.000000,0.000000,0.000000,0.000000,0.000000,0.000000,0.000000,0.000000,0.000000,0.000000,0.000000,0.000000,0.000000,0.000000,0.288759,0.000000,0.422787,0.000000,0.316244,0.000000,0.469461,0.000000,0.000000,0.000000,0.000000,0.000000
0.000000,0.283497,0.000000,0.000000,0.000000,0.000000,0.000000,0.000000,0.000000,0.000000,0.000000,0.319725,0.000000,0.000000,0.000000,0.000000,0.000000,0.000000,0.000000,0.000000,0.000000,0.000000,0.000000,0.000000,0.000000,0.000000,0.000000,0.000000,0.000000,0.350653,0.000000,0.000000,0.000000,0.000000,0.000000,0.000000,0.000000,0.000000,0.000000,0.000000,0.000000,0.000000,0.000000,0.000000,0.000000,0.000000,0.000000,0.000000,0.000000,0.000000,0.000000,0.000000,0.000000,0.000000,0.000000,0.000000,0.000000,0.358867,0.000000,0.000000,0.000000,0.000000,0.000000,0.410644,0.000000,0.000000,0.000000,0.000000,0.000000,0.000000,0.000000,0.000000,0.000000,0.359051,0.000000,0.000000,0.000000,0.000000,0.000000,0.262033,0.000000,0.383621,0.000000,0.394914,0.000000,0.448689,0.000000,0.000000,0.000000,0.448370
0.290445,0.000000,0.359061,0.000000,0.000000,0.000000,0.000000,0.000000,0.000000,0.000000,0.000000,0.000000,0.000000,0.000000,0.000000,0.000000,0.000000,0.000000,0.000000,0.000000,0.000000,0.000000,0.344966,0.000000,0.000000,0.000000,0.000000,0.000000,0.000000,0.000000,0.000000,0.000000,0.458462,0.503856,0.487887,0.000000,0.504157,0.000000,0.000000,0.000000,0.000000,0.000000,0.000000,0.000000,0.000000,0.000000,0.000000,0.000000,0.000000,0.000000,0.000000,0.000000,0.000000,0.000000,0.000000,0.000000,0.000000,0.000000,0.000000,0.000000,0.000000,0.000000,0.000000,0.000000,0.000000,0.000000,0.453901,0.000000,0.455405,0.000000,0.000000,0.000000,0.000000,0.000000,0.000000,0.000000,0.000000,0.000000,0.000000,0.000000,0.000000,0.000000,0.000000,0.000000,0.000000,0.000000,0.000000,0.000000,0.000000,0.000000
0.000000,0.297879,0.000000,0.371320,0.000000,0.000000,0.000000,0.000000,0.000000,0.000000,0.000000,0.000000,0.000000,0.000000,0.000000,0.000000,0.000000,0.000000,0.000000,0.000000,0.000000,0.000000,0.000000,0.329304,0.000000,0.000000,0.000000,0.000000,0.000000,0.000000,0.000000,0.000000,0.517585,0.392642,0.000000,0.505893,0.000000,0.517352,0.000000,0.476928,0.000000,0.000000,0.000000,0.000000,0.000000,0.000000,0.000000,0.000000,0.000000,0.000000,0.000000,0.000000,0.000000,0.000000,0.000000,0.000000,0.000000,0.000000,0.000000,0.000000,0.000000,0.000000,0.000000,0.000000,0.000000,0.000000,0.000000,0.458163,0.000000,0.296215,0.000000,0.000000,0.000000,0.000000,0.000000,0.000000,0.000000,0.000000,0.000000,0.000000,0.000000,0.000000,0.000000,0.000000,0.000000,0.000000,0.000000,0.000000,0.000000,0.000000
0.000000,0.000000,0.000000,0.000000,0.396719,0.397557,0.000000,0.000000,0.000000,0.000000,0.000000,0.000000,0.000000,0.000000,0.385323,0.000000,0.000000,0.000000,0.000000,0.000000,0.000000,0.259227,0.390365,0.365880,0.310049,0.306485,0.400087,0.305297,0.412535,0.000000,0.323766,0.323200,0.000000,0.000000,0.000000,0.000000,0.000000,0.000000,0.000000,0.000000,0.247589,0.000000,0.000000,0.000000,0.000000,0.000000,0.000000,0.000000,0.000000,0.000000,0.000000,0.000000,0.000000,0.000000,0.000000,0.000000,0.000000,0.000000,0.000000,0.000000,0.000000,0.000000,0.000000,0.000000,0.000000,0.000000,0.000000,0.000000,0.000000,0.000000,0.324926,0.271701,0.000000,0.000000,0.000000,0.000000,0.000000,0.000000,0.000000,0.000000,0.000000,0.000000,0.000000,0.000000,0.000000,0.000000,0.000000,0.000000,0.000000,0.000000
0.000000,0.000000,0.000000,0.356626,0.000000,0.366098,0.000000,0.000000,0.000000,0.409463,0.000000,0.000000,0.000000,0.000000,0.000000,0.290255,0.000000,0.000000,0.000000,0.000000,0.259227,0.000000,0.000000,0.381782,0.000000,0.342540,0.445599,0.319970,0.000000,0.353890,0.286139,0.356409,0.000000,0.000000,0.000000,0.000000,0.000000,0.000000,0.000000,0.000000,0.000000,0.000000,0.000000,0.000000,0.000000,0.000000,0.000000,0.000000,0.000000,0.000000,0.000000,0.000000,0.000000,0.000000,0.000000,0.000000,0.000000,0.000000,0.000000,0.000000,0.000000,0.000000,0.000000,0.000000,0.000000,0.000000,0.000000,0.000000,0.000000,0.000000,0.289462,0.302916,0.000000,0.311361,0.000000,0.000000,0.000000,0.000000,0.000000,0.000000,0.000000,0.000000,0.000000,0.328998,0.000000,0.000000,0.000000,0.000000,0.000000,0.000000
0.000000,0.000000,0.361909,0.472647,0.361350,0.412796,0.402183,0.000000,0.000000,0.000000,0.000000,0.000000,0.000000,0.000000,0.000000,0.000000,0.000000,0.000000,0.344966,0.000000,0.390365,0.000000,0.000000,0.000000,0.325055,0.000000,0.410649,0.000000,0.000000,0.000000,0.419096,0.424472,0.448019,0.000000,0.520785,0.547203,0.579145,0.000000,0.000000,0.000000,0.000000,0.000000,0.000000,0.000000,0.000000,0.000000,0.000000,0.000000,0.000000,0.000000,0.000000,0.000000,0.000000,0.000000,0.000000,0.000000,0.000000,0.000000,0.000000,0.000000,0.000000,0.000000,0.000000,0.000000,0.000000,0.000000,0.504700,0.000000,0.477280,0.000000,0.371699,0.000000,0.000000,0.000000,0.000000,0.000000,0.000000,0.000000,0.000000,0.000000,0.000000,0.000000,0.000000,0.000000,0.000000,0.000000,0.000000,0.000000,0.000000,0.000000
0.000000,0.000000,0.000000,0.303921,0.000000,0.360613,0.000000,0.303108,0.000000,0.000000,0.000000,0.000000,0.000000,0.000000,0.000000,0.000000,0.000000,0.000000,0.000000,0.329304,0.365880,0.381782,0.000000,0.000000,0.000000,0.265562,0.000000,0.000000,0.000000,0.000000,0.302926,0.375635,0.000000,0.437487,0.000000,0.521126,0.000000,0.514854,0.000000,0.000000,0.000000,0.000000,0.000000,0.000000,0.000000,0.000000,0.000000,0.000000,0.000000,0.000000,0.000000,0.000000,0.000000,0.000000,0.000000,0.000000,0.000000,0.000000,0.000000,0.000000,0.000000,0.000000,0.000000,0.000000,0.000000,0.000000,0.000000,0.546855,0.000000,0.000000,0.000000,0.000000,0.000000,0.000000,0.000000,0.000000,0.000000,0.000000,0.000000,0.000000,0.000000,0.000000,0.000000,0.000000,0.000000,0.000000,0.000000,0.000000,0.000000,0.000000
0.000000,0.000000,0.000000,0.000000,0.356802,0.472487,0.000000,0.000000,0.000000,0.000000,0.000000,0.000000,0.000000,0.000000,0.326167,0.000000,0.000000,0.000000,0.000000,0.000000,0.310049,0.000000,0.325055,0.000000,0.000000,0.338592,0.391200,0.290362,0.000000,0.000000,0.368730,0.459872,0.000000,0.000000,0.000000,0.000000,0.000000,0.000000,0.000000,0.000000,0.000000,0.000000,0.000000,0.000000,0.000000,0.000000,0.000000,0.000000,0.000000,0.000000,0.000000,0.000000,0.000000,0.000000,0.000000,0.000000,0.000000,0.000000,0.000000,0.000000,0.000000,0.000000,0.000000,0.000000,0.000000,0.000000,0.000000,0.000000,0.000000,0.000000,0.000000,0.000000,0.000000,0.000000,0.000000,0.000000,0.000000,0.000000,0.000000,0.000000,0.000000,0.000000,0.000000,0.000000,0.000000,0.000000,0.000000,0.000000,0.000000,0.000000
0.000000,0.000000,0.000000,0.000000,0.492287,0.320309,0.000000,0.000000,0.000000,0.370633,0.000000,0.000000,0.000000,0.000000,0.487742,0.000000,0.000000,0.000000,0.000000,0.000000,0.306485,0.342540,0.000000,0.265562,0.338592,0.000000,0.335318,0.331918,0.000000,0.479763,0.383713,0.347352,0.000000,0.000000,0.000000,0.000000,0.000000,0.000000,0.000000,0.000000,0.000000,0.000000,0.000000,0.000000,0.000000,0.000000,0.000000,0.000000,0.000000,0.000000,0.000000,0.000000,0.000000,0.000000,0.000000,0.000000,0.000000,0.000000,0.000000,0.000000,0.000000,0.000000,0.000000,0.000000,0.000000,0.000000,0.000000,0.000000,0.000000,0.000000,0.000000,0.373151,0.000000,0.000000,0.000000,0.000000,0.000000,0.000000,0.000000,0.000000,0.000000,0.000000,0.000000,0.000000,0.000000,0.000000,0.000000,0.000000,0.000000,0.000000
0.000000,0.000000,0.000000,0.000000,0.357203,0.443031,0.000000,0.000000,0.351294,0.000000,0.000000,0.000000,0.000000,0.000000,0.380512,0.000000,0.000000,0.000000,0.000000,0.000000,0.400087,0.445599,0.410649,0.000000,0.391200,0.335318,0.000000,0.348988,0.401709,0.000000,0.391142,0.000000,0.000000,0.000000,0.000000,0.000000,0.000000,0.000000,0.000000,0.000000,0.000000,0.000000,0.000000,0.000000,0.000000,0.000000,0.000000,0.000000,0.000000,0.000000,0.000000,0.000000,0.000000,0.000000,0.000000,0.000000,0.000000,0.000000,0.000000,0.000000,0.000000,0.000000,0.000000,0.000000,0.000000,0.000000,0.000000,0.000000,0.000000,0.000000,0.331763,0.000000,0.000000,0.000000,0.000000,0.000000,0.000000,0.000000,0.000000,0.000000,0.000000,0.000000,0.426768,0.000000,0.000000,0.000000,0.000000,0.000000,0.000000,0.000000
0.000000,0.000000,0.000000,0.000000,0.000000,0.311021,0.000000,0.000000,0.000000,0.000000,0.000000,0.000000,0.000000,0.000000,0.000000,0.348105,0.000000,0.000000,0.000000,0.000000,0.305297,0.319970,0.000000,0.000000,0.290362,0.331918,0.348988,0.000000,0.000000,0.399927,0.365024,0.380595,0.000000,0.000000,0.000000,0.000000,0.000000,0.000000,0.000000,0.000000,0.000000,0.329035,0.000000,0.000000,0.000000,0.000000,0.000000,0.000000,0.000000,0.000000,0.000000,0.000000,0.000000,0.000000,0.000000,0.000000,0.000000,0.000000,0.000000,0.000000,0.000000,0.000000,0.000000,0.000000,0.000000,0.000000,0.000000,0.000000,0.000000,0.000000,0.000000,0.319556,0.000000,0.356300,0.000000,0.000000,0.000000,0.000000,0.000000,0.000000,0.000000,0.000000,0.000000,0.352840,0.000000,0.000000,0.000000,0.000000,0.000000,0.000000
0.433277,0.000000,0.422749,0.000000,0.407517,0.000000,0.415121,0.000000,0.453214,0.000000,0.345295,0.000000,0.387548,0.000000,0.363313,0.000000,0.348590,0.000000,0.000000,0.000000,0.412535,0.000000,0.000000,0.000000,0.000000,0.000000,0.401709,0.000000,0.000000,0.000000,0.454658,0.000000,0.000000,0.000000,0.000000,0.000000,0.000000,0.000000,0.000000,0.000000,0.000000,0.000000,0.456379,0.000000,0.000000,0.000000,0.455651,0.000000,0.000000,0.000000,0.000000,0.000000,0.469728,0.000000,0.000000,0.000000,0.379176,0.000000,0.000000,0.000000,0.000000,0.000000,0.421512,0.000000,0.000000,0.000000,0.000000,0.000000,0.000000,0.000000,0.000000,0.000000,0.308671,0.481323,0.000000,0.000000,0.000000,0.000000,0.327521,0.000000,0.404831,0.000000,0.375958,0.000000,0.463103,0.000000,0.000000,0.000000,0.000000,0.000000
0.000000,0.000000,0.000000,0.000000,0.000000,0.405384,0.000000,0.000000,0.000000,0.427100,0.000000,0.389312,0.000000,0.391090,0.000000,0.372029,0.000000,0.350653,0.000000,0.000000,0.000000,0.353890,0.000000,0.000000,0.000000,0.479763,0.000000,0.399927,0.000000,0.000000,0.000000,0.000000,0.000000,0.000000,0.000000,0.000000,0.000000,0.000000,0.000000,0.000000,0.000000,0.000000,0.000000,0.000000,0.000000,0.000000,0.000000,0.000000,0.000000,0.000000,0.000000,0.000000,0.000000,0.000000,0.000000,0.000000,0.000000,0.379254,0.000000,0.494321,0.000000,0.000000,0.000000,0.380437,0.000000,0.000000,0.000000,0.000000,0.000000,0.000000,0.000000,0.000000,0.000000,0.345945,0.000000,0.000000,0.000000,0.000000,0.000000,0.284533,0.000000,0.379782,0.000000,0.380206,0.000000,0.447737,0.000000,0.000000,0.000000,0.442666
0.000000,0.000000,0.441735,0.000000,0.401767,0.434822,0.440952,0.000000,0.000000,0.587799,0.000000,0.000000,0.000000,0.000000,0.440328,0.000000,0.000000,0.000000,0.000000,0.000000,0.323766,0.286139,0.419096,0.302926,0.368730,0.383713,0.391142,0.365024,0.454658,0.000000,0.000000,0.417850,0.519543,0.533146,0.510515,0.000000,0.577238,0.000000,0.000000,0.000000,0.000000,0.000000,0.000000,0.000000,0.000000,0.000000,0.000000,0.000000,0.000000,0.000000,0.000000,0.000000,0.000000,0.000000,0.000000,0.000000,0.000000,0.000000,0.000000,0.000000,0.000000,0.000000,0.000000,0.000000,0.000000,0.000000,0.524694,0.000000,0.000000,0.000000,0.282897,0.000000,0.460601,0.470127,0.000000,0.000000,0.000000,0.000000,0.000000,0.000000,0.000000,0.000000,0.000000,0.000000,0.000000,0.000000,0.000000,0.000000,0.000000,0.000000
0.000000,0.000000,0.512567,0.380860,0.502124,0.402174,0.493154,0.321529,0.000000,0.445939,0.000000,0.000000,0.000000,0.000000,0.489361,0.000000,0.000000,0.000000,0.000000,0.000000,0.323200,0.356409,0.424472,0.375635,0.459872,0.347352,0.000000,0.380595,0.000000,0.000000,0.417850,0.000000,0.519830,0.390611,0.000000,0.556720,0.000000,0.000000,0.000000,0.000000,0.000000,0.000000,0.000000,0.000000,0.000000,0.000000,0.000000,0.000000,0.000000,0.000000,0.000000,0.000000,0.000000,0.000000,0.000000,0.000000,0.000000,0.000000,0.000000,0.000000,0.000000,0.000000,0.000000,0.000000,0.000000,0.000000,0.000000,0.538156,0.000000,0.000000,0.000000,0.356089,0.474019,0.000000,0.000000,0.000000,0.000000,0.000000,0.000000,0.000000,0.000000,0.000000,0.000000,0.000000,0.000000,0.000000,0.000000,0.000000,0.000000,0.000000
0.000000,0.000000,0.480199,0.473721,0.000000,0.000000,0.000000,0.000000,0.000000,0.000000,0.000000,0.000000,0.000000,0.000000,0.000000,0.000000,0.000000,0.000000,0.458462,0.517585,0.000000,0.000000,0.448019,0.000000,0.000000,0.000000,0.000000,0.000000,0.000000,0.000000,0.519543,0.519830,0.000000,0.500302,0.466885,0.000000,0.582176,0.000000,0.000000,0.000000,0.000000,0.000000,0.000000,0.000000,0.000000,0.000000,0.000000,0.000000,0.000000,0.000000,0.000000,0.000000,0.000000,0.000000,0.000000,0.000000,0.000000,0.000000,0.000000,0.000000,0.000000,0.000000,0.000000,0.000000,0.000000,0.000000,0.379202,0.000000,0.374207,0.390146,0.000000,0.000000,0.000000,0.470835,0.000000,0.000000,0.000000,0.490376,0.000000,0.000000,0.000000,0.000000,0.000000,0.000000,0.000000,0.000000,0.000000,0.000000,0.000000,0.000000
0.000000,0.407221,0.546174,0.442838,0.000000,0.000000,0.000000,0.000000,0.000000,0.000000,0.000000,0.000000,0.000000,0.000000,0.000000,0.000000,0.000000,0.000000,0.503856,0.392642,0.000000,0.000000,0.000000,0.437487,0.000000,0.000000,0.000000,0.000000,0.000000,0.000000,0.533146,0.390611,0.500302,0.000000,0.000000,0.526681,0.000000,0.503052,0.000000,0.000000,0.000000,0.000000,0.000000,0.000000,0.000000,0.000000,0.000000,0.000000,0.494318,0.000000,0.000000,0.000000,0.000000,0.000000,0.000000,0.000000,0.000000,0.000000,0.000000,0.000000,0.000000,0.000000,0.000000,0.000000,0.000000,0.000000,0.492606,0.392893,0.000000,0.379487,0.000000,0.000000,0.000000,0.000000,0.000000,0.000000,0.543760,0.463348,0.000000,0.000000,0.000000,0.000000,0.000000,0.000000,0.000000,0.000000,0.000000,0.000000,0.000000,0.000000
0.000000,0.000000,0.525523,0.000000,0.000000,0.000000,0.497335,0.000000,0.000000,0.000000,0.000000,0.000000,0.000000,0.000000,0.000000,0.000000,0.000000,0.000000,0.487887,0.000000,0.000000,0.000000,0.520785,0.000000,0.000000,0.000000,0.000000,0.000000,0.000000,0.000000,0.510515,0.000000,0.466885,0.000000,0.000000,0.311809,0.479734,0.000000,0.000000,0.000000,0.000000,0.000000,0.412088,0.000000,0.499238,0.489418,0.523556,0.000000,0.000000,0.000000,0.000000,0.000000,0.000000,0.000000,0.000000,0.000000,0.000000,0.000000,0.000000,0.000000,0.000000,0.000000,0.000000,0.000000,0.000000,0.000000,0.379133,0.493280,0.372104,0.000000,0.000000,0.000000,0.000000,0.000000,0.000000,0.000000,0.000000,0.000000,0.000000,0.000000,0.000000,0.000000,0.000000,0.000000,0.000000,0.000000,0.000000,0.000000,0.000000,0.000000
0.000000,0.000000,0.000000,0.543169,0.000000,0.000000,0.000000,0.000000,0.000000,0.000000,0.000000,0.000000,0.000000,0.000000,0.000000,0.000000,0.000000,0.000000,0.000000,0.505893,0.000000,0.000000,0.547203,0.521126,0.000000,0.000000,0.000000,0.000000,0.000000,0.000000,0.000000,0.556720,0.000000,0.526681,0.311809,0.000000,0.000000,0.448163,0.000000,0.468030,0.000000,0.000000,0.591351,0.000000,0.578171,0.000000,0.000000,0.399143,0.568639,0.000000,0.000000,0.000000,0.000000,0.000000,0.000000,0.000000,0.000000,0.422692,0.000000,0.000000,0.000000,0.000000,0.000000,0.000000,0.000000,0.000000,0.496931,0.385995,0.000000,0.000000,0.000000,0.000000,0.000000,0.000000,0.000000,0.000000,0.000000,0.000000,0.000000,0.000000,0.000000,0.000000,0.000000,0.000000,0.000000,0.000000,0.000000,0.000000,0.000000,0.000000
0.000000,0.000000,0.568928,0.000000,0.000000,0.000000,0.000000,0.000000,0.000000,0.000000,0.000000,0.000000,0.000000,0.000000,0.000000,0.000000,0.000000,0.000000,0.504157,0.000000,0.000000,0.000000,0.579145,0.000000,0.000000,0.000000,0.000000,0.000000,0.000000,0.000000,0.577238,0.000000,0.582176,0.000000,0.479734,0.000000,0.000000,0.000000,0.321509,0.000000,0.404309,0.000000,0.505247,0.000000,0.431838,0.000000,0.446936,0.000000,0.000000,0.000000,0.000000,0.000000,0.000000,0.000000,0.467379,0.000000,0.000000,0.000000,0.000000,0.590952,0.000000,0.000000,0.000000,0.000000,0.000000,0.000000,0.538639,0.000000,0.000000,0.000000,0.000000,0.000000,0.000000,0.000000,0.000000,0.000000,0.354717,0.000000,0.000000,0.000000,0.000000,0.000000,0.463326,0.000000,0.386980,0.000000,0.455770,0.000000,0.000000,0.000000
0.000000,0.000000,0.000000,0.000000,0.000000,0.000000,0.000000,0.000000,0.000000,0.000000,0.000000,0.000000,0.000000,0.000000,0.000000,0.468026,0.000000,0.000000,0.000000,0.517352,0.000000,0.000000,0.000000,0.514854,0.000000,0.000000,0.000000,0.000000,0.000000,0.000000,0.000000,0.000000,0.000000,0.503052,0.000000,0.448163,0.000000,0.000000,0.000000,0.364643,0.000000,0.424004,0.000000,0.000000,0.000000,0.469794,0.000000,0.399904,0.000000,0.000000,0.000000,0.000000,0.000000,0.000000,0.000000,0.334243,0.000000,0.000000,0.000000,0.000000,0.000000,0.000000,0.000000,0.000000,0.000000,0.000000,0.000000,0.451422,0.000000,0.000000,0.000000,0.000000,0.604323,0.000000,0.000000,0.000000,0.573328,0.481842,0.000000,0.000000,0.000000,0.000000,0.000000,0.365214,0.000000,0.431398,0.000000,0.436312,0.000000,0.359535
0.000000,0.000000,0.000000,0.000000,0.000000,0.000000,0.000000,0.000000,0.000000,0.000000,0.000000,0.000000,0.000000,0.000000,0.256007,0.000000,0.000000,0.000000,0.000000,0.000000,0.000000,0.000000,0.000000,0.000000,0.000000,0.000000,0.000000,0.000000,0.000000,0.000000,0.000000,0.000000,0.000000,0.000000,0.000000,0.000000,0.321509,0.000000,0.000000,0.000000,0.287685,0.000000,0.459288,0.000000,0.450693,0.000000,0.369062,0.000000,0.000000,0.000000,0.000000,0.000000,0.339587,0.000000,0.408755,0.000000,0.000000,0.000000,0.000000,0.000000,0.000000,0.000000,0.000000,0.000000,0.000000,0.000000,0.452266,0.000000,0.000000,0.000000,0.000000,0.000000,0.000000,0.000000,0.000000,0.000000,0.000000,0.000000,0.000000,0.000000,0.000000,0.000000,0.379542,0.000000,0.440880,0.000000,0.390973,0.000000,0.556490,0.000000
0.000000,0.000000,0.000000,0.000000,0.000000,0.000000,0.000000,0.000000,0.000000,0.470529,0.000000,0.000000,0.000000,0.000000,0.000000,0.446810,0.000000,0.000000,0.000000,0.476928,0.000000,0.000000,0.000000,0.000000,0.000000,0.000000,0.000000,0.000000,0.000000,0.000000,0.000000,0.000000,0.000000,0.000000,0.000000,0.468030,0.000000,0.364643,0.000000,0.000000,0.000000,0.308563,0.000000,0.479437,0.000000,0.511841,0.000000,0.415072,0.000000,0.000000,0.000000,0.000000,0.000000,0.000000,0.000000,0.404456,0.000000,0.000000,0.000000,0.000000,0.000000,0.000000,0.000000,0.000000,0.000000,0.000000,0.000000,0.467930,0.000000,0.000000,0.000000,0.000000,0.000000,0.000000,0.000000,0.000000,0.000000,0.481732,0.000000,0.000000,0.000000,0.000000,0.000000,0.244084,0.000000,0.000000,0.000000,0.332798,0.000000,0.389896
0.000000,0.000000,0.000000,0.000000,0.000000,0.000000,0.000000,0.000000,0.000000,0.000000,0.000000,0.000000,0.000000,0.000000,0.000000,0.000000,0.000000,0.000000,0.000000,0.000000,0.247589,0.000000,0.000000,0.000000,0.000000,0.000000,0.000000,0.000000,0.000000,0.000000,0.000000,0.000000,0.000000,0.000000,0.000000,0.000000,0.404309,0.000000,0.287685,0.000000,0.000000,0.000000,0.000000,0.000000,0.000000,0.000000,0.000000,0.000000,0.000000,0.000000,0.000000,0.000000,0.449645,0.000000,0.000000,0.000000,0.000000,0.000000,0.000000,0.000000,0.000000,0.000000,0.000000,0.000000,0.000000,0.000000,0.000000,0.000000,0.000000,0.000000,0.000000,0.000000,0.353990,0.000000,0.000000,0.000000,0.000000,0.000000,0.000000,0.000000,0.000000,0.000000,0.378923,0.000000,0.000000,0.000000,0.451800,0.000000,0.443389,0.000000
0.000000,0.000000,0.000000,0.000000,0.000000,0.000000,0.000000,0.000000,0.000000,0.000000,0.000000,0.000000,0.000000,0.000000,0.000000,0.000000,0.000000,0.000000,0.000000,0.000000,0.000000,0.000000,0.000000,0.000000,0.000000,0.000000,0.000000,0.329035,0.000000,0.000000,0.000000,0.000000,0.000000,0.000000,0.000000,0.000000,0.000000,0.424004,0.000000,0.308563,0.000000,0.000000,0.000000,0.000000,0.000000,0.000000,0.000000,0.000000,0.000000,0.000000,0.000000,0.000000,0.000000,0.000000,0.000000,0.000000,0.000000,0.000000,0.000000,0.000000,0.000000,0.000000,0.000000,0.000000,0.000000,0.000000,0.000000,0.000000,0.000000,0.000000,0.000000,0.000000,0.000000,0.421561,0.000000,0.000000,0.000000,0.479628,0.000000,0.000000,0.000000,0.000000,0.000000,0.370872,0.000000,0.000000,0.000000,0.398579,0.000000,0.000000
0.000000,0.000000,0.000000,0.000000,0.000000,0.000000,0.000000,0.000000,0.488798,0.000000,0.000000,0.000000,0.490709,0.000000,0.000000,0.509793,0.000000,0.000000,0.000000,0.000000,0.000000,0.000000,0.000000,0.000000,0.000000,0.000000,0.000000,0.000000,0.456379,0.000000,0.000000,0.000000,0.000000,0.000000,0.412088,0.591351,0.505247,0.000000,0.459288,0.000000,0.000000,0.000000,0.000000,0.595771,0.406493,0.556235,0.408739,0.497030,0.414283,0.561357,0.335212,0.000000,0.376632,0.000000,0.420986,0.000000,0.000000,0.000000,0.000000,0.630005,0.000000,0.000000,0.000000,0.000000,0.000000,0.000000,0.468501,0.585284,0.000000,0.000000,0.000000,0.000000,0.000000,0.000000,0.000000,0.000000,0.510428,0.000000,0.000000,0.000000,0.000000,0.000000,0.000000,0.000000,0.497512,0.000000,0.000000,0.000000,0.492130,0.000000
0.000000,0.000000,0.000000,0.000000,0.000000,0.000000,0.000000,0.000000,0.000000,0.000000,0.000000,0.000000,0.000000,0.493816,0.000000,0.471562,0.000000,0.000000,0.000000,0.000000,0.000000,0.000000,0.000000,0.000000,0.000000,0.000000,0.000000,0.000000,0.000000,0.000000,0.000000,0.000000,0.000000,0.000000,0.000000,0.000000,0.000000,0.000000,0.000000,0.479437,0.000000,0.000000,0.595771,0.000000,0.499071,0.416262,0.547094,0.413472,0.000000,0.380972,0.000000,0.286700,0.000000,0.341359,0.000000,0.000000,0.000000,0.000000,0.000000,0.437362,0.000000,0.000000,0.000000,0.000000,0.000000,0.000000,0.323898,0.404314,0.000000,0.000000,0.000000,0.000000,0.000000,0.000000,0.000000,0.000000,0.000000,0.000000,0.000000,0.000000,0.000000,0.490370,0.000000,0.000000,0.000000,0.488797,0.000000,0.000000,0.000000,0.495508
0.000000,0.000000,0.000000,0.000000,0.000000,0.000000,0.000000,0.000000,0.000000,0.000000,0.000000,0.000000,0.000000,0.000000,0.000000,0.000000,0.000000,0.000000,0.000000,0.000000,0.000000,0.000000,0.000000,0.000000,0.000000,0.000000,0.000000,0.000000,0.000000,0.000000,0.000000,0.000000,0.000000,0.000000,0.499238,0.578171,0.431838,0.000000,0.450693,0.000000,0.000000,0.000000,0.406493,0.499071,0.000000,0.503749,0.444277,0.475872,0.398089,0.000000,0.383350,0.000000,0.000000,0.000000,0.484504,0.000000,0.000000,0.000000,0.000000,0.665537,0.000000,0.000000,0.000000,0.000000,0.000000,0.000000,0.448350,0.550844,0.000000,0.000000,0.000000,0.000000,0.494793,0.000000,0.000000,0.000000,0.000000,0.000000,0.000000,0.000000,0.000000,0.000000,0.000000,0.000000,0.000000,0.000000,0.000000,0.000000,0.471507,0.000000
0.000000,0.000000,0.000000,0.000000,0.000000,0.000000,0.000000,0.000000,0.000000,0.000000,0.000000,0.000000,0.000000,0.000000,0.000000,0.000000,0.000000,0.000000,0.000000,0.000000,0.000000,0.000000,0.000000,0.000000,0.000000,0.000000,0.000000,0.000000,0.000000,0.000000,0.000000,0.000000,0.000000,0.000000,0.489418,0.000000,0.000000,0.469794,0.000000,0.511841,0.000000,0.000000,0.556235,0.416262,0.503749,0.000000,0.503256,0.477607,0.000000,0.369464,0.000000,0.305555,0.000000,0.000000,0.000000,0.512504,0.000000,0.000000,0.000000,0.498936,0.000000,0.000000,0.000000,0.000000,0.000000,0.000000,0.000000,0.408490,0.000000,0.000000,0.000000,0.000000,0.000000,0.000000,0.000000,0.000000,0.000000,0.000000,0.000000,0.000000,0.000000,0.489410,0.000000,0.502069,0.000000,0.488203,0.000000,0.000000,0.000000,0.000000
0.000000,0.000000,0.496783,0.000000,0.000000,0.000000,0.516837,0.000000,0.508233,0.000000,0.000000,0.000000,0.513498,0.000000,0.000000,0.000000,0.000000,0.000000,0.000000,0.000000,0.000000,0.000000,0.000000,0.000000,0.000000,0.000000,0.000000,0.000000,0.455651,0.000000,0.000000,0.000000,0.000000,0.000000,0.523556,0.000000,0.446936,0.000000,0.369062,0.000000,0.000000,0.000000,0.408739,0.547094,0.444277,0.503256,0.000000,0.542487,0.433514,0.000000,0.384658,0.000000,0.342622,0.000000,0.430444,0.000000,0.000000,0.000000,0.000000,0.000000,0.000000,0.000000,0.000000,0.000000,0.000000,0.000000,0.430366,0.536272,0.000000,0.000000,0.000000,0.000000,0.000000,0.000000,0.000000,0.000000,0.000000,0.000000,0.000000,0.000000,0.503889,0.000000,0.484015,0.000000,0.494861,0.000000,0.419888,0.000000,0.509797,0.000000
0.000000,0.000000,0.000000,0.000000,0.000000,0.000000,0.000000,0.000000,0.000000,0.492471,0.000000,0.000000,0.000000,0.473397,0.000000,0.477989,0.000000,0.000000,0.000000,0.000000,0.000000,0.000000,0.000000,0.000000,0.000000,0.000000,0.000000,0.000000,0.000000,0.000000,0.000000,0.000000,0.000000,0.000000,0.000000,0.399143,0.000000,0.399904,0.000000,0.415072,0.000000,0.000000,0.497030,0.413472,0.475872,0.477607,0.542487,0.000000,0.000000,0.503014,0.000000,0.000000,0.000000,0.329475,0.000000,0.339717,0.000000,0.000000,0.000000,0.452297,0.000000,0.000000,0.000000,0.000000,0.000000,0.000000,0.000000,0.388935,0.000000,0.000000,0.000000,0.000000,0.000000,0.526045,0.000000,0.000000,0.000000,0.000000,0.000000,0.000000,0.000000,0.498799,0.000000,0.455735,0.000000,0.473121,0.000000,0.479254,0.000000,0.507267
0.000000,0.000000,0.000000,0.000000,0.000000,0.000000,0.000000,0.000000,0.000000,0.000000,0.000000,0.000000,0.000000,0.000000,0.000000,0.626673,0.000000,0.000000,0.000000,0.000000,0.000000,0.000000,0.000000,0.000000,0.000000,0.000000,0.000000,0.000000,0.000000,0.000000,0.000000,0.000000,0.000000,0.494318,0.000000,0.568639,0.000000,0.000000,0.000000,0.000000,0.000000,0.000000,0.414283,0.000000,0.398089,0.000000,0.433514,0.000000,0.000000,0.686081,0.368638,0.000000,0.409929,0.000000,0.499617,0.000000,0.000000,0.000000,0.420848,0.662353,0.000000,0.000000,0.000000,0.000000,0.000000,0.000000,0.407602,0.593260,0.000000,0.000000,0.000000,0.000000,0.491104,0.698657,0.000000,0.596459,0.526078,0.000000,0.000000,0.000000,0.000000,0.000000,0.000000,0.000000,0.000000,0.000000,0.000000,0.000000,0.000000,0.000000
