0.000000,0.000000,0.335001,0.000000,0.000000,0.000000,0.354942,0.000000,0.000000,0.000000,0.360863,0.000000,0.370001,0.000000,0.000000,0.000000,0.375050,0.000000,0.361606,0.000000,0.000000,0.000000,0.000000,0.000000,0.000000,0.000000,0.000000,0.000000,0.000000,0.000000,0.000000,0.000000,0.000000,0.000000,0.000000,0.000000,0.512645,0.000000,0.000000,0.000000,0.000000,0.000000,0.000000,0.000000,0.000000,0.000000,0.000000,0.000000,0.000000,0.000000,0.000000,0.000000,0.000000,0.000000,0.000000,0.000000,0.415584,0.000000,0.000000,0.000000,0.463308,0.000000,0.463615,0.000000,0.000000,0.000000,0.000000,0.000000,0.279066,0.000000,0.000000,0.000000,0.000000,0.000000,0.000000,0.000000,0.424306,0.000000,0.000000,0.000000,0.000000,0.000000,0.000000,0.000000,0.467564,0.000000,0.000000,0.000000,0.000000,0.000000
0.000000,0.000000,0.524951,0.382003,0.000000,0.000000,0.000000,0.345721,0.000000,0.000000,0.000000,0.384138,0.000000,0.373310,0.000000,0.000000,0.000000,0.402035,0.531122,0.429597,0.000000,0.000000,0.000000,0.000000,0.000000,0.000000,0.000000,0.000000,0.000000,0.000000,0.000000,0.000000,0.000000,0.000000,0.000000,0.000000,0.000000,0.486707,0.000000,0.000000,0.000000,0.000000,0.000000,0.000000,0.000000,0.000000,0.000000,0.000000,0.000000,0.000000,0.000000,0.000000,0.000000,0.000000,0.000000,0.000000,0.000000,0.445317,0.000000,0.000000,0.000000,0.462062,0.000000,0.000000,0.000000,0.000000,0.000000,0.000000,0.000000,0.000000,0.000000,0.000000,0.000000,0.401065,0.000000,0.000000,0.000000,0.000000,0.000000,0.000000,0.000000,0.000000,0.000000,0.000000,0.000000,0.000000,0.000000,0.000000,0.000000,0.000000
0.335001,0.524951,0.000000,0.426743,0.354465,0.000000,0.367501,0.000000,0.399594,0.000000,0.000000,0.000000,0.000000,0.000000,0.000000,0.000000,0.000000,0.000000,0.404191,0.000000,0.000000,0.000000,0.326556,0.000000,0.314515,0.000000,0.000000,0.000000,0.000000,0.000000,0.525134,0.000000,0.000000,0.000000,0.000000,0.000000,0.000000,0.000000,0.000000,0.000000,0.000000,0.000000,0.000000,0.000000,0.000000,0.000000,0.000000,0.000000,0.000000,0.000000,0.000000,0.000000,0.000000,0.000000,0.000000,0.000000,0.000000,0.000000,0.000000,0.000000,0.000000,0.000000,0.000000,0.000000,0.000000,0.000000,0.000000,0.000000,0.000000,0.000000,0.430371,0.000000,0.413348,0.000000,0.401334,0.000000,0.431669,0.000000,0.000000,0.000000,0.000000,0.000000,0.000000,0.000000,0.000000,0.000000,0.000000,0.000000,0.000000,0.000000
0.000000,0.382003,0.426743,0.000000,0.000000,0.284769,0.000000,0.345929,0.000000,0.325116,0.000000,0.362968,0.000000,0.000000,0.000000,0.000000,0.000000,0.000000,0.000000,0.324206,0.000000,0.000000,0.445792,0.336978,0.000000,0.293385,0.000000,0.000000,0.000000,0.000000,0.000000,0.328280,0.000000,0.000000,0.000000,0.000000,0.000000,0.000000,0.000000,0.000000,0.000000,0.000000,0.000000,0.000000,0.000000,0.000000,0.000000,0.000000,0.000000,0.000000,0.000000,0.000000,0.000000,0.000000,0.000000,0.000000,0.000000,0.000000,0.000000,0.000000,0.000000,0.000000,0.000000,0.000000,0.000000,0.000000,0.000000,0.000000,0.536131,0.000000,0.000000,0.000000,0.000000,0.369116,0.000000,0.000000,0.000000,0.000000,0.000000,0.000000,0.000000,0.000000,0.000000,0.000000,0.000000,0.000000,0.000000,0.000000,0.000000,0.000000
0.000000,0.000000,0.354465,0.000000,0.000000,0.557198,0.000000,0.000000,0.328148,0.000000,0.000000,0.000000,0.000000,0.000000,0.387481,0.000000,0.000000,0.000000,0.000000,0.000000,0.412666,0.000000,0.284197,0.000000,0.265843,0.000000,0.348686,0.581054,0.393894,0.000000,0.377352,0.000000,0.000000,0.000000,0.000000,0.000000,0.000000,0.000000,0.476113,0.000000,0.000000,0.000000,0.000000,0.000000,0.000000,0.000000,0.000000,0.000000,0.000000,0.000000,0.000000,0.000000,0.000000,0.000000,0.000000,0.000000,0.000000,0.000000,0.000000,0.000000,0.000000,0.000000,0.000000,0.000000,0.000000,0.000000,0.000000,0.000000,0.000000,0.000000,0.460860,0.000000,0.459108,0.000000,0.437659,0.000000,0.471148,0.000000,0.000000,0.000000,0.000000,0.000000,0.489025,0.000000,0.000000,0.000000,0.490562,0.000000,0.000000,0.000000
0.000000,0.000000,0.000000,0.284769,0.557198,0.000000,0.000000,0.000000,0.000000,0.430575,0.000000,0.000000,0.000000,0.000000,0.000000,0.441218,0.000000,0.000000,0.000000,0.000000,0.000000,0.238702,0.494671,0.300688,0.557594,0.284919,0.535964,0.319535,0.000000,0.000000,0.000000,0.416902,0.000000,0.000000,0.000000,0.000000,0.000000,0.000000,0.000000,0.000000,0.362241,0.000000,0.000000,0.000000,0.000000,0.000000,0.000000,0.000000,0.000000,0.000000,0.000000,0.000000,0.000000,0.000000,0.000000,0.000000,0.000000,0.000000,0.000000,0.000000,0.000000,0.000000,0.000000,0.000000,0.000000,0.000000,0.000000,0.000000,0.000000,0.000000,0.000000,0.363204,0.000000,0.415965,0.000000,0.411715,0.000000,0.409832,0.000000,0.000000,0.000000,0.000000,0.347797,0.440354,0.000000,0.000000,0.000000,0.459977,0.000000,0.000000
0.354942,0.000000,0.367501,0.000000,0.000000,0.000000,0.000000,0.000000,0.312032,0.000000,0.347770,0.000000,0.349458,0.000000,0.000000,0.000000,0.000000,0.000000,0.384789,0.000000,0.000000,0.000000,0.345553,0.000000,0.000000,0.000000,0.000000,0.000000,0.000000,0.000000,0.000000,0.000000,0.000000,0.000000,0.000000,0.000000,0.000000,0.000000,0.000000,0.000000,0.000000,0.568560,0.000000,0.000000,0.000000,0.000000,0.000000,0.000000,0.000000,0.000000,0.000000,0.000000,0.000000,0.000000,0.000000,0.000000,0.000000,0.000000,0.000000,0.000000,0.000000,0.000000,0.000000,0.000000,0.000000,0.000000,0.000000,0.000000,0.000000,0.000000,0.000000,0.000000,0.384021,0.000000,0.371754,0.000000,0.434290,0.000000,0.000000,0.000000,0.000000,0.000000,0.000000,0.000000,0.000000,0.000000,0.000000,0.000000,0.000000,0.000000
0.000000,0.345721,0.000000,0.345929,0.000000,0.000000,0.000000,0.000000,0.000000,0.360485,0.000000,0.354946,0.000000,0.363344,0.000000,0.306935,0.000000,0.000000,0.000000,0.346586,0.000000,0.000000,0.438364,0.358355,0.000000,0.000000,0.000000,0.000000,0.000000,0.000000,0.000000,0.000000,0.457944,0.347002,0.000000,0.000000,0.000000,0.000000,0.000000,0.000000,0.000000,0.000000,0.000000,0.000000,0.000000,0.000000,0.000000,0.000000,0.000000,0.000000,0.000000,0.000000,0.000000,0.000000,0.000000,0.000000,0.000000,0.000000,0.000000,0.000000,0.000000,0.000000,0.000000,0.000000,0.000000,0.000000,0.000000,0.000000,0.000000,0.000000,0.000000,0.000000,0.000000,0.000000,0.000000,0.000000,0.000000,0.000000,0.000000,0.000000,0.000000,0.000000,0.000000,0.000000,0.000000,0.000000,0.000000,0.000000,0.000000,0.000000
0.000000,0.000000,0.399594,0.000000,0.328148,0.000000,0.312032,0.000000,0.000000,0.000000,0.000000,0.000000,0.278846,0.000000,0.374556,0.000000,0.000000,0.000000,0.000000,0.000000,0.000000,0.000000,0.370433,0.000000,0.000000,0.000000,0.000000,0.000000,0.405123,0.539625,0.000000,0.000000,0.000000,0.000000,0.000000,0.000000,0.484652,0.563942,0.521677,0.000000,0.000000,0.577528,0.475432,0.000000,0.000000,0.000000,0.514967,0.000000,0.492348,0.000000,0.000000,0.000000,0.000000,0.000000,0.000000,0.000000,0.000000,0.000000,0.000000,0.000000,0.000000,0.000000,0.000000,0.000000,0.000000,0.000000,0.000000,0.000000,0.000000,0.000000,0.000000,0.000000,0.403892,0.569582,0.391837,0.000000,0.391972,0.540359,0.000000,0.000000,0.000000,0.496524,0.486965,0.504982,0.000000,0.000000,0.478084,0.554839,0.000000,0.509959
0.000000,0.000000,0.000000,0.325116,0.000000,0.430575,0.000000,0.360485,0.000000,0.000000,0.000000,0.000000,0.000000,0.000000,0.000000,0.379932,0.000000,0.000000,0.000000,0.000000,0.000000,0.000000,0.000000,0.000000,0.000000,0.000000,0.000000,0.000000,0.000000,0.000000,0.000000,0.000000,0.000000,0.000000,0.000000,0.000000,0.000000,0.439510,0.000000,0.000000,0.000000,0.000000,0.000000,0.000000,0.000000,0.000000,0.000000,0.000000,0.000000,0.000000,0.000000,0.000000,0.000000,0.000000,0.000000,0.000000,0.000000,0.000000,0.000000,0.000000,0.000000,0.000000,0.000000,0.000000,0.000000,0.000000,0.000000,0.000000,0.000000,0.000000,0.000000,0.347727,0.000000,0.396336,0.000000,0.394275,0.000000,0.435535,0.000000,0.000000,0.000000,0.000000,0.000000,0.468058,0.000000,0.000000,0.000000,0.446534,0.000000,0.000000
0.360863,0.000000,0.000000,0.000000,0.000000,0.000000,0.347770,0.000000,0.000000,0.000000,0.000000,0.000000,0.356386,0.000000,0.000000,0.000000,0.333526,0.000000,0.381838,0.000000,0.000000,0.000000,0.000000,0.000000,0.000000,0.000000,0.000000,0.000000,0.399281,0.000000,0.000000,0.000000,0.000000,0.000000,0.000000,0.000000,0.000000,0.000000,0.000000,0.000000,0.000000,0.000000,0.488217,0.000000,0.000000,0.000000,0.000000,0.000000,0.000000,0.000000,0.000000,0.000000,0.000000,0.000000,0.000000,0.000000,0.247704,0.000000,0.000000,0.000000,0.000000,0.000000,0.000000,0.000000,0.000000,0.000000,0.000000,0.000000,0.000000,0.000000,0.000000,0.000000,0.417239,0.000000,0.000000,0.000000,0.000000,0.000000,0.000000,0.000000,0.000000,0.000000,0.445484,0.000000,0.000000,0.000000,0.000000,0.000000,0.000000,0.000000
0.000000,0.384138,0.000000,0.362968,0.000000,0.000000,0.000000,0.354946,0.000000,0.000000,0.000000,0.000000,0.000000,0.345972,0.000000,0.000000,0.000000,0.309484,0.000000,0.377348,0.000000,0.000000,0.000000,0.000000,0.000000,0.000000,0.000000,0.000000,0.000000,0.325085,0.000000,0.000000,0.449376,0.000000,0.000000,0.000000,0.000000,0.000000,0.000000,0.000000,0.000000,0.000000,0.000000,0.000000,0.000000,0.000000,0.000000,0.000000,0.000000,0.000000,0.000000,0.000000,0.000000,0.000000,0.000000,0.000000,0.000000,0.000000,0.000000,0.000000,0.000000,0.000000,0.000000,0.000000,0.000000,0.000000,0.000000,0.000000,0.000000,0.000000,0.000000,0.000000,0.000000,0.314448,0.000000,0.000000,0.000000,0.000000,0.000000,0.000000,0.000000,0.000000,0.000000,0.000000,0.000000,0.000000,0.000000,0.000000,0.000000,0.000000
0.370001,0.000000,0.000000,0.000000,0.000000,0.000000,0.349458,0.000000,0.278846,0.000000,0.356386,0.000000,0.000000,0.000000,0.348419,0.000000,0.000000,0.000000,0.361083,0.000000,0.000000,0.000000,0.354407,0.000000,0.000000,0.000000,0.000000,0.000000,0.407617,0.000000,0.000000,0.000000,0.000000,0.000000,0.000000,0.000000,0.000000,0.573830,0.000000,0.000000,0.000000,0.000000,0.000000,0.000000,0.000000,0.000000,0.000000,0.000000,0.496198,0.000000,0.000000,0.000000,0.000000,0.000000,0.000000,0.000000,0.000000,0.000000,0.000000,0.000000,0.000000,0.000000,0.000000,0.000000,0.000000,0.000000,0.000000,0.000000,0.000000,0.000000,0.000000,0.000000,0.413848,0.563223,0.000000,0.000000,0.000000,0.552950,0.000000,0.000000,0.478693,0.000000,0.447361,0.000000,0.000000,0.000000,0.000000,0.000000,0.000000,0.000000
0.000000,0.373310,0.000000,0.000000,0.000000,0.000000,0.000000,0.363344,0.000000,0.000000,0.000000,0.345972,0.000000,0.000000,0.000000,0.322775,0.000000,0.000000,0.000000,0.338716,0.000000,0.000000,0.437660,0.337482,0.000000,0.000000,0.000000,0.000000,0.000000,0.342723,0.000000,0.000000,0.454435,0.327842,0.000000,0.443474,0.000000,0.000000,0.000000,0.000000,0.000000,0.000000,0.000000,0.480500,0.000000,0.000000,0.000000,0.000000,0.000000,0.000000,0.000000,0.000000,0.000000,0.000000,0.000000,0.000000,0.000000,0.000000,0.000000,0.000000,0.000000,0.000000,0.000000,0.000000,0.000000,0.000000,0.000000,0.000000,0.000000,0.000000,0.000000,0.000000,0.000000,0.385987,0.000000,0.373328,0.561075,0.000000,0.000000,0.000000,0.000000,0.000000,0.000000,0.000000,0.000000,0.000000,0.000000,0.000000,0.000000,0.000000
0.000000,0.000000,0.000000,0.000000,0.387481,0.000000,0.000000,0.000000,0.374556,0.000000,0.000000,0.000000,0.348419,0.000000,0.000000,0.000000,0.000000,0.000000,0.000000,0.000000,0.302454,0.000000,0.332169,0.000000,0.000000,0.000000,0.372603,0.000000,0.362247,0.554827,0.384965,0.000000,0.000000,0.000000,0.000000,0.000000,0.505845,0.573093,0.507662,0.000000,0.000000,0.566147,0.000000,0.000000,0.000000,0.000000,0.508160,0.000000,0.495340,0.000000,0.000000,0.000000,0.000000,0.000000,0.000000,0.000000,0.000000,0.000000,0.000000,0.000000,0.000000,0.000000,0.000000,0.000000,0.000000,0.000000,0.000000,0.000000,0.000000,0.000000,0.000000,0.000000,0.394386,0.000000,0.416041,0.000000,0.000000,0.564711,0.000000,0.000000,0.000000,0.000000,0.475640,0.482710,0.487983,0.000000,0.483248,0.551304,0.000000,0.502852
0.000000,0.000000,0.000000,0.000000,0.000000,0.441218,0.000000,0.306935,0.000000,0.379932,0.000000,0.000000,0.000000,0.322775,0.000000,0.000000,0.000000,0.000000,0.000000,0.000000,0.000000,0.404869,0.000000,0.000000,0.000000,0.000000,0.000000,0.366074,0.000000,0.341273,0.000000,0.000000,0.000000,0.000000,0.000000,0.460435,0.000000,0.000000,0.000000,0.427360,0.000000,0.419168,0.597465,0.504367,0.000000,0.505537,0.000000,0.538721,0.611265,0.000000,0.000000,0.000000,0.000000,0.000000,0.000000,0.540865,0.000000,0.430993,0.000000,0.000000,0.000000,0.000000,0.000000,0.000000,0.000000,0.000000,0.000000,0.461827,0.000000,0.000000,0.000000,0.000000,0.000000,0.403370,0.000000,0.392746,0.556510,0.000000,0.000000,0.000000,0.000000,0.000000,0.000000,0.456501,0.000000,0.000000,0.000000,0.463302,0.000000,0.000000
0.375050,0.000000,0.000000,0.000000,0.000000,0.000000,0.000000,0.000000,0.000000,0.000000,0.333526,0.000000,0.000000,0.000000,0.000000,0.000000,0.000000,0.000000,0.000000,0.000000,0.000000,0.000000,0.000000,0.000000,0.000000,0.000000,0.000000,0.000000,0.348571,0.000000,0.000000,0.000000,0.000000,0.000000,0.000000,0.000000,0.000000,0.000000,0.000000,0.000000,0.000000,0.000000,0.000000,0.000000,0.000000,0.000000,0.000000,0.000000,0.000000,0.000000,0.000000,0.000000,0.000000,0.000000,0.000000,0.000000,0.349117,0.000000,0.000000,0.000000,0.412234,0.000000,0.329936,0.000000,0.000000,0.000000,0.000000,0.000000,0.000000,0.000000,0.000000,0.000000,0.000000,0.000000,0.000000,0.000000,0.000000,0.000000,0.237420,0.000000,0.365009,0.000000,0.000000,0.000000,0.471407,0.000000,0.000000,0.000000,0.000000,0.000000
0.000000,0.402035,0.000000,0.000000,0.000000,0.000000,0.000000,0.000000,0.000000,0.000000,0.000000,0.309484,0.000000,0.000000,0.000000,0.000000,0.000000,0.000000,0.000000,0.000000,0.000000,0.000000,0.000000,0.000000,0.000000,0.000000,0.000000,0.000000,0.000000,0.377142,0.000000,0.000000,0.000000,0.000000,0.000000,0.000000,0.000000,0.000000,0.000000,0.000000,0.000000,0.000000,0.000000,0.000000,0.000000,0.000000,0.000000,0.000000,0.000000,0.000000,0.000000,0.000000,0.000000,0.000000,0.000000,0.000000,0.000000,0.382464,0.000000,0.420560,0.000000,0.443815,0.000000,0.374625,0.000000,0.000000,0.000000,0.000000,0.000000,0.000000,0.000000,0.000000,0.000000,0.398854,0.000000,0.000000,0.000000,0.000000,0.000000,0.341972,0.000000,0.318552,0.000000,0.000000,0.000000,0.000000,0.000000,0.000000,0.000000,0.000000
0.361606,0.531122,0.404191,0.000000,0.000000,0.000000,0.384789,0.000000,0.000000,0.000000,0.381838,0.000000,0.361083,0.000000,0.000000,0.000000,0.000000,0.000000,0.000000,0.500735,0.000000,0.000000,0.276446,0.000000,0.000000,0.000000,0.000000,0.000000,0.000000,0.000000,0.000000,0.000000,0.348451,0.489976,0.000000,0.000000,0.000000,0.000000,0.000000,0.000000,0.000000,0.000000,0.000000,0.000000,0.000000,0.000000,0.000000,0.000000,0.000000,0.000000,0.000000,0.000000,0.000000,0.000000,0.000000,0.000000,0.000000,0.000000,0.000000,0.000000,0.000000,0.000000,0.000000,0.000000,0.000000,0.000000,0.523764,0.000000,0.349385,0.000000,0.000000,0.498074,0.388145,0.000000,0.391147,0.000000,0.423716,0.494449,0.000000,0.000000,0.000000,0.000000,0.000000,0.000000,0.000000,0.000000,0.000000,0.000000,0.000000,0.000000
0.000000,0.429597,0.000000,0.324206,0.000000,0.000000,0.000000,0.346586,0.000000,0.000000,0.000000,0.377348,0.000000,0.338716,0.000000,0.000000,0.000000,0.000000,0.500735,0.000000,0.000000,0.000000,0.000000,0.338489,0.000000,0.000000,0.000000,0.000000,0.000000,0.000000,0.000000,0.000000,0.518800,0.342982,0.000000,0.498598,0.000000,0.000000,0.000000,0.000000,0.000000,0.000000,0.000000,0.000000,0.000000,0.000000,0.000000,0.000000,0.000000,0.000000,0.000000,0.000000,0.000000,0.000000,0.000000,0.000000,0.000000,0.000000,0.000000,0.000000,0.000000,0.000000,0.000000,0.000000,0.000000,0.000000,0.511821,0.465149,0.516684,0.365735,0.000000,0.000000,0.000000,0.377353,0.000000,0.388485,0.470364,0.396724,0.000000,0.000000,0.000000,0.000000,0.000000,0.000000,0.000000,0.000000,0.000000,0.000000,0.000000,0.000000
0.000000,0.000000,0.000000,0.000000,0.412666,0.000000,0.000000,0.000000,0.000000,0.000000,0.000000,0.000000,0.000000,0.000000,0.302454,0.000000,0.000000,0.000000,0.000000,0.000000,0.000000,0.448522,0.000000,0.000000,0.318452,0.000000,0.337267,0.512595,0.346794,0.000000,0.333092,0.000000,0.000000,0.000000,0.000000,0.000000,0.000000,0.000000,0.410221,0.000000,0.329516,0.000000,0.000000,0.000000,0.000000,0.000000,0.000000,0.000000,0.000000,0.000000,0.000000,0.000000,0.000000,0.000000,0.000000,0.000000,0.000000,0.000000,0.000000,0.000000,0.000000,0.000000,0.000000,0.000000,0.000000,0.000000,0.000000,0.000000,0.000000,0.000000,0.286293,0.000000,0.000000,0.000000,0.000000,0.000000,0.000000,0.000000,0.000000,0.000000,0.000000,0.000000,0.358516,0.000000,0.000000,0.000000,0.000000,0.000000,0.000000,0.000000
0.000000,0.000000,0.000000,0.000000,0.000000,0.238702,0.000000,0.000000,0.000000,0.000000,0.000000,0.000000,0.000000,0.000000,0.000000,0.404869,0.000000,0.000000,0.000000,0.000000,0.448522,0.000000,0.000000,0.000000,0.000000,0.285594,0.507817,0.359054,0.000000,0.291899,0.310211,0.376956,0.000000,0.000000,0.000000,0.000000,0.000000,0.000000,0.000000,0.371309,0.000000,0.346486,0.000000,0.000000,0.000000,0.000000,0.000000,0.000000,0.000000,0.000000,0.000000,0.000000,0.000000,0.000000,0.000000,0.000000,0.000000,0.000000,0.000000,0.000000,0.000000,0.000000,0.000000,0.000000,0.000000,0.000000,0.000000,0.000000,0.000000,0.000000,0.288757,0.276082,0.000000,0.294346,0.000000,0.000000,0.000000,0.000000,0.000000,0.000000,0.000000,0.000000,0.000000,0.389479,0.000000,0.000000,0.000000,0.367576,0.000000,0.000000
0.000000,0.000000,0.326556,0.445792,0.284197,0.494671,0.345553,0.438364,0.370433,0.000000,0.000000,0.000000,0.354407,0.437660,0.332169,0.000000,0.000000,0.000000,0.276446,0.000000,0.000000,0.000000,0.000000,0.442074,0.322649,0.000000,0.000000,0.000000,0.000000,0.000000,0.325118,0.489980,0.434034,0.473894,0.000000,0.000000,0.000000,0.000000,0.000000,0.000000,0.000000,0.000000,0.000000,0.000000,0.000000,0.000000,0.000000,0.000000,0.000000,0.000000,0.000000,0.000000,0.000000,0.000000,0.000000,0.000000,0.000000,0.000000,0.000000,0.000000,0.000000,0.000000,0.000000,0.000000,0.000000,0.000000,0.492809,0.000000,0.000000,0.000000,0.000000,0.495261,0.367885,0.000000,0.000000,0.000000,0.000000,0.000000,0.000000,0.000000,0.000000,0.000000,0.000000,0.000000,0.000000,0.000000,0.000000,0.000000,0.000000,0.000000
0.000000,0.000000,0.000000,0.336978,0.000000,0.300688,0.000000,0.358355,0.000000,0.000000,0.000000,0.000000,0.000000,0.337482,0.000000,0.000000,0.000000,0.000000,0.000000,0.338489,0.000000,0.000000,0.442074,0.000000,0.440340,0.332316,0.474365,0.000000,0.000000,0.000000,0.393529,0.351182,0.473820,0.358389,0.000000,0.000000,0.000000,0.000000,0.000000,0.000000,0.000000,0.000000,0.000000,0.000000,0.000000,0.000000,0.000000,0.000000,0.000000,0.000000,0.000000,0.000000,0.000000,0.000000,0.000000,0.000000,0.000000,0.000000,0.000000,0.000000,0.000000,0.000000,0.000000,0.000000,0.000000,0.000000,0.485240,0.467324,0.000000,0.000000,0.000000,0.000000,0.000000,0.000000,0.000000,0.000000,0.000000,0.000000,0.000000,0.000000,0.000000,0.000000,0.000000,0.000000,0.000000,0.000000,0.000000,0.000000,0.000000,0.000000
0.000000,0.000000,0.314515,0.000000,0.265843,0.557594,0.000000,0.000000,0.000000,0.000000,0.000000,0.000000,0.000000,0.000000,0.000000,0.000000,0.000000,0.000000,0.000000,0.000000,0.318452,0.000000,0.322649,0.440340,0.000000,0.426013,0.345249,0.565252,0.000000,0.000000,0.289237,0.506530,0.000000,0.000000,0.000000,0.000000,0.000000,0.000000,0.000000,0.000000,0.000000,0.000000,0.000000,0.000000,0.000000,0.000000,0.000000,0.000000,0.000000,0.000000,0.000000,0.000000,0.000000,0.000000,0.000000,0.000000,0.000000,0.000000,0.000000,0.000000,0.000000,0.000000,0.000000,0.000000,0.000000,0.000000,0.000000,0.000000,0.000000,0.000000,0.383234,0.000000,0.462688,0.000000,0.434519,0.000000,0.481389,0.000000,0.000000,0.000000,0.000000,0.000000,0.000000,0.000000,0.000000,0.000000,0.000000,0.000000,0.000000,0.000000
0.000000,0.000000,0.000000,0.293385,0.000000,0.284919,0.000000,0.000000,0.000000,0.000000,0.000000,0.000000,0.000000,0.000000,0.000000,0.000000,0.000000,0.000000,0.000000,0.000000,0.000000,0.285594,0.000000,0.332316,0.426013,0.000000,0.474765,0.331252,0.000000,0.000000,0.378663,0.365035,0.000000,0.000000,0.000000,0.000000,0.000000,0.000000,0.000000,0.000000,0.000000,0.000000,0.000000,0.000000,0.000000,0.000000,0.000000,0.000000,0.000000,0.000000,0.000000,0.000000,0.000000,0.000000,0.000000,0.000000,0.000000,0.000000,0.000000,0.000000,0.000000,0.000000,0.000000,0.000000,0.000000,0.000000,0.000000,0.000000,0.000000,0.000000,0.000000,0.314043,0.000000,0.000000,0.000000,0.000000,0.000000,0.000000,0.000000,0.000000,0.000000,0.000000,0.000000,0.000000,0.000000,0.000000,0.000000,0.000000,0.000000,0.000000
0.000000,0.000000,0.000000,0.000000,0.348686,0.535964,0.000000,0.000000,0.000000,0.000000,0.000000,0.000000,0.000000,0.000000,0.372603,0.000000,0.000000,0.000000,0.000000,0.000000,0.337267,0.507817,0.000000,0.474365,0.345249,0.474765,0.000000,0.528845,0.368693,0.000000,0.389441,0.519521,0.000000,0.000000,0.000000,0.000000,0.000000,0.000000,0.476825,0.000000,0.000000,0.000000,0.000000,0.000000,0.000000,0.000000,0.000000,0.000000,0.000000,0.000000,0.000000,0.000000,0.000000,0.000000,0.000000,0.000000,0.000000,0.000000,0.000000,0.000000,0.000000,0.000000,0.000000,0.000000,0.000000,0.000000,0.000000,0.000000,0.000000,0.000000,0.417141,0.000000,0.440868,0.000000,0.441877,0.000000,0.000000,0.000000,0.000000,0.000000,0.000000,0.000000,0.483873,0.000000,0.000000,0.000000,0.000000,0.000000,0.000000,0.000000
0.000000,0.000000,0.000000,0.000000,0.581054,0.319535,0.000000,0.000000,0.000000,0.000000,0.000000,0.000000,0.000000,0.000000,0.000000,0.366074,0.000000,0.000000,0.000000,0.000000,0.512595,0.359054,0.000000,0.000000,0.565252,0.331252,0.528845,0.000000,0.000000,0.000000,0.569122,0.407587,0.000000,0.000000,0.000000,0.000000,0.000000,0.000000,0.000000,0.415827,0.000000,0.407037,0.000000,0.000000,0.000000,0.000000,0.000000,0.000000,0.000000,0.000000,0.000000,0.000000,0.000000,0.000000,0.000000,0.000000,0.000000,0.000000,0.000000,0.000000,0.000000,0.000000,0.000000,0.000000,0.000000,0.000000,0.000000,0.000000,0.000000,0.000000,0.510045,0.284031,0.000000,0.421654,0.000000,0.461917,0.000000,0.000000,0.000000,0.000000,0.000000,0.000000,0.000000,0.393064,0.000000,0.000000,0.000000,0.437521,0.000000,0.000000
0.000000,0.000000,0.000000,0.000000,0.393894,0.000000,0.000000,0.000000,0.405123,0.000000,0.399281,0.000000,0.407617,0.000000,0.362247,0.000000,0.348571,0.000000,0.000000,0.000000,0.346794,0.000000,0.000000,0.000000,0.000000,0.000000,0.368693,0.000000,0.000000,0.000000,0.351680,0.000000,0.000000,0.000000,0.435882,0.000000,0.000000,0.000000,0.317985,0.000000,0.301470,0.000000,0.501572,0.000000,0.000000,0.000000,0.000000,0.000000,0.000000,0.000000,0.000000,0.000000,0.000000,0.000000,0.000000,0.000000,0.369400,0.000000,0.000000,0.000000,0.436505,0.000000,0.444364,0.000000,0.000000,0.000000,0.000000,0.000000,0.000000,0.000000,0.307001,0.000000,0.464891,0.000000,0.000000,0.000000,0.000000,0.000000,0.335432,0.000000,0.381959,0.000000,0.410242,0.000000,0.484120,0.000000,0.000000,0.000000,0.000000,0.000000
0.000000,0.000000,0.000000,0.000000,0.000000,0.000000,0.000000,0.000000,0.539625,0.000000,0.000000,0.325085,0.000000,0.342723,0.554827,0.341273,0.000000,0.377142,0.000000,0.000000,0.000000,0.291899,0.000000,0.000000,0.000000,0.000000,0.000000,0.000000,0.000000,0.000000,0.000000,0.000000,0.000000,0.468800,0.000000,0.456714,0.000000,0.000000,0.000000,0.000000,0.594947,0.000000,0.000000,0.510326,0.000000,0.000000,0.000000,0.524037,0.000000,0.000000,0.000000,0.000000,0.000000,0.000000,0.000000,0.000000,0.000000,0.460238,0.000000,0.446988,0.000000,0.438482,0.000000,0.432989,0.000000,0.000000,0.000000,0.470872,0.000000,0.000000,0.000000,0.000000,0.510991,0.341416,0.000000,0.000000,0.571757,0.000000,0.000000,0.340479,0.573098,0.430853,0.576558,0.418898,0.000000,0.000000,0.575851,0.548795,0.000000,0.000000
0.000000,0.000000,0.525134,0.000000,0.377352,0.000000,0.000000,0.000000,0.000000,0.000000,0.000000,0.000000,0.000000,0.000000,0.384965,0.000000,0.000000,0.000000,0.000000,0.000000,0.333092,0.310211,0.325118,0.393529,0.289237,0.378663,0.389441,0.569122,0.351680,0.000000,0.000000,0.338061,0.437174,0.438080,0.000000,0.000000,0.000000,0.000000,0.000000,0.000000,0.000000,0.000000,0.000000,0.000000,0.000000,0.000000,0.000000,0.000000,0.000000,0.000000,0.000000,0.000000,0.000000,0.000000,0.000000,0.000000,0.000000,0.000000,0.000000,0.000000,0.000000,0.000000,0.000000,0.000000,0.000000,0.000000,0.524339,0.000000,0.000000,0.000000,0.329588,0.000000,0.000000,0.000000,0.000000,0.000000,0.000000,0.000000,0.000000,0.000000,0.000000,0.000000,0.000000,0.000000,0.000000,0.000000,0.000000,0.000000,0.000000,0.000000
0.000000,0.000000,0.000000,0.328280,0.000000,0.416902,0.000000,0.000000,0.000000,0.000000,0.000000,0.000000,0.000000,0.000000,0.000000,0.000000,0.000000,0.000000,0.000000,0.000000,0.000000,0.376956,0.489980,0.351182,0.506530,0.365035,0.519521,0.407587,0.000000,0.000000,0.338061,0.000000,0.000000,0.420969,0.000000,0.000000,0.000000,0.000000,0.000000,0.000000,0.000000,0.000000,0.000000,0.000000,0.000000,0.000000,0.000000,0.000000,0.000000,0.000000,0.000000,0.000000,0.000000,0.000000,0.000000,0.000000,0.000000,0.000000,0.000000,0.000000,0.000000,0.000000,0.000000,0.000000,0.000000,0.000000,0.000000,0.487522,0.000000,0.000000,0.000000,0.367962,0.000000,0.000000,0.000000,0.000000,0.000000,0.000000,0.000000,0.000000,0.000000,0.000000,0.000000,0.000000,0.000000,0.000000,0.000000,0.000000,0.000000,0.000000
0.000000,0.000000,0.000000,0.000000,0.000000,0.000000,0.000000,0.457944,0.000000,0.000000,0.000000,0.449376,0.000000,0.454435,0.000000,0.000000,0.000000,0.000000,0.348451,0.518800,0.000000,0.000000,0.434034,0.473820,0.000000,0.000000,0.000000,0.000000,0.000000,0.000000,0.437174,0.000000,0.000000,0.514231,0.372747,0.000000,0.000000,0.000000,0.000000,0.000000,0.000000,0.000000,0.000000,0.000000,0.000000,0.000000,0.000000,0.000000,0.000000,0.000000,0.000000,0.000000,0.000000,0.000000,0.000000,0.000000,0.000000,0.541404,0.482622,0.000000,0.000000,0.000000,0.000000,0.000000,0.000000,0.000000,0.434446,0.562641,0.372755,0.510051,0.000000,0.000000,0.000000,0.000000,0.000000,0.000000,0.000000,0.000000,0.000000,0.000000,0.000000,0.000000,0.000000,0.000000,0.375225,0.000000,0.000000,0.000000,0.000000,0.000000
0.000000,0.000000,0.000000,0.000000,0.000000,0.000000,0.000000,0.347002,0.000000,0.000000,0.000000,0.000000,0.000000,0.327842,0.000000,0.000000,0.000000,0.000000,0.489976,0.342982,0.000000,0.000000,0.473894,0.358389,0.000000,0.000000,0.000000,0.000000,0.000000,0.468800,0.438080,0.420969,0.514231,0.000000,0.314738,0.459309,0.000000,0.000000,0.000000,0.000000,0.000000,0.000000,0.000000,0.000000,0.000000,0.000000,0.000000,0.000000,0.000000,0.000000,0.000000,0.000000,0.000000,0.000000,0.000000,0.000000,0.000000,0.000000,0.000000,0.437968,0.000000,0.000000,0.000000,0.000000,0.000000,0.000000,0.510070,0.423794,0.000000,0.349909,0.000000,0.000000,0.000000,0.501395,0.000000,0.000000,0.000000,0.462743,0.000000,0.000000,0.000000,0.000000,0.000000,0.000000,0.438432,0.000000,0.000000,0.000000,0.000000,0.000000
0.000000,0.000000,0.000000,0.000000,0.000000,0.000000,0.000000,0.000000,0.000000,0.000000,0.000000,0.000000,0.000000,0.000000,0.000000,0.000000,0.000000,0.000000,0.000000,0.000000,0.000000,0.000000,0.000000,0.000000,0.000000,0.000000,0.000000,0.000000,0.435882,0.000000,0.000000,0.000000,0.372747,0.314738,0.000000,0.354997,0.396810,0.000000,0.000000,0.000000,0.460088,0.000000,0.449864,0.000000,0.564984,0.000000,0.000000,0.000000,0.506053,0.000000,0.000000,0.000000,0.000000,0.000000,0.000000,0.000000,0.000000,0.000000,0.000000,0.000000,0.000000,0.000000,0.000000,0.000000,0.000000,0.000000,0.409381,0.000000,0.000000,0.000000,0.000000,0.000000,0.460672,0.000000,0.000000,0.000000,0.000000,0.000000,0.476729,0.000000,0.455448,0.526024,0.000000,0.537141,0.497660,0.500731,0.000000,0.000000,0.490553,0.000000
0.000000,0.000000,0.000000,0.000000,0.000000,0.000000,0.000000,0.000000,0.000000,0.000000,0.000000,0.000000,0.000000,0.443474,0.000000,0.460435,0.000000,0.000000,0.000000,0.498598,0.000000,0.000000,0.000000,0.000000,0.000000,0.000000,0.000000,0.000000,0.000000,0.456714,0.000000,0.000000,0.000000,0.459309,0.354997,0.000000,0.000000,0.541556,0.000000,0.538615,0.000000,0.000000,0.000000,0.000000,0.621515,0.000000,0.000000,0.499648,0.580985,0.000000,0.000000,0.000000,0.000000,0.000000,0.000000,0.480199,0.000000,0.000000,0.000000,0.000000,0.000000,0.000000,0.000000,0.000000,0.000000,0.000000,0.000000,0.392446,0.000000,0.000000,0.000000,0.000000,0.000000,0.513497,0.000000,0.000000,0.000000,0.000000,0.000000,0.000000,0.519926,0.531326,0.000000,0.555128,0.493456,0.500374,0.000000,0.496119,0.000000,0.515568
0.512645,0.000000,0.000000,0.000000,0.000000,0.000000,0.000000,0.000000,0.484652,0.000000,0.000000,0.000000,0.000000,0.000000,0.505845,0.000000,0.000000,0.000000,0.000000,0.000000,0.000000,0.000000,0.000000,0.000000,0.000000,0.000000,0.000000,0.000000,0.000000,0.000000,0.000000,0.000000,0.000000,0.000000,0.396810,0.000000,0.000000,0.589254,0.396211,0.000000,0.335453,0.000000,0.000000,0.000000,0.000000,0.000000,0.463804,0.000000,0.000000,0.000000,0.000000,0.000000,0.000000,0.000000,0.415528,0.000000,0.000000,0.000000,0.000000,0.000000,0.000000,0.000000,0.000000,0.000000,0.000000,0.000000,0.462679,0.000000,0.000000,0.000000,0.000000,0.000000,0.000000,0.000000,0.000000,0.000000,0.389477,0.596926,0.000000,0.000000,0.000000,0.000000,0.423219,0.000000,0.484611,0.000000,0.415201,0.000000,0.445241,0.000000
0.000000,0.486707,0.000000,0.000000,0.000000,0.000000,0.000000,0.000000,0.563942,0.439510,0.000000,0.000000,0.573830,0.000000,0.573093,0.000000,0.000000,0.000000,0.000000,0.000000,0.000000,0.000000,0.000000,0.000000,0.000000,0.000000,0.000000,0.000000,0.000000,0.000000,0.000000,0.000000,0.000000,0.000000,0.000000,0.541556,0.589254,0.000000,0.000000,0.435417,0.000000,0.351981,0.000000,0.463263,0.000000,0.000000,0.000000,0.547494,0.000000,0.000000,0.000000,0.000000,0.000000,0.000000,0.000000,0.433603,0.000000,0.500716,0.000000,0.000000,0.000000,0.000000,0.000000,0.000000,0.000000,0.000000,0.000000,0.490648,0.000000,0.000000,0.000000,0.000000,0.000000,0.000000,0.000000,0.000000,0.550340,0.436221,0.000000,0.000000,0.559980,0.556016,0.000000,0.396464,0.569984,0.502730,0.000000,0.431516,0.000000,0.403158
0.000000,0.000000,0.000000,0.000000,0.476113,0.000000,0.000000,0.000000,0.521677,0.000000,0.000000,0.000000,0.000000,0.000000,0.507662,0.000000,0.000000,0.000000,0.000000,0.000000,0.410221,0.000000,0.000000,0.000000,0.000000,0.000000,0.476825,0.000000,0.317985,0.000000,0.000000,0.000000,0.000000,0.000000,0.000000,0.000000,0.396211,0.000000,0.000000,0.000000,0.313342,0.000000,0.000000,0.000000,0.000000,0.000000,0.463168,0.000000,0.000000,0.000000,0.000000,0.000000,0.000000,0.000000,0.421693,0.000000,0.000000,0.000000,0.000000,0.000000,0.000000,0.000000,0.000000,0.000000,0.000000,0.000000,0.504609,0.000000,0.000000,0.000000,0.000000,0.000000,0.000000,0.000000,0.000000,0.000000,0.365873,0.000000,0.000000,0.000000,0.000000,0.000000,0.387320,0.000000,0.482062,0.000000,0.453939,0.000000,0.473781,0.000000
0.000000,0.000000,0.000000,0.000000,0.000000,0.000000,0.000000,0.000000,0.000000,0.000000,0.000000,0.000000,0.000000,0.000000,0.000000,0.427360,0.000000,0.000000,0.000000,0.000000,0.000000,0.371309,0.000000,0.000000,0.000000,0.000000,0.000000,0.415827,0.000000,0.000000,0.000000,0.000000,0.000000,0.000000,0.000000,0.538615,0.000000,0.435417,0.000000,0.000000,0.000000,0.322186,0.000000,0.477207,0.000000,0.000000,0.000000,0.489413,0.000000,0.000000,0.000000,0.000000,0.000000,0.000000,0.000000,0.412479,0.000000,0.000000,0.000000,0.000000,0.000000,0.000000,0.000000,0.000000,0.000000,0.000000,0.000000,0.506186,0.000000,0.000000,0.000000,0.000000,0.000000,0.403043,0.000000,0.000000,0.000000,0.000000,0.000000,0.000000,0.000000,0.539189,0.000000,0.253192,0.000000,0.517323,0.000000,0.414954,0.000000,0.429530
0.000000,0.000000,0.000000,0.000000,0.000000,0.362241,0.000000,0.000000,0.000000,0.000000,0.000000,0.000000,0.000000,0.000000,0.000000,0.000000,0.000000,0.000000,0.000000,0.000000,0.329516,0.000000,0.000000,0.000000,0.000000,0.000000,0.000000,0.000000,0.301470,0.594947,0.000000,0.000000,0.000000,0.000000,0.460088,0.000000,0.335453,0.000000,0.313342,0.000000,0.000000,0.000000,0.000000,0.000000,0.000000,0.000000,0.000000,0.000000,0.517502,0.000000,0.000000,0.000000,0.000000,0.000000,0.344536,0.000000,0.000000,0.000000,0.000000,0.000000,0.000000,0.000000,0.000000,0.000000,0.000000,0.000000,0.000000,0.000000,0.000000,0.000000,0.000000,0.000000,0.000000,0.000000,0.000000,0.000000,0.379795,0.000000,0.000000,0.000000,0.000000,0.567490,0.388971,0.513495,0.000000,0.000000,0.417403,0.000000,0.000000,0.000000
0.000000,0.000000,0.000000,0.000000,0.000000,0.000000,0.568560,0.000000,0.577528,0.000000,0.000000,0.000000,0.000000,0.000000,0.566147,0.419168,0.000000,0.000000,0.000000,0.000000,0.000000,0.346486,0.000000,0.000000,0.000000,0.000000,0.000000,0.407037,0.000000,0.000000,0.000000,0.000000,0.000000,0.000000,0.000000,0.000000,0.000000,0.351981,0.000000,0.322186,0.000000,0.000000,0.000000,0.476044,0.000000,0.000000,0.000000,0.000000,0.000000,0.000000,0.000000,0.000000,0.000000,0.000000,0.000000,0.321962,0.000000,0.000000,0.000000,0.000000,0.000000,0.000000,0.000000,0.000000,0.000000,0.000000,0.000000,0.000000,0.000000,0.000000,0.000000,0.356491,0.617797,0.398446,0.000000,0.000000,0.592574,0.413868,0.000000,0.000000,0.000000,0.000000,0.000000,0.355977,0.000000,0.000000,0.574936,0.378516,0.000000,0.000000
0.000000,0.000000,0.000000,0.000000,0.000000,0.000000,0.000000,0.000000,0.475432,0.000000,0.488217,0.000000,0.000000,0.000000,0.000000,0.597465,0.000000,0.000000,0.000000,0.000000,0.000000,0.000000,0.000000,0.000000,0.000000,0.000000,0.000000,0.000000,0.501572,0.000000,0.000000,0.000000,0.000000,0.000000,0.449864,0.000000,0.000000,0.000000,0.000000,0.000000,0.000000,0.000000,0.000000,0.635310,0.425406,0.660653,0.396484,0.482297,0.344613,0.638109,0.342841,0.000000,0.393312,0.000000,0.465225,0.000000,0.000000,0.000000,0.000000,0.000000,0.000000,0.000000,0.000000,0.000000,0.000000,0.000000,0.440634,0.631808,0.000000,0.000000,0.000000,0.000000,0.509452,0.000000,0.000000,0.000000,0.000000,0.000000,0.000000,0.000000,0.516001,0.000000,0.530972,0.000000,0.532628,0.561638,0.502543,0.000000,0.538898,0.000000
0.000000,0.000000,0.000000,0.000000,0.000000,0.000000,0.000000,0.000000,0.000000,0.000000,0.000000,0.000000,0.000000,0.480500,0.000000,0.504367,0.000000,0.000000,0.000000,0.000000,0.000000,0.000000,0.000000,0.000000,0.000000,0.000000,0.000000,0.000000,0.000000,0.510326,0.000000,0.000000,0.000000,0.000000,0.000000,0.000000,0.000000,0.463263,0.000000,0.477207,0.000000,0.476044,0.635310,0.000000,0.665983,0.434637,0.481428,0.436380,0.694837,0.410779,0.643080,0.384968,0.000000,0.343174,0.000000,0.464098,0.000000,0.000000,0.000000,0.000000,0.000000,0.000000,0.000000,0.000000,0.000000,0.000000,0.600974,0.407632,0.000000,0.000000,0.000000,0.000000,0.000000,0.000000,0.000000,0.000000,0.000000,0.000000,0.000000,0.000000,0.000000,0.497935,0.000000,0.512619,0.000000,0.530059,0.000000,0.528021,0.000000,0.538564
0.000000,0.000000,0.000000,0.000000,0.000000,0.000000,0.000000,0.000000,0.000000,0.000000,0.000000,0.000000,0.000000,0.000000,0.000000,0.000000,0.000000,0.000000,0.000000,0.000000,0.000000,0.000000,0.000000,0.000000,0.000000,0.000000,0.000000,0.000000,0.000000,0.000000,0.000000,0.000000,0.000000,0.000000,0.564984,0.621515,0.000000,0.000000,0.000000,0.000000,0.000000,0.000000,0.425406,0.665983,0.000000,0.648952,0.436718,0.471286,0.381995,0.634061,0.441117,0.000000,0.444338,0.000000,0.459009,0.000000,0.000000,0.000000,0.416699,0.000000,0.000000,0.000000,0.000000,0.000000,0.000000,0.000000,0.361641,0.666860,0.000000,0.000000,0.000000,0.000000,0.000000,0.000000,0.000000,0.000000,0.000000,0.000000,0.000000,0.000000,0.508397,0.000000,0.546479,0.000000,0.524212,0.595796,0.535162,0.000000,0.515658,0.588359
0.000000,0.000000,0.000000,0.000000,0.000000,0.000000,0.000000,0.000000,0.000000,0.000000,0.000000,0.000000,0.000000,0.000000,0.000000,0.505537,0.000000,0.000000,0.000000,0.000000,0.000000,0.000000,0.000000,0.000000,0.000000,0.000000,0.000000,0.000000,0.000000,0.000000,0.000000,0.000000,0.000000,0.000000,0.000000,0.000000,0.000000,0.000000,0.000000,0.000000,0.000000,0.000000,0.660653,0.434637,0.648952,0.000000,0.000000,0.479808,0.652531,0.379855,0.690845,0.000000,0.000000,0.481496,0.000000,0.495874,0.000000,0.000000,0.000000,0.304281,0.000000,0.000000,0.000000,0.000000,0.000000,0.000000,0.620945,0.352837,0.000000,0.000000,0.000000,0.000000,0.000000,0.000000,0.000000,0.000000,0.000000,0.000000,0.000000,0.000000,0.000000,0.000000,0.000000,0.487691,0.000000,0.486509,0.000000,0.000000,0.000000,0.488846
0.000000,0.000000,0.000000,0.000000,0.000000,0.000000,0.000000,0.000000,0.514967,0.000000,0.000000,0.000000,0.000000,0.000000,0.508160,0.000000,0.000000,0.000000,0.000000,0.000000,0.000000,0.000000,0.000000,0.000000,0.000000,0.000000,0.000000,0.000000,0.000000,0.000000,0.000000,0.000000,0.000000,0.000000,0.000000,0.000000,0.463804,0.000000,0.463168,0.000000,0.000000,0.000000,0.396484,0.481428,0.436718,0.000000,0.000000,0.000000,0.410069,0.000000,0.396902,0.000000,0.386315,0.000000,0.399201,0.000000,0.000000,0.000000,0.000000,0.000000,0.000000,0.000000,0.000000,0.000000,0.000000,0.000000,0.460750,0.560973,0.000000,0.000000,0.000000,0.000000,0.000000,0.000000,0.000000,0.000000,0.000000,0.000000,0.000000,0.000000,0.561809,0.000000,0.548180,0.000000,0.540956,0.000000,0.526512,0.000000,0.555918,0.000000
0.000000,0.000000,0.000000,0.000000,0.000000,0.000000,0.000000,0.000000,0.000000,0.000000,0.000000,0.000000,0.000000,0.000000,0.000000,0.538721,0.000000,0.000000,0.000000,0.000000,0.000000,0.000000,0.000000,0.000000,0.000000,0.000000,0.000000,0.000000,0.000000,0.524037,0.000000,0.000000,0.000000,0.000000,0.000000,0.499648,0.000000,0.547494,0.000000,0.489413,0.000000,0.000000,0.482297,0.436380,0.471286,0.479808,0.000000,0.000000,0.000000,0.488589,0.000000,0.369568,0.000000,0.333661,0.000000,0.422795,0.000000,0.000000,0.000000,0.000000,0.000000,0.000000,0.000000,0.000000,0.000000,0.000000,0.000000,0.364183,0.000000,0.000000,0.000000,0.000000,0.000000,0.515369,0.000000,0.000000,0.000000,0.000000,0.000000,0.000000,0.000000,0.504576,0.000000,0.578508,0.000000,0.550451,0.000000,0.499102,0.000000,0.493919
0.000000,0.000000,0.000000,0.000000,0.000000,0.000000,0.000000,0.000000,0.492348,0.000000,0.000000,0.000000,0.496198,0.000000,0.495340,0.611265,0.000000,0.000000,0.000000,0.000000,0.000000,0.000000,0.000000,0.000000,0.000000,0.000000,0.000000,0.000000,0.000000,0.000000,0.000000,0.000000,0.000000,0.000000,0.506053,0.580985,0.000000,0.000000,0.000000,0.000000,0.517502,0.000000,0.344613,0.694837,0.381995,0.652531,0.410069,0.000000,0.000000,0.683299,0.362859,0.000000,0.408538,0.000000,0.470174,0.000000,0.000000,0.000000,0.383682,0.000000,0.361163,0.000000,0.000000,0.000000,0.000000,0.000000,0.403141,0.000000,0.000000,0.000000,0.000000,0.000000,0.540440,0.000000,0.000000,0.000000,0.000000,0.000000,0.000000,0.000000,0.493140,0.559357,0.000000,0.000000,0.475147,0.570941,0.000000,0.000000,0.478666,0.000000
