0.000000,0.496619,0.342422,0.423504,0.000000,0.000000,0.290075,0.485549,0.000000,0.000000,0.291087,0.502417,0.263959,0.000000,0.000000,0.000000,0.334521,0.000000,0.397288,0.000000,0.000000,0.000000,0.000000,0.000000,0.000000,0.000000,0.000000,0.000000,0.380250,0.000000,0.411230,0.000000,0.472869,0.482014,0.459144,0.000000,0.000000,0.486704,0.000000,0.488432,0.000000,0.000000,0.539558,0.507139,0.501411,0.000000,0.000000,0.534939,0.000000,0.000000,0.000000,0.000000,0.000000,0.000000,0.000000,0.554319,0.402229,0.431511,0.494834,0.403644,0.000000,0.000000,0.000000,0.000000,0.000000,0.000000,0.467522,0.514150,0.449091,0.442674,0.000000,0.000000,0.430975,0.000000,0.472832,0.000000,0.000000,0.000000,0.000000,0.000000,0.000000,0.000000,0.000000,0.000000,0.000000,0.000000,0.000000,0.000000,0.000000,0.000000
0.496619,0.000000,0.392108,0.362853,0.000000,0.000000,0.000000,0.373742,0.000000,0.000000,0.000000,0.445567,0.000000,0.489905,0.000000,0.521706,0.432717,0.371679,0.000000,0.382420,0.000000,0.000000,0.000000,0.335197,0.000000,0.000000,0.000000,0.000000,0.489719,0.501522,0.495051,0.458800,0.444144,0.486591,0.000000,0.518112,0.000000,0.505651,0.000000,0.518294,0.000000,0.507362,0.000000,0.531701,0.000000,0.000000,0.000000,0.000000,0.000000,0.000000,0.000000,0.000000,0.000000,0.000000,0.000000,0.523089,0.458674,0.302098,0.000000,0.000000,0.000000,0.000000,0.000000,0.258862,0.000000,0.000000,0.000000,0.533161,0.000000,0.288633,0.000000,0.000000,0.000000,0.473812,0.000000,0.000000,0.441687,0.000000,0.000000,0.000000,0.443991,0.548535,0.000000,0.464489,0.000000,0.000000,0.491688,0.000000,0.000000,0.000000
0.342422,0.392108,0.000000,0.304871,0.256379,0.000000,0.386024,0.000000,0.306817,0.000000,0.000000,0.000000,0.000000,0.000000,0.000000,0.000000,0.000000,0.000000,0.329977,0.314524,0.000000,0.000000,0.342927,0.416541,0.348829,0.431651,0.000000,0.000000,0.000000,0.000000,0.486836,0.538349,0.000000,0.485757,0.424573,0.000000,0.000000,0.000000,0.000000,0.000000,0.000000,0.000000,0.492828,0.540044,0.000000,0.000000,0.000000,0.591492,0.000000,0.000000,0.000000,0.000000,0.000000,0.000000,0.000000,0.000000,0.000000,0.366644,0.000000,0.000000,0.000000,0.000000,0.000000,0.000000,0.000000,0.000000,0.459717,0.477411,0.000000,0.439839,0.000000,0.000000,0.000000,0.000000,0.469313,0.000000,0.000000,0.000000,0.000000,0.000000,0.000000,0.000000,0.000000,0.422891,0.000000,0.000000,0.000000,0.000000,0.000000,0.000000
0.423504,0.362853,0.304871,0.000000,0.000000,0.247514,0.000000,0.345116,0.000000,0.404301,0.000000,0.000000,0.000000,0.322785,0.000000,0.000000,0.000000,0.000000,0.354288,0.318290,0.000000,0.467808,0.326833,0.311454,0.000000,0.327401,0.000000,0.000000,0.451680,0.000000,0.000000,0.456260,0.397825,0.522635,0.000000,0.518326,0.000000,0.535450,0.000000,0.536690,0.000000,0.000000,0.000000,0.000000,0.000000,0.000000,0.000000,0.000000,0.000000,0.000000,0.000000,0.000000,0.000000,0.000000,0.000000,0.000000,0.478101,0.000000,0.000000,0.000000,0.000000,0.000000,0.000000,0.000000,0.000000,0.000000,0.483905,0.000000,0.000000,0.448157,0.426015,0.000000,0.432099,0.000000,0.000000,0.000000,0.451743,0.000000,0.000000,0.000000,0.000000,0.000000,0.000000,0.000000,0.000000,0.000000,0.000000,0.000000,0.000000,0.000000
0.000000,0.000000,0.256379,0.000000,0.000000,0.000000,0.390512,0.000000,0.376156,0.000000,0.000000,0.000000,0.490173,0.000000,0.340309,0.000000,0.000000,0.000000,0.000000,0.000000,0.000000,0.000000,0.280889,0.000000,0.336400,0.414238,0.399916,0.383069,0.000000,0.000000,0.369231,0.000000,0.500207,0.000000,0.497874,0.000000,0.000000,0.000000,0.000000,0.508893,0.000000,0.453903,0.000000,0.000000,0.000000,0.000000,0.000000,0.000000,0.000000,0.000000,0.000000,0.000000,0.000000,0.000000,0.000000,0.507465,0.000000,0.000000,0.000000,0.000000,0.000000,0.000000,0.000000,0.000000,0.000000,0.000000,0.000000,0.000000,0.000000,0.000000,0.000000,0.000000,0.000000,0.000000,0.000000,0.000000,0.000000,0.000000,0.000000,0.000000,0.000000,0.000000,0.000000,0.412224,0.000000,0.000000,0.000000,0.354157,0.000000,0.000000
0.000000,0.000000,0.000000,0.247514,0.000000,0.000000,0.000000,0.234996,0.000000,0.329657,0.000000,0.000000,0.000000,0.000000,0.000000,0.330523,0.000000,0.000000,0.000000,0.000000,0.000000,0.377517,0.421921,0.381689,0.333701,0.375271,0.000000,0.349517,0.000000,0.260678,0.000000,0.330614,0.000000,0.000000,0.000000,0.000000,0.000000,0.000000,0.000000,0.000000,0.000000,0.000000,0.000000,0.000000,0.000000,0.000000,0.000000,0.000000,0.000000,0.000000,0.000000,0.000000,0.000000,0.000000,0.000000,0.000000,0.000000,0.000000,0.000000,0.000000,0.000000,0.000000,0.000000,0.000000,0.000000,0.000000,0.000000,0.000000,0.000000,0.000000,0.000000,0.000000,0.000000,0.000000,0.000000,0.000000,0.368636,0.000000,0.000000,0.000000,0.000000,0.000000,0.000000,0.000000,0.000000,0.000000,0.000000,0.000000,0.000000,0.000000
0.290075,0.000000,0.386024,0.000000,0.390512,0.000000,0.000000,0.365745,0.372757,0.000000,0.298726,0.000000,0.389282,0.000000,0.426509,0.000000,0.000000,0.000000,0.000000,0.000000,0.000000,0.000000,0.353696,0.000000,0.412663,0.402293,0.389974,0.000000,0.373672,0.000000,0.377841,0.346161,0.491282,0.459619,0.427932,0.478065,0.000000,0.000000,0.000000,0.496509,0.000000,0.435037,0.504406,0.543337,0.518672,0.000000,0.000000,0.534930,0.000000,0.000000,0.000000,0.000000,0.000000,0.506362,0.000000,0.483580,0.000000,0.000000,0.000000,0.000000,0.000000,0.000000,0.000000,0.000000,0.000000,0.000000,0.461770,0.512902,0.000000,0.577888,0.000000,0.000000,0.000000,0.000000,0.472245,0.000000,0.000000,0.000000,0.000000,0.000000,0.000000,0.000000,0.000000,0.404697,0.000000,0.000000,0.000000,0.375902,0.000000,0.000000
0.485549,0.373742,0.000000,0.345116,0.000000,0.234996,0.365745,0.000000,0.000000,0.341716,0.413617,0.323835,0.453009,0.340139,0.440514,0.407467,0.429032,0.400020,0.000000,0.000000,0.000000,0.000000,0.360825,0.361868,0.000000,0.359809,0.000000,0.361109,0.486391,0.418076,0.397493,0.381868,0.404786,0.493825,0.000000,0.520005,0.000000,0.000000,0.000000,0.000000,0.000000,0.542057,0.000000,0.000000,0.000000,0.000000,0.000000,0.561966,0.000000,0.000000,0.000000,0.000000,0.000000,0.000000,0.000000,0.000000,0.479310,0.383004,0.000000,0.383888,0.000000,0.000000,0.000000,0.000000,0.000000,0.000000,0.483445,0.604758,0.000000,0.000000,0.425248,0.000000,0.453224,0.000000,0.000000,0.000000,0.000000,0.000000,0.000000,0.000000,0.418430,0.000000,0.403592,0.392586,0.000000,0.000000,0.000000,0.419473,0.472022,0.000000
0.000000,0.000000,0.306817,0.000000,0.376156,0.000000,0.372757,0.000000,0.000000,0.000000,0.000000,0.000000,0.356310,0.000000,0.337974,0.000000,0.000000,0.000000,0.000000,0.000000,0.000000,0.000000,0.000000,0.000000,0.439467,0.394040,0.447868,0.410076,0.386617,0.000000,0.399254,0.000000,0.000000,0.000000,0.000000,0.000000,0.000000,0.000000,0.000000,0.000000,0.000000,0.000000,0.000000,0.000000,0.000000,0.000000,0.000000,0.000000,0.000000,0.000000,0.000000,0.000000,0.000000,0.000000,0.000000,0.000000,0.000000,0.000000,0.000000,0.000000,0.000000,0.000000,0.000000,0.000000,0.000000,0.000000,0.000000,0.000000,0.000000,0.000000,0.000000,0.000000,0.000000,0.000000,0.000000,0.000000,0.000000,0.000000,0.000000,0.000000,0.000000,0.000000,0.000000,0.000000,0.000000,0.000000,0.000000,0.000000,0.000000,0.000000
0.000000,0.000000,0.000000,0.404301,0.000000,0.329657,0.000000,0.341716,0.000000,0.000000,0.000000,0.000000,0.000000,0.362768,0.000000,0.331080,0.000000,0.000000,0.000000,0.000000,0.000000,0.000000,0.000000,0.390043,0.327613,0.370275,0.000000,0.359815,0.000000,0.000000,0.000000,0.382026,0.000000,0.000000,0.000000,0.000000,0.000000,0.000000,0.000000,0.000000,0.000000,0.000000,0.000000,0.000000,0.000000,0.000000,0.000000,0.000000,0.000000,0.000000,0.000000,0.000000,0.000000,0.000000,0.000000,0.000000,0.000000,0.000000,0.000000,0.000000,0.000000,0.000000,0.000000,0.000000,0.000000,0.000000,0.000000,0.000000,0.000000,0.000000,0.000000,0.000000,0.000000,0.000000,0.000000,0.000000,0.000000,0.000000,0.000000,0.000000,0.000000,0.000000,0.000000,0.000000,0.000000,0.000000,0.000000,0.000000,0.000000,0.000000
0.291087,0.000000,0.000000,0.000000,0.000000,0.000000,0.298726,0.413617,0.000000,0.000000,0.000000,0.000000,0.322303,0.000000,0.325665,0.000000,0.285414,0.000000,0.000000,0.000000,0.000000,0.000000,0.000000,0.000000,0.000000,0.000000,0.000000,0.000000,0.381875,0.000000,0.397699,0.000000,0.000000,0.000000,0.000000,0.000000,0.000000,0.454822,0.000000,0.500317,0.000000,0.000000,0.000000,0.000000,0.000000,0.000000,0.000000,0.000000,0.000000,0.000000,0.000000,0.000000,0.000000,0.000000,0.000000,0.540921,0.000000,0.000000,0.000000,0.000000,0.000000,0.000000,0.000000,0.000000,0.000000,0.000000,0.000000,0.504777,0.000000,0.000000,0.389600,0.000000,0.357856,0.000000,0.000000,0.000000,0.000000,0.000000,0.000000,0.000000,0.000000,0.000000,0.000000,0.491877,0.000000,0.000000,0.000000,0.000000,0.000000,0.000000
0.502417,0.445567,0.000000,0.000000,0.000000,0.000000,0.000000,0.323835,0.000000,0.000000,0.000000,0.000000,0.000000,0.322899,0.000000,0.000000,0.503935,0.386757,0.000000,0.000000,0.000000,0.000000,0.000000,0.000000,0.000000,0.000000,0.000000,0.000000,0.518366,0.470064,0.538502,0.524051,0.506653,0.515393,0.492969,0.521923,0.000000,0.521549,0.000000,0.518763,0.000000,0.422559,0.000000,0.000000,0.000000,0.000000,0.000000,0.000000,0.000000,0.000000,0.000000,0.000000,0.000000,0.000000,0.488453,0.000000,0.000000,0.355639,0.000000,0.000000,0.000000,0.000000,0.000000,0.000000,0.000000,0.000000,0.000000,0.000000,0.000000,0.000000,0.510048,0.000000,0.518964,0.480814,0.000000,0.000000,0.440298,0.000000,0.000000,0.000000,0.000000,0.000000,0.000000,0.384717,0.000000,0.000000,0.000000,0.417616,0.000000,0.000000
0.263959,0.000000,0.000000,0.000000,0.490173,0.000000,0.389282,0.453009,0.356310,0.000000,0.322303,0.000000,0.000000,0.000000,0.306474,0.000000,0.312333,0.000000,0.000000,0.000000,0.000000,0.000000,0.000000,0.000000,0.000000,0.000000,0.000000,0.428376,0.349458,0.000000,0.000000,0.000000,0.000000,0.000000,0.000000,0.000000,0.000000,0.462542,0.000000,0.506043,0.000000,0.490398,0.513337,0.000000,0.000000,0.000000,0.000000,0.535013,0.000000,0.000000,0.000000,0.000000,0.000000,0.583517,0.000000,0.538205,0.000000,0.000000,0.000000,0.000000,0.000000,0.000000,0.000000,0.000000,0.000000,0.000000,0.000000,0.508018,0.000000,0.000000,0.323836,0.000000,0.394793,0.000000,0.000000,0.000000,0.000000,0.000000,0.000000,0.000000,0.000000,0.000000,0.000000,0.470165,0.000000,0.000000,0.000000,0.445098,0.000000,0.000000
0.000000,0.489905,0.000000,0.322785,0.000000,0.000000,0.000000,0.340139,0.000000,0.362768,0.000000,0.322899,0.000000,0.000000,0.000000,0.261633,0.414560,0.338093,0.000000,0.000000,0.000000,0.000000,0.371785,0.341741,0.300780,0.299151,0.000000,0.000000,0.508986,0.310174,0.407240,0.329067,0.504835,0.519873,0.505526,0.000000,0.000000,0.000000,0.000000,0.514309,0.000000,0.000000,0.000000,0.000000,0.000000,0.000000,0.000000,0.000000,0.000000,0.000000,0.000000,0.000000,0.000000,0.000000,0.000000,0.000000,0.000000,0.000000,0.000000,0.000000,0.000000,0.000000,0.000000,0.000000,0.000000,0.000000,0.000000,0.000000,0.000000,0.000000,0.456156,0.000000,0.465031,0.000000,0.000000,0.000000,0.000000,0.000000,0.000000,0.000000,0.000000,0.000000,0.000000,0.416459,0.000000,0.000000,0.000000,0.413348,0.000000,0.000000
0.000000,0.000000,0.000000,0.000000,0.340309,0.000000,0.426509,0.440514,0.337974,0.000000,0.325665,0.000000,0.306474,0.000000,0.000000,0.000000,0.000000,0.000000,0.000000,0.000000,0.324439,0.000000,0.000000,0.000000,0.000000,0.000000,0.000000,0.429593,0.370682,0.000000,0.000000,0.000000,0.000000,0.000000,0.000000,0.000000,0.000000,0.462902,0.312967,0.473361,0.000000,0.461165,0.000000,0.000000,0.000000,0.000000,0.000000,0.000000,0.000000,0.000000,0.000000,0.000000,0.000000,0.000000,0.000000,0.501049,0.000000,0.000000,0.000000,0.000000,0.000000,0.000000,0.000000,0.000000,0.000000,0.000000,0.000000,0.000000,0.000000,0.000000,0.354799,0.000000,0.345926,0.000000,0.336202,0.000000,0.000000,0.000000,0.000000,0.000000,0.000000,0.000000,0.305622,0.451448,0.000000,0.000000,0.000000,0.444489,0.000000,0.000000
0.000000,0.521706,0.000000,0.000000,0.000000,0.330523,0.000000,0.407467,0.000000,0.331080,0.000000,0.000000,0.000000,0.261633,0.000000,0.000000,0.000000,0.000000,0.000000,0.000000,0.000000,0.407642,0.337894,0.329123,0.000000,0.338464,0.000000,0.298047,0.510336,0.323117,0.359478,0.505632,0.494139,0.542430,0.510652,0.533465,0.000000,0.000000,0.000000,0.000000,0.000000,0.000000,0.000000,0.000000,0.000000,0.000000,0.000000,0.000000,0.000000,0.000000,0.000000,0.000000,0.000000,0.000000,0.000000,0.000000,0.000000,0.000000,0.000000,0.000000,0.000000,0.000000,0.000000,0.000000,0.000000,0.000000,0.503460,0.000000,0.000000,0.000000,0.000000,0.000000,0.000000,0.304949,0.000000,0.000000,0.440237,0.000000,0.000000,0.000000,0.000000,0.000000,0.000000,0.362105,0.000000,0.000000,0.000000,0.322119,0.000000,0.000000
0.334521,0.432717,0.000000,0.000000,0.000000,0.000000,0.000000,0.429032,0.000000,0.000000,0.285414,0.503935,0.312333,0.414560,0.000000,0.000000,0.000000,0.000000,0.000000,0.000000,0.000000,0.000000,0.000000,0.000000,0.000000,0.000000,0.000000,0.000000,0.332734,0.000000,0.438265,0.000000,0.560671,0.524275,0.536278,0.000000,0.000000,0.454569,0.000000,0.482671,0.000000,0.000000,0.000000,0.477105,0.000000,0.000000,0.000000,0.000000,0.000000,0.000000,0.000000,0.000000,0.000000,0.000000,0.000000,0.000000,0.360662,0.491184,0.000000,0.538246,0.345797,0.544389,0.000000,0.000000,0.000000,0.511964,0.000000,0.521331,0.000000,0.000000,0.450158,0.000000,0.428776,0.000000,0.455471,0.000000,0.000000,0.000000,0.306974,0.000000,0.341596,0.000000,0.349707,0.000000,0.344775,0.000000,0.000000,0.410430,0.368559,0.000000
0.000000,0.371679,0.000000,0.000000,0.000000,0.000000,0.000000,0.400020,0.000000,0.000000,0.000000,0.386757,0.000000,0.338093,0.000000,0.000000,0.000000,0.000000,0.000000,0.000000,0.000000,0.000000,0.000000,0.000000,0.000000,0.000000,0.000000,0.000000,0.477667,0.346528,0.460853,0.449626,0.478694,0.468891,0.000000,0.000000,0.000000,0.483853,0.000000,0.428739,0.000000,0.000000,0.000000,0.000000,0.000000,0.000000,0.000000,0.000000,0.000000,0.000000,0.000000,0.000000,0.000000,0.000000,0.445878,0.422564,0.000000,0.395406,0.000000,0.000000,0.000000,0.321906,0.000000,0.275624,0.000000,0.000000,0.468164,0.326666,0.000000,0.000000,0.000000,0.000000,0.000000,0.465812,0.000000,0.000000,0.427044,0.368393,0.000000,0.305300,0.000000,0.355746,0.000000,0.414884,0.000000,0.329990,0.000000,0.000000,0.000000,0.332694
0.397288,0.000000,0.329977,0.354288,0.000000,0.000000,0.000000,0.000000,0.000000,0.000000,0.000000,0.000000,0.000000,0.000000,0.000000,0.000000,0.000000,0.000000,0.000000,0.330500,0.000000,0.534357,0.295341,0.290558,0.511161,0.000000,0.469647,0.524117,0.000000,0.000000,0.450786,0.451376,0.410160,0.550701,0.441385,0.553835,0.000000,0.000000,0.000000,0.000000,0.000000,0.000000,0.554198,0.550032,0.000000,0.000000,0.000000,0.565713,0.000000,0.000000,0.000000,0.000000,0.000000,0.000000,0.000000,0.000000,0.427542,0.383296,0.000000,0.386547,0.000000,0.000000,0.000000,0.000000,0.000000,0.000000,0.484709,0.433842,0.272808,0.380780,0.000000,0.000000,0.000000,0.000000,0.000000,0.000000,0.000000,0.000000,0.000000,0.000000,0.000000,0.000000,0.000000,0.000000,0.000000,0.000000,0.000000,0.000000,0.000000,0.000000
0.000000,0.382420,0.314524,0.318290,0.000000,0.000000,0.000000,0.000000,0.000000,0.000000,0.000000,0.000000,0.000000,0.000000,0.000000,0.000000,0.000000,0.000000,0.330500,0.000000,0.000000,0.516222,0.252701,0.386133,0.000000,0.000000,0.498860,0.487157,0.000000,0.000000,0.521916,0.545265,0.429926,0.522516,0.444065,0.546574,0.000000,0.535575,0.000000,0.549098,0.000000,0.000000,0.550487,0.556784,0.000000,0.000000,0.000000,0.584206,0.000000,0.000000,0.000000,0.000000,0.000000,0.000000,0.000000,0.000000,0.460185,0.319076,0.000000,0.348320,0.000000,0.000000,0.000000,0.000000,0.000000,0.000000,0.468941,0.560368,0.304277,0.439740,0.000000,0.000000,0.446430,0.000000,0.000000,0.000000,0.477163,0.000000,0.000000,0.000000,0.000000,0.000000,0.000000,0.000000,0.000000,0.000000,0.000000,0.000000,0.000000,0.000000
0.000000,0.000000,0.000000,0.000000,0.000000,0.000000,0.000000,0.000000,0.000000,0.000000,0.000000,0.000000,0.000000,0.000000,0.324439,0.000000,0.000000,0.000000,0.000000,0.000000,0.000000,0.000000,0.000000,0.000000,0.000000,0.000000,0.000000,0.000000,0.000000,0.000000,0.000000,0.000000,0.000000,0.000000,0.000000,0.000000,0.000000,0.000000,0.301356,0.000000,0.000000,0.000000,0.000000,0.000000,0.000000,0.000000,0.000000,0.000000,0.000000,0.000000,0.000000,0.000000,0.000000,0.000000,0.000000,0.000000,0.000000,0.000000,0.000000,0.000000,0.000000,0.000000,0.000000,0.000000,0.000000,0.000000,0.000000,0.000000,0.000000,0.000000,0.000000,0.000000,0.344960,0.000000,0.374946,0.000000,0.000000,0.000000,0.000000,0.000000,0.000000,0.000000,0.000000,0.000000,0.000000,0.000000,0.000000,0.000000,0.000000,0.000000
0.000000,0.000000,0.000000,0.467808,0.000000,0.377517,0.000000,0.000000,0.000000,0.000000,0.000000,0.000000,0.000000,0.000000,0.000000,0.407642,0.000000,0.000000,0.534357,0.516222,0.000000,0.000000,0.000000,0.000000,0.308874,0.000000,0.300086,0.274840,0.000000,0.398704,0.540692,0.454756,0.512821,0.463944,0.520333,0.000000,0.000000,0.000000,0.000000,0.000000,0.000000,0.000000,0.000000,0.000000,0.000000,0.000000,0.000000,0.000000,0.000000,0.000000,0.000000,0.000000,0.000000,0.000000,0.000000,0.000000,0.000000,0.000000,0.000000,0.000000,0.000000,0.000000,0.000000,0.000000,0.000000,0.000000,0.000000,0.000000,0.475047,0.000000,0.000000,0.367227,0.000000,0.309879,0.000000,0.000000,0.371570,0.405613,0.000000,0.000000,0.000000,0.000000,0.000000,0.000000,0.000000,0.000000,0.000000,0.000000,0.000000,0.000000
0.000000,0.000000,0.342927,0.326833,0.280889,0.421921,0.353696,0.360825,0.000000,0.000000,0.000000,0.000000,0.000000,0.371785,0.000000,0.337894,0.000000,0.000000,0.295341,0.252701,0.000000,0.000000,0.000000,0.317451,0.343269,0.392279,0.000000,0.405756,0.000000,0.000000,0.302400,0.318341,0.350056,0.437564,0.000000,0.000000,0.000000,0.000000,0.000000,0.000000,0.000000,0.000000,0.564413,0.000000,0.000000,0.000000,0.000000,0.000000,0.000000,0.000000,0.000000,0.000000,0.000000,0.000000,0.000000,0.000000,0.449027,0.000000,0.000000,0.000000,0.000000,0.000000,0.000000,0.000000,0.000000,0.000000,0.000000,0.000000,0.000000,0.000000,0.000000,0.000000,0.000000,0.000000,0.000000,0.000000,0.000000,0.000000,0.000000,0.000000,0.000000,0.000000,0.000000,0.416889,0.000000,0.000000,0.000000,0.403029,0.000000,0.000000
0.000000,0.335197,0.416541,0.311454,0.000000,0.381689,0.000000,0.361868,0.000000,0.390043,0.000000,0.000000,0.000000,0.341741,0.000000,0.329123,0.000000,0.000000,0.290558,0.386133,0.000000,0.000000,0.317451,0.000000,0.351135,0.339276,0.000000,0.356071,0.000000,0.000000,0.284668,0.264169,0.407233,0.523877,0.000000,0.522593,0.000000,0.000000,0.000000,0.000000,0.000000,0.000000,0.000000,0.000000,0.000000,0.000000,0.000000,0.000000,0.000000,0.000000,0.000000,0.000000,0.000000,0.000000,0.000000,0.000000,0.000000,0.000000,0.000000,0.000000,0.000000,0.000000,0.000000,0.000000,0.000000,0.000000,0.481850,0.000000,0.000000,0.000000,0.000000,0.000000,0.000000,0.000000,0.000000,0.000000,0.000000,0.000000,0.000000,0.000000,0.000000,0.000000,0.000000,0.000000,0.000000,0.000000,0.000000,0.000000,0.000000,0.000000
0.000000,0.000000,0.348829,0.000000,0.336400,0.333701,0.412663,0.000000,0.439467,0.327613,0.000000,0.000000,0.000000,0.300780,0.000000,0.000000,0.000000,0.000000,0.511161,0.000000,0.000000,0.308874,0.343269,0.351135,0.000000,0.382707,0.350379,0.353648,0.000000,0.000000,0.325166,0.405444,0.480912,0.000000,0.000000,0.000000,0.000000,0.000000,0.000000,0.000000,0.000000,0.466386,0.000000,0.000000,0.000000,0.000000,0.000000,0.000000,0.000000,0.000000,0.000000,0.000000,0.000000,0.000000,0.000000,0.000000,0.000000,0.000000,0.000000,0.000000,0.000000,0.000000,0.000000,0.000000,0.000000,0.000000,0.000000,0.000000,0.000000,0.000000,0.000000,0.000000,0.000000,0.000000,0.000000,0.000000,0.000000,0.000000,0.000000,0.000000,0.000000,0.000000,0.000000,0.382212,0.000000,0.000000,0.000000,0.341828,0.000000,0.000000
0.000000,0.000000,0.431651,0.327401,0.414238,0.375271,0.402293,0.359809,0.394040,0.370275,0.000000,0.000000,0.000000,0.299151,0.000000,0.338464,0.000000,0.000000,0.000000,0.000000,0.000000,0.000000,0.392279,0.339276,0.382707,0.000000,0.390354,0.356516,0.000000,0.000000,0.370957,0.342066,0.000000,0.000000,0.000000,0.000000,0.000000,0.000000,0.000000,0.000000,0.000000,0.000000,0.000000,0.000000,0.000000,0.000000,0.000000,0.000000,0.000000,0.000000,0.000000,0.000000,0.000000,0.000000,0.000000,0.000000,0.000000,0.000000,0.000000,0.000000,0.000000,0.000000,0.000000,0.000000,0.000000,0.000000,0.000000,0.000000,0.000000,0.000000,0.000000,0.000000,0.000000,0.000000,0.000000,0.000000,0.367525,0.000000,0.000000,0.000000,0.000000,0.000000,0.000000,0.398701,0.000000,0.000000,0.000000,0.000000,0.000000,0.000000
0.000000,0.000000,0.000000,0.000000,0.399916,0.000000,0.389974,0.000000,0.447868,0.000000,0.000000,0.000000,0.000000,0.000000,0.000000,0.000000,0.000000,0.000000,0.469647,0.498860,0.000000,0.300086,0.000000,0.000000,0.350379,0.390354,0.000000,0.379933,0.000000,0.000000,0.417426,0.365750,0.461041,0.000000,0.450992,0.000000,0.000000,0.000000,0.000000,0.485291,0.000000,0.456735,0.000000,0.000000,0.000000,0.000000,0.000000,0.472259,0.000000,0.000000,0.000000,0.000000,0.000000,0.000000,0.000000,0.000000,0.000000,0.000000,0.000000,0.000000,0.000000,0.000000,0.000000,0.000000,0.000000,0.000000,0.000000,0.000000,0.479943,0.000000,0.000000,0.000000,0.000000,0.000000,0.000000,0.000000,0.000000,0.000000,0.000000,0.000000,0.000000,0.000000,0.000000,0.393757,0.000000,0.000000,0.000000,0.356706,0.000000,0.000000
0.000000,0.000000,0.000000,0.000000,0.383069,0.349517,0.000000,0.361109,0.410076,0.359815,0.000000,0.000000,0.428376,0.000000,0.429593,0.298047,0.000000,0.000000,0.524117,0.487157,0.000000,0.274840,0.405756,0.356071,0.353648,0.356516,0.379933,0.000000,0.000000,0.342229,0.467355,0.417181,0.533025,0.442390,0.000000,0.000000,0.000000,0.000000,0.000000,0.000000,0.000000,0.000000,0.000000,0.000000,0.000000,0.000000,0.000000,0.000000,0.000000,0.000000,0.000000,0.000000,0.000000,0.000000,0.000000,0.000000,0.000000,0.000000,0.000000,0.000000,0.000000,0.000000,0.000000,0.000000,0.000000,0.000000,0.000000,0.000000,0.000000,0.000000,0.000000,0.000000,0.000000,0.296219,0.000000,0.000000,0.367244,0.000000,0.000000,0.000000,0.000000,0.000000,0.000000,0.366565,0.000000,0.000000,0.000000,0.342384,0.000000,0.000000
0.380250,0.489719,0.000000,0.451680,0.000000,0.000000,0.373672,0.486391,0.386617,0.000000,0.381875,0.518366,0.349458,0.508986,0.370682,0.510336,0.332734,0.477667,0.000000,0.000000,0.000000,0.000000,0.000000,0.000000,0.000000,0.000000,0.000000,0.000000,0.000000,0.467688,0.470352,0.443593,0.491827,0.473061,0.000000,0.495921,0.000000,0.449022,0.000000,0.488118,0.000000,0.461844,0.000000,0.000000,0.000000,0.000000,0.000000,0.555964,0.000000,0.000000,0.000000,0.000000,0.000000,0.000000,0.441138,0.495594,0.403986,0.485322,0.000000,0.541832,0.000000,0.560583,0.000000,0.000000,0.000000,0.000000,0.486590,0.537227,0.000000,0.000000,0.465003,0.000000,0.393906,0.000000,0.462600,0.000000,0.000000,0.000000,0.384511,0.000000,0.393614,0.451524,0.362433,0.417807,0.294925,0.000000,0.470112,0.458163,0.400788,0.000000
0.000000,0.501522,0.000000,0.000000,0.000000,0.260678,0.000000,0.418076,0.000000,0.000000,0.000000,0.470064,0.000000,0.310174,0.000000,0.323117,0.000000,0.346528,0.000000,0.000000,0.000000,0.398704,0.000000,0.000000,0.000000,0.000000,0.000000,0.342229,0.467688,0.000000,0.000000,0.000000,0.483692,0.487764,0.432743,0.511720,0.000000,0.409508,0.000000,0.324824,0.548500,0.000000,0.000000,0.000000,0.000000,0.000000,0.000000,0.489539,0.000000,0.000000,0.000000,0.000000,0.000000,0.000000,0.455448,0.354140,0.000000,0.517959,0.000000,0.553891,0.000000,0.518820,0.000000,0.000000,0.000000,0.000000,0.495638,0.572944,0.000000,0.000000,0.000000,0.000000,0.000000,0.352799,0.000000,0.467224,0.452049,0.402322,0.000000,0.271152,0.000000,0.380675,0.000000,0.390307,0.000000,0.000000,0.000000,0.427221,0.000000,0.339375
0.411230,0.495051,0.486836,0.000000,0.369231,0.000000,0.377841,0.397493,0.399254,0.000000,0.397699,0.538502,0.000000,0.407240,0.000000,0.359478,0.438265,0.460853,0.450786,0.521916,0.000000,0.540692,0.302400,0.284668,0.325166,0.370957,0.417426,0.467355,0.470352,0.000000,0.000000,0.428192,0.504384,0.502400,0.428543,0.508883,0.000000,0.559171,0.000000,0.565636,0.000000,0.490581,0.485079,0.531937,0.000000,0.000000,0.000000,0.560931,0.000000,0.000000,0.000000,0.000000,0.000000,0.538731,0.000000,0.523654,0.000000,0.000000,0.000000,0.000000,0.000000,0.000000,0.000000,0.000000,0.000000,0.000000,0.494779,0.574758,0.000000,0.592897,0.416388,0.000000,0.462990,0.000000,0.000000,0.000000,0.380706,0.000000,0.000000,0.000000,0.000000,0.000000,0.000000,0.465620,0.000000,0.000000,0.000000,0.425721,0.000000,0.000000
0.000000,0.458800,0.538349,0.456260,0.000000,0.330614,0.346161,0.381868,0.000000,0.382026,0.000000,0.524051,0.000000,0.329067,0.000000,0.505632,0.000000,0.449626,0.451376,0.545265,0.000000,0.454756,0.318341,0.264169,0.405444,0.342066,0.365750,0.417181,0.443593,0.000000,0.428192,0.000000,0.470992,0.537776,0.476446,0.502248,0.000000,0.546040,0.000000,0.555389,0.000000,0.504636,0.000000,0.514373,0.000000,0.000000,0.000000,0.555982,0.000000,0.000000,0.000000,0.000000,0.000000,0.000000,0.000000,0.000000,0.000000,0.000000,0.000000,0.000000,0.000000,0.000000,0.000000,0.000000,0.000000,0.000000,0.472395,0.580557,0.000000,0.592550,0.411881,0.000000,0.457543,0.000000,0.000000,0.000000,0.401344,0.000000,0.000000,0.000000,0.000000,0.000000,0.000000,0.459654,0.000000,0.000000,0.000000,0.425216,0.000000,0.000000
0.472869,0.444144,0.000000,0.397825,0.500207,0.000000,0.491282,0.404786,0.000000,0.000000,0.000000,0.506653,0.000000,0.504835,0.000000,0.494139,0.560671,0.478694,0.410160,0.429926,0.000000,0.512821,0.350056,0.407233,0.480912,0.000000,0.461041,0.533025,0.491827,0.483692,0.504384,0.470992,0.000000,0.474439,0.432642,0.485650,0.525027,0.511957,0.551034,0.548819,0.000000,0.501526,0.551919,0.558945,0.492622,0.458657,0.519248,0.582664,0.500385,0.447611,0.000000,0.453690,0.000000,0.000000,0.586620,0.604349,0.455596,0.382300,0.425297,0.437890,0.518192,0.381320,0.000000,0.418055,0.404444,0.436244,0.502784,0.429460,0.346522,0.336541,0.443890,0.000000,0.589420,0.485574,0.488911,0.000000,0.507751,0.000000,0.000000,0.000000,0.403476,0.522770,0.000000,0.484211,0.407826,0.365805,0.000000,0.472850,0.588866,0.000000
0.482014,0.486591,0.485757,0.522635,0.000000,0.000000,0.459619,0.493825,0.000000,0.000000,0.000000,0.515393,0.000000,0.519873,0.000000,0.542430,0.524275,0.468891,0.550701,0.522516,0.000000,0.463944,0.437564,0.523877,0.000000,0.000000,0.000000,0.442390,0.473061,0.487764,0.502400,0.537776,0.474439,0.000000,0.443221,0.454881,0.000000,0.515315,0.000000,0.534548,0.000000,0.503357,0.587656,0.534138,0.000000,0.000000,0.000000,0.560420,0.000000,0.403522,0.000000,0.000000,0.000000,0.000000,0.514632,0.615240,0.503189,0.354129,0.000000,0.299670,0.000000,0.432696,0.000000,0.000000,0.000000,0.369532,0.444021,0.446636,0.370882,0.429137,0.000000,0.000000,0.584213,0.494131,0.000000,0.000000,0.456735,0.000000,0.000000,0.000000,0.000000,0.511432,0.000000,0.508234,0.000000,0.380553,0.000000,0.488112,0.000000,0.000000
0.459144,0.000000,0.424573,0.000000,0.497874,0.000000,0.427932,0.000000,0.000000,0.000000,0.000000,0.492969,0.000000,0.505526,0.000000,0.510652,0.536278,0.000000,0.441385,0.444065,0.000000,0.520333,0.000000,0.000000,0.000000,0.000000,0.450992,0.000000,0.000000,0.432743,0.428543,0.476446,0.432642,0.443221,0.000000,0.353001,0.541386,0.504778,0.484818,0.536046,0.000000,0.490210,0.403623,0.000000,0.346346,0.378803,0.000000,0.602268,0.391903,0.385301,0.441437,0.421753,0.000000,0.000000,0.585398,0.606677,0.489314,0.415546,0.415215,0.432378,0.427761,0.397301,0.000000,0.441321,0.000000,0.403772,0.340881,0.396590,0.000000,0.000000,0.000000,0.000000,0.591808,0.000000,0.534887,0.000000,0.528910,0.000000,0.000000,0.000000,0.393743,0.000000,0.000000,0.486583,0.414848,0.000000,0.000000,0.000000,0.000000,0.000000
0.000000,0.518112,0.000000,0.518326,0.000000,0.000000,0.478065,0.520005,0.000000,0.000000,0.000000,0.521923,0.000000,0.000000,0.000000,0.533465,0.000000,0.000000,0.553835,0.546574,0.000000,0.000000,0.000000,0.522593,0.000000,0.000000,0.000000,0.000000,0.495921,0.511720,0.508883,0.502248,0.485650,0.454881,0.353001,0.000000,0.000000,0.487643,0.000000,0.515675,0.000000,0.000000,0.560010,0.000000,0.000000,0.000000,0.487493,0.546787,0.000000,0.374534,0.435872,0.000000,0.000000,0.000000,0.000000,0.000000,0.000000,0.000000,0.000000,0.000000,0.000000,0.000000,0.000000,0.000000,0.000000,0.362327,0.394323,0.381979,0.000000,0.000000,0.000000,0.000000,0.000000,0.000000,0.000000,0.000000,0.486561,0.306581,0.000000,0.000000,0.000000,0.000000,0.000000,0.534151,0.000000,0.000000,0.000000,0.000000,0.000000,0.000000
0.000000,0.000000,0.000000,0.000000,0.000000,0.000000,0.000000,0.000000,0.000000,0.000000,0.000000,0.000000,0.000000,0.000000,0.000000,0.000000,0.000000,0.000000,0.000000,0.000000,0.000000,0.000000,0.000000,0.000000,0.000000,0.000000,0.000000,0.000000,0.000000,0.000000,0.000000,0.000000,0.525027,0.000000,0.541386,0.000000,0.000000,0.000000,0.438328,0.554944,0.350610,0.000000,0.000000,0.000000,0.000000,0.000000,0.337080,0.000000,0.000000,0.000000,0.000000,0.000000,0.000000,0.000000,0.476347,0.385248,0.523488,0.000000,0.471975,0.582794,0.483977,0.509662,0.000000,0.469723,0.000000,0.458826,0.555629,0.558715,0.504417,0.000000,0.000000,0.000000,0.480307,0.000000,0.476749,0.000000,0.426529,0.000000,0.429254,0.000000,0.422456,0.522223,0.000000,0.000000,0.380398,0.000000,0.000000,0.000000,0.470478,0.000000
0.486704,0.505651,0.000000,0.535450,0.000000,0.000000,0.000000,0.000000,0.000000,0.000000,0.454822,0.521549,0.462542,0.000000,0.462902,0.000000,0.454569,0.483853,0.000000,0.535575,0.000000,0.000000,0.000000,0.000000,0.000000,0.000000,0.000000,0.000000,0.449022,0.409508,0.559171,0.546040,0.511957,0.515315,0.504778,0.487643,0.000000,0.000000,0.000000,0.397804,0.000000,0.268553,0.000000,0.454249,0.000000,0.000000,0.000000,0.448548,0.000000,0.000000,0.000000,0.000000,0.000000,0.000000,0.464713,0.344525,0.488664,0.494894,0.000000,0.000000,0.000000,0.000000,0.000000,0.000000,0.000000,0.000000,0.496608,0.464751,0.000000,0.000000,0.000000,0.000000,0.000000,0.493458,0.535196,0.000000,0.000000,0.247971,0.000000,0.000000,0.442383,0.305265,0.000000,0.000000,0.000000,0.351554,0.000000,0.000000,0.000000,0.000000
0.000000,0.000000,0.000000,0.000000,0.000000,0.000000,0.000000,0.000000,0.000000,0.000000,0.000000,0.000000,0.000000,0.000000,0.312967,0.000000,0.000000,0.000000,0.000000,0.000000,0.301356,0.000000,0.000000,0.000000,0.000000,0.000000,0.000000,0.000000,0.000000,0.000000,0.000000,0.000000,0.551034,0.000000,0.484818,0.000000,0.438328,0.000000,0.000000,0.000000,0.342719,0.000000,0.000000,0.000000,0.000000,0.000000,0.303508,0.000000,0.000000,0.000000,0.000000,0.000000,0.000000,0.000000,0.347789,0.000000,0.000000,0.000000,0.000000,0.624976,0.000000,0.495770,0.000000,0.000000,0.000000,0.000000,0.554020,0.000000,0.000000,0.000000,0.000000,0.000000,0.329667,0.000000,0.379364,0.000000,0.440036,0.000000,0.000000,0.000000,0.537771,0.000000,0.364872,0.000000,0.371709,0.000000,0.356952,0.000000,0.349645,0.000000
0.488432,0.518294,0.000000,0.536690,0.508893,0.000000,0.496509,0.000000,0.000000,0.000000,0.500317,0.518763,0.506043,0.514309,0.473361,0.000000,0.482671,0.428739,0.000000,0.549098,0.000000,0.000000,0.000000,0.000000,0.000000,0.000000,0.485291,0.000000,0.488118,0.324824,0.565636,0.555389,0.548819,0.534548,0.536046,0.515675,0.554944,0.397804,0.000000,0.000000,0.538050,0.390756,0.000000,0.439820,0.000000,0.000000,0.000000,0.455945,0.000000,0.000000,0.000000,0.000000,0.000000,0.000000,0.518225,0.314886,0.479308,0.527245,0.000000,0.547984,0.527887,0.572604,0.000000,0.000000,0.000000,0.551396,0.515654,0.569704,0.000000,0.000000,0.000000,0.000000,0.506445,0.568327,0.501160,0.544646,0.000000,0.000000,0.492657,0.384481,0.493970,0.344105,0.000000,0.324662,0.000000,0.338420,0.000000,0.253288,0.404747,0.252445
0.000000,0.000000,0.000000,0.000000,0.000000,0.000000,0.000000,0.000000,0.000000,0.000000,0.000000,0.000000,0.000000,0.000000,0.000000,0.000000,0.000000,0.000000,0.000000,0.000000,0.000000,0.000000,0.000000,0.000000,0.000000,0.000000,0.000000,0.000000,0.000000,0.548500,0.000000,0.000000,0.000000,0.000000,0.000000,0.000000,0.350610,0.000000,0.342719,0.538050,0.000000,0.000000,0.000000,0.000000,0.000000,0.000000,0.000000,0.000000,0.000000,0.000000,0.000000,0.000000,0.000000,0.000000,0.000000,0.000000,0.000000,0.000000,0.000000,0.547046,0.000000,0.507947,0.000000,0.507572,0.000000,0.000000,0.000000,0.000000,0.000000,0.000000,0.000000,0.000000,0.310650,0.000000,0.394044,0.000000,0.000000,0.000000,0.000000,0.000000,0.000000,0.527563,0.309479,0.000000,0.000000,0.000000,0.393829,0.000000,0.000000,0.000000
0.000000,0.507362,0.000000,0.000000,0.453903,0.000000,0.435037,0.542057,0.000000,0.000000,0.000000,0.422559,0.490398,0.000000,0.461165,0.000000,0.000000,0.000000,0.000000,0.000000,0.000000,0.000000,0.000000,0.000000,0.466386,0.000000,0.456735,0.000000,0.461844,0.000000,0.490581,0.504636,0.501526,0.503357,0.490210,0.000000,0.000000,0.268553,0.000000,0.390756,0.000000,0.000000,0.000000,0.493968,0.000000,0.000000,0.000000,0.471357,0.000000,0.000000,0.000000,0.000000,0.000000,0.000000,0.000000,0.000000,0.000000,0.000000,0.000000,0.000000,0.000000,0.000000,0.000000,0.000000,0.000000,0.000000,0.491534,0.000000,0.000000,0.000000,0.000000,0.000000,0.000000,0.000000,0.000000,0.000000,0.000000,0.000000,0.000000,0.000000,0.000000,0.000000,0.000000,0.294264,0.000000,0.000000,0.000000,0.000000,0.000000,0.000000
0.539558,0.000000,0.492828,0.000000,0.000000,0.000000,0.504406,0.000000,0.000000,0.000000,0.000000,0.000000,0.513337,0.000000,0.000000,0.000000,0.000000,0.000000,0.554198,0.550487,0.000000,0.000000,0.564413,0.000000,0.000000,0.000000,0.000000,0.000000,0.000000,0.000000,0.485079,0.000000,0.551919,0.587656,0.403623,0.560010,0.000000,0.000000,0.000000,0.000000,0.000000,0.000000,0.000000,0.474389,0.364394,0.415180,0.384130,0.501536,0.254474,0.000000,0.386335,0.000000,0.000000,0.427080,0.559817,0.000000,0.000000,0.000000,0.000000,0.000000,0.000000,0.000000,0.000000,0.000000,0.000000,0.000000,0.367784,0.518322,0.000000,0.568895,0.000000,0.000000,0.000000,0.000000,0.529071,0.000000,0.000000,0.000000,0.000000,0.000000,0.497496,0.000000,0.000000,0.000000,0.000000,0.000000,0.000000,0.000000,0.000000,0.000000
0.507139,0.531701,0.540044,0.000000,0.000000,0.000000,0.543337,0.000000,0.000000,0.000000,0.000000,0.000000,0.000000,0.000000,0.000000,0.000000,0.477105,0.000000,0.550032,0.556784,0.000000,0.000000,0.000000,0.000000,0.000000,0.000000,0.000000,0.000000,0.000000,0.000000,0.531937,0.514373,0.558945,0.534138,0.000000,0.000000,0.000000,0.454249,0.000000,0.439820,0.000000,0.493968,0.474389,0.000000,0.408837,0.324996,0.456668,0.421426,0.000000,0.388091,0.000000,0.000000,0.425625,0.351306,0.407767,0.419431,0.467633,0.000000,0.000000,0.000000,0.000000,0.000000,0.000000,0.000000,0.000000,0.000000,0.423760,0.531030,0.000000,0.605435,0.000000,0.000000,0.578980,0.000000,0.000000,0.000000,0.000000,0.000000,0.000000,0.000000,0.000000,0.000000,0.000000,0.000000,0.000000,0.000000,0.000000,0.000000,0.000000,0.000000
0.501411,0.000000,0.000000,0.000000,0.000000,0.000000,0.518672,0.000000,0.000000,0.000000,0.000000,0.000000,0.000000,0.000000,0.000000,0.000000,0.000000,0.000000,0.000000,0.000000,0.000000,0.000000,0.000000,0.000000,0.000000,0.000000,0.000000,0.000000,0.000000,0.000000,0.000000,0.000000,0.492622,0.000000,0.346346,0.000000,0.000000,0.000000,0.000000,0.000000,0.000000,0.000000,0.364394,0.408837,0.000000,0.341554,0.396227,0.464169,0.308479,0.407433,0.393284,0.432113,0.000000,0.000000,0.000000,0.416572,0.000000,0.000000,0.458446,0.429613,0.469579,0.000000,0.510254,0.000000,0.000000,0.426076,0.317311,0.441947,0.000000,0.000000,0.000000,0.000000,0.000000,0.000000,0.549181,0.000000,0.000000,0.000000,0.000000,0.000000,0.497168,0.000000,0.000000,0.000000,0.493694,0.000000,0.000000,0.000000,0.000000,0.000000
0.000000,0.000000,0.000000,0.000000,0.000000,0.000000,0.000000,0.000000,0.000000,0.000000,0.000000,0.000000,0.000000,0.000000,0.000000,0.000000,0.000000,0.000000,0.000000,0.000000,0.000000,0.000000,0.000000,0.000000,0.000000,0.000000,0.000000,0.000000,0.000000,0.000000,0.000000,0.000000,0.458657,0.000000,0.378803,0.000000,0.000000,0.000000,0.000000,0.000000,0.000000,0.000000,0.415180,0.324996,0.341554,0.000000,0.000000,0.000000,0.000000,0.349124,0.426891,0.310451,0.000000,0.000000,0.000000,0.351410,0.460182,0.000000,0.425170,0.330003,0.417621,0.000000,0.000000,0.000000,0.407339,0.375167,0.270497,0.365072,0.000000,0.000000,0.000000,0.000000,0.000000,0.000000,0.586119,0.000000,0.000000,0.000000,0.000000,0.000000,0.447495,0.000000,0.000000,0.000000,0.000000,0.000000,0.000000,0.000000,0.000000,0.000000
0.000000,0.000000,0.000000,0.000000,0.000000,0.000000,0.000000,0.000000,0.000000,0.000000,0.000000,0.000000,0.000000,0.000000,0.000000,0.000000,0.000000,0.000000,0.000000,0.000000,0.000000,0.000000,0.000000,0.000000,0.000000,0.000000,0.000000,0.000000,0.000000,0.000000,0.000000,0.000000,0.519248,0.000000,0.000000,0.487493,0.337080,0.000000,0.303508,0.000000,0.000000,0.000000,0.384130,0.456668,0.396227,0.000000,0.000000,0.461415,0.000000,0.000000,0.000000,0.000000,0.220758,0.420282,0.314468,0.430978,0.000000,0.000000,0.000000,0.000000,0.000000,0.000000,0.000000,0.000000,0.000000,0.000000,0.345353,0.435428,0.000000,0.000000,0.000000,0.000000,0.000000,0.000000,0.000000,0.000000,0.310155,0.000000,0.000000,0.000000,0.413305,0.000000,0.000000,0.000000,0.423504,0.000000,0.000000,0.000000,0.347143,0.439346
0.534939,0.000000,0.591492,0.000000,0.000000,0.000000,0.534930,0.561966,0.000000,0.000000,0.000000,0.000000,0.535013,0.000000,0.000000,0.000000,0.000000,0.000000,0.565713,0.584206,0.000000,0.000000,0.000000,0.000000,0.000000,0.000000,0.472259,0.000000,0.555964,0.489539,0.560931,0.555982,0.582664,0.560420,0.602268,0.546787,0.000000,0.448548,0.000000,0.455945,0.000000,0.471357,0.501536,0.421426,0.464169,0.000000,0.461415,0.000000,0.000000,0.000000,0.000000,0.000000,0.418608,0.341208,0.000000,0.468909,0.530735,0.000000,0.000000,0.600915,0.000000,0.000000,0.000000,0.000000,0.000000,0.589791,0.535769,0.555682,0.000000,0.600048,0.000000,0.000000,0.561049,0.000000,0.552958,0.000000,0.000000,0.000000,0.000000,0.000000,0.493802,0.462936,0.000000,0.000000,0.000000,0.000000,0.000000,0.000000,0.000000,0.000000
0.000000,0.000000,0.000000,0.000000,0.000000,0.000000,0.000000,0.000000,0.000000,0.000000,0.000000,0.000000,0.000000,0.000000,0.000000,0.000000,0.000000,0.000000,0.000000,0.000000,0.000000,0.000000,0.000000,0.000000,0.000000,0.000000,0.000000,0.000000,0.000000,0.000000,0.000000,0.000000,0.500385,0.000000,0.391903,0.000000,0.000000,0.000000,0.000000,0.000000,0.000000,0.000000,0.254474,0.000000,0.308479,0.000000,0.000000,0.000000,0.000000,0.000000,0.312374,0.000000,0.000000,0.000000,0.000000,0.000000,0.000000,0.000000,0.455253,0.493412,0.456421,0.000000,0.000000,0.000000,0.405295,0.429182,0.377138,0.470784,0.452117,0.000000,0.000000,0.000000,0.000000,0.000000,0.000000,0.000000,0.000000,0.000000,0.000000,0.000000,0.504144,0.000000,0.000000,0.000000,0.493247,0.000000,0.000000,0.000000,0.000000,0.000000
