0.000000,0.000000,0.411668,0.000000,0.000000,0.000000,0.443982,0.000000,0.000000,0.000000,0.433610,0.000000,0.442549,0.000000,0.000000,0.000000,0.440626,0.000000,0.457612,0.532440,0.000000,0.000000,0.000000,0.000000,0.000000,0.000000,0.000000,0.000000,0.420660,0.484092,0.000000,0.000000,0.422074,0.000000,0.000000,0.000000,0.000000,0.000000,0.000000,0.000000,0.000000,0.000000,0.000000,0.000000,0.000000,0.000000,0.000000,0.000000,0.000000,0.000000,0.000000,0.000000,0.000000,0.000000,0.000000,0.000000,0.420802,0.553782,0.482363,0.000000,0.481253,0.000000,0.000000,0.000000,0.000000,0.000000,0.000000,0.000000,0.400520,0.568280,0.523448,0.000000,0.451492,0.530660,0.000000,0.000000,0.000000,0.000000,0.000000,0.000000,0.000000,0.000000,0.000000,0.000000,0.000000,0.000000,0.000000,0.000000,0.000000,0.000000
0.000000,0.000000,0.000000,0.389073,0.000000,0.000000,0.000000,0.382025,0.000000,0.000000,0.000000,0.396502,0.000000,0.392493,0.000000,0.000000,0.000000,0.431542,0.535520,0.419648,0.000000,0.000000,0.000000,0.000000,0.000000,0.000000,0.000000,0.000000,0.000000,0.432133,0.000000,0.000000,0.000000,0.382609,0.000000,0.000000,0.000000,0.000000,0.000000,0.000000,0.000000,0.000000,0.000000,0.000000,0.000000,0.000000,0.000000,0.000000,0.000000,0.000000,0.000000,0.000000,0.000000,0.000000,0.000000,0.000000,0.529548,0.438876,0.000000,0.471658,0.000000,0.482960,0.000000,0.481088,0.000000,0.000000,0.000000,0.000000,0.536023,0.000000,0.000000,0.000000,0.000000,0.433008,0.000000,0.452329,0.000000,0.000000,0.000000,0.000000,0.000000,0.000000,0.000000,0.444550,0.000000,0.000000,0.000000,0.000000,0.000000,0.000000
0.411668,0.000000,0.000000,0.000000,0.000000,0.000000,0.372480,0.000000,0.000000,0.000000,0.412863,0.000000,0.393168,0.000000,0.390016,0.000000,0.468851,0.000000,0.241224,0.000000,0.000000,0.000000,0.422585,0.000000,0.000000,0.517125,0.000000,0.000000,0.366693,0.000000,0.000000,0.000000,0.276329,0.000000,0.000000,0.000000,0.471156,0.000000,0.481562,0.502847,0.000000,0.000000,0.456406,0.000000,0.458900,0.000000,0.479577,0.000000,0.000000,0.000000,0.000000,0.000000,0.000000,0.000000,0.445114,0.000000,0.000000,0.000000,0.000000,0.000000,0.000000,0.000000,0.000000,0.000000,0.000000,0.000000,0.000000,0.000000,0.000000,0.000000,0.000000,0.000000,0.395576,0.000000,0.404857,0.000000,0.439917,0.000000,0.000000,0.000000,0.000000,0.000000,0.420844,0.000000,0.000000,0.000000,0.000000,0.000000,0.000000,0.000000
0.000000,0.389073,0.000000,0.000000,0.000000,0.000000,0.000000,0.389431,0.000000,0.000000,0.000000,0.360568,0.000000,0.366671,0.000000,0.000000,0.000000,0.436315,0.000000,0.244211,0.000000,0.000000,0.487245,0.291999,0.000000,0.000000,0.000000,0.000000,0.499952,0.447833,0.482251,0.320305,0.000000,0.422627,0.000000,0.000000,0.000000,0.551384,0.000000,0.000000,0.000000,0.000000,0.000000,0.000000,0.000000,0.000000,0.000000,0.000000,0.000000,0.000000,0.000000,0.000000,0.000000,0.000000,0.000000,0.000000,0.000000,0.000000,0.000000,0.000000,0.000000,0.000000,0.000000,0.000000,0.000000,0.000000,0.000000,0.000000,0.000000,0.000000,0.399617,0.000000,0.524771,0.327600,0.525405,0.366274,0.491890,0.402879,0.000000,0.000000,0.000000,0.000000,0.000000,0.440002,0.000000,0.000000,0.000000,0.000000,0.000000,0.000000
0.000000,0.000000,0.000000,0.000000,0.000000,0.000000,0.000000,0.000000,0.344600,0.000000,0.000000,0.000000,0.000000,0.000000,0.405663,0.000000,0.000000,0.000000,0.000000,0.000000,0.320098,0.000000,0.000000,0.000000,0.302766,0.000000,0.319875,0.000000,0.344656,0.000000,0.382390,0.000000,0.000000,0.000000,0.000000,0.000000,0.000000,0.000000,0.000000,0.000000,0.000000,0.000000,0.000000,0.000000,0.000000,0.000000,0.000000,0.000000,0.000000,0.000000,0.000000,0.000000,0.000000,0.000000,0.000000,0.000000,0.000000,0.000000,0.000000,0.000000,0.000000,0.000000,0.000000,0.000000,0.000000,0.000000,0.000000,0.000000,0.000000,0.000000,0.312942,0.000000,0.000000,0.000000,0.000000,0.000000,0.000000,0.000000,0.000000,0.000000,0.000000,0.000000,0.000000,0.000000,0.000000,0.000000,0.000000,0.000000,0.000000,0.000000
0.000000,0.000000,0.000000,0.000000,0.000000,0.000000,0.000000,0.238331,0.000000,0.345274,0.000000,0.000000,0.000000,0.000000,0.000000,0.385593,0.000000,0.000000,0.000000,0.000000,0.000000,0.350535,0.000000,0.000000,0.000000,0.433554,0.468169,0.342098,0.000000,0.000000,0.000000,0.000000,0.000000,0.000000,0.000000,0.000000,0.000000,0.000000,0.000000,0.000000,0.000000,0.000000,0.000000,0.000000,0.000000,0.000000,0.000000,0.000000,0.000000,0.000000,0.000000,0.000000,0.000000,0.000000,0.000000,0.000000,0.000000,0.000000,0.000000,0.000000,0.000000,0.000000,0.000000,0.000000,0.000000,0.000000,0.000000,0.000000,0.000000,0.000000,0.000000,0.000000,0.000000,0.000000,0.000000,0.000000,0.000000,0.000000,0.000000,0.000000,0.000000,0.000000,0.000000,0.000000,0.000000,0.000000,0.000000,0.000000,0.000000,0.000000
0.443982,0.000000,0.372480,0.000000,0.000000,0.000000,0.000000,0.000000,0.000000,0.000000,0.440897,0.000000,0.371167,0.000000,0.382548,0.000000,0.000000,0.000000,0.000000,0.000000,0.000000,0.000000,0.395478,0.000000,0.000000,0.000000,0.000000,0.000000,0.360562,0.000000,0.000000,0.000000,0.411838,0.000000,0.000000,0.000000,0.000000,0.000000,0.488554,0.000000,0.000000,0.000000,0.000000,0.000000,0.000000,0.000000,0.482868,0.000000,0.000000,0.000000,0.000000,0.000000,0.000000,0.000000,0.000000,0.000000,0.000000,0.000000,0.000000,0.000000,0.000000,0.000000,0.000000,0.000000,0.000000,0.000000,0.000000,0.000000,0.000000,0.000000,0.000000,0.000000,0.000000,0.000000,0.000000,0.000000,0.000000,0.000000,0.000000,0.000000,0.000000,0.000000,0.000000,0.000000,0.000000,0.000000,0.000000,0.000000,0.000000,0.000000
0.000000,0.382025,0.000000,0.389431,0.000000,0.238331,0.000000,0.000000,0.000000,0.259397,0.000000,0.366419,0.000000,0.371289,0.000000,0.000000,0.000000,0.000000,0.000000,0.000000,0.000000,0.000000,0.000000,0.000000,0.000000,0.000000,0.000000,0.000000,0.000000,0.433317,0.000000,0.378606,0.000000,0.384467,0.000000,0.000000,0.000000,0.000000,0.000000,0.000000,0.000000,0.000000,0.000000,0.000000,0.000000,0.000000,0.000000,0.000000,0.000000,0.000000,0.000000,0.000000,0.000000,0.000000,0.000000,0.000000,0.000000,0.000000,0.000000,0.000000,0.000000,0.000000,0.000000,0.000000,0.000000,0.000000,0.000000,0.000000,0.000000,0.000000,0.000000,0.000000,0.000000,0.000000,0.000000,0.000000,0.000000,0.000000,0.000000,0.000000,0.000000,0.000000,0.000000,0.000000,0.000000,0.000000,0.000000,0.000000,0.000000,0.000000
0.000000,0.000000,0.000000,0.000000,0.344600,0.000000,0.000000,0.000000,0.000000,0.000000,0.000000,0.000000,0.218700,0.000000,0.375631,0.000000,0.000000,0.000000,0.000000,0.000000,0.000000,0.000000,0.000000,0.000000,0.000000,0.000000,0.000000,0.000000,0.352570,0.000000,0.000000,0.000000,0.000000,0.000000,0.000000,0.000000,0.000000,0.000000,0.000000,0.000000,0.000000,0.000000,0.000000,0.000000,0.000000,0.000000,0.000000,0.000000,0.000000,0.000000,0.000000,0.000000,0.000000,0.000000,0.000000,0.000000,0.000000,0.000000,0.000000,0.000000,0.000000,0.000000,0.000000,0.000000,0.000000,0.000000,0.000000,0.000000,0.000000,0.000000,0.000000,0.000000,0.000000,0.000000,0.000000,0.000000,0.000000,0.000000,0.000000,0.000000,0.000000,0.000000,0.000000,0.000000,0.000000,0.000000,0.000000,0.000000,0.000000,0.000000
0.000000,0.000000,0.000000,0.000000,0.000000,0.345274,0.000000,0.259397,0.000000,0.000000,0.000000,0.000000,0.000000,0.000000,0.000000,0.363649,0.000000,0.000000,0.000000,0.000000,0.000000,0.000000,0.000000,0.000000,0.000000,0.000000,0.000000,0.000000,0.000000,0.000000,0.000000,0.000000,0.000000,0.000000,0.000000,0.000000,0.000000,0.000000,0.000000,0.000000,0.000000,0.000000,0.000000,0.000000,0.000000,0.000000,0.000000,0.000000,0.000000,0.000000,0.000000,0.000000,0.000000,0.000000,0.000000,0.000000,0.000000,0.000000,0.000000,0.000000,0.000000,0.000000,0.000000,0.000000,0.000000,0.000000,0.000000,0.000000,0.000000,0.000000,0.000000,0.000000,0.000000,0.338022,0.407291,0.000000,0.000000,0.428829,0.000000,0.000000,0.000000,0.000000,0.000000,0.000000,0.000000,0.000000,0.000000,0.000000,0.000000,0.000000
0.433610,0.000000,0.412863,0.000000,0.000000,0.000000,0.440897,0.000000,0.000000,0.000000,0.000000,0.000000,0.400207,0.000000,0.000000,0.000000,0.359405,0.000000,0.429688,0.000000,0.000000,0.000000,0.000000,0.000000,0.000000,0.000000,0.000000,0.000000,0.406785,0.482543,0.423270,0.000000,0.415146,0.000000,0.000000,0.000000,0.000000,0.000000,0.000000,0.000000,0.000000,0.000000,0.000000,0.000000,0.000000,0.000000,0.000000,0.000000,0.000000,0.000000,0.000000,0.000000,0.000000,0.000000,0.000000,0.000000,0.429901,0.000000,0.000000,0.000000,0.465887,0.000000,0.000000,0.000000,0.000000,0.000000,0.000000,0.000000,0.000000,0.000000,0.431709,0.505133,0.411443,0.473057,0.000000,0.000000,0.000000,0.000000,0.000000,0.000000,0.000000,0.000000,0.307661,0.000000,0.000000,0.000000,0.000000,0.000000,0.000000,0.000000
0.000000,0.396502,0.000000,0.360568,0.000000,0.000000,0.000000,0.366419,0.000000,0.000000,0.000000,0.000000,0.000000,0.363318,0.000000,0.315973,0.000000,0.414593,0.000000,0.458209,0.000000,0.000000,0.000000,0.000000,0.000000,0.000000,0.000000,0.000000,0.000000,0.435891,0.000000,0.426706,0.000000,0.446783,0.000000,0.000000,0.000000,0.000000,0.000000,0.000000,0.000000,0.000000,0.000000,0.000000,0.000000,0.000000,0.000000,0.000000,0.000000,0.000000,0.000000,0.000000,0.000000,0.000000,0.000000,0.000000,0.000000,0.000000,0.000000,0.000000,0.000000,0.000000,0.000000,0.000000,0.000000,0.000000,0.000000,0.000000,0.000000,0.000000,0.491841,0.403377,0.000000,0.000000,0.000000,0.000000,0.000000,0.000000,0.000000,0.000000,0.000000,0.000000,0.000000,0.438605,0.000000,0.000000,0.000000,0.000000,0.000000,0.000000
0.442549,0.000000,0.393168,0.000000,0.000000,0.000000,0.371167,0.000000,0.218700,0.000000,0.400207,0.000000,0.000000,0.000000,0.397358,0.000000,0.373621,0.000000,0.391513,0.000000,0.000000,0.000000,0.395160,0.000000,0.000000,0.000000,0.000000,0.000000,0.401938,0.000000,0.402755,0.498646,0.398869,0.000000,0.000000,0.000000,0.000000,0.000000,0.000000,0.000000,0.000000,0.000000,0.000000,0.000000,0.000000,0.000000,0.498850,0.000000,0.000000,0.000000,0.000000,0.000000,0.000000,0.000000,0.000000,0.000000,0.000000,0.000000,0.000000,0.000000,0.000000,0.000000,0.000000,0.000000,0.000000,0.000000,0.000000,0.000000,0.000000,0.000000,0.000000,0.504671,0.403489,0.498072,0.000000,0.000000,0.000000,0.000000,0.000000,0.000000,0.000000,0.000000,0.000000,0.000000,0.000000,0.000000,0.000000,0.000000,0.000000,0.000000
0.000000,0.392493,0.000000,0.366671,0.000000,0.000000,0.000000,0.371289,0.000000,0.000000,0.000000,0.363318,0.000000,0.000000,0.000000,0.343886,0.000000,0.435579,0.000000,0.389852,0.000000,0.000000,0.000000,0.384215,0.000000,0.000000,0.000000,0.000000,0.488651,0.395462,0.000000,0.401038,0.000000,0.404647,0.000000,0.000000,0.000000,0.000000,0.000000,0.000000,0.000000,0.000000,0.000000,0.000000,0.000000,0.000000,0.511723,0.000000,0.000000,0.000000,0.000000,0.000000,0.000000,0.000000,0.000000,0.000000,0.000000,0.427472,0.471676,0.436673,0.000000,0.000000,0.000000,0.406338,0.000000,0.000000,0.000000,0.451997,0.000000,0.000000,0.466679,0.389868,0.486095,0.394048,0.000000,0.000000,0.571349,0.000000,0.000000,0.000000,0.000000,0.000000,0.000000,0.442010,0.000000,0.000000,0.000000,0.000000,0.000000,0.000000
0.000000,0.000000,0.390016,0.000000,0.405663,0.000000,0.382548,0.000000,0.375631,0.000000,0.000000,0.000000,0.397358,0.000000,0.000000,0.000000,0.000000,0.000000,0.000000,0.000000,0.296882,0.444095,0.000000,0.000000,0.422788,0.505437,0.374668,0.000000,0.384305,0.000000,0.414228,0.000000,0.000000,0.000000,0.000000,0.000000,0.000000,0.000000,0.249147,0.000000,0.000000,0.000000,0.479731,0.000000,0.476440,0.000000,0.477694,0.000000,0.000000,0.000000,0.000000,0.000000,0.000000,0.000000,0.000000,0.000000,0.000000,0.000000,0.000000,0.000000,0.415935,0.000000,0.000000,0.000000,0.000000,0.000000,0.000000,0.000000,0.000000,0.000000,0.372789,0.439704,0.413526,0.000000,0.000000,0.000000,0.000000,0.000000,0.000000,0.000000,0.484784,0.000000,0.378563,0.000000,0.000000,0.547609,0.000000,0.000000,0.000000,0.000000
0.000000,0.000000,0.000000,0.000000,0.000000,0.385593,0.000000,0.000000,0.000000,0.363649,0.000000,0.315973,0.000000,0.343886,0.000000,0.000000,0.000000,0.000000,0.000000,0.000000,0.000000,0.284366,0.000000,0.000000,0.000000,0.000000,0.000000,0.394739,0.000000,0.341820,0.000000,0.000000,0.000000,0.000000,0.000000,0.440689,0.000000,0.414775,0.000000,0.449942,0.000000,0.342784,0.000000,0.436161,0.448820,0.442569,0.000000,0.425912,0.000000,0.442971,0.000000,0.000000,0.000000,0.000000,0.000000,0.451690,0.000000,0.000000,0.000000,0.000000,0.000000,0.000000,0.000000,0.000000,0.000000,0.000000,0.000000,0.465706,0.000000,0.000000,0.000000,0.000000,0.457351,0.396092,0.464982,0.421892,0.564672,0.445663,0.000000,0.000000,0.524280,0.000000,0.000000,0.398039,0.556365,0.000000,0.000000,0.000000,0.000000,0.000000
0.440626,0.000000,0.468851,0.000000,0.000000,0.000000,0.000000,0.000000,0.000000,0.000000,0.359405,0.000000,0.373621,0.000000,0.000000,0.000000,0.000000,0.000000,0.441953,0.000000,0.000000,0.000000,0.000000,0.000000,0.000000,0.000000,0.000000,0.000000,0.426610,0.000000,0.000000,0.000000,0.450365,0.000000,0.000000,0.000000,0.000000,0.000000,0.000000,0.000000,0.000000,0.000000,0.000000,0.000000,0.000000,0.000000,0.000000,0.000000,0.000000,0.000000,0.000000,0.000000,0.000000,0.000000,0.000000,0.000000,0.382966,0.000000,0.000000,0.000000,0.479426,0.000000,0.405370,0.000000,0.000000,0.000000,0.000000,0.000000,0.000000,0.000000,0.422192,0.525278,0.381144,0.000000,0.000000,0.000000,0.000000,0.000000,0.320354,0.000000,0.372487,0.000000,0.000000,0.000000,0.000000,0.000000,0.000000,0.000000,0.000000,0.000000
0.000000,0.431542,0.000000,0.436315,0.000000,0.000000,0.000000,0.000000,0.000000,0.000000,0.000000,0.414593,0.000000,0.435579,0.000000,0.000000,0.000000,0.000000,0.536895,0.455110,0.000000,0.000000,0.000000,0.000000,0.000000,0.000000,0.000000,0.000000,0.000000,0.414667,0.000000,0.000000,0.543760,0.414863,0.000000,0.000000,0.000000,0.000000,0.000000,0.000000,0.000000,0.000000,0.000000,0.000000,0.000000,0.000000,0.000000,0.000000,0.000000,0.000000,0.000000,0.000000,0.000000,0.000000,0.000000,0.000000,0.000000,0.424228,0.000000,0.461081,0.000000,0.497463,0.000000,0.465768,0.000000,0.000000,0.000000,0.000000,0.000000,0.000000,0.000000,0.488927,0.000000,0.464021,0.000000,0.000000,0.000000,0.000000,0.000000,0.396478,0.000000,0.395261,0.000000,0.438979,0.000000,0.000000,0.000000,0.000000,0.000000,0.000000
0.457612,0.535520,0.241224,0.000000,0.000000,0.000000,0.000000,0.000000,0.000000,0.000000,0.429688,0.000000,0.391513,0.000000,0.000000,0.000000,0.441953,0.536895,0.000000,0.546786,0.000000,0.000000,0.000000,0.000000,0.000000,0.000000,0.000000,0.000000,0.426311,0.542791,0.348274,0.000000,0.418875,0.567348,0.000000,0.000000,0.000000,0.000000,0.000000,0.000000,0.000000,0.000000,0.000000,0.000000,0.000000,0.000000,0.000000,0.000000,0.000000,0.000000,0.000000,0.000000,0.000000,0.000000,0.000000,0.000000,0.513159,0.550120,0.000000,0.000000,0.000000,0.000000,0.000000,0.000000,0.000000,0.000000,0.537396,0.000000,0.554335,0.555401,0.453610,0.572011,0.443312,0.541393,0.429885,0.551510,0.000000,0.496410,0.000000,0.000000,0.000000,0.000000,0.000000,0.526200,0.000000,0.000000,0.000000,0.000000,0.000000,0.000000
0.532440,0.419648,0.000000,0.244211,0.000000,0.000000,0.000000,0.000000,0.000000,0.000000,0.000000,0.458209,0.000000,0.389852,0.000000,0.000000,0.000000,0.455110,0.546786,0.000000,0.000000,0.000000,0.000000,0.255847,0.000000,0.000000,0.000000,0.000000,0.000000,0.446718,0.000000,0.000000,0.539670,0.384513,0.000000,0.000000,0.000000,0.000000,0.000000,0.494704,0.000000,0.000000,0.000000,0.000000,0.000000,0.000000,0.000000,0.000000,0.000000,0.000000,0.000000,0.000000,0.000000,0.000000,0.000000,0.000000,0.536764,0.000000,0.549527,0.000000,0.000000,0.000000,0.000000,0.000000,0.000000,0.000000,0.000000,0.451738,0.535210,0.373211,0.577053,0.460545,0.000000,0.449191,0.000000,0.452096,0.000000,0.000000,0.000000,0.000000,0.000000,0.000000,0.000000,0.456508,0.000000,0.000000,0.000000,0.000000,0.000000,0.000000
0.000000,0.000000,0.000000,0.000000,0.320098,0.000000,0.000000,0.000000,0.000000,0.000000,0.000000,0.000000,0.000000,0.000000,0.296882,0.000000,0.000000,0.000000,0.000000,0.000000,0.000000,0.486757,0.444384,0.000000,0.397225,0.256423,0.289154,0.000000,0.377139,0.000000,0.378861,0.000000,0.000000,0.000000,0.000000,0.000000,0.426732,0.000000,0.000000,0.000000,0.391869,0.000000,0.000000,0.000000,0.000000,0.000000,0.449799,0.000000,0.000000,0.000000,0.000000,0.000000,0.000000,0.000000,0.000000,0.000000,0.000000,0.000000,0.000000,0.000000,0.000000,0.000000,0.000000,0.000000,0.000000,0.000000,0.000000,0.000000,0.000000,0.000000,0.309790,0.451055,0.000000,0.000000,0.000000,0.000000,0.000000,0.000000,0.000000,0.000000,0.000000,0.000000,0.391548,0.000000,0.000000,0.000000,0.000000,0.000000,0.000000,0.000000
0.000000,0.000000,0.000000,0.000000,0.000000,0.350535,0.000000,0.000000,0.000000,0.000000,0.000000,0.000000,0.000000,0.000000,0.444095,0.284366,0.000000,0.000000,0.000000,0.000000,0.486757,0.000000,0.523064,0.000000,0.483149,0.328904,0.000000,0.322705,0.000000,0.274075,0.445633,0.332480,0.000000,0.000000,0.000000,0.000000,0.000000,0.000000,0.000000,0.247847,0.000000,0.360468,0.000000,0.000000,0.000000,0.000000,0.000000,0.000000,0.000000,0.000000,0.000000,0.000000,0.000000,0.000000,0.000000,0.000000,0.000000,0.000000,0.000000,0.000000,0.000000,0.000000,0.000000,0.000000,0.000000,0.000000,0.000000,0.000000,0.000000,0.000000,0.466743,0.312014,0.000000,0.000000,0.000000,0.000000,0.000000,0.000000,0.000000,0.000000,0.000000,0.000000,0.000000,0.421476,0.000000,0.000000,0.000000,0.000000,0.000000,0.000000
0.000000,0.000000,0.422585,0.487245,0.000000,0.000000,0.395478,0.000000,0.000000,0.000000,0.000000,0.000000,0.395160,0.000000,0.000000,0.000000,0.000000,0.000000,0.000000,0.000000,0.444384,0.523064,0.000000,0.477183,0.421337,0.533979,0.000000,0.525714,0.379023,0.000000,0.328833,0.490919,0.235198,0.000000,0.000000,0.000000,0.000000,0.000000,0.000000,0.000000,0.000000,0.000000,0.000000,0.000000,0.000000,0.000000,0.000000,0.000000,0.000000,0.000000,0.000000,0.000000,0.000000,0.000000,0.000000,0.000000,0.000000,0.000000,0.000000,0.000000,0.000000,0.000000,0.000000,0.000000,0.000000,0.000000,0.000000,0.000000,0.000000,0.000000,0.000000,0.000000,0.412054,0.000000,0.397467,0.000000,0.434249,0.000000,0.000000,0.000000,0.000000,0.000000,0.000000,0.000000,0.000000,0.000000,0.000000,0.000000,0.000000,0.000000
0.000000,0.000000,0.000000,0.291999,0.000000,0.000000,0.000000,0.000000,0.000000,0.000000,0.000000,0.000000,0.000000,0.384215,0.000000,0.000000,0.000000,0.000000,0.000000,0.255847,0.000000,0.000000,0.477183,0.000000,0.000000,0.290641,0.000000,0.000000,0.501265,0.000000,0.453578,0.320008,0.000000,0.223910,0.000000,0.000000,0.000000,0.000000,0.000000,0.000000,0.000000,0.000000,0.000000,0.000000,0.000000,0.000000,0.000000,0.000000,0.000000,0.000000,0.000000,0.000000,0.000000,0.000000,0.000000,0.000000,0.000000,0.000000,0.000000,0.000000,0.000000,0.000000,0.000000,0.000000,0.000000,0.000000,0.000000,0.000000,0.000000,0.000000,0.000000,0.000000,0.540373,0.000000,0.000000,0.000000,0.000000,0.000000,0.000000,0.000000,0.000000,0.000000,0.000000,0.000000,0.000000,0.000000,0.000000,0.000000,0.000000,0.000000
0.000000,0.000000,0.000000,0.000000,0.302766,0.000000,0.000000,0.000000,0.000000,0.000000,0.000000,0.000000,0.000000,0.000000,0.422788,0.000000,0.000000,0.000000,0.000000,0.000000,0.397225,0.483149,0.421337,0.000000,0.000000,0.525085,0.303194,0.519421,0.432497,0.000000,0.320433,0.000000,0.000000,0.000000,0.000000,0.000000,0.000000,0.000000,0.404537,0.000000,0.416420,0.000000,0.000000,0.000000,0.000000,0.000000,0.000000,0.000000,0.000000,0.000000,0.000000,0.000000,0.000000,0.000000,0.000000,0.000000,0.000000,0.000000,0.000000,0.000000,0.000000,0.000000,0.000000,0.000000,0.000000,0.000000,0.000000,0.000000,0.000000,0.000000,0.397420,0.465663,0.394114,0.000000,0.000000,0.000000,0.000000,0.000000,0.000000,0.000000,0.000000,0.000000,0.464803,0.000000,0.000000,0.000000,0.000000,0.000000,0.000000,0.000000
0.000000,0.000000,0.517125,0.000000,0.000000,0.433554,0.000000,0.000000,0.000000,0.000000,0.000000,0.000000,0.000000,0.000000,0.505437,0.000000,0.000000,0.000000,0.000000,0.000000,0.256423,0.328904,0.533979,0.290641,0.525085,0.000000,0.000000,0.346782,0.000000,0.000000,0.555441,0.319989,0.000000,0.000000,0.000000,0.000000,0.491130,0.469899,0.000000,0.469637,0.000000,0.000000,0.000000,0.000000,0.000000,0.000000,0.000000,0.443220,0.000000,0.000000,0.000000,0.000000,0.000000,0.000000,0.000000,0.465620,0.000000,0.000000,0.000000,0.000000,0.000000,0.000000,0.000000,0.000000,0.000000,0.000000,0.000000,0.000000,0.000000,0.000000,0.520627,0.441108,0.553188,0.422536,0.000000,0.398091,0.560921,0.449145,0.000000,0.000000,0.000000,0.000000,0.000000,0.449434,0.000000,0.000000,0.000000,0.000000,0.000000,0.000000
0.000000,0.000000,0.000000,0.000000,0.319875,0.468169,0.000000,0.000000,0.000000,0.000000,0.000000,0.000000,0.000000,0.000000,0.374668,0.000000,0.000000,0.000000,0.000000,0.000000,0.289154,0.000000,0.000000,0.000000,0.303194,0.000000,0.000000,0.388860,0.000000,0.000000,0.446545,0.000000,0.000000,0.000000,0.000000,0.000000,0.000000,0.000000,0.000000,0.000000,0.000000,0.000000,0.000000,0.000000,0.000000,0.000000,0.000000,0.000000,0.000000,0.000000,0.000000,0.000000,0.000000,0.000000,0.000000,0.000000,0.000000,0.000000,0.000000,0.000000,0.000000,0.000000,0.000000,0.000000,0.000000,0.000000,0.000000,0.000000,0.000000,0.000000,0.328548,0.000000,0.346674,0.000000,0.000000,0.000000,0.000000,0.000000,0.000000,0.000000,0.000000,0.000000,0.000000,0.000000,0.000000,0.000000,0.000000,0.000000,0.000000,0.000000
0.000000,0.000000,0.000000,0.000000,0.000000,0.342098,0.000000,0.000000,0.000000,0.000000,0.000000,0.000000,0.000000,0.000000,0.000000,0.394739,0.000000,0.000000,0.000000,0.000000,0.000000,0.322705,0.525714,0.000000,0.519421,0.346782,0.388860,0.000000,0.000000,0.389982,0.555990,0.345100,0.000000,0.000000,0.000000,0.000000,0.000000,0.000000,0.000000,0.000000,0.000000,0.000000,0.000000,0.000000,0.000000,0.000000,0.000000,0.000000,0.000000,0.000000,0.000000,0.000000,0.000000,0.000000,0.000000,0.000000,0.000000,0.000000,0.000000,0.000000,0.000000,0.000000,0.000000,0.000000,0.000000,0.000000,0.000000,0.000000,0.000000,0.000000,0.000000,0.000000,0.000000,0.000000,0.000000,0.000000,0.000000,0.000000,0.000000,0.000000,0.000000,0.000000,0.000000,0.479381,0.000000,0.000000,0.000000,0.000000,0.000000,0.000000
0.420660,0.000000,0.366693,0.499952,0.344656,0.000000,0.360562,0.000000,0.352570,0.000000,0.406785,0.000000,0.401938,0.488651,0.384305,0.000000,0.426610,0.000000,0.426311,0.000000,0.377139,0.000000,0.379023,0.501265,0.432497,0.000000,0.000000,0.000000,0.000000,0.530988,0.392543,0.000000,0.383205,0.000000,0.000000,0.000000,0.000000,0.000000,0.491561,0.000000,0.000000,0.000000,0.490937,0.000000,0.000000,0.000000,0.489743,0.000000,0.000000,0.000000,0.000000,0.000000,0.000000,0.000000,0.000000,0.000000,0.411668,0.000000,0.453036,0.000000,0.478480,0.000000,0.450018,0.000000,0.000000,0.000000,0.481310,0.000000,0.000000,0.000000,0.000000,0.571501,0.354213,0.529526,0.000000,0.000000,0.444615,0.000000,0.310810,0.000000,0.429575,0.000000,0.388206,0.000000,0.460772,0.532142,0.000000,0.000000,0.000000,0.522681
0.484092,0.432133,0.000000,0.447833,0.000000,0.000000,0.000000,0.433317,0.000000,0.000000,0.482543,0.435891,0.000000,0.395462,0.000000,0.341820,0.000000,0.414667,0.542791,0.446718,0.000000,0.274075,0.000000,0.000000,0.000000,0.000000,0.000000,0.389982,0.530988,0.000000,0.000000,0.374653,0.589531,0.453254,0.000000,0.454412,0.000000,0.444901,0.000000,0.496507,0.000000,0.000000,0.000000,0.468367,0.459968,0.442230,0.531330,0.487221,0.000000,0.424233,0.000000,0.000000,0.000000,0.000000,0.000000,0.471591,0.000000,0.458312,0.473719,0.466234,0.465902,0.461617,0.000000,0.487647,0.000000,0.434457,0.000000,0.490820,0.000000,0.000000,0.548964,0.382660,0.518322,0.392497,0.000000,0.438238,0.527390,0.000000,0.000000,0.367251,0.537699,0.415325,0.000000,0.411516,0.528774,0.550481,0.000000,0.000000,0.000000,0.553901
0.000000,0.000000,0.000000,0.482251,0.382390,0.000000,0.000000,0.000000,0.000000,0.000000,0.423270,0.000000,0.402755,0.000000,0.414228,0.000000,0.000000,0.000000,0.348274,0.000000,0.378861,0.445633,0.328833,0.453578,0.320433,0.555441,0.446545,0.555990,0.392543,0.000000,0.000000,0.400699,0.325300,0.000000,0.000000,0.000000,0.000000,0.000000,0.502170,0.000000,0.433377,0.000000,0.000000,0.000000,0.000000,0.000000,0.484478,0.000000,0.000000,0.000000,0.000000,0.000000,0.000000,0.000000,0.494721,0.000000,0.000000,0.000000,0.000000,0.000000,0.000000,0.000000,0.000000,0.000000,0.000000,0.000000,0.000000,0.000000,0.000000,0.000000,0.371938,0.468244,0.407137,0.000000,0.000000,0.000000,0.000000,0.000000,0.000000,0.000000,0.456594,0.000000,0.437759,0.000000,0.000000,0.000000,0.000000,0.000000,0.000000,0.000000
0.000000,0.000000,0.000000,0.320305,0.000000,0.000000,0.000000,0.378606,0.000000,0.000000,0.000000,0.426706,0.498646,0.401038,0.000000,0.000000,0.000000,0.000000,0.000000,0.000000,0.000000,0.332480,0.490919,0.320008,0.000000,0.319989,0.000000,0.345100,0.000000,0.374653,0.400699,0.000000,0.000000,0.366514,0.000000,0.000000,0.457460,0.556185,0.000000,0.000000,0.000000,0.000000,0.500123,0.000000,0.000000,0.000000,0.477893,0.000000,0.000000,0.000000,0.000000,0.000000,0.000000,0.000000,0.000000,0.000000,0.000000,0.000000,0.473586,0.000000,0.472623,0.000000,0.000000,0.000000,0.000000,0.000000,0.000000,0.000000,0.000000,0.000000,0.000000,0.330897,0.495353,0.000000,0.490650,0.000000,0.482762,0.538140,0.000000,0.000000,0.000000,0.000000,0.000000,0.000000,0.000000,0.000000,0.000000,0.000000,0.000000,0.000000
0.422074,0.000000,0.276329,0.000000,0.000000,0.000000,0.411838,0.000000,0.000000,0.000000,0.415146,0.000000,0.398869,0.000000,0.000000,0.000000,0.450365,0.543760,0.418875,0.539670,0.000000,0.000000,0.235198,0.000000,0.000000,0.000000,0.000000,0.000000,0.383205,0.589531,0.325300,0.000000,0.000000,0.550621,0.351458,0.000000,0.000000,0.000000,0.000000,0.000000,0.000000,0.000000,0.000000,0.000000,0.000000,0.000000,0.000000,0.000000,0.000000,0.000000,0.000000,0.000000,0.000000,0.000000,0.000000,0.000000,0.527953,0.000000,0.433534,0.000000,0.000000,0.000000,0.000000,0.000000,0.000000,0.000000,0.380663,0.517243,0.407052,0.512632,0.417477,0.607609,0.438589,0.575581,0.444542,0.000000,0.446281,0.000000,0.000000,0.000000,0.000000,0.000000,0.000000,0.540335,0.000000,0.000000,0.000000,0.000000,0.000000,0.000000
0.000000,0.382609,0.000000,0.422627,0.000000,0.000000,0.000000,0.384467,0.000000,0.000000,0.000000,0.446783,0.000000,0.404647,0.000000,0.000000,0.000000,0.414863,0.567348,0.384513,0.000000,0.000000,0.000000,0.223910,0.000000,0.000000,0.000000,0.000000,0.000000,0.453254,0.000000,0.366514,0.550621,0.000000,0.294130,0.265917,0.000000,0.494577,0.000000,0.551406,0.000000,0.000000,0.000000,0.000000,0.000000,0.000000,0.000000,0.000000,0.000000,0.000000,0.000000,0.000000,0.000000,0.000000,0.000000,0.000000,0.581030,0.418296,0.000000,0.000000,0.000000,0.000000,0.000000,0.000000,0.000000,0.000000,0.329820,0.374787,0.563261,0.378468,0.000000,0.457530,0.000000,0.433429,0.000000,0.000000,0.000000,0.000000,0.000000,0.000000,0.000000,0.000000,0.000000,0.479673,0.000000,0.000000,0.000000,0.000000,0.000000,0.000000
0.000000,0.000000,0.000000,0.000000,0.000000,0.000000,0.000000,0.000000,0.000000,0.000000,0.000000,0.000000,0.000000,0.000000,0.000000,0.000000,0.000000,0.000000,0.000000,0.000000,0.000000,0.000000,0.000000,0.000000,0.000000,0.000000,0.000000,0.000000,0.000000,0.000000,0.000000,0.000000,0.351458,0.294130,0.000000,0.420505,0.457536,0.000000,0.472157,0.000000,0.000000,0.000000,0.553686,0.000000,0.466033,0.000000,0.424998,0.000000,0.564333,0.000000,0.000000,0.000000,0.000000,0.000000,0.000000,0.000000,0.000000,0.000000,0.000000,0.000000,0.000000,0.000000,0.000000,0.000000,0.000000,0.000000,0.397116,0.000000,0.000000,0.000000,0.000000,0.000000,0.000000,0.000000,0.000000,0.000000,0.000000,0.000000,0.000000,0.000000,0.454892,0.000000,0.000000,0.000000,0.000000,0.000000,0.000000,0.000000,0.000000,0.000000
0.000000,0.000000,0.000000,0.000000,0.000000,0.000000,0.000000,0.000000,0.000000,0.000000,0.000000,0.000000,0.000000,0.000000,0.000000,0.440689,0.000000,0.000000,0.000000,0.000000,0.000000,0.000000,0.000000,0.000000,0.000000,0.000000,0.000000,0.000000,0.000000,0.454412,0.000000,0.000000,0.000000,0.265917,0.420505,0.000000,0.000000,0.000000,0.000000,0.495640,0.000000,0.000000,0.000000,0.381470,0.000000,0.408311,0.000000,0.385730,0.000000,0.000000,0.000000,0.000000,0.000000,0.000000,0.000000,0.000000,0.000000,0.000000,0.000000,0.000000,0.000000,0.000000,0.000000,0.000000,0.000000,0.000000,0.000000,0.392103,0.000000,0.000000,0.000000,0.000000,0.000000,0.000000,0.000000,0.000000,0.000000,0.000000,0.000000,0.000000,0.000000,0.000000,0.000000,0.000000,0.000000,0.000000,0.000000,0.000000,0.000000,0.000000
0.000000,0.000000,0.471156,0.000000,0.000000,0.000000,0.000000,0.000000,0.000000,0.000000,0.000000,0.000000,0.000000,0.000000,0.000000,0.000000,0.000000,0.000000,0.000000,0.000000,0.426732,0.000000,0.000000,0.000000,0.000000,0.491130,0.000000,0.000000,0.000000,0.000000,0.000000,0.457460,0.000000,0.000000,0.457536,0.000000,0.000000,0.573587,0.342755,0.000000,0.261251,0.000000,0.571030,0.578813,0.564001,0.000000,0.483747,0.628885,0.556525,0.000000,0.000000,0.000000,0.000000,0.000000,0.333478,0.000000,0.000000,0.000000,0.000000,0.000000,0.000000,0.000000,0.000000,0.000000,0.000000,0.000000,0.518667,0.663158,0.000000,0.000000,0.000000,0.000000,0.000000,0.583547,0.000000,0.000000,0.353751,0.608841,0.000000,0.000000,0.381369,0.585385,0.430764,0.000000,0.000000,0.577386,0.323193,0.000000,0.000000,0.000000
0.000000,0.000000,0.000000,0.551384,0.000000,0.000000,0.000000,0.000000,0.000000,0.000000,0.000000,0.000000,0.000000,0.000000,0.000000,0.414775,0.000000,0.000000,0.000000,0.000000,0.000000,0.000000,0.000000,0.000000,0.000000,0.469899,0.000000,0.000000,0.000000,0.444901,0.000000,0.556185,0.000000,0.494577,0.000000,0.000000,0.573587,0.000000,0.000000,0.366729,0.000000,0.347474,0.662610,0.437225,0.582672,0.404950,0.578237,0.460781,0.605358,0.000000,0.000000,0.000000,0.000000,0.000000,0.000000,0.440402,0.000000,0.558534,0.629888,0.000000,0.000000,0.000000,0.000000,0.000000,0.000000,0.000000,0.615704,0.521223,0.000000,0.574649,0.555779,0.584341,0.602276,0.392548,0.000000,0.566631,0.591684,0.405714,0.000000,0.000000,0.564816,0.000000,0.000000,0.407628,0.575080,0.000000,0.000000,0.357004,0.563972,0.000000
0.000000,0.000000,0.481562,0.000000,0.000000,0.000000,0.488554,0.000000,0.000000,0.000000,0.000000,0.000000,0.000000,0.000000,0.249147,0.000000,0.000000,0.000000,0.000000,0.000000,0.000000,0.000000,0.000000,0.000000,0.404537,0.000000,0.000000,0.000000,0.491561,0.000000,0.502170,0.000000,0.000000,0.000000,0.472157,0.000000,0.342755,0.000000,0.000000,0.000000,0.306677,0.000000,0.442441,0.000000,0.419923,0.000000,0.365084,0.000000,0.000000,0.000000,0.000000,0.000000,0.000000,0.000000,0.338849,0.000000,0.000000,0.000000,0.000000,0.000000,0.000000,0.000000,0.000000,0.000000,0.000000,0.000000,0.461537,0.000000,0.000000,0.000000,0.360404,0.395107,0.000000,0.000000,0.000000,0.000000,0.378853,0.453097,0.000000,0.000000,0.000000,0.000000,0.428592,0.000000,0.358924,0.000000,0.297910,0.000000,0.364526,0.000000
0.000000,0.000000,0.502847,0.000000,0.000000,0.000000,0.000000,0.000000,0.000000,0.000000,0.000000,0.000000,0.000000,0.000000,0.000000,0.449942,0.000000,0.000000,0.000000,0.494704,0.000000,0.247847,0.000000,0.000000,0.000000,0.469637,0.000000,0.000000,0.000000,0.496507,0.000000,0.000000,0.000000,0.551406,0.000000,0.495640,0.000000,0.366729,0.000000,0.000000,0.000000,0.324361,0.000000,0.415414,0.000000,0.000000,0.558132,0.409827,0.000000,0.000000,0.000000,0.000000,0.000000,0.000000,0.000000,0.372881,0.000000,0.534101,0.000000,0.000000,0.000000,0.000000,0.000000,0.000000,0.000000,0.000000,0.000000,0.471850,0.000000,0.548404,0.000000,0.000000,0.000000,0.000000,0.000000,0.000000,0.000000,0.000000,0.000000,0.000000,0.000000,0.000000,0.000000,0.436887,0.000000,0.436998,0.000000,0.366863,0.000000,0.000000
0.000000,0.000000,0.000000,0.000000,0.000000,0.000000,0.000000,0.000000,0.000000,0.000000,0.000000,0.000000,0.000000,0.000000,0.000000,0.000000,0.000000,0.000000,0.000000,0.000000,0.391869,0.000000,0.000000,0.000000,0.416420,0.000000,0.000000,0.000000,0.000000,0.000000,0.433377,0.000000,0.000000,0.000000,0.000000,0.000000,0.261251,0.000000,0.306677,0.000000,0.000000,0.000000,0.000000,0.000000,0.000000,0.000000,0.000000,0.000000,0.404862,0.000000,0.000000,0.000000,0.000000,0.000000,0.432018,0.000000,0.000000,0.000000,0.404995,0.000000,0.419289,0.000000,0.000000,0.000000,0.000000,0.000000,0.000000,0.000000,0.000000,0.000000,0.376209,0.000000,0.000000,0.000000,0.000000,0.000000,0.000000,0.000000,0.000000,0.000000,0.000000,0.000000,0.381757,0.000000,0.000000,0.534258,0.000000,0.000000,0.000000,0.000000
0.000000,0.000000,0.000000,0.000000,0.000000,0.000000,0.000000,0.000000,0.000000,0.000000,0.000000,0.000000,0.000000,0.000000,0.000000,0.342784,0.000000,0.000000,0.000000,0.000000,0.000000,0.360468,0.000000,0.000000,0.000000,0.000000,0.000000,0.000000,0.000000,0.000000,0.000000,0.000000,0.000000,0.000000,0.000000,0.000000,0.000000,0.347474,0.000000,0.324361,0.000000,0.000000,0.000000,0.000000,0.000000,0.418935,0.000000,0.000000,0.000000,0.000000,0.000000,0.000000,0.000000,0.000000,0.000000,0.429140,0.000000,0.000000,0.000000,0.000000,0.000000,0.000000,0.000000,0.000000,0.000000,0.000000,0.000000,0.000000,0.000000,0.000000,0.000000,0.000000,0.000000,0.342297,0.000000,0.000000,0.000000,0.000000,0.000000,0.000000,0.000000,0.000000,0.000000,0.381357,0.000000,0.000000,0.000000,0.000000,0.000000,0.000000
0.000000,0.000000,0.456406,0.000000,0.000000,0.000000,0.000000,0.000000,0.000000,0.000000,0.000000,0.000000,0.000000,0.000000,0.479731,0.000000,0.000000,0.000000,0.000000,0.000000,0.000000,0.000000,0.000000,0.000000,0.000000,0.000000,0.000000,0.000000,0.490937,0.000000,0.000000,0.500123,0.000000,0.000000,0.553686,0.000000,0.571030,0.662610,0.442441,0.000000,0.000000,0.000000,0.000000,0.634709,0.535086,0.620701,0.386240,0.582678,0.396321,0.000000,0.399527,0.000000,0.398278,0.000000,0.372433,0.444436,0.000000,0.000000,0.000000,0.000000,0.000000,0.000000,0.000000,0.000000,0.000000,0.000000,0.422364,0.643164,0.000000,0.000000,0.000000,0.000000,0.000000,0.000000,0.000000,0.000000,0.000000,0.644312,0.000000,0.000000,0.477986,0.000000,0.481837,0.435164,0.481974,0.441124,0.000000,0.432618,0.467200,0.437771
0.000000,0.000000,0.000000,0.000000,0.000000,0.000000,0.000000,0.000000,0.000000,0.000000,0.000000,0.000000,0.000000,0.000000,0.000000,0.436161,0.000000,0.000000,0.000000,0.000000,0.000000,0.000000,0.000000,0.000000,0.000000,0.000000,0.000000,0.000000,0.000000,0.468367,0.000000,0.000000,0.000000,0.000000,0.000000,0.381470,0.578813,0.437225,0.000000,0.415414,0.000000,0.000000,0.634709,0.000000,0.409724,0.366500,0.661584,0.387085,0.000000,0.349442,0.000000,0.372159,0.000000,0.000000,0.000000,0.406518,0.000000,0.000000,0.000000,0.000000,0.000000,0.000000,0.000000,0.000000,0.000000,0.000000,0.583379,0.409906,0.000000,0.000000,0.000000,0.000000,0.000000,0.000000,0.000000,0.000000,0.000000,0.492861,0.000000,0.000000,0.568980,0.459492,0.000000,0.452442,0.563844,0.452977,0.000000,0.411517,0.581483,0.420742
0.000000,0.000000,0.458900,0.000000,0.000000,0.000000,0.000000,0.000000,0.000000,0.000000,0.000000,0.000000,0.000000,0.000000,0.476440,0.448820,0.000000,0.000000,0.000000,0.000000,0.000000,0.000000,0.000000,0.000000,0.000000,0.000000,0.000000,0.000000,0.000000,0.459968,0.000000,0.000000,0.000000,0.000000,0.466033,0.000000,0.564001,0.582672,0.419923,0.000000,0.000000,0.000000,0.535086,0.409724,0.000000,0.352551,0.593597,0.000000,0.346804,0.000000,0.415887,0.000000,0.000000,0.000000,0.381260,0.000000,0.000000,0.000000,0.259525,0.000000,0.000000,0.000000,0.000000,0.000000,0.437107,0.000000,0.406607,0.567461,0.000000,0.000000,0.000000,0.000000,0.000000,0.000000,0.000000,0.000000,0.000000,0.000000,0.000000,0.000000,0.554451,0.000000,0.000000,0.000000,0.549426,0.468094,0.000000,0.000000,0.000000,0.000000
0.000000,0.000000,0.000000,0.000000,0.000000,0.000000,0.000000,0.000000,0.000000,0.000000,0.000000,0.000000,0.000000,0.000000,0.000000,0.442569,0.000000,0.000000,0.000000,0.000000,0.000000,0.000000,0.000000,0.000000,0.000000,0.000000,0.000000,0.000000,0.000000,0.442230,0.000000,0.000000,0.000000,0.000000,0.000000,0.408311,0.000000,0.404950,0.000000,0.000000,0.000000,0.418935,0.620701,0.366500,0.352551,0.000000,0.620268,0.399123,0.000000,0.264666,0.000000,0.000000,0.000000,0.000000,0.000000,0.408549,0.000000,0.000000,0.000000,0.000000,0.000000,0.000000,0.000000,0.000000,0.000000,0.000000,0.000000,0.351708,0.000000,0.000000,0.000000,0.000000,0.000000,0.449871,0.000000,0.000000,0.000000,0.000000,0.000000,0.000000,0.567064,0.451657,0.559436,0.427810,0.567995,0.446671,0.000000,0.412801,0.568649,0.421755
0.000000,0.000000,0.479577,0.000000,0.000000,0.000000,0.482868,0.000000,0.000000,0.000000,0.000000,0.000000,0.498850,0.511723,0.477694,0.000000,0.000000,0.000000,0.000000,0.000000,0.449799,0.000000,0.000000,0.000000,0.000000,0.000000,0.000000,0.000000,0.489743,0.531330,0.484478,0.477893,0.000000,0.000000,0.424998,0.000000,0.483747,0.578237,0.365084,0.558132,0.000000,0.000000,0.386240,0.661584,0.593597,0.620268,0.000000,0.629037,0.000000,0.000000,0.345493,0.000000,0.345769,0.000000,0.337503,0.000000,0.000000,0.000000,0.000000,0.000000,0.000000,0.000000,0.000000,0.000000,0.000000,0.000000,0.454207,0.664285,0.000000,0.000000,0.000000,0.509793,0.516194,0.000000,0.000000,0.000000,0.435695,0.674975,0.000000,0.000000,0.493169,0.000000,0.466499,0.000000,0.468693,0.000000,0.000000,0.000000,0.459728,0.000000
0.000000,0.000000,0.000000,0.000000,0.000000,0.000000,0.000000,0.000000,0.000000,0.000000,0.000000,0.000000,0.000000,0.000000,0.000000,0.425912,0.000000,0.000000,0.000000,0.000000,0.000000,0.000000,0.000000,0.000000,0.000000,0.443220,0.000000,0.000000,0.000000,0.487221,0.000000,0.000000,0.000000,0.000000,0.000000,0.385730,0.628885,0.460781,0.000000,0.409827,0.000000,0.000000,0.582678,0.387085,0.000000,0.399123,0.629037,0.000000,0.000000,0.000000,0.000000,0.000000,0.000000,0.267466,0.000000,0.366169,0.000000,0.000000,0.000000,0.000000,0.000000,0.000000,0.000000,0.000000,0.000000,0.000000,0.582151,0.445965,0.000000,0.000000,0.000000,0.000000,0.000000,0.000000,0.000000,0.000000,0.000000,0.480648,0.000000,0.000000,0.000000,0.479396,0.000000,0.448567,0.000000,0.475548,0.000000,0.429412,0.000000,0.446225
0.000000,0.000000,0.000000,0.000000,0.000000,0.000000,0.000000,0.000000,0.000000,0.000000,0.000000,0.000000,0.000000,0.000000,0.000000,0.000000,0.000000,0.000000,0.000000,0.000000,0.000000,0.000000,0.000000,0.000000,0.000000,0.000000,0.000000,0.000000,0.000000,0.000000,0.000000,0.000000,0.000000,0.000000,0.564333,0.000000,0.556525,0.605358,0.000000,0.000000,0.404862,0.000000,0.396321,0.000000,0.346804,0.000000,0.000000,0.000000,0.000000,0.000000,0.361277,0.000000,0.000000,0.000000,0.000000,0.000000,0.000000,0.000000,0.276212,0.000000,0.263149,0.000000,0.000000,0.000000,0.299133,0.000000,0.329548,0.577899,0.000000,0.000000,0.000000,0.000000,0.000000,0.000000,0.000000,0.000000,0.000000,0.000000,0.000000,0.000000,0.475720,0.000000,0.000000,0.000000,0.450108,0.000000,0.000000,0.000000,0.423013,0.000000
