0.000000,0.000000,0.443186,0.000000,0.000000,0.000000,0.443963,0.000000,0.000000,0.000000,0.434753,0.000000,0.369268,0.000000,0.000000,0.000000,0.337694,0.000000,0.441682,0.590641,0.000000,0.000000,0.000000,0.000000,0.000000,0.000000,0.000000,0.000000,0.000000,0.000000,0.000000,0.000000,0.000000,0.000000,0.000000,0.000000,0.000000,0.000000,0.000000,0.000000,0.000000,0.000000,0.000000,0.000000,0.000000,0.000000,0.000000,0.000000,0.000000,0.000000,0.000000,0.000000,0.000000,0.000000,0.000000,0.000000,0.473544,0.000000,0.469174,0.000000,0.477628,0.000000,0.475755,0.000000,0.499696,0.000000,0.000000,0.000000,0.437851,0.000000,0.403450,0.507585,0.443604,0.000000,0.453807,0.000000,0.449700,0.533979,0.000000,0.000000,0.473690,0.000000,0.000000,0.000000,0.470048,0.000000,0.000000,0.000000,0.000000,0.000000
0.000000,0.000000,0.000000,0.449332,0.000000,0.000000,0.000000,0.434296,0.000000,0.000000,0.000000,0.430993,0.000000,0.423702,0.000000,0.000000,0.000000,0.420892,0.545714,0.239629,0.000000,0.000000,0.000000,0.000000,0.000000,0.000000,0.000000,0.000000,0.000000,0.000000,0.000000,0.000000,0.000000,0.000000,0.000000,0.000000,0.000000,0.000000,0.000000,0.000000,0.000000,0.000000,0.000000,0.000000,0.000000,0.000000,0.000000,0.000000,0.000000,0.000000,0.000000,0.000000,0.000000,0.000000,0.000000,0.000000,0.000000,0.480504,0.000000,0.494144,0.000000,0.000000,0.000000,0.000000,0.000000,0.000000,0.000000,0.000000,0.553607,0.000000,0.000000,0.479653,0.000000,0.446386,0.000000,0.471742,0.000000,0.422754,0.000000,0.000000,0.000000,0.000000,0.000000,0.000000,0.000000,0.533067,0.000000,0.000000,0.000000,0.000000
0.443186,0.000000,0.000000,0.604135,0.328930,0.604720,0.430503,0.000000,0.402473,0.000000,0.458462,0.581088,0.435731,0.472738,0.000000,0.000000,0.000000,0.000000,0.483808,0.584648,0.000000,0.000000,0.565305,0.596390,0.591556,0.000000,0.000000,0.000000,0.000000,0.000000,0.554249,0.451219,0.000000,0.000000,0.000000,0.000000,0.000000,0.000000,0.000000,0.000000,0.000000,0.000000,0.000000,0.000000,0.000000,0.000000,0.000000,0.000000,0.000000,0.000000,0.000000,0.000000,0.000000,0.000000,0.000000,0.000000,0.000000,0.000000,0.000000,0.000000,0.000000,0.000000,0.000000,0.000000,0.000000,0.000000,0.000000,0.000000,0.000000,0.000000,0.405830,0.580660,0.442749,0.567649,0.503919,0.000000,0.463042,0.585128,0.000000,0.000000,0.000000,0.000000,0.000000,0.000000,0.000000,0.000000,0.000000,0.000000,0.000000,0.000000
0.000000,0.449332,0.604135,0.000000,0.000000,0.321022,0.000000,0.433421,0.000000,0.398020,0.000000,0.472066,0.562831,0.401012,0.000000,0.000000,0.000000,0.000000,0.593479,0.384088,0.000000,0.000000,0.575903,0.339773,0.605411,0.456303,0.551463,0.000000,0.000000,0.000000,0.461676,0.413573,0.535086,0.554369,0.000000,0.000000,0.000000,0.000000,0.000000,0.000000,0.000000,0.000000,0.000000,0.559384,0.000000,0.000000,0.000000,0.561553,0.000000,0.000000,0.000000,0.000000,0.000000,0.000000,0.000000,0.571045,0.000000,0.494808,0.000000,0.000000,0.000000,0.000000,0.000000,0.000000,0.000000,0.000000,0.000000,0.559414,0.000000,0.000000,0.000000,0.409096,0.000000,0.469764,0.573152,0.466048,0.493564,0.453611,0.000000,0.000000,0.000000,0.543204,0.000000,0.000000,0.000000,0.000000,0.000000,0.000000,0.000000,0.000000
0.000000,0.000000,0.328930,0.000000,0.000000,0.612813,0.378016,0.000000,0.349296,0.000000,0.000000,0.000000,0.000000,0.000000,0.393274,0.000000,0.000000,0.000000,0.000000,0.000000,0.341667,0.000000,0.000000,0.000000,0.329218,0.000000,0.380630,0.000000,0.475838,0.000000,0.000000,0.000000,0.000000,0.000000,0.000000,0.000000,0.000000,0.000000,0.000000,0.000000,0.000000,0.000000,0.559368,0.000000,0.000000,0.000000,0.561919,0.000000,0.000000,0.000000,0.563364,0.000000,0.583608,0.000000,0.000000,0.000000,0.000000,0.000000,0.000000,0.000000,0.000000,0.000000,0.000000,0.000000,0.000000,0.000000,0.000000,0.000000,0.000000,0.000000,0.365708,0.000000,0.495710,0.000000,0.437157,0.000000,0.464453,0.000000,0.000000,0.000000,0.000000,0.000000,0.479274,0.000000,0.000000,0.000000,0.000000,0.000000,0.000000,0.000000
0.000000,0.000000,0.604720,0.321022,0.612813,0.000000,0.000000,0.000000,0.000000,0.353393,0.000000,0.000000,0.000000,0.000000,0.000000,0.354278,0.000000,0.000000,0.000000,0.000000,0.000000,0.278898,0.601308,0.403734,0.613333,0.360884,0.577995,0.343683,0.000000,0.444683,0.000000,0.450025,0.000000,0.000000,0.000000,0.000000,0.000000,0.000000,0.000000,0.000000,0.000000,0.000000,0.000000,0.000000,0.000000,0.000000,0.000000,0.564227,0.000000,0.000000,0.000000,0.573646,0.000000,0.576253,0.000000,0.594318,0.000000,0.000000,0.000000,0.000000,0.000000,0.000000,0.000000,0.000000,0.000000,0.000000,0.000000,0.000000,0.000000,0.000000,0.000000,0.455466,0.000000,0.477825,0.000000,0.000000,0.000000,0.404953,0.000000,0.000000,0.000000,0.000000,0.000000,0.513217,0.000000,0.000000,0.000000,0.000000,0.000000,0.000000
0.443963,0.000000,0.430503,0.000000,0.378016,0.000000,0.000000,0.000000,0.000000,0.000000,0.442816,0.000000,0.450112,0.000000,0.000000,0.000000,0.467368,0.000000,0.000000,0.000000,0.000000,0.000000,0.463836,0.000000,0.000000,0.000000,0.000000,0.000000,0.000000,0.000000,0.000000,0.000000,0.000000,0.000000,0.000000,0.000000,0.000000,0.000000,0.000000,0.000000,0.000000,0.000000,0.543185,0.000000,0.000000,0.000000,0.000000,0.000000,0.569104,0.000000,0.568026,0.000000,0.000000,0.000000,0.000000,0.000000,0.000000,0.000000,0.000000,0.000000,0.000000,0.000000,0.000000,0.000000,0.000000,0.000000,0.000000,0.000000,0.000000,0.000000,0.000000,0.000000,0.466496,0.000000,0.461925,0.000000,0.472697,0.000000,0.000000,0.000000,0.000000,0.000000,0.000000,0.000000,0.000000,0.000000,0.000000,0.000000,0.000000,0.000000
0.000000,0.434296,0.000000,0.433421,0.000000,0.000000,0.000000,0.000000,0.000000,0.311825,0.000000,0.405853,0.000000,0.368084,0.000000,0.000000,0.000000,0.000000,0.000000,0.448326,0.000000,0.000000,0.563099,0.463863,0.000000,0.000000,0.000000,0.000000,0.000000,0.000000,0.000000,0.000000,0.000000,0.460491,0.000000,0.000000,0.000000,0.000000,0.000000,0.000000,0.000000,0.000000,0.000000,0.000000,0.000000,0.000000,0.000000,0.000000,0.000000,0.000000,0.000000,0.000000,0.000000,0.000000,0.000000,0.000000,0.000000,0.000000,0.000000,0.000000,0.000000,0.000000,0.000000,0.000000,0.000000,0.000000,0.000000,0.000000,0.000000,0.000000,0.000000,0.000000,0.000000,0.000000,0.000000,0.000000,0.000000,0.000000,0.000000,0.000000,0.000000,0.000000,0.000000,0.000000,0.000000,0.000000,0.000000,0.000000,0.000000,0.000000
0.000000,0.000000,0.402473,0.000000,0.349296,0.000000,0.000000,0.000000,0.000000,0.000000,0.000000,0.000000,0.374527,0.000000,0.386302,0.000000,0.000000,0.000000,0.000000,0.000000,0.000000,0.000000,0.000000,0.000000,0.000000,0.000000,0.000000,0.000000,0.451472,0.000000,0.000000,0.000000,0.000000,0.000000,0.000000,0.000000,0.000000,0.000000,0.000000,0.000000,0.000000,0.000000,0.545446,0.000000,0.000000,0.000000,0.000000,0.000000,0.000000,0.000000,0.000000,0.000000,0.578126,0.000000,0.000000,0.000000,0.000000,0.000000,0.000000,0.000000,0.000000,0.000000,0.000000,0.000000,0.000000,0.000000,0.000000,0.000000,0.000000,0.000000,0.000000,0.000000,0.479396,0.000000,0.000000,0.000000,0.000000,0.000000,0.000000,0.000000,0.000000,0.000000,0.000000,0.000000,0.000000,0.000000,0.000000,0.000000,0.000000,0.000000
0.000000,0.000000,0.000000,0.398020,0.000000,0.353393,0.000000,0.311825,0.000000,0.000000,0.000000,0.000000,0.000000,0.367374,0.000000,0.347865,0.000000,0.000000,0.000000,0.000000,0.000000,0.000000,0.000000,0.000000,0.000000,0.000000,0.000000,0.000000,0.000000,0.425736,0.000000,0.000000,0.000000,0.000000,0.000000,0.000000,0.000000,0.000000,0.000000,0.000000,0.000000,0.000000,0.000000,0.570065,0.000000,0.507538,0.000000,0.561385,0.000000,0.520978,0.000000,0.559940,0.000000,0.000000,0.000000,0.568986,0.000000,0.000000,0.000000,0.000000,0.000000,0.000000,0.000000,0.000000,0.000000,0.000000,0.000000,0.000000,0.000000,0.000000,0.000000,0.000000,0.000000,0.437055,0.000000,0.000000,0.000000,0.000000,0.000000,0.000000,0.000000,0.535179,0.000000,0.523115,0.000000,0.539764,0.000000,0.000000,0.000000,0.000000
0.434753,0.000000,0.458462,0.000000,0.000000,0.000000,0.442816,0.000000,0.000000,0.000000,0.000000,0.000000,0.350671,0.000000,0.000000,0.000000,0.434128,0.000000,0.000000,0.000000,0.000000,0.000000,0.492118,0.000000,0.000000,0.000000,0.000000,0.000000,0.436745,0.000000,0.000000,0.000000,0.000000,0.000000,0.000000,0.000000,0.000000,0.000000,0.000000,0.000000,0.000000,0.000000,0.000000,0.000000,0.000000,0.000000,0.000000,0.000000,0.000000,0.000000,0.000000,0.000000,0.000000,0.000000,0.000000,0.000000,0.444695,0.000000,0.000000,0.000000,0.000000,0.000000,0.000000,0.000000,0.000000,0.000000,0.000000,0.000000,0.000000,0.000000,0.000000,0.000000,0.428590,0.000000,0.000000,0.000000,0.000000,0.000000,0.000000,0.000000,0.395203,0.000000,0.444343,0.000000,0.000000,0.000000,0.000000,0.000000,0.000000,0.000000
0.000000,0.430993,0.581088,0.472066,0.000000,0.000000,0.000000,0.405853,0.000000,0.000000,0.000000,0.000000,0.000000,0.367967,0.000000,0.000000,0.000000,0.397552,0.532440,0.451061,0.000000,0.000000,0.512494,0.000000,0.000000,0.000000,0.000000,0.000000,0.000000,0.362544,0.000000,0.000000,0.000000,0.000000,0.000000,0.000000,0.000000,0.000000,0.000000,0.000000,0.000000,0.000000,0.000000,0.000000,0.000000,0.000000,0.000000,0.000000,0.000000,0.000000,0.000000,0.000000,0.000000,0.000000,0.000000,0.000000,0.000000,0.000000,0.000000,0.431369,0.000000,0.476256,0.000000,0.463016,0.000000,0.000000,0.000000,0.000000,0.000000,0.000000,0.000000,0.000000,0.000000,0.414420,0.000000,0.440597,0.534233,0.000000,0.000000,0.000000,0.000000,0.000000,0.000000,0.000000,0.000000,0.000000,0.000000,0.000000,0.000000,0.000000
0.369268,0.000000,0.435731,0.562831,0.000000,0.000000,0.450112,0.000000,0.374527,0.000000,0.350671,0.000000,0.000000,0.477437,0.389908,0.000000,0.000000,0.000000,0.000000,0.000000,0.000000,0.000000,0.462177,0.000000,0.000000,0.000000,0.000000,0.000000,0.400311,0.000000,0.000000,0.000000,0.421693,0.000000,0.000000,0.000000,0.000000,0.000000,0.000000,0.000000,0.000000,0.000000,0.559394,0.000000,0.000000,0.000000,0.000000,0.000000,0.552802,0.000000,0.557741,0.000000,0.000000,0.000000,0.000000,0.000000,0.000000,0.000000,0.000000,0.000000,0.000000,0.000000,0.000000,0.000000,0.000000,0.000000,0.000000,0.000000,0.000000,0.000000,0.000000,0.000000,0.469006,0.000000,0.000000,0.000000,0.000000,0.000000,0.475551,0.000000,0.000000,0.000000,0.000000,0.000000,0.494644,0.000000,0.000000,0.000000,0.501612,0.000000
0.000000,0.423702,0.472738,0.401012,0.000000,0.000000,0.000000,0.368084,0.000000,0.367374,0.000000,0.367967,0.477437,0.000000,0.000000,0.350060,0.000000,0.457685,0.539288,0.443176,0.000000,0.000000,0.526262,0.443124,0.000000,0.000000,0.000000,0.000000,0.000000,0.369540,0.000000,0.000000,0.000000,0.000000,0.000000,0.000000,0.000000,0.000000,0.000000,0.000000,0.000000,0.000000,0.000000,0.584602,0.000000,0.515650,0.000000,0.581198,0.000000,0.000000,0.000000,0.531041,0.000000,0.589453,0.000000,0.000000,0.000000,0.000000,0.000000,0.493596,0.000000,0.459258,0.000000,0.000000,0.000000,0.000000,0.000000,0.474450,0.000000,0.000000,0.000000,0.403565,0.513372,0.451728,0.497637,0.466934,0.499701,0.472162,0.000000,0.000000,0.000000,0.483778,0.000000,0.000000,0.000000,0.000000,0.000000,0.000000,0.000000,0.000000
0.000000,0.000000,0.000000,0.000000,0.393274,0.000000,0.000000,0.000000,0.386302,0.000000,0.000000,0.000000,0.389908,0.000000,0.000000,0.000000,0.000000,0.000000,0.000000,0.000000,0.391703,0.000000,0.000000,0.000000,0.000000,0.000000,0.365178,0.000000,0.392207,0.000000,0.000000,0.000000,0.000000,0.000000,0.000000,0.000000,0.000000,0.000000,0.228937,0.000000,0.000000,0.000000,0.000000,0.000000,0.000000,0.000000,0.000000,0.000000,0.000000,0.000000,0.000000,0.000000,0.000000,0.000000,0.000000,0.000000,0.000000,0.000000,0.000000,0.000000,0.000000,0.000000,0.000000,0.000000,0.000000,0.000000,0.000000,0.000000,0.000000,0.000000,0.000000,0.000000,0.441915,0.000000,0.000000,0.000000,0.000000,0.000000,0.000000,0.000000,0.000000,0.000000,0.274531,0.000000,0.000000,0.000000,0.000000,0.000000,0.000000,0.000000
0.000000,0.000000,0.000000,0.000000,0.000000,0.354278,0.000000,0.000000,0.000000,0.347865,0.000000,0.000000,0.000000,0.350060,0.000000,0.000000,0.000000,0.000000,0.000000,0.000000,0.000000,0.404164,0.000000,0.000000,0.000000,0.364535,0.000000,0.372112,0.000000,0.394647,0.000000,0.000000,0.000000,0.000000,0.000000,0.000000,0.000000,0.512341,0.000000,0.000000,0.000000,0.000000,0.000000,0.574231,0.000000,0.000000,0.000000,0.584901,0.000000,0.516553,0.000000,0.497014,0.000000,0.000000,0.000000,0.000000,0.000000,0.000000,0.000000,0.486071,0.000000,0.000000,0.000000,0.000000,0.000000,0.000000,0.000000,0.464179,0.000000,0.000000,0.000000,0.000000,0.000000,0.000000,0.000000,0.000000,0.000000,0.000000,0.000000,0.000000,0.000000,0.481327,0.000000,0.297125,0.000000,0.000000,0.000000,0.000000,0.000000,0.000000
0.337694,0.000000,0.000000,0.000000,0.000000,0.000000,0.467368,0.000000,0.000000,0.000000,0.434128,0.000000,0.000000,0.000000,0.000000,0.000000,0.000000,0.000000,0.000000,0.000000,0.000000,0.000000,0.000000,0.000000,0.000000,0.000000,0.000000,0.000000,0.386856,0.000000,0.000000,0.000000,0.000000,0.000000,0.000000,0.000000,0.000000,0.000000,0.000000,0.000000,0.000000,0.000000,0.000000,0.000000,0.000000,0.000000,0.000000,0.000000,0.000000,0.000000,0.000000,0.000000,0.000000,0.000000,0.000000,0.000000,0.390627,0.000000,0.000000,0.000000,0.000000,0.000000,0.303056,0.000000,0.000000,0.000000,0.000000,0.000000,0.000000,0.000000,0.000000,0.000000,0.430686,0.000000,0.000000,0.000000,0.000000,0.000000,0.307771,0.000000,0.367593,0.000000,0.000000,0.000000,0.000000,0.000000,0.000000,0.000000,0.000000,0.000000
0.000000,0.420892,0.000000,0.000000,0.000000,0.000000,0.000000,0.000000,0.000000,0.000000,0.000000,0.397552,0.000000,0.457685,0.000000,0.000000,0.000000,0.000000,0.000000,0.420457,0.000000,0.000000,0.000000,0.000000,0.000000,0.000000,0.000000,0.000000,0.000000,0.390285,0.000000,0.000000,0.000000,0.000000,0.000000,0.000000,0.000000,0.000000,0.000000,0.000000,0.000000,0.000000,0.000000,0.000000,0.000000,0.000000,0.000000,0.000000,0.000000,0.000000,0.000000,0.000000,0.000000,0.000000,0.000000,0.000000,0.000000,0.334231,0.000000,0.000000,0.000000,0.430110,0.000000,0.417178,0.000000,0.000000,0.000000,0.000000,0.000000,0.000000,0.000000,0.000000,0.000000,0.418242,0.000000,0.000000,0.000000,0.000000,0.000000,0.388706,0.000000,0.351778,0.000000,0.411897,0.000000,0.000000,0.000000,0.000000,0.000000,0.000000
0.441682,0.545714,0.483808,0.593479,0.000000,0.000000,0.000000,0.000000,0.000000,0.000000,0.000000,0.532440,0.000000,0.539288,0.000000,0.000000,0.000000,0.000000,0.000000,0.580154,0.000000,0.000000,0.252648,0.551750,0.000000,0.000000,0.000000,0.000000,0.000000,0.000000,0.484202,0.000000,0.405087,0.000000,0.000000,0.000000,0.000000,0.485373,0.000000,0.000000,0.000000,0.000000,0.000000,0.000000,0.000000,0.000000,0.000000,0.000000,0.000000,0.000000,0.000000,0.000000,0.000000,0.000000,0.000000,0.000000,0.000000,0.000000,0.000000,0.000000,0.000000,0.000000,0.000000,0.000000,0.000000,0.000000,0.000000,0.000000,0.420290,0.558908,0.469488,0.535574,0.497395,0.552091,0.497798,0.000000,0.491399,0.555203,0.000000,0.000000,0.000000,0.000000,0.000000,0.000000,0.000000,0.000000,0.000000,0.000000,0.000000,0.000000
0.590641,0.239629,0.584648,0.384088,0.000000,0.000000,0.000000,0.448326,0.000000,0.000000,0.000000,0.451061,0.000000,0.443176,0.000000,0.000000,0.000000,0.420457,0.580154,0.000000,0.000000,0.000000,0.000000,0.416987,0.000000,0.000000,0.000000,0.000000,0.000000,0.000000,0.000000,0.000000,0.561799,0.407486,0.000000,0.000000,0.000000,0.000000,0.000000,0.000000,0.000000,0.000000,0.000000,0.000000,0.000000,0.000000,0.000000,0.000000,0.000000,0.000000,0.000000,0.000000,0.000000,0.000000,0.000000,0.000000,0.000000,0.492255,0.000000,0.463080,0.000000,0.000000,0.000000,0.000000,0.000000,0.000000,0.549330,0.454666,0.551684,0.413057,0.000000,0.000000,0.000000,0.454743,0.000000,0.472566,0.533571,0.459500,0.000000,0.000000,0.000000,0.000000,0.000000,0.000000,0.000000,0.000000,0.000000,0.000000,0.000000,0.000000
0.000000,0.000000,0.000000,0.000000,0.341667,0.000000,0.000000,0.000000,0.000000,0.000000,0.000000,0.000000,0.000000,0.000000,0.391703,0.000000,0.000000,0.000000,0.000000,0.000000,0.000000,0.454524,0.000000,0.000000,0.291917,0.000000,0.347524,0.000000,0.382498,0.000000,0.356077,0.000000,0.000000,0.000000,0.000000,0.000000,0.000000,0.000000,0.000000,0.000000,0.337407,0.000000,0.000000,0.000000,0.000000,0.000000,0.000000,0.000000,0.000000,0.000000,0.000000,0.000000,0.000000,0.000000,0.000000,0.000000,0.000000,0.000000,0.000000,0.000000,0.000000,0.000000,0.000000,0.000000,0.000000,0.000000,0.000000,0.000000,0.000000,0.000000,0.327857,0.000000,0.000000,0.000000,0.000000,0.000000,0.000000,0.000000,0.000000,0.000000,0.000000,0.000000,0.522349,0.000000,0.000000,0.000000,0.000000,0.000000,0.000000,0.000000
0.000000,0.000000,0.000000,0.000000,0.000000,0.278898,0.000000,0.000000,0.000000,0.000000,0.000000,0.000000,0.000000,0.000000,0.000000,0.404164,0.000000,0.000000,0.000000,0.000000,0.454524,0.000000,0.000000,0.000000,0.000000,0.265023,0.497926,0.348070,0.000000,0.260684,0.000000,0.356471,0.000000,0.000000,0.000000,0.000000,0.000000,0.000000,0.000000,0.000000,0.000000,0.406598,0.000000,0.000000,0.000000,0.000000,0.000000,0.460456,0.000000,0.000000,0.000000,0.000000,0.000000,0.000000,0.000000,0.538552,0.000000,0.000000,0.000000,0.000000,0.000000,0.000000,0.000000,0.000000,0.000000,0.000000,0.000000,0.000000,0.000000,0.000000,0.399941,0.288332,0.000000,0.000000,0.000000,0.000000,0.000000,0.000000,0.000000,0.000000,0.000000,0.523009,0.000000,0.382273,0.000000,0.000000,0.000000,0.381181,0.000000,0.000000
0.000000,0.000000,0.565305,0.575903,0.000000,0.601308,0.463836,0.563099,0.000000,0.000000,0.492118,0.512494,0.462177,0.526262,0.000000,0.000000,0.000000,0.000000,0.252648,0.000000,0.000000,0.000000,0.000000,0.554816,0.342424,0.000000,0.000000,0.000000,0.485662,0.000000,0.381058,0.536757,0.391476,0.000000,0.533867,0.000000,0.000000,0.000000,0.000000,0.000000,0.000000,0.000000,0.000000,0.000000,0.000000,0.000000,0.000000,0.000000,0.000000,0.000000,0.000000,0.000000,0.000000,0.000000,0.000000,0.000000,0.000000,0.000000,0.000000,0.000000,0.000000,0.000000,0.000000,0.000000,0.000000,0.000000,0.539434,0.000000,0.000000,0.000000,0.432742,0.505106,0.463937,0.566124,0.483931,0.000000,0.490510,0.000000,0.000000,0.000000,0.000000,0.000000,0.000000,0.000000,0.000000,0.000000,0.000000,0.000000,0.000000,0.000000
0.000000,0.000000,0.596390,0.339773,0.000000,0.403734,0.000000,0.463863,0.000000,0.000000,0.000000,0.000000,0.000000,0.443124,0.000000,0.000000,0.000000,0.000000,0.551750,0.416987,0.000000,0.000000,0.554816,0.000000,0.000000,0.374543,0.000000,0.375692,0.000000,0.000000,0.481748,0.407982,0.527622,0.452520,0.000000,0.000000,0.000000,0.000000,0.000000,0.000000,0.000000,0.000000,0.000000,0.000000,0.000000,0.000000,0.000000,0.000000,0.000000,0.000000,0.000000,0.000000,0.000000,0.000000,0.000000,0.000000,0.000000,0.000000,0.000000,0.000000,0.000000,0.000000,0.000000,0.000000,0.000000,0.000000,0.000000,0.532364,0.000000,0.000000,0.000000,0.386697,0.000000,0.372722,0.000000,0.000000,0.000000,0.000000,0.000000,0.000000,0.000000,0.000000,0.000000,0.000000,0.000000,0.000000,0.000000,0.000000,0.000000,0.000000
0.000000,0.000000,0.591556,0.605411,0.329218,0.613333,0.000000,0.000000,0.000000,0.000000,0.000000,0.000000,0.000000,0.000000,0.000000,0.000000,0.000000,0.000000,0.000000,0.000000,0.291917,0.000000,0.342424,0.000000,0.000000,0.557921,0.333986,0.556513,0.000000,0.000000,0.407787,0.000000,0.000000,0.000000,0.000000,0.000000,0.000000,0.000000,0.000000,0.000000,0.000000,0.000000,0.000000,0.000000,0.000000,0.000000,0.573378,0.000000,0.000000,0.000000,0.545681,0.000000,0.583427,0.000000,0.536346,0.000000,0.000000,0.000000,0.000000,0.000000,0.000000,0.000000,0.000000,0.000000,0.000000,0.000000,0.000000,0.000000,0.000000,0.000000,0.478485,0.571327,0.467687,0.000000,0.000000,0.000000,0.455630,0.000000,0.000000,0.000000,0.000000,0.000000,0.499014,0.000000,0.000000,0.000000,0.491204,0.000000,0.000000,0.000000
0.000000,0.000000,0.000000,0.456303,0.000000,0.360884,0.000000,0.000000,0.000000,0.000000,0.000000,0.000000,0.000000,0.000000,0.000000,0.364535,0.000000,0.000000,0.000000,0.000000,0.000000,0.265023,0.000000,0.374543,0.557921,0.000000,0.569778,0.363949,0.000000,0.000000,0.533172,0.323178,0.000000,0.000000,0.000000,0.000000,0.000000,0.000000,0.000000,0.000000,0.000000,0.382805,0.000000,0.000000,0.000000,0.000000,0.000000,0.000000,0.000000,0.000000,0.000000,0.000000,0.000000,0.000000,0.000000,0.000000,0.000000,0.000000,0.000000,0.000000,0.000000,0.000000,0.000000,0.000000,0.000000,0.000000,0.000000,0.000000,0.000000,0.000000,0.000000,0.000000,0.000000,0.527474,0.000000,0.491785,0.000000,0.000000,0.000000,0.000000,0.000000,0.000000,0.000000,0.467755,0.000000,0.000000,0.000000,0.000000,0.000000,0.000000
0.000000,0.000000,0.000000,0.551463,0.380630,0.577995,0.000000,0.000000,0.000000,0.000000,0.000000,0.000000,0.000000,0.000000,0.365178,0.000000,0.000000,0.000000,0.000000,0.000000,0.347524,0.497926,0.000000,0.000000,0.333986,0.569778,0.000000,0.480808,0.391680,0.000000,0.383907,0.000000,0.000000,0.000000,0.000000,0.000000,0.000000,0.000000,0.000000,0.000000,0.000000,0.000000,0.000000,0.000000,0.000000,0.000000,0.000000,0.000000,0.000000,0.000000,0.000000,0.000000,0.000000,0.000000,0.000000,0.000000,0.000000,0.000000,0.000000,0.000000,0.000000,0.000000,0.000000,0.000000,0.000000,0.000000,0.000000,0.000000,0.000000,0.000000,0.367519,0.000000,0.314106,0.000000,0.000000,0.000000,0.000000,0.000000,0.000000,0.000000,0.000000,0.000000,0.506698,0.000000,0.000000,0.000000,0.000000,0.000000,0.000000,0.000000
0.000000,0.000000,0.000000,0.000000,0.000000,0.343683,0.000000,0.000000,0.000000,0.000000,0.000000,0.000000,0.000000,0.000000,0.000000,0.372112,0.000000,0.000000,0.000000,0.000000,0.000000,0.348070,0.000000,0.375692,0.556513,0.363949,0.480808,0.000000,0.000000,0.412119,0.446800,0.375051,0.000000,0.000000,0.000000,0.000000,0.000000,0.000000,0.000000,0.360286,0.000000,0.432130,0.000000,0.000000,0.000000,0.000000,0.000000,0.000000,0.000000,0.000000,0.000000,0.000000,0.000000,0.000000,0.000000,0.000000,0.000000,0.000000,0.000000,0.000000,0.000000,0.000000,0.000000,0.000000,0.000000,0.000000,0.000000,0.000000,0.000000,0.000000,0.000000,0.285051,0.000000,0.349174,0.000000,0.000000,0.000000,0.000000,0.000000,0.000000,0.000000,0.000000,0.000000,0.454250,0.000000,0.000000,0.000000,0.385603,0.000000,0.000000
0.000000,0.000000,0.000000,0.000000,0.475838,0.000000,0.000000,0.000000,0.451472,0.000000,0.436745,0.000000,0.400311,0.000000,0.392207,0.000000,0.386856,0.000000,0.000000,0.000000,0.382498,0.000000,0.485662,0.000000,0.000000,0.000000,0.391680,0.000000,0.000000,0.000000,0.000000,0.000000,0.000000,0.000000,0.000000,0.000000,0.000000,0.000000,0.000000,0.000000,0.000000,0.000000,0.541775,0.000000,0.000000,0.000000,0.000000,0.000000,0.000000,0.000000,0.000000,0.000000,0.000000,0.000000,0.000000,0.000000,0.448998,0.000000,0.000000,0.000000,0.000000,0.000000,0.411993,0.000000,0.000000,0.000000,0.000000,0.000000,0.000000,0.000000,0.000000,0.000000,0.411211,0.000000,0.000000,0.000000,0.000000,0.000000,0.346088,0.000000,0.414136,0.000000,0.387452,0.000000,0.482154,0.000000,0.000000,0.000000,0.522193,0.000000
0.000000,0.000000,0.000000,0.000000,0.000000,0.444683,0.000000,0.000000,0.000000,0.425736,0.000000,0.362544,0.000000,0.369540,0.000000,0.394647,0.000000,0.390285,0.000000,0.000000,0.000000,0.260684,0.000000,0.000000,0.000000,0.000000,0.000000,0.412119,0.000000,0.000000,0.000000,0.000000,0.000000,0.000000,0.000000,0.000000,0.000000,0.000000,0.000000,0.000000,0.000000,0.000000,0.000000,0.573782,0.000000,0.000000,0.000000,0.000000,0.000000,0.487982,0.000000,0.495346,0.000000,0.000000,0.000000,0.000000,0.000000,0.000000,0.000000,0.512123,0.000000,0.467962,0.000000,0.431903,0.000000,0.000000,0.000000,0.482373,0.000000,0.000000,0.000000,0.000000,0.000000,0.421408,0.000000,0.000000,0.000000,0.000000,0.000000,0.369799,0.000000,0.452449,0.000000,0.380894,0.000000,0.517894,0.000000,0.000000,0.000000,0.000000
0.000000,0.000000,0.554249,0.461676,0.000000,0.000000,0.000000,0.000000,0.000000,0.000000,0.000000,0.000000,0.000000,0.000000,0.000000,0.000000,0.000000,0.000000,0.484202,0.000000,0.356077,0.000000,0.381058,0.481748,0.407787,0.533172,0.383907,0.446800,0.000000,0.000000,0.000000,0.472294,0.541551,0.491489,0.562856,0.515672,0.000000,0.000000,0.000000,0.000000,0.000000,0.000000,0.000000,0.000000,0.000000,0.000000,0.000000,0.000000,0.000000,0.000000,0.000000,0.000000,0.000000,0.000000,0.000000,0.000000,0.000000,0.000000,0.000000,0.000000,0.000000,0.000000,0.000000,0.000000,0.000000,0.000000,0.594389,0.000000,0.000000,0.000000,0.357269,0.000000,0.000000,0.000000,0.000000,0.000000,0.000000,0.000000,0.000000,0.000000,0.000000,0.000000,0.000000,0.000000,0.000000,0.000000,0.000000,0.000000,0.000000,0.000000
0.000000,0.000000,0.451219,0.413573,0.000000,0.450025,0.000000,0.000000,0.000000,0.000000,0.000000,0.000000,0.000000,0.000000,0.000000,0.000000,0.000000,0.000000,0.000000,0.000000,0.000000,0.356471,0.536757,0.407982,0.000000,0.323178,0.000000,0.375051,0.000000,0.000000,0.472294,0.000000,0.533211,0.457242,0.000000,0.547912,0.000000,0.000000,0.000000,0.000000,0.000000,0.411060,0.000000,0.000000,0.000000,0.000000,0.000000,0.000000,0.000000,0.000000,0.000000,0.000000,0.000000,0.000000,0.000000,0.000000,0.000000,0.000000,0.000000,0.000000,0.000000,0.000000,0.000000,0.000000,0.000000,0.000000,0.000000,0.537252,0.000000,0.000000,0.000000,0.337360,0.000000,0.374173,0.000000,0.000000,0.000000,0.000000,0.000000,0.000000,0.000000,0.000000,0.000000,0.415327,0.000000,0.000000,0.000000,0.000000,0.000000,0.000000
0.000000,0.000000,0.000000,0.535086,0.000000,0.000000,0.000000,0.000000,0.000000,0.000000,0.000000,0.000000,0.421693,0.000000,0.000000,0.000000,0.000000,0.000000,0.405087,0.561799,0.000000,0.000000,0.391476,0.527622,0.000000,0.000000,0.000000,0.000000,0.000000,0.000000,0.541551,0.533211,0.000000,0.504454,0.439466,0.000000,0.000000,0.000000,0.000000,0.000000,0.000000,0.000000,0.000000,0.000000,0.000000,0.000000,0.000000,0.000000,0.000000,0.000000,0.000000,0.000000,0.000000,0.000000,0.000000,0.000000,0.000000,0.000000,0.000000,0.000000,0.000000,0.000000,0.000000,0.000000,0.000000,0.000000,0.450290,0.569427,0.421737,0.000000,0.423820,0.000000,0.423863,0.000000,0.000000,0.000000,0.000000,0.000000,0.000000,0.000000,0.000000,0.000000,0.000000,0.000000,0.000000,0.000000,0.000000,0.000000,0.000000,0.000000
0.000000,0.000000,0.000000,0.554369,0.000000,0.000000,0.000000,0.460491,0.000000,0.000000,0.000000,0.000000,0.000000,0.000000,0.000000,0.000000,0.000000,0.000000,0.000000,0.407486,0.000000,0.000000,0.000000,0.452520,0.000000,0.000000,0.000000,0.000000,0.000000,0.000000,0.491489,0.457242,0.504454,0.000000,0.000000,0.497737,0.000000,0.563057,0.000000,0.000000,0.000000,0.000000,0.000000,0.000000,0.000000,0.000000,0.000000,0.000000,0.000000,0.000000,0.000000,0.000000,0.000000,0.000000,0.000000,0.000000,0.000000,0.413570,0.000000,0.460391,0.000000,0.000000,0.000000,0.000000,0.000000,0.000000,0.527630,0.502003,0.000000,0.401968,0.000000,0.000000,0.000000,0.000000,0.000000,0.000000,0.000000,0.000000,0.000000,0.000000,0.000000,0.000000,0.000000,0.000000,0.000000,0.000000,0.000000,0.000000,0.000000,0.000000
0.000000,0.000000,0.000000,0.000000,0.000000,0.000000,0.000000,0.000000,0.000000,0.000000,0.000000,0.000000,0.000000,0.000000,0.000000,0.000000,0.000000,0.000000,0.000000,0.000000,0.000000,0.000000,0.533867,0.000000,0.000000,0.000000,0.000000,0.000000,0.000000,0.000000,0.562856,0.000000,0.439466,0.000000,0.000000,0.417894,0.000000,0.000000,0.000000,0.000000,0.000000,0.000000,0.482988,0.000000,0.492112,0.000000,0.478722,0.000000,0.519086,0.000000,0.000000,0.000000,0.000000,0.000000,0.000000,0.000000,0.000000,0.000000,0.484655,0.000000,0.000000,0.000000,0.000000,0.000000,0.000000,0.000000,0.453895,0.289523,0.000000,0.000000,0.000000,0.000000,0.000000,0.555824,0.000000,0.551387,0.000000,0.000000,0.000000,0.000000,0.000000,0.000000,0.000000,0.000000,0.000000,0.000000,0.000000,0.000000,0.000000,0.000000
0.000000,0.000000,0.000000,0.000000,0.000000,0.000000,0.000000,0.000000,0.000000,0.000000,0.000000,0.000000,0.000000,0.000000,0.000000,0.000000,0.000000,0.000000,0.000000,0.000000,0.000000,0.000000,0.000000,0.000000,0.000000,0.000000,0.000000,0.000000,0.000000,0.000000,0.515672,0.547912,0.000000,0.497737,0.417894,0.000000,0.000000,0.512242,0.000000,0.000000,0.000000,0.000000,0.000000,0.536457,0.534670,0.558895,0.000000,0.000000,0.539227,0.000000,0.000000,0.000000,0.000000,0.000000,0.000000,0.000000,0.000000,0.000000,0.530040,0.000000,0.000000,0.000000,0.000000,0.000000,0.000000,0.000000,0.514992,0.404792,0.000000,0.000000,0.000000,0.000000,0.000000,0.000000,0.000000,0.547697,0.000000,0.000000,0.000000,0.000000,0.000000,0.000000,0.000000,0.000000,0.000000,0.000000,0.000000,0.000000,0.000000,0.000000
0.000000,0.000000,0.000000,0.000000,0.000000,0.000000,0.000000,0.000000,0.000000,0.000000,0.000000,0.000000,0.000000,0.000000,0.000000,0.000000,0.000000,0.000000,0.000000,0.000000,0.000000,0.000000,0.000000,0.000000,0.000000,0.000000,0.000000,0.000000,0.000000,0.000000,0.000000,0.000000,0.000000,0.000000,0.000000,0.000000,0.000000,0.664521,0.423325,0.000000,0.365472,0.000000,0.538080,0.000000,0.472644,0.585378,0.518468,0.647937,0.498364,0.000000,0.531548,0.000000,0.556525,0.000000,0.512600,0.000000,0.000000,0.000000,0.494738,0.000000,0.000000,0.000000,0.000000,0.000000,0.000000,0.000000,0.517746,0.000000,0.000000,0.000000,0.419318,0.000000,0.561659,0.000000,0.000000,0.000000,0.431868,0.656091,0.000000,0.000000,0.000000,0.000000,0.379509,0.000000,0.000000,0.000000,0.403780,0.625983,0.399628,0.000000
0.000000,0.000000,0.000000,0.000000,0.000000,0.000000,0.000000,0.000000,0.000000,0.000000,0.000000,0.000000,0.000000,0.000000,0.000000,0.512341,0.000000,0.000000,0.485373,0.000000,0.000000,0.000000,0.000000,0.000000,0.000000,0.000000,0.000000,0.000000,0.000000,0.000000,0.000000,0.000000,0.000000,0.563057,0.000000,0.512242,0.664521,0.000000,0.000000,0.383408,0.626919,0.406718,0.000000,0.501232,0.000000,0.515652,0.523477,0.514541,0.679723,0.000000,0.682006,0.543491,0.000000,0.588716,0.000000,0.393642,0.000000,0.566573,0.000000,0.000000,0.000000,0.000000,0.000000,0.000000,0.000000,0.000000,0.000000,0.451219,0.000000,0.000000,0.000000,0.402694,0.619116,0.549187,0.000000,0.541030,0.462633,0.392142,0.000000,0.000000,0.000000,0.536269,0.000000,0.446935,0.000000,0.000000,0.000000,0.425617,0.000000,0.382598
0.000000,0.000000,0.000000,0.000000,0.000000,0.000000,0.000000,0.000000,0.000000,0.000000,0.000000,0.000000,0.000000,0.000000,0.228937,0.000000,0.000000,0.000000,0.000000,0.000000,0.000000,0.000000,0.000000,0.000000,0.000000,0.000000,0.000000,0.000000,0.000000,0.000000,0.000000,0.000000,0.000000,0.000000,0.000000,0.000000,0.423325,0.000000,0.000000,0.000000,0.285918,0.000000,0.490560,0.000000,0.473328,0.000000,0.431332,0.000000,0.494404,0.000000,0.549409,0.000000,0.000000,0.000000,0.349486,0.000000,0.000000,0.000000,0.000000,0.000000,0.000000,0.000000,0.000000,0.000000,0.000000,0.000000,0.490300,0.000000,0.000000,0.000000,0.000000,0.000000,0.000000,0.000000,0.000000,0.000000,0.517716,0.000000,0.000000,0.000000,0.000000,0.000000,0.314749,0.000000,0.000000,0.000000,0.372273,0.000000,0.412120,0.000000
0.000000,0.000000,0.000000,0.000000,0.000000,0.000000,0.000000,0.000000,0.000000,0.000000,0.000000,0.000000,0.000000,0.000000,0.000000,0.000000,0.000000,0.000000,0.000000,0.000000,0.000000,0.000000,0.000000,0.000000,0.000000,0.000000,0.000000,0.360286,0.000000,0.000000,0.000000,0.000000,0.000000,0.000000,0.000000,0.000000,0.000000,0.383408,0.000000,0.000000,0.000000,0.327045,0.000000,0.495891,0.000000,0.000000,0.000000,0.453757,0.000000,0.000000,0.000000,0.479687,0.000000,0.000000,0.000000,0.376499,0.000000,0.000000,0.000000,0.000000,0.000000,0.000000,0.000000,0.000000,0.000000,0.000000,0.000000,0.513296,0.000000,0.000000,0.000000,0.000000,0.000000,0.000000,0.000000,0.000000,0.000000,0.000000,0.000000,0.000000,0.000000,0.000000,0.000000,0.244227,0.000000,0.000000,0.000000,0.429299,0.000000,0.406549
0.000000,0.000000,0.000000,0.000000,0.000000,0.000000,0.000000,0.000000,0.000000,0.000000,0.000000,0.000000,0.000000,0.000000,0.000000,0.000000,0.000000,0.000000,0.000000,0.000000,0.337407,0.000000,0.000000,0.000000,0.000000,0.000000,0.000000,0.000000,0.000000,0.000000,0.000000,0.000000,0.000000,0.000000,0.000000,0.000000,0.365472,0.626919,0.285918,0.000000,0.000000,0.000000,0.542527,0.000000,0.000000,0.000000,0.402624,0.000000,0.540975,0.000000,0.540375,0.000000,0.593609,0.000000,0.534753,0.000000,0.000000,0.000000,0.000000,0.000000,0.000000,0.000000,0.000000,0.000000,0.000000,0.000000,0.000000,0.000000,0.000000,0.000000,0.397270,0.391898,0.000000,0.000000,0.000000,0.000000,0.458096,0.000000,0.000000,0.000000,0.000000,0.000000,0.372772,0.000000,0.000000,0.000000,0.313875,0.000000,0.000000,0.000000
0.000000,0.000000,0.000000,0.000000,0.000000,0.000000,0.000000,0.000000,0.000000,0.000000,0.000000,0.000000,0.000000,0.000000,0.000000,0.000000,0.000000,0.000000,0.000000,0.000000,0.000000,0.406598,0.000000,0.000000,0.000000,0.382805,0.000000,0.432130,0.000000,0.000000,0.000000,0.411060,0.000000,0.000000,0.000000,0.000000,0.000000,0.406718,0.000000,0.327045,0.000000,0.000000,0.000000,0.000000,0.000000,0.000000,0.000000,0.520700,0.000000,0.000000,0.000000,0.000000,0.000000,0.000000,0.000000,0.348361,0.000000,0.000000,0.000000,0.000000,0.000000,0.000000,0.000000,0.000000,0.000000,0.000000,0.000000,0.000000,0.000000,0.000000,0.000000,0.437320,0.000000,0.000000,0.000000,0.000000,0.000000,0.000000,0.000000,0.000000,0.000000,0.520080,0.000000,0.343248,0.000000,0.000000,0.000000,0.371470,0.000000,0.000000
0.000000,0.000000,0.000000,0.000000,0.559368,0.000000,0.543185,0.000000,0.545446,0.000000,0.000000,0.000000,0.559394,0.000000,0.000000,0.000000,0.000000,0.000000,0.000000,0.000000,0.000000,0.000000,0.000000,0.000000,0.000000,0.000000,0.000000,0.000000,0.541775,0.000000,0.000000,0.000000,0.000000,0.000000,0.482988,0.000000,0.538080,0.000000,0.490560,0.000000,0.542527,0.000000,0.000000,0.580974,0.382907,0.582464,0.429482,0.000000,0.386026,0.608966,0.411386,0.000000,0.296409,0.000000,0.000000,0.000000,0.000000,0.000000,0.000000,0.000000,0.000000,0.000000,0.000000,0.000000,0.000000,0.000000,0.478211,0.556300,0.000000,0.000000,0.000000,0.000000,0.592352,0.000000,0.000000,0.000000,0.000000,0.000000,0.000000,0.000000,0.000000,0.000000,0.563224,0.000000,0.000000,0.000000,0.000000,0.000000,0.000000,0.000000
0.000000,0.000000,0.000000,0.559384,0.000000,0.000000,0.000000,0.000000,0.000000,0.570065,0.000000,0.000000,0.000000,0.584602,0.000000,0.574231,0.000000,0.000000,0.000000,0.000000,0.000000,0.000000,0.000000,0.000000,0.000000,0.000000,0.000000,0.000000,0.000000,0.573782,0.000000,0.000000,0.000000,0.000000,0.000000,0.536457,0.000000,0.501232,0.000000,0.495891,0.000000,0.000000,0.580974,0.000000,0.702911,0.382446,0.610012,0.387668,0.000000,0.374124,0.000000,0.362357,0.000000,0.240268,0.000000,0.524784,0.000000,0.000000,0.000000,0.000000,0.000000,0.000000,0.000000,0.000000,0.000000,0.000000,0.685502,0.535830,0.000000,0.000000,0.000000,0.000000,0.000000,0.604637,0.000000,0.000000,0.000000,0.000000,0.000000,0.000000,0.000000,0.562981,0.000000,0.537530,0.000000,0.528329,0.000000,0.512863,0.000000,0.529367
0.000000,0.000000,0.000000,0.000000,0.000000,0.000000,0.000000,0.000000,0.000000,0.000000,0.000000,0.000000,0.000000,0.000000,0.000000,0.000000,0.000000,0.000000,0.000000,0.000000,0.000000,0.000000,0.000000,0.000000,0.000000,0.000000,0.000000,0.000000,0.000000,0.000000,0.000000,0.000000,0.000000,0.000000,0.492112,0.534670,0.472644,0.000000,0.473328,0.000000,0.000000,0.000000,0.382907,0.702911,0.000000,0.623406,0.475013,0.000000,0.396005,0.637565,0.480993,0.000000,0.000000,0.000000,0.501936,0.000000,0.000000,0.000000,0.000000,0.000000,0.000000,0.000000,0.000000,0.000000,0.000000,0.000000,0.420406,0.751709,0.000000,0.000000,0.000000,0.000000,0.000000,0.000000,0.000000,0.000000,0.000000,0.000000,0.000000,0.000000,0.000000,0.000000,0.498348,0.000000,0.000000,0.000000,0.000000,0.000000,0.460817,0.000000
0.000000,0.000000,0.000000,0.000000,0.000000,0.000000,0.000000,0.000000,0.000000,0.507538,0.000000,0.000000,0.000000,0.515650,0.000000,0.000000,0.000000,0.000000,0.000000,0.000000,0.000000,0.000000,0.000000,0.000000,0.000000,0.000000,0.000000,0.000000,0.000000,0.000000,0.000000,0.000000,0.000000,0.000000,0.000000,0.558895,0.585378,0.515652,0.000000,0.000000,0.000000,0.000000,0.582464,0.382446,0.623406,0.000000,0.585895,0.382433,0.648416,0.337105,0.000000,0.000000,0.000000,0.000000,0.000000,0.000000,0.000000,0.000000,0.000000,0.000000,0.000000,0.000000,0.000000,0.000000,0.000000,0.000000,0.638232,0.441279,0.000000,0.000000,0.000000,0.000000,0.000000,0.519896,0.000000,0.517962,0.000000,0.000000,0.000000,0.000000,0.000000,0.000000,0.000000,0.000000,0.000000,0.000000,0.000000,0.543783,0.000000,0.000000
0.000000,0.000000,0.000000,0.000000,0.561919,0.000000,0.000000,0.000000,0.000000,0.000000,0.000000,0.000000,0.000000,0.000000,0.000000,0.000000,0.000000,0.000000,0.000000,0.000000,0.000000,0.000000,0.000000,0.000000,0.573378,0.000000,0.000000,0.000000,0.000000,0.000000,0.000000,0.000000,0.000000,0.000000,0.478722,0.000000,0.518468,0.523477,0.431332,0.000000,0.402624,0.000000,0.429482,0.610012,0.475013,0.585895,0.000000,0.501407,0.494804,0.000000,0.367483,0.000000,0.360119,0.000000,0.336168,0.000000,0.000000,0.000000,0.000000,0.000000,0.000000,0.000000,0.000000,0.000000,0.000000,0.000000,0.503888,0.577483,0.000000,0.000000,0.000000,0.000000,0.547445,0.000000,0.000000,0.000000,0.000000,0.000000,0.000000,0.000000,0.000000,0.000000,0.438720,0.000000,0.000000,0.000000,0.416889,0.000000,0.460348,0.000000
0.000000,0.000000,0.000000,0.561553,0.000000,0.564227,0.000000,0.000000,0.000000,0.561385,0.000000,0.000000,0.000000,0.581198,0.000000,0.584901,0.000000,0.000000,0.000000,0.000000,0.000000,0.460456,0.000000,0.000000,0.000000,0.000000,0.000000,0.000000,0.000000,0.000000,0.000000,0.000000,0.000000,0.000000,0.000000,0.000000,0.647937,0.514541,0.000000,0.453757,0.000000,0.520700,0.000000,0.387668,0.000000,0.382433,0.501407,0.000000,0.611324,0.000000,0.000000,0.424452,0.000000,0.359841,0.535668,0.427179,0.000000,0.000000,0.621854,0.000000,0.000000,0.000000,0.000000,0.000000,0.000000,0.000000,0.601467,0.328019,0.000000,0.000000,0.000000,0.000000,0.000000,0.546918,0.000000,0.540812,0.648071,0.000000,0.000000,0.000000,0.000000,0.000000,0.000000,0.517792,0.000000,0.535060,0.000000,0.499447,0.000000,0.472701
0.000000,0.000000,0.000000,0.000000,0.000000,0.000000,0.569104,0.000000,0.000000,0.000000,0.000000,0.000000,0.552802,0.000000,0.000000,0.000000,0.000000,0.000000,0.000000,0.000000,0.000000,0.000000,0.000000,0.000000,0.000000,0.000000,0.000000,0.000000,0.000000,0.000000,0.000000,0.000000,0.000000,0.000000,0.519086,0.539227,0.498364,0.679723,0.494404,0.000000,0.540975,0.000000,0.386026,0.000000,0.396005,0.648416,0.494804,0.611324,0.000000,0.713748,0.433939,0.000000,0.000000,0.000000,0.000000,0.000000,0.000000,0.000000,0.379732,0.000000,0.000000,0.000000,0.000000,0.000000,0.000000,0.000000,0.444457,0.000000,0.000000,0.000000,0.000000,0.000000,0.552519,0.000000,0.000000,0.000000,0.555539,0.646909,0.000000,0.000000,0.000000,0.000000,0.000000,0.000000,0.000000,0.000000,0.000000,0.000000,0.000000,0.000000
