0.000000,0.000000,0.000000,0.000000,0.000000,0.000000,0.340502,0.000000,0.000000,0.000000,0.353740,0.000000,0.363735,0.000000,0.000000,0.000000,0.348618,0.000000,0.413559,0.000000,0.000000,0.000000,0.000000,0.000000,0.000000,0.000000,0.000000,0.000000,0.399191,0.000000,0.000000,0.000000,0.366508,0.000000,0.000000,0.000000,0.000000,0.000000,0.000000,0.000000,0.000000,0.000000,0.000000,0.000000,0.000000,0.000000,0.000000,0.000000,0.000000,0.000000,0.000000,0.000000,0.000000,0.000000,0.000000,0.000000,0.405364,0.000000,0.000000,0.000000,0.000000,0.000000,0.000000,0.000000,0.000000,0.000000,0.000000,0.000000,0.000000,0.000000,0.422586,0.000000,0.404814,0.000000,0.000000,0.000000,0.000000,0.000000,0.000000,0.000000,0.000000,0.000000,0.000000,0.000000,0.000000,0.000000,0.000000,0.000000,0.000000,0.000000
0.000000,0.000000,0.000000,0.000000,0.000000,0.000000,0.000000,0.249249,0.000000,0.000000,0.000000,0.397250,0.000000,0.399922,0.000000,0.000000,0.000000,0.408662,0.000000,0.396827,0.000000,0.000000,0.000000,0.000000,0.000000,0.000000,0.000000,0.000000,0.000000,0.391134,0.000000,0.000000,0.000000,0.418328,0.000000,0.000000,0.000000,0.000000,0.000000,0.000000,0.000000,0.000000,0.000000,0.000000,0.000000,0.000000,0.000000,0.000000,0.000000,0.000000,0.000000,0.000000,0.000000,0.000000,0.000000,0.000000,0.000000,0.422917,0.000000,0.000000,0.000000,0.363029,0.000000,0.363238,0.000000,0.478783,0.000000,0.000000,0.000000,0.000000,0.000000,0.407365,0.000000,0.000000,0.000000,0.000000,0.000000,0.000000,0.000000,0.000000,0.000000,0.000000,0.000000,0.000000,0.000000,0.000000,0.000000,0.000000,0.000000,0.000000
0.000000,0.000000,0.000000,0.000000,0.246005,0.000000,0.225869,0.000000,0.000000,0.000000,0.000000,0.000000,0.000000,0.000000,0.000000,0.000000,0.000000,0.000000,0.262577,0.000000,0.000000,0.000000,0.276779,0.000000,0.000000,0.000000,0.000000,0.000000,0.000000,0.000000,0.000000,0.000000,0.000000,0.000000,0.000000,0.000000,0.000000,0.000000,0.000000,0.000000,0.000000,0.000000,0.000000,0.000000,0.000000,0.000000,0.000000,0.000000,0.000000,0.000000,0.000000,0.000000,0.000000,0.000000,0.000000,0.000000,0.000000,0.000000,0.000000,0.000000,0.000000,0.000000,0.000000,0.000000,0.000000,0.000000,0.000000,0.000000,0.000000,0.000000,0.000000,0.000000,0.000000,0.000000,0.000000,0.000000,0.000000,0.000000,0.000000,0.000000,0.000000,0.000000,0.000000,0.000000,0.000000,0.000000,0.000000,0.000000,0.000000,0.000000
0.000000,0.000000,0.000000,0.000000,0.000000,0.000000,0.000000,0.394354,0.000000,0.000000,0.000000,0.000000,0.000000,0.000000,0.000000,0.000000,0.000000,0.000000,0.000000,0.000000,0.000000,0.000000,0.000000,0.380157,0.000000,0.297364,0.000000,0.000000,0.000000,0.000000,0.450474,0.444884,0.000000,0.000000,0.000000,0.000000,0.000000,0.000000,0.000000,0.000000,0.000000,0.000000,0.000000,0.000000,0.000000,0.000000,0.000000,0.000000,0.000000,0.000000,0.000000,0.000000,0.000000,0.000000,0.000000,0.000000,0.000000,0.000000,0.000000,0.000000,0.000000,0.000000,0.000000,0.000000,0.000000,0.000000,0.000000,0.000000,0.000000,0.000000,0.000000,0.312645,0.000000,0.000000,0.000000,0.000000,0.000000,0.000000,0.000000,0.000000,0.000000,0.000000,0.000000,0.000000,0.000000,0.000000,0.000000,0.000000,0.000000,0.000000
0.000000,0.000000,0.246005,0.000000,0.000000,0.000000,0.000000,0.000000,0.318200,0.000000,0.000000,0.000000,0.000000,0.000000,0.315279,0.000000,0.000000,0.000000,0.000000,0.000000,0.246823,0.000000,0.226568,0.000000,0.318651,0.000000,0.359787,0.417752,0.333922,0.000000,0.000000,0.000000,0.000000,0.000000,0.000000,0.000000,0.000000,0.000000,0.458914,0.000000,0.000000,0.000000,0.000000,0.000000,0.000000,0.000000,0.000000,0.000000,0.000000,0.000000,0.000000,0.000000,0.000000,0.000000,0.000000,0.000000,0.000000,0.000000,0.000000,0.000000,0.000000,0.000000,0.000000,0.000000,0.000000,0.000000,0.000000,0.000000,0.000000,0.000000,0.327399,0.000000,0.351169,0.000000,0.354594,0.000000,0.000000,0.000000,0.000000,0.000000,0.000000,0.000000,0.000000,0.000000,0.000000,0.000000,0.000000,0.000000,0.000000,0.000000
0.000000,0.000000,0.000000,0.000000,0.000000,0.000000,0.000000,0.258068,0.000000,0.331649,0.000000,0.000000,0.000000,0.000000,0.000000,0.304921,0.000000,0.000000,0.000000,0.000000,0.000000,0.231182,0.000000,0.261707,0.000000,0.306497,0.000000,0.306086,0.000000,0.337434,0.000000,0.000000,0.000000,0.000000,0.000000,0.000000,0.000000,0.000000,0.000000,0.000000,0.000000,0.000000,0.000000,0.000000,0.000000,0.000000,0.000000,0.000000,0.000000,0.000000,0.000000,0.000000,0.000000,0.000000,0.000000,0.000000,0.000000,0.000000,0.000000,0.000000,0.000000,0.000000,0.000000,0.000000,0.000000,0.000000,0.000000,0.000000,0.000000,0.000000,0.000000,0.000000,0.000000,0.344511,0.000000,0.000000,0.000000,0.000000,0.000000,0.000000,0.000000,0.000000,0.000000,0.373706,0.000000,0.000000,0.000000,0.000000,0.000000,0.000000
0.340502,0.000000,0.225869,0.000000,0.000000,0.000000,0.000000,0.000000,0.204674,0.000000,0.363618,0.000000,0.339325,0.000000,0.321227,0.000000,0.000000,0.000000,0.332489,0.000000,0.000000,0.000000,0.000000,0.000000,0.000000,0.000000,0.000000,0.000000,0.307602,0.000000,0.000000,0.000000,0.354359,0.000000,0.000000,0.000000,0.000000,0.000000,0.000000,0.000000,0.000000,0.000000,0.000000,0.000000,0.000000,0.000000,0.000000,0.000000,0.000000,0.000000,0.000000,0.000000,0.000000,0.000000,0.000000,0.000000,0.368804,0.000000,0.000000,0.000000,0.000000,0.000000,0.000000,0.000000,0.000000,0.000000,0.000000,0.000000,0.000000,0.000000,0.323172,0.000000,0.000000,0.000000,0.000000,0.000000,0.000000,0.000000,0.000000,0.000000,0.000000,0.000000,0.000000,0.000000,0.000000,0.000000,0.000000,0.000000,0.000000,0.000000
0.000000,0.249249,0.000000,0.394354,0.000000,0.258068,0.000000,0.000000,0.000000,0.291189,0.000000,0.284596,0.000000,0.391630,0.000000,0.000000,0.000000,0.000000,0.000000,0.000000,0.000000,0.000000,0.000000,0.000000,0.000000,0.000000,0.000000,0.000000,0.000000,0.335025,0.000000,0.000000,0.000000,0.000000,0.000000,0.000000,0.000000,0.000000,0.000000,0.000000,0.000000,0.000000,0.000000,0.468349,0.000000,0.000000,0.000000,0.436163,0.000000,0.000000,0.000000,0.000000,0.000000,0.000000,0.000000,0.000000,0.000000,0.000000,0.000000,0.000000,0.000000,0.000000,0.000000,0.000000,0.000000,0.000000,0.000000,0.000000,0.000000,0.000000,0.000000,0.328036,0.000000,0.000000,0.000000,0.000000,0.000000,0.000000,0.000000,0.000000,0.000000,0.000000,0.000000,0.000000,0.000000,0.000000,0.000000,0.000000,0.000000,0.000000
0.000000,0.000000,0.000000,0.000000,0.318200,0.000000,0.204674,0.000000,0.000000,0.000000,0.000000,0.000000,0.000000,0.000000,0.303692,0.000000,0.000000,0.000000,0.000000,0.000000,0.000000,0.000000,0.350555,0.000000,0.000000,0.000000,0.000000,0.000000,0.000000,0.000000,0.333183,0.000000,0.000000,0.000000,0.000000,0.000000,0.000000,0.000000,0.000000,0.000000,0.000000,0.000000,0.000000,0.000000,0.000000,0.000000,0.000000,0.000000,0.000000,0.000000,0.000000,0.000000,0.000000,0.000000,0.000000,0.000000,0.000000,0.000000,0.000000,0.000000,0.000000,0.000000,0.000000,0.000000,0.000000,0.000000,0.000000,0.000000,0.000000,0.000000,0.000000,0.000000,0.000000,0.000000,0.000000,0.000000,0.000000,0.000000,0.000000,0.000000,0.000000,0.000000,0.423874,0.000000,0.000000,0.000000,0.000000,0.000000,0.000000,0.000000
0.000000,0.000000,0.000000,0.000000,0.000000,0.331649,0.000000,0.291189,0.000000,0.000000,0.000000,0.000000,0.000000,0.000000,0.000000,0.348836,0.000000,0.000000,0.000000,0.000000,0.000000,0.000000,0.000000,0.000000,0.000000,0.000000,0.000000,0.000000,0.000000,0.000000,0.000000,0.000000,0.000000,0.000000,0.000000,0.000000,0.000000,0.000000,0.000000,0.000000,0.000000,0.000000,0.000000,0.000000,0.000000,0.000000,0.000000,0.000000,0.000000,0.000000,0.000000,0.000000,0.000000,0.000000,0.000000,0.000000,0.000000,0.000000,0.000000,0.000000,0.000000,0.000000,0.000000,0.000000,0.000000,0.000000,0.000000,0.000000,0.000000,0.000000,0.000000,0.000000,0.000000,0.000000,0.000000,0.000000,0.000000,0.000000,0.000000,0.000000,0.000000,0.000000,0.000000,0.412407,0.000000,0.000000,0.000000,0.000000,0.000000,0.000000
0.353740,0.000000,0.000000,0.000000,0.000000,0.000000,0.363618,0.000000,0.000000,0.000000,0.000000,0.000000,0.273118,0.000000,0.000000,0.000000,0.398598,0.000000,0.401266,0.000000,0.000000,0.000000,0.000000,0.000000,0.000000,0.000000,0.000000,0.000000,0.324083,0.000000,0.360100,0.000000,0.407373,0.000000,0.000000,0.000000,0.000000,0.000000,0.000000,0.000000,0.000000,0.000000,0.000000,0.000000,0.000000,0.000000,0.000000,0.000000,0.000000,0.000000,0.000000,0.000000,0.000000,0.000000,0.000000,0.000000,0.399255,0.000000,0.000000,0.000000,0.000000,0.000000,0.000000,0.000000,0.000000,0.000000,0.000000,0.000000,0.000000,0.000000,0.361974,0.000000,0.363750,0.000000,0.000000,0.000000,0.000000,0.000000,0.000000,0.000000,0.000000,0.000000,0.000000,0.000000,0.000000,0.000000,0.000000,0.000000,0.000000,0.000000
0.000000,0.397250,0.000000,0.000000,0.000000,0.000000,0.000000,0.284596,0.000000,0.000000,0.000000,0.000000,0.000000,0.383882,0.000000,0.000000,0.000000,0.288737,0.000000,0.000000,0.000000,0.000000,0.000000,0.000000,0.000000,0.000000,0.000000,0.000000,0.000000,0.326077,0.000000,0.381039,0.000000,0.381791,0.000000,0.000000,0.000000,0.413780,0.000000,0.000000,0.000000,0.000000,0.000000,0.000000,0.000000,0.000000,0.000000,0.469794,0.000000,0.000000,0.000000,0.000000,0.000000,0.000000,0.000000,0.000000,0.000000,0.388213,0.000000,0.000000,0.000000,0.000000,0.000000,0.000000,0.000000,0.000000,0.000000,0.000000,0.000000,0.000000,0.000000,0.383679,0.000000,0.319223,0.000000,0.000000,0.000000,0.000000,0.000000,0.000000,0.000000,0.384618,0.000000,0.000000,0.000000,0.000000,0.000000,0.000000,0.000000,0.000000
0.363735,0.000000,0.000000,0.000000,0.000000,0.000000,0.339325,0.000000,0.000000,0.000000,0.273118,0.000000,0.000000,0.000000,0.284184,0.000000,0.000000,0.000000,0.000000,0.000000,0.000000,0.000000,0.000000,0.000000,0.000000,0.000000,0.000000,0.000000,0.325311,0.000000,0.332421,0.000000,0.000000,0.000000,0.000000,0.000000,0.000000,0.000000,0.000000,0.000000,0.000000,0.000000,0.000000,0.000000,0.000000,0.000000,0.000000,0.000000,0.000000,0.000000,0.000000,0.000000,0.000000,0.000000,0.000000,0.000000,0.390671,0.000000,0.000000,0.000000,0.000000,0.000000,0.000000,0.000000,0.000000,0.000000,0.000000,0.000000,0.000000,0.000000,0.356784,0.000000,0.381611,0.000000,0.000000,0.000000,0.000000,0.000000,0.000000,0.000000,0.000000,0.000000,0.000000,0.000000,0.000000,0.000000,0.000000,0.000000,0.000000,0.000000
0.000000,0.399922,0.000000,0.000000,0.000000,0.000000,0.000000,0.391630,0.000000,0.000000,0.000000,0.383882,0.000000,0.000000,0.000000,0.277520,0.000000,0.000000,0.000000,0.000000,0.000000,0.000000,0.000000,0.000000,0.000000,0.000000,0.000000,0.000000,0.000000,0.318753,0.000000,0.000000,0.000000,0.000000,0.000000,0.000000,0.571366,0.426567,0.000000,0.000000,0.000000,0.000000,0.000000,0.450248,0.000000,0.461417,0.000000,0.488457,0.000000,0.451953,0.000000,0.000000,0.000000,0.000000,0.000000,0.504386,0.000000,0.000000,0.000000,0.000000,0.000000,0.000000,0.000000,0.000000,0.000000,0.000000,0.000000,0.000000,0.000000,0.000000,0.000000,0.403463,0.000000,0.355619,0.000000,0.401062,0.000000,0.000000,0.000000,0.000000,0.498397,0.000000,0.000000,0.000000,0.000000,0.000000,0.000000,0.000000,0.000000,0.000000
0.000000,0.000000,0.000000,0.000000,0.315279,0.000000,0.321227,0.000000,0.303692,0.000000,0.000000,0.000000,0.284184,0.000000,0.000000,0.000000,0.000000,0.000000,0.000000,0.000000,0.257149,0.000000,0.345838,0.000000,0.000000,0.000000,0.266611,0.000000,0.317714,0.000000,0.000000,0.000000,0.000000,0.000000,0.000000,0.000000,0.000000,0.000000,0.406903,0.000000,0.310429,0.000000,0.000000,0.000000,0.000000,0.000000,0.000000,0.000000,0.000000,0.000000,0.000000,0.000000,0.000000,0.000000,0.000000,0.000000,0.000000,0.000000,0.000000,0.000000,0.000000,0.000000,0.000000,0.000000,0.000000,0.000000,0.000000,0.000000,0.000000,0.000000,0.000000,0.000000,0.328230,0.000000,0.000000,0.000000,0.000000,0.000000,0.000000,0.000000,0.000000,0.000000,0.360530,0.000000,0.000000,0.000000,0.000000,0.000000,0.000000,0.000000
0.000000,0.000000,0.000000,0.000000,0.000000,0.304921,0.000000,0.000000,0.000000,0.348836,0.000000,0.000000,0.000000,0.277520,0.000000,0.000000,0.000000,0.000000,0.000000,0.000000,0.000000,0.234429,0.000000,0.000000,0.000000,0.398876,0.000000,0.228611,0.000000,0.302790,0.000000,0.000000,0.000000,0.000000,0.000000,0.000000,0.000000,0.411817,0.000000,0.410165,0.000000,0.000000,0.000000,0.478924,0.000000,0.000000,0.000000,0.495018,0.000000,0.000000,0.000000,0.000000,0.000000,0.000000,0.000000,0.506107,0.000000,0.000000,0.000000,0.000000,0.000000,0.000000,0.000000,0.000000,0.000000,0.000000,0.000000,0.000000,0.000000,0.000000,0.000000,0.379626,0.530655,0.343157,0.000000,0.000000,0.000000,0.000000,0.000000,0.000000,0.525732,0.000000,0.520674,0.399726,0.000000,0.000000,0.000000,0.000000,0.000000,0.000000
0.348618,0.000000,0.000000,0.000000,0.000000,0.000000,0.000000,0.000000,0.000000,0.000000,0.398598,0.000000,0.000000,0.000000,0.000000,0.000000,0.000000,0.000000,0.435273,0.000000,0.000000,0.000000,0.000000,0.000000,0.000000,0.000000,0.000000,0.000000,0.397603,0.000000,0.000000,0.000000,0.407349,0.000000,0.000000,0.000000,0.000000,0.000000,0.000000,0.000000,0.000000,0.000000,0.000000,0.000000,0.000000,0.000000,0.000000,0.000000,0.000000,0.000000,0.000000,0.000000,0.000000,0.000000,0.000000,0.000000,0.390335,0.000000,0.000000,0.000000,0.403930,0.000000,0.383033,0.000000,0.437923,0.000000,0.000000,0.000000,0.000000,0.000000,0.389850,0.000000,0.349539,0.000000,0.000000,0.000000,0.000000,0.000000,0.316629,0.000000,0.388834,0.000000,0.000000,0.000000,0.449936,0.000000,0.000000,0.000000,0.000000,0.000000
0.000000,0.408662,0.000000,0.000000,0.000000,0.000000,0.000000,0.000000,0.000000,0.000000,0.000000,0.288737,0.000000,0.000000,0.000000,0.000000,0.000000,0.000000,0.000000,0.429053,0.000000,0.000000,0.000000,0.000000,0.000000,0.000000,0.000000,0.000000,0.000000,0.398040,0.000000,0.386005,0.000000,0.403674,0.000000,0.000000,0.000000,0.000000,0.000000,0.000000,0.000000,0.000000,0.000000,0.000000,0.000000,0.000000,0.000000,0.000000,0.000000,0.000000,0.000000,0.000000,0.000000,0.000000,0.000000,0.000000,0.000000,0.418083,0.000000,0.000000,0.000000,0.452210,0.000000,0.426519,0.000000,0.453948,0.000000,0.000000,0.000000,0.000000,0.000000,0.378705,0.000000,0.362033,0.000000,0.000000,0.000000,0.000000,0.000000,0.302204,0.000000,0.403502,0.000000,0.229402,0.000000,0.000000,0.000000,0.000000,0.000000,0.000000
0.413559,0.000000,0.262577,0.000000,0.000000,0.000000,0.332489,0.000000,0.000000,0.000000,0.401266,0.000000,0.000000,0.000000,0.000000,0.000000,0.435273,0.000000,0.000000,0.526752,0.000000,0.000000,0.000000,0.000000,0.000000,0.000000,0.000000,0.000000,0.430458,0.000000,0.000000,0.520762,0.406057,0.529283,0.000000,0.000000,0.000000,0.000000,0.000000,0.000000,0.000000,0.000000,0.000000,0.000000,0.000000,0.000000,0.000000,0.000000,0.000000,0.000000,0.000000,0.000000,0.000000,0.000000,0.000000,0.000000,0.439221,0.000000,0.000000,0.000000,0.000000,0.000000,0.000000,0.000000,0.000000,0.000000,0.000000,0.502292,0.432287,0.000000,0.488265,0.520283,0.434047,0.000000,0.000000,0.000000,0.480907,0.000000,0.000000,0.000000,0.000000,0.000000,0.000000,0.000000,0.442576,0.000000,0.000000,0.000000,0.000000,0.000000
0.000000,0.396827,0.000000,0.000000,0.000000,0.000000,0.000000,0.000000,0.000000,0.000000,0.000000,0.000000,0.000000,0.000000,0.000000,0.000000,0.000000,0.429053,0.526752,0.000000,0.000000,0.000000,0.000000,0.238189,0.000000,0.000000,0.000000,0.000000,0.000000,0.422469,0.388426,0.000000,0.460987,0.319667,0.000000,0.483581,0.000000,0.000000,0.000000,0.000000,0.000000,0.000000,0.000000,0.000000,0.000000,0.000000,0.000000,0.000000,0.000000,0.000000,0.000000,0.000000,0.000000,0.000000,0.000000,0.000000,0.000000,0.000000,0.000000,0.000000,0.000000,0.000000,0.000000,0.000000,0.000000,0.000000,0.000000,0.454615,0.508910,0.326387,0.503063,0.414593,0.000000,0.407828,0.000000,0.429032,0.480550,0.410709,0.000000,0.000000,0.000000,0.000000,0.000000,0.000000,0.000000,0.000000,0.000000,0.000000,0.000000,0.000000
0.000000,0.000000,0.000000,0.000000,0.246823,0.000000,0.000000,0.000000,0.000000,0.000000,0.000000,0.000000,0.000000,0.000000,0.257149,0.000000,0.000000,0.000000,0.000000,0.000000,0.000000,0.412549,0.000000,0.409893,0.286397,0.411053,0.285857,0.000000,0.344461,0.000000,0.288560,0.380636,0.000000,0.000000,0.000000,0.000000,0.000000,0.000000,0.000000,0.000000,0.380000,0.000000,0.479826,0.000000,0.000000,0.000000,0.481372,0.000000,0.000000,0.000000,0.000000,0.000000,0.000000,0.000000,0.478152,0.000000,0.000000,0.000000,0.000000,0.000000,0.000000,0.000000,0.000000,0.000000,0.000000,0.000000,0.000000,0.000000,0.000000,0.000000,0.282706,0.000000,0.000000,0.000000,0.000000,0.000000,0.000000,0.000000,0.000000,0.000000,0.000000,0.000000,0.382912,0.000000,0.000000,0.000000,0.000000,0.000000,0.000000,0.000000
0.000000,0.000000,0.000000,0.000000,0.000000,0.231182,0.000000,0.000000,0.000000,0.000000,0.000000,0.000000,0.000000,0.000000,0.000000,0.234429,0.000000,0.000000,0.000000,0.000000,0.412549,0.000000,0.000000,0.359055,0.473601,0.373461,0.445404,0.321484,0.330327,0.285786,0.245630,0.314281,0.000000,0.000000,0.000000,0.000000,0.000000,0.000000,0.000000,0.000000,0.000000,0.362291,0.000000,0.000000,0.000000,0.000000,0.000000,0.000000,0.000000,0.000000,0.000000,0.000000,0.000000,0.000000,0.000000,0.000000,0.000000,0.000000,0.000000,0.000000,0.000000,0.000000,0.000000,0.000000,0.000000,0.000000,0.000000,0.000000,0.000000,0.000000,0.343702,0.340564,0.297791,0.000000,0.000000,0.000000,0.000000,0.000000,0.000000,0.000000,0.000000,0.000000,0.414604,0.334382,0.000000,0.000000,0.000000,0.000000,0.000000,0.000000
0.000000,0.000000,0.276779,0.000000,0.226568,0.000000,0.000000,0.000000,0.350555,0.000000,0.000000,0.000000,0.000000,0.000000,0.345838,0.000000,0.000000,0.000000,0.000000,0.000000,0.000000,0.000000,0.000000,0.284215,0.244238,0.000000,0.000000,0.000000,0.340783,0.000000,0.263677,0.456921,0.248535,0.221031,0.000000,0.000000,0.000000,0.000000,0.000000,0.000000,0.000000,0.000000,0.445778,0.000000,0.458512,0.000000,0.475064,0.000000,0.000000,0.000000,0.000000,0.000000,0.000000,0.000000,0.474739,0.000000,0.000000,0.000000,0.000000,0.000000,0.000000,0.000000,0.000000,0.000000,0.000000,0.000000,0.000000,0.000000,0.000000,0.000000,0.349017,0.499626,0.404144,0.000000,0.354582,0.000000,0.425513,0.000000,0.000000,0.000000,0.000000,0.536132,0.420660,0.000000,0.000000,0.510703,0.000000,0.000000,0.000000,0.000000
0.000000,0.000000,0.000000,0.380157,0.000000,0.261707,0.000000,0.000000,0.000000,0.000000,0.000000,0.000000,0.000000,0.000000,0.000000,0.000000,0.000000,0.000000,0.000000,0.238189,0.409893,0.359055,0.284215,0.000000,0.463447,0.301251,0.000000,0.000000,0.000000,0.000000,0.471859,0.453180,0.000000,0.248454,0.000000,0.000000,0.000000,0.000000,0.000000,0.000000,0.000000,0.000000,0.000000,0.000000,0.000000,0.000000,0.000000,0.000000,0.000000,0.000000,0.000000,0.000000,0.000000,0.000000,0.000000,0.000000,0.000000,0.000000,0.000000,0.000000,0.000000,0.000000,0.000000,0.000000,0.000000,0.000000,0.000000,0.000000,0.000000,0.000000,0.394188,0.322009,0.000000,0.000000,0.000000,0.000000,0.438527,0.000000,0.000000,0.000000,0.000000,0.000000,0.000000,0.000000,0.000000,0.000000,0.000000,0.000000,0.000000,0.000000
0.000000,0.000000,0.000000,0.000000,0.318651,0.000000,0.000000,0.000000,0.000000,0.000000,0.000000,0.000000,0.000000,0.000000,0.000000,0.000000,0.000000,0.000000,0.000000,0.000000,0.286397,0.473601,0.244238,0.463447,0.000000,0.493048,0.288905,0.464218,0.393880,0.000000,0.300816,0.400651,0.000000,0.000000,0.000000,0.000000,0.000000,0.000000,0.467452,0.000000,0.000000,0.000000,0.482243,0.000000,0.000000,0.000000,0.485094,0.000000,0.000000,0.000000,0.000000,0.000000,0.000000,0.000000,0.494501,0.000000,0.000000,0.000000,0.000000,0.000000,0.000000,0.000000,0.000000,0.000000,0.000000,0.000000,0.000000,0.000000,0.000000,0.000000,0.399517,0.512369,0.395313,0.000000,0.341468,0.000000,0.000000,0.000000,0.000000,0.000000,0.000000,0.000000,0.442555,0.000000,0.000000,0.000000,0.000000,0.000000,0.000000,0.000000
0.000000,0.000000,0.000000,0.297364,0.000000,0.306497,0.000000,0.000000,0.000000,0.000000,0.000000,0.000000,0.000000,0.000000,0.000000,0.398876,0.000000,0.000000,0.000000,0.000000,0.411053,0.373461,0.000000,0.301251,0.493048,0.000000,0.435535,0.290922,0.000000,0.387404,0.499358,0.280854,0.406932,0.000000,0.000000,0.000000,0.000000,0.000000,0.000000,0.000000,0.000000,0.000000,0.000000,0.000000,0.000000,0.000000,0.000000,0.000000,0.000000,0.000000,0.000000,0.000000,0.000000,0.000000,0.000000,0.000000,0.000000,0.000000,0.000000,0.000000,0.000000,0.000000,0.000000,0.000000,0.000000,0.000000,0.000000,0.000000,0.000000,0.000000,0.467507,0.425116,0.000000,0.403171,0.000000,0.380000,0.401842,0.411100,0.000000,0.000000,0.000000,0.000000,0.000000,0.421602,0.000000,0.000000,0.000000,0.000000,0.000000,0.000000
0.000000,0.000000,0.000000,0.000000,0.359787,0.000000,0.000000,0.000000,0.000000,0.000000,0.000000,0.000000,0.000000,0.000000,0.266611,0.000000,0.000000,0.000000,0.000000,0.000000,0.285857,0.445404,0.000000,0.000000,0.288905,0.435535,0.000000,0.387244,0.356631,0.000000,0.290076,0.000000,0.000000,0.000000,0.000000,0.000000,0.000000,0.000000,0.000000,0.000000,0.000000,0.000000,0.000000,0.000000,0.000000,0.000000,0.000000,0.000000,0.000000,0.000000,0.000000,0.000000,0.000000,0.000000,0.000000,0.000000,0.000000,0.000000,0.000000,0.000000,0.000000,0.000000,0.000000,0.000000,0.000000,0.000000,0.000000,0.000000,0.000000,0.000000,0.329645,0.407062,0.389218,0.000000,0.000000,0.000000,0.000000,0.000000,0.000000,0.000000,0.000000,0.000000,0.000000,0.000000,0.000000,0.000000,0.000000,0.000000,0.000000,0.000000
0.000000,0.000000,0.000000,0.000000,0.417752,0.306086,0.000000,0.000000,0.000000,0.000000,0.000000,0.000000,0.000000,0.000000,0.000000,0.228611,0.000000,0.000000,0.000000,0.000000,0.000000,0.321484,0.000000,0.000000,0.464218,0.290922,0.387244,0.000000,0.360470,0.340893,0.463183,0.000000,0.000000,0.000000,0.000000,0.000000,0.000000,0.000000,0.000000,0.000000,0.000000,0.000000,0.000000,0.000000,0.000000,0.000000,0.000000,0.000000,0.000000,0.000000,0.000000,0.000000,0.000000,0.000000,0.000000,0.000000,0.000000,0.000000,0.000000,0.000000,0.000000,0.000000,0.000000,0.000000,0.000000,0.000000,0.000000,0.000000,0.000000,0.000000,0.460371,0.359113,0.366742,0.385217,0.000000,0.000000,0.000000,0.000000,0.000000,0.000000,0.000000,0.000000,0.000000,0.000000,0.000000,0.000000,0.000000,0.000000,0.000000,0.000000
0.399191,0.000000,0.000000,0.000000,0.333922,0.000000,0.307602,0.000000,0.000000,0.000000,0.324083,0.000000,0.325311,0.000000,0.317714,0.000000,0.397603,0.000000,0.430458,0.000000,0.344461,0.330327,0.340783,0.000000,0.393880,0.000000,0.356631,0.360470,0.000000,0.000000,0.314343,0.000000,0.000000,0.000000,0.000000,0.000000,0.000000,0.559216,0.000000,0.000000,0.000000,0.000000,0.500550,0.000000,0.000000,0.000000,0.499584,0.000000,0.000000,0.000000,0.000000,0.000000,0.000000,0.000000,0.000000,0.000000,0.400683,0.000000,0.385589,0.000000,0.391951,0.000000,0.399890,0.000000,0.447815,0.000000,0.416136,0.000000,0.000000,0.000000,0.354138,0.000000,0.356058,0.000000,0.000000,0.000000,0.000000,0.000000,0.350748,0.000000,0.369453,0.000000,0.414411,0.000000,0.434827,0.527402,0.000000,0.000000,0.000000,0.000000
0.000000,0.391134,0.000000,0.000000,0.000000,0.337434,0.000000,0.335025,0.000000,0.000000,0.000000,0.326077,0.000000,0.318753,0.000000,0.302790,0.000000,0.398040,0.000000,0.422469,0.000000,0.285786,0.000000,0.000000,0.000000,0.387404,0.000000,0.340893,0.000000,0.000000,0.000000,0.388659,0.000000,0.399682,0.000000,0.000000,0.000000,0.453659,0.000000,0.000000,0.000000,0.000000,0.000000,0.000000,0.000000,0.000000,0.000000,0.489870,0.000000,0.000000,0.000000,0.000000,0.000000,0.000000,0.000000,0.497874,0.000000,0.417613,0.000000,0.000000,0.000000,0.475242,0.000000,0.423089,0.000000,0.456369,0.000000,0.000000,0.000000,0.000000,0.000000,0.390754,0.000000,0.331774,0.000000,0.000000,0.000000,0.000000,0.000000,0.331716,0.516388,0.428277,0.000000,0.345720,0.000000,0.000000,0.000000,0.000000,0.000000,0.000000
0.000000,0.000000,0.000000,0.450474,0.000000,0.000000,0.000000,0.000000,0.333183,0.000000,0.360100,0.000000,0.332421,0.000000,0.000000,0.000000,0.000000,0.000000,0.000000,0.388426,0.288560,0.245630,0.263677,0.471859,0.300816,0.499358,0.290076,0.463183,0.314343,0.000000,0.000000,0.478564,0.330001,0.435036,0.433010,0.000000,0.000000,0.521396,0.000000,0.000000,0.000000,0.000000,0.417655,0.000000,0.434195,0.000000,0.472079,0.000000,0.427833,0.000000,0.000000,0.000000,0.000000,0.000000,0.467167,0.000000,0.000000,0.000000,0.000000,0.000000,0.000000,0.000000,0.000000,0.000000,0.000000,0.000000,0.403153,0.000000,0.000000,0.000000,0.376527,0.529288,0.402233,0.503880,0.353954,0.000000,0.412787,0.000000,0.000000,0.000000,0.000000,0.528777,0.425642,0.000000,0.000000,0.494587,0.000000,0.000000,0.000000,0.000000
0.000000,0.000000,0.000000,0.444884,0.000000,0.000000,0.000000,0.000000,0.000000,0.000000,0.000000,0.381039,0.000000,0.000000,0.000000,0.000000,0.000000,0.386005,0.520762,0.000000,0.380636,0.314281,0.456921,0.453180,0.400651,0.280854,0.000000,0.000000,0.000000,0.388659,0.478564,0.000000,0.448552,0.383409,0.000000,0.000000,0.000000,0.000000,0.000000,0.000000,0.000000,0.000000,0.460935,0.000000,0.455395,0.000000,0.475861,0.000000,0.000000,0.477168,0.000000,0.000000,0.000000,0.000000,0.496793,0.000000,0.000000,0.000000,0.000000,0.000000,0.000000,0.000000,0.000000,0.000000,0.000000,0.000000,0.466923,0.456762,0.000000,0.000000,0.487946,0.324395,0.409428,0.387548,0.000000,0.391488,0.462418,0.398744,0.000000,0.000000,0.499244,0.534361,0.439193,0.000000,0.533742,0.497014,0.000000,0.000000,0.000000,0.000000
0.366508,0.000000,0.000000,0.000000,0.000000,0.000000,0.354359,0.000000,0.000000,0.000000,0.407373,0.000000,0.000000,0.000000,0.000000,0.000000,0.407349,0.000000,0.406057,0.460987,0.000000,0.000000,0.248535,0.000000,0.000000,0.406932,0.000000,0.000000,0.000000,0.000000,0.330001,0.448552,0.000000,0.465917,0.351921,0.000000,0.000000,0.440503,0.000000,0.000000,0.000000,0.413022,0.000000,0.000000,0.440982,0.000000,0.000000,0.000000,0.435526,0.000000,0.000000,0.000000,0.000000,0.000000,0.000000,0.000000,0.445043,0.000000,0.000000,0.000000,0.000000,0.000000,0.000000,0.000000,0.000000,0.000000,0.345423,0.289564,0.399599,0.467926,0.425315,0.477485,0.418782,0.000000,0.000000,0.000000,0.449089,0.475250,0.000000,0.000000,0.000000,0.531169,0.000000,0.000000,0.000000,0.000000,0.000000,0.000000,0.000000,0.000000
0.000000,0.418328,0.000000,0.000000,0.000000,0.000000,0.000000,0.000000,0.000000,0.000000,0.000000,0.381791,0.000000,0.000000,0.000000,0.000000,0.000000,0.403674,0.529283,0.319667,0.000000,0.000000,0.221031,0.248454,0.000000,0.000000,0.000000,0.000000,0.000000,0.399682,0.435036,0.383409,0.465917,0.000000,0.358168,0.353712,0.000000,0.000000,0.000000,0.000000,0.000000,0.000000,0.000000,0.000000,0.000000,0.000000,0.000000,0.000000,0.000000,0.000000,0.000000,0.000000,0.000000,0.000000,0.000000,0.000000,0.000000,0.000000,0.000000,0.000000,0.000000,0.000000,0.000000,0.000000,0.000000,0.000000,0.000000,0.422219,0.000000,0.348176,0.492206,0.387574,0.498011,0.399333,0.000000,0.418301,0.447576,0.442811,0.000000,0.000000,0.000000,0.000000,0.000000,0.000000,0.000000,0.000000,0.000000,0.000000,0.000000,0.000000
0.000000,0.000000,0.000000,0.000000,0.000000,0.000000,0.000000,0.000000,0.000000,0.000000,0.000000,0.000000,0.000000,0.000000,0.000000,0.000000,0.000000,0.000000,0.000000,0.000000,0.000000,0.000000,0.000000,0.000000,0.000000,0.000000,0.000000,0.000000,0.000000,0.000000,0.433010,0.000000,0.351921,0.358168,0.000000,0.391102,0.000000,0.000000,0.000000,0.000000,0.000000,0.000000,0.484996,0.583833,0.508376,0.435757,0.000000,0.000000,0.000000,0.000000,0.000000,0.000000,0.000000,0.000000,0.000000,0.000000,0.000000,0.000000,0.000000,0.000000,0.000000,0.000000,0.000000,0.000000,0.000000,0.000000,0.380188,0.405334,0.000000,0.000000,0.502229,0.000000,0.455456,0.000000,0.000000,0.000000,0.000000,0.000000,0.000000,0.000000,0.483282,0.000000,0.000000,0.000000,0.473042,0.518027,0.000000,0.000000,0.000000,0.000000
0.000000,0.000000,0.000000,0.000000,0.000000,0.000000,0.000000,0.000000,0.000000,0.000000,0.000000,0.000000,0.000000,0.000000,0.000000,0.000000,0.000000,0.000000,0.000000,0.483581,0.000000,0.000000,0.000000,0.000000,0.000000,0.000000,0.000000,0.000000,0.000000,0.000000,0.000000,0.000000,0.000000,0.353712,0.391102,0.000000,0.000000,0.456524,0.000000,0.467169,0.000000,0.000000,0.546794,0.577707,0.547313,0.537631,0.571510,0.599268,0.000000,0.000000,0.000000,0.000000,0.000000,0.000000,0.000000,0.000000,0.000000,0.000000,0.000000,0.000000,0.000000,0.000000,0.000000,0.000000,0.000000,0.000000,0.505319,0.447060,0.000000,0.000000,0.000000,0.000000,0.000000,0.000000,0.000000,0.000000,0.000000,0.000000,0.000000,0.000000,0.000000,0.459519,0.000000,0.000000,0.000000,0.444065,0.000000,0.000000,0.000000,0.000000
0.000000,0.000000,0.000000,0.000000,0.000000,0.000000,0.000000,0.000000,0.000000,0.000000,0.000000,0.000000,0.000000,0.571366,0.000000,0.000000,0.000000,0.000000,0.000000,0.000000,0.000000,0.000000,0.000000,0.000000,0.000000,0.000000,0.000000,0.000000,0.000000,0.000000,0.000000,0.000000,0.000000,0.000000,0.000000,0.000000,0.000000,0.557454,0.366788,0.466316,0.372630,0.522541,0.499474,0.669753,0.423327,0.629624,0.486252,0.544299,0.000000,0.000000,0.505579,0.000000,0.420207,0.000000,0.460360,0.000000,0.000000,0.000000,0.000000,0.000000,0.000000,0.000000,0.000000,0.000000,0.000000,0.000000,0.456003,0.691899,0.000000,0.000000,0.000000,0.570851,0.000000,0.571333,0.000000,0.000000,0.376225,0.581560,0.000000,0.000000,0.000000,0.605071,0.297664,0.000000,0.451507,0.000000,0.000000,0.000000,0.432867,0.000000
0.000000,0.000000,0.000000,0.000000,0.000000,0.000000,0.000000,0.000000,0.000000,0.000000,0.000000,0.413780,0.000000,0.426567,0.000000,0.411817,0.000000,0.000000,0.000000,0.000000,0.000000,0.000000,0.000000,0.000000,0.000000,0.000000,0.000000,0.000000,0.559216,0.453659,0.521396,0.000000,0.440503,0.000000,0.000000,0.456524,0.557454,0.000000,0.000000,0.387846,0.534748,0.359900,0.000000,0.449685,0.650324,0.520722,0.426376,0.478233,0.000000,0.464295,0.000000,0.000000,0.000000,0.406403,0.000000,0.440017,0.000000,0.000000,0.000000,0.000000,0.000000,0.000000,0.000000,0.000000,0.000000,0.000000,0.481642,0.475883,0.000000,0.000000,0.547166,0.000000,0.546835,0.304126,0.000000,0.000000,0.571815,0.343658,0.000000,0.000000,0.533988,0.411521,0.538026,0.361349,0.000000,0.342997,0.000000,0.000000,0.000000,0.372230
0.000000,0.000000,0.000000,0.000000,0.458914,0.000000,0.000000,0.000000,0.000000,0.000000,0.000000,0.000000,0.000000,0.000000,0.406903,0.000000,0.000000,0.000000,0.000000,0.000000,0.000000,0.000000,0.000000,0.000000,0.467452,0.000000,0.000000,0.000000,0.000000,0.000000,0.000000,0.000000,0.000000,0.000000,0.000000,0.000000,0.366788,0.000000,0.000000,0.553787,0.337878,0.000000,0.419953,0.000000,0.380001,0.456449,0.376887,0.521910,0.000000,0.000000,0.353728,0.000000,0.361396,0.000000,0.352550,0.000000,0.000000,0.000000,0.000000,0.000000,0.000000,0.000000,0.000000,0.000000,0.000000,0.000000,0.417853,0.466417,0.000000,0.000000,0.489296,0.000000,0.501611,0.000000,0.000000,0.000000,0.000000,0.000000,0.000000,0.000000,0.485561,0.000000,0.265483,0.000000,0.484623,0.000000,0.402808,0.000000,0.350348,0.000000
0.000000,0.000000,0.000000,0.000000,0.000000,0.000000,0.000000,0.000000,0.000000,0.000000,0.000000,0.000000,0.000000,0.000000,0.000000,0.410165,0.000000,0.000000,0.000000,0.000000,0.000000,0.000000,0.000000,0.000000,0.000000,0.000000,0.000000,0.000000,0.000000,0.000000,0.000000,0.000000,0.000000,0.000000,0.000000,0.467169,0.466316,0.387846,0.553787,0.000000,0.000000,0.371888,0.000000,0.431099,0.417023,0.413275,0.000000,0.411229,0.000000,0.000000,0.000000,0.000000,0.000000,0.410125,0.000000,0.396662,0.000000,0.000000,0.000000,0.000000,0.000000,0.000000,0.000000,0.000000,0.000000,0.000000,0.485167,0.455829,0.000000,0.000000,0.000000,0.000000,0.000000,0.000000,0.000000,0.000000,0.000000,0.000000,0.000000,0.000000,0.000000,0.000000,0.000000,0.228968,0.000000,0.473467,0.000000,0.229118,0.000000,0.354673
0.000000,0.000000,0.000000,0.000000,0.000000,0.000000,0.000000,0.000000,0.000000,0.000000,0.000000,0.000000,0.000000,0.000000,0.310429,0.000000,0.000000,0.000000,0.000000,0.000000,0.380000,0.000000,0.000000,0.000000,0.000000,0.000000,0.000000,0.000000,0.000000,0.000000,0.000000,0.000000,0.000000,0.000000,0.000000,0.000000,0.372630,0.534748,0.337878,0.000000,0.000000,0.000000,0.489912,0.000000,0.482855,0.000000,0.503186,0.000000,0.000000,0.000000,0.000000,0.000000,0.000000,0.000000,0.489728,0.000000,0.000000,0.000000,0.000000,0.000000,0.000000,0.000000,0.000000,0.000000,0.000000,0.000000,0.000000,0.000000,0.000000,0.000000,0.000000,0.000000,0.000000,0.000000,0.000000,0.000000,0.376396,0.000000,0.000000,0.000000,0.000000,0.000000,0.354191,0.000000,0.000000,0.000000,0.000000,0.000000,0.000000,0.000000
0.000000,0.000000,0.000000,0.000000,0.000000,0.000000,0.000000,0.000000,0.000000,0.000000,0.000000,0.000000,0.000000,0.000000,0.000000,0.000000,0.000000,0.000000,0.000000,0.000000,0.000000,0.362291,0.000000,0.000000,0.000000,0.000000,0.000000,0.000000,0.000000,0.000000,0.000000,0.000000,0.413022,0.000000,0.000000,0.000000,0.522541,0.359900,0.000000,0.371888,0.000000,0.000000,0.000000,0.000000,0.000000,0.000000,0.000000,0.376213,0.000000,0.000000,0.000000,0.000000,0.000000,0.000000,0.000000,0.578816,0.000000,0.000000,0.000000,0.000000,0.000000,0.000000,0.000000,0.000000,0.000000,0.000000,0.000000,0.000000,0.000000,0.000000,0.000000,0.426840,0.000000,0.000000,0.000000,0.000000,0.000000,0.323774,0.000000,0.000000,0.000000,0.000000,0.411242,0.369102,0.000000,0.000000,0.000000,0.000000,0.000000,0.000000
0.000000,0.000000,0.000000,0.000000,0.000000,0.000000,0.000000,0.000000,0.000000,0.000000,0.000000,0.000000,0.000000,0.000000,0.000000,0.000000,0.000000,0.000000,0.000000,0.000000,0.479826,0.000000,0.445778,0.000000,0.482243,0.000000,0.000000,0.000000,0.500550,0.000000,0.417655,0.460935,0.000000,0.000000,0.484996,0.546794,0.499474,0.000000,0.419953,0.000000,0.489912,0.000000,0.000000,0.662961,0.596877,0.641630,0.421279,0.597549,0.318074,0.000000,0.000000,0.000000,0.315070,0.000000,0.000000,0.000000,0.000000,0.000000,0.000000,0.000000,0.000000,0.000000,0.000000,0.000000,0.000000,0.000000,0.406887,0.550733,0.000000,0.000000,0.481507,0.000000,0.480713,0.000000,0.000000,0.000000,0.498315,0.000000,0.000000,0.000000,0.495177,0.542731,0.444334,0.000000,0.482430,0.514549,0.000000,0.000000,0.000000,0.000000
0.000000,0.000000,0.000000,0.000000,0.000000,0.000000,0.000000,0.468349,0.000000,0.000000,0.000000,0.000000,0.000000,0.450248,0.000000,0.478924,0.000000,0.000000,0.000000,0.000000,0.000000,0.000000,0.000000,0.000000,0.000000,0.000000,0.000000,0.000000,0.000000,0.000000,0.000000,0.000000,0.000000,0.000000,0.583833,0.577707,0.669753,0.449685,0.000000,0.431099,0.000000,0.000000,0.662961,0.000000,0.602807,0.464748,0.594420,0.439214,0.000000,0.478460,0.633594,0.291796,0.000000,0.000000,0.000000,0.336718,0.000000,0.000000,0.000000,0.000000,0.000000,0.000000,0.000000,0.000000,0.000000,0.000000,0.614606,0.484921,0.000000,0.000000,0.000000,0.481681,0.000000,0.477820,0.000000,0.000000,0.633465,0.000000,0.000000,0.000000,0.000000,0.462415,0.000000,0.000000,0.000000,0.462952,0.000000,0.000000,0.000000,0.000000
0.000000,0.000000,0.000000,0.000000,0.000000,0.000000,0.000000,0.000000,0.000000,0.000000,0.000000,0.000000,0.000000,0.000000,0.000000,0.000000,0.000000,0.000000,0.000000,0.000000,0.000000,0.000000,0.458512,0.000000,0.000000,0.000000,0.000000,0.000000,0.000000,0.000000,0.434195,0.455395,0.440982,0.000000,0.508376,0.547313,0.423327,0.650324,0.380001,0.417023,0.482855,0.000000,0.596877,0.602807,0.000000,0.485113,0.536598,0.599036,0.297783,0.000000,0.425693,0.000000,0.000000,0.000000,0.000000,0.000000,0.000000,0.000000,0.309110,0.000000,0.000000,0.000000,0.000000,0.000000,0.000000,0.000000,0.435399,0.590806,0.000000,0.000000,0.470028,0.000000,0.000000,0.000000,0.000000,0.000000,0.471244,0.000000,0.000000,0.000000,0.494454,0.000000,0.000000,0.000000,0.484217,0.506636,0.000000,0.000000,0.000000,0.000000
0.000000,0.000000,0.000000,0.000000,0.000000,0.000000,0.000000,0.000000,0.000000,0.000000,0.000000,0.000000,0.000000,0.461417,0.000000,0.000000,0.000000,0.000000,0.000000,0.000000,0.000000,0.000000,0.000000,0.000000,0.000000,0.000000,0.000000,0.000000,0.000000,0.000000,0.000000,0.000000,0.000000,0.000000,0.435757,0.537631,0.629624,0.520722,0.456449,0.413275,0.000000,0.000000,0.641630,0.464748,0.485113,0.000000,0.615312,0.590494,0.398426,0.442107,0.504210,0.448273,0.000000,0.000000,0.000000,0.000000,0.000000,0.000000,0.000000,0.286213,0.000000,0.000000,0.000000,0.000000,0.000000,0.000000,0.405506,0.450802,0.000000,0.000000,0.000000,0.478117,0.000000,0.482526,0.000000,0.000000,0.614932,0.000000,0.000000,0.000000,0.458421,0.455983,0.000000,0.438721,0.452840,0.443175,0.000000,0.000000,0.000000,0.000000
0.000000,0.000000,0.000000,0.000000,0.000000,0.000000,0.000000,0.000000,0.000000,0.000000,0.000000,0.000000,0.000000,0.000000,0.000000,0.000000,0.000000,0.000000,0.000000,0.000000,0.481372,0.000000,0.475064,0.000000,0.485094,0.000000,0.000000,0.000000,0.499584,0.000000,0.472079,0.475861,0.000000,0.000000,0.000000,0.571510,0.486252,0.426376,0.376887,0.000000,0.503186,0.000000,0.421279,0.594420,0.536598,0.615312,0.000000,0.613218,0.349965,0.000000,0.292846,0.000000,0.318142,0.000000,0.328883,0.554224,0.000000,0.000000,0.000000,0.000000,0.000000,0.000000,0.000000,0.000000,0.000000,0.000000,0.387866,0.531874,0.000000,0.000000,0.499006,0.000000,0.504333,0.585443,0.000000,0.000000,0.499690,0.000000,0.000000,0.000000,0.498278,0.573155,0.476849,0.000000,0.431685,0.500716,0.000000,0.000000,0.000000,0.000000
0.000000,0.000000,0.000000,0.000000,0.000000,0.000000,0.000000,0.436163,0.000000,0.000000,0.000000,0.469794,0.000000,0.488457,0.000000,0.495018,0.000000,0.000000,0.000000,0.000000,0.000000,0.000000,0.000000,0.000000,0.000000,0.000000,0.000000,0.000000,0.000000,0.489870,0.000000,0.000000,0.000000,0.000000,0.000000,0.599268,0.544299,0.478233,0.521910,0.411229,0.000000,0.376213,0.597549,0.439214,0.599036,0.590494,0.613218,0.000000,0.000000,0.394340,0.624013,0.000000,0.000000,0.287627,0.000000,0.397586,0.000000,0.000000,0.000000,0.000000,0.000000,0.000000,0.000000,0.000000,0.000000,0.000000,0.553647,0.458841,0.000000,0.000000,0.000000,0.465325,0.000000,0.469209,0.000000,0.000000,0.000000,0.000000,0.000000,0.000000,0.000000,0.448640,0.000000,0.422347,0.000000,0.438080,0.000000,0.000000,0.000000,0.453193
0.000000,0.000000,0.000000,0.000000,0.000000,0.000000,0.000000,0.000000,0.000000,0.000000,0.000000,0.000000,0.000000,0.000000,0.000000,0.000000,0.000000,0.000000,0.000000,0.000000,0.000000,0.000000,0.000000,0.000000,0.000000,0.000000,0.000000,0.000000,0.000000,0.000000,0.427833,0.000000,0.435526,0.000000,0.000000,0.000000,0.000000,0.000000,0.000000,0.000000,0.000000,0.000000,0.318074,0.000000,0.297783,0.398426,0.349965,0.000000,0.000000,0.000000,0.431852,0.000000,0.000000,0.000000,0.000000,0.000000,0.000000,0.000000,0.297849,0.000000,0.287202,0.000000,0.000000,0.000000,0.000000,0.000000,0.419300,0.000000,0.000000,0.000000,0.435850,0.000000,0.519362,0.000000,0.000000,0.000000,0.000000,0.000000,0.000000,0.000000,0.496050,0.000000,0.000000,0.000000,0.488382,0.000000,0.000000,0.000000,0.000000,0.000000
