0.000000,0.417643,0.361894,0.000000,0.000000,0.000000,0.328260,0.000000,0.000000,0.000000,0.380562,0.000000,0.365189,0.000000,0.000000,0.000000,0.383747,0.000000,0.369056,0.000000,0.000000,0.000000,0.000000,0.000000,0.000000,0.000000,0.000000,0.000000,0.374829,0.000000,0.000000,0.000000,0.000000,0.000000,0.000000,0.000000,0.429046,0.000000,0.000000,0.000000,0.000000,0.000000,0.000000,0.000000,0.000000,0.000000,0.000000,0.000000,0.000000,0.000000,0.000000,0.000000,0.000000,0.000000,0.000000,0.000000,0.400581,0.000000,0.000000,0.000000,0.409068,0.000000,0.419183,0.000000,0.000000,0.000000,0.000000,0.000000,0.407479,0.000000,0.000000,0.000000,0.394001,0.000000,0.000000,0.000000,0.403690,0.000000,0.000000,0.000000,0.458056,0.000000,0.000000,0.000000,0.466047,0.000000,0.000000,0.000000,0.000000,0.000000
0.417643,0.000000,0.000000,0.363511,0.000000,0.000000,0.000000,0.378504,0.000000,0.000000,0.000000,0.364476,0.000000,0.000000,0.000000,0.000000,0.000000,0.314518,0.000000,0.426556,0.000000,0.000000,0.000000,0.000000,0.000000,0.000000,0.000000,0.000000,0.000000,0.000000,0.000000,0.000000,0.000000,0.000000,0.000000,0.000000,0.000000,0.000000,0.000000,0.000000,0.000000,0.000000,0.000000,0.000000,0.000000,0.000000,0.000000,0.000000,0.000000,0.000000,0.000000,0.000000,0.000000,0.000000,0.000000,0.000000,0.000000,0.411000,0.000000,0.409285,0.000000,0.424589,0.000000,0.427437,0.000000,0.431861,0.000000,0.000000,0.000000,0.307809,0.000000,0.000000,0.000000,0.393659,0.000000,0.387637,0.000000,0.000000,0.000000,0.000000,0.000000,0.000000,0.000000,0.000000,0.000000,0.000000,0.000000,0.000000,0.000000,0.000000
0.361894,0.000000,0.000000,0.469113,0.218940,0.455775,0.328999,0.000000,0.236275,0.000000,0.000000,0.000000,0.000000,0.000000,0.000000,0.000000,0.000000,0.000000,0.339901,0.000000,0.000000,0.000000,0.330731,0.000000,0.000000,0.436819,0.462269,0.000000,0.000000,0.000000,0.000000,0.000000,0.000000,0.000000,0.000000,0.000000,0.000000,0.000000,0.000000,0.000000,0.000000,0.000000,0.000000,0.000000,0.000000,0.000000,0.000000,0.000000,0.000000,0.000000,0.000000,0.000000,0.000000,0.000000,0.000000,0.000000,0.000000,0.000000,0.000000,0.000000,0.000000,0.000000,0.000000,0.000000,0.000000,0.000000,0.000000,0.000000,0.302367,0.000000,0.000000,0.000000,0.390776,0.437423,0.000000,0.000000,0.000000,0.000000,0.000000,0.000000,0.000000,0.000000,0.000000,0.000000,0.000000,0.000000,0.000000,0.000000,0.000000,0.000000
0.000000,0.363511,0.469113,0.000000,0.510445,0.265717,0.000000,0.352165,0.000000,0.321118,0.000000,0.408791,0.000000,0.336215,0.000000,0.000000,0.000000,0.400113,0.000000,0.308301,0.000000,0.000000,0.427746,0.352603,0.509050,0.323550,0.000000,0.000000,0.000000,0.000000,0.000000,0.328477,0.000000,0.437667,0.000000,0.000000,0.000000,0.000000,0.000000,0.405432,0.000000,0.000000,0.000000,0.000000,0.000000,0.000000,0.000000,0.395594,0.000000,0.434214,0.000000,0.000000,0.000000,0.000000,0.000000,0.438649,0.000000,0.000000,0.000000,0.000000,0.000000,0.000000,0.000000,0.000000,0.000000,0.000000,0.000000,0.000000,0.000000,0.000000,0.000000,0.356049,0.000000,0.380725,0.000000,0.373108,0.464507,0.000000,0.000000,0.000000,0.000000,0.000000,0.000000,0.413875,0.000000,0.000000,0.000000,0.417432,0.000000,0.000000
0.000000,0.000000,0.218940,0.510445,0.000000,0.462934,0.000000,0.000000,0.273224,0.000000,0.000000,0.000000,0.000000,0.000000,0.398148,0.000000,0.000000,0.000000,0.000000,0.000000,0.366540,0.000000,0.000000,0.509232,0.329129,0.489651,0.348831,0.000000,0.426795,0.000000,0.375120,0.000000,0.000000,0.000000,0.000000,0.000000,0.000000,0.000000,0.000000,0.000000,0.333959,0.000000,0.427266,0.000000,0.000000,0.000000,0.442873,0.000000,0.000000,0.000000,0.000000,0.000000,0.000000,0.000000,0.000000,0.000000,0.000000,0.000000,0.000000,0.000000,0.000000,0.000000,0.000000,0.000000,0.000000,0.000000,0.000000,0.000000,0.000000,0.000000,0.349494,0.449386,0.353141,0.000000,0.351463,0.000000,0.398922,0.000000,0.000000,0.000000,0.000000,0.000000,0.456943,0.000000,0.000000,0.000000,0.484732,0.000000,0.000000,0.000000
0.000000,0.000000,0.455775,0.265717,0.462934,0.000000,0.000000,0.000000,0.000000,0.325757,0.000000,0.000000,0.000000,0.000000,0.000000,0.385454,0.000000,0.000000,0.000000,0.000000,0.000000,0.336677,0.000000,0.321732,0.486207,0.300769,0.454307,0.351812,0.000000,0.395292,0.000000,0.000000,0.000000,0.000000,0.000000,0.000000,0.000000,0.000000,0.000000,0.000000,0.000000,0.000000,0.000000,0.000000,0.000000,0.000000,0.000000,0.000000,0.000000,0.000000,0.000000,0.000000,0.000000,0.000000,0.000000,0.000000,0.000000,0.000000,0.000000,0.000000,0.000000,0.000000,0.000000,0.000000,0.000000,0.000000,0.000000,0.000000,0.000000,0.000000,0.000000,0.370514,0.000000,0.379765,0.000000,0.363892,0.425135,0.000000,0.000000,0.000000,0.000000,0.000000,0.000000,0.441360,0.000000,0.000000,0.000000,0.395266,0.000000,0.000000
0.328260,0.000000,0.328999,0.000000,0.000000,0.000000,0.000000,0.000000,0.248024,0.000000,0.314315,0.000000,0.320397,0.000000,0.000000,0.000000,0.000000,0.000000,0.000000,0.000000,0.000000,0.000000,0.000000,0.000000,0.000000,0.000000,0.000000,0.000000,0.000000,0.000000,0.000000,0.000000,0.000000,0.000000,0.000000,0.000000,0.000000,0.549305,0.000000,0.000000,0.000000,0.545902,0.000000,0.000000,0.000000,0.000000,0.486544,0.000000,0.000000,0.000000,0.000000,0.000000,0.000000,0.000000,0.000000,0.000000,0.000000,0.000000,0.000000,0.000000,0.000000,0.000000,0.000000,0.000000,0.000000,0.000000,0.000000,0.000000,0.000000,0.000000,0.000000,0.000000,0.405011,0.552048,0.000000,0.000000,0.000000,0.000000,0.000000,0.000000,0.000000,0.000000,0.469834,0.000000,0.000000,0.000000,0.451999,0.000000,0.000000,0.000000
0.000000,0.378504,0.000000,0.352165,0.000000,0.000000,0.000000,0.000000,0.000000,0.309779,0.000000,0.331109,0.000000,0.330387,0.000000,0.247921,0.000000,0.000000,0.000000,0.000000,0.000000,0.000000,0.000000,0.374791,0.000000,0.000000,0.000000,0.000000,0.000000,0.000000,0.000000,0.000000,0.000000,0.000000,0.000000,0.000000,0.000000,0.000000,0.000000,0.000000,0.000000,0.000000,0.000000,0.000000,0.000000,0.000000,0.000000,0.000000,0.000000,0.000000,0.000000,0.000000,0.000000,0.000000,0.000000,0.000000,0.000000,0.000000,0.000000,0.000000,0.000000,0.000000,0.000000,0.000000,0.000000,0.000000,0.000000,0.000000,0.000000,0.000000,0.000000,0.000000,0.000000,0.386427,0.000000,0.000000,0.000000,0.000000,0.000000,0.000000,0.000000,0.000000,0.000000,0.000000,0.000000,0.000000,0.000000,0.000000,0.000000,0.000000
0.000000,0.000000,0.236275,0.000000,0.273224,0.000000,0.248024,0.000000,0.000000,0.000000,0.000000,0.000000,0.000000,0.000000,0.312114,0.000000,0.000000,0.000000,0.000000,0.000000,0.000000,0.000000,0.000000,0.000000,0.000000,0.000000,0.000000,0.000000,0.000000,0.000000,0.000000,0.000000,0.000000,0.000000,0.000000,0.000000,0.000000,0.000000,0.000000,0.000000,0.000000,0.000000,0.000000,0.000000,0.000000,0.000000,0.000000,0.000000,0.000000,0.000000,0.000000,0.000000,0.000000,0.000000,0.000000,0.000000,0.000000,0.000000,0.000000,0.000000,0.000000,0.000000,0.000000,0.000000,0.000000,0.000000,0.000000,0.000000,0.000000,0.000000,0.000000,0.000000,0.000000,0.000000,0.000000,0.000000,0.000000,0.000000,0.000000,0.000000,0.000000,0.000000,0.471523,0.000000,0.000000,0.000000,0.000000,0.000000,0.000000,0.000000
0.000000,0.000000,0.000000,0.321118,0.000000,0.325757,0.000000,0.309779,0.000000,0.000000,0.000000,0.000000,0.000000,0.314617,0.000000,0.330841,0.000000,0.000000,0.000000,0.000000,0.000000,0.000000,0.000000,0.000000,0.000000,0.000000,0.000000,0.000000,0.000000,0.000000,0.000000,0.000000,0.000000,0.000000,0.000000,0.000000,0.000000,0.000000,0.000000,0.000000,0.000000,0.000000,0.000000,0.000000,0.000000,0.000000,0.000000,0.000000,0.000000,0.000000,0.000000,0.000000,0.000000,0.000000,0.000000,0.462116,0.000000,0.000000,0.000000,0.000000,0.000000,0.000000,0.000000,0.000000,0.000000,0.000000,0.000000,0.000000,0.000000,0.000000,0.000000,0.000000,0.000000,0.344213,0.000000,0.000000,0.000000,0.000000,0.000000,0.000000,0.000000,0.000000,0.000000,0.440212,0.000000,0.000000,0.000000,0.414567,0.000000,0.000000
0.380562,0.000000,0.000000,0.000000,0.000000,0.000000,0.314315,0.000000,0.000000,0.000000,0.000000,0.000000,0.359583,0.000000,0.279421,0.000000,0.353725,0.000000,0.000000,0.000000,0.000000,0.000000,0.000000,0.000000,0.000000,0.000000,0.000000,0.000000,0.345321,0.000000,0.000000,0.000000,0.000000,0.000000,0.000000,0.000000,0.000000,0.000000,0.000000,0.000000,0.000000,0.000000,0.000000,0.000000,0.000000,0.000000,0.000000,0.000000,0.000000,0.000000,0.000000,0.000000,0.000000,0.000000,0.000000,0.000000,0.000000,0.000000,0.000000,0.000000,0.000000,0.000000,0.000000,0.000000,0.000000,0.000000,0.000000,0.000000,0.000000,0.000000,0.000000,0.000000,0.000000,0.000000,0.000000,0.000000,0.000000,0.000000,0.000000,0.000000,0.000000,0.000000,0.000000,0.000000,0.477348,0.000000,0.000000,0.000000,0.000000,0.000000
0.000000,0.364476,0.000000,0.408791,0.000000,0.000000,0.000000,0.331109,0.000000,0.000000,0.000000,0.000000,0.000000,0.332293,0.000000,0.279315,0.000000,0.292672,0.000000,0.421417,0.000000,0.000000,0.000000,0.000000,0.000000,0.000000,0.000000,0.000000,0.000000,0.332846,0.000000,0.000000,0.000000,0.000000,0.000000,0.000000,0.000000,0.000000,0.000000,0.000000,0.000000,0.000000,0.000000,0.000000,0.000000,0.000000,0.000000,0.000000,0.000000,0.000000,0.000000,0.000000,0.000000,0.000000,0.000000,0.000000,0.000000,0.000000,0.000000,0.000000,0.000000,0.000000,0.000000,0.000000,0.000000,0.000000,0.000000,0.000000,0.000000,0.000000,0.000000,0.000000,0.000000,0.348773,0.000000,0.000000,0.000000,0.000000,0.000000,0.000000,0.000000,0.000000,0.000000,0.000000,0.000000,0.000000,0.000000,0.000000,0.000000,0.000000
0.365189,0.000000,0.000000,0.000000,0.000000,0.000000,0.320397,0.000000,0.000000,0.000000,0.359583,0.000000,0.000000,0.000000,0.308807,0.000000,0.000000,0.000000,0.000000,0.000000,0.000000,0.000000,0.000000,0.000000,0.000000,0.000000,0.000000,0.000000,0.328334,0.000000,0.000000,0.000000,0.000000,0.000000,0.000000,0.000000,0.000000,0.000000,0.000000,0.000000,0.000000,0.000000,0.000000,0.000000,0.000000,0.000000,0.000000,0.000000,0.000000,0.000000,0.000000,0.000000,0.000000,0.000000,0.000000,0.000000,0.000000,0.000000,0.000000,0.000000,0.000000,0.000000,0.000000,0.000000,0.000000,0.000000,0.000000,0.000000,0.000000,0.000000,0.000000,0.000000,0.300628,0.000000,0.000000,0.000000,0.000000,0.000000,0.000000,0.000000,0.000000,0.000000,0.000000,0.000000,0.000000,0.000000,0.000000,0.000000,0.000000,0.000000
0.000000,0.000000,0.000000,0.336215,0.000000,0.000000,0.000000,0.330387,0.000000,0.314617,0.000000,0.332293,0.000000,0.000000,0.000000,0.317422,0.000000,0.000000,0.000000,0.000000,0.000000,0.000000,0.000000,0.343624,0.000000,0.000000,0.000000,0.000000,0.000000,0.301552,0.000000,0.000000,0.000000,0.000000,0.000000,0.000000,0.000000,0.000000,0.000000,0.000000,0.000000,0.000000,0.000000,0.000000,0.000000,0.000000,0.000000,0.000000,0.000000,0.000000,0.000000,0.000000,0.000000,0.000000,0.000000,0.000000,0.000000,0.000000,0.000000,0.000000,0.000000,0.000000,0.000000,0.000000,0.000000,0.000000,0.000000,0.000000,0.000000,0.000000,0.000000,0.000000,0.000000,0.298474,0.000000,0.000000,0.000000,0.000000,0.000000,0.000000,0.000000,0.000000,0.000000,0.000000,0.000000,0.000000,0.000000,0.000000,0.000000,0.000000
0.000000,0.000000,0.000000,0.000000,0.398148,0.000000,0.000000,0.000000,0.312114,0.000000,0.279421,0.000000,0.308807,0.000000,0.000000,0.000000,0.000000,0.000000,0.000000,0.000000,0.351685,0.000000,0.000000,0.000000,0.394080,0.000000,0.388256,0.000000,0.301868,0.000000,0.370294,0.000000,0.000000,0.000000,0.000000,0.000000,0.000000,0.000000,0.000000,0.000000,0.000000,0.000000,0.000000,0.000000,0.000000,0.000000,0.000000,0.000000,0.000000,0.000000,0.000000,0.000000,0.000000,0.000000,0.000000,0.000000,0.000000,0.000000,0.000000,0.000000,0.000000,0.000000,0.000000,0.000000,0.000000,0.000000,0.000000,0.000000,0.000000,0.000000,0.294781,0.000000,0.325747,0.000000,0.000000,0.000000,0.000000,0.000000,0.000000,0.000000,0.000000,0.000000,0.243507,0.000000,0.000000,0.000000,0.000000,0.000000,0.000000,0.000000
0.000000,0.000000,0.000000,0.000000,0.000000,0.385454,0.000000,0.247921,0.000000,0.330841,0.000000,0.279315,0.000000,0.317422,0.000000,0.000000,0.000000,0.000000,0.000000,0.000000,0.000000,0.301000,0.000000,0.000000,0.000000,0.349828,0.000000,0.350170,0.000000,0.313987,0.000000,0.000000,0.000000,0.000000,0.000000,0.000000,0.000000,0.432943,0.000000,0.329720,0.000000,0.000000,0.000000,0.463278,0.000000,0.000000,0.000000,0.456747,0.000000,0.431595,0.000000,0.000000,0.000000,0.000000,0.000000,0.454494,0.000000,0.000000,0.000000,0.000000,0.000000,0.000000,0.000000,0.000000,0.000000,0.000000,0.000000,0.404047,0.000000,0.000000,0.000000,0.370620,0.000000,0.282726,0.000000,0.000000,0.000000,0.000000,0.000000,0.000000,0.000000,0.000000,0.000000,0.252856,0.000000,0.000000,0.000000,0.000000,0.000000,0.000000
0.383747,0.000000,0.000000,0.000000,0.000000,0.000000,0.000000,0.000000,0.000000,0.000000,0.353725,0.000000,0.000000,0.000000,0.000000,0.000000,0.000000,0.000000,0.000000,0.000000,0.000000,0.000000,0.000000,0.000000,0.000000,0.000000,0.000000,0.000000,0.331063,0.000000,0.000000,0.000000,0.000000,0.000000,0.000000,0.000000,0.000000,0.000000,0.000000,0.000000,0.000000,0.000000,0.000000,0.000000,0.000000,0.000000,0.000000,0.000000,0.000000,0.000000,0.000000,0.000000,0.000000,0.000000,0.000000,0.000000,0.390284,0.000000,0.000000,0.000000,0.000000,0.000000,0.366109,0.000000,0.000000,0.000000,0.000000,0.000000,0.000000,0.000000,0.000000,0.000000,0.000000,0.000000,0.000000,0.000000,0.000000,0.000000,0.313929,0.000000,0.422582,0.000000,0.000000,0.000000,0.408603,0.000000,0.000000,0.000000,0.000000,0.000000
0.000000,0.314518,0.000000,0.400113,0.000000,0.000000,0.000000,0.000000,0.000000,0.000000,0.000000,0.292672,0.000000,0.000000,0.000000,0.000000,0.000000,0.000000,0.000000,0.419861,0.000000,0.000000,0.000000,0.000000,0.000000,0.000000,0.000000,0.000000,0.000000,0.357455,0.000000,0.000000,0.000000,0.000000,0.000000,0.000000,0.000000,0.000000,0.000000,0.000000,0.000000,0.000000,0.000000,0.000000,0.000000,0.000000,0.000000,0.000000,0.000000,0.000000,0.000000,0.000000,0.000000,0.000000,0.000000,0.000000,0.000000,0.307388,0.000000,0.000000,0.000000,0.372759,0.000000,0.350040,0.000000,0.000000,0.000000,0.000000,0.000000,0.000000,0.000000,0.000000,0.000000,0.390048,0.000000,0.000000,0.000000,0.000000,0.000000,0.332280,0.000000,0.319740,0.000000,0.376848,0.000000,0.000000,0.000000,0.000000,0.000000,0.000000
0.369056,0.000000,0.339901,0.000000,0.000000,0.000000,0.000000,0.000000,0.000000,0.000000,0.000000,0.000000,0.000000,0.000000,0.000000,0.000000,0.000000,0.000000,0.000000,0.498630,0.000000,0.000000,0.307877,0.000000,0.000000,0.000000,0.000000,0.000000,0.000000,0.000000,0.000000,0.000000,0.324265,0.000000,0.000000,0.000000,0.000000,0.000000,0.000000,0.000000,0.000000,0.000000,0.000000,0.000000,0.000000,0.000000,0.000000,0.000000,0.000000,0.000000,0.000000,0.000000,0.000000,0.000000,0.000000,0.000000,0.000000,0.000000,0.000000,0.000000,0.000000,0.000000,0.000000,0.000000,0.000000,0.000000,0.000000,0.000000,0.362257,0.471357,0.000000,0.000000,0.380011,0.000000,0.365079,0.000000,0.401761,0.448864,0.000000,0.000000,0.000000,0.000000,0.000000,0.000000,0.000000,0.000000,0.000000,0.000000,0.000000,0.000000
0.000000,0.426556,0.000000,0.308301,0.000000,0.000000,0.000000,0.000000,0.000000,0.000000,0.000000,0.421417,0.000000,0.000000,0.000000,0.000000,0.000000,0.419861,0.498630,0.000000,0.000000,0.000000,0.420903,0.292579,0.000000,0.000000,0.000000,0.000000,0.000000,0.000000,0.000000,0.366242,0.484614,0.334909,0.000000,0.000000,0.000000,0.000000,0.000000,0.000000,0.000000,0.000000,0.000000,0.000000,0.000000,0.000000,0.000000,0.000000,0.000000,0.000000,0.000000,0.000000,0.000000,0.000000,0.000000,0.000000,0.000000,0.365589,0.000000,0.000000,0.000000,0.000000,0.000000,0.000000,0.000000,0.000000,0.000000,0.411464,0.497598,0.355436,0.000000,0.399823,0.000000,0.383687,0.000000,0.408197,0.473064,0.403261,0.000000,0.000000,0.000000,0.000000,0.000000,0.000000,0.000000,0.000000,0.000000,0.000000,0.000000,0.000000
0.000000,0.000000,0.000000,0.000000,0.366540,0.000000,0.000000,0.000000,0.000000,0.000000,0.000000,0.000000,0.000000,0.000000,0.351685,0.000000,0.000000,0.000000,0.000000,0.000000,0.000000,0.359001,0.000000,0.000000,0.271902,0.000000,0.304161,0.364166,0.365169,0.000000,0.349396,0.361871,0.000000,0.000000,0.000000,0.000000,0.000000,0.000000,0.418582,0.000000,0.368578,0.000000,0.000000,0.000000,0.000000,0.000000,0.000000,0.000000,0.000000,0.000000,0.000000,0.000000,0.000000,0.000000,0.000000,0.000000,0.000000,0.000000,0.000000,0.000000,0.000000,0.000000,0.000000,0.000000,0.000000,0.000000,0.000000,0.000000,0.000000,0.000000,0.259967,0.000000,0.253365,0.000000,0.000000,0.000000,0.000000,0.000000,0.000000,0.000000,0.000000,0.000000,0.415894,0.000000,0.000000,0.000000,0.455934,0.000000,0.000000,0.000000
0.000000,0.000000,0.000000,0.000000,0.000000,0.336677,0.000000,0.000000,0.000000,0.000000,0.000000,0.000000,0.000000,0.000000,0.000000,0.301000,0.000000,0.000000,0.000000,0.000000,0.359001,0.000000,0.000000,0.000000,0.372030,0.322444,0.000000,0.320836,0.395571,0.322556,0.269910,0.336049,0.000000,0.000000,0.000000,0.000000,0.000000,0.000000,0.000000,0.280687,0.364712,0.000000,0.000000,0.000000,0.000000,0.000000,0.000000,0.000000,0.000000,0.000000,0.000000,0.000000,0.000000,0.000000,0.000000,0.000000,0.000000,0.000000,0.000000,0.000000,0.000000,0.000000,0.000000,0.000000,0.000000,0.000000,0.000000,0.000000,0.000000,0.000000,0.000000,0.266254,0.000000,0.304378,0.000000,0.000000,0.000000,0.000000,0.000000,0.000000,0.000000,0.000000,0.389494,0.331506,0.000000,0.000000,0.000000,0.000000,0.000000,0.000000
0.000000,0.000000,0.330731,0.427746,0.000000,0.000000,0.000000,0.000000,0.000000,0.000000,0.000000,0.000000,0.000000,0.000000,0.000000,0.000000,0.000000,0.000000,0.307877,0.420903,0.000000,0.000000,0.000000,0.457598,0.456553,0.460464,0.000000,0.000000,0.000000,0.000000,0.304920,0.437053,0.334009,0.412417,0.000000,0.000000,0.000000,0.000000,0.000000,0.000000,0.000000,0.000000,0.000000,0.000000,0.000000,0.000000,0.000000,0.000000,0.402040,0.000000,0.000000,0.000000,0.000000,0.000000,0.000000,0.000000,0.000000,0.000000,0.000000,0.000000,0.000000,0.000000,0.000000,0.000000,0.000000,0.000000,0.470074,0.447663,0.000000,0.000000,0.000000,0.471369,0.312058,0.000000,0.000000,0.000000,0.000000,0.447211,0.000000,0.000000,0.000000,0.000000,0.000000,0.000000,0.000000,0.000000,0.000000,0.000000,0.000000,0.000000
0.000000,0.000000,0.000000,0.352603,0.509232,0.321732,0.000000,0.374791,0.000000,0.000000,0.000000,0.000000,0.000000,0.343624,0.000000,0.000000,0.000000,0.000000,0.000000,0.292579,0.000000,0.000000,0.457598,0.000000,0.461707,0.292963,0.425092,0.000000,0.000000,0.000000,0.465374,0.323696,0.000000,0.376251,0.000000,0.000000,0.000000,0.000000,0.000000,0.000000,0.000000,0.000000,0.000000,0.000000,0.000000,0.465021,0.000000,0.000000,0.000000,0.000000,0.000000,0.000000,0.000000,0.000000,0.000000,0.000000,0.000000,0.000000,0.000000,0.000000,0.000000,0.000000,0.000000,0.000000,0.000000,0.000000,0.000000,0.425112,0.000000,0.000000,0.000000,0.000000,0.000000,0.328383,0.000000,0.355651,0.000000,0.000000,0.000000,0.000000,0.000000,0.000000,0.000000,0.000000,0.000000,0.000000,0.000000,0.000000,0.000000,0.000000
0.000000,0.000000,0.000000,0.509050,0.329129,0.486207,0.000000,0.000000,0.000000,0.000000,0.000000,0.000000,0.000000,0.000000,0.394080,0.000000,0.000000,0.000000,0.000000,0.000000,0.271902,0.372030,0.456553,0.461707,0.000000,0.486385,0.335449,0.445663,0.415722,0.000000,0.326580,0.438843,0.476536,0.000000,0.000000,0.000000,0.000000,0.000000,0.000000,0.000000,0.000000,0.000000,0.000000,0.000000,0.000000,0.000000,0.000000,0.000000,0.000000,0.000000,0.000000,0.000000,0.000000,0.000000,0.000000,0.000000,0.000000,0.000000,0.000000,0.000000,0.000000,0.000000,0.000000,0.000000,0.000000,0.000000,0.485661,0.000000,0.000000,0.000000,0.337963,0.469279,0.327492,0.000000,0.000000,0.000000,0.413157,0.000000,0.000000,0.000000,0.000000,0.000000,0.000000,0.000000,0.000000,0.000000,0.000000,0.000000,0.000000,0.000000
0.000000,0.000000,0.436819,0.323550,0.489651,0.300769,0.000000,0.000000,0.000000,0.000000,0.000000,0.000000,0.000000,0.000000,0.000000,0.349828,0.000000,0.000000,0.000000,0.000000,0.000000,0.322444,0.460464,0.292963,0.486385,0.000000,0.450559,0.336247,0.000000,0.000000,0.000000,0.353557,0.000000,0.389726,0.000000,0.000000,0.000000,0.000000,0.000000,0.000000,0.000000,0.000000,0.000000,0.000000,0.000000,0.000000,0.000000,0.000000,0.000000,0.000000,0.000000,0.000000,0.000000,0.000000,0.000000,0.000000,0.000000,0.000000,0.000000,0.000000,0.000000,0.000000,0.000000,0.000000,0.000000,0.000000,0.000000,0.449758,0.000000,0.000000,0.000000,0.357020,0.000000,0.385243,0.000000,0.366078,0.000000,0.000000,0.000000,0.000000,0.000000,0.000000,0.000000,0.000000,0.000000,0.000000,0.000000,0.000000,0.000000,0.000000
0.000000,0.000000,0.462269,0.000000,0.348831,0.454307,0.000000,0.000000,0.000000,0.000000,0.000000,0.000000,0.000000,0.000000,0.388256,0.000000,0.000000,0.000000,0.000000,0.000000,0.304161,0.000000,0.000000,0.425092,0.335449,0.450559,0.000000,0.433564,0.436726,0.000000,0.381993,0.446212,0.000000,0.000000,0.000000,0.000000,0.000000,0.000000,0.000000,0.000000,0.377079,0.000000,0.000000,0.000000,0.000000,0.000000,0.000000,0.000000,0.000000,0.000000,0.000000,0.000000,0.000000,0.000000,0.000000,0.000000,0.000000,0.000000,0.000000,0.000000,0.000000,0.000000,0.000000,0.000000,0.000000,0.000000,0.000000,0.000000,0.000000,0.000000,0.362342,0.000000,0.356435,0.000000,0.000000,0.000000,0.000000,0.000000,0.000000,0.000000,0.000000,0.000000,0.433616,0.000000,0.000000,0.000000,0.453801,0.000000,0.000000,0.000000
0.000000,0.000000,0.000000,0.000000,0.000000,0.351812,0.000000,0.000000,0.000000,0.000000,0.000000,0.000000,0.000000,0.000000,0.000000,0.350170,0.000000,0.000000,0.000000,0.000000,0.364166,0.320836,0.000000,0.000000,0.445663,0.336247,0.433564,0.000000,0.000000,0.347660,0.000000,0.000000,0.000000,0.000000,0.000000,0.000000,0.000000,0.000000,0.000000,0.000000,0.000000,0.000000,0.000000,0.000000,0.000000,0.000000,0.000000,0.000000,0.000000,0.000000,0.000000,0.000000,0.000000,0.000000,0.000000,0.000000,0.000000,0.000000,0.000000,0.000000,0.000000,0.000000,0.000000,0.000000,0.000000,0.000000,0.000000,0.000000,0.000000,0.000000,0.000000,0.301040,0.000000,0.000000,0.000000,0.000000,0.000000,0.000000,0.000000,0.000000,0.000000,0.000000,0.000000,0.343388,0.000000,0.000000,0.000000,0.000000,0.000000,0.000000
0.374829,0.000000,0.000000,0.000000,0.426795,0.000000,0.000000,0.000000,0.000000,0.000000,0.345321,0.000000,0.328334,0.000000,0.301868,0.000000,0.331063,0.000000,0.000000,0.000000,0.365169,0.395571,0.000000,0.000000,0.415722,0.000000,0.436726,0.000000,0.000000,0.000000,0.000000,0.000000,0.000000,0.000000,0.000000,0.000000,0.000000,0.000000,0.000000,0.000000,0.373346,0.000000,0.444112,0.000000,0.000000,0.000000,0.000000,0.000000,0.388562,0.000000,0.442735,0.000000,0.434446,0.000000,0.000000,0.000000,0.383814,0.000000,0.394074,0.000000,0.000000,0.000000,0.374218,0.000000,0.000000,0.000000,0.416990,0.000000,0.000000,0.000000,0.399162,0.000000,0.300851,0.000000,0.000000,0.000000,0.000000,0.000000,0.341681,0.000000,0.359179,0.000000,0.400042,0.000000,0.404224,0.000000,0.000000,0.000000,0.000000,0.000000
0.000000,0.000000,0.000000,0.000000,0.000000,0.395292,0.000000,0.000000,0.000000,0.000000,0.000000,0.332846,0.000000,0.301552,0.000000,0.313987,0.000000,0.357455,0.000000,0.000000,0.000000,0.322556,0.000000,0.000000,0.000000,0.000000,0.000000,0.347660,0.000000,0.000000,0.000000,0.000000,0.000000,0.000000,0.000000,0.000000,0.000000,0.467005,0.000000,0.473446,0.000000,0.000000,0.000000,0.476767,0.000000,0.448041,0.000000,0.493978,0.000000,0.457162,0.000000,0.000000,0.000000,0.000000,0.000000,0.489876,0.000000,0.000000,0.000000,0.393514,0.000000,0.000000,0.000000,0.374077,0.000000,0.000000,0.000000,0.403418,0.000000,0.000000,0.000000,0.411340,0.000000,0.359347,0.000000,0.000000,0.000000,0.000000,0.000000,0.370864,0.000000,0.398070,0.000000,0.363831,0.000000,0.408092,0.000000,0.000000,0.000000,0.418682
0.000000,0.000000,0.000000,0.000000,0.375120,0.000000,0.000000,0.000000,0.000000,0.000000,0.000000,0.000000,0.000000,0.000000,0.370294,0.000000,0.000000,0.000000,0.000000,0.000000,0.349396,0.269910,0.304920,0.465374,0.326580,0.000000,0.381993,0.000000,0.000000,0.000000,0.000000,0.351500,0.415692,0.000000,0.000000,0.000000,0.000000,0.000000,0.000000,0.000000,0.000000,0.000000,0.000000,0.000000,0.000000,0.000000,0.000000,0.000000,0.000000,0.000000,0.000000,0.000000,0.000000,0.000000,0.000000,0.000000,0.000000,0.000000,0.000000,0.000000,0.000000,0.000000,0.000000,0.000000,0.000000,0.000000,0.451575,0.000000,0.000000,0.000000,0.335143,0.000000,0.000000,0.000000,0.000000,0.000000,0.000000,0.000000,0.000000,0.000000,0.000000,0.000000,0.000000,0.000000,0.000000,0.000000,0.000000,0.000000,0.000000,0.000000
0.000000,0.000000,0.000000,0.328477,0.000000,0.000000,0.000000,0.000000,0.000000,0.000000,0.000000,0.000000,0.000000,0.000000,0.000000,0.000000,0.000000,0.000000,0.000000,0.366242,0.361871,0.336049,0.437053,0.323696,0.438843,0.353557,0.446212,0.000000,0.000000,0.000000,0.351500,0.000000,0.000000,0.355670,0.000000,0.512967,0.000000,0.000000,0.000000,0.000000,0.000000,0.000000,0.000000,0.000000,0.000000,0.435697,0.000000,0.000000,0.000000,0.000000,0.000000,0.000000,0.000000,0.000000,0.000000,0.000000,0.000000,0.000000,0.000000,0.000000,0.000000,0.000000,0.000000,0.000000,0.000000,0.000000,0.000000,0.455605,0.000000,0.000000,0.000000,0.290573,0.000000,0.000000,0.000000,0.000000,0.000000,0.000000,0.000000,0.000000,0.000000,0.000000,0.000000,0.000000,0.000000,0.000000,0.000000,0.000000,0.000000,0.000000
0.000000,0.000000,0.000000,0.000000,0.000000,0.000000,0.000000,0.000000,0.000000,0.000000,0.000000,0.000000,0.000000,0.000000,0.000000,0.000000,0.000000,0.000000,0.324265,0.484614,0.000000,0.000000,0.334009,0.000000,0.476536,0.000000,0.000000,0.000000,0.000000,0.000000,0.415692,0.000000,0.000000,0.461395,0.428132,0.000000,0.429124,0.000000,0.000000,0.000000,0.000000,0.000000,0.000000,0.000000,0.000000,0.000000,0.000000,0.000000,0.000000,0.000000,0.000000,0.000000,0.000000,0.000000,0.000000,0.000000,0.000000,0.000000,0.000000,0.000000,0.000000,0.000000,0.000000,0.000000,0.000000,0.000000,0.415166,0.474295,0.332427,0.000000,0.000000,0.000000,0.000000,0.000000,0.000000,0.000000,0.000000,0.000000,0.000000,0.000000,0.000000,0.000000,0.000000,0.000000,0.000000,0.000000,0.000000,0.000000,0.000000,0.000000
0.000000,0.000000,0.000000,0.437667,0.000000,0.000000,0.000000,0.000000,0.000000,0.000000,0.000000,0.000000,0.000000,0.000000,0.000000,0.000000,0.000000,0.000000,0.000000,0.334909,0.000000,0.000000,0.412417,0.376251,0.000000,0.389726,0.000000,0.000000,0.000000,0.000000,0.000000,0.355670,0.461395,0.000000,0.275297,0.436547,0.000000,0.486684,0.000000,0.000000,0.000000,0.000000,0.000000,0.000000,0.000000,0.458266,0.000000,0.000000,0.000000,0.000000,0.000000,0.000000,0.000000,0.000000,0.000000,0.000000,0.000000,0.000000,0.000000,0.000000,0.000000,0.000000,0.000000,0.000000,0.000000,0.000000,0.517798,0.427719,0.000000,0.346864,0.541756,0.000000,0.000000,0.000000,0.000000,0.367596,0.000000,0.000000,0.000000,0.000000,0.000000,0.000000,0.000000,0.000000,0.000000,0.000000,0.000000,0.000000,0.000000,0.000000
0.000000,0.000000,0.000000,0.000000,0.000000,0.000000,0.000000,0.000000,0.000000,0.000000,0.000000,0.000000,0.000000,0.000000,0.000000,0.000000,0.000000,0.000000,0.000000,0.000000,0.000000,0.000000,0.000000,0.000000,0.000000,0.000000,0.000000,0.000000,0.000000,0.000000,0.000000,0.000000,0.428132,0.275297,0.000000,0.493461,0.439723,0.514020,0.000000,0.000000,0.000000,0.000000,0.000000,0.584230,0.000000,0.563894,0.000000,0.000000,0.000000,0.598190,0.000000,0.000000,0.000000,0.000000,0.000000,0.000000,0.000000,0.000000,0.000000,0.000000,0.000000,0.000000,0.000000,0.000000,0.000000,0.000000,0.349068,0.000000,0.000000,0.000000,0.000000,0.000000,0.000000,0.000000,0.000000,0.000000,0.000000,0.000000,0.000000,0.000000,0.000000,0.000000,0.000000,0.000000,0.000000,0.000000,0.000000,0.000000,0.000000,0.000000
0.000000,0.000000,0.000000,0.000000,0.000000,0.000000,0.000000,0.000000,0.000000,0.000000,0.000000,0.000000,0.000000,0.000000,0.000000,0.000000,0.000000,0.000000,0.000000,0.000000,0.000000,0.000000,0.000000,0.000000,0.000000,0.000000,0.000000,0.000000,0.000000,0.000000,0.000000,0.512967,0.000000,0.436547,0.493461,0.000000,0.000000,0.460826,0.000000,0.478787,0.000000,0.000000,0.000000,0.287644,0.000000,0.525715,0.000000,0.000000,0.525890,0.000000,0.000000,0.000000,0.000000,0.000000,0.000000,0.000000,0.000000,0.000000,0.530283,0.000000,0.000000,0.000000,0.000000,0.000000,0.000000,0.000000,0.473639,0.411387,0.000000,0.000000,0.000000,0.000000,0.000000,0.420114,0.000000,0.422232,0.000000,0.000000,0.000000,0.000000,0.000000,0.000000,0.000000,0.000000,0.000000,0.000000,0.000000,0.000000,0.000000,0.000000
0.429046,0.000000,0.000000,0.000000,0.000000,0.000000,0.000000,0.000000,0.000000,0.000000,0.000000,0.000000,0.000000,0.000000,0.000000,0.000000,0.000000,0.000000,0.000000,0.000000,0.000000,0.000000,0.000000,0.000000,0.000000,0.000000,0.000000,0.000000,0.000000,0.000000,0.000000,0.000000,0.429124,0.000000,0.439723,0.000000,0.000000,0.550849,0.336140,0.603781,0.389251,0.000000,0.457716,0.597417,0.000000,0.000000,0.374106,0.536695,0.429426,0.000000,0.384037,0.000000,0.366346,0.000000,0.385219,0.000000,0.000000,0.000000,0.000000,0.000000,0.000000,0.000000,0.000000,0.000000,0.000000,0.000000,0.444395,0.520123,0.000000,0.000000,0.418292,0.000000,0.000000,0.568028,0.000000,0.000000,0.425184,0.523286,0.000000,0.000000,0.000000,0.000000,0.404805,0.000000,0.000000,0.000000,0.404396,0.000000,0.000000,0.000000
0.000000,0.000000,0.000000,0.000000,0.000000,0.000000,0.549305,0.000000,0.000000,0.000000,0.000000,0.000000,0.000000,0.000000,0.000000,0.432943,0.000000,0.000000,0.000000,0.000000,0.000000,0.000000,0.000000,0.000000,0.000000,0.000000,0.000000,0.000000,0.000000,0.467005,0.000000,0.000000,0.000000,0.486684,0.514020,0.460826,0.550849,0.000000,0.000000,0.334439,0.560183,0.411935,0.000000,0.449143,0.000000,0.000000,0.000000,0.359801,0.491737,0.000000,0.000000,0.000000,0.000000,0.416606,0.000000,0.345230,0.000000,0.000000,0.000000,0.000000,0.000000,0.000000,0.000000,0.000000,0.000000,0.000000,0.490466,0.409081,0.000000,0.000000,0.000000,0.394933,0.000000,0.411269,0.000000,0.000000,0.000000,0.456134,0.000000,0.000000,0.000000,0.000000,0.000000,0.424369,0.000000,0.000000,0.000000,0.412201,0.000000,0.000000
0.000000,0.000000,0.000000,0.000000,0.000000,0.000000,0.000000,0.000000,0.000000,0.000000,0.000000,0.000000,0.000000,0.000000,0.000000,0.000000,0.000000,0.000000,0.000000,0.000000,0.418582,0.000000,0.000000,0.000000,0.000000,0.000000,0.000000,0.000000,0.000000,0.000000,0.000000,0.000000,0.000000,0.000000,0.000000,0.000000,0.336140,0.000000,0.000000,0.000000,0.294667,0.430901,0.473268,0.000000,0.497051,0.000000,0.349997,0.530800,0.421741,0.000000,0.411370,0.000000,0.406614,0.000000,0.356310,0.000000,0.000000,0.000000,0.000000,0.000000,0.000000,0.000000,0.000000,0.000000,0.000000,0.000000,0.488373,0.000000,0.000000,0.000000,0.407257,0.000000,0.000000,0.000000,0.000000,0.000000,0.415917,0.000000,0.000000,0.000000,0.000000,0.000000,0.324024,0.407397,0.000000,0.000000,0.318045,0.000000,0.386565,0.000000
0.000000,0.000000,0.000000,0.405432,0.000000,0.000000,0.000000,0.000000,0.000000,0.000000,0.000000,0.000000,0.000000,0.000000,0.000000,0.329720,0.000000,0.000000,0.000000,0.000000,0.000000,0.280687,0.000000,0.000000,0.000000,0.000000,0.000000,0.000000,0.000000,0.473446,0.000000,0.000000,0.000000,0.000000,0.000000,0.478787,0.603781,0.334439,0.000000,0.000000,0.000000,0.330921,0.000000,0.466375,0.000000,0.000000,0.000000,0.376571,0.000000,0.000000,0.000000,0.000000,0.000000,0.000000,0.000000,0.360600,0.000000,0.000000,0.000000,0.000000,0.000000,0.000000,0.000000,0.000000,0.000000,0.000000,0.000000,0.484337,0.000000,0.000000,0.000000,0.358472,0.000000,0.375572,0.000000,0.000000,0.000000,0.000000,0.000000,0.000000,0.000000,0.000000,0.000000,0.335933,0.000000,0.000000,0.000000,0.378958,0.000000,0.364102
0.000000,0.000000,0.000000,0.000000,0.333959,0.000000,0.000000,0.000000,0.000000,0.000000,0.000000,0.000000,0.000000,0.000000,0.000000,0.000000,0.000000,0.000000,0.000000,0.000000,0.368578,0.364712,0.000000,0.000000,0.000000,0.000000,0.377079,0.000000,0.373346,0.000000,0.000000,0.000000,0.000000,0.000000,0.000000,0.000000,0.389251,0.560183,0.294667,0.000000,0.000000,0.000000,0.462145,0.000000,0.000000,0.000000,0.454841,0.000000,0.000000,0.000000,0.000000,0.000000,0.000000,0.000000,0.000000,0.000000,0.000000,0.000000,0.000000,0.000000,0.000000,0.000000,0.000000,0.000000,0.000000,0.000000,0.000000,0.000000,0.000000,0.000000,0.383529,0.000000,0.350072,0.465292,0.490517,0.440857,0.437653,0.000000,0.000000,0.000000,0.000000,0.000000,0.380802,0.422283,0.000000,0.000000,0.368959,0.000000,0.000000,0.000000
0.000000,0.000000,0.000000,0.000000,0.000000,0.000000,0.545902,0.000000,0.000000,0.000000,0.000000,0.000000,0.000000,0.000000,0.000000,0.000000,0.000000,0.000000,0.000000,0.000000,0.000000,0.000000,0.000000,0.000000,0.000000,0.000000,0.000000,0.000000,0.000000,0.000000,0.000000,0.000000,0.000000,0.000000,0.000000,0.000000,0.000000,0.411935,0.430901,0.330921,0.000000,0.000000,0.000000,0.450688,0.000000,0.000000,0.000000,0.407550,0.000000,0.415810,0.000000,0.000000,0.000000,0.000000,0.000000,0.000000,0.000000,0.000000,0.000000,0.000000,0.000000,0.000000,0.000000,0.000000,0.000000,0.000000,0.000000,0.000000,0.000000,0.000000,0.000000,0.000000,0.000000,0.268836,0.000000,0.486580,0.000000,0.456602,0.000000,0.000000,0.000000,0.000000,0.000000,0.339831,0.000000,0.000000,0.000000,0.361266,0.000000,0.000000
0.000000,0.000000,0.000000,0.000000,0.427266,0.000000,0.000000,0.000000,0.000000,0.000000,0.000000,0.000000,0.000000,0.000000,0.000000,0.000000,0.000000,0.000000,0.000000,0.000000,0.000000,0.000000,0.000000,0.000000,0.000000,0.000000,0.000000,0.000000,0.444112,0.000000,0.000000,0.000000,0.000000,0.000000,0.000000,0.000000,0.457716,0.000000,0.473268,0.000000,0.462145,0.000000,0.000000,0.682720,0.388427,0.606046,0.468452,0.625761,0.351287,0.000000,0.318105,0.000000,0.294309,0.000000,0.000000,0.000000,0.000000,0.000000,0.379263,0.000000,0.000000,0.000000,0.000000,0.000000,0.000000,0.000000,0.413269,0.540696,0.000000,0.000000,0.388426,0.000000,0.477189,0.000000,0.000000,0.000000,0.401044,0.000000,0.000000,0.000000,0.000000,0.000000,0.475747,0.000000,0.484996,0.000000,0.469723,0.000000,0.450462,0.000000
0.000000,0.000000,0.000000,0.000000,0.000000,0.000000,0.000000,0.000000,0.000000,0.000000,0.000000,0.000000,0.000000,0.000000,0.000000,0.463278,0.000000,0.000000,0.000000,0.000000,0.000000,0.000000,0.000000,0.000000,0.000000,0.000000,0.000000,0.000000,0.000000,0.476767,0.000000,0.000000,0.000000,0.000000,0.584230,0.287644,0.597417,0.449143,0.000000,0.466375,0.000000,0.450688,0.682720,0.000000,0.642580,0.388529,0.644527,0.386920,0.590760,0.331027,0.000000,0.353128,0.000000,0.378040,0.000000,0.435551,0.000000,0.000000,0.546801,0.000000,0.000000,0.000000,0.000000,0.000000,0.000000,0.000000,0.589376,0.348172,0.000000,0.000000,0.000000,0.000000,0.000000,0.420258,0.000000,0.466253,0.000000,0.000000,0.000000,0.000000,0.000000,0.457012,0.000000,0.448667,0.000000,0.454657,0.000000,0.442060,0.000000,0.491435
0.000000,0.000000,0.000000,0.000000,0.000000,0.000000,0.000000,0.000000,0.000000,0.000000,0.000000,0.000000,0.000000,0.000000,0.000000,0.000000,0.000000,0.000000,0.000000,0.000000,0.000000,0.000000,0.000000,0.000000,0.000000,0.000000,0.000000,0.000000,0.000000,0.000000,0.000000,0.000000,0.000000,0.000000,0.000000,0.000000,0.000000,0.000000,0.497051,0.000000,0.000000,0.000000,0.388427,0.642580,0.000000,0.617846,0.489170,0.614973,0.375944,0.694973,0.000000,0.000000,0.000000,0.624707,0.000000,0.000000,0.000000,0.000000,0.429475,0.000000,0.000000,0.000000,0.000000,0.000000,0.000000,0.000000,0.340237,0.430983,0.000000,0.000000,0.410423,0.000000,0.465856,0.000000,0.000000,0.000000,0.444071,0.000000,0.000000,0.000000,0.451581,0.000000,0.000000,0.000000,0.429119,0.000000,0.495901,0.000000,0.000000,0.000000
0.000000,0.000000,0.000000,0.000000,0.000000,0.000000,0.000000,0.000000,0.000000,0.000000,0.000000,0.000000,0.000000,0.000000,0.000000,0.000000,0.000000,0.000000,0.000000,0.000000,0.000000,0.000000,0.000000,0.465021,0.000000,0.000000,0.000000,0.000000,0.000000,0.448041,0.000000,0.435697,0.000000,0.458266,0.563894,0.525715,0.000000,0.000000,0.000000,0.000000,0.000000,0.000000,0.606046,0.388529,0.617846,0.000000,0.630184,0.504682,0.591042,0.361763,0.000000,0.451238,0.000000,0.000000,0.000000,0.000000,0.000000,0.000000,0.544325,0.000000,0.000000,0.000000,0.000000,0.000000,0.000000,0.000000,0.529287,0.397886,0.000000,0.000000,0.449935,0.000000,0.000000,0.448564,0.000000,0.435101,0.477388,0.000000,0.000000,0.000000,0.000000,0.453026,0.000000,0.445226,0.000000,0.454356,0.000000,0.000000,0.000000,0.000000
0.000000,0.000000,0.000000,0.000000,0.442873,0.000000,0.486544,0.000000,0.000000,0.000000,0.000000,0.000000,0.000000,0.000000,0.000000,0.000000,0.000000,0.000000,0.000000,0.000000,0.000000,0.000000,0.000000,0.000000,0.000000,0.000000,0.000000,0.000000,0.000000,0.000000,0.000000,0.000000,0.000000,0.000000,0.000000,0.000000,0.374106,0.000000,0.349997,0.000000,0.454841,0.000000,0.468452,0.644527,0.489170,0.630184,0.000000,0.613019,0.000000,0.635982,0.423371,0.000000,0.353669,0.595914,0.339516,0.000000,0.000000,0.000000,0.000000,0.000000,0.000000,0.000000,0.000000,0.000000,0.000000,0.000000,0.458772,0.583813,0.000000,0.000000,0.413379,0.000000,0.481809,0.000000,0.000000,0.000000,0.000000,0.000000,0.000000,0.000000,0.000000,0.000000,0.445658,0.000000,0.458668,0.000000,0.000000,0.000000,0.447747,0.000000
0.000000,0.000000,0.000000,0.395594,0.000000,0.000000,0.000000,0.000000,0.000000,0.000000,0.000000,0.000000,0.000000,0.000000,0.000000,0.456747,0.000000,0.000000,0.000000,0.000000,0.000000,0.000000,0.000000,0.000000,0.000000,0.000000,0.000000,0.000000,0.000000,0.493978,0.000000,0.000000,0.000000,0.000000,0.000000,0.000000,0.536695,0.359801,0.530800,0.376571,0.000000,0.407550,0.625761,0.386920,0.614973,0.504682,0.613019,0.000000,0.594185,0.388991,0.000000,0.000000,0.000000,0.323488,0.000000,0.358305,0.000000,0.000000,0.000000,0.000000,0.000000,0.000000,0.000000,0.000000,0.000000,0.000000,0.000000,0.297237,0.000000,0.000000,0.000000,0.000000,0.000000,0.427648,0.000000,0.432253,0.000000,0.000000,0.000000,0.000000,0.000000,0.480434,0.000000,0.462403,0.000000,0.500227,0.000000,0.432010,0.000000,0.499562
0.000000,0.000000,0.000000,0.000000,0.000000,0.000000,0.000000,0.000000,0.000000,0.000000,0.000000,0.000000,0.000000,0.000000,0.000000,0.000000,0.000000,0.000000,0.000000,0.000000,0.000000,0.000000,0.402040,0.000000,0.000000,0.000000,0.000000,0.000000,0.388562,0.000000,0.000000,0.000000,0.000000,0.000000,0.000000,0.525890,0.429426,0.491737,0.421741,0.000000,0.000000,0.000000,0.351287,0.590760,0.375944,0.591042,0.000000,0.594185,0.000000,0.608003,0.406413,0.000000,0.402651,0.610237,0.422411,0.000000,0.000000,0.000000,0.370791,0.000000,0.389429,0.000000,0.000000,0.000000,0.394943,0.000000,0.403450,0.564008,0.000000,0.000000,0.383972,0.430723,0.432966,0.000000,0.000000,0.000000,0.417237,0.000000,0.000000,0.000000,0.409061,0.000000,0.415029,0.000000,0.410730,0.000000,0.441089,0.000000,0.411306,0.000000
