0.000000,0.510338,0.414752,0.000000,0.000000,0.000000,0.415935,0.000000,0.000000,0.000000,0.378090,0.000000,0.384692,0.000000,0.000000,0.000000,0.365836,0.000000,0.380195,0.000000,0.000000,0.000000,0.000000,0.000000,0.000000,0.000000,0.000000,0.000000,0.000000,0.000000,0.000000,0.000000,0.000000,0.000000,0.000000,0.000000,0.000000,0.000000,0.000000,0.000000,0.000000,0.000000,0.000000,0.000000,0.000000,0.000000,0.000000,0.000000,0.000000,0.000000,0.000000,0.000000,0.000000,0.000000,0.000000,0.000000,0.462130,0.000000,0.464071,0.000000,0.507261,0.000000,0.000000,0.000000,0.498249,0.000000,0.000000,0.000000,0.277796,0.000000,0.000000,0.000000,0.440319,0.000000,0.446970,0.000000,0.000000,0.000000,0.000000,0.000000,0.000000,0.000000,0.000000,0.000000,0.512432,0.000000,0.000000,0.000000,0.000000,0.000000
0.510338,0.000000,0.000000,0.388955,0.000000,0.000000,0.000000,0.427747,0.000000,0.000000,0.000000,0.412254,0.000000,0.421377,0.000000,0.000000,0.000000,0.382003,0.563870,0.378472,0.000000,0.000000,0.000000,0.000000,0.000000,0.000000,0.000000,0.000000,0.000000,0.000000,0.000000,0.000000,0.528175,0.000000,0.000000,0.000000,0.000000,0.000000,0.000000,0.000000,0.000000,0.000000,0.000000,0.000000,0.000000,0.000000,0.000000,0.000000,0.000000,0.000000,0.000000,0.000000,0.000000,0.000000,0.000000,0.000000,0.000000,0.434431,0.000000,0.476251,0.000000,0.496028,0.000000,0.497458,0.000000,0.446746,0.000000,0.000000,0.526888,0.306898,0.000000,0.000000,0.000000,0.428307,0.000000,0.418519,0.000000,0.470897,0.000000,0.000000,0.000000,0.000000,0.000000,0.000000,0.000000,0.480912,0.000000,0.000000,0.000000,0.000000
0.414752,0.000000,0.000000,0.504826,0.374515,0.000000,0.382563,0.000000,0.379984,0.000000,0.000000,0.000000,0.417491,0.000000,0.000000,0.000000,0.000000,0.000000,0.350551,0.000000,0.000000,0.000000,0.336744,0.530227,0.000000,0.000000,0.000000,0.000000,0.407373,0.000000,0.000000,0.000000,0.000000,0.000000,0.000000,0.000000,0.000000,0.000000,0.000000,0.000000,0.000000,0.000000,0.000000,0.000000,0.000000,0.000000,0.000000,0.000000,0.000000,0.000000,0.000000,0.000000,0.000000,0.000000,0.000000,0.000000,0.000000,0.000000,0.000000,0.000000,0.000000,0.000000,0.000000,0.000000,0.000000,0.000000,0.000000,0.000000,0.343277,0.000000,0.363198,0.000000,0.439292,0.000000,0.000000,0.000000,0.438090,0.000000,0.000000,0.000000,0.000000,0.000000,0.000000,0.000000,0.000000,0.000000,0.000000,0.000000,0.000000,0.000000
0.000000,0.388955,0.504826,0.000000,0.500837,0.328419,0.000000,0.397806,0.000000,0.388883,0.000000,0.428697,0.000000,0.428127,0.000000,0.000000,0.000000,0.000000,0.542713,0.369753,0.000000,0.000000,0.493815,0.310004,0.508747,0.000000,0.000000,0.000000,0.000000,0.000000,0.000000,0.360300,0.000000,0.000000,0.000000,0.000000,0.000000,0.000000,0.000000,0.000000,0.000000,0.000000,0.000000,0.468092,0.000000,0.000000,0.000000,0.000000,0.000000,0.000000,0.000000,0.000000,0.000000,0.000000,0.000000,0.000000,0.000000,0.000000,0.000000,0.000000,0.000000,0.000000,0.000000,0.000000,0.000000,0.000000,0.000000,0.000000,0.000000,0.000000,0.000000,0.000000,0.000000,0.381016,0.000000,0.384405,0.000000,0.446125,0.000000,0.000000,0.000000,0.000000,0.000000,0.000000,0.000000,0.000000,0.000000,0.000000,0.000000,0.000000
0.000000,0.000000,0.374515,0.500837,0.000000,0.541371,0.271858,0.000000,0.388492,0.000000,0.000000,0.000000,0.000000,0.000000,0.404018,0.000000,0.000000,0.000000,0.000000,0.000000,0.316745,0.000000,0.000000,0.548754,0.353482,0.486631,0.302766,0.424842,0.442654,0.000000,0.000000,0.522077,0.000000,0.000000,0.000000,0.000000,0.000000,0.000000,0.000000,0.000000,0.000000,0.000000,0.540051,0.000000,0.497128,0.000000,0.533661,0.000000,0.498590,0.000000,0.524009,0.000000,0.000000,0.000000,0.000000,0.000000,0.000000,0.000000,0.000000,0.000000,0.000000,0.000000,0.000000,0.000000,0.000000,0.000000,0.000000,0.000000,0.000000,0.000000,0.425785,0.000000,0.419427,0.000000,0.439215,0.000000,0.461191,0.000000,0.000000,0.000000,0.000000,0.000000,0.486912,0.000000,0.000000,0.000000,0.000000,0.000000,0.000000,0.000000
0.000000,0.000000,0.000000,0.328419,0.541371,0.000000,0.000000,0.317868,0.000000,0.357127,0.000000,0.000000,0.000000,0.000000,0.499884,0.376645,0.000000,0.000000,0.519843,0.000000,0.000000,0.418206,0.537399,0.375951,0.526751,0.344997,0.515516,0.337156,0.000000,0.000000,0.000000,0.400827,0.000000,0.000000,0.000000,0.000000,0.000000,0.474191,0.000000,0.000000,0.000000,0.434633,0.000000,0.000000,0.000000,0.000000,0.000000,0.468296,0.000000,0.000000,0.000000,0.000000,0.000000,0.000000,0.000000,0.000000,0.000000,0.000000,0.000000,0.000000,0.000000,0.000000,0.000000,0.000000,0.000000,0.000000,0.000000,0.000000,0.000000,0.000000,0.000000,0.438410,0.000000,0.420960,0.000000,0.415817,0.000000,0.415440,0.000000,0.000000,0.000000,0.000000,0.000000,0.452490,0.000000,0.000000,0.000000,0.421599,0.000000,0.000000
0.415935,0.000000,0.382563,0.000000,0.271858,0.000000,0.000000,0.000000,0.319416,0.000000,0.367093,0.000000,0.392170,0.000000,0.000000,0.000000,0.000000,0.000000,0.425815,0.000000,0.000000,0.000000,0.392397,0.000000,0.000000,0.000000,0.000000,0.000000,0.000000,0.000000,0.000000,0.000000,0.000000,0.000000,0.000000,0.000000,0.000000,0.000000,0.000000,0.000000,0.000000,0.000000,0.000000,0.000000,0.000000,0.000000,0.000000,0.000000,0.000000,0.000000,0.000000,0.000000,0.000000,0.000000,0.000000,0.000000,0.000000,0.000000,0.000000,0.000000,0.000000,0.000000,0.000000,0.000000,0.458953,0.000000,0.000000,0.000000,0.000000,0.000000,0.000000,0.000000,0.000000,0.000000,0.000000,0.000000,0.000000,0.000000,0.000000,0.000000,0.000000,0.000000,0.000000,0.000000,0.000000,0.000000,0.000000,0.000000,0.000000,0.000000
0.000000,0.427747,0.000000,0.397806,0.000000,0.317868,0.000000,0.000000,0.000000,0.362369,0.000000,0.368866,0.000000,0.346925,0.000000,0.000000,0.000000,0.000000,0.000000,0.399380,0.000000,0.000000,0.000000,0.387859,0.000000,0.000000,0.000000,0.000000,0.000000,0.000000,0.000000,0.000000,0.000000,0.000000,0.000000,0.000000,0.000000,0.000000,0.000000,0.000000,0.000000,0.000000,0.000000,0.000000,0.000000,0.000000,0.000000,0.000000,0.000000,0.000000,0.000000,0.000000,0.000000,0.000000,0.000000,0.000000,0.000000,0.000000,0.000000,0.000000,0.000000,0.000000,0.000000,0.000000,0.000000,0.000000,0.000000,0.000000,0.000000,0.000000,0.000000,0.000000,0.000000,0.383552,0.000000,0.000000,0.000000,0.430205,0.000000,0.000000,0.000000,0.000000,0.000000,0.000000,0.000000,0.000000,0.000000,0.000000,0.000000,0.000000
0.000000,0.000000,0.379984,0.000000,0.388492,0.000000,0.319416,0.000000,0.000000,0.000000,0.000000,0.000000,0.320534,0.000000,0.372055,0.000000,0.000000,0.000000,0.000000,0.000000,0.000000,0.000000,0.000000,0.000000,0.000000,0.000000,0.000000,0.000000,0.415767,0.000000,0.000000,0.000000,0.000000,0.000000,0.000000,0.000000,0.000000,0.000000,0.000000,0.000000,0.000000,0.000000,0.000000,0.000000,0.000000,0.000000,0.000000,0.000000,0.000000,0.000000,0.520438,0.000000,0.000000,0.000000,0.000000,0.000000,0.000000,0.000000,0.000000,0.000000,0.000000,0.000000,0.000000,0.000000,0.000000,0.000000,0.000000,0.000000,0.000000,0.000000,0.000000,0.000000,0.377646,0.000000,0.411600,0.000000,0.000000,0.000000,0.000000,0.000000,0.000000,0.000000,0.000000,0.000000,0.000000,0.000000,0.000000,0.000000,0.000000,0.000000
0.000000,0.000000,0.000000,0.388883,0.000000,0.357127,0.000000,0.362369,0.000000,0.000000,0.000000,0.000000,0.000000,0.000000,0.000000,0.385131,0.000000,0.000000,0.000000,0.000000,0.000000,0.000000,0.000000,0.357207,0.000000,0.000000,0.000000,0.000000,0.000000,0.000000,0.000000,0.000000,0.000000,0.000000,0.000000,0.000000,0.000000,0.444117,0.000000,0.000000,0.000000,0.000000,0.000000,0.492242,0.000000,0.000000,0.000000,0.517114,0.000000,0.000000,0.000000,0.000000,0.000000,0.521266,0.000000,0.522701,0.000000,0.000000,0.000000,0.000000,0.000000,0.000000,0.000000,0.000000,0.000000,0.000000,0.000000,0.000000,0.000000,0.000000,0.000000,0.000000,0.000000,0.394923,0.000000,0.000000,0.554738,0.000000,0.000000,0.000000,0.000000,0.000000,0.000000,0.449563,0.000000,0.000000,0.000000,0.444943,0.000000,0.000000
0.378090,0.000000,0.000000,0.000000,0.000000,0.000000,0.367093,0.000000,0.000000,0.000000,0.000000,0.000000,0.336049,0.000000,0.000000,0.000000,0.302974,0.000000,0.448044,0.000000,0.000000,0.000000,0.000000,0.000000,0.000000,0.000000,0.000000,0.000000,0.455337,0.000000,0.000000,0.000000,0.000000,0.000000,0.000000,0.000000,0.000000,0.000000,0.000000,0.000000,0.000000,0.000000,0.000000,0.000000,0.000000,0.000000,0.000000,0.000000,0.000000,0.000000,0.000000,0.000000,0.000000,0.000000,0.000000,0.000000,0.000000,0.000000,0.469018,0.000000,0.000000,0.000000,0.000000,0.000000,0.000000,0.000000,0.000000,0.000000,0.000000,0.000000,0.000000,0.000000,0.418502,0.000000,0.000000,0.000000,0.000000,0.000000,0.000000,0.000000,0.000000,0.000000,0.000000,0.000000,0.000000,0.000000,0.000000,0.000000,0.000000,0.000000
0.000000,0.412254,0.000000,0.428697,0.000000,0.000000,0.000000,0.368866,0.000000,0.000000,0.000000,0.000000,0.000000,0.389912,0.000000,0.000000,0.000000,0.425327,0.000000,0.415778,0.000000,0.000000,0.463034,0.000000,0.000000,0.000000,0.000000,0.000000,0.000000,0.365251,0.000000,0.000000,0.000000,0.000000,0.000000,0.000000,0.000000,0.000000,0.000000,0.000000,0.000000,0.000000,0.000000,0.000000,0.000000,0.000000,0.000000,0.000000,0.000000,0.000000,0.000000,0.000000,0.000000,0.000000,0.000000,0.000000,0.000000,0.000000,0.000000,0.000000,0.000000,0.000000,0.000000,0.000000,0.000000,0.000000,0.000000,0.000000,0.000000,0.000000,0.000000,0.000000,0.000000,0.386047,0.000000,0.000000,0.000000,0.000000,0.000000,0.000000,0.000000,0.000000,0.000000,0.341267,0.000000,0.000000,0.000000,0.000000,0.000000,0.000000
0.384692,0.000000,0.417491,0.000000,0.000000,0.000000,0.392170,0.000000,0.320534,0.000000,0.336049,0.000000,0.000000,0.000000,0.376233,0.000000,0.000000,0.000000,0.412062,0.000000,0.000000,0.000000,0.389795,0.000000,0.000000,0.000000,0.000000,0.000000,0.404802,0.000000,0.000000,0.000000,0.000000,0.000000,0.000000,0.000000,0.000000,0.000000,0.000000,0.000000,0.000000,0.000000,0.540296,0.000000,0.526421,0.000000,0.000000,0.000000,0.499899,0.000000,0.486159,0.000000,0.000000,0.000000,0.000000,0.000000,0.000000,0.000000,0.000000,0.000000,0.000000,0.000000,0.000000,0.000000,0.478342,0.000000,0.485074,0.000000,0.000000,0.000000,0.000000,0.000000,0.431366,0.000000,0.443669,0.000000,0.000000,0.000000,0.000000,0.000000,0.000000,0.000000,0.000000,0.000000,0.000000,0.000000,0.000000,0.000000,0.000000,0.000000
0.000000,0.421377,0.000000,0.428127,0.000000,0.000000,0.000000,0.346925,0.000000,0.000000,0.000000,0.389912,0.000000,0.000000,0.000000,0.392067,0.000000,0.000000,0.000000,0.403593,0.000000,0.000000,0.467927,0.406380,0.000000,0.000000,0.000000,0.000000,0.000000,0.383099,0.000000,0.000000,0.000000,0.000000,0.000000,0.000000,0.000000,0.000000,0.000000,0.000000,0.000000,0.000000,0.000000,0.478114,0.000000,0.000000,0.000000,0.517646,0.000000,0.488436,0.000000,0.476964,0.000000,0.000000,0.000000,0.000000,0.000000,0.000000,0.000000,0.449279,0.000000,0.000000,0.000000,0.000000,0.000000,0.495428,0.000000,0.000000,0.000000,0.000000,0.000000,0.000000,0.000000,0.416693,0.000000,0.000000,0.000000,0.000000,0.000000,0.000000,0.000000,0.000000,0.000000,0.000000,0.000000,0.000000,0.000000,0.000000,0.000000,0.000000
0.000000,0.000000,0.000000,0.000000,0.404018,0.499884,0.000000,0.000000,0.372055,0.000000,0.000000,0.000000,0.376233,0.000000,0.000000,0.000000,0.000000,0.000000,0.000000,0.000000,0.354717,0.509099,0.000000,0.000000,0.386135,0.502150,0.368347,0.487764,0.405787,0.000000,0.433462,0.000000,0.000000,0.000000,0.000000,0.000000,0.000000,0.000000,0.000000,0.000000,0.000000,0.000000,0.544959,0.000000,0.500013,0.000000,0.535460,0.000000,0.486484,0.000000,0.491376,0.000000,0.000000,0.000000,0.000000,0.000000,0.000000,0.000000,0.000000,0.000000,0.000000,0.000000,0.000000,0.000000,0.000000,0.000000,0.478217,0.000000,0.000000,0.000000,0.321864,0.000000,0.443592,0.000000,0.431402,0.000000,0.000000,0.000000,0.000000,0.000000,0.000000,0.000000,0.356289,0.000000,0.000000,0.000000,0.000000,0.000000,0.000000,0.000000
0.000000,0.000000,0.000000,0.000000,0.000000,0.376645,0.000000,0.000000,0.000000,0.385131,0.000000,0.000000,0.000000,0.392067,0.000000,0.000000,0.000000,0.000000,0.000000,0.000000,0.000000,0.285813,0.000000,0.000000,0.000000,0.000000,0.000000,0.360636,0.000000,0.381060,0.000000,0.000000,0.000000,0.000000,0.000000,0.000000,0.000000,0.000000,0.000000,0.318552,0.000000,0.000000,0.000000,0.482319,0.000000,0.445867,0.000000,0.503989,0.000000,0.486553,0.000000,0.483157,0.000000,0.523874,0.000000,0.000000,0.000000,0.000000,0.000000,0.464955,0.000000,0.000000,0.000000,0.000000,0.000000,0.487376,0.000000,0.480652,0.000000,0.000000,0.000000,0.000000,0.000000,0.438472,0.000000,0.476203,0.519926,0.000000,0.000000,0.000000,0.000000,0.000000,0.000000,0.304294,0.000000,0.463923,0.000000,0.000000,0.000000,0.460782
0.365836,0.000000,0.000000,0.000000,0.000000,0.000000,0.000000,0.000000,0.000000,0.000000,0.302974,0.000000,0.000000,0.000000,0.000000,0.000000,0.000000,0.000000,0.435088,0.000000,0.000000,0.000000,0.000000,0.000000,0.000000,0.000000,0.000000,0.000000,0.417292,0.000000,0.000000,0.000000,0.000000,0.000000,0.000000,0.000000,0.000000,0.000000,0.000000,0.000000,0.000000,0.000000,0.000000,0.000000,0.000000,0.000000,0.000000,0.000000,0.000000,0.000000,0.000000,0.000000,0.000000,0.000000,0.000000,0.000000,0.386740,0.000000,0.442872,0.000000,0.446444,0.000000,0.420433,0.000000,0.456408,0.000000,0.000000,0.000000,0.000000,0.000000,0.000000,0.000000,0.458579,0.000000,0.482771,0.000000,0.000000,0.000000,0.337649,0.000000,0.361227,0.000000,0.272594,0.000000,0.478372,0.000000,0.000000,0.000000,0.000000,0.000000
0.000000,0.382003,0.000000,0.000000,0.000000,0.000000,0.000000,0.000000,0.000000,0.000000,0.000000,0.425327,0.000000,0.000000,0.000000,0.000000,0.000000,0.000000,0.000000,0.000000,0.000000,0.000000,0.000000,0.000000,0.000000,0.000000,0.000000,0.000000,0.000000,0.382186,0.000000,0.000000,0.000000,0.000000,0.000000,0.000000,0.000000,0.000000,0.000000,0.000000,0.000000,0.000000,0.000000,0.000000,0.000000,0.000000,0.000000,0.000000,0.000000,0.000000,0.000000,0.000000,0.000000,0.000000,0.000000,0.000000,0.000000,0.343973,0.000000,0.000000,0.000000,0.460553,0.000000,0.455847,0.000000,0.000000,0.000000,0.000000,0.000000,0.000000,0.000000,0.000000,0.000000,0.355285,0.000000,0.000000,0.000000,0.000000,0.000000,0.299663,0.000000,0.373541,0.000000,0.371067,0.000000,0.448438,0.000000,0.000000,0.000000,0.450535
0.380195,0.563870,0.350551,0.542713,0.000000,0.519843,0.425815,0.000000,0.000000,0.000000,0.448044,0.000000,0.412062,0.000000,0.000000,0.000000,0.435088,0.000000,0.000000,0.517276,0.000000,0.000000,0.365994,0.000000,0.000000,0.000000,0.000000,0.000000,0.399080,0.000000,0.472769,0.000000,0.394921,0.000000,0.000000,0.000000,0.000000,0.000000,0.000000,0.000000,0.000000,0.000000,0.000000,0.000000,0.000000,0.000000,0.000000,0.000000,0.000000,0.000000,0.000000,0.000000,0.000000,0.000000,0.000000,0.000000,0.000000,0.000000,0.000000,0.000000,0.000000,0.000000,0.000000,0.000000,0.000000,0.000000,0.000000,0.000000,0.346442,0.000000,0.000000,0.504044,0.420526,0.493435,0.417969,0.000000,0.440974,0.499904,0.000000,0.000000,0.000000,0.000000,0.000000,0.000000,0.000000,0.000000,0.000000,0.000000,0.000000,0.000000
0.000000,0.378472,0.000000,0.369753,0.000000,0.000000,0.000000,0.399380,0.000000,0.000000,0.000000,0.415778,0.000000,0.403593,0.000000,0.000000,0.000000,0.000000,0.517276,0.000000,0.000000,0.000000,0.000000,0.413573,0.000000,0.000000,0.000000,0.000000,0.000000,0.000000,0.449934,0.000000,0.518930,0.374434,0.000000,0.519273,0.000000,0.000000,0.000000,0.000000,0.000000,0.000000,0.000000,0.000000,0.000000,0.000000,0.000000,0.000000,0.000000,0.000000,0.000000,0.000000,0.000000,0.000000,0.000000,0.000000,0.000000,0.403363,0.000000,0.000000,0.000000,0.000000,0.000000,0.000000,0.000000,0.000000,0.000000,0.455647,0.509249,0.368143,0.000000,0.574110,0.000000,0.396794,0.000000,0.434827,0.000000,0.543305,0.000000,0.000000,0.000000,0.000000,0.000000,0.000000,0.000000,0.000000,0.000000,0.000000,0.000000,0.000000
0.000000,0.000000,0.000000,0.000000,0.316745,0.000000,0.000000,0.000000,0.000000,0.000000,0.000000,0.000000,0.000000,0.000000,0.354717,0.000000,0.000000,0.000000,0.000000,0.000000,0.000000,0.526746,0.000000,0.000000,0.357178,0.506489,0.317348,0.525971,0.323636,0.000000,0.315711,0.532071,0.000000,0.000000,0.000000,0.000000,0.000000,0.000000,0.000000,0.000000,0.331013,0.000000,0.503650,0.000000,0.459196,0.000000,0.486193,0.000000,0.485749,0.000000,0.475598,0.000000,0.000000,0.000000,0.000000,0.000000,0.000000,0.000000,0.000000,0.000000,0.000000,0.000000,0.000000,0.000000,0.000000,0.000000,0.000000,0.000000,0.000000,0.000000,0.286515,0.340033,0.272500,0.342752,0.000000,0.307975,0.000000,0.000000,0.000000,0.000000,0.000000,0.000000,0.443462,0.000000,0.000000,0.000000,0.000000,0.000000,0.000000,0.000000
0.000000,0.000000,0.000000,0.000000,0.000000,0.418206,0.000000,0.000000,0.000000,0.000000,0.000000,0.000000,0.000000,0.000000,0.509099,0.285813,0.000000,0.000000,0.000000,0.000000,0.526746,0.000000,0.000000,0.000000,0.408751,0.420254,0.414440,0.355093,0.485653,0.252491,0.000000,0.325701,0.000000,0.000000,0.000000,0.000000,0.000000,0.000000,0.000000,0.274413,0.000000,0.393066,0.000000,0.000000,0.000000,0.000000,0.000000,0.000000,0.000000,0.000000,0.000000,0.000000,0.000000,0.000000,0.000000,0.000000,0.000000,0.000000,0.000000,0.000000,0.000000,0.000000,0.000000,0.000000,0.000000,0.000000,0.000000,0.000000,0.000000,0.000000,0.261134,0.303143,0.000000,0.294830,0.000000,0.000000,0.000000,0.000000,0.000000,0.000000,0.000000,0.000000,0.000000,0.405872,0.000000,0.000000,0.000000,0.000000,0.000000,0.000000
0.000000,0.000000,0.336744,0.493815,0.000000,0.537399,0.392397,0.000000,0.000000,0.000000,0.000000,0.463034,0.389795,0.467927,0.000000,0.000000,0.000000,0.000000,0.365994,0.000000,0.000000,0.000000,0.000000,0.506952,0.338790,0.000000,0.000000,0.000000,0.000000,0.000000,0.368703,0.522632,0.473114,0.000000,0.000000,0.000000,0.000000,0.000000,0.000000,0.000000,0.000000,0.000000,0.000000,0.000000,0.000000,0.000000,0.000000,0.000000,0.000000,0.000000,0.000000,0.000000,0.000000,0.000000,0.000000,0.000000,0.000000,0.000000,0.000000,0.000000,0.000000,0.000000,0.000000,0.000000,0.000000,0.000000,0.506280,0.000000,0.000000,0.000000,0.344817,0.000000,0.378261,0.000000,0.000000,0.000000,0.419043,0.000000,0.000000,0.000000,0.000000,0.000000,0.000000,0.000000,0.000000,0.000000,0.000000,0.000000,0.000000,0.000000
0.000000,0.000000,0.530227,0.310004,0.548754,0.375951,0.000000,0.387859,0.000000,0.357207,0.000000,0.000000,0.000000,0.406380,0.000000,0.000000,0.000000,0.000000,0.000000,0.413573,0.000000,0.000000,0.506952,0.000000,0.518364,0.338754,0.000000,0.000000,0.000000,0.000000,0.446655,0.365264,0.000000,0.315161,0.000000,0.000000,0.000000,0.000000,0.000000,0.000000,0.000000,0.000000,0.000000,0.000000,0.000000,0.000000,0.000000,0.000000,0.000000,0.000000,0.000000,0.000000,0.000000,0.000000,0.000000,0.000000,0.000000,0.000000,0.000000,0.000000,0.000000,0.000000,0.000000,0.000000,0.000000,0.000000,0.000000,0.000000,0.000000,0.000000,0.487044,0.000000,0.486659,0.000000,0.000000,0.000000,0.000000,0.434722,0.000000,0.000000,0.000000,0.000000,0.000000,0.000000,0.000000,0.000000,0.000000,0.000000,0.000000,0.000000
0.000000,0.000000,0.000000,0.508747,0.353482,0.526751,0.000000,0.000000,0.000000,0.000000,0.000000,0.000000,0.000000,0.000000,0.386135,0.000000,0.000000,0.000000,0.000000,0.000000,0.357178,0.408751,0.338790,0.518364,0.000000,0.440114,0.311021,0.533188,0.426381,0.000000,0.387019,0.502450,0.000000,0.000000,0.000000,0.000000,0.539535,0.000000,0.000000,0.000000,0.000000,0.000000,0.536985,0.000000,0.000000,0.000000,0.528179,0.000000,0.000000,0.000000,0.543144,0.000000,0.000000,0.000000,0.000000,0.000000,0.000000,0.000000,0.000000,0.000000,0.000000,0.000000,0.000000,0.000000,0.000000,0.000000,0.000000,0.000000,0.000000,0.000000,0.407096,0.000000,0.440927,0.000000,0.463476,0.000000,0.460650,0.000000,0.000000,0.000000,0.000000,0.000000,0.486820,0.000000,0.000000,0.000000,0.000000,0.000000,0.000000,0.000000
0.000000,0.000000,0.000000,0.000000,0.486631,0.344997,0.000000,0.000000,0.000000,0.000000,0.000000,0.000000,0.000000,0.000000,0.502150,0.000000,0.000000,0.000000,0.000000,0.000000,0.506489,0.420254,0.000000,0.338754,0.440114,0.000000,0.250679,0.305483,0.000000,0.000000,0.382566,0.370818,0.000000,0.000000,0.000000,0.000000,0.000000,0.000000,0.000000,0.000000,0.000000,0.000000,0.000000,0.000000,0.000000,0.000000,0.000000,0.000000,0.000000,0.000000,0.000000,0.000000,0.000000,0.000000,0.000000,0.000000,0.000000,0.000000,0.000000,0.000000,0.000000,0.000000,0.000000,0.000000,0.000000,0.000000,0.000000,0.000000,0.000000,0.000000,0.000000,0.000000,0.000000,0.000000,0.000000,0.411303,0.000000,0.000000,0.000000,0.000000,0.000000,0.000000,0.000000,0.000000,0.000000,0.000000,0.000000,0.000000,0.000000,0.000000
0.000000,0.000000,0.000000,0.000000,0.302766,0.515516,0.000000,0.000000,0.000000,0.000000,0.000000,0.000000,0.000000,0.000000,0.368347,0.000000,0.000000,0.000000,0.000000,0.000000,0.317348,0.414440,0.000000,0.000000,0.311021,0.250679,0.000000,0.498130,0.395001,0.000000,0.365514,0.462832,0.000000,0.000000,0.000000,0.000000,0.000000,0.000000,0.000000,0.000000,0.350269,0.000000,0.000000,0.000000,0.000000,0.000000,0.000000,0.000000,0.000000,0.000000,0.000000,0.000000,0.000000,0.000000,0.000000,0.000000,0.000000,0.000000,0.000000,0.000000,0.000000,0.000000,0.000000,0.000000,0.000000,0.000000,0.000000,0.000000,0.000000,0.000000,0.290409,0.000000,0.000000,0.000000,0.000000,0.000000,0.000000,0.000000,0.000000,0.000000,0.000000,0.000000,0.499826,0.000000,0.000000,0.000000,0.000000,0.000000,0.000000,0.000000
0.000000,0.000000,0.000000,0.000000,0.424842,0.337156,0.000000,0.000000,0.000000,0.000000,0.000000,0.000000,0.000000,0.000000,0.487764,0.360636,0.000000,0.000000,0.000000,0.000000,0.525971,0.355093,0.000000,0.000000,0.533188,0.305483,0.498130,0.000000,0.482304,0.000000,0.000000,0.344244,0.000000,0.000000,0.000000,0.000000,0.000000,0.000000,0.000000,0.000000,0.000000,0.000000,0.000000,0.000000,0.000000,0.000000,0.000000,0.000000,0.000000,0.000000,0.000000,0.000000,0.000000,0.000000,0.000000,0.000000,0.000000,0.000000,0.000000,0.000000,0.000000,0.000000,0.000000,0.000000,0.000000,0.000000,0.000000,0.000000,0.000000,0.000000,0.000000,0.317054,0.000000,0.309590,0.000000,0.000000,0.000000,0.000000,0.000000,0.000000,0.000000,0.000000,0.000000,0.423961,0.000000,0.000000,0.000000,0.000000,0.000000,0.000000
0.000000,0.000000,0.407373,0.000000,0.442654,0.000000,0.000000,0.000000,0.415767,0.000000,0.455337,0.000000,0.404802,0.000000,0.405787,0.000000,0.417292,0.000000,0.399080,0.000000,0.323636,0.485653,0.000000,0.000000,0.426381,0.000000,0.395001,0.482304,0.000000,0.000000,0.000000,0.000000,0.000000,0.000000,0.000000,0.000000,0.000000,0.000000,0.000000,0.000000,0.333685,0.000000,0.000000,0.000000,0.471672,0.000000,0.537922,0.000000,0.467565,0.000000,0.468203,0.000000,0.000000,0.000000,0.000000,0.000000,0.383339,0.000000,0.000000,0.000000,0.000000,0.000000,0.000000,0.000000,0.467848,0.000000,0.465004,0.000000,0.000000,0.000000,0.000000,0.000000,0.357094,0.000000,0.000000,0.000000,0.000000,0.000000,0.259419,0.000000,0.463012,0.000000,0.398027,0.000000,0.501738,0.000000,0.000000,0.000000,0.000000,0.000000
0.000000,0.000000,0.000000,0.000000,0.000000,0.000000,0.000000,0.000000,0.000000,0.000000,0.000000,0.365251,0.000000,0.383099,0.000000,0.381060,0.000000,0.382186,0.000000,0.000000,0.000000,0.252491,0.000000,0.000000,0.000000,0.000000,0.000000,0.000000,0.000000,0.000000,0.000000,0.000000,0.000000,0.000000,0.000000,0.000000,0.000000,0.000000,0.000000,0.000000,0.000000,0.000000,0.000000,0.500543,0.000000,0.493620,0.000000,0.532231,0.000000,0.466775,0.000000,0.480361,0.000000,0.517814,0.000000,0.546950,0.000000,0.000000,0.000000,0.479761,0.000000,0.453725,0.000000,0.466419,0.000000,0.000000,0.000000,0.000000,0.000000,0.000000,0.000000,0.000000,0.000000,0.420215,0.000000,0.000000,0.000000,0.000000,0.000000,0.000000,0.000000,0.453652,0.000000,0.370384,0.000000,0.452039,0.000000,0.000000,0.000000,0.474946
0.000000,0.000000,0.000000,0.000000,0.000000,0.000000,0.000000,0.000000,0.000000,0.000000,0.000000,0.000000,0.000000,0.000000,0.433462,0.000000,0.000000,0.000000,0.472769,0.449934,0.315711,0.000000,0.368703,0.446655,0.387019,0.382566,0.365514,0.000000,0.000000,0.000000,0.000000,0.389386,0.430985,0.000000,0.000000,0.000000,0.000000,0.000000,0.000000,0.000000,0.000000,0.000000,0.000000,0.000000,0.000000,0.000000,0.000000,0.000000,0.000000,0.000000,0.000000,0.000000,0.000000,0.000000,0.000000,0.000000,0.000000,0.000000,0.000000,0.000000,0.000000,0.000000,0.000000,0.000000,0.000000,0.000000,0.523399,0.510779,0.000000,0.000000,0.278301,0.000000,0.000000,0.000000,0.000000,0.000000,0.000000,0.000000,0.000000,0.000000,0.000000,0.000000,0.000000,0.000000,0.000000,0.000000,0.000000,0.000000,0.000000,0.000000
0.000000,0.000000,0.000000,0.360300,0.522077,0.400827,0.000000,0.000000,0.000000,0.000000,0.000000,0.000000,0.000000,0.000000,0.000000,0.000000,0.000000,0.000000,0.000000,0.000000,0.532071,0.325701,0.522632,0.365264,0.502450,0.370818,0.462832,0.344244,0.000000,0.000000,0.389386,0.000000,0.000000,0.341705,0.000000,0.498259,0.000000,0.000000,0.000000,0.000000,0.000000,0.000000,0.000000,0.000000,0.000000,0.000000,0.000000,0.000000,0.000000,0.000000,0.000000,0.000000,0.000000,0.000000,0.000000,0.000000,0.000000,0.000000,0.000000,0.000000,0.000000,0.000000,0.000000,0.000000,0.000000,0.000000,0.000000,0.508821,0.000000,0.000000,0.000000,0.266488,0.000000,0.000000,0.000000,0.000000,0.000000,0.000000,0.000000,0.000000,0.000000,0.000000,0.000000,0.000000,0.000000,0.000000,0.000000,0.000000,0.000000,0.000000
0.000000,0.528175,0.000000,0.000000,0.000000,0.000000,0.000000,0.000000,0.000000,0.000000,0.000000,0.000000,0.000000,0.000000,0.000000,0.000000,0.000000,0.000000,0.394921,0.518930,0.000000,0.000000,0.473114,0.000000,0.000000,0.000000,0.000000,0.000000,0.000000,0.000000,0.430985,0.000000,0.000000,0.255064,0.416964,0.000000,0.000000,0.000000,0.000000,0.000000,0.000000,0.000000,0.000000,0.000000,0.000000,0.000000,0.000000,0.000000,0.000000,0.000000,0.000000,0.000000,0.000000,0.000000,0.000000,0.000000,0.386376,0.000000,0.456366,0.000000,0.000000,0.000000,0.000000,0.000000,0.000000,0.000000,0.446517,0.570169,0.369157,0.515428,0.000000,0.000000,0.000000,0.000000,0.000000,0.000000,0.000000,0.000000,0.000000,0.000000,0.000000,0.000000,0.000000,0.000000,0.000000,0.000000,0.000000,0.000000,0.000000,0.000000
0.000000,0.000000,0.000000,0.000000,0.000000,0.000000,0.000000,0.000000,0.000000,0.000000,0.000000,0.000000,0.000000,0.000000,0.000000,0.000000,0.000000,0.000000,0.000000,0.374434,0.000000,0.000000,0.000000,0.315161,0.000000,0.000000,0.000000,0.000000,0.000000,0.000000,0.000000,0.341705,0.255064,0.000000,0.372997,0.408185,0.000000,0.000000,0.000000,0.000000,0.000000,0.000000,0.000000,0.000000,0.000000,0.000000,0.000000,0.000000,0.000000,0.000000,0.000000,0.000000,0.000000,0.000000,0.000000,0.000000,0.000000,0.488197,0.000000,0.000000,0.000000,0.000000,0.000000,0.000000,0.000000,0.000000,0.000000,0.473894,0.000000,0.398403,0.000000,0.000000,0.480133,0.000000,0.000000,0.000000,0.500421,0.000000,0.000000,0.000000,0.000000,0.000000,0.000000,0.000000,0.000000,0.000000,0.000000,0.000000,0.000000,0.000000
0.000000,0.000000,0.000000,0.000000,0.000000,0.000000,0.000000,0.000000,0.000000,0.000000,0.000000,0.000000,0.000000,0.000000,0.000000,0.000000,0.000000,0.000000,0.000000,0.000000,0.000000,0.000000,0.000000,0.000000,0.000000,0.000000,0.000000,0.000000,0.000000,0.000000,0.000000,0.000000,0.416964,0.372997,0.000000,0.331603,0.341749,0.000000,0.000000,0.000000,0.000000,0.000000,0.445649,0.708154,0.486058,0.641191,0.000000,0.000000,0.609688,0.615724,0.000000,0.000000,0.000000,0.000000,0.000000,0.000000,0.000000,0.000000,0.000000,0.490122,0.000000,0.000000,0.000000,0.000000,0.000000,0.000000,0.451494,0.000000,0.000000,0.000000,0.000000,0.000000,0.000000,0.000000,0.000000,0.000000,0.000000,0.000000,0.000000,0.000000,0.000000,0.000000,0.000000,0.000000,0.000000,0.000000,0.000000,0.000000,0.000000,0.000000
0.000000,0.000000,0.000000,0.000000,0.000000,0.000000,0.000000,0.000000,0.000000,0.000000,0.000000,0.000000,0.000000,0.000000,0.000000,0.000000,0.000000,0.000000,0.000000,0.519273,0.000000,0.000000,0.000000,0.000000,0.000000,0.000000,0.000000,0.000000,0.000000,0.000000,0.000000,0.498259,0.000000,0.408185,0.331603,0.000000,0.000000,0.360938,0.000000,0.000000,0.000000,0.000000,0.000000,0.610733,0.000000,0.555101,0.000000,0.000000,0.000000,0.487030,0.000000,0.000000,0.000000,0.000000,0.000000,0.000000,0.000000,0.000000,0.000000,0.466423,0.000000,0.000000,0.000000,0.000000,0.000000,0.000000,0.000000,0.430520,0.000000,0.000000,0.000000,0.000000,0.499040,0.486013,0.000000,0.000000,0.000000,0.465988,0.000000,0.000000,0.000000,0.000000,0.000000,0.000000,0.000000,0.000000,0.000000,0.000000,0.000000,0.000000
0.000000,0.000000,0.000000,0.000000,0.000000,0.000000,0.000000,0.000000,0.000000,0.000000,0.000000,0.000000,0.000000,0.000000,0.000000,0.000000,0.000000,0.000000,0.000000,0.000000,0.000000,0.000000,0.000000,0.000000,0.539535,0.000000,0.000000,0.000000,0.000000,0.000000,0.000000,0.000000,0.000000,0.000000,0.341749,0.000000,0.000000,0.585050,0.358735,0.000000,0.454715,0.000000,0.513529,0.703139,0.477089,0.000000,0.475771,0.000000,0.000000,0.000000,0.000000,0.000000,0.000000,0.000000,0.303037,0.000000,0.000000,0.000000,0.000000,0.000000,0.000000,0.000000,0.000000,0.000000,0.000000,0.000000,0.448988,0.000000,0.000000,0.000000,0.000000,0.000000,0.000000,0.000000,0.000000,0.000000,0.444356,0.591343,0.000000,0.000000,0.000000,0.000000,0.443929,0.000000,0.412558,0.000000,0.431742,0.000000,0.454875,0.000000
0.000000,0.000000,0.000000,0.000000,0.000000,0.474191,0.000000,0.000000,0.000000,0.444117,0.000000,0.000000,0.000000,0.000000,0.000000,0.000000,0.000000,0.000000,0.000000,0.000000,0.000000,0.000000,0.000000,0.000000,0.000000,0.000000,0.000000,0.000000,0.000000,0.000000,0.000000,0.000000,0.000000,0.000000,0.000000,0.360938,0.585050,0.000000,0.000000,0.367072,0.000000,0.383551,0.000000,0.458730,0.000000,0.500008,0.000000,0.473552,0.592047,0.478579,0.000000,0.000000,0.000000,0.000000,0.000000,0.493312,0.000000,0.000000,0.568226,0.000000,0.000000,0.000000,0.000000,0.000000,0.000000,0.000000,0.000000,0.428470,0.000000,0.000000,0.000000,0.000000,0.000000,0.479308,0.000000,0.000000,0.563108,0.424477,0.000000,0.000000,0.000000,0.000000,0.000000,0.394087,0.000000,0.000000,0.000000,0.403051,0.000000,0.000000
0.000000,0.000000,0.000000,0.000000,0.000000,0.000000,0.000000,0.000000,0.000000,0.000000,0.000000,0.000000,0.000000,0.000000,0.000000,0.000000,0.000000,0.000000,0.000000,0.000000,0.000000,0.000000,0.000000,0.000000,0.000000,0.000000,0.000000,0.000000,0.000000,0.000000,0.000000,0.000000,0.000000,0.000000,0.000000,0.000000,0.358735,0.000000,0.000000,0.000000,0.303927,0.000000,0.475158,0.000000,0.499893,0.000000,0.444795,0.000000,0.478028,0.000000,0.000000,0.000000,0.000000,0.000000,0.373524,0.000000,0.000000,0.000000,0.469213,0.000000,0.000000,0.000000,0.000000,0.000000,0.000000,0.000000,0.489537,0.000000,0.000000,0.000000,0.000000,0.000000,0.000000,0.000000,0.000000,0.000000,0.000000,0.000000,0.000000,0.000000,0.000000,0.000000,0.387792,0.000000,0.443296,0.000000,0.386283,0.000000,0.462199,0.000000
0.000000,0.000000,0.000000,0.000000,0.000000,0.000000,0.000000,0.000000,0.000000,0.000000,0.000000,0.000000,0.000000,0.000000,0.000000,0.318552,0.000000,0.000000,0.000000,0.000000,0.000000,0.274413,0.000000,0.000000,0.000000,0.000000,0.000000,0.000000,0.000000,0.000000,0.000000,0.000000,0.000000,0.000000,0.000000,0.000000,0.000000,0.367072,0.000000,0.000000,0.000000,0.270290,0.000000,0.478672,0.000000,0.000000,0.000000,0.420186,0.000000,0.471644,0.000000,0.000000,0.000000,0.000000,0.000000,0.334810,0.000000,0.000000,0.000000,0.000000,0.000000,0.000000,0.000000,0.000000,0.000000,0.000000,0.000000,0.470299,0.000000,0.000000,0.000000,0.000000,0.000000,0.000000,0.000000,0.000000,0.000000,0.000000,0.000000,0.000000,0.000000,0.000000,0.000000,0.406720,0.000000,0.412238,0.000000,0.359751,0.000000,0.000000
0.000000,0.000000,0.000000,0.000000,0.000000,0.000000,0.000000,0.000000,0.000000,0.000000,0.000000,0.000000,0.000000,0.000000,0.000000,0.000000,0.000000,0.000000,0.000000,0.000000,0.331013,0.000000,0.000000,0.000000,0.000000,0.000000,0.350269,0.000000,0.333685,0.000000,0.000000,0.000000,0.000000,0.000000,0.000000,0.000000,0.454715,0.000000,0.303927,0.000000,0.000000,0.378162,0.497752,0.000000,0.536858,0.000000,0.499855,0.000000,0.515539,0.000000,0.487833,0.000000,0.000000,0.000000,0.000000,0.000000,0.000000,0.000000,0.000000,0.000000,0.000000,0.000000,0.000000,0.000000,0.000000,0.000000,0.000000,0.000000,0.000000,0.000000,0.000000,0.000000,0.304092,0.000000,0.000000,0.000000,0.393972,0.000000,0.000000,0.000000,0.000000,0.000000,0.373839,0.000000,0.000000,0.000000,0.354609,0.000000,0.000000,0.000000
0.000000,0.000000,0.000000,0.000000,0.000000,0.434633,0.000000,0.000000,0.000000,0.000000,0.000000,0.000000,0.000000,0.000000,0.000000,0.000000,0.000000,0.000000,0.000000,0.000000,0.000000,0.393066,0.000000,0.000000,0.000000,0.000000,0.000000,0.000000,0.000000,0.000000,0.000000,0.000000,0.000000,0.000000,0.000000,0.000000,0.000000,0.383551,0.000000,0.270290,0.378162,0.000000,0.000000,0.470454,0.000000,0.000000,0.000000,0.504201,0.000000,0.496615,0.000000,0.471723,0.000000,0.000000,0.000000,0.000000,0.000000,0.000000,0.000000,0.000000,0.000000,0.000000,0.000000,0.000000,0.000000,0.000000,0.000000,0.000000,0.000000,0.000000,0.000000,0.000000,0.000000,0.000000,0.000000,0.000000,0.000000,0.395319,0.000000,0.000000,0.000000,0.000000,0.377498,0.301563,0.000000,0.000000,0.000000,0.349625,0.000000,0.000000
0.000000,0.000000,0.000000,0.000000,0.540051,0.000000,0.000000,0.000000,0.000000,0.000000,0.000000,0.000000,0.540296,0.000000,0.544959,0.000000,0.000000,0.000000,0.000000,0.000000,0.503650,0.000000,0.000000,0.000000,0.536985,0.000000,0.000000,0.000000,0.000000,0.000000,0.000000,0.000000,0.000000,0.000000,0.445649,0.000000,0.513529,0.000000,0.475158,0.000000,0.497752,0.000000,0.000000,0.606078,0.469301,0.668001,0.425491,0.276344,0.391224,0.671409,0.367844,0.000000,0.345403,0.000000,0.000000,0.000000,0.000000,0.000000,0.333270,0.000000,0.000000,0.000000,0.000000,0.000000,0.000000,0.000000,0.392612,0.000000,0.000000,0.000000,0.000000,0.000000,0.530277,0.000000,0.000000,0.000000,0.506928,0.000000,0.000000,0.000000,0.511774,0.000000,0.501668,0.000000,0.506187,0.000000,0.499653,0.000000,0.504563,0.000000
0.000000,0.000000,0.000000,0.468092,0.000000,0.000000,0.000000,0.000000,0.000000,0.492242,0.000000,0.000000,0.000000,0.478114,0.000000,0.482319,0.000000,0.000000,0.000000,0.000000,0.000000,0.000000,0.000000,0.000000,0.000000,0.000000,0.000000,0.000000,0.000000,0.500543,0.000000,0.000000,0.000000,0.000000,0.708154,0.610733,0.703139,0.458730,0.000000,0.478672,0.000000,0.470454,0.606078,0.000000,0.662963,0.418779,0.000000,0.356056,0.614857,0.388401,0.000000,0.327086,0.000000,0.310585,0.000000,0.000000,0.000000,0.000000,0.000000,0.000000,0.000000,0.000000,0.000000,0.000000,0.000000,0.000000,0.592787,0.357464,0.000000,0.000000,0.000000,0.000000,0.000000,0.485533,0.000000,0.440215,0.000000,0.442390,0.000000,0.000000,0.000000,0.000000,0.000000,0.000000,0.000000,0.472195,0.000000,0.455199,0.000000,0.000000
0.000000,0.000000,0.000000,0.000000,0.497128,0.000000,0.000000,0.000000,0.000000,0.000000,0.000000,0.000000,0.526421,0.000000,0.500013,0.000000,0.000000,0.000000,0.000000,0.000000,0.459196,0.000000,0.000000,0.000000,0.000000,0.000000,0.000000,0.000000,0.471672,0.000000,0.000000,0.000000,0.000000,0.000000,0.486058,0.000000,0.477089,0.000000,0.499893,0.000000,0.536858,0.000000,0.469301,0.662963,0.000000,0.641633,0.486753,0.000000,0.406904,0.655896,0.439964,0.000000,0.000000,0.000000,0.440336,0.000000,0.000000,0.000000,0.318665,0.000000,0.000000,0.000000,0.000000,0.000000,0.000000,0.000000,0.377128,0.000000,0.000000,0.000000,0.000000,0.000000,0.462328,0.000000,0.000000,0.000000,0.480418,0.000000,0.000000,0.000000,0.482479,0.000000,0.503238,0.000000,0.520588,0.000000,0.510807,0.000000,0.457156,0.000000
0.000000,0.000000,0.000000,0.000000,0.000000,0.000000,0.000000,0.000000,0.000000,0.000000,0.000000,0.000000,0.000000,0.000000,0.000000,0.445867,0.000000,0.000000,0.000000,0.000000,0.000000,0.000000,0.000000,0.000000,0.000000,0.000000,0.000000,0.000000,0.000000,0.493620,0.000000,0.000000,0.000000,0.000000,0.641191,0.555101,0.000000,0.500008,0.000000,0.000000,0.000000,0.000000,0.668001,0.418779,0.641633,0.000000,0.000000,0.455768,0.643161,0.386489,0.000000,0.000000,0.000000,0.000000,0.000000,0.000000,0.000000,0.000000,0.566373,0.243199,0.000000,0.000000,0.000000,0.000000,0.000000,0.000000,0.000000,0.395062,0.000000,0.000000,0.000000,0.000000,0.000000,0.000000,0.000000,0.000000,0.000000,0.470999,0.000000,0.000000,0.000000,0.000000,0.000000,0.000000,0.000000,0.000000,0.000000,0.000000,0.000000,0.000000
0.000000,0.000000,0.000000,0.000000,0.533661,0.000000,0.000000,0.000000,0.000000,0.000000,0.000000,0.000000,0.000000,0.000000,0.535460,0.000000,0.000000,0.000000,0.000000,0.000000,0.486193,0.000000,0.000000,0.000000,0.528179,0.000000,0.000000,0.000000,0.537922,0.000000,0.000000,0.000000,0.000000,0.000000,0.000000,0.000000,0.475771,0.000000,0.444795,0.000000,0.499855,0.000000,0.425491,0.000000,0.486753,0.000000,0.000000,0.000000,0.000000,0.000000,0.385405,0.000000,0.319431,0.000000,0.391712,0.000000,0.000000,0.000000,0.000000,0.000000,0.000000,0.000000,0.000000,0.000000,0.000000,0.000000,0.422438,0.000000,0.000000,0.000000,0.476635,0.000000,0.000000,0.000000,0.000000,0.000000,0.540462,0.000000,0.000000,0.000000,0.539631,0.000000,0.478411,0.000000,0.494726,0.000000,0.455991,0.000000,0.478444,0.000000
0.000000,0.000000,0.000000,0.000000,0.000000,0.468296,0.000000,0.000000,0.000000,0.517114,0.000000,0.000000,0.000000,0.517646,0.000000,0.503989,0.000000,0.000000,0.000000,0.000000,0.000000,0.000000,0.000000,0.000000,0.000000,0.000000,0.000000,0.000000,0.000000,0.532231,0.000000,0.000000,0.000000,0.000000,0.000000,0.000000,0.000000,0.473552,0.000000,0.420186,0.000000,0.504201,0.276344,0.356056,0.000000,0.455768,0.000000,0.000000,0.000000,0.000000,0.000000,0.388736,0.000000,0.330469,0.000000,0.379518,0.000000,0.000000,0.000000,0.000000,0.000000,0.000000,0.000000,0.000000,0.000000,0.000000,0.000000,0.420978,0.000000,0.000000,0.000000,0.000000,0.000000,0.518273,0.000000,0.000000,0.000000,0.000000,0.000000,0.000000,0.000000,0.496448,0.000000,0.442442,0.000000,0.518409,0.000000,0.494095,0.000000,0.000000
0.000000,0.000000,0.000000,0.000000,0.498590,0.000000,0.000000,0.000000,0.000000,0.000000,0.000000,0.000000,0.499899,0.000000,0.486484,0.000000,0.000000,0.000000,0.000000,0.000000,0.485749,0.000000,0.000000,0.000000,0.000000,0.000000,0.000000,0.000000,0.467565,0.000000,0.000000,0.000000,0.000000,0.000000,0.609688,0.000000,0.000000,0.592047,0.478028,0.000000,0.515539,0.000000,0.391224,0.614857,0.406904,0.643161,0.000000,0.000000,0.000000,0.631563,0.394850,0.000000,0.409001,0.000000,0.435899,0.000000,0.000000,0.000000,0.383529,0.000000,0.000000,0.000000,0.000000,0.000000,0.000000,0.000000,0.403487,0.000000,0.000000,0.000000,0.000000,0.000000,0.504974,0.000000,0.000000,0.000000,0.491849,0.606658,0.000000,0.000000,0.465192,0.000000,0.472575,0.000000,0.454688,0.000000,0.000000,0.000000,0.433986,0.000000
