0.000000,0.545188,0.389858,0.000000,0.000000,0.000000,0.393688,0.000000,0.000000,0.000000,0.420299,0.000000,0.436299,0.000000,0.000000,0.000000,0.306387,0.000000,0.419422,0.550897,0.000000,0.000000,0.000000,0.000000,0.000000,0.000000,0.000000,0.000000,0.397171,0.000000,0.000000,0.000000,0.000000,0.605126,0.000000,0.000000,0.000000,0.000000,0.000000,0.000000,0.000000,0.000000,0.000000,0.000000,0.000000,0.000000,0.000000,0.000000,0.000000,0.000000,0.000000,0.000000,0.000000,0.000000,0.000000,0.000000,0.438555,0.000000,0.442786,0.000000,0.448775,0.000000,0.443017,0.000000,0.000000,0.000000,0.000000,0.000000,0.564415,0.000000,0.000000,0.000000,0.432522,0.000000,0.000000,0.000000,0.458583,0.000000,0.000000,0.000000,0.446944,0.000000,0.000000,0.000000,0.484550,0.000000,0.000000,0.000000,0.000000,0.000000
0.545188,0.000000,0.000000,0.394500,0.000000,0.000000,0.000000,0.376165,0.000000,0.000000,0.000000,0.391645,0.000000,0.000000,0.000000,0.539453,0.000000,0.402856,0.555961,0.435071,0.000000,0.000000,0.000000,0.000000,0.000000,0.000000,0.000000,0.000000,0.000000,0.586732,0.000000,0.000000,0.000000,0.000000,0.000000,0.000000,0.000000,0.000000,0.000000,0.000000,0.000000,0.568454,0.000000,0.000000,0.000000,0.000000,0.000000,0.000000,0.000000,0.000000,0.000000,0.000000,0.000000,0.000000,0.000000,0.000000,0.573257,0.454506,0.567725,0.000000,0.000000,0.465515,0.000000,0.476686,0.000000,0.453500,0.000000,0.000000,0.000000,0.449392,0.000000,0.562923,0.000000,0.422820,0.000000,0.446628,0.000000,0.590996,0.000000,0.000000,0.000000,0.000000,0.000000,0.548865,0.000000,0.495860,0.000000,0.000000,0.000000,0.000000
0.389858,0.000000,0.000000,0.486725,0.264385,0.000000,0.359351,0.000000,0.280132,0.000000,0.402996,0.000000,0.295024,0.000000,0.000000,0.000000,0.389623,0.000000,0.387362,0.000000,0.000000,0.000000,0.315403,0.472069,0.310405,0.000000,0.000000,0.000000,0.000000,0.000000,0.000000,0.473049,0.000000,0.000000,0.000000,0.000000,0.000000,0.000000,0.000000,0.000000,0.000000,0.000000,0.000000,0.000000,0.000000,0.000000,0.476019,0.000000,0.000000,0.000000,0.000000,0.000000,0.000000,0.000000,0.000000,0.000000,0.000000,0.000000,0.000000,0.000000,0.000000,0.000000,0.000000,0.000000,0.000000,0.000000,0.000000,0.000000,0.000000,0.000000,0.000000,0.000000,0.401400,0.000000,0.442119,0.000000,0.000000,0.000000,0.000000,0.000000,0.000000,0.000000,0.424596,0.000000,0.000000,0.000000,0.000000,0.000000,0.000000,0.000000
0.000000,0.394500,0.486725,0.000000,0.000000,0.344896,0.000000,0.392664,0.000000,0.000000,0.000000,0.000000,0.000000,0.000000,0.000000,0.000000,0.000000,0.000000,0.000000,0.362371,0.000000,0.000000,0.488855,0.312051,0.000000,0.334008,0.000000,0.000000,0.000000,0.000000,0.000000,0.336248,0.000000,0.000000,0.000000,0.000000,0.000000,0.000000,0.000000,0.000000,0.000000,0.000000,0.000000,0.000000,0.000000,0.000000,0.000000,0.000000,0.000000,0.000000,0.000000,0.000000,0.000000,0.000000,0.000000,0.000000,0.000000,0.429338,0.000000,0.000000,0.000000,0.000000,0.000000,0.000000,0.000000,0.000000,0.000000,0.000000,0.000000,0.000000,0.000000,0.000000,0.000000,0.000000,0.000000,0.000000,0.000000,0.412890,0.000000,0.000000,0.000000,0.000000,0.000000,0.000000,0.000000,0.000000,0.000000,0.000000,0.000000,0.000000
0.000000,0.000000,0.264385,0.000000,0.000000,0.567305,0.220474,0.000000,0.331954,0.000000,0.000000,0.000000,0.000000,0.000000,0.357871,0.000000,0.000000,0.000000,0.000000,0.000000,0.330860,0.000000,0.320963,0.000000,0.335671,0.000000,0.435634,0.504237,0.398460,0.000000,0.000000,0.000000,0.000000,0.000000,0.000000,0.000000,0.000000,0.000000,0.000000,0.000000,0.000000,0.000000,0.000000,0.000000,0.000000,0.000000,0.470422,0.000000,0.000000,0.000000,0.000000,0.000000,0.000000,0.000000,0.000000,0.000000,0.000000,0.000000,0.000000,0.000000,0.000000,0.000000,0.000000,0.000000,0.000000,0.000000,0.000000,0.000000,0.000000,0.000000,0.436869,0.000000,0.412720,0.000000,0.000000,0.000000,0.000000,0.000000,0.000000,0.000000,0.000000,0.000000,0.476496,0.000000,0.000000,0.000000,0.000000,0.000000,0.000000,0.000000
0.000000,0.000000,0.000000,0.344896,0.567305,0.000000,0.000000,0.000000,0.000000,0.297488,0.000000,0.000000,0.000000,0.000000,0.000000,0.300103,0.000000,0.000000,0.000000,0.000000,0.000000,0.422690,0.493576,0.370684,0.526977,0.358872,0.000000,0.300307,0.000000,0.342528,0.000000,0.319151,0.000000,0.000000,0.000000,0.000000,0.000000,0.000000,0.000000,0.000000,0.000000,0.000000,0.000000,0.000000,0.000000,0.000000,0.000000,0.000000,0.000000,0.000000,0.000000,0.000000,0.000000,0.000000,0.000000,0.000000,0.000000,0.000000,0.000000,0.000000,0.000000,0.000000,0.000000,0.000000,0.000000,0.000000,0.000000,0.000000,0.000000,0.000000,0.000000,0.380836,0.000000,0.397100,0.000000,0.000000,0.448663,0.335220,0.000000,0.000000,0.000000,0.000000,0.000000,0.435321,0.000000,0.000000,0.000000,0.000000,0.000000,0.000000
0.393688,0.000000,0.359351,0.000000,0.220474,0.000000,0.000000,0.000000,0.243987,0.000000,0.391094,0.000000,0.364295,0.000000,0.000000,0.000000,0.000000,0.000000,0.384339,0.000000,0.000000,0.000000,0.381623,0.000000,0.000000,0.000000,0.000000,0.000000,0.000000,0.000000,0.000000,0.000000,0.375163,0.000000,0.000000,0.000000,0.000000,0.000000,0.000000,0.000000,0.000000,0.000000,0.000000,0.000000,0.000000,0.000000,0.486146,0.000000,0.000000,0.000000,0.000000,0.000000,0.000000,0.000000,0.000000,0.000000,0.000000,0.000000,0.000000,0.000000,0.000000,0.000000,0.000000,0.000000,0.000000,0.000000,0.000000,0.000000,0.000000,0.000000,0.000000,0.000000,0.446042,0.000000,0.000000,0.000000,0.000000,0.000000,0.000000,0.000000,0.429811,0.000000,0.426935,0.000000,0.000000,0.000000,0.000000,0.000000,0.000000,0.000000
0.000000,0.376165,0.000000,0.392664,0.000000,0.000000,0.000000,0.000000,0.000000,0.000000,0.000000,0.362021,0.000000,0.359179,0.000000,0.000000,0.000000,0.000000,0.000000,0.427669,0.000000,0.000000,0.000000,0.406016,0.000000,0.000000,0.000000,0.000000,0.000000,0.350510,0.000000,0.000000,0.000000,0.000000,0.000000,0.000000,0.000000,0.000000,0.000000,0.000000,0.000000,0.000000,0.000000,0.000000,0.000000,0.000000,0.000000,0.000000,0.000000,0.000000,0.000000,0.000000,0.000000,0.000000,0.000000,0.000000,0.000000,0.432549,0.000000,0.000000,0.000000,0.000000,0.000000,0.000000,0.000000,0.000000,0.000000,0.000000,0.000000,0.000000,0.000000,0.000000,0.000000,0.000000,0.000000,0.000000,0.000000,0.000000,0.000000,0.000000,0.000000,0.000000,0.000000,0.000000,0.000000,0.000000,0.000000,0.000000,0.000000,0.000000
0.000000,0.000000,0.280132,0.000000,0.331954,0.000000,0.243987,0.000000,0.000000,0.000000,0.000000,0.000000,0.243605,0.000000,0.374481,0.000000,0.000000,0.000000,0.000000,0.000000,0.000000,0.000000,0.000000,0.000000,0.000000,0.000000,0.000000,0.000000,0.000000,0.000000,0.000000,0.000000,0.000000,0.000000,0.000000,0.000000,0.405018,0.000000,0.000000,0.000000,0.000000,0.000000,0.000000,0.000000,0.000000,0.000000,0.498385,0.000000,0.000000,0.000000,0.000000,0.000000,0.000000,0.000000,0.499093,0.000000,0.000000,0.000000,0.000000,0.000000,0.000000,0.000000,0.000000,0.000000,0.000000,0.000000,0.000000,0.000000,0.000000,0.000000,0.000000,0.000000,0.390221,0.000000,0.000000,0.000000,0.417389,0.000000,0.000000,0.000000,0.000000,0.000000,0.495322,0.000000,0.000000,0.000000,0.000000,0.000000,0.000000,0.000000
0.000000,0.000000,0.000000,0.000000,0.000000,0.297488,0.000000,0.000000,0.000000,0.000000,0.000000,0.000000,0.000000,0.000000,0.000000,0.333037,0.000000,0.000000,0.000000,0.000000,0.000000,0.000000,0.000000,0.000000,0.000000,0.000000,0.000000,0.000000,0.000000,0.371935,0.000000,0.000000,0.000000,0.000000,0.000000,0.000000,0.000000,0.000000,0.000000,0.517115,0.000000,0.000000,0.000000,0.000000,0.000000,0.000000,0.000000,0.515206,0.000000,0.000000,0.000000,0.000000,0.000000,0.000000,0.000000,0.520613,0.000000,0.000000,0.000000,0.000000,0.000000,0.000000,0.000000,0.000000,0.000000,0.000000,0.000000,0.000000,0.000000,0.000000,0.000000,0.388597,0.000000,0.405020,0.000000,0.000000,0.000000,0.000000,0.000000,0.000000,0.000000,0.000000,0.000000,0.451111,0.000000,0.000000,0.000000,0.000000,0.000000,0.000000
0.420299,0.000000,0.402996,0.000000,0.000000,0.000000,0.391094,0.000000,0.000000,0.000000,0.000000,0.000000,0.389159,0.000000,0.407867,0.000000,0.398633,0.000000,0.400316,0.000000,0.000000,0.000000,0.402334,0.000000,0.000000,0.000000,0.000000,0.000000,0.395526,0.000000,0.000000,0.000000,0.376873,0.000000,0.000000,0.000000,0.000000,0.000000,0.000000,0.000000,0.000000,0.000000,0.000000,0.000000,0.000000,0.000000,0.481991,0.000000,0.000000,0.000000,0.000000,0.000000,0.000000,0.000000,0.490376,0.000000,0.000000,0.000000,0.000000,0.000000,0.000000,0.000000,0.000000,0.000000,0.000000,0.000000,0.000000,0.000000,0.000000,0.000000,0.000000,0.000000,0.407935,0.419108,0.000000,0.000000,0.000000,0.000000,0.000000,0.000000,0.434208,0.000000,0.376703,0.000000,0.000000,0.000000,0.000000,0.000000,0.000000,0.000000
0.000000,0.391645,0.000000,0.000000,0.000000,0.000000,0.000000,0.362021,0.000000,0.000000,0.000000,0.000000,0.000000,0.355504,0.000000,0.000000,0.000000,0.404286,0.422691,0.448241,0.000000,0.000000,0.000000,0.000000,0.000000,0.000000,0.000000,0.000000,0.000000,0.336064,0.000000,0.000000,0.393773,0.409734,0.000000,0.000000,0.000000,0.000000,0.000000,0.000000,0.000000,0.000000,0.000000,0.000000,0.000000,0.000000,0.000000,0.000000,0.000000,0.000000,0.000000,0.000000,0.000000,0.000000,0.000000,0.000000,0.000000,0.416252,0.000000,0.000000,0.000000,0.460267,0.000000,0.482654,0.000000,0.435915,0.000000,0.000000,0.000000,0.000000,0.000000,0.000000,0.000000,0.350444,0.000000,0.000000,0.000000,0.000000,0.000000,0.000000,0.000000,0.440390,0.000000,0.219303,0.000000,0.465893,0.000000,0.000000,0.000000,0.000000
0.436299,0.000000,0.295024,0.000000,0.000000,0.000000,0.364295,0.000000,0.243605,0.000000,0.389159,0.000000,0.000000,0.000000,0.382593,0.000000,0.000000,0.000000,0.388423,0.000000,0.000000,0.000000,0.370357,0.000000,0.000000,0.000000,0.000000,0.000000,0.381469,0.000000,0.000000,0.000000,0.406006,0.000000,0.000000,0.000000,0.000000,0.000000,0.000000,0.000000,0.000000,0.000000,0.000000,0.000000,0.000000,0.000000,0.000000,0.000000,0.000000,0.000000,0.000000,0.000000,0.000000,0.000000,0.000000,0.000000,0.000000,0.000000,0.000000,0.000000,0.000000,0.000000,0.000000,0.000000,0.000000,0.000000,0.000000,0.000000,0.000000,0.000000,0.000000,0.000000,0.000000,0.000000,0.000000,0.000000,0.000000,0.000000,0.000000,0.000000,0.000000,0.000000,0.479488,0.000000,0.000000,0.000000,0.000000,0.000000,0.000000,0.000000
0.000000,0.000000,0.000000,0.000000,0.000000,0.000000,0.000000,0.359179,0.000000,0.000000,0.000000,0.355504,0.000000,0.000000,0.000000,0.304910,0.000000,0.000000,0.401795,0.415513,0.000000,0.000000,0.430279,0.000000,0.000000,0.000000,0.000000,0.000000,0.000000,0.336779,0.000000,0.000000,0.390521,0.392382,0.000000,0.000000,0.000000,0.000000,0.000000,0.000000,0.000000,0.000000,0.000000,0.000000,0.000000,0.479474,0.000000,0.556621,0.000000,0.473579,0.000000,0.000000,0.000000,0.000000,0.000000,0.000000,0.000000,0.000000,0.000000,0.000000,0.000000,0.000000,0.000000,0.000000,0.000000,0.000000,0.000000,0.475274,0.000000,0.000000,0.000000,0.000000,0.000000,0.396474,0.000000,0.000000,0.000000,0.000000,0.000000,0.000000,0.000000,0.000000,0.000000,0.000000,0.000000,0.000000,0.000000,0.000000,0.000000,0.000000
0.000000,0.000000,0.000000,0.000000,0.357871,0.000000,0.000000,0.000000,0.374481,0.000000,0.407867,0.000000,0.382593,0.000000,0.000000,0.000000,0.000000,0.000000,0.000000,0.000000,0.274156,0.000000,0.000000,0.000000,0.000000,0.000000,0.251177,0.000000,0.387721,0.000000,0.000000,0.000000,0.000000,0.000000,0.000000,0.000000,0.000000,0.000000,0.412343,0.000000,0.000000,0.000000,0.000000,0.000000,0.000000,0.000000,0.502430,0.000000,0.000000,0.000000,0.000000,0.000000,0.000000,0.000000,0.493871,0.000000,0.000000,0.000000,0.000000,0.000000,0.000000,0.000000,0.000000,0.000000,0.000000,0.000000,0.000000,0.000000,0.000000,0.000000,0.000000,0.000000,0.432667,0.000000,0.000000,0.000000,0.000000,0.000000,0.000000,0.000000,0.000000,0.000000,0.477573,0.000000,0.000000,0.000000,0.000000,0.000000,0.000000,0.000000
0.000000,0.539453,0.000000,0.000000,0.000000,0.300103,0.000000,0.000000,0.000000,0.333037,0.000000,0.000000,0.000000,0.304910,0.000000,0.000000,0.000000,0.000000,0.000000,0.000000,0.000000,0.229921,0.000000,0.000000,0.000000,0.000000,0.000000,0.287128,0.000000,0.339794,0.000000,0.000000,0.000000,0.000000,0.000000,0.448907,0.000000,0.000000,0.000000,0.509194,0.000000,0.000000,0.000000,0.513025,0.581446,0.477626,0.000000,0.527925,0.000000,0.453226,0.000000,0.000000,0.000000,0.000000,0.000000,0.534789,0.000000,0.000000,0.000000,0.000000,0.000000,0.000000,0.000000,0.000000,0.000000,0.000000,0.444203,0.000000,0.000000,0.000000,0.000000,0.000000,0.000000,0.404027,0.000000,0.000000,0.000000,0.000000,0.000000,0.000000,0.000000,0.000000,0.000000,0.434175,0.000000,0.000000,0.000000,0.000000,0.000000,0.000000
0.306387,0.000000,0.389623,0.000000,0.000000,0.000000,0.000000,0.000000,0.000000,0.000000,0.398633,0.000000,0.000000,0.000000,0.000000,0.000000,0.000000,0.000000,0.401508,0.000000,0.000000,0.000000,0.000000,0.000000,0.000000,0.000000,0.000000,0.000000,0.380491,0.000000,0.000000,0.000000,0.000000,0.000000,0.000000,0.000000,0.000000,0.000000,0.000000,0.000000,0.000000,0.000000,0.000000,0.000000,0.000000,0.000000,0.000000,0.000000,0.000000,0.000000,0.000000,0.000000,0.000000,0.000000,0.000000,0.000000,0.328266,0.000000,0.000000,0.000000,0.000000,0.000000,0.338922,0.000000,0.000000,0.000000,0.000000,0.000000,0.000000,0.000000,0.000000,0.000000,0.382227,0.000000,0.000000,0.000000,0.000000,0.000000,0.305269,0.000000,0.361704,0.000000,0.409787,0.000000,0.000000,0.000000,0.000000,0.000000,0.000000,0.000000
0.000000,0.402856,0.000000,0.000000,0.000000,0.000000,0.000000,0.000000,0.000000,0.000000,0.000000,0.404286,0.000000,0.000000,0.000000,0.000000,0.000000,0.000000,0.000000,0.000000,0.000000,0.000000,0.000000,0.000000,0.000000,0.000000,0.000000,0.000000,0.000000,0.377274,0.000000,0.000000,0.000000,0.000000,0.000000,0.000000,0.000000,0.000000,0.000000,0.000000,0.000000,0.000000,0.000000,0.000000,0.000000,0.000000,0.000000,0.000000,0.000000,0.000000,0.000000,0.000000,0.000000,0.000000,0.000000,0.000000,0.000000,0.345872,0.000000,0.452966,0.000000,0.410189,0.000000,0.392334,0.000000,0.000000,0.000000,0.000000,0.000000,0.000000,0.000000,0.000000,0.000000,0.305206,0.000000,0.000000,0.000000,0.000000,0.000000,0.244769,0.000000,0.392200,0.000000,0.300834,0.000000,0.468071,0.000000,0.000000,0.000000,0.000000
0.419422,0.555961,0.387362,0.000000,0.000000,0.000000,0.384339,0.000000,0.000000,0.000000,0.400316,0.422691,0.388423,0.401795,0.000000,0.000000,0.401508,0.000000,0.000000,0.534447,0.000000,0.000000,0.306877,0.000000,0.000000,0.000000,0.000000,0.000000,0.351775,0.000000,0.325295,0.000000,0.353186,0.496837,0.000000,0.000000,0.000000,0.000000,0.000000,0.000000,0.000000,0.000000,0.000000,0.000000,0.000000,0.000000,0.000000,0.000000,0.000000,0.000000,0.000000,0.000000,0.000000,0.000000,0.000000,0.000000,0.428869,0.541182,0.000000,0.000000,0.000000,0.000000,0.000000,0.000000,0.000000,0.000000,0.000000,0.552516,0.467998,0.548458,0.000000,0.550008,0.428567,0.452277,0.456679,0.000000,0.459087,0.514953,0.000000,0.000000,0.000000,0.000000,0.000000,0.000000,0.000000,0.000000,0.000000,0.000000,0.000000,0.000000
0.550897,0.435071,0.000000,0.362371,0.000000,0.000000,0.000000,0.427669,0.000000,0.000000,0.000000,0.448241,0.000000,0.415513,0.000000,0.000000,0.000000,0.000000,0.534447,0.000000,0.000000,0.000000,0.000000,0.305914,0.000000,0.000000,0.000000,0.000000,0.000000,0.000000,0.000000,0.000000,0.487319,0.362232,0.000000,0.000000,0.000000,0.000000,0.000000,0.000000,0.000000,0.566283,0.000000,0.000000,0.000000,0.000000,0.000000,0.000000,0.000000,0.000000,0.000000,0.000000,0.000000,0.000000,0.000000,0.000000,0.568338,0.545282,0.557857,0.000000,0.000000,0.000000,0.000000,0.000000,0.000000,0.000000,0.487700,0.400139,0.537758,0.358536,0.000000,0.554741,0.000000,0.419312,0.000000,0.456697,0.507420,0.449387,0.000000,0.000000,0.000000,0.000000,0.000000,0.000000,0.000000,0.000000,0.000000,0.000000,0.000000,0.000000
0.000000,0.000000,0.000000,0.000000,0.330860,0.000000,0.000000,0.000000,0.000000,0.000000,0.000000,0.000000,0.000000,0.000000,0.274156,0.000000,0.000000,0.000000,0.000000,0.000000,0.000000,0.445380,0.000000,0.000000,0.381933,0.505987,0.319261,0.495570,0.276849,0.000000,0.284890,0.000000,0.000000,0.000000,0.000000,0.000000,0.000000,0.000000,0.421637,0.000000,0.253278,0.000000,0.000000,0.000000,0.000000,0.000000,0.471255,0.000000,0.000000,0.000000,0.000000,0.000000,0.000000,0.000000,0.000000,0.000000,0.000000,0.000000,0.000000,0.000000,0.000000,0.000000,0.000000,0.000000,0.000000,0.000000,0.000000,0.000000,0.000000,0.000000,0.286108,0.419220,0.000000,0.000000,0.000000,0.000000,0.000000,0.000000,0.000000,0.000000,0.000000,0.000000,0.320142,0.000000,0.000000,0.000000,0.000000,0.000000,0.000000,0.000000
0.000000,0.000000,0.000000,0.000000,0.000000,0.422690,0.000000,0.000000,0.000000,0.000000,0.000000,0.000000,0.000000,0.000000,0.000000,0.229921,0.000000,0.000000,0.000000,0.000000,0.445380,0.000000,0.000000,0.345761,0.000000,0.382117,0.421033,0.349474,0.000000,0.329854,0.000000,0.336616,0.000000,0.000000,0.000000,0.000000,0.000000,0.000000,0.000000,0.000000,0.000000,0.000000,0.000000,0.000000,0.000000,0.000000,0.000000,0.000000,0.000000,0.000000,0.000000,0.000000,0.000000,0.000000,0.000000,0.000000,0.000000,0.000000,0.000000,0.000000,0.000000,0.000000,0.000000,0.000000,0.000000,0.000000,0.000000,0.000000,0.000000,0.000000,0.349003,0.284068,0.000000,0.297925,0.000000,0.000000,0.000000,0.000000,0.000000,0.000000,0.000000,0.000000,0.000000,0.350308,0.000000,0.000000,0.000000,0.000000,0.000000,0.000000
0.000000,0.000000,0.315403,0.488855,0.320963,0.493576,0.381623,0.000000,0.000000,0.000000,0.402334,0.000000,0.370357,0.430279,0.000000,0.000000,0.000000,0.000000,0.306877,0.000000,0.000000,0.000000,0.000000,0.447146,0.305932,0.524450,0.000000,0.000000,0.000000,0.000000,0.351246,0.407521,0.468605,0.000000,0.000000,0.000000,0.000000,0.000000,0.000000,0.000000,0.000000,0.000000,0.000000,0.000000,0.000000,0.000000,0.000000,0.000000,0.000000,0.000000,0.000000,0.000000,0.000000,0.000000,0.000000,0.000000,0.000000,0.000000,0.000000,0.000000,0.000000,0.000000,0.000000,0.000000,0.000000,0.000000,0.000000,0.000000,0.000000,0.000000,0.000000,0.000000,0.000000,0.000000,0.000000,0.000000,0.000000,0.000000,0.000000,0.000000,0.000000,0.000000,0.000000,0.000000,0.000000,0.000000,0.000000,0.000000,0.000000,0.000000
0.000000,0.000000,0.472069,0.312051,0.000000,0.370684,0.000000,0.406016,0.000000,0.000000,0.000000,0.000000,0.000000,0.000000,0.000000,0.000000,0.000000,0.000000,0.000000,0.305914,0.000000,0.345761,0.447146,0.000000,0.426008,0.313398,0.000000,0.000000,0.000000,0.000000,0.371312,0.346599,0.000000,0.316454,0.000000,0.000000,0.000000,0.000000,0.000000,0.000000,0.000000,0.000000,0.000000,0.000000,0.000000,0.000000,0.000000,0.000000,0.000000,0.000000,0.000000,0.000000,0.000000,0.000000,0.000000,0.000000,0.000000,0.000000,0.000000,0.000000,0.000000,0.000000,0.000000,0.000000,0.000000,0.000000,0.000000,0.000000,0.000000,0.000000,0.000000,0.000000,0.000000,0.000000,0.000000,0.000000,0.000000,0.000000,0.000000,0.000000,0.000000,0.000000,0.000000,0.000000,0.000000,0.000000,0.000000,0.000000,0.000000,0.000000
0.000000,0.000000,0.310405,0.000000,0.335671,0.526977,0.000000,0.000000,0.000000,0.000000,0.000000,0.000000,0.000000,0.000000,0.000000,0.000000,0.000000,0.000000,0.000000,0.000000,0.381933,0.000000,0.305932,0.426008,0.000000,0.530524,0.316456,0.000000,0.000000,0.000000,0.316504,0.475741,0.000000,0.000000,0.000000,0.000000,0.000000,0.000000,0.000000,0.000000,0.000000,0.000000,0.000000,0.000000,0.000000,0.000000,0.471384,0.000000,0.000000,0.000000,0.000000,0.000000,0.000000,0.000000,0.000000,0.000000,0.000000,0.000000,0.000000,0.000000,0.000000,0.000000,0.000000,0.000000,0.000000,0.000000,0.000000,0.000000,0.000000,0.000000,0.000000,0.000000,0.405187,0.000000,0.000000,0.000000,0.000000,0.000000,0.000000,0.000000,0.000000,0.000000,0.480076,0.000000,0.000000,0.000000,0.000000,0.000000,0.000000,0.000000
0.000000,0.000000,0.000000,0.334008,0.000000,0.358872,0.000000,0.000000,0.000000,0.000000,0.000000,0.000000,0.000000,0.000000,0.000000,0.000000,0.000000,0.000000,0.000000,0.000000,0.505987,0.382117,0.524450,0.313398,0.530524,0.000000,0.000000,0.346676,0.000000,0.000000,0.000000,0.375767,0.000000,0.000000,0.000000,0.000000,0.000000,0.000000,0.000000,0.000000,0.000000,0.000000,0.000000,0.000000,0.000000,0.000000,0.000000,0.000000,0.000000,0.000000,0.000000,0.000000,0.000000,0.000000,0.000000,0.000000,0.000000,0.000000,0.000000,0.000000,0.000000,0.000000,0.000000,0.000000,0.000000,0.000000,0.000000,0.000000,0.000000,0.000000,0.000000,0.336260,0.000000,0.000000,0.000000,0.000000,0.000000,0.000000,0.000000,0.000000,0.000000,0.000000,0.000000,0.000000,0.000000,0.000000,0.000000,0.000000,0.000000,0.000000
0.000000,0.000000,0.000000,0.000000,0.435634,0.000000,0.000000,0.000000,0.000000,0.000000,0.000000,0.000000,0.000000,0.000000,0.251177,0.000000,0.000000,0.000000,0.000000,0.000000,0.319261,0.421033,0.000000,0.000000,0.316456,0.000000,0.000000,0.449196,0.338311,0.000000,0.301549,0.000000,0.000000,0.000000,0.000000,0.000000,0.000000,0.000000,0.363918,0.000000,0.000000,0.000000,0.000000,0.000000,0.000000,0.000000,0.000000,0.000000,0.000000,0.000000,0.000000,0.000000,0.000000,0.000000,0.000000,0.000000,0.000000,0.000000,0.000000,0.000000,0.000000,0.000000,0.000000,0.000000,0.000000,0.000000,0.000000,0.000000,0.000000,0.000000,0.271636,0.000000,0.329830,0.000000,0.000000,0.000000,0.000000,0.000000,0.000000,0.000000,0.000000,0.000000,0.405127,0.000000,0.000000,0.000000,0.000000,0.000000,0.000000,0.000000
0.000000,0.000000,0.000000,0.000000,0.504237,0.300307,0.000000,0.000000,0.000000,0.000000,0.000000,0.000000,0.000000,0.000000,0.000000,0.287128,0.000000,0.000000,0.000000,0.000000,0.495570,0.349474,0.000000,0.000000,0.000000,0.346676,0.449196,0.000000,0.000000,0.000000,0.000000,0.350786,0.000000,0.000000,0.000000,0.000000,0.000000,0.000000,0.000000,0.000000,0.000000,0.000000,0.000000,0.000000,0.000000,0.000000,0.000000,0.000000,0.000000,0.000000,0.000000,0.000000,0.000000,0.000000,0.000000,0.000000,0.000000,0.000000,0.000000,0.000000,0.000000,0.000000,0.000000,0.000000,0.000000,0.000000,0.000000,0.000000,0.000000,0.000000,0.000000,0.253685,0.000000,0.303613,0.000000,0.000000,0.000000,0.000000,0.000000,0.000000,0.000000,0.000000,0.000000,0.000000,0.000000,0.000000,0.000000,0.000000,0.000000,0.000000
0.397171,0.000000,0.000000,0.000000,0.398460,0.000000,0.000000,0.000000,0.000000,0.000000,0.395526,0.000000,0.381469,0.000000,0.387721,0.000000,0.380491,0.000000,0.351775,0.000000,0.276849,0.000000,0.000000,0.000000,0.000000,0.000000,0.338311,0.000000,0.000000,0.000000,0.000000,0.000000,0.000000,0.000000,0.426933,0.000000,0.000000,0.000000,0.000000,0.000000,0.264975,0.000000,0.000000,0.000000,0.454653,0.000000,0.504839,0.000000,0.475797,0.000000,0.428792,0.000000,0.000000,0.000000,0.448767,0.000000,0.380378,0.000000,0.000000,0.000000,0.000000,0.000000,0.360143,0.000000,0.000000,0.000000,0.438056,0.000000,0.000000,0.000000,0.000000,0.000000,0.353863,0.447758,0.000000,0.000000,0.000000,0.000000,0.321022,0.000000,0.384506,0.000000,0.382687,0.000000,0.400350,0.000000,0.000000,0.000000,0.000000,0.000000
0.000000,0.586732,0.000000,0.000000,0.000000,0.342528,0.000000,0.350510,0.000000,0.371935,0.000000,0.336064,0.000000,0.336779,0.000000,0.339794,0.000000,0.377274,0.000000,0.000000,0.000000,0.329854,0.000000,0.000000,0.000000,0.000000,0.000000,0.000000,0.000000,0.000000,0.000000,0.000000,0.000000,0.000000,0.454826,0.460589,0.000000,0.455699,0.000000,0.000000,0.000000,0.000000,0.000000,0.481226,0.000000,0.482081,0.000000,0.495622,0.000000,0.470204,0.000000,0.000000,0.000000,0.000000,0.000000,0.479029,0.000000,0.435941,0.432031,0.442907,0.000000,0.000000,0.000000,0.486173,0.000000,0.393056,0.442636,0.457957,0.000000,0.000000,0.000000,0.000000,0.000000,0.381494,0.000000,0.000000,0.000000,0.000000,0.000000,0.366154,0.528191,0.404780,0.000000,0.387714,0.000000,0.414734,0.000000,0.000000,0.000000,0.000000
0.000000,0.000000,0.000000,0.000000,0.000000,0.000000,0.000000,0.000000,0.000000,0.000000,0.000000,0.000000,0.000000,0.000000,0.000000,0.000000,0.000000,0.000000,0.325295,0.000000,0.284890,0.000000,0.351246,0.371312,0.316504,0.000000,0.301549,0.000000,0.000000,0.000000,0.000000,0.453464,0.467994,0.000000,0.000000,0.000000,0.000000,0.000000,0.000000,0.000000,0.000000,0.000000,0.000000,0.000000,0.000000,0.000000,0.000000,0.000000,0.000000,0.000000,0.000000,0.000000,0.000000,0.000000,0.000000,0.000000,0.000000,0.000000,0.000000,0.000000,0.000000,0.000000,0.000000,0.000000,0.000000,0.000000,0.523918,0.000000,0.000000,0.000000,0.283114,0.000000,0.000000,0.000000,0.000000,0.000000,0.000000,0.000000,0.000000,0.000000,0.000000,0.000000,0.000000,0.000000,0.000000,0.000000,0.000000,0.000000,0.000000,0.000000
0.000000,0.000000,0.473049,0.336248,0.000000,0.319151,0.000000,0.000000,0.000000,0.000000,0.000000,0.000000,0.000000,0.000000,0.000000,0.000000,0.000000,0.000000,0.000000,0.000000,0.000000,0.336616,0.407521,0.346599,0.475741,0.375767,0.000000,0.350786,0.000000,0.000000,0.453464,0.000000,0.000000,0.400758,0.000000,0.000000,0.000000,0.000000,0.000000,0.000000,0.000000,0.000000,0.000000,0.000000,0.000000,0.000000,0.000000,0.000000,0.000000,0.000000,0.000000,0.000000,0.000000,0.000000,0.000000,0.000000,0.000000,0.000000,0.000000,0.000000,0.000000,0.000000,0.000000,0.000000,0.000000,0.000000,0.000000,0.000000,0.000000,0.000000,0.315739,0.356717,0.000000,0.000000,0.000000,0.000000,0.000000,0.000000,0.000000,0.000000,0.000000,0.000000,0.000000,0.000000,0.000000,0.000000,0.000000,0.000000,0.000000,0.000000
0.000000,0.000000,0.000000,0.000000,0.000000,0.000000,0.375163,0.000000,0.000000,0.000000,0.376873,0.393773,0.406006,0.390521,0.000000,0.000000,0.000000,0.000000,0.353186,0.487319,0.000000,0.000000,0.468605,0.000000,0.000000,0.000000,0.000000,0.000000,0.000000,0.000000,0.467994,0.000000,0.000000,0.454864,0.389434,0.394635,0.000000,0.000000,0.000000,0.000000,0.000000,0.000000,0.000000,0.000000,0.000000,0.000000,0.000000,0.000000,0.000000,0.000000,0.000000,0.000000,0.000000,0.000000,0.000000,0.000000,0.000000,0.000000,0.546119,0.000000,0.000000,0.000000,0.000000,0.000000,0.000000,0.000000,0.421937,0.426844,0.338224,0.546084,0.000000,0.000000,0.412714,0.519346,0.000000,0.000000,0.431649,0.000000,0.000000,0.000000,0.000000,0.000000,0.000000,0.000000,0.000000,0.000000,0.000000,0.000000,0.000000,0.000000
0.605126,0.000000,0.000000,0.000000,0.000000,0.000000,0.000000,0.000000,0.000000,0.000000,0.000000,0.409734,0.000000,0.392382,0.000000,0.000000,0.000000,0.000000,0.496837,0.362232,0.000000,0.000000,0.000000,0.316454,0.000000,0.000000,0.000000,0.000000,0.000000,0.000000,0.000000,0.400758,0.454864,0.000000,0.387851,0.437758,0.000000,0.493661,0.000000,0.000000,0.000000,0.000000,0.000000,0.000000,0.000000,0.000000,0.000000,0.000000,0.000000,0.000000,0.000000,0.000000,0.000000,0.000000,0.000000,0.000000,0.000000,0.448809,0.000000,0.000000,0.000000,0.000000,0.000000,0.000000,0.000000,0.000000,0.436435,0.420069,0.518174,0.428851,0.000000,0.000000,0.424162,0.356834,0.439699,0.000000,0.504976,0.463969,0.000000,0.000000,0.000000,0.000000,0.000000,0.000000,0.000000,0.000000,0.000000,0.000000,0.000000,0.000000
0.000000,0.000000,0.000000,0.000000,0.000000,0.000000,0.000000,0.000000,0.000000,0.000000,0.000000,0.000000,0.000000,0.000000,0.000000,0.000000,0.000000,0.000000,0.000000,0.000000,0.000000,0.000000,0.000000,0.000000,0.000000,0.000000,0.000000,0.000000,0.426933,0.454826,0.000000,0.000000,0.389434,0.387851,0.000000,0.342499,0.400899,0.662440,0.471489,0.000000,0.000000,0.000000,0.000000,0.000000,0.532444,0.633102,0.408219,0.000000,0.000000,0.000000,0.429484,0.000000,0.000000,0.000000,0.000000,0.000000,0.000000,0.000000,0.415983,0.000000,0.447916,0.000000,0.000000,0.000000,0.439555,0.000000,0.408239,0.385846,0.000000,0.000000,0.000000,0.000000,0.000000,0.000000,0.000000,0.000000,0.000000,0.000000,0.000000,0.000000,0.463225,0.000000,0.000000,0.000000,0.427949,0.000000,0.000000,0.000000,0.000000,0.000000
0.000000,0.000000,0.000000,0.000000,0.000000,0.000000,0.000000,0.000000,0.000000,0.000000,0.000000,0.000000,0.000000,0.000000,0.000000,0.448907,0.000000,0.000000,0.000000,0.000000,0.000000,0.000000,0.000000,0.000000,0.000000,0.000000,0.000000,0.000000,0.000000,0.460589,0.000000,0.000000,0.394635,0.437758,0.342499,0.000000,0.503036,0.482804,0.000000,0.539553,0.000000,0.000000,0.520582,0.506092,0.530940,0.483758,0.456263,0.000000,0.493070,0.447744,0.000000,0.000000,0.000000,0.000000,0.000000,0.000000,0.000000,0.000000,0.396508,0.000000,0.000000,0.000000,0.000000,0.000000,0.000000,0.000000,0.396159,0.388399,0.000000,0.000000,0.000000,0.000000,0.000000,0.000000,0.000000,0.000000,0.000000,0.000000,0.000000,0.000000,0.000000,0.000000,0.000000,0.411235,0.000000,0.000000,0.000000,0.000000,0.000000,0.000000
0.000000,0.000000,0.000000,0.000000,0.000000,0.000000,0.000000,0.000000,0.405018,0.000000,0.000000,0.000000,0.000000,0.000000,0.000000,0.000000,0.000000,0.000000,0.000000,0.000000,0.000000,0.000000,0.000000,0.000000,0.000000,0.000000,0.000000,0.000000,0.000000,0.000000,0.000000,0.000000,0.000000,0.000000,0.400899,0.503036,0.000000,0.475938,0.442224,0.417716,0.303568,0.000000,0.480851,0.552425,0.452801,0.529086,0.473035,0.000000,0.000000,0.580557,0.445294,0.000000,0.000000,0.000000,0.371594,0.000000,0.000000,0.000000,0.000000,0.000000,0.000000,0.000000,0.000000,0.000000,0.460669,0.000000,0.418505,0.000000,0.000000,0.000000,0.417131,0.000000,0.536319,0.000000,0.000000,0.000000,0.422544,0.000000,0.000000,0.000000,0.466454,0.000000,0.463257,0.000000,0.435682,0.000000,0.429524,0.000000,0.000000,0.000000
0.000000,0.000000,0.000000,0.000000,0.000000,0.000000,0.000000,0.000000,0.000000,0.000000,0.000000,0.000000,0.000000,0.000000,0.000000,0.000000,0.000000,0.000000,0.000000,0.000000,0.000000,0.000000,0.000000,0.000000,0.000000,0.000000,0.000000,0.000000,0.000000,0.455699,0.000000,0.000000,0.000000,0.493661,0.662440,0.482804,0.475938,0.000000,0.000000,0.486461,0.000000,0.367220,0.454057,0.495665,0.000000,0.563833,0.547687,0.496539,0.000000,0.000000,0.000000,0.000000,0.000000,0.000000,0.000000,0.423339,0.000000,0.000000,0.000000,0.000000,0.000000,0.000000,0.000000,0.000000,0.000000,0.000000,0.629142,0.497968,0.000000,0.000000,0.000000,0.000000,0.000000,0.000000,0.000000,0.000000,0.587719,0.510080,0.000000,0.000000,0.000000,0.000000,0.000000,0.423661,0.000000,0.000000,0.000000,0.404557,0.000000,0.000000
0.000000,0.000000,0.000000,0.000000,0.000000,0.000000,0.000000,0.000000,0.000000,0.000000,0.000000,0.000000,0.000000,0.000000,0.412343,0.000000,0.000000,0.000000,0.000000,0.000000,0.421637,0.000000,0.000000,0.000000,0.000000,0.000000,0.363918,0.000000,0.000000,0.000000,0.000000,0.000000,0.000000,0.000000,0.471489,0.000000,0.442224,0.000000,0.000000,0.000000,0.393793,0.000000,0.475704,0.000000,0.456489,0.000000,0.459170,0.000000,0.000000,0.000000,0.495049,0.000000,0.000000,0.000000,0.370540,0.000000,0.000000,0.000000,0.000000,0.000000,0.501649,0.000000,0.000000,0.000000,0.491516,0.000000,0.477074,0.000000,0.000000,0.000000,0.355615,0.000000,0.509041,0.000000,0.000000,0.000000,0.000000,0.000000,0.000000,0.000000,0.000000,0.000000,0.424485,0.000000,0.000000,0.000000,0.381826,0.000000,0.000000,0.000000
0.000000,0.000000,0.000000,0.000000,0.000000,0.000000,0.000000,0.000000,0.000000,0.517115,0.000000,0.000000,0.000000,0.000000,0.000000,0.509194,0.000000,0.000000,0.000000,0.000000,0.000000,0.000000,0.000000,0.000000,0.000000,0.000000,0.000000,0.000000,0.000000,0.000000,0.000000,0.000000,0.000000,0.000000,0.000000,0.539553,0.417716,0.486461,0.000000,0.000000,0.000000,0.313425,0.000000,0.491179,0.000000,0.000000,0.547242,0.411375,0.000000,0.000000,0.000000,0.000000,0.000000,0.000000,0.000000,0.398364,0.000000,0.000000,0.000000,0.000000,0.000000,0.000000,0.000000,0.000000,0.000000,0.000000,0.000000,0.545087,0.000000,0.000000,0.000000,0.000000,0.000000,0.000000,0.000000,0.000000,0.000000,0.000000,0.000000,0.000000,0.000000,0.000000,0.000000,0.421633,0.000000,0.508389,0.000000,0.404097,0.000000,0.426427
0.000000,0.000000,0.000000,0.000000,0.000000,0.000000,0.000000,0.000000,0.000000,0.000000,0.000000,0.000000,0.000000,0.000000,0.000000,0.000000,0.000000,0.000000,0.000000,0.000000,0.253278,0.000000,0.000000,0.000000,0.000000,0.000000,0.000000,0.000000,0.264975,0.000000,0.000000,0.000000,0.000000,0.000000,0.000000,0.000000,0.303568,0.000000,0.393793,0.000000,0.000000,0.000000,0.505179,0.000000,0.000000,0.000000,0.508158,0.000000,0.000000,0.000000,0.000000,0.000000,0.000000,0.000000,0.513323,0.000000,0.000000,0.000000,0.000000,0.000000,0.000000,0.000000,0.000000,0.000000,0.000000,0.000000,0.000000,0.000000,0.000000,0.000000,0.000000,0.000000,0.000000,0.000000,0.000000,0.000000,0.421452,0.000000,0.000000,0.000000,0.000000,0.000000,0.373038,0.000000,0.000000,0.000000,0.383358,0.000000,0.000000,0.000000
0.000000,0.568454,0.000000,0.000000,0.000000,0.000000,0.000000,0.000000,0.000000,0.000000,0.000000,0.000000,0.000000,0.000000,0.000000,0.000000,0.000000,0.000000,0.000000,0.566283,0.000000,0.000000,0.000000,0.000000,0.000000,0.000000,0.000000,0.000000,0.000000,0.000000,0.000000,0.000000,0.000000,0.000000,0.000000,0.000000,0.000000,0.367220,0.000000,0.313425,0.000000,0.000000,0.000000,0.000000,0.000000,0.000000,0.000000,0.515990,0.000000,0.000000,0.000000,0.000000,0.000000,0.000000,0.000000,0.562674,0.000000,0.000000,0.000000,0.000000,0.000000,0.000000,0.000000,0.000000,0.000000,0.000000,0.000000,0.563131,0.000000,0.000000,0.000000,0.000000,0.000000,0.341848,0.000000,0.000000,0.541695,0.431398,0.000000,0.000000,0.000000,0.000000,0.000000,0.370653,0.459430,0.000000,0.000000,0.000000,0.000000,0.000000
0.000000,0.000000,0.000000,0.000000,0.000000,0.000000,0.000000,0.000000,0.000000,0.000000,0.000000,0.000000,0.000000,0.000000,0.000000,0.000000,0.000000,0.000000,0.000000,0.000000,0.000000,0.000000,0.000000,0.000000,0.000000,0.000000,0.000000,0.000000,0.000000,0.000000,0.000000,0.000000,0.000000,0.000000,0.000000,0.520582,0.480851,0.454057,0.475704,0.000000,0.505179,0.000000,0.000000,0.663497,0.545196,0.669839,0.348869,0.407574,0.348713,0.000000,0.395613,0.000000,0.294460,0.000000,0.347184,0.505048,0.000000,0.000000,0.000000,0.000000,0.000000,0.000000,0.000000,0.000000,0.000000,0.000000,0.379188,0.572987,0.000000,0.000000,0.000000,0.000000,0.490481,0.608485,0.000000,0.564459,0.454916,0.000000,0.000000,0.000000,0.498374,0.000000,0.000000,0.000000,0.000000,0.000000,0.000000,0.493671,0.000000,0.000000
0.000000,0.000000,0.000000,0.000000,0.000000,0.000000,0.000000,0.000000,0.000000,0.000000,0.000000,0.000000,0.000000,0.000000,0.000000,0.513025,0.000000,0.000000,0.000000,0.000000,0.000000,0.000000,0.000000,0.000000,0.000000,0.000000,0.000000,0.000000,0.000000,0.481226,0.000000,0.000000,0.000000,0.000000,0.000000,0.506092,0.552425,0.495665,0.000000,0.491179,0.000000,0.000000,0.663497,0.000000,0.622488,0.398500,0.000000,0.390069,0.584115,0.451261,0.000000,0.368084,0.000000,0.290511,0.000000,0.449915,0.000000,0.000000,0.000000,0.000000,0.000000,0.000000,0.000000,0.000000,0.000000,0.000000,0.606701,0.434926,0.000000,0.000000,0.000000,0.000000,0.000000,0.511151,0.000000,0.000000,0.000000,0.000000,0.000000,0.000000,0.000000,0.530870,0.000000,0.514054,0.000000,0.519025,0.000000,0.508990,0.000000,0.509751
0.000000,0.000000,0.000000,0.000000,0.000000,0.000000,0.000000,0.000000,0.000000,0.000000,0.000000,0.000000,0.000000,0.000000,0.000000,0.581446,0.000000,0.000000,0.000000,0.000000,0.000000,0.000000,0.000000,0.000000,0.000000,0.000000,0.000000,0.000000,0.454653,0.000000,0.000000,0.000000,0.000000,0.000000,0.532444,0.530940,0.452801,0.000000,0.456489,0.000000,0.000000,0.000000,0.545196,0.622488,0.000000,0.585040,0.337099,0.445299,0.431868,0.479601,0.403009,0.000000,0.336663,0.000000,0.346764,0.000000,0.000000,0.000000,0.000000,0.000000,0.000000,0.000000,0.000000,0.000000,0.000000,0.000000,0.353169,0.566234,0.000000,0.000000,0.000000,0.000000,0.475072,0.610152,0.000000,0.580722,0.449542,0.000000,0.000000,0.000000,0.464965,0.000000,0.000000,0.000000,0.000000,0.000000,0.000000,0.000000,0.000000,0.000000
0.000000,0.000000,0.000000,0.000000,0.000000,0.000000,0.000000,0.000000,0.000000,0.000000,0.000000,0.000000,0.000000,0.479474,0.000000,0.477626,0.000000,0.000000,0.000000,0.000000,0.000000,0.000000,0.000000,0.000000,0.000000,0.000000,0.000000,0.000000,0.000000,0.482081,0.000000,0.000000,0.000000,0.000000,0.633102,0.483758,0.529086,0.563833,0.000000,0.000000,0.000000,0.000000,0.669839,0.398500,0.585040,0.000000,0.000000,0.425486,0.570047,0.398972,0.000000,0.473232,0.000000,0.479873,0.000000,0.467988,0.000000,0.000000,0.000000,0.265428,0.000000,0.000000,0.000000,0.000000,0.000000,0.000000,0.644640,0.398773,0.000000,0.000000,0.000000,0.000000,0.000000,0.495427,0.000000,0.495049,0.000000,0.000000,0.000000,0.000000,0.000000,0.512712,0.000000,0.000000,0.000000,0.487826,0.000000,0.488263,0.000000,0.467351
0.000000,0.000000,0.476019,0.000000,0.470422,0.000000,0.486146,0.000000,0.498385,0.000000,0.481991,0.000000,0.000000,0.000000,0.502430,0.000000,0.000000,0.000000,0.000000,0.000000,0.471255,0.000000,0.000000,0.000000,0.471384,0.000000,0.000000,0.000000,0.504839,0.000000,0.000000,0.000000,0.000000,0.000000,0.408219,0.456263,0.473035,0.547687,0.459170,0.547242,0.508158,0.000000,0.348869,0.000000,0.337099,0.000000,0.000000,0.362840,0.326075,0.000000,0.437926,0.000000,0.295554,0.000000,0.365097,0.000000,0.000000,0.000000,0.000000,0.000000,0.440647,0.000000,0.000000,0.000000,0.451887,0.000000,0.396414,0.000000,0.000000,0.000000,0.478124,0.000000,0.514644,0.000000,0.480561,0.000000,0.446350,0.000000,0.000000,0.000000,0.499579,0.000000,0.478096,0.000000,0.501690,0.000000,0.407213,0.000000,0.398811,0.000000
0.000000,0.000000,0.000000,0.000000,0.000000,0.000000,0.000000,0.000000,0.000000,0.515206,0.000000,0.000000,0.000000,0.556621,0.000000,0.527925,0.000000,0.000000,0.000000,0.000000,0.000000,0.000000,0.000000,0.000000,0.000000,0.000000,0.000000,0.000000,0.000000,0.495622,0.000000,0.000000,0.000000,0.000000,0.000000,0.000000,0.000000,0.496539,0.000000,0.411375,0.000000,0.515990,0.407574,0.390069,0.445299,0.425486,0.362840,0.000000,0.000000,0.000000,0.000000,0.000000,0.000000,0.289927,0.000000,0.449657,0.000000,0.000000,0.000000,0.000000,0.000000,0.000000,0.000000,0.000000,0.000000,0.000000,0.600435,0.420660,0.000000,0.000000,0.000000,0.000000,0.000000,0.527345,0.000000,0.000000,0.000000,0.000000,0.000000,0.000000,0.000000,0.000000,0.000000,0.511899,0.000000,0.525980,0.000000,0.492379,0.000000,0.518081
0.000000,0.000000,0.000000,0.000000,0.000000,0.000000,0.000000,0.000000,0.000000,0.000000,0.000000,0.000000,0.000000,0.000000,0.000000,0.000000,0.000000,0.000000,0.000000,0.000000,0.000000,0.000000,0.000000,0.000000,0.000000,0.000000,0.000000,0.000000,0.475797,0.000000,0.000000,0.000000,0.000000,0.000000,0.000000,0.493070,0.000000,0.000000,0.000000,0.000000,0.000000,0.000000,0.348713,0.584115,0.431868,0.570047,0.326075,0.000000,0.000000,0.565412,0.387692,0.000000,0.390382,0.000000,0.000000,0.000000,0.000000,0.000000,0.377422,0.000000,0.000000,0.000000,0.000000,0.000000,0.000000,0.000000,0.369654,0.542776,0.000000,0.000000,0.000000,0.000000,0.493394,0.000000,0.000000,0.636277,0.000000,0.000000,0.000000,0.000000,0.472578,0.000000,0.000000,0.000000,0.000000,0.000000,0.000000,0.000000,0.000000,0.000000
