0.000000,0.000000,0.433690,0.000000,0.000000,0.000000,0.379373,0.000000,0.000000,0.000000,0.386324,0.000000,0.382700,0.000000,0.000000,0.000000,0.447435,0.000000,0.430357,0.000000,0.000000,0.000000,0.000000,0.000000,0.000000,0.000000,0.000000,0.000000,0.423696,0.000000,0.000000,0.000000,0.000000,0.000000,0.000000,0.000000,0.000000,0.000000,0.000000,0.000000,0.000000,0.000000,0.000000,0.000000,0.000000,0.000000,0.000000,0.000000,0.000000,0.000000,0.000000,0.000000,0.000000,0.000000,0.000000,0.000000,0.433802,0.000000,0.000000,0.000000,0.000000,0.000000,0.000000,0.000000,0.000000,0.000000,0.000000,0.000000,0.000000,0.000000,0.000000,0.000000,0.503646,0.000000,0.000000,0.000000,0.000000,0.000000,0.000000,0.000000,0.000000,0.000000,0.000000,0.000000,0.558626,0.000000,0.000000,0.000000,0.512267,0.000000
0.000000,0.000000,0.000000,0.425221,0.000000,0.000000,0.000000,0.413212,0.000000,0.000000,0.000000,0.395980,0.000000,0.384683,0.000000,0.000000,0.000000,0.414808,0.619900,0.000000,0.000000,0.000000,0.000000,0.000000,0.000000,0.000000,0.000000,0.000000,0.000000,0.000000,0.000000,0.000000,0.000000,0.443411,0.000000,0.000000,0.000000,0.000000,0.000000,0.000000,0.000000,0.000000,0.000000,0.000000,0.000000,0.000000,0.000000,0.000000,0.000000,0.000000,0.000000,0.000000,0.000000,0.000000,0.000000,0.000000,0.000000,0.451557,0.000000,0.435459,0.000000,0.433952,0.000000,0.000000,0.000000,0.000000,0.000000,0.000000,0.000000,0.000000,0.000000,0.000000,0.000000,0.458962,0.000000,0.000000,0.000000,0.000000,0.000000,0.000000,0.000000,0.000000,0.000000,0.000000,0.000000,0.000000,0.000000,0.000000,0.000000,0.000000
0.433690,0.000000,0.000000,0.000000,0.359972,0.000000,0.369284,0.000000,0.000000,0.000000,0.443058,0.000000,0.325043,0.000000,0.000000,0.000000,0.464612,0.000000,0.290767,0.000000,0.000000,0.000000,0.351252,0.000000,0.000000,0.000000,0.000000,0.000000,0.452903,0.000000,0.000000,0.000000,0.000000,0.000000,0.000000,0.000000,0.000000,0.000000,0.000000,0.000000,0.000000,0.000000,0.000000,0.000000,0.000000,0.000000,0.531100,0.000000,0.000000,0.000000,0.000000,0.000000,0.000000,0.000000,0.526994,0.000000,0.000000,0.000000,0.000000,0.000000,0.000000,0.000000,0.000000,0.000000,0.000000,0.000000,0.000000,0.000000,0.000000,0.000000,0.000000,0.000000,0.000000,0.000000,0.000000,0.000000,0.000000,0.000000,0.000000,0.000000,0.000000,0.000000,0.465592,0.000000,0.000000,0.000000,0.000000,0.000000,0.000000,0.000000
0.000000,0.425221,0.000000,0.000000,0.000000,0.323804,0.000000,0.385261,0.000000,0.000000,0.000000,0.390934,0.000000,0.392354,0.000000,0.000000,0.000000,0.000000,0.607245,0.308597,0.000000,0.000000,0.000000,0.309862,0.000000,0.325525,0.000000,0.000000,0.000000,0.000000,0.000000,0.362248,0.000000,0.000000,0.000000,0.000000,0.000000,0.000000,0.000000,0.000000,0.000000,0.000000,0.000000,0.000000,0.000000,0.000000,0.000000,0.000000,0.000000,0.000000,0.000000,0.000000,0.000000,0.000000,0.000000,0.000000,0.000000,0.000000,0.000000,0.000000,0.000000,0.000000,0.000000,0.000000,0.000000,0.000000,0.000000,0.000000,0.000000,0.000000,0.000000,0.000000,0.000000,0.456590,0.000000,0.456376,0.568878,0.000000,0.000000,0.000000,0.000000,0.000000,0.000000,0.000000,0.000000,0.000000,0.000000,0.000000,0.000000,0.000000
0.000000,0.000000,0.359972,0.000000,0.000000,0.000000,0.000000,0.000000,0.353715,0.000000,0.000000,0.000000,0.000000,0.000000,0.419831,0.000000,0.000000,0.000000,0.000000,0.000000,0.000000,0.000000,0.412903,0.000000,0.401599,0.497831,0.330425,0.000000,0.468083,0.000000,0.406883,0.472595,0.000000,0.000000,0.000000,0.000000,0.000000,0.000000,0.000000,0.000000,0.000000,0.000000,0.000000,0.000000,0.000000,0.000000,0.000000,0.000000,0.000000,0.000000,0.000000,0.000000,0.000000,0.000000,0.551280,0.000000,0.000000,0.000000,0.000000,0.000000,0.000000,0.000000,0.000000,0.000000,0.000000,0.000000,0.000000,0.000000,0.000000,0.000000,0.000000,0.000000,0.000000,0.000000,0.000000,0.000000,0.000000,0.000000,0.000000,0.000000,0.000000,0.000000,0.477792,0.000000,0.000000,0.000000,0.000000,0.000000,0.000000,0.000000
0.000000,0.000000,0.000000,0.323804,0.000000,0.000000,0.000000,0.305895,0.000000,0.339267,0.000000,0.000000,0.000000,0.000000,0.000000,0.397836,0.000000,0.000000,0.000000,0.000000,0.000000,0.000000,0.000000,0.000000,0.000000,0.350337,0.544225,0.391240,0.000000,0.000000,0.499487,0.000000,0.000000,0.000000,0.000000,0.000000,0.000000,0.000000,0.000000,0.000000,0.000000,0.000000,0.000000,0.000000,0.000000,0.000000,0.000000,0.000000,0.000000,0.000000,0.000000,0.000000,0.000000,0.000000,0.000000,0.000000,0.000000,0.000000,0.000000,0.000000,0.000000,0.000000,0.000000,0.000000,0.000000,0.000000,0.000000,0.000000,0.000000,0.000000,0.000000,0.000000,0.000000,0.000000,0.000000,0.000000,0.000000,0.000000,0.000000,0.000000,0.000000,0.000000,0.000000,0.000000,0.000000,0.000000,0.000000,0.000000,0.000000,0.000000
0.379373,0.000000,0.369284,0.000000,0.000000,0.000000,0.000000,0.000000,0.000000,0.000000,0.373185,0.000000,0.371209,0.000000,0.000000,0.000000,0.000000,0.000000,0.000000,0.000000,0.000000,0.000000,0.000000,0.000000,0.000000,0.000000,0.000000,0.000000,0.000000,0.000000,0.000000,0.000000,0.000000,0.000000,0.000000,0.000000,0.000000,0.000000,0.000000,0.000000,0.000000,0.000000,0.000000,0.000000,0.000000,0.000000,0.000000,0.000000,0.000000,0.000000,0.000000,0.000000,0.000000,0.000000,0.000000,0.000000,0.000000,0.000000,0.000000,0.000000,0.000000,0.000000,0.000000,0.000000,0.000000,0.000000,0.000000,0.000000,0.000000,0.000000,0.000000,0.000000,0.000000,0.000000,0.000000,0.000000,0.000000,0.000000,0.000000,0.000000,0.000000,0.000000,0.000000,0.000000,0.000000,0.000000,0.000000,0.000000,0.000000,0.000000
0.000000,0.413212,0.000000,0.385261,0.000000,0.305895,0.000000,0.000000,0.000000,0.000000,0.000000,0.367171,0.000000,0.360521,0.000000,0.000000,0.000000,0.000000,0.000000,0.000000,0.000000,0.000000,0.000000,0.000000,0.000000,0.000000,0.000000,0.000000,0.000000,0.000000,0.000000,0.000000,0.000000,0.000000,0.000000,0.000000,0.000000,0.000000,0.000000,0.000000,0.000000,0.000000,0.000000,0.000000,0.000000,0.000000,0.000000,0.000000,0.000000,0.000000,0.000000,0.000000,0.000000,0.000000,0.000000,0.000000,0.000000,0.000000,0.000000,0.000000,0.000000,0.000000,0.000000,0.000000,0.000000,0.000000,0.000000,0.000000,0.000000,0.000000,0.000000,0.000000,0.000000,0.000000,0.000000,0.000000,0.000000,0.000000,0.000000,0.000000,0.000000,0.000000,0.000000,0.000000,0.000000,0.000000,0.000000,0.000000,0.000000,0.000000
0.000000,0.000000,0.000000,0.000000,0.353715,0.000000,0.000000,0.000000,0.000000,0.000000,0.000000,0.000000,0.000000,0.000000,0.356537,0.000000,0.000000,0.000000,0.000000,0.000000,0.000000,0.000000,0.000000,0.000000,0.406189,0.000000,0.402923,0.000000,0.000000,0.000000,0.000000,0.000000,0.000000,0.000000,0.000000,0.000000,0.000000,0.000000,0.000000,0.000000,0.000000,0.000000,0.000000,0.000000,0.000000,0.000000,0.000000,0.000000,0.000000,0.000000,0.000000,0.000000,0.000000,0.000000,0.000000,0.000000,0.000000,0.000000,0.000000,0.000000,0.000000,0.000000,0.000000,0.000000,0.000000,0.000000,0.000000,0.000000,0.000000,0.000000,0.000000,0.000000,0.000000,0.000000,0.000000,0.000000,0.000000,0.000000,0.000000,0.000000,0.000000,0.000000,0.000000,0.000000,0.000000,0.000000,0.000000,0.000000,0.000000,0.000000
0.000000,0.000000,0.000000,0.000000,0.000000,0.339267,0.000000,0.000000,0.000000,0.000000,0.000000,0.000000,0.000000,0.000000,0.000000,0.307742,0.000000,0.000000,0.000000,0.000000,0.000000,0.000000,0.000000,0.000000,0.000000,0.334622,0.000000,0.000000,0.000000,0.000000,0.000000,0.000000,0.000000,0.000000,0.000000,0.000000,0.000000,0.000000,0.000000,0.000000,0.000000,0.000000,0.000000,0.000000,0.000000,0.000000,0.000000,0.000000,0.000000,0.000000,0.000000,0.000000,0.000000,0.000000,0.000000,0.000000,0.000000,0.000000,0.000000,0.000000,0.000000,0.000000,0.000000,0.000000,0.000000,0.000000,0.000000,0.000000,0.000000,0.000000,0.000000,0.000000,0.000000,0.000000,0.000000,0.000000,0.000000,0.000000,0.000000,0.000000,0.000000,0.000000,0.000000,0.000000,0.000000,0.000000,0.000000,0.000000,0.000000,0.000000
0.386324,0.000000,0.443058,0.000000,0.000000,0.000000,0.373185,0.000000,0.000000,0.000000,0.000000,0.000000,0.337278,0.000000,0.000000,0.000000,0.364147,0.000000,0.000000,0.000000,0.000000,0.000000,0.000000,0.000000,0.000000,0.000000,0.000000,0.000000,0.364086,0.000000,0.000000,0.000000,0.000000,0.000000,0.000000,0.000000,0.000000,0.000000,0.000000,0.000000,0.000000,0.000000,0.000000,0.000000,0.000000,0.000000,0.000000,0.000000,0.000000,0.000000,0.000000,0.000000,0.000000,0.000000,0.000000,0.000000,0.000000,0.000000,0.000000,0.000000,0.000000,0.000000,0.000000,0.000000,0.000000,0.000000,0.000000,0.000000,0.000000,0.000000,0.000000,0.000000,0.000000,0.000000,0.000000,0.000000,0.000000,0.000000,0.000000,0.000000,0.000000,0.000000,0.000000,0.000000,0.000000,0.000000,0.000000,0.000000,0.000000,0.000000
0.000000,0.395980,0.000000,0.390934,0.000000,0.000000,0.000000,0.367171,0.000000,0.000000,0.000000,0.000000,0.000000,0.350901,0.000000,0.000000,0.000000,0.309351,0.000000,0.000000,0.000000,0.000000,0.000000,0.000000,0.000000,0.000000,0.000000,0.000000,0.000000,0.372670,0.000000,0.000000,0.000000,0.000000,0.000000,0.000000,0.000000,0.000000,0.000000,0.000000,0.000000,0.000000,0.000000,0.000000,0.000000,0.000000,0.000000,0.000000,0.000000,0.510601,0.000000,0.502811,0.000000,0.000000,0.000000,0.000000,0.000000,0.000000,0.000000,0.000000,0.000000,0.000000,0.000000,0.000000,0.000000,0.000000,0.000000,0.000000,0.000000,0.000000,0.000000,0.000000,0.000000,0.000000,0.000000,0.000000,0.000000,0.000000,0.000000,0.000000,0.000000,0.000000,0.000000,0.347294,0.000000,0.000000,0.000000,0.000000,0.000000,0.000000
0.382700,0.000000,0.325043,0.000000,0.000000,0.000000,0.371209,0.000000,0.000000,0.000000,0.337278,0.000000,0.000000,0.000000,0.333172,0.000000,0.000000,0.000000,0.000000,0.000000,0.000000,0.000000,0.389677,0.000000,0.000000,0.000000,0.000000,0.000000,0.359767,0.000000,0.000000,0.000000,0.000000,0.000000,0.000000,0.000000,0.000000,0.000000,0.000000,0.000000,0.000000,0.000000,0.000000,0.000000,0.000000,0.000000,0.000000,0.000000,0.000000,0.000000,0.000000,0.000000,0.000000,0.000000,0.000000,0.000000,0.000000,0.000000,0.000000,0.000000,0.000000,0.000000,0.000000,0.000000,0.000000,0.000000,0.000000,0.000000,0.000000,0.000000,0.000000,0.000000,0.000000,0.000000,0.000000,0.000000,0.000000,0.000000,0.000000,0.000000,0.000000,0.000000,0.000000,0.000000,0.000000,0.000000,0.000000,0.000000,0.000000,0.000000
0.000000,0.384683,0.000000,0.392354,0.000000,0.000000,0.000000,0.360521,0.000000,0.000000,0.000000,0.350901,0.000000,0.000000,0.000000,0.334180,0.000000,0.000000,0.000000,0.000000,0.000000,0.000000,0.000000,0.000000,0.000000,0.000000,0.000000,0.000000,0.000000,0.375772,0.000000,0.000000,0.000000,0.000000,0.000000,0.000000,0.000000,0.000000,0.000000,0.000000,0.000000,0.000000,0.000000,0.000000,0.000000,0.000000,0.000000,0.000000,0.000000,0.535415,0.000000,0.526099,0.000000,0.000000,0.000000,0.000000,0.000000,0.000000,0.000000,0.000000,0.000000,0.000000,0.000000,0.000000,0.000000,0.000000,0.000000,0.000000,0.000000,0.000000,0.000000,0.000000,0.000000,0.000000,0.000000,0.000000,0.000000,0.000000,0.000000,0.000000,0.000000,0.000000,0.000000,0.000000,0.000000,0.000000,0.000000,0.000000,0.000000,0.000000
0.000000,0.000000,0.000000,0.000000,0.419831,0.000000,0.000000,0.000000,0.356537,0.000000,0.000000,0.000000,0.333172,0.000000,0.000000,0.000000,0.000000,0.000000,0.000000,0.000000,0.264939,0.000000,0.000000,0.000000,0.427183,0.000000,0.404156,0.000000,0.343318,0.000000,0.000000,0.000000,0.000000,0.000000,0.000000,0.000000,0.000000,0.000000,0.323520,0.000000,0.000000,0.000000,0.000000,0.000000,0.000000,0.000000,0.000000,0.000000,0.000000,0.000000,0.000000,0.000000,0.000000,0.000000,0.000000,0.000000,0.000000,0.000000,0.000000,0.000000,0.000000,0.000000,0.000000,0.000000,0.000000,0.000000,0.000000,0.000000,0.000000,0.000000,0.248820,0.000000,0.000000,0.000000,0.000000,0.000000,0.000000,0.000000,0.000000,0.000000,0.000000,0.000000,0.251975,0.000000,0.000000,0.000000,0.000000,0.000000,0.000000,0.000000
0.000000,0.000000,0.000000,0.000000,0.000000,0.397836,0.000000,0.000000,0.000000,0.307742,0.000000,0.000000,0.000000,0.334180,0.000000,0.000000,0.000000,0.000000,0.000000,0.000000,0.000000,0.376738,0.000000,0.000000,0.000000,0.371680,0.000000,0.393321,0.000000,0.316475,0.000000,0.369343,0.000000,0.000000,0.000000,0.000000,0.000000,0.000000,0.000000,0.000000,0.000000,0.000000,0.000000,0.000000,0.000000,0.000000,0.000000,0.000000,0.000000,0.000000,0.000000,0.000000,0.000000,0.000000,0.000000,0.000000,0.000000,0.000000,0.000000,0.000000,0.000000,0.000000,0.000000,0.000000,0.000000,0.000000,0.000000,0.000000,0.000000,0.000000,0.000000,0.000000,0.000000,0.000000,0.000000,0.000000,0.000000,0.000000,0.000000,0.000000,0.000000,0.000000,0.000000,0.000000,0.000000,0.000000,0.000000,0.000000,0.000000,0.000000
0.447435,0.000000,0.464612,0.000000,0.000000,0.000000,0.000000,0.000000,0.000000,0.000000,0.364147,0.000000,0.000000,0.000000,0.000000,0.000000,0.000000,0.000000,0.472126,0.000000,0.000000,0.000000,0.000000,0.000000,0.000000,0.000000,0.000000,0.000000,0.358337,0.000000,0.000000,0.000000,0.000000,0.000000,0.000000,0.000000,0.000000,0.000000,0.000000,0.000000,0.000000,0.000000,0.000000,0.000000,0.000000,0.000000,0.000000,0.000000,0.000000,0.000000,0.000000,0.000000,0.000000,0.000000,0.000000,0.000000,0.400940,0.000000,0.457737,0.000000,0.442441,0.000000,0.367629,0.000000,0.000000,0.000000,0.000000,0.000000,0.000000,0.000000,0.000000,0.000000,0.000000,0.000000,0.000000,0.000000,0.000000,0.000000,0.354952,0.000000,0.428778,0.000000,0.000000,0.000000,0.487343,0.000000,0.000000,0.000000,0.000000,0.000000
0.000000,0.414808,0.000000,0.000000,0.000000,0.000000,0.000000,0.000000,0.000000,0.000000,0.000000,0.309351,0.000000,0.000000,0.000000,0.000000,0.000000,0.000000,0.000000,0.000000,0.000000,0.000000,0.000000,0.000000,0.000000,0.000000,0.000000,0.000000,0.000000,0.375537,0.000000,0.000000,0.000000,0.000000,0.000000,0.000000,0.000000,0.000000,0.000000,0.000000,0.000000,0.000000,0.000000,0.000000,0.000000,0.000000,0.000000,0.000000,0.000000,0.000000,0.000000,0.000000,0.000000,0.000000,0.000000,0.000000,0.000000,0.339732,0.000000,0.000000,0.000000,0.000000,0.000000,0.371407,0.000000,0.000000,0.000000,0.000000,0.000000,0.000000,0.000000,0.000000,0.000000,0.000000,0.000000,0.000000,0.000000,0.000000,0.000000,0.291684,0.000000,0.307034,0.000000,0.000000,0.000000,0.000000,0.000000,0.000000,0.000000,0.460201
0.430357,0.619900,0.290767,0.607245,0.000000,0.000000,0.000000,0.000000,0.000000,0.000000,0.000000,0.000000,0.000000,0.000000,0.000000,0.000000,0.472126,0.000000,0.000000,0.585540,0.000000,0.000000,0.281496,0.000000,0.000000,0.000000,0.000000,0.000000,0.458391,0.000000,0.346275,0.000000,0.370712,0.460682,0.000000,0.000000,0.000000,0.000000,0.000000,0.000000,0.000000,0.000000,0.000000,0.000000,0.000000,0.000000,0.000000,0.000000,0.000000,0.000000,0.000000,0.000000,0.000000,0.000000,0.000000,0.000000,0.000000,0.000000,0.493221,0.000000,0.440683,0.000000,0.000000,0.000000,0.000000,0.000000,0.000000,0.000000,0.405851,0.000000,0.000000,0.000000,0.497516,0.000000,0.000000,0.000000,0.447856,0.000000,0.000000,0.000000,0.000000,0.000000,0.000000,0.000000,0.000000,0.000000,0.000000,0.000000,0.000000,0.000000
0.000000,0.000000,0.000000,0.308597,0.000000,0.000000,0.000000,0.000000,0.000000,0.000000,0.000000,0.000000,0.000000,0.000000,0.000000,0.000000,0.000000,0.000000,0.585540,0.000000,0.000000,0.000000,0.000000,0.297609,0.000000,0.000000,0.000000,0.000000,0.000000,0.000000,0.508028,0.000000,0.000000,0.396408,0.000000,0.000000,0.000000,0.000000,0.000000,0.000000,0.000000,0.000000,0.000000,0.000000,0.000000,0.000000,0.000000,0.000000,0.000000,0.000000,0.000000,0.000000,0.000000,0.000000,0.000000,0.000000,0.000000,0.000000,0.000000,0.000000,0.000000,0.000000,0.000000,0.000000,0.000000,0.000000,0.000000,0.000000,0.000000,0.364321,0.000000,0.000000,0.000000,0.465595,0.000000,0.505634,0.000000,0.000000,0.000000,0.000000,0.000000,0.000000,0.000000,0.000000,0.000000,0.000000,0.000000,0.000000,0.000000,0.000000
0.000000,0.000000,0.000000,0.000000,0.000000,0.000000,0.000000,0.000000,0.000000,0.000000,0.000000,0.000000,0.000000,0.000000,0.264939,0.000000,0.000000,0.000000,0.000000,0.000000,0.000000,0.428279,0.000000,0.000000,0.398948,0.000000,0.300285,0.502294,0.000000,0.000000,0.409901,0.585473,0.000000,0.000000,0.000000,0.000000,0.000000,0.000000,0.000000,0.000000,0.312020,0.000000,0.000000,0.000000,0.000000,0.000000,0.000000,0.000000,0.000000,0.000000,0.000000,0.000000,0.000000,0.000000,0.000000,0.000000,0.000000,0.000000,0.000000,0.000000,0.000000,0.000000,0.000000,0.000000,0.000000,0.000000,0.000000,0.000000,0.000000,0.000000,0.264896,0.380803,0.000000,0.000000,0.000000,0.000000,0.000000,0.000000,0.000000,0.000000,0.000000,0.000000,0.000000,0.000000,0.000000,0.000000,0.000000,0.000000,0.000000,0.000000
0.000000,0.000000,0.000000,0.000000,0.000000,0.000000,0.000000,0.000000,0.000000,0.000000,0.000000,0.000000,0.000000,0.000000,0.000000,0.376738,0.000000,0.000000,0.000000,0.000000,0.428279,0.000000,0.000000,0.000000,0.000000,0.305181,0.000000,0.328476,0.000000,0.000000,0.000000,0.358512,0.000000,0.000000,0.000000,0.000000,0.000000,0.000000,0.000000,0.000000,0.000000,0.260438,0.000000,0.000000,0.000000,0.000000,0.000000,0.000000,0.000000,0.000000,0.000000,0.000000,0.000000,0.000000,0.000000,0.000000,0.000000,0.000000,0.000000,0.000000,0.000000,0.000000,0.000000,0.000000,0.000000,0.000000,0.000000,0.000000,0.000000,0.000000,0.000000,0.322174,0.000000,0.329127,0.000000,0.000000,0.000000,0.000000,0.000000,0.000000,0.000000,0.000000,0.000000,0.234005,0.000000,0.000000,0.000000,0.000000,0.000000,0.000000
0.000000,0.000000,0.351252,0.000000,0.412903,0.000000,0.000000,0.000000,0.000000,0.000000,0.000000,0.000000,0.389677,0.000000,0.000000,0.000000,0.000000,0.000000,0.281496,0.000000,0.000000,0.000000,0.000000,0.472913,0.337554,0.000000,0.000000,0.000000,0.423992,0.000000,0.380542,0.468331,0.523640,0.000000,0.000000,0.000000,0.000000,0.000000,0.000000,0.000000,0.000000,0.000000,0.527440,0.000000,0.000000,0.000000,0.513004,0.000000,0.000000,0.000000,0.000000,0.000000,0.000000,0.000000,0.000000,0.000000,0.000000,0.000000,0.460433,0.000000,0.000000,0.000000,0.000000,0.000000,0.000000,0.000000,0.000000,0.000000,0.000000,0.000000,0.000000,0.000000,0.422850,0.000000,0.000000,0.000000,0.000000,0.000000,0.000000,0.000000,0.000000,0.000000,0.466114,0.000000,0.000000,0.000000,0.000000,0.000000,0.000000,0.000000
0.000000,0.000000,0.000000,0.309862,0.000000,0.000000,0.000000,0.000000,0.000000,0.000000,0.000000,0.000000,0.000000,0.000000,0.000000,0.000000,0.000000,0.000000,0.000000,0.297609,0.000000,0.000000,0.472913,0.000000,0.491615,0.289520,0.000000,0.000000,0.000000,0.000000,0.417597,0.390633,0.000000,0.349233,0.000000,0.000000,0.000000,0.000000,0.000000,0.000000,0.000000,0.000000,0.000000,0.000000,0.000000,0.000000,0.553920,0.000000,0.000000,0.000000,0.000000,0.000000,0.000000,0.000000,0.540367,0.000000,0.000000,0.000000,0.000000,0.000000,0.000000,0.000000,0.000000,0.000000,0.000000,0.000000,0.000000,0.000000,0.000000,0.000000,0.000000,0.000000,0.538146,0.474686,0.000000,0.000000,0.000000,0.000000,0.000000,0.000000,0.000000,0.000000,0.507755,0.000000,0.000000,0.000000,0.000000,0.000000,0.000000,0.000000
0.000000,0.000000,0.000000,0.000000,0.401599,0.000000,0.000000,0.000000,0.406189,0.000000,0.000000,0.000000,0.000000,0.000000,0.427183,0.000000,0.000000,0.000000,0.000000,0.000000,0.398948,0.000000,0.337554,0.491615,0.000000,0.530091,0.386696,0.000000,0.428630,0.000000,0.429658,0.522686,0.000000,0.000000,0.000000,0.000000,0.000000,0.000000,0.000000,0.000000,0.000000,0.000000,0.000000,0.000000,0.000000,0.000000,0.000000,0.000000,0.000000,0.000000,0.000000,0.000000,0.000000,0.000000,0.000000,0.000000,0.000000,0.000000,0.000000,0.000000,0.000000,0.000000,0.000000,0.000000,0.000000,0.000000,0.000000,0.000000,0.000000,0.000000,0.000000,0.000000,0.000000,0.000000,0.000000,0.000000,0.000000,0.000000,0.000000,0.000000,0.000000,0.000000,0.488614,0.000000,0.000000,0.000000,0.000000,0.000000,0.000000,0.000000
0.000000,0.000000,0.000000,0.325525,0.497831,0.350337,0.000000,0.000000,0.000000,0.334622,0.000000,0.000000,0.000000,0.000000,0.000000,0.371680,0.000000,0.000000,0.000000,0.000000,0.000000,0.305181,0.000000,0.289520,0.530091,0.000000,0.491297,0.370348,0.000000,0.000000,0.480607,0.412679,0.000000,0.000000,0.000000,0.000000,0.000000,0.000000,0.000000,0.000000,0.000000,0.000000,0.558148,0.000000,0.000000,0.000000,0.570654,0.000000,0.000000,0.000000,0.000000,0.000000,0.000000,0.000000,0.000000,0.000000,0.000000,0.000000,0.000000,0.000000,0.000000,0.000000,0.000000,0.000000,0.000000,0.000000,0.000000,0.000000,0.000000,0.000000,0.000000,0.301329,0.000000,0.000000,0.477228,0.000000,0.497180,0.000000,0.000000,0.000000,0.000000,0.000000,0.534247,0.000000,0.000000,0.000000,0.000000,0.000000,0.000000,0.000000
0.000000,0.000000,0.000000,0.000000,0.330425,0.544225,0.000000,0.000000,0.402923,0.000000,0.000000,0.000000,0.000000,0.000000,0.404156,0.000000,0.000000,0.000000,0.000000,0.000000,0.300285,0.000000,0.000000,0.000000,0.386696,0.491297,0.000000,0.529165,0.425859,0.000000,0.436560,0.437641,0.000000,0.000000,0.000000,0.000000,0.000000,0.000000,0.000000,0.000000,0.403710,0.000000,0.000000,0.000000,0.000000,0.000000,0.000000,0.000000,0.000000,0.000000,0.000000,0.000000,0.000000,0.000000,0.000000,0.000000,0.000000,0.000000,0.000000,0.000000,0.000000,0.000000,0.000000,0.000000,0.000000,0.000000,0.000000,0.000000,0.000000,0.000000,0.000000,0.000000,0.000000,0.000000,0.000000,0.000000,0.000000,0.000000,0.000000,0.000000,0.000000,0.000000,0.474121,0.000000,0.000000,0.000000,0.000000,0.000000,0.000000,0.000000
0.000000,0.000000,0.000000,0.000000,0.000000,0.391240,0.000000,0.000000,0.000000,0.000000,0.000000,0.000000,0.000000,0.000000,0.000000,0.393321,0.000000,0.000000,0.000000,0.000000,0.502294,0.328476,0.000000,0.000000,0.000000,0.370348,0.529165,0.000000,0.000000,0.000000,0.567976,0.369007,0.000000,0.000000,0.000000,0.000000,0.000000,0.000000,0.000000,0.000000,0.000000,0.000000,0.000000,0.000000,0.000000,0.000000,0.000000,0.000000,0.000000,0.000000,0.000000,0.000000,0.000000,0.000000,0.000000,0.000000,0.000000,0.000000,0.000000,0.000000,0.000000,0.000000,0.000000,0.000000,0.000000,0.000000,0.000000,0.000000,0.000000,0.000000,0.000000,0.309376,0.000000,0.000000,0.000000,0.000000,0.000000,0.000000,0.000000,0.000000,0.000000,0.000000,0.000000,0.000000,0.000000,0.000000,0.000000,0.000000,0.000000,0.000000
0.423696,0.000000,0.452903,0.000000,0.468083,0.000000,0.000000,0.000000,0.000000,0.000000,0.364086,0.000000,0.359767,0.000000,0.343318,0.000000,0.358337,0.000000,0.458391,0.000000,0.000000,0.000000,0.423992,0.000000,0.428630,0.000000,0.425859,0.000000,0.000000,0.000000,0.000000,0.000000,0.000000,0.000000,0.000000,0.000000,0.000000,0.000000,0.000000,0.000000,0.000000,0.000000,0.000000,0.000000,0.000000,0.000000,0.000000,0.000000,0.000000,0.000000,0.000000,0.000000,0.000000,0.000000,0.000000,0.000000,0.000000,0.000000,0.436346,0.000000,0.427597,0.000000,0.000000,0.000000,0.000000,0.000000,0.000000,0.000000,0.000000,0.000000,0.000000,0.000000,0.380090,0.000000,0.000000,0.000000,0.000000,0.000000,0.000000,0.000000,0.452063,0.000000,0.248218,0.000000,0.476254,0.000000,0.000000,0.000000,0.485038,0.000000
0.000000,0.000000,0.000000,0.000000,0.000000,0.000000,0.000000,0.000000,0.000000,0.000000,0.000000,0.372670,0.000000,0.375772,0.000000,0.316475,0.000000,0.375537,0.000000,0.000000,0.000000,0.000000,0.000000,0.000000,0.000000,0.000000,0.000000,0.000000,0.000000,0.000000,0.000000,0.000000,0.000000,0.000000,0.000000,0.000000,0.000000,0.000000,0.000000,0.000000,0.000000,0.000000,0.000000,0.538143,0.000000,0.000000,0.000000,0.535310,0.000000,0.000000,0.000000,0.558619,0.000000,0.000000,0.000000,0.000000,0.000000,0.000000,0.000000,0.000000,0.000000,0.000000,0.000000,0.000000,0.000000,0.000000,0.000000,0.000000,0.000000,0.000000,0.000000,0.456146,0.000000,0.409135,0.000000,0.000000,0.000000,0.000000,0.000000,0.241476,0.000000,0.428929,0.000000,0.475110,0.000000,0.000000,0.000000,0.000000,0.000000,0.000000
0.000000,0.000000,0.000000,0.000000,0.406883,0.499487,0.000000,0.000000,0.000000,0.000000,0.000000,0.000000,0.000000,0.000000,0.000000,0.000000,0.000000,0.000000,0.346275,0.508028,0.409901,0.000000,0.380542,0.417597,0.429658,0.480607,0.436560,0.567976,0.000000,0.000000,0.000000,0.474549,0.587568,0.415944,0.000000,0.000000,0.000000,0.000000,0.000000,0.000000,0.000000,0.000000,0.000000,0.000000,0.000000,0.000000,0.000000,0.000000,0.000000,0.000000,0.000000,0.000000,0.000000,0.000000,0.000000,0.000000,0.000000,0.000000,0.000000,0.000000,0.000000,0.000000,0.000000,0.000000,0.000000,0.000000,0.586302,0.000000,0.000000,0.000000,0.000000,0.000000,0.000000,0.000000,0.000000,0.000000,0.000000,0.000000,0.000000,0.000000,0.000000,0.000000,0.000000,0.000000,0.000000,0.000000,0.000000,0.000000,0.000000,0.000000
0.000000,0.000000,0.000000,0.362248,0.472595,0.000000,0.000000,0.000000,0.000000,0.000000,0.000000,0.000000,0.000000,0.000000,0.000000,0.369343,0.000000,0.000000,0.000000,0.000000,0.585473,0.358512,0.468331,0.390633,0.522686,0.412679,0.437641,0.369007,0.000000,0.000000,0.474549,0.000000,0.000000,0.384759,0.000000,0.547240,0.000000,0.000000,0.000000,0.000000,0.000000,0.000000,0.553266,0.000000,0.000000,0.456398,0.545200,0.000000,0.000000,0.000000,0.000000,0.000000,0.000000,0.000000,0.000000,0.000000,0.000000,0.000000,0.000000,0.000000,0.000000,0.000000,0.000000,0.000000,0.000000,0.000000,0.000000,0.500623,0.000000,0.000000,0.000000,0.000000,0.522169,0.474356,0.539884,0.477879,0.000000,0.000000,0.000000,0.000000,0.000000,0.000000,0.534520,0.000000,0.000000,0.000000,0.000000,0.000000,0.000000,0.000000
0.000000,0.000000,0.000000,0.000000,0.000000,0.000000,0.000000,0.000000,0.000000,0.000000,0.000000,0.000000,0.000000,0.000000,0.000000,0.000000,0.000000,0.000000,0.370712,0.000000,0.000000,0.000000,0.523640,0.000000,0.000000,0.000000,0.000000,0.000000,0.000000,0.000000,0.587568,0.000000,0.000000,0.483266,0.414802,0.489643,0.000000,0.000000,0.000000,0.000000,0.000000,0.000000,0.497130,0.000000,0.000000,0.505442,0.560983,0.000000,0.000000,0.000000,0.000000,0.000000,0.000000,0.000000,0.000000,0.000000,0.000000,0.000000,0.471395,0.000000,0.000000,0.000000,0.000000,0.000000,0.000000,0.000000,0.477060,0.500053,0.401917,0.541890,0.000000,0.000000,0.449458,0.000000,0.000000,0.000000,0.460370,0.554651,0.000000,0.000000,0.000000,0.000000,0.000000,0.000000,0.000000,0.000000,0.000000,0.000000,0.000000,0.000000
0.000000,0.443411,0.000000,0.000000,0.000000,0.000000,0.000000,0.000000,0.000000,0.000000,0.000000,0.000000,0.000000,0.000000,0.000000,0.000000,0.000000,0.000000,0.460682,0.396408,0.000000,0.000000,0.000000,0.349233,0.000000,0.000000,0.000000,0.000000,0.000000,0.000000,0.415944,0.384759,0.483266,0.000000,0.639130,0.522387,0.000000,0.000000,0.000000,0.000000,0.000000,0.000000,0.000000,0.000000,0.000000,0.471664,0.000000,0.000000,0.000000,0.000000,0.000000,0.000000,0.000000,0.000000,0.000000,0.000000,0.000000,0.000000,0.000000,0.000000,0.000000,0.000000,0.000000,0.000000,0.000000,0.000000,0.000000,0.440544,0.000000,0.418155,0.000000,0.000000,0.000000,0.000000,0.000000,0.000000,0.508268,0.000000,0.000000,0.000000,0.000000,0.000000,0.000000,0.000000,0.000000,0.000000,0.000000,0.000000,0.000000,0.000000
0.000000,0.000000,0.000000,0.000000,0.000000,0.000000,0.000000,0.000000,0.000000,0.000000,0.000000,0.000000,0.000000,0.000000,0.000000,0.000000,0.000000,0.000000,0.000000,0.000000,0.000000,0.000000,0.000000,0.000000,0.000000,0.000000,0.000000,0.000000,0.000000,0.000000,0.000000,0.000000,0.414802,0.639130,0.000000,0.483368,0.000000,0.000000,0.000000,0.000000,0.000000,0.000000,0.000000,0.480826,0.467224,0.523400,0.000000,0.000000,0.000000,0.000000,0.000000,0.000000,0.000000,0.000000,0.000000,0.000000,0.000000,0.000000,0.000000,0.538564,0.000000,0.000000,0.000000,0.000000,0.000000,0.000000,0.289987,0.494311,0.000000,0.000000,0.000000,0.000000,0.000000,0.000000,0.000000,0.000000,0.534101,0.000000,0.000000,0.000000,0.000000,0.000000,0.000000,0.000000,0.000000,0.000000,0.000000,0.000000,0.000000,0.000000
0.000000,0.000000,0.000000,0.000000,0.000000,0.000000,0.000000,0.000000,0.000000,0.000000,0.000000,0.000000,0.000000,0.000000,0.000000,0.000000,0.000000,0.000000,0.000000,0.000000,0.000000,0.000000,0.000000,0.000000,0.000000,0.000000,0.000000,0.000000,0.000000,0.000000,0.000000,0.547240,0.489643,0.522387,0.483368,0.000000,0.000000,0.000000,0.000000,0.000000,0.000000,0.000000,0.000000,0.000000,0.531531,0.542311,0.000000,0.000000,0.000000,0.000000,0.000000,0.000000,0.000000,0.000000,0.000000,0.000000,0.000000,0.000000,0.000000,0.000000,0.000000,0.000000,0.000000,0.000000,0.000000,0.000000,0.000000,0.435514,0.000000,0.000000,0.000000,0.000000,0.000000,0.000000,0.000000,0.000000,0.000000,0.000000,0.000000,0.000000,0.000000,0.000000,0.000000,0.000000,0.000000,0.000000,0.000000,0.000000,0.000000,0.000000
0.000000,0.000000,0.000000,0.000000,0.000000,0.000000,0.000000,0.000000,0.000000,0.000000,0.000000,0.000000,0.000000,0.000000,0.000000,0.000000,0.000000,0.000000,0.000000,0.000000,0.000000,0.000000,0.000000,0.000000,0.000000,0.000000,0.000000,0.000000,0.000000,0.000000,0.000000,0.000000,0.000000,0.000000,0.000000,0.000000,0.000000,0.622461,0.355164,0.000000,0.342217,0.399120,0.000000,0.000000,0.544147,0.000000,0.446156,0.000000,0.000000,0.000000,0.470579,0.000000,0.000000,0.000000,0.466791,0.000000,0.639472,0.000000,0.571403,0.000000,0.577711,0.000000,0.000000,0.000000,0.000000,0.000000,0.540912,0.464807,0.000000,0.000000,0.406536,0.000000,0.000000,0.000000,0.000000,0.000000,0.394367,0.000000,0.000000,0.000000,0.000000,0.000000,0.387104,0.000000,0.000000,0.000000,0.000000,0.000000,0.000000,0.000000
0.000000,0.000000,0.000000,0.000000,0.000000,0.000000,0.000000,0.000000,0.000000,0.000000,0.000000,0.000000,0.000000,0.000000,0.000000,0.000000,0.000000,0.000000,0.000000,0.000000,0.000000,0.000000,0.000000,0.000000,0.000000,0.000000,0.000000,0.000000,0.000000,0.000000,0.000000,0.000000,0.000000,0.000000,0.000000,0.000000,0.622461,0.000000,0.000000,0.375401,0.439852,0.385793,0.000000,0.479333,0.000000,0.504915,0.671079,0.484390,0.000000,0.000000,0.000000,0.000000,0.000000,0.000000,0.000000,0.463338,0.000000,0.000000,0.000000,0.000000,0.000000,0.000000,0.000000,0.000000,0.000000,0.000000,0.000000,0.277588,0.000000,0.000000,0.000000,0.393162,0.589927,0.363457,0.000000,0.000000,0.000000,0.404530,0.000000,0.000000,0.000000,0.418938,0.000000,0.401290,0.000000,0.417989,0.000000,0.433074,0.000000,0.443761
0.000000,0.000000,0.000000,0.000000,0.000000,0.000000,0.000000,0.000000,0.000000,0.000000,0.000000,0.000000,0.000000,0.000000,0.323520,0.000000,0.000000,0.000000,0.000000,0.000000,0.000000,0.000000,0.000000,0.000000,0.000000,0.000000,0.000000,0.000000,0.000000,0.000000,0.000000,0.000000,0.000000,0.000000,0.000000,0.000000,0.355164,0.000000,0.000000,0.000000,0.282249,0.000000,0.470598,0.000000,0.450953,0.000000,0.411493,0.000000,0.000000,0.000000,0.000000,0.000000,0.000000,0.000000,0.351496,0.000000,0.000000,0.000000,0.000000,0.000000,0.000000,0.000000,0.000000,0.000000,0.000000,0.000000,0.445557,0.000000,0.000000,0.000000,0.000000,0.000000,0.000000,0.000000,0.000000,0.000000,0.000000,0.000000,0.000000,0.000000,0.000000,0.000000,0.417327,0.000000,0.000000,0.000000,0.000000,0.000000,0.000000,0.000000
0.000000,0.000000,0.000000,0.000000,0.000000,0.000000,0.000000,0.000000,0.000000,0.000000,0.000000,0.000000,0.000000,0.000000,0.000000,0.000000,0.000000,0.000000,0.000000,0.000000,0.000000,0.000000,0.000000,0.000000,0.000000,0.000000,0.000000,0.000000,0.000000,0.000000,0.000000,0.000000,0.000000,0.000000,0.000000,0.000000,0.000000,0.375401,0.000000,0.000000,0.000000,0.000000,0.497327,0.000000,0.503537,0.441472,0.500986,0.389096,0.000000,0.000000,0.000000,0.000000,0.000000,0.000000,0.000000,0.382028,0.000000,0.000000,0.000000,0.000000,0.000000,0.000000,0.000000,0.000000,0.000000,0.000000,0.527403,0.459857,0.000000,0.000000,0.000000,0.000000,0.000000,0.000000,0.000000,0.000000,0.000000,0.000000,0.000000,0.000000,0.000000,0.000000,0.000000,0.252143,0.000000,0.000000,0.000000,0.000000,0.000000,0.000000
0.000000,0.000000,0.000000,0.000000,0.000000,0.000000,0.000000,0.000000,0.000000,0.000000,0.000000,0.000000,0.000000,0.000000,0.000000,0.000000,0.000000,0.000000,0.000000,0.000000,0.312020,0.000000,0.000000,0.000000,0.000000,0.000000,0.403710,0.000000,0.000000,0.000000,0.000000,0.000000,0.000000,0.000000,0.000000,0.000000,0.342217,0.439852,0.282249,0.000000,0.000000,0.377522,0.000000,0.000000,0.000000,0.544442,0.531681,0.000000,0.000000,0.000000,0.448528,0.000000,0.000000,0.000000,0.458378,0.000000,0.000000,0.000000,0.547790,0.000000,0.000000,0.000000,0.000000,0.000000,0.000000,0.000000,0.524971,0.000000,0.000000,0.000000,0.344540,0.000000,0.000000,0.000000,0.000000,0.000000,0.000000,0.000000,0.000000,0.000000,0.000000,0.000000,0.334121,0.000000,0.000000,0.000000,0.000000,0.000000,0.000000,0.000000
0.000000,0.000000,0.000000,0.000000,0.000000,0.000000,0.000000,0.000000,0.000000,0.000000,0.000000,0.000000,0.000000,0.000000,0.000000,0.000000,0.000000,0.000000,0.000000,0.000000,0.000000,0.260438,0.000000,0.000000,0.000000,0.000000,0.000000,0.000000,0.000000,0.000000,0.000000,0.000000,0.000000,0.000000,0.000000,0.000000,0.399120,0.385793,0.000000,0.000000,0.377522,0.000000,0.000000,0.498499,0.000000,0.000000,0.000000,0.367574,0.000000,0.000000,0.000000,0.000000,0.000000,0.000000,0.000000,0.298114,0.000000,0.000000,0.000000,0.000000,0.000000,0.000000,0.000000,0.000000,0.000000,0.000000,0.000000,0.000000,0.000000,0.000000,0.000000,0.000000,0.000000,0.369770,0.000000,0.000000,0.000000,0.000000,0.000000,0.000000,0.000000,0.000000,0.000000,0.306371,0.000000,0.000000,0.000000,0.000000,0.000000,0.000000
0.000000,0.000000,0.000000,0.000000,0.000000,0.000000,0.000000,0.000000,0.000000,0.000000,0.000000,0.000000,0.000000,0.000000,0.000000,0.000000,0.000000,0.000000,0.000000,0.000000,0.000000,0.000000,0.527440,0.000000,0.000000,0.558148,0.000000,0.000000,0.000000,0.000000,0.000000,0.553266,0.497130,0.000000,0.000000,0.000000,0.000000,0.000000,0.470598,0.497327,0.000000,0.000000,0.000000,0.000000,0.424428,0.642225,0.380940,0.000000,0.381384,0.000000,0.252179,0.000000,0.299229,0.000000,0.463601,0.000000,0.000000,0.000000,0.000000,0.000000,0.000000,0.000000,0.000000,0.000000,0.000000,0.000000,0.447264,0.504024,0.000000,0.000000,0.000000,0.000000,0.000000,0.000000,0.000000,0.000000,0.000000,0.000000,0.000000,0.000000,0.000000,0.000000,0.480845,0.000000,0.000000,0.000000,0.000000,0.000000,0.000000,0.000000
0.000000,0.000000,0.000000,0.000000,0.000000,0.000000,0.000000,0.000000,0.000000,0.000000,0.000000,0.000000,0.000000,0.000000,0.000000,0.000000,0.000000,0.000000,0.000000,0.000000,0.000000,0.000000,0.000000,0.000000,0.000000,0.000000,0.000000,0.000000,0.000000,0.538143,0.000000,0.000000,0.000000,0.000000,0.480826,0.000000,0.000000,0.479333,0.000000,0.000000,0.000000,0.498499,0.000000,0.000000,0.650908,0.447216,0.688323,0.406631,0.515380,0.526816,0.000000,0.498670,0.000000,0.000000,0.000000,0.481198,0.000000,0.000000,0.000000,0.000000,0.000000,0.000000,0.000000,0.000000,0.000000,0.000000,0.581181,0.447166,0.000000,0.000000,0.000000,0.000000,0.000000,0.000000,0.000000,0.000000,0.000000,0.000000,0.000000,0.000000,0.000000,0.000000,0.000000,0.000000,0.000000,0.000000,0.000000,0.000000,0.000000,0.456062
0.000000,0.000000,0.000000,0.000000,0.000000,0.000000,0.000000,0.000000,0.000000,0.000000,0.000000,0.000000,0.000000,0.000000,0.000000,0.000000,0.000000,0.000000,0.000000,0.000000,0.000000,0.000000,0.000000,0.000000,0.000000,0.000000,0.000000,0.000000,0.000000,0.000000,0.000000,0.000000,0.000000,0.000000,0.467224,0.531531,0.544147,0.000000,0.450953,0.503537,0.000000,0.000000,0.424428,0.650908,0.000000,0.640901,0.443682,0.000000,0.401630,0.588289,0.446893,0.000000,0.000000,0.000000,0.439507,0.000000,0.000000,0.000000,0.000000,0.000000,0.000000,0.000000,0.000000,0.000000,0.000000,0.000000,0.441115,0.549773,0.000000,0.000000,0.000000,0.000000,0.000000,0.000000,0.000000,0.000000,0.000000,0.000000,0.000000,0.000000,0.000000,0.525280,0.000000,0.000000,0.000000,0.000000,0.000000,0.000000,0.000000,0.000000
0.000000,0.000000,0.000000,0.000000,0.000000,0.000000,0.000000,0.000000,0.000000,0.000000,0.000000,0.000000,0.000000,0.000000,0.000000,0.000000,0.000000,0.000000,0.000000,0.000000,0.000000,0.000000,0.000000,0.000000,0.000000,0.000000,0.000000,0.000000,0.000000,0.000000,0.000000,0.456398,0.505442,0.471664,0.523400,0.542311,0.000000,0.504915,0.000000,0.441472,0.544442,0.000000,0.642225,0.447216,0.640901,0.000000,0.637715,0.492441,0.637536,0.471877,0.572449,0.444082,0.000000,0.000000,0.000000,0.489697,0.000000,0.000000,0.000000,0.443437,0.000000,0.000000,0.000000,0.000000,0.000000,0.000000,0.523466,0.478596,0.000000,0.000000,0.000000,0.000000,0.000000,0.000000,0.000000,0.000000,0.000000,0.000000,0.000000,0.000000,0.000000,0.000000,0.000000,0.000000,0.000000,0.507713,0.000000,0.000000,0.000000,0.514371
0.000000,0.000000,0.531100,0.000000,0.000000,0.000000,0.000000,0.000000,0.000000,0.000000,0.000000,0.000000,0.000000,0.000000,0.000000,0.000000,0.000000,0.000000,0.000000,0.000000,0.000000,0.000000,0.513004,0.553920,0.000000,0.570654,0.000000,0.000000,0.000000,0.000000,0.000000,0.545200,0.560983,0.000000,0.000000,0.000000,0.446156,0.671079,0.411493,0.500986,0.531681,0.000000,0.380940,0.688323,0.443682,0.637715,0.000000,0.000000,0.385379,0.000000,0.411873,0.000000,0.408879,0.000000,0.387250,0.000000,0.000000,0.000000,0.000000,0.000000,0.000000,0.000000,0.000000,0.000000,0.000000,0.000000,0.438621,0.502307,0.000000,0.000000,0.000000,0.000000,0.529904,0.000000,0.000000,0.000000,0.000000,0.000000,0.000000,0.000000,0.000000,0.000000,0.436928,0.000000,0.547045,0.000000,0.000000,0.000000,0.000000,0.000000
0.000000,0.000000,0.000000,0.000000,0.000000,0.000000,0.000000,0.000000,0.000000,0.000000,0.000000,0.000000,0.000000,0.000000,0.000000,0.000000,0.000000,0.000000,0.000000,0.000000,0.000000,0.000000,0.000000,0.000000,0.000000,0.000000,0.000000,0.000000,0.000000,0.535310,0.000000,0.000000,0.000000,0.000000,0.000000,0.000000,0.000000,0.484390,0.000000,0.389096,0.000000,0.367574,0.000000,0.406631,0.000000,0.492441,0.000000,0.000000,0.000000,0.000000,0.000000,0.000000,0.000000,0.000000,0.000000,0.429416,0.000000,0.000000,0.000000,0.000000,0.000000,0.000000,0.000000,0.000000,0.000000,0.000000,0.493722,0.520102,0.000000,0.000000,0.000000,0.000000,0.000000,0.000000,0.000000,0.000000,0.000000,0.000000,0.000000,0.000000,0.000000,0.000000,0.000000,0.000000,0.000000,0.519614,0.000000,0.449140,0.000000,0.461352
0.000000,0.000000,0.000000,0.000000,0.000000,0.000000,0.000000,0.000000,0.000000,0.000000,0.000000,0.000000,0.000000,0.000000,0.000000,0.000000,0.000000,0.000000,0.000000,0.000000,0.000000,0.000000,0.000000,0.000000,0.000000,0.000000,0.000000,0.000000,0.000000,0.000000,0.000000,0.000000,0.000000,0.000000,0.000000,0.000000,0.000000,0.000000,0.000000,0.000000,0.000000,0.000000,0.381384,0.515380,0.401630,0.637536,0.385379,0.000000,0.000000,0.000000,0.403610,0.000000,0.472651,0.000000,0.460037,0.000000,0.000000,0.000000,0.445053,0.000000,0.000000,0.000000,0.000000,0.000000,0.000000,0.000000,0.415894,0.000000,0.000000,0.000000,0.000000,0.000000,0.000000,0.000000,0.000000,0.000000,0.000000,0.000000,0.000000,0.000000,0.000000,0.000000,0.000000,0.000000,0.000000,0.000000,0.000000,0.000000,0.450506,0.000000
