0.000000,0.000000,0.347781,0.000000,0.000000,0.000000,0.352827,0.000000,0.000000,0.000000,0.432457,0.000000,0.403286,0.000000,0.000000,0.000000,0.420304,0.000000,0.304162,0.000000,0.000000,0.000000,0.000000,0.000000,0.000000,0.000000,0.000000,0.000000,0.000000,0.000000,0.000000,0.000000,0.000000,0.000000,0.000000,0.000000,0.000000,0.000000,0.000000,0.000000,0.000000,0.000000,0.000000,0.000000,0.000000,0.000000,0.000000,0.000000,0.000000,0.000000,0.000000,0.000000,0.000000,0.000000,0.000000,0.000000,0.345632,0.000000,0.000000,0.000000,0.500104,0.000000,0.000000,0.000000,0.000000,0.000000,0.000000,0.000000,0.306193,0.000000,0.000000,0.000000,0.000000,0.000000,0.000000,0.000000,0.000000,0.000000,0.000000,0.000000,0.504862,0.000000,0.000000,0.000000,0.517236,0.000000,0.000000,0.000000,0.504326,0.000000
0.000000,0.000000,0.000000,0.365941,0.000000,0.000000,0.000000,0.406951,0.000000,0.000000,0.000000,0.387279,0.000000,0.400037,0.000000,0.000000,0.000000,0.244208,0.517023,0.228806,0.000000,0.000000,0.000000,0.000000,0.000000,0.000000,0.000000,0.000000,0.000000,0.000000,0.000000,0.000000,0.000000,0.000000,0.000000,0.000000,0.000000,0.000000,0.000000,0.000000,0.000000,0.000000,0.000000,0.000000,0.000000,0.000000,0.000000,0.000000,0.000000,0.000000,0.000000,0.000000,0.000000,0.000000,0.000000,0.000000,0.000000,0.358447,0.000000,0.466953,0.000000,0.486253,0.000000,0.462243,0.000000,0.471557,0.000000,0.000000,0.000000,0.000000,0.000000,0.000000,0.000000,0.349727,0.000000,0.000000,0.000000,0.000000,0.000000,0.000000,0.000000,0.000000,0.000000,0.000000,0.000000,0.000000,0.000000,0.000000,0.000000,0.000000
0.347781,0.000000,0.000000,0.508863,0.236275,0.000000,0.379431,0.000000,0.000000,0.000000,0.000000,0.000000,0.000000,0.000000,0.000000,0.000000,0.000000,0.000000,0.346295,0.000000,0.000000,0.000000,0.314386,0.504397,0.000000,0.000000,0.000000,0.000000,0.000000,0.000000,0.000000,0.000000,0.000000,0.000000,0.000000,0.000000,0.000000,0.000000,0.000000,0.000000,0.000000,0.000000,0.000000,0.000000,0.000000,0.000000,0.000000,0.000000,0.000000,0.000000,0.000000,0.000000,0.000000,0.000000,0.000000,0.000000,0.000000,0.000000,0.000000,0.000000,0.000000,0.000000,0.000000,0.000000,0.000000,0.000000,0.000000,0.000000,0.000000,0.000000,0.356539,0.000000,0.000000,0.000000,0.418199,0.000000,0.420563,0.000000,0.000000,0.000000,0.000000,0.000000,0.000000,0.000000,0.000000,0.000000,0.000000,0.000000,0.000000,0.000000
0.000000,0.365941,0.508863,0.000000,0.000000,0.000000,0.000000,0.378157,0.000000,0.000000,0.000000,0.000000,0.000000,0.000000,0.000000,0.000000,0.000000,0.000000,0.000000,0.326844,0.000000,0.433362,0.516541,0.316549,0.522568,0.338727,0.555816,0.000000,0.000000,0.000000,0.000000,0.409146,0.000000,0.361033,0.000000,0.000000,0.000000,0.000000,0.000000,0.000000,0.000000,0.000000,0.000000,0.000000,0.000000,0.000000,0.000000,0.000000,0.000000,0.000000,0.000000,0.000000,0.000000,0.000000,0.000000,0.000000,0.000000,0.000000,0.000000,0.000000,0.000000,0.000000,0.000000,0.000000,0.000000,0.000000,0.000000,0.000000,0.000000,0.000000,0.000000,0.000000,0.000000,0.364872,0.000000,0.375257,0.000000,0.414124,0.000000,0.000000,0.000000,0.000000,0.000000,0.000000,0.000000,0.000000,0.000000,0.000000,0.000000,0.000000
0.000000,0.000000,0.236275,0.000000,0.000000,0.524505,0.000000,0.000000,0.310874,0.000000,0.000000,0.000000,0.000000,0.000000,0.360531,0.000000,0.000000,0.000000,0.000000,0.000000,0.279176,0.000000,0.229358,0.000000,0.274826,0.527487,0.335183,0.570943,0.385866,0.000000,0.000000,0.000000,0.000000,0.000000,0.000000,0.000000,0.488820,0.000000,0.472229,0.000000,0.000000,0.000000,0.000000,0.000000,0.000000,0.000000,0.000000,0.000000,0.000000,0.000000,0.000000,0.000000,0.000000,0.000000,0.000000,0.000000,0.000000,0.000000,0.000000,0.000000,0.000000,0.000000,0.000000,0.000000,0.000000,0.000000,0.000000,0.000000,0.000000,0.000000,0.381498,0.000000,0.411133,0.000000,0.383950,0.000000,0.410209,0.000000,0.000000,0.000000,0.000000,0.000000,0.462616,0.000000,0.000000,0.000000,0.000000,0.000000,0.000000,0.000000
0.000000,0.000000,0.000000,0.000000,0.524505,0.000000,0.000000,0.000000,0.000000,0.305072,0.000000,0.000000,0.000000,0.000000,0.000000,0.310180,0.000000,0.000000,0.000000,0.000000,0.000000,0.279001,0.000000,0.000000,0.500816,0.400338,0.000000,0.328225,0.000000,0.390063,0.000000,0.000000,0.000000,0.000000,0.000000,0.000000,0.000000,0.398506,0.000000,0.000000,0.000000,0.000000,0.000000,0.503739,0.000000,0.000000,0.000000,0.000000,0.000000,0.000000,0.000000,0.464807,0.000000,0.000000,0.000000,0.000000,0.000000,0.000000,0.000000,0.000000,0.000000,0.000000,0.000000,0.000000,0.000000,0.430161,0.000000,0.000000,0.000000,0.000000,0.000000,0.416424,0.000000,0.416711,0.000000,0.382011,0.516173,0.431083,0.000000,0.000000,0.000000,0.000000,0.000000,0.419485,0.000000,0.434086,0.000000,0.000000,0.000000,0.000000
0.352827,0.000000,0.379431,0.000000,0.000000,0.000000,0.000000,0.000000,0.263400,0.000000,0.260861,0.000000,0.337572,0.000000,0.000000,0.000000,0.000000,0.000000,0.000000,0.000000,0.000000,0.000000,0.370830,0.457519,0.000000,0.000000,0.000000,0.000000,0.000000,0.000000,0.000000,0.000000,0.000000,0.469426,0.000000,0.000000,0.000000,0.000000,0.000000,0.000000,0.000000,0.000000,0.000000,0.000000,0.000000,0.000000,0.000000,0.000000,0.000000,0.000000,0.000000,0.000000,0.000000,0.000000,0.000000,0.000000,0.000000,0.000000,0.433045,0.000000,0.000000,0.000000,0.000000,0.000000,0.000000,0.000000,0.000000,0.000000,0.000000,0.000000,0.374449,0.465677,0.440052,0.000000,0.423633,0.000000,0.431209,0.000000,0.000000,0.000000,0.000000,0.000000,0.000000,0.000000,0.000000,0.000000,0.000000,0.000000,0.000000,0.000000
0.000000,0.406951,0.000000,0.378157,0.000000,0.000000,0.000000,0.000000,0.000000,0.247249,0.000000,0.297564,0.000000,0.357609,0.000000,0.000000,0.000000,0.000000,0.000000,0.409270,0.000000,0.000000,0.000000,0.390437,0.000000,0.000000,0.000000,0.000000,0.000000,0.434791,0.000000,0.000000,0.000000,0.374862,0.000000,0.000000,0.000000,0.000000,0.000000,0.000000,0.000000,0.000000,0.000000,0.000000,0.000000,0.000000,0.000000,0.000000,0.000000,0.000000,0.000000,0.000000,0.000000,0.000000,0.000000,0.000000,0.000000,0.000000,0.000000,0.000000,0.000000,0.000000,0.000000,0.000000,0.000000,0.000000,0.000000,0.000000,0.000000,0.000000,0.000000,0.000000,0.000000,0.426187,0.000000,0.423416,0.000000,0.428484,0.000000,0.000000,0.000000,0.432771,0.000000,0.000000,0.000000,0.000000,0.000000,0.000000,0.000000,0.000000
0.000000,0.000000,0.000000,0.000000,0.310874,0.000000,0.263400,0.000000,0.000000,0.000000,0.000000,0.000000,0.000000,0.000000,0.331274,0.000000,0.000000,0.000000,0.000000,0.000000,0.000000,0.000000,0.000000,0.000000,0.000000,0.000000,0.000000,0.000000,0.406270,0.000000,0.000000,0.000000,0.000000,0.000000,0.000000,0.000000,0.483750,0.576847,0.484747,0.000000,0.000000,0.000000,0.000000,0.000000,0.000000,0.000000,0.474316,0.000000,0.000000,0.000000,0.000000,0.000000,0.000000,0.000000,0.000000,0.000000,0.000000,0.000000,0.000000,0.000000,0.000000,0.000000,0.000000,0.000000,0.000000,0.000000,0.000000,0.000000,0.000000,0.000000,0.000000,0.000000,0.433917,0.000000,0.420922,0.000000,0.450792,0.000000,0.000000,0.000000,0.437180,0.000000,0.441731,0.000000,0.000000,0.000000,0.000000,0.000000,0.000000,0.000000
0.000000,0.000000,0.000000,0.000000,0.000000,0.305072,0.000000,0.247249,0.000000,0.000000,0.000000,0.000000,0.000000,0.000000,0.000000,0.365978,0.000000,0.000000,0.000000,0.000000,0.000000,0.000000,0.000000,0.000000,0.000000,0.000000,0.000000,0.000000,0.000000,0.000000,0.000000,0.000000,0.000000,0.000000,0.000000,0.000000,0.000000,0.403475,0.000000,0.000000,0.000000,0.000000,0.000000,0.000000,0.000000,0.000000,0.000000,0.000000,0.000000,0.000000,0.000000,0.000000,0.000000,0.000000,0.000000,0.000000,0.000000,0.000000,0.000000,0.000000,0.000000,0.000000,0.000000,0.000000,0.000000,0.000000,0.000000,0.000000,0.000000,0.000000,0.000000,0.351768,0.000000,0.398236,0.000000,0.412373,0.492745,0.407189,0.000000,0.000000,0.000000,0.000000,0.000000,0.417474,0.000000,0.000000,0.000000,0.000000,0.000000,0.000000
0.432457,0.000000,0.000000,0.000000,0.000000,0.000000,0.260861,0.000000,0.000000,0.000000,0.000000,0.000000,0.343779,0.000000,0.000000,0.000000,0.463612,0.000000,0.000000,0.000000,0.000000,0.000000,0.000000,0.000000,0.000000,0.000000,0.000000,0.000000,0.366638,0.000000,0.000000,0.000000,0.000000,0.000000,0.000000,0.000000,0.000000,0.000000,0.000000,0.000000,0.000000,0.000000,0.000000,0.000000,0.000000,0.000000,0.000000,0.000000,0.000000,0.000000,0.000000,0.000000,0.000000,0.000000,0.000000,0.000000,0.442354,0.000000,0.000000,0.000000,0.000000,0.000000,0.000000,0.000000,0.000000,0.000000,0.000000,0.000000,0.000000,0.000000,0.000000,0.000000,0.379488,0.000000,0.000000,0.000000,0.000000,0.000000,0.000000,0.000000,0.000000,0.000000,0.000000,0.000000,0.493330,0.000000,0.000000,0.000000,0.477658,0.000000
0.000000,0.387279,0.000000,0.000000,0.000000,0.000000,0.000000,0.297564,0.000000,0.000000,0.000000,0.000000,0.000000,0.404113,0.000000,0.000000,0.000000,0.434161,0.000000,0.000000,0.000000,0.000000,0.000000,0.000000,0.000000,0.000000,0.000000,0.000000,0.000000,0.361303,0.000000,0.000000,0.000000,0.000000,0.000000,0.000000,0.000000,0.000000,0.000000,0.000000,0.000000,0.000000,0.000000,0.000000,0.000000,0.000000,0.000000,0.000000,0.000000,0.000000,0.000000,0.000000,0.000000,0.000000,0.000000,0.000000,0.000000,0.000000,0.000000,0.000000,0.000000,0.000000,0.000000,0.000000,0.000000,0.000000,0.000000,0.000000,0.000000,0.000000,0.000000,0.000000,0.000000,0.399467,0.000000,0.000000,0.000000,0.000000,0.000000,0.000000,0.000000,0.000000,0.000000,0.450426,0.000000,0.000000,0.000000,0.000000,0.000000,0.000000
0.403286,0.000000,0.000000,0.000000,0.000000,0.000000,0.337572,0.000000,0.000000,0.000000,0.343779,0.000000,0.000000,0.000000,0.310093,0.000000,0.000000,0.000000,0.000000,0.000000,0.000000,0.000000,0.370001,0.000000,0.000000,0.000000,0.000000,0.000000,0.380229,0.000000,0.000000,0.000000,0.000000,0.000000,0.000000,0.000000,0.000000,0.573933,0.000000,0.000000,0.000000,0.000000,0.519025,0.000000,0.000000,0.000000,0.000000,0.000000,0.468099,0.000000,0.000000,0.000000,0.000000,0.000000,0.000000,0.000000,0.000000,0.000000,0.000000,0.000000,0.000000,0.000000,0.000000,0.000000,0.000000,0.000000,0.000000,0.000000,0.000000,0.000000,0.000000,0.000000,0.419882,0.000000,0.422795,0.000000,0.000000,0.000000,0.000000,0.000000,0.000000,0.000000,0.000000,0.000000,0.000000,0.000000,0.000000,0.000000,0.000000,0.000000
0.000000,0.400037,0.000000,0.000000,0.000000,0.000000,0.000000,0.357609,0.000000,0.000000,0.000000,0.404113,0.000000,0.000000,0.000000,0.337161,0.000000,0.000000,0.000000,0.000000,0.000000,0.000000,0.000000,0.000000,0.000000,0.000000,0.000000,0.000000,0.000000,0.365313,0.000000,0.000000,0.000000,0.000000,0.000000,0.000000,0.000000,0.000000,0.000000,0.000000,0.000000,0.000000,0.000000,0.000000,0.000000,0.000000,0.000000,0.000000,0.000000,0.000000,0.000000,0.000000,0.000000,0.000000,0.000000,0.000000,0.000000,0.000000,0.000000,0.000000,0.000000,0.000000,0.000000,0.000000,0.000000,0.000000,0.000000,0.000000,0.000000,0.000000,0.000000,0.000000,0.000000,0.412765,0.000000,0.409661,0.000000,0.000000,0.000000,0.000000,0.000000,0.000000,0.000000,0.000000,0.000000,0.000000,0.000000,0.000000,0.000000,0.000000
0.000000,0.000000,0.000000,0.000000,0.360531,0.000000,0.000000,0.000000,0.331274,0.000000,0.000000,0.000000,0.310093,0.000000,0.000000,0.000000,0.000000,0.000000,0.000000,0.000000,0.360089,0.000000,0.000000,0.000000,0.000000,0.000000,0.000000,0.000000,0.389355,0.000000,0.000000,0.000000,0.000000,0.000000,0.000000,0.000000,0.000000,0.000000,0.000000,0.000000,0.000000,0.000000,0.000000,0.000000,0.000000,0.000000,0.000000,0.000000,0.000000,0.000000,0.000000,0.000000,0.000000,0.000000,0.000000,0.000000,0.000000,0.000000,0.000000,0.000000,0.000000,0.000000,0.000000,0.000000,0.000000,0.000000,0.000000,0.000000,0.000000,0.000000,0.000000,0.000000,0.000000,0.000000,0.000000,0.000000,0.000000,0.000000,0.000000,0.000000,0.000000,0.000000,0.279698,0.000000,0.000000,0.000000,0.000000,0.000000,0.000000,0.000000
0.000000,0.000000,0.000000,0.000000,0.000000,0.310180,0.000000,0.000000,0.000000,0.365978,0.000000,0.000000,0.000000,0.337161,0.000000,0.000000,0.000000,0.000000,0.000000,0.000000,0.000000,0.000000,0.000000,0.000000,0.000000,0.000000,0.000000,0.232887,0.000000,0.385053,0.000000,0.000000,0.000000,0.000000,0.000000,0.000000,0.000000,0.000000,0.000000,0.000000,0.000000,0.000000,0.000000,0.000000,0.000000,0.000000,0.000000,0.000000,0.000000,0.000000,0.000000,0.000000,0.000000,0.000000,0.000000,0.468711,0.000000,0.000000,0.000000,0.000000,0.000000,0.000000,0.000000,0.000000,0.000000,0.000000,0.000000,0.000000,0.000000,0.000000,0.000000,0.000000,0.000000,0.374141,0.000000,0.000000,0.000000,0.000000,0.000000,0.000000,0.000000,0.420599,0.000000,0.404241,0.000000,0.436558,0.000000,0.000000,0.000000,0.000000
0.420304,0.000000,0.000000,0.000000,0.000000,0.000000,0.000000,0.000000,0.000000,0.000000,0.463612,0.000000,0.000000,0.000000,0.000000,0.000000,0.000000,0.000000,0.000000,0.000000,0.000000,0.000000,0.000000,0.000000,0.000000,0.000000,0.000000,0.000000,0.418230,0.000000,0.000000,0.000000,0.000000,0.000000,0.000000,0.000000,0.000000,0.000000,0.000000,0.000000,0.000000,0.000000,0.000000,0.000000,0.000000,0.000000,0.000000,0.000000,0.000000,0.000000,0.000000,0.000000,0.000000,0.000000,0.000000,0.000000,0.342113,0.000000,0.000000,0.000000,0.401465,0.000000,0.315650,0.000000,0.000000,0.000000,0.000000,0.000000,0.000000,0.000000,0.000000,0.000000,0.000000,0.000000,0.000000,0.000000,0.000000,0.000000,0.347761,0.000000,0.446067,0.000000,0.442956,0.000000,0.480628,0.000000,0.000000,0.000000,0.000000,0.000000
0.000000,0.244208,0.000000,0.000000,0.000000,0.000000,0.000000,0.000000,0.000000,0.000000,0.000000,0.434161,0.000000,0.000000,0.000000,0.000000,0.000000,0.000000,0.000000,0.000000,0.000000,0.000000,0.000000,0.000000,0.000000,0.000000,0.000000,0.000000,0.000000,0.373901,0.000000,0.000000,0.000000,0.000000,0.000000,0.000000,0.000000,0.000000,0.000000,0.000000,0.000000,0.000000,0.000000,0.000000,0.000000,0.000000,0.000000,0.000000,0.000000,0.000000,0.000000,0.000000,0.000000,0.000000,0.000000,0.000000,0.000000,0.309866,0.000000,0.000000,0.000000,0.000000,0.000000,0.406352,0.000000,0.000000,0.000000,0.000000,0.000000,0.000000,0.000000,0.000000,0.000000,0.385138,0.000000,0.000000,0.000000,0.000000,0.000000,0.333345,0.000000,0.351679,0.000000,0.377620,0.000000,0.000000,0.000000,0.000000,0.000000,0.000000
0.304162,0.517023,0.346295,0.000000,0.000000,0.000000,0.000000,0.000000,0.000000,0.000000,0.000000,0.000000,0.000000,0.000000,0.000000,0.000000,0.000000,0.000000,0.000000,0.520225,0.000000,0.000000,0.300021,0.510581,0.000000,0.000000,0.000000,0.000000,0.000000,0.000000,0.498902,0.000000,0.358021,0.505342,0.000000,0.000000,0.000000,0.000000,0.000000,0.000000,0.000000,0.000000,0.000000,0.000000,0.000000,0.000000,0.000000,0.000000,0.000000,0.000000,0.000000,0.000000,0.000000,0.000000,0.000000,0.000000,0.000000,0.000000,0.000000,0.000000,0.000000,0.000000,0.000000,0.000000,0.000000,0.000000,0.452451,0.000000,0.355592,0.000000,0.000000,0.000000,0.372547,0.495833,0.000000,0.000000,0.414505,0.514632,0.000000,0.000000,0.000000,0.000000,0.000000,0.000000,0.000000,0.000000,0.000000,0.000000,0.000000,0.000000
0.000000,0.228806,0.000000,0.326844,0.000000,0.000000,0.000000,0.409270,0.000000,0.000000,0.000000,0.000000,0.000000,0.000000,0.000000,0.000000,0.000000,0.000000,0.520225,0.000000,0.000000,0.000000,0.515512,0.307760,0.000000,0.000000,0.000000,0.000000,0.000000,0.000000,0.000000,0.000000,0.518499,0.372893,0.000000,0.000000,0.000000,0.000000,0.000000,0.000000,0.000000,0.000000,0.000000,0.000000,0.000000,0.000000,0.000000,0.000000,0.000000,0.000000,0.000000,0.000000,0.000000,0.000000,0.000000,0.000000,0.000000,0.000000,0.000000,0.000000,0.000000,0.000000,0.000000,0.000000,0.000000,0.000000,0.499154,0.431321,0.524538,0.339264,0.000000,0.000000,0.528658,0.389372,0.000000,0.410301,0.000000,0.438856,0.000000,0.000000,0.000000,0.000000,0.000000,0.000000,0.000000,0.000000,0.000000,0.000000,0.000000,0.000000
0.000000,0.000000,0.000000,0.000000,0.279176,0.000000,0.000000,0.000000,0.000000,0.000000,0.000000,0.000000,0.000000,0.000000,0.360089,0.000000,0.000000,0.000000,0.000000,0.000000,0.000000,0.000000,0.368804,0.000000,0.322357,0.000000,0.301604,0.000000,0.334863,0.000000,0.396410,0.000000,0.000000,0.000000,0.000000,0.000000,0.000000,0.000000,0.374119,0.000000,0.298801,0.000000,0.000000,0.000000,0.000000,0.000000,0.000000,0.000000,0.000000,0.000000,0.000000,0.000000,0.000000,0.000000,0.000000,0.000000,0.000000,0.000000,0.000000,0.000000,0.000000,0.000000,0.000000,0.000000,0.000000,0.000000,0.000000,0.000000,0.000000,0.000000,0.287149,0.000000,0.000000,0.000000,0.000000,0.000000,0.000000,0.000000,0.000000,0.000000,0.000000,0.000000,0.401709,0.000000,0.000000,0.000000,0.000000,0.000000,0.000000,0.000000
0.000000,0.000000,0.000000,0.433362,0.000000,0.279001,0.000000,0.000000,0.000000,0.000000,0.000000,0.000000,0.000000,0.000000,0.000000,0.000000,0.000000,0.000000,0.000000,0.000000,0.000000,0.000000,0.000000,0.401143,0.000000,0.395986,0.447751,0.294883,0.000000,0.000000,0.000000,0.356439,0.000000,0.000000,0.000000,0.000000,0.000000,0.000000,0.000000,0.000000,0.000000,0.297706,0.000000,0.000000,0.000000,0.000000,0.000000,0.000000,0.000000,0.000000,0.000000,0.000000,0.000000,0.000000,0.000000,0.000000,0.000000,0.000000,0.000000,0.000000,0.000000,0.000000,0.000000,0.000000,0.000000,0.000000,0.000000,0.000000,0.000000,0.000000,0.294250,0.287370,0.000000,0.316995,0.000000,0.000000,0.000000,0.000000,0.000000,0.000000,0.000000,0.000000,0.000000,0.352175,0.000000,0.000000,0.000000,0.000000,0.000000,0.000000
0.000000,0.000000,0.314386,0.516541,0.229358,0.000000,0.370830,0.000000,0.000000,0.000000,0.000000,0.000000,0.370001,0.000000,0.000000,0.000000,0.000000,0.000000,0.300021,0.515512,0.368804,0.000000,0.000000,0.478027,0.322053,0.000000,0.000000,0.000000,0.000000,0.000000,0.346186,0.451624,0.472978,0.509549,0.000000,0.000000,0.000000,0.000000,0.000000,0.000000,0.000000,0.000000,0.000000,0.000000,0.000000,0.000000,0.000000,0.000000,0.000000,0.000000,0.000000,0.000000,0.000000,0.000000,0.000000,0.000000,0.000000,0.000000,0.000000,0.000000,0.000000,0.000000,0.000000,0.000000,0.000000,0.000000,0.478820,0.474296,0.000000,0.000000,0.000000,0.000000,0.394128,0.000000,0.000000,0.000000,0.418497,0.000000,0.000000,0.000000,0.000000,0.000000,0.000000,0.000000,0.000000,0.000000,0.000000,0.000000,0.000000,0.000000
0.000000,0.000000,0.504397,0.316549,0.000000,0.000000,0.457519,0.390437,0.000000,0.000000,0.000000,0.000000,0.000000,0.000000,0.000000,0.000000,0.000000,0.000000,0.510581,0.307760,0.000000,0.401143,0.478027,0.000000,0.531098,0.364838,0.537558,0.000000,0.000000,0.379391,0.415244,0.367595,0.502004,0.390470,0.000000,0.000000,0.000000,0.000000,0.000000,0.000000,0.000000,0.000000,0.000000,0.000000,0.000000,0.000000,0.000000,0.000000,0.000000,0.000000,0.000000,0.000000,0.000000,0.000000,0.000000,0.000000,0.000000,0.000000,0.000000,0.000000,0.000000,0.000000,0.000000,0.000000,0.000000,0.000000,0.000000,0.453800,0.000000,0.000000,0.000000,0.000000,0.480844,0.396092,0.000000,0.396186,0.449596,0.421611,0.000000,0.000000,0.000000,0.000000,0.000000,0.000000,0.000000,0.000000,0.000000,0.000000,0.000000,0.000000
0.000000,0.000000,0.000000,0.522568,0.274826,0.500816,0.000000,0.000000,0.000000,0.000000,0.000000,0.000000,0.000000,0.000000,0.000000,0.000000,0.000000,0.000000,0.000000,0.000000,0.322357,0.000000,0.322053,0.531098,0.000000,0.565439,0.325491,0.556802,0.000000,0.000000,0.373023,0.451122,0.000000,0.000000,0.000000,0.000000,0.000000,0.000000,0.000000,0.000000,0.000000,0.000000,0.000000,0.000000,0.000000,0.000000,0.000000,0.000000,0.000000,0.000000,0.000000,0.000000,0.000000,0.000000,0.000000,0.000000,0.000000,0.000000,0.000000,0.000000,0.000000,0.000000,0.000000,0.000000,0.000000,0.000000,0.000000,0.000000,0.000000,0.000000,0.401874,0.000000,0.000000,0.000000,0.000000,0.000000,0.000000,0.000000,0.000000,0.000000,0.000000,0.000000,0.000000,0.000000,0.000000,0.000000,0.000000,0.000000,0.000000,0.000000
0.000000,0.000000,0.000000,0.338727,0.527487,0.400338,0.000000,0.000000,0.000000,0.000000,0.000000,0.000000,0.000000,0.000000,0.000000,0.000000,0.000000,0.000000,0.000000,0.000000,0.000000,0.395986,0.000000,0.364838,0.565439,0.000000,0.552420,0.382534,0.000000,0.000000,0.000000,0.406693,0.000000,0.000000,0.000000,0.000000,0.000000,0.470857,0.000000,0.485620,0.000000,0.000000,0.000000,0.000000,0.000000,0.000000,0.000000,0.000000,0.000000,0.000000,0.000000,0.000000,0.000000,0.000000,0.000000,0.513382,0.000000,0.000000,0.000000,0.000000,0.000000,0.000000,0.000000,0.000000,0.000000,0.000000,0.000000,0.000000,0.000000,0.000000,0.520678,0.000000,0.000000,0.000000,0.000000,0.000000,0.000000,0.000000,0.000000,0.000000,0.000000,0.000000,0.000000,0.433800,0.000000,0.000000,0.000000,0.000000,0.000000,0.000000
0.000000,0.000000,0.000000,0.555816,0.335183,0.000000,0.000000,0.000000,0.000000,0.000000,0.000000,0.000000,0.000000,0.000000,0.000000,0.000000,0.000000,0.000000,0.000000,0.000000,0.301604,0.447751,0.000000,0.537558,0.325491,0.552420,0.000000,0.359155,0.357347,0.000000,0.358491,0.000000,0.000000,0.000000,0.000000,0.000000,0.000000,0.000000,0.000000,0.000000,0.000000,0.000000,0.000000,0.000000,0.000000,0.000000,0.000000,0.000000,0.000000,0.000000,0.000000,0.000000,0.000000,0.000000,0.000000,0.000000,0.000000,0.000000,0.000000,0.000000,0.000000,0.000000,0.000000,0.000000,0.000000,0.000000,0.000000,0.000000,0.000000,0.000000,0.310146,0.000000,0.000000,0.000000,0.000000,0.000000,0.000000,0.000000,0.000000,0.000000,0.000000,0.000000,0.394135,0.000000,0.000000,0.000000,0.000000,0.000000,0.000000,0.000000
0.000000,0.000000,0.000000,0.000000,0.570943,0.328225,0.000000,0.000000,0.000000,0.000000,0.000000,0.000000,0.000000,0.000000,0.000000,0.232887,0.000000,0.000000,0.000000,0.000000,0.000000,0.294883,0.000000,0.000000,0.556802,0.382534,0.359155,0.000000,0.000000,0.000000,0.000000,0.325310,0.000000,0.000000,0.000000,0.000000,0.000000,0.000000,0.000000,0.000000,0.000000,0.341224,0.000000,0.000000,0.000000,0.000000,0.000000,0.000000,0.000000,0.000000,0.000000,0.000000,0.000000,0.000000,0.000000,0.000000,0.000000,0.000000,0.000000,0.000000,0.000000,0.000000,0.000000,0.000000,0.000000,0.000000,0.000000,0.000000,0.000000,0.000000,0.503346,0.271466,0.000000,0.313878,0.000000,0.000000,0.000000,0.000000,0.000000,0.000000,0.000000,0.000000,0.000000,0.415771,0.000000,0.000000,0.000000,0.000000,0.000000,0.000000
0.000000,0.000000,0.000000,0.000000,0.385866,0.000000,0.000000,0.000000,0.406270,0.000000,0.366638,0.000000,0.380229,0.000000,0.389355,0.000000,0.418230,0.000000,0.000000,0.000000,0.334863,0.000000,0.000000,0.000000,0.000000,0.000000,0.357347,0.000000,0.000000,0.000000,0.398296,0.000000,0.000000,0.000000,0.000000,0.000000,0.000000,0.000000,0.000000,0.000000,0.000000,0.000000,0.491511,0.000000,0.000000,0.000000,0.475540,0.000000,0.477078,0.000000,0.485703,0.000000,0.000000,0.000000,0.000000,0.000000,0.373646,0.000000,0.000000,0.000000,0.000000,0.000000,0.366381,0.000000,0.000000,0.000000,0.431009,0.000000,0.000000,0.000000,0.360248,0.000000,0.300051,0.000000,0.000000,0.000000,0.000000,0.514650,0.369488,0.000000,0.414677,0.000000,0.352091,0.000000,0.414810,0.000000,0.000000,0.000000,0.449237,0.000000
0.000000,0.000000,0.000000,0.000000,0.000000,0.390063,0.000000,0.434791,0.000000,0.000000,0.000000,0.361303,0.000000,0.365313,0.000000,0.385053,0.000000,0.373901,0.000000,0.000000,0.000000,0.000000,0.000000,0.379391,0.000000,0.000000,0.000000,0.000000,0.000000,0.000000,0.000000,0.000000,0.000000,0.000000,0.000000,0.000000,0.000000,0.000000,0.000000,0.000000,0.000000,0.000000,0.000000,0.482662,0.000000,0.000000,0.000000,0.528946,0.000000,0.452004,0.000000,0.472797,0.000000,0.000000,0.000000,0.497075,0.000000,0.000000,0.000000,0.000000,0.000000,0.000000,0.000000,0.411976,0.000000,0.000000,0.000000,0.000000,0.000000,0.000000,0.000000,0.000000,0.000000,0.325618,0.000000,0.000000,0.000000,0.000000,0.000000,0.325083,0.000000,0.432466,0.000000,0.407789,0.000000,0.463082,0.000000,0.000000,0.000000,0.457747
0.000000,0.000000,0.000000,0.000000,0.000000,0.000000,0.000000,0.000000,0.000000,0.000000,0.000000,0.000000,0.000000,0.000000,0.000000,0.000000,0.000000,0.000000,0.498902,0.000000,0.396410,0.000000,0.346186,0.415244,0.373023,0.000000,0.358491,0.000000,0.398296,0.000000,0.000000,0.388947,0.435322,0.519499,0.000000,0.000000,0.000000,0.000000,0.000000,0.000000,0.000000,0.000000,0.000000,0.000000,0.000000,0.000000,0.000000,0.000000,0.000000,0.000000,0.000000,0.000000,0.000000,0.000000,0.000000,0.000000,0.000000,0.000000,0.000000,0.000000,0.000000,0.000000,0.000000,0.000000,0.000000,0.000000,0.483289,0.466174,0.000000,0.000000,0.340000,0.000000,0.000000,0.000000,0.000000,0.000000,0.000000,0.000000,0.000000,0.000000,0.000000,0.000000,0.399829,0.000000,0.000000,0.000000,0.000000,0.000000,0.000000,0.000000
0.000000,0.000000,0.000000,0.409146,0.000000,0.000000,0.000000,0.000000,0.000000,0.000000,0.000000,0.000000,0.000000,0.000000,0.000000,0.000000,0.000000,0.000000,0.000000,0.000000,0.000000,0.356439,0.451624,0.367595,0.451122,0.406693,0.000000,0.325310,0.000000,0.000000,0.388947,0.000000,0.478926,0.394991,0.000000,0.426612,0.000000,0.000000,0.000000,0.000000,0.000000,0.000000,0.000000,0.000000,0.000000,0.000000,0.000000,0.000000,0.000000,0.000000,0.000000,0.000000,0.000000,0.000000,0.000000,0.000000,0.000000,0.000000,0.000000,0.000000,0.000000,0.000000,0.000000,0.000000,0.000000,0.000000,0.480597,0.459134,0.000000,0.000000,0.000000,0.345417,0.000000,0.000000,0.000000,0.000000,0.000000,0.000000,0.000000,0.000000,0.000000,0.000000,0.000000,0.000000,0.000000,0.000000,0.000000,0.000000,0.000000,0.000000
0.000000,0.000000,0.000000,0.000000,0.000000,0.000000,0.000000,0.000000,0.000000,0.000000,0.000000,0.000000,0.000000,0.000000,0.000000,0.000000,0.000000,0.000000,0.358021,0.518499,0.000000,0.000000,0.472978,0.502004,0.000000,0.000000,0.000000,0.000000,0.000000,0.000000,0.435322,0.478926,0.000000,0.453476,0.453219,0.407394,0.000000,0.000000,0.000000,0.000000,0.000000,0.000000,0.000000,0.000000,0.000000,0.000000,0.000000,0.000000,0.000000,0.000000,0.000000,0.000000,0.000000,0.000000,0.000000,0.000000,0.000000,0.000000,0.000000,0.000000,0.000000,0.000000,0.000000,0.000000,0.000000,0.000000,0.410482,0.413733,0.353579,0.000000,0.000000,0.000000,0.000000,0.000000,0.000000,0.000000,0.000000,0.452647,0.000000,0.000000,0.000000,0.000000,0.000000,0.000000,0.000000,0.000000,0.000000,0.000000,0.000000,0.000000
0.000000,0.000000,0.000000,0.361033,0.000000,0.000000,0.469426,0.374862,0.000000,0.000000,0.000000,0.000000,0.000000,0.000000,0.000000,0.000000,0.000000,0.000000,0.505342,0.372893,0.000000,0.000000,0.509549,0.390470,0.000000,0.000000,0.000000,0.000000,0.000000,0.000000,0.519499,0.394991,0.453476,0.000000,0.389439,0.399671,0.000000,0.000000,0.000000,0.000000,0.000000,0.000000,0.000000,0.000000,0.000000,0.000000,0.000000,0.000000,0.000000,0.000000,0.000000,0.000000,0.000000,0.000000,0.000000,0.000000,0.000000,0.402274,0.000000,0.000000,0.000000,0.000000,0.000000,0.000000,0.000000,0.000000,0.398335,0.411596,0.000000,0.387123,0.000000,0.000000,0.483187,0.374729,0.000000,0.000000,0.487556,0.409545,0.000000,0.000000,0.000000,0.432265,0.000000,0.000000,0.000000,0.000000,0.000000,0.000000,0.000000,0.000000
0.000000,0.000000,0.000000,0.000000,0.000000,0.000000,0.000000,0.000000,0.000000,0.000000,0.000000,0.000000,0.000000,0.000000,0.000000,0.000000,0.000000,0.000000,0.000000,0.000000,0.000000,0.000000,0.000000,0.000000,0.000000,0.000000,0.000000,0.000000,0.000000,0.000000,0.000000,0.000000,0.453219,0.389439,0.000000,0.413695,0.420689,0.500447,0.484059,0.000000,0.000000,0.000000,0.000000,0.575426,0.430974,0.513488,0.429702,0.000000,0.000000,0.495521,0.445924,0.000000,0.000000,0.000000,0.000000,0.469873,0.000000,0.000000,0.000000,0.000000,0.000000,0.000000,0.000000,0.000000,0.000000,0.000000,0.377706,0.375083,0.000000,0.000000,0.000000,0.000000,0.000000,0.000000,0.000000,0.000000,0.379316,0.452995,0.000000,0.000000,0.000000,0.000000,0.000000,0.000000,0.000000,0.000000,0.000000,0.000000,0.000000,0.000000
0.000000,0.000000,0.000000,0.000000,0.000000,0.000000,0.000000,0.000000,0.000000,0.000000,0.000000,0.000000,0.000000,0.000000,0.000000,0.000000,0.000000,0.000000,0.000000,0.000000,0.000000,0.000000,0.000000,0.000000,0.000000,0.000000,0.000000,0.000000,0.000000,0.000000,0.000000,0.426612,0.407394,0.399671,0.413695,0.000000,0.000000,0.460668,0.000000,0.467942,0.000000,0.000000,0.000000,0.000000,0.000000,0.000000,0.000000,0.222197,0.000000,0.000000,0.000000,0.000000,0.000000,0.000000,0.000000,0.000000,0.000000,0.000000,0.000000,0.000000,0.000000,0.000000,0.000000,0.000000,0.000000,0.000000,0.566406,0.353486,0.000000,0.000000,0.000000,0.000000,0.000000,0.000000,0.000000,0.000000,0.000000,0.000000,0.000000,0.000000,0.000000,0.000000,0.000000,0.000000,0.000000,0.000000,0.000000,0.452224,0.000000,0.000000
0.000000,0.000000,0.000000,0.000000,0.488820,0.000000,0.000000,0.000000,0.483750,0.000000,0.000000,0.000000,0.000000,0.000000,0.000000,0.000000,0.000000,0.000000,0.000000,0.000000,0.000000,0.000000,0.000000,0.000000,0.000000,0.000000,0.000000,0.000000,0.000000,0.000000,0.000000,0.000000,0.000000,0.000000,0.420689,0.000000,0.000000,0.525071,0.407093,0.000000,0.374364,0.000000,0.479637,0.501547,0.458111,0.000000,0.397567,0.487105,0.421208,0.000000,0.417557,0.000000,0.000000,0.000000,0.333972,0.000000,0.000000,0.000000,0.480864,0.000000,0.000000,0.000000,0.000000,0.000000,0.000000,0.000000,0.442481,0.000000,0.000000,0.000000,0.451137,0.000000,0.000000,0.000000,0.000000,0.000000,0.451224,0.393857,0.000000,0.000000,0.000000,0.000000,0.482643,0.000000,0.000000,0.000000,0.428035,0.000000,0.397067,0.000000
0.000000,0.000000,0.000000,0.000000,0.000000,0.398506,0.000000,0.000000,0.576847,0.403475,0.000000,0.000000,0.573933,0.000000,0.000000,0.000000,0.000000,0.000000,0.000000,0.000000,0.000000,0.000000,0.000000,0.000000,0.000000,0.470857,0.000000,0.000000,0.000000,0.000000,0.000000,0.000000,0.000000,0.000000,0.500447,0.460668,0.525071,0.000000,0.000000,0.398686,0.000000,0.447316,0.000000,0.472484,0.599300,0.000000,0.000000,0.468810,0.000000,0.000000,0.000000,0.000000,0.000000,0.000000,0.000000,0.416586,0.000000,0.000000,0.000000,0.000000,0.000000,0.000000,0.000000,0.000000,0.000000,0.000000,0.000000,0.000000,0.000000,0.000000,0.000000,0.000000,0.615419,0.000000,0.000000,0.000000,0.593737,0.403121,0.000000,0.000000,0.000000,0.000000,0.000000,0.454604,0.000000,0.000000,0.000000,0.448840,0.000000,0.415661
0.000000,0.000000,0.000000,0.000000,0.472229,0.000000,0.000000,0.000000,0.484747,0.000000,0.000000,0.000000,0.000000,0.000000,0.000000,0.000000,0.000000,0.000000,0.000000,0.000000,0.374119,0.000000,0.000000,0.000000,0.000000,0.000000,0.000000,0.000000,0.000000,0.000000,0.000000,0.000000,0.000000,0.000000,0.484059,0.000000,0.407093,0.000000,0.000000,0.000000,0.289576,0.000000,0.502459,0.000000,0.475414,0.000000,0.467214,0.000000,0.000000,0.000000,0.000000,0.000000,0.406694,0.000000,0.386606,0.000000,0.000000,0.000000,0.000000,0.000000,0.000000,0.000000,0.000000,0.000000,0.000000,0.000000,0.482398,0.000000,0.000000,0.000000,0.374531,0.000000,0.000000,0.000000,0.000000,0.000000,0.462467,0.000000,0.000000,0.000000,0.000000,0.000000,0.480654,0.000000,0.504713,0.000000,0.421396,0.000000,0.412139,0.000000
0.000000,0.000000,0.000000,0.000000,0.000000,0.000000,0.000000,0.000000,0.000000,0.000000,0.000000,0.000000,0.000000,0.000000,0.000000,0.000000,0.000000,0.000000,0.000000,0.000000,0.000000,0.000000,0.000000,0.000000,0.000000,0.485620,0.000000,0.000000,0.000000,0.000000,0.000000,0.000000,0.000000,0.000000,0.000000,0.467942,0.000000,0.398686,0.000000,0.000000,0.000000,0.283078,0.000000,0.439196,0.000000,0.000000,0.000000,0.407368,0.000000,0.000000,0.000000,0.000000,0.000000,0.000000,0.000000,0.412453,0.000000,0.000000,0.000000,0.000000,0.000000,0.000000,0.000000,0.000000,0.000000,0.000000,0.000000,0.466789,0.000000,0.000000,0.000000,0.000000,0.000000,0.000000,0.000000,0.000000,0.000000,0.451402,0.000000,0.000000,0.000000,0.000000,0.000000,0.474441,0.000000,0.488028,0.000000,0.457444,0.000000,0.429357
0.000000,0.000000,0.000000,0.000000,0.000000,0.000000,0.000000,0.000000,0.000000,0.000000,0.000000,0.000000,0.000000,0.000000,0.000000,0.000000,0.000000,0.000000,0.000000,0.000000,0.298801,0.000000,0.000000,0.000000,0.000000,0.000000,0.000000,0.000000,0.000000,0.000000,0.000000,0.000000,0.000000,0.000000,0.000000,0.000000,0.374364,0.000000,0.289576,0.000000,0.000000,0.000000,0.000000,0.000000,0.000000,0.000000,0.000000,0.000000,0.000000,0.000000,0.000000,0.000000,0.000000,0.000000,0.000000,0.000000,0.000000,0.000000,0.000000,0.000000,0.000000,0.000000,0.000000,0.000000,0.000000,0.000000,0.000000,0.000000,0.000000,0.000000,0.308411,0.000000,0.473073,0.000000,0.000000,0.000000,0.392944,0.000000,0.000000,0.000000,0.000000,0.000000,0.366482,0.000000,0.000000,0.000000,0.328914,0.000000,0.000000,0.000000
0.000000,0.000000,0.000000,0.000000,0.000000,0.000000,0.000000,0.000000,0.000000,0.000000,0.000000,0.000000,0.000000,0.000000,0.000000,0.000000,0.000000,0.000000,0.000000,0.000000,0.000000,0.297706,0.000000,0.000000,0.000000,0.000000,0.000000,0.341224,0.000000,0.000000,0.000000,0.000000,0.000000,0.000000,0.000000,0.000000,0.000000,0.447316,0.000000,0.283078,0.000000,0.000000,0.000000,0.490234,0.000000,0.000000,0.000000,0.000000,0.000000,0.000000,0.000000,0.000000,0.000000,0.497901,0.000000,0.321724,0.000000,0.000000,0.000000,0.000000,0.000000,0.000000,0.000000,0.000000,0.000000,0.000000,0.000000,0.000000,0.000000,0.000000,0.000000,0.000000,0.000000,0.347755,0.000000,0.000000,0.000000,0.000000,0.000000,0.000000,0.000000,0.000000,0.000000,0.345633,0.000000,0.459882,0.000000,0.393186,0.000000,0.000000
0.000000,0.000000,0.000000,0.000000,0.000000,0.000000,0.000000,0.000000,0.000000,0.000000,0.000000,0.000000,0.519025,0.000000,0.000000,0.000000,0.000000,0.000000,0.000000,0.000000,0.000000,0.000000,0.000000,0.000000,0.000000,0.000000,0.000000,0.000000,0.491511,0.000000,0.000000,0.000000,0.000000,0.000000,0.000000,0.000000,0.479637,0.000000,0.502459,0.000000,0.000000,0.000000,0.000000,0.597316,0.402606,0.589096,0.403044,0.393963,0.420471,0.306882,0.460435,0.000000,0.360917,0.000000,0.000000,0.000000,0.000000,0.000000,0.000000,0.000000,0.000000,0.000000,0.000000,0.000000,0.000000,0.000000,0.392543,0.402360,0.000000,0.000000,0.000000,0.000000,0.493830,0.000000,0.000000,0.000000,0.000000,0.000000,0.000000,0.000000,0.500999,0.492979,0.499829,0.000000,0.503746,0.000000,0.512015,0.489986,0.518267,0.000000
0.000000,0.000000,0.000000,0.000000,0.000000,0.503739,0.000000,0.000000,0.000000,0.000000,0.000000,0.000000,0.000000,0.000000,0.000000,0.000000,0.000000,0.000000,0.000000,0.000000,0.000000,0.000000,0.000000,0.000000,0.000000,0.000000,0.000000,0.000000,0.000000,0.482662,0.000000,0.000000,0.000000,0.000000,0.575426,0.000000,0.501547,0.472484,0.000000,0.439196,0.000000,0.490234,0.597316,0.000000,0.622929,0.393511,0.258257,0.374039,0.634989,0.436857,0.000000,0.314120,0.000000,0.343053,0.000000,0.434540,0.000000,0.000000,0.000000,0.000000,0.000000,0.000000,0.000000,0.000000,0.000000,0.000000,0.000000,0.372992,0.000000,0.000000,0.000000,0.000000,0.000000,0.492372,0.000000,0.000000,0.000000,0.000000,0.000000,0.000000,0.000000,0.489823,0.000000,0.464273,0.000000,0.461855,0.000000,0.472024,0.000000,0.479361
0.000000,0.000000,0.000000,0.000000,0.000000,0.000000,0.000000,0.000000,0.000000,0.000000,0.000000,0.000000,0.000000,0.000000,0.000000,0.000000,0.000000,0.000000,0.000000,0.000000,0.000000,0.000000,0.000000,0.000000,0.000000,0.000000,0.000000,0.000000,0.000000,0.000000,0.000000,0.000000,0.000000,0.000000,0.430974,0.000000,0.458111,0.599300,0.475414,0.000000,0.000000,0.000000,0.402606,0.622929,0.000000,0.625928,0.437637,0.000000,0.377294,0.000000,0.397011,0.000000,0.000000,0.000000,0.000000,0.000000,0.000000,0.000000,0.000000,0.000000,0.000000,0.000000,0.000000,0.000000,0.000000,0.000000,0.373151,0.373367,0.000000,0.000000,0.000000,0.000000,0.496743,0.000000,0.000000,0.000000,0.000000,0.000000,0.000000,0.000000,0.463132,0.000000,0.520451,0.000000,0.512290,0.000000,0.000000,0.000000,0.000000,0.000000
0.000000,0.000000,0.000000,0.000000,0.000000,0.000000,0.000000,0.000000,0.000000,0.000000,0.000000,0.000000,0.000000,0.000000,0.000000,0.000000,0.000000,0.000000,0.000000,0.000000,0.000000,0.000000,0.000000,0.000000,0.000000,0.000000,0.000000,0.000000,0.000000,0.000000,0.000000,0.000000,0.000000,0.000000,0.513488,0.000000,0.000000,0.000000,0.000000,0.000000,0.000000,0.000000,0.589096,0.393511,0.625928,0.000000,0.000000,0.000000,0.639314,0.385185,0.628923,0.375515,0.000000,0.000000,0.000000,0.000000,0.000000,0.000000,0.613563,0.349735,0.000000,0.000000,0.000000,0.000000,0.000000,0.000000,0.527589,0.389364,0.000000,0.000000,0.000000,0.000000,0.000000,0.000000,0.000000,0.000000,0.000000,0.000000,0.000000,0.000000,0.000000,0.000000,0.000000,0.000000,0.000000,0.000000,0.000000,0.000000,0.000000,0.000000
0.000000,0.000000,0.000000,0.000000,0.000000,0.000000,0.000000,0.000000,0.474316,0.000000,0.000000,0.000000,0.000000,0.000000,0.000000,0.000000,0.000000,0.000000,0.000000,0.000000,0.000000,0.000000,0.000000,0.000000,0.000000,0.000000,0.000000,0.000000,0.475540,0.000000,0.000000,0.000000,0.000000,0.000000,0.429702,0.000000,0.397567,0.000000,0.467214,0.000000,0.000000,0.000000,0.403044,0.258257,0.437637,0.000000,0.000000,0.401514,0.386254,0.000000,0.351338,0.000000,0.322890,0.000000,0.383876,0.000000,0.000000,0.000000,0.000000,0.000000,0.000000,0.000000,0.000000,0.000000,0.000000,0.000000,0.403637,0.000000,0.000000,0.000000,0.442643,0.000000,0.000000,0.000000,0.000000,0.000000,0.471755,0.000000,0.000000,0.000000,0.489192,0.000000,0.502238,0.000000,0.522883,0.000000,0.490177,0.000000,0.539552,0.000000
0.000000,0.000000,0.000000,0.000000,0.000000,0.000000,0.000000,0.000000,0.000000,0.000000,0.000000,0.000000,0.000000,0.000000,0.000000,0.000000,0.000000,0.000000,0.000000,0.000000,0.000000,0.000000,0.000000,0.000000,0.000000,0.000000,0.000000,0.000000,0.000000,0.528946,0.000000,0.000000,0.000000,0.000000,0.000000,0.222197,0.487105,0.468810,0.000000,0.407368,0.000000,0.000000,0.393963,0.374039,0.000000,0.000000,0.401514,0.000000,0.000000,0.000000,0.000000,0.400280,0.000000,0.357931,0.000000,0.388673,0.000000,0.000000,0.000000,0.000000,0.000000,0.000000,0.000000,0.000000,0.000000,0.000000,0.000000,0.454041,0.000000,0.000000,0.000000,0.000000,0.000000,0.000000,0.000000,0.000000,0.000000,0.000000,0.000000,0.000000,0.000000,0.507477,0.000000,0.499926,0.000000,0.514979,0.000000,0.482497,0.000000,0.514542
0.000000,0.000000,0.000000,0.000000,0.000000,0.000000,0.000000,0.000000,0.000000,0.000000,0.000000,0.000000,0.468099,0.000000,0.000000,0.000000,0.000000,0.000000,0.000000,0.000000,0.000000,0.000000,0.000000,0.000000,0.000000,0.000000,0.000000,0.000000,0.477078,0.000000,0.000000,0.000000,0.000000,0.000000,0.000000,0.000000,0.421208,0.000000,0.000000,0.000000,0.000000,0.000000,0.420471,0.634989,0.377294,0.639314,0.386254,0.000000,0.000000,0.000000,0.386731,0.000000,0.000000,0.000000,0.000000,0.000000,0.000000,0.000000,0.309235,0.000000,0.000000,0.000000,0.000000,0.000000,0.000000,0.000000,0.381036,0.615298,0.000000,0.000000,0.444387,0.000000,0.510140,0.000000,0.000000,0.000000,0.472926,0.566473,0.000000,0.000000,0.478522,0.000000,0.465975,0.000000,0.463840,0.000000,0.460374,0.000000,0.439165,0.000000
