0.000000,0.000000,0.423353,0.000000,0.000000,0.000000,0.401608,0.000000,0.000000,0.000000,0.408267,0.000000,0.396202,0.000000,0.000000,0.000000,0.361857,0.000000,0.355842,0.000000,0.000000,0.000000,0.000000,0.000000,0.000000,0.000000,0.000000,0.000000,0.000000,0.000000,0.000000,0.000000,0.000000,0.000000,0.000000,0.000000,0.000000,0.000000,0.000000,0.000000,0.000000,0.000000,0.000000,0.000000,0.000000,0.000000,0.000000,0.000000,0.000000,0.000000,0.000000,0.000000,0.000000,0.000000,0.494598,0.000000,0.426878,0.000000,0.000000,0.000000,0.000000,0.000000,0.453653,0.000000,0.466772,0.000000,0.000000,0.000000,0.375616,0.000000,0.000000,0.000000,0.445008,0.000000,0.481029,0.000000,0.000000,0.000000,0.000000,0.000000,0.000000,0.000000,0.000000,0.000000,0.529897,0.000000,0.000000,0.000000,0.503743,0.000000
0.000000,0.000000,0.000000,0.395720,0.000000,0.000000,0.000000,0.421454,0.000000,0.000000,0.000000,0.397273,0.000000,0.389943,0.000000,0.000000,0.000000,0.366423,0.000000,0.000000,0.000000,0.000000,0.000000,0.000000,0.000000,0.000000,0.000000,0.000000,0.000000,0.000000,0.000000,0.000000,0.000000,0.000000,0.000000,0.000000,0.000000,0.000000,0.000000,0.000000,0.000000,0.000000,0.000000,0.000000,0.000000,0.000000,0.000000,0.000000,0.000000,0.000000,0.000000,0.000000,0.000000,0.000000,0.000000,0.000000,0.000000,0.431736,0.000000,0.000000,0.000000,0.494852,0.000000,0.477190,0.000000,0.000000,0.000000,0.000000,0.000000,0.000000,0.000000,0.000000,0.000000,0.000000,0.000000,0.000000,0.000000,0.000000,0.000000,0.000000,0.000000,0.474096,0.000000,0.000000,0.000000,0.529594,0.000000,0.470740,0.000000,0.514192
0.423353,0.000000,0.000000,0.573956,0.392163,0.000000,0.390971,0.000000,0.398061,0.000000,0.000000,0.000000,0.000000,0.000000,0.000000,0.000000,0.000000,0.000000,0.339986,0.000000,0.000000,0.000000,0.397501,0.000000,0.000000,0.000000,0.000000,0.000000,0.000000,0.000000,0.000000,0.000000,0.000000,0.000000,0.000000,0.000000,0.000000,0.000000,0.000000,0.000000,0.000000,0.000000,0.000000,0.000000,0.000000,0.000000,0.000000,0.000000,0.000000,0.000000,0.000000,0.000000,0.000000,0.000000,0.000000,0.000000,0.000000,0.000000,0.000000,0.000000,0.000000,0.000000,0.000000,0.000000,0.000000,0.000000,0.000000,0.000000,0.000000,0.000000,0.000000,0.000000,0.000000,0.000000,0.000000,0.000000,0.000000,0.000000,0.000000,0.000000,0.000000,0.000000,0.000000,0.000000,0.000000,0.000000,0.000000,0.000000,0.000000,0.000000
0.000000,0.395720,0.573956,0.000000,0.574384,0.269738,0.000000,0.405967,0.499513,0.362278,0.000000,0.000000,0.000000,0.000000,0.000000,0.000000,0.000000,0.000000,0.000000,0.338822,0.000000,0.000000,0.521625,0.375595,0.517785,0.303141,0.000000,0.000000,0.000000,0.000000,0.000000,0.309221,0.000000,0.000000,0.000000,0.000000,0.000000,0.487125,0.000000,0.522626,0.000000,0.000000,0.000000,0.523504,0.000000,0.589549,0.000000,0.000000,0.000000,0.000000,0.000000,0.000000,0.000000,0.000000,0.000000,0.493541,0.000000,0.000000,0.000000,0.000000,0.000000,0.000000,0.000000,0.000000,0.000000,0.000000,0.000000,0.000000,0.000000,0.000000,0.000000,0.000000,0.000000,0.414104,0.000000,0.000000,0.556796,0.000000,0.000000,0.000000,0.000000,0.000000,0.000000,0.471810,0.000000,0.459366,0.000000,0.466256,0.000000,0.000000
0.000000,0.000000,0.392163,0.574384,0.000000,0.571926,0.391001,0.000000,0.321102,0.000000,0.000000,0.000000,0.000000,0.000000,0.403858,0.000000,0.000000,0.000000,0.000000,0.000000,0.299257,0.000000,0.000000,0.000000,0.331571,0.000000,0.323706,0.000000,0.413473,0.000000,0.000000,0.000000,0.000000,0.000000,0.000000,0.000000,0.000000,0.000000,0.000000,0.000000,0.000000,0.000000,0.000000,0.000000,0.000000,0.000000,0.543368,0.000000,0.000000,0.000000,0.000000,0.000000,0.487855,0.000000,0.000000,0.000000,0.000000,0.000000,0.000000,0.000000,0.000000,0.000000,0.000000,0.000000,0.000000,0.000000,0.000000,0.000000,0.000000,0.000000,0.000000,0.000000,0.403935,0.000000,0.000000,0.000000,0.421080,0.000000,0.000000,0.000000,0.000000,0.000000,0.466916,0.000000,0.000000,0.000000,0.466202,0.000000,0.000000,0.000000
0.000000,0.000000,0.000000,0.269738,0.571926,0.000000,0.000000,0.411903,0.000000,0.362685,0.000000,0.000000,0.000000,0.000000,0.000000,0.383871,0.000000,0.000000,0.000000,0.000000,0.000000,0.337207,0.492937,0.000000,0.558779,0.347360,0.554509,0.305583,0.000000,0.450906,0.481913,0.538679,0.000000,0.000000,0.000000,0.000000,0.000000,0.000000,0.000000,0.412437,0.000000,0.000000,0.000000,0.000000,0.000000,0.000000,0.000000,0.000000,0.000000,0.000000,0.000000,0.000000,0.000000,0.000000,0.000000,0.466965,0.000000,0.000000,0.000000,0.000000,0.000000,0.000000,0.000000,0.000000,0.000000,0.000000,0.000000,0.000000,0.000000,0.000000,0.531073,0.400641,0.528545,0.402177,0.000000,0.412818,0.000000,0.000000,0.000000,0.000000,0.000000,0.000000,0.531838,0.432848,0.000000,0.000000,0.000000,0.436971,0.000000,0.000000
0.401608,0.000000,0.390971,0.000000,0.391001,0.000000,0.000000,0.000000,0.397943,0.000000,0.373247,0.000000,0.390626,0.000000,0.409496,0.000000,0.000000,0.000000,0.000000,0.000000,0.000000,0.000000,0.409264,0.000000,0.000000,0.000000,0.000000,0.000000,0.000000,0.000000,0.000000,0.000000,0.000000,0.000000,0.000000,0.000000,0.000000,0.000000,0.000000,0.000000,0.000000,0.000000,0.000000,0.000000,0.000000,0.000000,0.000000,0.000000,0.000000,0.000000,0.000000,0.000000,0.000000,0.000000,0.000000,0.000000,0.000000,0.000000,0.000000,0.000000,0.000000,0.000000,0.000000,0.000000,0.000000,0.000000,0.000000,0.000000,0.000000,0.000000,0.000000,0.000000,0.000000,0.519650,0.000000,0.000000,0.000000,0.000000,0.000000,0.000000,0.000000,0.000000,0.000000,0.000000,0.494059,0.000000,0.000000,0.000000,0.496526,0.000000
0.000000,0.421454,0.000000,0.405967,0.000000,0.411903,0.000000,0.000000,0.000000,0.285447,0.000000,0.364419,0.000000,0.366072,0.000000,0.341224,0.000000,0.000000,0.000000,0.000000,0.000000,0.000000,0.000000,0.364622,0.000000,0.000000,0.000000,0.000000,0.000000,0.000000,0.000000,0.000000,0.000000,0.000000,0.000000,0.000000,0.000000,0.000000,0.000000,0.000000,0.000000,0.000000,0.000000,0.000000,0.000000,0.000000,0.000000,0.000000,0.000000,0.000000,0.000000,0.000000,0.000000,0.000000,0.000000,0.000000,0.000000,0.000000,0.000000,0.000000,0.000000,0.000000,0.000000,0.438863,0.000000,0.000000,0.000000,0.000000,0.000000,0.000000,0.000000,0.000000,0.000000,0.000000,0.000000,0.000000,0.000000,0.000000,0.000000,0.000000,0.000000,0.440324,0.000000,0.000000,0.000000,0.482636,0.000000,0.000000,0.000000,0.522798
0.000000,0.000000,0.398061,0.499513,0.321102,0.000000,0.397943,0.000000,0.000000,0.000000,0.000000,0.000000,0.389669,0.000000,0.345770,0.000000,0.000000,0.000000,0.000000,0.000000,0.000000,0.000000,0.389838,0.487587,0.326769,0.000000,0.000000,0.000000,0.000000,0.000000,0.000000,0.000000,0.000000,0.000000,0.000000,0.000000,0.000000,0.000000,0.000000,0.000000,0.000000,0.000000,0.000000,0.000000,0.000000,0.000000,0.000000,0.000000,0.000000,0.000000,0.000000,0.000000,0.000000,0.000000,0.000000,0.000000,0.000000,0.000000,0.000000,0.000000,0.000000,0.000000,0.000000,0.000000,0.000000,0.000000,0.000000,0.000000,0.000000,0.000000,0.000000,0.000000,0.000000,0.515217,0.412018,0.000000,0.000000,0.000000,0.000000,0.000000,0.000000,0.000000,0.475297,0.000000,0.000000,0.000000,0.000000,0.000000,0.000000,0.000000
0.000000,0.000000,0.000000,0.362278,0.000000,0.362685,0.000000,0.285447,0.000000,0.000000,0.000000,0.000000,0.000000,0.000000,0.000000,0.346874,0.000000,0.000000,0.000000,0.000000,0.000000,0.000000,0.000000,0.000000,0.000000,0.275911,0.000000,0.000000,0.000000,0.410334,0.000000,0.000000,0.000000,0.000000,0.000000,0.000000,0.000000,0.000000,0.000000,0.400018,0.000000,0.000000,0.000000,0.000000,0.000000,0.000000,0.000000,0.000000,0.000000,0.000000,0.000000,0.000000,0.000000,0.000000,0.000000,0.000000,0.000000,0.000000,0.000000,0.000000,0.000000,0.000000,0.000000,0.000000,0.000000,0.000000,0.000000,0.000000,0.000000,0.000000,0.000000,0.000000,0.000000,0.404673,0.000000,0.000000,0.000000,0.000000,0.000000,0.000000,0.000000,0.000000,0.000000,0.476306,0.000000,0.000000,0.000000,0.437730,0.000000,0.000000
0.408267,0.000000,0.000000,0.000000,0.000000,0.000000,0.373247,0.000000,0.000000,0.000000,0.000000,0.000000,0.367401,0.000000,0.000000,0.000000,0.443527,0.000000,0.000000,0.000000,0.000000,0.000000,0.000000,0.000000,0.000000,0.000000,0.000000,0.000000,0.478203,0.000000,0.000000,0.000000,0.000000,0.000000,0.000000,0.000000,0.000000,0.000000,0.000000,0.000000,0.000000,0.000000,0.000000,0.000000,0.000000,0.000000,0.000000,0.000000,0.000000,0.000000,0.000000,0.000000,0.000000,0.000000,0.000000,0.000000,0.440649,0.000000,0.000000,0.000000,0.000000,0.000000,0.000000,0.000000,0.000000,0.000000,0.000000,0.000000,0.000000,0.000000,0.000000,0.000000,0.000000,0.000000,0.000000,0.000000,0.000000,0.000000,0.000000,0.000000,0.411047,0.000000,0.000000,0.000000,0.000000,0.000000,0.000000,0.000000,0.000000,0.000000
0.000000,0.397273,0.000000,0.000000,0.000000,0.000000,0.000000,0.364419,0.000000,0.000000,0.000000,0.000000,0.000000,0.398003,0.000000,0.000000,0.000000,0.394322,0.000000,0.000000,0.000000,0.000000,0.000000,0.447513,0.000000,0.000000,0.000000,0.000000,0.000000,0.305233,0.000000,0.000000,0.000000,0.000000,0.000000,0.000000,0.000000,0.000000,0.000000,0.000000,0.000000,0.000000,0.000000,0.000000,0.000000,0.000000,0.000000,0.000000,0.000000,0.000000,0.000000,0.000000,0.000000,0.000000,0.000000,0.000000,0.000000,0.000000,0.000000,0.000000,0.000000,0.000000,0.000000,0.000000,0.000000,0.000000,0.000000,0.000000,0.000000,0.000000,0.000000,0.000000,0.000000,0.000000,0.000000,0.000000,0.000000,0.000000,0.000000,0.000000,0.000000,0.465898,0.000000,0.000000,0.000000,0.452122,0.000000,0.000000,0.000000,0.000000
0.396202,0.000000,0.000000,0.000000,0.000000,0.000000,0.390626,0.000000,0.389669,0.000000,0.367401,0.000000,0.000000,0.000000,0.393157,0.000000,0.000000,0.000000,0.000000,0.000000,0.000000,0.000000,0.000000,0.000000,0.000000,0.000000,0.000000,0.000000,0.371258,0.000000,0.000000,0.000000,0.000000,0.000000,0.000000,0.000000,0.000000,0.562155,0.548713,0.000000,0.000000,0.000000,0.559247,0.000000,0.516878,0.000000,0.564303,0.000000,0.557860,0.000000,0.530022,0.000000,0.529654,0.000000,0.000000,0.000000,0.000000,0.000000,0.000000,0.000000,0.000000,0.000000,0.000000,0.000000,0.000000,0.000000,0.000000,0.000000,0.000000,0.000000,0.000000,0.000000,0.432746,0.000000,0.000000,0.000000,0.000000,0.000000,0.000000,0.000000,0.000000,0.000000,0.477399,0.000000,0.487585,0.000000,0.000000,0.000000,0.000000,0.000000
0.000000,0.389943,0.000000,0.000000,0.000000,0.000000,0.000000,0.366072,0.000000,0.000000,0.000000,0.398003,0.000000,0.000000,0.000000,0.337863,0.000000,0.000000,0.000000,0.000000,0.000000,0.000000,0.000000,0.377257,0.000000,0.000000,0.000000,0.000000,0.000000,0.343263,0.000000,0.000000,0.000000,0.000000,0.000000,0.000000,0.000000,0.000000,0.000000,0.000000,0.000000,0.000000,0.000000,0.506230,0.000000,0.000000,0.000000,0.000000,0.000000,0.000000,0.000000,0.000000,0.000000,0.000000,0.000000,0.539807,0.000000,0.000000,0.000000,0.000000,0.000000,0.000000,0.000000,0.441271,0.000000,0.000000,0.000000,0.000000,0.000000,0.000000,0.000000,0.000000,0.000000,0.000000,0.000000,0.000000,0.000000,0.000000,0.000000,0.000000,0.000000,0.000000,0.000000,0.441981,0.000000,0.462453,0.000000,0.424904,0.000000,0.000000
0.000000,0.000000,0.000000,0.000000,0.403858,0.000000,0.409496,0.000000,0.345770,0.000000,0.000000,0.000000,0.393157,0.000000,0.000000,0.000000,0.000000,0.000000,0.000000,0.000000,0.367306,0.000000,0.400895,0.000000,0.416853,0.000000,0.391255,0.000000,0.370319,0.000000,0.000000,0.000000,0.000000,0.000000,0.000000,0.000000,0.533937,0.555196,0.540161,0.000000,0.000000,0.000000,0.546578,0.000000,0.000000,0.000000,0.559440,0.000000,0.552881,0.000000,0.515519,0.000000,0.521195,0.000000,0.000000,0.000000,0.000000,0.000000,0.497815,0.000000,0.000000,0.000000,0.000000,0.000000,0.000000,0.000000,0.000000,0.000000,0.000000,0.000000,0.375632,0.000000,0.443213,0.527678,0.444713,0.514056,0.000000,0.505826,0.000000,0.000000,0.000000,0.000000,0.491397,0.000000,0.000000,0.000000,0.000000,0.000000,0.000000,0.000000
0.000000,0.000000,0.000000,0.000000,0.000000,0.383871,0.000000,0.341224,0.000000,0.346874,0.000000,0.000000,0.000000,0.337863,0.000000,0.000000,0.000000,0.000000,0.000000,0.000000,0.000000,0.312837,0.000000,0.000000,0.000000,0.000000,0.000000,0.345217,0.000000,0.370447,0.000000,0.000000,0.000000,0.000000,0.000000,0.000000,0.000000,0.000000,0.000000,0.000000,0.000000,0.000000,0.000000,0.000000,0.000000,0.000000,0.000000,0.000000,0.000000,0.000000,0.000000,0.000000,0.000000,0.000000,0.000000,0.475252,0.000000,0.000000,0.000000,0.000000,0.000000,0.000000,0.000000,0.000000,0.000000,0.000000,0.000000,0.000000,0.000000,0.000000,0.000000,0.000000,0.000000,0.000000,0.000000,0.000000,0.000000,0.000000,0.000000,0.000000,0.000000,0.000000,0.000000,0.478347,0.000000,0.000000,0.000000,0.469959,0.000000,0.000000
0.361857,0.000000,0.000000,0.000000,0.000000,0.000000,0.000000,0.000000,0.000000,0.000000,0.443527,0.000000,0.000000,0.000000,0.000000,0.000000,0.000000,0.000000,0.000000,0.000000,0.000000,0.000000,0.000000,0.000000,0.000000,0.000000,0.000000,0.000000,0.379867,0.000000,0.000000,0.000000,0.000000,0.000000,0.000000,0.000000,0.000000,0.000000,0.000000,0.000000,0.000000,0.000000,0.000000,0.000000,0.000000,0.000000,0.000000,0.000000,0.000000,0.000000,0.000000,0.000000,0.000000,0.000000,0.000000,0.000000,0.400021,0.000000,0.000000,0.000000,0.000000,0.000000,0.381634,0.000000,0.000000,0.000000,0.000000,0.000000,0.000000,0.000000,0.000000,0.000000,0.000000,0.000000,0.000000,0.000000,0.000000,0.000000,0.395923,0.000000,0.412199,0.000000,0.253048,0.000000,0.495282,0.000000,0.000000,0.000000,0.000000,0.000000
0.000000,0.366423,0.000000,0.000000,0.000000,0.000000,0.000000,0.000000,0.000000,0.000000,0.000000,0.394322,0.000000,0.000000,0.000000,0.000000,0.000000,0.000000,0.000000,0.000000,0.000000,0.000000,0.000000,0.000000,0.000000,0.000000,0.000000,0.000000,0.000000,0.345969,0.000000,0.000000,0.000000,0.000000,0.000000,0.000000,0.000000,0.000000,0.000000,0.000000,0.000000,0.000000,0.000000,0.000000,0.000000,0.000000,0.000000,0.000000,0.000000,0.000000,0.000000,0.000000,0.000000,0.000000,0.000000,0.000000,0.000000,0.339498,0.000000,0.000000,0.000000,0.000000,0.000000,0.394843,0.000000,0.000000,0.000000,0.000000,0.000000,0.000000,0.000000,0.000000,0.000000,0.333610,0.000000,0.000000,0.000000,0.000000,0.000000,0.265855,0.000000,0.450910,0.000000,0.224521,0.000000,0.000000,0.000000,0.000000,0.000000,0.000000
0.355842,0.000000,0.339986,0.000000,0.000000,0.000000,0.000000,0.000000,0.000000,0.000000,0.000000,0.000000,0.000000,0.000000,0.000000,0.000000,0.000000,0.000000,0.000000,0.531326,0.000000,0.000000,0.395661,0.000000,0.000000,0.000000,0.000000,0.000000,0.000000,0.000000,0.000000,0.000000,0.373355,0.484333,0.000000,0.000000,0.000000,0.000000,0.000000,0.000000,0.000000,0.000000,0.000000,0.000000,0.000000,0.000000,0.000000,0.000000,0.000000,0.000000,0.000000,0.000000,0.000000,0.000000,0.000000,0.000000,0.440727,0.000000,0.424115,0.000000,0.000000,0.000000,0.000000,0.000000,0.000000,0.000000,0.461844,0.000000,0.319241,0.528957,0.000000,0.000000,0.459415,0.000000,0.461044,0.535331,0.499444,0.556109,0.000000,0.000000,0.000000,0.000000,0.000000,0.000000,0.000000,0.000000,0.000000,0.000000,0.000000,0.000000
0.000000,0.000000,0.000000,0.338822,0.000000,0.000000,0.000000,0.000000,0.000000,0.000000,0.000000,0.000000,0.000000,0.000000,0.000000,0.000000,0.000000,0.000000,0.531326,0.000000,0.000000,0.000000,0.000000,0.397908,0.000000,0.000000,0.000000,0.000000,0.000000,0.000000,0.000000,0.000000,0.532374,0.374511,0.000000,0.000000,0.000000,0.000000,0.000000,0.000000,0.000000,0.000000,0.000000,0.522458,0.000000,0.000000,0.000000,0.000000,0.000000,0.000000,0.000000,0.000000,0.000000,0.000000,0.000000,0.000000,0.000000,0.000000,0.000000,0.000000,0.000000,0.000000,0.000000,0.000000,0.000000,0.000000,0.531274,0.448072,0.509341,0.335441,0.000000,0.000000,0.000000,0.445486,0.000000,0.440261,0.538299,0.451852,0.000000,0.000000,0.000000,0.000000,0.000000,0.000000,0.000000,0.000000,0.000000,0.000000,0.000000,0.000000
0.000000,0.000000,0.000000,0.000000,0.299257,0.000000,0.000000,0.000000,0.000000,0.000000,0.000000,0.000000,0.000000,0.000000,0.367306,0.000000,0.000000,0.000000,0.000000,0.000000,0.000000,0.387519,0.000000,0.000000,0.000000,0.222226,0.252589,0.000000,0.314554,0.000000,0.344211,0.000000,0.000000,0.000000,0.000000,0.000000,0.000000,0.000000,0.362759,0.000000,0.339332,0.000000,0.498924,0.000000,0.000000,0.000000,0.544675,0.000000,0.000000,0.000000,0.000000,0.000000,0.000000,0.000000,0.000000,0.000000,0.000000,0.000000,0.000000,0.000000,0.000000,0.000000,0.000000,0.000000,0.000000,0.000000,0.000000,0.000000,0.000000,0.000000,0.274377,0.000000,0.308321,0.000000,0.000000,0.000000,0.000000,0.000000,0.000000,0.000000,0.000000,0.000000,0.407255,0.000000,0.000000,0.000000,0.406681,0.000000,0.000000,0.000000
0.000000,0.000000,0.000000,0.000000,0.000000,0.337207,0.000000,0.000000,0.000000,0.000000,0.000000,0.000000,0.000000,0.000000,0.000000,0.312837,0.000000,0.000000,0.000000,0.000000,0.387519,0.000000,0.000000,0.000000,0.000000,0.366670,0.000000,0.324470,0.000000,0.296453,0.501877,0.351821,0.000000,0.000000,0.000000,0.000000,0.000000,0.000000,0.000000,0.351568,0.000000,0.308131,0.000000,0.000000,0.000000,0.000000,0.000000,0.000000,0.000000,0.000000,0.000000,0.000000,0.000000,0.000000,0.000000,0.000000,0.000000,0.000000,0.000000,0.000000,0.000000,0.000000,0.000000,0.000000,0.000000,0.000000,0.000000,0.000000,0.000000,0.000000,0.322864,0.272512,0.000000,0.307140,0.000000,0.000000,0.000000,0.000000,0.000000,0.000000,0.000000,0.000000,0.000000,0.351156,0.000000,0.000000,0.000000,0.346897,0.000000,0.000000
0.000000,0.000000,0.397501,0.521625,0.000000,0.492937,0.409264,0.000000,0.389838,0.000000,0.000000,0.000000,0.000000,0.000000,0.400895,0.000000,0.000000,0.000000,0.395661,0.000000,0.000000,0.000000,0.000000,0.559466,0.353422,0.544930,0.000000,0.518201,0.000000,0.000000,0.371313,0.414512,0.311336,0.000000,0.000000,0.000000,0.000000,0.000000,0.000000,0.000000,0.000000,0.000000,0.537353,0.000000,0.000000,0.000000,0.000000,0.000000,0.487080,0.000000,0.000000,0.000000,0.000000,0.000000,0.000000,0.000000,0.000000,0.000000,0.000000,0.000000,0.000000,0.000000,0.000000,0.000000,0.000000,0.000000,0.506542,0.000000,0.000000,0.000000,0.000000,0.000000,0.438774,0.519461,0.443740,0.524522,0.000000,0.000000,0.000000,0.000000,0.000000,0.000000,0.000000,0.000000,0.000000,0.000000,0.000000,0.000000,0.000000,0.000000
0.000000,0.000000,0.000000,0.375595,0.000000,0.000000,0.000000,0.364622,0.487587,0.000000,0.000000,0.447513,0.000000,0.377257,0.000000,0.000000,0.000000,0.000000,0.000000,0.397908,0.000000,0.000000,0.559466,0.000000,0.463838,0.331990,0.000000,0.000000,0.000000,0.000000,0.373562,0.358672,0.000000,0.380855,0.000000,0.565232,0.000000,0.000000,0.000000,0.561552,0.000000,0.000000,0.000000,0.531240,0.000000,0.506556,0.000000,0.499997,0.000000,0.515165,0.000000,0.000000,0.000000,0.000000,0.000000,0.568545,0.000000,0.000000,0.000000,0.000000,0.000000,0.000000,0.000000,0.000000,0.000000,0.000000,0.540468,0.505147,0.000000,0.000000,0.000000,0.000000,0.000000,0.426496,0.000000,0.000000,0.000000,0.000000,0.000000,0.000000,0.000000,0.000000,0.000000,0.000000,0.000000,0.466145,0.000000,0.465411,0.000000,0.460896
0.000000,0.000000,0.000000,0.517785,0.331571,0.558779,0.000000,0.000000,0.326769,0.000000,0.000000,0.000000,0.000000,0.000000,0.416853,0.000000,0.000000,0.000000,0.000000,0.000000,0.000000,0.000000,0.353422,0.463838,0.000000,0.533418,0.332545,0.527504,0.426469,0.000000,0.389764,0.456159,0.000000,0.000000,0.000000,0.000000,0.000000,0.000000,0.000000,0.000000,0.000000,0.000000,0.000000,0.000000,0.000000,0.000000,0.000000,0.000000,0.000000,0.000000,0.000000,0.000000,0.000000,0.000000,0.000000,0.000000,0.000000,0.000000,0.000000,0.000000,0.000000,0.000000,0.000000,0.000000,0.000000,0.000000,0.000000,0.000000,0.000000,0.000000,0.412225,0.000000,0.385236,0.000000,0.413657,0.000000,0.425505,0.000000,0.000000,0.000000,0.000000,0.000000,0.491810,0.000000,0.000000,0.000000,0.000000,0.000000,0.000000,0.000000
0.000000,0.000000,0.000000,0.303141,0.000000,0.347360,0.000000,0.000000,0.000000,0.275911,0.000000,0.000000,0.000000,0.000000,0.000000,0.000000,0.000000,0.000000,0.000000,0.000000,0.222226,0.366670,0.544930,0.331990,0.533418,0.000000,0.571922,0.338371,0.000000,0.000000,0.459972,0.396641,0.000000,0.000000,0.000000,0.000000,0.000000,0.000000,0.000000,0.000000,0.000000,0.000000,0.000000,0.000000,0.000000,0.000000,0.000000,0.000000,0.000000,0.000000,0.000000,0.000000,0.000000,0.000000,0.000000,0.000000,0.000000,0.000000,0.000000,0.000000,0.000000,0.000000,0.000000,0.000000,0.000000,0.000000,0.000000,0.000000,0.000000,0.000000,0.000000,0.389021,0.000000,0.355995,0.000000,0.000000,0.000000,0.000000,0.000000,0.000000,0.000000,0.000000,0.000000,0.391807,0.000000,0.000000,0.000000,0.000000,0.000000,0.000000
0.000000,0.000000,0.000000,0.000000,0.323706,0.554509,0.000000,0.000000,0.000000,0.000000,0.000000,0.000000,0.000000,0.000000,0.391255,0.000000,0.000000,0.000000,0.000000,0.000000,0.252589,0.000000,0.000000,0.000000,0.332545,0.571922,0.000000,0.551764,0.383276,0.000000,0.388331,0.000000,0.000000,0.000000,0.000000,0.000000,0.000000,0.000000,0.000000,0.000000,0.000000,0.000000,0.000000,0.000000,0.000000,0.000000,0.000000,0.000000,0.000000,0.000000,0.000000,0.000000,0.000000,0.000000,0.000000,0.000000,0.000000,0.000000,0.000000,0.000000,0.000000,0.000000,0.000000,0.000000,0.000000,0.000000,0.000000,0.000000,0.000000,0.000000,0.408597,0.000000,0.000000,0.000000,0.000000,0.000000,0.000000,0.000000,0.000000,0.000000,0.000000,0.000000,0.429872,0.000000,0.000000,0.000000,0.455572,0.000000,0.000000,0.000000
0.000000,0.000000,0.000000,0.000000,0.000000,0.305583,0.000000,0.000000,0.000000,0.000000,0.000000,0.000000,0.000000,0.000000,0.000000,0.345217,0.000000,0.000000,0.000000,0.000000,0.000000,0.324470,0.518201,0.000000,0.527504,0.338371,0.551764,0.000000,0.000000,0.390075,0.508821,0.389861,0.000000,0.000000,0.000000,0.000000,0.000000,0.000000,0.000000,0.000000,0.000000,0.000000,0.000000,0.000000,0.000000,0.000000,0.000000,0.000000,0.000000,0.000000,0.000000,0.000000,0.000000,0.000000,0.000000,0.000000,0.000000,0.000000,0.000000,0.000000,0.000000,0.000000,0.000000,0.000000,0.000000,0.000000,0.000000,0.000000,0.000000,0.000000,0.000000,0.000000,0.000000,0.374761,0.000000,0.000000,0.000000,0.000000,0.000000,0.000000,0.000000,0.000000,0.000000,0.415119,0.000000,0.000000,0.000000,0.000000,0.000000,0.000000
0.000000,0.000000,0.000000,0.000000,0.413473,0.000000,0.000000,0.000000,0.000000,0.000000,0.478203,0.000000,0.371258,0.000000,0.370319,0.000000,0.379867,0.000000,0.000000,0.000000,0.314554,0.000000,0.000000,0.000000,0.426469,0.000000,0.383276,0.000000,0.000000,0.000000,0.000000,0.000000,0.000000,0.000000,0.000000,0.000000,0.000000,0.000000,0.000000,0.000000,0.000000,0.000000,0.586701,0.000000,0.000000,0.000000,0.629817,0.000000,0.531965,0.000000,0.583057,0.000000,0.514067,0.000000,0.000000,0.000000,0.370541,0.000000,0.000000,0.000000,0.000000,0.000000,0.381818,0.000000,0.000000,0.000000,0.000000,0.000000,0.000000,0.000000,0.000000,0.000000,0.379789,0.000000,0.000000,0.000000,0.000000,0.000000,0.405601,0.000000,0.396419,0.000000,0.360743,0.000000,0.000000,0.000000,0.000000,0.000000,0.000000,0.000000
0.000000,0.000000,0.000000,0.000000,0.000000,0.450906,0.000000,0.000000,0.000000,0.410334,0.000000,0.305233,0.000000,0.343263,0.000000,0.370447,0.000000,0.345969,0.000000,0.000000,0.000000,0.296453,0.000000,0.000000,0.000000,0.000000,0.000000,0.390075,0.000000,0.000000,0.000000,0.000000,0.000000,0.000000,0.000000,0.000000,0.000000,0.000000,0.000000,0.000000,0.000000,0.000000,0.000000,0.000000,0.000000,0.000000,0.000000,0.000000,0.000000,0.000000,0.000000,0.000000,0.000000,0.000000,0.000000,0.000000,0.000000,0.434416,0.000000,0.000000,0.000000,0.000000,0.000000,0.000000,0.000000,0.000000,0.000000,0.463840,0.000000,0.000000,0.000000,0.000000,0.000000,0.355268,0.000000,0.000000,0.000000,0.000000,0.000000,0.414138,0.000000,0.407883,0.000000,0.413985,0.000000,0.000000,0.000000,0.413506,0.000000,0.000000
0.000000,0.000000,0.000000,0.000000,0.000000,0.481913,0.000000,0.000000,0.000000,0.000000,0.000000,0.000000,0.000000,0.000000,0.000000,0.000000,0.000000,0.000000,0.000000,0.000000,0.344211,0.501877,0.371313,0.373562,0.389764,0.459972,0.388331,0.508821,0.000000,0.000000,0.000000,0.419403,0.426022,0.000000,0.483088,0.000000,0.000000,0.000000,0.000000,0.000000,0.000000,0.000000,0.000000,0.000000,0.431770,0.000000,0.000000,0.000000,0.000000,0.000000,0.000000,0.000000,0.000000,0.000000,0.000000,0.000000,0.000000,0.000000,0.000000,0.000000,0.000000,0.000000,0.000000,0.000000,0.000000,0.000000,0.518241,0.000000,0.000000,0.000000,0.350202,0.000000,0.000000,0.000000,0.000000,0.000000,0.000000,0.000000,0.000000,0.000000,0.000000,0.000000,0.000000,0.000000,0.000000,0.000000,0.000000,0.000000,0.000000,0.000000
0.000000,0.000000,0.000000,0.309221,0.000000,0.538679,0.000000,0.000000,0.000000,0.000000,0.000000,0.000000,0.000000,0.000000,0.000000,0.000000,0.000000,0.000000,0.000000,0.000000,0.000000,0.351821,0.414512,0.358672,0.456159,0.396641,0.000000,0.389861,0.000000,0.000000,0.419403,0.000000,0.000000,0.365832,0.000000,0.546716,0.000000,0.000000,0.000000,0.000000,0.000000,0.000000,0.000000,0.512005,0.000000,0.390901,0.000000,0.000000,0.000000,0.000000,0.000000,0.000000,0.000000,0.000000,0.000000,0.000000,0.000000,0.000000,0.000000,0.000000,0.000000,0.000000,0.000000,0.000000,0.000000,0.000000,0.000000,0.482120,0.000000,0.000000,0.000000,0.379899,0.000000,0.451542,0.000000,0.000000,0.000000,0.000000,0.000000,0.000000,0.000000,0.000000,0.000000,0.000000,0.000000,0.000000,0.000000,0.000000,0.000000,0.000000
0.000000,0.000000,0.000000,0.000000,0.000000,0.000000,0.000000,0.000000,0.000000,0.000000,0.000000,0.000000,0.000000,0.000000,0.000000,0.000000,0.000000,0.000000,0.373355,0.532374,0.000000,0.000000,0.311336,0.000000,0.000000,0.000000,0.000000,0.000000,0.000000,0.000000,0.426022,0.000000,0.000000,0.500891,0.414045,0.000000,0.000000,0.000000,0.000000,0.000000,0.000000,0.000000,0.000000,0.000000,0.432410,0.000000,0.000000,0.000000,0.000000,0.000000,0.000000,0.000000,0.000000,0.000000,0.000000,0.000000,0.000000,0.000000,0.000000,0.000000,0.000000,0.000000,0.000000,0.000000,0.000000,0.000000,0.443572,0.570831,0.388169,0.000000,0.000000,0.000000,0.000000,0.000000,0.000000,0.000000,0.000000,0.000000,0.000000,0.000000,0.000000,0.000000,0.000000,0.000000,0.000000,0.000000,0.000000,0.000000,0.000000,0.000000
0.000000,0.000000,0.000000,0.000000,0.000000,0.000000,0.000000,0.000000,0.000000,0.000000,0.000000,0.000000,0.000000,0.000000,0.000000,0.000000,0.000000,0.000000,0.484333,0.374511,0.000000,0.000000,0.000000,0.380855,0.000000,0.000000,0.000000,0.000000,0.000000,0.000000,0.000000,0.365832,0.500891,0.000000,0.312810,0.432484,0.000000,0.000000,0.000000,0.000000,0.000000,0.000000,0.000000,0.000000,0.000000,0.405773,0.000000,0.000000,0.000000,0.000000,0.000000,0.000000,0.000000,0.000000,0.000000,0.000000,0.000000,0.000000,0.000000,0.000000,0.000000,0.000000,0.000000,0.000000,0.000000,0.000000,0.476910,0.439285,0.000000,0.399151,0.000000,0.000000,0.000000,0.422403,0.000000,0.000000,0.506012,0.000000,0.000000,0.000000,0.000000,0.000000,0.000000,0.000000,0.000000,0.000000,0.000000,0.000000,0.000000,0.000000
0.000000,0.000000,0.000000,0.000000,0.000000,0.000000,0.000000,0.000000,0.000000,0.000000,0.000000,0.000000,0.000000,0.000000,0.000000,0.000000,0.000000,0.000000,0.000000,0.000000,0.000000,0.000000,0.000000,0.000000,0.000000,0.000000,0.000000,0.000000,0.000000,0.000000,0.483088,0.000000,0.414045,0.312810,0.000000,0.420485,0.000000,0.000000,0.000000,0.000000,0.000000,0.000000,0.214738,0.552172,0.000000,0.487351,0.000000,0.000000,0.470814,0.000000,0.000000,0.000000,0.000000,0.000000,0.000000,0.000000,0.000000,0.000000,0.000000,0.491206,0.000000,0.000000,0.000000,0.000000,0.000000,0.000000,0.397071,0.484580,0.000000,0.000000,0.000000,0.000000,0.000000,0.000000,0.000000,0.000000,0.000000,0.000000,0.000000,0.000000,0.000000,0.000000,0.000000,0.000000,0.000000,0.000000,0.000000,0.000000,0.000000,0.000000
0.000000,0.000000,0.000000,0.000000,0.000000,0.000000,0.000000,0.000000,0.000000,0.000000,0.000000,0.000000,0.000000,0.000000,0.000000,0.000000,0.000000,0.000000,0.000000,0.000000,0.000000,0.000000,0.000000,0.565232,0.000000,0.000000,0.000000,0.000000,0.000000,0.000000,0.000000,0.546716,0.000000,0.432484,0.420485,0.000000,0.000000,0.376897,0.000000,0.000000,0.000000,0.000000,0.555941,0.500259,0.505098,0.536682,0.000000,0.000000,0.504430,0.000000,0.000000,0.000000,0.000000,0.000000,0.000000,0.000000,0.000000,0.000000,0.461096,0.000000,0.000000,0.000000,0.000000,0.000000,0.000000,0.000000,0.463723,0.392229,0.000000,0.000000,0.000000,0.000000,0.000000,0.000000,0.000000,0.000000,0.000000,0.000000,0.000000,0.000000,0.000000,0.000000,0.000000,0.000000,0.000000,0.000000,0.000000,0.000000,0.000000,0.000000
0.000000,0.000000,0.000000,0.000000,0.000000,0.000000,0.000000,0.000000,0.000000,0.000000,0.000000,0.000000,0.000000,0.000000,0.533937,0.000000,0.000000,0.000000,0.000000,0.000000,0.000000,0.000000,0.000000,0.000000,0.000000,0.000000,0.000000,0.000000,0.000000,0.000000,0.000000,0.000000,0.000000,0.000000,0.000000,0.000000,0.000000,0.572377,0.342133,0.564252,0.342708,0.000000,0.514008,0.000000,0.476757,0.000000,0.349508,0.000000,0.000000,0.000000,0.000000,0.000000,0.000000,0.000000,0.358900,0.000000,0.000000,0.000000,0.000000,0.000000,0.000000,0.000000,0.000000,0.000000,0.000000,0.000000,0.459613,0.000000,0.000000,0.000000,0.347585,0.000000,0.000000,0.000000,0.000000,0.000000,0.408259,0.000000,0.000000,0.000000,0.000000,0.000000,0.434347,0.000000,0.478296,0.000000,0.417749,0.000000,0.000000,0.000000
0.000000,0.000000,0.000000,0.487125,0.000000,0.000000,0.000000,0.000000,0.000000,0.000000,0.000000,0.000000,0.562155,0.000000,0.555196,0.000000,0.000000,0.000000,0.000000,0.000000,0.000000,0.000000,0.000000,0.000000,0.000000,0.000000,0.000000,0.000000,0.000000,0.000000,0.000000,0.000000,0.000000,0.000000,0.000000,0.376897,0.572377,0.000000,0.000000,0.374078,0.000000,0.368779,0.000000,0.000000,0.000000,0.493995,0.000000,0.472945,0.000000,0.523763,0.000000,0.000000,0.000000,0.000000,0.000000,0.383908,0.000000,0.000000,0.000000,0.000000,0.000000,0.000000,0.000000,0.000000,0.000000,0.000000,0.627104,0.465575,0.000000,0.566889,0.000000,0.000000,0.585187,0.460285,0.000000,0.000000,0.642183,0.427428,0.000000,0.000000,0.000000,0.000000,0.000000,0.000000,0.000000,0.000000,0.000000,0.389167,0.000000,0.000000
0.000000,0.000000,0.000000,0.000000,0.000000,0.000000,0.000000,0.000000,0.000000,0.000000,0.000000,0.000000,0.548713,0.000000,0.540161,0.000000,0.000000,0.000000,0.000000,0.000000,0.362759,0.000000,0.000000,0.000000,0.000000,0.000000,0.000000,0.000000,0.000000,0.000000,0.000000,0.000000,0.000000,0.000000,0.000000,0.000000,0.342133,0.000000,0.000000,0.000000,0.290150,0.000000,0.495307,0.000000,0.514123,0.000000,0.497763,0.000000,0.488642,0.000000,0.000000,0.000000,0.000000,0.000000,0.390227,0.000000,0.000000,0.000000,0.000000,0.000000,0.000000,0.000000,0.000000,0.000000,0.000000,0.000000,0.504474,0.000000,0.000000,0.000000,0.573324,0.000000,0.561794,0.000000,0.588680,0.599925,0.383255,0.000000,0.000000,0.000000,0.000000,0.000000,0.412578,0.000000,0.000000,0.000000,0.382383,0.000000,0.408237,0.000000
0.000000,0.000000,0.000000,0.522626,0.000000,0.412437,0.000000,0.000000,0.000000,0.400018,0.000000,0.000000,0.000000,0.000000,0.000000,0.000000,0.000000,0.000000,0.000000,0.000000,0.000000,0.351568,0.000000,0.561552,0.000000,0.000000,0.000000,0.000000,0.000000,0.000000,0.000000,0.000000,0.000000,0.000000,0.000000,0.000000,0.564252,0.374078,0.000000,0.000000,0.000000,0.323982,0.000000,0.000000,0.000000,0.508593,0.000000,0.416526,0.000000,0.524518,0.000000,0.000000,0.000000,0.438072,0.000000,0.368289,0.000000,0.000000,0.000000,0.000000,0.000000,0.000000,0.000000,0.000000,0.000000,0.000000,0.000000,0.490412,0.000000,0.000000,0.000000,0.376796,0.000000,0.533510,0.000000,0.517913,0.000000,0.473810,0.000000,0.000000,0.000000,0.000000,0.000000,0.254020,0.000000,0.000000,0.000000,0.312300,0.000000,0.376925
0.000000,0.000000,0.000000,0.000000,0.000000,0.000000,0.000000,0.000000,0.000000,0.000000,0.000000,0.000000,0.000000,0.000000,0.000000,0.000000,0.000000,0.000000,0.000000,0.000000,0.339332,0.000000,0.000000,0.000000,0.000000,0.000000,0.000000,0.000000,0.000000,0.000000,0.000000,0.000000,0.000000,0.000000,0.000000,0.000000,0.342708,0.000000,0.290150,0.000000,0.000000,0.000000,0.566447,0.000000,0.000000,0.000000,0.598822,0.000000,0.554065,0.000000,0.516316,0.000000,0.521434,0.000000,0.000000,0.000000,0.500409,0.000000,0.000000,0.000000,0.000000,0.000000,0.000000,0.000000,0.000000,0.000000,0.000000,0.000000,0.000000,0.000000,0.000000,0.000000,0.407483,0.000000,0.610895,0.370586,0.415185,0.000000,0.000000,0.000000,0.000000,0.000000,0.419619,0.000000,0.000000,0.000000,0.407577,0.000000,0.000000,0.000000
0.000000,0.000000,0.000000,0.000000,0.000000,0.000000,0.000000,0.000000,0.000000,0.000000,0.000000,0.000000,0.000000,0.000000,0.000000,0.000000,0.000000,0.000000,0.000000,0.000000,0.000000,0.308131,0.000000,0.000000,0.000000,0.000000,0.000000,0.000000,0.000000,0.000000,0.000000,0.000000,0.000000,0.000000,0.000000,0.000000,0.000000,0.368779,0.000000,0.323982,0.000000,0.000000,0.000000,0.000000,0.000000,0.000000,0.000000,0.000000,0.000000,0.000000,0.000000,0.000000,0.000000,0.000000,0.000000,0.000000,0.000000,0.000000,0.000000,0.000000,0.000000,0.000000,0.000000,0.000000,0.000000,0.000000,0.000000,0.000000,0.000000,0.000000,0.000000,0.351105,0.000000,0.000000,0.000000,0.000000,0.000000,0.442490,0.000000,0.000000,0.000000,0.000000,0.000000,0.303228,0.000000,0.000000,0.000000,0.358286,0.000000,0.000000
0.000000,0.000000,0.000000,0.000000,0.000000,0.000000,0.000000,0.000000,0.000000,0.000000,0.000000,0.000000,0.559247,0.000000,0.546578,0.000000,0.000000,0.000000,0.000000,0.000000,0.498924,0.000000,0.537353,0.000000,0.000000,0.000000,0.000000,0.000000,0.586701,0.000000,0.000000,0.000000,0.000000,0.000000,0.214738,0.555941,0.514008,0.000000,0.495307,0.000000,0.566447,0.000000,0.000000,0.642210,0.421603,0.608530,0.431446,0.533385,0.434885,0.000000,0.429221,0.000000,0.373968,0.000000,0.443439,0.000000,0.000000,0.000000,0.000000,0.000000,0.000000,0.000000,0.000000,0.000000,0.000000,0.000000,0.428343,0.665732,0.000000,0.000000,0.000000,0.000000,0.578318,0.000000,0.000000,0.526118,0.542225,0.000000,0.000000,0.000000,0.572427,0.000000,0.543018,0.556551,0.544577,0.000000,0.472384,0.000000,0.513258,0.000000
0.000000,0.000000,0.000000,0.523504,0.000000,0.000000,0.000000,0.000000,0.000000,0.000000,0.000000,0.000000,0.000000,0.506230,0.000000,0.000000,0.000000,0.000000,0.000000,0.522458,0.000000,0.000000,0.000000,0.531240,0.000000,0.000000,0.000000,0.000000,0.000000,0.000000,0.000000,0.512005,0.000000,0.000000,0.552172,0.500259,0.000000,0.000000,0.000000,0.000000,0.000000,0.000000,0.642210,0.000000,0.728853,0.450146,0.622974,0.445697,0.721474,0.390821,0.000000,0.370176,0.000000,0.358390,0.000000,0.510701,0.000000,0.000000,0.000000,0.000000,0.000000,0.000000,0.000000,0.000000,0.000000,0.000000,0.665907,0.393960,0.000000,0.000000,0.000000,0.000000,0.000000,0.551736,0.000000,0.509671,0.000000,0.000000,0.000000,0.000000,0.000000,0.551777,0.000000,0.521666,0.000000,0.542207,0.000000,0.542235,0.000000,0.517198
0.000000,0.000000,0.000000,0.000000,0.000000,0.000000,0.000000,0.000000,0.000000,0.000000,0.000000,0.000000,0.516878,0.000000,0.000000,0.000000,0.000000,0.000000,0.000000,0.000000,0.000000,0.000000,0.000000,0.000000,0.000000,0.000000,0.000000,0.000000,0.000000,0.000000,0.431770,0.000000,0.432410,0.000000,0.000000,0.505098,0.476757,0.000000,0.514123,0.000000,0.000000,0.000000,0.421603,0.728853,0.000000,0.630147,0.443082,0.496050,0.376353,0.643391,0.445392,0.000000,0.000000,0.000000,0.000000,0.000000,0.000000,0.000000,0.357663,0.000000,0.000000,0.000000,0.000000,0.000000,0.000000,0.000000,0.397804,0.000000,0.000000,0.000000,0.000000,0.000000,0.531720,0.000000,0.000000,0.000000,0.503195,0.000000,0.000000,0.000000,0.000000,0.000000,0.000000,0.000000,0.000000,0.000000,0.492728,0.000000,0.000000,0.000000
0.000000,0.000000,0.000000,0.589549,0.000000,0.000000,0.000000,0.000000,0.000000,0.000000,0.000000,0.000000,0.000000,0.000000,0.000000,0.000000,0.000000,0.000000,0.000000,0.000000,0.000000,0.000000,0.000000,0.506556,0.000000,0.000000,0.000000,0.000000,0.000000,0.000000,0.000000,0.390901,0.000000,0.405773,0.487351,0.536682,0.000000,0.493995,0.000000,0.508593,0.000000,0.000000,0.608530,0.450146,0.630147,0.000000,0.612187,0.512850,0.633603,0.388960,0.000000,0.384018,0.000000,0.466857,0.000000,0.501477,0.000000,0.000000,0.000000,0.276531,0.000000,0.000000,0.000000,0.000000,0.000000,0.000000,0.478183,0.429712,0.000000,0.000000,0.000000,0.000000,0.000000,0.531671,0.000000,0.535052,0.000000,0.000000,0.000000,0.000000,0.000000,0.501804,0.000000,0.496214,0.000000,0.500500,0.000000,0.000000,0.000000,0.547061
0.000000,0.000000,0.000000,0.000000,0.543368,0.000000,0.000000,0.000000,0.000000,0.000000,0.000000,0.000000,0.564303,0.000000,0.559440,0.000000,0.000000,0.000000,0.000000,0.000000,0.544675,0.000000,0.000000,0.000000,0.000000,0.000000,0.000000,0.000000,0.629817,0.000000,0.000000,0.000000,0.000000,0.000000,0.000000,0.000000,0.349508,0.000000,0.497763,0.000000,0.598822,0.000000,0.431446,0.622974,0.443082,0.612187,0.000000,0.537293,0.498998,0.000000,0.361648,0.000000,0.367550,0.000000,0.366471,0.000000,0.000000,0.000000,0.000000,0.000000,0.000000,0.000000,0.000000,0.000000,0.000000,0.000000,0.481447,0.617575,0.000000,0.000000,0.546218,0.000000,0.539536,0.000000,0.605537,0.578474,0.000000,0.000000,0.000000,0.000000,0.572770,0.000000,0.543455,0.523573,0.539397,0.000000,0.456278,0.506237,0.000000,0.000000
0.000000,0.000000,0.000000,0.000000,0.000000,0.000000,0.000000,0.000000,0.000000,0.000000,0.000000,0.000000,0.000000,0.000000,0.000000,0.000000,0.000000,0.000000,0.000000,0.000000,0.000000,0.000000,0.000000,0.499997,0.000000,0.000000,0.000000,0.000000,0.000000,0.000000,0.000000,0.000000,0.000000,0.000000,0.000000,0.000000,0.000000,0.472945,0.000000,0.416526,0.000000,0.000000,0.533385,0.445697,0.496050,0.512850,0.537293,0.000000,0.663466,0.000000,0.624959,0.000000,0.000000,0.372311,0.000000,0.405252,0.000000,0.000000,0.000000,0.000000,0.000000,0.000000,0.000000,0.000000,0.000000,0.000000,0.614555,0.444947,0.000000,0.000000,0.000000,0.000000,0.000000,0.544352,0.000000,0.000000,0.000000,0.000000,0.000000,0.000000,0.000000,0.544345,0.000000,0.539373,0.000000,0.542794,0.000000,0.530912,0.000000,0.529660
0.000000,0.000000,0.000000,0.000000,0.000000,0.000000,0.000000,0.000000,0.000000,0.000000,0.000000,0.000000,0.557860,0.000000,0.552881,0.000000,0.000000,0.000000,0.000000,0.000000,0.000000,0.000000,0.487080,0.000000,0.000000,0.000000,0.000000,0.000000,0.531965,0.000000,0.000000,0.000000,0.000000,0.000000,0.470814,0.504430,0.000000,0.000000,0.488642,0.000000,0.554065,0.000000,0.434885,0.721474,0.376353,0.633603,0.498998,0.663466,0.000000,0.680605,0.439013,0.000000,0.493825,0.000000,0.000000,0.000000,0.000000,0.000000,0.432775,0.000000,0.446875,0.000000,0.000000,0.000000,0.000000,0.000000,0.413318,0.483060,0.000000,0.000000,0.000000,0.000000,0.471880,0.000000,0.472450,0.000000,0.494692,0.000000,0.000000,0.000000,0.524883,0.000000,0.000000,0.000000,0.517982,0.000000,0.000000,0.000000,0.000000,0.000000
