0.000000,0.000000,0.381679,0.000000,0.000000,0.000000,0.401449,0.000000,0.000000,0.000000,0.405197,0.000000,0.388913,0.000000,0.000000,0.000000,0.366602,0.000000,0.324928,0.000000,0.000000,0.000000,0.000000,0.000000,0.000000,0.000000,0.000000,0.000000,0.424121,0.000000,0.000000,0.000000,0.000000,0.000000,0.000000,0.000000,0.000000,0.000000,0.000000,0.000000,0.000000,0.000000,0.000000,0.000000,0.000000,0.000000,0.000000,0.000000,0.000000,0.000000,0.000000,0.000000,0.000000,0.000000,0.000000,0.000000,0.408973,0.000000,0.000000,0.000000,0.434356,0.000000,0.432242,0.000000,0.461920,0.000000,0.000000,0.000000,0.285138,0.000000,0.000000,0.000000,0.393298,0.000000,0.000000,0.000000,0.000000,0.000000,0.000000,0.000000,0.457079,0.000000,0.000000,0.000000,0.462479,0.000000,0.000000,0.000000,0.000000,0.000000
0.000000,0.000000,0.000000,0.342541,0.000000,0.000000,0.000000,0.428511,0.000000,0.000000,0.000000,0.440940,0.000000,0.417423,0.000000,0.000000,0.000000,0.321818,0.000000,0.389470,0.000000,0.000000,0.000000,0.000000,0.000000,0.000000,0.000000,0.000000,0.000000,0.000000,0.000000,0.000000,0.000000,0.000000,0.000000,0.000000,0.000000,0.000000,0.000000,0.000000,0.000000,0.000000,0.000000,0.000000,0.000000,0.000000,0.000000,0.000000,0.000000,0.000000,0.000000,0.454479,0.000000,0.000000,0.000000,0.000000,0.000000,0.412691,0.000000,0.000000,0.000000,0.413150,0.000000,0.000000,0.000000,0.448629,0.000000,0.000000,0.508914,0.315937,0.530731,0.000000,0.000000,0.421916,0.000000,0.467509,0.000000,0.000000,0.000000,0.000000,0.000000,0.412750,0.000000,0.000000,0.000000,0.500588,0.000000,0.000000,0.000000,0.488137
0.381679,0.000000,0.000000,0.512467,0.000000,0.000000,0.355001,0.000000,0.356120,0.000000,0.000000,0.000000,0.383947,0.000000,0.000000,0.000000,0.000000,0.000000,0.301155,0.000000,0.000000,0.000000,0.297031,0.522771,0.311415,0.000000,0.000000,0.000000,0.000000,0.000000,0.000000,0.000000,0.000000,0.000000,0.000000,0.000000,0.000000,0.000000,0.000000,0.000000,0.000000,0.000000,0.000000,0.000000,0.000000,0.000000,0.000000,0.000000,0.000000,0.000000,0.000000,0.000000,0.000000,0.000000,0.000000,0.000000,0.000000,0.000000,0.000000,0.000000,0.000000,0.000000,0.000000,0.000000,0.000000,0.000000,0.000000,0.000000,0.299342,0.000000,0.000000,0.000000,0.386895,0.000000,0.412221,0.000000,0.434894,0.000000,0.000000,0.000000,0.000000,0.000000,0.000000,0.000000,0.000000,0.000000,0.000000,0.000000,0.000000,0.000000
0.000000,0.342541,0.512467,0.000000,0.000000,0.234619,0.000000,0.365173,0.000000,0.000000,0.000000,0.416650,0.000000,0.390722,0.000000,0.000000,0.000000,0.000000,0.520350,0.362720,0.000000,0.000000,0.504249,0.435632,0.482752,0.000000,0.000000,0.000000,0.000000,0.000000,0.460571,0.290641,0.000000,0.237809,0.000000,0.000000,0.000000,0.000000,0.000000,0.000000,0.000000,0.000000,0.000000,0.531383,0.000000,0.000000,0.000000,0.507686,0.000000,0.482616,0.000000,0.000000,0.000000,0.000000,0.000000,0.559935,0.000000,0.000000,0.000000,0.000000,0.000000,0.000000,0.000000,0.000000,0.000000,0.000000,0.000000,0.000000,0.000000,0.000000,0.000000,0.407970,0.479073,0.391258,0.000000,0.444753,0.461459,0.424523,0.000000,0.000000,0.000000,0.000000,0.000000,0.000000,0.000000,0.000000,0.000000,0.000000,0.000000,0.000000
0.000000,0.000000,0.000000,0.000000,0.000000,0.000000,0.000000,0.000000,0.301797,0.000000,0.000000,0.000000,0.000000,0.000000,0.354374,0.000000,0.000000,0.000000,0.000000,0.000000,0.316945,0.000000,0.000000,0.000000,0.285926,0.000000,0.323998,0.000000,0.373210,0.000000,0.000000,0.000000,0.000000,0.000000,0.000000,0.000000,0.000000,0.000000,0.459150,0.000000,0.000000,0.000000,0.000000,0.000000,0.000000,0.000000,0.465579,0.000000,0.000000,0.000000,0.000000,0.000000,0.000000,0.000000,0.000000,0.000000,0.000000,0.000000,0.000000,0.000000,0.000000,0.000000,0.000000,0.000000,0.000000,0.000000,0.000000,0.000000,0.000000,0.000000,0.385253,0.000000,0.390254,0.000000,0.386148,0.000000,0.424403,0.000000,0.000000,0.000000,0.000000,0.000000,0.415063,0.000000,0.000000,0.000000,0.000000,0.000000,0.000000,0.000000
0.000000,0.000000,0.000000,0.234619,0.000000,0.000000,0.000000,0.365631,0.000000,0.331943,0.000000,0.000000,0.000000,0.000000,0.000000,0.346714,0.000000,0.000000,0.000000,0.000000,0.474434,0.209093,0.502543,0.000000,0.552202,0.331365,0.466589,0.343716,0.000000,0.000000,0.000000,0.000000,0.000000,0.000000,0.000000,0.000000,0.000000,0.000000,0.000000,0.000000,0.000000,0.000000,0.000000,0.000000,0.000000,0.000000,0.000000,0.000000,0.000000,0.000000,0.000000,0.000000,0.000000,0.000000,0.000000,0.000000,0.000000,0.000000,0.000000,0.000000,0.000000,0.000000,0.000000,0.000000,0.000000,0.000000,0.000000,0.000000,0.000000,0.000000,0.000000,0.412227,0.000000,0.385079,0.000000,0.404949,0.000000,0.421218,0.000000,0.000000,0.000000,0.000000,0.000000,0.401556,0.000000,0.000000,0.000000,0.000000,0.000000,0.000000
0.401449,0.000000,0.355001,0.000000,0.000000,0.000000,0.000000,0.000000,0.371971,0.000000,0.325719,0.000000,0.368297,0.000000,0.000000,0.000000,0.000000,0.000000,0.000000,0.000000,0.000000,0.000000,0.392774,0.000000,0.000000,0.000000,0.000000,0.000000,0.000000,0.000000,0.000000,0.000000,0.000000,0.000000,0.000000,0.000000,0.000000,0.000000,0.000000,0.000000,0.000000,0.000000,0.000000,0.000000,0.000000,0.000000,0.000000,0.000000,0.000000,0.000000,0.000000,0.000000,0.000000,0.000000,0.000000,0.000000,0.427253,0.000000,0.452788,0.000000,0.437142,0.000000,0.000000,0.000000,0.000000,0.000000,0.000000,0.000000,0.000000,0.000000,0.000000,0.000000,0.000000,0.000000,0.415735,0.000000,0.447938,0.000000,0.000000,0.000000,0.000000,0.000000,0.000000,0.000000,0.000000,0.000000,0.000000,0.000000,0.000000,0.000000
0.000000,0.428511,0.000000,0.365173,0.000000,0.365631,0.000000,0.000000,0.000000,0.365359,0.000000,0.408346,0.000000,0.351141,0.000000,0.000000,0.000000,0.000000,0.000000,0.000000,0.000000,0.000000,0.000000,0.381505,0.000000,0.000000,0.000000,0.000000,0.000000,0.000000,0.000000,0.000000,0.000000,0.000000,0.000000,0.000000,0.000000,0.000000,0.000000,0.000000,0.000000,0.000000,0.000000,0.000000,0.000000,0.000000,0.000000,0.000000,0.000000,0.514414,0.000000,0.479888,0.000000,0.000000,0.000000,0.000000,0.000000,0.456690,0.000000,0.458231,0.000000,0.000000,0.000000,0.000000,0.000000,0.000000,0.000000,0.000000,0.000000,0.000000,0.000000,0.000000,0.000000,0.389154,0.000000,0.000000,0.000000,0.425844,0.000000,0.000000,0.000000,0.000000,0.000000,0.000000,0.000000,0.000000,0.000000,0.000000,0.000000,0.000000
0.000000,0.000000,0.356120,0.000000,0.301797,0.000000,0.371971,0.000000,0.000000,0.000000,0.000000,0.000000,0.323642,0.000000,0.331004,0.000000,0.000000,0.000000,0.000000,0.000000,0.000000,0.000000,0.000000,0.000000,0.294802,0.000000,0.000000,0.000000,0.391240,0.000000,0.000000,0.000000,0.000000,0.000000,0.000000,0.000000,0.000000,0.000000,0.000000,0.000000,0.000000,0.000000,0.490548,0.000000,0.000000,0.000000,0.505734,0.000000,0.000000,0.000000,0.000000,0.000000,0.000000,0.000000,0.481537,0.000000,0.000000,0.000000,0.000000,0.000000,0.000000,0.000000,0.000000,0.000000,0.000000,0.000000,0.000000,0.000000,0.000000,0.000000,0.000000,0.000000,0.418118,0.000000,0.000000,0.000000,0.417691,0.000000,0.000000,0.000000,0.000000,0.000000,0.426068,0.000000,0.000000,0.000000,0.000000,0.000000,0.000000,0.000000
0.000000,0.000000,0.000000,0.000000,0.000000,0.331943,0.000000,0.365359,0.000000,0.000000,0.000000,0.000000,0.000000,0.000000,0.000000,0.358635,0.000000,0.000000,0.000000,0.000000,0.000000,0.000000,0.000000,0.000000,0.000000,0.000000,0.000000,0.000000,0.000000,0.391128,0.000000,0.000000,0.000000,0.000000,0.000000,0.000000,0.000000,0.000000,0.000000,0.000000,0.000000,0.000000,0.000000,0.517949,0.000000,0.000000,0.000000,0.522715,0.000000,0.000000,0.000000,0.467772,0.000000,0.000000,0.000000,0.507501,0.000000,0.000000,0.000000,0.419927,0.000000,0.000000,0.000000,0.000000,0.000000,0.000000,0.000000,0.000000,0.000000,0.000000,0.000000,0.000000,0.000000,0.385565,0.000000,0.406854,0.000000,0.000000,0.000000,0.000000,0.000000,0.000000,0.000000,0.423997,0.000000,0.000000,0.000000,0.000000,0.000000,0.000000
0.405197,0.000000,0.000000,0.000000,0.000000,0.000000,0.325719,0.000000,0.000000,0.000000,0.000000,0.473217,0.405773,0.457149,0.000000,0.000000,0.414627,0.000000,0.000000,0.000000,0.000000,0.000000,0.385673,0.000000,0.000000,0.000000,0.000000,0.000000,0.375959,0.000000,0.000000,0.000000,0.000000,0.000000,0.000000,0.000000,0.000000,0.000000,0.000000,0.000000,0.000000,0.000000,0.000000,0.000000,0.000000,0.000000,0.000000,0.000000,0.000000,0.000000,0.000000,0.000000,0.000000,0.000000,0.000000,0.000000,0.425708,0.000000,0.000000,0.000000,0.000000,0.000000,0.000000,0.000000,0.000000,0.000000,0.000000,0.000000,0.000000,0.000000,0.000000,0.000000,0.000000,0.000000,0.000000,0.000000,0.000000,0.000000,0.000000,0.000000,0.437013,0.000000,0.000000,0.000000,0.431250,0.000000,0.000000,0.000000,0.413398,0.000000
0.000000,0.440940,0.000000,0.416650,0.000000,0.000000,0.000000,0.408346,0.000000,0.000000,0.473217,0.000000,0.000000,0.349695,0.000000,0.352074,0.000000,0.440011,0.000000,0.000000,0.000000,0.000000,0.000000,0.414568,0.000000,0.000000,0.000000,0.000000,0.000000,0.417076,0.000000,0.000000,0.000000,0.000000,0.000000,0.000000,0.000000,0.000000,0.000000,0.000000,0.000000,0.000000,0.000000,0.000000,0.000000,0.000000,0.000000,0.000000,0.000000,0.000000,0.000000,0.000000,0.000000,0.000000,0.000000,0.000000,0.000000,0.465888,0.000000,0.000000,0.000000,0.000000,0.000000,0.000000,0.000000,0.000000,0.000000,0.000000,0.000000,0.000000,0.000000,0.000000,0.480564,0.000000,0.000000,0.000000,0.000000,0.000000,0.000000,0.000000,0.000000,0.000000,0.000000,0.000000,0.000000,0.459055,0.000000,0.000000,0.000000,0.454798
0.388913,0.000000,0.383947,0.000000,0.000000,0.000000,0.368297,0.000000,0.323642,0.000000,0.405773,0.000000,0.000000,0.000000,0.294110,0.000000,0.000000,0.000000,0.000000,0.000000,0.000000,0.000000,0.406017,0.000000,0.000000,0.000000,0.000000,0.000000,0.332871,0.000000,0.000000,0.000000,0.000000,0.000000,0.000000,0.000000,0.000000,0.000000,0.000000,0.000000,0.000000,0.000000,0.518773,0.000000,0.000000,0.000000,0.515342,0.000000,0.000000,0.000000,0.525629,0.000000,0.000000,0.000000,0.000000,0.000000,0.000000,0.000000,0.000000,0.000000,0.000000,0.000000,0.000000,0.000000,0.424743,0.000000,0.000000,0.000000,0.000000,0.000000,0.000000,0.000000,0.441151,0.000000,0.417421,0.000000,0.000000,0.000000,0.000000,0.000000,0.000000,0.000000,0.446037,0.000000,0.000000,0.000000,0.000000,0.000000,0.000000,0.000000
0.000000,0.417423,0.000000,0.390722,0.000000,0.000000,0.000000,0.351141,0.000000,0.000000,0.457149,0.349695,0.000000,0.000000,0.000000,0.384835,0.000000,0.445215,0.000000,0.000000,0.000000,0.000000,0.000000,0.395600,0.000000,0.000000,0.000000,0.000000,0.000000,0.366757,0.000000,0.000000,0.000000,0.000000,0.000000,0.000000,0.000000,0.000000,0.000000,0.000000,0.000000,0.000000,0.000000,0.518171,0.000000,0.000000,0.000000,0.518876,0.000000,0.506820,0.000000,0.473901,0.000000,0.459373,0.000000,0.000000,0.000000,0.000000,0.000000,0.466745,0.000000,0.000000,0.000000,0.000000,0.000000,0.000000,0.000000,0.000000,0.000000,0.000000,0.000000,0.000000,0.000000,0.394756,0.000000,0.405343,0.000000,0.000000,0.000000,0.000000,0.000000,0.000000,0.000000,0.000000,0.000000,0.464418,0.000000,0.000000,0.000000,0.424857
0.000000,0.000000,0.000000,0.000000,0.354374,0.000000,0.000000,0.000000,0.331004,0.000000,0.000000,0.000000,0.294110,0.000000,0.000000,0.402063,0.000000,0.000000,0.000000,0.000000,0.365948,0.390773,0.000000,0.000000,0.000000,0.000000,0.378419,0.000000,0.343673,0.000000,0.000000,0.000000,0.000000,0.000000,0.000000,0.000000,0.000000,0.000000,0.208739,0.000000,0.000000,0.000000,0.498449,0.000000,0.000000,0.000000,0.498391,0.000000,0.490649,0.000000,0.487250,0.000000,0.000000,0.000000,0.000000,0.000000,0.000000,0.000000,0.445448,0.000000,0.000000,0.000000,0.000000,0.000000,0.403116,0.000000,0.000000,0.000000,0.000000,0.000000,0.342886,0.000000,0.435519,0.000000,0.383798,0.000000,0.000000,0.000000,0.000000,0.000000,0.000000,0.000000,0.244374,0.000000,0.000000,0.000000,0.000000,0.000000,0.000000,0.000000
0.000000,0.000000,0.000000,0.000000,0.000000,0.346714,0.000000,0.000000,0.000000,0.358635,0.000000,0.352074,0.000000,0.384835,0.402063,0.000000,0.000000,0.000000,0.000000,0.000000,0.000000,0.415557,0.000000,0.000000,0.000000,0.000000,0.484335,0.358402,0.000000,0.322989,0.000000,0.000000,0.000000,0.000000,0.000000,0.000000,0.000000,0.000000,0.000000,0.000000,0.000000,0.000000,0.000000,0.496213,0.000000,0.503882,0.000000,0.506448,0.000000,0.455845,0.000000,0.444528,0.000000,0.441135,0.000000,0.505469,0.000000,0.000000,0.000000,0.416697,0.000000,0.000000,0.000000,0.000000,0.000000,0.000000,0.000000,0.000000,0.000000,0.000000,0.000000,0.000000,0.000000,0.346606,0.000000,0.000000,0.000000,0.000000,0.000000,0.000000,0.000000,0.000000,0.000000,0.431384,0.000000,0.000000,0.000000,0.000000,0.000000,0.000000
0.366602,0.000000,0.000000,0.000000,0.000000,0.000000,0.000000,0.000000,0.000000,0.000000,0.414627,0.000000,0.000000,0.000000,0.000000,0.000000,0.000000,0.000000,0.000000,0.000000,0.000000,0.000000,0.000000,0.000000,0.000000,0.000000,0.000000,0.000000,0.357997,0.000000,0.000000,0.000000,0.000000,0.000000,0.000000,0.000000,0.000000,0.000000,0.000000,0.000000,0.000000,0.000000,0.000000,0.000000,0.000000,0.000000,0.000000,0.000000,0.000000,0.000000,0.000000,0.000000,0.000000,0.000000,0.000000,0.000000,0.357862,0.000000,0.000000,0.000000,0.000000,0.000000,0.353244,0.000000,0.000000,0.000000,0.000000,0.000000,0.000000,0.000000,0.000000,0.000000,0.000000,0.000000,0.000000,0.000000,0.000000,0.000000,0.334928,0.000000,0.319449,0.000000,0.000000,0.000000,0.000000,0.000000,0.000000,0.000000,0.000000,0.000000
0.000000,0.321818,0.000000,0.000000,0.000000,0.000000,0.000000,0.000000,0.000000,0.000000,0.000000,0.440011,0.000000,0.445215,0.000000,0.000000,0.000000,0.000000,0.000000,0.000000,0.000000,0.000000,0.000000,0.000000,0.000000,0.000000,0.000000,0.000000,0.000000,0.362122,0.000000,0.000000,0.000000,0.000000,0.000000,0.000000,0.000000,0.000000,0.000000,0.000000,0.000000,0.000000,0.000000,0.000000,0.000000,0.000000,0.000000,0.000000,0.000000,0.000000,0.000000,0.000000,0.000000,0.000000,0.000000,0.000000,0.000000,0.359947,0.000000,0.000000,0.000000,0.431339,0.000000,0.352681,0.000000,0.423973,0.000000,0.000000,0.000000,0.000000,0.000000,0.000000,0.000000,0.385031,0.000000,0.000000,0.000000,0.000000,0.000000,0.338357,0.000000,0.331678,0.000000,0.000000,0.000000,0.438970,0.000000,0.000000,0.000000,0.000000
0.324928,0.000000,0.301155,0.520350,0.000000,0.000000,0.000000,0.000000,0.000000,0.000000,0.000000,0.000000,0.000000,0.000000,0.000000,0.000000,0.000000,0.000000,0.000000,0.529538,0.000000,0.000000,0.274738,0.507939,0.000000,0.000000,0.000000,0.000000,0.000000,0.000000,0.354970,0.000000,0.360119,0.539181,0.000000,0.000000,0.000000,0.000000,0.000000,0.000000,0.000000,0.000000,0.000000,0.000000,0.000000,0.000000,0.000000,0.000000,0.000000,0.000000,0.000000,0.000000,0.000000,0.000000,0.000000,0.000000,0.000000,0.000000,0.000000,0.000000,0.000000,0.000000,0.000000,0.000000,0.000000,0.000000,0.000000,0.000000,0.324030,0.000000,0.000000,0.000000,0.365487,0.515328,0.000000,0.000000,0.000000,0.000000,0.000000,0.000000,0.000000,0.000000,0.000000,0.000000,0.000000,0.000000,0.000000,0.000000,0.000000,0.000000
0.000000,0.389470,0.000000,0.362720,0.000000,0.000000,0.000000,0.000000,0.000000,0.000000,0.000000,0.000000,0.000000,0.000000,0.000000,0.000000,0.000000,0.000000,0.529538,0.000000,0.000000,0.000000,0.000000,0.296896,0.000000,0.000000,0.000000,0.000000,0.000000,0.000000,0.000000,0.000000,0.506419,0.342834,0.000000,0.000000,0.000000,0.000000,0.000000,0.000000,0.000000,0.000000,0.000000,0.000000,0.000000,0.000000,0.000000,0.000000,0.000000,0.000000,0.000000,0.000000,0.000000,0.000000,0.000000,0.000000,0.000000,0.390018,0.000000,0.000000,0.000000,0.000000,0.000000,0.000000,0.000000,0.000000,0.000000,0.000000,0.495889,0.360994,0.000000,0.000000,0.000000,0.395261,0.000000,0.000000,0.000000,0.000000,0.000000,0.000000,0.000000,0.000000,0.000000,0.000000,0.000000,0.000000,0.000000,0.000000,0.000000,0.000000
0.000000,0.000000,0.000000,0.000000,0.316945,0.474434,0.000000,0.000000,0.000000,0.000000,0.000000,0.000000,0.000000,0.000000,0.365948,0.000000,0.000000,0.000000,0.000000,0.000000,0.000000,0.381285,0.000000,0.000000,0.391394,0.253829,0.288297,0.000000,0.346183,0.000000,0.399231,0.000000,0.000000,0.000000,0.000000,0.000000,0.000000,0.000000,0.000000,0.000000,0.000000,0.000000,0.000000,0.000000,0.000000,0.000000,0.000000,0.000000,0.000000,0.000000,0.000000,0.000000,0.000000,0.000000,0.000000,0.000000,0.000000,0.000000,0.000000,0.000000,0.000000,0.000000,0.000000,0.000000,0.000000,0.000000,0.000000,0.000000,0.000000,0.000000,0.277367,0.000000,0.264101,0.000000,0.000000,0.000000,0.000000,0.000000,0.000000,0.000000,0.000000,0.000000,0.000000,0.000000,0.000000,0.000000,0.000000,0.000000,0.000000,0.000000
0.000000,0.000000,0.000000,0.000000,0.000000,0.209093,0.000000,0.000000,0.000000,0.000000,0.000000,0.000000,0.000000,0.000000,0.390773,0.415557,0.000000,0.000000,0.000000,0.000000,0.381285,0.000000,0.000000,0.000000,0.400158,0.318175,0.454432,0.305532,0.000000,0.319552,0.358366,0.297539,0.000000,0.000000,0.000000,0.000000,0.000000,0.000000,0.000000,0.000000,0.000000,0.312378,0.000000,0.000000,0.000000,0.000000,0.000000,0.000000,0.000000,0.000000,0.000000,0.000000,0.000000,0.000000,0.000000,0.000000,0.000000,0.000000,0.000000,0.000000,0.000000,0.000000,0.000000,0.000000,0.000000,0.000000,0.421511,0.000000,0.000000,0.000000,0.000000,0.270394,0.000000,0.324872,0.000000,0.000000,0.000000,0.000000,0.000000,0.000000,0.000000,0.000000,0.000000,0.000000,0.000000,0.000000,0.000000,0.000000,0.000000,0.000000
0.000000,0.000000,0.297031,0.504249,0.000000,0.502543,0.392774,0.000000,0.000000,0.000000,0.385673,0.000000,0.406017,0.000000,0.000000,0.000000,0.000000,0.000000,0.274738,0.000000,0.000000,0.000000,0.000000,0.501150,0.297934,0.000000,0.000000,0.000000,0.000000,0.000000,0.354625,0.474310,0.473332,0.554325,0.516933,0.000000,0.000000,0.000000,0.000000,0.000000,0.000000,0.000000,0.509589,0.000000,0.000000,0.000000,0.471709,0.000000,0.000000,0.000000,0.000000,0.000000,0.000000,0.000000,0.000000,0.000000,0.379786,0.000000,0.413476,0.000000,0.000000,0.000000,0.000000,0.000000,0.000000,0.000000,0.479054,0.000000,0.448048,0.000000,0.000000,0.488543,0.385758,0.000000,0.410688,0.000000,0.415043,0.469325,0.000000,0.000000,0.000000,0.000000,0.000000,0.000000,0.000000,0.000000,0.000000,0.000000,0.000000,0.000000
0.000000,0.000000,0.522771,0.435632,0.000000,0.000000,0.000000,0.381505,0.000000,0.000000,0.000000,0.414568,0.000000,0.395600,0.000000,0.000000,0.000000,0.000000,0.507939,0.296896,0.000000,0.000000,0.501150,0.000000,0.479216,0.283545,0.000000,0.000000,0.000000,0.000000,0.434100,0.326587,0.000000,0.429622,0.000000,0.482186,0.000000,0.000000,0.000000,0.000000,0.000000,0.000000,0.000000,0.000000,0.000000,0.000000,0.000000,0.000000,0.000000,0.000000,0.000000,0.000000,0.000000,0.000000,0.000000,0.000000,0.000000,0.000000,0.000000,0.000000,0.000000,0.000000,0.000000,0.000000,0.000000,0.000000,0.000000,0.444097,0.000000,0.000000,0.000000,0.000000,0.000000,0.000000,0.000000,0.000000,0.000000,0.432209,0.000000,0.000000,0.000000,0.000000,0.000000,0.000000,0.000000,0.000000,0.000000,0.000000,0.000000,0.000000
0.000000,0.000000,0.311415,0.482752,0.285926,0.552202,0.000000,0.000000,0.294802,0.000000,0.000000,0.000000,0.000000,0.000000,0.000000,0.000000,0.000000,0.000000,0.000000,0.000000,0.391394,0.400158,0.297934,0.479216,0.000000,0.513425,0.347352,0.554303,0.000000,0.000000,0.334557,0.000000,0.467820,0.000000,0.000000,0.000000,0.000000,0.000000,0.000000,0.000000,0.000000,0.000000,0.000000,0.000000,0.000000,0.000000,0.000000,0.000000,0.000000,0.000000,0.000000,0.000000,0.000000,0.000000,0.000000,0.000000,0.000000,0.000000,0.000000,0.000000,0.000000,0.000000,0.000000,0.000000,0.000000,0.000000,0.451074,0.000000,0.000000,0.000000,0.363510,0.000000,0.000000,0.000000,0.000000,0.000000,0.439591,0.000000,0.000000,0.000000,0.000000,0.000000,0.416712,0.000000,0.000000,0.000000,0.000000,0.000000,0.000000,0.000000
0.000000,0.000000,0.000000,0.000000,0.000000,0.331365,0.000000,0.000000,0.000000,0.000000,0.000000,0.000000,0.000000,0.000000,0.000000,0.000000,0.000000,0.000000,0.000000,0.000000,0.253829,0.318175,0.000000,0.283545,0.513425,0.000000,0.437411,0.333161,0.000000,0.000000,0.418133,0.384470,0.000000,0.408607,0.000000,0.000000,0.000000,0.000000,0.000000,0.000000,0.000000,0.000000,0.000000,0.000000,0.000000,0.000000,0.000000,0.000000,0.000000,0.000000,0.000000,0.000000,0.000000,0.000000,0.000000,0.000000,0.000000,0.000000,0.000000,0.000000,0.000000,0.000000,0.000000,0.000000,0.000000,0.000000,0.000000,0.437707,0.000000,0.000000,0.000000,0.000000,0.000000,0.000000,0.000000,0.000000,0.000000,0.000000,0.000000,0.000000,0.000000,0.000000,0.000000,0.000000,0.000000,0.000000,0.000000,0.000000,0.000000,0.000000
0.000000,0.000000,0.000000,0.000000,0.323998,0.466589,0.000000,0.000000,0.000000,0.000000,0.000000,0.000000,0.000000,0.000000,0.378419,0.484335,0.000000,0.000000,0.000000,0.000000,0.288297,0.454432,0.000000,0.000000,0.347352,0.437411,0.000000,0.474919,0.368340,0.000000,0.000000,0.474649,0.000000,0.000000,0.000000,0.000000,0.000000,0.000000,0.000000,0.000000,0.000000,0.000000,0.000000,0.000000,0.000000,0.000000,0.000000,0.000000,0.000000,0.000000,0.000000,0.000000,0.000000,0.000000,0.000000,0.000000,0.000000,0.000000,0.000000,0.000000,0.000000,0.000000,0.000000,0.000000,0.000000,0.000000,0.000000,0.000000,0.000000,0.000000,0.281629,0.000000,0.000000,0.000000,0.000000,0.000000,0.000000,0.000000,0.000000,0.000000,0.000000,0.000000,0.370489,0.000000,0.000000,0.000000,0.000000,0.000000,0.000000,0.000000
0.000000,0.000000,0.000000,0.000000,0.000000,0.343716,0.000000,0.000000,0.000000,0.000000,0.000000,0.000000,0.000000,0.000000,0.000000,0.358402,0.000000,0.000000,0.000000,0.000000,0.000000,0.305532,0.000000,0.000000,0.554303,0.333161,0.474919,0.000000,0.000000,0.000000,0.000000,0.000000,0.000000,0.000000,0.000000,0.000000,0.507569,0.000000,0.000000,0.000000,0.000000,0.000000,0.000000,0.000000,0.000000,0.000000,0.000000,0.000000,0.000000,0.000000,0.000000,0.000000,0.000000,0.000000,0.000000,0.000000,0.000000,0.000000,0.000000,0.000000,0.000000,0.000000,0.000000,0.000000,0.000000,0.000000,0.000000,0.000000,0.000000,0.000000,0.000000,0.292069,0.000000,0.263761,0.000000,0.000000,0.000000,0.000000,0.000000,0.000000,0.000000,0.000000,0.000000,0.000000,0.000000,0.000000,0.000000,0.000000,0.000000,0.000000
0.424121,0.000000,0.000000,0.000000,0.373210,0.000000,0.000000,0.000000,0.391240,0.000000,0.375959,0.000000,0.332871,0.000000,0.343673,0.000000,0.357997,0.000000,0.000000,0.000000,0.346183,0.000000,0.000000,0.000000,0.000000,0.000000,0.368340,0.000000,0.000000,0.000000,0.000000,0.000000,0.000000,0.000000,0.000000,0.000000,0.000000,0.000000,0.000000,0.000000,0.000000,0.000000,0.521765,0.000000,0.000000,0.000000,0.000000,0.000000,0.514584,0.000000,0.469248,0.000000,0.519371,0.000000,0.000000,0.000000,0.355571,0.000000,0.392074,0.000000,0.406864,0.000000,0.000000,0.000000,0.458168,0.000000,0.000000,0.000000,0.000000,0.000000,0.345523,0.000000,0.305794,0.000000,0.000000,0.000000,0.000000,0.000000,0.335457,0.000000,0.262426,0.000000,0.257830,0.000000,0.000000,0.000000,0.000000,0.000000,0.000000,0.000000
0.000000,0.000000,0.000000,0.000000,0.000000,0.000000,0.000000,0.000000,0.000000,0.391128,0.000000,0.417076,0.000000,0.366757,0.000000,0.322989,0.000000,0.362122,0.000000,0.000000,0.000000,0.319552,0.000000,0.000000,0.000000,0.000000,0.000000,0.000000,0.000000,0.000000,0.000000,0.000000,0.000000,0.000000,0.000000,0.000000,0.000000,0.000000,0.000000,0.000000,0.000000,0.000000,0.000000,0.000000,0.000000,0.528050,0.000000,0.521329,0.000000,0.505162,0.000000,0.481427,0.000000,0.504953,0.000000,0.518780,0.000000,0.452966,0.000000,0.466208,0.000000,0.472626,0.000000,0.000000,0.000000,0.000000,0.000000,0.477446,0.000000,0.000000,0.000000,0.000000,0.000000,0.316950,0.000000,0.000000,0.000000,0.000000,0.000000,0.333242,0.000000,0.387138,0.000000,0.303150,0.000000,0.000000,0.000000,0.000000,0.000000,0.000000
0.000000,0.000000,0.000000,0.460571,0.000000,0.000000,0.000000,0.000000,0.000000,0.000000,0.000000,0.000000,0.000000,0.000000,0.000000,0.000000,0.000000,0.000000,0.354970,0.000000,0.399231,0.358366,0.354625,0.434100,0.334557,0.418133,0.000000,0.000000,0.000000,0.000000,0.000000,0.410008,0.443065,0.000000,0.409885,0.000000,0.000000,0.000000,0.000000,0.000000,0.000000,0.000000,0.000000,0.000000,0.000000,0.000000,0.000000,0.000000,0.000000,0.000000,0.000000,0.000000,0.000000,0.000000,0.000000,0.000000,0.000000,0.000000,0.000000,0.000000,0.000000,0.000000,0.000000,0.000000,0.000000,0.000000,0.472367,0.000000,0.000000,0.000000,0.391367,0.000000,0.000000,0.000000,0.000000,0.000000,0.000000,0.000000,0.000000,0.000000,0.000000,0.000000,0.000000,0.000000,0.000000,0.000000,0.000000,0.000000,0.000000,0.000000
0.000000,0.000000,0.000000,0.290641,0.000000,0.000000,0.000000,0.000000,0.000000,0.000000,0.000000,0.000000,0.000000,0.000000,0.000000,0.000000,0.000000,0.000000,0.000000,0.000000,0.000000,0.297539,0.474310,0.326587,0.000000,0.384470,0.474649,0.000000,0.000000,0.000000,0.410008,0.000000,0.000000,0.426802,0.000000,0.483740,0.000000,0.000000,0.000000,0.000000,0.000000,0.000000,0.000000,0.000000,0.000000,0.000000,0.000000,0.000000,0.000000,0.000000,0.000000,0.000000,0.000000,0.000000,0.000000,0.000000,0.000000,0.000000,0.000000,0.000000,0.000000,0.000000,0.000000,0.000000,0.000000,0.000000,0.000000,0.475831,0.000000,0.000000,0.000000,0.000000,0.000000,0.000000,0.000000,0.000000,0.000000,0.000000,0.000000,0.000000,0.000000,0.000000,0.000000,0.000000,0.000000,0.000000,0.000000,0.000000,0.000000,0.000000
0.000000,0.000000,0.000000,0.000000,0.000000,0.000000,0.000000,0.000000,0.000000,0.000000,0.000000,0.000000,0.000000,0.000000,0.000000,0.000000,0.000000,0.000000,0.360119,0.506419,0.000000,0.000000,0.473332,0.000000,0.467820,0.000000,0.000000,0.000000,0.000000,0.000000,0.443065,0.000000,0.000000,0.479616,0.400427,0.000000,0.000000,0.000000,0.000000,0.000000,0.000000,0.000000,0.000000,0.000000,0.000000,0.000000,0.000000,0.000000,0.000000,0.000000,0.000000,0.000000,0.000000,0.000000,0.000000,0.000000,0.000000,0.000000,0.000000,0.000000,0.000000,0.000000,0.000000,0.000000,0.000000,0.000000,0.445234,0.488952,0.354549,0.528289,0.000000,0.000000,0.000000,0.000000,0.000000,0.000000,0.000000,0.000000,0.000000,0.000000,0.000000,0.000000,0.000000,0.000000,0.000000,0.000000,0.000000,0.000000,0.000000,0.000000
0.000000,0.000000,0.000000,0.237809,0.000000,0.000000,0.000000,0.000000,0.000000,0.000000,0.000000,0.000000,0.000000,0.000000,0.000000,0.000000,0.000000,0.000000,0.539181,0.342834,0.000000,0.000000,0.554325,0.429622,0.000000,0.408607,0.000000,0.000000,0.000000,0.000000,0.000000,0.426802,0.479616,0.000000,0.448850,0.456906,0.000000,0.413520,0.000000,0.000000,0.000000,0.000000,0.000000,0.000000,0.000000,0.000000,0.000000,0.000000,0.000000,0.000000,0.000000,0.000000,0.000000,0.000000,0.000000,0.000000,0.000000,0.000000,0.468273,0.411806,0.000000,0.000000,0.000000,0.000000,0.000000,0.000000,0.551106,0.400724,0.459384,0.348733,0.000000,0.000000,0.000000,0.000000,0.000000,0.000000,0.000000,0.000000,0.000000,0.000000,0.000000,0.000000,0.000000,0.000000,0.000000,0.000000,0.000000,0.000000,0.000000,0.000000
0.000000,0.000000,0.000000,0.000000,0.000000,0.000000,0.000000,0.000000,0.000000,0.000000,0.000000,0.000000,0.000000,0.000000,0.000000,0.000000,0.000000,0.000000,0.000000,0.000000,0.000000,0.000000,0.516933,0.000000,0.000000,0.000000,0.000000,0.000000,0.000000,0.000000,0.409885,0.000000,0.400427,0.448850,0.000000,0.455668,0.412244,0.399704,0.000000,0.000000,0.000000,0.000000,0.000000,0.571645,0.472493,0.610395,0.000000,0.000000,0.436000,0.551027,0.000000,0.000000,0.000000,0.000000,0.000000,0.000000,0.000000,0.000000,0.468660,0.000000,0.000000,0.000000,0.000000,0.000000,0.000000,0.000000,0.383660,0.000000,0.000000,0.000000,0.000000,0.000000,0.000000,0.000000,0.000000,0.000000,0.000000,0.000000,0.000000,0.000000,0.000000,0.000000,0.000000,0.000000,0.000000,0.000000,0.000000,0.000000,0.000000,0.000000
0.000000,0.000000,0.000000,0.000000,0.000000,0.000000,0.000000,0.000000,0.000000,0.000000,0.000000,0.000000,0.000000,0.000000,0.000000,0.000000,0.000000,0.000000,0.000000,0.000000,0.000000,0.000000,0.000000,0.482186,0.000000,0.000000,0.000000,0.000000,0.000000,0.000000,0.000000,0.483740,0.000000,0.456906,0.455668,0.000000,0.000000,0.399712,0.000000,0.000000,0.000000,0.000000,0.000000,0.000000,0.547433,0.442707,0.000000,0.000000,0.000000,0.000000,0.000000,0.000000,0.000000,0.000000,0.000000,0.000000,0.000000,0.000000,0.500818,0.000000,0.000000,0.000000,0.000000,0.000000,0.000000,0.000000,0.583798,0.385404,0.000000,0.000000,0.000000,0.000000,0.000000,0.000000,0.000000,0.000000,0.000000,0.000000,0.000000,0.000000,0.000000,0.000000,0.000000,0.000000,0.000000,0.000000,0.000000,0.000000,0.000000,0.000000
0.000000,0.000000,0.000000,0.000000,0.000000,0.000000,0.000000,0.000000,0.000000,0.000000,0.000000,0.000000,0.000000,0.000000,0.000000,0.000000,0.000000,0.000000,0.000000,0.000000,0.000000,0.000000,0.000000,0.000000,0.000000,0.000000,0.000000,0.507569,0.000000,0.000000,0.000000,0.000000,0.000000,0.000000,0.412244,0.000000,0.000000,0.440626,0.376557,0.498118,0.472691,0.000000,0.000000,0.000000,0.420119,0.000000,0.336690,0.000000,0.414558,0.000000,0.000000,0.000000,0.000000,0.000000,0.365778,0.000000,0.000000,0.000000,0.422956,0.000000,0.000000,0.000000,0.000000,0.000000,0.000000,0.000000,0.460875,0.000000,0.000000,0.000000,0.437458,0.000000,0.000000,0.000000,0.000000,0.000000,0.427210,0.401676,0.000000,0.000000,0.000000,0.000000,0.480658,0.000000,0.000000,0.000000,0.385535,0.000000,0.000000,0.000000
0.000000,0.000000,0.000000,0.000000,0.000000,0.000000,0.000000,0.000000,0.000000,0.000000,0.000000,0.000000,0.000000,0.000000,0.000000,0.000000,0.000000,0.000000,0.000000,0.000000,0.000000,0.000000,0.000000,0.000000,0.000000,0.000000,0.000000,0.000000,0.000000,0.000000,0.000000,0.000000,0.000000,0.413520,0.399704,0.399712,0.440626,0.000000,0.502855,0.434657,0.000000,0.457414,0.525511,0.000000,0.528797,0.000000,0.498125,0.407175,0.000000,0.000000,0.000000,0.000000,0.000000,0.000000,0.000000,0.318157,0.000000,0.000000,0.000000,0.421011,0.000000,0.000000,0.000000,0.000000,0.000000,0.000000,0.493021,0.539856,0.000000,0.000000,0.000000,0.436892,0.000000,0.468614,0.000000,0.000000,0.000000,0.489430,0.000000,0.000000,0.000000,0.000000,0.000000,0.433503,0.000000,0.000000,0.489793,0.402715,0.000000,0.000000
0.000000,0.000000,0.000000,0.000000,0.459150,0.000000,0.000000,0.000000,0.000000,0.000000,0.000000,0.000000,0.000000,0.000000,0.208739,0.000000,0.000000,0.000000,0.000000,0.000000,0.000000,0.000000,0.000000,0.000000,0.000000,0.000000,0.000000,0.000000,0.000000,0.000000,0.000000,0.000000,0.000000,0.000000,0.000000,0.000000,0.376557,0.502855,0.000000,0.515211,0.283696,0.000000,0.487285,0.000000,0.416229,0.000000,0.404208,0.521043,0.414793,0.000000,0.000000,0.000000,0.000000,0.000000,0.342313,0.000000,0.000000,0.000000,0.419511,0.000000,0.000000,0.000000,0.000000,0.000000,0.000000,0.000000,0.444362,0.000000,0.000000,0.000000,0.472492,0.000000,0.403440,0.000000,0.000000,0.000000,0.000000,0.000000,0.000000,0.000000,0.000000,0.000000,0.405401,0.000000,0.000000,0.000000,0.377087,0.000000,0.000000,0.000000
0.000000,0.000000,0.000000,0.000000,0.000000,0.000000,0.000000,0.000000,0.000000,0.000000,0.000000,0.000000,0.000000,0.000000,0.000000,0.000000,0.000000,0.000000,0.000000,0.000000,0.000000,0.000000,0.000000,0.000000,0.000000,0.000000,0.000000,0.000000,0.000000,0.000000,0.000000,0.000000,0.000000,0.000000,0.000000,0.000000,0.498118,0.434657,0.515211,0.000000,0.000000,0.294447,0.516817,0.000000,0.544221,0.594776,0.523875,0.375569,0.000000,0.000000,0.000000,0.000000,0.000000,0.000000,0.000000,0.363261,0.000000,0.000000,0.000000,0.467421,0.000000,0.000000,0.000000,0.000000,0.000000,0.000000,0.515015,0.480373,0.000000,0.000000,0.000000,0.000000,0.000000,0.000000,0.000000,0.000000,0.000000,0.481162,0.000000,0.000000,0.000000,0.000000,0.000000,0.504566,0.000000,0.000000,0.000000,0.417746,0.000000,0.000000
0.000000,0.000000,0.000000,0.000000,0.000000,0.000000,0.000000,0.000000,0.000000,0.000000,0.000000,0.000000,0.000000,0.000000,0.000000,0.000000,0.000000,0.000000,0.000000,0.000000,0.000000,0.000000,0.000000,0.000000,0.000000,0.000000,0.000000,0.000000,0.000000,0.000000,0.000000,0.000000,0.000000,0.000000,0.000000,0.000000,0.472691,0.000000,0.283696,0.000000,0.000000,0.000000,0.545997,0.000000,0.000000,0.000000,0.000000,0.000000,0.584427,0.000000,0.540347,0.000000,0.504303,0.000000,0.361823,0.000000,0.000000,0.000000,0.000000,0.000000,0.000000,0.000000,0.000000,0.000000,0.000000,0.000000,0.000000,0.000000,0.000000,0.000000,0.000000,0.000000,0.000000,0.000000,0.000000,0.000000,0.430695,0.000000,0.000000,0.000000,0.000000,0.000000,0.383530,0.000000,0.000000,0.000000,0.000000,0.000000,0.000000,0.000000
0.000000,0.000000,0.000000,0.000000,0.000000,0.000000,0.000000,0.000000,0.000000,0.000000,0.000000,0.000000,0.000000,0.000000,0.000000,0.000000,0.000000,0.000000,0.000000,0.000000,0.000000,0.312378,0.000000,0.000000,0.000000,0.000000,0.000000,0.000000,0.000000,0.000000,0.000000,0.000000,0.000000,0.000000,0.000000,0.000000,0.000000,0.457414,0.000000,0.294447,0.000000,0.000000,0.000000,0.000000,0.000000,0.000000,0.000000,0.475105,0.000000,0.000000,0.000000,0.000000,0.000000,0.000000,0.000000,0.000000,0.000000,0.000000,0.000000,0.000000,0.000000,0.000000,0.000000,0.000000,0.000000,0.000000,0.000000,0.000000,0.000000,0.000000,0.000000,0.000000,0.000000,0.332525,0.000000,0.000000,0.000000,0.448809,0.000000,0.000000,0.000000,0.000000,0.000000,0.295264,0.000000,0.000000,0.000000,0.374545,0.000000,0.000000
0.000000,0.000000,0.000000,0.000000,0.000000,0.000000,0.000000,0.000000,0.490548,0.000000,0.000000,0.000000,0.518773,0.000000,0.498449,0.000000,0.000000,0.000000,0.000000,0.000000,0.000000,0.000000,0.509589,0.000000,0.000000,0.000000,0.000000,0.000000,0.521765,0.000000,0.000000,0.000000,0.000000,0.000000,0.000000,0.000000,0.000000,0.525511,0.487285,0.516817,0.545997,0.000000,0.000000,0.611014,0.406033,0.617545,0.391411,0.606145,0.375571,0.627775,0.271664,0.641226,0.314719,0.641010,0.357930,0.000000,0.000000,0.000000,0.000000,0.000000,0.000000,0.000000,0.000000,0.000000,0.000000,0.000000,0.343322,0.614185,0.000000,0.000000,0.000000,0.000000,0.530339,0.000000,0.538179,0.000000,0.491088,0.000000,0.000000,0.000000,0.529373,0.000000,0.506674,0.000000,0.520370,0.000000,0.499733,0.000000,0.506590,0.000000
0.000000,0.000000,0.000000,0.531383,0.000000,0.000000,0.000000,0.000000,0.000000,0.517949,0.000000,0.000000,0.000000,0.518171,0.000000,0.496213,0.000000,0.000000,0.000000,0.000000,0.000000,0.000000,0.000000,0.000000,0.000000,0.000000,0.000000,0.000000,0.000000,0.000000,0.000000,0.000000,0.000000,0.000000,0.571645,0.000000,0.000000,0.000000,0.000000,0.000000,0.000000,0.000000,0.611014,0.000000,0.643527,0.373435,0.000000,0.332436,0.646529,0.457657,0.000000,0.332193,0.000000,0.325372,0.000000,0.000000,0.000000,0.000000,0.000000,0.000000,0.000000,0.000000,0.000000,0.000000,0.000000,0.000000,0.000000,0.464556,0.000000,0.000000,0.000000,0.000000,0.000000,0.502825,0.000000,0.499869,0.000000,0.000000,0.000000,0.000000,0.000000,0.502491,0.000000,0.510498,0.000000,0.000000,0.000000,0.461020,0.000000,0.000000
0.000000,0.000000,0.000000,0.000000,0.000000,0.000000,0.000000,0.000000,0.000000,0.000000,0.000000,0.000000,0.000000,0.000000,0.000000,0.000000,0.000000,0.000000,0.000000,0.000000,0.000000,0.000000,0.000000,0.000000,0.000000,0.000000,0.000000,0.000000,0.000000,0.000000,0.000000,0.000000,0.000000,0.000000,0.472493,0.547433,0.420119,0.528797,0.416229,0.544221,0.000000,0.000000,0.406033,0.643527,0.000000,0.627575,0.401892,0.533925,0.338275,0.627949,0.000000,0.000000,0.000000,0.644386,0.000000,0.000000,0.000000,0.000000,0.391180,0.581991,0.000000,0.000000,0.000000,0.000000,0.000000,0.000000,0.394233,0.621258,0.000000,0.000000,0.000000,0.000000,0.000000,0.000000,0.000000,0.000000,0.453064,0.000000,0.000000,0.000000,0.000000,0.000000,0.000000,0.000000,0.000000,0.000000,0.000000,0.000000,0.000000,0.000000
0.000000,0.000000,0.000000,0.000000,0.000000,0.000000,0.000000,0.000000,0.000000,0.000000,0.000000,0.000000,0.000000,0.000000,0.000000,0.503882,0.000000,0.000000,0.000000,0.000000,0.000000,0.000000,0.000000,0.000000,0.000000,0.000000,0.000000,0.000000,0.000000,0.528050,0.000000,0.000000,0.000000,0.000000,0.610395,0.442707,0.000000,0.000000,0.000000,0.594776,0.000000,0.000000,0.617545,0.373435,0.627575,0.000000,0.569243,0.391476,0.616895,0.337320,0.620102,0.309427,0.000000,0.000000,0.000000,0.000000,0.000000,0.000000,0.508943,0.218497,0.000000,0.000000,0.000000,0.000000,0.000000,0.000000,0.000000,0.378503,0.000000,0.000000,0.000000,0.000000,0.000000,0.523913,0.000000,0.515477,0.000000,0.000000,0.000000,0.000000,0.000000,0.527042,0.000000,0.000000,0.000000,0.000000,0.000000,0.487892,0.000000,0.000000
0.000000,0.000000,0.000000,0.000000,0.465579,0.000000,0.000000,0.000000,0.505734,0.000000,0.000000,0.000000,0.515342,0.000000,0.498391,0.000000,0.000000,0.000000,0.000000,0.000000,0.000000,0.000000,0.471709,0.000000,0.000000,0.000000,0.000000,0.000000,0.000000,0.000000,0.000000,0.000000,0.000000,0.000000,0.000000,0.000000,0.336690,0.498125,0.404208,0.523875,0.000000,0.000000,0.391411,0.000000,0.401892,0.569243,0.000000,0.000000,0.385242,0.584662,0.324318,0.000000,0.385307,0.000000,0.386654,0.000000,0.000000,0.000000,0.409417,0.000000,0.000000,0.000000,0.000000,0.000000,0.000000,0.000000,0.407857,0.572681,0.000000,0.000000,0.000000,0.000000,0.552317,0.000000,0.000000,0.000000,0.000000,0.000000,0.000000,0.000000,0.506274,0.000000,0.473079,0.000000,0.000000,0.000000,0.453324,0.000000,0.495680,0.000000
0.000000,0.000000,0.000000,0.507686,0.000000,0.000000,0.000000,0.000000,0.000000,0.522715,0.000000,0.000000,0.000000,0.518876,0.000000,0.506448,0.000000,0.000000,0.000000,0.000000,0.000000,0.000000,0.000000,0.000000,0.000000,0.000000,0.000000,0.000000,0.000000,0.521329,0.000000,0.000000,0.000000,0.000000,0.000000,0.000000,0.000000,0.407175,0.521043,0.375569,0.000000,0.475105,0.606145,0.332436,0.533925,0.391476,0.000000,0.000000,0.700648,0.564114,0.000000,0.275041,0.000000,0.311257,0.000000,0.357441,0.000000,0.000000,0.000000,0.000000,0.000000,0.000000,0.000000,0.000000,0.000000,0.000000,0.000000,0.352108,0.000000,0.000000,0.000000,0.000000,0.000000,0.512357,0.000000,0.534064,0.000000,0.000000,0.000000,0.000000,0.000000,0.524060,0.000000,0.506693,0.000000,0.530078,0.000000,0.520097,0.000000,0.513370
0.000000,0.000000,0.000000,0.000000,0.000000,0.000000,0.000000,0.000000,0.000000,0.000000,0.000000,0.000000,0.000000,0.000000,0.490649,0.000000,0.000000,0.000000,0.000000,0.000000,0.000000,0.000000,0.000000,0.000000,0.000000,0.000000,0.000000,0.000000,0.514584,0.000000,0.000000,0.000000,0.000000,0.000000,0.436000,0.000000,0.414558,0.000000,0.414793,0.000000,0.584427,0.000000,0.375571,0.646529,0.338275,0.616895,0.385242,0.700648,0.000000,0.618655,0.370275,0.678823,0.387838,0.666918,0.000000,0.000000,0.000000,0.000000,0.380616,0.581830,0.000000,0.000000,0.000000,0.000000,0.000000,0.000000,0.339674,0.602994,0.000000,0.000000,0.556636,0.000000,0.551899,0.000000,0.000000,0.000000,0.483618,0.000000,0.000000,0.000000,0.494686,0.000000,0.000000,0.000000,0.527308,0.000000,0.000000,0.000000,0.000000,0.000000
