0.000000,0.000000,0.439220,0.540950,0.000000,0.000000,0.451137,0.000000,0.000000,0.000000,0.424373,0.000000,0.398310,0.000000,0.000000,0.000000,0.438556,0.000000,0.442567,0.552178,0.000000,0.000000,0.000000,0.000000,0.000000,0.000000,0.000000,0.000000,0.397338,0.000000,0.000000,0.000000,0.467419,0.000000,0.000000,0.000000,0.534268,0.000000,0.000000,0.000000,0.000000,0.000000,0.000000,0.000000,0.000000,0.000000,0.000000,0.000000,0.000000,0.000000,0.000000,0.000000,0.000000,0.000000,0.000000,0.000000,0.454593,0.000000,0.449667,0.000000,0.000000,0.000000,0.000000,0.000000,0.000000,0.000000,0.000000,0.000000,0.000000,0.000000,0.445432,0.540819,0.000000,0.000000,0.000000,0.000000,0.000000,0.000000,0.000000,0.000000,0.501378,0.000000,0.000000,0.000000,0.495724,0.000000,0.000000,0.000000,0.518428,0.000000
0.000000,0.000000,0.000000,0.331759,0.000000,0.000000,0.000000,0.407088,0.000000,0.000000,0.000000,0.374516,0.000000,0.000000,0.000000,0.000000,0.000000,0.416135,0.000000,0.000000,0.000000,0.000000,0.000000,0.000000,0.000000,0.000000,0.000000,0.000000,0.000000,0.399231,0.000000,0.000000,0.000000,0.398128,0.000000,0.000000,0.000000,0.531074,0.000000,0.000000,0.000000,0.000000,0.000000,0.000000,0.000000,0.000000,0.000000,0.000000,0.000000,0.000000,0.000000,0.000000,0.000000,0.000000,0.000000,0.000000,0.000000,0.422321,0.000000,0.000000,0.000000,0.000000,0.000000,0.000000,0.000000,0.000000,0.000000,0.000000,0.551626,0.000000,0.000000,0.000000,0.000000,0.000000,0.000000,0.000000,0.539522,0.000000,0.000000,0.000000,0.000000,0.000000,0.000000,0.000000,0.000000,0.000000,0.000000,0.000000,0.000000,0.000000
0.439220,0.000000,0.000000,0.000000,0.286855,0.000000,0.413183,0.000000,0.000000,0.000000,0.452299,0.000000,0.382987,0.000000,0.000000,0.000000,0.000000,0.000000,0.000000,0.000000,0.000000,0.000000,0.267873,0.521451,0.000000,0.000000,0.000000,0.000000,0.000000,0.000000,0.360772,0.000000,0.338441,0.000000,0.000000,0.000000,0.000000,0.000000,0.000000,0.000000,0.000000,0.000000,0.000000,0.000000,0.000000,0.000000,0.000000,0.000000,0.000000,0.000000,0.000000,0.000000,0.000000,0.000000,0.000000,0.000000,0.000000,0.000000,0.000000,0.000000,0.000000,0.000000,0.000000,0.000000,0.000000,0.000000,0.000000,0.000000,0.000000,0.000000,0.424495,0.000000,0.000000,0.000000,0.000000,0.000000,0.000000,0.000000,0.000000,0.000000,0.000000,0.000000,0.000000,0.000000,0.000000,0.000000,0.000000,0.000000,0.000000,0.000000
0.540950,0.331759,0.000000,0.000000,0.000000,0.000000,0.000000,0.372805,0.000000,0.353226,0.000000,0.399401,0.000000,0.398413,0.000000,0.000000,0.000000,0.415546,0.000000,0.000000,0.000000,0.000000,0.553965,0.294848,0.000000,0.000000,0.000000,0.000000,0.000000,0.409476,0.000000,0.429205,0.000000,0.398156,0.000000,0.000000,0.000000,0.000000,0.000000,0.000000,0.000000,0.000000,0.000000,0.000000,0.000000,0.000000,0.000000,0.000000,0.000000,0.000000,0.000000,0.000000,0.000000,0.000000,0.000000,0.000000,0.000000,0.425926,0.000000,0.000000,0.000000,0.000000,0.000000,0.000000,0.000000,0.000000,0.000000,0.000000,0.000000,0.000000,0.497878,0.414451,0.000000,0.398297,0.000000,0.407011,0.485267,0.000000,0.000000,0.000000,0.000000,0.432811,0.000000,0.421220,0.000000,0.000000,0.000000,0.000000,0.000000,0.000000
0.000000,0.000000,0.286855,0.000000,0.000000,0.000000,0.375647,0.000000,0.300510,0.000000,0.000000,0.000000,0.000000,0.000000,0.416026,0.000000,0.000000,0.000000,0.000000,0.000000,0.365516,0.000000,0.000000,0.000000,0.320475,0.000000,0.326138,0.000000,0.419282,0.000000,0.299732,0.000000,0.000000,0.000000,0.000000,0.000000,0.000000,0.000000,0.000000,0.000000,0.373373,0.000000,0.000000,0.000000,0.000000,0.000000,0.000000,0.000000,0.000000,0.000000,0.000000,0.000000,0.000000,0.000000,0.000000,0.000000,0.000000,0.000000,0.000000,0.000000,0.000000,0.000000,0.000000,0.000000,0.000000,0.000000,0.000000,0.000000,0.000000,0.000000,0.455543,0.000000,0.000000,0.000000,0.000000,0.000000,0.000000,0.000000,0.000000,0.000000,0.000000,0.000000,0.485979,0.000000,0.000000,0.000000,0.000000,0.000000,0.000000,0.000000
0.000000,0.000000,0.000000,0.000000,0.000000,0.000000,0.000000,0.337524,0.000000,0.348537,0.000000,0.000000,0.000000,0.000000,0.000000,0.410311,0.000000,0.000000,0.000000,0.000000,0.000000,0.403787,0.000000,0.293286,0.000000,0.448164,0.000000,0.382092,0.000000,0.000000,0.000000,0.000000,0.000000,0.000000,0.000000,0.000000,0.000000,0.000000,0.000000,0.000000,0.000000,0.000000,0.000000,0.000000,0.000000,0.000000,0.000000,0.000000,0.000000,0.000000,0.000000,0.000000,0.000000,0.000000,0.000000,0.000000,0.000000,0.000000,0.000000,0.000000,0.000000,0.000000,0.000000,0.000000,0.000000,0.000000,0.000000,0.000000,0.000000,0.000000,0.000000,0.431870,0.000000,0.412752,0.000000,0.000000,0.000000,0.000000,0.000000,0.000000,0.000000,0.000000,0.000000,0.449006,0.000000,0.000000,0.000000,0.000000,0.000000,0.000000
0.451137,0.000000,0.413183,0.000000,0.375647,0.000000,0.000000,0.000000,0.315988,0.000000,0.243606,0.000000,0.383718,0.000000,0.000000,0.000000,0.000000,0.000000,0.390800,0.000000,0.000000,0.000000,0.000000,0.509895,0.000000,0.000000,0.000000,0.000000,0.000000,0.000000,0.000000,0.000000,0.529142,0.000000,0.000000,0.000000,0.000000,0.000000,0.000000,0.000000,0.000000,0.000000,0.000000,0.000000,0.000000,0.000000,0.509540,0.000000,0.000000,0.000000,0.000000,0.000000,0.000000,0.000000,0.000000,0.000000,0.000000,0.000000,0.000000,0.000000,0.000000,0.000000,0.000000,0.000000,0.000000,0.000000,0.000000,0.000000,0.000000,0.000000,0.438538,0.526962,0.000000,0.000000,0.409078,0.000000,0.000000,0.000000,0.000000,0.000000,0.000000,0.000000,0.000000,0.000000,0.000000,0.000000,0.000000,0.000000,0.000000,0.000000
0.000000,0.407088,0.000000,0.372805,0.000000,0.337524,0.000000,0.000000,0.000000,0.000000,0.000000,0.412147,0.000000,0.371321,0.000000,0.000000,0.000000,0.385564,0.000000,0.000000,0.000000,0.000000,0.000000,0.391596,0.000000,0.000000,0.000000,0.000000,0.000000,0.000000,0.000000,0.000000,0.000000,0.000000,0.000000,0.000000,0.000000,0.000000,0.000000,0.000000,0.000000,0.000000,0.000000,0.492926,0.000000,0.000000,0.000000,0.496204,0.000000,0.000000,0.000000,0.000000,0.000000,0.499378,0.000000,0.000000,0.000000,0.400352,0.000000,0.000000,0.000000,0.000000,0.000000,0.000000,0.000000,0.000000,0.000000,0.000000,0.000000,0.000000,0.000000,0.386963,0.000000,0.000000,0.000000,0.000000,0.000000,0.000000,0.000000,0.000000,0.000000,0.000000,0.000000,0.466053,0.000000,0.000000,0.000000,0.000000,0.000000,0.000000
0.000000,0.000000,0.000000,0.000000,0.300510,0.000000,0.315988,0.000000,0.000000,0.000000,0.000000,0.000000,0.325615,0.000000,0.344841,0.000000,0.000000,0.000000,0.000000,0.000000,0.000000,0.000000,0.000000,0.000000,0.000000,0.000000,0.000000,0.000000,0.000000,0.000000,0.000000,0.000000,0.000000,0.000000,0.000000,0.000000,0.000000,0.000000,0.000000,0.000000,0.000000,0.000000,0.000000,0.000000,0.000000,0.000000,0.000000,0.000000,0.000000,0.000000,0.000000,0.000000,0.000000,0.000000,0.000000,0.000000,0.000000,0.000000,0.000000,0.000000,0.000000,0.000000,0.000000,0.000000,0.000000,0.000000,0.000000,0.000000,0.000000,0.000000,0.000000,0.000000,0.000000,0.000000,0.000000,0.000000,0.000000,0.000000,0.000000,0.000000,0.000000,0.000000,0.486692,0.000000,0.000000,0.000000,0.000000,0.000000,0.000000,0.000000
0.000000,0.000000,0.000000,0.353226,0.000000,0.348537,0.000000,0.000000,0.000000,0.000000,0.000000,0.000000,0.000000,0.000000,0.000000,0.379409,0.000000,0.000000,0.000000,0.000000,0.000000,0.000000,0.000000,0.000000,0.000000,0.358740,0.000000,0.000000,0.000000,0.000000,0.000000,0.000000,0.000000,0.000000,0.000000,0.000000,0.000000,0.000000,0.000000,0.000000,0.000000,0.000000,0.000000,0.000000,0.000000,0.000000,0.000000,0.000000,0.000000,0.000000,0.000000,0.000000,0.000000,0.000000,0.000000,0.000000,0.000000,0.000000,0.000000,0.000000,0.000000,0.000000,0.000000,0.000000,0.000000,0.000000,0.000000,0.000000,0.000000,0.000000,0.000000,0.000000,0.000000,0.000000,0.000000,0.000000,0.000000,0.000000,0.000000,0.000000,0.000000,0.000000,0.000000,0.448889,0.000000,0.000000,0.000000,0.000000,0.000000,0.000000
0.424373,0.000000,0.452299,0.000000,0.000000,0.000000,0.243606,0.000000,0.000000,0.000000,0.000000,0.000000,0.376056,0.000000,0.000000,0.000000,0.407512,0.000000,0.453644,0.000000,0.000000,0.000000,0.000000,0.000000,0.000000,0.000000,0.000000,0.000000,0.376371,0.000000,0.000000,0.000000,0.456783,0.000000,0.000000,0.000000,0.000000,0.000000,0.000000,0.000000,0.000000,0.000000,0.000000,0.000000,0.000000,0.000000,0.000000,0.000000,0.000000,0.000000,0.000000,0.000000,0.000000,0.000000,0.000000,0.000000,0.000000,0.000000,0.000000,0.000000,0.000000,0.000000,0.000000,0.000000,0.000000,0.000000,0.000000,0.000000,0.000000,0.000000,0.426807,0.000000,0.421772,0.000000,0.000000,0.000000,0.000000,0.000000,0.000000,0.000000,0.000000,0.000000,0.000000,0.000000,0.000000,0.000000,0.000000,0.000000,0.000000,0.000000
0.000000,0.374516,0.000000,0.399401,0.000000,0.000000,0.000000,0.412147,0.000000,0.000000,0.000000,0.000000,0.000000,0.376510,0.000000,0.000000,0.000000,0.396383,0.000000,0.394572,0.000000,0.000000,0.000000,0.428496,0.000000,0.000000,0.000000,0.000000,0.000000,0.393321,0.000000,0.000000,0.000000,0.393087,0.000000,0.000000,0.000000,0.396113,0.000000,0.000000,0.000000,0.000000,0.000000,0.000000,0.000000,0.000000,0.000000,0.000000,0.000000,0.476008,0.000000,0.479483,0.000000,0.000000,0.000000,0.000000,0.000000,0.000000,0.000000,0.416889,0.000000,0.000000,0.000000,0.000000,0.000000,0.000000,0.000000,0.420233,0.000000,0.000000,0.000000,0.380614,0.000000,0.403652,0.000000,0.000000,0.000000,0.000000,0.000000,0.000000,0.000000,0.390239,0.000000,0.000000,0.000000,0.000000,0.000000,0.000000,0.000000,0.000000
0.398310,0.000000,0.382987,0.000000,0.000000,0.000000,0.383718,0.000000,0.325615,0.000000,0.376056,0.000000,0.000000,0.000000,0.315066,0.000000,0.000000,0.000000,0.000000,0.000000,0.000000,0.000000,0.000000,0.493888,0.000000,0.000000,0.000000,0.000000,0.446374,0.000000,0.000000,0.507345,0.000000,0.000000,0.000000,0.000000,0.000000,0.000000,0.000000,0.000000,0.000000,0.000000,0.543275,0.000000,0.485214,0.000000,0.532395,0.000000,0.477083,0.000000,0.548784,0.000000,0.000000,0.000000,0.000000,0.000000,0.000000,0.000000,0.000000,0.000000,0.000000,0.000000,0.000000,0.000000,0.000000,0.000000,0.464476,0.000000,0.000000,0.000000,0.402373,0.493862,0.428527,0.000000,0.409878,0.000000,0.391557,0.000000,0.000000,0.000000,0.467798,0.000000,0.493872,0.000000,0.000000,0.000000,0.000000,0.000000,0.000000,0.000000
0.000000,0.000000,0.000000,0.398413,0.000000,0.000000,0.000000,0.371321,0.000000,0.000000,0.000000,0.376510,0.000000,0.000000,0.000000,0.000000,0.000000,0.000000,0.000000,0.000000,0.000000,0.000000,0.000000,0.000000,0.000000,0.000000,0.000000,0.000000,0.000000,0.332789,0.000000,0.000000,0.000000,0.000000,0.000000,0.000000,0.000000,0.470109,0.000000,0.000000,0.000000,0.000000,0.000000,0.511774,0.000000,0.500257,0.000000,0.512580,0.000000,0.472708,0.000000,0.485668,0.000000,0.521971,0.000000,0.000000,0.000000,0.000000,0.000000,0.000000,0.000000,0.000000,0.000000,0.000000,0.000000,0.000000,0.000000,0.000000,0.000000,0.000000,0.454573,0.389302,0.000000,0.413733,0.000000,0.000000,0.000000,0.000000,0.000000,0.000000,0.000000,0.000000,0.000000,0.469436,0.000000,0.000000,0.000000,0.000000,0.000000,0.000000
0.000000,0.000000,0.000000,0.000000,0.416026,0.000000,0.000000,0.000000,0.344841,0.000000,0.000000,0.000000,0.315066,0.000000,0.000000,0.000000,0.000000,0.000000,0.000000,0.000000,0.341024,0.000000,0.000000,0.000000,0.473057,0.000000,0.397569,0.000000,0.394320,0.000000,0.358411,0.000000,0.000000,0.000000,0.000000,0.000000,0.000000,0.000000,0.393853,0.000000,0.000000,0.000000,0.000000,0.000000,0.000000,0.000000,0.534787,0.000000,0.000000,0.000000,0.000000,0.000000,0.000000,0.000000,0.000000,0.000000,0.000000,0.000000,0.000000,0.000000,0.000000,0.000000,0.000000,0.000000,0.000000,0.000000,0.000000,0.000000,0.000000,0.000000,0.448089,0.000000,0.450804,0.000000,0.000000,0.000000,0.000000,0.000000,0.000000,0.000000,0.000000,0.000000,0.502280,0.000000,0.000000,0.000000,0.000000,0.000000,0.000000,0.000000
0.000000,0.000000,0.000000,0.000000,0.000000,0.410311,0.000000,0.000000,0.000000,0.379409,0.000000,0.000000,0.000000,0.000000,0.000000,0.000000,0.000000,0.000000,0.000000,0.000000,0.000000,0.000000,0.000000,0.000000,0.000000,0.407659,0.000000,0.359116,0.000000,0.376933,0.000000,0.353113,0.000000,0.000000,0.000000,0.000000,0.000000,0.000000,0.000000,0.000000,0.000000,0.350784,0.000000,0.000000,0.000000,0.000000,0.000000,0.000000,0.000000,0.000000,0.000000,0.000000,0.000000,0.000000,0.000000,0.000000,0.000000,0.000000,0.000000,0.000000,0.000000,0.000000,0.000000,0.000000,0.000000,0.000000,0.000000,0.000000,0.000000,0.000000,0.000000,0.404932,0.000000,0.409009,0.000000,0.000000,0.000000,0.000000,0.000000,0.000000,0.000000,0.000000,0.000000,0.462844,0.000000,0.000000,0.000000,0.000000,0.000000,0.000000
0.438556,0.000000,0.000000,0.000000,0.000000,0.000000,0.000000,0.000000,0.000000,0.000000,0.407512,0.000000,0.000000,0.000000,0.000000,0.000000,0.000000,0.000000,0.447185,0.000000,0.000000,0.000000,0.000000,0.000000,0.000000,0.000000,0.000000,0.000000,0.394010,0.000000,0.000000,0.000000,0.000000,0.000000,0.000000,0.000000,0.000000,0.000000,0.000000,0.000000,0.000000,0.000000,0.000000,0.000000,0.000000,0.000000,0.000000,0.000000,0.000000,0.000000,0.000000,0.000000,0.000000,0.000000,0.000000,0.000000,0.389684,0.000000,0.000000,0.000000,0.000000,0.000000,0.341693,0.000000,0.000000,0.000000,0.000000,0.000000,0.000000,0.000000,0.000000,0.000000,0.414134,0.000000,0.000000,0.000000,0.000000,0.000000,0.359378,0.000000,0.373298,0.000000,0.000000,0.000000,0.000000,0.000000,0.000000,0.000000,0.000000,0.000000
0.000000,0.416135,0.000000,0.415546,0.000000,0.000000,0.000000,0.385564,0.000000,0.000000,0.000000,0.396383,0.000000,0.000000,0.000000,0.000000,0.000000,0.000000,0.000000,0.433037,0.000000,0.000000,0.000000,0.000000,0.000000,0.000000,0.000000,0.000000,0.000000,0.385882,0.000000,0.000000,0.000000,0.000000,0.000000,0.000000,0.000000,0.000000,0.000000,0.000000,0.000000,0.000000,0.000000,0.000000,0.000000,0.000000,0.000000,0.000000,0.000000,0.000000,0.000000,0.000000,0.000000,0.000000,0.000000,0.000000,0.000000,0.358896,0.000000,0.000000,0.000000,0.456959,0.000000,0.400299,0.000000,0.470079,0.000000,0.000000,0.000000,0.000000,0.000000,0.000000,0.000000,0.394012,0.000000,0.352749,0.000000,0.000000,0.000000,0.316617,0.000000,0.399337,0.000000,0.410566,0.000000,0.458186,0.000000,0.000000,0.000000,0.498244
0.442567,0.000000,0.000000,0.000000,0.000000,0.000000,0.390800,0.000000,0.000000,0.000000,0.453644,0.000000,0.000000,0.000000,0.000000,0.000000,0.447185,0.000000,0.000000,0.518390,0.000000,0.000000,0.000000,0.474481,0.000000,0.000000,0.000000,0.000000,0.000000,0.000000,0.364600,0.461753,0.346234,0.495120,0.000000,0.000000,0.000000,0.000000,0.000000,0.000000,0.000000,0.000000,0.000000,0.000000,0.000000,0.000000,0.000000,0.000000,0.000000,0.000000,0.000000,0.000000,0.000000,0.000000,0.000000,0.000000,0.000000,0.000000,0.000000,0.000000,0.000000,0.000000,0.000000,0.000000,0.000000,0.000000,0.000000,0.000000,0.294902,0.000000,0.461359,0.561664,0.427512,0.000000,0.448690,0.000000,0.000000,0.000000,0.000000,0.000000,0.000000,0.000000,0.000000,0.000000,0.000000,0.000000,0.000000,0.000000,0.000000,0.000000
0.552178,0.000000,0.000000,0.000000,0.000000,0.000000,0.000000,0.000000,0.000000,0.000000,0.000000,0.394572,0.000000,0.000000,0.000000,0.000000,0.000000,0.433037,0.518390,0.000000,0.000000,0.000000,0.000000,0.000000,0.000000,0.000000,0.000000,0.000000,0.000000,0.402619,0.000000,0.000000,0.538243,0.329888,0.000000,0.000000,0.000000,0.000000,0.000000,0.000000,0.000000,0.000000,0.000000,0.000000,0.000000,0.000000,0.000000,0.000000,0.000000,0.000000,0.000000,0.000000,0.000000,0.000000,0.000000,0.000000,0.000000,0.000000,0.000000,0.000000,0.000000,0.000000,0.000000,0.000000,0.000000,0.000000,0.000000,0.000000,0.555453,0.000000,0.524616,0.477207,0.000000,0.000000,0.000000,0.428429,0.527202,0.000000,0.000000,0.000000,0.000000,0.000000,0.000000,0.000000,0.000000,0.000000,0.000000,0.000000,0.000000,0.000000
0.000000,0.000000,0.000000,0.000000,0.365516,0.000000,0.000000,0.000000,0.000000,0.000000,0.000000,0.000000,0.000000,0.000000,0.341024,0.000000,0.000000,0.000000,0.000000,0.000000,0.000000,0.378476,0.000000,0.000000,0.364915,0.000000,0.312336,0.522471,0.327353,0.000000,0.304057,0.000000,0.000000,0.000000,0.000000,0.000000,0.000000,0.000000,0.000000,0.000000,0.000000,0.000000,0.000000,0.000000,0.000000,0.000000,0.000000,0.000000,0.000000,0.000000,0.000000,0.000000,0.000000,0.000000,0.000000,0.000000,0.000000,0.000000,0.000000,0.000000,0.000000,0.000000,0.000000,0.000000,0.000000,0.000000,0.000000,0.000000,0.000000,0.000000,0.300998,0.511536,0.000000,0.000000,0.000000,0.000000,0.000000,0.000000,0.000000,0.000000,0.000000,0.000000,0.380120,0.000000,0.000000,0.000000,0.000000,0.000000,0.000000,0.000000
0.000000,0.000000,0.000000,0.000000,0.000000,0.403787,0.000000,0.000000,0.000000,0.000000,0.000000,0.000000,0.000000,0.000000,0.000000,0.000000,0.000000,0.000000,0.000000,0.000000,0.378476,0.000000,0.000000,0.000000,0.529720,0.316393,0.000000,0.324449,0.000000,0.330226,0.331977,0.315795,0.000000,0.000000,0.000000,0.000000,0.000000,0.000000,0.000000,0.000000,0.000000,0.359606,0.000000,0.000000,0.000000,0.000000,0.000000,0.000000,0.000000,0.000000,0.000000,0.000000,0.000000,0.000000,0.000000,0.000000,0.000000,0.000000,0.000000,0.000000,0.000000,0.000000,0.000000,0.000000,0.000000,0.000000,0.000000,0.000000,0.000000,0.000000,0.000000,0.250471,0.000000,0.000000,0.000000,0.000000,0.000000,0.000000,0.000000,0.000000,0.000000,0.000000,0.000000,0.344751,0.000000,0.000000,0.000000,0.000000,0.000000,0.000000
0.000000,0.000000,0.267873,0.553965,0.000000,0.000000,0.000000,0.000000,0.000000,0.000000,0.000000,0.000000,0.000000,0.000000,0.000000,0.000000,0.000000,0.000000,0.000000,0.000000,0.000000,0.000000,0.000000,0.546511,0.367262,0.568131,0.000000,0.000000,0.000000,0.000000,0.356203,0.519195,0.320628,0.000000,0.000000,0.000000,0.000000,0.000000,0.000000,0.000000,0.000000,0.000000,0.000000,0.000000,0.000000,0.000000,0.000000,0.000000,0.000000,0.000000,0.000000,0.000000,0.000000,0.000000,0.000000,0.000000,0.000000,0.000000,0.000000,0.000000,0.000000,0.000000,0.000000,0.000000,0.000000,0.000000,0.000000,0.000000,0.000000,0.000000,0.422415,0.660824,0.000000,0.000000,0.413603,0.000000,0.000000,0.000000,0.000000,0.000000,0.000000,0.000000,0.000000,0.000000,0.000000,0.000000,0.000000,0.000000,0.000000,0.000000
0.000000,0.000000,0.521451,0.294848,0.000000,0.293286,0.509895,0.391596,0.000000,0.000000,0.000000,0.428496,0.493888,0.000000,0.000000,0.000000,0.000000,0.000000,0.474481,0.000000,0.000000,0.000000,0.546511,0.000000,0.544331,0.339159,0.000000,0.000000,0.000000,0.000000,0.548005,0.355059,0.533815,0.395070,0.000000,0.000000,0.000000,0.000000,0.000000,0.000000,0.000000,0.000000,0.000000,0.000000,0.000000,0.000000,0.000000,0.000000,0.000000,0.000000,0.000000,0.000000,0.000000,0.000000,0.000000,0.000000,0.000000,0.000000,0.000000,0.000000,0.000000,0.000000,0.000000,0.000000,0.000000,0.000000,0.000000,0.000000,0.000000,0.000000,0.516098,0.439499,0.000000,0.385195,0.000000,0.405482,0.485330,0.000000,0.000000,0.000000,0.000000,0.000000,0.000000,0.000000,0.000000,0.000000,0.000000,0.000000,0.000000,0.000000
0.000000,0.000000,0.000000,0.000000,0.320475,0.000000,0.000000,0.000000,0.000000,0.000000,0.000000,0.000000,0.000000,0.000000,0.473057,0.000000,0.000000,0.000000,0.000000,0.000000,0.364915,0.529720,0.367262,0.544331,0.000000,0.555441,0.291578,0.533749,0.000000,0.000000,0.354440,0.000000,0.000000,0.000000,0.000000,0.000000,0.000000,0.000000,0.000000,0.000000,0.000000,0.000000,0.000000,0.000000,0.000000,0.000000,0.000000,0.000000,0.000000,0.000000,0.000000,0.000000,0.000000,0.000000,0.000000,0.000000,0.000000,0.000000,0.000000,0.000000,0.000000,0.000000,0.000000,0.000000,0.000000,0.000000,0.000000,0.000000,0.000000,0.000000,0.434563,0.000000,0.415971,0.000000,0.419057,0.000000,0.000000,0.000000,0.000000,0.000000,0.000000,0.000000,0.467511,0.000000,0.000000,0.000000,0.401873,0.000000,0.000000,0.000000
0.000000,0.000000,0.000000,0.000000,0.000000,0.448164,0.000000,0.000000,0.000000,0.358740,0.000000,0.000000,0.000000,0.000000,0.000000,0.407659,0.000000,0.000000,0.000000,0.000000,0.000000,0.316393,0.568131,0.339159,0.555441,0.000000,0.288329,0.319919,0.000000,0.464140,0.546732,0.302401,0.000000,0.000000,0.000000,0.000000,0.000000,0.000000,0.000000,0.357594,0.000000,0.000000,0.000000,0.000000,0.000000,0.000000,0.000000,0.000000,0.000000,0.000000,0.000000,0.000000,0.000000,0.000000,0.000000,0.000000,0.000000,0.000000,0.000000,0.000000,0.000000,0.000000,0.000000,0.000000,0.000000,0.000000,0.000000,0.000000,0.000000,0.000000,0.000000,0.440451,0.000000,0.386825,0.000000,0.000000,0.000000,0.000000,0.000000,0.000000,0.000000,0.000000,0.000000,0.454872,0.000000,0.000000,0.000000,0.000000,0.000000,0.000000
0.000000,0.000000,0.000000,0.000000,0.326138,0.000000,0.000000,0.000000,0.000000,0.000000,0.000000,0.000000,0.000000,0.000000,0.397569,0.000000,0.000000,0.000000,0.000000,0.000000,0.312336,0.000000,0.000000,0.000000,0.291578,0.288329,0.000000,0.000000,0.365973,0.000000,0.308647,0.000000,0.000000,0.000000,0.000000,0.000000,0.000000,0.000000,0.000000,0.000000,0.000000,0.000000,0.000000,0.000000,0.000000,0.000000,0.000000,0.000000,0.000000,0.000000,0.000000,0.000000,0.000000,0.000000,0.000000,0.000000,0.000000,0.000000,0.000000,0.000000,0.000000,0.000000,0.000000,0.000000,0.000000,0.000000,0.000000,0.000000,0.000000,0.000000,0.429741,0.457346,0.000000,0.000000,0.000000,0.000000,0.000000,0.000000,0.000000,0.000000,0.000000,0.000000,0.373712,0.000000,0.000000,0.000000,0.000000,0.000000,0.000000,0.000000
0.000000,0.000000,0.000000,0.000000,0.000000,0.382092,0.000000,0.000000,0.000000,0.000000,0.000000,0.000000,0.000000,0.000000,0.000000,0.359116,0.000000,0.000000,0.000000,0.000000,0.522471,0.324449,0.000000,0.000000,0.533749,0.319919,0.000000,0.000000,0.000000,0.334860,0.597447,0.330932,0.000000,0.000000,0.000000,0.000000,0.000000,0.000000,0.000000,0.307009,0.000000,0.000000,0.000000,0.000000,0.000000,0.000000,0.000000,0.000000,0.000000,0.000000,0.000000,0.000000,0.000000,0.000000,0.000000,0.000000,0.000000,0.000000,0.000000,0.000000,0.000000,0.000000,0.000000,0.000000,0.000000,0.000000,0.000000,0.000000,0.000000,0.000000,0.000000,0.258312,0.000000,0.000000,0.000000,0.000000,0.000000,0.000000,0.000000,0.000000,0.000000,0.000000,0.000000,0.407647,0.000000,0.000000,0.000000,0.000000,0.000000,0.000000
0.397338,0.000000,0.000000,0.000000,0.419282,0.000000,0.000000,0.000000,0.000000,0.000000,0.376371,0.000000,0.446374,0.000000,0.394320,0.000000,0.394010,0.000000,0.000000,0.000000,0.327353,0.000000,0.000000,0.000000,0.000000,0.000000,0.365973,0.000000,0.000000,0.000000,0.000000,0.000000,0.000000,0.000000,0.000000,0.000000,0.000000,0.000000,0.000000,0.000000,0.000000,0.000000,0.000000,0.000000,0.000000,0.000000,0.000000,0.000000,0.000000,0.000000,0.000000,0.000000,0.000000,0.000000,0.000000,0.000000,0.435388,0.000000,0.000000,0.000000,0.000000,0.000000,0.000000,0.000000,0.000000,0.000000,0.417238,0.000000,0.000000,0.000000,0.365494,0.000000,0.365900,0.000000,0.000000,0.000000,0.000000,0.000000,0.307691,0.000000,0.401166,0.000000,0.327189,0.000000,0.000000,0.000000,0.000000,0.000000,0.000000,0.000000
0.000000,0.399231,0.000000,0.409476,0.000000,0.000000,0.000000,0.000000,0.000000,0.000000,0.000000,0.393321,0.000000,0.332789,0.000000,0.376933,0.000000,0.385882,0.000000,0.402619,0.000000,0.330226,0.000000,0.000000,0.000000,0.464140,0.000000,0.334860,0.000000,0.000000,0.000000,0.000000,0.000000,0.000000,0.000000,0.000000,0.000000,0.000000,0.000000,0.000000,0.000000,0.000000,0.000000,0.000000,0.000000,0.000000,0.000000,0.000000,0.000000,0.000000,0.000000,0.000000,0.000000,0.000000,0.000000,0.000000,0.000000,0.000000,0.000000,0.000000,0.000000,0.000000,0.000000,0.000000,0.000000,0.000000,0.000000,0.000000,0.000000,0.000000,0.000000,0.000000,0.000000,0.382210,0.000000,0.351036,0.000000,0.000000,0.000000,0.331453,0.000000,0.443773,0.000000,0.386792,0.000000,0.456501,0.000000,0.000000,0.000000,0.507409
0.000000,0.000000,0.360772,0.000000,0.299732,0.000000,0.000000,0.000000,0.000000,0.000000,0.000000,0.000000,0.000000,0.000000,0.358411,0.000000,0.000000,0.000000,0.364600,0.000000,0.304057,0.331977,0.356203,0.548005,0.354440,0.546732,0.308647,0.597447,0.000000,0.000000,0.000000,0.535044,0.318483,0.000000,0.000000,0.000000,0.000000,0.000000,0.000000,0.000000,0.000000,0.000000,0.000000,0.000000,0.000000,0.000000,0.000000,0.000000,0.000000,0.000000,0.000000,0.000000,0.000000,0.000000,0.000000,0.000000,0.000000,0.000000,0.000000,0.000000,0.000000,0.000000,0.000000,0.000000,0.000000,0.000000,0.440045,0.000000,0.000000,0.000000,0.428024,0.375163,0.000000,0.000000,0.000000,0.000000,0.000000,0.000000,0.000000,0.000000,0.000000,0.000000,0.456412,0.000000,0.000000,0.000000,0.426046,0.000000,0.000000,0.000000
0.000000,0.000000,0.000000,0.429205,0.000000,0.000000,0.000000,0.000000,0.000000,0.000000,0.000000,0.000000,0.507345,0.000000,0.000000,0.353113,0.000000,0.000000,0.461753,0.000000,0.000000,0.315795,0.519195,0.355059,0.000000,0.302401,0.000000,0.330932,0.000000,0.000000,0.535044,0.000000,0.475815,0.360599,0.000000,0.000000,0.000000,0.000000,0.000000,0.000000,0.000000,0.000000,0.000000,0.000000,0.000000,0.000000,0.000000,0.000000,0.000000,0.000000,0.000000,0.000000,0.000000,0.000000,0.000000,0.000000,0.000000,0.000000,0.000000,0.000000,0.000000,0.000000,0.000000,0.000000,0.000000,0.000000,0.000000,0.507495,0.000000,0.000000,0.000000,0.409554,0.000000,0.000000,0.000000,0.000000,0.000000,0.000000,0.000000,0.000000,0.000000,0.000000,0.000000,0.347792,0.000000,0.000000,0.000000,0.000000,0.000000,0.000000
0.467419,0.000000,0.338441,0.000000,0.000000,0.000000,0.529142,0.000000,0.000000,0.000000,0.456783,0.000000,0.000000,0.000000,0.000000,0.000000,0.000000,0.000000,0.346234,0.538243,0.000000,0.000000,0.320628,0.533815,0.000000,0.000000,0.000000,0.000000,0.000000,0.000000,0.318483,0.475815,0.000000,0.524655,0.394162,0.000000,0.000000,0.000000,0.000000,0.000000,0.000000,0.000000,0.000000,0.000000,0.000000,0.000000,0.507507,0.000000,0.000000,0.000000,0.000000,0.000000,0.000000,0.000000,0.000000,0.000000,0.000000,0.541410,0.000000,0.000000,0.000000,0.000000,0.000000,0.000000,0.000000,0.000000,0.425634,0.517125,0.383653,0.550022,0.457335,0.605779,0.418556,0.000000,0.000000,0.000000,0.000000,0.000000,0.000000,0.000000,0.000000,0.000000,0.000000,0.000000,0.000000,0.000000,0.000000,0.000000,0.000000,0.000000
0.000000,0.398128,0.000000,0.398156,0.000000,0.000000,0.000000,0.000000,0.000000,0.000000,0.000000,0.393087,0.000000,0.000000,0.000000,0.000000,0.000000,0.000000,0.495120,0.329888,0.000000,0.000000,0.000000,0.395070,0.000000,0.000000,0.000000,0.000000,0.000000,0.000000,0.000000,0.360599,0.524655,0.000000,0.000000,0.272301,0.000000,0.000000,0.000000,0.000000,0.000000,0.000000,0.000000,0.000000,0.000000,0.000000,0.000000,0.000000,0.000000,0.000000,0.000000,0.000000,0.000000,0.000000,0.000000,0.000000,0.000000,0.411398,0.000000,0.000000,0.000000,0.000000,0.000000,0.000000,0.000000,0.000000,0.000000,0.443653,0.551244,0.415819,0.000000,0.000000,0.000000,0.000000,0.000000,0.000000,0.000000,0.000000,0.000000,0.000000,0.000000,0.000000,0.000000,0.000000,0.000000,0.000000,0.000000,0.000000,0.000000,0.000000
0.000000,0.000000,0.000000,0.000000,0.000000,0.000000,0.000000,0.000000,0.000000,0.000000,0.000000,0.000000,0.000000,0.000000,0.000000,0.000000,0.000000,0.000000,0.000000,0.000000,0.000000,0.000000,0.000000,0.000000,0.000000,0.000000,0.000000,0.000000,0.000000,0.000000,0.000000,0.000000,0.394162,0.000000,0.000000,0.567375,0.413124,0.000000,0.000000,0.000000,0.000000,0.000000,0.282148,0.000000,0.504407,0.000000,0.000000,0.000000,0.000000,0.000000,0.000000,0.000000,0.000000,0.000000,0.000000,0.000000,0.000000,0.000000,0.000000,0.000000,0.000000,0.000000,0.000000,0.000000,0.000000,0.000000,0.260115,0.000000,0.000000,0.000000,0.000000,0.000000,0.000000,0.000000,0.000000,0.000000,0.000000,0.000000,0.000000,0.000000,0.000000,0.000000,0.000000,0.000000,0.000000,0.000000,0.000000,0.000000,0.000000,0.000000
0.000000,0.000000,0.000000,0.000000,0.000000,0.000000,0.000000,0.000000,0.000000,0.000000,0.000000,0.000000,0.000000,0.000000,0.000000,0.000000,0.000000,0.000000,0.000000,0.000000,0.000000,0.000000,0.000000,0.000000,0.000000,0.000000,0.000000,0.000000,0.000000,0.000000,0.000000,0.000000,0.000000,0.272301,0.567375,0.000000,0.000000,0.000000,0.000000,0.000000,0.000000,0.000000,0.000000,0.000000,0.557178,0.000000,0.000000,0.000000,0.000000,0.000000,0.000000,0.000000,0.000000,0.000000,0.000000,0.000000,0.000000,0.000000,0.000000,0.000000,0.000000,0.000000,0.000000,0.000000,0.000000,0.000000,0.000000,0.380178,0.000000,0.000000,0.000000,0.000000,0.000000,0.000000,0.000000,0.000000,0.000000,0.000000,0.000000,0.000000,0.000000,0.000000,0.000000,0.000000,0.000000,0.000000,0.000000,0.000000,0.000000,0.000000
0.534268,0.000000,0.000000,0.000000,0.000000,0.000000,0.000000,0.000000,0.000000,0.000000,0.000000,0.000000,0.000000,0.000000,0.000000,0.000000,0.000000,0.000000,0.000000,0.000000,0.000000,0.000000,0.000000,0.000000,0.000000,0.000000,0.000000,0.000000,0.000000,0.000000,0.000000,0.000000,0.000000,0.000000,0.413124,0.000000,0.000000,0.611749,0.378751,0.568491,0.272591,0.000000,0.491210,0.658794,0.464814,0.000000,0.358065,0.514826,0.000000,0.000000,0.000000,0.000000,0.000000,0.000000,0.387310,0.000000,0.000000,0.000000,0.000000,0.000000,0.000000,0.000000,0.000000,0.000000,0.000000,0.000000,0.337986,0.646637,0.000000,0.000000,0.000000,0.000000,0.000000,0.000000,0.000000,0.000000,0.411607,0.560869,0.000000,0.000000,0.000000,0.000000,0.366156,0.000000,0.000000,0.000000,0.436716,0.000000,0.000000,0.548910
0.000000,0.531074,0.000000,0.000000,0.000000,0.000000,0.000000,0.000000,0.000000,0.000000,0.000000,0.396113,0.000000,0.470109,0.000000,0.000000,0.000000,0.000000,0.000000,0.000000,0.000000,0.000000,0.000000,0.000000,0.000000,0.000000,0.000000,0.000000,0.000000,0.000000,0.000000,0.000000,0.000000,0.000000,0.000000,0.000000,0.611749,0.000000,0.000000,0.410930,0.000000,0.320193,0.576118,0.526469,0.000000,0.536800,0.000000,0.493155,0.000000,0.474001,0.000000,0.445643,0.000000,0.000000,0.000000,0.425908,0.000000,0.529083,0.000000,0.515309,0.000000,0.000000,0.000000,0.000000,0.000000,0.000000,0.000000,0.000000,0.000000,0.000000,0.000000,0.476653,0.585978,0.000000,0.000000,0.000000,0.580838,0.388232,0.000000,0.000000,0.000000,0.329383,0.000000,0.431508,0.000000,0.395417,0.000000,0.363159,0.000000,0.387509
0.000000,0.000000,0.000000,0.000000,0.000000,0.000000,0.000000,0.000000,0.000000,0.000000,0.000000,0.000000,0.000000,0.000000,0.393853,0.000000,0.000000,0.000000,0.000000,0.000000,0.000000,0.000000,0.000000,0.000000,0.000000,0.000000,0.000000,0.000000,0.000000,0.000000,0.000000,0.000000,0.000000,0.000000,0.000000,0.000000,0.378751,0.000000,0.000000,0.502236,0.365507,0.000000,0.433797,0.000000,0.000000,0.000000,0.378872,0.000000,0.000000,0.000000,0.000000,0.000000,0.327515,0.000000,0.408183,0.000000,0.000000,0.000000,0.550807,0.000000,0.000000,0.000000,0.000000,0.000000,0.000000,0.000000,0.407885,0.000000,0.000000,0.000000,0.000000,0.000000,0.000000,0.000000,0.000000,0.000000,0.000000,0.000000,0.000000,0.000000,0.000000,0.000000,0.324227,0.000000,0.000000,0.000000,0.351649,0.000000,0.000000,0.000000
0.000000,0.000000,0.000000,0.000000,0.000000,0.000000,0.000000,0.000000,0.000000,0.000000,0.000000,0.000000,0.000000,0.000000,0.000000,0.000000,0.000000,0.000000,0.000000,0.000000,0.000000,0.000000,0.000000,0.000000,0.000000,0.357594,0.000000,0.307009,0.000000,0.000000,0.000000,0.000000,0.000000,0.000000,0.000000,0.000000,0.568491,0.410930,0.502236,0.000000,0.000000,0.374283,0.000000,0.464712,0.000000,0.482712,0.000000,0.343622,0.000000,0.000000,0.000000,0.449599,0.000000,0.000000,0.000000,0.377471,0.000000,0.000000,0.000000,0.000000,0.000000,0.000000,0.000000,0.000000,0.000000,0.000000,0.477243,0.456908,0.000000,0.000000,0.000000,0.368347,0.000000,0.400952,0.000000,0.000000,0.571974,0.304468,0.000000,0.000000,0.000000,0.000000,0.000000,0.214274,0.000000,0.000000,0.000000,0.305238,0.000000,0.399550
0.000000,0.000000,0.000000,0.000000,0.373373,0.000000,0.000000,0.000000,0.000000,0.000000,0.000000,0.000000,0.000000,0.000000,0.000000,0.000000,0.000000,0.000000,0.000000,0.000000,0.000000,0.000000,0.000000,0.000000,0.000000,0.000000,0.000000,0.000000,0.000000,0.000000,0.000000,0.000000,0.000000,0.000000,0.000000,0.000000,0.272591,0.000000,0.365507,0.000000,0.000000,0.000000,0.000000,0.000000,0.000000,0.000000,0.000000,0.000000,0.000000,0.000000,0.000000,0.000000,0.000000,0.000000,0.000000,0.000000,0.000000,0.000000,0.000000,0.000000,0.000000,0.000000,0.000000,0.000000,0.000000,0.000000,0.485236,0.000000,0.000000,0.000000,0.000000,0.000000,0.000000,0.000000,0.000000,0.000000,0.000000,0.000000,0.000000,0.000000,0.000000,0.000000,0.359867,0.000000,0.000000,0.000000,0.396993,0.000000,0.000000,0.000000
0.000000,0.000000,0.000000,0.000000,0.000000,0.000000,0.000000,0.000000,0.000000,0.000000,0.000000,0.000000,0.000000,0.000000,0.000000,0.350784,0.000000,0.000000,0.000000,0.000000,0.000000,0.359606,0.000000,0.000000,0.000000,0.000000,0.000000,0.000000,0.000000,0.000000,0.000000,0.000000,0.000000,0.000000,0.000000,0.000000,0.000000,0.320193,0.000000,0.374283,0.000000,0.000000,0.000000,0.519421,0.000000,0.511205,0.000000,0.533360,0.000000,0.466472,0.000000,0.436470,0.000000,0.503500,0.000000,0.457691,0.000000,0.000000,0.000000,0.000000,0.000000,0.000000,0.000000,0.000000,0.000000,0.000000,0.000000,0.000000,0.000000,0.000000,0.000000,0.322840,0.000000,0.371086,0.000000,0.000000,0.000000,0.000000,0.000000,0.000000,0.000000,0.000000,0.000000,0.344658,0.000000,0.000000,0.000000,0.350578,0.000000,0.000000
0.000000,0.000000,0.000000,0.000000,0.000000,0.000000,0.000000,0.000000,0.000000,0.000000,0.000000,0.000000,0.543275,0.000000,0.000000,0.000000,0.000000,0.000000,0.000000,0.000000,0.000000,0.000000,0.000000,0.000000,0.000000,0.000000,0.000000,0.000000,0.000000,0.000000,0.000000,0.000000,0.000000,0.000000,0.282148,0.000000,0.491210,0.576118,0.433797,0.000000,0.000000,0.000000,0.000000,0.647696,0.363263,0.634259,0.359892,0.580776,0.376344,0.000000,0.368020,0.000000,0.305730,0.000000,0.350165,0.000000,0.000000,0.000000,0.000000,0.000000,0.000000,0.000000,0.000000,0.000000,0.000000,0.000000,0.356821,0.740805,0.000000,0.000000,0.000000,0.000000,0.539500,0.000000,0.000000,0.000000,0.000000,0.000000,0.000000,0.000000,0.000000,0.000000,0.509786,0.000000,0.000000,0.000000,0.000000,0.000000,0.000000,0.000000
0.000000,0.000000,0.000000,0.000000,0.000000,0.000000,0.000000,0.492926,0.000000,0.000000,0.000000,0.000000,0.000000,0.511774,0.000000,0.000000,0.000000,0.000000,0.000000,0.000000,0.000000,0.000000,0.000000,0.000000,0.000000,0.000000,0.000000,0.000000,0.000000,0.000000,0.000000,0.000000,0.000000,0.000000,0.000000,0.000000,0.658794,0.526469,0.000000,0.464712,0.000000,0.519421,0.647696,0.000000,0.649816,0.396949,0.642324,0.375032,0.713130,0.416253,0.000000,0.360807,0.000000,0.347123,0.000000,0.440405,0.000000,0.000000,0.000000,0.000000,0.000000,0.000000,0.000000,0.000000,0.000000,0.000000,0.689808,0.474931,0.000000,0.000000,0.000000,0.518655,0.000000,0.528802,0.000000,0.000000,0.000000,0.000000,0.000000,0.000000,0.000000,0.490826,0.000000,0.000000,0.000000,0.000000,0.000000,0.000000,0.000000,0.462847
0.000000,0.000000,0.000000,0.000000,0.000000,0.000000,0.000000,0.000000,0.000000,0.000000,0.000000,0.000000,0.485214,0.000000,0.000000,0.000000,0.000000,0.000000,0.000000,0.000000,0.000000,0.000000,0.000000,0.000000,0.000000,0.000000,0.000000,0.000000,0.000000,0.000000,0.000000,0.000000,0.000000,0.000000,0.504407,0.557178,0.464814,0.000000,0.000000,0.000000,0.000000,0.000000,0.363263,0.649816,0.000000,0.628138,0.352241,0.000000,0.354312,0.597829,0.000000,0.000000,0.000000,0.000000,0.000000,0.000000,0.000000,0.000000,0.406321,0.000000,0.000000,0.000000,0.000000,0.000000,0.000000,0.000000,0.363195,0.588565,0.000000,0.000000,0.000000,0.000000,0.000000,0.000000,0.000000,0.000000,0.000000,0.000000,0.000000,0.000000,0.000000,0.000000,0.000000,0.000000,0.000000,0.000000,0.000000,0.000000,0.000000,0.000000
0.000000,0.000000,0.000000,0.000000,0.000000,0.000000,0.000000,0.000000,0.000000,0.000000,0.000000,0.000000,0.000000,0.500257,0.000000,0.000000,0.000000,0.000000,0.000000,0.000000,0.000000,0.000000,0.000000,0.000000,0.000000,0.000000,0.000000,0.000000,0.000000,0.000000,0.000000,0.000000,0.000000,0.000000,0.000000,0.000000,0.000000,0.536800,0.000000,0.482712,0.000000,0.511205,0.634259,0.396949,0.628138,0.000000,0.611295,0.392565,0.655802,0.412272,0.000000,0.427615,0.000000,0.000000,0.000000,0.000000,0.000000,0.000000,0.000000,0.409535,0.000000,0.000000,0.000000,0.000000,0.000000,0.000000,0.536927,0.422088,0.000000,0.000000,0.000000,0.000000,0.000000,0.516145,0.000000,0.000000,0.000000,0.000000,0.000000,0.000000,0.000000,0.462796,0.000000,0.000000,0.000000,0.474338,0.000000,0.000000,0.000000,0.000000
0.000000,0.000000,0.000000,0.000000,0.000000,0.000000,0.509540,0.000000,0.000000,0.000000,0.000000,0.000000,0.532395,0.000000,0.534787,0.000000,0.000000,0.000000,0.000000,0.000000,0.000000,0.000000,0.000000,0.000000,0.000000,0.000000,0.000000,0.000000,0.000000,0.000000,0.000000,0.000000,0.507507,0.000000,0.000000,0.000000,0.358065,0.000000,0.378872,0.000000,0.000000,0.000000,0.359892,0.642324,0.352241,0.611295,0.000000,0.540155,0.000000,0.000000,0.309486,0.000000,0.317840,0.000000,0.345933,0.000000,0.000000,0.000000,0.000000,0.000000,0.000000,0.000000,0.000000,0.000000,0.000000,0.000000,0.339692,0.000000,0.000000,0.000000,0.000000,0.000000,0.551070,0.000000,0.000000,0.000000,0.000000,0.000000,0.000000,0.000000,0.000000,0.000000,0.508281,0.000000,0.454760,0.000000,0.445064,0.000000,0.429062,0.000000
0.000000,0.000000,0.000000,0.000000,0.000000,0.000000,0.000000,0.496204,0.000000,0.000000,0.000000,0.000000,0.000000,0.512580,0.000000,0.000000,0.000000,0.000000,0.000000,0.000000,0.000000,0.000000,0.000000,0.000000,0.000000,0.000000,0.000000,0.000000,0.000000,0.000000,0.000000,0.000000,0.000000,0.000000,0.000000,0.000000,0.514826,0.493155,0.000000,0.343622,0.000000,0.533360,0.580776,0.375032,0.000000,0.392565,0.540155,0.000000,0.000000,0.349768,0.000000,0.000000,0.000000,0.369502,0.000000,0.386814,0.000000,0.000000,0.000000,0.000000,0.000000,0.000000,0.000000,0.000000,0.000000,0.000000,0.000000,0.444757,0.000000,0.000000,0.000000,0.530608,0.000000,0.529183,0.000000,0.000000,0.000000,0.000000,0.000000,0.000000,0.000000,0.000000,0.000000,0.000000,0.000000,0.493932,0.000000,0.000000,0.000000,0.482661
0.000000,0.000000,0.000000,0.000000,0.000000,0.000000,0.000000,0.000000,0.000000,0.000000,0.000000,0.000000,0.477083,0.000000,0.000000,0.000000,0.000000,0.000000,0.000000,0.000000,0.000000,0.000000,0.000000,0.000000,0.000000,0.000000,0.000000,0.000000,0.000000,0.000000,0.000000,0.000000,0.000000,0.000000,0.000000,0.000000,0.000000,0.000000,0.000000,0.000000,0.000000,0.000000,0.376344,0.713130,0.354312,0.655802,0.000000,0.000000,0.000000,0.581690,0.401849,0.000000,0.000000,0.000000,0.000000,0.000000,0.000000,0.000000,0.340899,0.000000,0.000000,0.000000,0.000000,0.000000,0.000000,0.000000,0.000000,0.726193,0.000000,0.000000,0.000000,0.000000,0.491496,0.000000,0.000000,0.000000,0.000000,0.000000,0.000000,0.000000,0.476665,0.000000,0.000000,0.000000,0.476344,0.000000,0.000000,0.000000,0.000000,0.000000
