0.000000,0.000000,0.396211,0.000000,0.000000,0.000000,0.419364,0.000000,0.000000,0.000000,0.461554,0.000000,0.465101,0.000000,0.000000,0.000000,0.323192,0.000000,0.443899,0.000000,0.000000,0.000000,0.000000,0.000000,0.000000,0.000000,0.000000,0.000000,0.000000,0.000000,0.000000,0.000000,0.000000,0.000000,0.000000,0.000000,0.000000,0.000000,0.000000,0.000000,0.000000,0.000000,0.000000,0.000000,0.000000,0.000000,0.000000,0.000000,0.000000,0.000000,0.000000,0.000000,0.000000,0.000000,0.000000,0.000000,0.427021,0.000000,0.000000,0.000000,0.448861,0.000000,0.482574,0.000000,0.000000,0.000000,0.000000,0.000000,0.395097,0.000000,0.000000,0.000000,0.499331,0.000000,0.460759,0.000000,0.000000,0.000000,0.000000,0.000000,0.508812,0.000000,0.485945,0.000000,0.518160,0.000000,0.000000,0.000000,0.000000,0.000000
0.000000,0.000000,0.000000,0.380146,0.000000,0.000000,0.000000,0.362711,0.000000,0.000000,0.000000,0.402170,0.000000,0.433060,0.000000,0.000000,0.000000,0.366108,0.593290,0.397583,0.000000,0.000000,0.000000,0.000000,0.000000,0.000000,0.000000,0.000000,0.000000,0.000000,0.000000,0.000000,0.000000,0.000000,0.000000,0.000000,0.000000,0.000000,0.000000,0.000000,0.000000,0.000000,0.000000,0.000000,0.000000,0.000000,0.000000,0.000000,0.000000,0.000000,0.000000,0.000000,0.000000,0.000000,0.000000,0.000000,0.000000,0.426958,0.000000,0.000000,0.000000,0.472448,0.000000,0.433296,0.000000,0.458846,0.000000,0.000000,0.000000,0.370357,0.000000,0.000000,0.000000,0.390512,0.000000,0.441763,0.000000,0.000000,0.000000,0.000000,0.000000,0.000000,0.000000,0.000000,0.000000,0.000000,0.000000,0.000000,0.000000,0.000000
0.396211,0.000000,0.000000,0.490701,0.353031,0.000000,0.380651,0.000000,0.000000,0.000000,0.439074,0.000000,0.000000,0.000000,0.000000,0.000000,0.000000,0.000000,0.295156,0.000000,0.000000,0.000000,0.407024,0.455531,0.000000,0.000000,0.000000,0.000000,0.000000,0.000000,0.000000,0.000000,0.000000,0.000000,0.000000,0.000000,0.000000,0.000000,0.000000,0.000000,0.000000,0.000000,0.000000,0.000000,0.000000,0.000000,0.000000,0.000000,0.000000,0.000000,0.000000,0.000000,0.000000,0.000000,0.000000,0.000000,0.000000,0.000000,0.000000,0.000000,0.000000,0.000000,0.000000,0.000000,0.000000,0.000000,0.000000,0.000000,0.000000,0.000000,0.393067,0.435041,0.428504,0.000000,0.000000,0.000000,0.506133,0.474113,0.000000,0.000000,0.000000,0.000000,0.000000,0.000000,0.000000,0.000000,0.000000,0.000000,0.000000,0.000000
0.000000,0.380146,0.490701,0.000000,0.000000,0.269499,0.000000,0.372255,0.000000,0.000000,0.000000,0.000000,0.000000,0.000000,0.000000,0.000000,0.000000,0.000000,0.000000,0.422241,0.000000,0.000000,0.496611,0.370934,0.531956,0.000000,0.000000,0.000000,0.000000,0.000000,0.441232,0.340785,0.000000,0.000000,0.000000,0.000000,0.000000,0.000000,0.000000,0.000000,0.000000,0.000000,0.000000,0.000000,0.000000,0.000000,0.000000,0.000000,0.000000,0.000000,0.000000,0.000000,0.000000,0.000000,0.000000,0.000000,0.000000,0.407142,0.000000,0.000000,0.000000,0.000000,0.000000,0.000000,0.000000,0.000000,0.000000,0.000000,0.000000,0.000000,0.000000,0.412959,0.000000,0.415223,0.000000,0.435754,0.000000,0.492479,0.000000,0.000000,0.000000,0.000000,0.000000,0.000000,0.000000,0.000000,0.000000,0.000000,0.000000,0.000000
0.000000,0.000000,0.353031,0.000000,0.000000,0.606357,0.000000,0.000000,0.335988,0.000000,0.000000,0.000000,0.000000,0.000000,0.382439,0.000000,0.000000,0.000000,0.000000,0.000000,0.314261,0.449642,0.340176,0.000000,0.340514,0.580348,0.294919,0.583130,0.427946,0.000000,0.000000,0.000000,0.000000,0.000000,0.000000,0.000000,0.000000,0.000000,0.469574,0.000000,0.000000,0.000000,0.000000,0.000000,0.491986,0.000000,0.520970,0.000000,0.501348,0.000000,0.000000,0.000000,0.000000,0.000000,0.513447,0.000000,0.000000,0.000000,0.000000,0.000000,0.000000,0.000000,0.000000,0.000000,0.000000,0.000000,0.000000,0.000000,0.000000,0.000000,0.473629,0.000000,0.493709,0.000000,0.469312,0.000000,0.456695,0.000000,0.000000,0.000000,0.000000,0.000000,0.442658,0.000000,0.000000,0.000000,0.000000,0.000000,0.000000,0.000000
0.000000,0.000000,0.000000,0.269499,0.606357,0.000000,0.000000,0.000000,0.000000,0.317902,0.000000,0.000000,0.000000,0.000000,0.000000,0.361133,0.000000,0.000000,0.000000,0.000000,0.000000,0.309454,0.479532,0.331302,0.568215,0.448287,0.560663,0.301577,0.000000,0.453793,0.000000,0.449468,0.000000,0.000000,0.000000,0.000000,0.000000,0.424006,0.000000,0.420550,0.000000,0.000000,0.000000,0.515263,0.000000,0.000000,0.000000,0.544065,0.000000,0.000000,0.000000,0.000000,0.000000,0.000000,0.000000,0.484438,0.000000,0.000000,0.000000,0.000000,0.000000,0.000000,0.000000,0.000000,0.000000,0.000000,0.000000,0.000000,0.000000,0.000000,0.000000,0.452663,0.000000,0.452096,0.000000,0.415160,0.000000,0.465491,0.000000,0.000000,0.000000,0.000000,0.000000,0.445093,0.000000,0.000000,0.000000,0.000000,0.000000,0.000000
0.419364,0.000000,0.380651,0.000000,0.000000,0.000000,0.000000,0.000000,0.329482,0.000000,0.375080,0.000000,0.390812,0.000000,0.000000,0.000000,0.000000,0.000000,0.425944,0.000000,0.000000,0.000000,0.397565,0.000000,0.000000,0.000000,0.000000,0.000000,0.000000,0.000000,0.000000,0.000000,0.000000,0.000000,0.000000,0.000000,0.000000,0.000000,0.000000,0.000000,0.000000,0.000000,0.000000,0.000000,0.000000,0.000000,0.000000,0.000000,0.000000,0.000000,0.485321,0.000000,0.000000,0.000000,0.000000,0.000000,0.403224,0.000000,0.000000,0.000000,0.000000,0.000000,0.000000,0.000000,0.000000,0.000000,0.000000,0.000000,0.000000,0.000000,0.000000,0.000000,0.488232,0.000000,0.000000,0.000000,0.000000,0.000000,0.000000,0.000000,0.418406,0.000000,0.000000,0.000000,0.573538,0.000000,0.000000,0.000000,0.000000,0.000000
0.000000,0.362711,0.000000,0.372255,0.000000,0.000000,0.000000,0.000000,0.000000,0.348274,0.000000,0.404016,0.000000,0.386821,0.000000,0.000000,0.000000,0.000000,0.000000,0.000000,0.000000,0.000000,0.000000,0.000000,0.000000,0.000000,0.000000,0.000000,0.000000,0.000000,0.000000,0.000000,0.000000,0.000000,0.000000,0.000000,0.000000,0.000000,0.000000,0.000000,0.000000,0.000000,0.000000,0.000000,0.000000,0.000000,0.000000,0.000000,0.000000,0.000000,0.000000,0.000000,0.000000,0.000000,0.000000,0.000000,0.000000,0.000000,0.000000,0.000000,0.000000,0.000000,0.000000,0.000000,0.000000,0.000000,0.000000,0.000000,0.000000,0.000000,0.000000,0.000000,0.000000,0.000000,0.000000,0.000000,0.000000,0.000000,0.000000,0.000000,0.000000,0.000000,0.000000,0.000000,0.000000,0.000000,0.000000,0.000000,0.000000,0.000000
0.000000,0.000000,0.000000,0.000000,0.335988,0.000000,0.329482,0.000000,0.000000,0.000000,0.000000,0.000000,0.000000,0.000000,0.384352,0.000000,0.000000,0.000000,0.000000,0.000000,0.000000,0.000000,0.000000,0.000000,0.000000,0.000000,0.000000,0.000000,0.457794,0.000000,0.000000,0.000000,0.000000,0.000000,0.000000,0.000000,0.000000,0.000000,0.000000,0.000000,0.000000,0.000000,0.000000,0.000000,0.000000,0.000000,0.561139,0.000000,0.000000,0.000000,0.495175,0.000000,0.501988,0.000000,0.000000,0.000000,0.000000,0.000000,0.000000,0.000000,0.000000,0.000000,0.000000,0.000000,0.000000,0.000000,0.000000,0.000000,0.000000,0.000000,0.000000,0.000000,0.487427,0.000000,0.484419,0.000000,0.000000,0.000000,0.000000,0.000000,0.426402,0.000000,0.467347,0.000000,0.500970,0.000000,0.000000,0.000000,0.506353,0.000000
0.000000,0.000000,0.000000,0.000000,0.000000,0.317902,0.000000,0.348274,0.000000,0.000000,0.000000,0.000000,0.000000,0.000000,0.000000,0.342310,0.000000,0.000000,0.000000,0.000000,0.000000,0.000000,0.000000,0.000000,0.000000,0.355214,0.000000,0.000000,0.000000,0.000000,0.000000,0.000000,0.000000,0.000000,0.000000,0.000000,0.000000,0.447211,0.000000,0.000000,0.000000,0.000000,0.000000,0.502123,0.000000,0.488885,0.000000,0.519667,0.000000,0.518914,0.000000,0.000000,0.000000,0.000000,0.000000,0.488167,0.000000,0.000000,0.000000,0.000000,0.000000,0.000000,0.000000,0.000000,0.000000,0.000000,0.000000,0.000000,0.000000,0.000000,0.000000,0.440082,0.000000,0.444814,0.000000,0.519772,0.000000,0.472389,0.000000,0.000000,0.000000,0.000000,0.000000,0.000000,0.000000,0.000000,0.000000,0.000000,0.000000,0.000000
0.461554,0.000000,0.439074,0.000000,0.000000,0.000000,0.375080,0.000000,0.000000,0.000000,0.000000,0.000000,0.413577,0.000000,0.396836,0.000000,0.312478,0.000000,0.474598,0.000000,0.000000,0.000000,0.425315,0.000000,0.000000,0.000000,0.000000,0.000000,0.413125,0.000000,0.000000,0.000000,0.000000,0.000000,0.000000,0.000000,0.000000,0.000000,0.000000,0.000000,0.000000,0.000000,0.000000,0.000000,0.000000,0.000000,0.000000,0.000000,0.000000,0.000000,0.000000,0.000000,0.000000,0.000000,0.000000,0.000000,0.467922,0.000000,0.476865,0.000000,0.000000,0.000000,0.000000,0.000000,0.000000,0.000000,0.000000,0.000000,0.468504,0.000000,0.000000,0.000000,0.000000,0.000000,0.000000,0.000000,0.000000,0.000000,0.497875,0.000000,0.490733,0.000000,0.459323,0.000000,0.512868,0.000000,0.000000,0.000000,0.000000,0.000000
0.000000,0.402170,0.000000,0.000000,0.000000,0.000000,0.000000,0.404016,0.000000,0.000000,0.000000,0.000000,0.000000,0.378629,0.000000,0.000000,0.000000,0.393196,0.000000,0.000000,0.000000,0.000000,0.000000,0.000000,0.000000,0.000000,0.000000,0.000000,0.000000,0.385821,0.000000,0.000000,0.000000,0.000000,0.000000,0.000000,0.000000,0.000000,0.000000,0.000000,0.000000,0.000000,0.000000,0.000000,0.000000,0.000000,0.000000,0.000000,0.000000,0.000000,0.000000,0.000000,0.000000,0.000000,0.000000,0.000000,0.000000,0.000000,0.000000,0.000000,0.000000,0.473465,0.000000,0.475959,0.000000,0.000000,0.000000,0.000000,0.000000,0.000000,0.000000,0.000000,0.000000,0.000000,0.000000,0.000000,0.000000,0.000000,0.000000,0.000000,0.000000,0.000000,0.000000,0.000000,0.000000,0.000000,0.000000,0.000000,0.000000,0.000000
0.465101,0.000000,0.000000,0.000000,0.000000,0.000000,0.390812,0.000000,0.000000,0.000000,0.413577,0.000000,0.000000,0.000000,0.282850,0.000000,0.000000,0.000000,0.409900,0.000000,0.000000,0.000000,0.401983,0.000000,0.000000,0.000000,0.000000,0.000000,0.356382,0.000000,0.000000,0.000000,0.000000,0.000000,0.000000,0.000000,0.000000,0.000000,0.000000,0.000000,0.000000,0.000000,0.000000,0.000000,0.000000,0.000000,0.000000,0.000000,0.000000,0.000000,0.000000,0.000000,0.000000,0.000000,0.000000,0.000000,0.000000,0.000000,0.424010,0.000000,0.000000,0.000000,0.000000,0.000000,0.000000,0.000000,0.425926,0.000000,0.000000,0.000000,0.000000,0.000000,0.421255,0.000000,0.000000,0.000000,0.000000,0.000000,0.391037,0.000000,0.417824,0.000000,0.000000,0.000000,0.511865,0.000000,0.000000,0.000000,0.000000,0.000000
0.000000,0.433060,0.000000,0.000000,0.000000,0.000000,0.000000,0.386821,0.000000,0.000000,0.000000,0.378629,0.000000,0.000000,0.000000,0.404695,0.000000,0.000000,0.000000,0.000000,0.000000,0.000000,0.000000,0.000000,0.000000,0.000000,0.000000,0.000000,0.000000,0.341367,0.000000,0.000000,0.000000,0.000000,0.000000,0.000000,0.000000,0.000000,0.000000,0.000000,0.000000,0.000000,0.000000,0.000000,0.000000,0.000000,0.000000,0.000000,0.000000,0.000000,0.000000,0.000000,0.000000,0.000000,0.000000,0.000000,0.000000,0.000000,0.000000,0.000000,0.000000,0.484275,0.000000,0.483244,0.000000,0.000000,0.000000,0.000000,0.000000,0.000000,0.000000,0.000000,0.000000,0.000000,0.000000,0.000000,0.000000,0.000000,0.000000,0.000000,0.000000,0.474962,0.000000,0.000000,0.000000,0.000000,0.000000,0.000000,0.000000,0.000000
0.000000,0.000000,0.000000,0.000000,0.382439,0.000000,0.000000,0.000000,0.384352,0.000000,0.396836,0.000000,0.282850,0.000000,0.000000,0.000000,0.000000,0.000000,0.000000,0.000000,0.303398,0.000000,0.000000,0.000000,0.000000,0.000000,0.337773,0.000000,0.371688,0.000000,0.000000,0.000000,0.000000,0.000000,0.000000,0.000000,0.000000,0.000000,0.000000,0.000000,0.000000,0.000000,0.000000,0.000000,0.000000,0.000000,0.000000,0.000000,0.457897,0.000000,0.000000,0.000000,0.000000,0.000000,0.000000,0.000000,0.000000,0.000000,0.000000,0.000000,0.000000,0.000000,0.000000,0.000000,0.000000,0.000000,0.422338,0.000000,0.000000,0.000000,0.380838,0.000000,0.403455,0.000000,0.000000,0.000000,0.000000,0.000000,0.394299,0.000000,0.404837,0.000000,0.353630,0.000000,0.500116,0.000000,0.000000,0.000000,0.436113,0.000000
0.000000,0.000000,0.000000,0.000000,0.000000,0.361133,0.000000,0.000000,0.000000,0.342310,0.000000,0.000000,0.000000,0.404695,0.000000,0.000000,0.000000,0.406289,0.000000,0.000000,0.000000,0.272215,0.000000,0.000000,0.000000,0.000000,0.000000,0.508108,0.000000,0.379879,0.000000,0.000000,0.000000,0.000000,0.000000,0.527299,0.000000,0.467760,0.000000,0.000000,0.000000,0.000000,0.000000,0.482841,0.000000,0.493708,0.000000,0.509644,0.000000,0.504099,0.000000,0.000000,0.000000,0.000000,0.000000,0.489042,0.000000,0.402768,0.000000,0.488630,0.000000,0.000000,0.000000,0.437922,0.000000,0.000000,0.000000,0.463050,0.000000,0.000000,0.000000,0.000000,0.000000,0.436352,0.000000,0.429671,0.000000,0.000000,0.000000,0.000000,0.000000,0.445563,0.000000,0.480346,0.000000,0.504044,0.000000,0.477352,0.000000,0.000000
0.323192,0.000000,0.000000,0.000000,0.000000,0.000000,0.000000,0.000000,0.000000,0.000000,0.312478,0.000000,0.000000,0.000000,0.000000,0.000000,0.000000,0.000000,0.000000,0.000000,0.000000,0.000000,0.000000,0.000000,0.000000,0.000000,0.000000,0.000000,0.391323,0.000000,0.000000,0.000000,0.000000,0.000000,0.000000,0.000000,0.000000,0.000000,0.000000,0.000000,0.000000,0.000000,0.000000,0.000000,0.000000,0.000000,0.000000,0.000000,0.000000,0.000000,0.000000,0.000000,0.000000,0.000000,0.000000,0.000000,0.361945,0.000000,0.000000,0.000000,0.422860,0.000000,0.384588,0.000000,0.000000,0.000000,0.000000,0.000000,0.000000,0.000000,0.000000,0.000000,0.000000,0.000000,0.000000,0.000000,0.000000,0.000000,0.506227,0.000000,0.398541,0.000000,0.279809,0.000000,0.000000,0.000000,0.000000,0.000000,0.000000,0.000000
0.000000,0.366108,0.000000,0.000000,0.000000,0.000000,0.000000,0.000000,0.000000,0.000000,0.000000,0.393196,0.000000,0.000000,0.000000,0.406289,0.000000,0.000000,0.000000,0.000000,0.000000,0.000000,0.000000,0.000000,0.000000,0.000000,0.000000,0.000000,0.000000,0.379807,0.000000,0.000000,0.000000,0.000000,0.000000,0.000000,0.000000,0.000000,0.000000,0.000000,0.000000,0.000000,0.000000,0.000000,0.000000,0.000000,0.000000,0.000000,0.000000,0.000000,0.000000,0.000000,0.000000,0.000000,0.000000,0.000000,0.000000,0.409765,0.000000,0.413218,0.000000,0.406971,0.000000,0.370277,0.000000,0.000000,0.000000,0.000000,0.000000,0.000000,0.000000,0.000000,0.000000,0.406622,0.000000,0.000000,0.000000,0.000000,0.000000,0.314425,0.000000,0.363342,0.000000,0.301245,0.000000,0.000000,0.000000,0.000000,0.000000,0.000000
0.443899,0.593290,0.295156,0.000000,0.000000,0.000000,0.425944,0.000000,0.000000,0.000000,0.474598,0.000000,0.409900,0.000000,0.000000,0.000000,0.000000,0.000000,0.000000,0.580272,0.000000,0.000000,0.368201,0.000000,0.000000,0.000000,0.000000,0.000000,0.000000,0.000000,0.000000,0.000000,0.382411,0.000000,0.000000,0.000000,0.000000,0.000000,0.000000,0.000000,0.000000,0.000000,0.000000,0.000000,0.000000,0.000000,0.000000,0.000000,0.000000,0.000000,0.000000,0.000000,0.000000,0.000000,0.000000,0.000000,0.000000,0.000000,0.000000,0.000000,0.000000,0.000000,0.000000,0.000000,0.000000,0.000000,0.468188,0.000000,0.363180,0.000000,0.000000,0.000000,0.488593,0.000000,0.511827,0.000000,0.485182,0.493332,0.000000,0.000000,0.000000,0.000000,0.000000,0.000000,0.507067,0.000000,0.000000,0.000000,0.000000,0.000000
0.000000,0.397583,0.000000,0.422241,0.000000,0.000000,0.000000,0.000000,0.000000,0.000000,0.000000,0.000000,0.000000,0.000000,0.000000,0.000000,0.000000,0.000000,0.580272,0.000000,0.000000,0.000000,0.000000,0.263425,0.000000,0.000000,0.000000,0.000000,0.000000,0.000000,0.000000,0.000000,0.000000,0.351533,0.000000,0.000000,0.000000,0.000000,0.000000,0.000000,0.000000,0.000000,0.000000,0.000000,0.000000,0.000000,0.000000,0.000000,0.000000,0.000000,0.000000,0.000000,0.000000,0.000000,0.000000,0.000000,0.000000,0.316496,0.000000,0.000000,0.000000,0.000000,0.000000,0.000000,0.000000,0.451148,0.000000,0.000000,0.583812,0.350446,0.000000,0.000000,0.501192,0.443364,0.000000,0.489965,0.527440,0.469177,0.000000,0.000000,0.000000,0.000000,0.000000,0.000000,0.000000,0.000000,0.000000,0.000000,0.000000,0.000000
0.000000,0.000000,0.000000,0.000000,0.314261,0.000000,0.000000,0.000000,0.000000,0.000000,0.000000,0.000000,0.000000,0.000000,0.303398,0.000000,0.000000,0.000000,0.000000,0.000000,0.000000,0.244702,0.000000,0.000000,0.282916,0.000000,0.325591,0.000000,0.285287,0.000000,0.404530,0.000000,0.000000,0.000000,0.000000,0.000000,0.000000,0.000000,0.000000,0.000000,0.399640,0.000000,0.457865,0.000000,0.000000,0.000000,0.480149,0.000000,0.476451,0.000000,0.000000,0.000000,0.000000,0.000000,0.501442,0.000000,0.000000,0.000000,0.000000,0.000000,0.000000,0.000000,0.000000,0.000000,0.000000,0.000000,0.427710,0.000000,0.000000,0.000000,0.275186,0.000000,0.000000,0.000000,0.000000,0.000000,0.000000,0.000000,0.000000,0.000000,0.000000,0.000000,0.393257,0.000000,0.000000,0.000000,0.000000,0.000000,0.000000,0.000000
0.000000,0.000000,0.000000,0.000000,0.449642,0.309454,0.000000,0.000000,0.000000,0.000000,0.000000,0.000000,0.000000,0.000000,0.000000,0.272215,0.000000,0.000000,0.000000,0.000000,0.244702,0.000000,0.000000,0.000000,0.000000,0.296949,0.000000,0.341490,0.000000,0.303537,0.249549,0.350567,0.000000,0.000000,0.000000,0.000000,0.000000,0.406004,0.000000,0.407451,0.000000,0.000000,0.000000,0.000000,0.000000,0.000000,0.000000,0.000000,0.000000,0.000000,0.000000,0.000000,0.000000,0.000000,0.000000,0.435570,0.000000,0.000000,0.000000,0.000000,0.000000,0.000000,0.000000,0.000000,0.000000,0.000000,0.000000,0.000000,0.000000,0.000000,0.000000,0.291184,0.000000,0.000000,0.000000,0.000000,0.000000,0.000000,0.000000,0.000000,0.000000,0.000000,0.000000,0.398897,0.000000,0.000000,0.000000,0.000000,0.000000,0.000000
0.000000,0.000000,0.407024,0.496611,0.340176,0.479532,0.397565,0.000000,0.000000,0.000000,0.425315,0.000000,0.401983,0.000000,0.000000,0.000000,0.000000,0.000000,0.368201,0.000000,0.000000,0.000000,0.000000,0.461711,0.287987,0.000000,0.000000,0.000000,0.000000,0.000000,0.312129,0.000000,0.319980,0.000000,0.522135,0.000000,0.000000,0.000000,0.000000,0.000000,0.000000,0.000000,0.000000,0.000000,0.000000,0.000000,0.000000,0.000000,0.454012,0.000000,0.458343,0.000000,0.000000,0.000000,0.000000,0.000000,0.000000,0.000000,0.000000,0.000000,0.000000,0.000000,0.000000,0.000000,0.000000,0.000000,0.441463,0.000000,0.000000,0.000000,0.399570,0.000000,0.433378,0.000000,0.469439,0.000000,0.482056,0.492268,0.000000,0.000000,0.000000,0.000000,0.000000,0.000000,0.507918,0.000000,0.000000,0.000000,0.465405,0.000000
0.000000,0.000000,0.455531,0.370934,0.000000,0.331302,0.000000,0.000000,0.000000,0.000000,0.000000,0.000000,0.000000,0.000000,0.000000,0.000000,0.000000,0.000000,0.000000,0.263425,0.000000,0.000000,0.461711,0.000000,0.594031,0.320520,0.000000,0.000000,0.000000,0.000000,0.431486,0.308754,0.000000,0.370555,0.000000,0.502929,0.000000,0.000000,0.000000,0.518339,0.000000,0.000000,0.000000,0.000000,0.000000,0.000000,0.000000,0.535183,0.000000,0.000000,0.000000,0.000000,0.000000,0.000000,0.000000,0.000000,0.000000,0.000000,0.000000,0.000000,0.000000,0.000000,0.000000,0.442712,0.000000,0.000000,0.000000,0.483156,0.000000,0.000000,0.000000,0.000000,0.000000,0.420830,0.000000,0.000000,0.000000,0.469150,0.000000,0.000000,0.000000,0.000000,0.000000,0.000000,0.000000,0.000000,0.000000,0.000000,0.000000,0.000000
0.000000,0.000000,0.000000,0.531956,0.340514,0.568215,0.000000,0.000000,0.000000,0.000000,0.000000,0.000000,0.000000,0.000000,0.000000,0.000000,0.000000,0.000000,0.000000,0.000000,0.282916,0.000000,0.287987,0.594031,0.000000,0.556756,0.300574,0.523992,0.000000,0.000000,0.342293,0.462588,0.000000,0.000000,0.000000,0.000000,0.000000,0.000000,0.000000,0.000000,0.000000,0.000000,0.000000,0.000000,0.000000,0.000000,0.000000,0.000000,0.000000,0.000000,0.000000,0.000000,0.000000,0.000000,0.000000,0.000000,0.000000,0.000000,0.000000,0.000000,0.000000,0.000000,0.000000,0.000000,0.000000,0.000000,0.495196,0.000000,0.000000,0.000000,0.471219,0.000000,0.505900,0.000000,0.000000,0.000000,0.463592,0.000000,0.000000,0.000000,0.000000,0.000000,0.000000,0.000000,0.000000,0.000000,0.000000,0.000000,0.000000,0.000000
0.000000,0.000000,0.000000,0.000000,0.580348,0.448287,0.000000,0.000000,0.000000,0.355214,0.000000,0.000000,0.000000,0.000000,0.000000,0.000000,0.000000,0.000000,0.000000,0.000000,0.000000,0.296949,0.000000,0.320520,0.556756,0.000000,0.582267,0.310521,0.000000,0.000000,0.506345,0.379329,0.533916,0.000000,0.000000,0.000000,0.000000,0.000000,0.000000,0.435808,0.000000,0.000000,0.000000,0.000000,0.000000,0.000000,0.000000,0.468926,0.000000,0.000000,0.000000,0.000000,0.000000,0.000000,0.000000,0.000000,0.000000,0.000000,0.000000,0.000000,0.000000,0.000000,0.000000,0.000000,0.000000,0.000000,0.487193,0.520469,0.000000,0.000000,0.475345,0.322563,0.000000,0.000000,0.000000,0.000000,0.000000,0.000000,0.000000,0.000000,0.000000,0.000000,0.000000,0.000000,0.000000,0.000000,0.000000,0.000000,0.000000,0.000000
0.000000,0.000000,0.000000,0.000000,0.294919,0.560663,0.000000,0.000000,0.000000,0.000000,0.000000,0.000000,0.000000,0.000000,0.337773,0.000000,0.000000,0.000000,0.000000,0.000000,0.325591,0.000000,0.000000,0.000000,0.300574,0.582267,0.000000,0.416972,0.355197,0.000000,0.000000,0.000000,0.000000,0.000000,0.000000,0.000000,0.000000,0.000000,0.000000,0.000000,0.000000,0.000000,0.000000,0.000000,0.000000,0.000000,0.000000,0.000000,0.000000,0.000000,0.000000,0.000000,0.000000,0.000000,0.000000,0.000000,0.000000,0.000000,0.000000,0.000000,0.000000,0.000000,0.000000,0.000000,0.000000,0.000000,0.000000,0.000000,0.000000,0.000000,0.427203,0.000000,0.491490,0.000000,0.000000,0.000000,0.000000,0.000000,0.000000,0.000000,0.000000,0.000000,0.384680,0.000000,0.000000,0.000000,0.000000,0.000000,0.000000,0.000000
0.000000,0.000000,0.000000,0.000000,0.583130,0.301577,0.000000,0.000000,0.000000,0.000000,0.000000,0.000000,0.000000,0.000000,0.000000,0.508108,0.000000,0.000000,0.000000,0.000000,0.000000,0.341490,0.000000,0.000000,0.523992,0.310521,0.416972,0.000000,0.000000,0.292967,0.532253,0.000000,0.000000,0.000000,0.000000,0.000000,0.000000,0.402448,0.000000,0.394711,0.000000,0.000000,0.000000,0.000000,0.000000,0.000000,0.000000,0.531800,0.000000,0.000000,0.000000,0.000000,0.000000,0.000000,0.000000,0.000000,0.000000,0.000000,0.000000,0.000000,0.000000,0.000000,0.000000,0.000000,0.000000,0.000000,0.000000,0.000000,0.000000,0.000000,0.000000,0.367545,0.000000,0.432470,0.000000,0.417892,0.000000,0.461869,0.000000,0.000000,0.000000,0.000000,0.000000,0.411030,0.000000,0.000000,0.000000,0.000000,0.000000,0.000000
0.000000,0.000000,0.000000,0.000000,0.427946,0.000000,0.000000,0.000000,0.457794,0.000000,0.413125,0.000000,0.356382,0.000000,0.371688,0.000000,0.391323,0.000000,0.000000,0.000000,0.285287,0.000000,0.000000,0.000000,0.000000,0.000000,0.355197,0.000000,0.000000,0.000000,0.000000,0.000000,0.000000,0.000000,0.527220,0.000000,0.000000,0.000000,0.000000,0.000000,0.000000,0.000000,0.000000,0.000000,0.000000,0.000000,0.000000,0.000000,0.000000,0.000000,0.000000,0.000000,0.000000,0.000000,0.000000,0.000000,0.369758,0.000000,0.000000,0.000000,0.000000,0.000000,0.000000,0.000000,0.000000,0.000000,0.000000,0.000000,0.000000,0.000000,0.000000,0.000000,0.379162,0.000000,0.000000,0.000000,0.000000,0.000000,0.360783,0.000000,0.414782,0.000000,0.257448,0.000000,0.504443,0.000000,0.000000,0.000000,0.000000,0.000000
0.000000,0.000000,0.000000,0.000000,0.000000,0.453793,0.000000,0.000000,0.000000,0.000000,0.000000,0.385821,0.000000,0.341367,0.000000,0.379879,0.000000,0.379807,0.000000,0.000000,0.000000,0.303537,0.000000,0.000000,0.000000,0.000000,0.000000,0.292967,0.000000,0.000000,0.000000,0.000000,0.000000,0.000000,0.000000,0.453706,0.000000,0.000000,0.000000,0.000000,0.000000,0.000000,0.000000,0.467105,0.000000,0.483296,0.000000,0.550981,0.000000,0.000000,0.000000,0.000000,0.000000,0.000000,0.000000,0.492101,0.000000,0.409319,0.000000,0.492883,0.000000,0.000000,0.000000,0.397027,0.000000,0.000000,0.000000,0.487988,0.000000,0.000000,0.000000,0.000000,0.000000,0.358616,0.000000,0.000000,0.000000,0.000000,0.000000,0.388667,0.000000,0.431752,0.000000,0.378566,0.000000,0.495714,0.000000,0.000000,0.000000,0.000000
0.000000,0.000000,0.000000,0.441232,0.000000,0.000000,0.000000,0.000000,0.000000,0.000000,0.000000,0.000000,0.000000,0.000000,0.000000,0.000000,0.000000,0.000000,0.000000,0.000000,0.404530,0.249549,0.312129,0.431486,0.342293,0.506345,0.000000,0.532253,0.000000,0.000000,0.000000,0.402167,0.490704,0.000000,0.000000,0.000000,0.000000,0.000000,0.000000,0.000000,0.000000,0.000000,0.000000,0.000000,0.495454,0.000000,0.000000,0.000000,0.000000,0.000000,0.000000,0.000000,0.000000,0.000000,0.000000,0.000000,0.000000,0.000000,0.000000,0.000000,0.000000,0.000000,0.000000,0.000000,0.000000,0.000000,0.502953,0.000000,0.000000,0.000000,0.396591,0.000000,0.000000,0.000000,0.000000,0.000000,0.000000,0.000000,0.000000,0.000000,0.000000,0.000000,0.000000,0.000000,0.000000,0.000000,0.000000,0.000000,0.000000,0.000000
0.000000,0.000000,0.000000,0.340785,0.000000,0.449468,0.000000,0.000000,0.000000,0.000000,0.000000,0.000000,0.000000,0.000000,0.000000,0.000000,0.000000,0.000000,0.000000,0.000000,0.000000,0.350567,0.000000,0.308754,0.462588,0.379329,0.000000,0.000000,0.000000,0.000000,0.402167,0.000000,0.517391,0.465119,0.000000,0.579018,0.000000,0.568274,0.000000,0.528431,0.000000,0.000000,0.000000,0.000000,0.000000,0.000000,0.000000,0.477357,0.000000,0.000000,0.000000,0.000000,0.000000,0.000000,0.000000,0.000000,0.000000,0.000000,0.000000,0.000000,0.000000,0.000000,0.000000,0.000000,0.000000,0.000000,0.512410,0.507862,0.000000,0.000000,0.000000,0.314961,0.000000,0.411831,0.000000,0.000000,0.000000,0.000000,0.000000,0.000000,0.000000,0.000000,0.000000,0.000000,0.000000,0.000000,0.000000,0.000000,0.000000,0.000000
0.000000,0.000000,0.000000,0.000000,0.000000,0.000000,0.000000,0.000000,0.000000,0.000000,0.000000,0.000000,0.000000,0.000000,0.000000,0.000000,0.000000,0.000000,0.382411,0.000000,0.000000,0.000000,0.319980,0.000000,0.000000,0.533916,0.000000,0.000000,0.000000,0.000000,0.490704,0.517391,0.000000,0.561090,0.394431,0.000000,0.495706,0.000000,0.000000,0.000000,0.000000,0.000000,0.000000,0.000000,0.443952,0.000000,0.000000,0.000000,0.467509,0.000000,0.000000,0.000000,0.000000,0.000000,0.000000,0.000000,0.000000,0.000000,0.000000,0.000000,0.000000,0.000000,0.000000,0.000000,0.000000,0.000000,0.435311,0.000000,0.388248,0.000000,0.000000,0.000000,0.478841,0.000000,0.000000,0.000000,0.000000,0.000000,0.000000,0.000000,0.000000,0.000000,0.000000,0.000000,0.000000,0.000000,0.000000,0.000000,0.488387,0.000000
0.000000,0.000000,0.000000,0.000000,0.000000,0.000000,0.000000,0.000000,0.000000,0.000000,0.000000,0.000000,0.000000,0.000000,0.000000,0.000000,0.000000,0.000000,0.000000,0.351533,0.000000,0.000000,0.000000,0.370555,0.000000,0.000000,0.000000,0.000000,0.000000,0.000000,0.000000,0.465119,0.561090,0.000000,0.000000,0.432348,0.000000,0.475404,0.000000,0.000000,0.000000,0.000000,0.000000,0.000000,0.000000,0.000000,0.000000,0.000000,0.000000,0.000000,0.000000,0.000000,0.000000,0.000000,0.000000,0.000000,0.000000,0.000000,0.000000,0.000000,0.000000,0.000000,0.000000,0.000000,0.000000,0.000000,0.499356,0.438224,0.000000,0.356422,0.000000,0.000000,0.534938,0.437789,0.000000,0.000000,0.000000,0.000000,0.000000,0.000000,0.000000,0.000000,0.000000,0.000000,0.000000,0.000000,0.000000,0.000000,0.000000,0.000000
0.000000,0.000000,0.000000,0.000000,0.000000,0.000000,0.000000,0.000000,0.000000,0.000000,0.000000,0.000000,0.000000,0.000000,0.000000,0.000000,0.000000,0.000000,0.000000,0.000000,0.000000,0.000000,0.522135,0.000000,0.000000,0.000000,0.000000,0.000000,0.527220,0.000000,0.000000,0.000000,0.394431,0.000000,0.000000,0.494956,0.000000,0.000000,0.427593,0.000000,0.000000,0.000000,0.000000,0.634834,0.506437,0.000000,0.401151,0.000000,0.000000,0.000000,0.000000,0.000000,0.000000,0.000000,0.000000,0.000000,0.000000,0.000000,0.000000,0.000000,0.000000,0.000000,0.000000,0.000000,0.000000,0.000000,0.359008,0.494314,0.000000,0.000000,0.000000,0.000000,0.538611,0.000000,0.000000,0.000000,0.000000,0.000000,0.000000,0.000000,0.474619,0.000000,0.000000,0.000000,0.000000,0.000000,0.000000,0.000000,0.000000,0.000000
0.000000,0.000000,0.000000,0.000000,0.000000,0.000000,0.000000,0.000000,0.000000,0.000000,0.000000,0.000000,0.000000,0.000000,0.000000,0.527299,0.000000,0.000000,0.000000,0.000000,0.000000,0.000000,0.000000,0.502929,0.000000,0.000000,0.000000,0.000000,0.000000,0.453706,0.000000,0.579018,0.000000,0.432348,0.494956,0.000000,0.000000,0.379121,0.000000,0.515121,0.000000,0.508801,0.000000,0.000000,0.513570,0.000000,0.499755,0.444802,0.000000,0.000000,0.000000,0.000000,0.000000,0.000000,0.000000,0.000000,0.000000,0.000000,0.000000,0.000000,0.000000,0.000000,0.000000,0.000000,0.000000,0.000000,0.000000,0.399749,0.000000,0.000000,0.000000,0.000000,0.531017,0.581126,0.000000,0.526443,0.000000,0.000000,0.000000,0.000000,0.499875,0.490122,0.000000,0.000000,0.000000,0.000000,0.000000,0.000000,0.000000,0.000000
0.000000,0.000000,0.000000,0.000000,0.000000,0.000000,0.000000,0.000000,0.000000,0.000000,0.000000,0.000000,0.000000,0.000000,0.000000,0.000000,0.000000,0.000000,0.000000,0.000000,0.000000,0.000000,0.000000,0.000000,0.000000,0.000000,0.000000,0.000000,0.000000,0.000000,0.000000,0.000000,0.495706,0.000000,0.000000,0.000000,0.000000,0.000000,0.320018,0.000000,0.404634,0.000000,0.500175,0.000000,0.522737,0.000000,0.464410,0.000000,0.000000,0.000000,0.000000,0.000000,0.000000,0.000000,0.331797,0.000000,0.000000,0.000000,0.000000,0.000000,0.000000,0.000000,0.000000,0.000000,0.000000,0.000000,0.000000,0.000000,0.000000,0.000000,0.000000,0.000000,0.000000,0.000000,0.000000,0.000000,0.435409,0.000000,0.000000,0.000000,0.471584,0.000000,0.427009,0.000000,0.000000,0.000000,0.442014,0.000000,0.000000,0.000000
0.000000,0.000000,0.000000,0.000000,0.000000,0.424006,0.000000,0.000000,0.000000,0.447211,0.000000,0.000000,0.000000,0.000000,0.000000,0.467760,0.000000,0.000000,0.000000,0.000000,0.000000,0.406004,0.000000,0.000000,0.000000,0.000000,0.000000,0.402448,0.000000,0.000000,0.000000,0.568274,0.000000,0.475404,0.000000,0.379121,0.000000,0.000000,0.000000,0.343698,0.000000,0.408780,0.000000,0.000000,0.000000,0.000000,0.000000,0.344603,0.000000,0.000000,0.000000,0.451216,0.000000,0.000000,0.000000,0.397748,0.000000,0.000000,0.000000,0.000000,0.000000,0.000000,0.000000,0.000000,0.000000,0.000000,0.000000,0.444684,0.000000,0.000000,0.000000,0.000000,0.000000,0.423205,0.000000,0.000000,0.000000,0.435482,0.000000,0.000000,0.000000,0.000000,0.000000,0.378201,0.000000,0.477904,0.000000,0.425190,0.000000,0.000000
0.000000,0.000000,0.000000,0.000000,0.469574,0.000000,0.000000,0.000000,0.000000,0.000000,0.000000,0.000000,0.000000,0.000000,0.000000,0.000000,0.000000,0.000000,0.000000,0.000000,0.000000,0.000000,0.000000,0.000000,0.000000,0.000000,0.000000,0.000000,0.000000,0.000000,0.000000,0.000000,0.000000,0.000000,0.427593,0.000000,0.320018,0.000000,0.000000,0.000000,0.295053,0.000000,0.000000,0.000000,0.515043,0.000000,0.478258,0.000000,0.530455,0.000000,0.000000,0.000000,0.000000,0.000000,0.371945,0.000000,0.000000,0.000000,0.000000,0.000000,0.000000,0.000000,0.000000,0.000000,0.000000,0.000000,0.421956,0.000000,0.000000,0.000000,0.000000,0.000000,0.000000,0.000000,0.000000,0.000000,0.404779,0.000000,0.000000,0.000000,0.484233,0.000000,0.438180,0.000000,0.000000,0.000000,0.367841,0.000000,0.000000,0.000000
0.000000,0.000000,0.000000,0.000000,0.000000,0.420550,0.000000,0.000000,0.000000,0.000000,0.000000,0.000000,0.000000,0.000000,0.000000,0.000000,0.000000,0.000000,0.000000,0.000000,0.000000,0.407451,0.000000,0.518339,0.000000,0.435808,0.000000,0.394711,0.000000,0.000000,0.000000,0.528431,0.000000,0.000000,0.000000,0.515121,0.000000,0.343698,0.000000,0.000000,0.000000,0.295214,0.000000,0.000000,0.000000,0.000000,0.000000,0.453864,0.000000,0.000000,0.000000,0.000000,0.000000,0.000000,0.000000,0.362232,0.000000,0.000000,0.000000,0.000000,0.000000,0.000000,0.000000,0.000000,0.000000,0.000000,0.000000,0.481735,0.000000,0.000000,0.000000,0.000000,0.000000,0.000000,0.000000,0.000000,0.000000,0.000000,0.000000,0.000000,0.000000,0.000000,0.000000,0.252742,0.000000,0.509096,0.000000,0.395065,0.000000,0.000000
0.000000,0.000000,0.000000,0.000000,0.000000,0.000000,0.000000,0.000000,0.000000,0.000000,0.000000,0.000000,0.000000,0.000000,0.000000,0.000000,0.000000,0.000000,0.000000,0.000000,0.399640,0.000000,0.000000,0.000000,0.000000,0.000000,0.000000,0.000000,0.000000,0.000000,0.000000,0.000000,0.000000,0.000000,0.000000,0.000000,0.404634,0.000000,0.295053,0.000000,0.000000,0.000000,0.514257,0.000000,0.000000,0.000000,0.523610,0.000000,0.000000,0.000000,0.000000,0.000000,0.000000,0.000000,0.000000,0.000000,0.000000,0.000000,0.000000,0.000000,0.000000,0.000000,0.000000,0.000000,0.000000,0.000000,0.000000,0.000000,0.000000,0.000000,0.402912,0.000000,0.000000,0.000000,0.000000,0.000000,0.402940,0.000000,0.000000,0.000000,0.000000,0.000000,0.333760,0.000000,0.000000,0.000000,0.452500,0.000000,0.000000,0.000000
0.000000,0.000000,0.000000,0.000000,0.000000,0.000000,0.000000,0.000000,0.000000,0.000000,0.000000,0.000000,0.000000,0.000000,0.000000,0.000000,0.000000,0.000000,0.000000,0.000000,0.000000,0.000000,0.000000,0.000000,0.000000,0.000000,0.000000,0.000000,0.000000,0.000000,0.000000,0.000000,0.000000,0.000000,0.000000,0.508801,0.000000,0.408780,0.000000,0.295214,0.000000,0.000000,0.000000,0.528139,0.000000,0.000000,0.000000,0.000000,0.000000,0.000000,0.000000,0.000000,0.480718,0.000000,0.000000,0.435317,0.000000,0.000000,0.000000,0.000000,0.000000,0.000000,0.000000,0.000000,0.000000,0.000000,0.000000,0.000000,0.000000,0.000000,0.000000,0.000000,0.000000,0.000000,0.000000,0.000000,0.000000,0.433902,0.000000,0.000000,0.000000,0.000000,0.000000,0.340983,0.000000,0.000000,0.000000,0.361394,0.000000,0.000000
0.000000,0.000000,0.000000,0.000000,0.000000,0.000000,0.000000,0.000000,0.000000,0.000000,0.000000,0.000000,0.000000,0.000000,0.000000,0.000000,0.000000,0.000000,0.000000,0.000000,0.457865,0.000000,0.000000,0.000000,0.000000,0.000000,0.000000,0.000000,0.000000,0.000000,0.000000,0.000000,0.000000,0.000000,0.000000,0.000000,0.500175,0.000000,0.000000,0.000000,0.514257,0.000000,0.000000,0.589003,0.428406,0.540651,0.355494,0.240897,0.395505,0.544297,0.325864,0.000000,0.307938,0.000000,0.415780,0.000000,0.000000,0.000000,0.449342,0.000000,0.000000,0.000000,0.000000,0.000000,0.000000,0.000000,0.388740,0.000000,0.000000,0.000000,0.000000,0.000000,0.000000,0.000000,0.000000,0.000000,0.513949,0.000000,0.000000,0.000000,0.000000,0.000000,0.000000,0.000000,0.000000,0.000000,0.000000,0.000000,0.000000,0.000000
0.000000,0.000000,0.000000,0.000000,0.000000,0.515263,0.000000,0.000000,0.000000,0.502123,0.000000,0.000000,0.000000,0.000000,0.000000,0.482841,0.000000,0.000000,0.000000,0.000000,0.000000,0.000000,0.000000,0.000000,0.000000,0.000000,0.000000,0.000000,0.000000,0.467105,0.000000,0.000000,0.000000,0.000000,0.634834,0.000000,0.000000,0.000000,0.000000,0.000000,0.000000,0.528139,0.589003,0.000000,0.593285,0.397270,0.000000,0.365156,0.586993,0.408280,0.000000,0.372801,0.000000,0.359825,0.000000,0.368278,0.000000,0.000000,0.000000,0.000000,0.000000,0.000000,0.000000,0.000000,0.000000,0.000000,0.590061,0.329837,0.000000,0.000000,0.000000,0.494053,0.000000,0.484233,0.000000,0.555304,0.000000,0.000000,0.000000,0.000000,0.000000,0.485415,0.000000,0.457754,0.000000,0.495261,0.000000,0.479992,0.000000,0.514990
0.000000,0.000000,0.000000,0.000000,0.491986,0.000000,0.000000,0.000000,0.000000,0.000000,0.000000,0.000000,0.000000,0.000000,0.000000,0.000000,0.000000,0.000000,0.000000,0.000000,0.000000,0.000000,0.000000,0.000000,0.000000,0.000000,0.000000,0.000000,0.000000,0.000000,0.495454,0.000000,0.443952,0.000000,0.506437,0.513570,0.522737,0.000000,0.515043,0.000000,0.000000,0.000000,0.428406,0.593285,0.000000,0.458901,0.392285,0.460864,0.348281,0.537070,0.000000,0.000000,0.000000,0.000000,0.000000,0.000000,0.000000,0.000000,0.000000,0.509866,0.000000,0.000000,0.000000,0.000000,0.000000,0.000000,0.448915,0.531450,0.000000,0.000000,0.000000,0.000000,0.482796,0.000000,0.000000,0.000000,0.000000,0.000000,0.000000,0.000000,0.448665,0.000000,0.471854,0.000000,0.000000,0.000000,0.000000,0.000000,0.000000,0.000000
0.000000,0.000000,0.000000,0.000000,0.000000,0.000000,0.000000,0.000000,0.000000,0.488885,0.000000,0.000000,0.000000,0.000000,0.000000,0.493708,0.000000,0.000000,0.000000,0.000000,0.000000,0.000000,0.000000,0.000000,0.000000,0.000000,0.000000,0.000000,0.000000,0.483296,0.000000,0.000000,0.000000,0.000000,0.000000,0.000000,0.000000,0.000000,0.000000,0.000000,0.000000,0.000000,0.540651,0.397270,0.458901,0.000000,0.000000,0.396055,0.540076,0.335648,0.000000,0.285571,0.000000,0.000000,0.000000,0.000000,0.000000,0.000000,0.000000,0.000000,0.000000,0.000000,0.000000,0.000000,0.000000,0.000000,0.569820,0.404545,0.000000,0.000000,0.000000,0.000000,0.000000,0.000000,0.000000,0.000000,0.000000,0.000000,0.000000,0.000000,0.000000,0.516021,0.000000,0.000000,0.000000,0.000000,0.000000,0.000000,0.000000,0.000000
0.000000,0.000000,0.000000,0.000000,0.520970,0.000000,0.000000,0.000000,0.561139,0.000000,0.000000,0.000000,0.000000,0.000000,0.000000,0.000000,0.000000,0.000000,0.000000,0.000000,0.480149,0.000000,0.000000,0.000000,0.000000,0.000000,0.000000,0.000000,0.000000,0.000000,0.000000,0.000000,0.000000,0.000000,0.401151,0.499755,0.464410,0.000000,0.478258,0.000000,0.523610,0.000000,0.355494,0.000000,0.392285,0.000000,0.000000,0.000000,0.415879,0.000000,0.345331,0.000000,0.275133,0.000000,0.335393,0.000000,0.000000,0.000000,0.000000,0.000000,0.000000,0.000000,0.000000,0.000000,0.000000,0.000000,0.307791,0.000000,0.000000,0.000000,0.477482,0.000000,0.000000,0.000000,0.000000,0.000000,0.504262,0.000000,0.000000,0.000000,0.000000,0.000000,0.526023,0.000000,0.000000,0.000000,0.543510,0.000000,0.000000,0.000000
0.000000,0.000000,0.000000,0.000000,0.000000,0.544065,0.000000,0.000000,0.000000,0.519667,0.000000,0.000000,0.000000,0.000000,0.000000,0.509644,0.000000,0.000000,0.000000,0.000000,0.000000,0.000000,0.000000,0.535183,0.000000,0.468926,0.000000,0.531800,0.000000,0.550981,0.000000,0.477357,0.000000,0.000000,0.000000,0.444802,0.000000,0.344603,0.000000,0.453864,0.000000,0.000000,0.240897,0.365156,0.460864,0.396055,0.000000,0.000000,0.000000,0.348340,0.000000,0.000000,0.000000,0.341306,0.000000,0.362848,0.000000,0.000000,0.000000,0.000000,0.000000,0.000000,0.000000,0.000000,0.000000,0.000000,0.000000,0.331156,0.000000,0.000000,0.000000,0.526040,0.000000,0.000000,0.000000,0.000000,0.000000,0.000000,0.000000,0.000000,0.000000,0.486059,0.000000,0.488895,0.000000,0.490015,0.000000,0.464534,0.000000,0.000000
0.000000,0.000000,0.000000,0.000000,0.501348,0.000000,0.000000,0.000000,0.000000,0.000000,0.000000,0.000000,0.000000,0.000000,0.457897,0.000000,0.000000,0.000000,0.000000,0.000000,0.476451,0.000000,0.454012,0.000000,0.000000,0.000000,0.000000,0.000000,0.000000,0.000000,0.000000,0.000000,0.467509,0.000000,0.000000,0.000000,0.000000,0.000000,0.530455,0.000000,0.000000,0.000000,0.395505,0.586993,0.348281,0.540076,0.415879,0.000000,0.000000,0.556202,0.377363,0.000000,0.000000,0.000000,0.432658,0.000000,0.000000,0.000000,0.363451,0.000000,0.270727,0.000000,0.000000,0.000000,0.000000,0.000000,0.432567,0.000000,0.000000,0.000000,0.000000,0.000000,0.469224,0.000000,0.000000,0.000000,0.000000,0.000000,0.000000,0.000000,0.464602,0.000000,0.463142,0.000000,0.000000,0.000000,0.000000,0.000000,0.000000,0.000000
