0.000000,0.458258,0.409937,0.531531,0.000000,0.000000,0.410251,0.000000,0.000000,0.000000,0.408284,0.000000,0.415130,0.000000,0.000000,0.000000,0.281475,0.000000,0.398692,0.529680,0.000000,0.000000,0.000000,0.000000,0.000000,0.000000,0.000000,0.000000,0.000000,0.000000,0.000000,0.000000,0.000000,0.000000,0.000000,0.000000,0.000000,0.000000,0.000000,0.000000,0.000000,0.000000,0.000000,0.000000,0.000000,0.000000,0.000000,0.000000,0.000000,0.000000,0.000000,0.000000,0.000000,0.000000,0.000000,0.000000,0.460993,0.000000,0.432732,0.000000,0.464098,0.000000,0.000000,0.000000,0.457815,0.000000,0.000000,0.000000,0.338199,0.000000,0.000000,0.000000,0.408273,0.000000,0.411505,0.000000,0.418559,0.000000,0.000000,0.000000,0.000000,0.000000,0.000000,0.000000,0.494962,0.000000,0.000000,0.000000,0.492752,0.000000
0.458258,0.000000,0.477499,0.392458,0.000000,0.453779,0.000000,0.440630,0.000000,0.000000,0.000000,0.406269,0.000000,0.405692,0.000000,0.000000,0.000000,0.339838,0.470760,0.372301,0.000000,0.000000,0.000000,0.474336,0.000000,0.000000,0.000000,0.000000,0.000000,0.000000,0.000000,0.000000,0.000000,0.000000,0.000000,0.000000,0.000000,0.000000,0.000000,0.000000,0.000000,0.000000,0.000000,0.000000,0.000000,0.000000,0.000000,0.000000,0.000000,0.000000,0.000000,0.000000,0.000000,0.000000,0.000000,0.000000,0.000000,0.463541,0.000000,0.438693,0.000000,0.471074,0.000000,0.465548,0.000000,0.460112,0.000000,0.000000,0.481367,0.421972,0.000000,0.415583,0.000000,0.417440,0.000000,0.402701,0.000000,0.405885,0.000000,0.000000,0.000000,0.000000,0.000000,0.000000,0.000000,0.000000,0.000000,0.000000,0.000000,0.000000
0.409937,0.477499,0.000000,0.506085,0.295730,0.000000,0.391412,0.000000,0.371355,0.000000,0.000000,0.000000,0.379946,0.000000,0.369959,0.000000,0.000000,0.000000,0.356965,0.000000,0.000000,0.000000,0.335329,0.486954,0.312349,0.558364,0.000000,0.000000,0.000000,0.000000,0.000000,0.000000,0.000000,0.000000,0.000000,0.000000,0.000000,0.000000,0.000000,0.000000,0.000000,0.000000,0.000000,0.000000,0.000000,0.000000,0.000000,0.000000,0.000000,0.000000,0.000000,0.000000,0.000000,0.000000,0.000000,0.000000,0.000000,0.000000,0.000000,0.000000,0.000000,0.000000,0.000000,0.000000,0.000000,0.000000,0.000000,0.000000,0.000000,0.000000,0.366502,0.496433,0.000000,0.000000,0.000000,0.000000,0.394579,0.000000,0.000000,0.000000,0.000000,0.000000,0.000000,0.000000,0.000000,0.000000,0.000000,0.000000,0.000000,0.000000
0.531531,0.392458,0.506085,0.000000,0.000000,0.280666,0.000000,0.407240,0.535040,0.412480,0.478967,0.000000,0.000000,0.000000,0.000000,0.395296,0.000000,0.000000,0.531642,0.335817,0.000000,0.000000,0.506905,0.343772,0.000000,0.000000,0.000000,0.000000,0.000000,0.000000,0.000000,0.353436,0.000000,0.000000,0.000000,0.000000,0.000000,0.000000,0.000000,0.000000,0.000000,0.000000,0.000000,0.000000,0.000000,0.000000,0.000000,0.000000,0.000000,0.000000,0.000000,0.000000,0.000000,0.000000,0.000000,0.000000,0.000000,0.484773,0.000000,0.000000,0.000000,0.000000,0.000000,0.000000,0.000000,0.000000,0.000000,0.000000,0.000000,0.000000,0.502330,0.000000,0.513256,0.395458,0.471120,0.414172,0.000000,0.397234,0.000000,0.000000,0.000000,0.000000,0.000000,0.000000,0.000000,0.000000,0.000000,0.000000,0.000000,0.000000
0.000000,0.000000,0.295730,0.000000,0.000000,0.578121,0.000000,0.000000,0.308440,0.000000,0.000000,0.000000,0.000000,0.000000,0.337798,0.000000,0.000000,0.000000,0.000000,0.000000,0.245394,0.000000,0.316615,0.530383,0.326652,0.535377,0.319952,0.408756,0.364701,0.000000,0.000000,0.449004,0.000000,0.000000,0.000000,0.000000,0.000000,0.546260,0.000000,0.000000,0.000000,0.000000,0.482934,0.000000,0.000000,0.000000,0.481132,0.000000,0.440491,0.000000,0.000000,0.000000,0.483319,0.000000,0.000000,0.000000,0.000000,0.000000,0.000000,0.000000,0.000000,0.000000,0.000000,0.000000,0.000000,0.000000,0.407130,0.000000,0.000000,0.000000,0.359912,0.000000,0.370691,0.574308,0.361874,0.000000,0.358438,0.000000,0.000000,0.000000,0.000000,0.000000,0.464205,0.000000,0.000000,0.000000,0.413535,0.000000,0.000000,0.000000
0.000000,0.453779,0.000000,0.280666,0.578121,0.000000,0.000000,0.000000,0.000000,0.365352,0.000000,0.000000,0.000000,0.000000,0.000000,0.374695,0.000000,0.000000,0.000000,0.000000,0.000000,0.275095,0.558357,0.000000,0.542548,0.324880,0.549863,0.377022,0.000000,0.392907,0.425917,0.413308,0.000000,0.000000,0.000000,0.000000,0.000000,0.000000,0.000000,0.000000,0.406903,0.000000,0.000000,0.000000,0.000000,0.000000,0.000000,0.000000,0.000000,0.000000,0.000000,0.000000,0.000000,0.000000,0.000000,0.000000,0.000000,0.468670,0.000000,0.000000,0.000000,0.000000,0.000000,0.000000,0.000000,0.000000,0.000000,0.000000,0.000000,0.000000,0.000000,0.378583,0.000000,0.389119,0.000000,0.396264,0.000000,0.445307,0.000000,0.000000,0.000000,0.000000,0.000000,0.449895,0.000000,0.452959,0.000000,0.460883,0.000000,0.000000
0.410251,0.000000,0.391412,0.000000,0.000000,0.000000,0.000000,0.000000,0.383120,0.000000,0.408486,0.000000,0.380161,0.000000,0.000000,0.000000,0.000000,0.000000,0.000000,0.000000,0.000000,0.000000,0.000000,0.000000,0.000000,0.000000,0.000000,0.000000,0.000000,0.000000,0.000000,0.000000,0.000000,0.000000,0.000000,0.000000,0.000000,0.000000,0.000000,0.000000,0.000000,0.000000,0.000000,0.000000,0.000000,0.000000,0.000000,0.000000,0.000000,0.000000,0.000000,0.000000,0.000000,0.000000,0.000000,0.000000,0.431402,0.000000,0.422080,0.000000,0.000000,0.000000,0.000000,0.000000,0.000000,0.000000,0.000000,0.000000,0.000000,0.000000,0.000000,0.000000,0.000000,0.000000,0.000000,0.000000,0.000000,0.000000,0.000000,0.000000,0.000000,0.000000,0.000000,0.000000,0.000000,0.000000,0.000000,0.000000,0.000000,0.000000
0.000000,0.440630,0.000000,0.407240,0.000000,0.000000,0.000000,0.000000,0.000000,0.375740,0.000000,0.403731,0.000000,0.355947,0.000000,0.000000,0.000000,0.000000,0.000000,0.000000,0.000000,0.000000,0.474567,0.000000,0.000000,0.000000,0.000000,0.000000,0.000000,0.000000,0.000000,0.000000,0.000000,0.000000,0.000000,0.000000,0.000000,0.000000,0.000000,0.000000,0.000000,0.000000,0.000000,0.000000,0.000000,0.000000,0.000000,0.000000,0.000000,0.000000,0.000000,0.000000,0.000000,0.000000,0.000000,0.000000,0.000000,0.455771,0.000000,0.000000,0.000000,0.000000,0.000000,0.000000,0.000000,0.000000,0.000000,0.000000,0.000000,0.000000,0.000000,0.000000,0.000000,0.000000,0.000000,0.000000,0.000000,0.000000,0.000000,0.000000,0.000000,0.000000,0.000000,0.000000,0.000000,0.000000,0.000000,0.000000,0.000000,0.000000
0.000000,0.000000,0.371355,0.535040,0.308440,0.000000,0.383120,0.000000,0.000000,0.000000,0.000000,0.000000,0.000000,0.000000,0.332693,0.536849,0.416882,0.000000,0.000000,0.000000,0.000000,0.000000,0.000000,0.000000,0.000000,0.000000,0.000000,0.000000,0.000000,0.000000,0.000000,0.000000,0.000000,0.000000,0.000000,0.000000,0.000000,0.569932,0.000000,0.000000,0.000000,0.520427,0.502211,0.000000,0.000000,0.000000,0.501489,0.000000,0.450465,0.000000,0.455484,0.000000,0.487656,0.000000,0.000000,0.000000,0.000000,0.000000,0.434710,0.000000,0.000000,0.000000,0.408751,0.000000,0.000000,0.000000,0.438470,0.000000,0.000000,0.000000,0.000000,0.000000,0.378919,0.558543,0.372973,0.000000,0.413282,0.000000,0.000000,0.000000,0.424981,0.000000,0.437419,0.000000,0.442354,0.513960,0.000000,0.000000,0.000000,0.000000
0.000000,0.000000,0.000000,0.412480,0.000000,0.365352,0.000000,0.375740,0.000000,0.000000,0.000000,0.000000,0.000000,0.305132,0.000000,0.345040,0.000000,0.000000,0.000000,0.000000,0.000000,0.000000,0.000000,0.000000,0.000000,0.000000,0.000000,0.000000,0.000000,0.388578,0.000000,0.000000,0.000000,0.000000,0.000000,0.000000,0.000000,0.000000,0.000000,0.000000,0.000000,0.000000,0.000000,0.000000,0.000000,0.000000,0.000000,0.000000,0.000000,0.000000,0.000000,0.000000,0.000000,0.000000,0.000000,0.000000,0.000000,0.000000,0.000000,0.000000,0.000000,0.000000,0.000000,0.000000,0.000000,0.000000,0.000000,0.000000,0.000000,0.000000,0.000000,0.000000,0.000000,0.383140,0.000000,0.000000,0.000000,0.000000,0.000000,0.000000,0.000000,0.000000,0.000000,0.446346,0.000000,0.000000,0.000000,0.432878,0.000000,0.000000
0.408284,0.000000,0.000000,0.478967,0.000000,0.000000,0.408486,0.000000,0.000000,0.000000,0.000000,0.000000,0.395910,0.000000,0.000000,0.000000,0.361166,0.000000,0.420243,0.491639,0.000000,0.000000,0.409589,0.000000,0.000000,0.000000,0.000000,0.000000,0.355819,0.000000,0.000000,0.000000,0.000000,0.000000,0.000000,0.000000,0.000000,0.000000,0.000000,0.000000,0.000000,0.000000,0.000000,0.000000,0.000000,0.000000,0.000000,0.000000,0.000000,0.000000,0.000000,0.000000,0.000000,0.000000,0.000000,0.000000,0.410857,0.000000,0.000000,0.000000,0.000000,0.000000,0.000000,0.000000,0.000000,0.000000,0.000000,0.000000,0.000000,0.000000,0.000000,0.000000,0.411241,0.000000,0.000000,0.000000,0.000000,0.000000,0.000000,0.000000,0.000000,0.000000,0.000000,0.000000,0.000000,0.000000,0.000000,0.000000,0.000000,0.000000
0.000000,0.406269,0.000000,0.000000,0.000000,0.000000,0.000000,0.403731,0.000000,0.000000,0.000000,0.000000,0.000000,0.370083,0.000000,0.000000,0.000000,0.370898,0.000000,0.000000,0.000000,0.000000,0.472335,0.000000,0.000000,0.000000,0.000000,0.000000,0.000000,0.362850,0.000000,0.000000,0.000000,0.000000,0.000000,0.000000,0.000000,0.000000,0.000000,0.000000,0.000000,0.000000,0.000000,0.000000,0.000000,0.000000,0.000000,0.000000,0.000000,0.000000,0.000000,0.000000,0.000000,0.000000,0.000000,0.000000,0.000000,0.000000,0.000000,0.000000,0.000000,0.000000,0.000000,0.000000,0.000000,0.000000,0.000000,0.000000,0.000000,0.000000,0.000000,0.000000,0.000000,0.375041,0.000000,0.000000,0.000000,0.000000,0.000000,0.000000,0.000000,0.000000,0.000000,0.361075,0.000000,0.000000,0.000000,0.000000,0.000000,0.000000
0.415130,0.000000,0.379946,0.000000,0.000000,0.000000,0.380161,0.000000,0.000000,0.000000,0.395910,0.000000,0.000000,0.000000,0.297655,0.000000,0.000000,0.000000,0.000000,0.000000,0.000000,0.000000,0.380680,0.000000,0.000000,0.000000,0.000000,0.000000,0.391162,0.000000,0.000000,0.000000,0.000000,0.000000,0.000000,0.000000,0.000000,0.000000,0.000000,0.000000,0.000000,0.000000,0.490093,0.000000,0.000000,0.000000,0.492475,0.000000,0.436949,0.000000,0.457822,0.000000,0.499834,0.000000,0.000000,0.000000,0.000000,0.000000,0.000000,0.000000,0.000000,0.000000,0.000000,0.000000,0.000000,0.000000,0.000000,0.000000,0.000000,0.000000,0.000000,0.000000,0.417323,0.000000,0.000000,0.000000,0.000000,0.000000,0.000000,0.000000,0.442706,0.000000,0.000000,0.000000,0.000000,0.000000,0.000000,0.000000,0.443126,0.000000
0.000000,0.405692,0.000000,0.000000,0.000000,0.000000,0.000000,0.355947,0.000000,0.305132,0.000000,0.370083,0.000000,0.000000,0.000000,0.286540,0.000000,0.000000,0.000000,0.000000,0.000000,0.000000,0.485329,0.000000,0.000000,0.000000,0.000000,0.000000,0.000000,0.361782,0.000000,0.000000,0.000000,0.000000,0.000000,0.000000,0.000000,0.000000,0.000000,0.000000,0.000000,0.000000,0.000000,0.512385,0.000000,0.463352,0.000000,0.532593,0.000000,0.000000,0.000000,0.462862,0.000000,0.000000,0.000000,0.000000,0.000000,0.000000,0.000000,0.000000,0.000000,0.000000,0.000000,0.000000,0.000000,0.000000,0.000000,0.000000,0.000000,0.000000,0.000000,0.000000,0.000000,0.376723,0.000000,0.000000,0.000000,0.000000,0.000000,0.000000,0.000000,0.000000,0.000000,0.000000,0.000000,0.000000,0.000000,0.000000,0.000000,0.454123
0.000000,0.000000,0.369959,0.000000,0.337798,0.000000,0.000000,0.000000,0.332693,0.000000,0.000000,0.000000,0.297655,0.000000,0.000000,0.000000,0.000000,0.000000,0.000000,0.000000,0.237460,0.000000,0.000000,0.000000,0.000000,0.000000,0.352404,0.000000,0.363916,0.000000,0.000000,0.000000,0.000000,0.000000,0.000000,0.000000,0.000000,0.000000,0.307063,0.000000,0.000000,0.000000,0.000000,0.000000,0.000000,0.000000,0.499545,0.000000,0.448642,0.000000,0.456367,0.000000,0.499617,0.000000,0.496044,0.000000,0.000000,0.000000,0.000000,0.522575,0.000000,0.000000,0.000000,0.000000,0.000000,0.000000,0.431767,0.000000,0.000000,0.000000,0.000000,0.000000,0.384750,0.568680,0.364149,0.000000,0.442613,0.000000,0.000000,0.000000,0.441856,0.000000,0.427112,0.000000,0.451646,0.000000,0.000000,0.000000,0.000000,0.000000
0.000000,0.000000,0.000000,0.395296,0.000000,0.374695,0.000000,0.000000,0.536849,0.345040,0.000000,0.000000,0.000000,0.286540,0.000000,0.000000,0.000000,0.000000,0.000000,0.000000,0.000000,0.265310,0.000000,0.000000,0.000000,0.000000,0.000000,0.367515,0.000000,0.358507,0.000000,0.000000,0.000000,0.000000,0.000000,0.000000,0.000000,0.000000,0.000000,0.000000,0.000000,0.000000,0.000000,0.527843,0.000000,0.457987,0.000000,0.532997,0.000000,0.466038,0.000000,0.469454,0.000000,0.476784,0.000000,0.000000,0.000000,0.000000,0.000000,0.000000,0.000000,0.000000,0.000000,0.000000,0.000000,0.000000,0.000000,0.000000,0.000000,0.000000,0.000000,0.000000,0.000000,0.426696,0.000000,0.000000,0.000000,0.000000,0.000000,0.000000,0.000000,0.000000,0.000000,0.442954,0.000000,0.000000,0.000000,0.439695,0.000000,0.000000
0.281475,0.000000,0.000000,0.000000,0.000000,0.000000,0.000000,0.000000,0.416882,0.000000,0.361166,0.000000,0.000000,0.000000,0.000000,0.000000,0.000000,0.000000,0.405640,0.000000,0.000000,0.000000,0.000000,0.000000,0.000000,0.000000,0.000000,0.000000,0.365218,0.000000,0.000000,0.000000,0.000000,0.000000,0.000000,0.000000,0.000000,0.000000,0.000000,0.000000,0.000000,0.000000,0.000000,0.000000,0.000000,0.000000,0.000000,0.000000,0.000000,0.000000,0.000000,0.000000,0.000000,0.000000,0.000000,0.000000,0.337438,0.000000,0.000000,0.000000,0.000000,0.000000,0.390522,0.000000,0.000000,0.000000,0.000000,0.000000,0.000000,0.000000,0.000000,0.000000,0.442368,0.000000,0.000000,0.000000,0.000000,0.000000,0.324968,0.000000,0.370643,0.000000,0.386337,0.000000,0.434454,0.000000,0.000000,0.000000,0.441479,0.000000
0.000000,0.339838,0.000000,0.000000,0.000000,0.000000,0.000000,0.000000,0.000000,0.000000,0.000000,0.370898,0.000000,0.000000,0.000000,0.000000,0.000000,0.000000,0.000000,0.000000,0.000000,0.000000,0.460248,0.000000,0.000000,0.000000,0.000000,0.000000,0.000000,0.364145,0.000000,0.000000,0.000000,0.000000,0.000000,0.000000,0.000000,0.000000,0.000000,0.000000,0.000000,0.000000,0.000000,0.000000,0.000000,0.000000,0.000000,0.000000,0.000000,0.000000,0.000000,0.000000,0.000000,0.000000,0.000000,0.000000,0.000000,0.385432,0.000000,0.000000,0.000000,0.000000,0.000000,0.408937,0.000000,0.000000,0.000000,0.000000,0.000000,0.000000,0.000000,0.000000,0.000000,0.364957,0.000000,0.000000,0.000000,0.000000,0.000000,0.000000,0.000000,0.342712,0.000000,0.429627,0.000000,0.000000,0.000000,0.000000,0.000000,0.000000
0.398692,0.470760,0.356965,0.531642,0.000000,0.000000,0.000000,0.000000,0.000000,0.000000,0.420243,0.000000,0.000000,0.000000,0.000000,0.000000,0.405640,0.000000,0.000000,0.550670,0.000000,0.000000,0.335399,0.542210,0.000000,0.000000,0.000000,0.000000,0.000000,0.000000,0.427207,0.499885,0.374546,0.537969,0.000000,0.000000,0.000000,0.000000,0.000000,0.000000,0.000000,0.000000,0.000000,0.000000,0.000000,0.000000,0.000000,0.000000,0.000000,0.000000,0.000000,0.000000,0.000000,0.000000,0.000000,0.000000,0.000000,0.000000,0.000000,0.000000,0.000000,0.000000,0.000000,0.000000,0.000000,0.000000,0.000000,0.000000,0.366502,0.000000,0.000000,0.000000,0.403006,0.000000,0.418086,0.000000,0.000000,0.000000,0.000000,0.000000,0.000000,0.000000,0.000000,0.000000,0.000000,0.000000,0.000000,0.000000,0.000000,0.000000
0.529680,0.372301,0.000000,0.335817,0.000000,0.000000,0.000000,0.000000,0.000000,0.000000,0.491639,0.000000,0.000000,0.000000,0.000000,0.000000,0.000000,0.000000,0.550670,0.000000,0.000000,0.000000,0.000000,0.307227,0.000000,0.000000,0.000000,0.000000,0.000000,0.000000,0.000000,0.000000,0.483298,0.361614,0.000000,0.000000,0.000000,0.000000,0.000000,0.000000,0.000000,0.000000,0.000000,0.000000,0.000000,0.000000,0.000000,0.000000,0.000000,0.000000,0.000000,0.000000,0.000000,0.000000,0.000000,0.000000,0.000000,0.000000,0.000000,0.000000,0.000000,0.000000,0.000000,0.000000,0.000000,0.000000,0.000000,0.000000,0.536524,0.356826,0.000000,0.000000,0.521304,0.000000,0.000000,0.000000,0.000000,0.000000,0.000000,0.000000,0.000000,0.000000,0.000000,0.000000,0.000000,0.000000,0.000000,0.000000,0.000000,0.000000
0.000000,0.000000,0.000000,0.000000,0.245394,0.000000,0.000000,0.000000,0.000000,0.000000,0.000000,0.000000,0.000000,0.000000,0.237460,0.000000,0.000000,0.000000,0.000000,0.000000,0.000000,0.542948,0.000000,0.000000,0.278273,0.291026,0.277976,0.000000,0.305721,0.000000,0.343886,0.444971,0.000000,0.000000,0.000000,0.000000,0.000000,0.561848,0.000000,0.000000,0.392825,0.515238,0.481595,0.000000,0.000000,0.000000,0.000000,0.000000,0.447163,0.000000,0.442808,0.000000,0.461725,0.000000,0.000000,0.000000,0.000000,0.000000,0.000000,0.000000,0.000000,0.000000,0.000000,0.000000,0.000000,0.000000,0.000000,0.000000,0.000000,0.000000,0.274129,0.000000,0.000000,0.000000,0.000000,0.000000,0.000000,0.000000,0.000000,0.000000,0.000000,0.000000,0.398676,0.000000,0.000000,0.000000,0.000000,0.000000,0.000000,0.000000
0.000000,0.000000,0.000000,0.000000,0.000000,0.275095,0.000000,0.000000,0.000000,0.000000,0.000000,0.000000,0.000000,0.000000,0.000000,0.265310,0.000000,0.000000,0.000000,0.000000,0.542948,0.000000,0.000000,0.000000,0.000000,0.290219,0.459354,0.273702,0.000000,0.299988,0.492850,0.334855,0.000000,0.000000,0.000000,0.000000,0.000000,0.000000,0.000000,0.000000,0.000000,0.000000,0.000000,0.000000,0.000000,0.000000,0.000000,0.000000,0.000000,0.000000,0.000000,0.000000,0.000000,0.000000,0.000000,0.000000,0.000000,0.000000,0.000000,0.000000,0.000000,0.000000,0.000000,0.000000,0.000000,0.000000,0.000000,0.000000,0.000000,0.000000,0.000000,0.281812,0.000000,0.000000,0.000000,0.000000,0.000000,0.000000,0.000000,0.000000,0.000000,0.000000,0.000000,0.000000,0.000000,0.000000,0.000000,0.000000,0.000000,0.000000
0.000000,0.000000,0.335329,0.506905,0.316615,0.558357,0.000000,0.474567,0.000000,0.000000,0.409589,0.472335,0.380680,0.485329,0.000000,0.000000,0.000000,0.460248,0.335399,0.000000,0.000000,0.000000,0.000000,0.515738,0.377620,0.529852,0.564677,0.000000,0.375731,0.450368,0.326216,0.509514,0.402549,0.518365,0.000000,0.000000,0.000000,0.000000,0.000000,0.000000,0.000000,0.000000,0.000000,0.000000,0.415723,0.555732,0.000000,0.000000,0.416327,0.510118,0.000000,0.000000,0.000000,0.000000,0.000000,0.000000,0.000000,0.000000,0.384640,0.493293,0.000000,0.000000,0.000000,0.430824,0.000000,0.000000,0.375259,0.482378,0.000000,0.000000,0.481014,0.463575,0.387593,0.000000,0.406485,0.000000,0.400469,0.507982,0.000000,0.000000,0.000000,0.000000,0.000000,0.000000,0.000000,0.000000,0.000000,0.000000,0.000000,0.000000
0.000000,0.474336,0.486954,0.343772,0.530383,0.000000,0.000000,0.000000,0.000000,0.000000,0.000000,0.000000,0.000000,0.000000,0.000000,0.000000,0.000000,0.000000,0.542210,0.307227,0.000000,0.000000,0.515738,0.000000,0.492871,0.311000,0.000000,0.000000,0.000000,0.000000,0.450419,0.354018,0.490627,0.379920,0.000000,0.510903,0.517511,0.384847,0.000000,0.000000,0.000000,0.000000,0.000000,0.000000,0.000000,0.000000,0.000000,0.000000,0.000000,0.000000,0.000000,0.000000,0.000000,0.000000,0.000000,0.000000,0.000000,0.000000,0.000000,0.000000,0.000000,0.000000,0.000000,0.000000,0.000000,0.000000,0.000000,0.482608,0.000000,0.000000,0.000000,0.408304,0.000000,0.392401,0.000000,0.401821,0.000000,0.409650,0.000000,0.000000,0.000000,0.000000,0.000000,0.000000,0.000000,0.000000,0.000000,0.000000,0.000000,0.000000
0.000000,0.000000,0.312349,0.000000,0.326652,0.542548,0.000000,0.000000,0.000000,0.000000,0.000000,0.000000,0.000000,0.000000,0.000000,0.000000,0.000000,0.000000,0.000000,0.000000,0.278273,0.000000,0.377620,0.492871,0.000000,0.505076,0.384226,0.485901,0.000000,0.000000,0.364239,0.458784,0.000000,0.000000,0.000000,0.000000,0.000000,0.000000,0.000000,0.000000,0.000000,0.000000,0.000000,0.000000,0.000000,0.000000,0.000000,0.000000,0.000000,0.000000,0.000000,0.000000,0.000000,0.000000,0.000000,0.000000,0.000000,0.000000,0.000000,0.000000,0.000000,0.000000,0.000000,0.000000,0.000000,0.000000,0.000000,0.000000,0.000000,0.000000,0.364584,0.000000,0.410637,0.000000,0.375733,0.000000,0.399183,0.512155,0.000000,0.000000,0.000000,0.000000,0.000000,0.000000,0.000000,0.000000,0.000000,0.000000,0.000000,0.000000
0.000000,0.000000,0.558364,0.000000,0.535377,0.324880,0.000000,0.000000,0.000000,0.000000,0.000000,0.000000,0.000000,0.000000,0.000000,0.000000,0.000000,0.000000,0.000000,0.000000,0.291026,0.290219,0.529852,0.311000,0.505076,0.000000,0.460089,0.295566,0.000000,0.000000,0.374664,0.348433,0.000000,0.000000,0.000000,0.000000,0.000000,0.000000,0.000000,0.000000,0.000000,0.000000,0.000000,0.000000,0.000000,0.000000,0.000000,0.000000,0.000000,0.000000,0.000000,0.000000,0.000000,0.000000,0.000000,0.000000,0.000000,0.454481,0.000000,0.000000,0.000000,0.000000,0.000000,0.000000,0.000000,0.000000,0.000000,0.000000,0.000000,0.000000,0.000000,0.374765,0.000000,0.391692,0.000000,0.386221,0.000000,0.417851,0.000000,0.000000,0.000000,0.000000,0.000000,0.000000,0.000000,0.000000,0.000000,0.447147,0.000000,0.000000
0.000000,0.000000,0.000000,0.000000,0.319952,0.549863,0.000000,0.000000,0.000000,0.000000,0.000000,0.000000,0.000000,0.000000,0.352404,0.000000,0.000000,0.000000,0.000000,0.000000,0.277976,0.459354,0.564677,0.000000,0.384226,0.460089,0.000000,0.460502,0.392125,0.000000,0.364946,0.000000,0.000000,0.000000,0.000000,0.000000,0.000000,0.576972,0.000000,0.000000,0.000000,0.000000,0.471371,0.000000,0.000000,0.000000,0.465166,0.000000,0.000000,0.000000,0.000000,0.000000,0.000000,0.000000,0.452701,0.000000,0.000000,0.000000,0.000000,0.000000,0.000000,0.000000,0.000000,0.000000,0.000000,0.000000,0.000000,0.000000,0.000000,0.000000,0.296105,0.000000,0.389017,0.567110,0.000000,0.000000,0.000000,0.551745,0.000000,0.000000,0.000000,0.000000,0.421209,0.000000,0.000000,0.000000,0.000000,0.000000,0.000000,0.000000
0.000000,0.000000,0.000000,0.000000,0.408756,0.377022,0.000000,0.000000,0.000000,0.000000,0.000000,0.000000,0.000000,0.000000,0.000000,0.367515,0.000000,0.000000,0.000000,0.000000,0.000000,0.273702,0.000000,0.000000,0.485901,0.295566,0.460502,0.000000,0.000000,0.370361,0.000000,0.395775,0.000000,0.000000,0.000000,0.000000,0.000000,0.000000,0.000000,0.000000,0.000000,0.000000,0.000000,0.000000,0.000000,0.000000,0.000000,0.000000,0.000000,0.000000,0.000000,0.000000,0.000000,0.000000,0.000000,0.000000,0.000000,0.000000,0.000000,0.000000,0.000000,0.000000,0.000000,0.000000,0.000000,0.000000,0.000000,0.000000,0.000000,0.000000,0.000000,0.263692,0.000000,0.321145,0.000000,0.000000,0.000000,0.000000,0.000000,0.000000,0.000000,0.000000,0.000000,0.387721,0.000000,0.000000,0.000000,0.000000,0.000000,0.000000
0.000000,0.000000,0.000000,0.000000,0.364701,0.000000,0.000000,0.000000,0.000000,0.000000,0.355819,0.000000,0.391162,0.000000,0.363916,0.000000,0.365218,0.000000,0.000000,0.000000,0.305721,0.000000,0.375731,0.000000,0.000000,0.000000,0.392125,0.000000,0.000000,0.000000,0.000000,0.000000,0.000000,0.000000,0.000000,0.000000,0.000000,0.000000,0.000000,0.000000,0.000000,0.000000,0.000000,0.000000,0.000000,0.000000,0.000000,0.000000,0.000000,0.000000,0.455436,0.000000,0.000000,0.000000,0.000000,0.000000,0.351839,0.000000,0.000000,0.000000,0.000000,0.000000,0.414816,0.000000,0.000000,0.000000,0.000000,0.000000,0.000000,0.000000,0.000000,0.000000,0.381730,0.000000,0.000000,0.000000,0.000000,0.000000,0.000000,0.000000,0.371012,0.000000,0.371695,0.000000,0.000000,0.000000,0.000000,0.000000,0.453032,0.000000
0.000000,0.000000,0.000000,0.000000,0.000000,0.392907,0.000000,0.000000,0.000000,0.388578,0.000000,0.362850,0.000000,0.361782,0.000000,0.358507,0.000000,0.364145,0.000000,0.000000,0.000000,0.299988,0.450368,0.000000,0.000000,0.000000,0.000000,0.370361,0.000000,0.000000,0.000000,0.000000,0.000000,0.000000,0.000000,0.000000,0.000000,0.000000,0.000000,0.000000,0.000000,0.000000,0.000000,0.521337,0.000000,0.499643,0.000000,0.509461,0.000000,0.486132,0.000000,0.463871,0.000000,0.000000,0.000000,0.000000,0.000000,0.000000,0.000000,0.450989,0.000000,0.000000,0.000000,0.383849,0.000000,0.000000,0.000000,0.000000,0.000000,0.000000,0.000000,0.294708,0.000000,0.331416,0.000000,0.000000,0.000000,0.000000,0.000000,0.333701,0.000000,0.384586,0.000000,0.387615,0.000000,0.000000,0.000000,0.430736,0.000000,0.467368
0.000000,0.000000,0.000000,0.000000,0.000000,0.425917,0.000000,0.000000,0.000000,0.000000,0.000000,0.000000,0.000000,0.000000,0.000000,0.000000,0.000000,0.000000,0.427207,0.000000,0.343886,0.492850,0.326216,0.450419,0.364239,0.374664,0.364946,0.000000,0.000000,0.000000,0.000000,0.454703,0.477773,0.000000,0.495885,0.000000,0.000000,0.000000,0.000000,0.000000,0.000000,0.000000,0.000000,0.000000,0.000000,0.000000,0.000000,0.000000,0.000000,0.000000,0.000000,0.000000,0.000000,0.000000,0.000000,0.000000,0.000000,0.000000,0.000000,0.000000,0.000000,0.000000,0.000000,0.000000,0.000000,0.000000,0.493705,0.000000,0.000000,0.000000,0.300293,0.000000,0.000000,0.000000,0.000000,0.000000,0.000000,0.000000,0.000000,0.000000,0.000000,0.000000,0.000000,0.000000,0.000000,0.000000,0.000000,0.000000,0.000000,0.000000
0.000000,0.000000,0.000000,0.353436,0.449004,0.413308,0.000000,0.000000,0.000000,0.000000,0.000000,0.000000,0.000000,0.000000,0.000000,0.000000,0.000000,0.000000,0.499885,0.000000,0.444971,0.334855,0.509514,0.354018,0.458784,0.348433,0.000000,0.395775,0.000000,0.000000,0.454703,0.000000,0.470880,0.426325,0.000000,0.543585,0.000000,0.000000,0.000000,0.000000,0.000000,0.000000,0.000000,0.000000,0.000000,0.000000,0.000000,0.000000,0.000000,0.000000,0.000000,0.000000,0.000000,0.000000,0.000000,0.000000,0.000000,0.000000,0.000000,0.000000,0.000000,0.000000,0.000000,0.000000,0.000000,0.000000,0.000000,0.478569,0.000000,0.000000,0.000000,0.000000,0.000000,0.000000,0.000000,0.000000,0.000000,0.000000,0.000000,0.000000,0.000000,0.000000,0.000000,0.000000,0.000000,0.000000,0.000000,0.000000,0.000000,0.000000
0.000000,0.000000,0.000000,0.000000,0.000000,0.000000,0.000000,0.000000,0.000000,0.000000,0.000000,0.000000,0.000000,0.000000,0.000000,0.000000,0.000000,0.000000,0.374546,0.483298,0.000000,0.000000,0.402549,0.490627,0.000000,0.000000,0.000000,0.000000,0.000000,0.000000,0.477773,0.470880,0.000000,0.467434,0.441659,0.000000,0.000000,0.000000,0.000000,0.000000,0.000000,0.000000,0.000000,0.000000,0.000000,0.000000,0.000000,0.000000,0.000000,0.000000,0.000000,0.000000,0.000000,0.000000,0.000000,0.000000,0.000000,0.000000,0.000000,0.000000,0.000000,0.000000,0.000000,0.000000,0.000000,0.000000,0.407027,0.440309,0.365466,0.418508,0.000000,0.000000,0.000000,0.000000,0.000000,0.000000,0.000000,0.000000,0.000000,0.000000,0.000000,0.000000,0.000000,0.000000,0.000000,0.000000,0.000000,0.000000,0.000000,0.000000
0.000000,0.000000,0.000000,0.000000,0.000000,0.000000,0.000000,0.000000,0.000000,0.000000,0.000000,0.000000,0.000000,0.000000,0.000000,0.000000,0.000000,0.000000,0.537969,0.361614,0.000000,0.000000,0.518365,0.379920,0.000000,0.000000,0.000000,0.000000,0.000000,0.000000,0.000000,0.426325,0.467434,0.000000,0.365117,0.478013,0.000000,0.000000,0.000000,0.000000,0.000000,0.000000,0.000000,0.000000,0.477064,0.000000,0.000000,0.000000,0.514099,0.000000,0.000000,0.000000,0.000000,0.000000,0.000000,0.000000,0.000000,0.415035,0.000000,0.000000,0.000000,0.000000,0.000000,0.000000,0.000000,0.000000,0.451784,0.429758,0.000000,0.380666,0.000000,0.000000,0.000000,0.000000,0.000000,0.000000,0.000000,0.000000,0.000000,0.000000,0.000000,0.000000,0.000000,0.000000,0.000000,0.000000,0.000000,0.000000,0.000000,0.000000
0.000000,0.000000,0.000000,0.000000,0.000000,0.000000,0.000000,0.000000,0.000000,0.000000,0.000000,0.000000,0.000000,0.000000,0.000000,0.000000,0.000000,0.000000,0.000000,0.000000,0.000000,0.000000,0.000000,0.000000,0.000000,0.000000,0.000000,0.000000,0.000000,0.000000,0.495885,0.000000,0.441659,0.365117,0.000000,0.323879,0.422192,0.000000,0.420768,0.000000,0.000000,0.000000,0.266336,0.000000,0.520940,0.508929,0.000000,0.000000,0.544897,0.000000,0.000000,0.000000,0.000000,0.000000,0.000000,0.000000,0.000000,0.000000,0.000000,0.000000,0.000000,0.000000,0.000000,0.000000,0.000000,0.000000,0.463303,0.515337,0.000000,0.000000,0.000000,0.000000,0.000000,0.000000,0.000000,0.000000,0.000000,0.000000,0.000000,0.000000,0.000000,0.000000,0.000000,0.000000,0.000000,0.000000,0.000000,0.000000,0.000000,0.000000
0.000000,0.000000,0.000000,0.000000,0.000000,0.000000,0.000000,0.000000,0.000000,0.000000,0.000000,0.000000,0.000000,0.000000,0.000000,0.000000,0.000000,0.000000,0.000000,0.000000,0.000000,0.000000,0.000000,0.510903,0.000000,0.000000,0.000000,0.000000,0.000000,0.000000,0.000000,0.543585,0.000000,0.478013,0.323879,0.000000,0.000000,0.305838,0.000000,0.473662,0.000000,0.000000,0.000000,0.503591,0.576583,0.502309,0.000000,0.325569,0.530661,0.000000,0.000000,0.000000,0.000000,0.000000,0.000000,0.000000,0.000000,0.000000,0.527011,0.000000,0.000000,0.000000,0.000000,0.000000,0.000000,0.000000,0.487570,0.489971,0.000000,0.000000,0.000000,0.000000,0.000000,0.000000,0.000000,0.000000,0.000000,0.000000,0.000000,0.000000,0.000000,0.000000,0.000000,0.000000,0.000000,0.000000,0.000000,0.000000,0.000000,0.000000
0.000000,0.000000,0.000000,0.000000,0.000000,0.000000,0.000000,0.000000,0.000000,0.000000,0.000000,0.000000,0.000000,0.000000,0.000000,0.000000,0.000000,0.000000,0.000000,0.000000,0.000000,0.000000,0.000000,0.517511,0.000000,0.000000,0.000000,0.000000,0.000000,0.000000,0.000000,0.000000,0.000000,0.000000,0.422192,0.000000,0.000000,0.568688,0.400599,0.483190,0.422780,0.573857,0.529233,0.000000,0.506444,0.632644,0.509424,0.000000,0.455733,0.695265,0.000000,0.000000,0.527802,0.000000,0.416683,0.000000,0.000000,0.000000,0.000000,0.000000,0.000000,0.000000,0.000000,0.000000,0.000000,0.000000,0.463772,0.555539,0.000000,0.000000,0.000000,0.000000,0.000000,0.000000,0.000000,0.000000,0.464484,0.574726,0.000000,0.000000,0.000000,0.000000,0.455294,0.000000,0.000000,0.000000,0.453206,0.000000,0.406418,0.000000
0.000000,0.000000,0.000000,0.000000,0.546260,0.000000,0.000000,0.000000,0.569932,0.000000,0.000000,0.000000,0.000000,0.000000,0.000000,0.000000,0.000000,0.000000,0.000000,0.000000,0.561848,0.000000,0.000000,0.384847,0.000000,0.000000,0.576972,0.000000,0.000000,0.000000,0.000000,0.000000,0.000000,0.000000,0.000000,0.305838,0.568688,0.000000,0.000000,0.405798,0.631003,0.402695,0.563759,0.000000,0.000000,0.488996,0.516252,0.397766,0.000000,0.000000,0.000000,0.463859,0.000000,0.000000,0.000000,0.367908,0.000000,0.459348,0.424472,0.477164,0.000000,0.000000,0.000000,0.000000,0.000000,0.000000,0.000000,0.476975,0.000000,0.000000,0.000000,0.377251,0.632195,0.000000,0.000000,0.000000,0.505840,0.405472,0.000000,0.000000,0.000000,0.000000,0.483031,0.360790,0.000000,0.000000,0.507492,0.411459,0.000000,0.398603
0.000000,0.000000,0.000000,0.000000,0.000000,0.000000,0.000000,0.000000,0.000000,0.000000,0.000000,0.000000,0.000000,0.000000,0.307063,0.000000,0.000000,0.000000,0.000000,0.000000,0.000000,0.000000,0.000000,0.000000,0.000000,0.000000,0.000000,0.000000,0.000000,0.000000,0.000000,0.000000,0.000000,0.000000,0.420768,0.000000,0.400599,0.000000,0.000000,0.000000,0.298281,0.000000,0.429788,0.000000,0.445203,0.000000,0.407824,0.000000,0.426432,0.000000,0.000000,0.000000,0.000000,0.000000,0.407780,0.000000,0.000000,0.000000,0.000000,0.000000,0.000000,0.000000,0.000000,0.000000,0.000000,0.000000,0.450571,0.000000,0.000000,0.000000,0.000000,0.000000,0.000000,0.000000,0.000000,0.000000,0.000000,0.000000,0.000000,0.000000,0.000000,0.000000,0.406175,0.000000,0.445237,0.000000,0.410722,0.000000,0.446021,0.000000
0.000000,0.000000,0.000000,0.000000,0.000000,0.000000,0.000000,0.000000,0.000000,0.000000,0.000000,0.000000,0.000000,0.000000,0.000000,0.000000,0.000000,0.000000,0.000000,0.000000,0.000000,0.000000,0.000000,0.000000,0.000000,0.000000,0.000000,0.000000,0.000000,0.000000,0.000000,0.000000,0.000000,0.000000,0.000000,0.473662,0.483190,0.405798,0.000000,0.000000,0.000000,0.269698,0.525263,0.460813,0.000000,0.470890,0.513468,0.445686,0.000000,0.000000,0.000000,0.000000,0.000000,0.000000,0.000000,0.376526,0.000000,0.000000,0.000000,0.000000,0.000000,0.000000,0.000000,0.000000,0.000000,0.000000,0.000000,0.481141,0.000000,0.000000,0.000000,0.000000,0.000000,0.000000,0.000000,0.000000,0.000000,0.000000,0.000000,0.000000,0.000000,0.000000,0.000000,0.289217,0.000000,0.000000,0.537816,0.431184,0.000000,0.412419
0.000000,0.000000,0.000000,0.000000,0.000000,0.406903,0.000000,0.000000,0.000000,0.000000,0.000000,0.000000,0.000000,0.000000,0.000000,0.000000,0.000000,0.000000,0.000000,0.000000,0.392825,0.000000,0.000000,0.000000,0.000000,0.000000,0.000000,0.000000,0.000000,0.000000,0.000000,0.000000,0.000000,0.000000,0.000000,0.000000,0.422780,0.631003,0.298281,0.000000,0.000000,0.000000,0.517266,0.000000,0.000000,0.000000,0.510745,0.000000,0.476158,0.000000,0.481242,0.000000,0.529492,0.000000,0.000000,0.000000,0.000000,0.000000,0.455903,0.570858,0.000000,0.000000,0.000000,0.000000,0.000000,0.000000,0.458338,0.000000,0.000000,0.000000,0.387237,0.000000,0.321640,0.000000,0.000000,0.000000,0.439668,0.000000,0.000000,0.000000,0.000000,0.000000,0.411032,0.000000,0.000000,0.000000,0.358025,0.000000,0.000000,0.000000
0.000000,0.000000,0.000000,0.000000,0.000000,0.000000,0.000000,0.000000,0.520427,0.000000,0.000000,0.000000,0.000000,0.000000,0.000000,0.000000,0.000000,0.000000,0.000000,0.000000,0.515238,0.000000,0.000000,0.000000,0.000000,0.000000,0.000000,0.000000,0.000000,0.000000,0.000000,0.000000,0.000000,0.000000,0.000000,0.000000,0.573857,0.402695,0.000000,0.269698,0.000000,0.000000,0.000000,0.000000,0.000000,0.496423,0.000000,0.000000,0.000000,0.494088,0.000000,0.000000,0.000000,0.000000,0.000000,0.000000,0.000000,0.000000,0.000000,0.000000,0.000000,0.000000,0.000000,0.000000,0.000000,0.000000,0.000000,0.000000,0.000000,0.000000,0.000000,0.359956,0.000000,0.000000,0.000000,0.000000,0.000000,0.470494,0.000000,0.000000,0.000000,0.000000,0.000000,0.362925,0.000000,0.000000,0.000000,0.451226,0.000000,0.000000
0.000000,0.000000,0.000000,0.000000,0.482934,0.000000,0.000000,0.000000,0.502211,0.000000,0.000000,0.000000,0.490093,0.000000,0.000000,0.000000,0.000000,0.000000,0.000000,0.000000,0.481595,0.000000,0.000000,0.000000,0.000000,0.000000,0.471371,0.000000,0.000000,0.000000,0.000000,0.000000,0.000000,0.000000,0.266336,0.000000,0.529233,0.563759,0.429788,0.525263,0.517266,0.000000,0.000000,0.608886,0.412190,0.612886,0.385382,0.554591,0.362127,0.000000,0.444557,0.000000,0.314776,0.000000,0.369253,0.530451,0.000000,0.000000,0.000000,0.000000,0.000000,0.000000,0.000000,0.000000,0.000000,0.000000,0.459422,0.662092,0.000000,0.000000,0.000000,0.000000,0.521850,0.000000,0.000000,0.526369,0.481060,0.000000,0.000000,0.000000,0.477470,0.000000,0.000000,0.000000,0.484193,0.000000,0.482558,0.000000,0.491388,0.000000
0.000000,0.000000,0.000000,0.000000,0.000000,0.000000,0.000000,0.000000,0.000000,0.000000,0.000000,0.000000,0.000000,0.512385,0.000000,0.527843,0.000000,0.000000,0.000000,0.000000,0.000000,0.000000,0.000000,0.000000,0.000000,0.000000,0.000000,0.000000,0.000000,0.521337,0.000000,0.000000,0.000000,0.000000,0.000000,0.503591,0.000000,0.000000,0.000000,0.460813,0.000000,0.000000,0.608886,0.000000,0.630275,0.460167,0.552941,0.411215,0.688648,0.350466,0.537475,0.343032,0.000000,0.438297,0.000000,0.462681,0.000000,0.000000,0.000000,0.000000,0.000000,0.000000,0.000000,0.000000,0.000000,0.000000,0.585755,0.417943,0.000000,0.000000,0.000000,0.000000,0.000000,0.541948,0.000000,0.000000,0.000000,0.000000,0.000000,0.000000,0.000000,0.526532,0.000000,0.000000,0.000000,0.564129,0.000000,0.515858,0.000000,0.519398
0.000000,0.000000,0.000000,0.000000,0.000000,0.000000,0.000000,0.000000,0.000000,0.000000,0.000000,0.000000,0.000000,0.000000,0.000000,0.000000,0.000000,0.000000,0.000000,0.000000,0.000000,0.000000,0.415723,0.000000,0.000000,0.000000,0.000000,0.000000,0.000000,0.000000,0.000000,0.000000,0.000000,0.477064,0.520940,0.576583,0.506444,0.000000,0.445203,0.000000,0.000000,0.000000,0.412190,0.630275,0.000000,0.636976,0.475210,0.000000,0.364531,0.635853,0.429547,0.000000,0.000000,0.000000,0.000000,0.000000,0.000000,0.000000,0.366218,0.546309,0.000000,0.000000,0.000000,0.000000,0.000000,0.000000,0.443712,0.576787,0.000000,0.000000,0.000000,0.000000,0.000000,0.000000,0.000000,0.000000,0.480225,0.000000,0.000000,0.000000,0.000000,0.000000,0.000000,0.000000,0.000000,0.000000,0.498117,0.000000,0.482024,0.000000
0.000000,0.000000,0.000000,0.000000,0.000000,0.000000,0.000000,0.000000,0.000000,0.000000,0.000000,0.000000,0.000000,0.463352,0.000000,0.457987,0.000000,0.000000,0.000000,0.000000,0.000000,0.000000,0.555732,0.000000,0.000000,0.000000,0.000000,0.000000,0.000000,0.499643,0.000000,0.000000,0.000000,0.000000,0.508929,0.502309,0.632644,0.488996,0.000000,0.470890,0.000000,0.496423,0.612886,0.460167,0.636976,0.000000,0.000000,0.443618,0.648036,0.380638,0.000000,0.442786,0.000000,0.000000,0.000000,0.452965,0.000000,0.000000,0.549888,0.381434,0.000000,0.000000,0.000000,0.000000,0.000000,0.000000,0.564565,0.447616,0.000000,0.000000,0.000000,0.000000,0.000000,0.489526,0.000000,0.000000,0.597253,0.492026,0.000000,0.000000,0.000000,0.000000,0.000000,0.447460,0.000000,0.000000,0.000000,0.467250,0.000000,0.486274
0.000000,0.000000,0.000000,0.000000,0.481132,0.000000,0.000000,0.000000,0.501489,0.000000,0.000000,0.000000,0.492475,0.000000,0.499545,0.000000,0.000000,0.000000,0.000000,0.000000,0.000000,0.000000,0.000000,0.000000,0.000000,0.000000,0.465166,0.000000,0.000000,0.000000,0.000000,0.000000,0.000000,0.000000,0.000000,0.000000,0.509424,0.516252,0.407824,0.513468,0.510745,0.000000,0.385382,0.552941,0.475210,0.000000,0.000000,0.556749,0.000000,0.000000,0.324891,0.000000,0.329965,0.000000,0.378940,0.482499,0.000000,0.000000,0.000000,0.000000,0.000000,0.000000,0.000000,0.000000,0.000000,0.000000,0.448238,0.000000,0.000000,0.000000,0.000000,0.000000,0.000000,0.629071,0.000000,0.000000,0.000000,0.000000,0.000000,0.000000,0.520822,0.000000,0.463154,0.000000,0.483672,0.000000,0.471326,0.000000,0.483337,0.000000
0.000000,0.000000,0.000000,0.000000,0.000000,0.000000,0.000000,0.000000,0.000000,0.000000,0.000000,0.000000,0.000000,0.532593,0.000000,0.532997,0.000000,0.000000,0.000000,0.000000,0.000000,0.000000,0.000000,0.000000,0.000000,0.000000,0.000000,0.000000,0.000000,0.509461,0.000000,0.000000,0.000000,0.000000,0.000000,0.325569,0.000000,0.397766,0.000000,0.445686,0.000000,0.000000,0.554591,0.411215,0.000000,0.443618,0.556749,0.000000,0.569651,0.406517,0.000000,0.389656,0.000000,0.353071,0.000000,0.340410,0.000000,0.000000,0.000000,0.463104,0.000000,0.000000,0.000000,0.000000,0.000000,0.000000,0.582283,0.442493,0.000000,0.000000,0.000000,0.000000,0.000000,0.535613,0.000000,0.000000,0.531174,0.000000,0.000000,0.000000,0.000000,0.508510,0.000000,0.491381,0.000000,0.515739,0.000000,0.480398,0.000000,0.536549
0.000000,0.000000,0.000000,0.000000,0.440491,0.000000,0.000000,0.000000,0.450465,0.000000,0.000000,0.000000,0.436949,0.000000,0.448642,0.000000,0.000000,0.000000,0.000000,0.000000,0.447163,0.000000,0.416327,0.000000,0.000000,0.000000,0.000000,0.000000,0.000000,0.000000,0.000000,0.000000,0.000000,0.514099,0.544897,0.530661,0.455733,0.000000,0.426432,0.000000,0.476158,0.000000,0.362127,0.688648,0.364531,0.648036,0.000000,0.569651,0.000000,0.641445,0.443460,0.000000,0.000000,0.000000,0.000000,0.000000,0.000000,0.000000,0.407448,0.563763,0.349178,0.000000,0.000000,0.000000,0.000000,0.000000,0.467133,0.553353,0.000000,0.000000,0.000000,0.000000,0.000000,0.000000,0.000000,0.000000,0.482662,0.000000,0.000000,0.000000,0.461355,0.000000,0.000000,0.000000,0.445814,0.000000,0.000000,0.000000,0.000000,0.000000
