0.000000,0.000000,0.392004,0.000000,0.000000,0.000000,0.371719,0.000000,0.000000,0.000000,0.383154,0.000000,0.401319,0.000000,0.000000,0.000000,0.289041,0.000000,0.359052,0.000000,0.000000,0.000000,0.000000,0.000000,0.000000,0.000000,0.000000,0.000000,0.000000,0.000000,0.000000,0.000000,0.000000,0.000000,0.000000,0.000000,0.000000,0.000000,0.000000,0.000000,0.000000,0.000000,0.000000,0.000000,0.000000,0.000000,0.000000,0.000000,0.000000,0.000000,0.000000,0.000000,0.000000,0.000000,0.000000,0.000000,0.426962,0.000000,0.478021,0.000000,0.515202,0.000000,0.000000,0.000000,0.000000,0.000000,0.000000,0.000000,0.468552,0.000000,0.000000,0.000000,0.000000,0.000000,0.000000,0.000000,0.000000,0.000000,0.000000,0.000000,0.000000,0.000000,0.000000,0.000000,0.488146,0.000000,0.000000,0.000000,0.516818,0.000000
0.000000,0.000000,0.000000,0.451361,0.000000,0.000000,0.000000,0.411482,0.000000,0.000000,0.000000,0.442090,0.000000,0.379866,0.000000,0.000000,0.000000,0.275307,0.601560,0.382390,0.000000,0.000000,0.000000,0.000000,0.000000,0.000000,0.000000,0.000000,0.000000,0.000000,0.000000,0.000000,0.000000,0.000000,0.000000,0.000000,0.000000,0.538805,0.000000,0.000000,0.000000,0.000000,0.000000,0.000000,0.000000,0.000000,0.000000,0.000000,0.000000,0.000000,0.000000,0.491195,0.000000,0.000000,0.000000,0.000000,0.000000,0.482915,0.000000,0.487571,0.000000,0.489377,0.000000,0.484635,0.000000,0.497036,0.000000,0.000000,0.000000,0.619544,0.000000,0.000000,0.000000,0.000000,0.000000,0.000000,0.000000,0.000000,0.000000,0.000000,0.000000,0.000000,0.000000,0.000000,0.000000,0.501191,0.000000,0.000000,0.000000,0.504062
0.392004,0.000000,0.000000,0.537754,0.265116,0.000000,0.408741,0.000000,0.000000,0.000000,0.451857,0.000000,0.428953,0.000000,0.000000,0.000000,0.000000,0.000000,0.363709,0.000000,0.000000,0.000000,0.321731,0.535277,0.000000,0.000000,0.000000,0.000000,0.432647,0.000000,0.000000,0.000000,0.448413,0.000000,0.000000,0.000000,0.000000,0.000000,0.000000,0.000000,0.000000,0.000000,0.000000,0.000000,0.000000,0.000000,0.000000,0.000000,0.000000,0.000000,0.000000,0.000000,0.000000,0.000000,0.000000,0.000000,0.000000,0.000000,0.000000,0.000000,0.000000,0.000000,0.000000,0.000000,0.000000,0.000000,0.000000,0.000000,0.000000,0.000000,0.000000,0.514663,0.419944,0.520630,0.000000,0.000000,0.000000,0.000000,0.000000,0.000000,0.000000,0.000000,0.000000,0.000000,0.000000,0.000000,0.000000,0.000000,0.000000,0.000000
0.000000,0.451361,0.537754,0.000000,0.000000,0.412863,0.000000,0.394944,0.000000,0.000000,0.000000,0.403734,0.000000,0.379654,0.000000,0.000000,0.000000,0.000000,0.524444,0.347469,0.000000,0.000000,0.532936,0.394129,0.000000,0.355649,0.000000,0.000000,0.000000,0.000000,0.447377,0.361969,0.000000,0.281418,0.000000,0.000000,0.000000,0.000000,0.000000,0.000000,0.000000,0.000000,0.000000,0.000000,0.000000,0.000000,0.000000,0.000000,0.000000,0.000000,0.000000,0.000000,0.000000,0.000000,0.000000,0.000000,0.000000,0.000000,0.000000,0.000000,0.000000,0.000000,0.000000,0.000000,0.000000,0.000000,0.000000,0.000000,0.000000,0.000000,0.000000,0.000000,0.000000,0.389314,0.000000,0.404660,0.000000,0.425537,0.000000,0.000000,0.000000,0.000000,0.000000,0.000000,0.000000,0.000000,0.000000,0.000000,0.000000,0.000000
0.000000,0.000000,0.265116,0.000000,0.000000,0.573639,0.351251,0.000000,0.347581,0.000000,0.000000,0.000000,0.426809,0.000000,0.376052,0.000000,0.000000,0.000000,0.000000,0.000000,0.378446,0.000000,0.000000,0.530883,0.331167,0.547230,0.341740,0.000000,0.417035,0.000000,0.394323,0.472611,0.492524,0.000000,0.000000,0.000000,0.000000,0.000000,0.000000,0.000000,0.000000,0.000000,0.000000,0.000000,0.000000,0.000000,0.000000,0.000000,0.000000,0.000000,0.000000,0.000000,0.000000,0.000000,0.000000,0.000000,0.000000,0.000000,0.000000,0.000000,0.000000,0.000000,0.000000,0.000000,0.000000,0.000000,0.000000,0.000000,0.000000,0.000000,0.368021,0.000000,0.395283,0.000000,0.000000,0.000000,0.000000,0.000000,0.000000,0.000000,0.000000,0.000000,0.497947,0.000000,0.000000,0.000000,0.000000,0.000000,0.000000,0.000000
0.000000,0.000000,0.000000,0.412863,0.573639,0.000000,0.000000,0.298810,0.000000,0.352032,0.000000,0.000000,0.000000,0.000000,0.000000,0.372033,0.000000,0.000000,0.000000,0.000000,0.513036,0.349998,0.556604,0.381130,0.547721,0.357476,0.533898,0.363773,0.000000,0.000000,0.527308,0.431543,0.000000,0.000000,0.000000,0.000000,0.000000,0.000000,0.000000,0.572013,0.000000,0.000000,0.000000,0.571368,0.000000,0.000000,0.000000,0.000000,0.000000,0.000000,0.000000,0.000000,0.000000,0.000000,0.000000,0.000000,0.000000,0.000000,0.000000,0.000000,0.000000,0.000000,0.000000,0.000000,0.000000,0.000000,0.000000,0.000000,0.000000,0.000000,0.000000,0.000000,0.000000,0.000000,0.000000,0.000000,0.000000,0.000000,0.000000,0.000000,0.000000,0.000000,0.000000,0.000000,0.000000,0.000000,0.000000,0.000000,0.000000,0.000000
0.371719,0.000000,0.408741,0.000000,0.351251,0.000000,0.000000,0.000000,0.464808,0.000000,0.384042,0.000000,0.404108,0.000000,0.000000,0.000000,0.000000,0.000000,0.000000,0.000000,0.000000,0.000000,0.407670,0.000000,0.000000,0.000000,0.000000,0.000000,0.379500,0.000000,0.000000,0.000000,0.000000,0.000000,0.000000,0.000000,0.000000,0.000000,0.000000,0.000000,0.000000,0.000000,0.000000,0.000000,0.000000,0.000000,0.000000,0.000000,0.000000,0.000000,0.000000,0.000000,0.000000,0.000000,0.000000,0.000000,0.000000,0.000000,0.000000,0.000000,0.000000,0.000000,0.000000,0.000000,0.000000,0.000000,0.000000,0.000000,0.000000,0.000000,0.000000,0.000000,0.000000,0.000000,0.000000,0.000000,0.000000,0.000000,0.000000,0.000000,0.000000,0.000000,0.000000,0.000000,0.000000,0.000000,0.000000,0.000000,0.000000,0.000000
0.000000,0.411482,0.000000,0.394944,0.000000,0.298810,0.000000,0.000000,0.000000,0.347476,0.000000,0.441405,0.000000,0.375818,0.000000,0.000000,0.000000,0.000000,0.000000,0.000000,0.000000,0.000000,0.000000,0.353590,0.000000,0.000000,0.000000,0.000000,0.000000,0.000000,0.000000,0.000000,0.000000,0.000000,0.000000,0.000000,0.000000,0.000000,0.000000,0.000000,0.000000,0.000000,0.000000,0.000000,0.000000,0.000000,0.000000,0.000000,0.000000,0.000000,0.000000,0.000000,0.000000,0.000000,0.000000,0.000000,0.000000,0.000000,0.000000,0.000000,0.000000,0.000000,0.000000,0.419721,0.000000,0.000000,0.000000,0.000000,0.000000,0.000000,0.000000,0.000000,0.000000,0.394345,0.000000,0.384166,0.000000,0.474503,0.000000,0.000000,0.000000,0.000000,0.000000,0.000000,0.000000,0.000000,0.000000,0.000000,0.000000,0.000000
0.000000,0.000000,0.000000,0.000000,0.347581,0.000000,0.464808,0.000000,0.000000,0.000000,0.000000,0.000000,0.408568,0.000000,0.357305,0.000000,0.000000,0.000000,0.000000,0.000000,0.000000,0.000000,0.000000,0.000000,0.000000,0.000000,0.000000,0.000000,0.399075,0.000000,0.000000,0.000000,0.000000,0.000000,0.000000,0.000000,0.000000,0.000000,0.000000,0.000000,0.000000,0.000000,0.000000,0.000000,0.000000,0.000000,0.000000,0.000000,0.000000,0.000000,0.000000,0.000000,0.000000,0.000000,0.000000,0.000000,0.000000,0.000000,0.000000,0.000000,0.000000,0.000000,0.000000,0.000000,0.000000,0.000000,0.000000,0.000000,0.000000,0.000000,0.000000,0.000000,0.397118,0.000000,0.000000,0.000000,0.000000,0.000000,0.000000,0.000000,0.000000,0.000000,0.000000,0.000000,0.000000,0.000000,0.000000,0.000000,0.000000,0.000000
0.000000,0.000000,0.000000,0.000000,0.000000,0.352032,0.000000,0.347476,0.000000,0.000000,0.000000,0.000000,0.000000,0.000000,0.000000,0.384289,0.000000,0.000000,0.000000,0.000000,0.000000,0.000000,0.000000,0.000000,0.564129,0.000000,0.562178,0.366557,0.000000,0.434032,0.000000,0.000000,0.000000,0.000000,0.000000,0.000000,0.000000,0.000000,0.000000,0.000000,0.000000,0.000000,0.000000,0.000000,0.000000,0.000000,0.000000,0.000000,0.000000,0.000000,0.000000,0.000000,0.000000,0.000000,0.000000,0.000000,0.000000,0.000000,0.000000,0.000000,0.000000,0.000000,0.000000,0.000000,0.000000,0.000000,0.000000,0.000000,0.000000,0.000000,0.000000,0.000000,0.000000,0.354549,0.000000,0.000000,0.000000,0.000000,0.000000,0.000000,0.000000,0.000000,0.000000,0.000000,0.000000,0.000000,0.000000,0.000000,0.000000,0.000000
0.383154,0.000000,0.451857,0.000000,0.000000,0.000000,0.384042,0.000000,0.000000,0.000000,0.000000,0.000000,0.436311,0.000000,0.000000,0.000000,0.487644,0.000000,0.439602,0.000000,0.000000,0.000000,0.443573,0.513383,0.000000,0.000000,0.000000,0.000000,0.406837,0.000000,0.000000,0.000000,0.000000,0.000000,0.000000,0.000000,0.000000,0.000000,0.000000,0.000000,0.000000,0.000000,0.000000,0.000000,0.000000,0.000000,0.000000,0.000000,0.000000,0.000000,0.000000,0.000000,0.000000,0.000000,0.000000,0.000000,0.000000,0.000000,0.000000,0.000000,0.000000,0.000000,0.000000,0.000000,0.000000,0.000000,0.000000,0.000000,0.000000,0.000000,0.000000,0.000000,0.000000,0.000000,0.000000,0.000000,0.000000,0.000000,0.000000,0.000000,0.478471,0.000000,0.000000,0.000000,0.000000,0.000000,0.000000,0.000000,0.000000,0.000000
0.000000,0.442090,0.000000,0.403734,0.000000,0.000000,0.000000,0.441405,0.000000,0.000000,0.000000,0.000000,0.000000,0.345852,0.000000,0.000000,0.000000,0.327505,0.000000,0.000000,0.000000,0.000000,0.000000,0.413228,0.000000,0.000000,0.000000,0.000000,0.000000,0.355459,0.000000,0.000000,0.000000,0.000000,0.000000,0.000000,0.000000,0.000000,0.000000,0.000000,0.000000,0.000000,0.000000,0.000000,0.000000,0.000000,0.000000,0.000000,0.000000,0.000000,0.000000,0.000000,0.000000,0.000000,0.000000,0.000000,0.000000,0.000000,0.000000,0.000000,0.000000,0.000000,0.000000,0.488122,0.000000,0.000000,0.000000,0.000000,0.000000,0.000000,0.000000,0.000000,0.000000,0.360928,0.000000,0.000000,0.000000,0.000000,0.000000,0.000000,0.000000,0.000000,0.000000,0.435771,0.000000,0.000000,0.000000,0.000000,0.000000,0.000000
0.401319,0.000000,0.428953,0.000000,0.426809,0.000000,0.404108,0.000000,0.408568,0.000000,0.436311,0.000000,0.000000,0.000000,0.360700,0.000000,0.000000,0.000000,0.000000,0.000000,0.000000,0.000000,0.000000,0.000000,0.000000,0.000000,0.000000,0.000000,0.406182,0.000000,0.000000,0.000000,0.000000,0.000000,0.000000,0.000000,0.000000,0.000000,0.000000,0.000000,0.000000,0.000000,0.513500,0.000000,0.000000,0.000000,0.509605,0.000000,0.505509,0.000000,0.000000,0.000000,0.000000,0.000000,0.000000,0.000000,0.000000,0.000000,0.000000,0.000000,0.000000,0.000000,0.000000,0.000000,0.000000,0.000000,0.000000,0.000000,0.000000,0.000000,0.401194,0.000000,0.431719,0.000000,0.431052,0.000000,0.459281,0.000000,0.000000,0.000000,0.000000,0.000000,0.287526,0.000000,0.000000,0.000000,0.000000,0.000000,0.000000,0.000000
0.000000,0.379866,0.000000,0.379654,0.000000,0.000000,0.000000,0.375818,0.000000,0.000000,0.000000,0.345852,0.000000,0.000000,0.000000,0.373389,0.000000,0.000000,0.000000,0.000000,0.000000,0.000000,0.000000,0.000000,0.000000,0.000000,0.000000,0.000000,0.000000,0.354485,0.000000,0.000000,0.000000,0.000000,0.000000,0.000000,0.000000,0.000000,0.000000,0.000000,0.000000,0.000000,0.000000,0.000000,0.000000,0.000000,0.000000,0.000000,0.000000,0.000000,0.000000,0.000000,0.000000,0.000000,0.000000,0.000000,0.000000,0.000000,0.000000,0.447235,0.000000,0.000000,0.000000,0.457167,0.000000,0.000000,0.000000,0.454697,0.000000,0.000000,0.000000,0.000000,0.000000,0.415516,0.000000,0.422142,0.000000,0.000000,0.000000,0.000000,0.000000,0.000000,0.000000,0.000000,0.000000,0.000000,0.000000,0.000000,0.000000,0.000000
0.000000,0.000000,0.000000,0.000000,0.376052,0.000000,0.000000,0.000000,0.357305,0.000000,0.000000,0.000000,0.360700,0.000000,0.000000,0.000000,0.000000,0.000000,0.000000,0.000000,0.422468,0.498403,0.000000,0.000000,0.410635,0.000000,0.414418,0.410081,0.401181,0.000000,0.000000,0.493460,0.000000,0.000000,0.000000,0.000000,0.000000,0.000000,0.000000,0.000000,0.000000,0.000000,0.000000,0.000000,0.000000,0.000000,0.000000,0.000000,0.000000,0.000000,0.000000,0.000000,0.000000,0.000000,0.000000,0.000000,0.000000,0.000000,0.000000,0.000000,0.000000,0.000000,0.000000,0.000000,0.000000,0.000000,0.000000,0.000000,0.000000,0.000000,0.405967,0.000000,0.426723,0.000000,0.399560,0.000000,0.449254,0.000000,0.000000,0.000000,0.000000,0.000000,0.274544,0.000000,0.000000,0.000000,0.000000,0.000000,0.000000,0.000000
0.000000,0.000000,0.000000,0.000000,0.000000,0.372033,0.000000,0.000000,0.000000,0.384289,0.000000,0.000000,0.000000,0.373389,0.000000,0.000000,0.000000,0.000000,0.000000,0.000000,0.000000,0.381789,0.000000,0.000000,0.000000,0.000000,0.000000,0.383234,0.000000,0.387981,0.000000,0.384558,0.000000,0.000000,0.000000,0.000000,0.000000,0.000000,0.000000,0.000000,0.000000,0.000000,0.000000,0.552673,0.000000,0.518865,0.000000,0.529827,0.000000,0.454160,0.000000,0.000000,0.000000,0.000000,0.000000,0.000000,0.000000,0.000000,0.000000,0.461158,0.000000,0.000000,0.000000,0.000000,0.000000,0.000000,0.000000,0.450630,0.000000,0.000000,0.000000,0.000000,0.000000,0.407507,0.000000,0.000000,0.000000,0.000000,0.000000,0.000000,0.000000,0.000000,0.000000,0.266420,0.000000,0.000000,0.000000,0.000000,0.000000,0.000000
0.289041,0.000000,0.000000,0.000000,0.000000,0.000000,0.000000,0.000000,0.000000,0.000000,0.487644,0.000000,0.000000,0.000000,0.000000,0.000000,0.000000,0.000000,0.433959,0.483568,0.000000,0.000000,0.442905,0.493268,0.000000,0.000000,0.000000,0.000000,0.371509,0.000000,0.000000,0.000000,0.000000,0.000000,0.000000,0.000000,0.000000,0.000000,0.000000,0.000000,0.000000,0.000000,0.000000,0.000000,0.000000,0.000000,0.000000,0.000000,0.000000,0.000000,0.000000,0.000000,0.000000,0.000000,0.000000,0.000000,0.380565,0.000000,0.000000,0.000000,0.475019,0.000000,0.436551,0.000000,0.000000,0.000000,0.000000,0.000000,0.000000,0.000000,0.000000,0.000000,0.403683,0.000000,0.000000,0.000000,0.000000,0.000000,0.365123,0.000000,0.409428,0.000000,0.000000,0.000000,0.472956,0.000000,0.000000,0.000000,0.474761,0.000000
0.000000,0.275307,0.000000,0.000000,0.000000,0.000000,0.000000,0.000000,0.000000,0.000000,0.000000,0.327505,0.000000,0.000000,0.000000,0.000000,0.000000,0.000000,0.000000,0.000000,0.000000,0.000000,0.000000,0.000000,0.000000,0.000000,0.000000,0.000000,0.000000,0.377282,0.000000,0.000000,0.000000,0.000000,0.000000,0.000000,0.000000,0.000000,0.000000,0.000000,0.000000,0.000000,0.000000,0.000000,0.000000,0.000000,0.000000,0.000000,0.000000,0.000000,0.000000,0.000000,0.000000,0.000000,0.000000,0.000000,0.000000,0.354399,0.000000,0.000000,0.000000,0.000000,0.000000,0.438398,0.000000,0.000000,0.000000,0.000000,0.000000,0.000000,0.000000,0.000000,0.000000,0.422365,0.000000,0.000000,0.000000,0.000000,0.000000,0.266559,0.000000,0.358028,0.000000,0.412496,0.000000,0.000000,0.000000,0.000000,0.000000,0.000000
0.359052,0.601560,0.363709,0.524444,0.000000,0.000000,0.000000,0.000000,0.000000,0.000000,0.439602,0.000000,0.000000,0.000000,0.000000,0.000000,0.433959,0.000000,0.000000,0.562329,0.000000,0.000000,0.378816,0.531128,0.000000,0.000000,0.000000,0.000000,0.405718,0.000000,0.000000,0.000000,0.367343,0.532964,0.000000,0.000000,0.000000,0.000000,0.000000,0.000000,0.000000,0.000000,0.000000,0.000000,0.000000,0.000000,0.000000,0.000000,0.000000,0.000000,0.000000,0.000000,0.000000,0.000000,0.000000,0.000000,0.000000,0.000000,0.000000,0.000000,0.000000,0.000000,0.000000,0.000000,0.000000,0.000000,0.446874,0.000000,0.339342,0.000000,0.000000,0.491760,0.413050,0.530627,0.000000,0.518423,0.000000,0.499097,0.000000,0.000000,0.449267,0.000000,0.000000,0.000000,0.451858,0.000000,0.000000,0.000000,0.000000,0.000000
0.000000,0.382390,0.000000,0.347469,0.000000,0.000000,0.000000,0.000000,0.000000,0.000000,0.000000,0.000000,0.000000,0.000000,0.000000,0.000000,0.483568,0.000000,0.562329,0.000000,0.000000,0.000000,0.547230,0.320541,0.000000,0.000000,0.000000,0.000000,0.000000,0.000000,0.518986,0.000000,0.534687,0.398682,0.000000,0.000000,0.000000,0.000000,0.000000,0.000000,0.000000,0.000000,0.000000,0.000000,0.000000,0.000000,0.000000,0.000000,0.526639,0.000000,0.000000,0.000000,0.000000,0.000000,0.000000,0.000000,0.541585,0.000000,0.000000,0.000000,0.000000,0.000000,0.000000,0.000000,0.000000,0.000000,0.572032,0.000000,0.572242,0.366533,0.000000,0.000000,0.000000,0.401798,0.000000,0.422630,0.000000,0.000000,0.000000,0.000000,0.000000,0.000000,0.000000,0.000000,0.000000,0.000000,0.000000,0.000000,0.000000,0.000000
0.000000,0.000000,0.000000,0.000000,0.378446,0.513036,0.000000,0.000000,0.000000,0.000000,0.000000,0.000000,0.000000,0.000000,0.422468,0.000000,0.000000,0.000000,0.000000,0.000000,0.000000,0.430943,0.000000,0.000000,0.317815,0.401780,0.372849,0.000000,0.395373,0.000000,0.340108,0.398857,0.000000,0.000000,0.000000,0.000000,0.000000,0.000000,0.000000,0.000000,0.448253,0.000000,0.000000,0.000000,0.000000,0.000000,0.000000,0.000000,0.000000,0.000000,0.000000,0.000000,0.000000,0.000000,0.000000,0.000000,0.000000,0.000000,0.000000,0.000000,0.000000,0.000000,0.000000,0.000000,0.000000,0.000000,0.000000,0.000000,0.000000,0.000000,0.314429,0.000000,0.290719,0.000000,0.000000,0.000000,0.000000,0.000000,0.000000,0.000000,0.000000,0.000000,0.451884,0.000000,0.000000,0.000000,0.000000,0.000000,0.000000,0.000000
0.000000,0.000000,0.000000,0.000000,0.000000,0.349998,0.000000,0.000000,0.000000,0.000000,0.000000,0.000000,0.000000,0.000000,0.498403,0.381789,0.000000,0.000000,0.000000,0.000000,0.430943,0.000000,0.000000,0.388493,0.501351,0.338063,0.538267,0.356112,0.000000,0.231835,0.347928,0.393618,0.000000,0.000000,0.000000,0.000000,0.000000,0.000000,0.000000,0.000000,0.000000,0.401334,0.000000,0.000000,0.000000,0.000000,0.000000,0.577504,0.000000,0.000000,0.000000,0.000000,0.000000,0.000000,0.000000,0.000000,0.000000,0.000000,0.000000,0.000000,0.000000,0.000000,0.000000,0.000000,0.000000,0.000000,0.000000,0.000000,0.000000,0.000000,0.000000,0.278383,0.000000,0.314995,0.000000,0.000000,0.000000,0.000000,0.000000,0.000000,0.000000,0.000000,0.000000,0.000000,0.000000,0.000000,0.000000,0.000000,0.000000,0.000000
0.000000,0.000000,0.321731,0.532936,0.000000,0.556604,0.407670,0.000000,0.000000,0.000000,0.443573,0.000000,0.000000,0.000000,0.000000,0.000000,0.442905,0.000000,0.378816,0.547230,0.000000,0.000000,0.000000,0.524392,0.394377,0.398053,0.000000,0.000000,0.000000,0.000000,0.390910,0.499900,0.464357,0.542054,0.566953,0.000000,0.000000,0.000000,0.000000,0.000000,0.000000,0.000000,0.000000,0.000000,0.000000,0.000000,0.000000,0.000000,0.000000,0.000000,0.000000,0.000000,0.000000,0.000000,0.000000,0.000000,0.000000,0.000000,0.000000,0.000000,0.000000,0.000000,0.000000,0.000000,0.000000,0.000000,0.529940,0.000000,0.000000,0.000000,0.000000,0.482629,0.432496,0.520630,0.000000,0.000000,0.447467,0.000000,0.000000,0.000000,0.451088,0.424137,0.000000,0.000000,0.000000,0.000000,0.000000,0.000000,0.000000,0.000000
0.000000,0.000000,0.535277,0.394129,0.530883,0.381130,0.000000,0.353590,0.000000,0.000000,0.513383,0.413228,0.000000,0.000000,0.000000,0.000000,0.493268,0.000000,0.531128,0.320541,0.000000,0.388493,0.524392,0.000000,0.491590,0.326030,0.000000,0.000000,0.500795,0.000000,0.409461,0.351388,0.543231,0.412227,0.000000,0.507655,0.000000,0.000000,0.000000,0.000000,0.000000,0.000000,0.000000,0.000000,0.000000,0.000000,0.000000,0.000000,0.000000,0.000000,0.000000,0.000000,0.000000,0.000000,0.000000,0.000000,0.000000,0.000000,0.000000,0.000000,0.000000,0.000000,0.000000,0.000000,0.000000,0.000000,0.000000,0.484438,0.000000,0.000000,0.000000,0.000000,0.524891,0.405667,0.000000,0.000000,0.000000,0.000000,0.000000,0.000000,0.503858,0.000000,0.000000,0.000000,0.000000,0.000000,0.000000,0.000000,0.000000,0.000000
0.000000,0.000000,0.000000,0.000000,0.331167,0.547721,0.000000,0.000000,0.000000,0.564129,0.000000,0.000000,0.000000,0.000000,0.410635,0.000000,0.000000,0.000000,0.000000,0.000000,0.317815,0.501351,0.394377,0.491590,0.000000,0.524271,0.334801,0.551771,0.422226,0.000000,0.401897,0.482584,0.472075,0.000000,0.000000,0.000000,0.000000,0.000000,0.000000,0.000000,0.000000,0.000000,0.000000,0.000000,0.000000,0.000000,0.000000,0.000000,0.000000,0.000000,0.000000,0.000000,0.000000,0.000000,0.000000,0.000000,0.000000,0.000000,0.000000,0.000000,0.000000,0.000000,0.000000,0.000000,0.000000,0.000000,0.000000,0.000000,0.000000,0.000000,0.375993,0.000000,0.000000,0.000000,0.000000,0.000000,0.000000,0.000000,0.000000,0.000000,0.000000,0.000000,0.000000,0.000000,0.000000,0.000000,0.000000,0.000000,0.000000,0.000000
0.000000,0.000000,0.000000,0.355649,0.547230,0.357476,0.000000,0.000000,0.000000,0.000000,0.000000,0.000000,0.000000,0.000000,0.000000,0.000000,0.000000,0.000000,0.000000,0.000000,0.401780,0.338063,0.398053,0.326030,0.524271,0.000000,0.444446,0.329281,0.000000,0.000000,0.430965,0.363837,0.000000,0.000000,0.000000,0.000000,0.000000,0.000000,0.000000,0.000000,0.000000,0.000000,0.000000,0.000000,0.000000,0.000000,0.000000,0.000000,0.000000,0.000000,0.000000,0.000000,0.000000,0.000000,0.000000,0.000000,0.000000,0.000000,0.000000,0.000000,0.000000,0.000000,0.000000,0.000000,0.000000,0.000000,0.000000,0.000000,0.000000,0.000000,0.000000,0.000000,0.000000,0.000000,0.000000,0.000000,0.000000,0.000000,0.000000,0.000000,0.000000,0.000000,0.000000,0.000000,0.000000,0.000000,0.000000,0.000000,0.000000,0.000000
0.000000,0.000000,0.000000,0.000000,0.341740,0.533898,0.000000,0.000000,0.000000,0.562178,0.000000,0.000000,0.000000,0.000000,0.414418,0.000000,0.000000,0.000000,0.000000,0.000000,0.372849,0.538267,0.000000,0.000000,0.334801,0.444446,0.000000,0.500951,0.462334,0.000000,0.410189,0.545132,0.000000,0.000000,0.000000,0.000000,0.000000,0.000000,0.000000,0.000000,0.421430,0.000000,0.000000,0.000000,0.000000,0.000000,0.000000,0.000000,0.000000,0.000000,0.000000,0.000000,0.000000,0.000000,0.000000,0.000000,0.000000,0.000000,0.000000,0.000000,0.000000,0.000000,0.000000,0.000000,0.000000,0.000000,0.000000,0.000000,0.000000,0.000000,0.296008,0.000000,0.000000,0.000000,0.000000,0.000000,0.000000,0.000000,0.000000,0.000000,0.000000,0.000000,0.477277,0.000000,0.000000,0.000000,0.000000,0.000000,0.000000,0.000000
0.000000,0.000000,0.000000,0.000000,0.000000,0.363773,0.000000,0.000000,0.000000,0.366557,0.000000,0.000000,0.000000,0.000000,0.410081,0.383234,0.000000,0.000000,0.000000,0.000000,0.000000,0.356112,0.000000,0.000000,0.551771,0.329281,0.500951,0.000000,0.000000,0.256603,0.000000,0.406913,0.000000,0.000000,0.000000,0.000000,0.000000,0.452191,0.000000,0.000000,0.000000,0.414772,0.000000,0.519214,0.000000,0.497367,0.000000,0.569006,0.000000,0.000000,0.000000,0.000000,0.000000,0.000000,0.000000,0.000000,0.000000,0.000000,0.000000,0.000000,0.000000,0.000000,0.000000,0.000000,0.000000,0.000000,0.000000,0.000000,0.000000,0.000000,0.000000,0.331309,0.000000,0.275948,0.000000,0.000000,0.000000,0.000000,0.000000,0.000000,0.000000,0.000000,0.000000,0.000000,0.000000,0.000000,0.000000,0.000000,0.000000,0.000000
0.000000,0.000000,0.432647,0.000000,0.417035,0.000000,0.379500,0.000000,0.399075,0.000000,0.406837,0.000000,0.406182,0.000000,0.401181,0.000000,0.371509,0.000000,0.405718,0.000000,0.395373,0.000000,0.000000,0.500795,0.422226,0.000000,0.462334,0.000000,0.000000,0.000000,0.000000,0.000000,0.000000,0.000000,0.000000,0.000000,0.000000,0.000000,0.000000,0.000000,0.000000,0.000000,0.527887,0.000000,0.000000,0.000000,0.000000,0.000000,0.000000,0.000000,0.000000,0.000000,0.000000,0.000000,0.000000,0.000000,0.369952,0.000000,0.434191,0.000000,0.000000,0.000000,0.369067,0.000000,0.000000,0.000000,0.000000,0.000000,0.000000,0.000000,0.410636,0.000000,0.342736,0.000000,0.000000,0.000000,0.000000,0.000000,0.371084,0.000000,0.388718,0.000000,0.379511,0.000000,0.437960,0.000000,0.000000,0.000000,0.448597,0.000000
0.000000,0.000000,0.000000,0.000000,0.000000,0.000000,0.000000,0.000000,0.000000,0.434032,0.000000,0.355459,0.000000,0.354485,0.000000,0.387981,0.000000,0.377282,0.000000,0.000000,0.000000,0.231835,0.000000,0.000000,0.000000,0.000000,0.000000,0.256603,0.000000,0.000000,0.000000,0.000000,0.000000,0.000000,0.000000,0.000000,0.000000,0.000000,0.000000,0.000000,0.000000,0.000000,0.000000,0.557378,0.000000,0.000000,0.000000,0.534629,0.000000,0.462630,0.000000,0.000000,0.000000,0.000000,0.000000,0.000000,0.000000,0.000000,0.000000,0.000000,0.000000,0.000000,0.000000,0.432580,0.000000,0.000000,0.000000,0.480020,0.000000,0.000000,0.000000,0.000000,0.000000,0.359441,0.000000,0.000000,0.000000,0.000000,0.000000,0.382409,0.000000,0.433410,0.000000,0.421658,0.000000,0.000000,0.000000,0.000000,0.000000,0.000000
0.000000,0.000000,0.000000,0.447377,0.394323,0.527308,0.000000,0.000000,0.000000,0.000000,0.000000,0.000000,0.000000,0.000000,0.000000,0.000000,0.000000,0.000000,0.000000,0.518986,0.340108,0.347928,0.390910,0.409461,0.401897,0.430965,0.410189,0.000000,0.000000,0.000000,0.000000,0.459612,0.513907,0.483341,0.546009,0.000000,0.000000,0.000000,0.000000,0.000000,0.000000,0.000000,0.000000,0.000000,0.000000,0.000000,0.000000,0.000000,0.000000,0.000000,0.000000,0.000000,0.000000,0.000000,0.000000,0.000000,0.000000,0.000000,0.000000,0.000000,0.000000,0.000000,0.000000,0.000000,0.000000,0.000000,0.523417,0.000000,0.000000,0.000000,0.328978,0.000000,0.000000,0.000000,0.000000,0.000000,0.000000,0.000000,0.000000,0.000000,0.000000,0.000000,0.000000,0.000000,0.000000,0.000000,0.000000,0.000000,0.000000,0.000000
0.000000,0.000000,0.000000,0.361969,0.472611,0.431543,0.000000,0.000000,0.000000,0.000000,0.000000,0.000000,0.000000,0.000000,0.493460,0.384558,0.000000,0.000000,0.000000,0.000000,0.398857,0.393618,0.499900,0.351388,0.482584,0.363837,0.545132,0.406913,0.000000,0.000000,0.459612,0.000000,0.000000,0.452770,0.000000,0.526222,0.000000,0.000000,0.000000,0.000000,0.000000,0.401858,0.000000,0.000000,0.000000,0.000000,0.000000,0.548051,0.000000,0.000000,0.000000,0.000000,0.000000,0.000000,0.000000,0.000000,0.000000,0.000000,0.000000,0.000000,0.000000,0.000000,0.000000,0.000000,0.000000,0.000000,0.000000,0.518329,0.000000,0.000000,0.000000,0.334810,0.000000,0.000000,0.000000,0.000000,0.000000,0.000000,0.000000,0.000000,0.000000,0.000000,0.000000,0.000000,0.000000,0.000000,0.000000,0.000000,0.000000,0.000000
0.000000,0.000000,0.448413,0.000000,0.492524,0.000000,0.000000,0.000000,0.000000,0.000000,0.000000,0.000000,0.000000,0.000000,0.000000,0.000000,0.000000,0.000000,0.367343,0.534687,0.000000,0.000000,0.464357,0.543231,0.472075,0.000000,0.000000,0.000000,0.000000,0.000000,0.513907,0.000000,0.000000,0.550072,0.504759,0.000000,0.554444,0.000000,0.000000,0.557963,0.000000,0.000000,0.000000,0.000000,0.000000,0.000000,0.000000,0.000000,0.000000,0.000000,0.000000,0.000000,0.000000,0.000000,0.000000,0.000000,0.000000,0.000000,0.000000,0.000000,0.000000,0.000000,0.000000,0.000000,0.000000,0.000000,0.454785,0.521218,0.357037,0.548048,0.000000,0.000000,0.000000,0.000000,0.000000,0.000000,0.000000,0.000000,0.000000,0.000000,0.000000,0.000000,0.000000,0.000000,0.000000,0.000000,0.000000,0.000000,0.000000,0.000000
0.000000,0.000000,0.000000,0.281418,0.000000,0.000000,0.000000,0.000000,0.000000,0.000000,0.000000,0.000000,0.000000,0.000000,0.000000,0.000000,0.000000,0.000000,0.532964,0.398682,0.000000,0.000000,0.542054,0.412227,0.000000,0.000000,0.000000,0.000000,0.000000,0.000000,0.483341,0.452770,0.550072,0.000000,0.000000,0.521407,0.000000,0.575116,0.000000,0.529130,0.000000,0.000000,0.000000,0.000000,0.000000,0.000000,0.000000,0.541864,0.000000,0.000000,0.000000,0.000000,0.000000,0.000000,0.000000,0.000000,0.000000,0.532564,0.000000,0.000000,0.000000,0.000000,0.000000,0.000000,0.000000,0.000000,0.555271,0.467630,0.533008,0.382898,0.000000,0.426486,0.000000,0.000000,0.000000,0.000000,0.000000,0.000000,0.000000,0.000000,0.000000,0.000000,0.000000,0.000000,0.000000,0.000000,0.000000,0.000000,0.000000,0.000000
0.000000,0.000000,0.000000,0.000000,0.000000,0.000000,0.000000,0.000000,0.000000,0.000000,0.000000,0.000000,0.000000,0.000000,0.000000,0.000000,0.000000,0.000000,0.000000,0.000000,0.000000,0.000000,0.566953,0.000000,0.000000,0.000000,0.000000,0.000000,0.000000,0.000000,0.546009,0.000000,0.504759,0.000000,0.000000,0.313083,0.353672,0.000000,0.000000,0.000000,0.000000,0.000000,0.551102,0.000000,0.505226,0.000000,0.558453,0.000000,0.498165,0.000000,0.000000,0.000000,0.000000,0.000000,0.000000,0.000000,0.000000,0.000000,0.000000,0.000000,0.000000,0.000000,0.000000,0.000000,0.000000,0.000000,0.399112,0.000000,0.000000,0.000000,0.000000,0.000000,0.000000,0.000000,0.000000,0.000000,0.000000,0.455708,0.000000,0.000000,0.000000,0.000000,0.000000,0.000000,0.000000,0.000000,0.000000,0.000000,0.000000,0.000000
0.000000,0.000000,0.000000,0.000000,0.000000,0.000000,0.000000,0.000000,0.000000,0.000000,0.000000,0.000000,0.000000,0.000000,0.000000,0.000000,0.000000,0.000000,0.000000,0.000000,0.000000,0.000000,0.000000,0.507655,0.000000,0.000000,0.000000,0.000000,0.000000,0.000000,0.000000,0.526222,0.000000,0.521407,0.313083,0.000000,0.549894,0.471768,0.000000,0.000000,0.000000,0.000000,0.629388,0.601215,0.642799,0.000000,0.603479,0.000000,0.604135,0.000000,0.000000,0.000000,0.000000,0.000000,0.000000,0.000000,0.000000,0.000000,0.000000,0.491354,0.000000,0.000000,0.000000,0.000000,0.000000,0.000000,0.519609,0.398997,0.000000,0.000000,0.000000,0.000000,0.000000,0.000000,0.000000,0.000000,0.510626,0.463091,0.000000,0.000000,0.000000,0.000000,0.000000,0.000000,0.000000,0.000000,0.000000,0.000000,0.000000,0.000000
0.000000,0.000000,0.000000,0.000000,0.000000,0.000000,0.000000,0.000000,0.000000,0.000000,0.000000,0.000000,0.000000,0.000000,0.000000,0.000000,0.000000,0.000000,0.000000,0.000000,0.000000,0.000000,0.000000,0.000000,0.000000,0.000000,0.000000,0.000000,0.000000,0.000000,0.000000,0.000000,0.554444,0.000000,0.353672,0.549894,0.000000,0.531679,0.401580,0.425651,0.337357,0.000000,0.503789,0.000000,0.452082,0.000000,0.446350,0.000000,0.467471,0.000000,0.000000,0.000000,0.000000,0.000000,0.437228,0.000000,0.000000,0.000000,0.506227,0.000000,0.000000,0.000000,0.000000,0.000000,0.000000,0.000000,0.482231,0.000000,0.000000,0.000000,0.000000,0.549213,0.452138,0.000000,0.000000,0.000000,0.406862,0.546828,0.000000,0.000000,0.000000,0.000000,0.447553,0.000000,0.480096,0.000000,0.394107,0.000000,0.387888,0.000000
0.000000,0.538805,0.000000,0.000000,0.000000,0.000000,0.000000,0.000000,0.000000,0.000000,0.000000,0.000000,0.000000,0.000000,0.000000,0.000000,0.000000,0.000000,0.000000,0.000000,0.000000,0.000000,0.000000,0.000000,0.000000,0.000000,0.000000,0.452191,0.000000,0.000000,0.000000,0.000000,0.000000,0.575116,0.000000,0.471768,0.531679,0.000000,0.000000,0.396253,0.000000,0.434140,0.000000,0.558122,0.655472,0.520579,0.000000,0.564203,0.000000,0.000000,0.000000,0.000000,0.000000,0.000000,0.000000,0.434012,0.000000,0.000000,0.000000,0.000000,0.000000,0.000000,0.000000,0.000000,0.000000,0.000000,0.000000,0.493826,0.000000,0.000000,0.000000,0.438707,0.000000,0.000000,0.000000,0.000000,0.584807,0.449203,0.000000,0.000000,0.000000,0.000000,0.000000,0.435062,0.000000,0.000000,0.000000,0.431476,0.555620,0.000000
0.000000,0.000000,0.000000,0.000000,0.000000,0.000000,0.000000,0.000000,0.000000,0.000000,0.000000,0.000000,0.000000,0.000000,0.000000,0.000000,0.000000,0.000000,0.000000,0.000000,0.000000,0.000000,0.000000,0.000000,0.000000,0.000000,0.000000,0.000000,0.000000,0.000000,0.000000,0.000000,0.000000,0.000000,0.000000,0.000000,0.401580,0.000000,0.000000,0.000000,0.331021,0.000000,0.474522,0.461192,0.000000,0.000000,0.428111,0.000000,0.000000,0.000000,0.446048,0.000000,0.431129,0.000000,0.408533,0.000000,0.000000,0.000000,0.000000,0.000000,0.000000,0.000000,0.000000,0.000000,0.000000,0.000000,0.468019,0.000000,0.000000,0.000000,0.000000,0.000000,0.000000,0.000000,0.000000,0.000000,0.458979,0.000000,0.000000,0.000000,0.000000,0.000000,0.342257,0.000000,0.478730,0.000000,0.438619,0.000000,0.429891,0.000000
0.000000,0.000000,0.000000,0.000000,0.000000,0.572013,0.000000,0.000000,0.000000,0.000000,0.000000,0.000000,0.000000,0.000000,0.000000,0.000000,0.000000,0.000000,0.000000,0.000000,0.000000,0.000000,0.000000,0.000000,0.000000,0.000000,0.000000,0.000000,0.000000,0.000000,0.000000,0.000000,0.557963,0.529130,0.000000,0.000000,0.425651,0.396253,0.000000,0.000000,0.000000,0.333903,0.000000,0.450010,0.000000,0.494881,0.537374,0.367213,0.000000,0.000000,0.000000,0.540916,0.000000,0.000000,0.000000,0.387287,0.000000,0.000000,0.000000,0.000000,0.000000,0.000000,0.000000,0.000000,0.000000,0.000000,0.000000,0.524964,0.000000,0.000000,0.000000,0.451697,0.000000,0.000000,0.000000,0.000000,0.000000,0.501210,0.000000,0.000000,0.000000,0.546511,0.000000,0.536411,0.000000,0.000000,0.000000,0.372550,0.000000,0.000000
0.000000,0.000000,0.000000,0.000000,0.000000,0.000000,0.000000,0.000000,0.000000,0.000000,0.000000,0.000000,0.000000,0.000000,0.000000,0.000000,0.000000,0.000000,0.000000,0.000000,0.448253,0.000000,0.000000,0.000000,0.000000,0.000000,0.421430,0.000000,0.000000,0.000000,0.000000,0.000000,0.000000,0.000000,0.000000,0.000000,0.337357,0.000000,0.331021,0.000000,0.000000,0.000000,0.536456,0.000000,0.000000,0.000000,0.000000,0.000000,0.000000,0.000000,0.000000,0.000000,0.000000,0.000000,0.448913,0.000000,0.000000,0.000000,0.000000,0.000000,0.000000,0.000000,0.000000,0.000000,0.000000,0.000000,0.496640,0.000000,0.000000,0.000000,0.458908,0.000000,0.370791,0.000000,0.000000,0.000000,0.441774,0.000000,0.000000,0.000000,0.000000,0.000000,0.406307,0.000000,0.000000,0.000000,0.000000,0.000000,0.000000,0.000000
0.000000,0.000000,0.000000,0.000000,0.000000,0.000000,0.000000,0.000000,0.000000,0.000000,0.000000,0.000000,0.000000,0.000000,0.000000,0.000000,0.000000,0.000000,0.000000,0.000000,0.000000,0.401334,0.000000,0.000000,0.000000,0.000000,0.000000,0.414772,0.000000,0.000000,0.000000,0.401858,0.000000,0.000000,0.000000,0.000000,0.000000,0.434140,0.000000,0.333903,0.000000,0.000000,0.000000,0.608521,0.000000,0.000000,0.000000,0.669532,0.000000,0.519313,0.000000,0.000000,0.000000,0.000000,0.000000,0.591366,0.000000,0.000000,0.000000,0.000000,0.000000,0.000000,0.000000,0.000000,0.000000,0.000000,0.554191,0.000000,0.000000,0.000000,0.435351,0.000000,0.000000,0.000000,0.000000,0.452854,0.000000,0.487030,0.000000,0.000000,0.000000,0.000000,0.000000,0.396479,0.000000,0.000000,0.000000,0.000000,0.000000,0.000000
0.000000,0.000000,0.000000,0.000000,0.000000,0.000000,0.000000,0.000000,0.000000,0.000000,0.000000,0.000000,0.513500,0.000000,0.000000,0.000000,0.000000,0.000000,0.000000,0.000000,0.000000,0.000000,0.000000,0.000000,0.000000,0.000000,0.000000,0.000000,0.527887,0.000000,0.000000,0.000000,0.000000,0.000000,0.551102,0.629388,0.503789,0.000000,0.474522,0.000000,0.536456,0.000000,0.000000,0.636163,0.424335,0.622120,0.450950,0.379905,0.444558,0.000000,0.314986,0.000000,0.396372,0.000000,0.000000,0.000000,0.000000,0.000000,0.000000,0.000000,0.000000,0.000000,0.000000,0.000000,0.000000,0.000000,0.432447,0.000000,0.000000,0.000000,0.000000,0.000000,0.551178,0.000000,0.000000,0.000000,0.518090,0.000000,0.000000,0.000000,0.000000,0.000000,0.534551,0.000000,0.545412,0.000000,0.538708,0.000000,0.000000,0.000000
0.000000,0.000000,0.000000,0.000000,0.000000,0.571368,0.000000,0.000000,0.000000,0.000000,0.000000,0.000000,0.000000,0.000000,0.000000,0.552673,0.000000,0.000000,0.000000,0.000000,0.000000,0.000000,0.000000,0.000000,0.000000,0.000000,0.000000,0.519214,0.000000,0.557378,0.000000,0.000000,0.000000,0.000000,0.000000,0.601215,0.000000,0.558122,0.461192,0.450010,0.000000,0.608521,0.636163,0.000000,0.671149,0.414385,0.540543,0.432896,0.682725,0.388052,0.000000,0.420130,0.000000,0.428650,0.000000,0.392370,0.000000,0.000000,0.000000,0.000000,0.000000,0.000000,0.000000,0.000000,0.000000,0.000000,0.359376,0.404084,0.000000,0.000000,0.000000,0.515901,0.000000,0.566959,0.000000,0.588836,0.000000,0.000000,0.000000,0.000000,0.000000,0.000000,0.000000,0.566247,0.000000,0.000000,0.468325,0.000000,0.000000,0.000000
0.000000,0.000000,0.000000,0.000000,0.000000,0.000000,0.000000,0.000000,0.000000,0.000000,0.000000,0.000000,0.000000,0.000000,0.000000,0.000000,0.000000,0.000000,0.000000,0.000000,0.000000,0.000000,0.000000,0.000000,0.000000,0.000000,0.000000,0.000000,0.000000,0.000000,0.000000,0.000000,0.000000,0.000000,0.505226,0.642799,0.452082,0.655472,0.000000,0.000000,0.000000,0.000000,0.424335,0.671149,0.000000,0.608516,0.489019,0.554777,0.389816,0.000000,0.000000,0.000000,0.000000,0.000000,0.000000,0.000000,0.000000,0.000000,0.000000,0.000000,0.000000,0.000000,0.000000,0.000000,0.000000,0.000000,0.466624,0.510433,0.000000,0.000000,0.000000,0.000000,0.000000,0.000000,0.000000,0.000000,0.000000,0.000000,0.000000,0.000000,0.000000,0.000000,0.000000,0.000000,0.000000,0.000000,0.000000,0.000000,0.000000,0.000000
0.000000,0.000000,0.000000,0.000000,0.000000,0.000000,0.000000,0.000000,0.000000,0.000000,0.000000,0.000000,0.000000,0.000000,0.000000,0.518865,0.000000,0.000000,0.000000,0.000000,0.000000,0.000000,0.000000,0.000000,0.000000,0.000000,0.000000,0.497367,0.000000,0.000000,0.000000,0.000000,0.000000,0.000000,0.000000,0.000000,0.000000,0.520579,0.000000,0.494881,0.000000,0.000000,0.622120,0.414385,0.608516,0.000000,0.000000,0.455516,0.703206,0.359075,0.000000,0.264239,0.000000,0.000000,0.000000,0.501579,0.000000,0.000000,0.000000,0.409425,0.000000,0.000000,0.000000,0.000000,0.000000,0.000000,0.584438,0.434521,0.000000,0.000000,0.000000,0.000000,0.000000,0.555266,0.000000,0.572063,0.000000,0.510751,0.000000,0.000000,0.000000,0.000000,0.000000,0.526308,0.000000,0.000000,0.000000,0.502979,0.000000,0.000000
0.000000,0.000000,0.000000,0.000000,0.000000,0.000000,0.000000,0.000000,0.000000,0.000000,0.000000,0.000000,0.509605,0.000000,0.000000,0.000000,0.000000,0.000000,0.000000,0.000000,0.000000,0.000000,0.000000,0.000000,0.000000,0.000000,0.000000,0.000000,0.000000,0.000000,0.000000,0.000000,0.000000,0.000000,0.558453,0.603479,0.446350,0.000000,0.428111,0.537374,0.000000,0.000000,0.450950,0.540543,0.489019,0.000000,0.000000,0.500134,0.000000,0.000000,0.427370,0.000000,0.385919,0.000000,0.407517,0.000000,0.000000,0.000000,0.000000,0.000000,0.000000,0.000000,0.000000,0.000000,0.000000,0.000000,0.488025,0.554902,0.000000,0.000000,0.000000,0.000000,0.563797,0.000000,0.000000,0.000000,0.000000,0.000000,0.000000,0.000000,0.465127,0.000000,0.533227,0.000000,0.481220,0.000000,0.470561,0.000000,0.403725,0.000000
0.000000,0.000000,0.000000,0.000000,0.000000,0.000000,0.000000,0.000000,0.000000,0.000000,0.000000,0.000000,0.000000,0.000000,0.000000,0.529827,0.000000,0.000000,0.000000,0.000000,0.000000,0.577504,0.000000,0.000000,0.000000,0.000000,0.000000,0.569006,0.000000,0.534629,0.000000,0.548051,0.000000,0.541864,0.000000,0.000000,0.000000,0.564203,0.000000,0.367213,0.000000,0.669532,0.379905,0.432896,0.554777,0.455516,0.500134,0.000000,0.000000,0.432655,0.000000,0.000000,0.000000,0.356389,0.000000,0.436480,0.000000,0.000000,0.000000,0.000000,0.000000,0.000000,0.000000,0.000000,0.000000,0.000000,0.000000,0.444062,0.000000,0.000000,0.000000,0.552062,0.000000,0.598763,0.000000,0.000000,0.000000,0.000000,0.000000,0.000000,0.000000,0.000000,0.000000,0.551280,0.000000,0.000000,0.000000,0.468291,0.000000,0.000000
0.000000,0.000000,0.000000,0.000000,0.000000,0.000000,0.000000,0.000000,0.000000,0.000000,0.000000,0.000000,0.505509,0.000000,0.000000,0.000000,0.000000,0.000000,0.000000,0.526639,0.000000,0.000000,0.000000,0.000000,0.000000,0.000000,0.000000,0.000000,0.000000,0.000000,0.000000,0.000000,0.000000,0.000000,0.498165,0.604135,0.467471,0.000000,0.000000,0.000000,0.000000,0.000000,0.444558,0.682725,0.389816,0.703206,0.000000,0.000000,0.000000,0.703943,0.422783,0.000000,0.000000,0.000000,0.434053,0.000000,0.000000,0.000000,0.442630,0.000000,0.385049,0.000000,0.000000,0.000000,0.000000,0.000000,0.384275,0.000000,0.000000,0.000000,0.000000,0.000000,0.499006,0.000000,0.000000,0.000000,0.513564,0.000000,0.000000,0.000000,0.507533,0.000000,0.000000,0.000000,0.493530,0.000000,0.000000,0.000000,0.460212,0.000000
