0.000000,0.000000,0.387093,0.000000,0.000000,0.000000,0.365250,0.000000,0.000000,0.000000,0.375285,0.000000,0.361270,0.000000,0.000000,0.000000,0.323558,0.000000,0.405744,0.509764,0.000000,0.000000,0.000000,0.000000,0.000000,0.000000,0.000000,0.000000,0.409608,0.000000,0.000000,0.000000,0.000000,0.000000,0.000000,0.000000,0.459694,0.000000,0.000000,0.000000,0.000000,0.000000,0.000000,0.000000,0.000000,0.000000,0.000000,0.000000,0.000000,0.000000,0.000000,0.000000,0.000000,0.000000,0.000000,0.000000,0.396137,0.000000,0.423152,0.000000,0.406544,0.000000,0.394473,0.000000,0.000000,0.000000,0.000000,0.000000,0.344499,0.000000,0.000000,0.000000,0.381658,0.000000,0.000000,0.000000,0.000000,0.000000,0.000000,0.000000,0.000000,0.000000,0.000000,0.000000,0.477180,0.000000,0.000000,0.000000,0.000000,0.000000
0.000000,0.000000,0.000000,0.366279,0.000000,0.000000,0.000000,0.396399,0.000000,0.000000,0.000000,0.350235,0.000000,0.000000,0.000000,0.000000,0.000000,0.382145,0.000000,0.406271,0.000000,0.000000,0.000000,0.000000,0.000000,0.000000,0.000000,0.000000,0.000000,0.000000,0.000000,0.000000,0.000000,0.000000,0.000000,0.000000,0.000000,0.000000,0.000000,0.000000,0.000000,0.000000,0.000000,0.000000,0.000000,0.000000,0.000000,0.000000,0.000000,0.000000,0.000000,0.000000,0.000000,0.000000,0.000000,0.000000,0.000000,0.392313,0.000000,0.000000,0.000000,0.457717,0.000000,0.428237,0.000000,0.465183,0.000000,0.000000,0.000000,0.327335,0.000000,0.000000,0.000000,0.440918,0.000000,0.000000,0.000000,0.464715,0.000000,0.000000,0.000000,0.449052,0.000000,0.000000,0.000000,0.463303,0.000000,0.000000,0.000000,0.464520
0.387093,0.000000,0.000000,0.000000,0.291356,0.000000,0.388273,0.000000,0.372861,0.000000,0.000000,0.000000,0.365657,0.000000,0.000000,0.000000,0.000000,0.000000,0.264140,0.000000,0.000000,0.000000,0.296978,0.000000,0.000000,0.000000,0.000000,0.000000,0.398137,0.000000,0.000000,0.000000,0.000000,0.000000,0.000000,0.000000,0.000000,0.000000,0.000000,0.000000,0.000000,0.000000,0.000000,0.000000,0.000000,0.000000,0.000000,0.000000,0.000000,0.000000,0.000000,0.000000,0.000000,0.000000,0.000000,0.000000,0.000000,0.000000,0.000000,0.000000,0.000000,0.000000,0.000000,0.000000,0.000000,0.000000,0.000000,0.000000,0.000000,0.000000,0.000000,0.000000,0.000000,0.000000,0.000000,0.000000,0.000000,0.000000,0.000000,0.000000,0.000000,0.000000,0.000000,0.000000,0.000000,0.000000,0.000000,0.000000,0.000000,0.000000
0.000000,0.366279,0.000000,0.000000,0.000000,0.307089,0.000000,0.361334,0.000000,0.000000,0.000000,0.402910,0.000000,0.386369,0.000000,0.384194,0.000000,0.398053,0.000000,0.362628,0.000000,0.000000,0.000000,0.277616,0.534062,0.000000,0.000000,0.000000,0.468953,0.000000,0.000000,0.347880,0.000000,0.359564,0.000000,0.000000,0.000000,0.000000,0.000000,0.000000,0.000000,0.000000,0.000000,0.000000,0.000000,0.000000,0.000000,0.000000,0.000000,0.000000,0.000000,0.000000,0.000000,0.000000,0.000000,0.000000,0.000000,0.000000,0.000000,0.000000,0.000000,0.000000,0.000000,0.000000,0.000000,0.000000,0.000000,0.445409,0.000000,0.000000,0.000000,0.358992,0.000000,0.385458,0.000000,0.000000,0.502854,0.000000,0.000000,0.000000,0.000000,0.000000,0.000000,0.000000,0.000000,0.000000,0.000000,0.000000,0.000000,0.000000
0.000000,0.000000,0.291356,0.000000,0.000000,0.000000,0.000000,0.000000,0.350399,0.000000,0.000000,0.000000,0.000000,0.000000,0.350595,0.000000,0.000000,0.000000,0.000000,0.000000,0.330087,0.000000,0.269957,0.000000,0.333921,0.477355,0.336115,0.572467,0.351536,0.000000,0.000000,0.000000,0.000000,0.000000,0.000000,0.000000,0.000000,0.000000,0.000000,0.000000,0.000000,0.000000,0.000000,0.000000,0.000000,0.000000,0.000000,0.000000,0.000000,0.000000,0.000000,0.000000,0.000000,0.000000,0.000000,0.000000,0.000000,0.000000,0.000000,0.000000,0.000000,0.000000,0.000000,0.000000,0.000000,0.000000,0.000000,0.000000,0.000000,0.000000,0.324399,0.518977,0.356755,0.000000,0.000000,0.000000,0.000000,0.000000,0.000000,0.000000,0.000000,0.000000,0.423322,0.000000,0.000000,0.000000,0.000000,0.000000,0.000000,0.000000
0.000000,0.000000,0.000000,0.307089,0.000000,0.000000,0.000000,0.000000,0.000000,0.345556,0.000000,0.000000,0.000000,0.331645,0.000000,0.365392,0.000000,0.000000,0.000000,0.000000,0.446037,0.400483,0.000000,0.288480,0.531673,0.444114,0.462709,0.334045,0.000000,0.351749,0.000000,0.000000,0.000000,0.000000,0.000000,0.000000,0.000000,0.000000,0.000000,0.000000,0.000000,0.466463,0.000000,0.000000,0.000000,0.000000,0.000000,0.000000,0.000000,0.000000,0.000000,0.000000,0.000000,0.000000,0.000000,0.000000,0.000000,0.000000,0.000000,0.000000,0.000000,0.000000,0.000000,0.000000,0.000000,0.000000,0.000000,0.000000,0.000000,0.000000,0.000000,0.375004,0.000000,0.375856,0.000000,0.000000,0.000000,0.000000,0.000000,0.000000,0.000000,0.000000,0.000000,0.427266,0.000000,0.000000,0.000000,0.000000,0.000000,0.000000
0.365250,0.000000,0.388273,0.000000,0.000000,0.000000,0.000000,0.000000,0.350405,0.000000,0.362083,0.000000,0.326861,0.000000,0.362848,0.000000,0.000000,0.000000,0.405797,0.000000,0.000000,0.000000,0.000000,0.000000,0.000000,0.000000,0.000000,0.000000,0.000000,0.000000,0.000000,0.000000,0.000000,0.000000,0.000000,0.000000,0.000000,0.000000,0.000000,0.000000,0.000000,0.000000,0.000000,0.000000,0.000000,0.000000,0.000000,0.000000,0.000000,0.000000,0.000000,0.000000,0.000000,0.000000,0.000000,0.000000,0.000000,0.000000,0.000000,0.000000,0.000000,0.000000,0.000000,0.000000,0.000000,0.000000,0.000000,0.000000,0.000000,0.000000,0.000000,0.000000,0.000000,0.000000,0.000000,0.000000,0.000000,0.000000,0.000000,0.000000,0.000000,0.000000,0.000000,0.000000,0.000000,0.000000,0.000000,0.000000,0.000000,0.000000
0.000000,0.396399,0.000000,0.361334,0.000000,0.000000,0.000000,0.000000,0.000000,0.000000,0.000000,0.367295,0.000000,0.370271,0.000000,0.000000,0.000000,0.000000,0.000000,0.000000,0.000000,0.000000,0.000000,0.350391,0.000000,0.000000,0.000000,0.000000,0.000000,0.000000,0.000000,0.397793,0.000000,0.000000,0.000000,0.000000,0.000000,0.000000,0.000000,0.000000,0.000000,0.000000,0.000000,0.000000,0.000000,0.000000,0.000000,0.000000,0.000000,0.000000,0.000000,0.000000,0.000000,0.000000,0.000000,0.000000,0.000000,0.000000,0.000000,0.000000,0.000000,0.000000,0.000000,0.000000,0.000000,0.000000,0.000000,0.000000,0.000000,0.000000,0.000000,0.000000,0.000000,0.000000,0.000000,0.000000,0.000000,0.000000,0.000000,0.000000,0.000000,0.000000,0.000000,0.000000,0.000000,0.000000,0.000000,0.000000,0.000000,0.000000
0.000000,0.000000,0.372861,0.000000,0.350399,0.000000,0.350405,0.000000,0.000000,0.000000,0.000000,0.000000,0.000000,0.000000,0.330506,0.000000,0.000000,0.000000,0.000000,0.000000,0.000000,0.000000,0.000000,0.000000,0.379301,0.000000,0.400059,0.000000,0.353391,0.000000,0.000000,0.000000,0.000000,0.000000,0.000000,0.000000,0.000000,0.000000,0.000000,0.000000,0.000000,0.000000,0.000000,0.000000,0.000000,0.000000,0.000000,0.000000,0.000000,0.000000,0.000000,0.000000,0.000000,0.000000,0.000000,0.000000,0.000000,0.000000,0.000000,0.000000,0.000000,0.000000,0.000000,0.000000,0.000000,0.000000,0.000000,0.000000,0.000000,0.000000,0.000000,0.000000,0.000000,0.000000,0.000000,0.000000,0.000000,0.000000,0.000000,0.000000,0.000000,0.000000,0.000000,0.000000,0.000000,0.000000,0.000000,0.000000,0.000000,0.000000
0.000000,0.000000,0.000000,0.000000,0.000000,0.345556,0.000000,0.000000,0.000000,0.000000,0.000000,0.000000,0.000000,0.339989,0.000000,0.354007,0.000000,0.000000,0.000000,0.000000,0.000000,0.000000,0.000000,0.000000,0.000000,0.000000,0.000000,0.000000,0.000000,0.332223,0.000000,0.000000,0.000000,0.000000,0.000000,0.000000,0.000000,0.381337,0.000000,0.000000,0.000000,0.368761,0.000000,0.000000,0.000000,0.000000,0.000000,0.000000,0.000000,0.000000,0.000000,0.000000,0.000000,0.000000,0.000000,0.000000,0.000000,0.000000,0.000000,0.000000,0.000000,0.000000,0.000000,0.000000,0.000000,0.000000,0.000000,0.000000,0.000000,0.000000,0.000000,0.000000,0.000000,0.349203,0.000000,0.000000,0.000000,0.401514,0.000000,0.000000,0.000000,0.000000,0.000000,0.371834,0.000000,0.000000,0.000000,0.000000,0.000000,0.000000
0.375285,0.000000,0.000000,0.000000,0.000000,0.000000,0.362083,0.000000,0.000000,0.000000,0.000000,0.000000,0.333684,0.000000,0.000000,0.000000,0.419379,0.000000,0.404964,0.000000,0.000000,0.000000,0.395114,0.000000,0.000000,0.000000,0.000000,0.000000,0.314258,0.000000,0.000000,0.000000,0.000000,0.000000,0.000000,0.000000,0.000000,0.000000,0.000000,0.000000,0.000000,0.000000,0.000000,0.000000,0.000000,0.000000,0.000000,0.000000,0.000000,0.000000,0.000000,0.000000,0.000000,0.000000,0.000000,0.000000,0.427201,0.000000,0.000000,0.000000,0.000000,0.000000,0.000000,0.000000,0.000000,0.000000,0.000000,0.000000,0.000000,0.000000,0.000000,0.000000,0.000000,0.000000,0.000000,0.000000,0.000000,0.000000,0.000000,0.000000,0.366450,0.000000,0.000000,0.000000,0.433551,0.000000,0.000000,0.000000,0.000000,0.000000
0.000000,0.350235,0.000000,0.402910,0.000000,0.000000,0.000000,0.367295,0.000000,0.000000,0.000000,0.000000,0.000000,0.275926,0.000000,0.291187,0.000000,0.401723,0.000000,0.406442,0.000000,0.000000,0.000000,0.384527,0.000000,0.000000,0.000000,0.000000,0.000000,0.343110,0.000000,0.000000,0.000000,0.000000,0.000000,0.000000,0.000000,0.000000,0.000000,0.000000,0.000000,0.000000,0.000000,0.000000,0.000000,0.000000,0.000000,0.000000,0.000000,0.000000,0.000000,0.000000,0.000000,0.000000,0.000000,0.000000,0.000000,0.000000,0.000000,0.000000,0.000000,0.000000,0.000000,0.000000,0.000000,0.000000,0.000000,0.000000,0.000000,0.000000,0.000000,0.000000,0.000000,0.352888,0.000000,0.000000,0.000000,0.000000,0.000000,0.000000,0.000000,0.000000,0.000000,0.000000,0.000000,0.000000,0.000000,0.000000,0.000000,0.000000
0.361270,0.000000,0.365657,0.000000,0.000000,0.000000,0.326861,0.000000,0.000000,0.000000,0.333684,0.000000,0.000000,0.000000,0.308491,0.000000,0.000000,0.000000,0.414831,0.000000,0.000000,0.000000,0.383038,0.000000,0.000000,0.000000,0.000000,0.000000,0.381472,0.000000,0.000000,0.000000,0.000000,0.000000,0.000000,0.000000,0.000000,0.000000,0.000000,0.000000,0.000000,0.000000,0.000000,0.000000,0.000000,0.000000,0.000000,0.000000,0.000000,0.000000,0.000000,0.000000,0.000000,0.000000,0.000000,0.000000,0.000000,0.000000,0.000000,0.000000,0.000000,0.000000,0.000000,0.000000,0.000000,0.000000,0.000000,0.000000,0.000000,0.000000,0.000000,0.000000,0.000000,0.000000,0.000000,0.000000,0.000000,0.000000,0.000000,0.000000,0.000000,0.000000,0.000000,0.000000,0.000000,0.000000,0.000000,0.000000,0.000000,0.000000
0.000000,0.000000,0.000000,0.386369,0.000000,0.331645,0.000000,0.370271,0.000000,0.339989,0.000000,0.275926,0.000000,0.000000,0.000000,0.370282,0.000000,0.000000,0.000000,0.000000,0.000000,0.000000,0.000000,0.376050,0.000000,0.320223,0.000000,0.000000,0.000000,0.378489,0.000000,0.407094,0.000000,0.000000,0.000000,0.000000,0.000000,0.000000,0.000000,0.365336,0.000000,0.393367,0.000000,0.000000,0.000000,0.000000,0.000000,0.000000,0.000000,0.000000,0.000000,0.000000,0.000000,0.000000,0.000000,0.000000,0.000000,0.000000,0.000000,0.000000,0.000000,0.000000,0.000000,0.000000,0.000000,0.000000,0.000000,0.000000,0.000000,0.000000,0.000000,0.000000,0.000000,0.387293,0.000000,0.384547,0.000000,0.401968,0.000000,0.000000,0.000000,0.000000,0.000000,0.395615,0.000000,0.000000,0.000000,0.000000,0.000000,0.000000
0.000000,0.000000,0.000000,0.000000,0.350595,0.000000,0.362848,0.000000,0.330506,0.000000,0.000000,0.000000,0.308491,0.000000,0.000000,0.000000,0.000000,0.000000,0.000000,0.000000,0.307341,0.000000,0.000000,0.000000,0.400304,0.471610,0.398455,0.000000,0.393610,0.000000,0.000000,0.000000,0.000000,0.000000,0.000000,0.000000,0.000000,0.000000,0.000000,0.000000,0.000000,0.000000,0.000000,0.000000,0.000000,0.000000,0.000000,0.000000,0.000000,0.000000,0.000000,0.000000,0.000000,0.000000,0.000000,0.000000,0.000000,0.000000,0.000000,0.000000,0.000000,0.000000,0.000000,0.000000,0.000000,0.000000,0.000000,0.000000,0.000000,0.000000,0.304289,0.000000,0.000000,0.000000,0.000000,0.000000,0.000000,0.000000,0.000000,0.000000,0.000000,0.000000,0.216581,0.000000,0.000000,0.000000,0.000000,0.000000,0.000000,0.000000
0.000000,0.000000,0.000000,0.384194,0.000000,0.365392,0.000000,0.000000,0.000000,0.354007,0.000000,0.291187,0.000000,0.370282,0.000000,0.000000,0.000000,0.000000,0.000000,0.000000,0.000000,0.277335,0.476503,0.373992,0.000000,0.373276,0.000000,0.333078,0.493945,0.354689,0.000000,0.000000,0.000000,0.000000,0.000000,0.000000,0.452715,0.421251,0.000000,0.280591,0.000000,0.399358,0.497756,0.478440,0.516145,0.476663,0.517034,0.480476,0.000000,0.475223,0.000000,0.472363,0.000000,0.000000,0.000000,0.491277,0.000000,0.000000,0.000000,0.431697,0.000000,0.000000,0.000000,0.000000,0.000000,0.000000,0.479018,0.442467,0.000000,0.000000,0.000000,0.357686,0.465218,0.388761,0.000000,0.366388,0.000000,0.409526,0.000000,0.000000,0.000000,0.000000,0.479962,0.400549,0.000000,0.000000,0.000000,0.398164,0.000000,0.000000
0.323558,0.000000,0.000000,0.000000,0.000000,0.000000,0.000000,0.000000,0.000000,0.000000,0.419379,0.000000,0.000000,0.000000,0.000000,0.000000,0.000000,0.000000,0.000000,0.000000,0.000000,0.000000,0.000000,0.000000,0.000000,0.000000,0.000000,0.000000,0.333339,0.000000,0.000000,0.000000,0.000000,0.000000,0.000000,0.000000,0.000000,0.000000,0.000000,0.000000,0.000000,0.000000,0.000000,0.000000,0.000000,0.000000,0.000000,0.000000,0.000000,0.000000,0.000000,0.000000,0.000000,0.000000,0.000000,0.000000,0.337870,0.000000,0.000000,0.000000,0.334201,0.000000,0.345821,0.000000,0.340218,0.000000,0.000000,0.000000,0.000000,0.000000,0.000000,0.000000,0.000000,0.000000,0.000000,0.000000,0.000000,0.000000,0.352261,0.000000,0.374592,0.000000,0.000000,0.000000,0.460192,0.000000,0.000000,0.000000,0.000000,0.000000
0.000000,0.382145,0.000000,0.398053,0.000000,0.000000,0.000000,0.000000,0.000000,0.000000,0.000000,0.401723,0.000000,0.000000,0.000000,0.000000,0.000000,0.000000,0.000000,0.399990,0.000000,0.000000,0.000000,0.000000,0.000000,0.000000,0.000000,0.000000,0.000000,0.369217,0.000000,0.000000,0.000000,0.000000,0.000000,0.000000,0.000000,0.000000,0.000000,0.000000,0.000000,0.000000,0.000000,0.000000,0.000000,0.000000,0.000000,0.000000,0.000000,0.000000,0.000000,0.000000,0.000000,0.000000,0.000000,0.000000,0.000000,0.354804,0.000000,0.409210,0.000000,0.373449,0.000000,0.340037,0.000000,0.000000,0.000000,0.000000,0.000000,0.000000,0.000000,0.000000,0.000000,0.344958,0.000000,0.000000,0.000000,0.000000,0.000000,0.322736,0.000000,0.402856,0.000000,0.000000,0.000000,0.000000,0.000000,0.000000,0.000000,0.000000
0.405744,0.000000,0.264140,0.000000,0.000000,0.000000,0.405797,0.000000,0.000000,0.000000,0.404964,0.000000,0.414831,0.000000,0.000000,0.000000,0.000000,0.000000,0.000000,0.518046,0.000000,0.000000,0.305703,0.000000,0.000000,0.000000,0.000000,0.000000,0.404854,0.000000,0.391581,0.000000,0.349300,0.491669,0.000000,0.000000,0.475541,0.000000,0.000000,0.000000,0.000000,0.000000,0.000000,0.000000,0.000000,0.000000,0.000000,0.000000,0.000000,0.000000,0.000000,0.000000,0.000000,0.000000,0.000000,0.000000,0.398198,0.000000,0.000000,0.000000,0.000000,0.000000,0.000000,0.000000,0.000000,0.000000,0.000000,0.000000,0.335550,0.000000,0.496071,0.490953,0.426179,0.000000,0.419830,0.000000,0.414380,0.508888,0.000000,0.000000,0.000000,0.000000,0.000000,0.000000,0.000000,0.000000,0.000000,0.000000,0.000000,0.000000
0.509764,0.406271,0.000000,0.362628,0.000000,0.000000,0.000000,0.000000,0.000000,0.000000,0.000000,0.406442,0.000000,0.000000,0.000000,0.000000,0.000000,0.399990,0.518046,0.000000,0.000000,0.000000,0.000000,0.293457,0.000000,0.000000,0.000000,0.000000,0.000000,0.000000,0.000000,0.330411,0.460451,0.363003,0.000000,0.000000,0.000000,0.000000,0.000000,0.000000,0.000000,0.000000,0.000000,0.000000,0.000000,0.000000,0.000000,0.000000,0.000000,0.000000,0.000000,0.000000,0.000000,0.000000,0.000000,0.000000,0.000000,0.000000,0.000000,0.000000,0.000000,0.000000,0.000000,0.000000,0.000000,0.000000,0.439667,0.424941,0.506465,0.366650,0.514924,0.440803,0.479396,0.391289,0.493704,0.000000,0.505674,0.436903,0.000000,0.000000,0.000000,0.000000,0.000000,0.000000,0.000000,0.000000,0.000000,0.000000,0.000000,0.000000
0.000000,0.000000,0.000000,0.000000,0.330087,0.446037,0.000000,0.000000,0.000000,0.000000,0.000000,0.000000,0.000000,0.000000,0.307341,0.000000,0.000000,0.000000,0.000000,0.000000,0.000000,0.517072,0.000000,0.000000,0.336035,0.419914,0.315319,0.444384,0.228817,0.000000,0.305569,0.000000,0.000000,0.000000,0.000000,0.000000,0.000000,0.000000,0.000000,0.000000,0.000000,0.000000,0.000000,0.000000,0.000000,0.000000,0.000000,0.000000,0.000000,0.000000,0.000000,0.000000,0.000000,0.000000,0.000000,0.000000,0.000000,0.000000,0.000000,0.000000,0.000000,0.000000,0.000000,0.000000,0.000000,0.000000,0.000000,0.000000,0.000000,0.000000,0.263924,0.000000,0.000000,0.000000,0.000000,0.000000,0.000000,0.000000,0.000000,0.000000,0.000000,0.000000,0.000000,0.000000,0.000000,0.000000,0.000000,0.000000,0.000000,0.000000
0.000000,0.000000,0.000000,0.000000,0.000000,0.400483,0.000000,0.000000,0.000000,0.000000,0.000000,0.000000,0.000000,0.000000,0.000000,0.277335,0.000000,0.000000,0.000000,0.000000,0.517072,0.000000,0.000000,0.322400,0.378946,0.376609,0.000000,0.358156,0.000000,0.303667,0.000000,0.297174,0.000000,0.000000,0.000000,0.000000,0.000000,0.000000,0.000000,0.292947,0.000000,0.000000,0.000000,0.000000,0.000000,0.000000,0.000000,0.000000,0.000000,0.000000,0.000000,0.000000,0.000000,0.000000,0.000000,0.000000,0.000000,0.000000,0.000000,0.000000,0.000000,0.000000,0.000000,0.000000,0.000000,0.000000,0.000000,0.000000,0.000000,0.000000,0.493526,0.301656,0.000000,0.316782,0.000000,0.000000,0.000000,0.000000,0.000000,0.000000,0.000000,0.000000,0.000000,0.364946,0.000000,0.000000,0.000000,0.000000,0.000000,0.000000
0.000000,0.000000,0.296978,0.000000,0.269957,0.000000,0.000000,0.000000,0.000000,0.000000,0.395114,0.000000,0.383038,0.000000,0.000000,0.476503,0.000000,0.000000,0.305703,0.000000,0.000000,0.000000,0.000000,0.498776,0.317677,0.000000,0.000000,0.000000,0.376743,0.000000,0.346323,0.480142,0.421252,0.000000,0.000000,0.000000,0.000000,0.000000,0.000000,0.000000,0.000000,0.000000,0.503237,0.505393,0.491747,0.000000,0.511881,0.000000,0.000000,0.000000,0.459425,0.000000,0.000000,0.000000,0.000000,0.000000,0.000000,0.000000,0.000000,0.000000,0.000000,0.000000,0.000000,0.000000,0.000000,0.000000,0.455626,0.000000,0.000000,0.000000,0.000000,0.000000,0.387850,0.000000,0.000000,0.000000,0.453766,0.000000,0.000000,0.000000,0.463400,0.000000,0.431644,0.000000,0.000000,0.000000,0.000000,0.000000,0.000000,0.000000
0.000000,0.000000,0.000000,0.277616,0.000000,0.288480,0.000000,0.350391,0.000000,0.000000,0.000000,0.384527,0.000000,0.376050,0.000000,0.373992,0.000000,0.000000,0.000000,0.293457,0.000000,0.322400,0.498776,0.000000,0.508110,0.276672,0.000000,0.000000,0.495710,0.352951,0.495670,0.327402,0.000000,0.340467,0.000000,0.000000,0.450472,0.000000,0.000000,0.000000,0.000000,0.000000,0.000000,0.000000,0.000000,0.000000,0.000000,0.000000,0.000000,0.000000,0.000000,0.000000,0.000000,0.000000,0.000000,0.000000,0.000000,0.000000,0.000000,0.000000,0.000000,0.000000,0.000000,0.000000,0.000000,0.000000,0.000000,0.000000,0.000000,0.000000,0.000000,0.353383,0.488970,0.379213,0.000000,0.000000,0.481007,0.000000,0.000000,0.000000,0.503011,0.000000,0.464976,0.000000,0.000000,0.000000,0.000000,0.000000,0.000000,0.000000
0.000000,0.000000,0.000000,0.534062,0.333921,0.531673,0.000000,0.000000,0.379301,0.000000,0.000000,0.000000,0.000000,0.000000,0.400304,0.000000,0.000000,0.000000,0.000000,0.000000,0.336035,0.378946,0.317677,0.508110,0.000000,0.507229,0.321648,0.518668,0.404357,0.000000,0.354414,0.480739,0.410633,0.000000,0.000000,0.000000,0.440191,0.000000,0.000000,0.000000,0.000000,0.000000,0.489832,0.000000,0.471466,0.000000,0.485736,0.000000,0.000000,0.000000,0.455052,0.000000,0.000000,0.000000,0.000000,0.000000,0.000000,0.000000,0.000000,0.000000,0.423572,0.000000,0.000000,0.000000,0.435660,0.000000,0.444773,0.000000,0.000000,0.000000,0.000000,0.000000,0.379924,0.000000,0.377873,0.000000,0.423320,0.468426,0.000000,0.000000,0.000000,0.000000,0.424714,0.000000,0.000000,0.000000,0.000000,0.000000,0.000000,0.000000
0.000000,0.000000,0.000000,0.000000,0.477355,0.444114,0.000000,0.000000,0.000000,0.000000,0.000000,0.000000,0.000000,0.320223,0.471610,0.373276,0.000000,0.000000,0.000000,0.000000,0.419914,0.376609,0.000000,0.276672,0.507229,0.000000,0.499729,0.348919,0.000000,0.000000,0.000000,0.310940,0.000000,0.000000,0.000000,0.000000,0.000000,0.000000,0.000000,0.000000,0.000000,0.000000,0.000000,0.000000,0.000000,0.000000,0.000000,0.000000,0.000000,0.000000,0.000000,0.000000,0.000000,0.000000,0.000000,0.000000,0.000000,0.000000,0.000000,0.000000,0.000000,0.000000,0.000000,0.000000,0.000000,0.000000,0.000000,0.000000,0.000000,0.000000,0.551678,0.000000,0.000000,0.000000,0.000000,0.000000,0.000000,0.000000,0.000000,0.000000,0.000000,0.000000,0.000000,0.000000,0.000000,0.000000,0.000000,0.000000,0.000000,0.000000
0.000000,0.000000,0.000000,0.000000,0.336115,0.462709,0.000000,0.000000,0.400059,0.000000,0.000000,0.000000,0.000000,0.000000,0.398455,0.000000,0.000000,0.000000,0.000000,0.000000,0.315319,0.000000,0.000000,0.000000,0.321648,0.499729,0.000000,0.548342,0.396236,0.000000,0.303740,0.000000,0.000000,0.000000,0.000000,0.000000,0.000000,0.000000,0.000000,0.000000,0.447125,0.000000,0.481864,0.000000,0.460062,0.000000,0.469559,0.000000,0.000000,0.000000,0.000000,0.000000,0.000000,0.000000,0.000000,0.000000,0.000000,0.000000,0.000000,0.000000,0.000000,0.000000,0.000000,0.000000,0.000000,0.000000,0.000000,0.000000,0.000000,0.000000,0.411557,0.517171,0.350114,0.000000,0.391900,0.000000,0.000000,0.000000,0.000000,0.000000,0.000000,0.000000,0.415600,0.000000,0.000000,0.000000,0.000000,0.000000,0.000000,0.000000
0.000000,0.000000,0.000000,0.000000,0.572467,0.334045,0.000000,0.000000,0.000000,0.000000,0.000000,0.000000,0.000000,0.000000,0.000000,0.333078,0.000000,0.000000,0.000000,0.000000,0.444384,0.358156,0.000000,0.000000,0.518668,0.348919,0.548342,0.000000,0.000000,0.000000,0.000000,0.308274,0.000000,0.000000,0.000000,0.000000,0.000000,0.000000,0.000000,0.000000,0.000000,0.373119,0.000000,0.000000,0.000000,0.000000,0.000000,0.000000,0.000000,0.000000,0.000000,0.000000,0.000000,0.000000,0.000000,0.000000,0.000000,0.000000,0.000000,0.000000,0.000000,0.000000,0.000000,0.000000,0.000000,0.000000,0.000000,0.000000,0.000000,0.000000,0.508498,0.354823,0.000000,0.360172,0.000000,0.000000,0.000000,0.000000,0.000000,0.000000,0.000000,0.000000,0.000000,0.412537,0.000000,0.000000,0.000000,0.000000,0.000000,0.000000
0.409608,0.000000,0.398137,0.468953,0.351536,0.000000,0.000000,0.000000,0.353391,0.000000,0.314258,0.000000,0.381472,0.000000,0.393610,0.493945,0.333339,0.000000,0.404854,0.000000,0.228817,0.000000,0.376743,0.495710,0.404357,0.000000,0.396236,0.000000,0.000000,0.000000,0.000000,0.492235,0.000000,0.481277,0.000000,0.000000,0.000000,0.000000,0.000000,0.000000,0.339403,0.000000,0.536397,0.000000,0.000000,0.000000,0.000000,0.000000,0.000000,0.000000,0.000000,0.000000,0.000000,0.000000,0.000000,0.000000,0.393891,0.000000,0.000000,0.000000,0.372580,0.000000,0.365965,0.000000,0.000000,0.000000,0.000000,0.000000,0.000000,0.000000,0.337639,0.000000,0.345920,0.000000,0.000000,0.000000,0.000000,0.000000,0.332076,0.000000,0.363671,0.000000,0.401593,0.000000,0.432941,0.000000,0.000000,0.000000,0.000000,0.000000
0.000000,0.000000,0.000000,0.000000,0.000000,0.351749,0.000000,0.000000,0.000000,0.332223,0.000000,0.343110,0.000000,0.378489,0.000000,0.354689,0.000000,0.369217,0.000000,0.000000,0.000000,0.303667,0.000000,0.352951,0.000000,0.000000,0.000000,0.000000,0.000000,0.000000,0.000000,0.391881,0.000000,0.000000,0.000000,0.000000,0.000000,0.536427,0.000000,0.327009,0.000000,0.415733,0.000000,0.531814,0.000000,0.529989,0.000000,0.501995,0.000000,0.000000,0.000000,0.474640,0.000000,0.000000,0.000000,0.000000,0.000000,0.434816,0.000000,0.451692,0.000000,0.000000,0.000000,0.331047,0.000000,0.000000,0.000000,0.457360,0.000000,0.000000,0.000000,0.372162,0.000000,0.307234,0.000000,0.000000,0.000000,0.398508,0.000000,0.321894,0.000000,0.391355,0.000000,0.384201,0.000000,0.488336,0.000000,0.000000,0.000000,0.000000
0.000000,0.000000,0.000000,0.000000,0.000000,0.000000,0.000000,0.000000,0.000000,0.000000,0.000000,0.000000,0.000000,0.000000,0.000000,0.000000,0.000000,0.000000,0.391581,0.000000,0.305569,0.000000,0.346323,0.495670,0.354414,0.000000,0.303740,0.000000,0.000000,0.000000,0.000000,0.466091,0.485954,0.000000,0.485447,0.000000,0.000000,0.000000,0.000000,0.000000,0.000000,0.000000,0.000000,0.000000,0.000000,0.000000,0.000000,0.000000,0.000000,0.000000,0.000000,0.000000,0.000000,0.000000,0.000000,0.000000,0.000000,0.000000,0.000000,0.000000,0.000000,0.000000,0.000000,0.000000,0.000000,0.000000,0.462003,0.000000,0.000000,0.000000,0.271760,0.000000,0.000000,0.000000,0.000000,0.000000,0.000000,0.000000,0.000000,0.000000,0.000000,0.000000,0.000000,0.000000,0.000000,0.000000,0.000000,0.000000,0.000000,0.000000
0.000000,0.000000,0.000000,0.347880,0.000000,0.000000,0.000000,0.397793,0.000000,0.000000,0.000000,0.000000,0.000000,0.407094,0.000000,0.000000,0.000000,0.000000,0.000000,0.330411,0.000000,0.297174,0.480142,0.327402,0.480739,0.310940,0.000000,0.308274,0.492235,0.391881,0.466091,0.000000,0.510523,0.332055,0.000000,0.000000,0.451796,0.000000,0.000000,0.000000,0.000000,0.000000,0.000000,0.000000,0.000000,0.000000,0.547293,0.000000,0.000000,0.000000,0.474831,0.000000,0.000000,0.000000,0.000000,0.000000,0.000000,0.000000,0.000000,0.000000,0.000000,0.000000,0.000000,0.000000,0.000000,0.000000,0.477918,0.452477,0.000000,0.000000,0.000000,0.301627,0.507536,0.000000,0.000000,0.000000,0.000000,0.000000,0.000000,0.000000,0.483626,0.000000,0.473840,0.000000,0.000000,0.000000,0.000000,0.000000,0.000000,0.000000
0.000000,0.000000,0.000000,0.000000,0.000000,0.000000,0.000000,0.000000,0.000000,0.000000,0.000000,0.000000,0.000000,0.000000,0.000000,0.000000,0.000000,0.000000,0.349300,0.460451,0.000000,0.000000,0.421252,0.000000,0.410633,0.000000,0.000000,0.000000,0.000000,0.000000,0.485954,0.510523,0.000000,0.429496,0.392243,0.415667,0.000000,0.000000,0.000000,0.000000,0.000000,0.000000,0.000000,0.000000,0.000000,0.000000,0.000000,0.000000,0.000000,0.000000,0.000000,0.000000,0.000000,0.000000,0.000000,0.000000,0.392703,0.000000,0.393568,0.000000,0.000000,0.000000,0.000000,0.000000,0.000000,0.000000,0.394646,0.486143,0.367625,0.485653,0.000000,0.501455,0.000000,0.000000,0.000000,0.000000,0.432857,0.509242,0.000000,0.000000,0.000000,0.000000,0.000000,0.000000,0.000000,0.000000,0.000000,0.000000,0.000000,0.000000
0.000000,0.000000,0.000000,0.359564,0.000000,0.000000,0.000000,0.000000,0.000000,0.000000,0.000000,0.000000,0.000000,0.000000,0.000000,0.000000,0.000000,0.000000,0.491669,0.363003,0.000000,0.000000,0.000000,0.340467,0.000000,0.000000,0.000000,0.000000,0.481277,0.000000,0.000000,0.332055,0.429496,0.000000,0.328945,0.410797,0.000000,0.000000,0.000000,0.000000,0.000000,0.000000,0.000000,0.000000,0.000000,0.000000,0.000000,0.000000,0.000000,0.000000,0.000000,0.000000,0.000000,0.000000,0.000000,0.000000,0.000000,0.000000,0.000000,0.000000,0.000000,0.000000,0.000000,0.000000,0.000000,0.000000,0.438958,0.424635,0.477329,0.389111,0.000000,0.402730,0.490184,0.000000,0.000000,0.000000,0.529100,0.000000,0.000000,0.000000,0.000000,0.000000,0.000000,0.000000,0.000000,0.000000,0.000000,0.000000,0.000000,0.000000
0.000000,0.000000,0.000000,0.000000,0.000000,0.000000,0.000000,0.000000,0.000000,0.000000,0.000000,0.000000,0.000000,0.000000,0.000000,0.000000,0.000000,0.000000,0.000000,0.000000,0.000000,0.000000,0.000000,0.000000,0.000000,0.000000,0.000000,0.000000,0.000000,0.000000,0.485447,0.000000,0.392243,0.328945,0.000000,0.370070,0.449447,0.000000,0.492656,0.000000,0.000000,0.000000,0.457909,0.000000,0.443354,0.000000,0.428615,0.000000,0.000000,0.000000,0.000000,0.000000,0.000000,0.000000,0.000000,0.000000,0.000000,0.000000,0.000000,0.000000,0.000000,0.000000,0.000000,0.000000,0.000000,0.000000,0.413448,0.455687,0.000000,0.000000,0.000000,0.000000,0.000000,0.000000,0.000000,0.000000,0.461351,0.000000,0.000000,0.000000,0.000000,0.000000,0.000000,0.000000,0.000000,0.000000,0.000000,0.000000,0.000000,0.000000
0.000000,0.000000,0.000000,0.000000,0.000000,0.000000,0.000000,0.000000,0.000000,0.000000,0.000000,0.000000,0.000000,0.000000,0.000000,0.000000,0.000000,0.000000,0.000000,0.000000,0.000000,0.000000,0.000000,0.000000,0.000000,0.000000,0.000000,0.000000,0.000000,0.000000,0.000000,0.000000,0.415667,0.410797,0.370070,0.000000,0.000000,0.305243,0.000000,0.000000,0.000000,0.000000,0.000000,0.000000,0.000000,0.000000,0.000000,0.437374,0.000000,0.000000,0.000000,0.000000,0.000000,0.000000,0.000000,0.000000,0.000000,0.000000,0.000000,0.000000,0.000000,0.000000,0.000000,0.000000,0.000000,0.000000,0.000000,0.370260,0.000000,0.000000,0.000000,0.000000,0.000000,0.000000,0.000000,0.000000,0.000000,0.000000,0.000000,0.000000,0.000000,0.000000,0.000000,0.000000,0.000000,0.000000,0.000000,0.000000,0.000000,0.000000
0.459694,0.000000,0.000000,0.000000,0.000000,0.000000,0.000000,0.000000,0.000000,0.000000,0.000000,0.000000,0.000000,0.000000,0.000000,0.452715,0.000000,0.000000,0.475541,0.000000,0.000000,0.000000,0.000000,0.450472,0.440191,0.000000,0.000000,0.000000,0.000000,0.000000,0.000000,0.451796,0.000000,0.000000,0.449447,0.000000,0.000000,0.592470,0.425160,0.579793,0.353277,0.000000,0.456844,0.563703,0.504410,0.540482,0.476066,0.562214,0.000000,0.000000,0.000000,0.000000,0.392221,0.000000,0.418678,0.000000,0.471634,0.000000,0.462894,0.000000,0.000000,0.000000,0.000000,0.000000,0.000000,0.000000,0.480830,0.578148,0.000000,0.000000,0.000000,0.000000,0.323720,0.000000,0.000000,0.000000,0.371566,0.563902,0.000000,0.000000,0.413068,0.000000,0.424221,0.000000,0.418873,0.000000,0.414239,0.000000,0.413592,0.000000
0.000000,0.000000,0.000000,0.000000,0.000000,0.000000,0.000000,0.000000,0.000000,0.381337,0.000000,0.000000,0.000000,0.000000,0.000000,0.421251,0.000000,0.000000,0.000000,0.000000,0.000000,0.000000,0.000000,0.000000,0.000000,0.000000,0.000000,0.000000,0.000000,0.536427,0.000000,0.000000,0.000000,0.000000,0.000000,0.305243,0.592470,0.000000,0.000000,0.409100,0.000000,0.356531,0.000000,0.485899,0.000000,0.000000,0.000000,0.573312,0.000000,0.000000,0.000000,0.000000,0.000000,0.000000,0.000000,0.399401,0.000000,0.000000,0.000000,0.000000,0.000000,0.000000,0.000000,0.000000,0.000000,0.000000,0.000000,0.470802,0.000000,0.000000,0.502299,0.000000,0.536978,0.000000,0.000000,0.000000,0.000000,0.412666,0.000000,0.000000,0.000000,0.500066,0.000000,0.478223,0.000000,0.423676,0.000000,0.411814,0.000000,0.351248
0.000000,0.000000,0.000000,0.000000,0.000000,0.000000,0.000000,0.000000,0.000000,0.000000,0.000000,0.000000,0.000000,0.000000,0.000000,0.000000,0.000000,0.000000,0.000000,0.000000,0.000000,0.000000,0.000000,0.000000,0.000000,0.000000,0.000000,0.000000,0.000000,0.000000,0.000000,0.000000,0.000000,0.000000,0.492656,0.000000,0.425160,0.000000,0.000000,0.000000,0.329599,0.000000,0.438619,0.000000,0.468649,0.582782,0.426754,0.000000,0.421421,0.000000,0.358209,0.000000,0.358754,0.000000,0.402070,0.000000,0.000000,0.000000,0.000000,0.000000,0.000000,0.000000,0.000000,0.000000,0.000000,0.000000,0.479541,0.544316,0.000000,0.000000,0.000000,0.000000,0.000000,0.000000,0.000000,0.000000,0.492395,0.545760,0.000000,0.000000,0.455963,0.000000,0.416151,0.000000,0.434790,0.000000,0.418844,0.000000,0.384358,0.000000
0.000000,0.000000,0.000000,0.000000,0.000000,0.000000,0.000000,0.000000,0.000000,0.000000,0.000000,0.000000,0.000000,0.365336,0.000000,0.280591,0.000000,0.000000,0.000000,0.000000,0.000000,0.292947,0.000000,0.000000,0.000000,0.000000,0.000000,0.000000,0.000000,0.327009,0.000000,0.000000,0.000000,0.000000,0.000000,0.000000,0.579793,0.409100,0.000000,0.000000,0.000000,0.308078,0.000000,0.430477,0.000000,0.506182,0.000000,0.403599,0.000000,0.451644,0.000000,0.000000,0.000000,0.407823,0.000000,0.380034,0.000000,0.000000,0.000000,0.454094,0.000000,0.000000,0.000000,0.000000,0.000000,0.000000,0.000000,0.466511,0.000000,0.000000,0.000000,0.000000,0.000000,0.000000,0.000000,0.000000,0.000000,0.496350,0.000000,0.000000,0.000000,0.000000,0.000000,0.471941,0.000000,0.467421,0.000000,0.444745,0.000000,0.407721
0.000000,0.000000,0.000000,0.000000,0.000000,0.000000,0.000000,0.000000,0.000000,0.000000,0.000000,0.000000,0.000000,0.000000,0.000000,0.000000,0.000000,0.000000,0.000000,0.000000,0.000000,0.000000,0.000000,0.000000,0.000000,0.000000,0.447125,0.000000,0.339403,0.000000,0.000000,0.000000,0.000000,0.000000,0.000000,0.000000,0.353277,0.000000,0.329599,0.000000,0.000000,0.000000,0.456324,0.000000,0.505636,0.000000,0.570690,0.000000,0.000000,0.000000,0.000000,0.000000,0.000000,0.000000,0.000000,0.000000,0.000000,0.000000,0.000000,0.000000,0.000000,0.000000,0.000000,0.000000,0.000000,0.000000,0.474777,0.534664,0.000000,0.000000,0.000000,0.000000,0.346990,0.000000,0.308260,0.000000,0.000000,0.549989,0.000000,0.000000,0.000000,0.000000,0.348392,0.000000,0.000000,0.000000,0.404652,0.000000,0.000000,0.000000
0.000000,0.000000,0.000000,0.000000,0.000000,0.466463,0.000000,0.000000,0.000000,0.368761,0.000000,0.000000,0.000000,0.393367,0.000000,0.399358,0.000000,0.000000,0.000000,0.000000,0.000000,0.000000,0.000000,0.000000,0.000000,0.000000,0.000000,0.373119,0.000000,0.415733,0.000000,0.000000,0.000000,0.000000,0.000000,0.000000,0.000000,0.356531,0.000000,0.308078,0.000000,0.000000,0.000000,0.533083,0.000000,0.486640,0.000000,0.527144,0.000000,0.000000,0.000000,0.000000,0.000000,0.000000,0.000000,0.000000,0.000000,0.000000,0.000000,0.000000,0.000000,0.000000,0.000000,0.000000,0.000000,0.000000,0.000000,0.495310,0.000000,0.000000,0.000000,0.381863,0.000000,0.366860,0.000000,0.400592,0.000000,0.427750,0.000000,0.000000,0.000000,0.000000,0.000000,0.380582,0.000000,0.000000,0.000000,0.371703,0.000000,0.000000
0.000000,0.000000,0.000000,0.000000,0.000000,0.000000,0.000000,0.000000,0.000000,0.000000,0.000000,0.000000,0.000000,0.000000,0.000000,0.497756,0.000000,0.000000,0.000000,0.000000,0.000000,0.000000,0.503237,0.000000,0.489832,0.000000,0.481864,0.000000,0.536397,0.000000,0.000000,0.000000,0.000000,0.000000,0.457909,0.000000,0.456844,0.000000,0.438619,0.000000,0.456324,0.000000,0.000000,0.594372,0.424551,0.594103,0.408479,0.374504,0.444988,0.000000,0.283519,0.000000,0.420569,0.000000,0.412039,0.000000,0.000000,0.000000,0.000000,0.000000,0.000000,0.000000,0.000000,0.000000,0.000000,0.000000,0.429275,0.624118,0.000000,0.000000,0.000000,0.000000,0.514315,0.000000,0.000000,0.000000,0.511662,0.000000,0.000000,0.000000,0.514158,0.000000,0.475746,0.000000,0.507517,0.000000,0.000000,0.000000,0.455509,0.000000
0.000000,0.000000,0.000000,0.000000,0.000000,0.000000,0.000000,0.000000,0.000000,0.000000,0.000000,0.000000,0.000000,0.000000,0.000000,0.478440,0.000000,0.000000,0.000000,0.000000,0.000000,0.000000,0.505393,0.000000,0.000000,0.000000,0.000000,0.000000,0.000000,0.531814,0.000000,0.000000,0.000000,0.000000,0.000000,0.000000,0.563703,0.485899,0.000000,0.430477,0.000000,0.533083,0.594372,0.000000,0.544111,0.437170,0.368602,0.408480,0.000000,0.473859,0.000000,0.390674,0.000000,0.384626,0.000000,0.460624,0.000000,0.000000,0.000000,0.000000,0.000000,0.000000,0.000000,0.000000,0.000000,0.000000,0.596888,0.424008,0.000000,0.000000,0.000000,0.000000,0.000000,0.523329,0.000000,0.000000,0.535523,0.480915,0.000000,0.000000,0.520717,0.506265,0.000000,0.494983,0.525347,0.479886,0.000000,0.000000,0.000000,0.462332
0.000000,0.000000,0.000000,0.000000,0.000000,0.000000,0.000000,0.000000,0.000000,0.000000,0.000000,0.000000,0.000000,0.000000,0.000000,0.516145,0.000000,0.000000,0.000000,0.000000,0.000000,0.000000,0.491747,0.000000,0.471466,0.000000,0.460062,0.000000,0.000000,0.000000,0.000000,0.000000,0.000000,0.000000,0.443354,0.000000,0.504410,0.000000,0.468649,0.000000,0.505636,0.000000,0.424551,0.544111,0.000000,0.617761,0.426716,0.000000,0.431327,0.000000,0.424159,0.000000,0.000000,0.000000,0.418944,0.000000,0.000000,0.000000,0.000000,0.000000,0.000000,0.000000,0.000000,0.000000,0.000000,0.000000,0.399537,0.588914,0.000000,0.000000,0.464118,0.000000,0.512161,0.000000,0.000000,0.000000,0.509298,0.000000,0.000000,0.000000,0.518056,0.000000,0.486471,0.000000,0.514452,0.000000,0.000000,0.000000,0.438676,0.000000
0.000000,0.000000,0.000000,0.000000,0.000000,0.000000,0.000000,0.000000,0.000000,0.000000,0.000000,0.000000,0.000000,0.000000,0.000000,0.476663,0.000000,0.000000,0.000000,0.000000,0.000000,0.000000,0.000000,0.000000,0.000000,0.000000,0.000000,0.000000,0.000000,0.529989,0.000000,0.000000,0.000000,0.000000,0.000000,0.000000,0.540482,0.000000,0.582782,0.506182,0.000000,0.486640,0.594103,0.437170,0.617761,0.000000,0.405549,0.473604,0.623053,0.302820,0.000000,0.452776,0.000000,0.000000,0.000000,0.486073,0.000000,0.000000,0.563331,0.368274,0.000000,0.000000,0.000000,0.000000,0.000000,0.000000,0.583840,0.473283,0.000000,0.000000,0.000000,0.000000,0.000000,0.533539,0.000000,0.000000,0.000000,0.480614,0.000000,0.000000,0.000000,0.491812,0.000000,0.488183,0.000000,0.459855,0.000000,0.473762,0.000000,0.494293
0.000000,0.000000,0.000000,0.000000,0.000000,0.000000,0.000000,0.000000,0.000000,0.000000,0.000000,0.000000,0.000000,0.000000,0.000000,0.517034,0.000000,0.000000,0.000000,0.000000,0.000000,0.000000,0.511881,0.000000,0.485736,0.000000,0.469559,0.000000,0.000000,0.000000,0.000000,0.547293,0.000000,0.000000,0.428615,0.000000,0.476066,0.000000,0.426754,0.000000,0.570690,0.000000,0.408479,0.368602,0.426716,0.405549,0.000000,0.367106,0.386500,0.000000,0.361471,0.000000,0.390166,0.000000,0.385920,0.000000,0.000000,0.000000,0.000000,0.000000,0.000000,0.000000,0.000000,0.000000,0.000000,0.000000,0.462163,0.441749,0.000000,0.000000,0.000000,0.000000,0.534193,0.000000,0.000000,0.000000,0.513665,0.000000,0.000000,0.000000,0.517720,0.000000,0.487900,0.000000,0.518463,0.000000,0.481936,0.000000,0.476876,0.000000
0.000000,0.000000,0.000000,0.000000,0.000000,0.000000,0.000000,0.000000,0.000000,0.000000,0.000000,0.000000,0.000000,0.000000,0.000000,0.480476,0.000000,0.000000,0.000000,0.000000,0.000000,0.000000,0.000000,0.000000,0.000000,0.000000,0.000000,0.000000,0.000000,0.501995,0.000000,0.000000,0.000000,0.000000,0.000000,0.437374,0.562214,0.573312,0.000000,0.403599,0.000000,0.527144,0.374504,0.408480,0.000000,0.473604,0.367106,0.000000,0.000000,0.438238,0.000000,0.348919,0.000000,0.348686,0.000000,0.379803,0.000000,0.000000,0.000000,0.000000,0.000000,0.000000,0.000000,0.000000,0.000000,0.000000,0.449339,0.436572,0.000000,0.000000,0.000000,0.000000,0.000000,0.527526,0.000000,0.000000,0.000000,0.000000,0.000000,0.000000,0.000000,0.519721,0.000000,0.526869,0.000000,0.520801,0.000000,0.517737,0.000000,0.552175
0.000000,0.000000,0.000000,0.000000,0.000000,0.000000,0.000000,0.000000,0.000000,0.000000,0.000000,0.000000,0.000000,0.000000,0.000000,0.000000,0.000000,0.000000,0.000000,0.000000,0.000000,0.000000,0.000000,0.000000,0.000000,0.000000,0.000000,0.000000,0.000000,0.000000,0.000000,0.000000,0.000000,0.000000,0.000000,0.000000,0.000000,0.000000,0.421421,0.000000,0.000000,0.000000,0.444988,0.000000,0.431327,0.623053,0.386500,0.000000,0.000000,0.000000,0.295336,0.000000,0.000000,0.000000,0.000000,0.000000,0.000000,0.000000,0.272497,0.000000,0.000000,0.000000,0.000000,0.000000,0.000000,0.000000,0.433501,0.601332,0.000000,0.000000,0.000000,0.000000,0.000000,0.000000,0.000000,0.000000,0.000000,0.000000,0.000000,0.000000,0.000000,0.000000,0.000000,0.000000,0.000000,0.000000,0.000000,0.000000,0.000000,0.000000
