0.000000,0.000000,0.427000,0.000000,0.000000,0.000000,0.452172,0.000000,0.000000,0.000000,0.441694,0.000000,0.465522,0.000000,0.000000,0.000000,0.383266,0.000000,0.563547,0.000000,0.000000,0.000000,0.000000,0.000000,0.000000,0.000000,0.000000,0.000000,0.000000,0.000000,0.000000,0.000000,0.000000,0.000000,0.000000,0.000000,0.529956,0.000000,0.000000,0.000000,0.000000,0.000000,0.000000,0.000000,0.000000,0.000000,0.000000,0.000000,0.000000,0.000000,0.000000,0.000000,0.000000,0.000000,0.000000,0.000000,0.481740,0.000000,0.000000,0.000000,0.484057,0.000000,0.000000,0.000000,0.000000,0.000000,0.000000,0.000000,0.603139,0.000000,0.000000,0.000000,0.426838,0.000000,0.000000,0.000000,0.000000,0.000000,0.000000,0.000000,0.000000,0.000000,0.000000,0.000000,0.503464,0.000000,0.000000,0.000000,0.477235,0.000000
0.000000,0.000000,0.000000,0.471775,0.000000,0.000000,0.000000,0.483995,0.000000,0.000000,0.000000,0.462455,0.000000,0.488461,0.000000,0.000000,0.000000,0.467434,0.000000,0.432655,0.000000,0.000000,0.000000,0.000000,0.000000,0.000000,0.000000,0.000000,0.000000,0.000000,0.000000,0.000000,0.000000,0.000000,0.000000,0.000000,0.000000,0.553956,0.000000,0.000000,0.000000,0.000000,0.000000,0.000000,0.000000,0.000000,0.000000,0.000000,0.000000,0.000000,0.000000,0.000000,0.000000,0.000000,0.000000,0.000000,0.000000,0.464154,0.000000,0.000000,0.000000,0.498548,0.000000,0.491665,0.000000,0.508766,0.000000,0.000000,0.000000,0.368968,0.000000,0.000000,0.000000,0.447855,0.000000,0.484932,0.000000,0.000000,0.000000,0.000000,0.000000,0.000000,0.000000,0.000000,0.000000,0.523110,0.000000,0.000000,0.000000,0.000000
0.427000,0.000000,0.000000,0.000000,0.306717,0.000000,0.439448,0.000000,0.393854,0.000000,0.506104,0.000000,0.397615,0.528026,0.405836,0.000000,0.000000,0.000000,0.390868,0.000000,0.000000,0.000000,0.381836,0.000000,0.000000,0.000000,0.000000,0.000000,0.000000,0.000000,0.000000,0.000000,0.000000,0.000000,0.000000,0.000000,0.000000,0.000000,0.000000,0.000000,0.000000,0.000000,0.000000,0.000000,0.000000,0.000000,0.000000,0.000000,0.000000,0.000000,0.000000,0.000000,0.000000,0.000000,0.000000,0.000000,0.000000,0.000000,0.459345,0.000000,0.000000,0.000000,0.000000,0.000000,0.000000,0.000000,0.501573,0.000000,0.529129,0.000000,0.000000,0.000000,0.440226,0.524105,0.458969,0.000000,0.000000,0.530090,0.000000,0.000000,0.449015,0.000000,0.000000,0.000000,0.000000,0.000000,0.000000,0.000000,0.458053,0.000000
0.000000,0.471775,0.000000,0.000000,0.000000,0.358615,0.000000,0.468313,0.000000,0.418988,0.000000,0.000000,0.000000,0.410040,0.000000,0.375250,0.000000,0.000000,0.000000,0.484762,0.000000,0.000000,0.478206,0.359462,0.482495,0.366839,0.479951,0.000000,0.000000,0.000000,0.426991,0.368163,0.000000,0.332810,0.000000,0.000000,0.000000,0.000000,0.000000,0.000000,0.000000,0.000000,0.000000,0.000000,0.000000,0.000000,0.000000,0.000000,0.000000,0.000000,0.000000,0.000000,0.000000,0.000000,0.000000,0.000000,0.000000,0.000000,0.000000,0.000000,0.000000,0.000000,0.000000,0.000000,0.000000,0.000000,0.000000,0.000000,0.000000,0.000000,0.000000,0.000000,0.000000,0.435416,0.000000,0.457145,0.000000,0.000000,0.000000,0.000000,0.000000,0.000000,0.000000,0.000000,0.000000,0.474368,0.000000,0.000000,0.000000,0.000000
0.000000,0.000000,0.306717,0.000000,0.000000,0.000000,0.000000,0.000000,0.366066,0.000000,0.000000,0.000000,0.000000,0.000000,0.404877,0.000000,0.000000,0.000000,0.000000,0.000000,0.352871,0.000000,0.301281,0.000000,0.374883,0.000000,0.331770,0.000000,0.354649,0.000000,0.364479,0.000000,0.000000,0.000000,0.000000,0.000000,0.000000,0.000000,0.000000,0.000000,0.000000,0.000000,0.504245,0.000000,0.000000,0.000000,0.512807,0.000000,0.000000,0.000000,0.000000,0.000000,0.000000,0.000000,0.000000,0.000000,0.000000,0.000000,0.000000,0.000000,0.000000,0.000000,0.000000,0.000000,0.000000,0.000000,0.000000,0.000000,0.000000,0.000000,0.341033,0.000000,0.000000,0.000000,0.000000,0.000000,0.499236,0.000000,0.000000,0.000000,0.000000,0.000000,0.460992,0.000000,0.000000,0.000000,0.000000,0.000000,0.000000,0.000000
0.000000,0.000000,0.000000,0.358615,0.000000,0.000000,0.000000,0.000000,0.000000,0.395737,0.000000,0.000000,0.000000,0.000000,0.000000,0.399289,0.000000,0.000000,0.000000,0.000000,0.000000,0.314781,0.000000,0.351343,0.549947,0.310344,0.508534,0.358738,0.000000,0.439546,0.528080,0.388737,0.000000,0.000000,0.000000,0.000000,0.000000,0.000000,0.000000,0.000000,0.000000,0.000000,0.000000,0.000000,0.000000,0.000000,0.000000,0.521457,0.000000,0.506882,0.000000,0.526692,0.000000,0.000000,0.000000,0.466511,0.000000,0.000000,0.000000,0.000000,0.000000,0.000000,0.000000,0.000000,0.000000,0.000000,0.000000,0.000000,0.000000,0.000000,0.000000,0.318344,0.000000,0.417786,0.000000,0.422663,0.000000,0.000000,0.000000,0.000000,0.000000,0.483453,0.000000,0.480351,0.000000,0.484079,0.000000,0.454064,0.000000,0.000000
0.452172,0.000000,0.439448,0.000000,0.000000,0.000000,0.000000,0.000000,0.331157,0.000000,0.410802,0.000000,0.386889,0.000000,0.000000,0.000000,0.394520,0.000000,0.000000,0.000000,0.000000,0.000000,0.422899,0.000000,0.000000,0.000000,0.000000,0.000000,0.000000,0.000000,0.412616,0.000000,0.487161,0.000000,0.000000,0.000000,0.000000,0.000000,0.000000,0.000000,0.000000,0.000000,0.000000,0.000000,0.000000,0.000000,0.000000,0.000000,0.000000,0.000000,0.000000,0.000000,0.000000,0.000000,0.000000,0.000000,0.410213,0.000000,0.000000,0.000000,0.000000,0.000000,0.000000,0.000000,0.000000,0.000000,0.515260,0.000000,0.000000,0.000000,0.000000,0.000000,0.000000,0.000000,0.000000,0.000000,0.000000,0.000000,0.000000,0.000000,0.000000,0.000000,0.000000,0.000000,0.467378,0.000000,0.000000,0.000000,0.000000,0.000000
0.000000,0.483995,0.000000,0.468313,0.000000,0.000000,0.000000,0.000000,0.000000,0.365393,0.000000,0.439083,0.000000,0.438177,0.000000,0.000000,0.000000,0.000000,0.000000,0.477433,0.000000,0.000000,0.000000,0.426386,0.000000,0.000000,0.000000,0.000000,0.000000,0.000000,0.000000,0.414903,0.000000,0.000000,0.000000,0.000000,0.000000,0.000000,0.000000,0.000000,0.000000,0.000000,0.000000,0.000000,0.000000,0.000000,0.000000,0.000000,0.000000,0.000000,0.000000,0.000000,0.000000,0.000000,0.000000,0.000000,0.000000,0.429572,0.000000,0.000000,0.000000,0.451982,0.000000,0.000000,0.000000,0.000000,0.000000,0.000000,0.000000,0.000000,0.000000,0.000000,0.497490,0.414308,0.000000,0.000000,0.000000,0.000000,0.000000,0.000000,0.000000,0.000000,0.000000,0.000000,0.000000,0.000000,0.000000,0.000000,0.000000,0.000000
0.000000,0.000000,0.393854,0.000000,0.366066,0.000000,0.331157,0.000000,0.000000,0.000000,0.000000,0.000000,0.000000,0.000000,0.376957,0.000000,0.000000,0.000000,0.000000,0.000000,0.000000,0.000000,0.387029,0.000000,0.000000,0.000000,0.410314,0.000000,0.436182,0.000000,0.000000,0.000000,0.000000,0.000000,0.000000,0.000000,0.000000,0.000000,0.000000,0.000000,0.000000,0.000000,0.000000,0.000000,0.000000,0.000000,0.000000,0.000000,0.472434,0.000000,0.489176,0.000000,0.000000,0.000000,0.000000,0.000000,0.000000,0.000000,0.000000,0.000000,0.000000,0.000000,0.000000,0.000000,0.000000,0.000000,0.000000,0.000000,0.000000,0.000000,0.000000,0.000000,0.394380,0.000000,0.000000,0.000000,0.000000,0.000000,0.000000,0.000000,0.459161,0.000000,0.000000,0.000000,0.000000,0.000000,0.000000,0.000000,0.000000,0.000000
0.000000,0.000000,0.000000,0.418988,0.000000,0.395737,0.000000,0.365393,0.000000,0.000000,0.000000,0.000000,0.000000,0.000000,0.000000,0.385163,0.000000,0.000000,0.000000,0.000000,0.000000,0.000000,0.000000,0.386764,0.000000,0.345922,0.507635,0.000000,0.000000,0.454935,0.000000,0.000000,0.000000,0.000000,0.000000,0.000000,0.000000,0.000000,0.000000,0.000000,0.000000,0.000000,0.000000,0.542563,0.000000,0.000000,0.000000,0.518777,0.000000,0.510164,0.000000,0.000000,0.000000,0.000000,0.000000,0.000000,0.000000,0.000000,0.000000,0.000000,0.000000,0.000000,0.000000,0.000000,0.000000,0.000000,0.000000,0.000000,0.000000,0.000000,0.000000,0.346739,0.000000,0.420513,0.000000,0.447261,0.000000,0.395082,0.000000,0.000000,0.000000,0.475685,0.000000,0.469670,0.000000,0.000000,0.000000,0.481352,0.000000,0.000000
0.441694,0.000000,0.506104,0.000000,0.000000,0.000000,0.410802,0.000000,0.000000,0.000000,0.000000,0.000000,0.420147,0.000000,0.000000,0.000000,0.354516,0.000000,0.425479,0.000000,0.000000,0.000000,0.475979,0.000000,0.000000,0.000000,0.000000,0.000000,0.430101,0.000000,0.000000,0.000000,0.487574,0.508081,0.000000,0.000000,0.000000,0.000000,0.000000,0.000000,0.000000,0.000000,0.000000,0.000000,0.000000,0.000000,0.000000,0.000000,0.000000,0.000000,0.000000,0.000000,0.000000,0.000000,0.000000,0.000000,0.000000,0.000000,0.000000,0.000000,0.000000,0.000000,0.000000,0.000000,0.000000,0.000000,0.000000,0.000000,0.000000,0.000000,0.000000,0.000000,0.000000,0.000000,0.000000,0.000000,0.000000,0.000000,0.000000,0.000000,0.000000,0.000000,0.000000,0.000000,0.457345,0.000000,0.000000,0.000000,0.000000,0.000000
0.000000,0.462455,0.000000,0.000000,0.000000,0.000000,0.000000,0.439083,0.000000,0.000000,0.000000,0.000000,0.000000,0.399906,0.000000,0.000000,0.000000,0.417037,0.000000,0.464606,0.000000,0.000000,0.000000,0.455081,0.000000,0.000000,0.000000,0.000000,0.000000,0.344573,0.000000,0.000000,0.000000,0.000000,0.000000,0.000000,0.000000,0.000000,0.000000,0.000000,0.000000,0.000000,0.000000,0.000000,0.000000,0.000000,0.000000,0.000000,0.000000,0.000000,0.000000,0.000000,0.000000,0.000000,0.000000,0.000000,0.000000,0.000000,0.000000,0.000000,0.000000,0.509167,0.000000,0.491408,0.000000,0.000000,0.000000,0.000000,0.000000,0.000000,0.000000,0.000000,0.000000,0.343268,0.000000,0.000000,0.000000,0.000000,0.000000,0.000000,0.000000,0.494609,0.000000,0.000000,0.000000,0.502951,0.000000,0.000000,0.000000,0.000000
0.465522,0.000000,0.397615,0.000000,0.000000,0.000000,0.386889,0.000000,0.000000,0.000000,0.420147,0.000000,0.000000,0.000000,0.305932,0.000000,0.000000,0.000000,0.000000,0.000000,0.000000,0.000000,0.409259,0.000000,0.000000,0.000000,0.000000,0.000000,0.359689,0.000000,0.000000,0.000000,0.000000,0.000000,0.000000,0.000000,0.000000,0.000000,0.000000,0.000000,0.000000,0.000000,0.000000,0.000000,0.000000,0.000000,0.000000,0.000000,0.000000,0.000000,0.000000,0.000000,0.000000,0.000000,0.000000,0.000000,0.000000,0.000000,0.000000,0.000000,0.000000,0.000000,0.000000,0.000000,0.000000,0.000000,0.000000,0.000000,0.000000,0.000000,0.000000,0.000000,0.433753,0.000000,0.000000,0.000000,0.000000,0.000000,0.000000,0.000000,0.000000,0.000000,0.000000,0.000000,0.443826,0.000000,0.000000,0.000000,0.000000,0.000000
0.000000,0.488461,0.528026,0.410040,0.000000,0.000000,0.000000,0.438177,0.000000,0.000000,0.000000,0.399906,0.000000,0.000000,0.000000,0.350324,0.000000,0.000000,0.000000,0.000000,0.000000,0.000000,0.533771,0.427383,0.000000,0.000000,0.000000,0.000000,0.000000,0.396546,0.000000,0.398484,0.000000,0.000000,0.000000,0.000000,0.549219,0.000000,0.000000,0.000000,0.000000,0.000000,0.000000,0.000000,0.000000,0.000000,0.000000,0.000000,0.000000,0.000000,0.000000,0.000000,0.000000,0.000000,0.000000,0.000000,0.000000,0.000000,0.000000,0.476032,0.000000,0.000000,0.000000,0.000000,0.000000,0.000000,0.000000,0.476329,0.000000,0.000000,0.000000,0.000000,0.000000,0.446651,0.538396,0.462951,0.552124,0.000000,0.000000,0.000000,0.000000,0.000000,0.000000,0.000000,0.000000,0.482612,0.000000,0.000000,0.000000,0.000000
0.000000,0.000000,0.405836,0.000000,0.404877,0.000000,0.000000,0.000000,0.376957,0.000000,0.000000,0.000000,0.305932,0.000000,0.000000,0.000000,0.000000,0.000000,0.000000,0.000000,0.342818,0.000000,0.428279,0.000000,0.437716,0.000000,0.392992,0.000000,0.406000,0.000000,0.375924,0.000000,0.000000,0.000000,0.000000,0.000000,0.000000,0.000000,0.000000,0.000000,0.000000,0.000000,0.000000,0.000000,0.000000,0.000000,0.000000,0.000000,0.497991,0.000000,0.530327,0.000000,0.000000,0.000000,0.000000,0.000000,0.000000,0.000000,0.456270,0.000000,0.000000,0.000000,0.000000,0.000000,0.441921,0.000000,0.000000,0.000000,0.000000,0.000000,0.333270,0.000000,0.418477,0.000000,0.436260,0.000000,0.000000,0.000000,0.000000,0.000000,0.440502,0.000000,0.325723,0.000000,0.000000,0.000000,0.000000,0.000000,0.000000,0.000000
0.000000,0.000000,0.000000,0.375250,0.000000,0.399289,0.000000,0.000000,0.000000,0.385163,0.000000,0.000000,0.000000,0.350324,0.000000,0.000000,0.000000,0.000000,0.000000,0.000000,0.000000,0.284885,0.000000,0.383802,0.000000,0.000000,0.000000,0.348792,0.000000,0.399773,0.000000,0.000000,0.000000,0.000000,0.000000,0.000000,0.000000,0.000000,0.000000,0.339715,0.000000,0.000000,0.000000,0.512141,0.000000,0.000000,0.000000,0.553931,0.000000,0.509742,0.000000,0.000000,0.000000,0.000000,0.000000,0.000000,0.000000,0.000000,0.000000,0.477648,0.000000,0.000000,0.000000,0.000000,0.000000,0.000000,0.000000,0.475560,0.000000,0.000000,0.000000,0.363316,0.000000,0.450734,0.000000,0.482098,0.557300,0.416322,0.000000,0.000000,0.000000,0.000000,0.000000,0.316697,0.000000,0.000000,0.000000,0.000000,0.000000,0.000000
0.383266,0.000000,0.000000,0.000000,0.000000,0.000000,0.394520,0.000000,0.000000,0.000000,0.354516,0.000000,0.000000,0.000000,0.000000,0.000000,0.000000,0.000000,0.465640,0.000000,0.000000,0.000000,0.000000,0.000000,0.000000,0.000000,0.000000,0.000000,0.357447,0.000000,0.000000,0.000000,0.000000,0.000000,0.000000,0.000000,0.000000,0.000000,0.000000,0.000000,0.000000,0.000000,0.000000,0.000000,0.000000,0.000000,0.000000,0.000000,0.000000,0.000000,0.000000,0.000000,0.000000,0.000000,0.000000,0.000000,0.391618,0.000000,0.000000,0.000000,0.000000,0.000000,0.367089,0.000000,0.000000,0.000000,0.000000,0.000000,0.000000,0.000000,0.000000,0.000000,0.378498,0.000000,0.000000,0.000000,0.000000,0.000000,0.325445,0.000000,0.403231,0.000000,0.000000,0.000000,0.462894,0.000000,0.000000,0.000000,0.472809,0.000000
0.000000,0.467434,0.000000,0.000000,0.000000,0.000000,0.000000,0.000000,0.000000,0.000000,0.000000,0.417037,0.000000,0.000000,0.000000,0.000000,0.000000,0.000000,0.000000,0.000000,0.000000,0.000000,0.000000,0.000000,0.000000,0.000000,0.000000,0.000000,0.000000,0.379826,0.000000,0.000000,0.000000,0.000000,0.000000,0.000000,0.000000,0.000000,0.000000,0.000000,0.000000,0.000000,0.000000,0.000000,0.000000,0.000000,0.000000,0.000000,0.000000,0.000000,0.000000,0.000000,0.000000,0.000000,0.000000,0.000000,0.000000,0.337362,0.000000,0.447685,0.000000,0.472037,0.000000,0.440763,0.000000,0.000000,0.000000,0.000000,0.000000,0.000000,0.000000,0.000000,0.000000,0.000000,0.000000,0.000000,0.000000,0.000000,0.000000,0.417268,0.000000,0.450772,0.000000,0.420710,0.000000,0.491599,0.000000,0.000000,0.000000,0.000000
0.563547,0.000000,0.390868,0.000000,0.000000,0.000000,0.000000,0.000000,0.000000,0.000000,0.425479,0.000000,0.000000,0.000000,0.000000,0.000000,0.465640,0.000000,0.000000,0.563028,0.000000,0.000000,0.500527,0.000000,0.000000,0.000000,0.000000,0.000000,0.423438,0.000000,0.000000,0.000000,0.409672,0.520210,0.000000,0.000000,0.000000,0.000000,0.000000,0.000000,0.000000,0.000000,0.000000,0.000000,0.000000,0.000000,0.000000,0.000000,0.000000,0.000000,0.000000,0.000000,0.000000,0.000000,0.000000,0.000000,0.484887,0.000000,0.000000,0.000000,0.000000,0.000000,0.000000,0.000000,0.000000,0.000000,0.000000,0.000000,0.327516,0.000000,0.000000,0.546048,0.460699,0.526865,0.502382,0.561049,0.465613,0.553422,0.000000,0.000000,0.000000,0.000000,0.000000,0.000000,0.000000,0.000000,0.000000,0.000000,0.000000,0.000000
0.000000,0.432655,0.000000,0.484762,0.000000,0.000000,0.000000,0.477433,0.000000,0.000000,0.000000,0.464606,0.000000,0.000000,0.000000,0.000000,0.000000,0.000000,0.563028,0.000000,0.000000,0.000000,0.513627,0.295564,0.000000,0.000000,0.000000,0.000000,0.000000,0.000000,0.473678,0.000000,0.534612,0.372730,0.000000,0.000000,0.000000,0.578120,0.000000,0.000000,0.000000,0.000000,0.000000,0.000000,0.000000,0.000000,0.000000,0.000000,0.000000,0.000000,0.000000,0.000000,0.000000,0.000000,0.000000,0.000000,0.000000,0.000000,0.000000,0.000000,0.000000,0.000000,0.000000,0.000000,0.000000,0.000000,0.490794,0.000000,0.545750,0.365052,0.499455,0.465246,0.506929,0.446105,0.562065,0.442746,0.565850,0.477225,0.000000,0.000000,0.000000,0.000000,0.000000,0.000000,0.000000,0.000000,0.000000,0.000000,0.000000,0.000000
0.000000,0.000000,0.000000,0.000000,0.352871,0.000000,0.000000,0.000000,0.000000,0.000000,0.000000,0.000000,0.000000,0.000000,0.342818,0.000000,0.000000,0.000000,0.000000,0.000000,0.000000,0.374817,0.000000,0.000000,0.319941,0.000000,0.310078,0.000000,0.385445,0.433248,0.392042,0.526130,0.000000,0.000000,0.000000,0.000000,0.000000,0.000000,0.000000,0.000000,0.392651,0.000000,0.000000,0.000000,0.000000,0.000000,0.000000,0.000000,0.000000,0.000000,0.000000,0.000000,0.000000,0.000000,0.000000,0.000000,0.000000,0.000000,0.000000,0.000000,0.000000,0.000000,0.000000,0.000000,0.000000,0.000000,0.000000,0.000000,0.000000,0.000000,0.296713,0.000000,0.361182,0.000000,0.000000,0.000000,0.000000,0.000000,0.000000,0.000000,0.000000,0.000000,0.460868,0.000000,0.000000,0.000000,0.000000,0.000000,0.000000,0.000000
0.000000,0.000000,0.000000,0.000000,0.000000,0.314781,0.000000,0.000000,0.000000,0.000000,0.000000,0.000000,0.000000,0.000000,0.000000,0.284885,0.000000,0.000000,0.000000,0.000000,0.374817,0.000000,0.000000,0.000000,0.000000,0.279514,0.000000,0.416941,0.000000,0.303614,0.000000,0.314345,0.000000,0.000000,0.000000,0.000000,0.000000,0.000000,0.000000,0.341140,0.390423,0.000000,0.000000,0.554657,0.000000,0.000000,0.000000,0.543358,0.000000,0.000000,0.000000,0.515911,0.000000,0.526826,0.000000,0.000000,0.000000,0.000000,0.000000,0.000000,0.000000,0.000000,0.000000,0.000000,0.000000,0.000000,0.000000,0.000000,0.000000,0.000000,0.358728,0.348490,0.000000,0.000000,0.000000,0.000000,0.000000,0.000000,0.000000,0.000000,0.000000,0.000000,0.000000,0.345847,0.000000,0.000000,0.000000,0.364855,0.000000,0.000000
0.000000,0.000000,0.381836,0.478206,0.301281,0.000000,0.422899,0.000000,0.387029,0.000000,0.475979,0.000000,0.409259,0.533771,0.428279,0.000000,0.000000,0.000000,0.500527,0.513627,0.000000,0.000000,0.000000,0.469462,0.330493,0.000000,0.000000,0.000000,0.000000,0.000000,0.395843,0.438956,0.490804,0.490345,0.541234,0.000000,0.000000,0.000000,0.000000,0.000000,0.000000,0.000000,0.000000,0.000000,0.000000,0.000000,0.000000,0.000000,0.000000,0.000000,0.435900,0.000000,0.000000,0.000000,0.000000,0.000000,0.000000,0.000000,0.461716,0.000000,0.000000,0.000000,0.000000,0.000000,0.435054,0.000000,0.518024,0.000000,0.517362,0.000000,0.000000,0.000000,0.437359,0.511569,0.448740,0.000000,0.460556,0.507320,0.461100,0.000000,0.448079,0.000000,0.000000,0.000000,0.000000,0.479451,0.000000,0.000000,0.446213,0.000000
0.000000,0.000000,0.000000,0.359462,0.000000,0.351343,0.000000,0.426386,0.000000,0.386764,0.000000,0.455081,0.000000,0.427383,0.000000,0.383802,0.000000,0.000000,0.000000,0.295564,0.000000,0.000000,0.469462,0.000000,0.477393,0.293648,0.000000,0.000000,0.000000,0.389178,0.448593,0.354997,0.000000,0.366134,0.000000,0.000000,0.000000,0.000000,0.000000,0.000000,0.000000,0.000000,0.000000,0.000000,0.000000,0.000000,0.000000,0.000000,0.000000,0.000000,0.000000,0.000000,0.000000,0.000000,0.000000,0.000000,0.000000,0.000000,0.000000,0.000000,0.000000,0.000000,0.000000,0.000000,0.000000,0.000000,0.000000,0.000000,0.000000,0.000000,0.000000,0.000000,0.469827,0.398230,0.000000,0.417942,0.000000,0.000000,0.000000,0.000000,0.000000,0.000000,0.000000,0.000000,0.000000,0.454512,0.000000,0.000000,0.000000,0.000000
0.000000,0.000000,0.000000,0.482495,0.374883,0.549947,0.000000,0.000000,0.000000,0.000000,0.000000,0.000000,0.000000,0.000000,0.437716,0.000000,0.000000,0.000000,0.000000,0.000000,0.319941,0.000000,0.330493,0.477393,0.000000,0.273094,0.337456,0.461639,0.425214,0.000000,0.424361,0.424982,0.000000,0.437304,0.000000,0.000000,0.000000,0.000000,0.000000,0.000000,0.000000,0.000000,0.495868,0.000000,0.000000,0.000000,0.516338,0.000000,0.000000,0.000000,0.000000,0.000000,0.518114,0.000000,0.525390,0.000000,0.000000,0.000000,0.000000,0.000000,0.000000,0.000000,0.000000,0.000000,0.000000,0.000000,0.000000,0.474798,0.000000,0.000000,0.400285,0.000000,0.430634,0.000000,0.401773,0.000000,0.474980,0.000000,0.000000,0.000000,0.473418,0.000000,0.481382,0.000000,0.000000,0.000000,0.000000,0.000000,0.000000,0.000000
0.000000,0.000000,0.000000,0.366839,0.000000,0.310344,0.000000,0.000000,0.000000,0.345922,0.000000,0.000000,0.000000,0.000000,0.000000,0.000000,0.000000,0.000000,0.000000,0.000000,0.000000,0.279514,0.000000,0.293648,0.273094,0.000000,0.520546,0.333832,0.000000,0.378806,0.488803,0.361344,0.000000,0.000000,0.000000,0.000000,0.000000,0.000000,0.000000,0.000000,0.000000,0.000000,0.000000,0.000000,0.000000,0.000000,0.000000,0.000000,0.000000,0.000000,0.000000,0.000000,0.000000,0.000000,0.000000,0.000000,0.000000,0.000000,0.000000,0.000000,0.000000,0.000000,0.000000,0.000000,0.000000,0.000000,0.000000,0.000000,0.000000,0.000000,0.000000,0.000000,0.000000,0.000000,0.000000,0.000000,0.000000,0.000000,0.000000,0.000000,0.000000,0.000000,0.000000,0.000000,0.000000,0.000000,0.000000,0.000000,0.000000,0.000000
0.000000,0.000000,0.000000,0.479951,0.331770,0.508534,0.000000,0.000000,0.410314,0.507635,0.000000,0.000000,0.000000,0.000000,0.392992,0.000000,0.000000,0.000000,0.000000,0.000000,0.310078,0.000000,0.000000,0.000000,0.337456,0.520546,0.000000,0.425157,0.384897,0.000000,0.506572,0.000000,0.000000,0.000000,0.000000,0.000000,0.000000,0.000000,0.000000,0.000000,0.000000,0.000000,0.000000,0.000000,0.000000,0.000000,0.000000,0.000000,0.000000,0.000000,0.000000,0.000000,0.000000,0.000000,0.000000,0.000000,0.000000,0.000000,0.000000,0.000000,0.000000,0.000000,0.000000,0.000000,0.000000,0.000000,0.000000,0.000000,0.000000,0.000000,0.307224,0.000000,0.389078,0.000000,0.000000,0.000000,0.000000,0.000000,0.000000,0.000000,0.461201,0.000000,0.461536,0.000000,0.000000,0.000000,0.000000,0.000000,0.000000,0.000000
0.000000,0.000000,0.000000,0.000000,0.000000,0.358738,0.000000,0.000000,0.000000,0.000000,0.000000,0.000000,0.000000,0.000000,0.000000,0.348792,0.000000,0.000000,0.000000,0.000000,0.000000,0.416941,0.000000,0.000000,0.461639,0.333832,0.425157,0.000000,0.000000,0.416909,0.484585,0.343716,0.000000,0.000000,0.000000,0.000000,0.000000,0.000000,0.000000,0.000000,0.000000,0.405939,0.000000,0.000000,0.000000,0.000000,0.000000,0.000000,0.000000,0.000000,0.000000,0.000000,0.000000,0.000000,0.000000,0.000000,0.000000,0.000000,0.000000,0.000000,0.000000,0.000000,0.000000,0.000000,0.000000,0.000000,0.000000,0.000000,0.000000,0.000000,0.000000,0.353349,0.000000,0.353057,0.000000,0.000000,0.000000,0.000000,0.000000,0.000000,0.000000,0.000000,0.000000,0.432547,0.000000,0.000000,0.000000,0.000000,0.000000,0.000000
0.000000,0.000000,0.000000,0.000000,0.354649,0.000000,0.000000,0.000000,0.436182,0.000000,0.430101,0.000000,0.359689,0.000000,0.406000,0.000000,0.357447,0.000000,0.423438,0.000000,0.385445,0.000000,0.000000,0.000000,0.425214,0.000000,0.384897,0.000000,0.000000,0.000000,0.000000,0.000000,0.000000,0.000000,0.000000,0.000000,0.000000,0.000000,0.000000,0.000000,0.000000,0.000000,0.000000,0.000000,0.000000,0.000000,0.000000,0.000000,0.000000,0.000000,0.459771,0.000000,0.000000,0.000000,0.000000,0.000000,0.000000,0.000000,0.000000,0.000000,0.000000,0.000000,0.000000,0.000000,0.398848,0.000000,0.000000,0.000000,0.000000,0.000000,0.369615,0.000000,0.337779,0.478694,0.000000,0.000000,0.000000,0.000000,0.320538,0.000000,0.424378,0.000000,0.392363,0.000000,0.440189,0.000000,0.000000,0.000000,0.444000,0.000000
0.000000,0.000000,0.000000,0.000000,0.000000,0.439546,0.000000,0.000000,0.000000,0.454935,0.000000,0.344573,0.000000,0.396546,0.000000,0.399773,0.000000,0.379826,0.000000,0.000000,0.433248,0.303614,0.000000,0.389178,0.000000,0.378806,0.000000,0.416909,0.000000,0.000000,0.000000,0.458558,0.000000,0.000000,0.000000,0.000000,0.000000,0.000000,0.000000,0.000000,0.000000,0.000000,0.000000,0.000000,0.000000,0.000000,0.000000,0.000000,0.000000,0.485685,0.000000,0.000000,0.000000,0.000000,0.000000,0.000000,0.000000,0.000000,0.000000,0.414826,0.000000,0.000000,0.000000,0.456516,0.000000,0.399053,0.000000,0.435826,0.000000,0.000000,0.000000,0.481563,0.000000,0.332532,0.000000,0.000000,0.000000,0.000000,0.000000,0.420807,0.000000,0.432597,0.000000,0.424414,0.000000,0.484370,0.000000,0.000000,0.000000,0.000000
0.000000,0.000000,0.000000,0.426991,0.364479,0.528080,0.412616,0.000000,0.000000,0.000000,0.000000,0.000000,0.000000,0.000000,0.375924,0.000000,0.000000,0.000000,0.000000,0.473678,0.392042,0.000000,0.395843,0.448593,0.424361,0.488803,0.506572,0.484585,0.000000,0.000000,0.000000,0.392102,0.472925,0.439053,0.586918,0.000000,0.000000,0.000000,0.000000,0.000000,0.000000,0.000000,0.000000,0.000000,0.000000,0.000000,0.000000,0.000000,0.000000,0.000000,0.000000,0.000000,0.000000,0.000000,0.000000,0.000000,0.000000,0.000000,0.000000,0.000000,0.000000,0.000000,0.000000,0.000000,0.000000,0.000000,0.518787,0.507982,0.000000,0.000000,0.328780,0.000000,0.000000,0.000000,0.000000,0.000000,0.000000,0.000000,0.000000,0.000000,0.000000,0.000000,0.000000,0.000000,0.000000,0.000000,0.000000,0.000000,0.000000,0.000000
0.000000,0.000000,0.000000,0.368163,0.000000,0.388737,0.000000,0.414903,0.000000,0.000000,0.000000,0.000000,0.000000,0.398484,0.000000,0.000000,0.000000,0.000000,0.000000,0.000000,0.526130,0.314345,0.438956,0.354997,0.424982,0.361344,0.000000,0.343716,0.000000,0.458558,0.392102,0.000000,0.000000,0.465200,0.000000,0.000000,0.000000,0.000000,0.000000,0.000000,0.000000,0.000000,0.000000,0.000000,0.000000,0.000000,0.000000,0.000000,0.000000,0.000000,0.000000,0.000000,0.000000,0.000000,0.000000,0.000000,0.000000,0.000000,0.000000,0.000000,0.000000,0.000000,0.000000,0.000000,0.000000,0.000000,0.000000,0.525350,0.000000,0.000000,0.000000,0.317250,0.000000,0.477500,0.000000,0.000000,0.000000,0.000000,0.000000,0.000000,0.000000,0.000000,0.000000,0.000000,0.000000,0.000000,0.000000,0.000000,0.000000,0.000000
0.000000,0.000000,0.000000,0.000000,0.000000,0.000000,0.487161,0.000000,0.000000,0.000000,0.487574,0.000000,0.000000,0.000000,0.000000,0.000000,0.000000,0.000000,0.409672,0.534612,0.000000,0.000000,0.490804,0.000000,0.000000,0.000000,0.000000,0.000000,0.000000,0.000000,0.472925,0.000000,0.000000,0.506462,0.442579,0.000000,0.000000,0.000000,0.000000,0.000000,0.000000,0.000000,0.000000,0.000000,0.000000,0.000000,0.000000,0.000000,0.000000,0.000000,0.000000,0.000000,0.000000,0.000000,0.000000,0.000000,0.493075,0.000000,0.472995,0.000000,0.000000,0.000000,0.000000,0.000000,0.000000,0.000000,0.450141,0.000000,0.463330,0.000000,0.000000,0.000000,0.430132,0.000000,0.000000,0.000000,0.000000,0.546960,0.000000,0.000000,0.000000,0.000000,0.000000,0.000000,0.000000,0.000000,0.000000,0.000000,0.000000,0.000000
0.000000,0.000000,0.000000,0.332810,0.000000,0.000000,0.000000,0.000000,0.000000,0.000000,0.508081,0.000000,0.000000,0.000000,0.000000,0.000000,0.000000,0.000000,0.520210,0.372730,0.000000,0.000000,0.490345,0.366134,0.437304,0.000000,0.000000,0.000000,0.000000,0.000000,0.439053,0.465200,0.506462,0.000000,0.294939,0.492074,0.000000,0.000000,0.000000,0.000000,0.000000,0.000000,0.000000,0.000000,0.000000,0.000000,0.000000,0.000000,0.000000,0.000000,0.000000,0.000000,0.000000,0.000000,0.000000,0.000000,0.000000,0.000000,0.000000,0.000000,0.000000,0.000000,0.000000,0.000000,0.000000,0.000000,0.530423,0.505416,0.526264,0.453772,0.000000,0.000000,0.000000,0.000000,0.000000,0.000000,0.000000,0.514132,0.000000,0.000000,0.000000,0.000000,0.000000,0.000000,0.000000,0.000000,0.000000,0.000000,0.000000,0.000000
0.000000,0.000000,0.000000,0.000000,0.000000,0.000000,0.000000,0.000000,0.000000,0.000000,0.000000,0.000000,0.000000,0.000000,0.000000,0.000000,0.000000,0.000000,0.000000,0.000000,0.000000,0.000000,0.541234,0.000000,0.000000,0.000000,0.000000,0.000000,0.000000,0.000000,0.586918,0.000000,0.442579,0.294939,0.000000,0.418423,0.000000,0.000000,0.000000,0.000000,0.000000,0.000000,0.449921,0.635918,0.531352,0.479536,0.350146,0.000000,0.000000,0.000000,0.000000,0.000000,0.000000,0.000000,0.000000,0.000000,0.000000,0.000000,0.000000,0.499720,0.000000,0.000000,0.000000,0.000000,0.000000,0.000000,0.455233,0.596896,0.000000,0.000000,0.000000,0.000000,0.000000,0.000000,0.000000,0.000000,0.000000,0.000000,0.000000,0.000000,0.000000,0.000000,0.000000,0.000000,0.000000,0.000000,0.000000,0.000000,0.000000,0.000000
0.000000,0.000000,0.000000,0.000000,0.000000,0.000000,0.000000,0.000000,0.000000,0.000000,0.000000,0.000000,0.000000,0.000000,0.000000,0.000000,0.000000,0.000000,0.000000,0.000000,0.000000,0.000000,0.000000,0.000000,0.000000,0.000000,0.000000,0.000000,0.000000,0.000000,0.000000,0.000000,0.000000,0.492074,0.418423,0.000000,0.000000,0.573902,0.000000,0.000000,0.000000,0.000000,0.000000,0.423410,0.580474,0.534794,0.000000,0.438820,0.583482,0.000000,0.000000,0.000000,0.000000,0.000000,0.000000,0.000000,0.000000,0.000000,0.000000,0.000000,0.000000,0.000000,0.000000,0.000000,0.000000,0.000000,0.506673,0.517206,0.000000,0.000000,0.000000,0.000000,0.000000,0.000000,0.000000,0.000000,0.000000,0.000000,0.000000,0.000000,0.000000,0.000000,0.000000,0.000000,0.000000,0.000000,0.000000,0.000000,0.000000,0.000000
0.529956,0.000000,0.000000,0.000000,0.000000,0.000000,0.000000,0.000000,0.000000,0.000000,0.000000,0.000000,0.000000,0.549219,0.000000,0.000000,0.000000,0.000000,0.000000,0.000000,0.000000,0.000000,0.000000,0.000000,0.000000,0.000000,0.000000,0.000000,0.000000,0.000000,0.000000,0.000000,0.000000,0.000000,0.000000,0.000000,0.000000,0.000000,0.377380,0.000000,0.287131,0.000000,0.487466,0.000000,0.437815,0.589164,0.514210,0.000000,0.479092,0.589571,0.475260,0.000000,0.000000,0.000000,0.351494,0.000000,0.555599,0.000000,0.541384,0.590048,0.535504,0.000000,0.000000,0.000000,0.000000,0.000000,0.482673,0.597741,0.000000,0.000000,0.000000,0.000000,0.000000,0.000000,0.000000,0.000000,0.392880,0.000000,0.000000,0.000000,0.000000,0.000000,0.400508,0.000000,0.433913,0.000000,0.389526,0.000000,0.384888,0.000000
0.000000,0.553956,0.000000,0.000000,0.000000,0.000000,0.000000,0.000000,0.000000,0.000000,0.000000,0.000000,0.000000,0.000000,0.000000,0.000000,0.000000,0.000000,0.000000,0.578120,0.000000,0.000000,0.000000,0.000000,0.000000,0.000000,0.000000,0.000000,0.000000,0.000000,0.000000,0.000000,0.000000,0.000000,0.000000,0.573902,0.000000,0.000000,0.000000,0.416715,0.000000,0.266008,0.000000,0.461594,0.000000,0.000000,0.000000,0.484443,0.000000,0.000000,0.000000,0.462019,0.000000,0.000000,0.000000,0.427120,0.000000,0.590280,0.000000,0.000000,0.000000,0.000000,0.000000,0.000000,0.000000,0.000000,0.000000,0.499164,0.000000,0.547962,0.000000,0.000000,0.000000,0.000000,0.000000,0.000000,0.000000,0.394382,0.000000,0.000000,0.000000,0.000000,0.000000,0.412857,0.000000,0.462389,0.000000,0.391180,0.000000,0.385834
0.000000,0.000000,0.000000,0.000000,0.000000,0.000000,0.000000,0.000000,0.000000,0.000000,0.000000,0.000000,0.000000,0.000000,0.000000,0.000000,0.000000,0.000000,0.000000,0.000000,0.000000,0.000000,0.000000,0.000000,0.000000,0.000000,0.000000,0.000000,0.000000,0.000000,0.000000,0.000000,0.000000,0.000000,0.000000,0.000000,0.377380,0.000000,0.000000,0.000000,0.341747,0.000000,0.455255,0.000000,0.481143,0.000000,0.459114,0.000000,0.429891,0.000000,0.384391,0.000000,0.000000,0.000000,0.413735,0.000000,0.000000,0.000000,0.000000,0.000000,0.000000,0.000000,0.000000,0.000000,0.000000,0.000000,0.485735,0.000000,0.000000,0.000000,0.000000,0.000000,0.000000,0.000000,0.000000,0.000000,0.000000,0.000000,0.000000,0.000000,0.000000,0.000000,0.391190,0.000000,0.427192,0.000000,0.393776,0.000000,0.378152,0.000000
0.000000,0.000000,0.000000,0.000000,0.000000,0.000000,0.000000,0.000000,0.000000,0.000000,0.000000,0.000000,0.000000,0.000000,0.000000,0.339715,0.000000,0.000000,0.000000,0.000000,0.000000,0.341140,0.000000,0.000000,0.000000,0.000000,0.000000,0.000000,0.000000,0.000000,0.000000,0.000000,0.000000,0.000000,0.000000,0.000000,0.000000,0.416715,0.000000,0.000000,0.000000,0.351217,0.000000,0.403822,0.000000,0.428710,0.000000,0.461738,0.000000,0.439355,0.000000,0.431887,0.000000,0.442756,0.000000,0.400359,0.000000,0.000000,0.000000,0.000000,0.000000,0.000000,0.000000,0.000000,0.000000,0.000000,0.000000,0.532738,0.000000,0.000000,0.000000,0.000000,0.000000,0.000000,0.000000,0.000000,0.000000,0.000000,0.000000,0.000000,0.000000,0.000000,0.000000,0.374978,0.000000,0.000000,0.000000,0.416957,0.000000,0.410162
0.000000,0.000000,0.000000,0.000000,0.000000,0.000000,0.000000,0.000000,0.000000,0.000000,0.000000,0.000000,0.000000,0.000000,0.000000,0.000000,0.000000,0.000000,0.000000,0.000000,0.392651,0.390423,0.000000,0.000000,0.000000,0.000000,0.000000,0.000000,0.000000,0.000000,0.000000,0.000000,0.000000,0.000000,0.000000,0.000000,0.287131,0.000000,0.341747,0.000000,0.000000,0.000000,0.000000,0.000000,0.000000,0.000000,0.000000,0.000000,0.000000,0.000000,0.540351,0.000000,0.522571,0.000000,0.000000,0.000000,0.000000,0.000000,0.000000,0.000000,0.000000,0.000000,0.000000,0.000000,0.000000,0.000000,0.000000,0.000000,0.000000,0.000000,0.000000,0.000000,0.375169,0.000000,0.000000,0.000000,0.000000,0.000000,0.000000,0.000000,0.000000,0.000000,0.387423,0.000000,0.000000,0.000000,0.393071,0.000000,0.000000,0.000000
0.000000,0.000000,0.000000,0.000000,0.000000,0.000000,0.000000,0.000000,0.000000,0.000000,0.000000,0.000000,0.000000,0.000000,0.000000,0.000000,0.000000,0.000000,0.000000,0.000000,0.000000,0.000000,0.000000,0.000000,0.000000,0.000000,0.000000,0.405939,0.000000,0.000000,0.000000,0.000000,0.000000,0.000000,0.000000,0.000000,0.000000,0.266008,0.000000,0.351217,0.000000,0.000000,0.000000,0.499956,0.000000,0.000000,0.000000,0.532969,0.000000,0.553391,0.000000,0.000000,0.000000,0.000000,0.000000,0.000000,0.000000,0.000000,0.000000,0.000000,0.000000,0.000000,0.000000,0.000000,0.000000,0.000000,0.000000,0.512981,0.000000,0.000000,0.000000,0.388349,0.000000,0.000000,0.000000,0.000000,0.000000,0.000000,0.000000,0.000000,0.000000,0.000000,0.000000,0.391689,0.000000,0.000000,0.000000,0.414084,0.000000,0.000000
0.000000,0.000000,0.000000,0.000000,0.504245,0.000000,0.000000,0.000000,0.000000,0.000000,0.000000,0.000000,0.000000,0.000000,0.000000,0.000000,0.000000,0.000000,0.000000,0.000000,0.000000,0.000000,0.000000,0.000000,0.495868,0.000000,0.000000,0.000000,0.000000,0.000000,0.000000,0.000000,0.000000,0.000000,0.449921,0.000000,0.487466,0.000000,0.455255,0.000000,0.000000,0.000000,0.000000,0.428067,0.453287,0.430120,0.397470,0.285363,0.489990,0.000000,0.439490,0.000000,0.434390,0.000000,0.435386,0.000000,0.000000,0.000000,0.000000,0.000000,0.000000,0.000000,0.000000,0.000000,0.000000,0.000000,0.390208,0.000000,0.000000,0.000000,0.000000,0.000000,0.512151,0.000000,0.000000,0.000000,0.000000,0.000000,0.000000,0.000000,0.476676,0.000000,0.479842,0.000000,0.476577,0.000000,0.000000,0.000000,0.000000,0.000000
0.000000,0.000000,0.000000,0.000000,0.000000,0.000000,0.000000,0.000000,0.000000,0.542563,0.000000,0.000000,0.000000,0.000000,0.000000,0.512141,0.000000,0.000000,0.000000,0.000000,0.000000,0.554657,0.000000,0.000000,0.000000,0.000000,0.000000,0.000000,0.000000,0.000000,0.000000,0.000000,0.000000,0.000000,0.635918,0.423410,0.000000,0.461594,0.000000,0.403822,0.000000,0.499956,0.428067,0.000000,0.540250,0.482084,0.000000,0.394428,0.605044,0.469328,0.000000,0.413574,0.000000,0.354970,0.000000,0.423249,0.000000,0.000000,0.000000,0.000000,0.000000,0.000000,0.000000,0.000000,0.000000,0.000000,0.305045,0.390041,0.000000,0.000000,0.000000,0.000000,0.000000,0.550852,0.000000,0.535801,0.000000,0.000000,0.000000,0.000000,0.000000,0.512660,0.000000,0.000000,0.000000,0.497407,0.000000,0.000000,0.000000,0.000000
0.000000,0.000000,0.000000,0.000000,0.000000,0.000000,0.000000,0.000000,0.000000,0.000000,0.000000,0.000000,0.000000,0.000000,0.000000,0.000000,0.000000,0.000000,0.000000,0.000000,0.000000,0.000000,0.000000,0.000000,0.000000,0.000000,0.000000,0.000000,0.000000,0.000000,0.000000,0.000000,0.000000,0.000000,0.531352,0.580474,0.437815,0.000000,0.481143,0.000000,0.000000,0.000000,0.453287,0.540250,0.000000,0.588800,0.467659,0.000000,0.404527,0.531598,0.000000,0.000000,0.000000,0.000000,0.438950,0.000000,0.000000,0.000000,0.425858,0.000000,0.000000,0.000000,0.000000,0.000000,0.000000,0.000000,0.469575,0.559180,0.000000,0.000000,0.000000,0.000000,0.000000,0.000000,0.000000,0.000000,0.488252,0.000000,0.000000,0.000000,0.000000,0.000000,0.456441,0.000000,0.000000,0.000000,0.000000,0.000000,0.000000,0.000000
0.000000,0.000000,0.000000,0.000000,0.000000,0.000000,0.000000,0.000000,0.000000,0.000000,0.000000,0.000000,0.000000,0.000000,0.000000,0.000000,0.000000,0.000000,0.000000,0.000000,0.000000,0.000000,0.000000,0.000000,0.000000,0.000000,0.000000,0.000000,0.000000,0.000000,0.000000,0.000000,0.000000,0.000000,0.479536,0.534794,0.589164,0.000000,0.000000,0.428710,0.000000,0.000000,0.430120,0.482084,0.588800,0.000000,0.000000,0.410214,0.573156,0.386317,0.000000,0.344514,0.000000,0.000000,0.000000,0.440676,0.000000,0.000000,0.000000,0.000000,0.000000,0.000000,0.000000,0.000000,0.000000,0.000000,0.565825,0.510677,0.000000,0.000000,0.000000,0.000000,0.000000,0.513881,0.000000,0.518234,0.554745,0.000000,0.000000,0.000000,0.000000,0.520009,0.000000,0.000000,0.000000,0.479675,0.000000,0.000000,0.000000,0.420790
0.000000,0.000000,0.000000,0.000000,0.512807,0.000000,0.000000,0.000000,0.000000,0.000000,0.000000,0.000000,0.000000,0.000000,0.000000,0.000000,0.000000,0.000000,0.000000,0.000000,0.000000,0.000000,0.000000,0.000000,0.516338,0.000000,0.000000,0.000000,0.000000,0.000000,0.000000,0.000000,0.000000,0.000000,0.350146,0.000000,0.514210,0.000000,0.459114,0.000000,0.000000,0.000000,0.397470,0.000000,0.467659,0.000000,0.000000,0.397689,0.452519,0.000000,0.349402,0.000000,0.345974,0.000000,0.383141,0.000000,0.000000,0.000000,0.000000,0.000000,0.000000,0.000000,0.000000,0.000000,0.000000,0.000000,0.434964,0.000000,0.000000,0.000000,0.000000,0.000000,0.515164,0.000000,0.000000,0.000000,0.000000,0.000000,0.000000,0.000000,0.476582,0.000000,0.424265,0.000000,0.467556,0.000000,0.434053,0.000000,0.000000,0.000000
0.000000,0.000000,0.000000,0.000000,0.000000,0.521457,0.000000,0.000000,0.000000,0.518777,0.000000,0.000000,0.000000,0.000000,0.000000,0.553931,0.000000,0.000000,0.000000,0.000000,0.000000,0.543358,0.000000,0.000000,0.000000,0.000000,0.000000,0.000000,0.000000,0.000000,0.000000,0.000000,0.000000,0.000000,0.000000,0.438820,0.000000,0.484443,0.000000,0.461738,0.000000,0.532969,0.285363,0.394428,0.000000,0.410214,0.397689,0.000000,0.000000,0.000000,0.000000,0.341719,0.000000,0.387423,0.000000,0.366685,0.000000,0.000000,0.000000,0.000000,0.000000,0.000000,0.000000,0.000000,0.000000,0.000000,0.000000,0.411613,0.000000,0.000000,0.000000,0.000000,0.000000,0.564726,0.000000,0.559040,0.000000,0.000000,0.000000,0.000000,0.000000,0.529356,0.000000,0.496868,0.000000,0.495129,0.000000,0.455031,0.000000,0.000000
0.000000,0.000000,0.000000,0.000000,0.000000,0.000000,0.000000,0.000000,0.472434,0.000000,0.000000,0.000000,0.000000,0.000000,0.497991,0.000000,0.000000,0.000000,0.000000,0.000000,0.000000,0.000000,0.000000,0.000000,0.000000,0.000000,0.000000,0.000000,0.000000,0.000000,0.000000,0.000000,0.000000,0.000000,0.000000,0.583482,0.479092,0.000000,0.429891,0.000000,0.000000,0.000000,0.489990,0.605044,0.404527,0.573156,0.452519,0.000000,0.000000,0.000000,0.397990,0.000000,0.000000,0.000000,0.000000,0.000000,0.000000,0.000000,0.448855,0.000000,0.479750,0.000000,0.000000,0.000000,0.000000,0.000000,0.441187,0.000000,0.000000,0.000000,0.000000,0.000000,0.539481,0.000000,0.000000,0.000000,0.522889,0.000000,0.000000,0.000000,0.454912,0.000000,0.000000,0.000000,0.445516,0.000000,0.000000,0.000000,0.000000,0.000000
