1.0,0.66855365,0.4797808,0.6093238,-0.06477849,0.20455141,0.6793953,0.5056843,0.25299135,0.3524383,0.5136482,0.43049183,0.7335378,0.5848616,0.29318824,0.27226081,0.45775875,0.5728215,0.82564753,0.7422665,0.34399515,0.36086938,0.6597494,0.66259956,0.22817795,0.31415522,0.057747178,0.15659557,0.3946246,0.50574785,0.400264,0.52702135,0.5802257,0.5118591,0.5529713,0.52670586,0.28854555,0.28363058,0.3556935,0.4597346,0.35136378,0.077035055,0.6432486,0.55287284,0.57515496,0.63990694,0.56801385,0.52402496,0.365502,0.43717477,0.64374983,0.5754979,0.5894383,0.39233142,0.47370863,0.3999636,0.83329505,0.7002321,0.21289663,-0.064269274,0.67899835,0.5444508,0.7321942,0.6817034,0.5736819,0.61456907,0.69424343,0.64558077,0.6696643,0.68434113,0.5101603,0.41698498,0.21361573,0.43386725,-0.089409724,-0.05657421,0.25944698,0.34697738,-0.041233618,0.52068067,0.6181883,0.585613,0.36415368,0.46751627,0.76830345,0.6608097,0.3212341,0.44744256,0.5396549,0.45118394,0.5502612,0.6177269,0.41817018,0.4250821,0.53668356,0.3702608,0.4879504,0.5602578,0.5443114,0.44791186,0.4092663,0.5312899,0.53650916,0.5607782,0.5861906,0.5769187,0.53185916,0.46060622,0.44092944,0.47792938,0.5167744,0.5070686,0.2545168,0.5073569,0.6342568,0.43618095
0.66855365,1.0,0.70411974,0.8487333,-0.11532668,-0.07681518,0.752195,0.8426139,0.25915587,0.053997908,0.61793256,0.7939443,0.5628183,0.71036875,0.1486563,0.19778013,0.40032253,0.62422335,0.66502446,0.78632504,0.44498208,0.44684407,0.50645363,0.54812175,0.07066552,0.021593422,0.14920856,0.06637578,0.48683444,0.6135971,0.23781808,0.32228968,0.5771652,0.56196445,0.5802763,0.66532695,0.16612962,0.23240474,0.34574693,0.28276345,0.3836613,0.12955283,0.63250417,0.7197852,0.70948523,0.6169135,0.57957196,0.51862967,0.46199393,0.52107626,0.46620604,0.556399,0.2772731,0.61602396,0.48367494,0.3781334,0.68692154,0.72084033,0.2088607,-0.1009047,0.4255364,0.43304735,0.64080036,0.5996681,0.39985216,0.49065468,0.6358082,0.62908745,0.73068726,0.701623,0.5055162,0.60903263,0.21251155,0.34830153,0.1419018,0.3146302,0.2436369,0.36320007,-0.20281845,0.44447064,0.5293299,0.69726586,0.29634276,0.31438187,0.38631994,0.73185974,0.066389054,0.13909066,0.3706871,0.4157652,0.20740339,0.35595593,0.15486829,0.25116423,0.58404654,0.47019655,0.49571857,0.55549717,0.45185357,0.35654885,0.04931692,0.29510581,0.2485639,0.33155623,0.44654968,0.36364895,0.34421766,0.29599354,0.4857632,0.4910389,0.47918677,0.44734383,0.0151083935,0.4096199,0.49550667,0.45474982
0.4797808,0.70411974,1.0,0.805936,0.25787657,0.0644712,0.8600092,0.8034954,0.47407833,0.0877364,0.60701483,0.73464215,0.57784104,0.79089445,0.39843023,0.38456106,0.37860864,0.5755835,0.6060593,0.5475826,0.55544925,0.50544775,0.6961376,0.68184155,0.23262343,0.19967988,0.30443516,0.36307663,0.48264346,0.5821038,0.45452356,0.5378016,0.56906337,0.5902193,0.52223045,0.54813325,0.10058306,0.16296956,0.32090887,0.2898436,0.5058955,0.20743811,0.4517482,0.59404975,0.42543805,0.25934094,0.51252776,0.37178233,0.007760249,0.25345632,0.22733611,0.123858914,0.09624102,0.42758048,0.46461248,0.3453625,0.47139853,0.43411237,-0.10798909,0.11624845,0.13511641,0.20765774,0.5192526,0.35932717,0.085339464,0.16140503,0.47232062,0.46528485,0.5558344,0.4233463,0.55324924,0.67200744,0.4250933,0.36424047,0.30751866,0.5022859,0.21420842,0.28438452,-0.21043736,0.33522198,0.5179242,0.5698569,0.32071322,0.4310849,0.38455144,0.5792028,0.2681763,0.3087799,0.4357915,0.4506824,0.15706444,0.3072953,0.18923377,0.30166534,0.62988013,0.5008846,0.55760837,0.5686982,0.42576545,0.3962545,0.14089936,0.111595385,0.25107545,0.42214432,0.42560166,0.3577014,0.2302017,0.32684734,0.5725493,0.64243567,0.49627593,0.39979997,-0.13963948,0.46146548,0.5256978,0.47154626
0.6093238,0.8487333,0.805936,1.0,0.06682524,0.056976233,0.84608054,0.8972836,0.21981774,0.058615636,0.6206003,0.75409317,0.6599995,0.7999137,0.25213832,0.21788123,0.4481435,0.65261424,0.68473923,0.7624763,0.5111792,0.46766114,0.696047,0.7179539,0.28088874,0.21422915,0.19865629,0.20131986,0.5570108,0.6638044,0.4763834,0.5757252,0.64115494,0.6267909,0.6293985,0.69820976,0.2079865,0.27110937,0.4081816,0.35526693,0.4413732,0.21716273,0.65724295,0.68843055,0.64018863,0.56958896,0.64172834,0.5385604,0.30571863,0.49217635,0.45994774,0.46453425,0.3566473,0.6288788,0.53195,0.39428884,0.7148531,0.694399,0.19279231,-0.06956178,0.4182468,0.38968635,0.63796085,0.56213266,0.4051204,0.44062448,0.68214136,0.67498124,0.7261984,0.7136468,0.57347846,0.650482,0.36035708,0.46106806,0.22498651,0.43086234,0.27643323,0.4018988,-0.2264162,0.47891486,0.60105395,0.7439932,0.34840548,0.4289821,0.45572028,0.74635243,0.27511734,0.30950847,0.42716345,0.45299336,0.3428566,0.44822133,0.29531237,0.37262258,0.6955515,0.59258384,0.58974266,0.64264995,0.4925872,0.39714622,0.18851157,0.40563792,0.29382887,0.45303547,0.48425317,0.40230066,0.3742301,0.37072673,0.525008,0.62787634,0.5644466,0.51675886,0.09379164,0.4899858,0.53324926,0.45294937
-0.06477849,-0.11532668,0.25787657,0.06682524,1.0,0.5641922,0.21020642,0.05618614,0.3105906,0.2992592,-0.050110012,0.015237503,0.2986075,0.24221206,0.46308228,0.3876855,-0.098011956,-0.004582615,0.13795836,-0.10790169,0.18852969,0.19251385,0.29612246,0.3066216,0.5290745,0.51775235,0.4597399,0.65977186,-0.08525177,-0.013594212,0.5597278,0.4245468,0.1281515,0.1458021,0.07603626,0.0041626794,0.031251717,-0.02852389,0.007906368,0.0769075,0.027540602,-0.06676442,-0.12843938,-0.08544707,-0.39257395,-0.28524005,-0.03208219,-0.12473822,-0.5703033,-0.10399755,-0.30220202,-0.38916507,-0.016126998,-0.121530525,0.028855124,-0.053222336,-0.068151794,-0.048249625,-0.16614902,0.20579545,-0.16572122,-0.077320136,-0.13507739,-0.11091569,-0.15447758,-0.26411462,-0.07444956,-0.019517515,0.02164801,-0.14532569,0.096876316,0.11465199,0.20375226,-0.02905795,-0.05531188,0.03623075,0.0041589416,-0.01617319,-0.16335538,-0.10369769,0.07762324,0.009628248,0.11328811,0.22937228,0.13741282,-0.056268375,0.567028,0.47392434,0.13783953,0.000872504,0.18201803,0.06510338,0.18588921,0.1503647,0.19174676,0.17166227,0.09384497,0.14215443,0.0756809,0.048374303,0.3071192,0.071222305,0.07078424,0.22970295,0.026034059,0.012821033,0.0032815516,0.10296157,0.17232011,0.13886176,-0.037459627,-0.0103956675,0.12253691,0.16536507,0.105706744,0.041157126
0.20455141,-0.07681518,0.0644712,0.056976233,0.5641922,1.0,0.20568323,-0.03714902,0.268284,0.6460319,-0.05814488,-0.12071195,0.47992483,0.12859298,0.3346575,0.32470968,-0.041613568,-0.061719924,0.37841988,0.08588664,-0.12618938,0.0056263814,0.37426847,0.44073376,0.67488074,0.7891927,0.31505433,0.61874056,-0.12712261,-0.1351405,0.55253863,0.41542944,0.26015612,0.21923853,0.27779403,0.16416304,-0.26591146,-0.29508278,-0.12629779,-0.01478172,-0.14950307,-0.31688905,0.18362707,0.06934535,-0.1835334,0.053288642,0.12963143,0.05090959,-0.4242604,0.08890083,0.11894813,-0.04968833,0.4076667,-0.06790954,0.07363473,-0.17122555,0.2360599,0.13257904,0.16863197,0.35590598,0.33291024,0.2562962,0.19559759,0.23134324,0.32208404,0.17054236,0.16317666,0.27024668,0.15969802,0.14134637,-0.04553323,-0.2179375,-0.08169539,-0.12715957,-0.3544075,-0.32741112,-0.23247898,-0.16504054,-0.23264538,-0.009323887,0.26888993,-0.016218886,-0.14644465,0.07354645,0.37604702,0.027170558,0.7811217,0.6922176,0.12113981,-0.122406185,0.59613585,0.36911622,0.564332,0.40210533,0.17900622,0.09635121,0.05192114,0.0572326,0.22755195,0.05312499,0.6297368,0.3924341,0.15504546,0.25665545,0.064547054,0.07059569,0.16819297,0.12289844,0.06518899,0.08274021,-0.026862621,0.14259484,0.276771,0.09263316,0.17509732,-0.06513969
0.6793953,0.752195,0.8600092,0.84608054,0.21020642,0.20568323,1.0,0.82530653,0.42960018,0.20753695,0.6790493,0.71613234,0.75563157,0.81791925,0.47832188,0.44421282,0.502574,0.6901348,0.7682477,0.694811,0.55080885,0.521917,0.81955975,0.8049924,0.3482653,0.36951536,0.28514907,0.38430563,0.5234599,0.64882153,0.58131737,0.65385157,0.6994459,0.6931862,0.6551653,0.66299975,0.17923723,0.25083965,0.4525267,0.45645398,0.52093005,0.1413616,0.61637664,0.6891099,0.47121847,0.42984816,0.6726084,0.5439192,0.09343422,0.3047613,0.3552022,0.26241183,0.30463493,0.42108035,0.61420566,0.4625349,0.6773353,0.60612196,0.013046097,0.006718342,0.34510565,0.2902876,0.65216845,0.5223191,0.28106627,0.31494236,0.6587082,0.65639657,0.61615914,0.58863086,0.6456518,0.6552031,0.42013463,0.44961992,0.15253288,0.34852085,0.31772542,0.41575313,-0.13794461,0.4945505,0.66612,0.6775336,0.38615286,0.49384138,0.5915946,0.6908286,0.41505626,0.43636212,0.56490624,0.526162,0.36111352,0.44690922,0.28938824,0.3825179,0.7619663,0.6118242,0.6924524,0.70080453,0.60607105,0.52160347,0.31112853,0.3211745,0.43270338,0.5385513,0.5842251,0.50242513,0.45588914,0.48489296,0.66659564,0.7170005,0.6082677,0.55142844,-0.011530672,0.50624037,0.6440512,0.5603633
0.5056843,0.8426139,0.8034954,0.8972836,0.05618614,-0.03714902,0.82530653,1.0,0.3031847,0.031495545,0.7118954,0.86577487,0.5944345,0.79661447,0.3220809,0.32452044,0.5250205,0.70687497,0.62668556,0.7350584,0.5412965,0.56199974,0.6270911,0.64449733,0.16541953,0.117878444,0.26045668,0.22886328,0.6321805,0.73173505,0.4098611,0.48335406,0.6833466,0.69556653,0.64883506,0.72711927,0.17308468,0.26091325,0.45199588,0.38339877,0.50602925,0.24511184,0.6091385,0.7321489,0.580334,0.49852452,0.6711654,0.59135026,0.26293665,0.32839203,0.3237888,0.3235289,0.19386682,0.5617243,0.5965277,0.46841303,0.5919693,0.58440816,0.026258027,-0.046611924,0.2193835,0.21070097,0.5738739,0.4754496,0.20161605,0.29745242,0.6577208,0.6481345,0.5966964,0.61916727,0.6333535,0.7234546,0.41999123,0.45367396,0.25779456,0.51033235,0.3971619,0.51019573,-0.08290732,0.5024584,0.62539667,0.77820355,0.3716351,0.38621157,0.3896395,0.76905406,0.20839015,0.20684724,0.4790558,0.5468878,0.1653805,0.2904273,0.14585266,0.31081593,0.6723311,0.5889513,0.60935885,0.6192353,0.503949,0.4193327,0.08776133,0.21598263,0.27960405,0.36929846,0.48573422,0.37735215,0.3725002,0.3456794,0.56179786,0.63764834,0.5924278,0.4966064,-0.101672195,0.3677012,0.4948029,0.4764324
0.25299135,0.25915587,0.47407833,0.21981774,0.3105906,0.268284,0.42960018,0.3031847,1.0,0.5611907,0.4556585,0.37065712,0.3196542,0.37808916,0.48972368,0.7040046,0.3840133,0.2916047,0.42384845,0.24149321,0.21345742,0.4486086,0.40148768,0.4479216,0.20462891,0.225778,0.53603613,0.5679783,0.29755378,0.2469712,0.2211602,0.16470818,0.45506752,0.5242011,0.42161408,0.34927982,-0.10936423,-0.1066008,0.021860544,0.115752965,0.21318676,-0.0900732,0.18613413,0.3897327,0.065069206,-0.04370786,0.3431888,0.22852558,-0.30609363,-0.20749839,0.0067656687,-0.28794804,-0.13266484,-0.032017414,0.34150895,0.22167006,0.14059398,-0.060559154,-0.49351487,0.48263273,-0.16559826,-0.056256805,0.3637409,0.08545984,-0.28031227,-0.17283787,0.25026044,0.2408168,0.061545055,0.0062441337,0.23744372,0.2277128,0.22665377,-0.052783795,0.20776427,0.15601633,0.176392,0.15004614,0.047300063,0.04274438,0.47697535,0.23444788,0.05600477,0.1424077,0.29725695,0.24569379,0.38603216,0.38204497,0.47340393,0.36018285,0.06452475,0.16753438,0.18693656,0.3418539,0.28804663,0.19171712,0.34783134,0.18529317,0.3558718,0.2914969,0.31048223,-0.18863834,0.25812855,0.2672725,0.26514065,0.2141218,0.11408307,0.10242378,0.33136806,0.4349363,0.30182198,0.2018241,-0.26103178,0.10634845,0.35788858,0.23724224
0.3524383,0.053997908,0.0877364,0.058615636,0.2992592,0.6460319,0.20753695,0.031495545,0.5611907,1.0,0.21566612,0.05378013,0.43054396,0.16258965,0.3580058,0.50625086,0.22498566,0.0891074,0.47737414,0.24128616,-0.077231884,0.21801773,0.31804317,0.4258314,0.3843617,0.5576741,0.3894778,0.5428599,0.17743438,0.07111111,0.33607468,0.27618855,0.44254968,0.44682494,0.46872258,0.35402197,-0.17423858,-0.17987998,-0.07798328,0.10262838,0.035417322,-0.16237915,0.27554205,0.23595941,0.06735835,0.21974114,0.2871508,0.23184368,-0.18386501,-0.0423432,0.2872002,-0.009505609,0.31834722,-0.018685643,0.22510053,0.018765252,0.25654435,0.038798597,-0.12037165,0.5091274,0.2849729,0.24504049,0.43351868,0.3038602,0.19356008,0.18807033,0.30019474,0.35414478,0.074232586,0.1521518,0.0849315,-0.095048636,0.083395205,-0.01580455,-0.16195625,-0.19736284,0.043025643,0.0629434,0.045584645,0.10304178,0.48914555,0.11249992,-0.07819725,0.07135821,0.47578236,0.18883319,0.6289151,0.59474456,0.30398306,0.12596965,0.4841912,0.4108235,0.5747651,0.530668,0.17485796,0.09435376,0.112071864,0.07260146,0.3636411,0.1916982,0.65451974,0.17483653,0.26470515,0.22129697,0.18837686,0.18748932,0.22179537,0.100921564,0.15542777,0.15534854,0.1538239,0.2523758,0.10266612,0.046550766,0.3108927,0.03189822
0.5136482,0.61793256,0.60701483,0.6206003,-0.050110012,-0.05814488,0.6790493,0.7118954,0.4556585,0.21566612,1.0,0.7887329,0.5247303,0.6322027,0.43659022,0.50711983,0.80599546,0.7744851,0.57690173,0.6692669,0.46517155,0.5657527,0.5994042,0.5751351,-0.042736124,0.04612034,0.26641297,0.2450472,0.8002808,0.77412945,0.2822506,0.38200092,0.7799968,0.8052025,0.64794,0.6601633,0.19790842,0.28680596,0.45628315,0.47408384,0.58229345,0.30951816,0.5171396,0.67305243,0.4471353,0.39852196,0.697508,0.66714895,0.19182898,-0.056673847,0.32053408,0.11429175,0.10961167,0.21699716,0.69047266,0.6132762,0.5204066,0.32486722,-0.23815826,-0.0038156235,0.07502284,-0.11359266,0.5889919,0.31827402,-0.019404968,0.08900852,0.6254882,0.5602874,0.24057063,0.4038904,0.6708717,0.6177989,0.5651056,0.54899746,0.28006646,0.4048152,0.62546474,0.6791597,0.3414991,0.5955023,0.7677349,0.7314728,0.4254695,0.34127232,0.47281966,0.65980804,0.1686453,0.13410708,0.6980917,0.68209267,0.086240664,0.19435632,0.122280076,0.3696204,0.52725005,0.4609489,0.6309455,0.4929099,0.58076125,0.5211413,0.21082763,0.014354311,0.44257194,0.36829403,0.55777764,0.47489154,0.47175682,0.4078755,0.4872209,0.61039054,0.6425457,0.4757393,-0.2642161,0.21217151,0.52163684,0.4799772
0.43049183,0.7939443,0.73464215,0.75409317,0.015237503,-0.12071195,0.71613234,0.86577487,0.37065712,0.05378013,0.7887329,1.0,0.48447284,0.6952316,0.31137356,0.38042873,0.5670554,0.7013744,0.53264713,0.63707095,0.48992628,0.56502795,0.5008522,0.5070823,-0.034676485,-0.019661581,0.24467178,0.1882239,0.683475,0.7463419,0.27030972,0.3229586,0.6826021,0.7092011,0.58760625,0.66515374,0.0929366,0.203593,0.38085818,0.31165892,0.52965564,0.23805097,0.47529277,0.69085556,0.48960385,0.387502,0.58346236,0.5259079,0.23269975,0.18261483,0.21444158,0.20252253,0.049066603,0.44596785,0.5564893,0.44655108,0.45873478,0.45151576,-0.11160546,-0.013492653,0.0641619,0.054604363,0.531835,0.40709165,0.03955834,0.19011053,0.52033496,0.5107132,0.4276787,0.44489557,0.58974785,0.7068649,0.4323987,0.41549322,0.2527919,0.45956126,0.43400234,0.5114148,0.06499618,0.5032981,0.6062556,0.7398721,0.3223679,0.2676603,0.27191034,0.67285985,0.08346223,0.06251106,0.46013194,0.5165316,-0.008469596,0.13171805,0.020062119,0.24728188,0.5207005,0.4479803,0.50878674,0.4712552,0.43862936,0.37315318,0.005488459,0.02497577,0.20162405,0.23397523,0.4036286,0.288083,0.2803365,0.2603314,0.4818105,0.5277114,0.4827314,0.3722364,-0.2648391,0.19982845,0.41403133,0.4207254
0.7335378,0.5628183,0.57784104,0.6599995,0.2986075,0.47992483,0.75563157,0.5944345,0.3196542,0.43054396,0.5247303,0.48447284,1.0,0.74819434,0.6076328,0.50450087,0.42272854,0.55748886,0.85644245,0.70712817,0.47713098,0.48321822,0.8027012,0.82364327,0.5415251,0.6204754,0.2674687,0.4772263,0.4761332,0.5497219,0.73685795,0.75274235,0.7574675,0.7105847,0.6867814,0.62276334,0.21532781,0.20885685,0.4658136,0.5352599,0.43275535,0.049280696,0.6037711,0.5596457,0.34092152,0.4875699,0.6010102,0.5188024,0.07540486,0.3327385,0.41285783,0.33453572,0.53652394,0.35429567,0.574649,0.4187307,0.72596604,0.6301439,0.12275434,-0.032018322,0.5166287,0.37037495,0.6162732,0.57718253,0.4766215,0.4224899,0.70282483,0.7244471,0.63608706,0.64988726,0.55201584,0.48338553,0.3843768,0.47867522,-0.08611335,0.032086067,0.25280893,0.36319622,-0.111308575,0.5224769,0.7066097,0.6459729,0.4537236,0.61031306,0.79696167,0.68421084,0.65341413,0.6904345,0.5687564,0.47140026,0.6152042,0.6041362,0.48085544,0.50880647,0.653747,0.53315365,0.5735055,0.6644847,0.6570011,0.54100794,0.5275473,0.5689747,0.5787321,0.65621734,0.61972713,0.59890515,0.5368186,0.6045467,0.5450332,0.48895192,0.49586156,0.59069765,0.17622526,0.54730976,0.71683514,0.49277285
0.5848616,0.71036875,0.79089445,0.7999137,0.24221206,0.12859298,0.81791925,0.79661447,0.37808916,0.16258965,0.6322027,0.6952316,0.74819434,1.0,0.5712892,0.49234366,0.4710982,0.6519866,0.7156108,0.7426657,0.6608631,0.6701718,0.73944986,0.759413,0.2898746,0.28647,0.28775823,0.41779456,0.59662616,0.68600565,0.5639128,0.6480315,0.701581,0.7103027,0.66317993,0.6128773,0.36114487,0.39621857,0.5663552,0.577319,0.63633513,0.26814556,0.5327673,0.60028136,0.45449573,0.40731663,0.6022232,0.50549465,0.10929188,0.25428265,0.26270983,0.20150632,0.19688757,0.41308874,0.6390519,0.5924347,0.6042361,0.5461832,-0.108959444,-0.07931543,0.23163587,0.20715263,0.52478,0.37881556,0.18954079,0.21062501,0.6750772,0.6408925,0.6537679,0.55928564,0.690255,0.7615484,0.540085,0.5106915,0.29085335,0.4681369,0.4194837,0.5066338,-0.09899622,0.49982175,0.64176524,0.7329397,0.5916516,0.67345107,0.5860616,0.75206494,0.36579436,0.42845368,0.63278955,0.676773,0.29565972,0.44421762,0.19983381,0.36210832,0.70252436,0.61812305,0.65880173,0.7215579,0.61104494,0.57359195,0.2500522,0.2938968,0.52327245,0.6314489,0.63933206,0.5965337,0.48083526,0.60190433,0.660454,0.60636914,0.5969202,0.5527174,-0.05830847,0.58312464,0.6828257,0.6113006
0.29318824,0.1486563,0.39843023,0.25213832,0.46308228,0.3346575,0.47832188,0.3220809,0.48972368,0.3580058,0.43659022,0.31137356,0.6076328,0.5712892,1.0,0.8279815,0.4587048,0.49375972,0.4543675,0.32410386,0.5819524,0.65395015,0.5353178,0.51019543,0.37092623,0.4106417,0.46152413,0.6826643,0.4786189,0.5045622,0.5962267,0.53490716,0.5553284,0.5824199,0.47066092,0.33894756,0.39389646,0.37399384,0.52672946,0.64623404,0.593219,0.18307787,0.099832565,0.23392369,-0.13044432,-0.052744687,0.39322087,0.38194358,-0.33975083,-0.26928136,-0.17896318,-0.26084888,-0.037074294,-0.13632233,0.51589566,0.55829567,0.23081866,0.14055015,-0.39003915,0.015219569,-0.1091366,-0.20588684,0.15291207,0.10357865,-0.15876658,-0.18907061,0.38708463,0.3632655,0.097839385,0.15410529,0.5404893,0.48682973,0.6096056,0.3809341,0.1968552,0.21818703,0.52289385,0.52858025,0.25392094,0.44662052,0.48293206,0.42933023,0.6512918,0.6979491,0.61586064,0.4588634,0.5081992,0.4824698,0.64388335,0.62800765,0.14885902,0.1781516,0.036158387,0.19790334,0.436839,0.3605995,0.50789225,0.47517267,0.52387804,0.5720957,0.27023438,0.06183205,0.5423989,0.5132465,0.554772,0.5636009,0.49806017,0.6007804,0.5186223,0.41966212,0.42934015,0.3703125,-0.20521854,0.3032061,0.5537346,0.48107862
0.27226081,0.19778013,0.38456106,0.21788123,0.3876855,0.32470968,0.44421282,0.32452044,0.7040046,0.50625086,0.50711983,0.38042873,0.50450087,0.49234366,0.8279815,1.0,0.47038487,0.42493987,0.46740106,0.34817922,0.44619155,0.64498574,0.4598487,0.46633205,0.20971318,0.30671555,0.53228223,0.6588473,0.5002872,0.4744777,0.41533074,0.34144285,0.58002234,0.62840915,0.51531386,0.39043102,0.1820932,0.20292905,0.33902973,0.4818799,0.5198689,0.020489784,0.09183628,0.3177811,-0.04666044,-0.039471284,0.3926729,0.36596912,-0.28675306,-0.31297368,-0.11981742,-0.30473667,-0.1316837,-0.18729803,0.4890752,0.48087564,0.17207153,0.023060085,-0.51555675,0.23137519,-0.15177418,-0.22143227,0.25314498,0.10605992,-0.24491951,-0.2057917,0.36500293,0.3276729,0.052925568,0.08332605,0.4367238,0.38588938,0.45800325,0.17148928,0.2188701,0.1896571,0.4844775,0.47639877,0.21880245,0.31105363,0.5310063,0.3863224,0.44800028,0.49463537,0.5185364,0.41695327,0.44238952,0.39246604,0.59738046,0.55857533,0.050190393,0.111188225,0.023569107,0.21064164,0.33742714,0.2574433,0.4340977,0.31422266,0.5054562,0.49019983,0.2617359,-0.11236958,0.40141496,0.32377177,0.448721,0.423164,0.39685202,0.43759498,0.4380581,0.36806703,0.35417125,0.29909217,-0.24975403,0.11825368,0.46530315,0.38223222
0.45775875,0.40032253,0.37860864,0.4481435,-0.098011956,-0.041613568,0.502574,0.5250205,0.3840133,0.22498566,0.80599546,0.5670554,0.42272854,0.4710982,0.4587048,0.47038487,1.0,0.8170984,0.48064122,0.56337816,0.39167652,0.5395339,0.52004343,0.5072024,0.054809894,0.074055,0.2583216,0.24557814,0.79899645,0.7560651,0.32712123,0.4160014,0.7223901,0.7378045,0.5895033,0.5789958,0.35001656,0.41502702,0.5684562,0.5927772,0.53178436,0.41947937,0.49124983,0.53788793,0.35540128,0.35762298,0.7417536,0.7382805,0.08130445,-0.20263053,0.2768264,0.079051174,0.16881713,0.10640971,0.7111137,0.66938007,0.53495497,0.28532833,-0.29623467,-0.02252689,0.072101414,-0.15753677,0.5338324,0.32330254,-0.042041525,0.09586488,0.66139036,0.5723954,0.08712849,0.39240333,0.63929385,0.51985884,0.5841132,0.57094973,0.28277075,0.3260192,0.73201644,0.7392151,0.5380964,0.6874792,0.7632653,0.70759434,0.4955837,0.3865577,0.5331986,0.62391347,0.24678211,0.21775521,0.7793726,0.7489577,0.16185293,0.23375997,0.16273324,0.43679762,0.4944886,0.45453048,0.6768723,0.47741443,0.586453,0.5611176,0.2926142,0.123508014,0.56131506,0.476592,0.6234859,0.56581557,0.60930365,0.4367853,0.41642353,0.6584825,0.7410558,0.534511,-0.15591437,0.17352907,0.50865805,0.457022
0.5728215,0.62422335,0.5755835,0.65261424,-0.004582615,-0.061719924,0.6901348,0.70687497,0.2916047,0.0891074,0.7744851,0.7013744,0.55748886,0.6519866,0.49375972,0.42493987,0.8170984,1.0,0.5772963,0.63319266,0.6125957,0.6108031,0.58792907,0.54961383,0.11074305,0.10950405,0.26278886,0.24642393,0.7492811,0.85699415,0.44484952,0.5230918,0.7311758,0.7164661,0.58994126,0.6267599,0.44747218,0.52907103,0.65843564,0.63265747,0.58063287,0.37937778,0.5186145,0.5830599,0.40369627,0.40082335,0.7215532,0.6797284,0.19128078,0.07718683,0.2513017,0.2464445,0.19162692,0.30732584,0.69712335,0.67955494,0.66110504,0.5941541,-0.09290415,-0.14841196,0.18711916,0.029163249,0.5293588,0.49706432,0.11023943,0.24437109,0.67210466,0.62593156,0.37564787,0.54276454,0.7477553,0.7160862,0.58643466,0.6602806,0.28116333,0.4309163,0.6590614,0.7214872,0.30299273,0.7667779,0.6841836,0.8141878,0.617196,0.52442205,0.5441859,0.694436,0.23362918,0.21714206,0.7129473,0.70633006,0.18901625,0.30120787,0.100534275,0.33446413,0.6081111,0.53445125,0.68942547,0.6129564,0.59071136,0.5810672,0.20774034,0.254478,0.5459408,0.5508146,0.672491,0.63072413,0.6043025,0.5656341,0.558463,0.6387471,0.67523324,0.5190298,-0.12386408,0.36365283,0.60870475,0.58346224
0.82564753,0.66502446,0.6060593,0.68473923,0.13795836,0.37841988,0.7682477,0.62668556,0.42384845,0.47737414,0.57690173,0.53264713,0.85644245,0.7156108,0.4543675,0.46740106,0.48064122,0.5772963,1.0,0.7948911,0.41231668,0.47201452,0.75320655,0.79679614,0.38089454,0.47822168,0.25700107,0.39568678,0.464819,0.5239713,0.55271983,0.6024859,0.74029875,0.7041161,0.6643925,0.62034506,0.1424137,0.15276334,0.39250633,0.4626972,0.38006106,0.04258919,0.6715682,0.6366846,0.4988028,0.59814113,0.6435518,0.58034337,0.17987208,0.35519284,0.531319,0.38443863,0.5296244,0.38821486,0.5644766,0.3891148,0.7618378,0.6266542,0.0836382,0.076872595,0.55437714,0.44107604,0.73167384,0.62380147,0.45973003,0.50057715,0.75721335,0.7325627,0.65705335,0.6801656,0.5639259,0.47706828,0.2737832,0.41806138,-0.04456969,0.045239992,0.24592407,0.349451,-0.08589169,0.46123073,0.7379298,0.64704126,0.3470318,0.5112786,0.78597957,0.7190957,0.53546596,0.60527366,0.5521669,0.48826092,0.5397773,0.5782747,0.48977333,0.53540075,0.6214815,0.49050122,0.571751,0.63150984,0.63704866,0.49628517,0.49813262,0.48389927,0.5333383,0.5903997,0.61825985,0.57580256,0.54382974,0.50566775,0.52489597,0.5434134,0.5781579,0.6180381,0.17532939,0.5119597,0.69817287,0.48818234
0.7422665,0.78632504,0.5475826,0.7624763,-0.10790169,0.08588664,0.694811,0.7350584,0.24149321,0.24128616,0.6692669,0.63707095,0.70712817,0.7426657,0.32410386,0.34817922,0.56337816,0.63319266,0.7948911,1.0,0.42790955,0.5006227,0.62038577,0.66918695,0.15577884,0.17922816,0.13130969,0.14965779,0.6124197,0.6486176,0.3512257,0.4478972,0.7025569,0.6914163,0.69535184,0.68184906,0.30052173,0.3226573,0.5238842,0.53435206,0.46497658,0.1977356,0.7383458,0.73078877,0.7002828,0.75166905,0.72200376,0.7199531,0.4417313,0.346992,0.5934324,0.52198327,0.43957305,0.46406227,0.6652218,0.5617688,0.7704169,0.64343446,0.114487365,-0.14575821,0.52444375,0.35623115,0.7070838,0.5565784,0.45705116,0.49365857,0.84904635,0.79013294,0.6641579,0.78701967,0.62392336,0.5586429,0.31957272,0.48466364,0.16838324,0.25658405,0.42867613,0.5490956,0.002078874,0.5540272,0.72524935,0.7756446,0.45487452,0.5053525,0.65306044,0.84084415,0.25225484,0.32607862,0.56461126,0.6090227,0.3856534,0.46581298,0.3006846,0.41703975,0.63764286,0.5739532,0.6227589,0.6690805,0.64476544,0.52765363,0.2639199,0.41321722,0.49497163,0.49532217,0.640754,0.57358736,0.61945564,0.5143012,0.53174734,0.5311752,0.6594308,0.664679,0.17315315,0.47698835,0.62922156,0.5381949
0.34399515,0.44498208,0.55544925,0.5111792,0.18852969,-0.12618938,0.55080885,0.5412965,0.21345742,-0.077231884,0.46517155,0.48992628,0.47713098,0.6608631,0.5819524,0.44619155,0.39167652,0.6125957,0.41231668,0.42790955,1.0,0.74748313,0.4706135,0.41929445,0.07592989,0.017656418,0.3042749,0.30238512,0.5138985,0.6175728,0.41617283,0.44019583,0.45360798,0.45967063,0.3638408,0.34716097,0.5182127,0.58878773,0.545751,0.56732184,0.6222548,0.29002556,0.13844398,0.23127167,0.16940072,0.055248067,0.29811174,0.25635928,0.109076366,0.15754054,-0.04180262,0.065658465,-0.055445123,0.2367306,0.3852645,0.5194539,0.3452686,0.41991857,-0.14859962,-0.29821065,-0.013677661,-0.05092765,0.18526341,0.23690283,-0.032297596,0.0032124808,0.35176563,0.286554,0.38860455,0.30601117,0.6260369,0.72067827,0.5882694,0.5354994,0.4087829,0.5098432,0.5237628,0.5610579,0.03516561,0.43917608,0.36177203,0.6185029,0.73229855,0.6608179,0.4043137,0.48925444,0.11924867,0.13786986,0.4944904,0.5580036,-0.01813878,0.14005977,-0.11062398,0.016396066,0.44536436,0.37801677,0.47187474,0.4996665,0.3280118,0.38540137,-0.044270378,0.080627404,0.36876935,0.43590078,0.45782128,0.4541016,0.29865065,0.49526244,0.45948923,0.3892079,0.40762055,0.2442679,-0.21266644,0.41978717,0.46059844,0.49628308
0.36086938,0.44684407,0.50544775,0.46766114,0.19251385,0.0056263814,0.521917,0.56199974,0.4486086,0.21801773,0.5657527,0.56502795,0.48321822,0.6701718,0.65395015,0.64498574,0.5395339,0.6108031,0.47201452,0.5006227,0.74748313,1.0,0.47475037,0.48661888,0.09940625,0.07920674,0.48329046,0.49848828,0.5886705,0.6303299,0.40935507,0.39078912,0.57817173,0.6198567,0.48886338,0.43311724,0.42110068,0.49184406,0.5009966,0.5909019,0.66930664,0.2648443,0.20496084,0.3608624,0.17120184,0.08029271,0.42381707,0.38884673,0.0030384504,-0.048888512,-0.03585487,-0.07391597,-0.06689502,0.12946588,0.52854365,0.5836048,0.33933562,0.26062834,-0.3738356,-0.05547591,-0.103676915,-0.13093352,0.30102032,0.20676686,-0.1416924,-0.052775353,0.44100323,0.3690003,0.28027225,0.2667982,0.62213284,0.70586663,0.62871057,0.4140574,0.3604367,0.42567477,0.6183223,0.6573632,0.16502093,0.47497582,0.5253338,0.66280925,0.635372,0.55946815,0.46345106,0.5693927,0.2484417,0.2335897,0.6520675,0.6911432,0.001327328,0.12832251,-0.05485265,0.14131954,0.46278498,0.40380266,0.52316004,0.4651013,0.4471794,0.4351318,0.057720162,-0.01007065,0.43534225,0.4173181,0.49722236,0.4466194,0.34819224,0.43063852,0.4818888,0.50408715,0.51418984,0.3138275,-0.25929284,0.25149104,0.47026148,0.46048206
0.6597494,0.50645363,0.6961376,0.696047,0.29612246,0.37426847,0.81955975,0.6270911,0.40148768,0.31804317,0.5994042,0.5008522,0.8027012,0.73944986,0.5353178,0.4598487,0.52004343,0.58792907,0.75320655,0.62038577,0.4706135,0.47475037,1.0,0.90653133,0.4924037,0.55538756,0.20211971,0.43400574,0.49638242,0.5596263,0.72465086,0.81344146,0.705429,0.6885103,0.6282666,0.56576854,0.15354069,0.18441576,0.406763,0.47356057,0.432278,0.068993464,0.5828832,0.55963844,0.32511142,0.37805113,0.63419825,0.49066114,-0.0061109113,0.24869835,0.42796245,0.1823947,0.49387574,0.34269652,0.57328993,0.4216385,0.67675996,0.47890675,-0.029342838,0.0019902508,0.3885326,0.25995323,0.63501537,0.46311653,0.31642488,0.3018326,0.63371676,0.6119803,0.5309128,0.5098848,0.61353856,0.5189433,0.4382271,0.47612768,0.07303153,0.20155017,0.2822942,0.37432337,-0.12754844,0.44283602,0.71684587,0.63798636,0.3691087,0.50509125,0.69035006,0.58982795,0.6112496,0.63580036,0.6243389,0.51052594,0.5593913,0.5887352,0.47973529,0.5615756,0.6830739,0.54028726,0.6340847,0.6258303,0.5930632,0.47759205,0.54709077,0.45873094,0.56019974,0.65819544,0.56784093,0.5179488,0.457947,0.52325153,0.53135973,0.68616694,0.575457,0.5141687,0.08702568,0.5078781,0.6276796,0.4141435
0.66259956,0.54812175,0.68184155,0.7179539,0.3066216,0.44073376,0.8049924,0.64449733,0.4479216,0.4258314,0.5751351,0.5070823,0.82364327,0.759413,0.51019543,0.46633205,0.5072024,0.54961383,0.79679614,0.66918695,0.41929445,0.48661888,0.90653133,1.0,0.5595478,0.6234992,0.2928004,0.509002,0.49126452,0.5269068,0.74063724,0.80648905,0.74588895,0.73784983,0.69361746,0.62747777,0.11537706,0.12738426,0.38975078,0.45744726,0.38592133,0.052102666,0.6753935,0.6324379,0.378417,0.45927566,0.68318427,0.53994805,-0.010565571,0.27636468,0.48061466,0.22447212,0.53746456,0.39598683,0.61264193,0.4043735,0.71337163,0.48849115,-0.016819743,0.10725825,0.44917917,0.34540746,0.7120805,0.5087412,0.3837222,0.362281,0.6920278,0.69205475,0.5679547,0.56844693,0.5561564,0.4805017,0.36751792,0.39786318,0.0115954215,0.14433508,0.24735518,0.34420967,-0.16816282,0.42198172,0.77439183,0.6348078,0.30642483,0.46592686,0.6972302,0.6274266,0.68009984,0.7231231,0.6124106,0.49777213,0.64462936,0.6632125,0.5893925,0.664939,0.72274595,0.586538,0.6491744,0.63765794,0.6603936,0.4976713,0.62966573,0.51448435,0.5597275,0.66930777,0.5695915,0.5106899,0.48446128,0.48813418,0.5388623,0.6921923,0.5946564,0.58829963,0.13863005,0.5098889,0.64923733,0.40129998
0.22817795,0.07066552,0.23262343,0.28088874,0.5290745,0.67488074,0.3482653,0.16541953,0.20462891,0.3843617,-0.042736124,-0.034676485,0.5415251,0.2898746,0.37092623,0.20971318,0.054809894,0.11074305,0.38089454,0.15577884,0.07592989,0.09940625,0.4924037,0.5595478,1.0,0.7837388,0.35323343,0.55023587,-0.03154896,0.0026865713,0.74217343,0.60224557,0.2960246,0.2683442,0.2964198,0.23726676,-0.0057104127,-0.058836922,0.14588292,0.17318322,-0.066284485,-0.11175904,0.3610735,0.23446842,-0.0783253,0.12864928,0.30764452,0.20029896,-0.38793248,0.18508093,0.119146444,0.05332386,0.46184292,0.18505631,0.24126,0.026976405,0.38005483,0.29940984,0.14675732,0.17156634,0.31003755,0.29892576,0.24383098,0.25842667,0.3400533,0.1862757,0.31292596,0.4085608,0.30218714,0.3194301,0.09175831,0.023714758,0.058725912,0.0042484263,-0.21508622,-0.17228554,-0.16160691,-0.08418282,-0.26169604,0.09691182,0.3105542,0.16170713,0.035717282,0.28409803,0.40586182,0.21208832,0.7956428,0.79720473,0.2153462,0.046303343,0.65103924,0.53025764,0.5593144,0.49681818,0.47517222,0.41614482,0.33938769,0.37593895,0.3658648,0.26889417,0.56353295,0.6104519,0.36400428,0.5479726,0.29872698,0.29817632,0.25939023,0.28453243,0.2664986,0.34564042,0.22742432,0.36969474,0.34210262,0.4228046,0.39599356,0.18585743
0.31415522,0.021593422,0.19967988,0.21422915,0.51775235,0.7891927,0.36951536,0.117878444,0.225778,0.5576741,0.04612034,-0.019661581,0.6204754,0.28647,0.4106417,0.30671555,0.074055,0.10950405,0.47822168,0.17922816,0.017656418,0.07920674,0.55538756,0.6234992,0.7837388,1.0,0.29574406,0.6118919,0.00754107,0.031675857,0.7670813,0.66237926,0.42194396,0.36968574,0.390282,0.2933929,-0.11679097,-0.17803214,0.1244473,0.21784458,-0.010424566,-0.23611777,0.37587416,0.24332508,-0.1381752,0.15264155,0.35578454,0.22746821,-0.34812215,0.12523639,0.20600532,0.015186366,0.523089,0.06784742,0.29969344,0.04990215,0.38954154,0.25167942,0.12533735,0.30089304,0.40306592,0.3180218,0.34233338,0.34082526,0.39680764,0.27020407,0.32118362,0.43960887,0.25800076,0.28193069,0.13078623,-0.042419422,0.028340502,0.043363027,-0.37004504,-0.2572734,-0.116275415,-0.033571176,-0.1955046,0.17076188,0.42123866,0.14462927,-0.03600218,0.20488322,0.47551882,0.14109285,0.8437821,0.80381733,0.24219722,0.02625433,0.74896175,0.58386904,0.6510684,0.55591404,0.4272352,0.34637752,0.29367176,0.3288496,0.460189,0.29829252,0.7549246,0.5602664,0.37225378,0.466115,0.27618966,0.26891315,0.3316325,0.35894695,0.30821866,0.26246408,0.15326364,0.3584454,0.27417699,0.2886758,0.3826244,0.11703308
0.057747178,0.14920856,0.30443516,0.19865629,0.4597399,0.31505433,0.28514907,0.26045668,0.53603613,0.3894778,0.26641297,0.24467178,0.2674687,0.28775823,0.46152413,0.53228223,0.2583216,0.26278886,0.25700107,0.13130969,0.3042749,0.48329046,0.20211971,0.2928004,0.35323343,0.29574406,1.0,0.63836104,0.21502675,0.19221644,0.39585656,0.19553962,0.3356494,0.387244,0.27592248,0.23626703,0.085609764,0.08500437,0.122785226,0.14135517,0.21016775,-0.010523629,0.11611205,0.2678939,-0.11618281,-0.12761801,0.26459494,0.20080812,-0.34239045,-0.20402578,-0.13371047,-0.2765096,-0.14224398,0.023824884,0.30148524,0.17499599,0.11366632,0.04424081,-0.28390983,0.3379452,-0.2011281,-0.13087524,0.10515891,0.012850586,-0.21858911,-0.20920563,0.18015918,0.21181396,0.048757527,0.08140638,0.23125543,0.23419797,0.32900035,-0.007726828,0.13422772,0.17305826,0.2332484,0.21753877,0.026383301,0.035058584,0.31586015,0.25214922,0.18001947,0.1793173,0.19725165,0.18808195,0.43164274,0.3554977,0.33526203,0.24361528,0.06354608,0.086268455,0.16605337,0.25570843,0.2888977,0.30157518,0.3338121,0.23956491,0.2883534,0.2437563,0.23422654,-0.012533121,0.16064416,0.25653544,0.22596213,0.17558986,0.14095487,0.14349958,0.28873593,0.34198952,0.27635428,0.21672079,-0.09664464,0.10429697,0.26820055,0.19890267
0.15659557,0.06637578,0.36307663,0.20131986,0.65977186,0.61874056,0.38430563,0.22886328,0.5679783,0.5428599,0.2450472,0.1882239,0.4772263,0.41779456,0.6826643,0.6588473,0.24557814,0.24642393,0.39568678,0.14965779,0.30238512,0.49848828,0.43400574,0.509002,0.55023587,0.6118919,0.63836104,1.0,0.19766806,0.19789888,0.62174267,0.47779742,0.4359175,0.4552693,0.38790223,0.27476948,0.032401603,0.034267314,0.15377778,0.2864399,0.282398,-0.014748533,0.09858902,0.16675554,-0.23469026,-0.15690592,0.28688955,0.20889881,-0.5539511,-0.20764418,-0.15521349,-0.3463822,0.01609796,-0.15107392,0.32582903,0.20318983,0.149646,0.024707748,-0.29905358,0.44109508,-0.085822515,-0.053792026,0.15573762,0.07450375,-0.12728123,-0.1641397,0.22704083,0.26813364,0.0563784,0.046460412,0.251095,0.20135441,0.31999,0.03206901,-0.0067434474,0.09951983,0.17765155,0.20826255,0.02669146,0.19071956,0.4180539,0.21787429,0.20317559,0.32058775,0.404691,0.21538743,0.66601956,0.5886971,0.43179777,0.3032292,0.27455196,0.20895201,0.29375544,0.32207966,0.35970104,0.29492688,0.34155807,0.2643988,0.38884014,0.30244428,0.45493022,0.09044424,0.29205182,0.3635858,0.2779734,0.25414133,0.2801282,0.27253404,0.34867474,0.36786902,0.26241925,0.2383912,-0.08462071,0.16483107,0.33621907,0.20208044
0.3946246,0.48683444,0.48264346,0.5570108,-0.08525177,-0.12712261,0.5234599,0.6321805,0.29755378,0.17743438,0.8002808,0.683475,0.4761332,0.59662616,0.4786189,0.5002872,0.79899645,0.7492811,0.464819,0.6124197,0.5138985,0.5886705,0.49638242,0.49126452,-0.03154896,0.00754107,0.21502675,0.19766806,1.0,0.8723728,0.3203298,0.4425162,0.76776767,0.7885533,0.6794034,0.6728974,0.37896627,0.44507197,0.5879778,0.58858967,0.6822945,0.46176463,0.4577903,0.55043983,0.47471574,0.40734243,0.6683544,0.653755,0.22262226,-0.051524986,0.3041356,0.17249939,0.1145782,0.2523574,0.6690021,0.66930413,0.47333732,0.3094238,-0.28523865,-0.056755926,0.08620434,-0.088260055,0.5395686,0.37232226,0.012018678,0.15057793,0.64641184,0.57413197,0.21781918,0.43314707,0.62900233,0.6265133,0.6592813,0.61904716,0.38917163,0.46057552,0.7023845,0.7298249,0.39669672,0.69090754,0.7418929,0.7643383,0.56996775,0.48320815,0.48452607,0.68964887,0.15672748,0.15749006,0.6575081,0.7061362,0.11913223,0.27450678,0.12276514,0.38704172,0.4770549,0.45881784,0.58470917,0.4766789,0.58210534,0.56933975,0.17892729,0.095323205,0.4353647,0.3895519,0.5716582,0.5301605,0.5001402,0.4633002,0.4421984,0.5090617,0.60708004,0.5029543,-0.19546118,0.20267896,0.52945733,0.44905493
0.50574785,0.6135971,0.5821038,0.6638044,-0.013594212,-0.1351405,0.64882153,0.73173505,0.2469712,0.07111111,0.77412945,0.7463419,0.5497219,0.68600565,0.5045622,0.4744777,0.7560651,0.85699415,0.5239713,0.6486176,0.6175728,0.6303299,0.5596263,0.5269068,0.0026865713,0.031675857,0.19221644,0.19789888,0.8723728,1.0,0.39668685,0.52721673,0.75302696,0.74977964,0.6491045,0.680285,0.4418887,0.52777725,0.64161766,0.6275429,0.6901602,0.41422826,0.45940977,0.5541014,0.474777,0.42076376,0.6676952,0.62721616,0.2755569,0.10403515,0.26630974,0.2669171,0.14503439,0.34619984,0.65257794,0.6734623,0.5800482,0.51703364,-0.14294381,-0.1590499,0.16311269,0.03329808,0.5298365,0.4830393,0.099871755,0.24062842,0.6503917,0.6008277,0.38721058,0.52314377,0.71099,0.73934495,0.62619686,0.6669063,0.33313337,0.46714774,0.69636536,0.75098276,0.2801331,0.7568987,0.682732,0.83113354,0.64556277,0.56200236,0.5143609,0.73217463,0.14393625,0.14826371,0.6475941,0.69925725,0.12763593,0.2783745,0.04533833,0.30002117,0.5466605,0.4836856,0.6082522,0.55365,0.5555633,0.5468904,0.12146439,0.18112789,0.43573424,0.43392906,0.58969885,0.5521466,0.5232774,0.5203726,0.5161505,0.53398186,0.587883,0.48805588,-0.1430973,0.28761205,0.56157833,0.50596464
0.400264,0.23781808,0.45452356,0.4763834,0.5597278,0.55253863,0.58131737,0.4098611,0.2211602,0.33607468,0.2822506,0.27030972,0.73685795,0.5639128,0.5962267,0.41533074,0.32712123,0.44484952,0.55271983,0.3512257,0.41617283,0.40935507,0.72465086,0.74063724,0.74217343,0.7670813,0.39585656,0.62174267,0.3203298,0.39668685,1.0,0.8327003,0.59831464,0.5703263,0.5291084,0.4547731,0.2018949,0.1793851,0.43612087,0.48735362,0.31078133,0.06086769,0.44144675,0.35790822,-0.0066231834,0.18460901,0.5141741,0.3799403,-0.28475794,0.15588596,0.16136867,0.054359324,0.4730599,0.21609391,0.5087892,0.32361573,0.5245512,0.4301088,0.017144745,0.050871853,0.30843276,0.22560239,0.3899808,0.41497794,0.31634283,0.23931094,0.47914702,0.551618,0.3869322,0.42371753,0.43027464,0.35035634,0.40539533,0.36307132,-0.10957584,0.070716426,0.1945825,0.26970476,-0.10017477,0.44015938,0.5730467,0.5052236,0.35253975,0.4833409,0.57983,0.40531927,0.7918171,0.762405,0.48535147,0.33045894,0.64133644,0.5702956,0.5054759,0.53812647,0.61807555,0.5643022,0.5492498,0.58813125,0.56351715,0.4702393,0.6187455,0.58637536,0.5177915,0.6645528,0.4921249,0.47061574,0.43548515,0.5518481,0.48678368,0.50891906,0.41306067,0.46836272,0.18644333,0.47567964,0.5638593,0.35577086
0.52702135,0.32228968,0.5378016,0.5757252,0.4245468,0.41542944,0.65385157,0.48335406,0.16470818,0.27618855,0.38200092,0.3229586,0.75274235,0.6480315,0.53490716,0.34144285,0.4160014,0.5230918,0.6024859,0.4478972,0.44019583,0.39078912,0.81344146,0.80648905,0.60224557,0.66237926,0.19553962,0.47779742,0.4425162,0.52721673,0.8327003,1.0,0.6285514,0.5807387,0.5634972,0.4940577,0.29041463,0.28885168,0.49090776,0.53907007,0.43589273,0.18070738,0.5023204,0.37583616,0.21811752,0.31984538,0.5613168,0.43015337,-0.08792323,0.22827825,0.33452404,0.19381738,0.5285323,0.31870663,0.5153073,0.40522248,0.6116174,0.4773258,0.037331436,-0.00012813769,0.40933916,0.29669744,0.50738525,0.46656564,0.37013587,0.32577646,0.5722006,0.5857192,0.48734143,0.4963565,0.54914904,0.46732238,0.4727096,0.518414,-0.043741763,0.12511891,0.27984226,0.35446543,-0.07533902,0.5139128,0.6146052,0.53660494,0.43263513,0.56779283,0.65891004,0.504363,0.66613203,0.6911411,0.5604029,0.44505814,0.6502371,0.6474634,0.51789594,0.5662813,0.64558226,0.5427157,0.5658801,0.61430025,0.5729872,0.49046174,0.61583006,0.58702093,0.5723276,0.6999834,0.5490142,0.5467685,0.48635063,0.5765705,0.5005451,0.56388736,0.4857323,0.5185219,0.1908225,0.52880186,0.6117819,0.38116804
