1.0,0.33985004,0.5627564,0.3518703,-0.53577375,-0.100534655,0.7684749,0.41929266,-0.119895644,-0.2206757,0.44964266,0.36866665,0.39176857,0.1916899,0.27165458,0.27335057,0.32008255,0.11362003,0.57723653,0.56761897,0.16516726,0.17970957,0.16030216,-0.17186864,-0.42403603,-0.36755276,-0.19506148,-0.34347555,0.3229874,0.52371895,0.034148026,-0.16598085,0.36933246,0.19424899,0.33469808,0.2542481,0.40355703,0.17589003,0.23149976,0.14068504,0.19711852,0.3622804,0.55785316,0.41488132,0.45857525,0.51877093,0.5357956,0.19641873,0.21755649,0.31342274,0.41763666,0.2489437,0.2492951,0.115301035,0.5275379,-0.017372256,0.85776806,0.26098928,0.06741841,-0.23158085,0.6952374,0.18613583,0.74694955,0.2479904,0.3717644,0.010214479,0.6626147,0.42474195,0.6148253,0.53110564,0.50594366,0.17651615,0.15556362,0.25786418,0.10782729,-0.4633604,0.4416345,0.16085598,-0.09685032,0.13163255,0.6981697,0.15115686,0.027385848,-0.072953604,0.6068006,0.021522524,-0.20286024,-0.67517334,0.30270094,-0.10242509,0.45785454,0.08797085,0.3166119,-0.13720933,0.4472465,0.15384452,0.07120594,0.0012682573,0.35370865,0.18925063,0.03840921,-0.17400779,0.033797175,-0.19739208,0.101488054,-0.004131472,0.051898625,0.16979454,0.40184438,0.39248273,0.26053098,0.2923968,0.1546367,0.11254079,0.14308126,0.1357674
0.33985004,1.0,-0.10110559,0.6089253,-0.39046544,-0.6331459,0.2024691,0.61146575,0.46538684,-0.4322283,-0.18314573,0.39063662,0.2490355,0.6694134,0.26873013,0.06379049,-0.03495405,-0.1548483,0.7585321,0.8562714,-0.48081332,0.50544155,0.25462908,-0.20719989,-0.63842887,-0.60867643,-0.77825624,-0.6627477,0.3265855,0.2095654,-0.2197508,0.43837604,0.26301774,0.26676753,0.05745599,0.14696878,0.12226362,0.13251337,-0.24746956,0.046341877,-0.31315997,-0.19018191,0.49621454,0.40240714,0.49198148,0.50465184,0.045678914,0.18252514,-0.12046865,0.5807646,0.23023394,0.62791145,-0.040734086,0.07727252,-0.034908555,0.050698597,0.2582571,0.84740454,-0.16405448,-0.29312298,0.3870333,-0.019116053,0.14039512,0.8300348,0.13590933,0.6425741,0.5930687,0.46806657,0.80618113,0.8057496,0.061294056,0.29184896,-0.25136176,0.10581594,-0.6240061,-0.13587405,-0.016416632,-0.044406023,-0.24720508,-0.21370074,0.09724781,0.53624326,-0.23427004,-0.35629418,-0.274828,0.63559854,-0.7254297,-0.5249214,-0.45713025,0.21306726,-0.22889903,0.379452,-0.12395406,0.16982685,0.0022089172,-0.0900481,-0.19862,-0.12643142,-0.16799487,0.22164558,-0.5626983,0.07355748,-0.4720242,-0.1685917,-0.06833341,-0.098198414,-0.1780174,-0.039274924,0.23828743,0.044281665,0.0615446,0.07695327,0.09122361,-0.07155492,-0.02199617,-0.18763833
0.5627564,-0.10110559,1.0,0.36368397,-0.03398382,0.51774836,0.8051115,0.3896916,0.032605022,0.3578634,0.7162785,0.24520874,0.59455377,0.024769153,0.41634047,0.43333596,0.5189974,0.31699437,0.16893186,0.08389985,0.5880406,0.29843765,0.52377415,0.46409106,0.19532897,0.271511,0.30783692,0.30282855,0.45952412,0.5067559,0.5364708,0.013701076,0.4313445,0.32413176,0.36911184,0.3431395,0.41542006,0.08149843,0.47451055,0.19951668,0.5218874,0.4417564,0.18305512,0.35715538,0.050867412,0.30252144,0.55580086,0.24959129,0.14939229,-0.08690655,-0.033993702,-0.27633268,0.23339635,0.18040186,0.5684971,0.0380619,0.58203137,0.0061472263,-0.039329477,0.028434748,0.22904465,0.42897063,0.3991126,-0.0011962844,0.15088613,-0.3416343,0.30068874,0.36760145,0.041428342,0.048791252,0.78046715,0.4082064,0.6747872,0.51149505,0.6094451,-0.010877718,0.6038845,0.4695462,0.3093818,0.25608653,0.62277937,0.16663353,0.47543377,0.30609196,0.70408666,0.041697804,0.4130442,-0.2283122,0.6141008,0.05035043,0.6345889,0.38912275,0.52993405,0.3120238,0.5230428,0.32168326,0.15491116,0.1759609,0.4682638,0.4122227,0.40730762,0.22626123,0.5033472,0.2655444,0.43302253,0.29909462,0.16479552,0.52596563,0.37140426,0.46834946,0.26727986,0.38826376,0.42658597,0.41549626,0.4258124,0.35532463
0.3518703,0.6089253,0.36368397,1.0,-0.113055825,-0.08161651,0.49631757,0.8502633,0.6187974,0.053966273,0.177901,0.42661697,0.5619906,0.659349,0.5170399,0.3713932,0.25654197,0.20494321,0.67306864,0.65323484,0.046971932,0.6970365,0.74294966,0.39612466,-0.20464468,-0.13446704,-0.30581793,-0.12930246,0.59452313,0.4306374,0.28844592,0.65981656,0.48102826,0.57479775,0.22269146,0.41706732,0.4298634,0.27311635,0.12273476,0.2213288,0.040869035,0.11100259,0.30135906,0.6398519,0.18180142,0.49714202,0.40175796,0.3915353,-0.10939915,0.24263659,-0.05747327,0.21627815,0.040764313,0.22595288,0.26298457,0.11930436,0.33669373,0.67808604,-0.3213389,-0.16363317,0.123711154,0.27674785,0.052704632,0.6697814,0.027389796,0.29682627,0.5178178,0.6516112,0.5109265,0.5291268,0.5269971,0.63328844,0.26793557,0.4990736,-0.12205437,0.1613205,0.3544087,0.40149632,0.07301184,0.08008974,0.30832487,0.72745305,0.12318094,0.09745243,0.009431872,0.72256076,-0.24517654,-0.23945066,-0.050137058,0.33221617,0.20635039,0.56370276,0.22193134,0.39185777,0.34953472,0.18212558,-0.044700053,0.087077744,0.1142086,0.44100678,-0.1593047,0.2626521,0.0059686704,0.21014264,0.27059543,0.14631733,-0.057939675,0.37704813,0.4058804,0.33486614,0.25263742,0.37909788,0.39964446,0.31291947,0.35070008,0.12504628
-0.53577375,-0.39046544,-0.03398382,-0.113055825,1.0,0.4727906,-0.38792592,-0.20384198,0.20015973,0.5878289,-0.060803693,-0.27258468,-0.15764421,-0.24335165,-0.16435681,-0.035923373,0.108340375,0.1265973,-0.5316587,-0.51516545,0.21852212,0.101734854,0.19188337,0.61124206,0.7957136,0.7319217,0.44894433,0.6030397,0.011040236,-0.32917693,0.3846429,0.21410301,-0.010912666,0.1651108,0.28003272,-0.0036411271,0.18229209,0.012214116,0.17441471,0.088538036,0.3209366,-0.052945707,-0.58130443,-0.13586691,-0.27965495,-0.4087416,-0.042733807,-0.1373544,-0.19851412,-0.4413753,-0.5152452,-0.5290132,-0.1525397,-0.33171,-0.054083075,0.031899765,-0.3795976,-0.18285935,-0.0930659,0.6034624,-0.63264257,0.03071544,-0.60519195,-0.2398037,-0.4018201,-0.29185796,-0.35425392,-0.14976875,-0.6620004,-0.49672785,-0.12395205,0.112429805,0.44058436,0.06779246,0.4768022,0.47386596,0.19036973,0.19660752,0.32476252,0.07666463,-0.23421927,-0.06524933,0.36660114,0.33871394,-0.1266045,-0.1421132,0.56926376,0.57294697,0.16989243,0.03480428,0.09471203,0.21705894,0.118129306,0.31940326,0.05457435,0.11758855,0.14534956,0.23150861,0.023772856,0.1653914,0.32997218,0.3420154,0.40048745,0.28843266,0.24075198,0.1668112,0.24617793,0.30318758,0.1324784,-0.037875768,0.10078245,0.15456714,0.20428482,0.36588082,0.35218742,0.27694267
-0.100534655,-0.6331459,0.51774836,-0.08161651,0.4727906,1.0,0.1655753,-0.049403377,-0.11016998,0.7982646,0.52735656,0.06593487,0.18429539,-0.21534614,0.23131375,0.4396987,0.47089145,0.530488,-0.41755345,-0.56464577,0.7416151,0.026612593,0.3120716,0.59684306,0.76083374,0.8031997,0.78077924,0.82943636,0.22628859,0.23887545,0.71574247,0.00017635601,0.26842788,0.2974311,0.29931638,0.3035827,0.21773742,0.044334184,0.48777404,0.30137023,0.6055525,0.42748544,-0.36675054,0.040255114,-0.4746383,-0.25945878,0.2993202,0.15219092,-0.019408332,-0.5915252,-0.45947638,-0.7014559,0.064832054,0.0727754,0.2970617,0.219909,0.024811393,-0.43118775,0.055176094,0.33902398,-0.40720496,0.26202872,-0.20719701,-0.50033754,-0.19136886,-0.68113977,-0.2913671,0.021430034,-0.63863796,-0.59651124,0.44153684,0.24532646,0.6701462,0.41274577,0.76793164,0.41289613,0.4486743,0.47343054,0.6268017,0.43742493,0.29596886,-0.022408277,0.64670765,0.6908993,0.46190393,-0.21799332,0.85120857,0.4588303,0.5453922,0.17182918,0.46582624,0.15892582,0.38749695,0.32376033,0.43244353,0.39751512,0.394029,0.43811756,0.45448047,0.3243383,0.6122698,0.32078114,0.6497025,0.45847306,0.44535676,0.40797746,0.32109985,0.5390364,0.20332567,0.2510402,0.25564536,0.28544122,0.30792755,0.47913373,0.46214247,0.5221194
0.7684749,0.2024691,0.8051115,0.49631757,-0.38792592,0.1655753,1.0,0.55399597,0.06423408,0.02879379,0.66726124,0.37878877,0.68581223,0.23184334,0.47043943,0.41265044,0.45437488,0.26205269,0.48925743,0.3993942,0.35469973,0.34494394,0.45768702,0.16730043,-0.21858706,-0.12198756,0.006995141,-0.047016133,0.49206135,0.60330766,0.29793206,0.029968975,0.4873151,0.33224472,0.29834893,0.39356753,0.43500748,0.11833155,0.39646277,0.19265477,0.35041177,0.415338,0.49502382,0.51393366,0.20998956,0.4919007,0.60622555,0.37324464,0.19461103,0.16333121,0.21633312,0.0573301,0.26368418,0.2312316,0.6325871,0.057141338,0.7163853,0.19069324,-0.019284958,-0.22534159,0.48691058,0.37583053,0.5757753,0.22771461,0.33500734,-0.05781089,0.5802675,0.5377359,0.4096866,0.3455629,0.7611502,0.38710335,0.4361424,0.45994294,0.28742358,-0.21740618,0.52383226,0.39568636,0.16110165,0.19940512,0.7224343,0.30273446,0.2801409,0.13095745,0.6660973,0.20293207,0.063264325,-0.44044715,0.48964632,0.09463423,0.53275377,0.2883769,0.38224846,0.14969744,0.47981206,0.2910588,0.11620085,0.096820466,0.4642777,0.34478158,0.22538114,0.09309441,0.310122,0.15345705,0.32877314,0.22739406,0.09028808,0.36252022,0.34286028,0.4915935,0.285912,0.33604857,0.3273296,0.24984069,0.2852214,0.24156919
0.41929266,0.61146575,0.3896916,0.8502633,-0.20384198,-0.049403377,0.55399597,1.0,0.6119602,0.10838697,0.35745597,0.6319018,0.6998287,0.77873343,0.7065416,0.5494431,0.4125224,0.40275693,0.73555726,0.66838604,0.11975138,0.7085251,0.7336064,0.28383815,-0.25219604,-0.16796662,-0.3090699,-0.13733311,0.7367779,0.6055064,0.34135562,0.6371451,0.67595196,0.70961607,0.32034785,0.58390146,0.4900861,0.30381778,0.20397028,0.38173917,0.15748857,0.2491424,0.39995685,0.68774426,0.122311644,0.49472952,0.50825095,0.53210443,-0.09523749,0.24805076,0.0011285087,0.17006372,0.11099513,0.3061586,0.3898289,0.33945304,0.36954993,0.65483373,-0.2206541,-0.285809,0.1345529,0.17450342,0.04235339,0.6155367,0.1066425,0.23980376,0.59576136,0.6953856,0.51027864,0.52129555,0.6153595,0.72706985,0.29033336,0.60083604,-0.14040016,0.24855334,0.42628786,0.5082761,0.23677453,0.3024433,0.4787799,0.84433526,0.26769722,0.22667785,0.13679545,0.7511687,-0.2161337,-0.22401041,0.014851189,0.5004992,0.18874265,0.5476472,0.187305,0.42564788,0.45258385,0.31318438,0.15890348,0.25860626,0.29859614,0.5708744,-0.14662494,0.33245733,0.055654142,0.27580822,0.39180654,0.3029605,0.12582336,0.4679464,0.4532043,0.42498887,0.4059158,0.44358486,0.41389483,0.3688173,0.44389963,0.27219304
-0.119895644,0.46538684,0.032605022,0.6187974,0.20015973,-0.11016998,0.06423408,0.6119602,1.0,0.16712609,-0.032141414,0.30545768,0.40021062,0.62246466,0.5154864,0.32329628,0.1865196,0.104358435,0.4325073,0.40657,-0.070657894,0.659425,0.7129678,0.46168068,-0.011700268,0.021083971,-0.28926352,-0.023679,0.5645112,0.13633323,0.33986306,0.8466903,0.40081176,0.54211813,0.1567705,0.31536385,0.25656682,0.14356166,-0.04962203,0.22853805,0.040562604,-0.2100827,0.017254153,0.4246448,-0.0056534293,0.28831503,0.23968711,0.2851282,-0.099500455,0.17503564,-0.17677869,0.097163096,0.0777728,0.16289824,0.05178615,0.25893325,-0.07395204,0.5728948,-0.21751893,-0.05923216,-0.20736969,0.12917799,-0.36450782,0.5789589,-0.07015207,0.31975326,0.3000192,0.3605741,0.1993843,0.322789,0.28598,0.6532941,0.24213362,0.34164995,-0.19373944,0.43553168,0.17581414,0.30633608,0.1656146,0.030552069,-0.010092005,0.62834084,0.1903748,0.13778758,-0.2656819,0.65105915,-0.16207446,0.054729402,-0.21070014,0.41934255,0.00036648047,0.5959913,0.12239546,0.52968067,0.17128855,0.09865634,0.03011598,0.18716349,0.081042245,0.41950396,-0.17534159,0.41868752,0.006811461,0.2842327,0.25771263,0.18633622,-0.016761603,0.40712637,0.33777,0.17674805,0.23255955,0.39152694,0.42278185,0.38635403,0.39267883,0.16106841
-0.2206757,-0.4322283,0.3578634,0.053966273,0.5878289,0.7982646,0.02879379,0.10838697,0.16712609,1.0,0.4415788,0.1950528,0.23201612,0.047252696,0.38437036,0.5380507,0.522924,0.61009336,-0.32456973,-0.43351614,0.62160736,0.24004608,0.4810848,0.66287005,0.7839452,0.82762027,0.65444124,0.80412865,0.37817553,0.23683228,0.78970414,0.24910498,0.43581033,0.50132275,0.42948616,0.43919265,0.27723026,0.17581968,0.4255423,0.44677937,0.59863484,0.35604984,-0.42124712,0.14527763,-0.40323102,-0.27077848,0.312833,0.2325445,-0.16133277,-0.5451689,-0.45993534,-0.6732445,0.048558705,-0.027486749,0.19565926,0.40044278,-0.10895512,-0.19650194,0.06812026,0.40376306,-0.5669738,0.19281916,-0.422473,-0.29683378,-0.25804746,-0.5953566,-0.1721214,0.11718358,-0.60239804,-0.4707898,0.39255837,0.38494655,0.6721108,0.44749263,0.63189477,0.6125565,0.48371,0.5582266,0.6490883,0.47980762,0.25104025,0.2383767,0.7392824,0.7593253,0.27074456,-0.021856057,0.7252644,0.55631447,0.34447712,0.35408807,0.3195762,0.30801365,0.24241188,0.48090348,0.44964078,0.49124914,0.4950895,0.5765767,0.41275406,0.49837178,0.4288688,0.51039094,0.56045854,0.522154,0.54567146,0.5125427,0.3761106,0.6346644,0.3221123,0.23810901,0.41702476,0.38341603,0.39291927,0.604695,0.59748566,0.6175712
0.44964266,-0.18314573,0.7162785,0.177901,-0.060803693,0.52735656,0.66726124,0.35745597,-0.032141414,0.4415788,1.0,0.4236895,0.6978477,0.15121262,0.5582751,0.56737185,0.6898311,0.586314,0.08544433,-0.05170019,0.65870655,0.30269974,0.4042298,0.25809383,0.20961499,0.30285114,0.38554615,0.35283425,0.5642128,0.6273532,0.5638782,-0.021788254,0.6465115,0.4695825,0.44783244,0.5617881,0.43516064,0.12506157,0.60689974,0.48724017,0.6731304,0.5545666,0.18822218,0.4025986,-0.15661298,0.16819394,0.650308,0.45679516,0.10158285,-0.21132252,-0.023827514,-0.32391948,0.2213144,0.1764634,0.61343664,0.3944625,0.42935634,-0.13707739,0.15635128,-0.023858795,0.08398286,0.24920784,0.20070195,-0.16777742,0.20854717,-0.4287451,0.2547199,0.3451737,-0.10659087,-0.12563403,0.7423764,0.42652455,0.6379,0.5325319,0.57675594,0.13679147,0.6105767,0.6323828,0.55811507,0.52807444,0.73015064,0.2720608,0.68583846,0.52854514,0.7484013,0.0546954,0.49297786,0.04920598,0.6718926,0.32834232,0.47460908,0.26765963,0.35520837,0.32596776,0.6094512,0.57526654,0.4672845,0.4972342,0.70134133,0.5129001,0.5006499,0.36751106,0.6421663,0.45675907,0.6132494,0.5914572,0.3588644,0.57404107,0.28872624,0.4683984,0.46481517,0.4147764,0.4397432,0.47390854,0.5256421,0.5995126
0.36866665,0.39063662,0.24520874,0.42661697,-0.27258468,0.06593487,0.37878877,0.6319018,0.30545768,0.1950528,0.4236895,1.0,0.49066237,0.75563955,0.69092304,0.723815,0.6336335,0.61380386,0.53521794,0.4263331,0.16779727,0.4695561,0.40663022,0.027717719,-0.19010465,-0.072185405,-0.15357578,-0.085624576,0.692274,0.6887357,0.39857748,0.43067858,0.7165078,0.6610647,0.32665664,0.6179776,0.3665523,0.24999036,0.22485104,0.5646316,0.2801996,0.33071738,0.373202,0.52909726,0.0014819965,0.2799546,0.46393326,0.58181334,-0.115027905,0.10717247,-0.00997509,0.041625552,0.13297127,0.35271955,0.331442,0.59365964,0.3316216,0.41789764,0.046469353,-0.17418917,0.0831553,-0.05553734,0.030528031,0.30480888,0.14923383,-0.003988997,0.43926063,0.51535046,0.31307372,0.31815597,0.45865634,0.5261119,0.20835726,0.52061284,-0.11407177,0.27098328,0.39501083,0.4751979,0.47989258,0.45893008,0.5581802,0.6395252,0.4324175,0.41628903,0.20927042,0.49219596,-0.08707492,-0.09836862,-0.011903723,0.61206937,0.06793309,0.34761167,0.03630074,0.33326548,0.51528096,0.45948127,0.43982467,0.4799525,0.4516572,0.614681,-0.068624906,0.36326677,0.08790404,0.27084976,0.41877726,0.46832606,0.2675797,0.40901968,0.40285113,0.40625265,0.54643697,0.41458762,0.31526485,0.3686132,0.44336283,0.44249782
0.39176857,0.2490355,0.59455377,0.5619906,-0.15764421,0.18429539,0.68581223,0.6998287,0.40021062,0.23201612,0.6978477,0.49066237,1.0,0.49407116,0.6827603,0.5256305,0.555338,0.41845375,0.43747863,0.2993685,0.35165152,0.6023472,0.65199375,0.30667132,-0.078323305,0.025903441,0.022552187,0.09874345,0.7320606,0.6201133,0.4066928,0.36893567,0.67808557,0.5993775,0.2688565,0.57731605,0.4553894,0.1821997,0.44871092,0.38506258,0.43261808,0.38989606,0.2969592,0.5528117,-0.036129873,0.3560696,0.54413116,0.575757,0.033662643,0.053648736,0.005931586,-0.019961823,0.20648757,0.25239608,0.5856414,0.3496789,0.32604852,0.25142366,-0.06426278,-0.20016167,0.110062994,0.2718331,0.062851064,0.259167,0.19980352,0.011378156,0.42679703,0.5541866,0.2080067,0.20498253,0.7362422,0.6330673,0.50390166,0.5948779,0.18661807,0.2321266,0.4619192,0.6548748,0.40561932,0.33583847,0.55304515,0.59755653,0.5097625,0.37024108,0.42672884,0.52787334,0.11448205,-0.012387325,0.4273465,0.43848467,0.26348615,0.44657257,0.21011184,0.4204913,0.44596052,0.44227815,0.2596905,0.348908,0.45298386,0.5505162,0.1825788,0.40588695,0.39651006,0.47783396,0.5674887,0.5201509,0.20110695,0.4868873,0.2540832,0.52890694,0.43242896,0.33169726,0.4386869,0.3847069,0.44312868,0.3603003
0.1916899,0.6694134,0.024769153,0.659349,-0.24335165,-0.21534614,0.23184334,0.77873343,0.62246466,0.047252696,0.15121262,0.75563955,0.49407116,1.0,0.67752814,0.57254106,0.37160558,0.38759524,0.65021247,0.61155015,-0.08672174,0.6488278,0.544197,0.077215955,-0.3228928,-0.24068429,-0.41015032,-0.24278902,0.6706633,0.54097843,0.24397378,0.6912002,0.6182746,0.6604885,0.20586127,0.5131183,0.27045706,0.27452832,0.030381085,0.44335017,0.016604953,0.0657454,0.34074906,0.5689809,0.117239006,0.38001633,0.30989018,0.52082705,-0.15707676,0.2672506,0.0155700045,0.25032955,0.040742714,0.3068224,0.11680631,0.50111395,0.13378625,0.6788835,-0.1535123,-0.2771095,0.026494479,-0.038750585,-0.12815689,0.620062,0.13749869,0.32831365,0.47329453,0.55025053,0.47850055,0.49612203,0.34421304,0.59713787,0.0498009,0.43603882,-0.397715,0.286471,0.21318766,0.36561665,0.24378113,0.25427875,0.30184618,0.8130965,0.22442752,0.2158117,-0.113467135,0.7703687,-0.35980815,-0.1345527,-0.2825717,0.6269456,-0.1083963,0.48912093,-0.03779419,0.42022365,0.31123325,0.30905128,0.2003957,0.33029613,0.20038322,0.5580745,-0.29296595,0.39378217,-0.12060814,0.24063157,0.30400348,0.31247702,0.05836069,0.34247068,0.35129556,0.2578452,0.3910646,0.3694146,0.35183805,0.2885755,0.34821817,0.24701719
0.27165458,0.26873013,0.41634047,0.5170399,-0.16435681,0.23131375,0.47043943,0.7065416,0.5154864,0.38437036,0.5582751,0.69092304,0.6827603,0.67752814,1.0,0.79200286,0.5652823,0.5716733,0.45122987,0.33364582,0.36519736,0.5935879,0.66821325,0.26464096,-0.06634915,0.06242328,-0.008634474,0.14624608,0.7844618,0.67627215,0.577439,0.53446466,0.77125263,0.716957,0.3386975,0.7032321,0.3700226,0.24245219,0.36644888,0.5828138,0.41580564,0.3438809,0.27675736,0.5464444,-0.1726991,0.3688996,0.5405123,0.63643384,-0.06559713,0.05909026,-0.044365764,-0.037254564,0.22846793,0.37829292,0.39635736,0.6187158,0.23199986,0.31183052,-0.042935476,-0.28921157,-0.03690364,0.15465246,-0.0636337,0.2889574,0.13768235,-0.05232627,0.3685095,0.51507103,0.17261,0.17168511,0.6886507,0.70226294,0.42806548,0.6059029,0.059748072,0.39758882,0.4850265,0.6190564,0.52310705,0.43982422,0.5576035,0.68521464,0.5941169,0.5046914,0.31918177,0.52101827,0.1114867,0.026638849,0.17064464,0.6287679,0.20070581,0.43332222,0.15148538,0.48810375,0.5459261,0.50893086,0.46594194,0.52444434,0.55129373,0.6175698,0.07151542,0.44011387,0.26984724,0.44015396,0.5258964,0.53042597,0.22825842,0.60325867,0.40428546,0.43126535,0.52998716,0.5163901,0.46015486,0.42662555,0.5249452,0.5519403
0.27335057,0.06379049,0.43333596,0.3713932,-0.035923373,0.4396987,0.41265044,0.5494431,0.32329628,0.5380507,0.56737185,0.723815,0.5256305,0.57254106,0.79200286,1.0,0.68600404,0.72448593,0.2712284,0.15235247,0.49858204,0.4636128,0.5544563,0.32798707,0.14817934,0.25753382,0.22457494,0.30332515,0.7439749,0.7463079,0.6628654,0.41114122,0.7529175,0.7217689,0.47151446,0.66588676,0.45202556,0.33718923,0.49830073,0.62019104,0.5259219,0.49527216,0.16106707,0.45367897,-0.19822472,0.19413982,0.5804183,0.5442438,-0.032759495,-0.1185304,-0.1291094,-0.20411259,0.2231393,0.2755813,0.4539937,0.6225256,0.29771143,0.14707571,-0.008990329,-0.086485535,-0.11145494,0.15456586,-0.055417866,0.06144321,0.13838752,-0.2603226,0.281811,0.41563615,0.012494114,-0.010399163,0.6413878,0.5895005,0.51098984,0.64702255,0.24536303,0.3788437,0.58605677,0.58988494,0.61204815,0.54240143,0.63599503,0.56655806,0.6590264,0.70066285,0.44470355,0.3145501,0.28515145,0.094049245,0.25083312,0.55726564,0.32797015,0.34792274,0.2519172,0.40665817,0.63053834,0.599227,0.56561726,0.58305997,0.6224542,0.62880665,0.23395288,0.42687756,0.3666801,0.38985848,0.50888884,0.48150605,0.30749395,0.6328559,0.46979386,0.44719124,0.5634488,0.5642272,0.4424753,0.49714586,0.5544997,0.6445763
0.32008255,-0.03495405,0.5189974,0.25654197,0.108340375,0.47089145,0.45437488,0.4125224,0.1865196,0.522924,0.6898311,0.6336335,0.555338,0.37160558,0.5652823,0.68600404,1.0,0.68574196,0.18288805,0.011632086,0.5550611,0.37404117,0.48114848,0.35344148,0.29593295,0.392838,0.32693946,0.3438753,0.7215689,0.6360713,0.669489,0.25383472,0.72066504,0.6735653,0.58368945,0.6012006,0.5430591,0.2441453,0.5559064,0.5252547,0.6189767,0.4715533,0.12521523,0.41900024,-0.14669056,0.04971511,0.5874816,0.45603737,-0.04068181,-0.26542956,-0.113105305,-0.37148157,0.25262356,0.073353715,0.5672741,0.4432975,0.42898905,0.036403745,0.15423325,0.13995704,-0.09927968,0.1316095,-0.00047641378,-0.07514407,0.1498538,-0.42884716,0.2886058,0.39133686,-0.107351385,-0.05572523,0.60582477,0.51585746,0.5910562,0.5185425,0.4480912,0.310553,0.6483208,0.646907,0.6588161,0.5033586,0.67431927,0.38463223,0.72773176,0.6623674,0.5467417,0.14187221,0.4021399,0.13010937,0.46154338,0.37943208,0.402452,0.321484,0.2932938,0.33739704,0.653414,0.5788161,0.5244295,0.5471201,0.5765927,0.56041974,0.38663024,0.4085316,0.5412542,0.42720988,0.6121988,0.55747586,0.45654315,0.5928186,0.4290233,0.50584567,0.5855227,0.3921085,0.35873556,0.55071205,0.60955083,0.62264377
0.11362003,-0.1548483,0.31699437,0.20494321,0.1265973,0.530488,0.26205269,0.40275693,0.104358435,0.61009336,0.586314,0.61380386,0.41845375,0.38759524,0.5716733,0.72448593,0.68574196,1.0,0.058760226,-0.10286106,0.52856475,0.27467597,0.3884599,0.32464853,0.3307873,0.4297658,0.39149973,0.42484215,0.5748433,0.62427396,0.64614713,0.25514936,0.70540494,0.6790402,0.50871706,0.6696884,0.4657614,0.36426896,0.52829015,0.6267866,0.55344737,0.54720044,0.051599428,0.41994578,-0.3248156,-0.08220428,0.54361886,0.5156144,-0.06009609,-0.35535073,-0.25855732,-0.40120202,0.11225994,0.17319033,0.43056592,0.6180662,0.11819594,-0.040454708,0.13103466,0.06834764,-0.34523362,-0.006500403,-0.18910217,-0.16959539,-0.045590185,-0.4468431,0.1568231,0.35727024,-0.23866686,-0.21450144,0.48305038,0.4775892,0.47870427,0.5999632,0.35163796,0.4990375,0.5538333,0.64141893,0.7377815,0.7463158,0.57594216,0.51803225,0.6650523,0.76125044,0.3844083,0.18846363,0.43686435,0.3421923,0.31614465,0.5966402,0.24072857,0.17156081,0.114224195,0.28924033,0.5849031,0.63622713,0.685788,0.6553455,0.6036005,0.5667109,0.32899445,0.35445684,0.43822727,0.45190415,0.541043,0.5758987,0.5342246,0.5494953,0.345743,0.3727084,0.5811994,0.38389465,0.26815474,0.49425,0.5713655,0.6740106
0.57723653,0.7585321,0.16893186,0.67306864,-0.5316587,-0.41755345,0.48925743,0.73555726,0.4325073,-0.32456973,0.08544433,0.53521794,0.43747863,0.65021247,0.45122987,0.2712284,0.18288805,0.058760226,1.0,0.853133,-0.20555477,0.4578211,0.4190511,-0.12129163,-0.61780214,-0.55049396,-0.5954928,-0.531718,0.48395637,0.4478744,0.0017741399,0.42689484,0.42241576,0.4359983,0.12046687,0.39130455,0.32399955,0.23018077,-0.06258256,0.20017543,-0.15801674,0.08133369,0.5979042,0.61255693,0.33157486,0.6078268,0.3595863,0.39735803,-0.03416764,0.43855327,0.27834672,0.44595262,0.13579984,0.2657887,0.2952866,0.14932421,0.51553094,0.690051,-0.14100033,-0.43893242,0.46836022,0.04861091,0.3140984,0.6787897,0.20569143,0.42598256,0.71946436,0.65467155,0.81036675,0.7764649,0.36461073,0.45685494,-0.06958823,0.2903498,-0.42627436,-0.11232399,0.19881612,0.19052579,-0.10780594,0.06652448,0.3647296,0.5913704,-0.114317805,-0.11391087,0.016831268,0.58361447,-0.5739992,-0.5132803,-0.18328163,0.2423569,0.08259387,0.28181228,0.054641176,0.07391485,0.2938661,0.06958486,-0.007530187,0.020733055,0.13248064,0.27077916,-0.35827535,-0.011780812,-0.2633187,-0.025055643,0.07458641,0.024027286,-0.016713634,0.1509436,0.36506584,0.3302918,0.26735407,0.23437917,0.15966494,0.08954763,0.13041332,-0.019743491
0.56761897,0.8562714,0.08389985,0.65323484,-0.51516545,-0.56464577,0.3993942,0.66838604,0.40657,-0.43351614,-0.05170019,0.4263331,0.2993685,0.61155015,0.33364582,0.15235247,0.011632086,-0.10286106,0.853133,1.0,-0.32833365,0.45280102,0.29761615,-0.19792856,-0.6744302,-0.6331413,-0.7159255,-0.6594193,0.3654703,0.32591254,-0.1647871,0.34396967,0.3127576,0.27963763,0.13402198,0.19082695,0.24478643,0.16514952,-0.1702822,0.073778026,-0.22430824,-0.04355707,0.5418821,0.4735298,0.53081626,0.6037232,0.2375127,0.19089492,-0.029998304,0.5905405,0.34743026,0.58432806,0.11060603,0.13073175,0.13127898,0.017588083,0.48127702,0.78525764,-0.16800797,-0.3662061,0.5322888,0.030130256,0.3500345,0.76597136,0.19461174,0.537085,0.69349843,0.49334162,0.87716603,0.84768975,0.23513366,0.33506423,-0.17198184,0.18499412,-0.49377552,-0.22388758,0.1281868,-0.003124626,-0.28416562,-0.10486486,0.26750365,0.49565673,-0.2517733,-0.32442752,-0.067759104,0.5294459,-0.69495547,-0.64787257,-0.323716,0.115308516,-0.010162366,0.30691224,0.043216303,0.06527941,0.1531706,-0.0707538,-0.16196622,-0.13589244,-0.025820378,0.19714655,-0.49061465,-0.043430734,-0.41469178,-0.23308694,-0.06510873,-0.14062853,-0.17028676,0.026944939,0.33283275,0.15945345,0.10916225,0.20650911,0.13202953,-0.026249625,0.02685481,-0.13626581
0.16516726,-0.48081332,0.5880406,0.046971932,0.21852212,0.7416151,0.35469973,0.11975138,-0.070657894,0.62160736,0.65870655,0.16779727,0.35165152,-0.08672174,0.36519736,0.49858204,0.5550611,0.52856475,-0.20555477,-0.32833365,1.0,0.16161509,0.34169403,0.43293652,0.50995076,0.556893,0.6559071,0.6473456,0.3724362,0.41543275,0.6155044,-0.03613256,0.40497857,0.36109257,0.37642565,0.3610574,0.3646079,0.11917774,0.6113296,0.34061694,0.6280331,0.46638325,-0.17077035,0.13866253,-0.38168135,-0.024684494,0.48876908,0.21761632,0.06406643,-0.47353995,-0.23460545,-0.5451244,0.18701978,0.11607332,0.45069724,0.20535804,0.26471135,-0.3687805,0.121756196,0.15934682,-0.20906033,0.21988876,0.035000145,-0.42924052,0.06055591,-0.62054497,-0.14249592,0.05905884,-0.4289375,-0.45874047,0.56692207,0.30500692,0.6325314,0.40483102,0.7092845,0.23106587,0.5386962,0.5031916,0.47695374,0.46194497,0.5012183,0.07054176,0.6050745,0.6156986,0.64250386,-0.17925972,0.6928328,0.27065518,0.65358555,0.093820214,0.5488102,0.059789483,0.43886378,0.16425587,0.54818904,0.44912723,0.3731062,0.3808542,0.5121424,0.26430926,0.56103235,0.18099976,0.6425432,0.33925885,0.45149446,0.3694233,0.288847,0.5302934,0.2383583,0.351936,0.3276755,0.34942815,0.2741915,0.41137108,0.46467358,0.5290655
0.17970957,0.50544155,0.29843765,0.6970365,0.101734854,0.026612593,0.34494394,0.7085251,0.659425,0.24004608,0.30269974,0.4695561,0.6023472,0.6488278,0.5935879,0.4636128,0.37404117,0.27467597,0.4578211,0.45280102,0.16161509,1.0,0.7044588,0.3811526,-0.031752273,0.036929615,-0.1689597,0.028885003,0.6902024,0.36393583,0.40317366,0.67616236,0.60365003,0.65381026,0.27874592,0.49471754,0.35078582,0.17124382,0.22224572,0.40155983,0.28050584,0.069103405,0.14008565,0.5635436,0.052739877,0.39954728,0.36917785,0.4627624,-0.13286936,0.14015824,-0.20175847,0.14381315,0.03357077,0.17204122,0.24029884,0.35413682,0.16893911,0.6023828,-0.14904423,-0.017561538,-0.008265131,0.17085326,-0.1873851,0.55170304,0.073778294,0.25241286,0.39294586,0.5899001,0.26666987,0.33650428,0.46361768,0.65707725,0.41687542,0.46418115,-0.021853708,0.28192055,0.38474596,0.51126385,0.30018315,0.16345608,0.28702393,0.70449156,0.41901267,0.2550609,0.020645237,0.68207616,-0.05586938,-0.006829422,0.016612377,0.5241116,0.05211312,0.6531139,0.109292105,0.60357034,0.35483405,0.34259653,0.14298064,0.31850266,0.2515707,0.5998831,-0.06262523,0.50825983,0.16344304,0.40953982,0.4524266,0.39848468,0.047467187,0.5085593,0.35764974,0.32182854,0.36849204,0.40449056,0.5080359,0.40904796,0.46321127,0.2999588
0.16030216,0.25462908,0.52377415,0.74294966,0.19188337,0.3120716,0.45768702,0.7336064,0.7129678,0.4810848,0.4042298,0.40663022,0.65199375,0.544197,0.66821325,0.5544563,0.48114848,0.3884599,0.4190511,0.29761615,0.34169403,0.7044588,1.0,0.69229805,0.21326719,0.2848442,0.04957601,0.2818633,0.7158616,0.4372083,0.6748802,0.72350276,0.6039267,0.71584225,0.35160512,0.565224,0.455185,0.24810964,0.28172898,0.3910941,0.33092394,0.15789331,0.058679096,0.63579804,-0.07375141,0.33629346,0.5355538,0.473393,-0.06985379,-0.06783841,-0.26707426,-0.1817166,0.11935496,0.25846815,0.34699824,0.3037864,0.2064992,0.429449,-0.23515514,0.009156621,-0.1548125,0.3686558,-0.16906585,0.4180187,-0.033333406,-0.03429247,0.3552013,0.59292,0.108130045,0.20184448,0.6784977,0.7734723,0.5857176,0.59232,0.21790248,0.41181585,0.5137459,0.6335477,0.38682455,0.2688262,0.35078475,0.6860537,0.4906215,0.444083,0.16535869,0.59074956,0.17581037,0.06727242,0.1764564,0.44546562,0.38144663,0.6806875,0.3734136,0.6166967,0.5142732,0.37932286,0.19452947,0.36195388,0.36658975,0.60999614,0.15647116,0.50041455,0.35899797,0.50215954,0.5120728,0.40022376,0.16487089,0.6825733,0.49101877,0.44408008,0.42256764,0.53609914,0.6165229,0.6023074,0.5978106,0.40540946
-0.17186864,-0.20719989,0.46409106,0.39612466,0.61124206,0.59684306,0.16730043,0.28383815,0.46168068,0.66287005,0.25809383,0.027717719,0.30667132,0.077215955,0.26464096,0.32798707,0.35344148,0.32464853,-0.12129163,-0.19792856,0.43293652,0.3811526,0.69229805,1.0,0.6548824,0.6687492,0.43495986,0.61289954,0.3951604,0.10756723,0.6845182,0.49271557,0.27212876,0.4371665,0.29940557,0.242124,0.35757005,0.15190597,0.28235793,0.16386597,0.3864412,0.11643128,-0.35327476,0.21971971,-0.19622478,-0.087204464,0.28457522,0.09912441,-0.047531836,-0.33384955,-0.45490745,-0.5113731,0.017455172,0.03092781,0.19499095,0.07017695,-0.03200334,0.05860898,-0.17440394,0.40181214,-0.46580288,0.32838988,-0.34495535,0.03175277,-0.21437274,-0.269787,-0.058460426,0.20150931,-0.37162322,-0.21889314,0.44502056,0.501918,0.6942941,0.47495365,0.5306151,0.47696307,0.4286435,0.44308254,0.40352812,0.20883201,0.09525918,0.27830783,0.46940464,0.48024228,0.10753456,0.2078148,0.5168527,0.3347867,0.26636133,0.2076922,0.40853083,0.5303585,0.4370807,0.52756566,0.31280994,0.21922031,0.12079214,0.2368947,0.1928453,0.40238822,0.33908215,0.42559373,0.45492658,0.4214781,0.3931815,0.2428135,0.16441174,0.5655065,0.34656683,0.23136978,0.18947126,0.35326716,0.46390098,0.5470936,0.49798375,0.32238987
-0.42403603,-0.63842887,0.19532897,-0.20464468,0.7957136,0.76083374,-0.21858706,-0.25219604,-0.011700268,0.7839452,0.20961499,-0.19010465,-0.078323305,-0.3228928,-0.06634915,0.14817934,0.29593295,0.3307873,-0.61780214,-0.6744302,0.50995076,-0.031752273,0.21326719,0.6548824,1.0,0.91062456,0.7243614,0.81847376,0.037089624,-0.12012184,0.578532,0.04512354,0.053214673,0.18502545,0.3077031,0.078109816,0.15678369,0.051242422,0.29895377,0.15563592,0.44939542,0.1589814,-0.63221335,-0.13829675,-0.36752456,-0.4745926,0.07909787,-0.09668351,-0.10775769,-0.63853085,-0.5182542,-0.7431719,-0.006355884,-0.19584261,0.03566304,0.086868815,-0.251153,-0.38758215,0.03547007,0.6088901,-0.63553196,0.14174141,-0.46685764,-0.4824407,-0.3204586,-0.61954004,-0.4122748,-0.17639418,-0.7878638,-0.63175243,0.09449488,0.12434025,0.56363064,0.19422537,0.69920874,0.4710654,0.28102055,0.30387628,0.45981744,0.27097753,-0.04139969,-0.13021336,0.5115425,0.55523473,0.13674629,-0.2789215,0.7827488,0.59997433,0.34248802,0.042361192,0.2798372,0.18085873,0.30317754,0.32297152,0.22364195,0.2426693,0.26274902,0.3348662,0.17997347,0.21198179,0.50328964,0.36435157,0.5480807,0.36175722,0.32495195,0.26057923,0.30090666,0.42164055,0.16810305,0.056728326,0.14687882,0.16813111,0.24653715,0.45943278,0.39781094,0.39122632
-0.36755276,-0.60867643,0.271511,-0.13446704,0.7319217,0.8031997,-0.12198756,-0.16796662,0.021083971,0.82762027,0.30285114,-0.072185405,0.025903441,-0.24068429,0.06242328,0.25753382,0.392838,0.4297658,-0.55049396,-0.6331413,0.556893,0.036929615,0.2848442,0.6687492,0.91062456,1.0,0.7356172,0.82880837,0.13352029,-0.009199127,0.6721393,0.09336266,0.15706316,0.26150534,0.32373944,0.194802,0.17242876,0.063962564,0.36449352,0.23945504,0.5334317,0.21981484,-0.5663295,-0.047000837,-0.39898664,-0.43105006,0.16033168,0.023640532,-0.12245369,-0.6268384,-0.51744384,-0.72464657,0.040081847,-0.15310726,0.10176953,0.16354647,-0.20584078,-0.36285153,0.07991799,0.5813687,-0.6300338,0.17925757,-0.4577864,-0.4651488,-0.32939652,-0.6350357,-0.3481094,-0.086375214,-0.7626331,-0.6017607,0.20461051,0.21781887,0.6165091,0.28659248,0.7074542,0.52961224,0.35156715,0.40070155,0.55616724,0.32504874,0.048965607,-0.05708685,0.594647,0.6308921,0.17916153,-0.2212128,0.7974087,0.6068292,0.35462397,0.14273506,0.29884344,0.22800744,0.30382204,0.38654086,0.29957327,0.32094598,0.3320059,0.41426495,0.26878047,0.29836282,0.5104623,0.4323678,0.58456206,0.44779187,0.4092424,0.37230214,0.3446157,0.4731264,0.21321656,0.11865243,0.22256888,0.21492891,0.30124623,0.51333654,0.47026226,0.46268296
-0.19506148,-0.77825624,0.30783692,-0.30581793,0.44894433,0.78077924,0.006995141,-0.3090699,-0.28926352,0.65444124,0.38554615,-0.15357578,0.022552187,-0.41015032,-0.008634474,0.22457494,0.32693946,0.39149973,-0.5954928,-0.7159255,0.6559071,-0.1689597,0.04957601,0.43495986,0.7243614,0.7356172,1.0,0.8017074,0.019665586,0.089237675,0.4763329,-0.21001738,0.058303125,0.088606834,0.16354297,0.099428125,0.14186075,0.03465886,0.4527486,0.12552066,0.51382893,0.35373044,-0.49350375,-0.21165663,-0.4352557,-0.46475816,0.12139643,-0.028479403,0.07948782,-0.61159295,-0.29661298,-0.6967564,0.08961455,-0.043478012,0.2276868,0.08165398,-0.076200396,-0.6348097,0.116823845,0.36379287,-0.4066417,0.11048353,-0.19436923,-0.6847951,-0.12683603,-0.68491435,-0.4311255,-0.20918038,-0.7315282,-0.692333,0.22729455,-0.0035194694,0.53292215,0.1807487,0.72859585,0.2668587,0.28208712,0.30951163,0.42309937,0.34878275,0.13190234,-0.24419305,0.502589,0.59286666,0.4109909,-0.41443792,0.798532,0.539275,0.5550642,-0.01775629,0.3311034,-0.15524317,0.23594432,0.037216526,0.22780551,0.2685103,0.33247104,0.2925472,0.27673817,0.033611216,0.5692263,0.10332111,0.55530286,0.291818,0.27834827,0.2465373,0.27104625,0.28488284,-0.010941115,0.14710888,0.13635649,0.020053733,0.048397616,0.23451544,0.20808293,0.3414042
-0.34347555,-0.6627477,0.30282855,-0.12930246,0.6030397,0.82943636,-0.047016133,-0.13733311,-0.023679,0.80412865,0.35283425,-0.085624576,0.09874345,-0.24278902,0.14624608,0.30332515,0.3438753,0.42484215,-0.531718,-0.6594193,0.6473456,0.028885003,0.2818633,0.61289954,0.81847376,0.82880837,0.8017074,1.0,0.14721589,0.029766979,0.6264049,0.08020209,0.13101971,0.24037135,0.18640108,0.21413521,0.112487465,-0.025176618,0.3842068,0.21619612,0.5074826,0.27151197,-0.5319191,-0.05669269,-0.54522306,-0.3924522,0.12428063,0.07738911,-0.06703461,-0.6133999,-0.4942278,-0.71255386,-0.00038453282,0.00012641338,0.10720969,0.18167487,-0.21320446,-0.44353548,0.062566705,0.4189527,-0.5884419,0.20446916,-0.39504606,-0.499096,-0.2456862,-0.59896034,-0.401248,-0.075426854,-0.7568587,-0.6918839,0.2562638,0.18762167,0.6044367,0.26502413,0.6774181,0.47224995,0.25415304,0.4065786,0.5602096,0.3340173,0.070202224,-0.038015265,0.59726053,0.63341194,0.25260204,-0.19829482,0.8193442,0.6298492,0.4382491,0.17381115,0.28955576,0.099519186,0.20754708,0.31112477,0.24620631,0.29742104,0.30669037,0.3811988,0.2809736,0.21562064,0.51604074,0.36601084,0.58213633,0.49314305,0.38777873,0.3695092,0.25398082,0.45566592,0.06478222,0.08848303,0.1692981,0.15207684,0.20789135,0.3985766,0.37841114,0.43326664
0.3229874,0.3265855,0.45952412,0.59452313,0.011040236,0.22628859,0.49206135,0.7367779,0.5645112,0.37817553,0.5642128,0.692274,0.7320606,0.6706633,0.7844618,0.7439749,0.7215689,0.5748433,0.48395637,0.3654703,0.3724362,0.6902024,0.7158616,0.3951604,0.037089624,0.13352029,0.019665586,0.14721589,1.0,0.7107331,0.60221666,0.59158915,0.82224786,0.8330858,0.52112573,0.7032153,0.6063354,0.33773354,0.5003671,0.60114366,0.46067032,0.40163013,0.23615809,0.6068772,-0.08218959,0.33259568,0.6010785,0.59461826,-0.07477418,-0.009786597,-0.102211624,-0.0831201,0.21245533,0.23005354,0.5458873,0.56122553,0.3592244,0.38895005,-0.08562559,-0.094095774,-0.044715986,0.15089118,-0.100376666,0.3259754,0.12794475,-0.04717758,0.43372363,0.58693457,0.17643858,0.2112049,0.6872589,0.7767353,0.57259154,0.6943202,0.1769794,0.40953445,0.62036824,0.7139035,0.5380037,0.4269771,0.5761419,0.70069146,0.6398793,0.54670626,0.33456528,0.546515,0.13668503,0.032322936,0.2639158,0.5747893,0.25023764,0.5321057,0.24058677,0.52255654,0.60556567,0.5319697,0.4595989,0.5305703,0.528417,0.6943601,0.11035154,0.49238536,0.34224322,0.45486802,0.6033343,0.5259063,0.2764625,0.66617054,0.47577733,0.5420813,0.5974146,0.49876627,0.49079573,0.5248924,0.6034205,0.54051083
0.52371895,0.2095654,0.5067559,0.4306374,-0.32917693,0.23887545,0.60330766,0.6055064,0.13633323,0.23683228,0.6273532,0.6887357,0.6201133,0.54097843,0.67627215,0.7463079,0.6360713,0.62427396,0.4478744,0.32591254,0.41543275,0.36393583,0.4372083,0.10756723,-0.12012184,-0.009199127,0.089237675,0.029766979,0.7107331,1.0,0.44245356,0.1983996,0.7349288,0.6539003,0.46444598,0.6502017,0.52321523,0.44916067,0.5698897,0.53762597,0.3920956,0.6378633,0.40751818,0.47354597,-0.004508199,0.30860606,0.5634361,0.5391871,0.04061171,-0.032700967,0.10515271,-0.044818603,0.20233603,0.29730296,0.6073352,0.5190856,0.4913572,0.17022824,0.002432609,-0.3193558,0.18941571,0.09544522,0.22375777,0.114665955,0.25586286,-0.1958419,0.38018653,0.48939425,0.25645232,0.1977837,0.7180534,0.5643646,0.3819608,0.674623,0.15775624,0.18144035,0.6048547,0.58740723,0.3980339,0.5252213,0.68667525,0.5524333,0.4859878,0.50870734,0.5269528,0.35587263,0.10806979,-0.14381588,0.32379764,0.43834895,0.30861402,0.25118238,0.21927027,0.22870171,0.61224097,0.55478877,0.4821007,0.4479187,0.5455706,0.55836934,0.13201639,0.24365748,0.26884118,0.25618717,0.48615712,0.41107923,0.28682703,0.49857157,0.38435376,0.57015496,0.5266881,0.3598156,0.27507594,0.35433093,0.41230446,0.4624393
0.034148026,-0.2197508,0.5364708,0.28844592,0.3846429,0.71574247,0.29793206,0.34135562,0.33986306,0.78970414,0.5638782,0.39857748,0.4066928,0.24397378,0.577439,0.6628654,0.669489,0.64614713,0.0017741399,-0.1647871,0.6155044,0.40317366,0.6748802,0.6845182,0.578532,0.6721393,0.4763329,0.6264049,0.60221666,0.44245356,1.0,0.43642622,0.6205298,0.6686756,0.5033966,0.620174,0.41183022,0.24158128,0.48498496,0.5888059,0.5994373,0.34907,-0.15248992,0.44510132,-0.34087494,0.03882668,0.56159854,0.43176427,-0.07541958,-0.4174903,-0.38800153,-0.56569767,0.1172045,0.1618545,0.35684344,0.4741215,0.14350253,0.0057618283,0.0062298602,0.20838903,-0.39569053,0.2446125,-0.24088524,-0.08544851,-0.1569027,-0.4973542,0.09466623,0.37694678,-0.3382863,-0.24448511,0.62215275,0.63162726,0.73311305,0.59935874,0.57393277,0.51569885,0.6375666,0.6735386,0.68598354,0.52532256,0.44225836,0.38786334,0.7602086,0.73808825,0.37864518,0.14468664,0.61760885,0.3258199,0.3769556,0.45812985,0.43956307,0.46832764,0.40450284,0.5811417,0.6565078,0.5688935,0.53896415,0.6345364,0.59539926,0.63023245,0.40535837,0.52967805,0.56461567,0.5713084,0.5914701,0.55133283,0.36383379,0.7753067,0.51285726,0.3888401,0.53402483,0.5534889,0.5495983,0.69255286,0.7106987,0.7020674
