1.0,0.83635825,0.8313462,0.83587426,0.79796547,0.750649,0.84450907,0.83843917,0.8142674,0.8153147,0.8153374,0.809192,0.8338009,0.8260312,0.80280036,0.79032964,0.8320273,0.81425637,0.85991484,0.84184134,0.79729193,0.8135158,0.8236894,0.8342896,0.7145874,0.723994,0.78055364,0.76383144,0.82062215,0.8044372,0.8176874,0.8315794,0.8491185,0.83263165,0.79447216,0.79821724,0.81583005,0.8151571,0.8081101,0.806582,0.7965221,0.80403864,0.70587856,0.7954717,0.38856852,0.611298,0.83898515,0.84502935,-0.1782546,0.22479433,-0.26277196,0.016233854,0.3917155,0.42589325,0.8142954,0.7972296,0.8341235,0.7568781,-0.28763223,0.18935072,0.30658937,0.40698922,0.6726826,0.6345818,0.44360408,0.22057377,0.6883074,0.7567826,0.25539687,0.24618828,0.81988543,0.8149457,0.828837,0.8090954,0.83780074,0.82847726,0.82185704,0.8268533,0.8366028,0.802877,0.8368174,0.7811294,0.77785575,0.79137164,0.807302,0.7808082,0.72844803,0.78546673,0.7803039,0.80066943,0.73659694,0.74654466,0.11540802,0.6464192,0.83629817,0.80461466,0.83748806,0.8225469,0.78283644,0.59133554,0.49773988,0.71046853,0.81524694,0.80692554,0.7502761,0.7775466,0.70025516,0.5895216,0.8262367,0.82479817,0.8392954,0.60786,0.38736215,0.7372316,0.27442145,0.35472164
0.83635825,1.0,0.8407872,0.84908456,0.8237482,0.7627432,0.84712577,0.84783953,0.83195436,0.80018336,0.82353,0.82914007,0.8327587,0.83278114,0.81129277,0.8044733,0.81984586,0.8507438,0.86988884,0.82691425,0.8058601,0.83335704,0.8329069,0.84187263,0.74955815,0.73393595,0.80266917,0.78151387,0.8261819,0.8200209,0.82219964,0.8351785,0.8629185,0.8493598,0.79255664,0.79114765,0.8209867,0.82743627,0.8171082,0.81677336,0.8059843,0.8101258,0.6880578,0.7852529,0.33371598,0.60724384,0.82220405,0.84458476,-0.117125005,0.26258844,-0.24663417,0.0583443,0.43822518,0.43905142,0.8159993,0.8162059,0.7961882,0.7895973,-0.29690996,0.17003325,0.3382011,0.4845134,0.6366988,0.7442062,0.43319076,0.24315412,0.65076333,0.7630851,0.22991867,0.18279095,0.8253125,0.82515895,0.8296908,0.8249177,0.83645296,0.8332374,0.8251399,0.83983445,0.80983496,0.82633144,0.8147689,0.8315084,0.7804769,0.8048402,0.7873878,0.8228029,0.73817635,0.7914732,0.7754386,0.8215294,0.73129135,0.76487464,0.14256363,0.6847872,0.8344113,0.8163192,0.8402921,0.8288623,0.793014,0.65629655,0.4829793,0.6987597,0.8065533,0.8210171,0.76109487,0.77706397,0.7129738,0.6337043,0.82970196,0.8279774,0.8365311,0.58096075,0.38736647,0.7274644,0.25977567,0.37423864
0.8313462,0.8407872,1.0,0.8881237,0.88159686,0.8601322,0.88830614,0.88862926,0.88738143,0.8777005,0.88642424,0.8848895,0.8879016,0.88801575,0.8839045,0.87927634,0.8825292,0.8725693,0.853508,0.7973805,0.8812476,0.8860183,0.8880022,0.88815564,0.84392005,0.8497114,0.8755322,0.86940724,0.88747114,0.8786863,0.8879335,0.88919514,0.8766351,0.8763799,0.77256995,0.7938507,0.8847826,0.8803717,0.88347006,0.8817623,0.87984985,0.8779335,0.66933113,0.7791097,0.3184947,0.643191,0.86211437,0.8740877,-0.1558209,0.27155092,-0.20380211,-0.025311332,0.44731838,0.4461606,0.8828513,0.87632066,0.8150211,0.77704257,-0.33102894,0.08773502,0.2637151,0.48588297,0.6594345,0.71272624,0.40349483,0.27399832,0.60691804,0.7399409,0.2903758,0.080046155,0.88714147,0.885835,0.887534,0.8836664,0.88705164,0.882349,0.8866205,0.88523096,0.8575868,0.8774824,0.87646914,0.86619854,0.8729131,0.8774512,0.86682594,0.8716724,0.8505331,0.87058634,0.8665611,0.8787087,0.8131825,0.8458326,0.18278162,0.7615328,0.88571036,0.88137805,0.8861678,0.8857027,0.85956335,0.74234605,0.5481072,0.7676755,0.8728377,0.8675763,0.844673,0.8202751,0.8195101,0.7002595,0.87936103,0.88713634,0.8442879,0.6715007,0.4303336,0.80388355,0.38566995,0.5050268
0.83587426,0.84908456,0.8881237,1.0,0.8803765,0.8533829,0.8877096,0.88877696,0.8854819,0.8714925,0.8828008,0.8832129,0.88573074,0.88600016,0.8794894,0.87500393,0.8789488,0.87649155,0.86098397,0.8053289,0.87646914,0.8838991,0.88705844,0.888466,0.83906645,0.83963317,0.8727654,0.86372936,0.8843228,0.87646735,0.88425136,0.8871388,0.8795145,0.87816805,0.78321487,0.79834706,0.88155466,0.8786593,0.8804803,0.8782273,0.87551147,0.87367964,0.68193895,0.78362274,0.32309014,0.64593285,0.86259884,0.8755757,-0.16168176,0.2659256,-0.21902633,-0.017031886,0.44586444,0.44148937,0.8778711,0.87413096,0.81333095,0.7834101,-0.32354912,0.104522154,0.2687023,0.48800015,0.65527785,0.71966016,0.4186044,0.26969856,0.608222,0.7478191,0.2755506,0.093098745,0.88436836,0.88245964,0.88477886,0.88178855,0.8845732,0.8813707,0.88349974,0.8844148,0.85488707,0.8757162,0.87169236,0.86841303,0.86558884,0.87326354,0.8593741,0.8713644,0.8403713,0.8651389,0.858633,0.8758528,0.8040412,0.8398027,0.17692809,0.7603206,0.8844503,0.87825096,0.884802,0.88378173,0.85570323,0.7397916,0.54946977,0.76125056,0.8689219,0.8659673,0.8386067,0.81802595,0.8116296,0.6943071,0.8783623,0.88391495,0.84684145,0.6668375,0.42686045,0.7996125,0.37472075,0.4963341
0.79796547,0.8237482,0.88159686,0.8803765,1.0,0.87115264,0.8757477,0.8779025,0.88640255,0.8686496,0.8821093,0.8821221,0.8774314,0.88173676,0.88423884,0.88226604,0.8691851,0.87150264,0.83103627,0.75808334,0.88344246,0.8839316,0.88275784,0.88119346,0.86580294,0.8615949,0.8857806,0.88008046,0.8825888,0.8762127,0.8829496,0.8819671,0.8616332,0.86496997,0.7443218,0.76282346,0.88005394,0.87273234,0.8801537,0.87840474,0.8813009,0.8715519,0.66046894,0.757659,0.29731956,0.6218888,0.83860797,0.8603006,-0.1584149,0.26919344,-0.20820275,-0.045514148,0.44520092,0.42982686,0.8729452,0.8778493,0.787103,0.77430296,-0.30341688,0.060507767,0.24702689,0.5029928,0.6318148,0.71613383,0.3997413,0.2776086,0.5731525,0.7205125,0.2843257,0.04570926,0.8831966,0.88173354,0.8797513,0.8839276,0.87580836,0.87512034,0.8807328,0.8799343,0.8320574,0.8759635,0.8616979,0.8758342,0.87381417,0.8794495,0.8495446,0.8788209,0.8584279,0.87118864,0.86200625,0.87791973,0.8020405,0.8444425,0.18286471,0.7690988,0.8780484,0.87963873,0.8738776,0.87903094,0.8540953,0.77371335,0.5335324,0.7622584,0.86355805,0.8640257,0.848014,0.8098916,0.82636505,0.71281457,0.86990076,0.879329,0.8253805,0.67084885,0.421259,0.8013231,0.40893,0.54300845
0.750649,0.7627432,0.8601322,0.8533829,0.87115264,1.0,0.849288,0.8525911,0.8655821,0.8669043,0.8677531,0.8686581,0.8568407,0.86376405,0.87469274,0.87715495,0.85177666,0.8388731,0.78287953,0.7047016,0.8759883,0.8674212,0.8623725,0.8573161,0.8695747,0.8814985,0.87395626,0.8834919,0.86643606,0.8657117,0.86989045,0.8629409,0.8239591,0.83202773,0.6903478,0.72151715,0.8661455,0.8595968,0.869581,0.86975706,0.87233776,0.86546385,0.592256,0.70365226,0.28356418,0.6128177,0.80557805,0.823586,-0.18561897,0.29347777,-0.19272968,-0.08124312,0.4253181,0.40592027,0.8608034,0.86681515,0.75328565,0.7271937,-0.2850473,0.021202145,0.20585029,0.4539174,0.6269899,0.67765355,0.33329323,0.26341262,0.5303724,0.66107076,0.3215146,0.01180349,0.8678316,0.87037253,0.85924625,0.86680967,0.8515663,0.8508469,0.8652285,0.8587394,0.8052551,0.8558549,0.8441921,0.8495935,0.87641627,0.8752886,0.8448516,0.85814357,0.8696031,0.87430274,0.86430883,0.86642593,0.7976255,0.84684986,0.17957984,0.77175075,0.8561426,0.8677599,0.8486941,0.8582108,0.8440074,0.7975424,0.56018245,0.74732,0.84547776,0.84047455,0.8473569,0.79354334,0.84417415,0.718695,0.8440737,0.8622137,0.7841021,0.6728504,0.4123375,0.79407066,0.46723047,0.61138886
0.84450907,0.84712577,0.88830614,0.8877096,0.8757477,0.849288,1.0,0.8888663,0.88419527,0.8750206,0.8833664,0.88151366,0.88806456,0.8865885,0.8793722,0.87338364,0.88340133,0.8725219,0.8622043,0.81172794,0.87603873,0.8828344,0.885765,0.88730395,0.82995707,0.8362303,0.8684591,0.86020595,0.88565487,0.8757354,0.884733,0.8879668,0.88090277,0.8779895,0.78252393,0.8019312,0.88275605,0.8797652,0.88079107,0.8792672,0.8754718,0.8749934,0.6823079,0.7871342,0.33089843,0.64877236,0.87003726,0.87752813,-0.15824492,0.2704003,-0.20465362,-0.0104797315,0.43885875,0.4458696,0.88101435,0.8726456,0.82547706,0.7736058,-0.33195257,0.104249775,0.2724173,0.48391697,0.65975136,0.70700115,0.41751596,0.26577517,0.62343377,0.7551658,0.28178388,0.10147297,0.8846503,0.8824465,0.8869953,0.8807126,0.88795614,0.8829861,0.88538766,0.88441044,0.86461574,0.8740457,0.8791044,0.86106026,0.86712563,0.87255734,0.86669713,0.8650621,0.83982825,0.8645552,0.8607397,0.87297523,0.8101866,0.8388342,0.18847525,0.7534661,0.88639504,0.87923,0.88734657,0.8850226,0.8588538,0.72327024,0.54609543,0.7649819,0.87185645,0.86675364,0.8387299,0.8174951,0.80941504,0.6844993,0.88010895,0.88587797,0.85349494,0.66692793,0.43089968,0.8015003,0.3745693,0.4855772
0.83843917,0.84783953,0.88862926,0.88877696,0.8779025,0.8525911,0.8888663,1.0,0.88499504,0.87624294,0.8833159,0.88425255,0.88699543,0.8871755,0.88042736,0.87658423,0.8819666,0.87551045,0.86019176,0.80696917,0.8778094,0.88503605,0.8854979,0.886969,0.8327967,0.83840775,0.8704712,0.86322474,0.88616675,0.87933993,0.8850756,0.888368,0.878007,0.8759281,0.7765903,0.80553126,0.8844621,0.88245904,0.8826591,0.8815991,0.8774751,0.87773234,0.68190145,0.7824969,0.3231275,0.65089786,0.8671062,0.87385243,-0.16360801,0.267528,-0.20045812,-0.019179013,0.4380252,0.4500644,0.88231015,0.8763985,0.8191381,0.7735532,-0.32246122,0.095605634,0.27207884,0.48685426,0.6525336,0.7143304,0.4188529,0.27163458,0.6135501,0.7480536,0.27679944,0.09218182,0.88587075,0.88450646,0.88675904,0.882677,0.88719755,0.88289315,0.8857238,0.8856344,0.8623932,0.87793684,0.8770872,0.86721903,0.8690613,0.8758111,0.8670225,0.8685938,0.8437633,0.86903393,0.8639511,0.87639445,0.81397825,0.8436865,0.18611713,0.7565134,0.88465565,0.88010466,0.8871913,0.8858016,0.8612961,0.74030536,0.5582347,0.7601898,0.8719535,0.8652916,0.84379864,0.82048124,0.81748945,0.69474036,0.8769796,0.88628405,0.8481828,0.6599236,0.42775443,0.803468,0.3916583,0.50339276
0.8142674,0.83195436,0.88738143,0.8854819,0.88640255,0.8655821,0.88419527,0.88499504,1.0,0.87401676,0.8869061,0.8859062,0.88586503,0.88717484,0.8867985,0.8830593,0.8783168,0.8727744,0.8412443,0.77594227,0.8842981,0.8862868,0.88728637,0.88578403,0.857677,0.85812175,0.8818209,0.87610793,0.88719445,0.8789602,0.8877886,0.88729316,0.8704368,0.87300384,0.7557193,0.77567816,0.8849451,0.8782902,0.88461936,0.8825182,0.88321036,0.8771867,0.66589606,0.76677835,0.30281404,0.6317087,0.85506415,0.868685,-0.14865476,0.27302194,-0.20068644,-0.019602338,0.4445905,0.43821624,0.8815045,0.8787546,0.80340976,0.77173626,-0.3298395,0.06210517,0.24692747,0.49186298,0.6440948,0.71538746,0.39906466,0.28094342,0.5801673,0.7301405,0.28040674,0.04828674,0.8870892,0.8852942,0.8862884,0.88562775,0.884248,0.8799935,0.8858226,0.88319045,0.84556603,0.87740445,0.87190765,0.87093115,0.87615067,0.8805263,0.8629147,0.8771599,0.8575022,0.87200767,0.86709356,0.87907,0.8118671,0.85065854,0.19600423,0.77259624,0.88361746,0.88377404,0.8826406,0.8852562,0.86095756,0.75621825,0.541643,0.7665827,0.8698622,0.86814576,0.8516385,0.81414986,0.82334024,0.70505005,0.87801903,0.88580763,0.8374249,0.673713,0.43007895,0.80460894,0.39568582,0.522862
0.8153147,0.80018336,0.8777005,0.8714925,0.8686496,0.8669043,0.8750206,0.87624294,0.87401676,1.0,0.8801644,0.8783249,0.87911683,0.8816373,0.88193697,0.8813421,0.88122123,0.85367775,0.8249017,0.7665874,0.8810918,0.87752295,0.87356585,0.8731638,0.8324208,0.8567719,0.8659444,0.87145376,0.88204265,0.8779341,0.882125,0.8808701,0.8505336,0.85278696,0.7267492,0.78694713,0.88411593,0.87865263,0.8823693,0.8827104,0.8809469,0.883299,0.63851374,0.7487998,0.3262332,0.64232236,0.85367525,0.84790087,-0.19002673,0.26358834,-0.16528955,-0.061729133,0.42963853,0.45183784,0.8832402,0.8761454,0.80203915,0.73899996,-0.28946403,0.04825327,0.22966138,0.47830477,0.64374924,0.6753676,0.3832089,0.27751485,0.596495,0.71283764,0.322855,0.06272372,0.8821873,0.88314855,0.8807807,0.8768152,0.87929773,0.8720695,0.8821651,0.87454283,0.8583648,0.87121373,0.87944883,0.850327,0.8816182,0.8810416,0.8773074,0.8549712,0.8649625,0.88218117,0.87944275,0.8699883,0.8316673,0.84877247,0.18505453,0.76177734,0.8736921,0.8789458,0.87647206,0.8797404,0.86665034,0.76058334,0.580568,0.75559163,0.87044233,0.84874696,0.86042297,0.8177658,0.8412239,0.6999626,0.86081684,0.882599,0.82246536,0.6594453,0.42895654,0.8159095,0.46362084,0.5684835
0.8153374,0.82353,0.88642424,0.8828008,0.8821093,0.8677531,0.8833664,0.8833159,0.8869061,0.8801644,1.0,0.8858559,0.8864404,0.8880204,0.8874809,0.8832414,0.8833684,0.86640376,0.8391265,0.77637476,0.8851737,0.8849267,0.88561356,0.8848329,0.8530817,0.8606248,0.8786798,0.8758425,0.887394,0.8785292,0.88885474,0.8868387,0.8678197,0.87209535,0.7557007,0.77748513,0.8857903,0.87758183,0.88510966,0.88336104,0.8847682,0.8805668,0.6520303,0.76062596,0.3175402,0.6354557,0.8549399,0.8650049,-0.1577321,0.26521656,-0.18278249,-0.03140108,0.45687237,0.4368255,0.88288534,0.8792507,0.8005607,0.77108276,-0.3165105,0.060838602,0.23467955,0.4980697,0.6502876,0.70404434,0.39302784,0.2830073,0.58554083,0.7225939,0.3109738,0.060105357,0.8868644,0.8863113,0.88562506,0.8846252,0.8837065,0.878877,0.8860725,0.88106495,0.84878564,0.8743585,0.8770069,0.86357975,0.87945366,0.8813007,0.86955315,0.8739476,0.8616778,0.87651485,0.87358445,0.8783073,0.81301254,0.85127455,0.18952897,0.77110136,0.8827403,0.88427025,0.8816543,0.8847128,0.8627142,0.7583908,0.5466737,0.77157485,0.87111044,0.864485,0.8533411,0.8121756,0.8272224,0.7070772,0.876082,0.8862857,0.83633405,0.67551845,0.43813837,0.8097454,0.4156769,0.5373118
0.809192,0.82914007,0.8848895,0.8832129,0.8821221,0.8686581,0.88151366,0.88425255,0.8859062,0.8783249,0.8858559,1.0,0.88299364,0.88764644,0.8856059,0.8856733,0.8791966,0.87524265,0.84124565,0.7732273,0.885173,0.88730174,0.88260293,0.882573,0.85044855,0.85631114,0.8799484,0.877471,0.88675404,0.88511026,0.8861834,0.8856122,0.86648,0.86879945,0.7451969,0.78401273,0.8868614,0.88363457,0.8871261,0.8863334,0.8853799,0.8840744,0.6558889,0.75250405,0.31174827,0.63850456,0.85241914,0.85932595,-0.15812922,0.26522312,-0.18123704,-0.027907563,0.4414607,0.42644,0.88268363,0.8827114,0.79867405,0.7601634,-0.31038705,0.055402253,0.24747846,0.49558333,0.6376533,0.7138934,0.3985542,0.2843896,0.57942504,0.7237184,0.29570356,0.051315356,0.8869889,0.88754183,0.8843405,0.8872124,0.8823094,0.88113135,0.88553613,0.8837255,0.84807956,0.88159704,0.8735594,0.8728803,0.87935644,0.88471735,0.8677178,0.8760048,0.86146116,0.8793296,0.8721122,0.87902975,0.8203095,0.8588486,0.19351311,0.77287644,0.8800272,0.88492113,0.8815242,0.88498425,0.86721575,0.776423,0.5779313,0.7542527,0.86760247,0.8588592,0.8578984,0.81337225,0.83586395,0.7079622,0.8712005,0.88524896,0.8313754,0.6575304,0.42183265,0.80834097,0.43623906,0.55565906
0.8338009,0.8327587,0.8879016,0.88573074,0.8774314,0.8568407,0.88806456,0.88699543,0.88586503,0.87911683,0.8864404,0.88299364,1.0,0.8883132,0.883692,0.87831545,0.8859215,0.8674101,0.84898514,0.79701746,0.8804534,0.8831789,0.8863548,0.8860382,0.8401992,0.84903055,0.87165827,0.86704457,0.8871228,0.8772197,0.8878085,0.8882323,0.8739863,0.8747657,0.7682602,0.7938537,0.88505256,0.87952954,0.8838693,0.8820879,0.87987125,0.8784318,0.6706071,0.77740574,0.32318023,0.6419338,0.86921394,0.87346345,-0.16292517,0.2701434,-0.19033094,-0.01223962,0.44596955,0.4498628,0.88455796,0.87513083,0.8158664,0.767484,-0.33378923,0.07940338,0.25065055,0.48230484,0.65930974,0.6995009,0.4135191,0.27147558,0.6043229,0.7363207,0.2872481,0.07300386,0.8861302,0.8846553,0.888093,0.8820774,0.88795793,0.8810066,0.8868115,0.88230604,0.86082226,0.8738612,0.8805737,0.85879874,0.87450516,0.87633365,0.87350816,0.86748517,0.85245025,0.86993015,0.8698974,0.8749439,0.8148063,0.8465323,0.20298529,0.76635104,0.88512915,0.8815098,0.88735014,0.8869163,0.86274403,0.7342699,0.5488271,0.76946765,0.8744788,0.8662461,0.8490161,0.8115229,0.81944937,0.6947162,0.87989444,0.88718235,0.8462379,0.6738529,0.43299598,0.80722827,0.38665143,0.5032772
0.8260312,0.83278114,0.88801575,0.88600016,0.88173676,0.86376405,0.8865885,0.8871755,0.88717484,0.8816373,0.8880204,0.88764644,0.8883132,1.0,0.88647616,0.8838428,0.88495445,0.873686,0.84784716,0.7873832,0.8846562,0.8868385,0.88589686,0.8863317,0.8453846,0.8529984,0.87708807,0.87306935,0.88892996,0.8828088,0.8886198,0.8888558,0.87199974,0.8734881,0.75978297,0.790018,0.8878823,0.88301843,0.88721645,0.8855481,0.8848156,0.8833605,0.66615355,0.76889515,0.32364094,0.63816553,0.8622549,0.8684532,-0.1613516,0.26250553,-0.18451117,-0.023318116,0.44456294,0.43757585,0.88524723,0.88181293,0.8099213,0.7675876,-0.31539735,0.06934289,0.24823287,0.49346504,0.6504869,0.7078438,0.40886438,0.2780556,0.59892946,0.73451203,0.30087483,0.06618162,0.88864684,0.88809454,0.8880945,0.88659704,0.88717264,0.8829665,0.8879255,0.8846143,0.8571584,0.8794623,0.88020104,0.86797374,0.8783001,0.88227254,0.8724228,0.87331164,0.857995,0.8768613,0.8730981,0.8793484,0.8189257,0.8517226,0.19231023,0.7714348,0.8846414,0.8850248,0.8864997,0.887803,0.8659886,0.75764734,0.56380904,0.76406735,0.87288266,0.8644998,0.85612947,0.816744,0.8293353,0.70526433,0.8776367,0.8884966,0.8425978,0.6666723,0.42869067,0.8115864,0.41718924,0.53459746
0.80280036,0.81129277,0.8839045,0.8794894,0.88423884,0.87469274,0.8793722,0.88042736,0.8867985,0.88193697,0.8874809,0.8856059,0.883692,0.88647616,1.0,0.8879266,0.879494,0.86481655,0.8260335,0.7587487,0.88816947,0.8846433,0.8835619,0.88128245,0.85940385,0.86902577,0.88257474,0.8828219,0.8875947,0.8808164,0.88838047,0.88556385,0.8590418,0.8637658,0.7342884,0.7682303,0.8871558,0.8785625,0.88668525,0.8853086,0.88746905,0.881713,0.6469785,0.7529057,0.30660322,0.63107497,0.8496199,0.8577668,-0.16628312,0.27173162,-0.18037578,-0.04166772,0.4449137,0.4412764,0.88335496,0.88188285,0.7937496,0.75612354,-0.30726522,0.048757143,0.22921918,0.49426812,0.6404896,0.69725245,0.38404107,0.28924733,0.57455385,0.7192509,0.29981557,0.040240183,0.8876301,0.8867492,0.88516074,0.8859499,0.88192177,0.8777397,0.8863911,0.880756,0.84594923,0.8778185,0.87462395,0.8663726,0.8849141,0.88553256,0.86924744,0.87401986,0.87082607,0.8805821,0.87732095,0.8786894,0.8212307,0.856432,0.19156654,0.77911216,0.88064,0.88582915,0.8794127,0.88464516,0.8678525,0.77248764,0.5545218,0.7680367,0.87051845,0.862947,0.8616364,0.8124543,0.8393846,0.7076867,0.87173873,0.88620347,0.8275214,0.6770337,0.43432277,0.81513983,0.4365915,0.5607502
0.79032964,0.8044733,0.87927634,0.87500393,0.88226604,0.87715495,0.87338364,0.87658423,0.8830593,0.8813421,0.8832414,0.8856733,0.87831545,0.8838428,0.8879266,1.0,0.87532896,0.86500454,0.81827515,0.74520874,0.8878169,0.8839122,0.8778178,0.8758911,0.8579203,0.8692682,0.8821867,0.8844538,0.88480556,0.8835856,0.8847434,0.8816425,0.85098654,0.8558138,0.71711224,0.7677612,0.8863515,0.8796489,0.8870799,0.88641304,0.887948,0.8838707,0.64239174,0.7346929,0.29679185,0.63144416,0.84268683,0.8469288,-0.16802214,0.26717845,-0.17168516,-0.0560455,0.4385965,0.43096867,0.88245624,0.88430065,0.78283215,0.74310255,-0.29762372,0.030839691,0.22494066,0.4971521,0.6232223,0.701512,0.38503382,0.29016623,0.5608208,0.70713615,0.2984598,0.022748547,0.88555884,0.88608867,0.88103414,0.88526636,0.87711275,0.87472594,0.88362396,0.87799746,0.8410885,0.87930703,0.87044483,0.86951876,0.8857861,0.8880519,0.86783427,0.8731555,0.87413603,0.8844497,0.8789502,0.8780623,0.8259251,0.8617178,0.19020088,0.77879775,0.87483,0.8846329,0.87569076,0.8820687,0.87060666,0.7929464,0.5755879,0.75263196,0.86601937,0.8550055,0.86794496,0.8120184,0.8499274,0.71662414,0.8628985,0.88305765,0.81759983,0.66334224,0.4220456,0.8136355,0.46759257,0.5912941
0.8320273,0.81984586,0.8825292,0.8789488,0.8691851,0.85177666,0.88340133,0.8819666,0.8783168,0.88122123,0.8833684,0.8791966,0.8859215,0.88495445,0.879494,0.87532896,1.0,0.862112,0.8421649,0.7938382,0.87833214,0.8783807,0.8798577,0.88076234,0.8283286,0.8431612,0.8658471,0.8625061,0.88437986,0.87590456,0.8839336,0.8838301,0.86652106,0.8687688,0.76036656,0.80276644,0.88327277,0.87866133,0.88232756,0.8805421,0.8788319,0.8795634,0.66263,0.7667612,0.34004876,0.6465006,0.8688132,0.86474705,-0.17912728,0.25475886,-0.15487829,-0.027992802,0.442403,0.44505706,0.8844413,0.87190324,0.8109916,0.7583942,-0.32502878,0.07501741,0.23576164,0.48668405,0.6500298,0.68381625,0.42071822,0.27670118,0.60474133,0.73108184,0.30571473,0.07603992,0.88277155,0.8811575,0.88450885,0.87855625,0.88479275,0.8789322,0.8835468,0.8768821,0.86814904,0.8715137,0.8828976,0.85143745,0.8759368,0.8747033,0.87883544,0.85819775,0.85575956,0.8699073,0.873065,0.8698796,0.8202875,0.84610754,0.2045841,0.76333064,0.87947,0.87961024,0.8839479,0.88467836,0.86269027,0.7317663,0.5605402,0.7659153,0.8725872,0.85726845,0.8509308,0.8103282,0.82233614,0.6886971,0.87299407,0.8846885,0.84100145,0.6628082,0.4343497,0.80669117,0.4133336,0.514211
0.81425637,0.8507438,0.8725693,0.87649155,0.87150264,0.8388731,0.8725219,0.87551045,0.8727744,0.85367775,0.86640376,0.87524265,0.8674101,0.873686,0.86481655,0.86500454,0.862112,1.0,0.85518646,0.7935007,0.8653904,0.87666047,0.8692203,0.8724223,0.8254949,0.81817675,0.8635105,0.85317796,0.8724719,0.875223,0.8676449,0.872635,0.8687367,0.86783767,0.7612252,0.79313135,0.86996156,0.8752638,0.8698465,0.86970055,0.86513615,0.86561215,0.67162675,0.7652929,0.3309259,0.61635,0.84107196,0.85869473,-0.15916817,0.23758957,-0.20196573,-0.016958764,0.4439807,0.42214116,0.8631692,0.86974037,0.7895399,0.77223,-0.326225,0.09551357,0.27567446,0.49768934,0.610821,0.75137174,0.42842194,0.2780671,0.5966228,0.7535078,0.25224024,0.054639902,0.8715254,0.8719748,0.8703959,0.87513226,0.8707623,0.8727259,0.86906004,0.87655175,0.84165084,0.8743884,0.856689,0.8781413,0.8525474,0.8687514,0.8411817,0.86729926,0.8267553,0.8540187,0.84121,0.8672241,0.79794914,0.8345007,0.19461761,0.74927706,0.86818606,0.8687927,0.87160605,0.8714462,0.8465667,0.75404876,0.5739101,0.7399108,0.85201776,0.85086095,0.832757,0.7935242,0.80508137,0.6975951,0.86241895,0.8689175,0.8425608,0.6223435,0.4099044,0.7871993,0.39479327,0.51443875
0.85991484,0.86988884,0.853508,0.86098397,0.83103627,0.78287953,0.8622043,0.86019176,0.8412443,0.8249017,0.8391265,0.84124565,0.84898514,0.84784716,0.8260335,0.81827515,0.8421649,0.85518646,1.0,0.8593038,0.8220744,0.84540087,0.8463519,0.85710925,0.75893277,0.75413454,0.8169787,0.79653114,0.84275836,0.8332152,0.8385151,0.8503981,0.8785137,0.867365,0.8266035,0.8149237,0.83728576,0.8416789,0.8342226,0.8333016,0.8209766,0.8302358,0.6944326,0.79888046,0.3726126,0.6299935,0.8430444,0.8611553,-0.1560378,0.2463665,-0.24870968,0.013481841,0.4256401,0.41078663,0.83324534,0.83095956,0.8156089,0.7816791,-0.31088692,0.19567333,0.32791457,0.45665863,0.66273713,0.7039009,0.45040095,0.22680943,0.67104036,0.7761436,0.2667441,0.19664578,0.8406351,0.83913016,0.8449477,0.8370805,0.8499728,0.8511883,0.84286124,0.8524927,0.8394862,0.833609,0.84065074,0.83021927,0.8004059,0.82107806,0.81303906,0.8267235,0.7564768,0.809067,0.7975911,0.8336297,0.7513746,0.77841103,0.14640412,0.6910754,0.8532064,0.8351929,0.85568565,0.8445406,0.81067955,0.65775603,0.5167289,0.7324487,0.8282925,0.82956535,0.77026546,0.77934456,0.7412981,0.6449564,0.85073096,0.84412956,0.856008,0.6019964,0.40844753,0.7476872,0.29648095,0.39929497
0.84184134,0.82691425,0.7973805,0.8053289,0.75808334,0.7047016,0.81172794,0.80696917,0.77594227,0.7665874,0.77637476,0.7732273,0.79701746,0.7873832,0.7587487,0.74520874,0.7938382,0.7935007,0.8593038,1.0,0.75302446,0.7832791,0.78820723,0.7999247,0.6769968,0.6760071,0.7409894,0.71961176,0.7814997,0.7693605,0.7773846,0.79275507,0.8399715,0.83116746,0.83971554,0.82354283,0.77347517,0.786317,0.7717693,0.7725081,0.74892884,0.76907873,0.6750036,0.7943702,0.40281537,0.6122047,0.81379396,0.82617193,-0.19324271,0.23882957,-0.23534225,0.019126777,0.40395853,0.40447703,0.7786965,0.7635693,0.774333,0.7468177,-0.3254411,0.25248337,0.3509551,0.3996137,0.65676445,0.63833874,0.48138654,0.15581837,0.6822419,0.7576344,0.24691387,0.25766322,0.77687943,0.77706796,0.7875958,0.76933104,0.7938538,0.7959579,0.7831714,0.79359126,0.81052166,0.7660877,0.79103607,0.7539058,0.73163724,0.7510579,0.76890475,0.75953805,0.6842551,0.7341747,0.74095696,0.77864623,0.6856588,0.70442504,0.13516217,0.64048934,0.8000568,0.77364206,0.80868286,0.78809047,0.7490179,0.5503719,0.47568285,0.70772856,0.7817604,0.7816678,0.69234,0.71297234,0.67736316,0.6228801,0.80385333,0.78472316,0.83446354,0.538145,0.38112813,0.67781866,0.18710932,0.2828572
0.79729193,0.8058601,0.8812476,0.87646914,0.88344246,0.8759883,0.87603873,0.8778094,0.8842981,0.8810918,0.8851737,0.885173,0.8804534,0.8846562,0.88816947,0.8878169,0.87833214,0.8653904,0.8220744,0.75302446,1.0,0.88506037,0.88043153,0.8783649,0.85904336,0.8683676,0.88341343,0.88408214,0.88651437,0.8836476,0.8861283,0.883528,0.8545426,0.8598084,0.72789854,0.7695722,0.88649607,0.87961596,0.8866242,0.8854554,0.8875312,0.88267606,0.6471159,0.7509145,0.30880147,0.63292503,0.84673625,0.8536492,-0.17172676,0.2619619,-0.17371418,-0.05756227,0.43582308,0.42183137,0.8817611,0.88208294,0.79110116,0.7522183,-0.3028567,0.04281822,0.22319023,0.49859348,0.6346649,0.6964328,0.38718677,0.2815589,0.5731507,0.7126704,0.2982369,0.033469312,0.8863886,0.8866605,0.8832645,0.88642055,0.8793526,0.8783589,0.8851709,0.8801011,0.84684235,0.8780961,0.8737292,0.868255,0.8858354,0.88649154,0.8689133,0.872384,0.87343335,0.881498,0.8775932,0.8788245,0.8224917,0.8569315,0.19031449,0.77228045,0.87773836,0.8841008,0.87665987,0.8830984,0.8647825,0.78028774,0.5601389,0.7594207,0.8674062,0.8591165,0.86293525,0.8120935,0.84373116,0.7126839,0.8671488,0.8841181,0.8236343,0.67669785,0.41767323,0.81467444,0.45212123,0.5712674
0.8135158,0.83335704,0.8860183,0.8838991,0.8839316,0.8674212,0.8828344,0.88503605,0.8862868,0.87752295,0.8849267,0.88730174,0.8831789,0.8868385,0.8846433,0.8839122,0.8783807,0.87666047,0.84540087,0.7832791,0.88506037,1.0,0.8835861,0.8836965,0.8507069,0.855011,0.87908065,0.87576646,0.8870064,0.8843275,0.8861342,0.8866465,0.8699713,0.87170523,0.7560583,0.7895074,0.88553417,0.8834256,0.885852,0.88551885,0.8828837,0.8813873,0.66622984,0.76701623,0.3151546,0.632461,0.85305107,0.86444676,-0.15665215,0.2654404,-0.19136193,-0.03942845,0.4422415,0.43573642,0.8823227,0.88241816,0.800057,0.7691399,-0.3158527,0.06546664,0.25823265,0.4875198,0.63621515,0.7174884,0.40776464,0.27009523,0.5918999,0.7327829,0.29528418,0.056274503,0.88653284,0.8876497,0.88517827,0.8862772,0.8829258,0.8813301,0.8856017,0.88441294,0.8511746,0.880695,0.8727189,0.87424976,0.8770154,0.883692,0.8655467,0.8766338,0.8582477,0.87625456,0.86993176,0.8823115,0.81850255,0.85260856,0.19489773,0.7674485,0.8817997,0.88344043,0.882651,0.8845148,0.8643381,0.7684716,0.56182474,0.7607935,0.86852586,0.8643091,0.8548272,0.8151511,0.8335777,0.72166353,0.8738419,0.8846653,0.8387593,0.65335685,0.43136108,0.80527425,0.41661534,0.53892696
0.8236894,0.8329069,0.8880022,0.88705844,0.88275784,0.8623725,0.885765,0.8854979,0.88728637,0.87356585,0.88561356,0.88260293,0.8863548,0.88589686,0.8835619,0.8778178,0.8798577,0.8692203,0.8463519,0.78820723,0.88043153,0.8835861,1.0,0.88748723,0.8514827,0.8537376,0.8777272,0.8704106,0.88554126,0.8748044,0.8872318,0.88705486,0.8727852,0.8746823,0.77025425,0.78195304,0.8820223,0.87600636,0.88099843,0.87858206,0.87832576,0.8730626,0.6656894,0.7751374,0.3134055,0.64029247,0.85874194,0.87236637,-0.15368478,0.27786595,-0.20513873,-0.03014226,0.4471292,0.44396138,0.87895316,0.87264985,0.808667,0.77995676,-0.3359554,0.08400154,0.24872382,0.47866544,0.65430814,0.70505214,0.39873496,0.27579826,0.59642553,0.7305114,0.28697804,0.072140776,0.8851259,0.8828113,0.8856055,0.882368,0.88408804,0.88034695,0.8847046,0.88219726,0.8497465,0.872583,0.8721388,0.8632806,0.87246245,0.8750445,0.86216885,0.87061226,0.85160047,0.8670185,0.86397433,0.8765356,0.8023289,0.84250456,0.19047356,0.7671553,0.88454115,0.87953424,0.88249564,0.8833268,0.8553558,0.7411648,0.5374365,0.7674478,0.87104595,0.8682684,0.84303164,0.81680304,0.8180921,0.6999407,0.8793366,0.8839425,0.8385063,0.68290216,0.43379313,0.8015115,0.37417737,0.4994862
0.8342896,0.84187263,0.88815564,0.888466,0.88119346,0.8573161,0.88730395,0.886969,0.88578403,0.8731638,0.8848329,0.882573,0.8860382,0.8863317,0.88128245,0.8758911,0.88076234,0.8724223,0.85710925,0.7999247,0.8783649,0.8836965,0.88748723,1.0,0.8430346,0.8457917,0.87568253,0.8661752,0.88535047,0.87419474,0.88572204,0.8877502,0.87820554,0.8773558,0.78356296,0.79083157,0.88208085,0.876026,0.8809135,0.8779858,0.87739897,0.87342143,0.6744058,0.7781646,0.32729694,0.647458,0.85830945,0.8748153,-0.16703019,0.26419342,-0.21491227,-0.026000751,0.44627377,0.43924147,0.8776,0.8739797,0.8134249,0.7811797,-0.31985736,0.09883279,0.26754668,0.4851133,0.6639092,0.7076885,0.42089003,0.27116373,0.60455316,0.7434448,0.29535383,0.09354953,0.88537747,0.8820627,0.88526255,0.8818385,0.88457763,0.8808736,0.88395643,0.8831131,0.85282195,0.8740897,0.87333775,0.8662405,0.8687051,0.8741384,0.8603717,0.8718068,0.84479076,0.86749804,0.86151886,0.8766941,0.80337065,0.8407492,0.17015922,0.7598509,0.8852056,0.8786953,0.8835414,0.8829937,0.85386795,0.7389788,0.54625475,0.7653873,0.8682419,0.8665902,0.8395048,0.8189989,0.8143133,0.69877285,0.87977225,0.8843506,0.84474885,0.67320657,0.42896208,0.79901975,0.38308692,0.50458145
0.7145874,0.74955815,0.84392005,0.83906645,0.86580294,0.8695747,0.82995707,0.8327967,0.857677,0.8324208,0.8530817,0.85044855,0.8401992,0.8453846,0.85940385,0.8579203,0.8283286,0.8254949,0.75893277,0.6769968,0.85904336,0.8507069,0.8514827,0.8430346,1.0,0.8754844,0.86717176,0.87051916,0.8480121,0.8408567,0.85411316,0.8443952,0.8108944,0.8255272,0.68816787,0.6865772,0.8427984,0.8309073,0.8477022,0.8451143,0.8529964,0.8352574,0.5876921,0.6983523,0.24925308,0.5590942,0.78222907,0.81637156,-0.13097878,0.2902978,-0.20159991,-0.057736896,0.42419973,0.39691627,0.83695996,0.8439718,0.7181692,0.7434165,-0.3062895,0.0014129151,0.1692306,0.4592512,0.59813046,0.682153,0.34546527,0.25212294,0.49409115,0.6356656,0.29971468,-0.052228406,0.8474481,0.84919757,0.8412652,0.850193,0.8311748,0.8307188,0.84445435,0.838428,0.77064836,0.8363114,0.8133375,0.8405114,0.85387164,0.8518797,0.81312686,0.85724765,0.8535623,0.8423684,0.8378537,0.85250026,0.7639303,0.8295706,0.20914747,0.7671868,0.8393042,0.8486008,0.8294221,0.8408628,0.8168591,0.77731025,0.4921058,0.73970675,0.8284645,0.83171237,0.82612157,0.7608973,0.81150156,0.7233581,0.839537,0.84147537,0.767843,0.6696438,0.4059441,0.77126825,0.395873,0.55394256
0.723994,0.73393595,0.8497114,0.83963317,0.8615949,0.8814985,0.8362303,0.83840775,0.85812175,0.8567719,0.8606248,0.85631114,0.84903055,0.8529984,0.86902577,0.8692682,0.8431612,0.81817675,0.75413454,0.6760071,0.8683676,0.855011,0.8537376,0.8457917,0.8754844,1.0,0.8667771,0.8789064,0.8566804,0.8507066,0.8628848,0.85156226,0.80710024,0.81987804,0.6702441,0.6971042,0.8553151,0.84342206,0.859261,0.85827357,0.8638373,0.8528188,0.5706662,0.68986005,0.25564808,0.58906305,0.7935206,0.81087613,-0.16051744,0.28680223,-0.17525123,-0.087946005,0.43069702,0.41435122,0.8526429,0.85349315,0.7352138,0.7137111,-0.30800045,0.00014064998,0.17930739,0.45423758,0.61834127,0.6490766,0.32156542,0.27386793,0.49779147,0.628655,0.33052683,-0.038027722,0.8571981,0.85888666,0.8508171,0.8553859,0.8415739,0.83659655,0.8547498,0.8433834,0.79023844,0.84331405,0.831943,0.83232975,0.87256,0.8648293,0.8389763,0.85066766,0.8729525,0.86318624,0.8607236,0.8566517,0.79241234,0.84425634,0.20548563,0.77429354,0.8443647,0.8571455,0.8372774,0.8483368,0.83569145,0.7850444,0.5291698,0.7495688,0.8379774,0.8325151,0.8453723,0.77494407,0.84146434,0.72506744,0.83702344,0.85193133,0.76520896,0.6803651,0.41102034,0.78996456,0.44993246,0.59778947
0.78055364,0.80266917,0.8755322,0.8727654,0.8857806,0.87395626,0.8684591,0.8704712,0.8818209,0.8659444,0.8786798,0.8799484,0.87165827,0.87708807,0.88257474,0.8821867,0.8658471,0.8635105,0.8169787,0.7409894,0.88341343,0.87908065,0.8777272,0.87568253,0.86717176,0.8667771,1.0,0.8828466,0.87935615,0.8739977,0.87940335,0.8766598,0.85122436,0.8582245,0.73113084,0.75077426,0.8782058,0.86813897,0.8790086,0.8765472,0.88204443,0.8706984,0.6455409,0.7340565,0.3057495,0.6312325,0.830388,0.8513161,-0.17143542,0.27700573,-0.20091824,-0.06107497,0.43729168,0.40502793,0.8694327,0.8761284,0.77548987,0.7577692,-0.3064929,0.04173405,0.23075429,0.49935338,0.63329726,0.6941798,0.39292145,0.27532044,0.54554695,0.7070249,0.28198975,0.035015803,0.880657,0.8771859,0.87542695,0.8823169,0.86968607,0.873681,0.8776712,0.8752765,0.826528,0.8721966,0.8590362,0.8716653,0.8767661,0.8800175,0.8483956,0.87680143,0.8655111,0.8721577,0.8643309,0.8747577,0.80085546,0.84884006,0.17447096,0.7744191,0.87343436,0.8784848,0.8675291,0.87456083,0.85194796,0.783857,0.543264,0.7540156,0.856421,0.8593955,0.8483206,0.80017316,0.8374217,0.7118597,0.8633514,0.87502044,0.81252724,0.67451465,0.4160946,0.80099714,0.43557465,0.5689377
0.76383144,0.78151387,0.86940724,0.86372936,0.88008046,0.8834919,0.86020595,0.86322474,0.87610793,0.87145376,0.8758425,0.877471,0.86704457,0.87306935,0.8828219,0.8844538,0.8625061,0.85317796,0.79653114,0.71961176,0.88408214,0.87576646,0.8704106,0.8661752,0.87051916,0.8789064,0.8828466,1.0,0.8759291,0.87435335,0.877386,0.8717442,0.8366834,0.84454536,0.70028293,0.73884445,0.8761989,0.8692924,0.87810415,0.87837356,0.88150734,0.873578,0.6187437,0.718885,0.29978636,0.6161834,0.8227272,0.83524144,-0.17588247,0.2832113,-0.18374993,-0.084265,0.43049657,0.4152608,0.8700184,0.8752131,0.7654387,0.7336987,-0.29042345,0.020527575,0.2278838,0.4899256,0.6226112,0.6864209,0.3582051,0.27567354,0.53791076,0.67997813,0.3013854,0.004897238,0.8767143,0.87755096,0.870594,0.87745124,0.8637116,0.8644268,0.87429625,0.8682851,0.8196336,0.86879873,0.8550479,0.86264586,0.8826355,0.88259804,0.85377824,0.86985433,0.87612236,0.8776277,0.8711308,0.87214065,0.81035036,0.8558374,0.19532125,0.77628165,0.86542106,0.8771021,0.86099154,0.87025344,0.8565095,0.7983256,0.559846,0.7508218,0.8556208,0.8481992,0.85639995,0.7960912,0.84848523,0.72175384,0.85283285,0.87153983,0.7973035,0.6732109,0.40604243,0.8056608,0.46548772,0.5981369
0.82062215,0.8261819,0.88747114,0.8843228,0.8825888,0.86643606,0.88565487,0.88616675,0.88719445,0.88204265,0.887394,0.88675404,0.8871228,0.88892996,0.8875947,0.88480556,0.88437986,0.8724719,0.84275836,0.7814997,0.88651437,0.8870064,0.88554126,0.88535047,0.8480121,0.8566804,0.87935615,0.8759291,1.0,0.8835594,0.88890934,0.8888968,0.86923236,0.8704696,0.75305337,0.78726757,0.8886723,0.8832351,0.88760203,0.8864657,0.8860979,0.8828825,0.664133,0.7665248,0.3195543,0.6395665,0.8600035,0.86746156,-0.16439487,0.2636702,-0.18153413,-0.031183373,0.43962726,0.43966314,0.88528,0.8819485,0.8082376,0.76014644,-0.31591603,0.06665688,0.24259722,0.4927039,0.64096826,0.7040928,0.40076712,0.27927068,0.59575826,0.73708403,0.29302052,0.063987836,0.88944316,0.8878706,0.8887125,0.88745433,0.88720685,0.88403815,0.8890849,0.8857897,0.86093754,0.8811322,0.8803673,0.8679948,0.88148916,0.8842175,0.87242204,0.87213635,0.86229205,0.8780197,0.87380725,0.8794946,0.8224742,0.85407436,0.19346866,0.77036566,0.885058,0.88603234,0.88526434,0.8875557,0.86737794,0.75784886,0.5632029,0.76749015,0.87429744,0.8656311,0.85581213,0.81629044,0.83184993,0.7023819,0.87652606,0.88877964,0.8409367,0.6680924,0.43079948,0.81383264,0.42616814,0.53951925
0.8044372,0.8200209,0.8786863,0.87646735,0.8762127,0.8657117,0.8757354,0.87933993,0.8789602,0.8779341,0.8785292,0.88511026,0.8772197,0.8828088,0.8808164,0.8835856,0.87590456,0.875223,0.8332152,0.7693605,0.8836476,0.8843275,0.8748044,0.87419474,0.8408567,0.8507066,0.8739977,0.87435335,0.8835594,1.0,0.88059,0.8805453,0.8580005,0.86003923,0.7299123,0.7876237,0.8843398,0.88502204,0.88536364,0.8853879,0.88242495,0.88339967,0.6557897,0.7471099,0.31467795,0.63207513,0.84885114,0.8527973,-0.17479084,0.25401002,-0.16843618,-0.038634986,0.4351357,0.4249869,0.880903,0.8820873,0.7940758,0.74791265,-0.3094166,0.06123966,0.23392345,0.49820414,0.6219247,0.7140126,0.40219188,0.2695759,0.58370805,0.7267124,0.28511757,0.043487296,0.8833748,0.8855869,0.88121104,0.8857505,0.87876254,0.87993556,0.8826347,0.88233966,0.853899,0.88072324,0.87284154,0.8703783,0.8783504,0.8853117,0.8676197,0.86779845,0.8610111,0.8783742,0.87120867,0.87700236,0.8217939,0.85601157,0.19272514,0.76939267,0.8748904,0.8811682,0.8780537,0.8813309,0.86478615,0.776469,0.5864447,0.7481335,0.8648329,0.85482275,0.8600103,0.8080454,0.84005666,0.7092153,0.86324203,0.881215,0.8312765,0.645847,0.4072102,0.812347,0.4497756,0.56496316
0.8176874,0.82219964,0.8879335,0.88425136,0.8829496,0.86989045,0.884733,0.8850756,0.8877886,0.882125,0.88885474,0.8861834,0.8878085,0.8886198,0.88838047,0.8847434,0.8839336,0.8676449,0.8385151,0.7773846,0.8861283,0.8861342,0.8872318,0.88572204,0.85411316,0.8628848,0.87940335,0.877386,0.88890934,0.88059,1.0,0.888591,0.86772895,0.87095785,0.75321734,0.78013635,0.887225,0.8803148,0.8864622,0.88491607,0.8850534,0.88127756,0.65493256,0.76270384,0.31449276,0.63468343,0.85789406,0.8660976,-0.16139314,0.27274093,-0.18448497,-0.034312647,0.44562715,0.4433098,0.8849991,0.8794814,0.8049479,0.7652605,-0.32343712,0.060604006,0.23739795,0.4846046,0.64803684,0.70271575,0.39345738,0.28283373,0.58695555,0.7252215,0.29740265,0.055617824,0.8883918,0.8874441,0.8875553,0.88533145,0.8857361,0.8804398,0.8879284,0.88336545,0.8535703,0.8772522,0.8775687,0.8645153,0.88142914,0.8828211,0.8720327,0.87235576,0.86354816,0.87759286,0.8747884,0.8794166,0.8177129,0.8546197,0.19538058,0.7726186,0.88421863,0.88469917,0.8837834,0.88589996,0.86524713,0.75702775,0.55642736,0.77138585,0.87374264,0.8660804,0.8556948,0.8170556,0.831369,0.7059372,0.87686425,0.88767725,0.8365967,0.6766782,0.43345582,0.8107895,0.41377684,0.5357265
0.8315794,0.8351785,0.88919514,0.8871388,0.8819671,0.8629409,0.8879668,0.888368,0.88729316,0.8808701,0.8868387,0.8856122,0.8882323,0.8888558,0.88556385,0.8816425,0.8838301,0.872635,0.8503981,0.79275507,0.883528,0.8866465,0.88705486,0.8877502,0.8443952,0.85156226,0.8766598,0.8717442,0.8888968,0.8805453,0.888591,1.0,0.87350845,0.8736551,0.7658129,0.7927345,0.8870722,0.8819642,0.8854438,0.8839743,0.88258946,0.8803988,0.67169863,0.77681327,0.3225573,0.64328676,0.86275023,0.87241405,-0.16881502,0.27042818,-0.20005031,-0.025752742,0.44056353,0.449265,0.88413304,0.8791342,0.8150457,0.7710973,-0.3222451,0.08075725,0.2588655,0.48491424,0.65408826,0.70548385,0.405398,0.2755259,0.6069908,0.74095505,0.2913739,0.07939061,0.88862664,0.88698393,0.8885044,0.88514525,0.88790774,0.88281095,0.8881704,0.8863993,0.85957974,0.879078,0.87899566,0.8670595,0.876138,0.88056815,0.869855,0.87146354,0.8542181,0.8747238,0.8698044,0.8795706,0.8178746,0.8480847,0.18349747,0.76239496,0.8865267,0.8832484,0.8863643,0.8866902,0.86252,0.7489371,0.55623084,0.76549083,0.87429845,0.8669443,0.84939843,0.821077,0.82402515,0.7005004,0.8785905,0.88829345,0.84540635,0.6682734,0.42976427,0.8083645,0.40608442,0.52264804
0.8491185,0.8629185,0.8766351,0.8795145,0.8616332,0.8239591,0.88090277,0.878007,0.8704368,0.8505336,0.8678197,0.86648,0.8739863,0.87199974,0.8590418,0.85098654,0.86652106,0.8687367,0.8785137,0.8399715,0.8545426,0.8699713,0.8727852,0.87820554,0.8108944,0.80710024,0.85122436,0.8366834,0.86923236,0.8580005,0.86772895,0.87350845,1.0,0.8848777,0.81607795,0.8059874,0.86315864,0.86300266,0.8622512,0.8609384,0.8529478,0.85529196,0.6884594,0.7949346,0.33818275,0.6359536,0.8570184,0.8787168,-0.14113668,0.25458354,-0.24133135,0.0072351852,0.4461271,0.42126325,0.8615291,0.8551347,0.8180871,0.78730774,-0.33958498,0.14251941,0.30126655,0.47476932,0.6679914,0.71470934,0.43769145,0.24262175,0.63364637,0.7670353,0.28221124,0.1408307,0.8667006,0.8653618,0.8707471,0.8638564,0.87270236,0.8704348,0.8680637,0.8730121,0.85045934,0.8577307,0.8608079,0.85091937,0.8390459,0.85180306,0.84339595,0.8569013,0.8053913,0.8384692,0.8331199,0.8620931,0.7785705,0.81597155,0.17049684,0.73877937,0.8758621,0.8630012,0.876462,0.8689899,0.8372361,0.69138396,0.5159407,0.76558965,0.85258216,0.8574988,0.80742204,0.7928747,0.77786857,0.68468636,0.8753183,0.8686645,0.8625058,0.6363231,0.42007664,0.77262056,0.30994493,0.4308406
