1.0,0.38587937,0.51653206,0.30659187,0.024696572,-0.16459984,0.5396423,0.23647162,-0.2105631,-0.11867204,0.40781254,0.3303353,0.26736766,0.22828728,0.043507252,-0.12079015,0.30071077,0.31642047,0.61621636,0.51947194,0.06899832,0.072469465,0.5360142,0.46928397,0.03076426,0.14349289,0.056170154,-0.14817221,0.30574834,0.17000826,0.43856493,0.31506857,0.5529845,0.39622426,0.29665294,0.108206026,0.38325498,0.4607856,0.27437127,0.1901785,0.4349663,0.31254196,0.39785752,0.20778292,0.37812904,0.37332696,0.17949481,0.12159524,0.45539942,0.4575161,0.6371353,0.45879006,0.31240508,0.3159309,0.2942856,0.43108928,0.7261323,0.40304935,0.40224028,-0.24057548,0.36591342,0.19168288,0.6519148,0.44197047,0.5662966,0.39396793,0.45680636,0.4006121,0.5218225,0.44757932,0.06283959,0.10625947,0.26565334,0.15830842,0.14873925,0.011967319,0.35577723,0.19439985,0.36365,0.0043973494,0.36220282,0.30314875,0.197043,0.31983337,0.5167164,0.30107462,0.2475956,0.1394022,0.24894461,0.2647104,0.28955004,0.24490805,0.2352454,0.2774354,0.07034909,0.025467964,0.1936995,0.1372404,0.17066179,0.15009727,0.23470262,0.34232184,0.39935023,0.5131641,0.24191868,0.13563001,0.2662137,-0.19568002,0.43286794,0.19867371,0.06939027,0.12440797,0.2129414,0.274854,0.086880825,0.030450894
0.38587937,1.0,0.28426135,0.56183785,-0.13847768,-0.38105962,0.19851822,0.64294684,-0.45389777,0.13113451,0.0983767,0.6616161,-0.15813877,0.6158256,-0.21126547,-0.29747155,0.11679106,0.47305197,0.53817093,0.67450434,-0.09111397,-0.30601317,0.2612016,0.27970222,-0.3911432,-0.10803382,-0.27484652,-0.42826575,0.3624191,0.19938436,0.23189992,0.28162664,0.37603727,0.33763185,0.26504833,0.1498404,0.4874375,0.31455564,0.17514373,-0.15421584,0.47711664,0.07256103,0.4976469,0.43728358,0.54494107,0.5111531,0.43674698,0.40807793,0.6272775,0.7114453,0.6286295,0.75381464,0.42422563,0.5270477,0.4310098,0.28303257,0.2836891,0.7731072,0.41465855,0.086257376,0.16420522,0.4029417,0.28216568,0.6776016,0.38360804,0.7287199,0.5562154,0.5132144,0.5277875,0.61233056,0.0017406252,0.17587642,0.20004416,0.16290218,-0.24213405,-0.2603671,0.32088467,0.48214477,0.21751785,0.03133857,0.120231874,0.52444345,-0.11595917,0.14457712,0.18532823,0.61898947,-0.06569724,0.0030313665,-0.023556458,0.48189163,0.36947814,0.39529282,0.4153901,0.36499295,-0.06552655,0.040007584,0.40700236,0.2744647,0.31993178,0.34050992,0.46758586,0.4212343,0.47119737,0.47061104,0.25057065,-0.022496818,0.26550296,0.036943913,0.3046824,0.05502502,0.010357482,0.2135875,0.44693807,0.3080995,0.00078437245,0.018202791
0.51653206,0.28426135,1.0,0.24936856,0.05534438,-0.10918282,0.45627,0.21986806,-0.22960542,-0.009202027,0.42787766,0.32720137,0.19423895,0.106943205,0.12568565,-0.115280785,0.40295267,0.37231386,0.57663536,0.45297596,0.011552624,0.06459181,0.58502525,0.525123,0.045622066,0.074764304,0.07181463,-0.15287033,0.40847448,0.17093265,0.4931853,0.37671772,0.5402724,0.39577037,0.41473204,0.10171785,0.35792217,0.35541674,0.28515947,0.16371378,0.49555033,0.31957212,0.18525727,-0.027011408,0.16529915,0.17467433,0.17185332,0.014023244,0.22401196,0.29333952,0.34447458,0.23936377,0.1603078,0.11286207,0.3414738,0.3658343,0.5492675,0.33357775,0.29900602,-0.20893376,0.35120764,0.19327989,0.57700884,0.34981477,0.40777832,0.20959516,0.29466346,0.34177503,0.5293032,0.42144737,0.15804996,0.22765376,0.23153502,0.08564851,0.16578744,0.104744636,0.40174663,0.29100525,0.19194993,0.15688756,0.36092862,0.32439598,0.29664472,0.3403504,0.41209185,0.24152043,0.25186467,0.1914544,0.3054616,0.24264477,0.13007656,0.083590314,0.102111295,0.20370312,0.2955803,0.0631358,0.27479458,0.056830037,0.14921072,0.0757242,0.15780753,0.28002173,0.3220338,0.44475752,0.30508912,0.2872176,0.15458132,-0.07682999,0.40271148,0.31946743,0.064363584,0.019946342,0.035347182,0.13876733,0.17652711,0.090102315
0.30659187,0.56183785,0.24936856,1.0,0.04159869,-0.21507792,0.2245097,0.65117866,-0.35326684,0.25890797,-0.04660786,0.47564846,-0.31339183,0.47538468,-0.11833614,-0.061729535,0.010598014,0.40197587,0.33821535,0.52447885,0.19108242,-0.053031303,0.46501687,0.46399096,-0.13539714,0.10146846,-0.06933728,-0.16092516,0.29550457,0.14615788,0.4511612,0.44529969,0.26193166,0.33264256,0.24725363,0.20831712,0.52300864,0.28961316,0.30927452,-0.048913598,0.43910694,0.1538915,0.5672446,0.34787416,0.50741935,0.42656758,0.47687602,0.35948998,0.432665,0.4374327,0.44416636,0.5118293,0.45667613,0.45768604,0.49429917,0.19361195,0.18727447,0.5296214,0.09216349,0.0379129,0.071901515,0.20615366,0.24722813,0.50287724,0.22648461,0.48633185,0.49127874,0.37702918,0.44539982,0.4958099,0.3522478,0.1971617,0.27760747,0.1886828,-0.018029861,-0.14841647,0.19380644,0.41749692,0.1856061,0.127687,0.19795567,0.4829875,0.08486329,0.26484516,0.1583696,0.5104202,0.048761927,0.08801524,-0.0123382,0.44883156,0.41351262,0.3601813,0.3740065,0.3479384,-0.1532703,0.015526511,0.3827041,0.2479815,0.5434529,0.377484,0.416965,0.34136328,0.3511467,0.3545906,0.3736279,0.02199472,0.23636462,-0.005538594,0.18965933,-0.07473931,0.08686967,0.39068043,0.492056,0.2747873,0.013871356,-0.1087644
0.024696572,-0.13847768,0.05534438,0.04159869,1.0,0.46443853,-0.19324489,0.067374155,0.40700126,0.32774907,0.22120571,0.05410613,-0.013853754,-0.030752677,0.4827606,0.48984283,0.28668955,0.2646301,-0.114200406,-0.116880536,0.39966872,0.54794407,0.24366058,0.24404797,0.43008718,0.63465804,0.59029776,0.5344457,0.17014576,0.28151426,0.25117335,0.20935966,0.2602621,0.2465127,0.19285911,0.064333215,0.14958325,0.052465726,0.38195512,0.45025596,-0.014473028,0.31304628,0.039561883,0.024398029,-0.05954093,-0.103251904,0.0817147,0.05772968,-0.2076509,-0.1901915,-0.09507387,-0.14309919,0.121585906,0.027403578,0.1643155,0.3428,0.032834742,-0.17394742,-0.24164885,-0.2738521,-0.03299301,-0.16643219,0.038738955,-0.18454853,-0.045336716,-0.26131988,-0.0389919,0.0382993,-0.10584804,0.00092542457,0.28274482,0.18821481,0.23434225,0.14355583,0.36546066,0.32353526,0.035823915,0.032555435,-0.057853676,0.24765028,0.15898938,0.104993574,0.46266946,0.24399875,0.1801826,0.035863243,0.47749123,0.40704802,0.5622988,0.32564494,0.07533075,0.13610709,0.015640806,0.15965103,0.069308795,0.104548454,0.10401624,0.02935181,0.076123424,0.10643161,0.07839079,0.21083416,0.08146763,0.16259001,0.2841453,0.23699735,0.15021878,0.14323175,-0.0036190522,0.15042788,0.13266978,0.06647025,-0.05982338,-0.042391133,0.17805752,-0.008819593
-0.16459984,-0.38105962,-0.10918282,-0.21507792,0.46443853,1.0,-0.19462563,-0.37061852,0.58878136,0.36498654,0.07622308,-0.1142801,0.21382774,-0.29541337,0.58512086,0.6782302,0.18037948,0.024177132,-0.30471066,-0.36428124,0.33235562,0.5750837,-0.05690343,0.022731025,0.5774978,0.5142676,0.66193193,0.7937617,-0.002919462,0.28283596,0.018487515,0.10512091,-0.023164146,0.11587196,0.05212187,-0.055880826,-0.13559255,-0.09200428,0.19202273,0.57238185,-0.27479956,0.13996781,-0.28951764,-0.159029,-0.35073948,-0.40338126,-0.15615954,-0.20490132,-0.42157644,-0.4259824,-0.35534462,-0.47231096,-0.15351778,-0.30576062,-0.14828336,0.07650225,-0.22904539,-0.46865708,-0.30767655,-0.025420552,-0.15033925,-0.3085654,-0.18954058,-0.46462026,-0.23983061,-0.41340566,-0.28332236,-0.2200997,-0.2852834,-0.35468477,0.04881982,-0.0049683102,-0.0031474328,0.06765411,0.4152249,0.48119974,-0.18143682,-0.15132593,-0.17331718,0.26263133,0.100010365,-0.21168977,0.46712065,0.22435725,0.08538621,-0.22811641,0.5061054,0.43261826,0.41025186,0.038820203,-0.15982084,-0.07356523,-0.12794204,-0.03247721,0.10000871,0.15972495,-0.074661866,-0.12910187,-0.17637141,-0.034311045,-0.10990093,-0.10211813,-0.16239052,-0.1768381,0.06913426,0.13881713,0.20535995,0.035625163,-0.25588247,0.03280837,-0.010858568,-0.07697273,-0.2848868,-0.26088798,0.061215736,0.00025454286
0.5396423,0.19851822,0.45627,0.2245097,-0.19324489,-0.19462563,1.0,0.1560584,-0.19457892,-0.17008263,0.12847586,0.11101789,0.33170828,0.12820022,-0.07529686,-0.23937367,0.20798473,0.20246848,0.52036744,0.3887239,-0.17616464,0.0072341673,0.2718354,0.31595325,-0.11683106,-0.10408751,-0.09595874,-0.21927215,0.36869836,0.11224273,0.17418045,0.15984727,0.4129529,0.30353844,0.3792388,0.23889898,0.24288945,0.37531778,0.15405977,0.10878879,0.32673982,0.33073792,0.20197223,-0.013152344,0.2308648,0.2117869,0.051894214,0.0058300206,0.33854896,0.39977002,0.3502753,0.2666243,-0.01553917,-0.02776778,0.15382996,0.15388003,0.5601038,0.36869442,0.33075148,-0.105831176,0.42358384,0.15279928,0.5566671,0.28740874,0.4682856,0.40221336,0.38292435,0.45149568,0.4974548,0.41694677,0.081219964,0.16238078,0.29768655,0.25107312,0.09291551,0.08344109,0.4408088,0.15551016,0.36120722,0.18529472,0.46040407,0.25986457,0.22068018,0.1820271,0.49213022,0.22388664,0.06329162,-0.02436573,-0.015033507,-0.005500906,0.075567074,-0.008116287,0.03728364,0.035799302,0.15213846,-0.011888927,0.12732814,0.069741584,0.010257319,0.101738766,0.013860941,0.07015578,0.31185165,0.37419817,0.31733143,0.19161987,0.2256624,-0.116050504,0.39225012,0.27673197,-0.111598544,-0.079248816,0.099405415,0.32552016,0.22734845,0.09888274
0.23647162,0.64294684,0.21986806,0.65117866,0.067374155,-0.37061852,0.1560584,1.0,-0.3115461,0.14560555,0.045630887,0.5826805,-0.24200027,0.7227784,-0.16834766,-0.099360794,0.09571072,0.5260307,0.29590484,0.48218906,-0.010743528,-0.17384467,0.3447853,0.19504689,-0.31350702,-0.006360664,-0.26410976,-0.30769604,0.36884913,0.25799528,0.28119758,0.24114257,0.34022585,0.41457963,0.37038264,0.34294185,0.58754224,0.32751846,0.26758525,-0.09702581,0.5474526,0.16497958,0.5165981,0.38901332,0.49873388,0.46292531,0.44180074,0.3568472,0.49151382,0.58304155,0.46226907,0.6216407,0.39143032,0.45847642,0.3790011,0.19442257,0.14000274,0.6376852,0.12098811,-0.03136572,0.036502395,0.2789285,0.17568633,0.5596653,0.21101551,0.6255753,0.5164229,0.473478,0.36402163,0.5434898,0.21043263,0.28048444,0.3055435,0.27318308,-0.13729973,-0.19822869,0.32466027,0.5347173,0.2829283,0.13652539,0.23263991,0.6739654,0.032827944,0.18331602,0.22754374,0.6733064,-0.017636742,0.077384174,-0.02478937,0.52870715,0.37797013,0.34551626,0.37229255,0.34696522,-0.021176958,0.018510386,0.41957694,0.26610267,0.40365964,0.3010189,0.4391523,0.3449614,0.44229195,0.4529431,0.3676706,0.106494285,0.24122648,0.16540912,0.21760269,0.045625668,0.006192806,0.28205466,0.4615164,0.36440662,0.051257648,0.018097866
-0.2105631,-0.45389777,-0.22960542,-0.35326684,0.40700126,0.58878136,-0.19457892,-0.3115461,1.0,0.1711604,0.22373563,-0.12373744,0.40830642,-0.15179178,0.6590489,0.65994716,0.198736,-0.045437127,-0.5022556,-0.5287565,0.14766265,0.38467413,-0.24292259,-0.26554877,0.48022923,0.39585596,0.45304173,0.6320517,0.012175378,0.28794506,-0.19665298,-0.13271622,-0.034031976,0.06475728,-0.07286327,-0.07832204,-0.19267565,-0.11577013,0.15819031,0.43247473,-0.32472208,0.12848008,-0.36488378,-0.11858222,-0.4169322,-0.3679155,-0.31505722,-0.18983217,-0.50120294,-0.5134325,-0.4082204,-0.52906114,-0.21481927,-0.33183748,-0.12499325,-0.005155513,-0.25994983,-0.4717042,-0.3445912,-0.031229693,-0.24686697,-0.22200033,-0.27032372,-0.51320994,-0.36939386,-0.43596777,-0.3949031,-0.3009702,-0.39148417,-0.40652066,-0.017612265,-0.050273776,0.069390655,0.18754514,0.39614162,0.47798175,-0.19353408,-0.19418268,-0.12619624,0.25446212,0.07513692,-0.24009639,0.35555974,0.00066441414,0.0916677,-0.2518361,0.34979033,0.20916629,0.3443948,-0.0749956,-0.13959712,-0.08724795,-0.13549829,-0.07195782,-0.008414772,0.1340459,-0.21887828,-0.23380001,-0.2884732,-0.15638699,-0.16985421,-0.16177815,-0.17946759,-0.15948808,0.03154437,0.14291258,0.08833,0.15133525,-0.3418442,-0.036860544,-0.029016174,-0.15265547,-0.32038945,-0.18969634,0.037071325,-0.12060643
-0.11867204,0.13113451,-0.009202027,0.25890797,0.32774907,0.36498654,-0.17008263,0.14560555,0.1711604,1.0,0.033789445,0.19884662,-0.1720043,0.05843408,0.30607405,0.38774076,0.134645,0.30114514,-0.19114773,-0.09039802,0.4028568,0.24555194,0.16761056,0.2528601,0.35738432,0.41000736,0.4329744,0.38475496,0.14440526,0.279186,0.29777196,0.30211493,0.074768454,0.2971276,0.22456743,0.08994722,0.2510242,0.0065870597,0.33239588,0.3281701,0.06212785,0.16661286,0.19951154,0.2372271,0.08698734,0.014560815,0.30627808,0.27613357,-0.048330925,-0.040856995,-0.056742705,-0.07597614,0.27154878,0.13507581,0.2994188,0.19803248,-0.18833306,-0.045889203,-0.29582626,0.18634473,-0.21641146,-0.14710268,-0.1308221,-0.06630886,-0.14386545,-0.051841106,0.028127477,0.029912286,-0.06979875,-0.03530159,0.3666025,0.1367829,0.19831172,0.19065723,0.12270625,0.21563324,0.05672568,0.25999364,0.007837289,0.3172407,0.1707335,0.20430547,0.286702,0.19992152,0.08063488,0.18239102,0.30020502,0.26225626,0.28939632,0.374834,0.23251484,0.264035,0.2291162,0.2262929,0.020886665,0.15084367,0.23624435,0.28917786,0.25723282,0.2180228,0.27042434,0.16783169,0.16864057,0.087645404,0.23329744,0.072788335,0.20214278,0.23192136,-0.03643714,-0.008110246,0.18675269,0.29543352,0.18867595,0.073636055,0.01699773,-0.054682106
0.40781254,0.0983767,0.42787766,-0.04660786,0.22120571,0.07622308,0.12847586,0.045630887,0.22373563,0.033789445,1.0,0.3639766,0.5329163,0.217892,0.47778547,0.25974384,0.68088526,0.4090272,0.1784571,0.02407185,0.14582664,0.075939946,0.30851024,0.110003255,0.1820409,0.28951743,0.32108033,0.15239337,0.3624384,0.3365089,0.26147643,0.18784335,0.5774384,0.3567485,0.18779156,0.048482426,0.32901004,0.25601092,0.4089645,0.23870198,0.3298745,0.35750455,0.124925226,0.15564893,0.050365664,0.10994206,0.117347196,0.1366944,-0.006896644,-0.0060958713,0.27199027,-0.0021484874,0.27685124,0.08236256,0.39219943,0.41523063,0.44759226,0.027383348,0.11292245,-0.1588136,0.08755198,-0.010515641,0.34414792,0.09627554,0.1383219,-0.01800899,0.06924237,0.120955974,0.17898291,0.16786598,0.07712997,0.06884629,0.33784878,0.20009157,0.43802094,0.29376692,0.35864946,0.27561057,0.26418474,0.282448,0.3546697,0.22121884,0.3302133,0.2910953,0.47913674,0.1608234,0.31717324,0.2541707,0.5074786,0.20007189,0.23713563,0.15074432,0.12149577,0.19898658,0.23003325,0.13946892,0.14320806,0.11029381,0.037451178,0.07352772,0.12885003,0.25811404,0.28622478,0.45458955,0.2733051,0.30115688,0.12824857,0.06036863,0.11381244,0.17777719,0.14309287,0.06498998,0.021020511,0.07126553,0.0851785,0.14778768
0.3303353,0.6616161,0.32720137,0.47564846,0.05410613,-0.1142801,0.11101789,0.5826805,-0.12373744,0.19884662,0.3639766,1.0,0.05934792,0.6890628,0.20816763,0.036392678,0.47451264,0.7272096,0.3990351,0.4895007,-0.038899608,-0.1600323,0.3152586,0.23553257,-0.11280363,0.09025188,-0.06098912,-0.14125381,0.5518487,0.5702042,0.26219812,0.3697833,0.5913273,0.60961103,0.36349437,0.23855121,0.57785267,0.31649005,0.44437912,0.051738236,0.53071326,0.19496164,0.42627603,0.415355,0.4079298,0.35544777,0.4126129,0.30715638,0.41366065,0.47584444,0.4961034,0.56436855,0.380134,0.41796142,0.5110241,0.37986588,0.20248124,0.53172135,0.18120255,-0.0128484955,-0.032788314,0.1751993,0.2712605,0.50059,0.20690206,0.5247667,0.4078583,0.40679583,0.4209874,0.5171646,0.071739875,0.23414831,0.40476233,0.32999575,0.13875906,0.01251336,0.38041827,0.57916546,0.2118646,0.2903007,0.27650306,0.61817944,0.20937492,0.27728996,0.37514344,0.6844703,0.16313948,0.19584328,0.27403393,0.62667894,0.39920062,0.38055336,0.4463226,0.41121823,0.0628095,0.24008614,0.45277226,0.14175662,0.1737631,0.2818565,0.49688375,0.49218222,0.5361297,0.53110415,0.3878931,0.17640285,0.3099934,0.05713193,0.23775315,0.013173971,0.019619402,0.15611403,0.38881192,0.29138818,0.008015056,0.13824922
0.26736766,-0.15813877,0.19423895,-0.31339183,-0.013853754,0.21382774,0.33170828,-0.24200027,0.40830642,-0.1720043,0.5329163,0.05934792,1.0,0.015805151,0.47657028,0.24772699,0.48148227,0.06817565,0.0040284484,-0.23431419,-0.116591334,0.18982399,-0.12203731,-0.1848166,0.20878749,0.1281256,0.19035229,0.22335568,0.25767094,0.24753615,-0.135624,-0.16642423,0.3131153,0.16066985,0.1774007,0.07885438,0.00062382175,0.15537311,0.15968254,0.2929108,-0.017375838,0.33754018,-0.2944056,-0.12464383,-0.29751134,-0.20450658,-0.2390417,-0.23892911,-0.21148632,-0.117992185,-0.022593716,-0.26352912,-0.23885165,-0.38136503,0.02299909,0.093791686,0.26380476,-0.16680673,0.09556013,-0.14798604,0.1276625,-0.07663887,0.18400314,-0.15316053,0.09198331,-0.02653046,-0.11984402,0.0056695873,0.038785886,-0.074623466,-0.18981685,-0.10700622,0.18434507,0.2440434,0.3138642,0.37478238,0.16949785,-0.07579428,0.27105233,0.21296448,0.35048226,-0.08867077,0.26572204,0.1767949,0.46324545,-0.08760689,0.29156044,0.1906429,0.24445407,-0.16502544,-0.14156114,-0.22246462,-0.23709896,-0.16050059,0.21951658,0.026567444,-0.029950274,-0.13585965,-0.37945068,-0.21132137,-0.22552471,-0.19864586,0.0023844123,0.09311309,0.07876109,0.22990596,0.054710574,-0.08681726,0.02661696,0.20446318,-0.07620129,-0.33294868,-0.3291985,-0.10810538,0.11478299,0.10832444
0.22828728,0.6158256,0.106943205,0.47538468,-0.030752677,-0.29541337,0.12820022,0.7227784,-0.15179178,0.05843408,0.217892,0.6890628,0.015805151,1.0,-0.0034036606,-0.04063243,0.26812565,0.56663185,0.19595182,0.33359525,-0.050298095,-0.23350538,0.14612095,-0.050744545,-0.3302578,0.01306568,-0.21455577,-0.26281276,0.42591318,0.44789764,0.10892831,0.15482573,0.40953988,0.4618563,0.34591046,0.34206918,0.5770857,0.31855524,0.35730574,-0.08721612,0.52735704,0.12726492,0.45563906,0.47007948,0.48419067,0.47609633,0.345416,0.35178387,0.47248966,0.5786297,0.45533067,0.5722777,0.36312488,0.44923633,0.49320725,0.2351342,0.085377276,0.59170616,0.1311584,0.03904667,-0.065064445,0.19859177,0.14650854,0.51358277,0.12744749,0.6330577,0.5365377,0.45048583,0.29625487,0.5065471,0.09569909,0.13311034,0.367698,0.3857355,-0.07780437,-0.106634706,0.37138128,0.5424291,0.3759427,0.20077163,0.30900195,0.66749656,0.020258354,0.12955967,0.3265801,0.7242123,0.010326719,0.040471174,0.025645755,0.51101255,0.4262075,0.41604593,0.39778236,0.3649625,0.022793317,0.17657432,0.3976229,0.1427549,0.21133769,0.21855837,0.4560383,0.38236994,0.48982957,0.46858305,0.38641626,0.15474428,0.28967366,0.2104782,0.26085004,-0.023794077,-0.10204613,0.11610132,0.4493646,0.32086045,0.10104003,0.08889266
0.043507252,-0.21126547,0.12568565,-0.11833614,0.4827606,0.58512086,-0.07529686,-0.16834766,0.6590489,0.30607405,0.47778547,0.20816763,0.47657028,-0.0034036606,1.0,0.74216896,0.50310946,0.28429633,-0.19307019,-0.3024709,0.36385563,0.5617943,0.15068391,0.09386716,0.6444082,0.6242245,0.63975453,0.64780205,0.2648117,0.42204309,0.21560301,0.19461413,0.25919512,0.3429421,0.19932485,-0.052640185,0.14537482,0.034664314,0.46204492,0.5913353,-0.061023016,0.34516495,-0.23565847,-0.09286276,-0.32617727,-0.32935894,-0.06482684,-0.13749991,-0.40101984,-0.33788833,-0.1551119,-0.3313011,-0.035067637,-0.27193645,0.18168662,0.20315292,-0.011992602,-0.2950225,-0.28407753,-0.096641615,-0.14413306,-0.16830958,-0.035642177,-0.31533858,-0.1935245,-0.29758197,-0.2397827,-0.18151207,-0.15652935,-0.20974104,0.14287129,0.06564829,0.2906655,0.17972608,0.59845006,0.5571459,0.024982516,0.036076672,-0.031288564,0.36729598,0.25284404,-0.032992564,0.5757258,0.38383445,0.32140628,-0.055379108,0.6137344,0.5385502,0.6112006,0.16997519,0.023297941,-0.022032099,-0.04757028,0.027037138,0.12134151,0.22082168,0.11065991,-0.027942663,-0.14862229,-0.031079914,-0.020946458,-0.012021977,-0.005568019,0.07653143,0.25003865,0.28884557,0.14503975,0.12363444,-0.15448554,0.025674663,0.08871979,-0.058287982,-0.23769979,-0.21998449,0.015993368,-0.07646338
-0.12079015,-0.29747155,-0.115280785,-0.061729535,0.48984283,0.6782302,-0.23937367,-0.099360794,0.65994716,0.38774076,0.25974384,0.036392678,0.24772699,-0.04063243,0.74216896,1.0,0.29062366,0.1590409,-0.37821826,-0.4237503,0.3875283,0.54958004,-0.0030650937,-0.07912653,0.5830364,0.61371595,0.6316001,0.74503803,0.11605889,0.33182177,0.12135327,0.14378649,0.038161777,0.22704807,0.043414228,-0.051025297,0.063439734,-0.040155426,0.31307077,0.569763,-0.13113236,0.24556172,-0.21855886,-0.10928674,-0.30586305,-0.3483981,-0.15849335,-0.12419296,-0.43460727,-0.4363992,-0.27987853,-0.4493795,-0.014223301,-0.25867474,0.04842078,0.054627787,-0.22635822,-0.37615106,-0.36425295,-0.044579733,-0.27242008,-0.23822519,-0.27090764,-0.41311994,-0.32759297,-0.3600209,-0.3154663,-0.25105393,-0.33291948,-0.35212597,0.14814438,0.108352944,0.18883233,0.16159186,0.48603362,0.5226404,-0.109166235,-0.05205924,-0.08564907,0.32764113,0.1357879,-0.095252484,0.42141417,0.3256117,0.15795097,-0.1209676,0.51394165,0.5462214,0.42794555,0.10173652,-0.0025923934,-0.012965914,-0.03140193,-0.010025792,0.08409321,0.24422039,0.036869947,0.005933623,-0.03809934,0.026827678,-0.03730342,-0.10353915,-0.09478738,-0.057029836,0.124955006,0.19818124,0.12287095,0.08623724,-0.28304788,-0.046737604,0.07779192,0.053469975,-0.17993964,-0.23944211,-0.084705636,-0.11383867
0.30071077,0.11679106,0.40295267,0.010598014,0.28668955,0.18037948,0.20798473,0.09571072,0.198736,0.134645,0.68088526,0.47451264,0.48148227,0.26812565,0.50310946,0.29062366,1.0,0.63859904,0.1822712,0.06340686,0.09983364,0.15394361,0.21786502,0.1416373,0.19567391,0.3392195,0.312185,0.22917166,0.6730304,0.590068,0.21312268,0.24757512,0.6842932,0.59552675,0.48933318,0.15637839,0.51269525,0.2931696,0.5607011,0.40124974,0.3731689,0.42086154,0.16834974,0.20522949,0.09292012,0.11060468,0.289243,0.19546774,0.05767935,0.08322615,0.23715083,0.04042112,0.18905917,0.1104505,0.505964,0.51977605,0.32007852,0.101265,0.0499222,-0.20471989,0.14229612,-0.08327102,0.34324598,0.1428041,0.169235,0.12566127,0.1646736,0.30715194,0.27496418,0.29099435,0.24601895,0.23879686,0.5984216,0.437743,0.5483786,0.47917268,0.5520766,0.3746298,0.36725083,0.48799852,0.53248566,0.4523714,0.4937598,0.32667533,0.660844,0.4247015,0.4231831,0.32759413,0.641778,0.44189945,0.27067885,0.22792651,0.15557122,0.26593342,0.31885904,0.32302883,0.3920565,0.06214585,0.015606863,0.12387312,0.23385267,0.2994466,0.43551007,0.48341322,0.3509803,0.4011462,0.15952633,0.05457108,0.30071467,0.2735515,0.113043666,-0.032036167,0.017592035,0.053469654,0.2301288,0.233489
0.31642047,0.47305197,0.37231386,0.40197587,0.2646301,0.024177132,0.20246848,0.5260307,-0.045437127,0.30114514,0.4090272,0.7272096,0.06817565,0.56663185,0.28429633,0.1590409,0.63859904,1.0,0.3710178,0.43148017,0.07815924,0.0059079025,0.43177792,0.3223202,0.01631886,0.3220097,0.15003325,0.041796364,0.73811823,0.71035576,0.38176134,0.4091366,0.7302487,0.785471,0.63159686,0.30706626,0.7400897,0.4322962,0.5462708,0.2634361,0.56008315,0.3674376,0.41620436,0.30880567,0.37405255,0.29675448,0.4762858,0.3650623,0.32627094,0.40920067,0.39523447,0.42422378,0.33733308,0.37471223,0.5448964,0.53525,0.24631174,0.47029775,0.12925093,-0.052517097,0.11663601,0.12577944,0.3937763,0.40533292,0.24698402,0.4676738,0.45655742,0.54475814,0.41619405,0.565867,0.32839006,0.3690095,0.6044802,0.5402317,0.2996314,0.29236376,0.5459165,0.6664939,0.36535758,0.560762,0.5791648,0.7617385,0.4506419,0.33325133,0.5761188,0.7068831,0.3186487,0.2895113,0.48593307,0.714695,0.4181128,0.4001467,0.4105921,0.4677939,0.24062821,0.29849046,0.5114035,0.17673548,0.20109494,0.3618766,0.4521049,0.5125968,0.6445796,0.6142236,0.5324434,0.4205842,0.39366817,0.14875858,0.38695714,0.17975132,0.05447114,0.14299911,0.3730023,0.31992623,0.20870957,0.27486986
0.61621636,0.53817093,0.57663536,0.33821535,-0.114200406,-0.30471066,0.52036744,0.29590484,-0.5022556,-0.19114773,0.1784571,0.3990351,0.0040284484,0.19595182,-0.19307019,-0.37821826,0.1822712,0.3710178,1.0,0.8207343,-0.20897886,-0.15735859,0.42316943,0.52057594,-0.23626558,-0.0883121,-0.19356897,-0.4063793,0.4116059,0.14023776,0.33236435,0.31291243,0.5257248,0.3179478,0.29031503,0.11950132,0.30651802,0.31874782,0.090733044,-0.07489832,0.38145316,0.20394616,0.3268941,0.105859466,0.38931543,0.34195885,0.2657813,0.14167489,0.50356483,0.5347805,0.55456305,0.63508004,0.1522189,0.30846477,0.24072278,0.36178657,0.6191601,0.6378523,0.6289165,-0.094548225,0.43526512,0.34047326,0.63757795,0.6442039,0.589058,0.5160436,0.45941913,0.48896605,0.70332116,0.5698746,-0.043253865,0.25428015,0.17336358,0.08095859,0.0073298085,-0.10682907,0.3393499,0.28212237,0.11660493,0.044923842,0.21884412,0.3319176,0.09110966,0.1905123,0.27413395,0.33588114,0.0016790939,0.047212895,0.07847105,0.24700284,0.18728557,0.15409724,0.21280994,0.23815908,0.14880072,0.06083229,0.2573182,0.0032162843,0.12633686,0.21911179,0.21277659,0.37552384,0.42830774,0.48435917,0.25126627,0.17352112,0.25787094,-0.2589887,0.47052652,0.1703409,0.025525521,0.008222904,0.22498386,0.3213833,0.12036687,0.22331291
0.51947194,0.67450434,0.45297596,0.52447885,-0.116880536,-0.36428124,0.3887239,0.48218906,-0.5287565,-0.09039802,0.02407185,0.4895007,-0.23431419,0.33359525,-0.3024709,-0.4237503,0.06340686,0.43148017,0.8207343,1.0,-0.17327203,-0.28407484,0.40136912,0.50808287,-0.34693646,-0.1646945,-0.2735908,-0.46089587,0.37271893,0.19161907,0.30021232,0.3617152,0.47756028,0.33199075,0.27853864,0.15058069,0.40158877,0.33297616,0.11614156,-0.14449315,0.4160622,0.092561096,0.46432158,0.25448772,0.5490278,0.5013087,0.34540707,0.2835044,0.61285913,0.6238679,0.59621406,0.7701213,0.28173584,0.51830435,0.31679964,0.33657575,0.49278045,0.7847244,0.5864081,-0.0049063326,0.40560088,0.35555714,0.5514284,0.73305005,0.556304,0.6273925,0.5877201,0.56643426,0.723356,0.67272776,0.0080894185,0.2765123,0.16106439,0.17625254,-0.12690957,-0.20947525,0.22739765,0.38636774,0.10550904,0.06299373,0.16654022,0.47469696,0.027107153,0.096923545,0.17572777,0.4885306,-0.117802076,-0.07723607,0.019345185,0.40032116,0.30887997,0.30531836,0.35584152,0.36843082,-0.012318123,0.020208377,0.24531366,0.055445146,0.2552902,0.34815824,0.36606294,0.5023674,0.49533522,0.5038201,0.31378552,0.13813333,0.3590419,-0.10311725,0.36763316,0.06501709,-0.03203636,0.12930673,0.372292,0.4188446,0.11889476,0.19083475
0.06899832,-0.09111397,0.011552624,0.19108242,0.39966872,0.33235562,-0.17616464,-0.010743528,0.14766265,0.4028568,0.14582664,-0.038899608,-0.116591334,-0.050298095,0.36385563,0.3875283,0.09983364,0.07815924,-0.20897886,-0.17327203,1.0,0.5109548,0.36024818,0.33520603,0.39688998,0.6331664,0.51333684,0.48439395,-0.119443126,0.05101583,0.4371381,0.30126753,-0.022244236,0.07536404,-0.01059925,-0.13423327,0.15346915,0.0016268406,0.23458536,0.35655493,0.041043177,0.06083659,0.12207153,0.116425455,-0.009986491,-0.057403643,0.21204607,0.1471283,-0.12362127,-0.18241364,0.0053127795,-0.12921077,0.35546342,0.1125148,0.23546797,0.20516722,-0.005924965,-0.21627401,-0.2973349,0.04948097,-0.083859265,-0.08628711,-0.055292305,-0.23402028,-0.12453134,-0.20664014,-0.015312257,-0.18968624,-0.05809304,-0.12980178,0.3751071,-0.069313385,0.011805616,-0.0821153,0.23015822,0.18407452,-0.011531478,-0.0028359548,-0.015289054,0.046805494,0.016147062,-0.05644558,0.29350176,0.35595992,0.0019177672,-0.055063456,0.5118677,0.43247187,0.34398934,0.20771044,0.21206994,0.12636264,0.117938176,0.1226077,-0.17125812,-0.07063277,0.08726976,0.2706667,0.31511086,0.15208083,0.146805,0.07601197,-0.12097631,-0.013693084,0.09722357,-0.027449565,-0.10042252,0.06721654,-0.15449229,-0.047538944,0.15200393,0.3451136,0.037796907,-0.24124117,-0.06747276,-0.18625788
0.072469465,-0.30601317,0.06459181,-0.053031303,0.54794407,0.5750837,0.0072341673,-0.17384467,0.38467413,0.24555194,0.075939946,-0.1600323,0.18982399,-0.23350538,0.5617943,0.54958004,0.15394361,0.0059079025,-0.15735859,-0.28407484,0.5109548,1.0,0.23774663,0.22931328,0.61230624,0.63210136,0.6145786,0.61279434,0.044238344,0.09616299,0.37474787,0.271535,0.05023114,0.18856299,0.18563978,0.02945121,0.032561135,0.05832057,0.3060902,0.5908969,-0.16736832,0.24846423,-0.21033517,-0.21726263,-0.3291284,-0.39717436,-0.09581985,-0.21047485,-0.39391455,-0.2778311,-0.23527884,-0.3510271,-0.06499704,-0.30684263,0.018302632,0.1504558,-0.045107838,-0.34162128,-0.33373028,-0.26399133,0.012869716,-0.22781533,-0.049777124,-0.41575998,-0.05879794,-0.3225048,-0.18941,-0.16478524,-0.18218425,-0.2384171,0.2778613,0.06204568,0.1047389,0.03457067,0.47779974,0.4127167,0.011247307,-0.16171671,-0.044999618,0.16723566,0.17937613,-0.16716173,0.4955227,0.47425672,0.2230894,-0.16774221,0.6517141,0.61235493,0.44463447,0.07250756,-0.090980835,-0.13153847,-0.22911623,-0.09975119,0.12547635,0.0064321794,0.10310005,0.013129363,-0.040803827,-0.0695061,-0.21546544,-0.2277287,-0.20175241,-0.15662688,0.15430011,0.1334847,0.037524324,0.03990476,-0.025676489,0.22616917,0.15089473,-0.04190947,-0.2935251,-0.29260623,0.10386469,-0.12702224
0.5360142,0.2612016,0.58502525,0.46501687,0.24366058,-0.05690343,0.2718354,0.3447853,-0.24292259,0.16761056,0.30851024,0.3152586,-0.12203731,0.14612095,0.15068391,-0.0030650937,0.21786502,0.43177792,0.42316943,0.40136912,0.36024818,0.23774663,1.0,0.69457036,0.21399315,0.34871158,0.1830381,-0.012226115,0.23783751,0.1542422,0.79537815,0.5819395,0.47060123,0.4738845,0.3877754,0.08421408,0.5195407,0.4628977,0.3972455,0.28444713,0.4843342,0.35298216,0.41659725,0.15593931,0.32342267,0.24178547,0.408341,0.22095688,0.26138842,0.29646215,0.41687328,0.35882497,0.4595108,0.33376998,0.42935804,0.48452199,0.4436854,0.27885932,0.050278004,-0.21512109,0.15535215,0.11601547,0.5171806,0.31206316,0.35905024,0.18543944,0.38005108,0.3059839,0.35918027,0.3789137,0.36826345,0.22523324,0.31972903,0.08240586,0.21910986,0.06907598,0.3848969,0.3705653,0.25288448,0.15577495,0.36773443,0.39611265,0.36736593,0.51273704,0.37346157,0.33007836,0.37487772,0.33746594,0.38213393,0.45165476,0.4061651,0.31224617,0.32410362,0.3603324,0.15865467,0.08864798,0.3803195,0.3779992,0.51288086,0.32304797,0.3291919,0.3933239,0.35425824,0.47063732,0.38158256,0.25177383,0.18825404,0.115061454,0.33876848,0.18956508,0.28737733,0.37975118,0.30738935,0.2603674,0.083412975,-0.09569694
0.46928397,0.27970222,0.525123,0.46399096,0.24404797,0.022731025,0.31595325,0.19504689,-0.26554877,0.2528601,0.110003255,0.23553257,-0.1848166,-0.050744545,0.09386716,-0.07912653,0.1416373,0.3223202,0.52057594,0.50808287,0.33520603,0.22931328,0.69457036,1.0,0.21214585,0.32974508,0.25187355,0.026773363,0.19827642,0.093323775,0.66846615,0.5015255,0.34700385,0.30195397,0.24798417,0.050306164,0.28777575,0.22770229,0.25314248,0.18197607,0.26138517,0.25354478,0.3321968,0.112559296,0.23570165,0.15502802,0.4003656,0.19442722,0.21925834,0.23365068,0.31485546,0.33803466,0.29553,0.24122338,0.322957,0.3151003,0.37668702,0.24494262,0.088371046,-0.036598235,0.13497503,0.0775761,0.42769828,0.23918274,0.25441697,0.13313822,0.27547005,0.20058674,0.4687516,0.33895954,0.293497,0.25583655,0.19492917,-0.05568402,0.18183415,-0.026636103,0.1925261,0.22675182,0.022991719,0.07721132,0.15084624,0.20981799,0.38967475,0.37293988,0.17682968,0.18965046,0.34480157,0.22306496,0.27943954,0.3646354,0.23009484,0.17888615,0.22413246,0.282373,-0.030087028,-0.012298421,0.25389266,0.19452696,0.32826242,0.23756978,0.270774,0.39199883,0.26602617,0.31893393,0.2786613,0.08980928,0.18455459,-0.049493425,0.19726638,0.10756405,0.1519419,0.2483018,0.23173949,0.18450123,0.10860215,-0.09952867
0.03076426,-0.3911432,0.045622066,-0.13539714,0.43008718,0.5774978,-0.11683106,-0.31350702,0.48022923,0.35738432,0.1820409,-0.11280363,0.20878749,-0.3302578,0.6444082,0.5830364,0.19567391,0.01631886,-0.23626558,-0.34693646,0.39688998,0.61230624,0.21399315,0.21214585,1.0,0.49064624,0.6156862,0.62134564,0.032727726,0.16875744,0.35441208,0.26331657,0.04455388,0.24615854,0.11884935,-0.09749291,0.020884957,0.052590057,0.3411535,0.6209721,-0.22215484,0.26495433,-0.2097893,-0.2246987,-0.32443643,-0.34634557,-0.040656865,-0.16778445,-0.4089207,-0.37550944,-0.24963407,-0.41038635,-0.006989088,-0.24438038,0.008193514,0.18216532,-0.07688404,-0.4564254,-0.43167925,-0.06260968,-0.15733384,-0.24838589,-0.0504669,-0.40891218,-0.10847945,-0.4746318,-0.28355357,-0.22698212,-0.2423983,-0.30392805,0.29058954,0.09284598,0.20400241,-0.0050422535,0.5392726,0.48918697,-0.024330873,-0.0071022483,-0.13591562,0.1690398,0.13780774,-0.17970905,0.47557333,0.351529,0.18873611,-0.19816512,0.5700152,0.47209513,0.48838264,0.12342973,-0.027666867,-0.0344366,-0.0879385,-0.012606217,0.093114994,0.1201334,0.0908081,0.1282829,0.02718792,-0.042587854,-0.1291112,-0.115983956,-0.11854679,-0.10087174,0.19861257,0.23831625,0.021983532,0.013932748,-0.09535631,0.08357574,0.27499005,0.09029799,-0.24169567,-0.24142475,0.083165124,-0.14225066
0.14349289,-0.10803382,0.074764304,0.10146846,0.63465804,0.5142676,-0.10408751,-0.006360664,0.39585596,0.41000736,0.28951743,0.09025188,0.1281256,0.01306568,0.6242245,0.61371595,0.3392195,0.3220097,-0.0883121,-0.1646945,0.6331664,0.63210136,0.34871158,0.32974508,0.49064624,1.0,0.74814427,0.6964868,0.1782057,0.3282495,0.4179127,0.27488935,0.26327068,0.33971158,0.20123851,0.05791856,0.25138614,0.104024336,0.43279943,0.5739837,0.06537727,0.3499252,0.08903983,0.09291047,-0.050530806,-0.09942138,0.1451443,0.10880204,-0.1359062,-0.19604604,-0.009219299,-0.17618302,0.15830548,-0.0022692836,0.22864285,0.3254201,0.040633712,-0.1932365,-0.1718368,-0.16959152,-0.044076167,-0.1614515,0.086529545,-0.26456597,-0.04759896,-0.16641758,0.021925766,-0.035111457,-0.0636806,-0.049852416,0.34738883,0.10936022,0.2419475,0.17623177,0.44081143,0.4294082,0.13186482,0.009059777,0.08034334,0.3520716,0.29432943,0.054315366,0.53597385,0.39674717,0.29352814,0.023732232,0.69464093,0.5720826,0.5342004,0.28843993,0.16409826,0.14034589,0.09658594,0.16438352,0.048693463,0.16505237,0.15916947,0.11351179,0.100469716,0.10662025,0.1593005,0.17618781,0.118887685,0.16483313,0.22825494,0.2181149,0.15745302,0.062083874,0.01583626,0.0326972,0.13855737,0.11685918,0.019811526,-0.09450402,0.037827823,-0.07964484
0.056170154,-0.27484652,0.07181463,-0.06933728,0.59029776,0.66193193,-0.09595874,-0.26410976,0.45304173,0.4329744,0.32108033,-0.06098912,0.19035229,-0.21455577,0.63975453,0.6316001,0.312185,0.15003325,-0.19356897,-0.2735908,0.51333684,0.6145786,0.1830381,0.25187355,0.6156862,0.74814427,1.0,0.7278349,0.10767524,0.26101652,0.29072478,0.26433262,0.17147665,0.19645804,0.0895801,-0.052254867,0.07332359,-0.06456875,0.3781484,0.52691036,-0.10110207,0.20457438,-0.026144782,-0.06205527,-0.1516614,-0.21269108,0.0071203266,-0.024975196,-0.2835544,-0.35880923,-0.11406082,-0.33641583,0.119379245,-0.114136845,0.108662196,0.21773824,0.04412736,-0.37324244,-0.2715821,-0.08141181,-0.027333716,-0.2105237,0.036757704,-0.4064382,-0.13882986,-0.40297118,-0.11141979,-0.12636265,-0.11985406,-0.17706895,0.21328242,0.03853728,0.09232423,0.08138097,0.48005226,0.4335525,-0.054210424,-0.11454122,-0.07364417,0.2717711,0.21717116,-0.097596064,0.5326438,0.30480373,0.22146,-0.14778747,0.6166284,0.4546769,0.57228667,0.15650596,0.030283328,0.059029862,-0.019659186,0.10616498,0.015684286,0.118329406,-0.007956701,0.043874115,-0.016355915,-0.034466136,0.029355723,0.116188176,0.0030905914,0.06552963,0.17146029,0.21750158,0.16592146,0.06537458,-0.08448791,0.025917858,0.15928425,0.11533174,-0.11402777,-0.15010166,0.065087505,-0.05119635
-0.14817221,-0.42826575,-0.15287033,-0.16092516,0.5344457,0.7937617,-0.21927215,-0.30769604,0.6320517,0.38475496,0.15239337,-0.14125381,0.22335568,-0.26281276,0.64780205,0.74503803,0.22917166,0.041796364,-0.4063793,-0.46089587,0.48439395,0.61279434,-0.012226115,0.026773363,0.62134564,0.6964868,0.7278349,1.0,-0.002503738,0.26540777,0.073785335,0.074977495,-0.058471385,0.10818371,0.008161457,-0.07547275,-0.09408182,-0.104771644,0.2518942,0.63943017,-0.25734046,0.20702077,-0.27248615,-0.14506401,-0.38073158,-0.41318417,-0.14223738,-0.17742033,-0.4746693,-0.4958534,-0.35636356,-0.53116524,-0.14567375,-0.34923345,-0.11166889,0.07802379,-0.23045789,-0.5381711,-0.35462314,-0.08776622,-0.16768184,-0.3462665,-0.18321839,-0.5780708,-0.28556862,-0.4376618,-0.34656733,-0.2903768,-0.36224797,-0.41192338,0.12943672,-0.015247145,0.04194493,0.1451491,0.46772063,0.5426248,-0.16277802,-0.2402216,-0.08528725,0.3332016,0.15438381,-0.22926396,0.5174122,0.2743024,0.12440653,-0.28537017,0.61598414,0.51755345,0.39552486,0.007713398,-0.13335316,-0.12500505,-0.16039753,-0.10899625,-0.01743943,0.15619107,-0.11141195,-0.029594855,-0.12691003,-0.07067625,-0.15304966,-0.19981211,-0.19049455,-0.17142105,0.044996966,0.13387333,0.043683004,-0.0005201328,-0.29784295,-0.029974302,-0.001555615,0.0045061493,-0.22898383,-0.2683533,-0.017119022,-0.10649013
0.30574834,0.3624191,0.40847448,0.29550457,0.17014576,-0.002919462,0.36869836,0.36884913,0.012175378,0.14440526,0.3624384,0.5518487,0.25767094,0.42591318,0.2648117,0.11605889,0.6730304,0.73811823,0.4116059,0.37271893,-0.119443126,0.044238344,0.23783751,0.19827642,0.032727726,0.1782057,0.10767524,-0.002503738,1.0,0.66841316,0.25861335,0.3362436,0.70029825,0.67749333,0.70355815,0.36312518,0.6103773,0.4145566,0.4666887,0.3026241,0.40736157,0.34241852,0.28468442,0.19169974,0.27489555,0.2579287,0.36834693,0.27531347,0.2817967,0.3456049,0.35978627,0.33046946,0.1851801,0.23276219,0.4974469,0.48173252,0.30465156,0.4672618,0.24203454,-0.10669319,0.3121737,0.19199394,0.41742224,0.40387002,0.30684507,0.4244853,0.42239702,0.62194055,0.45258132,0.5797325,0.32696933,0.46424332,0.6635256,0.62879384,0.4057616,0.38842362,0.5505306,0.5426849,0.30183348,0.5275892,0.63008004,0.66322064,0.46541798,0.28164038,0.64091927,0.6144387,0.26041993,0.2514613,0.4258797,0.5355385,0.28389716,0.2845028,0.21604437,0.30055434,0.28181294,0.25291285,0.5014154,0.008419242,0.08799018,0.2453935,0.2267363,0.32644036,0.53319424,0.52126044,0.45246652,0.4371771,0.35648012,0.021554392,0.39795932,0.21867043,0.07243146,-0.024300482,0.15814221,0.19561005,0.34457335,0.3293958
0.17000826,0.19938436,0.17093265,0.14615788,0.28151426,0.28283596,0.11224273,0.25799528,0.28794506,0.279186,0.3365089,0.5702042,0.24753615,0.44789764,0.42204309,0.33182177,0.590068,0.71035576,0.14023776,0.19161907,0.05101583,0.09616299,0.1542422,0.093323775,0.16875744,0.3282495,0.26101652,0.26540777,0.66841316,1.0,0.1426939,0.35333034,0.57119554,0.68667173,0.5073659,0.31036797,0.46198428,0.34922078,0.44144586,0.41237313,0.2998069,0.27640077,0.18544108,0.29176086,0.16391025,0.14929132,0.25910637,0.25980094,0.071356036,0.12092022,0.11154897,0.1794508,0.18866214,0.24229218,0.36979795,0.50503534,0.032070223,0.22501919,-0.008842936,-0.05425585,0.05606668,0.009192251,0.1718808,0.14029275,0.017557615,0.22735965,0.23927842,0.40200976,0.17944947,0.29414952,0.18599053,0.286954,0.5375155,0.72426224,0.4240776,0.43260443,0.3417322,0.47665226,0.19572656,0.6290134,0.5218438,0.5256281,0.5365357,0.22885461,0.4781362,0.52345294,0.39677614,0.31126055,0.5035791,0.58810765,0.28244594,0.34372765,0.3025232,0.3916141,0.2219003,0.3563827,0.31242257,0.010367261,-0.0112195965,0.26821157,0.2971547,0.38620767,0.46375245,0.41030648,0.46352112,0.42531067,0.38739684,0.20105942,0.17782483,0.123714186,0.026940065,0.005408894,0.11408608,0.17350727,0.20841543,0.3367261
0.43856493,0.23189992,0.4931853,0.4511612,0.25117335,0.018487515,0.17418045,0.28119758,-0.19665298,0.29777196,0.26147643,0.26219812,-0.135624,0.10892831,0.21560301,0.12135327,0.21312268,0.38176134,0.33236435,0.30021232,0.4371381,0.37474787,0.79537815,0.66846615,0.35441208,0.4179127,0.29072478,0.073785335,0.25861335,0.1426939,1.0,0.7300739,0.38881502,0.4976278,0.43329275,0.11514934,0.5044061,0.40136978,0.49354026,0.35646594,0.43988237,0.30873042,0.4251418,0.15013066,0.312098,0.20407173,0.49575102,0.30186057,0.18752779,0.25405845,0.3627007,0.29412904,0.5165113,0.3174438,0.49643263,0.4850145,0.30537522,0.22447723,0.019926993,-0.104145974,0.13966177,0.07387557,0.3646303,0.2317151,0.27742833,0.07745384,0.35992494,0.29069725,0.31578144,0.30532366,0.4669704,0.31430316,0.4041102,0.095203854,0.39976013,0.18244086,0.34561792,0.39848223,0.18772161,0.18989924,0.32692415,0.35958797,0.32993653,0.52415025,0.33305332,0.3073296,0.42198932,0.4139272,0.42506003,0.4656174,0.40362555,0.2971198,0.3242192,0.33466077,0.14760184,0.1411653,0.50977886,0.4490748,0.5594712,0.33116186,0.2816412,0.31669593,0.30600828,0.4090039,0.3898739,0.29495373,0.2841755,0.10974078,0.31591025,0.23826581,0.47140566,0.44926322,0.30810308,0.13668214,0.06794229,-0.060670365
