1.0,0.6027857,0.7028889,0.5504978,-0.038859583,-0.0077036363,0.7179292,0.30072498,0.05800736,0.06426159,0.3790964,0.037070274,0.3465746,-0.047447614,-0.17738634,0.058313176,0.2752454,0.19024958,0.7125171,0.6281472,-0.031535976,0.20349705,0.56844294,0.50465614,0.038809907,0.13423598,-0.2953054,-0.27133703,0.06539593,0.06000463,0.18494955,0.07282601,0.30812135,0.2342498,0.047237772,-0.12670004,0.008065689,0.17171107,-0.2930929,-0.20794931,0.0039304527,-0.025786871,0.33063853,0.29686376,0.4442159,0.29032844,0.26941156,0.35740972,0.44580042,0.36434102,0.39462277,0.45027888,0.14373428,-0.117831945,0.17261265,-0.109457776,0.7768875,0.66758525,0.58721256,0.5741066,0.7243536,0.56702995,0.60819525,0.52168065,0.54746133,0.29141614,0.5897129,0.5694108,0.7140015,0.63660145,-0.17224322,-0.18134436,-0.11280849,0.120334394,0.09975724,0.2698919,0.027144458,-0.12909462,0.17329456,0.4581868,0.450783,0.12042218,-0.027612489,-0.29243293,0.3183961,0.075701185,-0.02838353,-0.09862796,0.11917607,-0.20944701,0.22565044,0.14404309,-0.004244692,-0.0913985,0.021776486,-0.061337493,-0.12795456,0.1011831,0.24234068,0.23476744,-0.30848575,-0.22769958,-0.1917623,-0.21045028,-0.2585687,-0.09122128,0.1611461,-0.0864301,-0.0502773,-0.13538337,0.29434597,0.24582474,0.23977922,-0.08925827,0.10954837,0.0096479785
0.6027857,1.0,0.60115427,0.71313465,0.018331112,-0.11482511,0.563222,0.71342194,-0.07356796,-0.0583079,0.29497832,0.4079653,0.20723231,0.40332827,-0.124770224,0.2067935,0.16895612,0.41617775,0.5492902,0.6949923,-0.017321289,0.14953063,0.35727394,0.3818955,0.15560074,0.29153907,-0.2923399,-0.31072268,0.089522205,0.2538658,0.081405245,0.23663907,0.16025245,0.36151367,0.2968829,0.11387271,0.039582115,0.14787227,-0.35725328,-0.1775347,0.06916796,-0.062551044,0.1433885,0.19969794,0.405099,0.24875407,0.098264344,0.24535793,0.3156687,0.49522594,0.23540968,0.6654711,-0.10384471,-0.044978548,-0.023600599,-0.07928483,0.41658303,0.6740901,0.47675267,0.48631892,0.53034484,0.45556396,0.4919054,0.36695307,0.5724237,0.6792915,0.4891072,0.42075413,0.5781494,0.49556997,-0.10277828,-0.022689372,0.09050734,0.035209868,0.2904508,0.22106846,0.091714256,0.07755446,0.029113762,0.4067866,0.15558217,0.2601154,-0.15665159,-0.14626504,0.019343397,0.18337516,-0.00711004,-0.14661162,0.08098308,0.07557359,0.3953131,0.10156111,0.106193505,-0.014393626,0.110839024,-0.033978134,-0.03980137,0.017726067,0.3043559,0.106947914,-0.30538875,-0.15707697,-0.15035737,-0.13968536,-0.14978644,-0.0014700171,0.22349533,-0.201249,0.2687655,-0.039430857,0.26950037,0.20598762,0.09279787,-0.17977974,-0.0071911598,-0.15226018
0.7028889,0.60115427,1.0,0.67839074,-0.023540186,0.0011608889,0.7611967,0.51957715,0.17119005,0.10991552,0.38696212,0.14814708,0.29093465,0.09582287,-0.080779314,0.08079386,0.32467803,0.30587664,0.73851854,0.7108955,-0.02271148,0.23109831,0.6980605,0.6130977,0.023565048,0.18229306,-0.27135557,-0.2377667,0.29752716,0.3315483,0.4360563,0.3332035,0.5051482,0.4938909,0.35171315,0.020270118,0.24731383,0.27128798,-0.04450297,0.049185906,0.18958965,0.17757915,0.43235448,0.41274935,0.5217668,0.40181324,0.39708585,0.5153211,0.525666,0.46161264,0.473071,0.4772221,0.20965064,0.028415585,0.36619067,0.097491845,0.62451726,0.56057525,0.626772,0.45336565,0.6113668,0.4297445,0.5699219,0.37343717,0.5460765,0.36425242,0.64654595,0.6050507,0.7144713,0.5858307,0.117743246,0.12651587,0.18192215,0.38493517,0.2671312,0.3712722,0.20426087,0.068062864,0.22125171,0.41697747,0.44271532,0.27732396,0.065790564,-0.066109076,0.3065552,0.11679389,-0.07997462,-0.06089253,0.34742123,0.12389907,0.40749657,0.37400332,0.20466518,0.13011698,0.1082092,0.09273856,0.12474808,0.3034644,0.40382496,0.3925627,-0.078444995,0.013765682,0.00092462933,0.02433705,0.022833552,0.16112931,0.24948415,0.1184246,0.16664155,-0.00046519932,0.47796243,0.47662076,0.37173072,0.021901269,0.16124326,-0.041531548
0.5504978,0.71313465,0.67839074,1.0,-0.06474077,-0.066771,0.43202055,0.6271716,0.037954487,0.02358892,0.16785568,0.22142069,0.2201661,0.18592536,-0.18550839,0.25170788,0.14225994,0.33233133,0.6377406,0.80077237,-0.048534732,0.31369728,0.63141847,0.72305024,0.08603546,0.22790459,-0.3212422,-0.24211521,0.22804195,0.28546974,0.32880196,0.37884218,0.24630263,0.44883826,0.35573202,0.120271556,0.18899925,0.30043715,-0.24499956,-0.06815541,0.09180766,0.019384416,0.20733818,0.27126873,0.39430672,0.2222967,0.13179182,0.34001336,0.2981676,0.3542527,0.26905823,0.6432799,-0.06236778,-0.024189498,0.091509774,0.0847812,0.47325343,0.59299654,0.49655968,0.4229025,0.42280766,0.37240097,0.40140924,0.30487454,0.36286044,0.32848436,0.52178997,0.48839697,0.6437724,0.4187829,0.012413877,0.07619536,0.022123978,0.27268422,0.30540672,0.25622687,0.21045724,0.11871088,0.14434075,0.3524622,0.2757284,0.2628652,0.029429482,-0.09584876,0.21773766,0.28119156,-0.009804044,-0.15198553,0.091979094,0.0577222,0.3943255,0.16058385,0.1916377,0.04721936,0.08464479,0.08246623,0.07975352,0.1248734,0.3068469,0.1900716,-0.3288489,-0.241805,-0.1296336,-0.15145913,0.0006432037,0.061200473,0.19177324,-0.12120214,0.3125266,0.011563619,0.39044693,0.30510607,0.10491404,-0.18190546,0.0347372,-0.09928599
-0.038859583,0.018331112,-0.023540186,-0.06474077,1.0,0.2690228,-0.20344856,0.18298154,0.14567964,0.497533,0.19395173,0.11991462,0.17783503,0.21595024,0.26485685,-0.0428804,0.20999825,0.1138438,-0.17552416,0.11557866,0.20752747,-0.1743212,-0.037568383,-0.16789724,-0.0740949,0.14735448,0.2959874,0.13272893,0.13510998,0.15343371,-0.03430791,0.09421472,0.1675813,0.22804904,-0.009460179,0.16718268,0.029519804,-0.025915,0.12883882,0.13833803,0.44885445,0.14359339,-0.03469902,-0.028965782,0.025169972,-0.08278116,-0.008695958,-0.0798466,-0.0148871625,-0.1611832,-0.13387577,-0.23014079,-0.12892564,-0.0684419,-0.0055688787,-0.07332077,-0.036260553,0.1453433,0.008298961,0.04902471,0.012257827,-0.053555526,-0.09407805,0.03864458,-0.13289624,0.033023953,-0.03448949,-0.011368073,0.0061614476,0.02537354,-0.008595912,-0.028156191,0.18077022,0.0019061808,0.21910067,0.052481204,0.042438816,0.21402918,0.07949231,0.24067843,0.057107747,0.20140347,0.109602906,0.03350859,-0.1284181,0.018865556,0.08612491,0.0761359,0.06745905,0.12041968,0.17283264,0.06317047,0.16367584,0.06083799,0.09613583,0.008385686,0.15508993,0.086244725,0.069833316,0.07779734,0.22949941,0.17504029,0.31173947,0.1435835,0.011543887,0.20914583,0.23041736,0.11566612,0.063435964,0.16827847,0.05078677,0.05917519,0.14714958,0.31413937,0.21194682,-0.06239195
-0.0077036363,-0.11482511,0.0011608889,-0.066771,0.2690228,1.0,0.0089100115,-0.043843158,0.09991214,0.39250854,0.06039875,-0.015155095,0.24475425,-0.014936406,0.17070456,0.04230173,0.15130746,0.03323586,-0.043800287,0.06013941,0.08494262,0.0051804073,0.026822656,0.0032572378,-0.2339369,-0.061109696,0.33203587,0.22938785,0.14130822,0.095485345,0.046171825,-0.045370106,0.160681,-0.025260283,0.011444482,0.10612534,0.075762704,0.14418493,0.22052051,0.122733966,0.22616819,0.17569739,0.10265504,0.13079242,0.053672846,0.01953205,0.15706927,0.078660354,0.07431173,-0.10168779,0.058497123,-0.05221297,0.13151176,0.1855477,0.19487642,0.07373898,0.106912486,-0.102649316,0.029852489,0.09868902,0.05437752,0.032174278,-0.028442439,0.026118416,-0.09209353,-0.1275882,0.077170946,0.015608278,-0.0031052206,0.030695984,0.08824402,0.04546692,0.08369248,0.19484183,0.084871314,0.19990261,0.040739186,0.07688649,0.18217038,0.028556766,0.24215595,0.100744426,0.2941876,0.09085419,0.16536555,0.20256513,0.05602347,0.08064692,0.11326917,0.08821091,0.027301822,0.16133632,0.08049143,-0.012681256,0.058748987,0.2559452,0.027500615,0.111378096,-0.038884953,0.18748076,0.21873021,0.072831124,0.17921783,0.031803675,-0.0064928415,-0.07713012,-0.07397546,0.038863048,-0.037366536,-0.011434587,-0.031882375,0.099683516,0.25058037,0.12645435,0.22602512,0.13672528
0.7179292,0.563222,0.7611967,0.43202055,-0.20344856,0.0089100115,1.0,0.33430052,0.0038285172,-0.04372598,0.4014412,0.17625438,0.33982825,0.12492235,-0.2218281,0.13207507,0.21567936,0.23847519,0.658301,0.51309615,-0.122185305,0.14240451,0.48654982,0.37230757,0.02699132,0.062464118,-0.26053223,-0.2720316,0.095412746,0.15777746,0.16181658,0.037341394,0.33854967,0.22531822,0.11734843,-0.15196928,0.033107065,0.10076761,-0.18635756,-0.15893055,-0.075279556,0.038938176,0.2647158,0.2544638,0.30950156,0.29886585,0.26098633,0.32927033,0.39817515,0.41963962,0.36769217,0.39624947,0.18200333,-0.0072001005,0.16872534,-0.06988133,0.53820676,0.42389473,0.47111768,0.4096667,0.6123662,0.4315276,0.6004194,0.30246213,0.62213725,0.42393014,0.48606384,0.42349184,0.5559203,0.5280788,-0.0008054615,-0.05589965,-0.001653411,0.1561796,0.044167574,0.2774061,0.0011737476,-0.07777088,0.14036319,0.28772095,0.32521075,0.08623582,-0.11953241,-0.19421527,0.18061674,0.03079259,-0.17490412,-0.06654601,0.2380572,-0.043360952,0.19151436,0.22590937,-0.015958019,-0.0284011,0.0026242877,-0.07168082,-0.0710094,0.12565988,0.19415584,0.1909996,-0.1572776,-0.10998358,-0.15750036,-0.07156971,-0.18945892,-0.07420173,0.1371978,0.01687172,-0.011748399,-0.10364985,0.22033603,0.23006569,0.2259164,-0.079344116,0.021575298,-0.009757981
0.30072498,0.71342194,0.51957715,0.6271716,0.18298154,-0.043843158,0.33430052,1.0,0.027001923,0.07643515,0.30358896,0.5351377,0.2358056,0.6351567,0.036721334,0.27716693,0.34333882,0.611027,0.33807582,0.63718367,-0.030087842,0.0970152,0.3212127,0.32805777,0.08337172,0.352693,-0.25415573,-0.33494234,0.4248174,0.5546763,0.1948414,0.42901394,0.31895897,0.58227336,0.50156635,0.34478864,0.29099184,0.32363993,-0.018367164,0.14343609,0.274477,0.101857804,0.12631531,0.24731997,0.39361352,0.24936141,0.13733637,0.25579104,0.2621974,0.40467757,0.17217886,0.40342742,-0.136137,-0.0039366735,0.0810782,0.14435665,0.17833161,0.54527974,0.38885668,0.30197632,0.35867137,0.21317989,0.38358223,0.23154151,0.298865,0.616571,0.4296839,0.35377362,0.42474258,0.26013717,0.23720655,0.28014547,0.41163415,0.31359076,0.57105595,0.35378247,0.34122062,0.38015547,0.15092771,0.4985067,0.27612197,0.5685103,-0.002821174,0.11655042,0.038156897,0.30159798,0.01688743,-0.06808987,0.31638655,0.38513947,0.5552073,0.27873152,0.31178442,0.15289387,0.14395165,0.10941965,0.23996378,0.22911379,0.4857314,0.25008863,-0.007970005,0.046043523,0.15728483,0.18377529,0.15775698,0.3208831,0.37236142,0.01398956,0.3292548,0.1402691,0.41664124,0.29068187,0.25861612,0.012437471,0.059186112,-0.18068674
0.05800736,-0.07356796,0.17119005,0.037954487,0.14567964,0.09991214,0.0038285172,0.027001923,1.0,0.327487,0.07577071,-0.0041936236,0.22144327,0.008964424,0.23557739,0.14715502,0.06616897,-0.0804747,0.12155928,0.07322121,-0.08678686,0.08932272,0.09954985,0.04373565,-0.14253429,-0.02952171,0.019606093,-0.022228628,0.15144409,0.110470764,0.111821294,0.032591555,0.17465958,0.16532424,0.17314297,0.027347075,0.2121201,0.09630833,0.123499356,0.042599518,0.17440484,0.033278983,0.04008568,-0.002820898,0.083489254,-0.010376757,0.023776215,0.07345894,0.021991767,-0.08875445,-0.03912689,-0.1032822,-0.08251272,-0.06030576,0.09608035,-0.006683096,-0.044292588,0.0456569,0.053440128,-0.011566788,-0.012157938,0.019196901,0.013321002,-0.091797374,-0.013167849,-0.15251936,0.033248007,0.039090153,0.013552546,-0.08144478,0.06491983,0.0053265695,0.08732081,0.20205297,-0.02748832,0.13601263,0.0965196,0.09545749,0.1124041,0.07274765,0.07826724,-0.04167935,0.09860101,0.116728984,0.080357604,-0.119127356,0.12929645,0.13380282,0.06043877,-0.080053866,0.1109892,0.10129981,0.10953178,0.10029324,0.1847598,0.1945406,0.22016527,0.20416836,0.21737686,0.11251871,0.043199603,0.038881067,0.10431288,0.14895454,0.17115729,0.1200396,0.19675037,0.20102441,0.008695466,0.14234394,0.21347503,0.095902085,0.1582667,0.14318521,0.06235222,0.12277998
0.06426159,-0.0583079,0.10991552,0.02358892,0.497533,0.39250854,-0.04372598,0.07643515,0.327487,1.0,-0.032834325,0.0368213,0.16377063,0.08247109,0.13461104,0.06975738,0.1383855,0.07161279,0.019217331,0.1340646,0.0593964,0.17746994,0.01767479,0.015109863,-0.47689617,0.18759583,0.22083871,0.26779133,0.1601457,0.090043575,-0.057374932,-0.08280469,0.2262566,0.13739753,-0.033236545,-0.16097187,0.10914184,-0.09367691,0.036376882,-0.09007411,0.17418031,0.03835122,0.12523192,0.098784894,0.030025119,0.12336701,0.14126135,0.09735217,0.15007555,-0.057882477,0.07175356,-0.16640787,-0.05331908,0.14706543,0.10166966,-0.051062897,0.122802705,0.16240555,0.21900193,0.16143481,0.1840573,0.14737636,0.09189153,0.13519134,-0.21121937,-0.0495121,0.011074433,0.06781854,0.0977683,0.055475485,-0.044299036,-0.011706254,0.100348,0.086870275,0.044203885,0.035284445,-0.01783062,0.04489704,0.22938947,0.24414779,0.20513937,0.22893852,0.029705873,-0.008916321,-0.024964465,0.086949684,0.010485072,0.046519734,0.0074733575,-0.046598643,-0.07251993,0.087024234,-0.046922214,-0.06736448,0.13118498,0.07000527,0.030989302,0.20725982,0.079829074,0.11873406,0.0020032588,-0.018213734,0.1255659,0.062265474,0.05672257,0.0693795,0.13170089,0.1832525,-0.022919374,0.08226477,0.12542993,0.041962747,0.13006708,0.13309357,0.06755425,-0.043691024
0.3790964,0.29497832,0.38696212,0.16785568,0.19395173,0.06039875,0.4014412,0.30358896,0.07577071,-0.032834325,1.0,0.34651795,0.5941705,0.2990537,0.32687247,0.08213366,0.5014401,0.5052261,0.3058454,0.2722339,0.18356232,-0.041206628,0.34645826,0.054931257,0.059458837,0.14153603,-0.14827801,-0.26814005,0.30699012,0.39380786,0.34864295,0.33051994,0.42599356,0.32884318,0.20226261,0.32241327,0.2393007,0.39508146,0.10964683,0.29198903,0.2806807,0.25518346,0.08520069,0.20085254,0.26550198,0.047544394,0.14447917,0.18647517,0.10339159,0.056442145,0.0794708,0.0661922,-0.01722377,-0.072895676,0.15571344,0.07459539,0.31917703,0.28346223,0.1288779,0.1159413,0.22963211,0.14168136,0.28058428,0.25180048,0.40308228,0.23094721,0.25686446,0.19261841,0.2076606,0.20697853,0.3947933,0.2781776,0.37470376,0.38415107,0.3469007,0.39599904,0.32409143,0.27784532,0.2228233,0.39885592,0.42260045,0.27580205,0.2864364,0.07266575,0.32329357,0.17295064,0.2850338,0.047634233,0.30688554,0.17303136,0.30050918,0.25705475,0.22788762,0.13638997,0.12501866,0.10175666,0.2039075,0.26374072,0.28675687,0.31429633,0.21025972,0.15323606,0.17147397,0.14723565,0.09858155,0.1731893,0.10436542,-0.043533944,-0.07066581,0.1274175,0.25976998,0.18520701,0.34780836,0.20701136,0.28429818,0.17754076
0.037070274,0.4079653,0.14814708,0.22142069,0.11991462,-0.015155095,0.17625438,0.5351377,-0.0041936236,0.0368213,0.34651795,1.0,0.28903016,0.7186717,0.1041565,0.19526772,0.30625147,0.6250973,0.000926823,0.31951252,0.07028373,0.049564306,0.10345321,-0.04384459,-0.026110586,0.21142042,-0.07418195,-0.11074824,0.33084044,0.4476712,-0.052731223,0.22727254,0.2565369,0.3433731,0.30260468,0.4014402,0.14754087,0.32574597,0.026231753,0.15302348,0.08658627,0.128331,0.018534213,0.1763705,0.15619718,0.1607219,0.07282974,0.14645937,0.0513883,0.2395765,0.104391485,0.19952562,-0.034750614,0.20458998,0.012174766,0.18563877,-0.04326216,0.27628973,0.024882944,0.06440509,0.06157523,0.06708224,0.13577822,0.23318572,0.1616704,0.43276238,0.15535453,0.07056891,-0.00027909398,-0.034117535,0.22856441,0.245264,0.39573863,0.14826077,0.35891598,0.22515644,0.22980717,0.40534282,0.123849265,0.33510858,0.17487009,0.43645883,-0.099525206,0.027907703,-0.020905372,0.3946222,0.009213328,-0.0017991313,0.23330095,0.3488845,0.31693202,0.23800579,0.17891777,0.10781095,0.19101189,0.19500044,0.17238972,0.16525099,0.30785537,0.1978012,0.15128674,0.20575996,0.263232,0.32363498,0.13882855,0.21657008,0.21161507,-0.034007743,0.051832344,0.05663632,0.10391384,0.120448224,0.14417325,0.15510334,0.020500721,-0.056097046
0.3465746,0.20723231,0.29093465,0.2201661,0.17783503,0.24475425,0.33982825,0.2358056,0.22144327,0.16377063,0.5941705,0.28903016,1.0,0.38449845,0.25463945,0.24129847,0.29314515,0.32992363,0.26787567,0.31379962,0.1325749,-0.036174268,0.2719031,0.124007516,-0.070825346,0.03981387,0.02084823,-0.1127795,0.18541639,0.22691645,0.15228206,0.081013314,0.27120128,0.18744674,0.100366354,0.10016733,0.1163882,0.24429625,0.119227834,0.16974632,0.10366931,0.18163332,0.093683764,0.21260796,0.1420382,0.07138549,0.14889254,0.19177479,0.09031775,0.06631165,0.11014853,0.06580534,0.005868897,0.012017323,0.121949,0.061938636,0.20495507,0.16860834,0.13213274,0.078828014,0.2342695,0.08515647,0.25668496,0.11067043,0.2729459,0.1269347,0.23635317,0.17432456,0.13198341,0.06690797,0.2223015,0.038594782,0.17542951,0.25914145,0.17590581,0.3897216,0.1681032,0.17061241,0.25433224,0.2276286,0.39091507,0.1846717,0.22919045,0.0404603,0.26364452,0.14978595,0.067552894,0.12588558,0.20172715,0.1297038,0.25474364,0.2273413,0.18689214,0.09334496,0.07087549,0.11009589,0.13670275,0.23429132,0.21094167,0.24882132,0.10401102,0.0021790501,0.15089719,0.13366447,0.050946362,0.087140635,0.045893867,-0.0662593,-0.14128211,0.07698988,0.2268714,0.12518965,0.33194727,0.19076802,0.38913316,0.24145983
-0.047447614,0.40332827,0.09582287,0.18592536,0.21595024,-0.014936406,0.12492235,0.6351567,0.008964424,0.08247109,0.2990537,0.7186717,0.38449845,1.0,0.12864673,0.33027452,0.3476688,0.6264806,-0.065120794,0.2850671,0.061892577,-0.17465502,-0.08798288,-0.17004302,0.030893007,0.18319878,-0.07817848,-0.21643737,0.3164643,0.53308684,-0.07160645,0.20743527,0.1881934,0.38803574,0.33038262,0.36951843,0.027055688,0.14240967,-0.0037297097,0.12064365,0.13014804,0.114406146,-0.13120484,0.01854902,0.07811454,-0.018255388,-0.08863686,-0.030271592,-0.09923891,0.10347255,-0.102410674,0.11573389,-0.2189066,0.01155569,-0.1579139,-0.0062430627,-0.21038114,0.14137876,-0.056446012,-0.045945592,-0.009989636,-0.07599072,0.11238409,-0.0071329433,0.14581208,0.5067134,0.033276528,-0.042276002,-0.07033605,-0.13266365,0.22564656,0.16084178,0.3618769,0.12069315,0.38253418,0.226588,0.24777232,0.44720975,0.1438077,0.3473387,0.11205525,0.47036353,-0.1680147,0.0023466435,-0.19192727,0.2858869,-0.0034091834,0.008397071,0.09750108,0.32437018,0.264842,0.0743167,0.08892906,-0.012022277,0.10219269,0.09346882,0.1480653,0.10492191,0.2040489,0.043712616,0.16559017,0.068829305,0.17582421,0.25766337,0.08680182,0.18310228,0.12516093,-0.0322674,0.16328874,0.15503213,0.07441671,-0.006030288,0.062398065,0.0721421,0.046580933,-0.085616805
-0.17738634,-0.124770224,-0.080779314,-0.18550839,0.26485685,0.17070456,-0.2218281,0.036721334,0.23557739,0.13461104,0.32687247,0.1041565,0.25463945,0.12864673,1.0,0.07700482,0.15366744,0.14005254,-0.23056583,-0.14709303,0.41587585,-0.1635119,0.0015089698,-0.22167449,-0.03247075,0.10534289,0.23099025,0.06509714,0.19384791,0.21913095,0.2634511,0.37003794,0.10088803,0.06829901,0.109121904,0.18740451,0.30765116,0.27671266,0.38755378,0.50608253,0.32607087,0.39004204,0.08195691,0.1164394,0.056168772,-0.037898287,0.08636957,0.09632996,-0.034982007,-0.086869985,-0.036407005,-0.10857234,0.06428565,0.17973705,0.20488098,0.29393187,-0.117800295,-0.07506161,-0.14956778,-0.08698343,-0.13106656,-0.10240747,-0.16772905,0.013675545,-0.009770951,-0.08244143,-0.09324051,-0.1091549,-0.26288566,-0.13703164,0.34980264,0.34642002,0.43352228,0.22106215,0.22830555,0.24678694,0.1066307,0.17171615,0.08183453,0.07740257,0.109265395,0.091000445,0.50554353,0.4574017,0.12612592,0.053727902,0.5603399,0.27013415,0.17899169,0.3089331,0.1932443,0.21422106,0.2991666,0.28854746,0.15659678,0.0799016,0.14926901,0.21739316,0.18537359,0.2264931,0.271527,0.364844,0.23843831,0.26922873,0.22793014,0.18542701,0.06919517,0.16481635,-0.030092774,0.09382961,0.019896718,0.13529585,0.20414986,0.25284216,0.23574653,0.19647048
0.058313176,0.2067935,0.08079386,0.25170788,-0.0428804,0.04230173,0.13207507,0.27716693,0.14715502,0.06975738,0.08213366,0.19526772,0.24129847,0.33027452,0.07700482,1.0,0.030912282,0.22824456,0.17814888,0.21133152,-0.05755554,-0.06239983,0.019413609,0.04574133,-0.011931265,0.01521053,-0.2762803,-0.17309748,0.072151504,0.21943691,-0.034986828,0.12303981,-0.08881616,0.07105867,0.16524298,-0.08901276,-0.05359999,0.017866485,-0.09863151,-0.076588504,0.021847278,0.020627625,-0.21569018,-0.220545,-0.1602329,-0.2646269,-0.27156007,-0.10364687,-0.24267702,-0.12554106,-0.20026317,0.16646,-0.18252432,-0.040522274,-0.23542014,0.00772632,-0.10266253,0.04644867,-0.16054273,-0.18895054,-0.03646666,-0.13668796,0.023714086,-0.09312363,0.050036658,0.053311512,-0.116379514,-0.1595014,-0.049698126,-0.2379022,0.035137504,-0.058138497,0.032373674,0.12430801,0.050160035,0.15153937,-0.004414164,0.062849425,0.04283481,0.061718408,-0.013012334,0.04180578,-0.020357627,0.11443041,-0.12832348,0.06157011,0.14248072,0.087351896,-0.05575312,-0.0098697655,0.0625369,-0.13677423,-0.09465564,-0.15734789,0.073715314,-0.049592696,-0.07806946,-0.052661847,0.023135869,-0.11237238,-0.112934254,-0.22562778,-0.06254364,0.004518662,0.033160288,-0.021196444,0.064834036,-0.05353078,0.1901757,-0.0703206,-0.03208706,-0.11857283,-0.08748286,-0.1537256,-0.12623365,0.00091404776
0.2752454,0.16895612,0.32467803,0.14225994,0.20999825,0.15130746,0.21567936,0.34333882,0.06616897,0.1383855,0.5014401,0.30625147,0.29314515,0.3476688,0.15366744,0.030912282,1.0,0.5219735,0.14752294,0.34176072,0.119457126,0.015440125,0.22413902,0.050653294,0.041514415,0.12396382,-0.20747611,-0.23280737,0.5275217,0.5237326,0.2595775,0.28069824,0.56933016,0.4695855,0.23863819,0.43356478,0.1285488,0.46424285,0.17092492,0.30513978,0.35964885,0.29442897,0.21738976,0.3267476,0.4075017,0.17245455,0.2575773,0.24812691,0.21253668,0.08071781,0.16721939,-0.027417274,-0.041577037,-0.02289933,0.25148562,0.20221229,0.37918672,0.26143676,0.23872305,0.19793846,0.26723948,0.12899448,0.28212148,0.32484144,0.04878149,0.19726986,0.33186153,0.28624192,0.28610373,0.18878922,0.32109132,0.2119331,0.3453212,0.46766976,0.4174463,0.3698652,0.35894635,0.33449408,0.4608254,0.62461704,0.67642576,0.58588964,0.19319324,-0.006270321,0.31633607,0.3833902,0.157321,-0.010882563,0.35249418,0.22969565,0.2901541,0.22064349,0.12678894,-0.07114444,0.087691054,0.35311228,0.18597434,0.37705892,0.30565324,0.35508373,0.28485927,0.11865332,0.29805848,0.16427481,0.083681144,0.23469281,0.06754091,0.14051071,0.04775805,0.024944894,0.3264799,0.31170225,0.32065877,0.22923003,0.27894437,0.030320145
0.19024958,0.41617775,0.30587664,0.33233133,0.1138438,0.03323586,0.23847519,0.611027,-0.0804747,0.07161279,0.5052261,0.6250973,0.32992363,0.6264806,0.14005254,0.22824456,0.5219735,1.0,0.12540469,0.37553224,0.15017042,-0.016598511,0.21091655,0.12381978,0.016431369,0.34800568,-0.18401168,-0.23234554,0.5339686,0.6913629,0.301301,0.4732287,0.45157078,0.5192883,0.4769741,0.48651,0.2990378,0.40585724,0.10603807,0.2721052,0.22714756,0.25744948,0.09607758,0.2779445,0.32057577,0.16692522,0.14549382,0.2609738,0.12919977,0.18936515,0.11841493,0.21923,-0.066848084,0.055644926,0.13432877,0.18179923,0.19765322,0.34148204,0.2192688,0.1623615,0.17796159,0.052008282,0.28588605,0.3133123,0.19615509,0.409146,0.30338293,0.27210325,0.21655604,0.09711759,0.42840317,0.45159206,0.4514123,0.46519214,0.5542667,0.41309243,0.4182292,0.4464889,0.34689274,0.58047324,0.4588949,0.6886226,0.14156207,0.16283707,0.21549354,0.46331313,0.044924222,-0.065477125,0.32485062,0.3831832,0.33259067,0.18590347,0.21298906,0.08608501,0.1075403,0.149767,0.16288933,0.25539386,0.32749388,0.24947858,0.1426285,0.099335596,0.2035092,0.24743898,0.2417766,0.28006235,0.17521088,0.016748693,0.16807808,0.048833456,0.26942363,0.216487,0.21273568,0.047396995,0.03948796,-0.05801036
0.7125171,0.5492902,0.73851854,0.6377406,-0.17552416,-0.043800287,0.658301,0.33807582,0.12155928,0.019217331,0.3058454,0.000926823,0.26787567,-0.065120794,-0.23056583,0.17814888,0.14752294,0.12540469,1.0,0.65303355,-0.11858783,0.2572633,0.6106984,0.63974655,-0.030786887,0.14198826,-0.36626002,-0.2737068,0.09838719,0.14638105,0.34258577,0.17904095,0.37710643,0.33768165,0.16865396,-0.10334312,0.048424747,0.107569754,-0.21383093,-0.1793164,-0.06603396,-0.08132529,0.22754796,0.20329405,0.34065664,0.24826615,0.16470136,0.32431892,0.32683447,0.32819244,0.28091738,0.44112557,0.035442457,-0.12851542,0.11188939,0.0023350464,0.66133803,0.48192343,0.47281164,0.31044686,0.52511925,0.38981643,0.5254167,0.3258115,0.48312536,0.26430896,0.5178417,0.45335776,0.69278705,0.43930322,-0.054590296,0.02662048,-0.001653262,0.28726748,0.05195769,0.21325119,-0.0004403927,-0.20524617,0.09031262,0.21982646,0.28542444,0.058135126,0.008944169,-0.07413931,0.35619125,0.03359922,-0.13565396,-0.12480187,0.13461229,-0.07340812,0.20341963,0.12408861,0.088429436,0.024269931,0.005112465,-0.032347724,-0.02921242,0.073856175,0.19487014,0.122539885,-0.19965339,-0.15096495,-0.17449316,-0.12197372,-0.059897974,-0.023803098,0.09060407,-0.10973282,0.006178673,-0.08178523,0.30504614,0.22428674,0.18433939,-0.18244484,0.042242114,-0.121060535
0.6281472,0.6949923,0.7108955,0.80077237,0.11557866,0.06013941,0.51309615,0.63718367,0.07322121,0.1340646,0.2722339,0.31951252,0.31379962,0.2850671,-0.14709303,0.21133152,0.34176072,0.37553224,0.65303355,1.0,-0.039498724,0.18913648,0.6322729,0.61631846,0.06170091,0.18518162,-0.2983186,-0.21503213,0.3141987,0.40181038,0.29098165,0.35762167,0.4254753,0.5780773,0.3121692,0.087794974,0.10201013,0.32636243,-0.17991963,0.019788653,0.20075518,0.08657786,0.24839517,0.3102311,0.45869762,0.2120881,0.2032175,0.3816068,0.3313559,0.31736737,0.29516867,0.5269752,0.039138865,-0.03615524,0.17775747,0.15528522,0.5492554,0.576804,0.4854262,0.39747185,0.48630866,0.37759233,0.44625887,0.36250314,0.3486971,0.35373905,0.6014444,0.5508341,0.6845878,0.48357967,-0.0030377244,0.0042985724,0.08633774,0.35498723,0.36949012,0.31944713,0.17412922,0.15092482,0.25063157,0.42698166,0.43532276,0.3344901,0.0033344724,-0.12409014,0.23920438,0.34092286,-0.08313818,-0.077873185,0.17742379,0.11566283,0.45304856,0.19398345,0.22474666,0.010193165,0.09105016,0.112240605,0.037733898,0.16060601,0.36856377,0.25865754,-0.16880494,-0.17136835,0.007296391,-0.07136273,-0.05976314,0.1311171,0.25538707,-0.01794608,0.24419473,-0.017163185,0.3597334,0.35673177,0.2738378,-0.065865114,0.12448242,-0.1251367
-0.031535976,-0.017321289,-0.02271148,-0.048534732,0.20752747,0.08494262,-0.122185305,-0.030087842,-0.08678686,0.0593964,0.18356232,0.07028373,0.1325749,0.061892577,0.41587585,-0.05755554,0.119457126,0.15017042,-0.11858783,-0.039498724,1.0,-0.18141837,0.15995058,-0.008029474,0.12559737,0.16035205,0.20845594,0.0165954,0.19053258,0.11815948,0.25968826,0.27395844,0.15842018,0.07653355,0.019384317,0.13279648,0.11481083,0.13364643,0.21469116,0.27706215,0.19266374,0.28782442,0.18633744,0.22156256,0.123047724,0.105486564,0.18053724,0.13698219,0.07952701,0.06787413,0.13828507,0.045171876,0.21648704,0.23196645,0.24013734,0.15676478,0.041619927,0.052535668,0.0013963798,0.120949164,-0.06757854,0.061717812,-0.14136076,0.18466891,0.008613947,-0.03989631,0.039316777,0.09721069,-0.07933139,0.1104652,0.17133024,0.12609375,0.26002154,0.1204904,0.17132108,0.22200783,0.03610011,0.116602995,0.024017585,0.07827985,0.19071288,0.18512079,0.3699899,0.07985375,0.18880522,0.27780527,0.24115893,0.13928832,0.060194947,0.23239368,0.06320501,0.16152883,0.13368204,0.18778558,0.004648901,0.20640694,0.16541746,0.26755995,0.073334396,0.3051272,0.28795278,0.28684026,0.22518912,0.10446053,0.19227679,0.07259918,-0.037620176,0.121551014,0.09163267,0.14438523,0.070491515,0.1870269,0.12557535,0.28955328,0.40435025,0.22911525
0.20349705,0.14953063,0.23109831,0.31369728,-0.1743212,0.0051804073,0.14240451,0.0970152,0.08932272,0.17746994,-0.041206628,0.049564306,-0.036174268,-0.17465502,-0.1635119,-0.06239983,0.015440125,-0.016598511,0.2572633,0.18913648,-0.18141837,1.0,0.29630873,0.4041781,-0.203431,0.14915456,-0.08225454,0.14541791,0.014008751,-0.017318754,0.13645874,0.050858304,0.075092226,-0.0005419658,0.06681148,-0.12591529,0.13913955,0.11814831,-0.093157716,-0.1483413,-0.25615734,-0.12083315,0.2540446,0.2785586,0.20935506,0.30425352,0.23925728,0.28841093,0.27363193,0.30951738,0.2558747,0.2596326,0.051554184,0.17965813,0.16425553,0.11743154,0.2962214,0.35720703,0.27711976,0.25001812,0.32669488,0.4348287,0.19119044,0.3082155,0.103521615,0.11537635,0.22495042,0.20245321,0.26417544,0.13580604,-0.05273575,0.082951196,-0.045736175,0.14710374,-0.081445046,0.028204132,-0.037875734,-0.1338808,-0.0045914147,0.104392715,0.13495278,0.049030416,0.053592756,-0.04146932,0.1820352,0.11704588,-0.00035438972,-0.054951075,0.06513242,-0.07940555,0.028046787,0.16016932,0.030113662,0.03753096,0.01634654,0.08419126,-0.0541874,0.12282503,0.07314313,0.15097977,-0.2427914,-0.034370314,-0.06713534,-0.14242819,0.007884119,-0.05367035,0.037068427,-0.041342136,-0.060044993,-0.045976993,0.17330143,0.15441775,0.08384849,-0.009236585,-0.11010436,0.027128372
0.56844294,0.35727394,0.6980605,0.63141847,-0.037568383,0.026822656,0.48654982,0.3212127,0.09954985,0.01767479,0.34645826,0.10345321,0.2719031,-0.08798288,0.0015089698,0.019413609,0.22413902,0.21091655,0.6106984,0.6322729,0.15995058,0.29630873,1.0,0.75830126,-0.008694793,0.16747755,-0.10841052,-0.09595771,0.40479323,0.30609336,0.62512726,0.52554,0.4869389,0.39233658,0.30125406,0.031227155,0.3688035,0.44014528,0.12564957,0.16817804,0.11253389,0.2512311,0.45104012,0.47409025,0.5153777,0.29743412,0.39890742,0.56322825,0.44414315,0.28305337,0.47491616,0.47070464,0.33071053,0.16156885,0.46014825,0.34019715,0.60525745,0.4536066,0.46466726,0.38225234,0.3981563,0.39681396,0.29562137,0.4131994,0.35528967,0.028361278,0.5831625,0.56204635,0.57762384,0.4619121,0.16925238,0.21132877,0.22196682,0.48568404,0.26857036,0.41922727,0.20192781,0.064535655,0.29277176,0.28702378,0.48096406,0.23232411,0.3308036,0.09431851,0.5700918,0.33017164,-0.031267066,0.02870411,0.29903945,0.14537303,0.3655396,0.4595213,0.34985438,0.36131904,0.022008985,0.16087392,0.15652075,0.39989552,0.33881393,0.50405914,-0.062116876,0.1544941,0.08835653,0.077171266,0.17851102,0.16216737,0.1431418,0.08888736,0.054164223,0.036666587,0.4336484,0.47933707,0.36932424,0.13577387,0.19100486,0.1412704
0.50465614,0.3818955,0.6130977,0.72305024,-0.16789724,0.0032572378,0.37230757,0.32805777,0.04373565,0.015109863,0.054931257,-0.04384459,0.124007516,-0.17004302,-0.22167449,0.04574133,0.050653294,0.12381978,0.63974655,0.61631846,-0.008029474,0.4041781,0.75830126,1.0,-0.023673763,0.13667089,-0.17482914,-0.023212492,0.31328335,0.20086206,0.5254485,0.39556548,0.3138066,0.32709837,0.23825742,-0.046208646,0.30036867,0.292017,0.0085291695,-0.005020818,0.012065426,0.037768014,0.3599019,0.367655,0.43449685,0.33392906,0.2993444,0.4867161,0.41727334,0.33784074,0.39682597,0.4751381,0.20504482,0.07124739,0.32938296,0.25256023,0.5725664,0.45629752,0.50789076,0.378291,0.4147788,0.38544017,0.34288672,0.33750978,0.20610327,0.05150039,0.5325344,0.5363454,0.65859246,0.39425576,0.069599845,0.18922102,0.047719344,0.4231999,0.18071617,0.29857752,0.11542289,-0.09372196,0.23313822,0.19141515,0.32418638,0.19594662,0.21660468,0.07367914,0.47278363,0.2355322,-0.1390054,-0.050266087,0.18456079,0.08375506,0.2833826,0.29425994,0.25904933,0.2569787,-0.006564553,0.15355256,0.08719874,0.26796576,0.2778668,0.36002898,-0.19905421,-0.013843869,-0.041097037,-0.05376616,0.16600615,0.10313366,0.09256719,0.030221676,0.1320534,-0.0061081303,0.43252027,0.39772955,0.2498182,-0.066923015,0.09153975,-0.022712909
0.038809907,0.15560074,0.023565048,0.08603546,-0.0740949,-0.2339369,0.02699132,0.08337172,-0.14253429,-0.47689617,0.059458837,-0.026110586,-0.070825346,0.030893007,-0.03247075,-0.011931265,0.041514415,0.016431369,-0.030786887,0.06170091,0.12559737,-0.203431,-0.008694793,-0.023673763,1.0,-0.02908202,-0.21904138,-0.31528577,-0.043278985,0.0042257695,0.03556858,0.07788076,-0.16089895,0.010143267,0.10529671,0.17877005,-0.1379457,0.010826327,-0.13864376,0.062289726,0.09050873,0.11545118,-0.1296177,-0.09861629,-0.098742485,-0.0742655,-0.11191744,-0.06558766,-0.116330266,0.032033995,-0.0704457,0.0993974,0.059618533,-0.18732528,-0.084712364,-0.023639536,-0.07349926,-0.030638823,-0.096551456,-0.046972025,-0.115659624,-0.088304855,-0.086071834,-0.06977097,0.13074698,0.09600827,-0.016953042,-0.0067481804,0.007977135,0.056015074,-0.006416487,-0.09886022,-0.09366249,-0.019359749,0.09861348,0.028754083,0.07798048,0.13589609,-0.25692156,-0.028325845,-0.0857795,-0.047424767,-0.063022956,-0.10492121,-0.060702734,-0.07593325,-0.008177429,0.012829305,0.058481023,0.095707476,0.15902211,-0.106418364,0.011522433,-0.08297511,-0.038818136,-0.008363875,0.085424274,-0.11753974,0.0022519266,-0.07603759,0.09706711,-0.0833769,0.030575607,-0.075040884,-0.08770559,0.0921783,0.022363935,0.017924335,0.24952604,0.024481894,-0.06838158,0.0036406687,-0.02362795,-0.008824802,0.09653935,0.0783534
0.13423598,0.29153907,0.18229306,0.22790459,0.14735448,-0.061109696,0.062464118,0.352693,-0.02952171,0.18759583,0.14153603,0.21142042,0.03981387,0.18319878,0.10534289,0.01521053,0.12396382,0.34800568,0.14198826,0.18518162,0.16035205,0.14915456,0.16747755,0.13667089,-0.02908202,1.0,-0.07144253,-0.12618361,0.0981537,0.1983973,0.22262402,0.27921912,0.13526632,0.16935948,0.20305552,0.12784077,0.055851184,0.07975345,-0.10071711,-0.045590952,-0.038647722,0.022939982,0.12993485,0.1694214,0.1787752,0.21158266,0.076643504,0.10393762,0.14442085,0.22235678,0.1142507,0.17049152,-0.09745711,0.05265695,-0.051552415,0.0052883644,0.17784354,0.40987715,0.1651833,0.2158589,0.11749696,0.1672357,0.07927078,0.20055294,-0.015055183,0.24562816,0.16497025,0.14750424,0.19361025,0.14762394,-0.028131654,0.13571046,0.23269045,0.050582755,0.14672163,0.07068261,0.050735384,0.03479912,0.045692082,0.30537766,0.07438322,0.22010262,0.061568677,0.045786075,-0.049721524,0.14009924,0.104817025,0.025424138,-0.023640519,-0.011545706,-0.017864335,-0.0130226975,-0.049941156,-0.038446378,-0.08740731,-0.074026264,-0.2327484,0.0019096185,0.026018932,0.020012056,-0.1767195,-0.042360876,-0.13849196,-0.086889304,0.030365672,-0.0925969,0.04305574,-0.0013083712,0.1464317,-0.18249257,0.017925033,0.0148027055,-0.083476886,-0.03470238,-0.17992947,-0.064054884
-0.2953054,-0.2923399,-0.27135557,-0.3212422,0.2959874,0.33203587,-0.26053223,-0.25415573,0.019606093,0.22083871,-0.14827801,-0.07418195,0.02084823,-0.07817848,0.23099025,-0.2762803,-0.20747611,-0.18401168,-0.36626002,-0.2983186,0.20845594,-0.08225454,-0.10841052,-0.17482914,-0.21904138,-0.07144253,1.0,0.45649394,-0.018436836,-0.13559936,-0.0070781694,-0.012907081,0.012277358,-0.15261343,-0.11282669,-0.06645967,0.14156404,-0.09507374,0.3556327,0.09297406,0.11091667,0.06810147,0.072365895,0.09532264,-0.040385038,0.037305694,0.10281989,0.06530308,0.0151053,-0.062410086,0.03849621,-0.12558386,0.17189866,0.27264524,0.13353546,0.09087012,-0.19730544,-0.23006907,-0.0627161,-0.009028373,-0.12639979,-0.03944154,-0.2014563,-0.07005954,-0.0740587,-0.12707078,-0.1279093,-0.06907291,-0.2777915,-0.081304744,0.11113084,0.14101876,0.1024388,-0.15043612,-0.085716315,-0.03952912,-0.10769113,-0.03792289,0.002113542,-0.21901198,-0.08386146,-0.037519902,0.24856327,0.16269082,0.10823629,0.037845276,-9.08552e-05,-0.11046268,0.021993427,0.13164364,-0.023245435,0.22931777,0.2334673,0.33556545,0.043336894,0.065229766,0.070904374,0.06378598,-0.0893812,0.10166536,0.21703161,0.23565368,0.1786504,0.22563049,0.17592451,0.022270873,0.00675069,0.13835452,-0.14487553,0.10474276,-0.027954867,-0.011107299,0.040432308,0.12274828,0.23011978,0.04725828
-0.27133703,-0.31072268,-0.2377667,-0.24211521,0.13272893,0.22938785,-0.2720316,-0.33494234,-0.022228628,0.26779133,-0.26814005,-0.11074824,-0.1127795,-0.21643737,0.06509714,-0.17309748,-0.23280737,-0.23234554,-0.2737068,-0.21503213,0.0165954,0.14541791,-0.09595771,-0.023212492,-0.31528577,-0.12618361,0.45649394,1.0,-0.047435906,-0.23666045,-0.07850003,-0.101239644,-0.1445124,-0.29619604,-0.24041325,-0.29773885,0.026324991,-0.19500439,0.20626932,0.02825041,0.0047127604,0.00892453,0.092291884,-0.0034358227,-0.10146783,0.002096833,0.046579212,-0.018624082,0.0027752263,-0.14090605,0.03257989,-0.08947033,0.10541374,0.31840342,0.06465702,0.114294894,-0.14454976,-0.22621669,-0.09240001,-0.07671721,-0.1303784,-0.06266791,-0.27737948,-0.052513268,-0.1910926,-0.265739,-0.1613081,-0.15611146,-0.18392688,-0.15466724,-0.047309063,-0.045535516,-0.042609643,-0.11670219,-0.16834654,-0.13941269,-0.21136336,-0.22493102,0.12898067,-0.3117997,-0.12241079,-0.177949,0.07000877,0.114125356,0.053480804,0.02239439,-0.10902204,-0.020476485,-0.16471164,-0.00732299,-0.21754718,0.013989052,-0.007918521,0.12710793,-0.2024675,-0.002048001,-0.16901836,-0.042693958,-0.23415476,0.0043433923,0.01324187,0.13561337,0.00057657156,0.030308222,0.045078848,-0.07958093,-0.18437782,0.029501714,-0.22763292,-0.1889624,-0.1217214,-0.10152263,-0.032124657,-0.009057561,0.04514362,-0.055754405
0.06539593,0.089522205,0.29752716,0.22804195,0.13510998,0.14130822,0.095412746,0.4248174,0.15144409,0.1601457,0.30699012,0.33084044,0.18541639,0.3164643,0.19384791,0.072151504,0.5275217,0.5339686,0.09838719,0.3141987,0.19053258,0.014008751,0.40479323,0.31328335,-0.043278985,0.0981537,-0.018436836,-0.047435906,1.0,0.7535353,0.51196545,0.5673937,0.5480194,0.5832852,0.46531498,0.41512886,0.45962575,0.5313202,0.41303894,0.46723187,0.34697324,0.42652318,0.21729535,0.34710503,0.34154874,0.1826043,0.3155449,0.39224377,0.20900345,0.11348512,0.2215358,0.02188571,0.1557576,0.152265,0.42069644,0.48821718,0.15303503,0.10651856,0.21027336,0.094335444,0.07681081,-0.043143537,0.20582174,0.15877518,-0.043456636,0.093621306,0.2703856,0.2627072,0.20371827,0.07529491,0.58425915,0.5148558,0.56136936,0.7114603,0.5371135,0.49010807,0.4941865,0.4925042,0.53421986,0.44208497,0.57350934,0.70607024,0.42426077,0.29526773,0.49605653,0.47618848,0.01586277,0.15257749,0.52222925,0.5073004,0.46402043,0.45879206,0.4476234,0.33718917,0.08802001,0.43390107,0.43434483,0.5471392,0.52583075,0.5014662,0.40674758,0.36576295,0.50899374,0.46965286,0.5055276,0.5107112,0.22235624,0.36577713,0.13058157,0.21553627,0.46575543,0.41100022,0.41597727,0.311444,0.31525046,0.061818942
0.06000463,0.2538658,0.3315483,0.28546974,0.15343371,0.095485345,0.15777746,0.5546763,0.110470764,0.090043575,0.39380786,0.4476712,0.22691645,0.53308684,0.21913095,0.21943691,0.5237326,0.6913629,0.14638105,0.40181038,0.11815948,-0.017318754,0.30609336,0.20086206,0.0042257695,0.1983973,-0.13559936,-0.23666045,0.7535353,1.0,0.5060447,0.6361571,0.5228571,0.668493,0.5175796,0.48111176,0.3335655,0.4893778,0.25007033,0.36393273,0.3731157,0.3213625,0.039552875,0.1980981,0.23847541,0.043768093,0.11109406,0.2436299,0.036836095,0.08326827,0.045282524,0.069122106,-0.020833794,0.06627763,0.21441466,0.33948585,0.09978404,0.14075154,0.09459583,-0.007054149,0.012774001,-0.12528414,0.18664497,0.10671419,0.0784305,0.2430563,0.19514495,0.15505326,0.16373402,0.011474979,0.5239032,0.52830166,0.56577903,0.6727459,0.5237194,0.45980522,0.41063282,0.4912885,0.47657174,0.55481774,0.44045034,0.6971541,0.27723628,0.2240759,0.26883274,0.39912164,0.033558346,0.05471307,0.38996497,0.45200822,0.40342045,0.24190313,0.3256489,0.18545066,0.12055701,0.26535636,0.33373028,0.3214976,0.41575542,0.2907354,0.28087246,0.25190365,0.35835445,0.34370553,0.34517,0.38389674,0.22319743,0.19911239,0.21282971,0.22956046,0.26110289,0.29601607,0.31308496,0.11786982,0.19868995,-0.019448021
