1.0,0.83489585,0.5151621,0.57896054,0.25634095,-0.26199198,0.6832417,0.6332525,0.08839345,-0.17069158,0.39187282,0.62617403,0.39699477,0.581832,-0.20898534,0.017207729,0.112491556,0.4648891,0.75936896,0.7294144,-0.18046501,-0.19355999,0.32556856,0.16496415,-0.29186377,-0.23689142,0.006537374,-0.28575605,0.028257975,0.38139793,-0.1252809,0.014522437,0.5432067,0.4454698,0.395955,0.359471,0.38922507,0.38455483,0.06508589,0.23018602,-0.18099079,-0.16473953,0.6700693,0.6569315,0.640964,0.646937,0.49044785,0.5249597,0.5603079,0.5131873,0.536592,0.52724147,0.5452007,0.34589204,0.017897505,0.26515856,0.6857361,0.7317652,0.45524973,0.41032174,0.5118275,0.5606699,0.55877954,0.46599036,0.60217863,0.51814944,0.66043794,0.6607311,0.69195473,0.6821538,0.29759204,0.17810671,0.462678,0.48829958,0.19665343,0.26892546,0.5418207,0.5839789,0.057489824,0.27703553,0.1276672,0.23896763,-0.2391168,0.010785657,0.24496074,0.29130307,-0.052315675,-0.28802285,-0.04789925,0.06491558,0.1723654,0.379219,-0.051131364,-0.15136604,0.044436686,-0.059969988,0.3371678,0.33092204,0.3590379,0.48544773,0.013562427,0.039412174,0.040408123,0.28245357,0.0011963159,0.053475168,0.20871162,-0.063506335,0.038215008,0.099892974,0.44149777,0.38595313,-0.2803612,0.3035835,-0.038479913,-0.11535171
0.83489585,1.0,0.46368122,0.59497476,0.17898338,-0.2979,0.6825576,0.6696191,0.046475135,-0.23548853,0.39221683,0.7318275,0.4017295,0.6319775,-0.24933378,-0.011331248,0.1400709,0.57037365,0.76371706,0.75828874,-0.21903522,-0.27930072,0.32244676,0.1858486,-0.28817597,-0.2798673,-0.0018482086,-0.31205854,0.0051160003,0.36645004,-0.14578275,0.01222584,0.5005733,0.49209237,0.4096336,0.34214124,0.33043182,0.33666295,-0.025500206,0.11288945,-0.23775087,-0.23657206,0.63236165,0.61979043,0.57321817,0.637067,0.4342901,0.4764076,0.5913092,0.57455176,0.5692075,0.5477417,0.5538532,0.42062473,-0.053921435,0.20578395,0.6695262,0.74412656,0.5014782,0.5063845,0.5693916,0.5844153,0.5862749,0.5258004,0.60782623,0.58816606,0.62500185,0.6242079,0.7420629,0.7085538,0.3010956,0.14703317,0.43607786,0.4575172,0.14273925,0.24431072,0.54488206,0.5986234,0.07196819,0.39368692,-0.005290573,0.2772443,-0.29489437,-0.040664054,0.108033106,0.25696027,-0.0953905,-0.30195218,-0.14878333,0.10825539,0.120766625,0.4414277,-0.102110304,-0.122528136,0.016978158,-0.13354886,0.29072854,0.2563272,0.39765078,0.48468745,-0.039010797,0.063032806,-0.06357823,0.18839821,-0.060086925,-0.024360225,0.13084051,-0.145026,-0.009441549,0.050579797,0.38059002,0.42765966,-0.25330162,0.22995245,-0.09459563,-0.17590922
0.5151621,0.46368122,1.0,0.79980165,0.6092853,0.17305513,0.7721323,0.72643626,0.5357157,0.2916204,0.68152964,0.48871037,0.6159107,0.52650076,0.2985146,0.46279696,0.55835843,0.49470925,0.651821,0.5250208,0.45029083,0.41085842,0.80029535,0.53225726,-0.110714465,0.2422064,0.5412518,0.31309232,0.6792462,0.70578504,0.44102868,0.64367014,0.7750996,0.5985407,0.34378824,0.49718428,0.6019073,0.59478015,0.5948354,0.640403,0.38311216,0.41268533,0.25199845,0.28247154,0.31900883,0.17509992,0.42007092,0.46418637,-0.02544508,-0.027883768,-0.046169233,0.13568921,0.18358427,-0.10234414,0.54631984,0.63779724,0.23838514,0.524448,-0.07589027,0.037012294,0.18692562,0.22085617,0.23840679,0.5115195,0.08607615,0.08510432,0.3958881,0.47547293,0.3269819,0.3661011,0.71731144,0.7373491,0.6609828,0.67931527,0.60884196,0.5629215,0.5358002,0.46971217,0.5645956,0.5183534,0.52231383,0.5803876,0.13908409,0.47896707,0.33914524,0.5046872,0.20037681,0.16482271,0.317375,0.19892217,0.039226107,0.11892004,0.020595727,0.2247555,0.5679326,0.5425628,0.6361186,0.6433336,0.09848089,0.42735532,0.10676237,-0.16088544,0.24781771,0.34112442,0.5451889,0.4864953,0.4426544,0.39797172,0.47565988,0.5955726,0.49506822,0.031800386,0.13932936,-0.007206642,0.3385344,0.48556873
0.57896054,0.59497476,0.79980165,1.0,0.42929423,0.1000806,0.77756405,0.83736,0.3172669,0.20369045,0.56933165,0.600033,0.59503376,0.6435903,0.16618116,0.38851416,0.41048008,0.59642965,0.7284908,0.63833475,0.29390007,0.26387987,0.7807358,0.6021482,-0.2737346,0.15271327,0.34234765,0.1230369,0.48731026,0.71059924,0.37807906,0.58317155,0.7134622,0.66455,0.44382367,0.53176767,0.49002987,0.5623772,0.4261968,0.51340985,0.20156376,0.24168903,0.3635387,0.3882185,0.36549646,0.29858023,0.36951223,0.44406772,0.13488612,0.16035391,0.10135614,0.24912648,0.26016358,0.012985361,0.38157725,0.5201721,0.30706197,0.58983743,0.023334753,0.1142615,0.21967849,0.26958886,0.27830985,0.49193752,0.17019902,0.1906934,0.4665397,0.5377669,0.4227783,0.4460608,0.70240164,0.67157555,0.6082467,0.70011175,0.4605281,0.5785926,0.5646789,0.57525736,0.36563078,0.56318986,0.3690415,0.4971003,0.06897203,0.37985206,0.28808308,0.4751738,0.09877325,0.0715676,0.22302541,0.1619102,0.14399764,0.2123532,0.0046480233,0.18144585,0.44427556,0.42156538,0.52532697,0.5753239,0.22134411,0.45206985,0.19048347,0.018761884,0.19884275,0.39414153,0.3965432,0.38718385,0.3951144,0.2998154,0.41244933,0.5013823,0.52368045,0.1948521,0.14389414,0.18560633,0.34209424,0.32956803
0.25634095,0.17898338,0.6092853,0.42929423,1.0,0.34258994,0.46100175,0.31338647,0.7069673,0.31483412,0.57835615,0.22428611,0.47005764,0.27402893,0.43269095,0.48908976,0.45109504,0.26014012,0.29969287,0.27075675,0.48071453,0.4667474,0.5638867,0.34608513,0.16141962,0.36214685,0.6760953,0.47581244,0.65518576,0.5003989,0.4261091,0.45431027,0.49061185,0.40303025,0.23219198,0.36695284,0.5601971,0.5839556,0.70211184,0.6937262,0.58262503,0.53814083,0.073843025,0.05468671,0.19591656,0.01607365,0.3291565,0.31549168,-0.13341041,-0.15079218,-0.18705606,-0.02244945,0.00011413819,-0.10979911,0.64333636,0.6125685,0.09597343,0.27194557,-0.09326566,-0.07395182,0.0600736,0.09167293,0.09863783,0.35293934,-0.044309117,-0.003272495,0.23147048,0.3050826,0.14870122,0.19793637,0.61745286,0.5986751,0.5878796,0.48643947,0.62004066,0.4472361,0.4096445,0.30329418,0.54519135,0.37417907,0.54951763,0.46295574,0.25957274,0.53739434,0.39509982,0.45843384,0.3344308,0.29599303,0.4018959,0.2858552,0.0054519405,0.019205455,0.10484505,0.32205546,0.6269105,0.5563885,0.58048594,0.6006404,0.009098161,0.34614375,-0.06263358,-0.16477287,0.2640227,0.25092515,0.5863335,0.49044973,0.53180975,0.55937725,0.53084296,0.5978114,0.37974826,-0.08271391,0.100460984,-0.17281745,0.30479622,0.5436402
-0.26199198,-0.2979,0.17305513,0.1000806,0.34258994,1.0,-0.0044817375,0.007003538,0.46121982,0.8089779,0.36953816,-0.38642058,0.40073177,-0.36144173,0.81959265,0.718075,0.43115252,-0.13744985,-0.10067621,-0.039456245,0.68363184,0.7549534,0.41095296,0.5327699,0.40546468,0.7436769,0.41284293,0.7289674,0.5240636,0.25800285,0.7113978,0.5652085,0.12505588,0.14701006,-0.014537717,0.19457608,0.26404804,0.22721243,0.49262977,0.4204742,0.70611984,0.64984757,-0.41697434,-0.39782906,-0.15878421,-0.5190712,0.04287919,-0.0054085418,-0.59088165,-0.6655326,-0.6516926,-0.5890612,-0.39218214,-0.607371,0.57716966,0.3905325,-0.5371377,-0.39987537,-0.5503249,-0.6521225,-0.45278245,-0.53602386,-0.37423,-0.35816568,-0.59528875,-0.60025007,-0.2579041,-0.13182789,-0.33725032,-0.17403209,0.18950884,0.30575064,0.009004886,0.11174613,0.37657517,0.2772162,-0.049081653,-0.09374675,0.26547432,0.018800067,0.64599264,0.2724749,0.8226331,0.6804509,0.52143383,0.3195019,0.47769848,0.7780011,0.80072576,0.12975824,0.26163763,-0.56671643,0.40145665,0.16756155,0.3373999,0.48899728,0.115395695,0.21609531,-0.21318315,-0.06343804,0.23450774,-0.15049328,0.4120458,0.030776724,0.5170423,0.4923453,0.19353512,0.4899939,0.46941715,0.29661137,0.13730623,-0.38540825,0.42284387,-0.11160237,0.60703075,0.5841263
0.6832417,0.6825576,0.7721323,0.77756405,0.46100175,-0.0044817375,1.0,0.8062337,0.35472137,0.13568456,0.65546244,0.66196525,0.68587095,0.6767752,0.11379213,0.3264094,0.50995004,0.60804003,0.76820385,0.6834326,0.21057667,0.14713405,0.675569,0.51759607,-0.22427388,0.06200527,0.34128243,0.06256869,0.46985504,0.65306014,0.2883236,0.45628285,0.6896616,0.6248033,0.4208409,0.47111744,0.51163864,0.48626497,0.37597024,0.438417,0.14829731,0.14378233,0.3815765,0.38568756,0.38992596,0.3472409,0.40301603,0.4265407,0.21112601,0.23200409,0.2040558,0.33551008,0.37252116,0.11193061,0.33139342,0.470059,0.49099725,0.66712517,0.14224626,0.2207122,0.42149028,0.41638666,0.45419812,0.6009396,0.3057591,0.31455463,0.50680083,0.53862846,0.5184862,0.51494,0.6421779,0.5580026,0.64867914,0.6658803,0.46207723,0.5119078,0.5528553,0.53891534,0.39598474,0.5259717,0.37792373,0.5349871,-0.00012814988,0.33150694,0.24646777,0.44289237,0.09104597,0.01470349,0.14377154,0.14279225,0.16476734,0.27075058,-0.019193333,0.09483958,0.39156476,0.3237268,0.51588196,0.5190189,0.2074864,0.41575283,0.06411099,-0.026741292,0.19398649,0.3553595,0.34851056,0.32396963,0.405181,0.27862018,0.36051416,0.42375615,0.42322376,0.1558794,-0.028254976,0.13445327,0.22817533,0.2280818
0.6332525,0.6696191,0.72643626,0.83736,0.31338647,0.007003538,0.8062337,1.0,0.22520328,0.16443992,0.6218762,0.71224743,0.65674484,0.7246011,0.11582429,0.3676951,0.47084588,0.7323163,0.7261466,0.6439619,0.19864647,0.1395467,0.69513434,0.55154455,-0.28316104,0.016510896,0.20965688,0.014482146,0.43047136,0.7612614,0.28542277,0.4987257,0.7141313,0.67768645,0.44783613,0.5107309,0.46194717,0.51210105,0.29142392,0.39978552,0.06659143,0.13379182,0.43093693,0.46408322,0.38257048,0.38294774,0.4203681,0.4841647,0.23437968,0.26990888,0.24498971,0.37796244,0.38960293,0.070866615,0.2530816,0.46328261,0.388121,0.59969896,0.09763292,0.14126736,0.36790675,0.345143,0.46309516,0.5349468,0.2880352,0.32336172,0.47894344,0.5353612,0.4772661,0.49359018,0.6485623,0.58214355,0.6482977,0.7459971,0.42094037,0.57026076,0.57679594,0.58695513,0.3682047,0.6388788,0.3411012,0.5938764,0.027748667,0.36931124,0.2490151,0.5057686,0.047777962,0.016055094,0.14690144,0.119625,0.27092174,0.27795604,0.051214647,0.09049075,0.31327066,0.29915679,0.47767833,0.525543,0.2764666,0.4509597,0.19391185,0.013273931,0.2502343,0.42529437,0.32501724,0.37740523,0.31059343,0.17507039,0.33009857,0.4094899,0.49162066,0.23430157,0.055975843,0.29596815,0.29604745,0.18677977
0.08839345,0.046475135,0.5357157,0.3172669,0.7069673,0.46121982,0.35472137,0.22520328,1.0,0.42506823,0.55663985,0.03657903,0.45209992,0.1058198,0.61012197,0.624975,0.5433794,0.21025348,0.18959317,0.1472836,0.5790991,0.54077566,0.54051733,0.3735813,0.30612227,0.4234738,0.62512803,0.5827593,0.6980903,0.44907588,0.51264983,0.522958,0.4333486,0.3849532,0.23004904,0.37643233,0.61412466,0.5686476,0.7134157,0.67057693,0.69737536,0.64647865,-0.056195468,-0.04673495,0.13046707,-0.1452547,0.3479886,0.32716504,-0.28259578,-0.33156043,-0.3163607,-0.16181831,-0.10273474,-0.2057619,0.70692,0.6523668,-0.0751788,0.11104766,-0.21481577,-0.15372354,-0.030184694,-0.06747735,0.052211296,0.2436763,-0.16845186,-0.141916,0.13032202,0.19087996,0.020782724,0.093898915,0.51238436,0.50013644,0.44426534,0.40072808,0.64745957,0.46233284,0.39035526,0.25494003,0.5840589,0.3743146,0.54295874,0.51642483,0.37913018,0.5862388,0.39103448,0.44233444,0.33213407,0.34797218,0.51194346,0.37737766,-0.011276409,-0.11903282,0.022930043,0.1911647,0.59096444,0.565337,0.56977093,0.5373282,0.012688119,0.28909445,-0.089693666,-0.15658103,0.27032292,0.08903704,0.6034934,0.51132816,0.4891406,0.47065035,0.47145715,0.5289117,0.34259096,-0.1659101,0.25999355,-0.3327314,0.3372548,0.5901934
-0.17069158,-0.23548853,0.2916204,0.20369045,0.31483412,0.8089779,0.13568456,0.16443992,0.42506823,1.0,0.48081374,-0.25403804,0.5292898,-0.2115756,0.8398639,0.8018141,0.53748566,-0.013964859,0.045623697,0.020888215,0.75478166,0.8143015,0.4988402,0.583786,0.29712865,0.7020453,0.37517196,0.69771594,0.6069175,0.41994804,0.7922998,0.6383141,0.22948693,0.20019722,0.034287717,0.26756433,0.29242063,0.25237536,0.48022205,0.46303737,0.6954428,0.6622002,-0.3771237,-0.34957358,-0.16243757,-0.5164825,0.07543729,0.03864868,-0.6120026,-0.6640641,-0.6476303,-0.55882716,-0.320632,-0.70874095,0.5546048,0.406031,-0.5231838,-0.36004302,-0.6273042,-0.68316424,-0.41483563,-0.56363046,-0.33692348,-0.32575533,-0.54759353,-0.60064846,-0.22077934,-0.09718164,-0.30896294,-0.16779082,0.26127672,0.39524898,0.10067163,0.27770573,0.47723052,0.4087117,0.011808592,-0.058491956,0.3269244,0.12704238,0.74128205,0.390376,0.8558833,0.73225015,0.56144536,0.39810383,0.5251551,0.79884654,0.79413474,0.054620378,0.29024276,-0.56357193,0.3963624,0.2051621,0.31827545,0.56794757,0.12304736,0.26136112,-0.2843361,-0.12943746,0.39381644,-0.24326403,0.45929298,0.082750715,0.5085558,0.5510408,0.16399845,0.50882804,0.5124867,0.36896005,0.15987028,-0.43720978,0.4550164,-0.029583251,0.6426911,0.59415746
0.39187282,0.39221683,0.68152964,0.56933165,0.57835615,0.36953816,0.65546244,0.6218762,0.55663985,0.48081374,1.0,0.4305473,0.81299746,0.3650086,0.50460076,0.640091,0.77897435,0.57704335,0.51253515,0.51671535,0.4951429,0.48692608,0.68828726,0.5465997,0.08881197,0.34000894,0.48982403,0.4090338,0.72668904,0.69894785,0.53113717,0.5769772,0.70587057,0.6406313,0.42465386,0.56570244,0.5703493,0.5825814,0.56883353,0.60260314,0.47969642,0.483857,0.157142,0.18487588,0.29943854,0.041057143,0.46953976,0.48183966,-0.08655902,-0.15942676,-0.12824145,-0.018483667,0.15686083,-0.20839588,0.6119275,0.6784775,0.12146107,0.2796879,-0.12943876,-0.116599984,0.24221568,0.060027257,0.31655583,0.35554436,0.019762078,0.045966763,0.32595745,0.42977613,0.2919203,0.38953063,0.61795866,0.59883624,0.62206,0.6278803,0.6571994,0.5282017,0.5257437,0.4370252,0.63433075,0.6080898,0.65787363,0.730215,0.36795577,0.61238676,0.49916178,0.6099385,0.30525985,0.38559762,0.5120017,0.29953578,0.25594482,-0.019105319,0.19717956,0.1764587,0.48410025,0.5179835,0.56630206,0.61055094,0.08072945,0.3713544,0.10235923,-0.1385128,0.37388378,0.24060461,0.5790881,0.57339096,0.34259126,0.3846424,0.46899995,0.5353469,0.47777775,-0.060849205,0.18891327,-0.019137345,0.42727444,0.49811718
0.62617403,0.7318275,0.48871037,0.600033,0.22428611,-0.38642058,0.66196525,0.71224743,0.03657903,-0.25403804,0.4305473,1.0,0.44106892,0.8349013,-0.26836404,-0.022073561,0.26545915,0.7813777,0.61732924,0.6025716,-0.17483768,-0.2440151,0.37665015,0.20632401,-0.38141882,-0.30258384,0.05202376,-0.30213535,0.16071548,0.53581566,-0.12629005,0.10639369,0.5510378,0.6037082,0.4761983,0.43791994,0.34294418,0.40315223,0.05919264,0.16515657,-0.2575652,-0.20410246,0.6019494,0.6032313,0.4589519,0.57667303,0.39488032,0.4728038,0.5181976,0.56483835,0.52985215,0.60710293,0.47437197,0.42849538,-0.0097966865,0.2691946,0.5630626,0.66624826,0.38543606,0.45354968,0.5496027,0.54258025,0.62051326,0.6386244,0.5287871,0.60379344,0.55364484,0.5684114,0.61191255,0.584964,0.51457757,0.35663536,0.62646425,0.62485486,0.26310405,0.41106203,0.6122529,0.646664,0.24646215,0.5919924,-0.03555839,0.4592088,-0.39595073,0.0015007609,-0.028495723,0.3530572,-0.19523099,-0.35945767,-0.2420715,0.18139125,0.06872428,0.537687,-0.20850495,0.09061743,0.1535419,0.022223538,0.4128965,0.3803158,0.38114813,0.50185937,-0.023586575,0.15937443,-0.08621091,0.3004782,0.08225793,0.055498607,0.20033155,-0.04770306,0.07065753,0.22987248,0.4163628,0.47442114,-0.20392433,0.20845334,-0.1174084,-0.10951311
0.39699477,0.4017295,0.6159107,0.59503376,0.47005764,0.40073177,0.68587095,0.65674484,0.45209992,0.5292898,0.81299746,0.44106892,1.0,0.38406068,0.51717556,0.64229774,0.7420633,0.5687037,0.53233373,0.5076824,0.50116736,0.44861823,0.6994782,0.63105434,-0.01177663,0.37138456,0.41716743,0.39648983,0.6355493,0.71810293,0.557986,0.59551364,0.5936953,0.6381173,0.36858496,0.5060614,0.5227676,0.520242,0.48001057,0.53189117,0.4286112,0.34852716,0.12524863,0.15324478,0.20623994,-0.0088560525,0.3570951,0.36731195,-0.10516924,-0.13975586,-0.12656316,-0.043634027,0.11260281,-0.23592375,0.48871696,0.5526217,0.08461311,0.23386347,-0.15568233,-0.17822312,0.14619862,-0.0056298384,0.27678826,0.22378299,-0.02324413,-0.011042429,0.26522902,0.3547365,0.24744096,0.36402977,0.6131359,0.54988295,0.5670605,0.6853349,0.6125713,0.5815967,0.4751648,0.4270335,0.44146776,0.5463917,0.6387342,0.67078024,0.39103448,0.5863844,0.5051105,0.56487536,0.29817006,0.3801744,0.5096977,0.20216595,0.31463522,-0.070185475,0.13373126,0.19171895,0.40616602,0.48260128,0.4346303,0.5106627,0.09892497,0.30828315,0.2243658,-0.05121584,0.303734,0.26826057,0.50787693,0.5209227,0.33220488,0.39869565,0.49511313,0.47136542,0.39792362,-0.039180174,0.14473021,0.121755704,0.48277858,0.43022066
0.581832,0.6319775,0.52650076,0.6435903,0.27402893,-0.36144173,0.6767752,0.7246011,0.1058198,-0.2115756,0.3650086,0.8349013,0.38406068,1.0,-0.24004845,0.019070078,0.2329784,0.74705756,0.5783571,0.49551418,-0.09599123,-0.16815715,0.4025198,0.20482583,-0.4027338,-0.28392866,0.06871772,-0.25790554,0.2216978,0.58350056,-0.031795584,0.1932086,0.5452929,0.5589983,0.4588679,0.42015585,0.37284848,0.43678135,0.17673157,0.25743467,-0.16794805,-0.05738331,0.53796417,0.53055483,0.3883253,0.52795964,0.3327122,0.42608494,0.42497125,0.51720536,0.45886442,0.6282633,0.47532654,0.3716702,0.051878612,0.29520226,0.5450612,0.7161183,0.28517145,0.4253366,0.4777942,0.5312617,0.54106647,0.6807244,0.50562906,0.5550868,0.51988906,0.5187623,0.5011717,0.4260081,0.58552015,0.4725826,0.6675402,0.6494692,0.3114144,0.4899474,0.5762794,0.5757479,0.32057586,0.6169986,0.03627485,0.4724901,-0.36816046,0.07138219,-0.04004923,0.3715598,-0.12950037,-0.33191362,-0.24097386,0.14446253,0.038044572,0.53082854,-0.15254502,0.041341852,0.28524482,0.16002221,0.48483104,0.4754161,0.31025103,0.42268762,-0.012456404,0.06986197,0.013693284,0.36719212,0.14717484,0.16337527,0.3040935,0.051960845,0.18549637,0.38176054,0.3915968,0.3504271,-0.105404995,0.22244564,-0.035179246,-0.01664147
-0.20898534,-0.24933378,0.2985146,0.16618116,0.43269095,0.81959265,0.11379213,0.11582429,0.61012197,0.8398639,0.50460076,-0.26836404,0.51717556,-0.24004845,1.0,0.8512425,0.5856177,0.01481334,-0.0073238397,-0.026423654,0.78599143,0.80028474,0.48737535,0.5712376,0.40832284,0.6616734,0.51489824,0.7741755,0.68101794,0.43074945,0.78453726,0.6199702,0.21593,0.25785318,0.10681984,0.30979902,0.4150835,0.35709196,0.59010655,0.5322906,0.7893915,0.73755383,-0.3701601,-0.3491851,-0.15319477,-0.5392141,0.1646213,0.09463377,-0.6398769,-0.6946844,-0.65828115,-0.5537405,-0.380851,-0.63797003,0.6386387,0.5041386,-0.5600353,-0.3766068,-0.6315286,-0.67944014,-0.40999934,-0.56912535,-0.29640022,-0.29446298,-0.5711889,-0.5761593,-0.20176725,-0.08695241,-0.31059358,-0.15227431,0.3394939,0.40200695,0.17891222,0.30651075,0.57493114,0.45409596,0.08406306,-0.009574681,0.42319,0.185257,0.7329988,0.4618262,0.8269643,0.76511973,0.56525606,0.45763284,0.50637627,0.7686016,0.78225887,0.23881596,0.19844006,-0.55267376,0.2872785,0.21976285,0.38487294,0.6041054,0.21782756,0.29476327,-0.24489102,-0.049136534,0.21572644,-0.1976966,0.4342498,0.057328247,0.5730046,0.56244385,0.2349857,0.5079966,0.4929707,0.36657038,0.18451446,-0.42796656,0.4778614,-0.20135853,0.6182515,0.64406717
0.017207729,-0.011331248,0.46279696,0.38851416,0.48908976,0.718075,0.3264094,0.3676951,0.624975,0.8018141,0.640091,-0.022073561,0.64229774,0.019070078,0.8512425,1.0,0.6502959,0.2635674,0.22985685,0.19987121,0.7532052,0.7707693,0.6286502,0.65542203,0.22941214,0.60464156,0.49400565,0.6800261,0.7287956,0.63578767,0.77123773,0.64345145,0.39955622,0.4763585,0.29230896,0.48912415,0.55605125,0.5301287,0.64565545,0.64235723,0.73201317,0.72746557,-0.14354882,-0.12135993,0.047645412,-0.32237422,0.35299283,0.3161258,-0.42998874,-0.4961713,-0.48393813,-0.3279832,-0.18482123,-0.5096194,0.6996418,0.6569748,-0.35512897,-0.116226405,-0.52026665,-0.513552,-0.199119,-0.3737853,-0.084609814,-0.09286893,-0.37560484,-0.37142536,0.03854169,0.15327117,-0.07276404,0.06999323,0.48718855,0.535572,0.3763154,0.5191224,0.6919424,0.6093184,0.29101846,0.2003443,0.515578,0.4005128,0.75427943,0.61601317,0.740261,0.8163683,0.5894686,0.6089219,0.46203566,0.6966969,0.76188135,0.2998799,0.2908154,-0.36022922,0.27175397,0.24721119,0.44666538,0.64960384,0.41195944,0.48971045,-0.05132872,0.16814741,0.32228917,-0.16811755,0.49941605,0.21136671,0.64032966,0.6664855,0.36148763,0.5330868,0.5192748,0.48859966,0.40562302,-0.24194793,0.47249576,-0.040331304,0.6773314,0.6589589
0.112491556,0.1400709,0.55835843,0.41048008,0.45109504,0.43115252,0.50995004,0.47084588,0.5433794,0.53748566,0.77897435,0.26545915,0.7420633,0.2329784,0.5856177,0.6502959,1.0,0.52058005,0.3194805,0.29569456,0.5826408,0.5129442,0.6067952,0.5933964,0.19178937,0.43203282,0.50982904,0.56225824,0.7412782,0.6225525,0.6251518,0.6414321,0.5439325,0.561047,0.34910128,0.49864352,0.48701856,0.40625396,0.51729524,0.47794437,0.5024065,0.46827453,-0.06665652,-0.044733293,0.03749987,-0.21923669,0.29379135,0.27414665,-0.31801903,-0.35057732,-0.3497933,-0.19852397,-0.071335085,-0.34927008,0.5783406,0.5843292,-0.13430776,0.032288384,-0.3571457,-0.28160992,0.09529993,-0.1845167,0.18653032,0.19393548,-0.20425558,-0.16568768,0.113369465,0.216077,0.06536826,0.19813696,0.52884096,0.5737735,0.47000188,0.5211727,0.6025729,0.49793473,0.3651353,0.28230652,0.6120815,0.5621612,0.6748945,0.75134563,0.43369487,0.60412383,0.41324627,0.56213987,0.20875472,0.44761962,0.4909423,0.39155614,0.13748407,-0.20030081,0.05236869,0.2808331,0.45854157,0.5532751,0.4539666,0.44297442,-0.035611942,0.23448068,0.042716544,-0.081896655,0.23846398,0.14306004,0.5728734,0.55603683,0.20517294,0.36381966,0.41362545,0.4661863,0.32426724,-0.19962429,0.31922176,-0.12951131,0.46314123,0.55972534
0.4648891,0.57037365,0.49470925,0.59642965,0.26014012,-0.13744985,0.60804003,0.7323163,0.21025348,-0.013964859,0.57704335,0.7813777,0.5687037,0.74705756,0.01481334,0.2635674,0.52058005,1.0,0.54960877,0.53156036,0.035349548,-0.025611222,0.4802488,0.3494215,-0.2281723,-0.1205321,0.11727077,-0.059923112,0.36583412,0.6880133,0.122686826,0.28932253,0.6051475,0.7401307,0.5947617,0.58552194,0.46781063,0.5388584,0.23304003,0.3003307,-0.027830478,0.045043364,0.5015166,0.5291172,0.37816873,0.40615666,0.47653544,0.5597177,0.33697018,0.36986062,0.343315,0.47803932,0.40930173,0.27102572,0.20113648,0.45849466,0.36408904,0.48819208,0.1737427,0.2728382,0.4873213,0.34856778,0.61861956,0.5519104,0.36942908,0.48750004,0.52057236,0.5584628,0.51313144,0.5354015,0.5818395,0.4493288,0.68389034,0.70545876,0.44120196,0.546299,0.6790242,0.66897523,0.42032355,0.7783797,0.21218407,0.7144984,-0.14188525,0.2660133,0.16537909,0.5475961,-0.074278355,-0.1199411,-0.008647431,0.33555022,0.20161137,0.40830615,-0.14208908,0.12632646,0.25088936,0.20432295,0.5407821,0.5170587,0.4173517,0.5211146,0.042483225,0.13736616,0.10323693,0.3496703,0.29407454,0.3230068,0.2401979,0.030043082,0.15255646,0.34748572,0.5266217,0.3685531,0.024834765,0.20957138,0.13406648,0.09396476
0.75936896,0.76371706,0.651821,0.7284908,0.29969287,-0.10067621,0.76820385,0.7261466,0.18959317,0.045623697,0.51253515,0.61732924,0.53233373,0.5783571,-0.0073238397,0.22985685,0.3194805,0.54960877,1.0,0.8347262,0.02325924,-0.0007812823,0.553074,0.43228292,-0.17245305,-0.081000224,0.12769002,-0.13046454,0.23217255,0.5005358,0.1492619,0.24657857,0.6382855,0.60156256,0.48961687,0.50123775,0.4506256,0.44446978,0.16573086,0.2551672,-0.0064329533,0.010290104,0.5524478,0.5274926,0.5333709,0.4883059,0.46367803,0.4873773,0.38555142,0.33536273,0.32059574,0.3537734,0.42709497,0.14845325,0.16846588,0.3463583,0.52498454,0.6231265,0.25509214,0.33801085,0.43140396,0.39454937,0.46808562,0.42691842,0.4417506,0.35568255,0.6397941,0.6692553,0.710221,0.7054014,0.44100216,0.34277225,0.4806629,0.598782,0.3402814,0.4245278,0.6040352,0.6271814,0.16790684,0.39356726,0.25943577,0.35259852,-0.04484491,0.14263605,0.32739407,0.32472736,0.031300507,-0.079211086,0.10436917,0.16637431,0.15290517,0.25758448,-0.04545988,-0.022420285,0.11736722,0.06895142,0.3557375,0.3381644,0.2802329,0.44237578,0.0765005,-0.035154447,0.085306846,0.22798218,0.11896334,0.1272703,0.19277999,0.0039473907,0.07741606,0.1830631,0.48609498,0.2690079,-0.11350501,0.16318534,0.0902853,0.064709425
0.7294144,0.75828874,0.5250208,0.63833475,0.27075675,-0.039456245,0.6834326,0.6439619,0.1472836,0.020888215,0.51671535,0.6025716,0.5076824,0.49551418,-0.026423654,0.19987121,0.29569456,0.53156036,0.8347262,1.0,-0.07139706,-0.032531776,0.4969807,0.45086303,-0.13064177,-0.038627822,0.04517915,-0.17363864,0.15341187,0.42899755,0.066651694,0.13914855,0.6285869,0.64582956,0.55854696,0.54775095,0.41442785,0.4405653,0.12230351,0.20062794,-0.053646926,-0.0304397,0.597493,0.56359655,0.6330152,0.55127007,0.5105729,0.5121419,0.47668284,0.38720912,0.38557604,0.36216888,0.3797895,0.27386853,0.17569663,0.35325044,0.53453696,0.5685846,0.35188204,0.32679796,0.4904315,0.42804602,0.5401763,0.40377837,0.44995946,0.40701714,0.6811538,0.7228943,0.7892391,0.81162626,0.3271318,0.24868792,0.44082263,0.5220997,0.30405125,0.3464006,0.6300952,0.69141096,0.11986193,0.33476704,0.19515397,0.32549334,-0.031073697,0.16316178,0.3397885,0.3295614,-0.017809134,-0.04482747,0.15155184,0.24003403,0.25586614,0.3062424,-0.010836522,0.010807396,0.033313673,-0.03639468,0.3366528,0.30632734,0.41804883,0.5581715,0.05773637,0.09141206,0.10124106,0.22915274,0.100658864,0.10068823,0.17801623,0.0033358922,-0.009330416,0.08184892,0.5467587,0.41017476,-0.17261589,0.19580334,0.06403,0.0015574018
-0.18046501,-0.21903522,0.45029083,0.29390007,0.48071453,0.68363184,0.21057667,0.19864647,0.5790991,0.75478166,0.4951429,-0.17483768,0.50116736,-0.09599123,0.78599143,0.7532052,0.5826408,0.035349548,0.02325924,-0.07139706,1.0,0.804051,0.566851,0.5388085,0.20791101,0.69504684,0.6798921,0.8238767,0.75987875,0.50204265,0.74274904,0.7130152,0.27137804,0.23249638,-0.005863572,0.2533272,0.42259604,0.38407734,0.6823172,0.6436251,0.8036222,0.69894403,-0.38377422,-0.35348892,-0.18909529,-0.52754945,0.056521423,0.058667067,-0.6381286,-0.6583126,-0.6729954,-0.52312464,-0.30543715,-0.68287116,0.6823554,0.5385457,-0.47508618,-0.2104179,-0.6277254,-0.5848288,-0.394982,-0.47925913,-0.34532872,-0.12901601,-0.58488697,-0.5508245,-0.19114989,-0.08388664,-0.34283134,-0.20062938,0.46559572,0.58891356,0.24354732,0.34631982,0.5772239,0.46725553,0.08624756,-0.018556925,0.48137987,0.24962996,0.71201396,0.4471991,0.6635629,0.6864298,0.42776293,0.4013903,0.42754325,0.65490216,0.6699596,0.15827267,0.122989975,-0.48140055,0.19342963,0.37511164,0.59511304,0.7578488,0.33395723,0.41977376,-0.28425816,-0.0048364024,0.25518247,-0.20877565,0.4032557,0.15976888,0.6672736,0.6440088,0.35938257,0.6389064,0.6756617,0.5945867,0.16424362,-0.4369059,0.51513267,-0.16655871,0.656808,0.7687959
-0.19355999,-0.27930072,0.41085842,0.26387987,0.4667474,0.7549534,0.14713405,0.1395467,0.54077566,0.8143015,0.48692608,-0.2440151,0.44861823,-0.16815715,0.80028474,0.7707693,0.5129442,-0.025611222,-0.0007812823,-0.032531776,0.804051,1.0,0.559881,0.51042306,0.20887773,0.72889394,0.531883,0.75124645,0.721998,0.44784385,0.7598452,0.68187255,0.30719006,0.21465228,0.015312006,0.28267696,0.389713,0.3818926,0.65955085,0.64069223,0.76515925,0.7722862,-0.36100972,-0.3350919,-0.115221076,-0.5092309,0.11962133,0.08362814,-0.6329488,-0.69624346,-0.69333243,-0.5570405,-0.36150292,-0.64524454,0.7024908,0.55005956,-0.50721455,-0.26008296,-0.63065445,-0.63737464,-0.4349857,-0.47912025,-0.4013948,-0.19141145,-0.61412805,-0.59373426,-0.18187916,-0.051690016,-0.3414786,-0.20029159,0.37623072,0.5469165,0.20085199,0.28849286,0.5651314,0.39617878,0.05062352,-0.040510323,0.49850285,0.15032694,0.7467126,0.42757958,0.7451513,0.73124975,0.48923668,0.44153813,0.58177185,0.75564426,0.77071446,0.07369363,0.16945924,-0.49857232,0.30485803,0.3112325,0.49947464,0.712834,0.32140347,0.4259057,-0.2947143,-0.043147627,0.3218035,-0.31662175,0.45363125,0.10061726,0.6539439,0.6216109,0.31378496,0.6268631,0.57774216,0.54396796,0.23017858,-0.41234666,0.49694943,-0.14401734,0.6112953,0.7296273
0.32556856,0.32244676,0.80029535,0.7807358,0.5638867,0.41095296,0.675569,0.69513434,0.54051733,0.4988402,0.68828726,0.37665015,0.6994782,0.4025198,0.48737535,0.6286502,0.6067952,0.4802488,0.553074,0.4969807,0.566851,0.559881,1.0,0.7455283,-0.061153144,0.4508775,0.5321146,0.45106196,0.7128912,0.7446738,0.6120715,0.76385117,0.7290271,0.67199546,0.37178242,0.5698138,0.5797654,0.60264784,0.6082201,0.6369092,0.47676182,0.47296476,0.15333438,0.19101834,0.24558789,0.048193943,0.38768905,0.41455114,-0.13229464,-0.15072957,-0.185236,-0.04785036,0.021355325,-0.2314764,0.62534827,0.6536699,0.068638325,0.32325763,-0.19022433,-0.13695301,0.079044394,0.048897862,0.14614208,0.34778467,-0.11932698,-0.053269118,0.31711745,0.41623396,0.24677168,0.3274238,0.70781904,0.7314643,0.5908156,0.6755931,0.6262941,0.6092012,0.5220584,0.47982207,0.51101494,0.5003729,0.6028182,0.6010459,0.37408242,0.625528,0.43072605,0.50982755,0.2673176,0.3886329,0.5311676,0.19193108,0.18772592,-0.008575969,0.13139555,0.28923965,0.5351185,0.5725476,0.5560351,0.61144334,0.13153677,0.40216336,0.25670052,-0.06294906,0.3712814,0.34581372,0.6186351,0.5475341,0.4537171,0.48366746,0.5300127,0.5949162,0.52643675,0.042334642,0.21142644,0.061845355,0.5083277,0.54242826
0.16496415,0.1858486,0.53225726,0.6021482,0.34608513,0.5327699,0.51759607,0.55154455,0.3735813,0.583786,0.5465997,0.20632401,0.63105434,0.20482583,0.5712376,0.65542203,0.5933964,0.3494215,0.43228292,0.45086303,0.5388085,0.51042306,0.7455283,1.0,0.07181819,0.4909042,0.39787415,0.4396839,0.54851747,0.5867633,0.67231625,0.6779373,0.51650226,0.61214584,0.4265918,0.59382325,0.4523206,0.4016533,0.4344957,0.39230826,0.40185872,0.37644076,0.061962564,0.06289522,0.16693304,-0.077350624,0.29811835,0.2743301,-0.2291991,-0.23654763,-0.27442303,-0.16146848,-0.11972199,-0.34033817,0.49509206,0.47708648,-0.1364177,0.043888353,-0.34529692,-0.34387094,-0.04715042,-0.2042729,0.08131245,0.07050037,-0.2229259,-0.20721473,0.2127281,0.31043476,0.1619956,0.29841086,0.5046,0.53354865,0.33144522,0.52233213,0.47343975,0.58559716,0.39654428,0.4121503,0.27263004,0.32829216,0.5709838,0.48873913,0.5471085,0.6273854,0.491318,0.49467885,0.14312328,0.51348436,0.599599,0.3080118,0.32972693,-0.20452702,0.12879062,0.2614492,0.2886121,0.4078284,0.28987616,0.32507107,0.09180151,0.29580966,0.24142164,0.16814685,0.3298679,0.3086888,0.47231928,0.4112679,0.24133293,0.37580535,0.39761522,0.32035175,0.44525844,-0.031467017,0.22569264,0.10280365,0.5966204,0.44314268
-0.29186377,-0.28817597,-0.110714465,-0.2737346,0.16141962,0.40546468,-0.22427388,-0.28316104,0.30612227,0.29712865,0.08881197,-0.38141882,-0.01177663,-0.4027338,0.40832284,0.22941214,0.19178937,-0.2281723,-0.17245305,-0.13064177,0.20791101,0.20887773,-0.061153144,0.07181819,1.0,0.28288606,0.120692454,0.3211678,0.116742045,-0.18561874,0.26946557,0.09580164,-0.12726735,-0.1703446,-0.06709131,-0.06261773,-0.025049618,-0.091910854,0.07565987,-0.058062,0.3648592,0.3337745,-0.3465465,-0.34516314,-0.21054454,-0.35197082,-0.09216733,-0.1587393,-0.38846388,-0.40843353,-0.35674396,-0.37702322,-0.30731368,-0.2753392,0.11076802,-0.0327557,-0.34248397,-0.45086682,-0.23622987,-0.3191006,-0.21550667,-0.38050264,-0.18784006,-0.28826377,-0.25946388,-0.3270799,-0.2782822,-0.24776609,-0.21203592,-0.17901975,-0.15635279,-0.13901359,-0.2085152,-0.19396463,0.044920385,-0.10593855,-0.15102093,-0.20219012,0.056647588,-0.13427933,0.215578,-0.018449299,0.4419264,0.21936019,0.27493232,-0.031950627,0.24091159,0.3758525,0.28441772,0.15899907,-0.112384036,-0.3419611,0.24733347,-0.08131666,-0.031016842,-0.0032955229,-0.18547337,-0.19640712,-0.2901477,-0.23764132,-0.24596815,-0.059674878,0.05553133,-0.26260734,0.03497801,0.020682542,-0.21597427,-0.009612177,-0.03141286,-0.11500308,-0.1890311,-0.4129951,0.122213155,-0.36346018,0.0519172,0.10719195
-0.23689142,-0.2798673,0.2422064,0.15271327,0.36214685,0.7436769,0.06200527,0.016510896,0.4234738,0.7020453,0.34000894,-0.30258384,0.37138456,-0.28392866,0.6616734,0.60464156,0.43203282,-0.1205321,-0.081000224,-0.038627822,0.69504684,0.72889394,0.4508775,0.4909042,0.28288606,1.0,0.5061049,0.70808685,0.52220297,0.25717342,0.63625073,0.5678216,0.14622396,0.13241975,-0.041158624,0.19631182,0.22913875,0.21566655,0.52016747,0.47103262,0.65574986,0.53736836,-0.4094609,-0.37704778,-0.18373738,-0.49805847,-0.02984886,-0.04892402,-0.5438692,-0.59062976,-0.65749454,-0.58550394,-0.40699747,-0.5479807,0.59218556,0.39894688,-0.45277813,-0.30548894,-0.50186825,-0.56688344,-0.37234053,-0.44687995,-0.37354034,-0.22093795,-0.59261906,-0.5578241,-0.23145398,-0.10879198,-0.33075547,-0.16530561,0.22015388,0.391378,0.0004156233,0.120342955,0.3750709,0.18034115,-0.04190011,-0.06393333,0.2689221,-0.0015517852,0.58452016,0.21665746,0.6804247,0.5983657,0.40140307,0.2492504,0.396476,0.719202,0.6864707,0.039030615,0.2159719,-0.43424246,0.26238415,0.39290816,0.4272197,0.562938,0.19660445,0.2684163,-0.17725016,0.008834182,0.29720718,-0.09413267,0.32983118,0.08637362,0.5505005,0.5298158,0.2798151,0.60945386,0.52493733,0.41683388,0.13542818,-0.29736963,0.4513067,-0.09302051,0.6011865,0.6316437
0.006537374,-0.0018482086,0.5412518,0.34234765,0.6760953,0.41284293,0.34128243,0.20965688,0.62512803,0.37517196,0.48982403,0.05202376,0.41716743,0.06871772,0.51489824,0.49400565,0.50982904,0.11727077,0.12769002,0.04517915,0.6798921,0.531883,0.5321146,0.39787415,0.120692454,0.5061049,1.0,0.6591752,0.7000987,0.40547863,0.49072462,0.56140417,0.33497235,0.27315068,0.009668414,0.21289387,0.43832895,0.39866856,0.67373985,0.64194715,0.6137034,0.4901797,-0.21861315,-0.19109386,-0.027774308,-0.2899385,0.08468788,0.08825471,-0.3726674,-0.37816244,-0.4297976,-0.31635785,-0.14792804,-0.3120989,0.6348137,0.5532421,-0.17261316,0.07717414,-0.30651894,-0.25247532,-0.1405338,-0.13707621,-0.1355799,0.20292412,-0.37366045,-0.26059237,-0.038779095,0.042375494,-0.12364604,-0.017487701,0.5532381,0.6050025,0.35775176,0.316107,0.5205148,0.31209144,0.17909707,0.10096372,0.5220719,0.2801505,0.5245861,0.42944285,0.3107436,0.50987816,0.24460638,0.36756605,0.2647157,0.39316612,0.3830532,0.20643914,-0.08274154,-0.19526072,0.017258827,0.45343086,0.6868599,0.65523964,0.4460958,0.44716772,-0.17640501,0.1702615,-0.038445383,-0.12601574,0.19295852,0.16008611,0.5896648,0.46470127,0.40439686,0.5495839,0.62764716,0.60795814,0.15914172,-0.20255338,0.27525818,-0.28429934,0.42234758,0.66991866
-0.28575605,-0.31205854,0.31309232,0.1230369,0.47581244,0.7289674,0.06256869,0.014482146,0.5827593,0.69771594,0.4090338,-0.30213535,0.39648983,-0.25790554,0.7741755,0.6800261,0.56225824,-0.059923112,-0.13046454,-0.17363864,0.8238767,0.75124645,0.45106196,0.4396839,0.3211678,0.70808685,0.6591752,1.0,0.7037542,0.35658345,0.72041553,0.6357702,0.16847254,0.16446808,-0.054111555,0.17454275,0.40062028,0.31501263,0.6501395,0.57978785,0.77590925,0.6844624,-0.42244133,-0.39045367,-0.23013683,-0.57801914,0.062204305,0.039656583,-0.64646536,-0.6930215,-0.70867294,-0.5865896,-0.3687887,-0.6309279,0.67969626,0.5112278,-0.53034705,-0.32264534,-0.58941406,-0.5647216,-0.40179804,-0.525346,-0.39561442,-0.21798696,-0.6192452,-0.583209,-0.25385588,-0.1395255,-0.38583222,-0.2428366,0.34491944,0.4552008,0.17884527,0.2077705,0.522569,0.32766128,0.019563865,-0.095184386,0.4599229,0.17672727,0.6864014,0.4164467,0.66363794,0.6253301,0.4167614,0.3595733,0.40946734,0.67106605,0.67241037,0.21386217,0.03121665,-0.5494913,0.1380307,0.33444014,0.534498,0.6718363,0.27813873,0.34566498,-0.29621586,-0.036192574,0.12672915,-0.2381893,0.28746113,0.015992953,0.61616105,0.55936813,0.2802005,0.5661076,0.60692316,0.50863653,0.11384413,-0.464129,0.45116872,-0.26206425,0.58326495,0.7302154
0.028257975,0.0051160003,0.6792462,0.48731026,0.65518576,0.5240636,0.46985504,0.43047136,0.6980903,0.6069175,0.72668904,0.16071548,0.6355493,0.2216978,0.68101794,0.7287956,0.7412782,0.36583412,0.23217255,0.15341187,0.75987875,0.721998,0.7128912,0.54851747,0.116742045,0.52220297,0.7000987,0.7037542,1.0,0.69901514,0.70209944,0.7619297,0.5697603,0.508181,0.21750575,0.44635156,0.62082106,0.5985916,0.7952796,0.753235,0.718521,0.72930473,-0.12426236,-0.07983898,0.023778424,-0.2621422,0.32985196,0.3345529,-0.4330266,-0.4557509,-0.4618775,-0.24696447,-0.12663682,-0.4079708,0.7884397,0.75391364,-0.22378154,0.07229628,-0.43146724,-0.32788423,-0.12568878,-0.18984833,-0.048137292,0.22463182,-0.34206805,-0.27588254,0.059270468,0.1826815,-0.076704405,0.030990146,0.6939162,0.76176655,0.6074437,0.57597554,0.75393546,0.60066044,0.3741055,0.2286485,0.77490103,0.53698885,0.7179361,0.7289676,0.4728776,0.71041274,0.41445896,0.6003046,0.38917264,0.5170896,0.58583885,0.31639227,0.08438581,-0.2147754,0.12434341,0.34114924,0.7114965,0.7874141,0.62713265,0.66085577,-0.11722028,0.21445456,0.11083364,-0.2630808,0.3970725,0.21938752,0.77966976,0.6993751,0.4750664,0.5846904,0.66043985,0.7176384,0.38588205,-0.25963718,0.3899504,-0.20749697,0.52870834,0.7598389
0.38139793,0.36645004,0.70578504,0.71059924,0.5003989,0.25800285,0.65306014,0.7612614,0.44907588,0.41994804,0.69894785,0.53581566,0.71810293,0.58350056,0.43074945,0.63578767,0.6225525,0.6880133,0.5005358,0.42899755,0.50204265,0.44784385,0.7446738,0.5867633,-0.18561874,0.25717342,0.40547863,0.35658345,0.69901514,1.0,0.49835476,0.6289624,0.6764435,0.71030396,0.46706763,0.6021341,0.6520303,0.69906265,0.5975519,0.67321354,0.4118185,0.4538379,0.27066377,0.31647193,0.27106082,0.12038658,0.48379552,0.5465988,-0.029092137,-0.029037774,-0.047686994,0.15269253,0.2280392,-0.1527432,0.5580534,0.6969043,0.09578401,0.34727016,-0.16750914,-0.11164915,0.12608965,0.06672308,0.26528582,0.36918458,0.03345764,0.076582916,0.35339582,0.45522448,0.24623026,0.31547984,0.7633569,0.73337096,0.77937907,0.85216,0.7113678,0.7629332,0.59492487,0.53591853,0.57519543,0.7038393,0.5930373,0.7554523,0.25584233,0.6098809,0.4327584,0.6828253,0.19415608,0.24130267,0.41149145,0.27735114,0.2913605,0.053110395,0.060737506,0.23819362,0.52926177,0.6044056,0.62807083,0.7075723,0.1816283,0.44048414,0.25868678,-0.076844275,0.36498433,0.41808686,0.5873642,0.61809754,0.47407746,0.46132296,0.54052126,0.63597023,0.57746744,0.096243806,0.25160927,0.21335076,0.4892611,0.48906898
-0.1252809,-0.14578275,0.44102868,0.37807906,0.4261091,0.7113978,0.2883236,0.28542277,0.51264983,0.7922998,0.53113717,-0.12629005,0.557986,-0.031795584,0.78453726,0.77123773,0.6251518,0.122686826,0.1492619,0.066651694,0.74274904,0.7598452,0.6120715,0.67231625,0.26946557,0.63625073,0.49072462,0.72041553,0.70209944,0.49835476,1.0,0.7669429,0.30506527,0.33775046,0.18412891,0.37541822,0.41291004,0.34680083,0.5868233,0.52528375,0.7089608,0.70262605,-0.3236732,-0.30769396,-0.18178797,-0.4977482,0.089538924,0.08585314,-0.61146474,-0.6344419,-0.65747774,-0.4724323,-0.267304,-0.64719254,0.6047525,0.4707556,-0.47064644,-0.22574684,-0.6685349,-0.571236,-0.37514237,-0.52837616,-0.31709072,-0.17830478,-0.49361125,-0.5482757,-0.13495158,-0.012810461,-0.25677443,-0.14259325,0.47527,0.5624377,0.2557229,0.37070397,0.5288636,0.50802565,0.106577024,0.025324611,0.4413832,0.30377525,0.73694414,0.47166738,0.74139374,0.6762811,0.53230315,0.45913306,0.41461933,0.69684607,0.6931958,0.19996396,0.1282627,-0.513322,0.21621884,0.18417326,0.45501083,0.64966744,0.22811143,0.36038062,-0.31115472,-0.08711384,0.2154741,-0.20295726,0.32641238,0.076728225,0.55629444,0.5373656,0.2161722,0.4976891,0.6105356,0.49983686,0.21009614,-0.4931393,0.4851824,-0.10160452,0.63903475,0.6795566
