1.0,0.79917276,0.62276644,0.63144493,0.17158918,0.04936515,0.6950132,0.5314397,0.24556695,0.088583715,0.7090974,0.7723077,0.60274893,0.41062093,0.4634617,0.2994005,0.45116404,0.6039337,0.8223596,0.73661435,-0.04482999,0.08713188,0.6566865,0.50635856,0.14375673,0.114063494,0.035608046,-0.06476602,0.5544964,0.52164257,0.44628152,0.3906722,0.75529754,0.68251354,0.51298827,0.5356374,0.07801238,0.05523708,0.1425721,0.37280208,0.15380155,0.3452875,0.5656129,0.61013776,0.41283816,0.6448581,0.6240093,0.48118597,0.3675831,0.47237673,0.2730828,0.25833946,0.27654,0.47453094,0.52827334,0.4084708,0.84420574,0.73308975,0.2710256,0.18906279,0.4296263,0.37951386,0.41259223,0.4623776,0.45011127,0.29178414,0.7120952,0.70996577,0.73759305,0.4962264,-0.035801835,0.11680098,0.3332654,0.13926812,0.10487892,0.0866658,0.20594789,0.23077767,0.4146966,0.5022402,0.66920644,0.36309764,0.5220563,0.48789674,0.64233136,0.47045964,-0.030286377,0.009557799,0.34666103,0.25518176,0.58981156,0.65769994,0.41314682,0.34939656,0.4785533,0.51378965,0.4731458,0.4893821,0.5824542,0.58506125,0.3054213,0.113259524,0.23024718,0.20671089,0.38124236,0.3439271,0.36792022,0.3281611,0.297914,0.4602615,0.44871986,0.6004527,0.41215983,0.3238616,0.3302193,0.50474304
0.79917276,1.0,0.70939755,0.6620085,0.47221845,0.1466006,0.7438492,0.659568,0.4164251,0.23905696,0.77550095,0.7479202,0.7266614,0.6539578,0.60285985,0.47722062,0.654237,0.54546875,0.7973349,0.8451044,0.19291446,0.36704773,0.59135646,0.6274396,0.21395218,0.087850176,0.32436445,0.22989506,0.74416876,0.54634976,0.4296254,0.48592234,0.74214697,0.72738886,0.50932056,0.62227637,0.28226444,0.119327724,0.33555773,0.44263095,0.3578337,0.46568233,0.612644,0.6795507,0.15660407,0.53775096,0.6279212,0.5616501,0.2180887,0.41511345,0.009813452,0.19624299,0.067945704,0.4073751,0.62276167,0.4937184,0.65981644,0.7218729,0.12619984,0.1271838,0.2674986,0.3893826,0.2348929,0.74964464,0.2996409,0.50455356,0.8039323,0.7601131,0.7822971,0.55445343,0.2364835,0.3831161,0.5801299,0.2374818,0.36767003,0.34525254,0.39316332,0.37579167,0.55624115,0.54735035,0.67590004,0.6293389,0.61808807,0.583414,0.31311685,0.68651605,0.024592165,0.19381997,0.30911964,0.415183,0.36602238,0.65944976,0.28875667,0.44851714,0.50396115,0.5552947,0.5710532,0.5127864,0.59734637,0.5858158,0.28722355,0.30916068,0.34201878,0.4054735,0.5410865,0.5198981,0.56852674,0.566868,0.30914068,0.48528728,0.5383756,0.59675056,0.51974773,0.5113494,0.48724642,0.59029746
0.62276644,0.70939755,1.0,0.7882738,0.57282835,0.20843165,0.8816251,0.72380126,0.46892205,0.28248462,0.6551417,0.5717402,0.70773304,0.55349463,0.5891356,0.4581958,0.6739489,0.43155947,0.7731258,0.7652899,0.36094058,0.41350678,0.7990028,0.7278797,0.25782114,0.122841835,0.3627808,0.15467769,0.7062916,0.46707425,0.60646087,0.6874612,0.7035288,0.6451363,0.6227825,0.6601789,0.53549564,0.3236574,0.5404053,0.504451,0.5077232,0.5278694,0.7106695,0.64692163,0.095216215,0.35322785,0.64330536,0.55515945,0.17483333,0.28913593,-0.06383644,0.14064366,0.084882736,0.28425118,0.65368617,0.45676196,0.4767408,0.4820274,0.099280775,0.060268544,0.11316395,0.275565,0.07719287,0.54536694,0.20901671,0.40582797,0.75009125,0.68870854,0.6001617,0.40010095,0.5055777,0.6143005,0.6579302,0.3489919,0.5383876,0.52126616,0.62601674,0.5923704,0.64905345,0.4305655,0.68107104,0.56527394,0.6594737,0.50633305,0.37822288,0.7123143,0.20624468,0.30375978,0.48823214,0.47515905,0.3322997,0.6359463,0.4053135,0.582621,0.5162996,0.5033711,0.55549824,0.46170095,0.51670045,0.5137138,0.44490772,0.44964722,0.42052686,0.5003217,0.5244223,0.56620544,0.43228212,0.5175295,0.3001228,0.5479488,0.53512675,0.46514308,0.49514464,0.49644482,0.48711112,0.4493758
0.63144493,0.6620085,0.7882738,1.0,0.34370083,0.18468896,0.7679395,0.7631931,0.31333503,0.22023588,0.5138077,0.6320062,0.6304932,0.54302716,0.50435203,0.42432433,0.57491404,0.4662673,0.7348645,0.6549238,0.26228178,0.45715746,0.7505068,0.6672301,0.13533828,0.07685068,0.17472796,0.06871683,0.6016191,0.53600156,0.6594245,0.67963594,0.6509434,0.53765947,0.5785319,0.51937485,0.53530854,0.4689941,0.41959125,0.5313422,0.4910603,0.5088211,0.70179284,0.65334547,0.3134156,0.49508578,0.66223145,0.5343022,0.2004096,0.4228313,0.19026557,0.26687497,0.29262397,0.49581096,0.5977376,0.47207358,0.5781261,0.55556935,0.24673975,0.054531693,0.27701434,0.371436,0.34765595,0.53684133,0.3138201,0.37733147,0.76407295,0.6369222,0.6571101,0.37697846,0.471856,0.5999821,0.52293426,0.43150717,0.5068286,0.5127468,0.60040843,0.5436376,0.5670968,0.6067424,0.6609876,0.5685619,0.53280735,0.49661446,0.51325226,0.68033177,0.058687907,0.19918716,0.45344418,0.4133911,0.4153582,0.644753,0.5267508,0.50454766,0.38585097,0.37793714,0.4754995,0.39304736,0.4626087,0.5276044,0.3784247,0.28166968,0.2507842,0.28026116,0.34760588,0.37084866,0.3078837,0.38810313,0.19343436,0.37557298,0.4133537,0.39116332,0.28688085,0.30222285,0.3013422,0.3247101
0.17158918,0.47221845,0.57282835,0.34370083,1.0,0.6596489,0.5295767,0.6593469,0.8658864,0.76257527,0.6917265,0.47201636,0.6955583,0.7862064,0.7752849,0.76669663,0.8148044,0.50185055,0.44340396,0.632803,0.7335052,0.5535258,0.55692875,0.78229153,0.73389184,0.57200485,0.85623926,0.50882876,0.81357956,0.56672823,0.6068814,0.6974606,0.58433294,0.6849726,0.6445886,0.7549837,0.5976243,0.38687304,0.8370052,0.65923643,0.4990832,0.69394416,0.524424,0.6259601,-0.3599204,-0.24628429,0.5674882,0.673729,-0.1261233,-0.22009322,-0.6318405,-0.39932296,-0.49184406,-0.20643267,0.71872294,0.65888363,-0.10641877,-0.040044647,-0.48358062,-0.28380662,-0.52775264,-0.17397173,-0.5253243,0.37801597,-0.36590323,0.08687062,0.4500142,0.56366324,0.17905632,0.23938186,0.5570346,0.661714,0.8481592,0.58142155,0.74226433,0.69238764,0.59682745,0.7430182,0.7523407,0.41436934,0.6341186,0.7857575,0.79577243,0.66081023,0.00905724,0.7302996,0.66267157,0.7865209,0.6216628,0.80085516,0.18125372,0.5703345,0.12884419,0.7352955,0.6750217,0.70250815,0.74821013,0.6671892,0.6196199,0.5647046,0.5415413,0.7905295,0.710857,0.78185403,0.76456255,0.7467869,0.7645853,0.78727984,0.5902696,0.68781835,0.743977,0.5718663,0.710406,0.8101825,0.8010238,0.677311
0.04936515,0.1466006,0.20843165,0.18468896,0.6596489,1.0,0.25966072,0.5906282,0.8257678,0.89634097,0.5583794,0.51229346,0.59572154,0.69538826,0.7715405,0.83855397,0.6153261,0.67235297,0.25817433,0.41798562,0.78190064,0.4897379,0.4291317,0.60917085,0.77498007,0.85045147,0.7733837,0.4736824,0.64709294,0.76258796,0.6775731,0.5928648,0.5448752,0.628174,0.7080277,0.7034449,0.52713263,0.5761382,0.7717034,0.8137905,0.3935428,0.7073154,0.4253346,0.63540787,-0.17573096,-0.28054997,0.63460034,0.76214147,-0.10948261,-0.3622214,-0.5174755,-0.5845973,-0.5150828,-0.31727412,0.722761,0.8058741,-0.17120211,-0.38872188,-0.6560446,-0.44394997,-0.6164954,-0.39423755,-0.51510817,-0.06248914,-0.48930448,-0.36554462,0.29807806,0.52365625,-0.03619946,0.25807416,0.388403,0.45605296,0.6904758,0.7891951,0.6066656,0.575959,0.5301344,0.76190954,0.65376794,0.5531555,0.521491,0.6383936,0.70899606,0.7624926,0.18249683,0.45443726,0.7910688,0.8578856,0.7455889,0.8367703,0.49433923,0.5281366,0.33614254,0.68567854,0.7313567,0.7618291,0.79861414,0.7947503,0.6730389,0.69242406,0.7390729,0.7444137,0.7859233,0.711705,0.6816559,0.64460856,0.7298693,0.661698,0.802145,0.7486439,0.7685996,0.631337,0.6199223,0.73588854,0.7580994,0.68463296
0.6950132,0.7438492,0.8816251,0.7679395,0.5295767,0.25966072,1.0,0.79576886,0.51259744,0.33214414,0.7069425,0.6794706,0.7910445,0.5967808,0.6320376,0.49666065,0.70607233,0.531092,0.8626891,0.82107097,0.3522464,0.37929824,0.81869423,0.7420131,0.2852785,0.19533499,0.3418737,0.13463031,0.7251461,0.5475722,0.6311564,0.6460063,0.77917427,0.7221157,0.6776604,0.6971271,0.44366857,0.26957926,0.49701652,0.5339494,0.42421773,0.5482407,0.7856071,0.7113102,0.17908067,0.45331693,0.7170212,0.61703044,0.23234951,0.3685174,-0.041280396,0.12605423,0.09945736,0.31351283,0.68647635,0.5135078,0.55120444,0.48246065,0.10714851,0.03213248,0.1258148,0.3207853,0.13978076,0.5320386,0.2776901,0.34497026,0.79543704,0.7801834,0.6829413,0.54985553,0.3958217,0.5220996,0.6389543,0.36880377,0.48903418,0.48064265,0.5537611,0.582061,0.6745239,0.53533024,0.773059,0.5982808,0.71375906,0.5811447,0.5112236,0.7264226,0.2485114,0.3269378,0.5686624,0.5177003,0.4869627,0.7280272,0.4879268,0.62269276,0.5810668,0.57744807,0.60140264,0.55312693,0.6010119,0.60644126,0.5237223,0.4655572,0.48085466,0.52094185,0.5884302,0.60806096,0.49662104,0.5494422,0.39054412,0.5863011,0.59575224,0.5711193,0.5680107,0.5423963,0.5603099,0.545859
0.5314397,0.659568,0.72380126,0.7631931,0.6593469,0.5906282,0.79576886,1.0,0.70647794,0.6410461,0.71881694,0.7765755,0.83590657,0.82237405,0.78640807,0.76048493,0.7981438,0.7044639,0.7355697,0.78990066,0.6012059,0.583099,0.7945963,0.86833924,0.5202873,0.47833824,0.5523116,0.3431388,0.828138,0.78730583,0.80369806,0.7853222,0.7933552,0.7789649,0.790705,0.79869163,0.618033,0.54510623,0.68423873,0.76276654,0.49640977,0.7526074,0.752289,0.8320956,0.06253325,0.23630139,0.7983255,0.8090145,0.06889707,0.12801206,-0.2100391,-0.12879747,-0.09102989,0.19383995,0.8023253,0.7481703,0.35197914,0.23373571,-0.15008676,-0.15375663,-0.11875544,0.10421923,-0.046180952,0.46846482,-0.01323959,0.16771749,0.76296765,0.794897,0.5427252,0.49675703,0.517201,0.670311,0.77558935,0.67377394,0.6663029,0.67279315,0.6817368,0.79066277,0.7869746,0.74937737,0.8050034,0.8177381,0.7956425,0.7720376,0.43962076,0.809352,0.4507016,0.5929911,0.7083543,0.7472253,0.52869916,0.76489854,0.49606624,0.7261915,0.69069993,0.7027553,0.76930165,0.7254007,0.7116675,0.739679,0.65824866,0.6353772,0.6243791,0.6425017,0.6813201,0.6710163,0.6662126,0.6820879,0.57003504,0.6883225,0.75534123,0.6617963,0.62051654,0.68296844,0.69440824,0.65269566
0.24556695,0.4164251,0.46892205,0.31333503,0.8658864,0.8257678,0.51259744,0.70647794,1.0,0.9066115,0.74446607,0.6092857,0.7547202,0.8211361,0.8722807,0.8801597,0.8049166,0.71474314,0.49951926,0.65375406,0.75937897,0.49177572,0.632326,0.81441087,0.8607805,0.80027735,0.8518087,0.4496727,0.82095724,0.7638212,0.71488535,0.7072078,0.7002101,0.79557556,0.7941382,0.8685325,0.50304484,0.43861875,0.8410256,0.7938593,0.39724395,0.78215855,0.5566842,0.7421175,-0.242602,-0.2106715,0.7105214,0.8383575,-0.084612586,-0.25835034,-0.61893106,-0.5389614,-0.53656846,-0.2391958,0.81633294,0.8267798,-0.041283604,-0.16193171,-0.5715559,-0.38535216,-0.5812071,-0.25783604,-0.5393209,0.18571682,-0.429012,-0.15553756,0.46329954,0.6693632,0.1449581,0.31932312,0.41406897,0.5369714,0.8278953,0.7224865,0.6817118,0.6290247,0.5513289,0.8045247,0.76679206,0.5458926,0.72818196,0.79543597,0.8788092,0.8229033,0.2250785,0.68182063,0.8190795,0.8881655,0.7815095,0.8993407,0.468723,0.6907719,0.279925,0.8125632,0.83345,0.86134654,0.8740436,0.8617558,0.7910725,0.7572107,0.73360807,0.86119413,0.85432345,0.84074783,0.85061556,0.80723363,0.8649991,0.8314577,0.80971766,0.8420755,0.88981384,0.7664278,0.8218205,0.88900983,0.9006698,0.8311135
0.088583715,0.23905696,0.28248462,0.22023588,0.76257527,0.89634097,0.33214414,0.6410461,0.9066115,1.0,0.6152004,0.5483785,0.6468615,0.7800688,0.8053207,0.8902851,0.7013442,0.7042977,0.33876595,0.51062846,0.786795,0.51330215,0.4814118,0.7015486,0.8438194,0.849927,0.8217738,0.4692941,0.71789604,0.77100533,0.68085337,0.63812065,0.5845429,0.68599546,0.7565059,0.7741914,0.504269,0.5256413,0.8059549,0.8113338,0.36946666,0.7544328,0.4781216,0.6780754,-0.26438823,-0.2903107,0.6534088,0.8048053,-0.16668464,-0.37304732,-0.60706097,-0.60855156,-0.56311184,-0.33236805,0.7527379,0.8185519,-0.16927661,-0.33473793,-0.66627955,-0.5058758,-0.6701587,-0.34173897,-0.56372476,0.033138372,-0.5178547,-0.29835498,0.35772955,0.5765731,0.028120799,0.24635401,0.39036682,0.49947682,0.7335496,0.78568137,0.63613546,0.61799,0.52560866,0.7853888,0.67751664,0.5632981,0.60040563,0.74115884,0.76717854,0.7959282,0.16440725,0.568994,0.834501,0.91955924,0.7689335,0.89008766,0.4541916,0.57854426,0.27253458,0.73334587,0.7908895,0.79039115,0.8275879,0.82923204,0.71179736,0.70476174,0.73461396,0.811602,0.8363661,0.79089546,0.77432233,0.72990686,0.80893606,0.7590022,0.8120886,0.7821326,0.8235263,0.6762442,0.71739155,0.8256519,0.828904,0.7391886
0.7090974,0.77550095,0.6551417,0.5138077,0.6917265,0.5583794,0.7069425,0.71881694,0.74446607,0.6152004,1.0,0.8550185,0.8467747,0.78084624,0.8364799,0.7389377,0.80833304,0.7997991,0.76900357,0.85223323,0.4571719,0.36032322,0.711576,0.7853269,0.6283209,0.5482367,0.5952725,0.30148077,0.8836659,0.76256627,0.6688472,0.6403459,0.88828135,0.9293351,0.7825251,0.8543177,0.35827753,0.26062903,0.62049794,0.69900244,0.39216807,0.6837991,0.67531556,0.79302156,0.029004557,0.23238482,0.7870686,0.7708965,0.13326162,0.1144789,-0.29647002,-0.18747687,-0.22004655,0.043825265,0.81968325,0.733281,0.43959332,0.35409153,-0.2638602,-0.16071473,-0.15708749,0.07017034,-0.16686375,0.42582715,-0.0344239,0.086203724,0.6938444,0.8303364,0.51137006,0.49848357,0.23736481,0.40343723,0.7457457,0.5077216,0.49910071,0.4323899,0.45110938,0.6207526,0.73662716,0.60801363,0.81997824,0.71303356,0.86507624,0.79765767,0.42617017,0.6944594,0.47081414,0.5622756,0.65489537,0.71267194,0.5649146,0.77612346,0.3333169,0.6773683,0.8190814,0.8559651,0.8443663,0.8266651,0.8201616,0.7844654,0.5847114,0.58955806,0.6602642,0.6438588,0.76099646,0.70149153,0.77529186,0.71653616,0.6953959,0.8064159,0.8187137,0.82131237,0.7590279,0.75854605,0.7680098,0.8266781
0.7723077,0.7479202,0.5717402,0.6320062,0.47201636,0.51229346,0.6794706,0.7765755,0.6092857,0.5483785,0.8550185,1.0,0.7883342,0.75759274,0.74854773,0.69352406,0.71520704,0.88578373,0.7744193,0.7981944,0.36740646,0.36070934,0.725147,0.72452396,0.5127708,0.5085803,0.382928,0.18899696,0.77856565,0.85698026,0.71619433,0.6239086,0.8845547,0.8682369,0.7737202,0.77821594,0.3387181,0.38019198,0.48007467,0.71478945,0.31494144,0.64579535,0.6801587,0.8222377,0.22226974,0.39537406,0.8369295,0.7709511,0.21773729,0.22525285,-0.030023888,-0.06746354,0.016526211,0.28425393,0.7729143,0.75403184,0.60874915,0.42028633,-0.10161113,-0.1292181,0.012224973,0.15213567,0.0730435,0.39424756,0.12157544,0.05925199,0.7266734,0.8376972,0.58764076,0.5231223,0.19070566,0.35834673,0.6243275,0.5798875,0.41952622,0.39047208,0.44124338,0.58019745,0.6542454,0.7959339,0.82566947,0.68848926,0.75965923,0.8008602,0.62406784,0.6580503,0.35249066,0.45213032,0.6778371,0.6612703,0.6962552,0.7911069,0.5206175,0.6133225,0.73533064,0.7793129,0.7803971,0.79177594,0.7986204,0.81295794,0.5914903,0.44948202,0.54574674,0.48497057,0.62852335,0.56529206,0.6734583,0.60785234,0.62433267,0.7170914,0.7321716,0.78477097,0.6124177,0.6171101,0.6297233,0.73586357
0.60274893,0.7266614,0.70773304,0.6304932,0.6955583,0.59572154,0.7910445,0.83590657,0.7547202,0.6468615,0.8467747,0.7883342,1.0,0.8665909,0.87386787,0.79854834,0.8684322,0.71582484,0.7988719,0.87941384,0.5847928,0.5324167,0.76591104,0.83836436,0.5214063,0.4713692,0.6201671,0.3998492,0.90313405,0.7793678,0.73350155,0.7310838,0.85802895,0.87576646,0.8049065,0.8466858,0.4753862,0.3600234,0.66406,0.7288921,0.46286562,0.70127845,0.75784427,0.847606,0.09004637,0.27046356,0.8152983,0.8458657,0.06914638,0.13601907,-0.25140977,-0.14133856,-0.19839425,0.09587411,0.8545905,0.78116035,0.39456326,0.25905854,-0.27163863,-0.14357634,-0.12549472,0.09297044,-0.089391135,0.49241233,0.0031700656,0.17126544,0.77015483,0.87442034,0.57629997,0.6153209,0.43284464,0.5765208,0.8120134,0.59826255,0.61763865,0.6008544,0.5760583,0.7165914,0.801775,0.7186831,0.84494483,0.8132822,0.8548517,0.80246663,0.40547645,0.75428325,0.45770597,0.59302026,0.6900801,0.75470585,0.59718454,0.8050033,0.43904513,0.75091517,0.7468589,0.7843782,0.818813,0.77969384,0.8127534,0.79883236,0.650952,0.6515203,0.68629086,0.694254,0.7552674,0.73376983,0.7758764,0.74706006,0.6644503,0.72055686,0.8071001,0.778254,0.74871635,0.7632261,0.7777281,0.7722582
0.41062093,0.6539578,0.55349463,0.54302716,0.7862064,0.69538826,0.5967808,0.82237405,0.8211361,0.7800688,0.78084624,0.75759274,0.8665909,1.0,0.8642886,0.883167,0.8877948,0.73548245,0.623261,0.77598816,0.6868025,0.6467841,0.62566686,0.8276249,0.6377557,0.56280684,0.73697454,0.506267,0.8937697,0.8193126,0.70265067,0.72143406,0.7522553,0.8062939,0.7609404,0.81894517,0.56002676,0.48591384,0.7392335,0.7876471,0.48963907,0.7523857,0.64919335,0.8164327,-0.08711022,0.068212256,0.7514753,0.84061706,-0.053607013,-0.008544358,-0.373746,-0.24832807,-0.32127944,0.0364809,0.8355432,0.8300134,0.20182693,0.14138174,-0.409514,-0.26641572,-0.30507368,-0.024170585,-0.23403436,0.51316744,-0.1922523,0.13586892,0.67763335,0.7718044,0.43332168,0.48684257,0.51117134,0.6552437,0.85011965,0.7192378,0.71161103,0.70284444,0.62014616,0.7624907,0.78307694,0.76123047,0.7807895,0.933519,0.81608605,0.835382,0.23471822,0.81201375,0.52280354,0.73158056,0.6748163,0.8492741,0.440248,0.723412,0.33791977,0.74769765,0.7305892,0.7749755,0.8409965,0.78394794,0.76420474,0.7549196,0.6176531,0.7074105,0.69372785,0.71317154,0.75610405,0.70978737,0.84205484,0.8140865,0.6630139,0.69954515,0.80355495,0.7111623,0.70047754,0.7982531,0.80002844,0.75572044
0.4634617,0.60285985,0.5891356,0.50435203,0.7752849,0.7715405,0.6320376,0.78640807,0.8722807,0.8053207,0.8364799,0.74854773,0.87386787,0.8642886,1.0,0.9201713,0.81934917,0.7749978,0.6550768,0.7928956,0.6962745,0.5641544,0.68672425,0.8282188,0.6944243,0.6681531,0.77980787,0.4654551,0.91272193,0.8554241,0.7609317,0.7346926,0.8270065,0.8803963,0.8410384,0.89822227,0.5541796,0.48860878,0.8064914,0.86161995,0.5167763,0.8065398,0.6772912,0.8593655,-0.028011605,0.08104795,0.82744855,0.9014425,0.020890806,-0.047027234,-0.403954,-0.36525363,-0.3825369,-0.07985789,0.91823506,0.8828198,0.20009306,0.061273392,-0.4395667,-0.29154798,-0.34708896,-0.11457811,-0.2876397,0.32230464,-0.21539092,-0.0019717538,0.6618598,0.8300307,0.37178046,0.4919611,0.4417512,0.5740981,0.8623139,0.7166581,0.65267897,0.636447,0.63185436,0.7951289,0.82023513,0.6873757,0.78157747,0.8081671,0.91901666,0.90813375,0.32026824,0.70005924,0.6430774,0.77345103,0.7548184,0.8623886,0.61465645,0.7970057,0.40758622,0.7956716,0.8441712,0.8796881,0.9180741,0.8836391,0.8703498,0.8712035,0.7448212,0.77999616,0.8231008,0.7980618,0.843554,0.8111617,0.86646575,0.8225961,0.77932185,0.83074236,0.8941577,0.8330136,0.8041227,0.85628575,0.8562411,0.8570047
0.2994005,0.47722062,0.4581958,0.42432433,0.76669663,0.83855397,0.49666065,0.76048493,0.8801597,0.8902851,0.7389377,0.69352406,0.79854834,0.883167,0.9201713,1.0,0.7889141,0.7603555,0.5207989,0.6867564,0.7722134,0.6317853,0.5740021,0.7774123,0.72578746,0.716362,0.8197141,0.5463104,0.8596492,0.8638871,0.738796,0.7056004,0.7289872,0.7954817,0.8103682,0.8430923,0.5860764,0.5849416,0.82111675,0.8829871,0.5215299,0.8164722,0.6043921,0.8162225,-0.11002602,-0.037354466,0.7703334,0.89526135,-0.04853076,-0.15905538,-0.4634139,-0.44097814,-0.44123903,-0.14811964,0.8762206,0.891562,0.042425316,-0.09879721,-0.53630155,-0.43399715,-0.46928453,-0.18075454,-0.36156845,0.2555917,-0.34136918,-0.09731377,0.5749043,0.744371,0.26681453,0.41836524,0.48766744,0.61185765,0.8406247,0.81080914,0.7010502,0.6968165,0.64579415,0.83007425,0.76811117,0.70736897,0.70452034,0.8409058,0.8453637,0.9049729,0.22660224,0.6947939,0.68653387,0.85797894,0.7568102,0.9002188,0.5419151,0.7059782,0.3755469,0.77330184,0.8130884,0.83634365,0.89789623,0.8631228,0.8020613,0.81545347,0.7424644,0.8001049,0.82809573,0.79556924,0.8126036,0.77158135,0.86186093,0.8188494,0.7772897,0.79896235,0.87255985,0.7481928,0.7373921,0.8480354,0.83972275,0.8036962
0.45116404,0.654237,0.6739489,0.57491404,0.8148044,0.6153261,0.70607233,0.7981438,0.8049166,0.7013442,0.80833304,0.71520704,0.8684322,0.8877948,0.81934917,0.7889141,1.0,0.68943524,0.6720483,0.7904109,0.64515656,0.543565,0.69000036,0.8373026,0.63440067,0.5086247,0.68525684,0.3992543,0.8901446,0.71537274,0.6789447,0.72611094,0.7699742,0.80683506,0.7885013,0.8361359,0.5470303,0.3996097,0.7453329,0.7136939,0.51973605,0.71579814,0.7795307,0.8087346,-0.08786574,0.088393085,0.76625735,0.7778361,0.0021296677,0.059713233,-0.37440896,-0.21108069,-0.2595538,0.01455002,0.82796824,0.74065393,0.25587788,0.17589723,-0.36941895,-0.22706135,-0.2851444,0.026699677,-0.22280736,0.53538644,-0.13336581,0.19741316,0.7008585,0.78007,0.44416752,0.47235766,0.5210146,0.64811176,0.854303,0.62747765,0.72305655,0.6829038,0.62454057,0.74226445,0.8618673,0.6849605,0.8144815,0.8707968,0.8401083,0.7495211,0.27684703,0.8063659,0.52982664,0.6778054,0.7297721,0.8219407,0.41964984,0.74278075,0.33725652,0.7757389,0.72767943,0.7489607,0.8058747,0.7352651,0.7318808,0.70477206,0.6301214,0.70984155,0.692629,0.7246026,0.76705384,0.7281941,0.78035206,0.7914454,0.6253094,0.7054,0.7777677,0.6758622,0.7219167,0.7797048,0.7955575,0.71729994
0.6039337,0.54546875,0.43155947,0.4662673,0.50185055,0.67235297,0.531092,0.7044639,0.71474314,0.7042977,0.7997991,0.88578373,0.71582484,0.73548245,0.7749978,0.7603555,0.68943524,1.0,0.65600383,0.698253,0.45368654,0.29218498,0.6588097,0.6803076,0.68611753,0.730484,0.4966722,0.2188264,0.739046,0.9075889,0.7196772,0.6128927,0.84177357,0.8491187,0.848531,0.83091116,0.3373582,0.448156,0.5763197,0.79344183,0.2360644,0.69746315,0.6289332,0.82167417,0.11294433,0.17009015,0.82477164,0.8181176,0.17417723,0.030265016,-0.17951253,-0.28977802,-0.16673587,0.064841345,0.805343,0.8379489,0.40875152,0.14217599,-0.2978332,-0.30212277,-0.2164665,-0.07700752,-0.13756733,0.17130096,-0.11796381,-0.16902976,0.61079097,0.79254866,0.36540917,0.40619627,0.1537274,0.29206076,0.6155427,0.6699753,0.4137137,0.3830214,0.42564484,0.6204332,0.68015933,0.79200894,0.7673308,0.6532638,0.7809802,0.86474353,0.58963186,0.5688371,0.5737126,0.6261622,0.79839355,0.7699032,0.76389074,0.78439003,0.528041,0.6958059,0.819604,0.86389744,0.84353596,0.89180535,0.843333,0.85725766,0.74025875,0.59281355,0.71777636,0.61365324,0.71539193,0.6452808,0.74655503,0.67333406,0.75287807,0.8083311,0.80872095,0.8320711,0.68750054,0.7172393,0.7253419,0.79759747
0.8223596,0.7973349,0.7731258,0.7348645,0.44340396,0.25817433,0.8626891,0.7355697,0.49951926,0.33876595,0.76900357,0.7744193,0.7988719,0.623261,0.6550768,0.5207989,0.6720483,0.65600383,1.0,0.87554306,0.20680812,0.24062753,0.8046169,0.7049266,0.3292438,0.27225137,0.284109,0.08190985,0.7309699,0.6262301,0.61612326,0.61777544,0.86361253,0.79219,0.70805496,0.71450645,0.25737694,0.15936555,0.40097165,0.5332281,0.26735243,0.5060377,0.73686725,0.7599209,0.29636452,0.5265599,0.7560572,0.67157924,0.26347908,0.3967699,0.03872776,0.115975864,0.08440901,0.37355742,0.71375585,0.5849046,0.6693232,0.57260495,0.080043666,0.013857404,0.19665068,0.3139952,0.20722571,0.5268672,0.2620607,0.28715786,0.8328029,0.8322533,0.73296493,0.5616517,0.18043604,0.34009352,0.56151915,0.32682127,0.35016137,0.3319169,0.3804093,0.4676144,0.6434181,0.6156172,0.81812567,0.5962685,0.7163311,0.64576,0.5947252,0.6568976,0.23956692,0.28593227,0.5458051,0.5185221,0.6296661,0.805943,0.50370795,0.60972977,0.6114889,0.63935626,0.63074094,0.62292576,0.71942246,0.706568,0.5034418,0.4108461,0.47910503,0.47670236,0.5933983,0.57654077,0.56601715,0.5510708,0.4375742,0.58328116,0.61992973,0.71620375,0.62776685,0.55616426,0.551085,0.6384112
0.73661435,0.8451044,0.7652899,0.6549238,0.632803,0.41798562,0.82107097,0.78990066,0.65375406,0.51062846,0.85223323,0.7981944,0.87941384,0.77598816,0.7928956,0.6867564,0.7904109,0.698253,0.87554306,1.0,0.39268902,0.41213775,0.73586404,0.7705169,0.45428926,0.3676722,0.52344555,0.2960355,0.8569322,0.7009261,0.6085959,0.6444016,0.8553279,0.86493134,0.74161446,0.82133496,0.37998575,0.23494545,0.54354864,0.6351429,0.41321918,0.6279034,0.74326074,0.8309927,0.07293505,0.388789,0.7827193,0.76670724,0.14490062,0.22968541,-0.18585318,-0.06998543,-0.12745771,0.2128965,0.81428474,0.68623656,0.55487704,0.45711777,-0.10075652,-0.02671622,0.012396406,0.2305406,0.03787215,0.5732952,0.11170092,0.30550525,0.84378546,0.9021643,0.72746706,0.6415455,0.30439624,0.46995738,0.7237584,0.4345287,0.4831283,0.47243115,0.48857588,0.5766027,0.73490965,0.6570609,0.8203006,0.734753,0.8118466,0.7580466,0.39739862,0.72675407,0.3394741,0.45884678,0.5875992,0.6511504,0.5644241,0.7834718,0.383441,0.6657449,0.7098353,0.7391307,0.75816023,0.72053516,0.78323185,0.7489912,0.56492114,0.5491585,0.6340311,0.67416954,0.76709086,0.75288934,0.7647105,0.7492933,0.5368376,0.68412405,0.7454025,0.76649266,0.740732,0.7407492,0.7044952,0.7447463
-0.04482999,0.19291446,0.36094058,0.26228178,0.7335052,0.78190064,0.3522464,0.6012059,0.75937897,0.786795,0.4571719,0.36740646,0.5847928,0.6868025,0.6962745,0.7722134,0.64515656,0.45368654,0.20680812,0.39268902,1.0,0.7353086,0.4124268,0.6287909,0.5717774,0.57932144,0.78730285,0.5741923,0.650115,0.6201386,0.62490654,0.63653755,0.42163673,0.49373806,0.59644306,0.6301255,0.7325636,0.6511852,0.8202991,0.74319303,0.54844046,0.722233,0.46160313,0.58697397,-0.24416883,-0.25188097,0.5347639,0.6772866,-0.12382608,-0.33477762,-0.49337912,-0.39075282,-0.38726258,-0.242618,0.6617029,0.69134426,-0.24084374,-0.3274469,-0.52268636,-0.4065087,-0.5388251,-0.22938976,-0.46866533,0.13995214,-0.3923012,-0.09313109,0.3329002,0.45620796,0.03215827,0.22483644,0.70900947,0.7222067,0.7890129,0.8019832,0.80469126,0.80220973,0.7274832,0.83116484,0.63296294,0.4915393,0.4546535,0.68183863,0.61624485,0.64512306,-0.0010495859,0.57220376,0.6444087,0.815278,0.6447839,0.7756586,0.26369977,0.43771377,0.2910921,0.6678604,0.588317,0.60614705,0.69790334,0.616858,0.49762714,0.5381424,0.6297488,0.74305826,0.6835527,0.6876154,0.6078889,0.618101,0.63766813,0.69895345,0.61696696,0.63381135,0.6715928,0.4116374,0.50961536,0.6779482,0.6949658,0.52869755
0.08713188,0.36704773,0.41350678,0.45715746,0.5535258,0.4897379,0.37929824,0.583099,0.49177572,0.51330215,0.36032322,0.36070934,0.5324167,0.6467841,0.5641544,0.6317853,0.543565,0.29218498,0.24062753,0.41213775,0.7353086,1.0,0.33022076,0.5403688,0.20122395,0.1767542,0.58799237,0.571844,0.5866806,0.5138369,0.49643007,0.53405344,0.3253814,0.35683504,0.4023019,0.42538345,0.76558125,0.646536,0.61324143,0.6268164,0.6601141,0.6519307,0.41385093,0.4871808,-0.11946526,0.037508063,0.437724,0.5204092,-0.048995152,-0.05789929,-0.20030203,-0.0372694,-0.09668872,0.053067237,0.541181,0.5022248,-0.01778951,0.012787992,-0.25590646,-0.17657143,-0.1699687,0.045698207,-0.07961847,0.40754575,-0.051603336,0.2602806,0.43115178,0.41433436,0.31619844,0.26170722,0.7968487,0.81482047,0.6783099,0.6725476,0.7634219,0.81506467,0.75852156,0.68773,0.49135417,0.47425213,0.39999893,0.66576123,0.44120634,0.5319368,-0.048583504,0.6242479,0.19992192,0.54411036,0.34390062,0.532095,0.0798645,0.30419907,0.25257432,0.4507384,0.38039163,0.38079953,0.529498,0.39453322,0.28347078,0.38222995,0.3792293,0.43519714,0.37506896,0.4111795,0.3825799,0.3985695,0.4611901,0.5663925,0.32684004,0.40288752,0.45703757,0.1889444,0.1993318,0.43077388,0.4455343,0.30088624
0.6566865,0.59135646,0.7990028,0.7505068,0.55692875,0.4291317,0.81869423,0.7945963,0.632326,0.4814118,0.711576,0.725147,0.76591104,0.62566686,0.68672425,0.5740021,0.69000036,0.6588097,0.8046169,0.73586404,0.4124268,0.33022076,1.0,0.8555827,0.5072076,0.45733714,0.36152065,0.037416868,0.7202066,0.67860407,0.83680123,0.82122576,0.8199184,0.76105666,0.7581901,0.75516194,0.44808325,0.40081772,0.58022404,0.6293838,0.322155,0.6267761,0.67768675,0.730839,0.19263214,0.24667169,0.76165295,0.72032505,0.17811514,0.16740346,-0.06922856,-0.039847974,0.025684187,0.27355167,0.7125791,0.6441178,0.48624888,0.32800037,-0.006220444,-0.008648532,0.0013384621,0.12823913,-0.009243762,0.3125431,0.09580485,0.09426858,0.66274416,0.7152061,0.46553886,0.34106615,0.36998177,0.5186895,0.6553869,0.5250686,0.52289116,0.47779748,0.5473258,0.6885238,0.693753,0.5786295,0.8457651,0.61984277,0.7706651,0.6376761,0.664888,0.6873817,0.43204343,0.43664688,0.69712114,0.60508513,0.5931625,0.78434694,0.5315638,0.696738,0.6468385,0.6680176,0.67947114,0.66589516,0.71362853,0.72087765,0.588089,0.5206994,0.508314,0.4947536,0.5617624,0.5602298,0.5128246,0.5145206,0.52461296,0.6775208,0.698089,0.69005466,0.60836077,0.55664974,0.5802117,0.60970634
0.50635856,0.6274396,0.7278797,0.6672301,0.78229153,0.60917085,0.7420131,0.86833924,0.81441087,0.7015486,0.7853269,0.72452396,0.83836436,0.8276249,0.8282188,0.7774123,0.8373026,0.6803076,0.7049266,0.7705169,0.6287909,0.5403688,0.8555827,1.0,0.66554254,0.5641697,0.6363885,0.31580362,0.86346334,0.7419053,0.83002627,0.86166614,0.7899354,0.8141486,0.7823169,0.83064187,0.5642648,0.46005994,0.75856954,0.7415394,0.4870614,0.75872076,0.68440706,0.78762007,-0.05366425,0.06257911,0.76148087,0.80875653,-0.00440258,0.0028220958,-0.3412713,-0.21599984,-0.21687226,0.063913204,0.8072033,0.73811656,0.274883,0.18759178,-0.26207858,-0.17518802,-0.24265483,0.02202715,-0.22811033,0.40794256,-0.12038714,0.11401714,0.65478736,0.7358557,0.40714508,0.3492556,0.4842101,0.66906136,0.8175076,0.63900286,0.69050443,0.65802777,0.6298868,0.8189975,0.7988907,0.6186848,0.8563572,0.8248118,0.8633755,0.74899495,0.41744906,0.819654,0.5576667,0.6676016,0.71536833,0.76945066,0.46470496,0.75977355,0.36685517,0.7590347,0.7477308,0.7528417,0.8037289,0.75489384,0.7432831,0.7420122,0.62509304,0.68315893,0.63867474,0.6632555,0.69676423,0.68377614,0.6963576,0.6928303,0.6233036,0.73689497,0.81524014,0.7183135,0.70326495,0.73933935,0.74463594,0.6995643
0.14375673,0.21395218,0.25782114,0.13533828,0.73389184,0.77498007,0.2852785,0.5202873,0.8607805,0.8438194,0.6283209,0.5127708,0.5214063,0.6377557,0.6944243,0.72578746,0.63440067,0.68611753,0.3292438,0.45428926,0.5717774,0.20122395,0.5072076,0.66554254,1.0,0.89347655,0.7106835,0.28104627,0.6264654,0.6464319,0.61838365,0.57118297,0.57390195,0.6838766,0.70180345,0.7437333,0.31352785,0.3217431,0.7218555,0.6546519,0.19574124,0.6087998,0.3961115,0.5801854,-0.28392062,-0.38998684,0.57885015,0.69074994,-0.13406676,-0.38150284,-0.64554715,-0.64364266,-0.6010051,-0.34104225,0.64951205,0.7122225,-0.13405384,-0.27346435,-0.57868296,-0.40633655,-0.6806642,-0.3997127,-0.64979243,-0.040328544,-0.546215,-0.3685053,0.25600213,0.48344725,-0.094678685,0.09284892,0.15576851,0.28400823,0.60692525,0.5899475,0.46215853,0.40016028,0.3115938,0.64507693,0.64980376,0.41432843,0.58471847,0.609612,0.7545147,0.67759985,0.22964911,0.49089873,0.8610503,0.81522983,0.7255146,0.80050284,0.40892395,0.5787089,0.15419169,0.6896444,0.75529236,0.767422,0.75865555,0.78221273,0.7041577,0.64208955,0.61659575,0.75847936,0.7581732,0.71396375,0.73211604,0.6598535,0.73250175,0.65107095,0.7538576,0.75901824,0.7827565,0.70118064,0.75028265,0.7673989,0.7679507,0.74418885
0.114063494,0.087850176,0.122841835,0.07685068,0.57200485,0.85045147,0.19533499,0.47833824,0.80027735,0.849927,0.5482367,0.5085803,0.4713692,0.56280684,0.6681531,0.716362,0.5086247,0.730484,0.27225137,0.3676722,0.57932144,0.1767542,0.45733714,0.5641697,0.89347655,1.0,0.6405753,0.24298675,0.5355431,0.7079496,0.63563865,0.529125,0.5452924,0.62936985,0.6966635,0.6910262,0.2774465,0.3919002,0.65115654,0.6978328,0.121532984,0.59850764,0.33660468,0.5738815,-0.17403738,-0.35606962,0.5807485,0.7044255,-0.09460651,-0.42952532,-0.5401244,-0.66620106,-0.5513927,-0.351061,0.63242716,0.7465849,-0.13368642,-0.3859672,-0.5930936,-0.44367108,-0.6360346,-0.46320808,-0.5819546,-0.2228928,-0.54739314,-0.53067815,0.19757818,0.4583519,-0.13895236,0.10922309,0.09660215,0.19112633,0.52439755,0.6423714,0.38989297,0.33021328,0.28871554,0.61906654,0.5683347,0.4619515,0.5160446,0.5016104,0.68074095,0.69334644,0.2950872,0.33651394,0.8612351,0.791782,0.7465033,0.77336764,0.5499145,0.5385615,0.27087528,0.6406167,0.74526256,0.7654774,0.7414224,0.8060585,0.7072235,0.6766347,0.6857423,0.7000273,0.7663868,0.6620399,0.6709863,0.6079405,0.6912859,0.5865478,0.8075254,0.7558002,0.76013017,0.7077101,0.688431,0.7206245,0.72482085,0.7123614
0.035608046,0.32436445,0.3627808,0.17472796,0.85623926,0.7733837,0.3418737,0.5523116,0.8518087,0.8217738,0.5952725,0.382928,0.6201671,0.73697454,0.77980787,0.8197141,0.68525684,0.4966722,0.284109,0.52344555,0.78730285,0.58799237,0.36152065,0.6363885,0.7106835,0.6405753,1.0,0.65668005,0.73982793,0.5928137,0.5127157,0.55873615,0.4838794,0.6213984,0.6120109,0.7073133,0.5555777,0.43832403,0.8227419,0.71633154,0.47981745,0.6725861,0.4126741,0.5900664,-0.37279743,-0.3296297,0.52372724,0.70372415,-0.15147471,-0.3285668,-0.6952217,-0.5462725,-0.62692773,-0.36296108,0.7055377,0.6958476,-0.27088457,-0.25935528,-0.6450877,-0.4161708,-0.6373014,-0.3374904,-0.598776,0.20534925,-0.5184849,-0.082068585,0.35565647,0.5172161,0.06153843,0.2806533,0.4988258,0.5779665,0.7919155,0.630257,0.6908356,0.6586845,0.5714181,0.7371009,0.6673505,0.38495913,0.47732133,0.7154023,0.7323133,0.7127274,-0.11238807,0.6029281,0.72878003,0.8774748,0.5757052,0.80404,0.22097023,0.47606733,0.08950335,0.67895585,0.70856047,0.7159494,0.7656296,0.7055788,0.59353536,0.5619892,0.6066032,0.82031757,0.7952623,0.82978123,0.77485675,0.7617764,0.801709,0.800334,0.684384,0.71368474,0.7643572,0.55490494,0.6901112,0.8259737,0.82007015,0.67702734
-0.06476602,0.22989506,0.15467769,0.06871683,0.50882876,0.4736824,0.13463031,0.3431388,0.4496727,0.4692941,0.30148077,0.18899696,0.3998492,0.506267,0.4654551,0.5463104,0.3992543,0.2188264,0.08190985,0.2960355,0.5741923,0.571844,0.037416868,0.31580362,0.28104627,0.24298675,0.65668005,1.0,0.47965252,0.34318382,0.18849035,0.2704137,0.21095414,0.31905663,0.2549261,0.35555798,0.4012329,0.3218596,0.47716036,0.42839265,0.4250047,0.4433909,0.23995087,0.3533831,-0.19510825,-0.15214571,0.23568766,0.39699516,-0.056544606,-0.15463641,-0.36375844,-0.19380865,-0.37886122,-0.18269232,0.38864148,0.40528643,-0.260462,-0.1523685,-0.39512137,-0.296436,-0.32635093,-0.28221872,-0.3176308,0.29162568,-0.28649133,0.06990996,0.23652676,0.31768999,0.097794466,0.263306,0.39680335,0.4484372,0.5083353,0.3926407,0.50357246,0.48715097,0.34408095,0.40414512,0.38318613,0.29393047,0.15692413,0.47940907,0.32530144,0.42316568,-0.2961418,0.39138246,0.29069108,0.5112283,0.22668205,0.46408278,0.012237655,0.17149034,0.011009837,0.35453194,0.34325188,0.37077293,0.4253771,0.35579243,0.26106685,0.2515676,0.2855319,0.48009068,0.41298726,0.46528676,0.37186724,0.3665027,0.46530768,0.466848,0.31784758,0.33584553,0.3894623,0.1974151,0.29758078,0.47730786,0.4616217,0.31109253
0.5544964,0.74416876,0.7062916,0.6016191,0.81357956,0.64709294,0.7251461,0.828138,0.82095724,0.71789604,0.8836659,0.77856565,0.90313405,0.8937697,0.91272193,0.8596492,0.8901446,0.739046,0.7309699,0.8569322,0.650115,0.5866806,0.7202066,0.86346334,0.6264654,0.5355431,0.73982793,0.47965252,1.0,0.8015651,0.7364606,0.76741785,0.85199064,0.88846576,0.81140715,0.88142145,0.5852165,0.45604184,0.7827386,0.8019429,0.5423165,0.7876518,0.745088,0.8654058,-0.02681184,0.16531724,0.81269974,0.85709244,0.042959534,0.06283976,-0.3499409,-0.20161313,-0.2782728,0.05548689,0.8915365,0.8161524,0.29871464,0.24723084,-0.32614493,-0.22063829,-0.2342145,0.014817436,-0.20678525,0.53169817,-0.10662494,0.18652287,0.7593604,0.84636164,0.51644444,0.49131185,0.49605283,0.63583326,0.8927706,0.64108646,0.697436,0.6734295,0.64617014,0.77156806,0.84699184,0.68581873,0.8082712,0.8580966,0.89124775,0.85010964,0.28790635,0.8115002,0.52368957,0.6923705,0.6904488,0.82020396,0.50083643,0.7980785,0.38707978,0.785821,0.8022911,0.8338117,0.8870692,0.8187587,0.81029594,0.80318457,0.66337764,0.7285925,0.7406678,0.760676,0.810466,0.7811911,0.83263326,0.8189652,0.6772489,0.78985316,0.85339695,0.7704824,0.7724095,0.8337657,0.82867646,0.8087106
0.52164257,0.54634976,0.46707425,0.53600156,0.56672823,0.76258796,0.5475722,0.78730583,0.7638212,0.77100533,0.76256627,0.85698026,0.7793678,0.8193126,0.8554241,0.8638871,0.71537274,0.9075889,0.6262301,0.7009261,0.6201386,0.5138369,0.67860407,0.7419053,0.6464319,0.7079496,0.5928137,0.34318382,0.8015651,1.0,0.80391306,0.7090139,0.8264779,0.82810044,0.84952027,0.838807,0.5124608,0.6111127,0.6791147,0.88206404,0.38366875,0.7862557,0.6306245,0.86013967,0.1183587,0.16850282,0.8514712,0.89350927,0.11791784,-0.004794922,-0.18353836,-0.27631107,-0.1810813,0.09588382,0.85620207,0.90598863,0.33460337,0.08812989,-0.33859205,-0.31019366,-0.23264803,-0.08565482,-0.12779114,0.23080565,-0.114075586,-0.12417254,0.64523727,0.8007258,0.39379317,0.44740266,0.36377987,0.48473185,0.73620236,0.8048449,0.5802301,0.57402474,0.5939447,0.7522444,0.7125519,0.8334123,0.7696743,0.7581803,0.80393064,0.92030466,0.52356243,0.646875,0.5698889,0.6958714,0.7911777,0.82067835,0.7381858,0.7861945,0.5842032,0.7362494,0.7988916,0.85769194,0.88276625,0.8908708,0.84143114,0.8930275,0.77197045,0.650802,0.7378023,0.6479025,0.7232564,0.6721838,0.77896523,0.72283334,0.769842,0.812757,0.8403919,0.8015054,0.66173565,0.7386226,0.7460624,0.8013129
0.44628152,0.4296254,0.60646087,0.6594245,0.6068814,0.6775731,0.6311564,0.80369806,0.71488535,0.68085337,0.6688472,0.71619433,0.73350155,0.70265067,0.7609317,0.738796,0.6789447,0.7196772,0.61612326,0.6085959,0.62490654,0.49643007,0.83680123,0.83002627,0.61838365,0.63563865,0.5127157,0.18849035,0.7364606,0.80391306,1.0,0.87448794,0.7519306,0.7274857,0.79731333,0.7458176,0.61822003,0.64538735,0.7259347,0.79318297,0.4376119,0.71966505,0.6206538,0.7508254,0.08192706,0.05876178,0.7805212,0.7986275,0.034435015,-0.030555705,-0.19396105,-0.23922364,-0.09361432,0.095016554,0.7656654,0.76963603,0.24274866,0.068177685,-0.21265951,-0.23550445,-0.22624733,-0.061946854,-0.15313765,0.1457673,-0.102620035,-0.11498978,0.5480529,0.65044266,0.30132776,0.23544264,0.48560384,0.61401665,0.70480776,0.75495195,0.64604056,0.60887665,0.6471528,0.8177944,0.70798016,0.65455383,0.7614308,0.67710996,0.7671236,0.7314247,0.5627983,0.65209883,0.58064234,0.6316801,0.7831175,0.7307238,0.6028989,0.7275579,0.5660272,0.7284779,0.68953353,0.71736056,0.77065015,0.74292976,0.7182181,0.7623711,0.67802894,0.6087434,0.61221987,0.5530414,0.5930408,0.5886841,0.5822178,0.5685438,0.63918394,0.7220591,0.74302816,0.66624826,0.5727301,0.6037473,0.61539704,0.6375588
0.3906722,0.48592234,0.6874612,0.67963594,0.6974606,0.5928648,0.6460063,0.7853222,0.7072078,0.63812065,0.6403459,0.6239086,0.7310838,0.72143406,0.7346926,0.7056004,0.72611094,0.6128927,0.61777544,0.6444016,0.63653755,0.53405344,0.82122576,0.86166614,0.57118297,0.529125,0.55873615,0.2704137,0.76741785,0.7090139,0.87448794,1.0,0.68992484,0.6717908,0.7149685,0.72132814,0.65102845,0.6098596,0.7446682,0.7215725,0.47593403,0.7166249,0.61498946,0.7357062,-0.015826551,0.02004746,0.70442235,0.7455159,0.0012184681,-0.012698417,-0.24066971,-0.18253158,-0.12612315,0.11665754,0.7384568,0.7157427,0.2239424,0.13316731,-0.21271464,-0.16616464,-0.20132923,-0.013180135,-0.18193117,0.30977744,-0.11518208,0.07466567,0.5805318,0.6289816,0.33323634,0.16895497,0.5744169,0.696507,0.7599859,0.6666346,0.68858653,0.64856416,0.6729639,0.7819211,0.7263134,0.5954842,0.7225749,0.7114885,0.74466455,0.6703332,0.38205525,0.7000687,0.5231631,0.61463106,0.69016415,0.71225137,0.43332863,0.6758808,0.4384022,0.70150274,0.6147371,0.64721155,0.7156132,0.65741247,0.6637819,0.6859011,0.5843302,0.60574377,0.5794043,0.59219337,0.5805787,0.61488426,0.5792542,0.61283964,0.5020707,0.6439444,0.69696957,0.6040692,0.5881236,0.6341339,0.60738623,0.57436866
