1.0,0.89598006,0.8952498,0.8949372,0.89178896,0.878476,0.8954909,0.89448386,0.8902701,0.8892576,0.8950304,0.89483833,0.8942329,0.88891536,0.86950374,0.88771045,0.8941752,0.8933215,0.8957253,0.8957063,0.89290464,0.8926989,0.893953,0.8917785,0.8735904,0.8808996,0.89101475,0.8909222,0.8938214,0.8939589,0.89336276,0.8946357,0.89521855,0.89524037,0.8927783,0.86750615,0.8926141,0.89269185,0.89381325,0.8929815,0.89444274,0.8932564,0.85501266,0.84063286,0.72649,0.67291063,0.8921444,0.89021,0.44686472,0.32160917,0.72817767,0.7643507,0.73449826,0.55618054,0.88705087,0.8873104,0.89373064,0.8912652,0.86424047,0.8642105,0.87591416,0.8618706,0.88531077,0.88386685,0.79587024,0.8581164,0.888191,0.88851,0.89323765,0.8791635,0.8939699,0.8940292,0.89410573,0.8944421,0.8924883,0.8943349,0.8932614,0.89474684,0.89514405,0.8936998,0.89179474,0.8893833,0.8832875,0.88588506,0.89166564,0.88959074,0.87754565,0.8834473,0.88058907,0.88505155,0.8692779,0.85438275,0.672578,0.8550284,0.83332187,0.86771727,0.88469225,0.87023157,0.84904975,0.86426634,0.33739617,0.5568836,0.57477003,0.8002024,0.84668994,0.8217995,0.83797336,0.8676808,0.49444988,0.8570289,0.87402886,0.70709765,0.27918938,0.65795225,0.8204771,0.79482895
0.89598006,1.0,0.8949994,0.8943912,0.8918477,0.87725043,0.8949731,0.89354515,0.8892373,0.8880036,0.8941499,0.8946145,0.893017,0.8888289,0.866632,0.8873339,0.8938233,0.8939134,0.8953537,0.89623857,0.89269865,0.89248997,0.89319545,0.89091,0.87474275,0.8796698,0.8906703,0.8904687,0.8936016,0.8936304,0.8924599,0.8943733,0.89498484,0.895553,0.8918829,0.8645412,0.89283437,0.89323795,0.8939632,0.89344937,0.8946135,0.893237,0.85458004,0.84165883,0.7270006,0.6667633,0.89168644,0.88977206,0.44843826,0.3199646,0.7220757,0.76095015,0.73445225,0.5618108,0.88754666,0.8877405,0.89317584,0.8939191,0.86387086,0.8652528,0.8742646,0.86172855,0.8838405,0.8860624,0.7890661,0.85711646,0.8883263,0.88851273,0.89395887,0.8818666,0.8936739,0.89376897,0.89335954,0.8939842,0.8923711,0.89368975,0.8928517,0.8946417,0.8941407,0.8930997,0.8907196,0.8904228,0.88462293,0.88683665,0.8904706,0.89127606,0.87906474,0.8839707,0.88000107,0.88612354,0.8689719,0.85450524,0.6778415,0.85601497,0.8353337,0.8679044,0.8853881,0.87155885,0.84822565,0.8631338,0.33676583,0.5607115,0.5817203,0.79878837,0.84728307,0.81848794,0.8356079,0.867068,0.49724272,0.85843134,0.8729206,0.7030163,0.27538723,0.65866756,0.8201063,0.79461145
0.8952498,0.8949994,1.0,0.8964037,0.89296174,0.8798525,0.89647377,0.8959926,0.8930931,0.8926506,0.8955992,0.89623314,0.8956081,0.893262,0.87429434,0.8906588,0.8956105,0.89425516,0.89621925,0.8957977,0.8943625,0.8942668,0.8960933,0.89491075,0.8768426,0.8834436,0.8925703,0.8916706,0.89579797,0.895497,0.89524645,0.89584476,0.8953602,0.89565057,0.89237005,0.86903787,0.89400375,0.89344954,0.89437395,0.8939105,0.89514107,0.8935783,0.85382974,0.83895594,0.73274493,0.6682267,0.8934922,0.89132714,0.43931368,0.309501,0.7255765,0.771205,0.7374604,0.55857396,0.8877394,0.8875501,0.89205456,0.8907817,0.86509883,0.8623042,0.8792544,0.85865843,0.88684607,0.8822811,0.79713404,0.85873204,0.88691306,0.8879048,0.8914865,0.8728637,0.8958073,0.89572036,0.8953092,0.8951101,0.89303625,0.89526474,0.8936092,0.894842,0.89521676,0.8936774,0.89278156,0.8917307,0.881696,0.88709766,0.8923178,0.8907852,0.87436444,0.8856304,0.884154,0.8887049,0.8705997,0.85873634,0.68376696,0.85903674,0.8356495,0.8698209,0.8861776,0.87368125,0.8477539,0.8668826,0.33768463,0.5593492,0.56282806,0.8063481,0.8461349,0.82124627,0.8342047,0.86974144,0.5003165,0.85921973,0.8766068,0.70494187,0.2958356,0.66167,0.8217184,0.8027315
0.8949372,0.8943912,0.8964037,1.0,0.8924328,0.88015336,0.8959704,0.8961854,0.89305454,0.8924777,0.89543635,0.89601403,0.8957632,0.8934038,0.87550485,0.8905155,0.8956609,0.89381284,0.8960603,0.89548767,0.8940029,0.8939107,0.8964909,0.89513284,0.87540555,0.88248825,0.8926806,0.89142257,0.8956637,0.8954452,0.8951052,0.89533615,0.8953148,0.8953336,0.8921305,0.8679041,0.89384055,0.8933126,0.8942083,0.8937812,0.8948481,0.8930576,0.8533048,0.83795655,0.73418266,0.6677684,0.89391476,0.8903386,0.43559876,0.30855173,0.7289598,0.77412117,0.7375354,0.55709684,0.88872534,0.88781965,0.89201933,0.8894989,0.86638075,0.86198145,0.8804194,0.856523,0.88701516,0.881568,0.7986654,0.85804075,0.8869048,0.88768554,0.890836,0.8724886,0.89585924,0.89547163,0.89537835,0.8947848,0.89334196,0.89518875,0.8933653,0.8946994,0.8954659,0.8935433,0.8929459,0.8916555,0.8798929,0.88730234,0.8925595,0.89013666,0.8728676,0.8857269,0.88398874,0.8885617,0.8712041,0.8602685,0.6823598,0.85928,0.836272,0.8687295,0.8861236,0.8736742,0.847496,0.8675836,0.34389225,0.5602116,0.5626715,0.8048727,0.8466188,0.82266134,0.8355187,0.8695914,0.5039822,0.8599196,0.877717,0.7064697,0.29321364,0.6611634,0.82466495,0.801195
0.89178896,0.8918477,0.89296174,0.8924328,1.0,0.8836555,0.89357674,0.8918878,0.8915753,0.8916511,0.89376616,0.89289707,0.89285094,0.8923042,0.8712813,0.8893307,0.8921561,0.8927459,0.8923937,0.8923383,0.8913458,0.89123756,0.892145,0.8923386,0.8751966,0.88135064,0.89295334,0.89098233,0.8934287,0.8928982,0.8921376,0.8925958,0.89082175,0.8915541,0.88861984,0.86619246,0.89209384,0.89074504,0.8916199,0.89103264,0.8925614,0.89040107,0.84631175,0.83882505,0.73526514,0.6598779,0.8904446,0.8879878,0.4519265,0.32011947,0.71755224,0.7670401,0.73273826,0.54889876,0.88271666,0.88620144,0.88684034,0.8876514,0.8569651,0.8568448,0.87329704,0.850384,0.88402736,0.87675905,0.79234356,0.8602785,0.88243,0.8849159,0.8867476,0.8681685,0.89287907,0.8922824,0.8926649,0.8924778,0.89082783,0.892318,0.8923122,0.89213103,0.8927223,0.8914631,0.890182,0.887548,0.88603026,0.8858075,0.8889057,0.8885077,0.8804226,0.8841511,0.88186634,0.88621813,0.8629466,0.854167,0.68005717,0.85594267,0.83025527,0.8703848,0.882124,0.8756439,0.85177433,0.8684689,0.33423075,0.5674266,0.5578621,0.7994879,0.84095603,0.82590234,0.82966954,0.86286855,0.49772814,0.8527067,0.8670738,0.70391095,0.30384246,0.6579193,0.81967026,0.8026992
0.878476,0.87725043,0.8798525,0.88015336,0.8836555,1.0,0.8814545,0.8813969,0.8806518,0.8822224,0.8828153,0.8816554,0.8834177,0.8821083,0.8740548,0.8831716,0.8806334,0.8810258,0.880193,0.87933326,0.8808071,0.8812563,0.87923986,0.8811832,0.870195,0.87786174,0.88504416,0.88743407,0.88187283,0.8813627,0.8820715,0.8809491,0.8801396,0.8788661,0.87570465,0.8426228,0.8834792,0.8809628,0.88188374,0.8811866,0.8803884,0.8781722,0.8426118,0.81176776,0.7341254,0.64144504,0.8789759,0.87123513,0.46290985,0.3192337,0.7191734,0.762183,0.7156776,0.5351718,0.87476146,0.87648416,0.87495726,0.87247735,0.8500628,0.8460186,0.8570654,0.8227059,0.8700546,0.8632007,0.7816593,0.84004843,0.86964875,0.8674216,0.8733207,0.8526245,0.8819335,0.88108677,0.87889475,0.8787215,0.8755353,0.87771916,0.87844604,0.87729067,0.88111234,0.87920696,0.88295317,0.87563276,0.8770355,0.88172203,0.880194,0.8710094,0.87237614,0.8808978,0.87664706,0.87340313,0.85210985,0.8371601,0.6507998,0.83364564,0.8440009,0.85590106,0.8792619,0.8637339,0.8513627,0.8449146,0.32615602,0.527736,0.56005144,0.7742697,0.828497,0.82518655,0.82032025,0.8437751,0.48568386,0.8573639,0.8636982,0.71074146,0.2931662,0.631008,0.81318146,0.8155706
0.8954909,0.8949731,0.89647377,0.8959704,0.89357674,0.8814545,1.0,0.89597183,0.8932459,0.892814,0.89609754,0.8962136,0.8958657,0.8929022,0.8748,0.891402,0.8957584,0.8948844,0.89615154,0.89577734,0.89511395,0.89485323,0.8956468,0.8946506,0.8770899,0.88365984,0.89279157,0.89273876,0.89579463,0.89593565,0.8953199,0.8961739,0.89555305,0.89562744,0.89253247,0.8684401,0.894588,0.89431524,0.89498246,0.89460856,0.89550436,0.89449656,0.8544922,0.83804077,0.7299382,0.66761214,0.89390224,0.89124316,0.44064486,0.30723068,0.72514975,0.7700777,0.73563266,0.55971086,0.8877807,0.8891867,0.89188844,0.89068943,0.8645397,0.862879,0.87736386,0.8571688,0.8860753,0.88239473,0.796586,0.857036,0.88648295,0.88742286,0.89121425,0.87316513,0.895769,0.89577234,0.8954127,0.8956752,0.8929298,0.8953894,0.89403385,0.8950711,0.8956027,0.894392,0.8930954,0.89165604,0.88361937,0.88813096,0.89250475,0.8906501,0.8764476,0.8872651,0.8841383,0.8886864,0.87082076,0.8568897,0.67904663,0.85743636,0.83751625,0.8693759,0.8871419,0.87291735,0.85044485,0.86544365,0.33777848,0.5552601,0.567363,0.8035241,0.8478357,0.82518053,0.8353938,0.8692448,0.49505287,0.8606686,0.87673175,0.71056044,0.29007554,0.6592348,0.8231385,0.8040231
0.89448386,0.89354515,0.8959926,0.8961854,0.8918878,0.8813969,0.89597183,1.0,0.89375585,0.8933506,0.89530355,0.8959727,0.89585656,0.89264077,0.87652934,0.8903864,0.8955707,0.8936669,0.8956011,0.89478904,0.89429814,0.89402413,0.8958934,0.8949455,0.8737524,0.88337624,0.89227396,0.89164597,0.89540464,0.8956508,0.8953867,0.8956287,0.89509076,0.8950846,0.8928495,0.8686972,0.89370346,0.8932814,0.894193,0.89337736,0.89439803,0.89323914,0.8519931,0.8386499,0.73047894,0.6687234,0.8942932,0.89046615,0.4370122,0.2959419,0.7299773,0.7739757,0.7371301,0.5548725,0.8879497,0.88796985,0.8917194,0.8881129,0.86675674,0.86077064,0.8801786,0.8558695,0.8865146,0.8801978,0.804802,0.8550422,0.8863731,0.8867795,0.8905576,0.8704572,0.89552855,0.8956887,0.89543647,0.8951846,0.89296925,0.8951647,0.89360905,0.89447427,0.89534277,0.8934292,0.8930477,0.8908034,0.87838167,0.8860892,0.89286697,0.8890435,0.8711839,0.88576674,0.8846296,0.8882546,0.870153,0.85787827,0.67738837,0.85818934,0.838701,0.86631525,0.8866301,0.87229496,0.84913033,0.8660984,0.33999637,0.5553808,0.5616068,0.8047457,0.84676266,0.822833,0.83358634,0.86905676,0.4990791,0.86173767,0.8787149,0.71169364,0.29308528,0.6606587,0.8238971,0.80461013
0.8902701,0.8892373,0.8930931,0.89305454,0.8915753,0.8806518,0.8932459,0.89375585,1.0,0.8947998,0.8931111,0.89291894,0.8936646,0.8920106,0.878759,0.8897181,0.89344096,0.8909088,0.8924287,0.8916494,0.89317703,0.89271164,0.8934281,0.89423513,0.8693722,0.8845289,0.8906593,0.88841337,0.8941498,0.8939974,0.8935784,0.89299655,0.8904459,0.8911975,0.8883801,0.8639851,0.89151,0.8914019,0.8927217,0.89101726,0.8929211,0.89208114,0.84220934,0.8333963,0.726053,0.6593124,0.8921089,0.88606054,0.44214222,0.28680527,0.71905464,0.7751232,0.7272633,0.5469752,0.88461465,0.8863808,0.88560724,0.8822232,0.8637262,0.84655637,0.87854856,0.845751,0.8834605,0.87310404,0.8023636,0.8559238,0.8789584,0.8795553,0.88521796,0.86340344,0.8929883,0.893731,0.8941322,0.8935914,0.8916175,0.89364994,0.8922113,0.8923403,0.8924163,0.8905807,0.8906811,0.88632685,0.877517,0.8822988,0.8902733,0.8856928,0.86965334,0.88400096,0.8849487,0.8864032,0.86670357,0.85803443,0.67285794,0.8634626,0.83500534,0.8666051,0.88277394,0.86761737,0.8490278,0.86848015,0.3215129,0.55139697,0.552123,0.7960106,0.8450768,0.8275683,0.8324717,0.87258387,0.5031488,0.8564417,0.87358207,0.7040699,0.29328647,0.6604724,0.82470787,0.80395997
0.8892576,0.8880036,0.8926506,0.8924777,0.8916511,0.8822224,0.892814,0.8933506,0.8947998,1.0,0.89231646,0.89224106,0.892995,0.89265984,0.87919927,0.88955337,0.8923659,0.8903954,0.8917819,0.890192,0.8916078,0.8913749,0.892943,0.89417577,0.87224144,0.8832889,0.89087254,0.88924974,0.8932224,0.892875,0.8936406,0.8924277,0.889828,0.89020866,0.8869179,0.86578995,0.89099324,0.8898298,0.8908375,0.8896979,0.89118826,0.8898554,0.84137136,0.8322994,0.7225976,0.6665267,0.8910865,0.8868004,0.439806,0.28528258,0.7204063,0.7785169,0.72988105,0.5394872,0.881621,0.88368744,0.8842858,0.881019,0.85841805,0.8466775,0.8771521,0.847986,0.8854343,0.87011576,0.8023648,0.8570322,0.87818325,0.8792252,0.88364697,0.85889775,0.89233255,0.89276224,0.8927198,0.892123,0.88956857,0.8920107,0.89113975,0.89069474,0.891513,0.8903586,0.89081866,0.8857173,0.8767354,0.8812686,0.88929695,0.8833274,0.86901677,0.88218087,0.88544405,0.8860412,0.86422884,0.85459906,0.67560434,0.8611472,0.8323288,0.86651295,0.88089234,0.8698493,0.84804606,0.86788595,0.32550678,0.5522302,0.5427042,0.8010622,0.8422111,0.8259376,0.82881844,0.869693,0.48348543,0.85225827,0.8719418,0.7026859,0.3058528,0.65525883,0.8185196,0.8085136
0.8950304,0.8941499,0.8955992,0.89543635,0.89376616,0.8828153,0.89609754,0.89530355,0.8931111,0.89231646,1.0,0.89587945,0.89609945,0.8928774,0.8766732,0.8917701,0.8952734,0.89447486,0.8955733,0.8949978,0.89480186,0.8945534,0.8951852,0.8942146,0.87692356,0.8844981,0.893255,0.8932095,0.8958302,0.89544123,0.8949856,0.8953389,0.89478415,0.8945298,0.8913424,0.8663779,0.89498466,0.89418405,0.89474094,0.8943595,0.89496046,0.8940102,0.85560715,0.83625895,0.73451126,0.66646755,0.89337337,0.8899261,0.44167522,0.3211528,0.72812235,0.7702086,0.735881,0.5513103,0.88745004,0.88786805,0.8911284,0.88915545,0.86314756,0.86253846,0.87548006,0.8542713,0.8850515,0.879714,0.7951497,0.85869074,0.8856592,0.88675994,0.8898743,0.87314796,0.89524627,0.8950834,0.894762,0.89493304,0.89240956,0.8947089,0.89400595,0.8946439,0.8956679,0.8942774,0.893588,0.8906309,0.8845978,0.8886648,0.8922334,0.8893284,0.8777011,0.88713425,0.8844437,0.8870894,0.8677505,0.8578755,0.6756377,0.8563894,0.8370829,0.8700494,0.8866408,0.87199587,0.8514078,0.8655415,0.33964062,0.5510821,0.56502897,0.80027896,0.84621346,0.82893604,0.83553696,0.8681051,0.49265295,0.860056,0.8754682,0.7125936,0.29523885,0.65871525,0.8226035,0.8043417
0.89483833,0.8946145,0.89623314,0.89601403,0.89289707,0.8816554,0.8962136,0.8959727,0.89291894,0.89224106,0.89587945,1.0,0.89586455,0.89310074,0.87622803,0.8918788,0.8956326,0.89475876,0.89575183,0.8954857,0.8948226,0.89505774,0.89571226,0.8948887,0.87776804,0.8848912,0.8930542,0.89287585,0.89598185,0.8960079,0.89552367,0.89590776,0.8956002,0.8956013,0.892601,0.8670458,0.8949353,0.8942032,0.89478606,0.8945828,0.8952523,0.8939942,0.85695785,0.8377087,0.73407423,0.6640924,0.8940847,0.890418,0.44383693,0.30715647,0.7258957,0.7692186,0.7417776,0.5615556,0.88862795,0.8879308,0.8919496,0.8905691,0.8654503,0.8644666,0.87834615,0.8562452,0.88579106,0.8821818,0.7972924,0.85581,0.88679177,0.8874497,0.89082736,0.8727096,0.8959679,0.89600253,0.8950906,0.8952281,0.8925713,0.89504695,0.89387184,0.8947083,0.8953746,0.8939497,0.8932401,0.8919232,0.8817804,0.88884836,0.89249724,0.89071083,0.8745959,0.8875065,0.8843888,0.8886164,0.8693183,0.8583184,0.68242127,0.85754776,0.83985543,0.86842734,0.888193,0.87267023,0.84857106,0.8641975,0.34195983,0.5513534,0.5624295,0.8034715,0.8460532,0.82239515,0.83336383,0.86778843,0.50156367,0.86281884,0.8778954,0.7124978,0.29933384,0.658123,0.8241708,0.8065223
0.8942329,0.893017,0.8956081,0.8957632,0.89285094,0.8834177,0.8958657,0.89585656,0.8936646,0.892995,0.89609945,0.89586455,1.0,0.89351577,0.87972146,0.8920304,0.8956369,0.89337426,0.8953017,0.8944483,0.89436406,0.8942857,0.8958794,0.8951441,0.87583613,0.8848489,0.8933987,0.8928276,0.8957787,0.89543283,0.8953563,0.8950679,0.89472175,0.89433116,0.89137524,0.8654075,0.8946361,0.89343476,0.8944912,0.8938692,0.8946361,0.89320153,0.85363936,0.8344664,0.73540765,0.6636106,0.89389443,0.8891175,0.4398079,0.31066406,0.72772074,0.7747024,0.736807,0.55343837,0.8889357,0.8877836,0.8912616,0.88751954,0.8648226,0.86021006,0.8776329,0.8536647,0.88622963,0.8790064,0.79815084,0.85756934,0.8846136,0.88557285,0.8891216,0.87061054,0.8957328,0.8953689,0.8949182,0.8945718,0.89222664,0.89462036,0.89336526,0.8939151,0.8953875,0.8932402,0.89379275,0.8903896,0.8814109,0.8887671,0.8930418,0.8884763,0.87444466,0.8876646,0.8859572,0.88809377,0.8700111,0.8610255,0.67838186,0.8579387,0.83947074,0.8701959,0.8874433,0.8717616,0.8498712,0.8661838,0.3426821,0.54973966,0.5597165,0.80098695,0.84412336,0.8281218,0.83456665,0.86895406,0.49826175,0.8618033,0.87765384,0.71182,0.2972087,0.65452987,0.8245079,0.80565363
0.88891536,0.8888289,0.893262,0.8934038,0.8923042,0.8821083,0.8929022,0.89264077,0.8920106,0.89265984,0.8928774,0.89310074,0.89351577,1.0,0.88057745,0.89131784,0.8923536,0.89229625,0.89185166,0.89095086,0.89082354,0.89106816,0.8939298,0.894614,0.87701094,0.88238716,0.89168185,0.8894837,0.894006,0.89252895,0.89237374,0.8917211,0.89057904,0.8905143,0.8862806,0.86406684,0.89229244,0.8900228,0.89028233,0.89056075,0.8908251,0.8882033,0.84672725,0.82837594,0.7423257,0.657968,0.8903309,0.8867081,0.43054202,0.30772483,0.7143007,0.77975595,0.7382029,0.55416393,0.8847911,0.8838091,0.88419586,0.88456416,0.8596291,0.8542753,0.8764168,0.84453946,0.8840107,0.8733074,0.7883425,0.85956854,0.8795028,0.88236904,0.8828529,0.86018014,0.8930692,0.892095,0.89107704,0.8902125,0.8882472,0.89050734,0.88944656,0.88957185,0.8917289,0.88970476,0.8911917,0.8908856,0.8799042,0.887557,0.8888706,0.88684064,0.87181336,0.8857798,0.8869573,0.8890816,0.86517334,0.8595185,0.6873228,0.85580444,0.8349665,0.8707919,0.88414085,0.87837684,0.8471407,0.86732525,0.3434836,0.56105876,0.5352778,0.807342,0.8396721,0.82436067,0.82367474,0.86308926,0.5045042,0.8578631,0.8725419,0.69890225,0.32016426,0.6598313,0.8179538,0.8067466
0.86950374,0.866632,0.87429434,0.87550485,0.8712813,0.8740548,0.8748,0.87652934,0.878759,0.87919927,0.8766732,0.87622803,0.87972146,0.88057745,1.0,0.8848238,0.876297,0.874372,0.8753968,0.871446,0.8767333,0.8781275,0.8771361,0.88109523,0.8670005,0.88073623,0.8766005,0.8755554,0.8779148,0.877147,0.8786485,0.8736974,0.8744634,0.8709836,0.8636259,0.83623403,0.8793767,0.87518567,0.87499684,0.8761909,0.87214696,0.8724187,0.84472084,0.782659,0.7286424,0.62758267,0.87403053,0.8623211,0.45042023,0.29373547,0.7083637,0.77917993,0.73266107,0.55274415,0.8726122,0.8665032,0.86557263,0.85787475,0.843449,0.82616526,0.8491594,0.8126749,0.86524695,0.84463745,0.77054965,0.83117026,0.8534016,0.8525405,0.8585268,0.8373871,0.87536514,0.87580854,0.87118405,0.8726872,0.86508036,0.87101585,0.87242657,0.8705191,0.87428075,0.8727017,0.8819772,0.8707279,0.8622761,0.87959635,0.8751422,0.8620051,0.8506758,0.8789832,0.8841174,0.87117565,0.84865516,0.84421164,0.6527531,0.840516,0.84473574,0.8541196,0.8760109,0.85376555,0.828168,0.8432536,0.35786965,0.4716793,0.49555972,0.7820768,0.81521183,0.8176539,0.7965198,0.8495625,0.49622688,0.85731137,0.86230713,0.70845807,0.32801378,0.6020039,0.807457,0.8239128
0.88771045,0.8873339,0.8906588,0.8905155,0.8893307,0.8831716,0.891402,0.8903864,0.8897181,0.88955337,0.8917701,0.8918788,0.8920304,0.89131784,0.8848238,1.0,0.8918342,0.8911377,0.8906077,0.8899718,0.89171296,0.8927081,0.8910175,0.89278394,0.88081014,0.8865639,0.8904516,0.8910429,0.89196306,0.8923965,0.8919693,0.89156765,0.8905909,0.88955426,0.8837559,0.85440314,0.8931507,0.89160997,0.8908112,0.89215106,0.8903423,0.8904206,0.85962063,0.8157833,0.73547924,0.6487464,0.88906115,0.88269377,0.4444134,0.2999255,0.7157425,0.7767008,0.7411964,0.57010347,0.8848503,0.88438874,0.8830616,0.88271105,0.8578156,0.85510534,0.86711115,0.84006816,0.8789118,0.87255335,0.7806553,0.8504921,0.8760291,0.8760161,0.88129896,0.8623756,0.8916231,0.8917783,0.8886877,0.89032346,0.88450235,0.8886276,0.88953936,0.8889152,0.8898048,0.88963234,0.8903675,0.88889945,0.88159645,0.8921348,0.88830936,0.8845439,0.8730466,0.8910778,0.8864487,0.88610226,0.86594284,0.85794973,0.6768955,0.85347915,0.84663486,0.86872464,0.8875553,0.86729395,0.8423754,0.854602,0.35499308,0.5189133,0.551254,0.79380196,0.84169555,0.8252644,0.82680315,0.86590785,0.48861367,0.86430657,0.8735332,0.71887493,0.312862,0.6410044,0.8255213,0.81818867
0.8941752,0.8938233,0.8956105,0.8956609,0.8921561,0.8806334,0.8957584,0.8955707,0.89344096,0.8923659,0.8952734,0.8956326,0.8956369,0.8923536,0.876297,0.8918342,1.0,0.8934998,0.89530224,0.89518034,0.89479786,0.894308,0.8955972,0.89453167,0.8753025,0.8823856,0.8926401,0.89224035,0.895633,0.8957952,0.8950248,0.8957649,0.8952066,0.89542216,0.8917061,0.86436427,0.8943507,0.8946576,0.89506674,0.8948424,0.89547735,0.8945186,0.8528161,0.83750254,0.73031825,0.66217965,0.8944237,0.8894013,0.4358362,0.2963931,0.72696286,0.77303994,0.7331646,0.5598354,0.8903357,0.89016104,0.8916253,0.88927895,0.8648923,0.86170346,0.8781402,0.85600394,0.8849775,0.88144255,0.79620904,0.8559737,0.8853888,0.88597673,0.8904597,0.8726619,0.89572823,0.8957714,0.8954219,0.8953056,0.89310557,0.8952497,0.8939041,0.8947757,0.8951975,0.8936882,0.8926853,0.8911465,0.8810193,0.88855225,0.8928275,0.8906579,0.873745,0.8884842,0.88462025,0.89020836,0.87167716,0.86111003,0.6805754,0.8588851,0.8393157,0.86996925,0.8873,0.87002164,0.84906477,0.86630136,0.34078845,0.55222505,0.5723676,0.7979575,0.8504013,0.82599616,0.8373792,0.87182486,0.5014124,0.8625383,0.87839377,0.71181405,0.28086287,0.65731525,0.83078575,0.80382085
0.8933215,0.8939134,0.89425516,0.89381284,0.8927459,0.8810258,0.8948844,0.8936669,0.8909088,0.8903954,0.89447486,0.89475876,0.89337426,0.89229625,0.874372,0.8911377,0.8934998,1.0,0.8941907,0.89439285,0.8937651,0.89370805,0.8932362,0.89273995,0.8777075,0.88317996,0.8914682,0.89141583,0.8946204,0.894896,0.8933032,0.89434206,0.89422905,0.8939998,0.8903517,0.86334074,0.8946065,0.89447385,0.8940175,0.89432454,0.89402956,0.8931356,0.85388064,0.8326056,0.7289086,0.6679093,0.8922274,0.8894771,0.44660753,0.30464557,0.71562624,0.76845974,0.7425506,0.56059134,0.8865966,0.8882207,0.88819146,0.8906421,0.86315733,0.86181664,0.8730888,0.84985965,0.88183624,0.8805301,0.7861013,0.85419494,0.88392115,0.8851692,0.8886552,0.872876,0.8938615,0.89397347,0.89269066,0.89414835,0.8908039,0.89300495,0.89290243,0.89381516,0.89446837,0.8945244,0.8919838,0.89289856,0.88449615,0.88980967,0.8896713,0.8896555,0.87764543,0.8880439,0.88339025,0.88800734,0.8659416,0.8531232,0.6791963,0.8538237,0.8410184,0.86736465,0.88759744,0.8751945,0.8497409,0.8621274,0.33509257,0.5516344,0.5635322,0.80352473,0.84625465,0.823902,0.8299183,0.86562145,0.49778432,0.8632644,0.87399256,0.7111014,0.28926143,0.65941215,0.8198823,0.8067639
0.8957253,0.8953537,0.89621925,0.8960603,0.8923937,0.880193,0.89615154,0.8956011,0.8924287,0.8917819,0.8955733,0.89575183,0.8953017,0.89185166,0.8753968,0.8906077,0.89530224,0.8941907,1.0,0.89607525,0.8946123,0.8942193,0.8954103,0.8939002,0.8764586,0.8837596,0.89218545,0.8920993,0.89526904,0.8952189,0.89471245,0.8954087,0.89580035,0.8955772,0.8918168,0.8672023,0.8942414,0.8939931,0.8948799,0.894496,0.8950114,0.8940234,0.8557741,0.8356385,0.7286253,0.6672268,0.8931718,0.8905368,0.44144136,0.3111967,0.73117566,0.7703351,0.7356608,0.5592817,0.88890475,0.8888006,0.8928063,0.8910147,0.8662229,0.86377877,0.8770004,0.85799396,0.88587385,0.8829258,0.79716974,0.85587,0.88733804,0.8871521,0.89160115,0.8752123,0.895158,0.8951478,0.8946856,0.89489186,0.8923384,0.8949176,0.89331806,0.8948812,0.8952561,0.8938633,0.89368606,0.89109915,0.8829488,0.88812333,0.8928529,0.8898588,0.8756532,0.88669854,0.8844574,0.8875666,0.8716438,0.85706854,0.67766434,0.8565242,0.83939695,0.86807936,0.8873456,0.8721618,0.8500225,0.86502993,0.33972317,0.5503178,0.56763405,0.80416715,0.8459102,0.8234866,0.8363898,0.86872923,0.4989386,0.8617415,0.87720805,0.70650005,0.2850256,0.65543926,0.82239074,0.80495304
0.8957063,0.89623857,0.8957977,0.89548767,0.8923383,0.87933326,0.89577734,0.89478904,0.8916494,0.890192,0.8949978,0.8954857,0.8944483,0.89095086,0.871446,0.8899718,0.89518034,0.89439285,0.89607525,1.0,0.89420897,0.8940745,0.89463806,0.89304227,0.8758825,0.8822548,0.8917636,0.891473,0.8947644,0.89492303,0.8938979,0.89541304,0.89567834,0.8961078,0.89170665,0.8631969,0.8939493,0.8944566,0.8951225,0.89471316,0.89557225,0.8944449,0.85525864,0.83845747,0.73090476,0.6618943,0.8931865,0.889292,0.44700146,0.3104925,0.72151524,0.7645938,0.73447174,0.5655731,0.8896637,0.88913333,0.89267325,0.892885,0.8664714,0.8631036,0.8762568,0.85822964,0.88462156,0.8850665,0.7906753,0.85746014,0.88705766,0.8870069,0.89324415,0.87958133,0.89498365,0.895229,0.8943879,0.8949215,0.8928348,0.8946559,0.89343804,0.8950536,0.89469665,0.8933907,0.8918116,0.89152247,0.88404375,0.8885668,0.8921244,0.89121526,0.87819505,0.88674355,0.8833649,0.8878642,0.8714178,0.85853994,0.6781444,0.8585511,0.8400251,0.869475,0.88748276,0.8715671,0.8496192,0.86381334,0.33832675,0.55585545,0.57951957,0.7987378,0.84805757,0.8222191,0.83749545,0.86994934,0.501524,0.86185616,0.8755087,0.7061029,0.27822846,0.6589589,0.8243853,0.79927987
0.89290464,0.89269865,0.8943625,0.8940029,0.8913458,0.8808071,0.89511395,0.89429814,0.89317703,0.8916078,0.89480186,0.8948226,0.89436406,0.89082354,0.8767333,0.89171296,0.89479786,0.8937651,0.8946123,0.89420897,1.0,0.8958673,0.89366585,0.89319545,0.8770732,0.88477653,0.89157015,0.89238596,0.8948654,0.89576715,0.8947281,0.8953965,0.89443827,0.894104,0.88955235,0.8630156,0.89449215,0.89517325,0.89541394,0.8954407,0.89522606,0.89586383,0.8578926,0.8332759,0.7261003,0.6560606,0.8933256,0.8880587,0.44423604,0.3006072,0.72493464,0.7651409,0.73190475,0.5655472,0.887848,0.88997304,0.8900182,0.88917017,0.86452234,0.8626938,0.8727665,0.8510389,0.88196814,0.8811642,0.79142594,0.84874,0.88428205,0.88362616,0.8883443,0.8720132,0.8945623,0.8951665,0.89422065,0.89504594,0.8908868,0.8945732,0.8926204,0.8938612,0.89353967,0.89295626,0.8923727,0.88999546,0.88206947,0.8881366,0.89110833,0.88894475,0.87464505,0.88912004,0.8832336,0.88755184,0.87181026,0.8566426,0.6736089,0.85639626,0.8448973,0.8647865,0.8886992,0.86765033,0.8521644,0.86073637,0.33929223,0.53690165,0.5781983,0.79874617,0.849079,0.8288121,0.83519566,0.86927813,0.50041467,0.8658209,0.87876827,0.7165238,0.28315493,0.6506959,0.8268968,0.8090874
0.8926989,0.89248997,0.8942668,0.8939107,0.89123756,0.8812563,0.89485323,0.89402413,0.89271164,0.8913749,0.8945534,0.89505774,0.8942857,0.89106816,0.8781275,0.8927081,0.894308,0.89370805,0.8942193,0.8940745,0.8958673,1.0,0.89383036,0.89383346,0.8791612,0.886939,0.8918239,0.89254993,0.8948962,0.8955434,0.89517987,0.8952621,0.8943893,0.89401186,0.8894018,0.86164975,0.8947834,0.89455324,0.89494306,0.8950837,0.8948311,0.8950768,0.860173,0.83000326,0.7285563,0.65744114,0.89315164,0.88801855,0.45365688,0.30749926,0.72097117,0.76411486,0.73824304,0.5627854,0.8870706,0.8873943,0.8897926,0.8885795,0.8650641,0.86165506,0.8729486,0.85058135,0.88313586,0.87944543,0.78955597,0.85049343,0.8831042,0.88319737,0.88792837,0.87207735,0.89474833,0.8953295,0.89369273,0.8947243,0.89040655,0.8941055,0.89271146,0.8936271,0.89325386,0.8928116,0.8927182,0.88948494,0.88238066,0.8887617,0.8912526,0.88845307,0.8753924,0.88858217,0.8843111,0.88661516,0.86928684,0.85629785,0.6783395,0.8576591,0.8458727,0.8667424,0.8896281,0.8689134,0.8486731,0.86035293,0.3476871,0.5337102,0.5732628,0.8007614,0.8450817,0.82500255,0.832206,0.8686691,0.4982755,0.8650748,0.8773759,0.71621865,0.29398388,0.6505182,0.8246356,0.81023514
0.893953,0.89319545,0.8960933,0.8964909,0.892145,0.87923986,0.8956468,0.8958934,0.8934281,0.892943,0.8951852,0.89571226,0.8958794,0.8939298,0.8771361,0.8910175,0.8955972,0.8932362,0.8954103,0.89463806,0.89366585,0.89383036,1.0,0.8957114,0.87552154,0.8830474,0.89240086,0.8908076,0.89576566,0.8953049,0.8953825,0.89505094,0.89462435,0.89468193,0.8912401,0.86772436,0.8936621,0.892672,0.8936823,0.8932076,0.89442205,0.89259624,0.8521312,0.83506924,0.7326781,0.66572267,0.89376056,0.89004064,0.4341319,0.3060378,0.72622997,0.7771961,0.739434,0.5552565,0.8880152,0.8868155,0.8909564,0.88780904,0.86497927,0.8596243,0.8808529,0.8553402,0.88780266,0.8794733,0.7979017,0.85898256,0.8847306,0.8866181,0.8890726,0.87011874,0.89588356,0.8954481,0.8951742,0.89447474,0.8928765,0.8949821,0.89322877,0.8942686,0.894935,0.89314353,0.89290196,0.8909934,0.87888813,0.88672996,0.8921036,0.8895589,0.871242,0.88531184,0.8846118,0.88847506,0.8705118,0.8621783,0.68330777,0.8601463,0.83504605,0.86944854,0.88561213,0.8732532,0.8452624,0.8681314,0.34412014,0.5590755,0.55579114,0.8054341,0.8449496,0.8223158,0.8347229,0.8710332,0.5032066,0.85833603,0.87669057,0.70490426,0.29744506,0.66120446,0.8242418,0.8022896
0.8917785,0.89091,0.89491075,0.89513284,0.8923386,0.8811832,0.8946506,0.8949455,0.89423513,0.89417577,0.8942146,0.8948887,0.8951441,0.894614,0.88109523,0.89278394,0.89453167,0.89273995,0.8939002,0.89304227,0.89319545,0.89383346,0.8957114,1.0,0.8761584,0.88577,0.89246196,0.89067036,0.8951494,0.8948976,0.8950902,0.89428896,0.89289653,0.8930463,0.88949287,0.86634487,0.89314836,0.8918435,0.8925263,0.892229,0.89307046,0.891606,0.8512202,0.8320187,0.7331696,0.66030705,0.8930107,0.8880183,0.4427646,0.29712734,0.72026736,0.7767866,0.74165744,0.5566508,0.8858118,0.88539994,0.8877525,0.8850201,0.8616413,0.85448545,0.87889254,0.8520687,0.886722,0.8756876,0.7960015,0.85848963,0.8814575,0.88322264,0.88618296,0.86425537,0.8949394,0.8949181,0.8939518,0.8936023,0.89074314,0.89347285,0.89236236,0.8926236,0.89336556,0.8917331,0.8922744,0.8901211,0.8780405,0.8869784,0.89130265,0.8885913,0.870497,0.88616765,0.8864927,0.88904786,0.8686667,0.86205906,0.68136287,0.861521,0.83658075,0.86963516,0.88490343,0.87282485,0.8450054,0.8674402,0.34807065,0.5474282,0.5447067,0.8039406,0.8445139,0.822095,0.8289313,0.8716304,0.5026687,0.85828596,0.8754912,0.709012,0.31349614,0.65744007,0.82371587,0.8064999
0.8735904,0.87474275,0.8768426,0.87540555,0.8751966,0.870195,0.8770899,0.8737524,0.8693722,0.87224144,0.87692356,0.87776804,0.87583613,0.87701094,0.8670005,0.88081014,0.8753025,0.8777075,0.8764586,0.8758825,0.8770732,0.8791612,0.87552154,0.8761584,1.0,0.8772262,0.8790565,0.87902445,0.87767375,0.8768657,0.8788207,0.877319,0.8774272,0.8758161,0.8653014,0.84284675,0.88037163,0.8760768,0.87559384,0.8785629,0.8762598,0.87487173,0.8651085,0.7991524,0.7259344,0.6185748,0.87185425,0.87027454,0.48529094,0.34342986,0.71160036,0.75128585,0.7518534,0.5647164,0.8683597,0.8643407,0.8722148,0.874098,0.8368057,0.8534477,0.84439665,0.83432865,0.8648753,0.8621292,0.74979025,0.8377895,0.8626728,0.86379063,0.8669373,0.8538006,0.8774625,0.87736857,0.8713379,0.87349284,0.8669492,0.87257266,0.8725652,0.87239945,0.8738907,0.875629,0.87882864,0.8736004,0.87466043,0.88005537,0.8736224,0.8711374,0.8673329,0.8750869,0.8739243,0.86739856,0.84534186,0.83497167,0.6726093,0.8334923,0.8330171,0.8595418,0.87482,0.8572245,0.8226655,0.8315403,0.3531053,0.5044544,0.5530208,0.785834,0.82023054,0.79956156,0.8064775,0.8425699,0.48746684,0.8466504,0.85167396,0.6992541,0.3382265,0.61631763,0.80434656,0.80820405
0.8808996,0.8796698,0.8834436,0.88248825,0.88135064,0.87786174,0.88365984,0.88337624,0.8845289,0.8832889,0.8844981,0.8848912,0.8848489,0.88238716,0.88073623,0.8865639,0.8823856,0.88317996,0.8837596,0.8822548,0.88477653,0.886939,0.8830474,0.88577,0.8772262,1.0,0.8826058,0.88297504,0.8851249,0.8848111,0.8866768,0.8840857,0.88353866,0.8823158,0.8772478,0.852675,0.8850806,0.8823728,0.8837985,0.8839092,0.88284886,0.88316256,0.8594271,0.8118501,0.7400638,0.63587147,0.8819364,0.8757936,0.47624376,0.3246634,0.71346253,0.7540152,0.746064,0.55340415,0.87422156,0.8707981,0.87881345,0.8749059,0.85197467,0.8480904,0.85780704,0.83536005,0.87175333,0.8636164,0.7795892,0.8407468,0.8710164,0.8685737,0.87521243,0.8549195,0.88374084,0.88514847,0.8813265,0.88298965,0.87523377,0.8822001,0.881377,0.8807873,0.8816049,0.88050455,0.8853622,0.87664765,0.8736825,0.87993747,0.8831378,0.8762667,0.8656409,0.87938815,0.88077897,0.87200475,0.85314125,0.84393305,0.6706478,0.8437865,0.8453163,0.85703415,0.8809426,0.85962206,0.8374925,0.84659517,0.3318338,0.4938777,0.5382857,0.79722446,0.82458675,0.8118748,0.81147575,0.8547743,0.5010774,0.857996,0.8641577,0.71626776,0.35048324,0.6345558,0.80579436,0.8196801
0.89101475,0.8906703,0.8925703,0.8926806,0.89295334,0.88504416,0.89279157,0.89227396,0.8906593,0.89087254,0.893255,0.8930542,0.8933987,0.89168185,0.8766005,0.8904516,0.8926401,0.8914682,0.89218545,0.8917636,0.89157015,0.8918239,0.89240086,0.89246196,0.8790565,0.8826058,1.0,0.8928139,0.89307463,0.89276594,0.8930295,0.8922997,0.89177144,0.89169747,0.8876775,0.8614283,0.8925521,0.8910062,0.89178437,0.89178276,0.8925104,0.8902297,0.8541868,0.8291,0.73556495,0.6516548,0.8908676,0.8844078,0.44545865,0.31279418,0.727151,0.765849,0.73614377,0.5456718,0.88549197,0.8855738,0.88786894,0.8864152,0.8606213,0.85908157,0.872488,0.84848696,0.8838799,0.8765706,0.79133177,0.8536664,0.8814181,0.8832003,0.88538253,0.8678923,0.8933984,0.8924662,0.8918356,0.891239,0.8893,0.89157206,0.8903998,0.8905444,0.8921993,0.890994,0.89196885,0.88752913,0.8828501,0.88872164,0.88984346,0.8866278,0.8763195,0.88666207,0.8840644,0.8866155,0.865991,0.85354304,0.67864054,0.85235834,0.8378779,0.8688113,0.885284,0.87252885,0.8481787,0.8646814,0.33723655,0.551875,0.5631482,0.79448134,0.84035856,0.82407504,0.83007425,0.8638828,0.49766254,0.85970014,0.8750624,0.71262586,0.3019747,0.6491561,0.8212319,0.80851454
0.8909222,0.8904687,0.8916706,0.89142257,0.89098233,0.88743407,0.89273876,0.89164597,0.88841337,0.88924974,0.8932095,0.89287585,0.8928276,0.8894837,0.8755554,0.8910429,0.89224035,0.89141583,0.8920993,0.891473,0.89238596,0.89254993,0.8908076,0.89067036,0.87902445,0.88297504,0.8928139,1.0,0.8922137,0.8924486,0.8923447,0.8927911,0.89245754,0.89136654,0.8871574,0.8561833,0.89354503,0.8927206,0.8927987,0.8932475,0.8923007,0.8915826,0.85945195,0.8262387,0.7366817,0.65750605,0.88991046,0.8851019,0.45006922,0.31245872,0.7271304,0.7638905,0.7356491,0.55050904,0.88580227,0.8864934,0.88786304,0.88715607,0.86000735,0.86486614,0.8679802,0.8484371,0.881268,0.87792933,0.7878387,0.8492285,0.8826369,0.88210344,0.88554597,0.86869776,0.8931274,0.89230305,0.8904026,0.89104515,0.8872325,0.8903763,0.889809,0.8900939,0.89163804,0.89150864,0.89155436,0.8878286,0.88416326,0.8896615,0.89040434,0.88492644,0.8790212,0.88862354,0.8818496,0.8840382,0.86755884,0.851105,0.66627055,0.8461954,0.8448669,0.86523443,0.88740605,0.8663288,0.85306627,0.8553341,0.34265158,0.5315755,0.57551455,0.79373914,0.84270215,0.8319316,0.8326876,0.8610251,0.4714544,0.8631142,0.87634367,0.7177607,0.29278016,0.6435375,0.82202554,0.80882937
0.8938214,0.8936016,0.89579797,0.8956637,0.8934287,0.88187283,0.89579463,0.89540464,0.8941498,0.8932224,0.8958302,0.89598185,0.8957787,0.894006,0.8779148,0.89196306,0.895633,0.8946204,0.89526904,0.8947644,0.8948654,0.8948962,0.89576566,0.8951494,0.87767375,0.8851249,0.89307463,0.8922137,1.0,0.89608335,0.8955929,0.8954134,0.894472,0.89448357,0.8906001,0.8656909,0.89530027,0.89438075,0.89492846,0.8944597,0.8951981,0.8938933,0.85220605,0.83565134,0.7330039,0.66278654,0.89391816,0.89016736,0.4452246,0.30894095,0.7246289,0.7733782,0.7391736,0.5513206,0.888034,0.887386,0.8901661,0.8884282,0.8632092,0.8599097,0.8782464,0.85146034,0.8860631,0.87975216,0.79297364,0.85741794,0.88482577,0.88515687,0.8888871,0.870985,0.8958325,0.89566517,0.8952906,0.8950322,0.89320254,0.89517957,0.8942959,0.89479095,0.8954097,0.894075,0.89372945,0.8909927,0.88255817,0.8879991,0.8920217,0.88962716,0.87523025,0.8866514,0.8852754,0.8882207,0.86813873,0.8586273,0.6812758,0.8594771,0.8384181,0.87010026,0.8868003,0.8740064,0.8485871,0.86678416,0.34017885,0.5578722,0.5610129,0.8013638,0.8461167,0.8249484,0.832409,0.8700909,0.5025158,0.8600214,0.87492657,0.70526797,0.2971872,0.6599698,0.8258899,0.80525994
0.8939589,0.8936304,0.895497,0.8954452,0.8928982,0.8813627,0.89593565,0.8956508,0.8939974,0.892875,0.89544123,0.8960079,0.89543283,0.89252895,0.877147,0.8923965,0.8957952,0.894896,0.8952189,0.89492303,0.89576715,0.8955434,0.8953049,0.8948976,0.8768657,0.8848111,0.89276594,0.8924486,0.89608335,1.0,0.8956703,0.8959674,0.8950026,0.89491904,0.8915564,0.8657504,0.89529884,0.8952074,0.89537287,0.8951413,0.8955714,0.8951737,0.85497445,0.83600897,0.72897404,0.6618976,0.8947278,0.88979864,0.44671246,0.29653257,0.72570217,0.7705129,0.7391841,0.56157887,0.88815945,0.88948435,0.89041966,0.88882196,0.86541396,0.861523,0.8771994,0.8517772,0.8848346,0.88099194,0.7960535,0.85289156,0.8850011,0.8848209,0.88948745,0.8711003,0.8958055,0.8960638,0.89559394,0.89612865,0.8931951,0.8955733,0.89456886,0.8951779,0.8951675,0.89467216,0.8930144,0.8913775,0.8812758,0.88842595,0.8921074,0.8898522,0.8744859,0.88835984,0.88389325,0.88865304,0.87061006,0.8572355,0.6782931,0.8588275,0.84079784,0.8674266,0.8876469,0.8711348,0.84944075,0.8640105,0.34103286,0.5484537,0.5652702,0.8002982,0.84875005,0.826538,0.8339551,0.87059337,0.50061584,0.86257935,0.87759674,0.71335834,0.28933623,0.6556929,0.82846594,0.80676264
0.89336276,0.8924599,0.89524645,0.8951052,0.8921376,0.8820715,0.8953199,0.8953867,0.8935784,0.8936406,0.8949856,0.89552367,0.8953563,0.89237374,0.8786485,0.8919693,0.8950248,0.8933032,0.89471245,0.8938979,0.8947281,0.89517987,0.8953825,0.8950902,0.8788207,0.8866768,0.8930295,0.8923447,0.8955929,0.8956703,1.0,0.89566046,0.8945774,0.89430386,0.8901867,0.86600906,0.89430094,0.89333236,0.8942147,0.8938553,0.8945728,0.8937153,0.85661274,0.8325237,0.7291658,0.66261387,0.89369786,0.88901305,0.4493115,0.3046784,0.7253794,0.7698459,0.74178106,0.5514197,0.8864047,0.88570225,0.8905944,0.88697135,0.8621102,0.85945815,0.87671024,0.8546533,0.88706684,0.8780399,0.7969922,0.8548086,0.88403314,0.88387483,0.8880434,0.8697254,0.8955385,0.89602065,0.8946933,0.8948883,0.8918181,0.8948506,0.8937317,0.89409494,0.89418244,0.8935281,0.89336395,0.88886255,0.87940335,0.8866127,0.89212394,0.88778394,0.87231815,0.88577145,0.88488466,0.8861764,0.86877674,0.8577142,0.67745316,0.8589616,0.8391144,0.8682834,0.886604,0.86974555,0.84734505,0.8642894,0.33855698,0.5424299,0.5631595,0.8022783,0.84484565,0.8227479,0.8345004,0.8709936,0.49152818,0.8593668,0.8757486,0.714234,0.30021295,0.6546581,0.8235928,0.80763966
0.8946357,0.8943733,0.89584476,0.89533615,0.8925958,0.8809491,0.8961739,0.8956287,0.89299655,0.8924277,0.8953389,0.89590776,0.8950679,0.8917211,0.8736974,0.89156765,0.8957649,0.89434206,0.8954087,0.89541304,0.8953965,0.8952621,0.89505094,0.89428896,0.877319,0.8840857,0.8922997,0.8927911,0.8954134,0.8959674,0.89566046,1.0,0.8952478,0.89554685,0.89211047,0.86553407,0.8943355,0.8946751,0.89513105,0.894871,0.8955737,0.89513767,0.856231,0.8376691,0.72744584,0.6653695,0.8937729,0.8907678,0.44162515,0.29891095,0.7241907,0.76814663,0.73573506,0.5593797,0.8877556,0.8890655,0.8914953,0.8903448,0.86417806,0.86272967,0.87735796,0.8574767,0.88520706,0.8821002,0.7961877,0.85544914,0.8862911,0.88631696,0.8908544,0.87319785,0.8958447,0.89620733,0.89528364,0.89586496,0.8926675,0.8953156,0.894194,0.8949636,0.8947086,0.893961,0.89232314,0.891285,0.88210106,0.8874505,0.8923878,0.8907457,0.8755914,0.887138,0.883708,0.8882917,0.87143075,0.857313,0.67866,0.85794455,0.8402666,0.86910623,0.88742006,0.8699034,0.8498645,0.86352557,0.3352135,0.5486936,0.5744748,0.80189353,0.8505176,0.82548267,0.8363497,0.8704497,0.49253497,0.8614863,0.8767233,0.7139005,0.28802833,0.6598093,0.82467806,0.80346245
0.89521855,0.89498484,0.8953602,0.8953148,0.89082175,0.8801396,0.89555305,0.89509076,0.8904459,0.889828,0.89478415,0.8956002,0.89472175,0.89057904,0.8744634,0.8905909,0.8952066,0.89422905,0.89580035,0.89567834,0.89443827,0.8943893,0.89462435,0.89289653,0.8774272,0.88353866,0.89177144,0.89245754,0.894472,0.8950026,0.8945774,0.8952478,1.0,0.8961512,0.89196634,0.86476725,0.89406204,0.8942277,0.8947182,0.8949709,0.89466566,0.89410806,0.86066586,0.834776,0.73234355,0.66459996,0.8936087,0.8894601,0.44279575,0.30927756,0.7279079,0.7653819,0.7409621,0.56497496,0.8897445,0.8885597,0.8934431,0.89191514,0.8666334,0.86818045,0.8749329,0.85733664,0.8838374,0.8844078,0.7929024,0.8512288,0.8877743,0.8872927,0.8917419,0.8764986,0.89490163,0.89525455,0.8937303,0.89435166,0.89103687,0.8941857,0.8925353,0.8940212,0.89473003,0.893573,0.8928725,0.89149255,0.88140386,0.8892656,0.89234096,0.8897918,0.87439877,0.8881045,0.8832964,0.88723695,0.87135375,0.856261,0.68094033,0.85330176,0.8433087,0.8650821,0.8891453,0.8710331,0.8510289,0.86029494,0.34429893,0.54580325,0.57852817,0.8033161,0.8453863,0.82172793,0.83535856,0.8664164,0.4980362,0.865807,0.879303,0.71448356,0.2836228,0.65380347,0.8242784,0.80573064
