1.0,0.71106505,0.87332827,0.85331684,0.39718345,0.19989361,0.7077987,0.90249974,0.38069716,0.4107134,0.92533576,0.8507442,0.88915026,0.83314776,0.69141173,0.4358464,0.8487303,0.6700078,0.9523082,0.855683,0.34261984,0.40527287,0.6914662,0.29143894,0.35413048,0.5606751,0.38734844,-0.56115276,0.73334485,0.69274443,0.5583619,0.80329984,0.91541684,0.7735923,0.75507975,0.7327084,0.58256114,0.6370733,0.4042766,0.56976986,0.2795691,0.4641682,0.8469416,0.5962242,0.7599906,0.5247402,0.7956644,0.6141249,0.33525357,0.43851447,0.3604282,0.31130424,0.2290714,0.24398394,0.48679742,0.3452561,0.88407195,0.651349,0.35572258,0.21142049,0.68722785,0.36028934,0.5622569,0.5438437,0.36661628,0.45135412,0.7830681,0.7517813,0.9194539,0.8877974,0.7112499,0.64645475,0.823962,0.79650664,0.7392711,0.84778684,0.7249697,0.5876967,0.4589545,0.87843484,0.66354877,0.53168327,0.45668727,0.2905913,0.46673524,0.31579563,0.11249426,-0.25888896,0.53106225,0.23087294,0.2549197,0.06534383,-0.022735674,0.10748382,0.37599218,0.6049762,0.4573555,0.46554828,0.54630727,0.19212534,0.20881113,0.18099153,0.4489999,-0.27656826,0.523429,0.5885483,0.42453137,0.34951362,0.1462125,0.3657665,0.6338872,0.31847122,0.22016002,0.12065832,0.36620808,0.19874349
0.71106505,1.0,0.6171663,0.8607086,0.25442523,-0.19386223,0.79941106,0.8643396,0.53547585,0.4749557,0.79012406,0.8759687,0.7972749,0.87019706,0.53411824,0.768407,0.6185449,0.89779204,0.7546357,0.8757463,0.45329145,0.56833965,0.8143782,0.54450774,0.16322601,0.05697672,0.5468398,-0.31011897,0.6325278,0.69176364,0.5883938,0.7514369,0.7540404,0.84744406,0.79582304,0.77927816,0.7405113,0.75836635,0.6672673,0.64830565,0.42887118,0.5030112,0.6465277,0.7622408,0.68784064,0.6618297,0.68583745,0.63998526,0.18900755,0.48970136,-0.050378446,0.5922147,0.35099787,0.35782602,0.599995,0.61172897,0.5251037,0.9319754,0.034605127,0.58927524,0.18854664,0.7457608,-0.0006562091,0.86799395,-0.16802053,0.8131977,0.7329736,0.79012966,0.74209315,0.7512055,0.74727654,0.77981025,0.69349736,0.74787295,0.76231164,0.73599714,0.76605844,0.77087,0.6542874,0.65689087,0.16777396,0.83916914,0.026805181,0.6832548,0.046486218,0.6983799,0.23826218,-0.024198031,0.45774665,0.48220155,0.037173126,0.13517177,-0.25433603,0.359289,0.49303028,0.45718044,0.6141553,0.7049741,0.0876778,0.46160564,-0.008856961,0.379339,0.015860967,-0.06575938,0.24031281,0.4615921,0.6398139,0.41157484,0.13226497,0.5760117,0.7134492,0.32738933,0.11490763,0.013669095,0.23978618,0.059678957
0.87332827,0.6171663,1.0,0.7883853,0.2605779,0.23410039,0.76001346,0.8090103,0.34880814,0.41639954,0.8413934,0.7746565,0.7927258,0.75055224,0.70358765,0.4169271,0.8552514,0.6234679,0.87691474,0.7469146,0.38202798,0.4464037,0.7448452,0.4368226,0.38128537,0.5031894,0.4259069,-0.46568537,0.8456038,0.6583106,0.6636048,0.8114625,0.8620179,0.74634415,0.7634631,0.7344994,0.63927907,0.70808464,0.50121826,0.6274084,0.40960336,0.49669778,0.8309035,0.63089186,0.7421023,0.5446349,0.8259044,0.66029245,0.28827712,0.41502556,0.30120346,0.2734908,0.15649083,0.18267904,0.6278976,0.4367859,0.8209144,0.5892582,0.38043976,0.1870943,0.6315739,0.32471928,0.49155304,0.49461573,0.35553136,0.40338576,0.78707117,0.7575293,0.8214747,0.8261397,0.7790099,0.66614336,0.82730687,0.73418045,0.73797333,0.7982175,0.7642722,0.6432188,0.38718656,0.8513967,0.68237615,0.4875279,0.51997197,0.22693722,0.487172,0.3081372,0.17630908,-0.13189287,0.5738483,0.3565153,0.2411531,0.037060495,-0.1639965,0.10922996,0.5061168,0.51139337,0.60285014,0.5141606,0.61574996,0.27954936,0.23314379,0.14136992,0.393825,-0.24237305,0.5729157,0.47432128,0.35478482,0.25890082,0.14845523,0.43745917,0.6933921,0.22507563,0.22694837,0.1801477,0.52043444,0.13963337
0.85331684,0.8607086,0.7883853,1.0,0.35580704,0.09232664,0.85434866,0.931529,0.52970576,0.58280456,0.8946054,0.9158435,0.90910685,0.90149516,0.70772725,0.75296843,0.77412146,0.888347,0.88256276,0.94602895,0.45516157,0.61940813,0.8652519,0.5894335,0.29141533,0.31612468,0.55014884,-0.33778253,0.80213326,0.85641617,0.7452278,0.8853732,0.8693293,0.91331017,0.8450985,0.8499742,0.7620682,0.80426663,0.6472,0.6777065,0.46453583,0.6123241,0.7754372,0.7765165,0.7672485,0.69875085,0.82770354,0.73374087,0.23227425,0.5230712,0.104056954,0.5405571,0.33357018,0.30672002,0.6882664,0.60672903,0.6291453,0.82570165,0.0943359,0.3959081,0.34851366,0.6063402,0.17004527,0.75000244,-0.019676356,0.7084616,0.7979905,0.85106844,0.84150034,0.81474984,0.8463679,0.81303275,0.8596154,0.8353484,0.85668373,0.8538165,0.8561241,0.7990928,0.5838759,0.7917298,0.36658868,0.7810306,0.2809687,0.6256502,0.21084847,0.64641714,0.27008858,-0.11443191,0.57011086,0.41380453,0.10974281,0.14806612,-0.18108222,0.3367115,0.5306686,0.55545014,0.65054494,0.72101986,0.33767205,0.44005919,0.06039882,0.34849802,0.1986082,-0.08104659,0.41694507,0.5693801,0.5209008,0.42557716,0.21790946,0.6514175,0.80281746,0.42567527,0.07027832,0.07599943,0.31183016,0.05674954
0.39718345,0.25442523,0.2605779,0.35580704,1.0,0.2293888,0.2516456,0.3498304,0.50749743,0.4474551,0.34487504,0.30501366,0.33434603,0.3187902,0.5252847,0.32629746,0.44192404,0.31319,0.36327782,0.3884185,0.17507707,0.28692794,0.33760652,0.11420887,0.16005954,0.39430103,0.04735098,-0.11739568,0.27885962,0.4253028,0.3554446,0.33048475,0.378304,0.2980176,0.2615866,0.27192008,0.2631656,0.24842508,0.113099,0.19704685,0.31246117,0.3323068,0.26384547,0.12224264,0.17786475,0.06904434,0.29325482,0.2248681,-0.17019059,-0.024093194,0.06488211,0.06678412,0.0656067,0.2754231,0.12643719,0.1330781,0.293199,0.20686834,0.05989874,0.058046386,0.14659455,0.09023814,0.15021817,0.2164822,0.0811716,0.119249314,0.19619676,0.21895061,0.31126645,0.33856058,0.22613014,0.15778148,0.32635078,0.43922636,0.25691104,0.29658067,0.2007962,0.13800131,0.0027135822,0.3189138,0.38407815,0.3206175,0.32375365,0.280951,0.13944851,0.24616534,-0.20353597,-0.32478654,0.11543972,0.14186475,0.22389346,0.26059014,0.12621121,0.18669628,0.25222903,0.40718213,0.18150099,0.2560628,0.3797608,0.3590252,0.15509216,0.09505725,0.35184687,-0.047871403,0.43324715,0.4432729,0.14702192,0.1982747,0.3415953,0.25575536,0.27072018,0.18049023,0.16876733,0.16708972,0.12874061,-0.054821756
0.19989361,-0.19386223,0.23410039,0.09232664,0.2293888,1.0,-0.07247068,0.075886205,-0.005864583,0.27520892,0.13106015,-0.009153644,0.123069815,-0.10253944,0.22242801,-0.14711696,0.23631291,-0.10870109,0.19963126,0.09254623,0.015876293,-0.01375594,0.023551656,-0.11719425,0.2100881,0.5886842,-0.12206457,-0.11723595,0.15388565,0.24546188,0.16711831,0.20041029,0.1256143,-0.03878683,0.017448908,0.0074569024,-0.16893585,-0.09692669,-0.27199683,-0.1806546,-0.081357814,0.12624577,0.079505935,-0.20044844,-0.009128389,-0.18916517,0.052039895,-0.09119438,-0.019446123,-0.10099486,0.23767543,-0.097873434,-0.13942933,0.030710934,-0.11971359,-0.31714216,0.19308959,-0.31138176,0.16414545,-0.42521563,0.3213683,-0.48920265,0.36903605,-0.3297925,0.33156008,-0.33492473,-0.018869957,-0.108381875,0.07794575,-0.03541953,0.010826947,-0.1452107,0.1623221,0.038135476,-0.08203349,0.035238918,-0.065280184,-0.19029349,-0.24531485,0.18941018,0.38539812,-0.23598255,0.43118834,-0.22051358,0.33509794,-0.28235212,-0.30995572,-0.46633276,0.07758551,-0.26260623,0.22495417,-0.066509545,0.14595604,-0.13559714,-0.03255247,0.028331453,-0.12706096,-0.26052028,0.5258671,-0.11206921,0.19244768,-0.18882467,0.50559795,-0.013549319,0.42197397,0.29960153,-0.25135577,0.018924477,0.01759478,-0.05423536,-0.050681606,0.036079373,0.034824137,0.14975715,0.32953733,-0.10989907
0.7077987,0.79941106,0.76001346,0.85434866,0.2516456,-0.07247068,1.0,0.7862683,0.50315845,0.4562268,0.7324733,0.768268,0.74961966,0.7787926,0.6216504,0.7143343,0.7384468,0.8289808,0.7130603,0.78691804,0.448447,0.68170524,0.8472303,0.7799751,0.2205509,0.12637854,0.6046811,-0.17101967,0.8196806,0.7274258,0.80788136,0.7904066,0.7944224,0.9050131,0.81874114,0.8171015,0.847351,0.88578826,0.82145065,0.82383996,0.6104087,0.68422747,0.7503073,0.86379904,0.75588953,0.77492,0.8547326,0.85554487,0.1859735,0.57010835,-0.034662213,0.49060425,0.14475615,0.257229,0.8509552,0.8042296,0.53805935,0.8251357,-0.018647408,0.4170972,0.22944301,0.6745302,-0.025919791,0.7726024,-0.08297758,0.72227085,0.81001824,0.8652705,0.75476426,0.74676573,0.834668,0.8040279,0.80517906,0.7887951,0.871105,0.8081168,0.8700332,0.8711231,0.65154636,0.7065251,0.28113404,0.8216763,0.19213909,0.60616946,0.053375352,0.73837996,0.37274656,0.115740046,0.4853847,0.6719409,0.07839861,0.26485842,-0.22820534,0.29787177,0.7051261,0.45619327,0.8551364,0.82375884,0.2176606,0.6038163,-0.0717745,0.29359823,-0.02014175,-0.064441964,0.28441855,0.34664363,0.4868864,0.19717431,0.2990858,0.6957515,0.8962296,0.2773456,0.06269253,0.10893665,0.3398431,0.07292097
0.90249974,0.8643396,0.8090103,0.931529,0.3498304,0.075886205,0.7862683,1.0,0.4582821,0.5310876,0.94562316,0.93824494,0.93494,0.9193859,0.6872443,0.6582235,0.7913852,0.8253391,0.9251956,0.9274994,0.44336772,0.5248404,0.8043717,0.4241554,0.319138,0.4100657,0.4838364,-0.46691367,0.7529286,0.7859059,0.62619346,0.8787106,0.8934708,0.8540401,0.80475235,0.7926403,0.6806949,0.72142726,0.53932774,0.6117179,0.35899913,0.5038035,0.7955273,0.7085446,0.7584334,0.61704105,0.76615095,0.6321429,0.26526797,0.46674648,0.21517576,0.48328164,0.32916006,0.2669844,0.56757873,0.4668102,0.7459377,0.79543823,0.2233067,0.35318962,0.48196438,0.53998035,0.3406364,0.6967775,0.1160837,0.63581663,0.77406514,0.79734564,0.8566032,0.8347918,0.8086357,0.7668981,0.8364451,0.8185717,0.8002055,0.83976364,0.7966392,0.71092635,0.55462193,0.8230553,0.46933216,0.67990804,0.30873418,0.5077826,0.33165097,0.50621045,0.21280435,-0.19524956,0.567142,0.31421307,0.16809633,0.05159244,-0.17593242,0.25716668,0.42185318,0.559458,0.53010464,0.60732687,0.39355665,0.3039379,0.12957376,0.29777837,0.2936261,-0.17316018,0.45070893,0.6098898,0.55681807,0.44898418,0.10995494,0.5046381,0.69260865,0.39030507,0.14080979,0.059072457,0.32181582,0.116539404
0.38069716,0.53547585,0.34880814,0.52970576,0.50749743,-0.005864583,0.50315845,0.4582821,1.0,0.60883534,0.38833708,0.460267,0.38811284,0.49008703,0.64778405,0.6457436,0.51283026,0.5639989,0.3866304,0.5238873,0.3499569,0.55158174,0.63169646,0.47453058,0.16336107,0.08426437,0.27278492,0.114544176,0.46109676,0.54939795,0.58737606,0.44383904,0.4701418,0.51353514,0.48339665,0.4587777,0.5114666,0.5072929,0.41945457,0.39357698,0.61801183,0.44795385,0.31754616,0.371626,0.32066298,0.3217409,0.41360277,0.42189986,-0.18904053,0.17009796,-0.21323505,0.37705722,0.2511368,0.40463334,0.40739256,0.48417678,0.16975391,0.5026572,-0.08166416,0.23684724,-0.089391425,0.41031983,-0.19080965,0.5673657,-0.23377337,0.43211186,0.31742507,0.3935128,0.34960133,0.38501742,0.44000256,0.4040578,0.46836558,0.57746005,0.44367227,0.41096142,0.37357014,0.41328678,0.11939064,0.38078955,0.20387967,0.61310434,0.092743985,0.6046324,-0.06577291,0.5691481,-0.09616001,-0.13853742,0.18488948,0.49507368,0.14062251,0.39955685,0.035249576,0.41869405,0.49067324,0.39598516,0.45932102,0.5336246,0.23711196,0.67255074,0.02187312,0.32269475,0.07891055,0.19546379,0.3626477,0.37336907,0.35632795,0.18591309,0.32622924,0.54791653,0.49108186,0.1796781,0.107514516,0.2785244,0.27962554,-0.059757244
0.4107134,0.4749557,0.41639954,0.58280456,0.4474551,0.27520892,0.4562268,0.5310876,0.60883534,1.0,0.4819129,0.52420795,0.47072843,0.52910066,0.6167383,0.71179646,0.49871182,0.53938675,0.43571246,0.56175953,0.40941212,0.5885684,0.643549,0.42767364,0.21172504,0.33371434,0.34792823,-0.013891089,0.5200019,0.6831096,0.61769694,0.585891,0.43090734,0.51064533,0.4774607,0.5097365,0.50449103,0.5476562,0.3931765,0.36314622,0.52508456,0.47492906,0.31324953,0.3659598,0.39986563,0.29270658,0.44444218,0.3903016,-0.15232149,0.15412141,-0.050169125,0.5205972,0.2397788,0.27064702,0.40262425,0.3678855,0.17256218,0.42446595,-0.00051709573,0.18972944,-0.053876057,0.2874309,-0.060790926,0.43832105,-0.17384546,0.44535357,0.34145355,0.39554307,0.3321726,0.3050489,0.54749817,0.47597393,0.5169775,0.531829,0.45514348,0.46238655,0.46105555,0.4810081,0.12176996,0.3370529,0.16008325,0.5277325,0.16379127,0.6042528,-0.009834876,0.5041577,0.050860178,-0.15903927,0.2777337,0.31388438,0.11173303,0.2092008,-0.13495067,0.31182235,0.43475446,0.36423028,0.4188738,0.49646318,0.35643652,0.52882737,0.13177465,0.31221485,0.20067598,0.10549172,0.5609752,0.55784017,0.46386343,0.37304404,0.2385774,0.56848913,0.45931906,0.3326945,0.18971634,0.2842241,0.3109894,-0.1107348
0.92533576,0.79012406,0.8413934,0.8946054,0.34487504,0.13106015,0.7324733,0.94562316,0.38833708,0.4819129,1.0,0.92269105,0.93744636,0.9053775,0.6808461,0.56235904,0.8122518,0.7625767,0.9429905,0.8986754,0.3790565,0.4574192,0.7418846,0.34717906,0.30785578,0.47384056,0.4566594,-0.517181,0.7485631,0.74805653,0.587335,0.8630141,0.89683795,0.82020354,0.78046936,0.76225233,0.61756355,0.6680466,0.46928385,0.5603813,0.2911872,0.46997434,0.80813515,0.6707171,0.73815125,0.5763786,0.7657182,0.61620283,0.30937782,0.43037325,0.27957076,0.4218725,0.3292809,0.2272932,0.53623563,0.40142104,0.7977688,0.73080677,0.29953384,0.30734247,0.5731484,0.4671111,0.4467414,0.63202506,0.22266969,0.58046377,0.76666564,0.7765806,0.8771728,0.8494167,0.77827895,0.73685926,0.8192478,0.7872046,0.762266,0.8231658,0.7688451,0.66809994,0.49625263,0.8261252,0.5212509,0.6064458,0.36984673,0.41817987,0.3850626,0.40934095,0.19356608,-0.22590709,0.5523719,0.23794279,0.16378738,0.03283845,-0.14696923,0.21037932,0.38106957,0.5703605,0.48359776,0.5499163,0.44830102,0.23348774,0.16029567,0.26583552,0.36081314,-0.25214022,0.46464953,0.57342005,0.51562876,0.45593363,0.095566794,0.43335274,0.6639389,0.3871032,0.18870477,0.098101474,0.32121208,0.1578045
0.8507442,0.8759687,0.7746565,0.9158435,0.30501366,-0.009153644,0.768268,0.93824494,0.460267,0.52420795,0.92269105,1.0,0.90028805,0.9533404,0.6790036,0.69988674,0.7372857,0.8625052,0.89370847,0.91243255,0.44683453,0.5417431,0.8110601,0.44545835,0.21958867,0.2893108,0.53850013,-0.41440237,0.761638,0.7700778,0.6106168,0.8459529,0.8365804,0.8497729,0.8156501,0.80870056,0.7044444,0.7333596,0.5730503,0.60139155,0.37760207,0.48116097,0.73439574,0.7236157,0.7288792,0.6468132,0.75632477,0.64188194,0.2762634,0.45404136,0.14911647,0.54908204,0.38187099,0.27085528,0.57961214,0.50393534,0.66349995,0.83739066,0.20853472,0.44278148,0.3865262,0.6124794,0.25771362,0.76091313,0.0413671,0.7204776,0.77155685,0.8153759,0.8372137,0.8348106,0.8264186,0.81969774,0.803232,0.7978585,0.8119406,0.82418025,0.809846,0.75855535,0.52146506,0.78528196,0.37649095,0.73167664,0.27155727,0.5633121,0.24068844,0.5497694,0.27226236,-0.11680572,0.52214056,0.3411642,0.0766177,0.020349279,-0.22024007,0.2940568,0.44519588,0.54102534,0.55219066,0.62896883,0.3014361,0.3245616,0.12913395,0.3534005,0.21558179,-0.13845623,0.40571272,0.5513966,0.58674866,0.46292257,0.09363116,0.53543794,0.70479953,0.41973066,0.1494769,0.08304966,0.32843047,0.11220712
0.88915026,0.7972749,0.7927258,0.90910685,0.33434603,0.123069815,0.74961966,0.93494,0.38811284,0.47072843,0.93744636,0.90028805,1.0,0.8874501,0.6360732,0.5947326,0.7353847,0.7777,0.9121187,0.9100119,0.32709453,0.44702908,0.7426141,0.38424858,0.35717994,0.45287728,0.43121016,-0.49138737,0.7187207,0.7916947,0.59718394,0.87263966,0.8751123,0.8369837,0.7742295,0.7789006,0.6054748,0.6551521,0.47096893,0.5477689,0.23097572,0.4727111,0.76590276,0.68412256,0.74126524,0.62489754,0.7433053,0.61333364,0.33700618,0.47280434,0.26752612,0.42029607,0.30375007,0.23194869,0.5422062,0.42972174,0.7488399,0.74631935,0.24280411,0.29155698,0.523038,0.5088201,0.37330306,0.6316114,0.14677069,0.616659,0.7674466,0.7875695,0.8561206,0.8273514,0.7765649,0.744916,0.83021164,0.76974493,0.79580295,0.8445132,0.80358094,0.68976647,0.5764077,0.7915982,0.4315944,0.6226788,0.33252558,0.48243156,0.34415862,0.45954984,0.22408,-0.21185058,0.5647714,0.19980508,0.12327242,0.024465416,-0.12974298,0.19027342,0.31221956,0.4866709,0.46568862,0.5636852,0.3611362,0.20535503,0.09007806,0.2926614,0.2872501,-0.21981256,0.35528922,0.5509006,0.47796237,0.43143532,0.07578789,0.45868427,0.66850275,0.4225236,0.13497604,0.015678622,0.22299993,0.12235317
0.83314776,0.87019706,0.75055224,0.90149516,0.3187902,-0.10253944,0.7787926,0.9193859,0.49008703,0.52910066,0.9053775,0.9533404,0.8874501,1.0,0.67801756,0.7197801,0.7271691,0.85690576,0.8667916,0.9002528,0.4117026,0.5398862,0.79205215,0.47368962,0.23824142,0.27766392,0.5396882,-0.40508857,0.75495046,0.7598872,0.6073171,0.80799353,0.8288611,0.86411947,0.8190511,0.81609565,0.71268946,0.7383603,0.60144377,0.6357615,0.3978479,0.48608977,0.7201853,0.74168265,0.736899,0.67558247,0.7638018,0.67260414,0.27185798,0.4472118,0.16012798,0.5553057,0.37135214,0.25772032,0.59935635,0.5588489,0.6348593,0.8604194,0.19756898,0.4431702,0.34040755,0.6681698,0.22259942,0.7998593,-0.0024730281,0.754141,0.7709386,0.8264024,0.83765304,0.84768885,0.8163136,0.83997273,0.79006195,0.8232209,0.83140486,0.83576316,0.81839186,0.7872609,0.53636026,0.76545155,0.32758626,0.76553416,0.24545488,0.5997164,0.18053101,0.5992697,0.3174143,-0.05199613,0.4771176,0.3835177,0.043260496,0.07696088,-0.19253641,0.28327948,0.45342073,0.5344617,0.574212,0.6602203,0.24533504,0.35758555,0.10518836,0.35510194,0.16638789,-0.17329669,0.33925572,0.51640636,0.62717015,0.4628178,0.13624306,0.53730965,0.7216789,0.40626702,0.19299535,0.09694671,0.26700258,0.12732418
0.69141173,0.53411824,0.70358765,0.70772725,0.5252847,0.22242801,0.6216504,0.6872443,0.64778405,0.6167383,0.6808461,0.6790036,0.6360732,0.67801756,1.0,0.606193,0.8003022,0.6178573,0.67988306,0.66024345,0.5139932,0.6471205,0.72186166,0.39355233,0.37558004,0.44724062,0.43572113,-0.19737154,0.8076995,0.7389102,0.70026404,0.72306603,0.6989943,0.6233573,0.645831,0.63325655,0.64142525,0.6519468,0.4482729,0.54589117,0.6351371,0.5345876,0.6322361,0.48326552,0.5723848,0.43936592,0.6947124,0.58675045,0.03105122,0.19029792,0.093356915,0.36944538,0.26916742,0.36006048,0.50210595,0.43914446,0.53943133,0.5021728,0.1562061,0.16673365,0.28663814,0.30816752,0.24838522,0.46855476,0.14370541,0.39136213,0.57216406,0.60081095,0.5991922,0.65514004,0.71704865,0.62770027,0.79672915,0.780796,0.6363066,0.63902694,0.5790466,0.535294,0.11554187,0.69412434,0.63059014,0.55886245,0.5266615,0.45301953,0.30564213,0.45571384,0.13671093,-0.15204287,0.43875718,0.4000697,0.23549837,0.16003837,-0.058562286,0.27679107,0.6056089,0.6235209,0.54800564,0.5451928,0.6186559,0.49365726,0.22128877,0.27065608,0.36858684,0.03526008,0.6303274,0.5007748,0.39231318,0.27659413,0.4026575,0.5424457,0.63529134,0.19553393,0.24552527,0.3116513,0.49412,-0.047948293
0.4358464,0.768407,0.4169271,0.75296843,0.32629746,-0.14711696,0.7143343,0.6582235,0.6457436,0.71179646,0.56235904,0.69988674,0.5947326,0.7197801,0.606193,1.0,0.4764735,0.8503802,0.49228135,0.7220376,0.53866905,0.7629802,0.8282374,0.70164144,0.17793049,-0.005426562,0.579352,0.059246536,0.62928885,0.7902208,0.7417959,0.6821628,0.520009,0.74164826,0.6651871,0.70258725,0.7838396,0.772263,0.7437135,0.65232414,0.6467995,0.5585789,0.4434491,0.7173089,0.5183701,0.62291646,0.60053504,0.6467808,0.019553773,0.34875613,-0.20704752,0.6618304,0.34192264,0.32471406,0.6600986,0.7338944,0.1318102,0.77209127,-0.21821336,0.5072952,-0.19804777,0.6899922,-0.34659353,0.7581417,-0.4507462,0.7717664,0.53968143,0.66695905,0.45185778,0.4750658,0.7385063,0.74957514,0.6478622,0.6845932,0.71788436,0.58952975,0.7110019,0.7855105,0.44891667,0.4068992,-0.031741466,0.8511553,0.016157953,0.88751924,-0.14079285,0.85138494,0.33395073,0.14586335,0.43032685,0.54048204,0.0031940886,0.22051555,-0.251833,0.4790506,0.587325,0.43173853,0.66651803,0.81313384,0.038530823,0.6677145,-0.07316036,0.45775598,-0.11723575,0.18303677,0.27139217,0.42506644,0.53643215,0.41121948,0.32085988,0.80466944,0.7330602,0.37992156,0.0012546271,0.06663367,0.16525224,-0.17555037
0.8487303,0.6185449,0.8552514,0.77412146,0.44192404,0.23631291,0.7384468,0.7913852,0.51283026,0.49871182,0.8122518,0.7372857,0.7353847,0.7271691,0.8003022,0.4764735,1.0,0.637246,0.82134634,0.7254051,0.43770006,0.5849003,0.711772,0.41037956,0.316466,0.48059815,0.4576613,-0.3282116,0.8207426,0.65629756,0.6987462,0.7689273,0.83871114,0.72271717,0.68489796,0.66516435,0.64240533,0.6796223,0.49429622,0.60434073,0.5698347,0.6167915,0.7855517,0.5394084,0.6661305,0.47427323,0.77936566,0.63782334,0.10337771,0.33808082,0.20622429,0.23755413,0.13234745,0.28301352,0.59816164,0.4300025,0.77101004,0.57468694,0.22725718,0.14155112,0.52996546,0.3051882,0.4301161,0.51417094,0.29588425,0.3953315,0.6662113,0.6656085,0.7831107,0.78102905,0.7207764,0.6094034,0.81679237,0.8372546,0.68283135,0.7610878,0.6389225,0.5635222,0.2865576,0.80333275,0.7129077,0.56404537,0.49751446,0.2722852,0.35076043,0.37748948,0.092837974,-0.25278878,0.39913005,0.46155828,0.23870671,0.20380703,-0.05559886,0.17078824,0.6358919,0.6234058,0.6148355,0.5059969,0.6492273,0.44841293,0.19550742,0.1845414,0.43597856,-0.11710355,0.6424528,0.4791958,0.39894313,0.2595201,0.37265942,0.4609291,0.6818613,0.18394375,0.22653396,0.33088565,0.51737183,0.17427017
0.6700078,0.89779204,0.6234679,0.888347,0.31319,-0.10870109,0.8289808,0.8253391,0.5639989,0.53938675,0.7625767,0.8625052,0.7777,0.85690576,0.6178573,0.8503802,0.637246,1.0,0.73198086,0.8744819,0.4607507,0.66503304,0.8651168,0.65328664,0.18975595,0.059713226,0.58509064,-0.19661509,0.72870505,0.8056588,0.7389218,0.7947509,0.73307216,0.88488513,0.811065,0.81855565,0.7893833,0.7986762,0.7408938,0.6931976,0.5353257,0.5991669,0.6458019,0.8044331,0.6495506,0.70790327,0.74429953,0.7229406,0.16217263,0.47623134,-0.06781,0.5780915,0.35170782,0.3369446,0.72192544,0.70381796,0.42682305,0.89709604,-0.04257981,0.5730893,0.102297835,0.73748684,-0.08117785,0.8518529,-0.21208365,0.81067705,0.72672343,0.8206332,0.7287381,0.7266096,0.79817724,0.8356053,0.7421919,0.77653307,0.83554393,0.7581128,0.8280163,0.84199554,0.5926885,0.63732344,0.16161789,0.89458746,0.09884958,0.75868374,-0.0009223024,0.7673622,0.3135417,0.011830398,0.51682705,0.5199314,0.044885226,0.16535076,-0.25321493,0.42287418,0.58463895,0.5319296,0.70519286,0.781524,0.13081118,0.544307,-0.004731632,0.4240512,0.020319352,0.018651767,0.2823813,0.48749313,0.5709545,0.41816622,0.30195057,0.72609,0.81641525,0.38102353,0.056524284,0.08325308,0.24384335,-0.018727498
0.9523082,0.7546357,0.87691474,0.88256276,0.36327782,0.19963126,0.7130603,0.9251956,0.3866304,0.43571246,0.9429905,0.89370847,0.9121187,0.8667916,0.67988306,0.49228135,0.82134634,0.73198086,1.0,0.895884,0.3525382,0.40126556,0.7281448,0.30617982,0.34417957,0.5082722,0.41128543,-0.5485933,0.7502144,0.7269794,0.5642127,0.8433404,0.9116649,0.79804915,0.79183745,0.76917833,0.578951,0.63430125,0.42123947,0.53867054,0.2656165,0.44733387,0.8238023,0.6167393,0.75852937,0.5590707,0.77532256,0.5882991,0.32444346,0.41850936,0.32579255,0.35455,0.29202387,0.23475297,0.49873272,0.3419078,0.83900195,0.69473624,0.34282908,0.2736281,0.63914245,0.4127564,0.52429396,0.5949006,0.30603534,0.5048538,0.77863425,0.7696293,0.91122526,0.8873778,0.7492302,0.69441086,0.82319,0.78227615,0.7540086,0.83115757,0.75674444,0.6257767,0.44330347,0.8749023,0.6019057,0.5555592,0.4419986,0.3460726,0.4441027,0.33478367,0.1376786,-0.26442984,0.5576654,0.2112704,0.22151168,-0.013300807,-0.09091735,0.17904979,0.36402902,0.5629667,0.4590449,0.47854295,0.50290567,0.18548661,0.20982976,0.21847707,0.4290598,-0.2470298,0.5187206,0.6038286,0.45736554,0.41686285,0.1131137,0.40006796,0.64676297,0.35378444,0.17928764,0.11025097,0.37758586,0.16591948
0.855683,0.8757463,0.7469146,0.94602895,0.3884185,0.09254623,0.78691804,0.9274994,0.5238873,0.56175953,0.8986754,0.91243255,0.9100119,0.9002528,0.66024345,0.7220376,0.7254051,0.8744819,0.895884,1.0,0.395976,0.5389562,0.82711697,0.49884143,0.26677716,0.3207532,0.48089635,-0.39012527,0.72889775,0.8369031,0.65875584,0.856291,0.8575735,0.88152146,0.8517753,0.8441548,0.698694,0.7388242,0.5654835,0.6111903,0.3668041,0.52965677,0.74367213,0.73069555,0.75395834,0.6543162,0.77027774,0.6722964,0.23891293,0.4740149,0.117461815,0.51152587,0.363773,0.35016266,0.5806619,0.5240278,0.63141197,0.8249357,0.13176079,0.42174387,0.35789832,0.5986728,0.21116282,0.75057894,0.012878408,0.7058079,0.78005576,0.8216193,0.8557885,0.8253392,0.78468114,0.78118426,0.80933803,0.81362104,0.8077772,0.82970357,0.8188787,0.75517225,0.5531774,0.7697106,0.33886594,0.76180017,0.25960484,0.6323936,0.20749255,0.59802383,0.1991518,-0.1663714,0.54595727,0.3373662,0.12110453,0.1266658,-0.119937114,0.31818634,0.44281787,0.55119514,0.55887735,0.6513666,0.28997192,0.37600002,0.06621601,0.315663,0.2571311,-0.11373705,0.4125126,0.5929132,0.5453469,0.45888284,0.18600047,0.5810979,0.7485389,0.43806028,0.09925697,0.07507784,0.26516575,0.062145717
0.34261984,0.45329145,0.38202798,0.45516157,0.17507707,0.015876293,0.448447,0.44336772,0.3499569,0.40941212,0.3790565,0.44683453,0.32709453,0.4117026,0.5139932,0.53866905,0.43770006,0.4607507,0.3525382,0.395976,1.0,0.72815204,0.57911086,0.3793019,0.054652397,0.07131936,0.52522206,0.08326601,0.53008425,0.42494014,0.45925376,0.46444073,0.29565418,0.36252883,0.37518665,0.3623338,0.57176995,0.5167242,0.52111936,0.46213672,0.5783965,0.38198188,0.30102855,0.34984466,0.28940675,0.30185163,0.40721646,0.3624657,-0.11484452,0.23669973,-0.129272,0.37568742,0.18502913,0.19220579,0.38845646,0.31843662,0.18589628,0.39060557,-0.22073047,0.1463864,-0.028094208,0.2809673,-0.08258286,0.34571356,-0.1633941,0.33190763,0.29170752,0.35253358,0.24951077,0.2829325,0.61307603,0.47245425,0.5509849,0.4974415,0.45893452,0.29887068,0.3775683,0.42498198,0.11004358,0.36394957,0.22841248,0.42921513,0.15039994,0.37488872,0.06700473,0.4360739,0.14573698,0.04216216,0.32572806,0.42209885,0.16393131,0.006935442,-0.22837414,0.35182607,0.51908714,0.36253327,0.42958543,0.41473436,0.2391593,0.44843712,-0.04738803,0.20859359,-0.018255325,0.12181102,0.3824114,0.19830407,0.26012814,0.1379086,0.16540389,0.4444015,0.43981376,0.08015279,0.023315862,0.1662218,0.31384587,-0.06263386
0.40527287,0.56833965,0.4464037,0.61940813,0.28692794,-0.01375594,0.68170524,0.5248404,0.55158174,0.5885684,0.4574192,0.5417431,0.44702908,0.5398862,0.6471205,0.7629802,0.5849003,0.66503304,0.40126556,0.5389562,0.72815204,1.0,0.75293446,0.6732868,0.13858666,0.048701897,0.64407384,0.16638377,0.70345944,0.6508178,0.78235656,0.60021216,0.44471672,0.61974883,0.5453021,0.5543716,0.7535204,0.71897036,0.7267723,0.63420653,0.7681817,0.6398983,0.43798766,0.5958849,0.44210947,0.49047732,0.6082573,0.6693514,-0.11697594,0.327226,-0.19323033,0.45176876,0.111922175,0.27858636,0.65972245,0.6655224,0.1655264,0.57727313,-0.32146913,0.23935698,-0.12165028,0.4642371,-0.2690162,0.5621473,-0.30492517,0.5577073,0.450972,0.55168104,0.39393774,0.40032366,0.73229474,0.662076,0.69976157,0.6981104,0.6670573,0.518969,0.58754057,0.66426647,0.27128342,0.38885593,0.16088653,0.71914274,0.13161112,0.63421386,-0.14014694,0.7350224,0.2838664,0.10763715,0.32932627,0.69326794,0.10918665,0.29916903,-0.18692622,0.3901514,0.75470626,0.42153338,0.70605534,0.67427015,0.21026391,0.7177753,-0.08968869,0.34076396,-0.09391191,0.15431947,0.34799674,0.2516138,0.37409133,0.09761589,0.41760337,0.67778444,0.7091882,0.1619993,0.0853712,0.26943475,0.33491313,-0.09839103
0.6914662,0.8143782,0.7448452,0.8652519,0.33760652,0.023551656,0.8472303,0.8043717,0.63169646,0.643549,0.7418846,0.8110601,0.7426141,0.79205215,0.72186166,0.8282374,0.711772,0.8651168,0.7281448,0.82711697,0.57911086,0.75293446,1.0,0.7135838,0.25670177,0.1780239,0.55317205,-0.18084307,0.8287434,0.8129684,0.84955573,0.8369167,0.73991925,0.82989734,0.78914696,0.78807485,0.847027,0.85700375,0.75335574,0.7223674,0.6806986,0.5939967,0.6875656,0.76763415,0.66442597,0.6497562,0.7723888,0.73122424,0.121386364,0.45720363,-0.08911804,0.5423392,0.30227667,0.3485296,0.7309899,0.70217896,0.45710346,0.7853662,-0.0037565785,0.43644688,0.1323385,0.5905166,-0.046899583,0.73372304,-0.14162363,0.6781362,0.71448296,0.77522606,0.6566243,0.6792725,0.8670744,0.8090506,0.83442295,0.7955993,0.80862355,0.75566834,0.8153972,0.80726105,0.49392012,0.6617186,0.32314017,0.80168706,0.23726031,0.6831861,0.15833622,0.71594715,0.23982938,0.051146258,0.57511854,0.5799622,0.15797324,0.20759837,-0.25091594,0.40792552,0.6709725,0.5332831,0.7494271,0.7856007,0.32391828,0.6245173,0.03536464,0.3900685,0.08803939,0.009668862,0.47378063,0.5035259,0.50375354,0.3191933,0.30407608,0.7773169,0.80878145,0.33927292,0.1087181,0.14103885,0.40880883,-0.11805069
0.29143894,0.54450774,0.4368226,0.5894335,0.11420887,-0.11719425,0.7799751,0.4241554,0.47453058,0.42767364,0.34717906,0.44545835,0.38424858,0.47368962,0.39355233,0.70164144,0.41037956,0.65328664,0.30617982,0.49884143,0.3793019,0.6732868,0.7135838,1.0,0.051244892,-0.1620473,0.51289034,0.16619784,0.62629676,0.57973015,0.77659416,0.507118,0.41796556,0.676721,0.56456184,0.5791094,0.753892,0.78699523,0.84150374,0.74122816,0.66866237,0.64222133,0.41360724,0.74106956,0.47427687,0.63348925,0.618369,0.74577534,0.052530922,0.4286345,-0.30523285,0.4647782,0.065366454,0.1986201,0.82236826,0.86184955,0.064708695,0.61081886,-0.29603386,0.36263278,-0.20633413,0.5723854,-0.43117094,0.61694956,-0.40785387,0.611565,0.5231718,0.62197363,0.3706416,0.3790637,0.6348932,0.635159,0.53610927,0.5245991,0.65897864,0.5350803,0.6698549,0.7587679,0.51836324,0.34529454,-0.08261451,0.74659467,-0.038041223,0.6223217,-0.2002926,0.79085684,0.4078107,0.32259342,0.33000264,0.72832966,-0.052990872,0.38661367,-0.25212547,0.3141382,0.6848007,0.28073528,0.8203993,0.7987697,-0.024546947,0.714806,-0.21892036,0.2641134,-0.24696025,0.082557954,0.07317958,0.14001676,0.32602564,0.09448942,0.3546185,0.77852565,0.7595432,0.18428539,-0.06455553,0.07907191,0.18089554,-0.09052543
0.35413048,0.16322601,0.38128537,0.29141533,0.16005954,0.2100881,0.2205509,0.319138,0.16336107,0.21172504,0.30785578,0.21958867,0.35717994,0.23824142,0.37558004,0.17793049,0.316466,0.18975595,0.34417957,0.26677716,0.054652397,0.13858666,0.25670177,0.051244892,1.0,0.54366106,0.023391126,-0.25359353,0.29872656,0.38965836,0.29463273,0.35614303,0.3659392,0.24945128,0.275396,0.25711623,0.13717985,0.21025738,0.070521355,0.26925266,0.062365633,0.113701135,0.35711017,0.17532758,0.25207624,0.15289803,0.28616107,0.21268198,0.19446096,0.07352753,0.23768052,0.024353148,-0.07034948,0.06621306,0.1535834,0.09976471,0.3652516,0.12880453,0.21110924,-0.08855784,0.354095,-0.023855003,0.30359364,0.021701673,0.19596608,-0.04349062,0.25767863,0.22461139,0.25670284,0.27774528,0.22965425,0.16412897,0.3761058,0.30826834,0.24330679,0.30559435,0.25174832,0.13529617,0.108799025,0.34408197,0.40576267,0.05175894,0.28799444,0.10902663,0.44960755,0.020236095,-0.122860484,-0.12805492,0.48549947,-0.010375006,0.3540366,-0.025926828,-0.039885055,0.065847956,0.051848993,0.25155696,0.10281844,0.15263097,0.43024975,-0.024593843,0.28338584,-0.0008162601,0.28286615,0.0050028367,0.28947145,0.36249223,0.06867556,0.17716384,0.1614295,0.12105892,0.20703231,-0.06528387,0.24142784,0.05475824,0.16711837,-0.045003664
0.5606751,0.05697672,0.5031894,0.31612468,0.39430103,0.5886842,0.12637854,0.4100657,0.08426437,0.33371434,0.47384056,0.2893108,0.45287728,0.27766392,0.44724062,-0.005426562,0.48059815,0.059713226,0.5082722,0.3207532,0.07131936,0.048701897,0.1780239,-0.1620473,0.54366106,1.0,-0.045753263,-0.45698452,0.32075286,0.4211136,0.24106875,0.4195127,0.43281847,0.18867984,0.22962825,0.2143572,0.029702468,0.103576265,-0.14224562,0.123741254,-0.06664384,0.1534104,0.44097978,0.023666505,0.2825736,-0.016301703,0.31932703,0.13209221,0.16865563,0.01747906,0.5537285,-0.029561488,-0.0665847,-0.09304217,-0.00019894948,-0.15813227,0.5967652,-0.047086176,0.42577416,-0.28960544,0.6192201,-0.30006576,0.6701649,-0.152798,0.52037895,-0.16281703,0.26311255,0.1689536,0.3983975,0.35194236,0.22217058,0.07706577,0.4061223,0.3795981,0.18780257,0.37875646,0.18817948,0.0030605537,-0.04105306,0.48484793,0.6636605,-0.07993862,0.59928715,-0.13244277,0.6273663,-0.23392828,-0.18709649,-0.4712914,0.33228004,-0.25190145,0.36672574,-0.07947039,0.14808246,-0.19156109,-0.078098655,0.3532226,-0.07053784,-0.060151342,0.70977825,-0.16310373,0.30482763,-0.09069717,0.61168885,-0.2427141,0.47729743,0.5225601,-0.029466713,0.21334283,0.06808777,-0.048651885,0.10528538,0.13191183,0.3446529,0.051273216,0.22118594,0.031044042
0.38734844,0.5468398,0.4259069,0.55014884,0.04735098,-0.12206457,0.6046811,0.4838364,0.27278492,0.34792823,0.4566594,0.53850013,0.43121016,0.5396882,0.43572113,0.579352,0.4576613,0.58509064,0.41128543,0.48089635,0.52522206,0.64407384,0.55317205,0.51289034,0.023391126,-0.045753263,1.0,-0.021929793,0.5874253,0.46429488,0.5499836,0.50639415,0.4025546,0.57914007,0.5216155,0.5719989,0.6206865,0.63299096,0.6558471,0.5501424,0.49328464,0.49092454,0.4046975,0.58605486,0.4615979,0.5658541,0.5389904,0.57357377,0.1666271,0.38254473,-0.12461023,0.40924454,0.1012813,0.124309994,0.5817789,0.55625755,0.21467172,0.5599777,-0.12567192,0.2839083,0.025218105,0.53122044,-0.14593783,0.57070285,-0.17141293,0.6066075,0.48794544,0.6017825,0.46295074,0.45154616,0.67308867,0.649061,0.59377295,0.5345122,0.64376396,0.45983917,0.5923705,0.6751598,0.38023186,0.42633927,0.028904762,0.61839646,0.022653593,0.4882402,-0.21118872,0.59362173,0.5398649,0.24541377,0.27791795,0.52443,-0.20538852,0.058725588,-0.37520888,0.17082582,0.5511095,0.28778648,0.6014959,0.56888384,0.004068931,0.40226015,-0.14177655,0.3181961,-0.17759173,-0.029180318,0.1301721,0.112711415,0.43795654,0.12554121,0.17466441,0.5327614,0.6199313,0.23101494,-0.002123228,0.1316475,0.13744451,-0.04112613
-0.56115276,-0.31011897,-0.46568537,-0.33778253,-0.11739568,-0.11723595,-0.17101967,-0.46691367,0.114544176,-0.013891089,-0.517181,-0.41440237,-0.49138737,-0.40508857,-0.19737154,0.059246536,-0.3282116,-0.19661509,-0.5485933,-0.39012527,0.08326601,0.16638377,-0.18084307,0.16619784,-0.25359353,-0.45698452,-0.021929793,1.0,-0.23084652,-0.17963642,0.0056309076,-0.32229143,-0.4825239,-0.25717092,-0.3242474,-0.29492962,-0.094920784,-0.13822326,0.05272626,-0.120103724,0.19824475,-0.015553717,-0.47836825,-0.16988416,-0.4008755,-0.123784624,-0.2925949,-0.08176747,-0.39799267,-0.13660908,-0.50866526,-0.059904158,-0.1394893,-0.05007848,0.0124485325,0.13007286,-0.66336846,-0.24068883,-0.49077034,-0.035185985,-0.6672237,-0.060052603,-0.6426481,-0.13988914,-0.48825252,-0.07300608,-0.42135772,-0.32400626,-0.4936097,-0.5011687,-0.23226376,-0.1967717,-0.3173934,-0.28057167,-0.28005135,-0.42868242,-0.29764608,-0.12957208,-0.33644253,-0.47840747,-0.4764871,-0.04008013,-0.27486518,0.111196786,-0.50522363,0.17074443,-0.05743539,0.22432338,-0.33529285,0.22442125,-0.21654898,0.18251178,0.11019682,0.22515206,0.12248183,-0.24740107,0.058680978,0.011824247,-0.35587293,0.31820238,-0.31070486,0.052991927,-0.36351883,0.44248977,-0.23095539,-0.43884805,-0.24547449,-0.30995712,0.19916613,0.11222139,-0.087651394,-0.18771641,-0.2709187,0.12877037,-0.094609156,-0.18456574
0.73334485,0.6325278,0.8456038,0.80213326,0.27885962,0.15388565,0.8196806,0.7529286,0.46109676,0.5200019,0.7485631,0.761638,0.7187207,0.75495046,0.8076995,0.62928885,0.8207426,0.72870505,0.7502144,0.72889775,0.53008425,0.70345944,0.8287434,0.62629676,0.29872656,0.32075286,0.5874253,-0.23084652,1.0,0.75210595,0.8022414,0.82999426,0.7564981,0.79220134,0.77238816,0.7676031,0.7765465,0.79391867,0.67189026,0.68871224,0.6287016,0.61337817,0.7232281,0.68198764,0.7003699,0.6437942,0.8268963,0.7418434,0.16742893,0.39691767,0.08143564,0.4165218,0.23549302,0.21260886,0.75091976,0.6156208,0.5714395,0.6505793,0.1354812,0.2543227,0.31886724,0.47601336,0.1899091,0.61212885,0.10271594,0.5562057,0.7360003,0.77090967,0.7105907,0.7453971,0.8868626,0.7998043,0.8886659,0.8005417,0.8059803,0.7679453,0.79652834,0.7683521,0.3517255,0.7583262,0.5111666,0.6632265,0.44803867,0.45350906,0.24036828,0.544476,0.35395837,0.039742727,0.4901461,0.54790103,0.115323044,0.11496228,-0.23176531,0.23731355,0.727321,0.5091424,0.7604271,0.67202574,0.47904426,0.5008003,0.09912307,0.29985267,0.19724186,-0.11288123,0.52089745,0.3742757,0.42545483,0.20870109,0.3212262,0.64722157,0.80072683,0.23950402,0.137112,0.2642031,0.47701332,-0.0029857373
0.69274443,0.69176364,0.6583106,0.85641617,0.4253028,0.24546188,0.7274258,0.7859059,0.54939795,0.6831096,0.74805653,0.7700778,0.7916947,0.7598872,0.7389102,0.7902208,0.65629756,0.8056588,0.7269794,0.8369031,0.42494014,0.6508178,0.8129684,0.57973015,0.38965836,0.4211136,0.46429488,-0.17963642,0.75210595,1.0,0.8100189,0.842911,0.71203345,0.7825842,0.72857237,0.7372969,0.6977258,0.73651236,0.60386395,0.64972806,0.49299607,0.6117825,0.6607209,0.6786277,0.619025,0.568847,0.7213609,0.6854629,0.14132187,0.3135642,0.09688912,0.5189876,0.27612942,0.2926859,0.6281731,0.58074355,0.43538517,0.64569086,0.039772496,0.2876921,0.171889,0.43637514,0.06176345,0.5671778,-0.10834926,0.5832259,0.6286685,0.70027816,0.65821666,0.6411112,0.77788675,0.70976746,0.79233086,0.7891834,0.76273835,0.7436849,0.7446793,0.7063686,0.39955425,0.6479793,0.32264233,0.71213156,0.37965587,0.68426627,0.21801753,0.63564557,0.23681173,-0.13227955,0.60575956,0.33199847,0.18906847,0.17942329,-0.11951777,0.3271524,0.4836557,0.5820483,0.58121675,0.6760722,0.38638788,0.478933,0.093499884,0.347456,0.21240455,0.04738719,0.43912,0.64804506,0.3452371,0.4799023,0.37709713,0.7115906,0.7539623,0.37329456,0.103326954,0.046350088,0.2391482,-0.11581449
0.5583619,0.5883938,0.6636048,0.7452278,0.3554446,0.16711831,0.80788136,0.62619346,0.58737606,0.61769694,0.587335,0.6106168,0.59718394,0.6073171,0.70026404,0.7417959,0.6987462,0.7389218,0.5642127,0.65875584,0.45925376,0.78235656,0.84955573,0.77659416,0.29463273,0.24106875,0.5499836,0.0056309076,0.8022414,0.8100189,1.0,0.7614485,0.6330616,0.7570589,0.66237867,0.6634526,0.78646046,0.81329143,0.76305336,0.7534809,0.74348676,0.7114615,0.62826455,0.71077156,0.5460717,0.5759608,0.7523724,0.7918444,0.044796217,0.36705905,-0.096387476,0.3933551,0.09583217,0.26074442,0.80330724,0.75753725,0.3388874,0.58236295,-0.0973507,0.26598567,0.06365351,0.41877183,-0.12523429,0.5411606,-0.16010539,0.51324916,0.59191215,0.66707426,0.54111594,0.537738,0.778146,0.6828057,0.76506007,0.74959075,0.7411031,0.66293204,0.72535396,0.731389,0.38151488,0.54016626,0.31561056,0.73336285,0.33212292,0.60737973,0.09753282,0.69930863,0.27884468,0.067903966,0.51587087,0.6218349,0.1823296,0.35866478,-0.15131497,0.296576,0.7415095,0.52886873,0.79998213,0.74553937,0.3755966,0.6938525,-0.00513854,0.30940852,0.0639635,0.06856856,0.4138067,0.41323066,0.2637678,0.19941416,0.49815878,0.7953296,0.82983905,0.21875834,0.07040874,0.21297397,0.3463396,-0.16226362
0.80329984,0.7514369,0.8114625,0.8853732,0.33048475,0.20041029,0.7904066,0.8787106,0.44383904,0.585891,0.8630141,0.8459529,0.87263966,0.80799353,0.72306603,0.6821628,0.7689273,0.7947509,0.8433404,0.856291,0.46444073,0.60021216,0.8369167,0.507118,0.35614303,0.4195127,0.50639415,-0.32229143,0.82999426,0.842911,0.7614485,1.0,0.82914436,0.83603364,0.78955925,0.79220545,0.71611536,0.75137055,0.5902233,0.63769376,0.45837757,0.5637655,0.76553106,0.71593505,0.7109818,0.63410336,0.77594316,0.6624114,0.24345155,0.4137354,0.113577105,0.40478608,0.27777228,0.22914979,0.66984445,0.5159609,0.64853597,0.7040436,0.18709019,0.3322057,0.39075947,0.48166266,0.24540977,0.60791993,0.10582015,0.59699565,0.74026215,0.77973884,0.75221807,0.7518534,0.85447437,0.7851532,0.86255157,0.7565799,0.77607167,0.7553439,0.8246457,0.74369067,0.44700712,0.7391502,0.45423722,0.6506441,0.38483143,0.5190019,0.32232833,0.51274,0.25571302,-0.15657993,0.61736006,0.32804605,0.15375336,0.034479238,-0.19916898,0.29108143,0.52540195,0.52006507,0.6268642,0.6481077,0.46417952,0.3897692,0.10876102,0.3120377,0.27609482,-0.15636997,0.51024616,0.53976625,0.4263556,0.39010036,0.20371772,0.62649846,0.76652724,0.34747386,0.10426626,0.1458943,0.32294765,-0.03825321
