1.0,0.23836428,0.41412866,-0.12960541,-0.35921556,-0.4766701,0.4655803,-0.12226579,-0.18046583,0.42656556,0.35988286,0.3881313,0.5369789,0.40192133,0.16168074,0.21596316,0.4988009,0.27980822,0.72547394,0.7207791,-0.09773631,0.1311873,-0.026253713,0.07652649,-0.23499441,-0.3497016,-0.33732653,-0.45747107,-0.004983408,0.039412793,0.07569692,0.06277938,0.62975043,0.4412601,0.58762455,0.38298368,0.19053885,0.26277745,-0.02822137,0.23222014,-0.13929571,-0.14537302,0.5964972,0.52942675,0.29695836,0.20396699,0.5920185,0.3236065,0.1751493,0.20271473,0.26293048,0.019621123,0.31839582,0.14998914,0.61976695,0.19921708,0.8686593,0.14814506,0.16883384,-0.06426152,0.44630498,-0.19673999,0.6036097,-0.026947103,0.4477925,-0.07126002,0.6306469,0.62187535,0.476663,0.44907114,0.20489977,-0.14438102,0.32899186,-0.40207297,0.09270242,-0.02256045,0.4987789,0.027623342,0.59294355,0.25909927,0.7454808,0.08948226,0.07712683,0.023498757,0.7384973,-0.19793956,-0.2156672,-0.4990728,0.45836952,-0.047479957,0.55265963,0.23157644,0.46364915,0.057896778,0.0030491373,0.13999566,0.40007767,0.13019465,0.5437608,0.34112138,0.29757133,0.015945652,0.30561042,-0.22741194,0.04455807,0.004599148,0.352222,-0.10285914,0.15159267,0.09607304,0.41811076,0.31784075,-0.1640321,0.50143915,0.113951385,0.09625673
0.23836428,1.0,0.057201013,0.5619033,0.17830034,-0.26034737,0.4165772,0.52410495,0.16265863,-0.0358691,0.22485729,0.0344554,0.02700381,0.1911134,0.05862525,-0.07596482,-0.04256175,0.092497446,0.49849004,0.56734544,0.027275207,0.20658207,-0.09694294,-0.11252911,-0.3279569,-0.2345082,-0.0276656,-0.19830035,0.25861242,0.18850031,-0.06700735,0.028075973,0.21303155,0.42137754,0.25171977,0.46883473,-0.22886497,-0.23960394,-0.26632464,-0.019404441,-0.13275228,-0.35223284,0.38531575,0.47918072,0.19700854,0.12950684,0.32781026,0.2705397,0.13946347,0.12208979,-0.010315664,0.06721233,-0.027617075,0.42773098,0.23189487,0.39372966,0.110683404,0.78710645,0.037538342,0.0011656337,0.40813673,0.20060626,-0.10703412,0.70374495,0.08097385,0.28718796,0.46571565,0.4494573,0.5417815,0.42587265,-0.30948249,-0.1482944,-0.24022174,-0.10764455,-0.31364644,-0.16838025,0.44759732,0.11094263,0.3856395,-0.054443702,-0.087925486,0.60743445,-0.31771204,-0.15548651,-0.18029833,0.5136352,-0.47369078,-0.17749129,-0.20556381,0.5239252,0.22549392,0.516538,0.05131758,0.18558392,0.27639425,-0.06020628,-0.014088419,-0.10565947,0.21013919,0.40276712,-0.099333264,0.12793769,-0.37246576,0.12972274,-0.31540915,-0.033663817,0.41204765,-0.077514045,0.12839772,0.023551434,0.31778005,0.13577896,0.0059154313,0.20012127,-0.060640767,0.052279785
0.41412866,0.057201013,1.0,0.36907306,0.2891359,0.1592456,0.761479,0.40412346,0.24032149,0.58523357,0.60533166,0.7142986,0.6962268,0.6543995,0.5686112,0.43015808,0.6197165,0.6577001,0.33675197,0.35566014,0.30100825,0.21713245,0.7295478,0.6903964,0.32930946,0.20728898,0.108023025,0.10726854,0.47726917,0.29465505,0.5381044,0.49773037,0.5430075,0.49499497,0.6050421,0.3602013,0.48940125,0.43999225,0.54456246,0.35172302,0.24436052,0.38970274,0.106411815,0.11490759,0.013122875,0.12726402,0.2606261,0.15300897,0.03880833,0.17087194,-0.12659776,0.12030306,0.08404782,0.0015239439,0.5815833,0.2936216,0.3446818,-0.2201567,-0.08617117,-0.015093312,-0.049157064,-0.19133328,0.38310808,-0.31722036,-0.020427357,-0.27938733,0.2361055,0.4244546,-0.18857765,0.1621224,0.62262833,0.5868216,0.39852926,0.3155844,0.3980776,0.49178198,0.20811349,0.3201544,0.3636996,0.4882861,0.54208493,0.016286938,0.613677,0.47483405,0.49972987,-0.012298035,0.5021239,0.28189504,0.6933615,0.107713304,0.12576982,-0.029729506,0.2398034,0.32925892,0.05385674,0.3195347,0.39590466,0.3669022,0.33916396,0.17806447,0.24311034,0.24510963,0.55132586,0.22192937,0.5495271,0.44681993,0.44057596,0.4350202,0.19141062,0.404129,0.28730395,0.22594568,-0.14550911,0.26328716,0.33852205,0.29097846
-0.12960541,0.5619033,0.36907306,1.0,0.48040152,0.20416336,0.48211843,0.8333065,0.41901857,0.034249026,0.44462827,0.27473018,0.16645218,0.3464099,0.25994906,0.12867759,0.09721142,0.41403785,0.20100199,0.22790739,0.18838245,0.20660241,0.51605487,0.36819658,0.07213249,0.18366505,0.18925858,0.20777604,0.5259793,0.37477115,0.36166197,0.41493437,0.21192741,0.37434456,0.11752481,0.23594342,-0.048686385,-0.05720162,0.1298002,0.052047383,0.1284429,0.108000666,0.0927416,0.054124612,-0.06812497,0.044885755,0.096524104,0.1386831,0.05756718,0.05614118,-0.21436971,0.055376403,-0.21847537,0.23023888,0.18430243,0.33718285,-0.19797687,0.37886187,-0.11308764,-0.012221061,0.011688978,0.17682455,-0.1828302,0.36303985,-0.20100614,0.20095655,0.031993385,0.2215015,0.010617873,0.1264493,0.06908587,0.4552159,-0.10157171,0.45983264,0.021026418,0.34259436,0.27191493,0.2255187,0.11975063,0.13770346,-0.23881882,0.42209,0.003923107,0.19622117,-0.24479087,0.5548808,0.077385016,0.3571519,0.021655774,0.49449885,0.029355349,0.29119968,0.023491714,0.28761744,0.28229427,0.056681834,0.048665058,0.07456488,0.07568655,0.23932315,-0.07337833,0.23379438,-0.106159076,0.42321068,0.06795816,0.2973063,0.31951496,0.2226502,0.1468677,0.12747474,0.13266854,0.025445392,-0.054847967,-0.015745437,0.009815268,0.14972332
-0.35921556,0.17830034,0.2891359,0.48040152,1.0,0.6460126,0.3249905,0.4834991,0.6184296,0.20879462,0.41005123,0.26850843,0.25076428,0.2596885,0.5836875,0.34527525,0.07548225,0.21431059,-0.21316764,-0.11063183,0.61386985,0.3023489,0.459974,0.48969126,0.5055595,0.5307637,0.697624,0.60064304,0.7101082,0.42369044,0.26491186,0.24281652,0.01481577,0.22041184,-0.06652892,0.044042073,0.33366254,0.20228197,0.5169028,0.3391777,0.51696235,0.44885457,-0.38154116,-0.21150728,-0.23997115,-0.24596752,-0.28940406,0.012845254,0.024927368,-0.04996745,-0.237541,0.08336962,-0.37479922,-0.082687505,-0.031448442,0.20550868,-0.459646,-0.08252813,-0.17626792,-0.008557253,-0.30378762,0.20184547,-0.29165095,-0.06381542,-0.4781445,-0.042060006,-0.2938239,-0.089589775,-0.39048913,-0.11022187,0.3696768,0.5770821,0.16746388,0.633974,0.32374212,0.3561033,-0.06680142,0.51791775,0.056271214,0.07773302,-0.21496855,0.21999355,0.37390286,0.33844486,-0.3190843,0.34225857,0.44655624,0.6182062,0.061632458,0.26574737,-0.36364812,-0.11646437,-0.3019871,0.2105836,0.36577353,0.29055977,0.07392634,0.3212673,-0.230898,-0.06605535,-0.1559188,0.1516427,-0.06648969,0.32560214,0.23233211,0.24778712,0.15315197,0.39044312,0.28797826,0.4676229,0.053128973,-0.048223104,0.17368095,-0.17051403,0.31346834,0.32881582
-0.4766701,-0.26034737,0.1592456,0.20416336,0.6460126,1.0,-0.026119217,0.14870769,0.4527516,0.15802416,0.37696835,0.3168599,0.26708367,0.11345556,0.45685527,0.46350986,0.118601486,0.2553087,-0.41864133,-0.41371378,0.5117501,0.18600571,0.40496266,0.54331106,0.7756492,0.81861466,0.60971236,0.795402,0.55917287,0.29081586,0.22440802,0.027739404,-0.019613983,0.083285056,-0.19523406,-0.28531572,0.28341228,0.30846846,0.56184894,0.33381963,0.47105435,0.65996873,-0.4902631,-0.48224506,-0.32275733,-0.16385439,-0.30842492,-0.07050342,-0.03134835,-0.2259126,-0.22240984,0.13506417,-0.32193214,-0.30066797,-0.09152707,-0.035212345,-0.5185064,-0.512379,-0.17799187,0.0024869745,-0.4239267,-0.02558958,-0.3032054,-0.43907636,-0.48297212,-0.21227983,-0.57480603,-0.3930935,-0.7280205,-0.22576287,0.50083596,0.61058986,0.39347315,0.6356659,0.47085527,0.3947893,-0.41933835,0.4060443,-0.17147733,0.16058794,-0.14375085,-0.15757437,0.50971925,0.37533247,-0.12740652,0.01508792,0.67438966,0.62624234,0.27449468,0.0076277065,-0.35976118,-0.32858923,-0.26064542,-0.045121793,0.12990114,0.36621395,0.018990744,0.4038391,-0.26552767,-0.2664183,0.061878946,0.062160198,0.009895754,0.32791543,0.27701032,0.16560821,-0.08813287,0.31199023,0.2406077,0.3101802,-0.20183703,-0.20848109,0.2255731,-0.3337053,0.20788522,0.2680899
0.4655803,0.4165772,0.761479,0.48211843,0.3249905,-0.026119217,1.0,0.560042,0.300086,0.53074783,0.58756226,0.5411121,0.59790903,0.66666764,0.4969548,0.32586414,0.5140073,0.5417148,0.4581888,0.55165106,0.25682887,0.25282395,0.4809687,0.46567068,0.10011434,0.040716246,0.0882657,-0.042119965,0.4752457,0.23413886,0.41774985,0.44774145,0.47780156,0.5614036,0.55186695,0.5384657,0.3151669,0.23064686,0.3038618,0.17427902,0.111418016,0.13660224,0.26128998,0.30142212,0.068516694,0.15020284,0.30533317,0.18997194,0.13222015,0.15599781,-0.15359724,0.097483315,-0.025583902,0.15018906,0.5483027,0.32444596,0.35391766,0.16774082,-0.00039465463,-0.0076758796,0.093327425,0.017053118,0.348349,0.037697364,0.07566709,-0.06408868,0.38669696,0.56959665,0.107300855,0.25588605,0.36042863,0.36185986,0.13267718,0.15438937,0.12813352,0.30744925,0.32675007,0.33522055,0.51444227,0.38101578,0.45929623,0.31203982,0.3617713,0.35624012,0.34601307,0.21647343,0.18260182,0.1886495,0.48160613,0.22560851,0.21294111,0.1377586,0.24531218,0.42103022,0.098409116,0.13752829,0.28179252,0.17464724,0.3444443,0.28106776,0.08282439,0.20337835,0.33603743,0.1930072,0.35159492,0.36993024,0.5704616,0.31326103,0.11968217,0.31430563,0.32138717,0.20972455,-0.15753005,0.3140367,0.21237832,0.18405285
-0.12226579,0.52410495,0.40412346,0.8333065,0.4834991,0.14870769,0.560042,1.0,0.38726723,0.07271613,0.29367915,0.25443822,0.11382065,0.41358525,0.22071593,0.112693496,0.032831524,0.44893113,0.22613348,0.22205137,0.18482953,0.22410813,0.4886888,0.31410065,0.02435186,0.10938849,0.16705078,0.1466084,0.44768932,0.35640642,0.2677423,0.37178037,0.18537329,0.3724751,0.18684445,0.30101573,0.0065164734,-0.030306155,0.14367966,0.009589181,0.11275737,0.095126845,0.047409482,0.076978154,-0.027515704,0.0639064,0.057021845,0.05249707,0.05186798,0.08550964,-0.20985037,-0.002151,-0.2790386,0.26306394,0.15860568,0.32715175,-0.195565,0.38570228,-0.0948271,-0.008758797,-0.03109686,0.20180382,-0.08062719,0.3730321,-0.17955334,0.16681466,0.07056632,0.24528854,0.049908917,0.11719617,-0.010966247,0.3725127,-0.20570359,0.40641996,-0.023766367,0.31218106,0.22053953,0.15027007,0.03639005,0.23510416,-0.18371563,0.45843124,0.043117747,0.28377607,-0.24074918,0.6037372,0.085947275,0.40783933,0.024552774,0.5067424,-0.02353059,0.22155392,0.019032784,0.3803551,0.16032358,-0.04704092,0.017679911,0.022218296,0.054303538,0.18791439,-0.14867194,0.19632792,-0.040362824,0.4018902,0.11652723,0.26710674,0.35675675,0.21143149,-0.00083218573,0.10155045,0.09285541,-0.00084412063,-0.044381525,-0.0059884405,-0.027537633,0.05390866
-0.18046583,0.16265863,0.24032149,0.41901857,0.6184296,0.4527516,0.300086,0.38726723,1.0,0.322448,0.3583284,0.29857627,0.4184216,0.39653468,0.70629805,0.46084946,0.18611643,0.32476726,0.013198779,-0.02198198,0.35348916,0.4560982,0.41832265,0.5585408,0.43426847,0.54088,0.45187038,0.54536873,0.6689069,0.3912955,0.42588246,0.19225791,0.1165864,0.39139572,0.009964953,0.21071558,0.32973394,0.20579888,0.4875654,0.3069665,0.5663554,0.3533351,-0.28094405,-0.0100423535,-0.15027127,-0.18269433,-0.12805703,0.08778621,-0.047790207,-0.15873006,-0.29925418,0.07092781,-0.2324942,-0.09658828,0.06699018,0.27257442,-0.30649272,-0.018822914,-0.14016111,-0.27027175,-0.17817043,0.073217094,-0.09542395,-0.0564583,-0.25612047,-0.188005,-0.13415484,0.033820905,-0.32606086,0.0058000474,0.4057765,0.5088828,0.08647145,0.6186057,0.22701132,0.45837396,0.07040686,0.44289443,0.030854978,0.08184676,-0.036967922,0.214498,0.4739393,0.35426885,-0.19932997,0.3597842,0.3286083,0.54913807,0.04488543,0.34638438,-0.16590865,0.10418647,-0.023623517,0.33684713,0.2628796,0.22853372,0.15981844,0.2850602,-0.072157644,0.15426026,-0.12843396,0.28286996,0.1081817,0.39829436,0.3665632,0.43531623,0.21777286,0.36846384,0.34345618,0.3780467,0.10700737,0.120148346,-0.023902442,0.12758358,0.38429126,0.36620668
0.42656556,-0.0358691,0.58523357,0.034249026,0.20879462,0.15802416,0.53074783,0.07271613,0.322448,1.0,0.53647655,0.6347936,0.66111904,0.7044671,0.5879366,0.7060052,0.61674786,0.51688075,0.28941032,0.3933087,0.40748435,0.37476277,0.31933284,0.53073806,0.34843674,0.2464696,0.26394778,0.12477216,0.36412546,0.44631958,0.3968254,0.23026884,0.4089689,0.46237338,0.42152318,0.3827948,0.55337375,0.56694424,0.5342966,0.45431322,0.29502085,0.34233618,-0.022769453,0.261258,0.11224928,0.06515915,0.23923823,0.25110063,0.12422251,0.14522299,-0.035059795,0.035554312,0.15313609,-0.047569145,0.5679906,0.35208136,0.36699668,-0.22008102,-0.018229648,-0.15320325,0.10857769,-0.20673873,0.41602266,-0.28976393,0.17776623,-0.4028477,0.21004793,0.33013645,-0.09742128,0.19381084,0.5658829,0.38666305,0.4258197,0.19133708,0.28662428,0.3403468,0.22496271,0.4080025,0.40216693,0.39513305,0.62237585,0.14293492,0.54936296,0.599566,0.5257677,0.05980596,0.295429,0.1942639,0.57082385,0.20433587,0.24403681,0.088365264,0.27129474,0.2868224,0.026872437,0.27593434,0.48233968,0.38423887,0.3701221,0.2996387,0.23967656,0.26833966,0.52791345,0.09532838,0.46165538,0.3738746,0.36672163,0.3211387,0.24124596,0.4244276,0.35721225,0.4228324,-0.033320766,0.47559556,0.4731567,0.33232623
0.35988286,0.22485729,0.60533166,0.44462827,0.41005123,0.37696835,0.58756226,0.29367915,0.3583284,0.53647655,1.0,0.6994191,0.7445637,0.6146636,0.6053032,0.6093543,0.60162413,0.5705112,0.314949,0.3775602,0.39036444,0.36870277,0.4576895,0.60542035,0.4319644,0.4054388,0.2612141,0.27033827,0.6757066,0.41877344,0.4000395,0.28294834,0.56699765,0.5797694,0.4002794,0.25744584,0.35421085,0.43675157,0.46108267,0.47424668,0.24723195,0.4033582,0.22276726,0.07724296,-0.06742144,0.15734443,0.32198206,0.33751276,0.15364803,0.045540348,-0.049181182,0.16673912,0.0021542725,0.034646288,0.58877194,0.26393,0.27472854,-0.09915732,-0.016045948,-0.013982041,0.071885966,-0.09800548,0.12645291,-0.21102682,-0.08023747,-0.1484138,0.16430306,0.33205405,-0.15282243,0.17210104,0.6331517,0.56044877,0.5481952,0.36131248,0.42487618,0.39125094,0.23355246,0.54254866,0.51513684,0.37807366,0.43955472,0.17136224,0.43670267,0.40193212,0.4255277,0.10919499,0.33050337,0.19093932,0.5848207,0.16327357,0.27052063,0.11342045,0.21110162,0.1530082,0.29100287,0.4671397,0.39968672,0.4748757,0.32390717,0.21900791,0.2596773,0.26157248,0.23242028,0.23000349,0.27293205,0.26630127,0.38297224,0.21384755,0.47489685,0.48517087,0.29270375,0.14884919,-0.032933027,0.16242808,0.27162102,0.39320463
0.3881313,0.0344554,0.7142986,0.27473018,0.26850843,0.3168599,0.5411121,0.25443822,0.29857627,0.6347936,0.6994191,1.0,0.7935627,0.73834205,0.6573624,0.69843554,0.6763749,0.71868277,0.32849592,0.3568804,0.35747552,0.32586923,0.5530203,0.69722956,0.5161869,0.43567672,0.16340427,0.26470566,0.56676954,0.49758887,0.39874995,0.21030612,0.61481297,0.5935881,0.5220254,0.32485086,0.4067958,0.60135126,0.5718004,0.6076239,0.28206557,0.5062162,0.10360644,0.17212561,0.042487267,0.1456478,0.3601994,0.39042452,0.089595295,0.11343167,-0.013264837,0.10937691,0.08844031,0.03935189,0.6457104,0.44353333,0.31554925,-0.27653202,-0.017322773,-0.01641618,0.026691677,-0.12674186,0.2944613,-0.3679484,-0.08053423,-0.36529586,0.15910175,0.38532215,-0.21980338,0.21787162,0.664923,0.5963869,0.57186556,0.331841,0.41867504,0.43975228,0.123655684,0.46948427,0.37705863,0.45737523,0.57500875,0.0428666,0.64092845,0.5587478,0.5495961,0.015650446,0.47865587,0.27821532,0.69333285,0.238313,0.25286585,0.092925586,0.32554498,0.26647913,0.16103946,0.5900422,0.543198,0.6563049,0.48036668,0.35785925,0.34787792,0.29868633,0.5417938,0.2778554,0.53627944,0.46640807,0.3374157,0.43898997,0.47188944,0.53313166,0.41207385,0.34213656,0.009359114,0.35497886,0.50087774,0.5301448
0.5369789,0.02700381,0.6962268,0.16645218,0.25076428,0.26708367,0.59790903,0.11382065,0.4184216,0.66111904,0.7445637,0.7935627,1.0,0.6558687,0.7609303,0.67130595,0.7620481,0.61910564,0.41564256,0.42561615,0.31503507,0.33733836,0.49544853,0.73211074,0.4582055,0.39437827,0.19674727,0.23842356,0.6046918,0.31548923,0.45985997,0.21191555,0.6533371,0.64456624,0.4758139,0.28691432,0.5062398,0.53055537,0.56995714,0.56801116,0.3585536,0.42833334,0.13640933,0.17804031,0.0038691296,0.08108235,0.3115899,0.3353175,0.07002988,-0.002840029,-0.031961855,0.11951628,0.09751954,-0.1026065,0.6164375,0.27019233,0.39504626,-0.29406223,0.034844812,-0.07844527,0.016268762,-0.22973546,0.38315716,-0.43087283,-0.0057649016,-0.33311963,0.17574814,0.3774036,-0.21231398,0.25480735,0.738506,0.5277134,0.61137795,0.28503639,0.5061919,0.46740574,0.18612303,0.45533997,0.47889444,0.41509998,0.6680326,-0.04009123,0.67374605,0.4305512,0.60244673,-0.13174392,0.47348177,0.19525436,0.72101545,0.06924148,0.20440254,0.024273064,0.3141403,0.23106186,0.15298963,0.5295439,0.5084492,0.54975396,0.37997222,0.23675287,0.2792374,0.2319441,0.5090289,0.19666891,0.5176563,0.43141544,0.37198025,0.38770464,0.45238444,0.49712387,0.3623751,0.31280836,-0.115321755,0.3843949,0.5045587,0.4933311
0.40192133,0.1911134,0.6543995,0.3464099,0.2596885,0.11345556,0.66666764,0.41358525,0.39653468,0.7044671,0.6146636,0.73834205,0.6558687,1.0,0.5978165,0.6731137,0.48859236,0.62524366,0.3738526,0.39216045,0.28519902,0.4586008,0.45596662,0.53686094,0.27922404,0.2819941,0.11464019,0.14643505,0.46736348,0.52018803,0.47679496,0.3741891,0.4566589,0.5246117,0.55549806,0.4886956,0.4275737,0.46969786,0.4929755,0.34102508,0.27361527,0.36059293,0.16472875,0.27659503,0.1683865,0.21375784,0.33340344,0.22861764,0.15146866,0.21449456,-0.025625108,-0.012522447,0.045899156,0.12110926,0.61223567,0.48500633,0.31717905,0.005643388,0.033161502,-0.104092486,0.110695556,-0.053237878,0.36080226,-0.09166108,0.10579103,-0.22307523,0.35738683,0.44688463,-0.005780561,0.2025004,0.46019867,0.42870566,0.22088176,0.32954118,0.16858104,0.4314503,0.32041365,0.38217854,0.3620364,0.4200233,0.53491735,0.31079072,0.5165373,0.69915164,0.43763596,0.31522897,0.22577187,0.2755827,0.49724284,0.39270657,0.32181367,0.22477134,0.36725935,0.4770167,0.04165191,0.22013499,0.41114226,0.38076913,0.4716729,0.4138025,0.22452033,0.39746746,0.5075375,0.3142867,0.46205828,0.48290262,0.52515686,0.27946907,0.20974816,0.34377927,0.3204325,0.35839042,-0.1721132,0.391115,0.29299855,0.27430502
0.16168074,0.05862525,0.5686112,0.25994906,0.5836875,0.45685527,0.4969548,0.22071593,0.70629805,0.5879366,0.6053032,0.6573624,0.7609303,0.5978165,1.0,0.69090635,0.56784415,0.5025348,0.16494182,0.20330286,0.53897893,0.46349436,0.52337396,0.7367744,0.5680727,0.5505556,0.4774024,0.50756526,0.78177506,0.45522687,0.4561162,0.20899117,0.42413503,0.56931585,0.3633023,0.30893612,0.55566365,0.49165612,0.72526175,0.61052555,0.5904633,0.536193,-0.16346204,0.08967433,-0.08474535,-0.060896233,0.06914651,0.23995683,-0.03251539,0.011705137,-0.17510396,0.1710041,-0.06877795,-0.15327983,0.4106046,0.379634,0.013750631,-0.2415339,-0.11339335,-0.12962912,-0.16375987,-0.094717436,0.13470899,-0.3342031,-0.19482699,-0.3642543,-0.01134574,0.23245056,-0.3472125,0.10956557,0.6937026,0.6365698,0.46934006,0.5243232,0.4602223,0.5229748,0.0937852,0.594245,0.3256158,0.29503927,0.37408432,0.07076463,0.745917,0.5217504,0.21647076,0.1012715,0.5542225,0.5055986,0.47682625,0.27476496,-0.07386227,-0.021298474,0.087757155,0.36666697,0.25034148,0.54041857,0.46444327,0.59502536,0.19733235,0.20316799,0.102828264,0.32459968,0.40523672,0.3316116,0.5745049,0.52643305,0.3636326,0.5633414,0.47662827,0.6180154,0.35063004,0.30822593,0.006186136,0.2882344,0.63907117,0.58308476
0.21596316,-0.07596482,0.43015808,0.12867759,0.34527525,0.46350986,0.32586414,0.112693496,0.46084946,0.7060052,0.6093543,0.69843554,0.67130595,0.6731137,0.69090635,1.0,0.5558587,0.5541594,0.17979582,0.2111393,0.48507845,0.50056404,0.34280354,0.6113022,0.56531453,0.55491006,0.36329398,0.4254662,0.58550584,0.61859524,0.37161258,0.15715899,0.44893032,0.5147184,0.31974715,0.24040085,0.5366424,0.6245271,0.66093314,0.58022755,0.44566113,0.58943474,-0.06652074,0.12144551,-0.032458454,0.06687742,0.19566199,0.24382263,0.08063248,-0.014538586,0.002224409,0.008636986,0.074129894,-0.13672295,0.53471076,0.35746667,0.15579778,-0.3033799,0.0028927198,-0.1570793,-0.012496694,-0.20015205,0.2255424,-0.35323054,0.007383253,-0.34911653,0.0070652147,0.21439019,-0.2496541,0.18180019,0.6202529,0.5376407,0.56262,0.40867797,0.44514048,0.4553218,0.11249434,0.5589072,0.33657938,0.4689592,0.4921334,0.14378463,0.59406453,0.7265718,0.4321292,0.17804828,0.41157794,0.37719777,0.5803429,0.3046837,0.19932808,0.030416332,0.2740872,0.26181182,0.07606728,0.4335086,0.51219356,0.5505819,0.32759672,0.25120148,0.31392092,0.35233238,0.46353662,0.3226375,0.49333778,0.37371212,0.26297572,0.3264613,0.33422878,0.44708505,0.23871824,0.28520602,0.036994647,0.2656029,0.42954913,0.4126221
0.4988009,-0.04256175,0.6197165,0.09721142,0.07548225,0.118601486,0.5140073,0.032831524,0.18611643,0.61674786,0.60162413,0.6763749,0.7620481,0.48859236,0.56784415,0.5558587,1.0,0.6314992,0.32642868,0.48557055,0.22700359,0.20507698,0.32376632,0.5660194,0.3605437,0.21153246,0.05413084,0.023113905,0.42045492,0.2815914,0.30939826,0.15912727,0.6323064,0.58959556,0.46722114,0.35408357,0.34230173,0.44468716,0.4299059,0.54019713,0.15388739,0.30425003,0.26361376,0.27469283,0.040558286,0.12985899,0.46841365,0.5030604,0.04091197,0.014417114,0.03440246,0.04841252,0.26939613,0.0356861,0.70575005,0.29600504,0.5013651,-0.21915439,0.02589272,-0.024953537,0.101128004,-0.20695263,0.43507215,-0.30829212,0.14534764,-0.33276585,0.25720468,0.4667571,-0.08481781,0.28296277,0.599359,0.45039505,0.5770026,0.06643987,0.35517338,0.27010366,0.17002021,0.30958542,0.5956179,0.44498292,0.6711793,0.01224378,0.47382268,0.33945754,0.6559005,-0.07276514,0.377669,0.09679368,0.7448328,0.09846958,0.35700673,0.16212712,0.45273447,0.24080543,0.17939216,0.4803784,0.64786524,0.5114741,0.48615247,0.34976617,0.36290735,0.23509413,0.5334511,0.2073688,0.47956926,0.45000443,0.27957934,0.37784597,0.43895316,0.50422436,0.5302011,0.4681845,-0.022763407,0.5073102,0.4878279,0.48942575
0.27980822,0.092497446,0.6577001,0.41403785,0.21431059,0.2553087,0.5417148,0.44893113,0.32476726,0.51688075,0.5705112,0.71868277,0.61910564,0.62524366,0.5025348,0.5541594,0.6314992,1.0,0.31516275,0.31032088,0.2290275,0.281585,0.49413463,0.6160781,0.34350327,0.28652692,-0.0064023244,0.1878962,0.49767983,0.480916,0.36513186,0.25129983,0.53270143,0.55024105,0.4960355,0.36543155,0.27067587,0.4328543,0.41362903,0.43150675,0.18201192,0.34031823,0.14215913,0.1715637,0.020741956,0.12652384,0.42911464,0.3278165,0.05221623,0.053367723,-0.14788035,0.009545009,0.029855056,0.17890538,0.63829565,0.4275411,0.26890442,-0.10359958,-0.08377535,0.021153092,0.0109462105,-0.19255908,0.33070737,-0.1700541,0.0017227874,-0.29775798,0.16309948,0.41464153,-0.19921692,0.23467718,0.51088154,0.57426554,0.4216693,0.36345515,0.35631603,0.46387416,0.23286115,0.23081431,0.278511,0.63830477,0.44536898,0.20461246,0.46507397,0.51157296,0.4391691,0.21873333,0.37197363,0.33109316,0.6688613,0.34014168,0.3161338,0.1999397,0.4023524,0.31874594,0.08289118,0.3464073,0.44102302,0.43973342,0.44131875,0.3652677,0.34607166,0.3054794,0.4445803,0.4072475,0.4662493,0.44877145,0.34643647,0.34773138,0.3230087,0.35886782,0.35225672,0.333122,0.023893982,0.31725428,0.33763552,0.36617294
0.72547394,0.49849004,0.33675197,0.20100199,-0.21316764,-0.41864133,0.4581888,0.22613348,0.013198779,0.28941032,0.314949,0.32849592,0.41564256,0.3738526,0.16494182,0.17979582,0.32642868,0.31516275,1.0,0.80475897,-0.06012131,0.30235174,-0.009188065,0.06525631,-0.31547618,-0.33730042,-0.21173382,-0.35761616,0.18753992,0.1720336,-0.044529434,-0.09069796,0.6707969,0.6549096,0.5600326,0.47680962,0.11665424,0.15480444,-0.017400648,0.23585686,-0.12961031,-0.22839288,0.52544934,0.5460228,0.27475107,0.16217622,0.4736747,0.28314084,0.26208302,0.20825952,0.20269759,-0.032647956,0.12350531,0.20416129,0.5339596,0.24240156,0.58723986,0.37624627,0.17914502,-0.13297325,0.4526853,-0.10504164,0.3088478,0.20746396,0.36134642,0.07406132,0.5364623,0.6068739,0.51060456,0.4263772,0.026738979,-0.1733954,0.17432772,-0.27827972,0.052539054,-0.050781433,0.5485748,0.15057665,0.48102295,0.2311325,0.4830501,0.34907553,-0.036566384,-0.026947772,0.40724108,0.11670589,-0.27377132,-0.33885226,0.21588008,0.24483007,0.41676238,0.3162578,0.27673298,0.11153824,0.14386791,0.14649433,0.31921393,0.055596933,0.39692184,0.3633858,0.11357528,0.14451073,0.1156959,-0.13679537,-0.074788764,0.041032825,0.3729619,-0.0908657,0.17762621,0.11626623,0.40322292,0.21934408,-0.08818562,0.39007348,0.08094533,0.13116738
0.7207791,0.56734544,0.35566014,0.22790739,-0.11063183,-0.41371378,0.55165106,0.22205137,-0.02198198,0.3933087,0.3775602,0.3568804,0.42561615,0.39216045,0.20330286,0.2111393,0.48557055,0.31032088,0.80475897,1.0,0.022498952,0.20393303,-0.06241105,0.083186746,-0.25522327,-0.33161822,-0.108271,-0.39159766,0.19610588,0.21524034,-0.082348876,-0.024669347,0.6679129,0.6856886,0.5319291,0.52115023,0.026173186,0.11687505,-0.069296524,0.29926273,-0.2086345,-0.25254762,0.5530703,0.6578768,0.32098094,0.16978666,0.56896424,0.5049048,0.19901004,0.21451324,0.22918405,-0.049089734,0.21189256,0.2946633,0.61903864,0.3834273,0.6383483,0.44603947,0.1816025,-0.11814885,0.49780324,0.009728229,0.3137702,0.3049398,0.36101747,0.055144083,0.6058317,0.6755359,0.5737161,0.5954995,0.015957715,-0.13321991,0.22290131,-0.35459727,-0.041262563,-0.13310678,0.51844794,0.16383308,0.6423346,0.20559232,0.4877433,0.4134332,-0.07728009,-0.015780695,0.42265877,0.16554461,-0.2518691,-0.33233017,0.27118713,0.31389302,0.4978986,0.454332,0.3523583,0.19723848,0.20740712,0.166807,0.4397438,0.123620905,0.5164731,0.5293728,0.15597294,0.14104263,0.14369605,0.00031901983,-0.037412286,0.1664345,0.44245633,0.055673502,0.24810635,0.21517171,0.5840674,0.43982628,-0.021996194,0.55017656,0.2032893,0.2418408
-0.09773631,0.027275207,0.30100825,0.18838245,0.61386985,0.5117501,0.25682887,0.18482953,0.35348916,0.40748435,0.39036444,0.35747552,0.31503507,0.28519902,0.53897893,0.48507845,0.22700359,0.2290275,-0.06012131,0.022498952,1.0,0.46952757,0.29986596,0.39492264,0.4155846,0.39823434,0.6830141,0.4227861,0.55039996,0.4225372,0.10951037,0.11283154,0.15736996,0.2824577,0.106502205,0.08457179,0.44738433,0.44434148,0.54862785,0.41768095,0.3784004,0.45383024,-0.33359075,-0.13469878,-0.19639532,-0.13364612,-0.23623288,-0.047314703,0.003601918,0.12564649,-0.1785321,0.0017563241,-0.22806762,-0.29756218,0.12715138,0.13066573,-0.17582667,-0.25214666,-0.17124882,0.04501654,-0.30630437,-0.08674638,-0.0912605,-0.25405264,-0.29657257,-0.17961296,-0.23276329,-0.012103569,-0.3232552,-0.009048661,0.40184346,0.44026905,0.338324,0.40141478,0.3441384,0.22328497,-0.11659198,0.5084291,0.14942867,0.24192117,0.07447309,0.10463522,0.4395234,0.4556933,-0.027535692,0.123491935,0.42410788,0.516959,0.32696846,0.19869544,-0.25025272,-0.31384107,-0.27153173,0.1027175,0.16086078,0.39279512,0.16809346,0.39054924,-0.06722879,-0.114959426,0.033200987,0.08135857,0.09962508,0.057727776,0.29935482,0.080573216,0.25971168,0.35587636,0.19178048,0.43943205,0.0758752,-0.0022813124,0.25188306,-0.12492243,0.36219501,0.30994937
0.1311873,0.20658207,0.21713245,0.20660241,0.3023489,0.18600571,0.25282395,0.22410813,0.4560982,0.37476277,0.36870277,0.32586923,0.33733836,0.4586008,0.46349436,0.50056404,0.20507698,0.281585,0.30235174,0.20393303,0.46952757,1.0,0.13905124,0.2423992,0.08936473,0.20617262,0.240768,0.24540155,0.46066087,0.5005789,0.1412223,0.048942205,0.23494959,0.40457246,0.32034442,0.37781006,0.36729893,0.34459782,0.448176,0.3649646,0.3338259,0.29540852,0.0022385856,0.16781646,0.048994534,0.10034533,0.020727197,0.010928172,0.18684371,0.15634541,-0.1586742,0.006499326,-0.07363862,-0.13749738,0.25136876,0.23809628,0.045339897,0.07279066,-0.011834931,-0.1191526,0.07218411,-0.06593461,0.040922128,0.008404197,-0.050121836,-0.15065989,0.17346554,0.28308803,-0.0013601613,0.086405024,0.30737448,0.18744701,0.14739595,0.3357731,0.20346639,0.22974487,0.1699407,0.4423763,0.19693896,0.23295997,0.1932429,0.40009892,0.2965145,0.39874965,0.05798612,0.367156,0.05951886,0.2380661,0.15226589,0.37219447,0.029019313,0.002375499,-0.04309953,0.24275312,0.15938208,0.26055786,0.23709933,0.24473682,0.09307139,0.11915144,-0.060587823,0.3513353,0.07100204,0.033445954,0.15936112,0.04150963,0.3893392,0.09894522,0.1724547,0.3425349,0.1819111,0.08783584,0.057867788,0.06190345,0.20039706,0.22601007
-0.026253713,-0.09694294,0.7295478,0.51605487,0.459974,0.40496266,0.4809687,0.4886888,0.41832265,0.31933284,0.4576895,0.5530203,0.49544853,0.45596662,0.52337396,0.34280354,0.32376632,0.49413463,-0.009188065,-0.06241105,0.29986596,0.13905124,1.0,0.7602756,0.44825593,0.41431427,0.2833395,0.42143494,0.51073503,0.30503234,0.67852515,0.59256876,0.28209066,0.24175768,0.15224518,-0.005340152,0.43769154,0.325541,0.5784194,0.22148652,0.46585158,0.52118504,-0.21634923,-0.24506082,-0.17172562,0.0013818708,-0.14054538,-0.09509059,-0.037941627,0.03186966,-0.23100877,0.15813564,-0.09191109,-0.13779251,0.1598078,0.11825015,-0.09737919,-0.35164365,-0.18592064,-0.02720862,-0.31707057,-0.0808864,0.11051335,-0.35923186,-0.27187222,-0.2268241,-0.19960557,0.016794976,-0.46663198,-0.071116716,0.61444336,0.755049,0.2574635,0.64483917,0.47048554,0.700873,0.030633077,0.27337068,-0.030451987,0.31294572,0.11398658,-0.13170053,0.57665956,0.43872073,0.11619861,0.0038739096,0.63913673,0.521109,0.41497812,0.039325308,-0.17487547,-0.20743987,0.017901918,0.21514004,0.111893244,0.24309741,0.14959684,0.2938722,-0.031684697,-0.08728615,0.05752251,0.13734719,0.3720664,0.27042627,0.5108097,0.40769073,0.13319616,0.4299634,0.14235051,0.28985596,-0.037528064,-0.04085516,-0.12992004,-0.05014324,0.23095575,0.21477078
0.07652649,-0.11252911,0.6903964,0.36819658,0.48969126,0.54331106,0.46567068,0.31410065,0.5585408,0.53073806,0.60542035,0.69722956,0.73211074,0.53686094,0.7367744,0.6113022,0.5660194,0.6160781,0.06525631,0.083186746,0.39492264,0.2423992,0.7602756,1.0,0.66194826,0.60892594,0.40403798,0.50607586,0.6450523,0.3935592,0.5946601,0.40061483,0.40364054,0.46763924,0.24057628,0.08384305,0.5030739,0.4733604,0.68013704,0.4821369,0.52849054,0.6269106,-0.22931029,-0.10852892,-0.19010504,0.00993805,0.025632551,0.15060301,-0.067635685,-0.081450135,-0.218703,0.083239354,-0.048763577,-0.19487582,0.37325358,0.26894638,-0.030166222,-0.42486775,-0.12839998,-0.10359107,-0.27845588,-0.16154452,0.14578913,-0.48206043,-0.26657137,-0.35894388,-0.18644707,0.06550131,-0.5307552,0.08267512,0.75380147,0.76851493,0.5005185,0.60506856,0.5453145,0.6539673,-0.017911231,0.38721693,0.13183463,0.38991025,0.31142193,-0.13971816,0.7400713,0.5265675,0.27015612,-0.046367534,0.7257827,0.5673719,0.59073275,0.15943214,-0.07472815,-0.07896396,0.11524519,0.3068001,0.1301132,0.467548,0.374215,0.52575284,0.174444,0.10763953,0.15671611,0.2313694,0.47185034,0.4179135,0.6471183,0.565324,0.25317127,0.5776799,0.36117813,0.4608882,0.14829938,0.1911794,-0.06470798,0.19669154,0.5107216,0.48515242
-0.23499441,-0.3279569,0.32930946,0.07213249,0.5055595,0.7756492,0.10011434,0.02435186,0.43426847,0.34843674,0.4319644,0.5161869,0.4582055,0.27922404,0.5680727,0.56531453,0.3605437,0.34350327,-0.31547618,-0.25522327,0.4155846,0.08936473,0.44825593,0.66194826,1.0,0.8484597,0.499231,0.65763754,0.5274388,0.2832305,0.29300538,0.05331668,0.1941885,0.22936141,0.0037305227,-0.14651443,0.42365357,0.47819376,0.62031937,0.4706259,0.4632814,0.6803101,-0.35977757,-0.24543256,-0.21031468,-0.10557162,-0.08458757,0.15647943,-0.08209672,-0.22521824,-0.12276547,0.067037895,-0.07480919,-0.19772778,0.14281768,0.13936141,-0.2399595,-0.5775825,-0.040227402,-0.09975685,-0.3553896,-0.10075427,-0.05249098,-0.5319524,-0.32588583,-0.3573839,-0.34586525,-0.20214482,-0.6766208,-0.15631416,0.60867697,0.6036488,0.49353614,0.48666245,0.40231028,0.341925,-0.33157486,0.41604936,0.025634972,0.2138445,0.1663804,-0.22410773,0.67762923,0.4614896,0.16453138,-0.0881675,0.70222545,0.5548155,0.4325376,-0.0009810029,-0.119477935,-0.1394588,0.08219922,0.12434358,0.16195436,0.5194292,0.24477139,0.6086791,0.011140275,-0.022275906,0.25649443,0.09542982,0.3320319,0.41179985,0.52238834,0.42300898,-0.041686993,0.41500363,0.4087593,0.4652954,0.040431604,0.06534457,0.09998806,0.027652362,0.44010302,0.46166325
-0.3497016,-0.2345082,0.20728898,0.18366505,0.5307637,0.81861466,0.040716246,0.10938849,0.54088,0.2464696,0.4054388,0.43567672,0.39437827,0.2819941,0.5505556,0.55491006,0.21153246,0.28652692,-0.33730042,-0.33161822,0.39823434,0.20617262,0.41431427,0.60892594,0.8484597,1.0,0.4942579,0.76750815,0.5564607,0.28260192,0.3755199,0.103695795,0.046924647,0.18765184,-0.0830776,-0.14827144,0.34354678,0.3831677,0.5856026,0.37912875,0.475096,0.66154367,-0.42139962,-0.3015096,-0.22906466,-0.06673809,-0.18081652,0.05427664,-0.08885855,-0.23356365,-0.21770549,0.0614063,-0.15699083,-0.24041626,0.03687796,0.12846893,-0.39059237,-0.4776919,-0.09593258,-0.11393171,-0.3779016,-0.0923792,-0.18321554,-0.45154056,-0.41199523,-0.29199597,-0.38778895,-0.25749782,-0.65631574,-0.13790774,0.51987594,0.59544295,0.3479024,0.6101307,0.33509004,0.42592233,-0.3590538,0.43849015,-0.075523615,0.16237572,0.019929986,-0.12414418,0.6482455,0.49936455,0.0054365965,0.04751273,0.6160519,0.6229431,0.29436648,0.082097135,-0.1964819,-0.13302393,-0.015211493,0.15512216,0.070960425,0.41325322,0.11729503,0.5053375,-0.05465322,-0.025966167,0.14237913,0.14757478,0.19938643,0.4862424,0.46233612,0.38541776,0.0259755,0.3884048,0.31902748,0.35626888,-0.08953736,-0.028066242,0.051812697,-0.083895296,0.32624483,0.37770793
-0.33732653,-0.0276656,0.108023025,0.18925858,0.697624,0.60971236,0.0882657,0.16705078,0.45187038,0.26394778,0.2612141,0.16340427,0.19674727,0.11464019,0.4774024,0.36329398,0.05413084,-0.0064023244,-0.21173382,-0.108271,0.6830141,0.240768,0.2833395,0.40403798,0.499231,0.4942579,1.0,0.5127869,0.5379792,0.3124044,0.0873267,0.065832324,0.020957313,0.20291963,-0.18205279,-0.13937333,0.4045969,0.260128,0.5230571,0.31313846,0.4301082,0.4014481,-0.4816327,-0.25863817,-0.24541508,-0.21893889,-0.4291263,-0.0807825,-0.019925874,-0.105386324,-0.1640084,0.009133341,-0.3612259,-0.36223745,-0.11016728,0.054896396,-0.462065,-0.2292806,-0.11478294,-0.11214734,-0.35974997,0.06096914,-0.32976323,-0.20339108,-0.36273396,-0.10841213,-0.44300294,-0.3100313,-0.42322722,-0.101869196,0.32091987,0.3671947,0.22926876,0.4716456,0.30489972,0.2230348,-0.1935905,0.41539124,0.008110985,0.028372912,-0.16159028,0.025050899,0.36491027,0.28907755,-0.2812699,0.12126213,0.46194547,0.54132164,0.0632454,0.18342663,-0.41717494,-0.25381982,-0.36573607,0.048301086,0.26003632,0.24523814,0.058536552,0.25731945,-0.28129354,-0.19824252,-0.121477395,0.09002468,-0.034432538,0.10787567,0.20328306,0.1152742,0.0893511,0.31557173,0.15424451,0.31508252,-0.0685955,-0.097130775,0.1653939,-0.17245318,0.30391526,0.25230268
-0.45747107,-0.19830035,0.10726854,0.20777604,0.60064304,0.795402,-0.042119965,0.1466084,0.54536873,0.12477216,0.27033827,0.26470566,0.23842356,0.14643505,0.50756526,0.4254662,0.023113905,0.1878962,-0.35761616,-0.39159766,0.4227861,0.24540155,0.42143494,0.50607586,0.65763754,0.76750815,0.5127869,1.0,0.52853554,0.27083057,0.33788243,0.05218009,-0.058945604,0.07527632,-0.21442929,-0.21616054,0.27284163,0.21876451,0.53946066,0.27246064,0.5847756,0.62113476,-0.5574833,-0.4146459,-0.2254312,-0.21469632,-0.3839967,-0.15763411,-0.002961535,-0.12330417,-0.26507464,0.13885278,-0.33044443,-0.29148963,-0.191323,0.020144926,-0.5295153,-0.4493369,-0.23951538,-0.052286305,-0.3990697,-0.005503684,-0.29879636,-0.4027692,-0.43903247,-0.17777184,-0.5478358,-0.3793799,-0.68151313,-0.22332712,0.45688632,0.5516677,0.2699181,0.6595652,0.4297668,0.47441977,-0.39233458,0.3986268,-0.27652052,0.07659045,-0.22449154,-0.1517057,0.5164618,0.3473333,-0.23252852,0.023126543,0.6117378,0.639792,0.12548585,0.046018053,-0.4320769,-0.32807302,-0.2838814,0.033999667,0.060862485,0.30447632,-0.019082947,0.33266297,-0.275349,-0.22036481,-0.095218495,0.046932817,0.030678267,0.31890938,0.29853588,0.25671998,-0.06946168,0.3563117,0.23484561,0.27276212,-0.20045055,-0.18279128,0.20745763,-0.25891444,0.25247395,0.2823153
-0.004983408,0.25861242,0.47726917,0.5259793,0.7101082,0.55917287,0.4752457,0.44768932,0.6689069,0.36412546,0.6757066,0.56676954,0.6046918,0.46736348,0.78177506,0.58550584,0.42045492,0.49767983,0.18753992,0.19610588,0.55039996,0.46066087,0.51073503,0.6450523,0.5274388,0.5564607,0.5379792,0.52853554,1.0,0.5637702,0.35097647,0.19799225,0.42527807,0.5848249,0.2268652,0.21980914,0.47491053,0.41367936,0.6352051,0.5741603,0.5193219,0.46623555,-0.12064379,-0.0026758811,-0.17144547,-0.08396848,0.00802306,0.23430534,0.031683132,-0.050578874,-0.1617007,0.16887562,-0.18445154,-0.077507876,0.33842352,0.34281522,-0.15983257,-0.07892463,-0.103717856,-0.12528864,-0.14453378,-0.010169089,-0.13300657,-0.12599304,-0.294758,-0.14522329,-0.082481414,0.17230743,-0.30774796,0.07765512,0.5932375,0.6367497,0.46919152,0.5919986,0.4802221,0.44162682,0.1672415,0.671652,0.3583361,0.34770456,0.15491477,0.30056214,0.5299016,0.42604873,0.027823774,0.31106213,0.45382026,0.51518625,0.3462404,0.36316982,-0.07119014,0.024964496,-0.026906772,0.28142276,0.45868754,0.50355726,0.35438895,0.51527387,0.054870855,0.1283242,0.059610236,0.31732914,0.12730876,0.39312404,0.34135026,0.34362832,0.33430335,0.41625458,0.46122903,0.5926126,0.25265795,0.084937856,0.115839474,0.0557056,0.42819872,0.51319915
0.039412793,0.18850031,0.29465505,0.37477115,0.42369044,0.29081586,0.23413886,0.35640642,0.3912955,0.44631958,0.41877344,0.49758887,0.31548923,0.52018803,0.45522687,0.61859524,0.2815914,0.480916,0.1720336,0.21524034,0.4225372,0.5005789,0.30503234,0.3935592,0.2832305,0.28260192,0.3124044,0.27083057,0.5637702,1.0,0.22026935,0.21785532,0.33234245,0.36220393,0.23356679,0.21857965,0.3741405,0.46318382,0.47850695,0.51121056,0.42564878,0.3690226,-0.040086485,0.15027983,0.123476714,0.032004695,0.18560776,0.29864854,0.09898874,0.16152504,0.005441681,0.009782043,0.052810468,0.14420232,0.38545907,0.5428465,0.020162106,0.077259846,-0.0019720995,-0.088213556,0.07273311,-0.00185984,0.043437365,0.09653244,-0.053564657,-0.1411074,0.0961145,0.22002019,-0.016869705,0.13799368,0.364573,0.42068094,0.40947908,0.45159182,0.37607697,0.36807612,0.4318244,0.42735755,0.26082087,0.37604237,0.13137369,0.501978,0.20744163,0.5561167,0.11030022,0.5097484,0.11059624,0.26468524,0.23118606,0.54050016,0.18245819,0.26876736,0.12156924,0.22645937,0.41877666,0.2769701,0.38238937,0.3950704,0.19199723,0.30911648,0.1307299,0.34178874,0.080163665,0.28161794,0.121513486,0.18609188,0.20637217,0.1848972,0.25832295,0.41750416,0.3358237,0.3138279,0.22680734,0.20774399,0.2803385,0.350342
0.07569692,-0.06700735,0.5381044,0.36166197,0.26491186,0.22440802,0.41774985,0.2677423,0.42588246,0.3968254,0.4000395,0.39874995,0.45985997,0.47679496,0.4561162,0.37161258,0.30939826,0.36513186,-0.044529434,-0.082348876,0.10951037,0.1412223,0.67852515,0.5946601,0.29300538,0.3755199,0.0873267,0.33788243,0.35097647,0.22026935,1.0,0.7369537,0.094277605,0.13420124,0.10249426,0.15943685,0.38425645,0.20589158,0.44728994,0.04365451,0.45318788,0.4023473,-0.19143991,-0.107469276,-0.10594031,0.014944292,-0.046210997,-0.11814863,-0.02063266,-0.058525395,-0.23190068,0.1566586,-0.003503575,-0.10338045,0.19881967,0.18008785,0.009112708,-0.2219377,-0.15717572,-0.107655086,-0.1956383,-0.1692431,0.22660263,-0.28750435,-0.118005425,-0.2138358,-0.017775606,0.07688571,-0.30850616,-0.027393643,0.5611228,0.6351124,0.096741386,0.5724078,0.29485852,0.72616404,0.13436206,0.23774953,0.05263367,0.21548839,0.18288083,-0.058559,0.5074842,0.47573203,0.16482936,0.04688412,0.342096,0.37935904,0.31034946,0.06594055,-0.05847105,-0.06386243,0.17704959,0.31355914,-0.11651163,-0.015464246,0.111080855,0.10843007,0.10716224,0.06534631,0.010328531,0.1659632,0.3694736,0.2813874,0.5142351,0.38234958,0.221739,0.30121055,0.0053474377,0.106237665,-0.06384683,0.052897405,-0.27910143,0.11999567,0.17154188,0.06229283
