1.0,0.41521472,0.5576654,0.13703965,-0.05564261,-0.04927847,0.56996167,0.1958575,0.07446479,0.058185272,0.49151877,0.26042667,0.36211222,0.09450906,-0.13962173,-0.13072196,0.37509924,0.1774016,0.5485474,0.57019466,-0.25858754,-0.21223572,0.38983583,0.28364146,-0.028695181,-0.28649145,-0.056786273,-0.14322814,0.12746862,0.26137236,0.02951426,-0.22938697,0.55893296,0.5289054,0.4361127,0.5554918,0.35834745,0.22307669,0.31747958,-0.038987823,0.1392583,0.042752843,0.48156303,0.4149084,0.6231259,0.4859154,0.19810818,0.25713518,0.45643884,0.28913498,0.5407483,0.08798587,0.3169053,-0.030700004,0.006144651,-0.027443537,0.74908465,0.1888803,0.17673741,0.06687588,0.45635736,0.20145425,0.55710363,0.119639546,0.4054216,0.18758738,0.5965005,0.558874,0.3183778,0.13263819,0.30683994,-0.0583882,0.07799812,0.25352505,0.35229397,0.05259942,0.36311132,0.4322191,0.27767798,0.2345834,0.28021285,0.09037,-0.07902782,-0.061409816,0.42980874,0.1945054,-0.0061847563,-0.12045835,0.08749371,-0.22074117,0.056315266,0.03275807,0.14338197,0.112488165,0.33228564,0.07997972,0.16784972,-0.16527882,0.03366265,-0.1333955,0.14421768,0.22763224,0.22703958,0.17805655,0.13921703,0.11297237,0.013082039,0.038609497,0.409418,0.030242098,0.18909323,0.09761343,0.06335075,0.16684,0.16444534,0.20672984
0.41521472,1.0,0.30670494,0.20057954,0.010407478,0.06941515,0.18417355,0.2472751,0.16193916,0.12853637,-0.02829133,0.17749253,0.021013608,0.12553318,-0.15080294,0.021916395,-0.11285071,0.031048622,0.4304626,0.49452043,-0.18213382,-0.22283049,0.18084033,0.22543894,-0.018888965,-0.20227525,0.036020473,0.004500721,-0.08777103,0.106346175,-0.033064183,-0.17936718,0.19323367,0.11188174,0.12396579,0.17792846,0.02585405,0.080820866,0.09777495,0.007208051,0.20281225,0.008074937,0.14904396,0.11250156,0.42836946,0.41176063,0.052085653,-0.13770908,0.313939,0.3388662,0.25888908,0.2430392,0.12666252,0.13727555,-0.09369281,-0.11714402,0.3757915,0.34416604,0.35010347,0.13883202,0.4052768,0.3387933,0.22462046,0.23835406,0.21205366,0.22865047,0.30555192,0.31211558,0.29215622,0.3232991,0.015772043,-0.2277623,-0.085323,0.1150186,0.059604935,-0.044970118,0.00398656,0.0037763729,-0.1578501,0.092759594,-0.049969338,0.10395168,-0.008584004,0.088833794,0.111675926,0.28655544,0.07162962,-0.04532371,0.05912395,-0.040259443,0.12717728,0.21291092,0.08374695,0.1785984,0.14135934,-0.04549297,0.095185325,-0.13077042,0.08834201,-0.034041613,0.21689689,0.3122856,0.24067128,0.20759104,0.12381832,0.09868179,0.040635664,0.028257864,0.19724168,-0.04803223,0.056279127,0.07005205,0.044374432,0.19816975,0.15999095,0.11013579
0.5576654,0.30670494,1.0,0.46001017,-0.01605257,-0.11706066,0.64021826,0.25416058,0.0973546,0.083014295,0.32341656,0.18757471,0.36554736,0.18619433,0.2573013,0.09765119,0.32185963,0.123726234,0.49619615,0.34239832,-0.123070784,-0.031439595,0.6839483,0.6283036,-0.010552644,-0.18594815,-0.1276538,-0.19945435,0.29642186,0.22961546,0.37631306,0.0722122,0.29327223,0.22398368,0.37683955,0.36153722,0.44546655,0.29388702,0.46172947,0.18220162,0.29863662,0.18146116,0.28311595,0.30517954,0.3126256,0.19133988,0.44026622,0.24908447,0.23076405,0.025874155,0.2795062,-0.1679516,0.47943738,0.053998966,0.36143336,0.1709826,0.3822214,0.19222708,0.019723883,-0.009238725,0.24627033,0.026322613,0.28884864,0.024078451,0.09854055,0.11851584,0.35356215,0.34937978,0.30809277,-0.08991746,0.27499548,0.1313176,0.1569783,0.27505362,0.37677482,-0.023354864,0.23287483,0.3743236,0.29813585,0.32548776,0.30786288,0.2517937,0.20206654,0.35067523,0.36346918,0.23108087,0.3602609,0.09013868,0.27965158,-0.09295479,0.2649968,0.08800755,0.20523642,0.20394523,0.22200446,0.2780749,0.46449944,0.2758,0.3584057,0.19445235,0.18037827,0.2633441,0.21243872,0.24513824,0.35852107,0.33412302,0.34411588,0.28909743,0.27972198,0.17571633,0.4283376,0.35869813,0.1670739,0.19084045,0.12762399,0.30491403
0.13703965,0.20057954,0.46001017,1.0,-0.10563903,-0.14656135,0.40767217,0.43307137,-0.046766162,0.12492215,0.25504735,0.39998925,0.29511875,0.38118714,0.23503639,0.21009755,0.06977965,0.17234415,0.08285359,0.119973555,0.115805745,0.028545473,0.41984314,0.61084205,-0.2366025,-0.15132537,-0.29527378,-0.12296937,0.33355767,0.31659505,0.35921192,0.35251364,-0.192921,-0.1874619,0.050624534,0.08259053,0.27004904,0.34155527,0.2393155,0.2862459,0.24631359,0.3524566,0.3068514,0.047686342,0.043828472,-0.07234124,0.38128263,0.32575566,0.1185154,-0.10040697,0.07884845,0.045378707,0.27217665,0.22508344,0.5082694,0.2857525,0.07609823,0.2741162,0.2651877,-0.19808997,0.15283597,-0.06367133,0.003174098,0.13705643,0.040376857,0.11524205,0.17601214,-0.0072593535,0.20675164,0.0859501,0.100310355,0.19657417,0.044865787,0.409436,0.06471964,0.15031372,0.03319159,0.09038255,0.10900641,0.27842957,0.26302308,0.41688132,0.26348987,0.3965473,0.14135927,0.32798553,0.24378191,0.07163749,0.13736655,0.23832995,0.39585552,0.34751585,0.08819819,0.1308716,0.12537698,0.3622287,0.53618306,0.40458098,0.5158728,0.529394,0.118728906,0.061397023,0.11700211,0.08257126,0.22985885,0.2552742,0.34867743,0.26203975,0.15748623,0.03407022,0.46779335,0.53665155,0.3053088,0.17190018,0.10577746,0.21825948
-0.05564261,0.010407478,-0.01605257,-0.10563903,1.0,0.30393773,-0.2723841,-0.26170164,0.30533186,0.09660104,0.005242316,-0.20098218,-0.035659846,-0.29433253,0.31433538,0.44521162,-0.0029753144,-0.29645708,-0.18358298,-0.2822076,0.3232033,0.38797903,-0.020343194,-0.06747288,0.5122132,0.5466734,0.5079583,0.5269231,-0.16578917,-0.006675114,-0.063767254,-0.1539773,-0.042190384,0.045615558,0.02580777,-0.024334533,0.06759109,0.11653911,-0.12867914,0.2375932,-0.26758218,0.15545529,-0.07694035,0.032400113,0.022789938,-0.008199168,-0.088149466,-0.091668405,-0.21719834,-0.17847988,0.07112401,-0.28124237,0.008816817,-0.24364507,-0.06507094,0.14761208,0.018475628,-0.3576614,-0.122487485,0.21894607,0.033882484,-0.06742084,0.19150425,-0.00911871,0.28835478,-0.07662574,0.026929127,0.045917828,-0.079887174,-0.35347655,0.12423728,-0.061256923,0.2510439,-0.046384007,0.25645834,0.2923244,-0.10181211,0.012250064,-0.019315302,-0.22483164,0.18597774,-0.23941277,0.19773859,0.18092558,0.15245953,-0.2745597,0.0105795115,0.28674757,0.3244366,0.020538963,0.046274018,-0.071423575,-0.029568199,-0.0017682174,-0.27951574,-0.19901037,0.0818639,-0.14687459,0.07008407,0.0011520833,-0.099280134,-0.0154978465,0.08598102,-0.024109593,0.114863805,0.17348379,0.16821985,0.2730789,-0.33928576,-0.1979854,-0.07818079,-0.061222762,0.029370798,0.15715432,0.12623449,-0.04810703
-0.04927847,0.06941515,-0.11706066,-0.14656135,0.30393773,1.0,0.006875479,-0.06998152,0.65156716,0.4540958,0.07292159,0.031842574,0.2624868,0.18783882,-0.36988747,-0.1987979,-0.05723007,0.072839424,-0.16676329,-0.0372761,-0.09489923,0.19246915,-0.17462377,0.004242307,0.5250964,0.34419048,0.58993846,0.3026262,0.05722027,0.14419107,0.063925885,-0.05296667,-0.110824876,-0.18222414,-0.1546327,-0.07008476,-0.26932612,0.23141026,-0.123878285,-0.12773952,0.16610622,-0.16189228,0.03877707,-0.04609107,0.084473,0.072774395,-0.022862965,0.09237347,0.040306594,0.15418866,0.07864066,-0.05625293,-0.030891953,0.061039016,0.034534488,0.09401155,0.0061181015,-0.030280342,0.14371309,-0.19918507,0.278315,0.006176918,0.16831738,0.12617882,0.23316132,0.08947537,-0.037235186,0.06602796,0.029317468,-0.014777322,0.14932092,0.102876835,0.12151941,0.23994084,0.14352883,0.14494939,-0.110166416,-0.0074161002,-0.024795203,-0.03378169,0.14693415,0.0127874445,-0.017470807,-0.40871006,0.15677425,0.05475192,-0.18140051,-0.18189791,-0.010008504,-0.06132273,0.08808428,-0.032499626,0.079795495,-0.07761803,-0.03488376,-5.8363796e-05,-0.08226305,-0.16288106,0.047923535,0.042670656,0.024470203,-0.026158858,0.09276611,0.015369606,0.015377793,-0.13320047,-0.049616694,-0.28071418,0.07815943,-0.06111858,0.07464312,0.0909067,0.12674154,-0.01519948,-0.031794026,0.38416314
0.56996167,0.18417355,0.64021826,0.40767217,-0.2723841,0.006875479,1.0,0.44116834,0.059636097,-0.05148922,0.6596414,0.39707783,0.7091729,0.4790622,0.044599365,-0.11998478,0.58586323,0.51141953,0.37020653,0.30140877,-0.13437665,0.039430533,0.6257348,0.53540134,0.033044595,-0.13094932,-0.111576974,-0.27515727,0.6816615,0.55773103,0.6152093,0.40414014,0.4172693,0.34445384,0.36864847,0.49656194,0.46357417,0.58033097,0.49889174,0.21352683,0.40402102,0.28807446,0.5318154,0.45386723,0.3463541,0.23452257,0.49949712,0.5733327,0.4174735,0.01681837,0.36380357,-0.037466604,0.52109,0.13770197,0.45532364,0.3671621,0.42894632,0.24009314,0.15477186,-0.28109774,0.19053178,0.045986995,0.28156883,0.104635954,-0.00047329892,-0.05652589,0.44248492,0.37342256,0.15777817,0.017781623,0.5144754,0.47238538,0.37117192,0.67523915,0.45955494,0.3151897,0.54001004,0.5742596,0.49378392,0.5388551,0.48439035,0.41485965,0.2729721,0.098497875,0.5636703,0.37315875,0.300504,-0.0055985292,0.28276664,0.1333319,0.3758878,0.23802507,0.36084858,0.20772493,0.47402507,0.2936401,0.36106962,0.35936692,0.2916779,0.33464998,0.22306974,0.19158499,0.2539271,0.26203254,0.33530045,0.18813713,0.2251452,0.030314596,0.5774035,0.36417186,0.4891948,0.33975157,0.3294941,0.12740408,0.25266385,0.4942487
0.1958575,0.2472751,0.25416058,0.43307137,-0.26170164,-0.06998152,0.44116834,1.0,0.090529464,-0.0021992924,0.24271381,0.75265414,0.28916773,0.7193881,0.15796009,-0.05205063,0.092969954,0.41392276,0.24346374,0.34313297,0.05730474,-0.082415946,0.26989746,0.45984814,-0.16297656,-0.1173441,-0.14519508,-0.14946398,0.3769437,0.260996,0.33225185,0.4286006,0.06792389,0.028507622,0.1384211,0.1826571,0.0983041,0.3161955,0.2006529,0.046732,0.23636885,0.054379154,0.28170153,-0.004098356,0.11090047,0.16109256,0.31498936,0.2542246,0.22027627,0.074172206,-0.047694247,0.25343284,0.26873758,0.29325494,0.3076724,0.23324761,-0.033897657,0.3923179,0.27896473,-0.026506739,0.051097177,0.27016062,-0.0252208,0.34906897,-0.03468737,0.157631,0.22897373,-0.024319913,-0.10339809,0.28296345,0.08748067,0.22245604,-0.046457972,0.36300847,-0.12607785,-0.031378336,0.2580978,0.096595526,0.0944023,0.28446546,0.16771498,0.64816374,0.19511911,0.21802646,0.14110588,0.6133565,0.26694176,-0.14251198,0.12371935,0.37043267,0.25367412,0.3046905,0.09305192,0.11858795,0.44477433,0.063860774,0.26296988,0.35122153,0.18683997,0.28726894,0.1079372,0.11217535,0.14199828,0.15881325,0.11851544,0.070450306,0.1682833,-0.0046166903,0.36410868,0.19289614,0.17858283,0.18345629,0.16162775,0.111548625,0.3381761,0.3102224
0.07446479,0.16193916,0.0973546,-0.046766162,0.30533186,0.65156716,0.059636097,0.090529464,1.0,0.58079106,0.026867932,0.12842503,0.20811333,0.15025051,-0.14533733,-0.15011542,-0.11473737,-0.013773396,-0.010008488,0.09200076,-0.044262055,0.08304806,-0.050570853,0.18787421,0.43564695,0.17326362,0.50035685,0.063565284,-0.032242596,0.0571958,0.061227474,-0.1139664,-0.096060775,-0.15833113,-0.009044519,-0.016541999,-0.26166666,0.23080029,0.011904044,-0.13387346,0.0783586,-0.06924979,0.0596713,-0.18079554,0.14383993,0.15983999,0.03035988,-0.013367173,0.12333156,0.1716851,0.13891757,0.04513262,0.044914786,0.13730079,0.053861164,0.12633221,0.09499248,0.10274531,0.23129709,0.10258456,0.43753174,0.004873225,0.24437815,0.18280903,0.30744782,0.19668819,0.111735106,0.11238136,0.13981165,0.023132598,0.059400383,0.023512814,0.05662833,0.1608995,0.1275149,0.0140484655,-0.14537145,-0.01267019,-0.15674748,-0.03251711,0.16391507,0.10397798,0.05440437,-0.15334259,0.20388658,0.145497,-0.018336482,-0.1507667,0.13299917,-0.06298999,0.13962755,-0.03166705,0.06674486,-0.019495178,0.052481662,-0.05122657,0.07583425,-0.05491307,0.1203242,0.09482752,-0.03214598,0.108697176,0.13637584,0.12060253,0.1254447,0.013423438,0.089728266,-0.14729713,0.16088793,-0.022806458,0.13957179,0.17080022,0.07110577,0.028256793,0.07967732,0.37811938
0.058185272,0.12853637,0.083014295,0.12492215,0.09660104,0.4540958,-0.05148922,-0.0021992924,0.58079106,1.0,0.0046593095,0.081202015,0.048766978,0.023684088,-0.17865379,-0.050260935,-0.24121158,-0.1868789,-0.18743454,0.016027804,-0.17768244,-0.32632783,-0.08353228,0.22852568,-0.09692615,-0.19102219,0.11439615,0.08326478,-0.1652532,-0.13906498,-0.14059547,-0.29642254,-0.34866208,-0.32078773,-0.11567774,-0.14970621,-0.26663128,0.004674212,-0.18818854,-0.15003559,0.13310155,-0.074703716,-0.02965334,-0.31157455,0.06312059,0.03708304,-0.012340775,-0.044286888,0.047413204,0.2385503,0.062676236,0.14751133,-0.08820863,0.31461573,-0.07324324,-0.19108608,-0.0023802966,0.1200313,0.17285644,0.044297446,0.3442065,-0.13390127,0.14241026,0.13124065,0.22125119,0.306552,-0.05553523,-0.030076023,0.24442758,0.08010983,-0.25436315,-0.18608081,-0.27765316,-0.03419344,-0.1884316,-0.20309295,-0.33556044,-0.24563913,-0.23171528,0.00080576155,0.036995076,0.14201465,-0.17111392,-0.13731876,-0.112980135,0.10710486,-0.18729436,-0.25244206,-0.18176405,-0.22126779,-0.076528974,-0.1636101,-0.18169336,-0.2012444,-0.14023335,0.21697363,0.11772416,-0.1351214,0.20580123,-0.0066483677,-0.2640112,-0.15766935,-0.095573075,-0.16028635,-0.16984567,-0.069274716,-0.00078298553,-0.07256525,0.036678113,-0.2633067,0.090151556,0.23844016,0.058236204,0.015543123,-0.1100504,0.16128969
0.49151877,-0.02829133,0.32341656,0.25504735,0.005242316,0.07292159,0.6596414,0.24271381,0.026867932,0.0046593095,1.0,0.3823515,0.7693936,0.35016012,0.07631039,-0.007201098,0.7555314,0.43634892,-0.012588619,-0.02101478,0.06499709,0.1137626,0.39157867,0.24602717,0.09052579,-0.0028023596,-0.035488583,0.014158819,0.60373306,0.54232925,0.35938296,0.27188894,0.32684153,0.32585415,0.21273792,0.45977384,0.49351603,0.49498945,0.31115156,0.31478703,0.2731965,0.3280315,0.42970726,0.47227326,0.16756034,0.07818768,0.20158193,0.677635,0.15956612,-0.09094818,0.37019923,-0.20069218,0.43259287,-0.14347543,0.32287785,0.32865688,0.45091116,-0.13119762,0.03826536,-0.21799624,0.07261406,-0.063295454,0.3631582,0.0600092,0.08472703,-0.19607809,0.3009717,0.20772387,-0.07433433,-0.15314032,0.5379052,0.46133837,0.40471622,0.65814567,0.468187,0.51392555,0.61945647,0.5896385,0.51764834,0.45395836,0.5647081,0.24535407,0.21217626,-0.0014128687,0.5937587,0.1220629,0.09230394,0.029839119,0.27239567,0.037985314,0.25890258,0.172032,0.20892154,0.06144855,0.34489512,0.12951894,0.22354928,0.20974833,0.09718873,0.274565,0.047595896,0.022029532,0.06339285,0.023904303,0.07774547,0.044382922,0.0763666,0.012107709,0.3506215,0.2724146,0.2606895,0.10131517,0.2549761,0.093657084,0.21015821,0.3268793
0.26042667,0.17749253,0.18757471,0.39998925,-0.20098218,0.031842574,0.39707783,0.75265414,0.12842503,0.081202015,0.3823515,1.0,0.32964474,0.7103875,0.03346299,-0.12600897,0.18411966,0.44723538,0.14468846,0.33901367,0.0060768696,-0.15283872,0.16975264,0.41149887,-0.2048212,-0.20925784,-0.15544431,-0.13443832,0.37016097,0.25205317,0.21757413,0.30823493,0.077337645,0.03394731,0.18330625,0.25656688,0.14047405,0.27549857,0.1984835,0.030112872,0.27732876,0.02062417,0.2582567,0.08170569,0.14114708,0.27178594,0.22711821,0.34497043,0.22106916,0.17518593,0.11285586,0.25450525,0.30693704,0.2774516,0.24791321,0.16530055,0.07958027,0.36034504,0.26879767,-0.03593003,0.16855402,0.18768424,0.10393711,0.3519959,0.10572774,0.2218942,0.26356268,0.04571512,-0.08496349,0.33393133,0.08977732,0.1368455,-0.046196576,0.37493223,-0.07473029,0.031693697,0.28815615,0.113711596,0.05297576,0.3480125,0.33441594,0.64978456,0.15489581,0.106328204,0.15739635,0.5174098,0.18379945,-0.18775353,0.021865075,0.2510816,0.2154962,0.28392014,0.04539467,0.13399005,0.42070907,0.07860547,0.23819429,0.22805424,0.15368406,0.21032049,0.026958749,0.105199985,0.12344319,0.09176934,0.09869654,0.062347442,0.15598793,0.036991227,0.34765851,0.10058204,0.15643972,0.15933459,0.19653974,0.14398713,0.31111044,0.33715189
0.36211222,0.021013608,0.36554736,0.29511875,-0.035659846,0.2624868,0.7091729,0.28916773,0.20811333,0.048766978,0.7693936,0.32964474,1.0,0.4854257,-0.010221696,-0.055588488,0.642439,0.50913066,-0.009390837,0.04999218,-0.0930749,0.2853264,0.3363219,0.29952466,0.30415544,0.16773713,0.11833454,0.034552153,0.7243327,0.6643673,0.45179418,0.35294855,0.20731553,0.1285515,0.08591969,0.26875556,0.28104687,0.6373907,0.4374796,0.26785392,0.39201367,0.35633558,0.3618669,0.35894203,0.115761526,0.001313874,0.18785363,0.6175242,0.21152236,-0.05344145,0.32248724,-0.1348086,0.42526487,-0.094915144,0.47101372,0.4113802,0.32790148,0.031226957,0.12238772,-0.3733444,0.14763422,0.020366702,0.22882032,0.076503366,0.021201985,-0.17456369,0.240234,0.19926994,0.0059129447,-0.09460061,0.4612384,0.5410605,0.43538907,0.78579557,0.489867,0.50233155,0.47440627,0.57069486,0.48614964,0.41510984,0.45650274,0.27842507,0.32513037,-0.04773209,0.6567786,0.2927222,0.1564202,0.014072303,0.2846331,0.14413764,0.37086684,0.24996157,0.36347836,0.115665056,0.35201833,0.2967608,0.18516564,0.3081182,0.13481349,0.41478118,0.16091476,0.04429401,0.13736437,0.14666761,0.22242098,0.010999742,0.20842537,-0.12270159,0.44917467,0.2400621,0.36118606,0.11473508,0.35880592,0.03677283,0.18994415,0.48928082
0.09450906,0.12553318,0.18619433,0.38118714,-0.29433253,0.18783882,0.4790622,0.7193881,0.15025051,0.023684088,0.35016012,0.7103875,0.4854257,1.0,-0.025119385,-0.117564045,0.23869579,0.7018294,0.099670395,0.24751599,-0.1648119,0.0132951,0.22444955,0.41583395,-0.072304524,-0.08103846,-0.05870544,-0.08332881,0.57067496,0.46950537,0.41214943,0.5125758,0.08166966,-0.044706635,0.15095457,0.1993068,0.1321651,0.4690154,0.291579,0.100557454,0.4075455,0.0701285,0.2938457,0.123276554,0.046272665,0.14597726,0.26325795,0.42764157,0.20803493,0.11272861,-0.014569935,0.19005089,0.25021428,0.26452345,0.34916124,0.31498775,-0.041475683,0.35518673,0.25994173,-0.2746235,0.07204885,0.17448713,0.054103985,0.37478194,-0.01742638,0.077985406,0.19242455,0.06231025,-0.14022882,0.2948899,0.21977627,0.37915406,0.12768273,0.55135626,0.019662568,0.16357447,0.33091778,0.23434062,0.22633897,0.42814738,0.37428382,0.73501796,0.3039803,0.08223708,0.26928222,0.70461076,0.2684236,-0.08965435,0.06632864,0.40691528,0.3328014,0.3269274,0.20494936,0.10867362,0.37278512,0.19351551,0.16037726,0.3489042,0.16303055,0.36907265,0.15882975,0.06455612,0.14816786,0.11582761,0.21840005,0.06834159,0.24087498,-0.038013693,0.38804722,0.20633237,0.23234954,0.20577307,0.32726058,0.060851023,0.3038297,0.4261358
-0.13962173,-0.15080294,0.2573013,0.23503639,0.31433538,-0.36988747,0.044599365,0.15796009,-0.14533733,-0.17865379,0.07631039,0.03346299,-0.010221696,-0.025119385,1.0,0.61114573,0.1320087,-0.0131558785,0.030464916,-0.23024379,0.46673164,0.26096454,0.44543818,0.23433866,0.0440028,0.24174273,-0.02862286,0.16339189,0.17459738,0.08184916,0.34145772,0.25543523,0.014235598,0.05683868,0.17667651,0.06036687,0.3851588,0.16540255,0.13731357,0.53932416,-0.084534205,0.41269016,-0.08296614,0.05589027,-0.16439994,-0.12597792,0.23362938,0.042472024,-0.23809195,-0.39025554,-0.1724654,-0.33812323,0.2569943,-0.122863755,0.33112386,0.37999222,-0.19357823,-0.10863645,-0.115725674,0.16633344,-0.23303089,-0.20220555,-0.059113987,0.04683497,-0.067073815,-0.16004153,0.027365357,-0.026993476,-0.08684765,-0.33767065,0.11544481,0.16286908,0.30845103,-0.038466606,0.1825053,0.130743,0.07977669,0.104771115,0.11445366,0.099241495,0.27686208,0.1637794,0.5003611,0.6787659,0.15092155,-0.020725554,0.48307988,0.5286117,0.5255729,0.34669372,0.27814326,0.20115225,0.07839131,0.2098185,-0.06280591,0.06369266,0.36036,0.42516467,0.29689732,0.32392234,0.049526867,0.11536313,0.10790947,0.15893653,0.30352333,0.47483772,0.49282166,0.5820843,-0.28021133,0.05685399,0.04960206,0.074286684,0.117369555,0.24052835,0.24417236,-0.078546025
-0.13072196,0.021916395,0.09765119,0.21009755,0.44521162,-0.1987979,-0.11998478,-0.05205063,-0.15011542,-0.050260935,-0.007201098,-0.12600897,-0.055588488,-0.117564045,0.61114573,1.0,0.016363151,-0.046740375,-0.0009150946,-0.13952634,0.3521772,0.33422545,0.30551663,0.23239549,0.10130576,0.30299786,0.04302026,0.3895232,0.07866428,0.2618585,0.100881584,-0.0015787748,0.03104704,0.06942326,0.19578633,-0.03210635,0.33636153,0.24171685,0.15728743,0.62976545,0.0033144327,0.531405,0.04179932,0.13235499,-0.075889654,-0.099778965,0.20072016,0.036519874,-0.12515454,-0.43735933,-0.05430884,-0.27916497,0.1587417,-0.09915935,0.2707086,0.41548467,-0.07250435,-0.24802016,-0.16716152,0.03538618,-0.13842228,-0.16520756,-0.0051075188,0.03890012,0.027191663,-0.2696893,0.09965123,0.067093246,-0.07941445,-0.260519,0.08960259,0.075996116,0.2781412,0.031575963,0.17711116,0.31233197,-0.057602055,0.13311353,0.024561288,0.06716387,0.23829094,0.0018099215,0.5321572,0.72230256,0.2251676,-0.02293816,0.30016297,0.70575273,0.53155047,0.40188003,0.2751561,0.2415674,0.14573309,0.15737405,-0.22219788,0.092662804,0.31893343,0.22049463,0.27963042,0.32811177,0.119745806,0.12217744,0.18083851,0.12113913,0.28209946,0.3569101,0.46168235,0.5034237,-0.29898477,-0.14470582,0.12267472,0.10151854,0.22406018,0.31395015,0.23820084,-0.15027864
0.37509924,-0.11285071,0.32185963,0.06977965,-0.0029753144,-0.05723007,0.58586323,0.092969954,-0.11473737,-0.24121158,0.7555314,0.18411966,0.642439,0.23869579,0.1320087,0.016363151,1.0,0.4331088,0.049860597,-0.090219714,0.0030332932,0.23017494,0.40027353,0.1280948,0.16017206,0.12018264,-0.013833285,0.028539522,0.62132007,0.43124074,0.39738354,0.3171179,0.49161553,0.4886341,0.34360167,0.51771164,0.5397035,0.40918908,0.4144937,0.28295457,0.2198208,0.2799351,0.3058155,0.54175055,0.14126037,0.07097561,0.17864786,0.5575748,0.14471294,-0.14024933,0.2846645,-0.2297657,0.37388507,-0.17563085,0.29257917,0.36304617,0.36494067,-0.19942537,-0.18876731,-0.28257102,-0.13468477,-0.07130968,0.31007788,-0.07408193,-0.06978286,-0.307842,0.26448458,0.27664086,-0.14167818,-0.2665943,0.5783614,0.52061164,0.50241166,0.5036608,0.49413654,0.4115473,0.61656916,0.69993067,0.62906724,0.43096498,0.5486282,0.17401133,0.2692935,0.060655337,0.60490847,0.07005129,0.24973251,0.15466402,0.29268458,0.103991196,0.20809644,0.10644307,0.2553291,0.11742818,0.2501219,0.13044232,0.14504936,0.22758643,-0.015831502,0.17909788,0.05612658,0.018010119,0.0666974,0.03040486,0.16597256,0.14385708,0.14656143,0.07245288,0.282279,0.301934,0.25509086,-0.048429377,0.2519206,0.0933171,0.14271665,0.23104203
0.1774016,0.031048622,0.123726234,0.17234415,-0.29645708,0.072839424,0.51141953,0.41392276,-0.013773396,-0.1868789,0.43634892,0.44723538,0.50913066,0.7018294,-0.0131558785,-0.046740375,0.4331088,1.0,0.19982871,0.22093025,-0.29820275,0.036406767,0.32613447,0.28833914,0.016083237,-0.016138406,-0.03704371,-0.013884629,0.66800046,0.6399937,0.4359082,0.4221362,0.38295218,0.2630166,0.3916585,0.33614048,0.3128764,0.54807013,0.4841337,0.21651578,0.39193243,0.24075043,0.4209813,0.44746393,0.20139666,0.26134095,0.27728397,0.5045879,0.33149245,0.11465252,0.19373216,0.14712834,0.29451734,0.13545603,0.33660895,0.4409902,0.14888999,0.2582634,0.17189197,-0.4045172,0.058697555,0.033132873,0.1946434,0.3040116,-0.027066216,-0.08875882,0.3876587,0.35640597,-0.06564775,0.2079829,0.37498578,0.49743202,0.42441875,0.55245924,0.29848844,0.32709372,0.5008354,0.51629525,0.42506576,0.5794977,0.493082,0.5964276,0.39992496,0.09768609,0.46077937,0.63855827,0.31320232,0.119634636,0.21477184,0.48239648,0.401278,0.453056,0.40141037,0.28008103,0.35895538,0.22055285,0.12790833,0.21351998,0.10694576,0.38246748,0.32681116,0.21789311,0.2957349,0.24113186,0.32685545,0.17030753,0.2574474,0.039080154,0.47040918,0.26518077,0.27710238,0.13656646,0.39355925,0.123127304,0.32695228,0.43155655
0.5485474,0.4304626,0.49619615,0.08285359,-0.18358298,-0.16676329,0.37020653,0.24346374,-0.010008488,-0.18743454,-0.012588619,0.14468846,-0.009390837,0.099670395,0.030464916,-0.0009150946,0.049860597,0.19982871,1.0,0.6880848,-0.25867876,-0.18434194,0.4076211,0.31467348,-0.010588589,-0.18435416,-0.031038053,-0.14147231,-0.0113408575,0.15317611,0.1298516,-0.14482312,0.5700114,0.43034944,0.5000325,0.37419108,0.2611737,0.06362731,0.35542232,-0.044137232,0.06673213,-0.07595955,0.32856795,0.35127798,0.6023122,0.56430584,0.32715634,0.005896338,0.5291441,0.25909713,0.3866663,0.15484987,0.32676986,0.10142423,0.101260416,0.09471425,0.49994323,0.37720975,0.13729109,0.19005787,0.3330317,0.26234898,0.30041572,0.22304866,0.24413775,0.2041264,0.5893354,0.5528637,0.43048662,0.20729856,0.1875291,-0.050796945,0.14131895,-0.010853396,0.26038212,-0.176113,0.119761035,0.28319257,0.11733837,0.15419686,0.06604543,0.12161581,0.053792708,0.18218294,0.2679744,0.28503734,0.17339826,0.1103381,0.202431,0.06549783,0.17640038,0.26107863,0.27414778,0.4108483,0.24416515,-0.07035362,0.20062247,-0.056273013,0.09538892,-0.06305484,0.4675984,0.567809,0.463373,0.53400207,0.38483772,0.31137,0.08747131,0.18335296,0.3025579,0.11934573,0.15685652,0.10595599,0.050859608,0.2326677,0.1620533,0.09347923
0.57019466,0.49452043,0.34239832,0.119973555,-0.2822076,-0.0372761,0.30140877,0.34313297,0.09200076,0.016027804,-0.02101478,0.33901367,0.04999218,0.24751599,-0.23024379,-0.13952634,-0.090219714,0.22093025,0.6880848,1.0,-0.3735989,-0.33814538,0.11035068,0.2310839,-0.13013925,-0.31218526,-0.08091517,-0.16529393,-0.03152889,0.13741733,-0.099202685,-0.25278458,0.3986755,0.2610935,0.33878326,0.28698754,-0.013463391,0.08310418,0.27724963,-0.17151092,0.24370913,-0.08657467,0.24271062,0.10427578,0.580575,0.62253535,0.043334804,-0.062254183,0.5338219,0.49980724,0.37859553,0.5093487,0.11610419,0.2131742,-0.04771325,-0.082551986,0.51026213,0.56633204,0.35152483,0.06522303,0.5466451,0.32444447,0.32971463,0.36851776,0.431388,0.4093358,0.5101709,0.48944604,0.3866226,0.59849405,-0.06135305,-0.19724756,-0.16761655,0.020511664,-0.039535478,-0.21850665,0.053098124,0.08496551,-0.047006477,0.09152806,0.04142019,0.20433319,-0.03449585,-0.02272595,0.15580867,0.46324047,-0.05379237,-0.11669289,-0.07438623,0.046459675,0.008520866,0.15584238,0.111806266,0.18981227,0.35548204,-0.013680202,0.007494153,-0.13956973,-0.08258841,-0.16669972,0.24921481,0.30831397,0.27232477,0.32305497,0.18060164,0.098861426,0.012284404,-0.05908765,0.39659545,-0.07754801,0.029933536,0.008259809,-0.052603707,0.08424574,0.12963364,0.13603961
-0.25858754,-0.18213382,-0.123070784,0.115805745,0.3232033,-0.09489923,-0.13437665,0.05730474,-0.044262055,-0.17768244,0.06499709,0.0060768696,-0.0930749,-0.1648119,0.46673164,0.3521772,0.0030332932,-0.29820275,-0.25867876,-0.3735989,1.0,0.42948708,0.089711055,-0.052240476,0.20895278,0.35557795,0.15296897,0.14014913,-0.00534889,-0.0936847,0.18361154,0.2911011,-0.16324572,-0.036852166,-0.18879661,-0.13892758,0.073019706,-0.022822373,-0.19796188,0.2932673,-0.2089452,0.21741256,-0.13193195,-0.14808927,-0.34923223,-0.31715378,0.06679502,-0.008077375,-0.319701,-0.41796958,-0.2690026,-0.32876283,0.046275705,-0.15187132,0.14954232,0.23975705,-0.20702155,-0.39236197,-0.20679833,0.06523576,-0.27151784,-0.20604704,-0.15827748,-0.031546183,-0.14750092,-0.22711134,-0.2662186,-0.31012496,-0.30120492,-0.3093882,0.14508724,0.1911365,0.16736473,-0.013939199,0.029596366,0.21955587,-0.01901635,-0.07582242,-0.10006776,-0.14972277,0.037334573,-0.15075213,0.1609957,0.28073323,-0.027858447,-0.334834,0.06648776,0.24311595,0.31498516,0.14354743,0.050585896,0.0033269266,-0.21596149,-0.06728461,-0.05459566,-0.26325428,0.18740554,0.28477016,0.09849245,0.18947488,-0.16689911,-0.07480395,-0.18251799,-0.14682722,-0.0760327,-0.028001912,0.029205887,0.13617453,-0.33654097,0.032682076,-0.01452591,0.0058573517,-0.10396776,0.01233971,-0.016049579,-0.18524733
-0.21223572,-0.22283049,-0.031439595,0.028545473,0.38797903,0.19246915,0.039430533,-0.082415946,0.08304806,-0.32632783,0.1137626,-0.15283872,0.2853264,0.0132951,0.26096454,0.33422545,0.23017494,0.036406767,-0.18434194,-0.33814538,0.42948708,1.0,0.10930656,-0.04425921,0.6649613,0.73016536,0.43354627,0.28422558,0.27523616,0.28321704,0.3443791,0.3849696,-0.0055430187,0.05510976,-0.060433168,-0.05353411,0.13713779,0.35622135,0.19096783,0.3260649,-0.024470113,0.3090865,0.044950206,0.04658147,-0.26203704,-0.31838638,0.15212572,0.17282449,-0.14983414,-0.47798854,-0.10816074,-0.3976018,0.121779375,-0.20601082,0.3851012,0.5632586,-0.19507995,-0.42336857,-0.16886753,-0.20457095,-0.1714703,-0.085358486,-0.104713775,-0.11731481,-0.06494565,-0.4221574,-0.059957273,-0.049582016,-0.22157234,-0.3914229,0.3507121,0.46533078,0.49357095,0.29054624,0.4236153,0.48064134,0.122662954,0.28759196,0.23218282,-0.09911328,0.17222634,-0.16397113,0.3881815,0.13849726,0.3798828,-0.13288552,0.19437984,0.4008206,0.4512823,0.33975223,0.27966756,0.11274549,0.22096331,0.013634457,0.0116246445,-0.055343177,0.12405974,0.25330338,0.0966097,0.3755437,0.07562947,-0.02660977,0.053204015,0.03937681,0.27001634,0.03228254,0.22276644,-0.046249084,-0.12419354,0.13751975,0.23703419,0.032389898,0.14948505,0.018786017,0.04679344,0.1422603
0.38983583,0.18084033,0.6839483,0.41984314,-0.020343194,-0.17462377,0.6257348,0.26989746,-0.050570853,-0.08353228,0.39157867,0.16975264,0.3363219,0.22444955,0.44543818,0.30551663,0.40027353,0.32613447,0.4076211,0.11035068,0.089711055,0.10930656,1.0,0.6297561,-0.0036890549,-0.082758926,-0.11908815,-0.06815392,0.44312823,0.4056452,0.62692255,0.2903537,0.3890864,0.33788013,0.43546024,0.4069679,0.64906317,0.40949038,0.39198223,0.369456,0.22339118,0.2902896,0.35337964,0.44950306,0.1614104,0.110172674,0.58900416,0.36820835,0.102216676,-0.19682094,0.15277807,-0.2917065,0.4317763,0.04753301,0.45798472,0.39306927,0.28634036,0.00307659,-0.09607316,-0.06458445,-0.007574219,-0.11014795,0.22529757,0.07357521,-0.13324137,-0.17364298,0.34009713,0.31445754,0.12850381,-0.20866236,0.5153649,0.34949803,0.40890437,0.36892438,0.49776936,0.196913,0.33272815,0.5124758,0.41468918,0.3875059,0.44753218,0.31202167,0.34426224,0.48909584,0.4379527,0.20590228,0.40646002,0.2989313,0.47235745,0.19652721,0.3904612,0.23296423,0.20538461,0.22314242,0.24523297,0.23064272,0.52530664,0.3548209,0.41842434,0.35683918,0.17172931,0.23499364,0.16798814,0.16758314,0.34880856,0.36303493,0.39929694,0.36657658,0.23737015,0.28227895,0.4225911,0.39594802,0.3130504,0.30533847,0.24532191,0.2736378
0.28364146,0.22543894,0.6283036,0.61084205,-0.06747288,0.004242307,0.53540134,0.45984814,0.18787421,0.22852568,0.24602717,0.41149887,0.29952466,0.41583395,0.23433866,0.23239549,0.1280948,0.28833914,0.31467348,0.2310839,-0.052240476,-0.04425921,0.6297561,1.0,-0.1164675,-0.1606318,-0.13656701,-0.19258636,0.4174972,0.36748198,0.46046373,0.23819125,0.07916822,-0.011461511,0.30003238,0.22998938,0.36455995,0.4093419,0.36047617,0.24849197,0.29628327,0.23648176,0.40272927,0.19882935,0.163211,0.08142431,0.61048216,0.3514413,0.20620936,-0.16423489,0.09734543,-0.06282022,0.36267844,0.28395045,0.49184462,0.36003107,0.10549494,0.26364303,0.05324834,-0.11895958,0.12738144,-0.09138941,0.07869608,0.09333824,0.002574483,0.023976715,0.31378582,0.17620534,0.2180066,-0.020727107,0.20983739,0.23759423,0.13998686,0.3954643,0.22730725,0.07802992,0.057344098,0.29576817,0.16394426,0.32998857,0.34832302,0.46112627,0.29515618,0.44536266,0.2557084,0.36947656,0.35200468,0.13164929,0.29821807,0.23975067,0.4290015,0.25859186,0.21763939,0.2036554,0.17172803,0.3917811,0.61624664,0.34884804,0.5835615,0.46716836,0.14756155,0.2004832,0.24891974,0.21810587,0.3524037,0.30598372,0.40062058,0.271061,0.26266766,0.13230403,0.5221501,0.6117659,0.3364797,0.28457963,0.21033521,0.38268852
-0.028695181,-0.018888965,-0.010552644,-0.2366025,0.5122132,0.5250964,0.033044595,-0.16297656,0.43564695,-0.09692615,0.09052579,-0.2048212,0.30415544,-0.072304524,0.0440028,0.10130576,0.16017206,0.016083237,-0.010588589,-0.13013925,0.20895278,0.6649613,-0.0036890549,-0.1164675,1.0,0.7876204,0.7557804,0.35577196,0.13541406,0.23989686,0.24586697,0.11131125,0.15458857,0.14253946,-0.0033836996,-0.04046052,-0.06420728,0.30754724,0.13277924,0.11947719,-0.06375025,0.11793575,0.059301365,0.120849945,0.064784296,-0.013637898,0.075153135,0.11750522,-0.015020948,-0.1473595,0.14551729,-0.29985347,0.1597031,-0.1635052,0.15582173,0.42569906,0.060192946,-0.32999507,-0.09189568,-0.1023684,0.11673644,-0.02412471,0.21499082,-0.04479292,0.20380585,-0.20146428,0.06643203,0.16794676,-0.09244555,-0.34248236,0.28909746,0.30539957,0.49919263,0.23126411,0.4726816,0.3676208,0.05873866,0.25253814,0.1096934,-0.14421211,0.14383042,-0.27616933,0.24563672,-0.15666841,0.41965616,-0.1398223,0.026644625,0.20859756,0.4494263,0.1753167,0.17477763,0.11563491,0.26895747,0.13521554,0.024844123,-0.17806041,-0.020773701,-0.007930844,0.0029813356,0.16251582,0.18012261,0.18487662,0.16502818,0.21820539,0.24781628,-0.02832431,0.080170706,-0.13548085,0.01367836,0.10624987,0.13873588,-0.04734367,-0.016040225,-0.042437762,0.023957608,0.24196592
-0.28649145,-0.20227525,-0.18594815,-0.15132537,0.5466734,0.34419048,-0.13094932,-0.1173441,0.17326362,-0.19102219,-0.0028023596,-0.20925784,0.16773713,-0.08103846,0.24174273,0.30299786,0.12018264,-0.016138406,-0.18435416,-0.31218526,0.35557795,0.73016536,-0.082758926,-0.1606318,0.7876204,1.0,0.67003864,0.53428274,0.14737225,0.13786624,0.2643095,0.28980473,-0.0019233588,0.08218537,-0.07308818,-0.15037529,-0.077517174,0.23620962,0.04045183,0.22078198,-0.16286166,0.17235687,-0.0456575,-0.0032185568,-0.14550693,-0.19171624,0.047289383,0.07226979,-0.18943071,-0.28836617,-0.05151862,-0.26269498,0.034883596,-0.09628609,0.1772007,0.47093448,-0.21962763,-0.3784837,-0.20576954,-0.1839169,-0.14396712,-0.1474792,0.045557648,-0.048563607,0.10557215,-0.2674618,-0.107207485,0.0115038715,-0.205636,-0.38770092,0.15901066,0.35989356,0.47727177,0.10818146,0.31250283,0.33336496,-0.017361913,0.15115473,0.1269593,-0.15963902,0.11019785,-0.21200047,0.29813796,0.013377254,0.23155078,-0.17773522,0.04679361,0.32336167,0.3940641,0.3775221,0.12503791,0.08623148,0.16877972,0.04098857,-0.10811,-0.19273473,0.014890763,0.089070335,0.06018218,0.23134898,0.06315226,-0.004498754,0.058832433,0.08771604,0.15044174,-0.0145766,0.11593677,-0.057709686,-0.1638627,0.06317426,0.077257946,-0.07881167,0.0010702288,-0.049212717,-0.024807518,0.09031771
-0.056786273,0.036020473,-0.1276538,-0.29527378,0.5079583,0.58993846,-0.111576974,-0.14519508,0.50035685,0.11439615,-0.035488583,-0.15544431,0.11833454,-0.05870544,-0.02862286,0.04302026,-0.013833285,-0.03704371,-0.031038053,-0.08091517,0.15296897,0.43354627,-0.11908815,-0.13656701,0.7557804,0.67003864,1.0,0.4780653,-0.0316573,0.08909584,0.07539495,-0.006146923,0.08808203,0.11722373,-0.039237175,-0.1588364,-0.15002792,0.17616625,0.042708848,0.0061852173,-0.117291614,0.024542449,0.047307212,0.012963984,0.09212129,0.08242526,0.008638723,-0.015013891,-0.0122766,0.004537511,0.10352187,-0.13931236,0.060552403,-0.016706375,-0.035811584,0.2580017,0.024803562,-0.21054803,-0.079402514,-0.03488851,0.106594175,0.0009954959,0.21612875,0.067736275,0.25969613,-0.10034242,0.008980456,0.14751759,-0.06424783,-0.19761154,0.099693835,0.17895769,0.35875112,0.043963615,0.2978235,0.14804538,-0.047884304,0.13048893,0.0067777545,-0.16018826,0.039039,-0.25418484,0.114785686,-0.16541876,0.22775479,-0.06593323,-0.044457138,0.12019579,0.32064041,0.06820189,0.04664561,0.008565379,0.10263055,0.08673111,0.03480976,-0.24914233,-0.07320802,-0.11132388,-0.0071013453,-0.0028319329,0.073644355,0.15702708,0.12288216,0.18223213,0.14033294,-0.05373769,-0.043526087,-0.087304965,0.00037034953,0.030953724,-0.0222601,-0.03209465,-0.053168874,-0.0059514497,-0.011448972,0.14921662
-0.14322814,0.004500721,-0.19945435,-0.12296937,0.5269231,0.3026262,-0.27515727,-0.14946398,0.063565284,0.08326478,0.014158819,-0.13443832,0.034552153,-0.08332881,0.16339189,0.3895232,0.028539522,-0.013884629,-0.14147231,-0.16529393,0.14014913,0.28422558,-0.06815392,-0.19258636,0.35577196,0.53428274,0.4780653,1.0,-0.026864959,0.08580298,-0.046452627,-0.07065805,-0.014830731,0.050024193,-0.025514338,-0.10560866,-0.012244335,0.08744061,-0.048506364,0.21793534,-0.1487015,0.113413356,-0.056380007,0.069794916,0.0202976,0.03583064,-0.13388412,0.008435287,-0.15465195,0.022992786,0.057882614,-0.08850314,-0.028832061,-0.15588821,0.045311257,0.17794168,-0.0025579557,-0.25889736,-0.09115674,-0.05742875,-0.020391246,-0.033881783,0.16194701,0.18366623,0.21284838,-0.10892098,-0.0077561876,0.09536443,-0.015514375,-0.08167651,0.034605276,0.101219654,0.22202083,-0.036143497,0.0777336,0.15569624,-0.081237644,0.12387558,0.1037855,-0.10729687,0.07957553,-0.1227863,0.124793045,0.072314106,0.13283107,-0.047341727,-0.11562703,0.21565403,0.21436775,0.21157448,0.080979414,0.118912704,0.08088721,0.09831207,-0.13343808,-0.16302189,-0.028198456,-0.10135305,-0.004742655,0.10675323,0.088435754,0.03194408,0.076017,0.035788327,-0.0505221,-0.009496521,0.055456057,0.07063969,-0.19546078,-0.1513412,-0.15345083,-0.14673674,0.16695349,0.18169929,0.06801479,-0.073470615
0.12746862,-0.08777103,0.29642186,0.33355767,-0.16578917,0.05722027,0.6816615,0.3769437,-0.032242596,-0.1652532,0.60373306,0.37016097,0.7243327,0.57067496,0.17459738,0.07866428,0.62132007,0.66800046,-0.0113408575,-0.03152889,-0.00534889,0.27523616,0.44312823,0.4174972,0.13541406,0.14737225,-0.0316573,-0.026864959,1.0,0.6588944,0.6616839,0.63671875,0.2412314,0.18900137,0.23260191,0.33531037,0.45660856,0.6697401,0.55498916,0.4204664,0.42306343,0.4534347,0.33415833,0.39446378,0.012709676,-0.012808015,0.35693008,0.6190065,0.14243592,-0.18501097,0.0799908,-0.11108681,0.35426357,0.03480879,0.5917103,0.5663522,0.07077508,0.080034316,0.020598102,-0.44225758,-0.059747603,-0.05613719,0.060648046,0.122770704,-0.17158219,-0.26237625,0.20874421,0.18725212,-0.09420791,-0.048301168,0.5381945,0.71173364,0.5581602,0.75886935,0.41820475,0.5182406,0.56450146,0.6176492,0.5574926,0.5269537,0.5434776,0.46677163,0.48351303,0.18662328,0.53910327,0.3816967,0.36509347,0.15865076,0.36534873,0.43215272,0.4507147,0.3346862,0.4157309,0.21307154,0.43065414,0.36615023,0.28751034,0.53845376,0.24281819,0.526407,0.19075435,0.080614395,0.18219501,0.16777436,0.29301763,0.12728968,0.3381851,0.007830439,0.47550184,0.4369137,0.42133316,0.23122872,0.41527885,0.08691189,0.27825037,0.4591236
0.26137236,0.106346175,0.22961546,0.31659505,-0.006675114,0.14419107,0.55773103,0.260996,0.0571958,-0.13906498,0.54232925,0.25205317,0.6643673,0.46950537,0.08184916,0.2618585,0.43124074,0.6399937,0.15317611,0.13741733,-0.0936847,0.28321704,0.4056452,0.36748198,0.23989686,0.13786624,0.08909584,0.08580298,0.6588944,1.0,0.41530302,0.25736994,0.3434527,0.1746938,0.22090447,0.28596708,0.446118,0.7374158,0.5366224,0.49088645,0.40993726,0.54625493,0.6019968,0.5565111,0.25984007,0.13416837,0.34660435,0.58351153,0.2770186,-0.15103307,0.39937755,-0.11061877,0.42943406,-0.061165363,0.5302072,0.59762925,0.36521798,0.06117554,0.1480787,-0.33693913,0.159066,0.047829,0.19564876,0.13778256,0.06244314,-0.22153568,0.45540968,0.31219348,0.03786464,-0.013202802,0.5213637,0.4350045,0.52470785,0.8043892,0.5155358,0.64082605,0.42844445,0.5954968,0.40202862,0.428544,0.45183653,0.27117184,0.5452992,0.21423922,0.71913403,0.43769827,0.31646007,0.31469017,0.5171665,0.4644681,0.6281052,0.6097755,0.5803038,0.38904402,0.3365237,0.26691136,0.2510183,0.22708547,0.24149674,0.54354155,0.47739774,0.31758288,0.48483628,0.40324652,0.41261426,0.24525222,0.3400919,0.11855532,0.4071683,0.22044493,0.42963335,0.21777095,0.55569816,0.3713413,0.5087141,0.47703555
