1.0,0.6393926,0.6080709,0.35887685,-0.4283222,-0.244779,0.77538145,0.39973572,-0.36094722,-0.14742115,0.55700123,0.43714797,0.565832,-0.12744781,-0.18745676,-0.17544863,0.42309818,-0.03788797,0.8289249,0.8072172,-0.37604403,-0.5147841,0.32921773,0.1740408,-0.63398784,-0.79478896,-0.5972439,-0.7621906,-0.32370415,0.017515944,-0.028320974,0.106007904,0.8009724,0.6628005,0.8489301,0.7360015,-0.33065942,-0.49407828,-0.4950511,-0.36159924,-0.5943165,-0.5859312,0.79248655,0.7576938,0.6513329,0.57709104,0.84840685,0.7299731,0.1762252,0.18149373,0.621452,0.18822901,0.70096534,0.11554554,0.43528,0.11401066,0.9166215,0.5869936,0.30103922,0.29540983,0.80612373,0.5787112,0.9158989,0.48422596,0.71542645,0.6110893,0.8744564,0.82280904,0.71102923,0.47846392,-0.24795933,-0.46978045,-0.06629735,-0.49250254,-0.25684056,-0.5680718,0.21949275,0.029407144,0.10638487,0.17352608,0.6850235,-0.2511475,-0.4625975,-0.8074767,0.6728816,-0.19143522,-0.5512493,-0.711591,0.27877378,-0.3292401,0.78423554,0.5128393,0.44706315,-0.13148315,0.54972154,-0.28546682,0.54987615,0.042459343,0.7750874,0.5013812,0.6034767,0.03969178,-0.0859531,-0.49739036,-0.5812709,-0.39357767,-0.43565935,-0.7156026,0.33489388,0.0062941434,0.6736114,0.5611728,0.6176615,0.53976816,-0.34259638,-0.37520137
0.6393926,1.0,0.29532853,0.5112856,-0.32115406,-0.34112078,0.38191253,0.7082978,-0.11718933,-0.2079244,0.11044186,0.66325027,0.10227868,0.26502106,-0.09836906,-0.058055203,0.1439215,0.36879712,0.77354306,0.7504931,-0.39278787,-0.4205395,0.10699908,0.12991895,-0.7115522,-0.5998141,-0.63977534,-0.47334638,-0.15989736,-0.21357489,-0.13648161,0.1721836,0.68162173,0.59913427,0.72225636,0.6079496,-0.4512157,-0.4828811,-0.49355605,-0.4153017,-0.49289775,-0.4043372,0.6552117,0.7896382,0.45279995,0.5456985,0.6108399,0.7028477,0.3757975,0.2070331,0.5274607,0.18988158,0.49405113,0.20896424,0.13608694,0.21002907,0.54620844,0.7103976,0.15051992,0.22485304,0.55722696,0.3226756,0.62829196,0.6741527,0.5268143,0.5209913,0.68717664,0.77265555,0.35891658,0.3255866,-0.23354928,-0.1959966,-0.46988782,-0.4143653,-0.42655978,-0.29711336,0.24342495,-0.02746233,-0.12926693,-0.2659715,0.15305942,0.29483813,-0.66719604,-0.49648204,0.10305943,0.24319515,-0.6975939,-0.39747894,-0.27798402,0.09649133,0.38395697,0.5055116,0.171876,-8.291858e-05,0.45373464,-0.19873357,0.20391113,-0.044399586,0.43570068,0.5456271,0.18356396,0.05638252,-0.45026886,-0.30688173,-0.6051775,-0.40069008,-0.5448244,-0.5066981,0.18692075,0.0657857,0.6220322,0.3761578,0.4722798,0.4993368,-0.044358794,-0.24007592
0.6080709,0.29532853,1.0,0.6086812,0.22947173,0.29193288,0.88380575,0.29542866,0.18960425,0.48393235,0.69827515,0.29169598,0.8152346,-0.14047396,0.41456124,0.37811843,0.698998,-0.07793755,0.5014914,0.53351176,0.17736486,0.06714894,0.85207736,0.7569558,-0.013121827,-0.2883237,0.019773902,-0.32238972,0.3057982,0.50737405,0.5880725,0.53625536,0.63989156,0.6572153,0.54434955,0.49682307,0.33769137,0.004149408,0.05022519,0.12318273,0.07289678,-0.0010479813,0.37604555,0.3522807,0.2972086,0.28598353,0.52523005,0.32829466,0.06363367,0.048603613,0.43792897,0.030951384,0.3191086,0.14945252,0.6077751,0.26276666,0.63070774,0.42795736,0.13135423,0.12344756,0.49256998,0.6852665,0.5336411,0.38357845,0.5091899,0.5317796,0.57610315,0.460077,0.7091358,0.46134108,0.36259368,0.09635487,0.49741495,0.0625208,0.3348641,-0.05767433,0.5476245,0.42608407,0.5083091,0.51899934,0.72856325,-0.31209686,0.2134817,-0.37989134,0.6380556,-0.2524201,-0.1323034,-0.41627225,0.49859193,-0.2925635,0.43308297,0.20399085,0.26991618,-0.29777035,0.42147034,0.113762476,0.58960474,0.37284106,0.5063656,0.14175916,0.38861737,-0.12724905,0.1357169,-0.3797775,-0.20383967,-0.15916237,0.053089812,-0.32201973,0.4338214,0.26306412,0.4408553,0.38358876,0.52107286,0.37952638,-0.1612587,-0.106374316
0.35887685,0.5112856,0.6086812,1.0,0.25819427,0.18265975,0.48172194,0.7750491,0.3961312,0.32158652,0.3115051,0.6554611,0.3441615,0.46375683,0.33294368,0.40295187,0.42357337,0.49884522,0.5068304,0.50268024,0.103017576,0.11527753,0.6532613,0.7535308,-0.12661487,-0.09575041,-0.15637955,-0.061360676,0.42928952,0.38528892,0.51361346,0.70556104,0.600767,0.7065782,0.49104303,0.48262748,0.13615943,0.023517007,-0.061781593,0.0736937,0.025366921,0.027051983,0.31590885,0.48662013,0.17683965,0.29568177,0.37615663,0.45027137,0.29915377,0.11644504,0.32334554,0.121105276,0.19280677,0.26093385,0.3646902,0.5368607,0.2748013,0.60373753,1.6335077e-06,0.0155681735,0.31389415,0.52331483,0.27946082,0.62820905,0.251733,0.4806645,0.42922932,0.5097589,0.40844998,0.44073007,0.32268354,0.39975473,0.015720982,0.18155211,0.048260644,0.15603882,0.58122486,0.36522362,0.15545301,0.22536118,0.2188497,0.32000816,-0.091705084,-0.017746067,0.114040606,0.38123888,-0.3798149,-0.16245951,-0.039084792,0.21820189,0.19531265,0.36247745,0.20970532,0.023548948,0.3422669,0.13667744,0.30563167,0.3093041,0.3004957,0.4261181,0.122610904,0.10006767,-0.086172,-0.121732265,-0.17450546,-0.036077507,-0.06398058,-0.071286514,0.45560855,0.28066283,0.48897088,0.3179113,0.4740627,0.34011203,0.14602357,0.06899539
-0.4283222,-0.32115406,0.22947173,0.25819427,1.0,0.7811413,-0.019949844,-0.004468792,0.73389107,0.7533344,0.09294542,-0.042212978,0.1289654,0.15056393,0.8544985,0.79885393,0.2150678,0.10031562,-0.37792477,-0.30406412,0.78626233,0.82865566,0.4646611,0.56114304,0.7509314,0.70971894,0.7590091,0.65870583,0.8057989,0.61742234,0.62868696,0.48631343,-0.18509017,-0.018608185,-0.3575894,-0.29575327,0.707451,0.6626059,0.7198813,0.7155948,0.7653971,0.7359959,-0.5245454,-0.4221894,-0.43939486,-0.39140007,-0.35916898,-0.37468982,-0.094560295,-0.17165986,-0.218636,-0.21560432,-0.47530776,0.10535732,0.2538673,0.27914497,-0.3859805,-0.2252216,-0.3318329,-0.17032006,-0.40855968,-0.04808985,-0.493423,-0.1690196,-0.2815068,-0.2105773,-0.42978436,-0.43988365,-0.11738313,-0.15308985,0.6704555,0.67824113,0.54740506,0.7026475,0.5745336,0.5853495,0.31943813,0.51164085,0.46769655,0.3210032,-0.113920026,0.094714865,0.66653776,0.6119126,-0.216493,0.09363602,0.5343881,0.5166638,0.1690888,0.2704625,-0.4283261,-0.30554363,-0.2748832,-0.19076791,0.031088326,0.60433936,0.082669266,0.50457764,-0.3873593,-0.3865051,-0.35137928,-0.18844235,0.054837465,0.29620504,0.43157825,0.367174,0.59233844,0.46601415,0.12155342,0.52605987,-0.16762817,-0.1355778,-0.11310825,-0.1145458,0.1891021,0.45136753
-0.244779,-0.34112078,0.29193288,0.18265975,0.7811413,1.0,0.104042724,-0.033051647,0.6417908,0.61473745,0.21431153,-0.04177242,0.20521025,0.17772909,0.7488509,0.77187514,0.15613453,0.11205843,-0.27981767,-0.21849501,0.76152825,0.72976214,0.4121139,0.49220192,0.6852201,0.6277959,0.6301405,0.5727132,0.66275334,0.69113994,0.534517,0.38373244,-0.15482341,-0.002773205,-0.26752833,-0.20821266,0.62261045,0.63713366,0.7368467,0.69281226,0.54640585,0.6308799,-0.38373578,-0.35406968,-0.29836437,-0.34761167,-0.2585736,-0.2599341,-0.21007821,-0.16641685,-0.093035065,-0.18768464,-0.31892878,0.08704352,0.3418756,0.2896879,-0.15986408,-0.27125505,-0.22237533,-0.06852652,-0.26297733,0.07482924,-0.30059522,-0.20321316,-0.121007025,-0.14242972,-0.30599988,-0.3464503,-0.050283767,-0.15652674,0.5271669,0.4768454,0.56233513,0.65852517,0.4395786,0.4164394,0.16564685,0.510826,0.46566716,0.3870176,0.022022607,0.0507049,0.6460603,0.5053616,-0.0068326057,0.10718718,0.5430928,0.48396656,0.3206288,0.30329973,-0.21755137,-0.20484039,-0.11901917,-0.09502804,0.06780789,0.47238156,0.18988273,0.4748471,-0.21357039,-0.29409158,-0.14273041,-0.08316956,0.16045338,0.3877195,0.4329871,0.47231007,0.56583583,0.30637175,0.0909245,0.5048985,-0.10350018,0.017418204,-0.03305342,-0.07409137,0.12619853,0.3591335
0.77538145,0.38191253,0.88380575,0.48172194,-0.019949844,0.104042724,1.0,0.28397962,-0.031304616,0.29786405,0.7360984,0.31643787,0.86008084,-0.24018317,0.16923274,0.15468015,0.71758515,-0.1683775,0.6326636,0.6346188,-0.05920821,-0.17775027,0.71824515,0.5438874,-0.21803299,-0.5276226,-0.20242982,-0.5675026,0.053240214,0.3646879,0.41886044,0.3900389,0.72326666,0.66653216,0.7016393,0.6585922,0.12999031,-0.21485491,-0.19208357,-0.07440263,-0.1739588,-0.27175117,0.57309437,0.5134073,0.44793034,0.45331493,0.7084289,0.50109905,0.071147546,0.08489379,0.5320548,0.06721288,0.49566767,0.13748826,0.6228748,0.18127103,0.7994641,0.49182296,0.23050572,0.15689081,0.6411168,0.6745346,0.72620624,0.3945218,0.6257292,0.56376356,0.71901363,0.611036,0.7741663,0.5215151,0.15268423,-0.14953919,0.37274915,-0.17901473,0.18110281,-0.3094465,0.44813636,0.29430518,0.41839746,0.50718635,0.85071886,-0.414511,0.023573942,-0.61334664,0.7753794,-0.32031536,-0.29456255,-0.6338871,0.53604984,-0.40738463,0.65340513,0.3321688,0.3766908,-0.30033553,0.51861626,-0.017920656,0.6552732,0.27825433,0.6875922,0.27193806,0.54851824,-0.083421394,0.11478019,-0.50096476,-0.39462054,-0.29153875,-0.12769033,-0.50478137,0.47333848,0.17194588,0.57126176,0.5217188,0.62362266,0.4909456,-0.29359472,-0.22542776
0.39973572,0.7082978,0.29542866,0.7750491,-0.004468792,-0.033051647,0.28397962,1.0,0.2018969,-0.05173345,0.15148441,0.83979076,0.07034061,0.6711292,0.07083244,0.18748751,0.1862508,0.722425,0.59526634,0.5567965,-0.11855868,-0.08457872,0.28891453,0.42576283,-0.41121393,-0.22488327,-0.4362889,-0.10734648,0.21736535,0.11668935,0.14965254,0.483627,0.62405044,0.6749545,0.5549002,0.5451341,-0.22654243,-0.17740516,-0.27564332,-0.14494158,-0.3071631,-0.21175325,0.45454293,0.6492165,0.28710526,0.4075721,0.4339092,0.63979816,0.37540632,0.17526643,0.36710945,0.16137362,0.2532366,0.21400936,0.19904046,0.48676616,0.28592655,0.6488541,0.0382897,0.055821832,0.3341066,0.3109418,0.3380115,0.63975286,0.2680042,0.40152606,0.42615128,0.62943417,0.24951144,0.33065632,0.00048921985,0.16380993,-0.38469365,-0.035719227,-0.3619284,-0.045860417,0.3244522,0.16748983,-0.031351127,-0.04868745,0.001987039,0.5747281,-0.47107238,-0.08007742,-0.077522375,0.5933593,-0.574083,-0.09848478,-0.31836194,0.42810008,0.22680803,0.48374742,0.1214213,0.1611992,0.3881922,0.0053499127,0.1744705,0.12581286,0.28803134,0.5914014,0.039645907,0.19305621,-0.3939908,-0.0097687775,-0.3397017,-0.06757227,-0.25704652,-0.19837302,0.3132888,0.2532907,0.58888686,0.4024563,0.4692821,0.44980735,0.16553618,0.031423207
-0.36094722,-0.11718933,0.18960425,0.3961312,0.73389107,0.6417908,-0.031304616,0.2018969,1.0,0.69403476,-0.082095295,0.13026866,-0.007889605,0.32740068,0.69581276,0.743389,0.1392916,0.3819016,-0.2217852,-0.20285393,0.48180893,0.5930769,0.40828967,0.5429944,0.5022188,0.5499164,0.4298398,0.55405253,0.6889615,0.46718344,0.53370976,0.49903908,-0.08570157,0.07266574,-0.18172397,-0.09666376,0.5608999,0.5474721,0.47753137,0.49035347,0.61253977,0.59764385,-0.3300809,-0.19578588,-0.42786306,-0.2334751,-0.28036687,-0.15011515,0.054612312,-0.11992254,-0.10347175,-0.12035706,-0.38739735,0.1872189,0.23401749,0.49270713,-0.34929347,-0.084048904,-0.24119166,-0.19280787,-0.34925348,0.10016356,-0.3695793,0.08887908,-0.24064507,0.0066481153,-0.24443321,-0.21990485,-0.112247355,0.0006363606,0.49591023,0.63330853,0.23379377,0.5588223,0.37742382,0.5605086,0.38183686,0.44382346,0.16884968,0.19735624,-0.19286172,0.3646369,0.47241223,0.54318815,-0.27561423,0.32040536,0.12682995,0.3914883,-0.071224205,0.43497035,-0.38859165,-0.06089536,-0.090080224,0.006698766,0.039313946,0.507066,0.08129661,0.4853806,-0.23796336,-0.087184794,-0.27307308,-0.004425419,0.06160546,0.28816453,0.31312704,0.3326176,0.38852066,0.39184776,0.22312853,0.4256957,0.0017139899,-0.064857885,-0.039565247,-0.06981126,0.2690117,0.36059943
-0.14742115,-0.2079244,0.48393235,0.32158652,0.7533344,0.61473745,0.29786405,-0.05173345,0.69403476,1.0,0.3056287,-0.035666756,0.43829167,-0.10196655,0.7501587,0.72807246,0.5081675,-0.09611193,-0.14927697,-0.09705741,0.54098,0.59879035,0.6333665,0.6096076,0.5883568,0.3700133,0.61980987,0.3185451,0.63065374,0.66210884,0.65124196,0.4779373,0.08116091,0.1881383,-0.053983476,-0.027926983,0.7547669,0.55021113,0.4912757,0.60894907,0.7072411,0.57815117,-0.29314572,-0.21614328,-0.29167935,-0.120986074,-0.07442043,-0.1997914,-0.035373602,-0.111020066,-0.06768905,-0.13668494,-0.25846043,0.16881216,0.500232,0.35865536,-0.08257923,-0.091964036,-0.17513296,-0.13166793,-0.15669535,0.21672523,-0.17567214,0.0062041543,-0.09021969,0.058102358,-0.07223415,-0.19951855,0.22276768,0.114378236,0.5913291,0.49753135,0.63026863,0.5230214,0.6545476,0.4069139,0.5042253,0.5609225,0.443749,0.50397456,0.24020272,-0.15013838,0.6698279,0.28148594,0.15324137,-0.15246888,0.28103277,0.08242227,0.4214735,-0.04674621,-0.15133972,-0.15638372,-0.02837047,-0.28033313,0.22045618,0.616068,0.34824502,0.6177387,-0.05848584,-0.26152322,-0.05051439,-0.16280787,0.23345149,-0.055771373,0.22507784,0.10207603,0.45620352,0.27842024,0.39008668,0.46468326,0.044239905,0.0011344729,0.03845177,-0.030698497,0.026297124,0.32908732
0.55700123,0.11044186,0.69827515,0.3115051,0.09294542,0.21431153,0.7360984,0.15148441,-0.082095295,0.3056287,1.0,0.33381218,0.816133,-0.084937826,0.19656916,0.16976194,0.6958342,-0.20473813,0.35137057,0.36051264,0.15906715,0.05607797,0.62890506,0.48897117,0.020703552,-0.2751585,0.070456386,-0.34070486,0.16739134,0.52744055,0.36409497,0.28172618,0.56105584,0.57847184,0.4650736,0.4689389,0.2747184,0.0121384375,0.018205967,0.2065303,-0.035195176,-0.18314426,0.2798591,0.2863171,0.33602676,0.3297996,0.5765949,0.3542873,-0.05598809,0.06899204,0.3530506,0.012083713,0.26452908,0.050079226,0.67741233,0.16307347,0.5876708,0.20136447,0.16073732,0.08935642,0.39800996,0.3717074,0.48301876,0.044391476,0.35057962,0.30530393,0.4208125,0.33344895,0.6923442,0.34822693,0.17667511,-0.13394843,0.53987384,-0.012324794,0.21400346,-0.3054494,0.25907597,0.37221178,0.5180298,0.6283186,0.75088847,-0.43934017,0.22130014,-0.376828,0.70366657,-0.342425,0.020311147,-0.43053088,0.70575744,-0.35365131,0.5661311,0.18331079,0.3379421,-0.2584961,0.516733,0.20842713,0.67524296,0.38974902,0.51528037,0.09761669,0.40456173,-0.066392,0.12929484,-0.28780675,-0.1892532,-0.09820186,0.16824397,-0.28862736,0.48824725,0.33105013,0.43676558,0.47494408,0.49983892,0.35417902,-0.34772077,-0.030424427
0.43714797,0.66325027,0.29169598,0.6554611,-0.042212978,-0.04177242,0.31643787,0.83979076,0.13026866,-0.035666756,0.33381218,1.0,0.180341,0.66314954,0.044364978,0.13062146,0.26396048,0.6541976,0.5425213,0.489846,-0.11125747,-0.06752262,0.2893084,0.37772924,-0.39263847,-0.25973636,-0.3776873,-0.13252771,0.1883794,0.16778117,0.14698222,0.43593577,0.645331,0.6947335,0.5826836,0.541711,-0.1603761,-0.15055253,-0.25758025,-0.11937346,-0.26188567,-0.22608963,0.46381018,0.6437519,0.32099417,0.46776932,0.49839517,0.66418207,0.34016395,0.16658418,0.39119807,0.2479201,0.26335606,0.2138057,0.31156826,0.4806659,0.32581162,0.6342178,0.09155184,0.037663605,0.35396546,0.31053206,0.37815356,0.58152014,0.28449455,0.40782294,0.4417798,0.61834735,0.33120102,0.39996383,0.025174377,0.11105758,-0.29218572,-0.059905067,-0.29048842,-0.09011119,0.30130383,0.2114818,-0.041868526,0.018937767,0.10360902,0.48211303,-0.38997293,-0.14713456,0.051686663,0.49346143,-0.5218171,-0.16403364,-0.1725241,0.37045562,0.27312103,0.5334559,0.10521973,0.13857394,0.47491878,0.07938998,0.26997527,0.19456102,0.3339605,0.5679495,0.032638583,0.21619041,-0.4195473,-0.026441528,-0.37986887,-0.14786655,-0.20194271,-0.25893414,0.38566965,0.2958788,0.6126035,0.45098025,0.4945588,0.48978296,0.08937793,0.054028347
0.565832,0.10227868,0.8152346,0.3441615,0.1289654,0.20521025,0.86008084,0.07034061,-0.007889605,0.43829167,0.816133,0.180341,1.0,-0.30884495,0.2226284,0.18542495,0.8112275,-0.32448396,0.37766042,0.38310182,0.07016813,-0.021411754,0.74725205,0.5399709,0.03860672,-0.3368689,0.065801404,-0.43951005,0.1634041,0.4907346,0.5166485,0.37500766,0.5519404,0.5260726,0.50382435,0.47269994,0.32488054,-0.0467534,-0.0358045,0.10152721,0.030025821,-0.15159915,0.37749243,0.28426078,0.31325534,0.35992926,0.5608901,0.28755596,-0.018441124,0.071446,0.40441015,0.020618329,0.31871602,0.1169646,0.6515539,0.13087182,0.61989,0.30539986,0.21848978,0.08104141,0.4488422,0.54772526,0.5208741,0.186793,0.43782684,0.37836537,0.49912718,0.3728113,0.7160762,0.44511315,0.27937126,-0.05708855,0.5645768,-0.031046858,0.38119587,-0.20574713,0.40519804,0.30419075,0.5084093,0.6460597,0.86641836,-0.5502963,0.28473,-0.45221993,0.78980654,-0.43080243,-0.050181124,-0.5643418,0.71551955,-0.49057057,0.5603572,0.17302889,0.295066,-0.34592906,0.45260736,0.14977261,0.6490917,0.33966035,0.56965494,0.094972424,0.4763641,-0.119410194,0.21881904,-0.47013545,-0.23884682,-0.24513577,0.074519195,-0.30277258,0.5088792,0.20743826,0.41648057,0.41484034,0.5189951,0.3385943,-0.30737996,-0.112026304
-0.12744781,0.26502106,-0.14047396,0.46375683,0.15056393,0.17772909,-0.24018317,0.6711292,0.32740068,-0.10196655,-0.084937826,0.66314954,-0.30884495,1.0,0.105256006,0.23096845,-0.18460433,0.8475156,0.08286669,0.06156258,0.13760737,0.22625518,-0.040081292,0.22041425,-0.071153425,0.2603199,-0.098116405,0.3956576,0.34151536,0.16659187,0.031491887,0.30339235,0.1113171,0.2675011,0.037010822,0.054049123,-0.0751453,0.18863234,0.10449891,0.13606524,-0.049534395,0.122379534,-0.0141288405,0.21036386,-0.017016627,0.038841244,-0.065335646,0.25552398,0.2536111,0.07770984,0.05301618,0.12429842,-0.15031931,0.12770358,-0.03444717,0.4847092,-0.22261314,0.2111155,-0.07816728,-0.07182545,-0.07767733,-0.015674746,-0.17176113,0.29949617,-0.14123544,0.063018754,-0.09830195,0.15775177,-0.16833834,0.003286924,0.057067674,0.35368827,-0.38473788,0.28973737,-0.32514095,0.24802648,0.03967803,0.14206912,-0.18549268,-0.20131868,-0.42817238,0.79209065,-0.20852108,0.43796605,-0.42379677,0.7906694,-0.17415856,0.41569912,-0.4359395,0.73853844,-0.2006225,0.24981035,-0.105682045,0.42281058,0.09641442,0.1888078,-0.099149294,0.124346696,-0.14670372,0.3507698,-0.30776048,0.24098504,-0.3334187,0.4800012,0.11293783,0.28898543,0.05353809,0.18202381,0.07155337,0.3062637,0.17665836,0.08253657,0.08081408,0.07087014,0.3855121,0.32560575
-0.18745676,-0.09836906,0.41456124,0.33294368,0.8544985,0.7488509,0.16923274,0.07083244,0.69581276,0.7501587,0.19656916,0.044364978,0.2226284,0.105256006,1.0,0.8660614,0.27797475,0.11128254,-0.13252167,-0.030302377,0.7584926,0.7577113,0.5437557,0.6171391,0.5811106,0.5158668,0.6440363,0.5339983,0.7896329,0.61361504,0.5982099,0.49018237,0.017773071,0.15889497,-0.15609407,-0.16851214,0.6813438,0.585838,0.7085244,0.6454542,0.6723985,0.69464785,-0.3459374,-0.25696108,-0.2680426,-0.27640757,-0.17851298,-0.23445272,-0.09687752,-0.17767836,-0.043809656,-0.17368901,-0.32923442,0.09232492,0.3533474,0.28462893,-0.1371095,-0.09237775,-0.25944528,-0.0780803,-0.20452197,0.102488324,-0.2563143,0.011770083,-0.036331896,-0.014613464,-0.1950944,-0.2319892,0.030915111,-0.07283254,0.6624882,0.58278257,0.55094016,0.6064298,0.55206263,0.5219572,0.38978067,0.54675424,0.5397392,0.24912548,0.011184223,0.08243297,0.5687504,0.40966246,-0.09318269,0.020712888,0.44452113,0.41361743,0.19643137,0.2160132,-0.32164246,-0.22419716,-0.2515792,-0.2659019,0.16519111,0.5334181,0.19036236,0.51878476,-0.2566029,-0.33537307,-0.25870237,-0.2189541,-0.00751253,0.2089731,0.31507987,0.27862152,0.51942676,0.27544904,0.09553344,0.5726448,-0.052163966,-0.052408222,-0.009792888,-0.0038589805,0.13989414,0.35786158
-0.17544863,-0.058055203,0.37811843,0.40295187,0.79885393,0.77187514,0.15468015,0.18748751,0.743389,0.72807246,0.16976194,0.13062146,0.18542495,0.23096845,0.8660614,1.0,0.2843626,0.25110114,-0.062124778,0.016080696,0.7142302,0.7160701,0.5012784,0.5913222,0.52830493,0.50190634,0.5425084,0.53451306,0.8013977,0.6870576,0.5626116,0.49011424,0.07339431,0.24040775,-0.10984113,-0.0564872,0.6482411,0.63504726,0.6391034,0.67333645,0.5977426,0.65496904,-0.27710703,-0.19602428,-0.28613403,-0.2077531,-0.15146485,-0.14508705,-0.03624703,-0.18752593,-0.03497674,-0.18022043,-0.26381037,0.13443294,0.37338567,0.41218045,-0.14243254,-0.104603454,-0.239158,-0.063376956,-0.18598339,0.08922278,-0.22707103,0.03117343,-0.07387306,-0.024667319,-0.16705322,-0.18594496,0.029944677,-0.08970856,0.58173025,0.569889,0.4576104,0.6325379,0.46828574,0.49561155,0.4300959,0.6179094,0.51971847,0.29595485,-0.013177586,0.20080273,0.5192067,0.47404054,-0.10346343,0.16066326,0.33690724,0.4092809,0.1589347,0.34993222,-0.26617536,-0.16704264,-0.08982497,-0.16666667,0.18813698,0.57178265,0.21105878,0.561747,-0.21584581,-0.21009463,-0.18995357,-0.058629174,0.03839023,0.21430294,0.29329252,0.32621503,0.4926808,0.34229627,0.19001901,0.5963964,0.017898919,0.018104598,0.0018569346,-0.002821522,0.15882705,0.37031913
0.42309818,0.1439215,0.698998,0.42357337,0.2150678,0.15613453,0.71758515,0.1862508,0.1392916,0.5081675,0.6958342,0.26396048,0.8112275,-0.18460433,0.27797475,0.2843626,1.0,-0.16360775,0.39274448,0.37848222,0.06573039,0.036756072,0.7297853,0.53891146,0.04490363,-0.25162122,0.083979666,-0.33714482,0.31211373,0.4839216,0.48024613,0.36166552,0.61242294,0.6378771,0.5244785,0.5168275,0.41820467,0.06471056,-0.0015022216,0.21005386,0.10727295,-0.12200472,0.3467032,0.2924196,0.21452439,0.33206445,0.5596505,0.34915575,0.11395511,0.0760028,0.35568738,0.029285384,0.2997164,0.1784194,0.75433177,0.36034754,0.4606629,0.32111868,0.12567073,0.15724769,0.33815265,0.4657566,0.3867651,0.24944443,0.2827778,0.3679237,0.43580675,0.36204678,0.6093875,0.35653687,0.29940447,0.014742619,0.45766848,-0.024320422,0.39898765,-0.13852468,0.5364346,0.3615077,0.5738648,0.625649,0.75591224,-0.35624257,0.28051183,-0.2723405,0.64698213,-0.23829904,-0.08939833,-0.50756764,0.6441196,-0.28013992,0.48019725,0.2592891,0.3111318,-0.23726907,0.57037807,0.3484039,0.7118194,0.49642873,0.5501112,0.23118071,0.4698628,0.021704452,0.27685392,-0.36761746,-0.15430155,-0.13572988,0.20887236,-0.07108884,0.6633839,0.34519815,0.50682384,0.44892135,0.5258066,0.33759078,-0.14012003,0.095432155
-0.03788797,0.36879712,-0.07793755,0.49884522,0.10031562,0.11205843,-0.1683775,0.722425,0.3819016,-0.09611193,-0.20473813,0.6541976,-0.32448396,0.8475156,0.11128254,0.25110114,-0.16360775,1.0,0.18997948,0.13690968,0.049767368,0.13120756,-0.0101759825,0.24830565,-0.18280454,0.15639724,-0.22952782,0.32640287,0.32142296,0.10776167,0.037744258,0.3374534,0.19887301,0.31795084,0.14119421,0.14348617,-0.110432625,0.1533113,0.025921177,0.019658934,-0.10867786,0.10566144,0.10716413,0.27629152,0.042602293,0.11081523,-0.006569867,0.3262854,0.22806494,0.027457597,0.115135565,0.12153878,-0.005834844,0.14184387,-0.0466968,0.52576494,-0.12584552,0.3229945,-0.081852406,-0.024679592,-0.012342596,0.12119273,-0.07151584,0.41976067,-0.037117474,0.20697926,0.033929277,0.25721815,-0.14538665,0.08392634,0.04263241,0.33121777,-0.467241,0.2423093,-0.34662408,0.2710049,0.14434177,0.15988459,-0.17368168,-0.22584216,-0.4124678,0.8721029,-0.30368504,0.34549186,-0.41860697,0.80018044,-0.3239045,0.35463914,-0.53153604,0.75637037,-0.18332388,0.29928434,-0.08884741,0.4424547,0.0772969,0.08526582,-0.111090995,0.1228588,-0.08759834,0.42424956,-0.27259138,0.31235987,-0.351625,0.39286557,0.03587049,0.20590453,-0.017198201,0.09803667,0.06266937,0.27618888,0.24127531,0.10048089,0.079930134,0.10826174,0.4431457,0.20148948
0.8289249,0.77354306,0.5014914,0.5068304,-0.37792477,-0.27981767,0.6326636,0.59526634,-0.2217852,-0.14927697,0.35137057,0.5425213,0.37766042,0.08286669,-0.13252167,-0.062124778,0.39274448,0.18997948,1.0,0.9114109,-0.39646718,-0.47302997,0.2513044,0.16564704,-0.69056547,-0.7413104,-0.6423179,-0.65141606,-0.22553217,-0.021343375,-0.09794628,0.10790562,0.83972114,0.76381713,0.88116664,0.7860734,-0.34189045,-0.42423314,-0.49861783,-0.3232828,-0.56838167,-0.51940066,0.7782349,0.8160462,0.5655141,0.59516287,0.8007924,0.76910555,0.31603158,0.20518689,0.6122431,0.2127823,0.61841005,0.1378414,0.39557654,0.28532267,0.7773785,0.65650284,0.2409303,0.32092,0.7869036,0.5445448,0.82977396,0.6733802,0.65542513,0.6318224,0.8508287,0.8771225,0.5707939,0.43703377,-0.26806027,-0.35899565,-0.26786488,-0.42296776,-0.33067164,-0.45511833,0.31167394,0.05115592,0.059571188,0.011234794,0.5001468,0.018722229,-0.5666549,-0.64094627,0.4656648,0.058411617,-0.6559109,-0.6138316,0.07955257,-0.095795065,0.63540477,0.54072124,0.42258662,-0.053192526,0.5546107,-0.1817458,0.46784583,0.07199775,0.6853925,0.59280455,0.49893814,0.073709905,-0.15024239,-0.43787846,-0.5437727,-0.308013,-0.40394822,-0.49737817,0.29926378,0.07691283,0.71122813,0.55536366,0.60785544,0.5287024,-0.16951133,-0.23247676
0.8072172,0.7504931,0.53351176,0.50268024,-0.30406412,-0.21849501,0.6346188,0.5567965,-0.20285393,-0.09705741,0.36051264,0.489846,0.38310182,0.06156258,-0.030302377,0.016080696,0.37848222,0.13690968,0.9114109,1.0,-0.28544503,-0.3762427,0.28514084,0.19384553,-0.6150204,-0.6814355,-0.550704,-0.59666497,-0.16237395,0.042616542,-0.04468673,0.15043086,0.8048201,0.73380303,0.8173256,0.70729345,-0.26790375,-0.35597706,-0.38766846,-0.24137133,-0.49499208,-0.42103264,0.7236355,0.7680676,0.56607896,0.54568034,0.76598793,0.6979477,0.27247182,0.15910263,0.57254684,0.16896276,0.5926124,0.14675264,0.3945683,0.24567923,0.7637135,0.60536087,0.1741788,0.3121411,0.77852917,0.5297345,0.79709595,0.6460939,0.66203415,0.60070515,0.80874205,0.8228289,0.54927737,0.38226905,-0.1697664,-0.28973952,-0.1942024,-0.36214286,-0.25111896,-0.39775974,0.3353439,0.09763142,0.13918671,0.0024790007,0.48947623,-0.020611353,-0.49798802,-0.60263056,0.45475885,0.008431055,-0.5515685,-0.55126405,0.10324184,-0.13019353,0.61341584,0.46418715,0.37149173,-0.10733295,0.5684872,-0.12767166,0.47770965,0.10380041,0.6313919,0.49412635,0.48131567,0.013322279,-0.15263446,-0.41380852,-0.49726176,-0.2887602,-0.38094527,-0.49890774,0.2627272,0.12847309,0.64381385,0.4926455,0.5827969,0.5251719,-0.18371381,-0.18397164
-0.37604403,-0.39278787,0.17736486,0.103017576,0.78626233,0.76152825,-0.05920821,-0.11855868,0.48180893,0.54098,0.15906715,-0.11125747,0.07016813,0.13760737,0.7584926,0.7142302,0.06573039,0.049767368,-0.39646718,-0.28544503,1.0,0.8653948,0.30863357,0.43704814,0.6949095,0.6815133,0.7863202,0.6957769,0.7170336,0.66518265,0.46990266,0.31386468,-0.25958893,-0.07855041,-0.43646163,-0.3666546,0.69541657,0.7419107,0.83993024,0.8022942,0.691332,0.76346844,-0.57852596,-0.52509576,-0.3277491,-0.51238805,-0.38160887,-0.45864508,-0.21165657,-0.25282213,-0.24540119,-0.15330832,-0.41900757,0.017463716,0.17854089,0.15443799,-0.32671243,-0.35492823,-0.32541955,-0.17119132,-0.33502716,-0.088619076,-0.46114773,-0.31282687,-0.20785408,-0.2506751,-0.45994064,-0.49619249,-0.14521612,-0.26536548,0.5797812,0.5517271,0.60366714,0.75501394,0.49835214,0.5234259,0.18550855,0.55470634,0.6013575,0.31480542,-0.10967635,0.035858434,0.6471982,0.6077469,-0.16296917,0.021110252,0.73764145,0.6268254,0.2437029,0.22728515,-0.4177187,-0.45050827,-0.29379752,-0.1549391,-0.04950126,0.5460112,0.045146927,0.46160555,-0.46324712,-0.5127459,-0.34031954,-0.1316002,0.114438936,0.32976118,0.58726877,0.5020894,0.67407954,0.47276405,-0.015275994,0.5311665,-0.31506658,-0.1856338,-0.31495732,-0.20645922,0.16960762,0.45046687
-0.5147841,-0.4205395,0.06714894,0.11527753,0.82865566,0.72976214,-0.17775027,-0.08457872,0.5930769,0.59879035,0.05607797,-0.06752262,-0.021411754,0.22625518,0.7577113,0.7160701,0.036756072,0.13120756,-0.47302997,-0.3762427,0.8653948,1.0,0.28040951,0.4197518,0.7701284,0.78195137,0.8191635,0.7927638,0.74199855,0.6243397,0.5314343,0.41719332,-0.314599,-0.11928097,-0.49612606,-0.43031707,0.7084971,0.7518596,0.8193066,0.7602492,0.7596421,0.80712533,-0.6228182,-0.52610606,-0.43897158,-0.44315583,-0.471697,-0.4727378,-0.16624975,-0.25935897,-0.3380329,-0.24045268,-0.5137827,-0.018889127,0.12298548,0.18945706,-0.45739478,-0.38055512,-0.35908887,-0.24775988,-0.44445717,-0.1606885,-0.5638991,-0.28338483,-0.34790984,-0.29324773,-0.53099227,-0.55016536,-0.22246197,-0.27131405,0.69201565,0.6920384,0.5432372,0.79579306,0.5507002,0.65741134,0.20449585,0.5159576,0.43588856,0.21451159,-0.24620602,0.15126362,0.65764743,0.6887377,-0.30509314,0.08840362,0.6656336,0.65261585,0.13612214,0.28374797,-0.5213914,-0.38958412,-0.35875174,-0.10597273,-0.07758957,0.5861704,-0.042844065,0.4475101,-0.5152652,-0.47953027,-0.41425574,-0.12846932,0.043323994,0.42896736,0.55612504,0.46168876,0.6715865,0.53991324,-0.032917414,0.49777758,-0.35013396,-0.25551322,-0.28931367,-0.2249601,0.2761327,0.514655
0.32921773,0.10699908,0.85207736,0.6532613,0.4646611,0.4121139,0.71824515,0.28891453,0.40828967,0.6333665,0.62890506,0.2893084,0.74725205,-0.040081292,0.5437557,0.5012784,0.7297853,-0.0101759825,0.2513044,0.28514084,0.30863357,0.28040951,1.0,0.86760914,0.24681105,-0.004376127,0.22543243,-0.08776532,0.5337875,0.57589847,0.78604275,0.69496274,0.4963535,0.5744354,0.33552927,0.34057876,0.5050467,0.14466125,0.17437579,0.2408332,0.30673692,0.14397283,0.17411467,0.17817068,0.08328976,0.16817515,0.33453494,0.17378688,0.03628618,-0.01157057,0.25433645,-0.035739664,0.09887251,0.17540096,0.58005965,0.3112227,0.33762333,0.3417381,0.020161401,-0.024222223,0.20468803,0.53411597,0.23832475,0.29523292,0.24440503,0.3425041,0.30674726,0.24266319,0.5524379,0.40284356,0.57039905,0.36153263,0.5732097,0.21539298,0.49487868,0.13916782,0.5861106,0.44396523,0.5205031,0.601218,0.58675313,-0.2292108,0.40748346,-0.112711616,0.45054555,-0.1504445,-0.00491529,-0.2508918,0.43390018,-0.17978685,0.23298883,0.15177071,0.15265024,-0.29995885,0.3288906,0.2477421,0.49494064,0.42632622,0.3342441,0.07684747,0.2390393,-0.11450816,0.14777875,-0.2220201,-0.075876385,-0.053034235,0.21272305,-0.09391207,0.48959172,0.298542,0.33610377,0.30785328,0.48387954,0.33047798,-0.045679636,0.038845316
0.1740408,0.12991895,0.7569558,0.7535308,0.56114304,0.49220192,0.5438874,0.42576283,0.5429944,0.6096076,0.48897117,0.37772924,0.5399709,0.22041425,0.6171391,0.5913222,0.53891146,0.24830565,0.16564704,0.19384553,0.43704814,0.4197518,0.86760914,1.0,0.2838658,0.16961354,0.28139928,0.143497,0.6500373,0.61346084,0.7850885,0.76724803,0.37675366,0.523382,0.2029302,0.229928,0.51898843,0.2872748,0.29812568,0.33104917,0.38498837,0.3241078,0.01670874,0.10563905,0.02279282,0.055717316,0.15268259,0.10117339,0.06905128,-0.014049492,0.19807692,-0.022542253,-0.04279696,0.14905328,0.43817714,0.3949701,0.17023899,0.32081202,-0.051590644,-0.04379153,0.090535805,0.4859559,0.07396535,0.3031712,0.13439816,0.33000517,0.18441887,0.16903906,0.4055564,0.35694394,0.61096734,0.5395442,0.47838628,0.42688745,0.41812235,0.3329077,0.579447,0.52208203,0.45722467,0.47338817,0.33092347,0.048529502,0.377566,0.11646183,0.21307972,0.07854371,0.031811398,-0.00086415565,0.2343884,0.06080208,0.04047052,0.07168912,0.044351824,-0.15370259,0.20451361,0.2928132,0.338566,0.43230155,0.13576955,0.04691531,0.011603162,-0.081906326,0.065273985,-0.056454085,0.0708543,0.08811495,0.2717114,0.04618051,0.3934258,0.3618528,0.2325431,0.17158104,0.3283252,0.21757384,0.113929845,0.120000504
-0.63398784,-0.7115522,-0.013121827,-0.12661487,0.7509314,0.6852201,-0.21803299,-0.41121393,0.5022188,0.5883568,0.020703552,-0.39263847,0.03860672,-0.071153425,0.5811106,0.52830493,0.04490363,-0.18280454,-0.69056547,-0.6150204,0.6949095,0.7701284,0.24681105,0.2838658,1.0,0.830348,0.85502017,0.6825789,0.5898691,0.5005679,0.51095665,0.25375792,-0.5087079,-0.3646987,-0.64554477,-0.5635572,0.7100226,0.6685871,0.735688,0.65588737,0.7659694,0.7042245,-0.7175149,-0.7064735,-0.5403627,-0.51430637,-0.5800788,-0.64965093,-0.3544842,-0.26510113,-0.4668771,-0.29227886,-0.5778639,-0.06602119,0.08534353,-0.011228381,-0.5331986,-0.56448954,-0.32878268,-0.27450976,-0.59469473,-0.245749,-0.6497483,-0.4866078,-0.4849512,-0.42279688,-0.67309606,-0.7469726,-0.2593424,-0.30401146,0.60236406,0.5505398,0.62854356,0.65098643,0.639596,0.5457223,0.03106854,0.3190913,0.34252575,0.32042468,-0.16422194,-0.11507769,0.8449659,0.6604317,-0.18923698,-0.13185641,0.7373612,0.53747255,0.28689855,0.05496898,-0.4718874,-0.4947196,-0.23681414,-0.14200501,-0.21817727,0.4828983,-0.0791619,0.3177927,-0.47102684,-0.58590615,-0.29259783,-0.11685523,0.2496418,0.38367352,0.52882516,0.37717864,0.62863034,0.529239,-0.055712778,0.296059,-0.45435584,-0.31958303,-0.30370536,-0.32538056,0.11449351,0.38062492
-0.79478896,-0.5998141,-0.2883237,-0.09575041,0.70971894,0.6277959,-0.5276226,-0.22488327,0.5499164,0.3700133,-0.2751585,-0.25973636,-0.3368689,0.2603199,0.5158668,0.50190634,-0.25162122,0.15639724,-0.7413104,-0.6814355,0.6815133,0.78195137,-0.004376127,0.16961354,0.830348,1.0,0.7510313,0.8807732,0.607109,0.3381652,0.32224745,0.19927183,-0.62460124,-0.44028354,-0.7559433,-0.68029416,0.52536386,0.67803764,0.74939185,0.6097805,0.68492943,0.74935734,-0.7742712,-0.6925123,-0.60075676,-0.6056373,-0.73917186,-0.63729435,-0.22703224,-0.2286399,-0.51573944,-0.2303596,-0.64316195,-0.053490248,-0.15371574,0.07218664,-0.7472134,-0.53393036,-0.37919956,-0.28451502,-0.717733,-0.39799383,-0.8230049,-0.43230513,-0.5995849,-0.50638306,-0.80760235,-0.7740097,-0.5231975,-0.45978108,0.49651784,0.62013865,0.30013648,0.68596244,0.37943327,0.6390729,-0.08967455,0.22230633,0.15393704,0.015339043,-0.5419946,0.28154734,0.6304191,0.87354463,-0.5478621,0.2339409,0.6831217,0.806031,-0.09020121,0.41484037,-0.6805046,-0.46216384,-0.38696012,0.090003364,-0.32689884,0.43196273,-0.32147783,0.19269541,-0.6691459,-0.48225853,-0.513296,-0.003946942,0.06755585,0.63184243,0.6030833,0.48748952,0.57417345,0.62852234,-0.21273085,0.29193577,-0.5219537,-0.42438596,-0.44342825,-0.41946796,0.32709914,0.4545391
-0.5972439,-0.63977534,0.019773902,-0.15637955,0.7590091,0.6301405,-0.20242982,-0.4362889,0.4298398,0.61980987,0.070456386,-0.3776873,0.065801404,-0.098116405,0.6440363,0.5425084,0.083979666,-0.22952782,-0.6423179,-0.550704,0.7863202,0.8191635,0.22543243,0.28139928,0.85502017,0.7510313,1.0,0.69355756,0.6075044,0.53352875,0.42945942,0.17211455,-0.47010928,-0.3125987,-0.6109813,-0.56924695,0.75369155,0.7248304,0.7992955,0.74435115,0.8267709,0.7780569,-0.7366689,-0.7029886,-0.48754033,-0.53214663,-0.54936814,-0.67725223,-0.27637896,-0.25948578,-0.42923364,-0.23404975,-0.5849666,-0.035081506,0.093357295,-0.023219647,-0.50844735,-0.5380704,-0.26169336,-0.23463672,-0.5207872,-0.23684326,-0.62654567,-0.47399983,-0.3972189,-0.41485116,-0.6208026,-0.71748847,-0.22031921,-0.29948345,0.58996224,0.53060293,0.6715072,0.7035652,0.65384483,0.557561,0.101820126,0.40278536,0.44446394,0.28901738,-0.13957159,-0.1478588,0.8027252,0.6247456,-0.17219727,-0.20763949,0.8151422,0.5508634,0.31930926,0.0026130036,-0.5272701,-0.58879066,-0.37434512,-0.1860626,-0.18235204,0.57053083,-0.060905583,0.36128488,-0.5406419,-0.679815,-0.38565183,-0.198571,0.22589654,0.28483576,0.5939803,0.36846638,0.6906281,0.57188386,-0.08100628,0.36091435,-0.488363,-0.38524598,-0.41395658,-0.36996898,0.1302592,0.448073
-0.7621906,-0.47334638,-0.32238972,-0.061360676,0.65870583,0.5727132,-0.5675026,-0.10734648,0.55405253,0.3185451,-0.34070486,-0.13252771,-0.43951005,0.3956576,0.5339983,0.53451306,-0.33714482,0.32640287,-0.65141606,-0.59666497,0.6957769,0.7927638,-0.08776532,0.143497,0.6825789,0.8807732,0.69355756,1.0,0.6295209,0.31421763,0.23251373,0.18039249,-0.56213933,-0.36945012,-0.7089179,-0.65138704,0.47779807,0.6871511,0.7427553,0.583331,0.6511856,0.7765996,-0.7386402,-0.64952147,-0.55735856,-0.57175213,-0.73739564,-0.5844891,-0.16467403,-0.21735114,-0.4825522,-0.19488068,-0.642582,-0.05299593,-0.21547753,0.118550144,-0.74112207,-0.45484576,-0.35465923,-0.2932339,-0.66819024,-0.37473688,-0.8000667,-0.32406524,-0.5381019,-0.43705565,-0.7483169,-0.68300617,-0.54880923,-0.4164879,0.4566775,0.6410942,0.19042361,0.72675645,0.2844125,0.6994189,-0.057050977,0.26444313,0.11257567,-0.1109892,-0.64373225,0.44968775,0.48895323,0.87112725,-0.6541546,0.34134766,0.6121338,0.88617796,-0.23633517,0.5471409,-0.7748802,-0.44153267,-0.51471096,0.14360859,-0.3398265,0.41309544,-0.39873716,0.18811862,-0.74980086,-0.45791483,-0.6442668,0.010166542,-0.054619443,0.640578,0.6161247,0.5092159,0.55715007,0.6325724,-0.2637729,0.33117127,-0.5170126,-0.45093483,-0.50359464,-0.43870866,0.42479178,0.47666377
-0.32370415,-0.15989736,0.3057982,0.42928952,0.8057989,0.66275334,0.053240214,0.21736535,0.6889615,0.63065374,0.16739134,0.1883794,0.1634041,0.34151536,0.7896329,0.8013977,0.31211373,0.32142296,-0.22553217,-0.16237395,0.7170336,0.74199855,0.5337875,0.6500373,0.5898691,0.607109,0.6075044,0.6295209,1.0,0.64123327,0.63277346,0.5624975,0.0002174708,0.20154586,-0.21944843,-0.16122547,0.6950294,0.6192579,0.65189445,0.62720186,0.6528509,0.63165474,-0.37387633,-0.2974784,-0.30530965,-0.25884914,-0.25067842,-0.23315714,-0.05716777,-0.16624056,-0.13439243,-0.1421719,-0.38177174,0.093028724,0.28865695,0.35676792,-0.32667443,-0.07490644,-0.26301876,-0.18096143,-0.33790135,-0.0018042807,-0.40744123,-0.028636187,-0.20823656,-0.08951357,-0.33140606,-0.27850592,-0.06546858,-0.089512795,0.67781603,0.69725937,0.46084237,0.66698223,0.51478124,0.6152203,0.41753176,0.56256074,0.5186736,0.28902403,-0.103952676,0.2873182,0.5658394,0.5975104,-0.22965828,0.2375766,0.4036765,0.49385133,0.08582401,0.3709205,-0.39302757,-0.24284507,-0.26447973,-0.10770356,0.08565644,0.55733967,0.09621424,0.47135034,-0.325998,-0.23811679,-0.32603642,-0.034085944,-0.018260144,0.29314104,0.35020342,0.32773712,0.5798106,0.45298433,0.17351286,0.5594955,-0.062041037,-0.06273324,-0.043450564,-0.066646926,0.25786644,0.3987379
0.017515944,-0.21357489,0.50737405,0.38528892,0.61742234,0.69113994,0.3646879,0.11668935,0.46718344,0.66210884,0.52744055,0.16778117,0.4907346,0.16659187,0.61361504,0.6870576,0.4839216,0.10776167,-0.021343375,0.042616542,0.66518265,0.6243397,0.57589847,0.61346084,0.5005679,0.3381652,0.53352875,0.31421763,0.64123327,1.0,0.58392155,0.4776671,0.16408631,0.32133123,0.034067594,0.106556565,0.7215227,0.69917196,0.5669419,0.7579424,0.4790743,0.49938846,-0.20534568,-0.11763943,-0.06348854,-0.04614322,0.0701979,-0.03856444,-0.11543685,-0.11455366,0.0263886,-0.084443435,-0.12069859,0.14412248,0.5776755,0.4613685,0.08008341,-0.12959461,-0.113471225,-0.048756167,0.03622254,0.26421827,-0.036467265,-0.0639288,0.0421225,0.1272238,-0.016519029,-0.08817894,0.29928803,0.11360169,0.5236119,0.42794895,0.6401379,0.6760238,0.50147855,0.33075836,0.48243517,0.74158525,0.6025879,0.66129243,0.32123172,-0.03556767,0.57220894,0.31920993,0.30586007,-0.019272981,0.36324015,0.1531588,0.56223005,0.08840864,0.05743676,-0.15396255,0.12759674,-0.0393884,0.28777203,0.61216563,0.48065656,0.68866473,0.045915343,-0.15053941,0.080719784,0.03698108,0.33570722,0.054789294,0.3463487,0.31603786,0.5465392,0.29347545,0.41267064,0.60832447,0.1194267,0.1260647,0.039482873,0.02195544,0.041299928,0.40144673
-0.028320974,-0.13648161,0.5880725,0.51361346,0.62868696,0.534517,0.41886044,0.14965254,0.53370976,0.65124196,0.36409497,0.14698222,0.5166485,0.031491887,0.5982099,0.5626116,0.48024613,0.037744258,-0.09794628,-0.04468673,0.46990266,0.5314343,0.78604275,0.7850885,0.51095665,0.32224745,0.42945942,0.23251373,0.63277346,0.58392155,1.0,0.84520066,0.12953101,0.22307844,-0.027408918,0.015451849,0.59428513,0.28990456,0.347667,0.32387593,0.52988476,0.38863716,-0.08162906,-0.11999659,-0.09711268,-0.007564353,-0.03241151,-0.1052453,-0.024326699,-0.11514072,0.033491656,-0.1377565,-0.11210157,0.10769495,0.32432598,0.19399722,0.00305705,0.115431264,-0.11765056,-0.22442152,-0.085352175,0.35784423,-0.09484158,0.10033676,0.011194629,0.13766685,-0.037639264,-0.06272317,0.2473686,0.2734972,0.8176107,0.68777627,0.5877236,0.4681428,0.66402453,0.48022467,0.5324347,0.4037369,0.37457293,0.4820967,0.29530624,-0.1160758,0.554639,0.1882745,0.15610273,-0.053689223,0.18536635,0.040228203,0.2763585,-0.07947721,-0.03307433,-0.016917689,-0.049114954,-0.23139305,0.09112377,0.28968632,0.2097012,0.3686136,0.02671294,-0.12720011,0.0055212295,-0.10095291,0.11096031,-0.0045062043,0.10171841,0.06259063,0.2646084,0.08413553,0.32371247,0.25662798,0.0402404,0.059954096,0.24827334,0.13050734,0.06156338,0.124877535
