1.0,0.7785687,0.6117727,0.634277,0.12068919,0.20547214,0.5089375,0.66315186,0.002129281,0.3049031,0.71332973,0.6292693,0.5739439,0.6279976,0.2861744,0.27559763,0.57166094,0.51167196,0.82582253,0.7515923,0.25988758,0.29474318,0.37202895,0.21743265,-0.031293493,-0.068154775,-0.06423841,0.23613827,0.3951899,0.37993482,0.19743983,0.3309931,0.5771942,0.5913695,0.48663306,0.4263692,0.6445604,0.6249259,0.36553708,0.4422315,0.27786455,0.20437688,0.4361768,0.39341307,0.40523246,0.29349887,0.49123216,0.40234464,0.17655143,0.3316271,0.30969745,0.18944599,0.100288235,0.20285812,0.34972495,0.14503579,0.78464705,0.63163936,0.2667017,0.28575292,0.37947667,0.24871893,0.43801203,0.24178661,0.35820067,0.39878255,0.5627236,0.59612983,0.5786138,0.63074106,0.41555193,0.43107283,0.3762035,0.38260362,0.42456782,0.39328516,0.62207055,0.66331476,0.37765956,0.58887064,0.3125826,0.2901387,0.1508479,-0.10906058,0.28575405,0.14029968,0.15007603,-0.22702985,0.35127065,0.06037922,-0.09300181,-0.09303888,0.112642765,0.08788642,0.25371823,0.35712895,0.4170444,0.2492947,0.12934902,-0.012036954,0.020295717,-0.06329413,0.06882272,-0.07614607,0.0017953212,-0.11018395,0.14366962,-0.14308251,0.35137758,0.43428808,0.28830567,0.013396379,-0.0072675315,0.026749186,-0.007176285,-0.05777578
0.7785687,1.0,0.39152852,0.6733944,0.15004873,-0.007305667,0.38522652,0.7010778,0.10962474,0.20774627,0.5985047,0.67167085,0.47035077,0.7012719,0.1866658,0.34558472,0.4550346,0.50361747,0.72299343,0.72931224,0.2641033,0.27724764,0.36031622,0.25581697,0.019946236,-0.19796214,-0.2772434,0.15708378,0.40972716,0.45213675,0.15222874,0.28552473,0.43985865,0.5331931,0.37333563,0.3963299,0.6468353,0.62114036,0.3027148,0.38741577,0.11446488,0.003422739,0.5064308,0.55640376,0.45867455,0.37692335,0.53931475,0.5039845,0.14930068,0.41093317,0.29005158,0.25358275,0.14460792,0.3298651,0.3110705,0.16127628,0.71490717,0.859471,0.27257666,0.31432977,0.21336405,0.42991292,0.24800724,0.44879186,0.27331886,0.5657738,0.5487639,0.59380496,0.67363775,0.60184765,0.29411125,0.38797593,0.29128367,0.37903112,0.30475515,0.3207401,0.51307625,0.5851782,0.387605,0.56589717,0.13011655,0.5177303,0.06320918,0.12229337,0.14280352,0.45213208,0.18251437,-0.0110244965,0.249105,0.24943136,-0.086887725,0.029063825,0.13109675,0.12900028,0.24675907,0.1306572,0.4950341,0.28975695,0.1490712,0.16373885,0.049947582,-0.04955722,0.169563,0.08194927,0.10837307,-0.058791548,0.14038049,0.0013686557,0.3730712,0.5035312,0.37227133,-0.05286889,0.040786605,0.024876818,0.077033944,0.14445561
0.6117727,0.39152852,1.0,0.76137364,0.16041836,0.15369235,0.7947927,0.6671005,-0.14073125,0.33764005,0.5868012,0.6068412,0.59273857,0.5648495,0.31596494,0.347344,0.6428095,0.5688049,0.6717854,0.610531,0.2833901,0.37767258,0.7662997,0.64115685,0.29203624,0.3253569,0.14679682,0.32750982,0.47825277,0.49493662,0.62588733,0.6777847,0.7261948,0.6390105,0.2884417,0.27742997,0.42260697,0.42994434,0.43621755,0.4870063,0.40857747,0.23214674,0.118547395,0.15774928,0.059628688,-0.051544067,0.32810536,0.43101275,0.074516796,0.051451724,0.039620165,0.017701453,-0.06478365,0.10360488,0.4230868,0.40842843,0.54474777,0.2984063,-0.13392735,-0.11642641,-0.018357236,-0.23017205,0.2863278,0.13235997,0.15061186,-0.0013880328,0.11097336,0.15849788,0.08691861,0.23957914,0.4764758,0.4183844,0.33732092,0.3450434,0.32298315,0.3721184,0.40339828,0.3690183,0.43524304,0.37855813,0.5579264,0.35979304,0.5112443,0.21784623,0.44600534,0.119553775,0.46662626,-0.11845644,0.40911344,0.24713868,0.12600842,-0.049840458,0.27859756,0.31286314,0.31815922,0.37452278,0.43656114,0.44899446,0.35098952,0.2504114,0.37363836,-0.013699182,0.22532171,0.20729518,0.31639466,0.18152547,0.43948615,0.15059483,0.09864345,0.43882447,0.41450518,-0.043579597,0.07911396,-0.00669719,0.14066033,0.24604683
0.634277,0.6733944,0.76137364,1.0,0.30530444,-0.1326064,0.80795753,0.8532569,0.14120498,0.22482793,0.5622854,0.72620386,0.5040764,0.7225768,0.3129001,0.5001952,0.5794369,0.6205482,0.6789898,0.723794,0.30212104,0.43069494,0.8066449,0.7675459,0.29333448,0.08899744,-0.025997449,0.2437562,0.5406891,0.62617517,0.6492252,0.69637257,0.66419625,0.67816,0.25594044,0.3061566,0.51104414,0.48682854,0.43278417,0.49955866,0.28256798,0.033200536,0.16812626,0.2689242,0.11154006,0.09499497,0.36623394,0.56453496,0.043555018,0.17995769,-0.07207846,0.046696197,-0.0147727905,0.22374898,0.4090769,0.475823,0.5442501,0.6374741,-0.121943295,-0.047916457,-0.17266731,0.05545144,0.010721339,0.4308933,-0.0077134864,0.2078336,0.17555162,0.25605792,0.23622504,0.27455655,0.38652778,0.43330684,0.3262675,0.40082338,0.3629688,0.3582245,0.40823618,0.43644756,0.551175,0.47911328,0.31427494,0.6558717,0.40637016,0.47407106,0.21444185,0.41891566,0.35413262,0.039025955,0.28622502,0.454288,0.01819043,0.103708245,0.34577096,0.31812856,0.4077236,0.29225594,0.53507423,0.50457484,0.33566856,0.3899419,0.2912701,0.066506915,0.32987845,0.38245633,0.34984368,0.23557444,0.40798226,0.27423257,0.2053247,0.57505226,0.46072572,-0.10476072,0.06696248,0.03985131,0.09033025,0.31933025
0.12068919,0.15004873,0.16041836,0.30530444,1.0,-0.123874016,0.5021592,0.46622568,0.6340384,0.16919312,0.20797576,0.38785312,0.18596321,0.39555717,0.5357703,0.60938764,0.37711105,0.28499457,0.19486672,0.23705377,0.6120052,0.52398413,0.35509884,0.3656135,0.2846375,0.1128017,0.16963153,0.40198418,0.48194358,0.44286585,0.49696812,0.43458554,0.3890371,0.37772566,0.28159478,0.27882898,0.33069098,0.031830814,0.50921816,0.30879778,0.3832322,-0.04353502,-0.14978467,-0.009349259,-0.032489065,-0.03785504,0.0846955,0.2983422,-0.22225772,0.059675768,-0.26088646,-0.05645501,-0.009293695,-0.09564393,0.28483245,0.44743836,0.06687095,0.21881829,-0.33333668,-0.08209616,-0.22517793,-0.024870737,-0.2059526,0.39442858,-0.20920365,0.055403262,0.0016282672,0.11132581,-0.13945031,-0.0060737594,0.28605163,0.31236595,0.26521873,0.31818223,0.37842318,0.2736562,0.15339871,0.13847034,0.3723483,0.06977656,0.19617335,0.47556242,0.41137516,0.48726127,0.0548612,0.20994875,0.11412778,0.17539486,0.06645767,0.4167909,-0.014910932,-0.014008312,0.21258572,0.1086963,0.6049194,0.38598976,0.31681335,0.30628234,0.13768624,0.15681788,0.0052674236,0.026822148,-0.053677414,0.3711215,0.30169356,0.3215107,0.4323918,0.40936726,0.26985866,0.46136397,0.1997809,-0.0042424165,0.048141245,-0.0860855,-0.23121458,0.15542808
0.20547214,-0.007305667,0.15369235,-0.1326064,-0.123874016,1.0,0.026506951,0.05086193,-0.3679466,0.65783685,0.46806088,0.20466082,0.5762571,0.10216354,0.50193554,0.20501134,0.42658532,0.26025778,0.29107186,0.11357888,0.3953065,0.4556503,-0.18856442,-0.40562505,0.09564412,0.480901,0.4356192,0.58179784,0.37952006,0.2923536,0.049183592,0.17446968,0.3143324,0.25888142,0.34356725,0.21786821,0.38550922,0.43434668,0.50691354,0.461849,0.5836429,0.31028762,0.2033767,0.02675296,0.27170584,0.03510202,0.34185222,0.042411584,0.15463908,0.18944736,0.501504,0.0061823204,0.2506701,0.10658156,0.53190607,0.032656047,0.43461683,-0.16334425,0.14248663,0.12354434,0.5179009,-0.3629976,0.6418252,-0.4771109,0.42067045,-0.022740182,0.26789245,0.1900895,0.11035391,0.30324808,0.6556255,0.5744509,0.605123,0.537518,0.47947016,0.5891734,0.54288954,0.47946554,0.07587895,0.36487216,0.58128846,-0.3223235,0.40037507,-0.39523956,0.6687459,-0.4377585,0.3788712,-0.29927725,0.6460619,-0.23014891,0.31298456,0.034868017,0.22661668,0.075514585,0.2842123,0.50378335,0.3029335,0.096659064,0.3947189,-0.2378926,0.2423364,-0.09472097,0.12377794,-0.27079126,0.097120546,0.17142893,0.3219535,-0.043770563,0.19410428,0.066887714,-0.0058742454,0.048476882,0.12806056,-0.07954773,-0.21865003,-0.19756116
0.5089375,0.38522652,0.7947927,0.80795753,0.5021592,0.026506951,1.0,0.8078471,0.19853346,0.36419302,0.54461914,0.6712199,0.55618745,0.645596,0.5470196,0.602655,0.70809036,0.625009,0.62030464,0.6310718,0.4545084,0.5678602,0.7910645,0.7308698,0.32852468,0.25086683,0.21255186,0.38758117,0.632352,0.6456453,0.7521524,0.7905117,0.76720273,0.68556607,0.31339392,0.3090437,0.45608434,0.3522708,0.5944586,0.55819577,0.4936399,0.13163394,-0.021628631,0.085170776,-0.011680931,-0.06657184,0.30462417,0.52448124,-0.07362712,0.100756966,-0.15780115,-0.042204347,-0.04807694,0.11217273,0.5024952,0.6148041,0.47659183,0.37672314,-0.28670296,-0.14236096,-0.1556366,-0.17602013,0.06768585,0.3255849,-0.021868052,-0.031400885,0.068597265,0.15501107,-0.02545582,0.15357253,0.51529753,0.4986582,0.4267856,0.45365557,0.47794065,0.43606535,0.39412293,0.36300758,0.5853325,0.39410523,0.5442905,0.5733299,0.6223628,0.45608157,0.38554326,0.22635537,0.35731313,-0.05546894,0.3338251,0.48047262,0.095795475,0.031651158,0.35604545,0.37747517,0.57933146,0.52574444,0.5221981,0.5370565,0.39381412,0.31680527,0.28621715,0.10219183,0.20257406,0.40138844,0.41865322,0.29346448,0.5916213,0.36521345,0.15448289,0.56746185,0.44955015,-0.116271846,0.098067224,-0.101062715,-0.014911382,0.2757027
0.66315186,0.7010778,0.6671005,0.8532569,0.46622568,0.05086193,0.8078471,1.0,0.17360379,0.4668283,0.68707144,0.8591253,0.6663089,0.8292005,0.5642798,0.7133431,0.7536013,0.7686039,0.74039114,0.7224276,0.55434906,0.6221717,0.70900744,0.5867389,0.2915543,0.12796316,0.023977965,0.45135003,0.7095214,0.77838254,0.6375465,0.75351864,0.7366201,0.7397747,0.4097757,0.41858733,0.6612207,0.57191133,0.6330512,0.6190556,0.41419053,0.002498536,0.21559301,0.33043107,0.20364207,0.15889044,0.47219348,0.60650975,0.017091097,0.2727421,0.027508827,0.10260245,0.090532586,0.25540087,0.5407563,0.5103759,0.6294328,0.6520199,-0.1062336,0.026275199,-0.0039952016,0.013876996,0.17997201,0.4448034,0.07579329,0.2426886,0.27926806,0.36172011,0.245602,0.33153126,0.5800817,0.6342426,0.5090058,0.60174865,0.54096025,0.5549763,0.54073685,0.550153,0.62496114,0.59545904,0.4790882,0.6530479,0.530504,0.4306746,0.34916836,0.3307421,0.36251852,-0.026330829,0.3731226,0.4768967,0.031747676,0.052316338,0.34334964,0.3056901,0.58601683,0.44987875,0.64424175,0.5408531,0.39261234,0.30390242,0.2231951,-0.00010297013,0.2508009,0.3316426,0.40837067,0.23902684,0.49300465,0.2449638,0.32673502,0.64096344,0.4360894,-0.112367444,0.117315084,-0.042303324,-0.061506376,0.24902265
0.002129281,0.10962474,-0.14073125,0.14120498,0.6340384,-0.3679466,0.19853346,0.17360379,1.0,-0.12986857,-0.16495124,0.022668978,-0.21319659,0.14234553,0.20353602,0.23887043,-0.08582614,-0.017689124,-0.055338874,0.12898928,0.17080654,0.15564995,0.06347006,0.20255217,0.050621267,-0.27598095,-0.027184341,-0.04494237,0.042259563,0.02994805,0.0925975,-0.04872954,0.017222146,0.12596148,0.07166916,0.039511234,0.01941709,-0.19899043,0.09746301,-0.08010625,-0.061320573,0.014221477,-0.14449525,-0.07128895,-0.06954568,-0.03627579,-0.16248372,0.09480182,-0.2446131,0.05229342,-0.38511693,-0.18256083,0.01731158,-0.09176757,-0.0335603,0.15796183,-0.14321372,0.25206113,-0.19947413,-0.0033924768,-0.16033158,0.3321584,-0.41468564,0.45254624,-0.18611717,0.10562081,0.035878606,0.121647,0.03475548,0.039451323,-0.169775,-0.08591676,-0.013951308,-0.03633464,0.108481854,-0.07963872,-0.086040564,-0.08830624,0.111339256,-0.08038483,-0.29016337,0.30302358,-0.06391411,0.3262654,-0.3129854,0.23252082,-0.30409515,0.1360144,-0.24305068,0.26215684,-0.2499892,-0.03615684,0.082431726,-0.08275063,0.31312817,0.15825611,-0.0010187057,0.0158723,-0.13694035,-0.029369269,-0.2081816,0.033662338,-0.16032284,0.19637547,-0.043201685,0.08721167,0.0526048,0.31367463,0.18468645,0.0955937,-0.00226446,0.02965972,-0.07552932,-0.04277765,-0.2674666,-0.04773734
0.3049031,0.20774627,0.33764005,0.22482793,0.16919312,0.65783685,0.36419302,0.4668283,-0.12986857,1.0,0.5966745,0.47397482,0.714565,0.5047194,0.752344,0.6302451,0.63735205,0.60671914,0.42755374,0.3206802,0.53455406,0.677882,0.10977311,-0.090707205,0.24248059,0.46338958,0.34927982,0.67251605,0.6669027,0.62887776,0.3911521,0.5070862,0.50904745,0.46756807,0.32775614,0.19558509,0.56741107,0.52647334,0.6943329,0.6242314,0.5405868,0.2416082,0.10495051,0.079621,0.2141876,-0.043682095,0.3741639,0.22982913,0.08491141,0.2642737,0.3008841,0.013364635,0.31833982,0.24852587,0.6286305,0.24388571,0.5019634,0.1093103,-0.015780944,0.057002623,0.34107992,-0.32110006,0.58040005,-0.15487628,0.30142274,0.003925889,0.20144595,0.18359952,0.108237684,0.2774128,0.77781284,0.77730435,0.80261016,0.7610355,0.69780934,0.7708999,0.62000287,0.53768337,0.36556938,0.5141188,0.70409393,0.027236545,0.677212,-0.039797682,0.6780998,-0.22163394,0.4257084,-0.3173179,0.5841245,0.08790478,0.32302883,0.057690524,0.3462688,0.20332289,0.49338278,0.58231145,0.49363312,0.26993492,0.5076744,-0.04963774,0.29067445,-0.051796317,0.2831667,0.0001968801,0.35058886,0.32181656,0.47609103,0.07191677,0.34630057,0.2566566,0.0642257,-0.080750294,0.16054773,-0.14976703,-0.26750714,-0.04049975
0.71332973,0.5985047,0.5868012,0.5622854,0.20797576,0.46806088,0.54461914,0.68707144,-0.16495124,0.5966745,1.0,0.74944955,0.8639867,0.7557255,0.58302027,0.5713929,0.7774606,0.69435656,0.7164522,0.6110727,0.57594365,0.590673,0.36258608,0.1483004,0.13512525,0.17553507,0.11076422,0.5322655,0.730114,0.6755856,0.396044,0.5521075,0.6545483,0.62820965,0.5360804,0.49207202,0.7537311,0.69043744,0.634493,0.64327127,0.5403034,0.18010052,0.3802528,0.36431965,0.41257435,0.21268572,0.58732456,0.41078874,0.31964043,0.4008101,0.41057554,0.30146313,0.14388321,0.24713673,0.563148,0.26093656,0.79412097,0.46046004,0.11484217,0.25892362,0.34668875,-0.02563831,0.58256954,0.1070642,0.34200007,0.24510497,0.48737442,0.47753057,0.4212859,0.48887467,0.7178616,0.7560301,0.70320183,0.7216185,0.6305529,0.70393395,0.75181377,0.72861314,0.57372576,0.6333843,0.5984768,0.2758137,0.49700257,-0.028131073,0.5242696,-0.0054829014,0.35684207,-0.2440932,0.5642281,0.088224985,0.095252894,-0.08359331,0.2156958,0.15660079,0.4606187,0.4958098,0.58147806,0.370808,0.4058656,0.05955869,0.15581486,-0.035836905,0.18049525,-0.0738506,0.16244797,0.09881121,0.36124828,-0.053612843,0.32614866,0.50662655,0.31292933,-0.07124973,0.06211079,0.01918833,-0.13718109,-0.008313049
0.6292693,0.67167085,0.6068412,0.72620386,0.38785312,0.20466082,0.6712199,0.8591253,0.022668978,0.47397482,0.74944955,1.0,0.7446574,0.8396103,0.54498464,0.69891226,0.8189064,0.8207321,0.7136017,0.6388844,0.63444346,0.61739296,0.64469665,0.46176943,0.3294654,0.21010324,0.04816481,0.5168679,0.73870325,0.8165738,0.5559265,0.7213043,0.7278311,0.73625666,0.46634483,0.5199574,0.6762735,0.64611036,0.6177859,0.62660354,0.46342742,0.0017684373,0.27514863,0.3626815,0.22032659,0.16117455,0.5247588,0.57588357,0.15690373,0.34625548,0.1744126,0.12751098,0.11872274,0.25366968,0.54128313,0.45239788,0.62304837,0.5449642,-0.10034844,0.03034434,0.021054983,-0.076610334,0.25686023,0.30825555,0.14973246,0.2378802,0.272777,0.3565935,0.25468937,0.32262665,0.64576566,0.70341545,0.53747565,0.68830705,0.52699953,0.6405804,0.58335865,0.59700906,0.5771549,0.6510733,0.5608335,0.591264,0.51415706,0.354559,0.4034878,0.2749797,0.45827293,0.07439155,0.47002047,0.3677093,0.15084271,-0.03517735,0.2892283,0.27510893,0.49434048,0.38176587,0.62956095,0.54439706,0.44153306,0.27468282,0.25461048,-0.086447366,0.2510895,0.21714239,0.39129052,0.20253028,0.47161284,0.16098283,0.26838145,0.5686234,0.40728876,-0.065203056,0.12776832,0.07225798,-0.008393442,0.262608
0.5739439,0.47035077,0.59273857,0.5040764,0.18596321,0.5762571,0.55618745,0.6663089,-0.21319659,0.714565,0.8639867,0.7446574,1.0,0.69987893,0.6635943,0.6104835,0.8397755,0.7332474,0.6661816,0.53900605,0.6275542,0.6245748,0.38805568,0.13360812,0.22144192,0.31949332,0.22414753,0.6052924,0.75093687,0.7216362,0.45232648,0.6293091,0.67451435,0.6172275,0.5117883,0.48096442,0.68069965,0.6604583,0.66624856,0.6364004,0.60517365,0.1943675,0.34068185,0.2833979,0.32180008,0.110923775,0.56135756,0.37553158,0.2810568,0.32721603,0.40513352,0.16287147,0.1882362,0.2409768,0.61749095,0.26948676,0.7559148,0.32573724,0.030977394,0.13145308,0.3287805,-0.21424551,0.6227986,-0.03454978,0.35597423,0.05709251,0.371052,0.35789183,0.2806749,0.3898684,0.78047484,0.7963347,0.7479323,0.7673084,0.6159967,0.7481137,0.71806693,0.6596857,0.56613785,0.6127447,0.7424281,0.20712048,0.5926982,-0.010824708,0.64407665,-0.08446825,0.43126383,-0.25384894,0.6395648,0.073731095,0.17879514,-0.0853201,0.26939893,0.18609963,0.48129818,0.53590024,0.5871082,0.39474627,0.50768846,0.022788636,0.22833852,-0.11402764,0.19186644,-0.0909335,0.219681,0.18576291,0.42777708,-0.004515736,0.25174963,0.4099971,0.27186003,-0.012524917,0.07286305,-0.021637276,-0.12823963,-0.012978548
0.6279976,0.7012719,0.5648495,0.7225768,0.39555717,0.10216354,0.645596,0.8292005,0.14234553,0.5047194,0.7557255,0.8396103,0.69987893,1.0,0.529604,0.7257565,0.6960119,0.77910995,0.6365381,0.62467164,0.5370056,0.56597024,0.53156173,0.40871033,0.22199734,0.018858861,-0.07130329,0.3858218,0.7108299,0.74300444,0.49132118,0.6054423,0.61396676,0.65666455,0.38637054,0.38726828,0.6431261,0.59823865,0.541954,0.5269191,0.31732276,0.13660213,0.23073937,0.31195495,0.26793775,0.14571013,0.43535912,0.43662682,0.20810099,0.36760452,0.14673653,0.22073995,0.108955525,0.29465893,0.40237454,0.3482759,0.60484487,0.62783676,0.0068376116,0.14070058,0.030910868,0.099381775,0.2782618,0.41835076,0.16207832,0.26816875,0.28728193,0.3521357,0.29958153,0.31341857,0.53533864,0.6562539,0.5541621,0.65634847,0.5268285,0.5739731,0.5813746,0.56598175,0.60073954,0.59653795,0.42985427,0.54398006,0.4554663,0.2954577,0.26360938,0.2713432,0.28961575,-0.019481802,0.31065544,0.39003265,0.021599108,0.0024073685,0.22536586,0.21195969,0.42532453,0.32404283,0.5243653,0.40055916,0.32708013,0.2239142,0.14907275,-0.044389226,0.17827953,0.17172125,0.26486883,0.10062708,0.35471508,0.06780634,0.3519966,0.51871026,0.3234373,-0.093370184,0.074033745,0.024547027,-0.0015035906,0.19982392
0.2861744,0.1866658,0.31596494,0.3129001,0.5357703,0.50193554,0.5470196,0.5642798,0.20353602,0.752344,0.58302027,0.54498464,0.6635943,0.529604,1.0,0.82949793,0.72763747,0.5958359,0.42867073,0.40868458,0.713761,0.8275402,0.22965153,0.09026729,0.28988507,0.3544177,0.41428098,0.6634905,0.81589204,0.7309146,0.5155706,0.59219277,0.6349384,0.6014725,0.46131486,0.36466697,0.62310123,0.46709666,0.8265753,0.6727616,0.67486566,0.18926497,0.040527076,0.07028557,0.17478916,0.022151992,0.37722823,0.36608607,0.017123062,0.22476643,0.10008641,-0.028472591,0.25522438,0.21399118,0.7031153,0.5124442,0.40962097,0.12279057,-0.1975392,0.06739784,0.17058681,-0.23958255,0.31127614,0.060264442,0.100689694,0.005924919,0.2201693,0.24712718,0.007788768,0.23515533,0.77504945,0.80106854,0.82459664,0.78852963,0.82967484,0.7802743,0.6323157,0.5381839,0.56972146,0.44643104,0.6881275,0.26669887,0.7764327,0.23137869,0.58065933,-0.05662675,0.31723395,-0.1755073,0.5147953,0.32489017,0.28589937,0.107716605,0.4234201,0.24650817,0.6879112,0.6860691,0.5805619,0.45160806,0.54976237,0.1049933,0.24709687,0.13408561,0.2501945,0.22111996,0.41988313,0.4693661,0.6271585,0.26246715,0.34669533,0.42273432,0.21095784,-0.12386037,0.1986354,-0.16449611,-0.34494644,0.036691345
0.27559763,0.34558472,0.347344,0.5001952,0.60938764,0.20501134,0.602655,0.7133431,0.23887043,0.6302451,0.5713929,0.69891226,0.6104835,0.7257565,0.82949793,1.0,0.71827394,0.7117576,0.41921848,0.42127946,0.7176363,0.8081248,0.42785564,0.3205298,0.36436993,0.26144516,0.17684138,0.57464105,0.8597185,0.85581875,0.6295235,0.7126398,0.6278556,0.63568854,0.34054583,0.32279062,0.61185515,0.48225406,0.7702985,0.65481335,0.5277996,0.034137134,-0.021580748,0.12997288,0.1080859,0.016765598,0.33674037,0.4516955,0.021369254,0.22629502,-0.007638522,0.04251461,0.1991259,0.2763826,0.6046954,0.592194,0.343303,0.32252192,-0.23449714,0.02387171,-0.08762496,-0.13152087,0.12781018,0.31850696,-0.053278264,0.09895239,0.10063674,0.17764254,-0.02126935,0.13711625,0.6915656,0.78160536,0.7146665,0.77872634,0.72722983,0.71417814,0.52999777,0.47507575,0.63172996,0.4767682,0.5824001,0.53166866,0.75486284,0.5049799,0.40349454,0.18673076,0.36197555,0.029036261,0.36818677,0.50964254,0.25094754,0.18403739,0.4287361,0.32312548,0.6404348,0.4880745,0.61231405,0.5341701,0.5508176,0.32781148,0.26380366,0.13152072,0.33040228,0.40478092,0.5324418,0.45959574,0.62210566,0.32154766,0.33362782,0.52761424,0.28898203,-0.17344385,0.22302948,-0.073259406,-0.18907395,0.2569563
0.57166094,0.4550346,0.6428095,0.5794369,0.37711105,0.42658532,0.70809036,0.7536013,-0.08582614,0.63735205,0.7774606,0.8189064,0.8397755,0.6960119,0.72763747,0.71827394,1.0,0.8016966,0.6980726,0.597683,0.68140215,0.7054019,0.5615842,0.32042974,0.3164805,0.3716725,0.26445925,0.6052206,0.82176083,0.7922337,0.5620584,0.7371632,0.8268399,0.7548953,0.5201013,0.5083954,0.70519286,0.63789773,0.7495832,0.7270043,0.65237373,0.1590805,0.23642655,0.28772965,0.21176958,0.095927596,0.54953104,0.5767977,0.11664615,0.2998704,0.23746341,0.093794554,0.14940214,0.25693712,0.7015484,0.5381055,0.6615296,0.32893762,-0.15601729,0.041130066,0.15855901,-0.23560722,0.44846246,0.14338623,0.24793975,0.08259371,0.27001563,0.35337904,0.18058915,0.37765884,0.7895428,0.7845294,0.69704974,0.7458807,0.6644055,0.7439451,0.6737096,0.61348486,0.65805644,0.61934006,0.83031416,0.44651574,0.71452695,0.24067928,0.6472243,0.09093649,0.5050881,-0.11420769,0.5918731,0.31656706,0.29256475,-0.026624534,0.31103522,0.34522605,0.5725255,0.5649278,0.69108117,0.61105967,0.56930983,0.23875463,0.33272973,-0.029730575,0.26566082,0.15289702,0.43022382,0.30936852,0.58028144,0.1716739,0.23324937,0.5595169,0.43903446,-0.07475271,0.182249,-0.064074986,-0.060331147,0.18543708
0.51167196,0.50361747,0.5688049,0.6205482,0.28499457,0.26025778,0.625009,0.7686039,-0.017689124,0.60671914,0.69435656,0.8207321,0.7332474,0.77910995,0.5958359,0.7117576,0.8016966,1.0,0.6130842,0.5446888,0.5675704,0.59724754,0.53553075,0.35555252,0.33102074,0.22681652,0.17572105,0.5317254,0.6763154,0.80781,0.5138204,0.68889904,0.70533264,0.6953628,0.3613059,0.37202743,0.5782413,0.5832659,0.60985744,0.5947146,0.44627458,0.102139756,0.15487508,0.20929886,0.1317187,0.00022050968,0.38663933,0.47656795,0.1561121,0.2905005,0.12694862,0.015937243,0.2521048,0.29592192,0.521341,0.3867048,0.5674189,0.39256334,-0.18578802,-0.046794664,0.114667326,-0.19825856,0.3981673,0.23342897,0.19272955,0.08189656,0.17885219,0.23788917,0.15676695,0.24583018,0.64085704,0.7150578,0.6029672,0.70874476,0.55652726,0.66977096,0.5241652,0.5055218,0.5517724,0.74297374,0.6654129,0.4892152,0.5609195,0.2481313,0.4563568,0.033310678,0.35575268,-0.09559882,0.4754557,0.26306325,0.18074928,-0.08529954,0.24209523,0.23363167,0.4570119,0.43173254,0.5313433,0.4928101,0.45588866,0.11366625,0.24617395,-0.17538527,0.21999362,0.051745314,0.3291217,0.21095522,0.41597748,0.121363744,0.24881384,0.37736854,0.2411842,-0.1614831,0.18266706,-0.009154042,-0.10574685,0.096523635
0.82582253,0.72299343,0.6717854,0.6789898,0.19486672,0.29107186,0.62030464,0.74039114,-0.055338874,0.42755374,0.7164522,0.7136017,0.6661816,0.6365381,0.42867073,0.41921848,0.6980726,0.6130842,1.0,0.878266,0.36888608,0.44966108,0.52296966,0.3293529,0.18608144,0.16487733,0.0016201746,0.4274621,0.53637284,0.54483527,0.35949144,0.5113438,0.7176774,0.70884097,0.5477236,0.5537405,0.7180539,0.6997483,0.526317,0.55717826,0.4501068,0.18816711,0.42137238,0.48530766,0.4303996,0.2690795,0.6474876,0.607064,0.1473541,0.36859652,0.26542866,0.1896818,0.23701395,0.31253365,0.53966784,0.36716518,0.76236117,0.5901982,0.052322093,0.20414533,0.26859576,0.12164911,0.42027757,0.23746392,0.30183667,0.3050818,0.5257281,0.588209,0.5038829,0.5609639,0.5786456,0.5498858,0.455152,0.47941762,0.5148013,0.52735287,0.63368404,0.6822458,0.40661108,0.5928456,0.5054979,0.46908796,0.38862136,0.084475726,0.48732117,0.24975315,0.35207,-0.13781326,0.47522905,0.24195458,0.09403417,0.013284594,0.3390649,0.3075626,0.37414262,0.4054762,0.56945795,0.4248585,0.3209345,0.15259682,0.23833904,-0.11924086,0.22531542,0.10167282,0.24712905,0.08024888,0.41525185,0.13308133,0.31618544,0.5376931,0.4784289,-0.08883207,0.21044743,-0.061523218,0.041656982,0.16363247
0.7515923,0.72931224,0.610531,0.723794,0.23705377,0.11357888,0.6310718,0.7224276,0.12898928,0.3206802,0.6110727,0.6388844,0.53900605,0.62467164,0.40868458,0.42127946,0.597683,0.5446888,0.878266,1.0,0.28343484,0.4107492,0.5307999,0.4078905,0.15030953,0.051682577,-0.053009063,0.27927375,0.50989664,0.48891515,0.35869327,0.4550366,0.6714999,0.70718336,0.5028044,0.5285353,0.6822043,0.60978645,0.44973063,0.46429586,0.35347486,0.14802477,0.42084336,0.5195545,0.42356667,0.25444767,0.6261769,0.6378401,0.16203602,0.36042783,0.17745803,0.1740164,0.23138084,0.3405789,0.4897938,0.38511142,0.6805282,0.6496114,0.033155467,0.2166027,0.17660584,0.25922468,0.27307805,0.39681888,0.2399473,0.34741366,0.52150565,0.61276555,0.5536198,0.5692488,0.4557781,0.46012628,0.41678473,0.41283244,0.4845726,0.44960752,0.5950335,0.63288045,0.45057496,0.49428886,0.3797735,0.557596,0.35163143,0.21032645,0.37400424,0.38435015,0.25981018,-0.08912171,0.3671764,0.32743397,0.057785545,0.036982827,0.32105607,0.31267524,0.34785578,0.3200899,0.54648733,0.4298712,0.29908472,0.23449093,0.24116437,-0.020957999,0.267191,0.20667534,0.22501583,0.120475434,0.3826035,0.19449416,0.31469563,0.49411446,0.49031058,-0.16161318,0.20920789,-0.09608945,0.026817914,0.19802572
0.25988758,0.2641033,0.2833901,0.30212104,0.6120052,0.3953065,0.4545084,0.55434906,0.17080654,0.53455406,0.57594365,0.63444346,0.6275542,0.5370056,0.713761,0.7176363,0.68140215,0.5675704,0.36888608,0.28343484,1.0,0.7888363,0.3075494,0.13848186,0.37844464,0.35516763,0.33383992,0.74461937,0.7451343,0.7178988,0.5315825,0.6104529,0.55935884,0.52188367,0.34743547,0.32120812,0.5925819,0.34422308,0.77073836,0.61658126,0.61996484,-0.12354337,0.06461468,0.11668483,0.13739218,0.016340334,0.30309632,0.29431465,-0.058138084,0.18578695,0.13647793,-0.0104485685,0.083139725,-0.017432394,0.58285254,0.38784975,0.38441792,0.18834142,-0.13625164,0.048835978,0.1403663,-0.23511983,0.27564836,0.12553638,0.087915935,0.08289991,0.13723804,0.15717998,0.02207624,0.16460688,0.6987437,0.72564536,0.61961395,0.71961117,0.5921573,0.6643601,0.46984306,0.4250273,0.5445607,0.43038186,0.5692484,0.28854313,0.6055762,0.27184674,0.4433101,-0.025636658,0.466311,-0.01573292,0.53081954,0.22541876,0.17105913,-0.11159782,0.2817868,0.135712,0.7209641,0.6075156,0.585607,0.47260684,0.4643511,0.08239107,0.18970811,-0.12764552,0.04555516,0.16130047,0.39334926,0.35356334,0.5205683,0.25425267,0.3172507,0.56856203,0.18845662,0.062295336,0.0734596,-0.023088615,-0.25960967,0.11567933
0.29474318,0.27724764,0.37767258,0.43069494,0.52398413,0.4556503,0.5678602,0.6221717,0.15564995,0.677882,0.590673,0.61739296,0.6245748,0.56597024,0.8275402,0.8081248,0.7054019,0.59724754,0.44966108,0.4107492,0.7888363,1.0,0.3551589,0.22672193,0.38408113,0.46037626,0.40198395,0.77520597,0.84671783,0.81764424,0.65644914,0.7190712,0.6604398,0.6274348,0.32124248,0.26383632,0.6641321,0.49138778,0.89436525,0.7913178,0.6812475,0.053061374,0.00010600383,0.080009244,0.13319476,-0.022541948,0.35873914,0.45829272,-0.1019192,0.22238702,0.076834746,-0.05136066,0.15595855,0.15134956,0.768628,0.59204555,0.40089646,0.21074402,-0.2509964,-0.016844198,0.030873653,-0.25877073,0.20509829,0.095062345,0.048787177,0.1055287,0.11383821,0.16395117,-0.015284429,0.20201394,0.81947595,0.8469089,0.80131936,0.83447134,0.80296445,0.8114257,0.61776817,0.55317986,0.57249856,0.49400318,0.6255364,0.34075242,0.7911238,0.38940623,0.5860172,0.040957868,0.5354961,-0.054280084,0.62311894,0.40739387,0.33932027,0.20777388,0.52860516,0.33710954,0.78349704,0.68104875,0.6905492,0.57686836,0.64673716,0.25871322,0.4076933,0.1170809,0.35009012,0.36136058,0.58551687,0.5485559,0.719354,0.43163732,0.35969424,0.6198305,0.3261031,-0.12240322,0.18389073,-0.035734877,-0.2528958,0.23404396
0.37202895,0.36031622,0.7662997,0.8066449,0.35509884,-0.18856442,0.7910645,0.70900744,0.06347006,0.10977311,0.36258608,0.64469665,0.38805568,0.53156173,0.22965153,0.42785564,0.5615842,0.53553075,0.52296966,0.5307999,0.3075494,0.3551589,1.0,0.87632024,0.44618243,0.28977492,0.03297276,0.24953304,0.45495284,0.5524956,0.70717645,0.7509006,0.66624534,0.61308515,0.2032598,0.30523297,0.3143901,0.28814664,0.36215717,0.3792022,0.27254492,-0.056808036,-0.0032967974,0.1738567,-0.08640008,-0.05695425,0.27442536,0.5713121,-0.050570488,0.04415398,-0.20232643,-0.046906117,-0.092474066,0.14552754,0.3594702,0.55981183,0.29967582,0.35167825,-0.38399136,-0.27444744,-0.39871067,-0.18566634,-0.12761952,0.37957358,-0.1559574,-0.025670199,-0.07634588,0.041971553,-0.07892682,0.031287003,0.3186829,0.28404596,0.15459855,0.23642409,0.20582578,0.24947254,0.18469286,0.17984276,0.42532638,0.23032874,0.39087096,0.69176346,0.48725557,0.6279154,0.24896418,0.40039408,0.45775682,0.19010018,0.21444702,0.5072349,0.15600096,0.049454767,0.33431888,0.3748455,0.3339767,0.16806144,0.44763714,0.54200613,0.37096265,0.49065828,0.394157,-0.002124191,0.2970553,0.47302085,0.48418343,0.3122681,0.48976204,0.39283243,-0.0049751652,0.4849751,0.5206351,-0.10911053,0.149524,0.020614788,0.19709407,0.48229805
0.21743265,0.25581697,0.64115685,0.7675459,0.3656135,-0.40562505,0.7308698,0.5867389,0.20255217,-0.090707205,0.1483004,0.46176943,0.13360812,0.40871033,0.09026729,0.3205298,0.32042974,0.35555252,0.3293529,0.4078905,0.13848186,0.22672193,0.87632024,1.0,0.40833142,0.16331156,-0.008398758,0.08498793,0.29501656,0.4069698,0.6683998,0.63102037,0.45132744,0.422685,0.05738157,0.17176914,0.12608767,0.10045645,0.21420735,0.2245981,0.11522942,-0.08273566,-0.13350901,0.031277608,-0.19106154,-0.14711702,0.07275722,0.45203128,-0.11985763,-0.090213515,-0.40321416,-0.10523684,-0.1864837,0.058132168,0.18793376,0.5260003,0.07722157,0.28065842,-0.41373578,-0.34256005,-0.5893932,-0.12897386,-0.3764021,0.3993039,-0.3212707,-0.04895147,-0.19653323,-0.10195797,-0.20406385,-0.14500122,0.08422406,0.07800004,-0.02857469,0.05555747,0.058138154,0.02805724,-0.029771714,-0.020353945,0.355532,0.085081995,0.1547902,0.6624636,0.362903,0.69183725,0.020187564,0.45987108,0.3169202,0.2831391,0.03327896,0.5496501,0.064875096,0.13197264,0.31203806,0.32659256,0.25971392,0.079632975,0.27669996,0.4323513,0.23232633,0.5049227,0.3490414,0.09130064,0.2627882,0.56472266,0.4373098,0.30461332,0.42668423,0.46985492,-0.075493515,0.4001451,0.4471236,-0.121000685,0.105331525,0.02642707,0.23122427,0.49995115
-0.031293493,0.019946236,0.29203624,0.29333448,0.2846375,0.09564412,0.32852468,0.2915543,0.050621267,0.24248059,0.13512525,0.3294654,0.22144192,0.22199734,0.28988507,0.36436993,0.3164805,0.33102074,0.18608144,0.15030953,0.37844464,0.38408113,0.44618243,0.40833142,1.0,0.5359332,0.17751755,0.424296,0.33420983,0.4440496,0.53408295,0.46079573,0.2973945,0.23940304,0.075340375,0.14921016,0.24271673,0.19455661,0.40318063,0.29241472,0.3711285,-0.05520417,-0.11742241,0.007694198,-0.096409515,-0.2876383,0.08550287,0.24592556,-0.19943202,-0.03556627,-0.27423593,-0.22007956,0.13561323,0.1446924,0.37572137,0.3104457,0.045991242,-0.048353113,-0.44164842,-0.35029534,-0.33664554,-0.37700084,-0.094481945,-0.04214165,-0.12476747,-0.15837432,-0.21965413,-0.16635385,-0.23480345,-0.16113828,0.30285445,0.28694132,0.22726719,0.29508492,0.2040481,0.30332562,0.05476984,0.03243303,0.09744457,0.09573535,0.34599525,0.31814498,0.48338106,0.4235418,0.31383464,0.06860809,0.52005523,0.29189166,0.4124663,0.25280282,0.34653845,0.08231728,0.2834796,0.19263758,0.34570456,0.17480823,0.3586264,0.3975659,0.38435832,0.22568399,0.3411081,-0.20568535,0.2770946,0.29042873,0.3869234,0.45975226,0.48700455,0.39384118,0.14842902,0.24009387,0.18236609,-0.076190785,0.27006012,-0.050634235,-0.085134014,0.29860836
-0.068154775,-0.19796214,0.3253569,0.08899744,0.1128017,0.480901,0.25086683,0.12796316,-0.27598095,0.46338958,0.17553507,0.21010324,0.31949332,0.018858861,0.3544177,0.26144516,0.3716725,0.22681652,0.16487733,0.051682577,0.35516763,0.46037626,0.28977492,0.16331156,0.5359332,1.0,0.50087637,0.61045814,0.3775581,0.36473316,0.51703537,0.5138489,0.37194157,0.24420352,0.06364488,0.08396686,0.2786984,0.2657177,0.4888664,0.46277818,0.6060359,0.10134013,-0.099943906,-0.0721071,-0.12496558,-0.23910534,0.162211,0.18761855,-0.07890872,-0.07006804,0.07582331,-0.19222501,0.020213217,0.028322097,0.5285408,0.31751212,0.071000874,-0.28652996,-0.34809,-0.30461103,-0.11868929,-0.57252496,0.12963066,-0.40618697,-0.054060802,-0.18732275,-0.22292727,-0.17791419,-0.27743253,-0.08081839,0.5568285,0.43020135,0.39257395,0.3888823,0.32879183,0.46379492,0.24046947,0.20058215,0.0395912,0.1193931,0.55937815,0.0048842398,0.61341983,0.20160593,0.60673726,-0.1576456,0.73630154,0.11884671,0.5932778,0.06926546,0.5376532,0.13829978,0.3650363,0.27956915,0.38490972,0.3854675,0.395089,0.38091236,0.49805456,0.19016737,0.5513233,-0.07253322,0.39828327,0.27146125,0.4880476,0.52779675,0.52112937,0.33975524,0.08831921,0.2425947,0.1612593,-0.00025680798,0.15178081,-0.03488221,-0.0805,0.23194008
-0.06423841,-0.2772434,0.14679682,-0.025997449,0.16963153,0.4356192,0.21255186,0.023977965,-0.027184341,0.34927982,0.11076422,0.04816481,0.22414753,-0.07130329,0.41428098,0.17684138,0.26445925,0.17572105,0.0016201746,-0.053009063,0.33383992,0.40198395,0.03297276,-0.008398758,0.17751755,0.50087637,1.0,0.46729732,0.22662993,0.2253087,0.35288134,0.33357614,0.24502327,0.10729954,-0.03635124,-0.109530695,0.08646966,0.040520698,0.41630286,0.36904505,0.54435,0.2673329,-0.23711543,-0.3945887,-0.33525878,-0.3212388,-0.13398586,-0.045798298,-0.037913658,-0.078115135,-0.08024399,-0.3788784,-0.11863907,-0.14098166,0.36236933,0.17394572,0.0060740737,-0.37973565,-0.28229937,-0.32484436,0.04882245,-0.57033163,0.081332855,-0.45458364,-0.14065623,-0.42269027,-0.23391269,-0.25102764,-0.31943336,-0.102454916,0.38920963,0.3395084,0.39001265,0.34398258,0.3972703,0.37827528,0.18769589,0.1073949,0.16878825,0.23230453,0.3805173,-0.20318362,0.3708806,-0.03090893,0.32519504,-0.44543716,0.2679072,-0.15730251,0.4323832,-0.14382637,0.2468307,-0.078043,0.14798592,0.00035266628,0.41219363,0.53949094,0.14296049,0.20104244,0.24554674,-0.17979637,0.19803534,0.06279182,0.019710852,-0.083808504,0.09970214,0.32757384,0.27308866,0.12572579,-0.016736394,0.051872704,-0.09596495,0.108286045,-0.13073625,0.09021261,-0.21462189,-0.19303887
0.23613827,0.15708378,0.32750982,0.2437562,0.40198418,0.58179784,0.38758117,0.45135003,-0.04494237,0.67251605,0.5322655,0.5168679,0.6052924,0.3858218,0.6634905,0.57464105,0.6052206,0.5317254,0.4274621,0.27927375,0.74461937,0.77520597,0.24953304,0.08498793,0.424296,0.61045814,0.46729732,1.0,0.6197909,0.65327805,0.5083795,0.6186076,0.51017946,0.44141126,0.2822611,0.23415701,0.54982924,0.3842872,0.75073814,0.652866,0.6795092,0.040163472,-0.008321167,-0.00046247858,0.07610969,-0.08826037,0.27394906,0.2717772,-0.07652092,0.11771763,0.13729592,-0.093269594,0.2088744,-0.0001088059,0.6486362,0.34241846,0.3810301,0.030323211,-0.26942858,-0.1268682,0.1371749,-0.40514404,0.3351511,-0.16339976,0.09972814,-0.036324307,0.06988767,0.07300368,-0.033435937,0.10382233,0.7612002,0.71321344,0.6548759,0.687163,0.6227878,0.7031231,0.44689786,0.4354049,0.3167992,0.44589302,0.6172815,0.120730504,0.6483727,0.12591739,0.5951252,-0.22141783,0.56293315,-0.08944008,0.675517,0.101319246,0.28394157,-0.0059471214,0.39679638,0.16916272,0.6571167,0.65587056,0.50920093,0.40584615,0.48171183,-0.010106358,0.34816268,-0.16523801,0.16688675,0.10893234,0.425941,0.40843034,0.5696632,0.35684866,0.30309886,0.44585854,0.1248164,-0.043596596,0.15669341,-0.073910676,-0.31962264,0.047361095
0.3951899,0.40972716,0.47825277,0.5406891,0.48194358,0.37952006,0.632352,0.7095214,0.042259563,0.6669027,0.730114,0.73870325,0.75093687,0.7108299,0.81589204,0.8597185,0.82176083,0.6763154,0.53637284,0.50989664,0.7451343,0.84671783,0.45495284,0.29501656,0.33420983,0.3775581,0.22662993,0.6197909,1.0,0.8664349,0.63782513,0.7410171,0.7158084,0.69558054,0.43127367,0.4241917,0.7471658,0.61939925,0.8259864,0.76146734,0.63123786,0.07105655,0.17882404,0.2811962,0.26826698,0.09816597,0.54530305,0.54084474,0.092111014,0.28039315,0.21584147,0.1527273,0.14343134,0.31565765,0.73222226,0.6079365,0.5071786,0.33464327,-0.1335428,0.11085812,0.024378782,-0.13584785,0.28734517,0.20506048,0.10153696,0.18482508,0.22783527,0.29166818,0.10627394,0.2726256,0.81104517,0.8612401,0.8030643,0.8460107,0.7571627,0.79780495,0.6950661,0.6195296,0.7270998,0.51277757,0.7081286,0.47548938,0.81422085,0.4183633,0.5894768,0.21329522,0.54530257,-0.016329808,0.5597344,0.4722198,0.34604654,0.21671884,0.463177,0.38414863,0.6525748,0.54096574,0.7552953,0.6110304,0.68420094,0.40232435,0.4056903,0.16012135,0.42930347,0.3797169,0.57409745,0.48912007,0.66964453,0.30385125,0.29933277,0.65113306,0.4498386,-0.10761662,0.19742465,-0.041247174,-0.09492756,0.3362607
0.37993482,0.45213675,0.49493662,0.62617517,0.44286585,0.2923536,0.6456453,0.77838254,0.02994805,0.62887776,0.6755856,0.8165738,0.7216362,0.74300444,0.7309146,0.85581875,0.7922337,0.80781,0.54483527,0.48891515,0.7178988,0.81764424,0.5524956,0.4069698,0.4440496,0.36473316,0.2253087,0.65327805,0.8664349,1.0,0.6997649,0.8157159,0.7031002,0.6852076,0.34819147,0.38187864,0.6669562,0.62519556,0.7977697,0.76500547,0.5835292,-0.04109328,0.112163946,0.21026573,0.15240964,0.032802623,0.44468972,0.5527383,0.023930224,0.25752497,0.080189176,0.012861834,0.22460929,0.3260544,0.7020453,0.5922119,0.48068365,0.34939504,-0.24553774,-0.063084505,-0.07817275,-0.23824292,0.19554938,0.18197656,0.016067242,0.104278006,0.121260904,0.18491335,0.022276066,0.159557,0.7633452,0.84096724,0.72464234,0.84677345,0.69310075,0.78108937,0.581908,0.5543321,0.642633,0.63536334,0.6568824,0.5390695,0.7507664,0.48161474,0.5227093,0.15940066,0.52879566,0.022990115,0.5787014,0.44646788,0.33144504,0.18854551,0.47275966,0.3693465,0.6457099,0.51190037,0.70491934,0.6302541,0.6644942,0.3400571,0.4067303,0.043582194,0.4231474,0.35025865,0.59824336,0.4979667,0.6588788,0.35041618,0.29269716,0.59040016,0.37280133,-0.15770273,0.22529228,0.033440474,-0.12515868,0.31271905
0.19743983,0.15222874,0.62588733,0.6492252,0.49696812,0.049183592,0.7521524,0.6375465,0.0925975,0.3911521,0.396044,0.5559265,0.45232648,0.49132118,0.5155706,0.6295235,0.5620584,0.5138204,0.35949144,0.35869327,0.5315825,0.65644914,0.70717645,0.6683998,0.53408295,0.51703537,0.35288134,0.5083795,0.63782513,0.6997649,1.0,0.85785913,0.61562026,0.53344715,0.109392256,0.13542424,0.39921048,0.265982,0.6404103,0.5834186,0.5575816,-0.053658444,-0.17332797,-0.07071933,-0.17175652,-0.20629291,0.1704828,0.38836136,-0.11401187,-0.049267333,-0.24697784,-0.17314963,-0.060584955,0.031619333,0.54762155,0.5619541,0.22636662,0.14040506,-0.42513472,-0.25001374,-0.326901,-0.3760858,-0.08034265,0.105409846,-0.21560976,-0.13828924,-0.18305668,-0.10224568,-0.24847656,-0.06463793,0.56913334,0.5652259,0.47588804,0.54112476,0.46558946,0.5043494,0.33295706,0.2856569,0.49020323,0.29112166,0.49601716,0.42304018,0.71431893,0.5825963,0.402845,0.096213505,0.5427445,0.086629875,0.46473017,0.40038303,0.25281298,0.15625189,0.47702676,0.36845338,0.62334865,0.4901842,0.5497744,0.5752368,0.5148381,0.35499957,0.4269589,0.07695839,0.34580106,0.51416796,0.55846006,0.5223978,0.64807796,0.4365884,0.15202995,0.55629176,0.32005677,-0.11211891,0.09588917,-0.028937256,-0.11437411,0.34193358
