1.0,0.7627916,0.46079263,0.5264126,0.40258914,0.072390825,0.6746963,0.61327314,0.46864924,0.3057809,0.848036,0.80934006,0.5983373,0.6294985,0.6149003,0.4933808,0.5687642,0.6832474,0.8104727,0.47320226,0.3200959,0.5214888,0.4785196,0.43453738,-0.04411607,0.12122013,0.2433477,0.21272767,0.6481781,0.63363254,0.48815957,0.4664436,0.7344275,0.5427146,0.5546502,0.39435536,0.17793839,0.21336916,0.7344661,0.45665666,0.60205436,0.68529826,0.637208,0.47820368,0.34678045,0.27379465,0.5632717,0.49993587,0.05969453,0.060248114,0.11670227,0.16869144,-0.13360187,0.16013426,0.6479463,0.52765054,0.784036,0.56292814,0.17959142,0.2119949,0.4887684,0.18094005,0.69114435,0.45959258,-0.012013757,0.23869771,0.58707005,0.66725826,0.62125605,0.48466393,0.60139805,0.60876,0.59681106,0.60520464,0.36958167,0.37462345,0.63013947,0.52130306,0.38747606,0.49446827,0.6976035,0.6313683,0.630567,0.56000394,0.72124684,0.5570064,0.09762937,-0.10676307,0.5931443,0.51400554,0.13576657,0.26516658,0.28328463,0.10194297,0.47640607,0.3809259,0.49214092,0.3858625,0.4316889,0.3849027,0.46159884,0.027582588,0.32195294,0.33698663,0.4956606,0.5005707,0.41657194,0.25400504,0.1205497,0.4752722,0.5069659,0.38049573,0.056099094,-0.06979927,0.3293199,0.29985374
0.7627916,1.0,0.24608783,0.37874347,0.3723375,-0.068397,0.5155937,0.47003424,0.26750505,0.123603515,0.65003335,0.76680636,0.39016634,0.613955,0.5352077,0.3779153,0.6083849,0.6504213,0.5930202,0.28704026,0.21903172,0.5408236,0.23829031,0.4379256,-0.181056,0.033139467,0.08731796,0.10681421,0.70920575,0.50546914,0.2795286,0.38896784,0.53638095,0.4679119,0.5310594,0.39412132,0.185059,0.0468166,0.7350429,0.31628147,0.58069617,0.56785446,0.49730143,0.5693223,0.4355772,0.3517299,0.4863878,0.461316,-0.10830232,0.15256228,-0.05138707,0.28950837,-0.23617086,0.15483123,0.53839695,0.42299384,0.65806717,0.8439154,0.21768777,-0.064598836,0.5264324,0.29356518,0.67521024,0.76120293,-0.16681583,0.29794523,0.50964594,0.7209028,0.6873974,0.6936843,0.40702963,0.55395305,0.5166684,0.41881412,0.020056712,0.30650663,0.48229235,0.47748497,0.47535634,0.47422758,0.608949,0.777661,0.6165523,0.43190187,0.4828603,0.691076,-0.12810871,-0.19261274,0.4332219,0.567437,0.016861124,0.3537032,0.1952774,0.18320015,0.37790287,0.33206883,0.41675168,0.39479032,0.39469185,0.3919918,0.3177149,-0.033018563,0.22164693,0.31774166,0.483207,0.46455857,0.5162736,0.25123176,0.082931146,0.36952305,0.47952947,0.34554315,0.13061456,-0.23492801,0.26802638,0.25092658
0.46079263,0.24608783,1.0,0.86937416,0.6513175,0.37027386,0.86510485,0.8331984,0.7749416,0.5753604,0.60854185,0.56103784,0.8536771,0.7408483,0.7172759,0.72560966,0.43392777,0.51519483,0.69750834,0.7095037,0.3287782,0.60900366,0.835716,0.77143395,0.18478437,0.45929426,0.3603074,0.2781897,0.5913034,0.58721936,0.7560082,0.825203,0.6499726,0.6349626,0.3722198,0.38607123,0.07596382,0.29813185,0.52145785,0.51231325,0.68423176,0.50425607,0.36483175,0.25977355,-0.04236686,-0.030071156,0.33623457,0.33998644,0.100709826,0.012982526,-0.04722565,-0.18725508,-0.06937044,0.30385813,0.56527734,0.508114,0.37213898,0.059225805,-0.0054814694,0.31058353,0.09985872,0.10375638,0.2253956,0.16905417,0.10407326,0.14607961,0.25940883,0.31694943,0.1857046,0.020161875,0.7872899,0.7287868,0.5984283,0.61833286,0.53403586,0.42848018,0.6671371,0.49700272,0.30660197,0.31036866,0.50388813,0.37725434,0.53941786,0.53898394,0.66740835,0.4487926,0.44056368,0.2872153,0.69674885,0.4678486,0.07451916,0.03827715,0.041939784,0.12959756,0.4546403,0.30373815,0.40180513,0.16134514,0.18288177,0.19134182,0.26262817,-0.009266538,0.23314214,0.18438926,0.28239527,0.35503528,0.20673503,0.1588392,0.13259141,0.54569757,0.40338477,0.1581143,0.015475175,0.13840671,0.24743068,0.22356124
0.5264126,0.37874347,0.86937416,1.0,0.6236688,0.20400138,0.8876756,0.9026997,0.66325897,0.43890536,0.5981133,0.6177734,0.79305553,0.744254,0.65731454,0.62563246,0.383087,0.50372654,0.75575674,0.71189225,0.22824855,0.5871302,0.80491245,0.790417,0.03854831,0.35026598,0.21448563,0.17198727,0.57787013,0.52487993,0.67720705,0.73741305,0.63809514,0.57882667,0.34795034,0.28976166,0.13680717,0.3296925,0.53244734,0.40749657,0.6975482,0.5209517,0.3795521,0.29623717,0.07904172,0.00744283,0.3582126,0.33002296,0.17891991,0.025177855,0.07987613,-0.10912771,-0.06895757,0.3418917,0.56724316,0.51913655,0.5209655,0.22026639,0.111283824,0.37810525,0.23477691,0.1804327,0.30847582,0.28402862,0.1591474,0.28191248,0.26450402,0.36344525,0.30967492,0.20102374,0.7128751,0.69459087,0.5258647,0.52877367,0.4199563,0.3862904,0.6462092,0.466045,0.23562554,0.24398175,0.47086334,0.42577696,0.47647098,0.47374925,0.65159714,0.5236443,0.29149225,0.12225811,0.6482585,0.49793267,-0.096992254,0.005399795,-0.0041969237,0.06794744,0.38860652,0.20335867,0.3381382,0.073994204,0.12475213,0.11240224,0.28705528,-0.14234038,0.14964883,0.13083364,0.20935063,0.26778546,0.10941478,0.04703437,0.05605121,0.60933214,0.42549407,0.14612713,0.013949,-0.082483806,0.11765782,0.0799724
0.40258914,0.3723375,0.6513175,0.6236688,1.0,0.5972952,0.69533145,0.74868554,0.8227985,0.73913676,0.55078506,0.64049727,0.71778363,0.7662053,0.7891183,0.7862628,0.67055404,0.6431196,0.5967339,0.7537873,0.46240497,0.79768723,0.7625688,0.8490441,0.53250355,0.7572966,0.59296525,0.49399814,0.7150669,0.63643694,0.72816014,0.794415,0.68162745,0.7854024,0.51982147,0.60368186,-0.099579364,-0.11034771,0.628999,0.4536625,0.6668425,0.50566703,0.30115846,0.21224074,-0.079253,-0.040545516,0.34382188,0.26303765,-0.16294967,0.10875002,-0.31804472,-0.114401825,-0.23382054,0.22124407,0.5972879,0.56456095,0.18375532,0.19644044,-0.35269827,0.046285287,-0.09130967,0.051687732,0.18827073,0.29902157,-0.081859015,-0.038701523,0.25540546,0.3427822,0.060034394,-0.06037306,0.74537045,0.7390502,0.6498866,0.595742,0.36987752,0.54785514,0.7436896,0.42791712,0.48272836,0.49828768,0.6034339,0.5775503,0.72629505,0.7133317,0.6348521,0.72293437,0.5401209,0.46753946,0.75793153,0.70669156,0.10700407,0.292467,0.015076278,0.4013133,0.49516925,0.4397515,0.47645554,0.2888267,0.23997822,0.30121943,0.2902256,0.16270901,0.45830542,0.44782063,0.468509,0.53433293,0.39379254,0.3190635,0.18622214,0.60926837,0.5345062,0.11062121,-0.07675438,0.06624932,0.3197502,0.26438773
0.072390825,-0.068397,0.37027386,0.20400138,0.5972952,1.0,0.2731284,0.34862304,0.7060948,0.857446,0.28473842,0.30851558,0.49011457,0.3951895,0.5681511,0.6600786,0.49092016,0.5077549,0.14803432,0.4227694,0.63697517,0.42338762,0.53381747,0.43787035,0.8300866,0.82346034,0.74784416,0.63322026,0.40217587,0.5995868,0.6476045,0.56523603,0.46927428,0.6097785,0.3635304,0.5316876,-0.3439661,-0.22981304,0.26939997,0.5383459,0.19163993,0.27588445,0.14376637,-0.06545781,-0.08066269,-0.079561315,0.1824598,0.073981024,-0.26758167,0.1318461,-0.3699054,-0.19659914,-0.05559049,0.069943696,0.2761946,0.38061032,-0.11696075,-0.21973585,-0.49695903,-0.13930511,-0.36114743,-0.27683696,-0.005839185,-0.12981111,-0.12913287,-0.33061227,0.06651581,0.06492688,-0.24688603,-0.44351855,0.60993147,0.4457051,0.4930038,0.6129437,0.42529377,0.5472494,0.50228953,0.22824188,0.41029713,0.48230088,0.4203781,0.2526678,0.46839514,0.6354551,0.4335841,0.31459415,0.5935556,0.65218395,0.51960397,0.43761316,0.394497,0.2681727,0.1321679,0.37475514,0.33328944,0.39913142,0.31561336,0.28965798,0.15080899,0.25794202,0.18205148,0.35266405,0.4518113,0.38460904,0.33199248,0.46114972,0.2960331,0.36326396,0.20266415,0.26867303,0.26933178,-0.08207787,-0.0825666,0.41570047,0.37303263,0.34728083
0.6746963,0.5155937,0.86510485,0.8876756,0.69533145,0.2731284,1.0,0.907651,0.7435237,0.51106954,0.7461562,0.7360335,0.87443644,0.8192075,0.7599882,0.7057302,0.5139518,0.6340828,0.8505391,0.7343792,0.35505828,0.7049814,0.8336604,0.80732644,0.10530254,0.41708338,0.32096052,0.24609609,0.7051354,0.63756984,0.7004162,0.78744346,0.7306852,0.6803497,0.45583862,0.41716498,0.077611804,0.21768528,0.6575727,0.48613298,0.7516822,0.6212774,0.4750973,0.38007218,0.10375607,0.097678855,0.43443418,0.38693306,0.101576865,0.0616704,-0.017754605,-0.039340816,-0.09821795,0.35245815,0.66468894,0.5845458,0.55711126,0.31868804,0.07620023,0.3313864,0.24983868,0.18451141,0.38952264,0.36707026,0.083776616,0.24579062,0.35133398,0.4755769,0.37948853,0.25120294,0.7901746,0.7706031,0.6280102,0.62690943,0.43829983,0.42710006,0.7446128,0.5041736,0.35922387,0.3873188,0.6208582,0.5693524,0.6376815,0.58327115,0.76647305,0.64071923,0.3216709,0.1681786,0.7697049,0.6039707,-0.004991795,0.12080369,0.077015676,0.18077046,0.4847648,0.30635738,0.43660095,0.1918185,0.23906574,0.23358917,0.35745224,-0.05055651,0.27633578,0.27095982,0.36828578,0.4065402,0.27570263,0.16087623,0.08574505,0.64309496,0.50201577,0.1974636,-0.016037308,-0.08402986,0.22721656,0.18724883
0.61327314,0.47003424,0.8331984,0.9026997,0.74868554,0.34862304,0.907651,1.0,0.76042014,0.57276946,0.6945696,0.7281979,0.829337,0.8168947,0.753729,0.70131403,0.5249067,0.63139385,0.82346493,0.8182291,0.32921454,0.6853092,0.84597766,0.8420274,0.20259796,0.50035137,0.34185815,0.26182857,0.681512,0.63072145,0.72248775,0.7846451,0.74316627,0.70279324,0.47508287,0.43376264,0.03651081,0.17570579,0.63191396,0.4597,0.7195141,0.5650695,0.42232153,0.29654032,0.0483473,0.0026748804,0.40718338,0.34018174,0.059163984,0.045326278,-0.03525151,-0.10357701,-0.133003,0.38987845,0.6423429,0.6088759,0.5073105,0.25847045,-0.023679972,0.3273656,0.14838293,0.124317296,0.3337914,0.30711243,0.059155036,0.19411524,0.32808998,0.4191251,0.28798994,0.15447707,0.7890776,0.777878,0.6162402,0.6217177,0.4437533,0.47121736,0.7651072,0.50029624,0.34575957,0.3698054,0.6033826,0.54392517,0.6354753,0.620139,0.763807,0.6774976,0.3857318,0.25842777,0.77659035,0.63128054,-0.022993391,0.12228143,0.06642421,0.18386039,0.4679367,0.29722902,0.42012823,0.1447803,0.19747218,0.20322622,0.37277767,-0.041098565,0.32691562,0.2884125,0.35659096,0.41568512,0.23256177,0.122121245,0.06602457,0.7119944,0.54907924,0.17207158,0.0037001933,-0.061741497,0.21147242,0.14165679
0.46864924,0.26750505,0.7749416,0.66325897,0.8227985,0.7060948,0.7435237,0.76042014,1.0,0.8762127,0.65511703,0.6359021,0.8499913,0.7648109,0.8498286,0.83662736,0.6169602,0.6731524,0.5983493,0.70875424,0.5597141,0.71271974,0.8366787,0.7746501,0.5657957,0.7653747,0.6349953,0.48746517,0.6704126,0.739045,0.8504019,0.83992994,0.73582345,0.7911079,0.4882049,0.5619095,-0.16574399,-0.029631391,0.5930632,0.62859464,0.5962345,0.52298653,0.3279476,0.18819618,-0.072987586,-0.028884027,0.33061433,0.2841257,-0.09468845,0.0370539,-0.25666595,-0.20684738,-0.19727997,0.22818287,0.6108577,0.56976527,0.27018538,0.00948374,-0.26957235,0.13137753,-0.06825462,-0.06353498,0.19576041,0.12534553,-0.028697671,-0.1320971,0.24882372,0.30656755,0.04957662,-0.1457045,0.87796235,0.74815464,0.69912523,0.73014414,0.54930896,0.565332,0.7638903,0.46698478,0.48199907,0.50776,0.637781,0.45901328,0.699902,0.7356525,0.7205018,0.551793,0.62133193,0.4896222,0.7956774,0.60424966,0.23597571,0.2091754,0.0512449,0.2730096,0.5599725,0.45255482,0.48397785,0.30098674,0.26142484,0.3191255,0.36721113,0.17470127,0.43490842,0.36927745,0.43513632,0.5482196,0.3495367,0.30992052,0.22680114,0.5774928,0.4773525,0.099894315,-0.090844214,0.25984117,0.3954835,0.35769767
0.3057809,0.123603515,0.5753604,0.43890536,0.73913676,0.857446,0.51106954,0.57276946,0.8762127,1.0,0.49071485,0.5405172,0.6738569,0.611411,0.766856,0.8121591,0.5972395,0.66531813,0.37295014,0.5752555,0.65200746,0.5932046,0.6985604,0.6134265,0.7360415,0.8202949,0.74973804,0.5974907,0.5717209,0.7454568,0.7802162,0.7185724,0.6590807,0.7489549,0.4977907,0.61359745,-0.28852722,-0.14772412,0.48475453,0.6377408,0.42344782,0.43610954,0.29185566,0.14752798,-0.06052165,0.0012845842,0.31017545,0.2304517,-0.16144148,0.0990297,-0.2924903,-0.21634917,-0.122258894,0.11724805,0.50660366,0.5525627,0.10613435,-0.08844207,-0.3715443,0.008987827,-0.19951054,-0.15076707,0.120825544,0.027810143,-0.06571119,-0.25265393,0.23467481,0.2608934,-0.06889557,-0.2761747,0.7836206,0.6289561,0.63984835,0.73580265,0.5056392,0.6173573,0.70066917,0.39564806,0.5025123,0.5752653,0.60012,0.41832402,0.633833,0.7692985,0.63863856,0.48929024,0.65955347,0.5978705,0.7226613,0.6002687,0.36634997,0.3188373,0.13039051,0.32955578,0.5055408,0.49610958,0.459905,0.35348544,0.271328,0.34914187,0.35836637,0.28793627,0.5089453,0.43308443,0.44922653,0.56229556,0.40072972,0.4097803,0.24931027,0.48732468,0.43933368,0.023036154,-0.07596797,0.31971177,0.42088348,0.39941093
0.848036,0.65003335,0.60854185,0.5981133,0.55078506,0.28473842,0.7461562,0.6945696,0.65511703,0.49071485,1.0,0.8428887,0.7327329,0.73304975,0.7446219,0.6353343,0.6766043,0.73109,0.7899819,0.60116786,0.40298226,0.6285001,0.6030489,0.5766184,0.15131338,0.3373855,0.42630124,0.3339609,0.7352228,0.70900965,0.6353974,0.64621645,0.78762054,0.6920732,0.58537626,0.49799845,0.14066543,0.22027394,0.7430199,0.5920425,0.6911713,0.66902506,0.59205765,0.40219113,0.19872203,0.098462515,0.47980526,0.48181555,0.018870179,-0.019089129,-0.14393157,0.09667431,-0.1952819,0.23125245,0.6882627,0.57045144,0.6042496,0.3948167,-0.026076363,0.19282153,0.28113106,0.08101352,0.5265554,0.38960326,-0.06269267,0.20151861,0.5336626,0.5447566,0.45197722,0.26063022,0.75810796,0.7461617,0.75666726,0.7066799,0.47434884,0.50518054,0.7094038,0.596837,0.4987578,0.5217066,0.74860877,0.62881505,0.7626581,0.6695484,0.7085709,0.6033345,0.29830733,0.15866852,0.6984926,0.59611917,0.16633573,0.25697738,0.1723643,0.123980686,0.47706914,0.4101267,0.49827006,0.39559972,0.38378924,0.3785314,0.4631277,0.07528487,0.3990677,0.37773186,0.49250478,0.5379461,0.3982185,0.3485742,0.1425932,0.5109666,0.542093,0.3345759,0.04657837,0.010981228,0.30934256,0.325943
0.80934006,0.76680636,0.56103784,0.6177734,0.64049727,0.30851558,0.7360335,0.7281979,0.6359021,0.5405172,0.8428887,1.0,0.71318454,0.81920815,0.81527334,0.7119036,0.7716237,0.8424319,0.7421326,0.60291576,0.48133394,0.72023433,0.6014294,0.6705972,0.15613101,0.38772872,0.4339681,0.37021473,0.84349847,0.7971859,0.6600804,0.6684132,0.82077694,0.77845436,0.66471034,0.6051794,0.052797,0.08352266,0.81474245,0.63020813,0.74404943,0.7153198,0.6266597,0.5466183,0.31513336,0.18131772,0.56011295,0.5476076,-0.04242621,0.07070186,-0.13744697,0.120137915,-0.16454226,0.14100032,0.74828124,0.6934651,0.6515469,0.54193556,-0.01543754,0.06432576,0.3468016,0.15175828,0.6187388,0.55147976,-0.10104633,0.24067858,0.546923,0.65111345,0.5239512,0.3966984,0.7552249,0.78724015,0.7831611,0.74295884,0.38202134,0.5610715,0.75292724,0.6216298,0.56845033,0.6485548,0.8111122,0.7890009,0.7956945,0.73614,0.72522855,0.73869425,0.26667234,0.13468944,0.7197479,0.73899513,0.17734706,0.36143553,0.20335805,0.22686073,0.5235162,0.50661856,0.54925156,0.47385642,0.43686315,0.4484105,0.50345755,0.08578592,0.43474707,0.46076348,0.56312126,0.62450534,0.5348299,0.4124895,0.17028551,0.5756656,0.610196,0.3092746,0.044112932,-0.060361747,0.3451538,0.34398806
0.5983373,0.39016634,0.8536771,0.79305553,0.71778363,0.49011457,0.87443644,0.829337,0.8499913,0.6738569,0.7327329,0.71318454,1.0,0.8520138,0.84935063,0.79460317,0.58499223,0.679979,0.71630585,0.6887328,0.5176677,0.74351114,0.83333594,0.788019,0.257672,0.5313049,0.46423572,0.35024452,0.73081094,0.7412165,0.818778,0.85795766,0.7599206,0.7581021,0.4412909,0.5037171,-0.08232653,0.11910769,0.5934647,0.61677,0.69064575,0.5960862,0.41425857,0.33123484,0.025346037,0.034065545,0.3541855,0.3737472,0.059697192,0.026261963,-0.114119634,-0.08273319,-0.1367876,0.299049,0.6230337,0.5828086,0.47822574,0.15688501,-0.009592729,0.23656403,0.13494246,0.09111785,0.36038926,0.23519158,0.056292932,0.13944185,0.28087533,0.41482794,0.24465065,0.06892895,0.8836398,0.7591914,0.7112307,0.718892,0.51340187,0.52658457,0.7334288,0.5106144,0.43357223,0.5097361,0.6685762,0.53328747,0.66175574,0.6246535,0.72197086,0.53191626,0.4849164,0.2899535,0.75177324,0.5527348,0.09151968,0.1166527,0.04062603,0.16393983,0.4980353,0.38530034,0.45081764,0.28000227,0.25303516,0.2800189,0.381021,-0.0010476725,0.29302946,0.24734063,0.38329858,0.46624553,0.2930044,0.26950416,0.19070885,0.52805316,0.43546852,0.13751693,-0.1008329,0.08995328,0.33236495,0.30595982
0.6294985,0.613955,0.7408483,0.744254,0.7662053,0.3951895,0.8192075,0.8168947,0.7648109,0.611411,0.73304975,0.81920815,0.8520138,1.0,0.87806773,0.80624413,0.72907686,0.77730334,0.68544835,0.6757605,0.4514043,0.83219373,0.6995071,0.8341072,0.20878617,0.4790422,0.43746623,0.31482077,0.85936123,0.75688577,0.7528681,0.8440995,0.76977354,0.81088674,0.5662368,0.61882544,-0.012400366,0.06249149,0.7288574,0.5951456,0.75654745,0.6494863,0.43254313,0.48688537,0.08031492,0.07893966,0.41771385,0.48734844,-0.07377099,0.14236093,-0.23218223,0.01600006,-0.25950804,0.25051275,0.68626845,0.6300521,0.5118155,0.41557163,-0.055837747,0.14449576,0.19338714,0.16305277,0.45666012,0.5201052,-0.053495377,0.1964678,0.37323993,0.58434325,0.38144043,0.2711572,0.82587624,0.81090987,0.75300807,0.6907773,0.3809564,0.553157,0.73202604,0.6091489,0.5794759,0.60012436,0.7243656,0.72779304,0.7633318,0.6686297,0.66606355,0.6903656,0.33179805,0.21433912,0.7368266,0.67534566,0.108018406,0.29187346,0.034583334,0.2049686,0.49217734,0.42397398,0.491321,0.37262455,0.33669907,0.39379132,0.4356172,0.019701533,0.34422478,0.35995775,0.47483748,0.5479116,0.4490247,0.34731674,0.16193245,0.5365992,0.5140993,0.20723964,-0.004290851,0.014001264,0.34639493,0.31262168
0.6149003,0.5352077,0.7172759,0.65731454,0.7891183,0.5681511,0.7599882,0.753729,0.8498286,0.766856,0.7446219,0.81527334,0.84935063,0.87806773,1.0,0.8898187,0.7690037,0.8151906,0.6273731,0.6527147,0.6048335,0.8237881,0.73926353,0.76882315,0.35548308,0.59053016,0.6112388,0.48985225,0.8419843,0.8500759,0.8396658,0.8405168,0.8250488,0.8606298,0.61615247,0.68318796,-0.09998403,0.030842692,0.74003565,0.7222053,0.7408008,0.6770542,0.47328803,0.4532392,0.08338856,0.0901111,0.42300835,0.46326947,-0.055053547,0.06603134,-0.20474268,-0.08225782,-0.19260737,0.21304943,0.70303583,0.6753363,0.43698877,0.29915643,-0.11660348,0.09576402,0.1196292,0.05691507,0.4208692,0.40285003,-0.046644248,0.106313564,0.4050498,0.5587315,0.30281064,0.13144374,0.88664925,0.82399684,0.83196527,0.79856306,0.49940726,0.6358183,0.7832497,0.6252668,0.60769355,0.68573564,0.79138726,0.7120714,0.82461894,0.78966737,0.70102,0.67324644,0.50927913,0.36344454,0.7959883,0.7049079,0.23225287,0.33672842,0.06470945,0.29521188,0.5635318,0.55421466,0.56719726,0.48417532,0.42748895,0.47589242,0.46291998,0.12240183,0.42026868,0.39680654,0.5659423,0.63670886,0.5211281,0.45202807,0.2809288,0.5315224,0.53947884,0.24401048,-0.0063612084,0.11120184,0.4551951,0.4539547
0.4933808,0.3779153,0.72560966,0.62563246,0.7862628,0.6600786,0.7057302,0.70131403,0.83662736,0.8121591,0.6353343,0.7119036,0.79460317,0.80624413,0.8898187,1.0,0.70257074,0.73158413,0.56174487,0.6153582,0.6031154,0.74611956,0.73855406,0.730872,0.47125095,0.6501816,0.6923659,0.5807387,0.7660761,0.8404084,0.84221125,0.822895,0.7724344,0.83707184,0.5643621,0.6538787,-0.06591134,0.10626156,0.6706561,0.73435116,0.6829071,0.6210255,0.41545027,0.36099544,0.052372947,0.053829435,0.43348408,0.41401097,-0.09713281,0.0971864,-0.21375781,-0.110018864,-0.10373281,0.13330771,0.6592952,0.66260946,0.3406859,0.17807454,-0.16465656,0.062116273,0.058953863,0.04169462,0.37180808,0.30899233,-0.012753627,0.03617716,0.32882485,0.4731037,0.19949166,0.03612283,0.8383056,0.79614305,0.77157867,0.8084275,0.54424137,0.67784196,0.7472255,0.5987672,0.5175197,0.60788816,0.6874244,0.610255,0.75169677,0.8295556,0.71055096,0.6290961,0.5225752,0.43393552,0.7780409,0.6713324,0.28545702,0.30828303,0.10104757,0.3096375,0.537474,0.5484089,0.5606253,0.47461456,0.37415057,0.42219332,0.3808842,0.18077685,0.4038846,0.39699358,0.49508926,0.58638924,0.47869503,0.47883362,0.27565002,0.5199755,0.49978375,0.17790432,0.0043122447,0.23231165,0.4296432,0.41833264
0.5687642,0.6083849,0.43392777,0.383087,0.67055404,0.49092016,0.5139518,0.5249067,0.6169602,0.5972395,0.6766043,0.7716237,0.58499223,0.72907686,0.7690037,0.70257074,1.0,0.83261436,0.48799622,0.57470703,0.4796447,0.68808347,0.44766247,0.6022706,0.43064606,0.5443539,0.5870538,0.51107144,0.87062365,0.7674134,0.58157253,0.6347421,0.74946636,0.84202677,0.7850638,0.8221638,0.06489767,0.029864842,0.8032213,0.66073817,0.63195235,0.6300343,0.56822824,0.4640916,0.16439433,0.11371721,0.5690271,0.58176035,-0.31556937,0.17536259,-0.3272692,0.055231158,-0.24432413,0.11064626,0.7196197,0.6545515,0.30638376,0.39951536,-0.330417,-0.114427,0.028587282,0.06496342,0.445516,0.5081498,-0.3185836,-0.001055763,0.58126754,0.64705426,0.25889206,0.106795646,0.6938612,0.7623882,0.81902504,0.7108909,0.38013828,0.6702461,0.7210027,0.69570774,0.80986,0.75480735,0.8178412,0.77665097,0.842482,0.7837263,0.5467796,0.7288379,0.38731232,0.3942424,0.68117344,0.79897887,0.42809165,0.61166865,0.26291245,0.48495856,0.59501004,0.69012064,0.6814942,0.68096817,0.59097904,0.66090834,0.5106669,0.33998987,0.5748442,0.5929412,0.7273282,0.7611615,0.73073083,0.6304046,0.39796564,0.48502982,0.65958965,0.44697624,0.12086809,0.19232035,0.57447445,0.5922668
0.6832474,0.6504213,0.51519483,0.50372654,0.6431196,0.5077549,0.6340828,0.63139385,0.6731524,0.66531813,0.73109,0.8424319,0.679979,0.77730334,0.8151906,0.73158413,0.83261436,1.0,0.57337254,0.5590016,0.6169513,0.689623,0.57504195,0.5935637,0.3586021,0.4954622,0.54021156,0.46507588,0.8117964,0.87097496,0.6567117,0.6542631,0.79857135,0.8155132,0.7152351,0.7475197,-0.057497956,0.022210935,0.77515,0.67403644,0.6108156,0.6716623,0.6045736,0.51391536,0.2635599,0.2607684,0.541651,0.53533906,-0.11021224,0.20361997,-0.18249895,0.06494075,-0.118441805,0.19079165,0.70145863,0.6693547,0.5051805,0.44992676,-0.12991244,-0.04439289,0.19672577,0.064194255,0.5461547,0.49858773,-0.13594934,0.04870519,0.5512947,0.6804145,0.33898744,0.21762517,0.77354485,0.7228976,0.76541585,0.79057646,0.38407558,0.61903983,0.76255333,0.615046,0.7570739,0.82192653,0.8420374,0.7998957,0.8002029,0.77595145,0.7241801,0.7010037,0.35204664,0.27598175,0.7494386,0.7764756,0.35542804,0.50867546,0.27098578,0.38710392,0.52121097,0.56402564,0.5869593,0.52953726,0.47545987,0.5355035,0.52981365,0.23215938,0.5315912,0.5513737,0.6334005,0.6854235,0.6224108,0.50007236,0.2344669,0.50212973,0.5758398,0.259536,0.039318252,0.03252125,0.45172986,0.46273246
0.8104727,0.5930202,0.69750834,0.75575674,0.5967339,0.14803432,0.8505391,0.82346493,0.5983493,0.37295014,0.7899819,0.7421326,0.71630585,0.68544835,0.6273731,0.56174487,0.48799622,0.57337254,1.0,0.7527177,0.21855924,0.5971172,0.6927412,0.6624536,0.06880186,0.31683975,0.28827897,0.24755551,0.6209734,0.54906124,0.5694098,0.61801094,0.72964215,0.57501477,0.4642057,0.32617143,0.22770953,0.2588463,0.64689523,0.35739553,0.698752,0.587297,0.53153545,0.3289509,0.18682927,0.10050542,0.4688255,0.35292786,0.11446158,0.051693495,0.08572017,0.016252153,-0.10954599,0.35209814,0.62100655,0.5117025,0.61673355,0.3934005,0.06926645,0.35722712,0.29818228,0.17604038,0.46136427,0.33137935,0.011202034,0.20411621,0.4610717,0.47349033,0.46075255,0.29020917,0.6713035,0.7148883,0.56343156,0.5548125,0.45708337,0.35723388,0.6880014,0.44818774,0.2723486,0.3182239,0.5991236,0.51418865,0.6111867,0.56741345,0.75791883,0.61290425,0.25232425,0.093567,0.6924132,0.53790927,-0.034564465,0.11726936,0.17526399,0.16985404,0.4196147,0.2550259,0.40623814,0.16458493,0.25469097,0.19659564,0.3490294,-0.018601902,0.33008513,0.3225102,0.3895466,0.40493563,0.23332068,0.07867893,0.034641206,0.6161385,0.49970776,0.29495832,0.032514688,-0.105916336,0.18581401,0.12969023
0.47320226,0.28704026,0.7095037,0.71189225,0.7537873,0.4227694,0.7343792,0.8182291,0.70875424,0.5752555,0.60116786,0.60291576,0.6887328,0.6757605,0.6527147,0.6153582,0.57470703,0.5590016,0.7527177,1.0,0.26453647,0.58812416,0.7305552,0.7389296,0.43359292,0.609674,0.45385477,0.35458276,0.5952086,0.5424633,0.6319541,0.6565683,0.7130147,0.71325743,0.55151325,0.5570129,0.062461786,0.11209559,0.56717706,0.40176302,0.6292219,0.47151616,0.40623605,0.17050648,-0.13635011,-0.13290094,0.3951347,0.3210882,-0.04937121,0.09619797,-0.10749164,-0.19564214,-0.14444213,0.3561021,0.6284244,0.5846984,0.2228507,0.05760453,-0.33019286,0.32919225,-0.16039428,0.0589009,0.12140485,0.13680612,-0.11356466,-0.021868829,0.36384022,0.31239018,0.058648176,-0.14896256,0.6946522,0.73937756,0.5900597,0.5496937,0.5002624,0.49485707,0.77131224,0.50699186,0.39330447,0.3713299,0.56572205,0.42663726,0.6363075,0.6475221,0.6572648,0.608649,0.54136163,0.5056323,0.76746047,0.62627286,0.14581656,0.26621267,0.17643893,0.34988272,0.4812672,0.38569474,0.4763025,0.19933292,0.2899255,0.2885658,0.41936412,0.17537288,0.51252896,0.43838617,0.46106744,0.51755995,0.26502904,0.17000529,0.19291177,0.6823705,0.56926614,0.27592242,0.019575858,0.061816335,0.28774995,0.21974705
0.3200959,0.21903172,0.3287782,0.22824855,0.46240497,0.63697517,0.35505828,0.32921454,0.5597141,0.65200746,0.40298226,0.48133394,0.5176677,0.4514043,0.6048335,0.6031154,0.4796447,0.6169513,0.21855924,0.26453647,1.0,0.527699,0.4828337,0.3110969,0.39821246,0.4247684,0.6439989,0.5695245,0.49060544,0.6912263,0.6206074,0.49309626,0.5478756,0.5292377,0.4710407,0.5210737,-0.33920345,-0.12395351,0.424176,0.6392936,0.35658193,0.41057095,0.361546,0.29447606,0.1528878,0.14638503,0.3256521,0.28003088,-0.020125886,0.11383175,-0.17124476,0.023492264,0.059113685,0.08909747,0.4163524,0.52943426,0.21944734,0.067577645,-0.12949017,-0.06739769,0.044588216,0.012821423,0.28800946,0.08501264,-0.049151786,-0.05968841,0.30579898,0.36364013,0.12587692,-0.0453503,0.6104929,0.3862511,0.56393325,0.68558884,0.42061204,0.5359186,0.5459593,0.31412706,0.4540586,0.62407124,0.6008239,0.47808048,0.49665073,0.55257314,0.49622896,0.33552992,0.49974054,0.3016488,0.5507708,0.4524822,0.3606054,0.24198101,0.21860522,0.25453004,0.35191616,0.5151547,0.42158696,0.44849974,0.34174645,0.39925462,0.37684393,0.19653426,0.43640786,0.39569122,0.463248,0.5791646,0.46180883,0.48342916,0.24387215,0.3001392,0.353116,0.067630075,-0.112906836,0.1478481,0.4295978,0.39218116
0.5214888,0.5408236,0.60900366,0.5871302,0.79768723,0.42338762,0.7049814,0.6853092,0.71271974,0.5932046,0.6285001,0.72023433,0.74351114,0.83219373,0.8237881,0.74611956,0.68808347,0.689623,0.5971172,0.58812416,0.527699,1.0,0.63749933,0.7534786,0.24569306,0.49701947,0.50709754,0.43442857,0.7906753,0.6744185,0.7123394,0.77300996,0.7204163,0.7253457,0.55605096,0.59832513,-0.07311726,-0.024248194,0.66102386,0.53389525,0.6770984,0.5416546,0.38943446,0.45058247,0.0538328,0.07342112,0.377075,0.4113998,-0.04901481,0.032024037,-0.28780216,-0.02257353,-0.26737687,0.2658022,0.639918,0.60525423,0.34025502,0.3498825,-0.124390535,0.038583957,0.1309692,0.14646578,0.3291045,0.43780538,-0.052962046,0.08226088,0.40172276,0.5247037,0.3162184,0.17838305,0.7580477,0.72350043,0.7030603,0.62169534,0.37199152,0.49084324,0.67782074,0.4889053,0.5561252,0.57417625,0.7004556,0.69397104,0.7504771,0.6601208,0.5600912,0.6842256,0.42463532,0.25523177,0.7090008,0.6926324,0.108375944,0.30500787,-0.041597527,0.32368916,0.4658238,0.49296427,0.50599813,0.42321673,0.35115042,0.41143125,0.37710506,0.09798925,0.40924495,0.44975907,0.52334917,0.55131155,0.47658157,0.35303003,0.22817864,0.5364987,0.5248889,0.22346207,-0.0913309,-0.047587655,0.32569665,0.31919733
0.4785196,0.23829031,0.835716,0.80491245,0.7625688,0.53381747,0.8336604,0.84597766,0.8366787,0.6985604,0.6030489,0.6014294,0.83333594,0.6995071,0.73926353,0.73855406,0.44766247,0.57504195,0.6927412,0.7305552,0.4828337,0.63749933,1.0,0.79543114,0.3802544,0.62354845,0.48915792,0.40619153,0.5695305,0.6462568,0.8084057,0.7922887,0.68798214,0.6867874,0.35324323,0.39034593,-0.14216799,0.069514394,0.5143848,0.51678103,0.6136844,0.50173813,0.33978093,0.14917015,0.029084342,-0.023422558,0.35174364,0.22910978,0.10069963,0.01150945,-0.033513665,-0.15691021,-0.022382021,0.25582552,0.5495667,0.54507196,0.3587216,0.031891476,-0.10469786,0.250774,0.056542892,0.046447825,0.22309789,0.10617094,0.081898585,0.05341103,0.16759895,0.24036464,0.09798698,-0.041625787,0.8174094,0.6826527,0.5862741,0.6639162,0.5254166,0.49996984,0.73471755,0.3633655,0.2861998,0.40010673,0.547526,0.4347013,0.5559555,0.6310651,0.7535086,0.5286484,0.47473606,0.3195989,0.75276047,0.5243047,0.052451,0.03809275,0.03500974,0.17978577,0.4529965,0.29984707,0.3775325,0.1452302,0.12261286,0.13964269,0.2722625,0.042756274,0.28687945,0.23385796,0.27891415,0.3624446,0.21550986,0.19708559,0.07351016,0.607386,0.42089367,0.012704221,-0.11687971,0.063990965,0.21759741,0.17881082
0.43453738,0.4379256,0.77143395,0.790417,0.8490441,0.43787035,0.80732644,0.8420274,0.7746501,0.6134265,0.5766184,0.6705972,0.788019,0.8341072,0.76882315,0.730872,0.6022706,0.5935637,0.6624536,0.7389296,0.3110969,0.7534786,0.79543114,1.0,0.32585517,0.64844173,0.38837278,0.28776965,0.7487362,0.57487726,0.69566536,0.8488915,0.63613546,0.7515012,0.39781243,0.4572856,-0.03044846,-0.015547648,0.59466237,0.40361694,0.6888175,0.5163459,0.25098115,0.2027902,-0.0033249026,-0.029977102,0.28845695,0.23581322,-0.10628156,0.093305014,-0.21654367,-0.085957885,-0.22598836,0.26978353,0.5274653,0.4713278,0.32018626,0.2850351,-0.1723613,0.10805395,0.06127083,0.13143301,0.25558677,0.39464942,-0.05055733,0.13946079,0.16267008,0.33978683,0.17999597,0.11572229,0.7493519,0.77425194,0.6064457,0.56353325,0.30678245,0.48578024,0.6656333,0.42759177,0.40941915,0.3649424,0.52392155,0.5559726,0.6393921,0.5768634,0.595604,0.6926543,0.33373156,0.29022095,0.6615829,0.6183085,-0.04824591,0.12993012,-0.044459265,0.226713,0.44018358,0.29009208,0.3587413,0.15306792,0.116976805,0.16723374,0.18397209,-0.035618212,0.24570075,0.24769853,0.32412127,0.3996567,0.31962788,0.20131369,0.071177594,0.5874077,0.4456587,0.072446376,-0.039561473,0.04532702,0.22919314,0.18463273
-0.04411607,-0.181056,0.18478437,0.03854831,0.53250355,0.8300866,0.10530254,0.20259796,0.5657957,0.7360415,0.15131338,0.15613101,0.257672,0.20878617,0.35548308,0.47125095,0.43064606,0.3586021,0.06880186,0.43359292,0.39821246,0.24569306,0.3802544,0.32585517,1.0,0.85374856,0.6743944,0.52449113,0.2507822,0.39793345,0.40141448,0.33914116,0.32537562,0.5196644,0.33548015,0.48890188,-0.262406,-0.26994598,0.19289389,0.35163236,0.028491039,0.12495238,0.08390165,-0.19493048,-0.19474389,-0.17895883,0.16824275,0.020613445,-0.34641448,0.12934332,-0.36699072,-0.18228953,-0.08156438,0.044576135,0.22101058,0.28724834,-0.3153603,-0.3170373,-0.70660865,-0.14485496,-0.5332243,-0.31146038,-0.1718929,-0.21717463,-0.22301842,-0.5049235,0.036707226,-0.066267386,-0.4463229,-0.603051,0.4018464,0.3443558,0.33044997,0.422308,0.3278042,0.44392535,0.40438586,0.13451679,0.37485525,0.34461272,0.28430292,0.11040756,0.38730964,0.5673259,0.31059036,0.2645551,0.54628664,0.7318515,0.42933133,0.41886336,0.47020176,0.35770682,0.20778947,0.4382938,0.31159657,0.3458942,0.27619854,0.22370999,0.1542962,0.25459105,0.16432567,0.5152931,0.5355116,0.45777753,0.33399093,0.41337067,0.2848452,0.33902308,0.21999545,0.281253,0.25866202,-0.010763634,-0.07038698,0.47202107,0.33182955,0.3061089
0.12122013,0.033139467,0.45929426,0.35026598,0.7572966,0.82346034,0.41708338,0.50035137,0.7653747,0.8202949,0.3373855,0.38772872,0.5313049,0.4790422,0.59053016,0.6501816,0.5443539,0.4954622,0.31683975,0.609674,0.4247684,0.49701947,0.62354845,0.64844173,0.85374856,1.0,0.6568375,0.50938284,0.4760405,0.5129234,0.5902925,0.60895604,0.4918929,0.68733895,0.371762,0.5186699,-0.21497981,-0.22093922,0.36266032,0.42519325,0.3020971,0.27342948,0.14094454,-0.09830468,-0.12328561,-0.17042919,0.19075303,0.061181854,-0.2975549,0.10273472,-0.3850256,-0.232652,-0.14532048,0.13019149,0.36216345,0.38973063,-0.11910063,-0.13796218,-0.5847938,-0.096941896,-0.37670422,-0.2116149,-0.05171536,-0.031997994,-0.14781685,-0.3454716,0.043722615,0.039181396,-0.3015541,-0.43240649,0.6100758,0.5732983,0.49461257,0.54590315,0.37939927,0.52128094,0.5508473,0.2325685,0.42469823,0.37239072,0.40547836,0.27950725,0.54051334,0.6510144,0.4764106,0.48586738,0.56371963,0.6768482,0.58532465,0.56957006,0.29904374,0.26949465,0.10608682,0.42864132,0.3800685,0.33664703,0.30213904,0.18105474,0.09921234,0.21488716,0.1557414,0.35821363,0.48588496,0.43515855,0.33710644,0.43919685,0.30393988,0.2983952,0.16560625,0.4448502,0.345103,-0.03535187,-0.091546856,0.36877224,0.2895514,0.2633628
0.2433477,0.08731796,0.3603074,0.21448563,0.59296525,0.74784416,0.32096052,0.34185815,0.6349953,0.74973804,0.42630124,0.4339681,0.46423572,0.43746623,0.6112388,0.6923659,0.5870538,0.54021156,0.28827897,0.45385477,0.6439989,0.50709754,0.48915792,0.38837278,0.6743944,0.6568375,1.0,0.81280094,0.47021237,0.63811594,0.6643478,0.54656976,0.6031012,0.6054493,0.5183455,0.57190967,-0.10227143,-0.08552394,0.45212832,0.6171946,0.38918036,0.3534537,0.31757993,0.20618302,0.0011913341,0.024880325,0.3425138,0.2896036,-0.18578622,0.10263948,-0.27565467,-0.10037935,-0.0978813,0.063010514,0.47781354,0.51041317,-0.02558159,-0.06633701,-0.45583722,0.022664322,-0.2277906,-0.121123105,0.09270063,-0.007794187,-0.118359305,-0.2663165,0.34199822,0.24548091,-0.015865708,-0.28267598,0.6244539,0.5444106,0.59525794,0.64716107,0.59632313,0.54577434,0.5712735,0.37419772,0.47197422,0.5571235,0.55415696,0.3740675,0.56808007,0.7101195,0.4763936,0.38741735,0.6015861,0.5425009,0.6011926,0.5156553,0.4390023,0.3773618,0.18708158,0.3646411,0.3972177,0.5279865,0.48192203,0.48661214,0.377997,0.43521827,0.35540372,0.38454953,0.5381227,0.504514,0.47917128,0.55451125,0.464226,0.53451884,0.3075112,0.34087512,0.39687392,0.16942617,-0.002343199,0.35514057,0.40863237,0.4107323
0.21272767,0.10681421,0.2781897,0.17198727,0.49399814,0.63322026,0.24609609,0.26182857,0.48746517,0.5974907,0.3339609,0.37021473,0.35024452,0.31482077,0.48985225,0.5807387,0.51107144,0.46507588,0.24755551,0.35458276,0.5695245,0.43442857,0.40619153,0.28776965,0.52449113,0.50938284,0.81280094,1.0,0.3718678,0.53800374,0.58338606,0.44577533,0.50958765,0.4708048,0.4393075,0.46639544,-0.04788723,-0.015929729,0.3919332,0.52416915,0.34386703,0.3106239,0.31830633,0.18544592,0.18495914,0.16323277,0.40667003,0.26313978,-0.17554785,0.1065225,-0.15009923,-0.12503591,-0.05165647,0.022986328,0.41827264,0.4178196,0.023138842,0.0075322287,-0.3426851,0.0015290617,-0.08522529,0.015557855,0.15851547,0.044987246,-0.08641412,-0.13575695,0.3145662,0.2384005,0.069999516,-0.17701058,0.4884416,0.42027587,0.49099535,0.552801,0.5271103,0.5031898,0.50030285,0.29147798,0.3619599,0.46221817,0.4554319,0.33826026,0.42967436,0.6132338,0.41487348,0.34613952,0.44447508,0.35294127,0.4840097,0.42806065,0.3961694,0.35498172,0.22189312,0.37826958,0.3365304,0.49882254,0.45603,0.46413094,0.3256556,0.3740477,0.2807344,0.32434338,0.40784717,0.44004008,0.39661935,0.43867773,0.4218579,0.4256298,0.26823598,0.2788995,0.36969855,0.15787536,0.03139092,0.27926815,0.3463455,0.3318188
0.6481781,0.70920575,0.5913034,0.57787013,0.7150669,0.40217587,0.7051354,0.681512,0.6704126,0.5717209,0.7352228,0.84349847,0.73081094,0.85936123,0.8419843,0.7660761,0.87062365,0.8117964,0.6209734,0.5952086,0.49060544,0.7906753,0.5695305,0.7487362,0.2507822,0.4760405,0.47021237,0.3718678,1.0,0.789073,0.64900666,0.74571574,0.7718564,0.84708273,0.71326727,0.7300677,0.054086998,0.05143183,0.82266635,0.64943814,0.75050765,0.67183244,0.51152056,0.5321904,0.18839471,0.16850032,0.54535717,0.5459916,-0.1993375,0.18447809,-0.26585326,0.07712271,-0.24051347,0.1897861,0.7340887,0.6625155,0.47107068,0.5157268,-0.11268604,-0.039390102,0.21419801,0.17235388,0.532031,0.6327311,-0.22465535,0.1845372,0.5188048,0.7028621,0.4226433,0.31315684,0.76047796,0.82373846,0.82804674,0.73619765,0.32392544,0.6096985,0.7601081,0.7074351,0.7077756,0.681452,0.8153218,0.8473383,0.8478762,0.73655254,0.6351724,0.8030796,0.3185608,0.26100773,0.7265888,0.7921149,0.2243722,0.4680632,0.16975394,0.3740276,0.5908843,0.59612375,0.62602675,0.58208025,0.50235415,0.54519784,0.4527148,0.14011364,0.43594995,0.46399817,0.64340985,0.69267786,0.6646189,0.5370249,0.2991725,0.54610455,0.6366974,0.35783187,0.067298315,0.032486144,0.48404047,0.48364466
0.63363254,0.50546914,0.58721936,0.52487993,0.63643694,0.5995868,0.63756984,0.63072145,0.739045,0.7454568,0.70900965,0.7971859,0.7412165,0.75688577,0.8500759,0.8404084,0.7674134,0.87097496,0.54906124,0.5424633,0.6912263,0.6744185,0.6462568,0.57487726,0.39793345,0.5129234,0.63811594,0.53800374,0.789073,1.0,0.7667505,0.7032041,0.825053,0.8238286,0.66601986,0.704605,-0.110570736,0.080576554,0.72069544,0.8056006,0.60240835,0.63922167,0.5555621,0.47507155,0.19783099,0.1390752,0.53211373,0.51559466,-0.039388802,0.14145623,-0.12736404,0.023563998,-0.08612775,0.14369665,0.7080347,0.72212297,0.47391188,0.26605472,-0.130606,0.028665723,0.15335688,0.0007039709,0.50445724,0.36720812,-0.0594489,0.06298221,0.48710346,0.6065271,0.30438414,0.12594843,0.8300957,0.73557556,0.8070801,0.8938426,0.51580846,0.69316846,0.78642774,0.65575045,0.6285723,0.78533864,0.8194056,0.73172367,0.78580153,0.84510213,0.7616143,0.6198343,0.49898106,0.35711968,0.78929126,0.69852376,0.3765028,0.40679088,0.23647407,0.32532972,0.6036501,0.63588876,0.6525831,0.6103755,0.51827157,0.5417499,0.54871356,0.23255925,0.47204313,0.4405107,0.614621,0.6927106,0.5811879,0.5621589,0.35844737,0.5157603,0.5719473,0.26376078,-0.012570384,0.17742166,0.53083897,0.5486233
0.48815957,0.2795286,0.7560082,0.67720705,0.72816014,0.6476045,0.7004162,0.72248775,0.8504019,0.7802162,0.6353974,0.6600804,0.818778,0.7528681,0.8396658,0.84221125,0.58157253,0.6567117,0.5694098,0.6319541,0.6206074,0.7123394,0.8084057,0.69566536,0.40141448,0.5902925,0.6643478,0.58338606,0.64900666,0.7667505,1.0,0.84666806,0.76670045,0.74326813,0.47884566,0.5245514,-0.054549508,0.12201663,0.58428603,0.71049505,0.64034224,0.5669964,0.3816099,0.29078045,0.09680088,-0.021046583,0.4286781,0.39161718,0.0013708398,0.049917486,-0.14140353,-0.16812775,-0.12338336,0.11819335,0.6206362,0.63109696,0.3824619,0.06218017,-0.1551004,0.11536686,0.07705224,-0.03446703,0.32692412,0.13460068,0.010321608,0.016812956,0.2839654,0.35200638,0.22113879,-0.011873014,0.8619676,0.73156714,0.72142756,0.77412915,0.64473534,0.58012354,0.7144725,0.5099351,0.39718583,0.5391017,0.63111156,0.476891,0.63365865,0.7255603,0.678856,0.4571704,0.5306395,0.31415606,0.71507317,0.5254774,0.2436418,0.17326245,0.065539315,0.18385725,0.4771454,0.4496639,0.4665294,0.37364393,0.2929935,0.33076847,0.3885178,0.12713914,0.35208946,0.33022723,0.37948626,0.52274567,0.33522496,0.3729898,0.1975241,0.47317538,0.41856614,0.099845625,-0.053874485,0.25187498,0.36031762,0.32449976
0.4664436,0.38896784,0.825203,0.73741305,0.794415,0.56523603,0.78744346,0.7846451,0.83992994,0.7185724,0.64621645,0.6684132,0.85795766,0.8440995,0.8405168,0.822895,0.6347421,0.6542631,0.61801094,0.6565683,0.49309626,0.77300996,0.7922887,0.8488915,0.33914116,0.60895604,0.54656976,0.44577533,0.74571574,0.7032041,0.84666806,1.0,0.6908257,0.75507545,0.43928152,0.50802255,-0.0075891945,0.077924825,0.6115671,0.5805645,0.6993931,0.55029905,0.32559276,0.26291928,0.047168627,-0.013719704,0.3487299,0.32591274,-0.10471858,0.094897136,-0.24301916,-0.07571593,-0.22818124,0.25331676,0.5605907,0.53095937,0.3425747,0.21767539,-0.13809685,0.0994134,0.06830306,0.072388224,0.28146097,0.31575516,-0.036681484,0.10831835,0.24307387,0.38409632,0.2267119,0.06916779,0.8541642,0.80203116,0.6889801,0.6941293,0.48438135,0.5469693,0.69141316,0.48315477,0.44389394,0.48552337,0.60114104,0.55239415,0.66950047,0.6533214,0.63613003,0.5784703,0.44805875,0.320412,0.7006041,0.5714851,0.08720551,0.15330848,0.009496788,0.20938662,0.4506865,0.36847016,0.40960968,0.2734443,0.19690663,0.25511318,0.25802186,0.029307783,0.29192114,0.28405485,0.35233954,0.47255218,0.3546568,0.31218806,0.12127499,0.48320466,0.42048472,0.077919364,-0.0052341204,0.16902137,0.31007084,0.27475524
