1.0,0.7554345,0.50796455,0.6430077,0.1393431,0.33756825,0.66283,0.5417254,0.30940843,0.39608073,0.8228832,0.5386533,0.6637531,0.32493636,0.45120463,0.287893,0.49277496,0.20585121,0.73334086,0.72059184,0.33936998,-0.19778657,0.42994416,0.31182778,0.52711076,0.40169054,0.20796204,0.19093023,0.21782398,0.24443084,0.036721997,-0.012228997,0.62664545,0.5717736,0.30016196,0.25852337,0.08885,0.30476025,-0.40957883,0.29126546,-0.22342789,-0.009072874,0.5728566,0.5531954,0.5281625,0.6039397,0.5087635,0.5306484,0.17606819,0.19524826,0.17122617,0.23813528,0.097122625,0.5880455,0.32586655,0.4026695,0.80263793,0.6373207,0.33230367,0.3439668,0.67228395,0.5765518,0.2010354,0.57394826,0.20170851,0.5246394,0.67839366,0.53371507,0.7578751,0.6964022,-0.4029243,-0.09858231,0.1474458,-0.08460379,-0.3328497,-0.4012186,0.00939686,-0.20824711,0.39432985,0.15197407,0.4285547,0.43411893,0.29558507,0.27662334,0.3262857,0.038196977,0.25225204,0.12862645,-0.16735631,0.023824425,0.34976,0.23346528,0.45442215,0.44494647,0.40056747,0.4450247,0.4368182,0.44060656,0.33241627,0.5405419,0.20830783,-0.34593898,0.052113064,0.2534919,0.030716477,-0.052600764,-0.38886002,-0.3880884,0.05461059,0.12715986,0.31974328,0.49667513,0.51198894,0.10817696,0.53308874,0.52187115
0.7554345,1.0,0.45252874,0.7104417,0.43349004,0.41495734,0.4515221,0.6193184,0.52835476,0.64251864,0.6491234,0.68900925,0.38778487,0.47981814,0.4538666,0.48183885,0.49430755,0.27159527,0.8215089,0.8119095,0.15982194,-0.0689958,0.46641886,0.44567516,0.71399957,0.6085052,0.39280555,0.38095185,0.41243383,0.2840342,0.21853681,0.110779606,0.6601284,0.67604256,0.38863426,0.3726183,0.3107119,0.41157803,-0.4041669,0.42893416,0.028338024,0.0051907673,0.69083303,0.72167665,0.5460982,0.73040605,0.64151305,0.7049872,0.059310276,0.25932685,0.28377336,0.43718264,-0.047993492,0.7754958,0.37629986,0.56326044,0.7301617,0.86526775,0.2536383,0.41187224,0.74435437,0.75660336,0.031644538,0.7666938,0.21943575,0.67344886,0.7966198,0.64728326,0.83549976,0.7549401,-0.41844866,0.0070830504,0.4545662,-0.048071373,-0.17807013,-0.3328633,-0.04301301,-0.16734159,0.41230017,0.0917507,0.1477956,0.5915372,0.4475024,0.3938616,0.117703155,0.3250473,0.41990504,0.38978294,-0.31513727,0.29721275,0.26282617,0.41830474,0.42446238,0.6183327,0.5237529,0.4644327,0.57139504,0.5600861,0.42678177,0.6946739,0.18279588,-0.2963514,0.111377746,0.48008344,0.18767259,0.13074262,-0.33082688,-0.44072706,0.14503776,0.2801294,0.43476918,0.6520314,0.626041,0.13439757,0.6612717,0.6700106
0.50796455,0.45252874,1.0,0.6919948,0.054214574,0.1213773,0.70762867,0.6299762,0.33455467,0.2179043,0.5032548,0.45999724,0.47243384,0.47884122,0.40515783,0.23915629,0.37841764,0.3094866,0.549481,0.6542818,0.24638067,0.09796971,0.719255,0.64150995,0.21198879,0.11415133,0.15842769,-0.05045712,0.27112126,0.3903742,0.19032659,0.18318984,0.5133351,0.5444179,0.46781826,0.6489732,0.4251505,0.44882852,0.09785929,0.37111637,0.13223317,0.21401267,0.5888209,0.55424553,0.23249607,0.5216142,0.5538451,0.51016766,0.10239417,0.18832324,0.4171035,0.302493,0.32155523,0.37433168,0.52610594,0.50490063,0.37881058,0.41200778,0.13600117,0.37443087,0.39187586,0.36239222,0.13788122,0.4209867,0.24979557,0.38377455,0.5103707,0.7203621,0.45838875,0.6398433,0.0046696193,0.19545029,0.2966169,0.19076009,0.060089067,0.10638502,0.16787428,0.29084,0.24918304,0.29090416,0.45332056,0.5878351,0.57510155,0.4264164,0.43069506,0.48210797,0.25014827,0.18794629,0.10169157,0.36954883,0.39783722,0.4946128,0.35644573,0.37067214,0.32858035,0.428257,0.48895124,0.44160998,0.5093916,0.52240986,0.093836,0.25837708,0.37215057,0.4163644,0.50689745,0.3732265,0.08253516,-0.02931923,0.1778792,0.37616912,0.44262433,0.45480448,0.5088381,0.4289379,0.47101772,0.34888664
0.6430077,0.7104417,0.6919948,1.0,0.21350716,0.24504712,0.56696,0.6937178,0.45221683,0.58848244,0.5457966,0.5547159,0.4294909,0.55116934,0.49526805,0.491335,0.40409634,0.3448812,0.78253204,0.7951852,0.3216686,0.023917774,0.73782724,0.70460135,0.483679,0.3501332,0.3133544,0.14779226,0.34830475,0.38957343,0.1769575,0.20097403,0.70721614,0.62164474,0.5038669,0.60909605,0.44537327,0.4767286,-0.15312588,0.43465683,0.11845575,0.27773947,0.5926546,0.6867867,0.36167598,0.7102181,0.5975802,0.6326507,0.080308765,0.27945393,0.40095472,0.35638565,0.13519566,0.6214303,0.46470392,0.53480005,0.5679356,0.6936871,0.17654751,0.4541865,0.601208,0.6198648,0.10286378,0.6288322,0.14647713,0.541925,0.67220974,0.69746727,0.70848763,0.7080604,-0.1947606,0.20583747,0.42151046,0.1478315,0.0005807605,-0.097860515,0.10252909,0.13050982,0.3967752,0.22183686,0.3900354,0.7606346,0.5879521,0.55547535,0.24480335,0.4757029,0.40890053,0.44874868,-0.21431722,0.29039925,0.2599819,0.45107123,0.35776278,0.46603182,0.5027739,0.5260527,0.5196869,0.52514064,0.403968,0.6039728,0.06885692,-0.0029668265,0.25198513,0.48387754,0.39590853,0.22980212,-0.12158934,-0.25941077,0.14876008,0.31579173,0.4664216,0.59938085,0.5396054,0.22153859,0.5425319,0.56478876
0.1393431,0.43349004,0.054214574,0.21350716,1.0,0.7030964,-0.1420217,0.26136947,0.7677261,0.7046847,0.13811342,0.38979715,-0.1139757,0.39586326,0.42340633,0.58096325,0.38801256,0.33397016,0.25890702,0.34620827,-0.21355589,0.11865601,0.13399796,0.22402179,0.7278773,0.83472323,0.5582968,0.827515,0.41977924,0.27744466,0.6119866,0.39634803,0.3065145,0.42428312,0.34281036,0.26846227,0.3801282,0.36141092,0.021499198,0.434013,0.308763,0.027986608,0.4687169,0.5165583,0.16921197,0.29485688,0.4576474,0.5506682,0.14647655,0.07243984,0.116176754,0.51174,0.17295772,0.5531706,0.37212318,0.51085377,0.21661988,0.5687741,0.067505695,-0.024123166,0.26795846,0.33616966,-0.20560685,0.41832128,0.045096945,0.25822896,0.41141626,0.402188,0.38026255,0.37835175,-0.0033868002,0.23126261,0.42755425,0.29703164,0.2334694,0.039796405,0.043199994,0.0069512124,0.14120434,0.17589718,-0.1308593,0.4208662,0.28829524,0.4365863,0.23158698,0.41216198,0.7073511,0.65531707,0.15542388,0.49703237,0.29751256,0.40051043,0.41545767,0.554438,0.403235,0.30677643,0.43526176,0.48323083,0.48024136,0.5000062,0.4247852,0.12451747,0.40459958,0.6290422,0.41159156,0.45544267,0.16088909,-0.04991485,0.27300823,0.35801584,0.355348,0.48141664,0.44150993,0.09910373,0.47909003,0.5242457
0.33756825,0.41495734,0.1213773,0.24504712,0.7030964,1.0,0.05297467,0.23975919,0.65623844,0.6835662,0.38921344,0.44094494,0.14256155,0.33409354,0.626393,0.6324907,0.5052558,0.40002432,0.26286706,0.3000796,0.11729819,0.054226976,0.13926415,0.12663403,0.671286,0.77867025,0.6068831,0.75370365,0.35721728,0.4190723,0.50562507,0.34649786,0.38345757,0.39217192,0.298065,0.27488944,0.27538642,0.41033453,0.026718711,0.37009913,0.15046869,0.009726192,0.4564328,0.46439597,0.225368,0.19426809,0.42988124,0.48568612,0.20292893,0.0040117414,-0.0011915647,0.37529305,0.18969281,0.507706,0.42443523,0.46496964,0.40085834,0.5262454,0.062066995,-0.0034201432,0.3698366,0.28125045,-0.17256469,0.36256716,0.01247218,0.22579886,0.40535876,0.37885994,0.42987135,0.3853358,0.046256684,0.20363452,0.27279922,0.34057593,0.12232146,-0.024756521,0.16179493,0.01218148,0.15328337,0.3090932,0.033823207,0.45672262,0.24192567,0.53876275,0.42068857,0.3203548,0.70941275,0.63208395,0.22041395,0.33190477,0.4353462,0.32944554,0.54984146,0.547751,0.32403937,0.35800582,0.4074715,0.41319177,0.48774105,0.4860853,0.5576488,0.047248553,0.42038938,0.5440941,0.29617575,0.35841995,-0.03354411,-0.036421336,0.19962455,0.27307722,0.25013113,0.4029129,0.48322508,0.13930137,0.43801278,0.52416295
0.66283,0.4515221,0.70762867,0.56696,-0.1420217,0.05297467,1.0,0.6266635,0.12136393,0.08841114,0.69383836,0.40985268,0.8054457,0.37449378,0.34880745,0.045316227,0.47098032,0.2979212,0.55220646,0.5891508,0.30829838,-0.11038463,0.45739788,0.40648592,0.15497865,0.028593794,-0.058161747,-0.16678129,0.19069484,0.2548161,0.01840112,-0.0351132,0.5355657,0.4555646,0.32502922,0.24779575,0.2288076,0.17438298,-0.17733712,0.15491927,-0.11988654,0.08333748,0.49636844,0.40974447,0.45699623,0.43244523,0.42049375,0.34626985,0.16931501,0.20490484,0.3018658,0.14961609,0.18819678,0.33496433,0.39717174,0.31320652,0.53957087,0.4095719,0.15127207,0.2646854,0.43448016,0.3473748,0.3687695,0.44221896,0.2030101,0.37546408,0.5571825,0.5149216,0.48843125,0.5684386,-0.103789665,-0.017721467,0.09135655,0.01137717,-0.19074507,-0.1510425,0.13676593,-0.040676612,0.4149983,0.26944184,0.5633223,0.34481373,0.26671046,0.17377481,0.34595442,0.06843625,0.023985006,-0.069537684,0.07723271,0.055457007,0.3187648,0.21615145,0.2517196,0.20618758,0.22338714,0.3022165,0.2955603,0.27424195,0.308635,0.36133584,0.10108663,-0.1221393,0.061604217,0.11273167,0.15310217,0.027334237,-0.07634159,-0.12381108,0.0116473725,-0.012884725,0.19232303,0.28905153,0.33322144,0.18483892,0.3348192,0.3007172
0.5417254,0.6193184,0.6299762,0.6937178,0.26136947,0.23975919,0.6266635,1.0,0.32507557,0.39909935,0.45442906,0.61174643,0.39992422,0.6756703,0.39662978,0.36375996,0.43647838,0.46365955,0.56402093,0.6825796,0.097189434,-0.02346882,0.36912316,0.68644226,0.36287594,0.34195662,0.1501449,0.064024016,0.45367777,0.37665516,0.20930591,0.17656167,0.6604243,0.6271021,0.44853443,0.4196582,0.40747,0.42156735,-0.10189883,0.4341589,0.17807284,0.25685763,0.6233818,0.5993537,0.4351082,0.6176416,0.5887165,0.5504822,0.122541375,0.25953564,0.25696936,0.4542424,0.17782906,0.5740272,0.49362734,0.5612693,0.3871011,0.68849003,0.10447512,0.1624105,0.46704537,0.5085516,0.16186468,0.78308,0.0111874705,0.55146897,0.65825397,0.67883456,0.5754508,0.6373805,-0.055081744,0.24836983,0.45516002,0.20131174,0.07569515,0.04006718,0.20241211,0.10320872,0.37415636,0.3210658,0.29855552,0.6464168,0.38464585,0.4521296,0.069928125,0.48913732,0.26948106,0.38799185,-0.08091896,0.4123614,0.29172453,0.42735165,0.35377368,0.459591,0.5042414,0.51091456,0.5360343,0.5074878,0.49835786,0.5810084,0.20775136,0.08611348,0.250388,0.38945282,0.43773574,0.30607027,0.16809966,-0.14971675,0.14249907,0.28140986,0.38468927,0.52569413,0.5392552,0.31330997,0.56819224,0.51871663
0.30940843,0.52835476,0.33455467,0.45221683,0.7677261,0.65623844,0.12136393,0.32507557,1.0,0.803176,0.2961657,0.43980005,0.1585901,0.47896793,0.67892534,0.6714054,0.40290946,0.37823653,0.42852795,0.5198085,-0.029952658,0.07783748,0.48970184,0.47385865,0.65830535,0.72298664,0.56429,0.6896173,0.45108896,0.41584978,0.56273293,0.40137514,0.46182728,0.5484103,0.40174985,0.46797836,0.5047681,0.47115907,0.10567966,0.50005347,0.29620588,0.113692336,0.6329189,0.6144752,0.17544502,0.42296296,0.52021366,0.627608,0.16806906,0.1495166,0.2618003,0.46609324,0.13212366,0.579006,0.48693547,0.6090886,0.30995435,0.6072943,0.12341139,0.14044248,0.32642627,0.3757278,-0.24793182,0.43594745,0.13967018,0.3556328,0.48775688,0.52544767,0.5075275,0.5178741,0.09267178,0.34410805,0.49568248,0.41137177,0.33083925,0.08751352,0.14046429,0.16436546,0.2477123,0.22270516,0.11171706,0.5991741,0.61202514,0.5997821,0.44977963,0.5390732,0.8200135,0.7182238,0.17230394,0.5240761,0.41017917,0.5269122,0.4804702,0.62359595,0.4165594,0.43675312,0.5357556,0.5245485,0.60057235,0.61428183,0.44300064,0.1695233,0.5234113,0.7244248,0.51319957,0.49799582,0.08301509,0.05202532,0.31445226,0.43124807,0.40577266,0.54033697,0.5862768,0.21839043,0.49503857,0.52993745
0.39608073,0.64251864,0.2179043,0.58848244,0.7046847,0.6835662,0.08841114,0.39909935,0.803176,1.0,0.35362554,0.5094549,0.12644568,0.51004696,0.6538955,0.7989619,0.4303377,0.41011688,0.546844,0.5747834,0.1780329,0.06421012,0.4215733,0.4287304,0.71878684,0.7944405,0.59847534,0.6885443,0.4705745,0.4552123,0.49380675,0.44847137,0.5568667,0.5262209,0.3612496,0.390766,0.44681475,0.43119326,-0.12656116,0.41682982,0.18286766,0.14146414,0.5418218,0.59879875,0.2185016,0.47403887,0.48181447,0.5831895,0.10900724,0.15010779,0.18025494,0.49649632,0.011093596,0.69118816,0.36702475,0.5498388,0.49142653,0.75633293,0.1251282,0.21873991,0.48545107,0.5264519,-0.14583206,0.57941073,0.030784527,0.49681824,0.50692314,0.47802863,0.64307874,0.5608972,-0.06297456,0.3279753,0.53118396,0.3700285,0.19974132,-0.028332504,0.14596808,0.0817538,0.3368975,0.2495535,0.09120089,0.69203484,0.47771376,0.63602227,0.27399296,0.44741073,0.761854,0.7727603,-0.09650339,0.33408573,0.3056987,0.41578144,0.4243467,0.64558756,0.38713205,0.41240737,0.46876106,0.45716146,0.43567997,0.5931342,0.3823163,-0.03416233,0.3827,0.6796134,0.3833284,0.35337666,-0.086965114,-0.13612413,0.16099879,0.283606,0.29801342,0.5136219,0.5444261,0.04791742,0.4984593,0.59877336
0.8228832,0.6491234,0.5032548,0.5457966,0.13811342,0.38921344,0.69383836,0.45442906,0.2961657,0.35362554,1.0,0.5772582,0.70235735,0.36221948,0.505686,0.30331093,0.6140695,0.32807475,0.6334343,0.6723656,0.3401629,-0.11345588,0.4182337,0.26274782,0.4537214,0.3583107,0.23382875,0.20185252,0.271535,0.34238863,0.16351776,0.042185504,0.5911582,0.5750596,0.3136605,0.27394548,0.14490595,0.3434331,-0.27190626,0.3080263,-0.21743795,0.035780314,0.5442695,0.510018,0.45276022,0.48235086,0.46673304,0.48450756,0.15924074,0.17219794,0.060501624,0.20537038,0.2009779,0.43958923,0.39847594,0.40112898,0.757897,0.5233699,0.2711886,0.26979762,0.5595514,0.38482314,0.26478797,0.43192077,0.18312201,0.3918312,0.5974559,0.5121188,0.646682,0.64149714,-0.28776067,-0.07872552,0.11478695,-0.013843231,-0.2751387,-0.29057184,0.018968465,-0.12816818,0.3947689,0.2556645,0.5048654,0.40553388,0.29416576,0.35069773,0.46682733,0.015292611,0.2794401,0.13583006,0.035328574,0.019608824,0.3863793,0.1881092,0.43511137,0.36402243,0.37259358,0.42645133,0.4456467,0.44109976,0.35816914,0.47939086,0.22892162,-0.31552497,0.12459755,0.23182885,0.055160105,-0.017541826,-0.28246236,-0.21827026,0.18238671,0.15610658,0.3277018,0.43132216,0.44201177,0.13916399,0.47471166,0.51396203
0.5386533,0.68900925,0.45999724,0.5547159,0.38979715,0.44094494,0.40985268,0.61174643,0.43980005,0.5094549,0.5772582,1.0,0.3548904,0.71604437,0.642422,0.6279735,0.7066155,0.6209865,0.5810729,0.6915254,0.22585155,0.085418195,0.36466122,0.44542888,0.43916336,0.48384875,0.32040593,0.30497655,0.62490726,0.6359189,0.36324516,0.3292848,0.7385067,0.80229,0.46645933,0.5122165,0.46451244,0.6241532,0.05869584,0.59646845,0.20338821,0.2583885,0.58582014,0.65383416,0.3514234,0.5867562,0.6524112,0.60990304,0.080090135,0.25728273,0.15035106,0.39214948,0.11818655,0.5273399,0.57952076,0.65580386,0.40979397,0.6820005,0.06805543,0.23455414,0.45313653,0.46701282,0.12842636,0.5901639,0.11330425,0.41378212,0.5838959,0.6593121,0.61442393,0.64126617,-0.054145165,0.20095055,0.56889844,0.20863093,0.13020365,0.06992366,0.17247447,0.12663,0.52108794,0.49238306,0.37771106,0.6811274,0.44570273,0.6210482,0.24719778,0.47208554,0.43839392,0.48115942,0.010480267,0.4152431,0.41092008,0.47347274,0.5510727,0.46741846,0.540246,0.54704887,0.6912411,0.5707862,0.5551129,0.6593287,0.28512946,-0.017425993,0.3551681,0.47944605,0.40068486,0.36564997,-0.01690726,-0.062183905,0.22894175,0.33110994,0.46452725,0.5451728,0.5961426,0.3960674,0.6076041,0.5885859
0.6637531,0.38778487,0.47243384,0.4294909,-0.1139757,0.14256155,0.8054457,0.39992422,0.1585901,0.12644568,0.70235735,0.3548904,1.0,0.26270673,0.46853715,0.120078,0.53050184,0.32960874,0.43533352,0.42292893,0.30875716,-0.2100434,0.36178663,0.24378364,0.19575071,0.086281426,-0.07219054,-0.092814356,0.17916404,0.30400229,0.0030801876,-0.058145408,0.47391704,0.38784692,0.27381617,0.13337688,0.097627535,0.14869364,-0.10073709,0.15179072,-0.15605238,0.14764968,0.42161515,0.30376768,0.39854845,0.3300448,0.3211003,0.24063066,0.1548036,0.14180677,0.17249066,0.097934894,0.1336198,0.23509726,0.37661994,0.22942138,0.49704275,0.3133973,0.2647371,0.20065658,0.42258495,0.24822927,0.3218005,0.21556409,0.21999408,0.16929337,0.47720742,0.31941733,0.38776875,0.44508308,-0.07613677,-0.10058879,-0.009598474,0.055300422,-0.24328537,-0.21842188,0.10454513,-0.09654033,0.4704139,0.27422813,0.6880507,0.2353803,0.21436243,0.20551185,0.47268084,-0.10104155,0.10377234,-0.006892783,0.15074171,-0.06380133,0.33703917,0.056792527,0.28865814,0.044577595,0.21339749,0.24312486,0.24144906,0.19908269,0.24771065,0.2647817,0.18265907,-0.20950821,0.040420637,-0.010857543,0.01759717,-0.104949534,-0.17181504,-0.048504557,-0.0010846155,-0.047741357,0.14168318,0.20548046,0.224125,0.09907561,0.21719733,0.19341934
0.32493636,0.47981814,0.47884122,0.55116934,0.39586326,0.33409354,0.37449378,0.6756703,0.47896793,0.51004696,0.36221948,0.71604437,0.26270673,1.0,0.5973656,0.6274201,0.59756464,0.72181964,0.4256531,0.62260604,0.17818761,0.21312077,0.4151416,0.64537877,0.2608386,0.36878297,0.21402378,0.22532974,0.72083384,0.6642749,0.4382156,0.52669597,0.6333495,0.69625163,0.46605584,0.43595073,0.5874368,0.46225438,0.19991824,0.48128062,0.34458864,0.34078142,0.436987,0.49712583,0.08428162,0.5145771,0.44725254,0.44142616,0.009957191,0.24086474,0.16891412,0.39890653,0.24450353,0.42123362,0.5495027,0.5559168,0.1740999,0.60708284,0.0137217995,0.12389525,0.27945498,0.27358776,0.04493286,0.5068786,0.023688477,0.30157912,0.42070964,0.5348227,0.39338773,0.50626767,0.20578164,0.46786952,0.6481274,0.42876187,0.41364112,0.35819066,0.29515034,0.24408065,0.556702,0.5694883,0.39380604,0.68524396,0.522251,0.63531697,0.14698659,0.49555486,0.41706234,0.54000455,0.050484017,0.4692277,0.2895645,0.42226774,0.32423264,0.35630125,0.38610962,0.43018734,0.54146063,0.41563335,0.51972216,0.48273656,0.26352912,0.14027269,0.3756748,0.48049387,0.5380207,0.44143525,0.312199,0.13539262,0.17072566,0.24218209,0.3482049,0.38153645,0.40972462,0.29802,0.42040655,0.41163138
0.45120463,0.4538666,0.40515783,0.49526805,0.42340633,0.626393,0.34880745,0.39662978,0.67892534,0.6538955,0.505686,0.642422,0.46853715,0.5973656,1.0,0.80297405,0.6433218,0.63735735,0.40412992,0.51590663,0.34385556,0.0037335085,0.4653415,0.43463436,0.4105776,0.4943947,0.41877145,0.439972,0.61020577,0.7271452,0.5055249,0.4767813,0.6582129,0.6902723,0.47529697,0.5165157,0.5627056,0.6180643,0.30955702,0.5615958,0.2507545,0.36118552,0.54285944,0.5281168,0.15443206,0.38071096,0.53777164,0.48773253,0.18056218,0.16666144,0.13465254,0.34869617,0.18096776,0.4077413,0.5810891,0.6096733,0.2861802,0.5162666,0.11435959,0.15787095,0.2694207,0.23748392,-0.018423742,0.31804135,0.09351489,0.20410587,0.43996432,0.50321233,0.45920935,0.4831026,0.27209926,0.44306344,0.47231358,0.56805176,0.37441236,0.2540787,0.37233555,0.31185138,0.5364594,0.5497162,0.5296786,0.66091126,0.57769716,0.80113214,0.55763835,0.42694804,0.6799045,0.6686986,0.23655398,0.3369059,0.5047351,0.43556806,0.63069934,0.4171643,0.40056613,0.55839825,0.60011035,0.45566326,0.596779,0.5959715,0.47766566,0.20088574,0.5717709,0.5365568,0.5025338,0.4561377,0.08065155,0.1980157,0.2937357,0.35314336,0.366068,0.45971513,0.5805661,0.38363105,0.46672827,0.50233614
0.287893,0.48183885,0.23915629,0.491335,0.58096325,0.6324907,0.045316227,0.36375996,0.6714054,0.7989619,0.30331093,0.6279735,0.120078,0.6274201,0.80297405,1.0,0.5689256,0.6202098,0.41775152,0.49884328,0.24754542,0.16852526,0.38077757,0.43371198,0.49286377,0.61150384,0.46743158,0.547055,0.7112061,0.7101354,0.5740423,0.62499493,0.6511525,0.64122796,0.47698742,0.5130643,0.610136,0.6059108,0.19974387,0.55441445,0.36524278,0.3777426,0.44830158,0.5407849,0.101932935,0.4257333,0.50590914,0.49669015,0.0761807,0.12226343,0.09034201,0.4077244,0.0794742,0.5077492,0.48316857,0.6235711,0.23790804,0.609066,0.06455713,0.17087603,0.3183859,0.33907598,-0.09259331,0.39222953,0.025567703,0.28502595,0.38309506,0.46921414,0.47593367,0.48255813,0.2139692,0.5105423,0.66243964,0.54617226,0.4356424,0.2533068,0.31347546,0.30443272,0.4859843,0.48884732,0.27676755,0.72880685,0.5187166,0.816538,0.28646773,0.50945866,0.67958146,0.76488304,0.00013930148,0.3885019,0.34511885,0.47363868,0.53168994,0.49731037,0.39815778,0.5240703,0.5763136,0.4514749,0.5085529,0.5941,0.39702395,0.2332732,0.516239,0.6354459,0.50837106,0.49203488,0.044321004,0.091069475,0.25506154,0.36403018,0.3361602,0.46984506,0.54401946,0.2648162,0.4680128,0.5516122
0.49277496,0.49430755,0.37841764,0.40409634,0.38801256,0.5052558,0.47098032,0.43647838,0.40290946,0.4303377,0.6140695,0.7066155,0.53050184,0.59756464,0.6433218,0.5689256,1.0,0.7306112,0.4397402,0.49917513,0.19289686,0.08026694,0.26220846,0.21742053,0.42340755,0.49147272,0.18931875,0.34470627,0.63992614,0.65017694,0.44767544,0.37955922,0.6780947,0.68472654,0.48114204,0.3424203,0.3982427,0.4635894,0.08972939,0.49192026,0.1527409,0.20906729,0.47911438,0.562545,0.28928384,0.43663844,0.5579751,0.51984066,0.08940065,0.15264305,0.14170937,0.3443148,0.2295075,0.43158966,0.65031564,0.5462202,0.42331707,0.5754394,0.10011429,0.19104166,0.36807123,0.31907606,0.27226004,0.3262693,0.21177308,0.11897982,0.5178733,0.5290751,0.45079708,0.54804176,0.061685484,0.14902966,0.3815495,0.27770662,0.14961243,0.051512968,0.1702313,0.02352602,0.63127226,0.56997275,0.5007241,0.5203408,0.28048372,0.52571976,0.43058252,0.22977896,0.44991687,0.39729673,0.2703064,0.33963293,0.49383116,0.36079052,0.5789016,0.3003603,0.44495037,0.48802403,0.5352179,0.50090456,0.5383188,0.5077423,0.3512193,-0.023011066,0.35106513,0.3841245,0.36549312,0.31775722,0.04009122,0.0660399,0.21365882,0.1937801,0.36375234,0.43999302,0.4466381,0.26451278,0.46672937,0.51927483
0.20585121,0.27159527,0.3094866,0.3448812,0.33397016,0.40002432,0.2979212,0.46365955,0.37823653,0.41011688,0.32807475,0.6209865,0.32960874,0.72181964,0.63735735,0.6202098,0.7306112,1.0,0.18761306,0.3493403,0.19561094,0.18188246,0.24893105,0.41435763,0.19850062,0.35358956,0.08595667,0.18527178,0.7443454,0.8397119,0.52388036,0.5297577,0.6430439,0.62391275,0.49247685,0.41089705,0.533213,0.5432595,0.3866188,0.5891752,0.34390008,0.508588,0.39313227,0.47575384,0.016316159,0.33722356,0.44625807,0.40988466,-0.040065035,0.1540573,0.11153522,0.36356923,0.24995528,0.22554159,0.6393351,0.59435,0.06083639,0.4447554,-0.02065035,-0.017048819,0.12631516,0.085877,0.17076725,0.248171,0.034424864,0.011113143,0.3206727,0.43593347,0.20039439,0.28099832,0.36903813,0.43465647,0.52420866,0.5684316,0.45310402,0.42066127,0.3734489,0.36291778,0.57027733,0.74691284,0.5394868,0.56903726,0.43259627,0.631141,0.36526826,0.37787038,0.44392395,0.5840077,0.33646026,0.4441895,0.4215693,0.32357413,0.42672676,0.14770982,0.43895486,0.5387703,0.55837095,0.47982603,0.5558862,0.41055235,0.35673934,0.22203378,0.43877745,0.40359318,0.5267578,0.47435743,0.3894081,0.4073599,0.3602237,0.29890212,0.37375027,0.3726845,0.35596645,0.29481652,0.378651,0.4480713
0.73334086,0.8215089,0.549481,0.78253204,0.25890702,0.26286706,0.55220646,0.56402093,0.42852795,0.546844,0.6334343,0.5810729,0.43533352,0.4256531,0.40412992,0.41775152,0.4397402,0.18761306,1.0,0.8050604,0.3078239,-0.02481321,0.5807225,0.45239186,0.578847,0.42005023,0.35990253,0.24164924,0.3257391,0.23740166,0.14282922,0.07863328,0.6639482,0.63556856,0.34074956,0.39048916,0.3212855,0.35472122,-0.42708054,0.27822196,0.024872411,0.05861712,0.58009785,0.62880677,0.49059147,0.73432946,0.5480684,0.5914203,0.1530827,0.27684882,0.3149027,0.29980892,-0.033648834,0.6780589,0.30201393,0.40066034,0.74111736,0.75050944,0.17449145,0.48560047,0.7027731,0.74019563,0.18066488,0.6635163,0.21940197,0.6552469,0.72073716,0.61590385,0.83486176,0.75249463,-0.402466,0.0032617594,0.38900265,-0.080517575,-0.19706869,-0.34058866,-0.051531434,-0.10203637,0.4796219,0.074465305,0.2723362,0.58317024,0.37815872,0.322777,0.1425832,0.23911455,0.27244228,0.21660857,-0.3347504,0.09877056,0.11490724,0.3314474,0.30689394,0.5087046,0.4040567,0.37711135,0.43972605,0.42864808,0.23651974,0.5700316,0.0008166448,-0.27071944,0.01838944,0.4171928,0.13626103,0.049931206,-0.37162465,-0.42651278,0.026509687,0.19163877,0.38480955,0.53225726,0.4795625,0.081764005,0.53317237,0.5860754
0.72059184,0.8119095,0.6542818,0.7951852,0.34620827,0.3000796,0.5891508,0.6825796,0.5198085,0.5747834,0.6723656,0.6915254,0.42292893,0.62260604,0.51590663,0.49884328,0.49917513,0.3493403,0.8050604,1.0,0.24798231,0.05669782,0.6030504,0.5794299,0.49986246,0.44002983,0.3314978,0.2586407,0.4787515,0.39261785,0.29001504,0.2722009,0.7498084,0.7816052,0.5012037,0.5466139,0.48237666,0.51323634,-0.23868282,0.48623276,0.119683154,0.09718172,0.6714472,0.75753564,0.42816806,0.7382965,0.670837,0.7124837,0.16423808,0.251823,0.2891041,0.37219515,0.12998167,0.72203755,0.48129645,0.6291208,0.6657807,0.77939546,0.19118005,0.3975669,0.61474794,0.6354151,0.10963884,0.72674656,0.19441997,0.65241003,0.7507151,0.78056526,0.81442404,0.8387149,-0.22937457,0.16406831,0.50635636,0.10302698,0.013552581,-0.0851713,0.08374995,0.036378954,0.46701366,0.25689968,0.3196694,0.6810575,0.5207878,0.485119,0.24696499,0.39335686,0.3873079,0.3638578,-0.20404463,0.3398032,0.30259746,0.5302848,0.38952443,0.6258571,0.4953474,0.5493075,0.6398188,0.5905842,0.5073324,0.72008514,0.15541743,-0.09816367,0.27505416,0.59149474,0.39835212,0.30499098,-0.1277491,-0.26598707,0.19003864,0.32034063,0.49434122,0.6298891,0.6321373,0.2652503,0.64681566,0.6525771
0.33936998,0.15982194,0.24638067,0.3216686,-0.21355589,0.11729819,0.30829838,0.097189434,-0.029952658,0.1780329,0.3401629,0.22585155,0.30875716,0.17818761,0.34385556,0.24754542,0.19289686,0.19561094,0.3078239,0.24798231,1.0,0.20422944,0.36630675,0.09787459,-0.0034351035,-0.016452162,0.19667841,-0.086520374,0.0845561,0.39542633,0.11288687,0.22087578,0.30560175,0.1811535,0.11085371,0.17777051,0.13607971,0.24559423,-0.042291984,0.05068807,0.03752105,0.32745734,0.10197788,0.09286467,0.025804421,0.16843183,0.10275735,0.04751752,-0.035057265,0.10146321,-0.006516281,-0.0458644,-0.057759754,0.07903823,0.06381325,0.04990103,0.35726118,0.15903746,-0.014841176,0.25712442,0.15328105,0.17001003,0.27030954,0.068459824,0.13163923,0.21104327,0.07955055,0.17388052,0.210728,0.20135981,0.09833251,0.28251368,0.097727254,0.2541452,0.0683039,0.14094143,0.30169475,0.25139746,0.31236082,0.32224897,0.33185393,0.23758131,0.15574422,0.21170752,0.21617402,-0.087324806,-0.043343138,0.02309326,-0.17708273,-0.2737431,0.0012622805,-0.03909954,0.056948856,0.07881948,-0.107634686,0.11368114,0.08294975,-0.033745777,-0.032799773,0.08658368,0.0042817164,-0.07421384,-0.039040126,0.122338355,-0.014715079,0.040448803,-0.108563386,0.054885067,-0.064288884,0.04675352,0.015754128,0.01568882,0.08478138,-0.067111164,0.019456875,0.10873675
-0.19778657,-0.0689958,0.09796971,0.023917774,0.11865601,0.054226976,-0.11038463,-0.02346882,0.07783748,0.06421012,-0.11345588,0.085418195,-0.2100434,0.21312077,0.0037335085,0.16852526,0.08026694,0.18188246,-0.02481321,0.05669782,0.20422944,1.0,0.11193618,0.060933825,-0.045368787,0.022692665,-0.037208617,-0.015434194,0.28714383,0.33719894,0.31644568,0.39960167,0.12731026,0.043126192,0.13215779,0.16953167,0.36567494,0.16288048,0.20585404,0.12087051,0.43953618,0.23740788,0.09925051,0.10131511,-0.07145566,0.026406866,0.10133483,0.098111466,-0.30431515,-0.013404849,0.020127665,-0.08868263,0.16353302,-0.023773817,0.12047642,0.16838534,-0.07356182,0.026534807,-0.11616739,-0.058159374,-0.052906446,0.021829195,0.0139172925,0.0285976,0.008526372,0.13102551,-0.040118475,0.19586301,-0.07796734,0.085957885,0.31614962,0.41749617,0.40986136,0.24084444,0.34105173,0.37236226,0.301014,0.36843133,0.028894924,0.15936483,-0.08954279,0.095641665,0.1664125,0.11151028,-0.054781105,0.15000401,-0.00085327233,0.04272541,-0.01517914,0.17343475,-0.03511989,0.17846835,-0.0737337,0.14453535,-0.04398111,0.16126975,0.05428377,0.03681858,0.11771022,0.0732061,0.08774706,0.23592909,0.14286855,0.31421363,0.2749035,0.38039243,0.32446954,0.2720879,0.08803044,0.19541454,0.043077298,-0.0044356473,0.035097584,0.017708518,-0.05579059,0.06849329
0.42994416,0.46641886,0.719255,0.73782724,0.13399796,0.13926415,0.45739788,0.36912316,0.48970184,0.4215733,0.4182337,0.36466122,0.36178663,0.4151416,0.4653415,0.38077757,0.26220846,0.24893105,0.5807225,0.6030504,0.36630675,0.11193618,1.0,0.69706607,0.2908508,0.15668473,0.2709676,0.06905632,0.2624921,0.38742295,0.24116382,0.20220149,0.4612228,0.46578452,0.40899187,0.6082042,0.4644254,0.40985003,0.084636725,0.36543092,0.19583337,0.30539006,0.49767122,0.52617055,0.1571443,0.5619754,0.4364205,0.49192542,0.01899532,0.29455665,0.49923882,0.29025728,0.15643185,0.35841912,0.41268077,0.456451,0.35950005,0.39367363,0.13348475,0.5335313,0.37048084,0.37422737,0.08564751,0.2578219,0.34095666,0.32042655,0.43134382,0.53952235,0.4461548,0.5109902,-0.02161514,0.2410111,0.35310212,0.22583032,0.14784555,0.07576479,0.12812681,0.30380028,0.32268742,0.18917657,0.4268984,0.58648616,0.7333665,0.47844046,0.45306367,0.42436707,0.3846971,0.33494624,-0.051578317,0.26614317,0.25468504,0.43033767,0.25083613,0.31991258,0.34782785,0.3858968,0.43672293,0.4004007,0.39155754,0.47037637,-0.02766891,0.18334629,0.33704346,0.45502645,0.44099718,0.30693036,-0.033153158,-0.001796528,0.23181017,0.38644126,0.45348114,0.47253048,0.41804874,0.2739339,0.36886314,0.35861278
0.31182778,0.44567516,0.64150995,0.70460135,0.22402179,0.12663403,0.40648592,0.68644226,0.47385865,0.4287304,0.26274782,0.44542888,0.24378364,0.64537877,0.43463436,0.43371198,0.21742053,0.41435763,0.45239186,0.5794299,0.09787459,0.060933825,0.69706607,1.0,0.23930016,0.18156059,0.15616736,0.011371773,0.42242077,0.4060984,0.22271976,0.23998548,0.5182126,0.5245063,0.38644412,0.5430641,0.5484943,0.41577333,0.14803725,0.42856452,0.28595662,0.40768608,0.5084966,0.4688268,0.15035646,0.52028865,0.39818135,0.431711,0.06977502,0.23017071,0.31531116,0.3762871,0.1562939,0.3348854,0.39417112,0.50684714,0.1305856,0.4427539,0.06923155,0.23838691,0.2737162,0.32376868,-0.017793184,0.46309802,0.109413,0.353585,0.4106439,0.5197374,0.38985792,0.45203793,0.112612434,0.38781494,0.47787714,0.33141142,0.28775924,0.22154877,0.21144217,0.363066,0.3049965,0.25290325,0.36962226,0.6540208,0.6971795,0.5343464,0.18809149,0.5718928,0.36595017,0.47806114,-0.044567868,0.39784285,0.20195745,0.39918524,0.25966004,0.28451088,0.4414155,0.43640834,0.50431585,0.42536414,0.4333154,0.45248088,0.06766278,0.27826282,0.35668075,0.4097859,0.53969437,0.35560468,0.24940969,0.04946334,0.28634796,0.38487357,0.4389028,0.45247048,0.41866404,0.32040757,0.37984613,0.37033224
0.52711076,0.71399957,0.21198879,0.483679,0.7278773,0.671286,0.15497865,0.36287594,0.65830535,0.71878684,0.4537214,0.43916336,0.19575071,0.2608386,0.4105776,0.49286377,0.42340755,0.19850062,0.578847,0.49986246,-0.0034351035,-0.045368787,0.2908508,0.23930016,1.0,0.8521684,0.5592376,0.73739624,0.2917332,0.20848076,0.40059528,0.20609896,0.43281183,0.43129575,0.32270417,0.27725258,0.19750984,0.36175653,-0.33298773,0.37559506,0.048751302,-0.017218696,0.6233992,0.6356186,0.44300267,0.49990728,0.5587176,0.67370915,0.13884869,0.057816792,0.22361785,0.44519612,0.020001762,0.6885103,0.30870634,0.48718262,0.6069591,0.7130426,0.210884,0.18295348,0.6352884,0.59409744,-0.04578149,0.5696858,0.1674612,0.48347804,0.6240401,0.49078062,0.655146,0.5322615,-0.36206895,0.0119798975,0.3205434,0.060371917,-0.17464292,-0.37093964,-0.08177818,-0.18118761,0.18481229,0.051055018,-0.012447719,0.47135592,0.27834913,0.37344518,0.24761173,0.298454,0.58418834,0.49632406,-0.09502396,0.28795186,0.30730128,0.35218945,0.4594514,0.5729115,0.47271314,0.36827657,0.42730236,0.5442885,0.37289613,0.5827924,0.34862077,-0.18620494,0.19572744,0.50289077,0.1474077,0.16187614,-0.24454238,-0.38634947,0.18328781,0.3306682,0.38903025,0.601974,0.5289639,0.015030247,0.5811181,0.63560104
0.40169054,0.6085052,0.11415133,0.3501332,0.83472323,0.77867025,0.028593794,0.34195662,0.72298664,0.7944405,0.3583107,0.48384875,0.086281426,0.36878297,0.4943947,0.61150384,0.49147272,0.35358956,0.42005023,0.44002983,-0.016452162,0.022692665,0.15668473,0.18156059,0.8521684,1.0,0.59263647,0.8403625,0.3807268,0.33406627,0.5454846,0.38356292,0.43570197,0.45163062,0.31763172,0.2640233,0.26796544,0.4277658,-0.21174322,0.41646367,0.13559392,0.020654889,0.5909895,0.6011762,0.30787262,0.39349443,0.5375613,0.62927204,0.15657675,0.024959175,0.061480418,0.5106689,0.054856446,0.68684524,0.3612064,0.5433803,0.4937813,0.71874213,0.114235364,0.060440507,0.4901754,0.49030977,-0.13693213,0.5629173,0.054505564,0.4482362,0.53270715,0.47422302,0.5816828,0.4880042,-0.1680773,0.191742,0.38304892,0.2711882,0.049742192,-0.13848826,0.076535344,-0.054080717,0.17148007,0.20152287,-0.06893526,0.5226653,0.24928507,0.4793689,0.27438423,0.33401453,0.71421254,0.6617304,0.02836632,0.36042148,0.37950772,0.36991882,0.5016677,0.6315934,0.42487943,0.37820995,0.47793862,0.52923024,0.45526746,0.5790431,0.49427295,-0.09669994,0.3249164,0.63227147,0.29749674,0.34439838,-0.062001582,-0.17847735,0.19363005,0.30027476,0.35514182,0.51928604,0.52863157,0.024758283,0.57142115,0.63872695
0.20796204,0.39280555,0.15842769,0.3133544,0.5582968,0.6068831,-0.058161747,0.1501449,0.56429,0.59847534,0.23382875,0.32040593,-0.07219054,0.21402378,0.41877145,0.46743158,0.18931875,0.08595667,0.35990253,0.3314978,0.19667841,-0.037208617,0.2709676,0.15616736,0.5592376,0.59263647,1.0,0.6542289,0.06933102,0.118016586,0.43275166,0.2545335,0.17537774,0.30589974,0.18706608,0.28540224,0.116099596,0.35350055,-0.089044765,0.22941536,0.17466605,-0.049146894,0.3149837,0.36960492,0.07853227,0.2614388,0.3334657,0.4217069,0.19288357,0.119922616,0.080918506,0.3585908,0.052113928,0.46812293,0.21080372,0.27089906,0.36723495,0.425706,-0.10028036,0.1357962,0.24160641,0.25454873,-0.1482134,0.2898746,-0.07217077,0.29161283,0.33587185,0.32380173,0.44992405,0.30620494,-0.1409858,0.13515356,0.1505419,0.1315552,0.07498979,-0.068320684,-0.11387609,0.0152774835,-0.011070536,0.022614239,-0.13085695,0.3695868,0.22848165,0.40270367,0.2614939,0.30439997,0.51988435,0.51196563,0.004995374,0.2380993,0.20319216,0.23585352,0.3000239,0.5132737,0.22471817,0.14404432,0.29131755,0.3203854,0.28007385,0.39257628,0.26022857,-0.0075116777,0.23569007,0.45835063,0.1242169,0.22871491,-0.14062531,-0.22377509,0.12759463,0.27954504,0.2670844,0.3682146,0.39282852,0.0758005,0.4092192,0.3805962
0.19093023,0.38095185,-0.05045712,0.14779226,0.827515,0.75370365,-0.16678129,0.064024016,0.6896173,0.6885443,0.20185252,0.30497655,-0.092814356,0.22532974,0.439972,0.547055,0.34470627,0.18527178,0.24164924,0.2586407,-0.086520374,-0.015434194,0.06905632,0.011371773,0.73739624,0.8403625,0.6542289,1.0,0.2565057,0.18040204,0.5628386,0.37640116,0.20865287,0.33264893,0.25417614,0.21504983,0.18426208,0.28693423,-0.08933366,0.30125082,0.100595355,-0.14636926,0.38201866,0.42945102,0.15211275,0.22813691,0.37289873,0.47633165,0.20958495,0.042236388,0.015212599,0.4103139,0.050925374,0.49976236,0.25658986,0.36818704,0.30023184,0.4818656,0.04231482,-0.005888442,0.24535719,0.2541625,-0.16724433,0.2984002,0.055366028,0.23547444,0.34247136,0.29523253,0.39031264,0.29310727,-0.10779025,0.13105965,0.23445381,0.20272359,0.13800734,-0.078594916,-0.033675864,-0.10928817,0.03514344,0.094146214,-0.15327384,0.35977727,0.14488299,0.41044468,0.30608696,0.25590956,0.68563116,0.572141,0.1434508,0.29848477,0.33456302,0.301005,0.4081014,0.52506953,0.3188985,0.18942152,0.32598132,0.38352123,0.3624612,0.4197632,0.47622082,-0.06288978,0.32971007,0.5239567,0.20227502,0.28821206,-0.049382195,-0.14464693,0.17024454,0.21311012,0.27798566,0.39161077,0.37656805,0.032925196,0.45693758,0.48839045
0.21782398,0.41243383,0.27112126,0.34830475,0.41977924,0.35721728,0.19069484,0.45367777,0.45108896,0.4705745,0.271535,0.62490726,0.17916404,0.72083384,0.61020577,0.7112061,0.63992614,0.7443454,0.3257391,0.4787515,0.0845561,0.28714383,0.2624921,0.42242077,0.2917332,0.3807268,0.06933102,0.2565057,1.0,0.7635452,0.52203786,0.5873556,0.6746725,0.6668234,0.4794703,0.3743564,0.6665118,0.5049714,0.25027505,0.56834793,0.42316732,0.408927,0.42240575,0.49171838,0.17507222,0.40019697,0.4741056,0.44285324,-0.08884748,0.05432704,0.11105463,0.34337777,0.13993442,0.38803032,0.4955344,0.62522763,0.105163194,0.53418,0.059543192,0.030929081,0.19969359,0.2970175,0.043894324,0.38875982,0.11472252,0.2078965,0.3827939,0.45224974,0.34363943,0.42205894,0.2904953,0.48093885,0.79973024,0.49110767,0.49628237,0.33604345,0.3858069,0.24619107,0.6532146,0.5372192,0.35093114,0.5660559,0.4870824,0.6221729,0.1086967,0.4339118,0.43015757,0.5161825,0.06507517,0.46346518,0.28532508,0.46489185,0.40888074,0.3301138,0.4070778,0.53059405,0.5415872,0.444111,0.5223793,0.5180161,0.351704,0.23920147,0.43768442,0.47983187,0.51228184,0.48129615,0.28123203,0.23663141,0.32259983,0.29265037,0.3120393,0.4060068,0.45428208,0.305838,0.38424844,0.50251096
0.24443084,0.2840342,0.3903742,0.38957343,0.27744466,0.4190723,0.2548161,0.37665516,0.41584978,0.4552123,0.34238863,0.6359189,0.30400229,0.6642749,0.7271452,0.7101354,0.65017694,0.8397119,0.23740166,0.39261785,0.39542633,0.33719894,0.38742295,0.4060984,0.20848076,0.33406627,0.118016586,0.18040204,0.7635452,1.0,0.5496187,0.6315097,0.67597306,0.6191482,0.47165033,0.49690896,0.6080793,0.6312104,0.42108223,0.595123,0.40399677,0.5708458,0.43312967,0.4800433,0.02094632,0.33818355,0.4639577,0.41887584,-0.046331894,0.054634158,0.13047203,0.28916523,0.20112641,0.25662526,0.58129364,0.6325469,0.10633336,0.41862765,0.04060722,0.06923374,0.18087447,0.15887223,0.08738621,0.2478849,0.094308294,0.14625134,0.27719343,0.48954886,0.25062934,0.366726,0.42886728,0.57920635,0.630458,0.67607576,0.48299265,0.48264602,0.5169838,0.49851146,0.5381303,0.7525176,0.5138468,0.6217085,0.5377679,0.7306399,0.40754217,0.428503,0.464461,0.57436055,0.20419341,0.38110617,0.42932042,0.4210763,0.4621269,0.2680546,0.3196674,0.5651932,0.54429126,0.41847774,0.5529969,0.4806074,0.38557655,0.34640697,0.52721274,0.5246293,0.5783569,0.5652086,0.32460454,0.40505844,0.3293391,0.37118608,0.32358238,0.3592916,0.435375,0.33237568,0.33909318,0.42791677
0.036721997,0.21853681,0.19032659,0.1769575,0.6119866,0.50562507,0.01840112,0.20930591,0.56273293,0.49380675,0.16351776,0.36324516,0.0030801876,0.4382156,0.5055249,0.5740423,0.44767544,0.52388036,0.14282922,0.29001504,0.11288687,0.31644568,0.24116382,0.22271976,0.40059528,0.5454846,0.43275166,0.5628386,0.52203786,0.5496187,1.0,0.7194533,0.34771752,0.44016278,0.44558126,0.29850283,0.46743295,0.44034654,0.22267157,0.4176637,0.47499335,0.26285103,0.4119719,0.39704528,0.061937828,0.19035211,0.3771658,0.42549434,0.050039552,0.07970403,0.022774601,0.3506934,0.14940909,0.30486622,0.34299362,0.46064118,0.07430608,0.36045602,-0.079408415,-0.0349368,0.02884266,0.10745414,0.003444024,0.21377377,0.062645294,0.12578906,0.24425773,0.3926151,0.18671624,0.24537799,0.36460477,0.5432681,0.4977534,0.6143035,0.5008794,0.43747583,0.32704243,0.36266035,0.28073174,0.43742174,0.04504435,0.36566353,0.28548178,0.5049701,0.28951168,0.26978454,0.5108556,0.5542005,0.24824019,0.35268664,0.28280926,0.30970466,0.23906912,0.3774002,0.27470762,0.31215692,0.35115853,0.35325837,0.45140982,0.37290776,0.37415034,0.28936312,0.41656312,0.58154005,0.44820943,0.5376373,0.40391776,0.33422545,0.32459337,0.29865754,0.30315006,0.34303528,0.3456212,0.11030925,0.30992678,0.3901772
-0.012228997,0.110779606,0.18318984,0.20097403,0.39634803,0.34649786,-0.0351132,0.17656167,0.40137514,0.44847137,0.042185504,0.3292848,-0.058145408,0.52669597,0.4767813,0.62499493,0.37955922,0.5297577,0.07863328,0.2722009,0.22087578,0.39960167,0.20220149,0.23998548,0.20609896,0.38356292,0.2545335,0.37640116,0.5873556,0.6315097,0.7194533,1.0,0.3939082,0.4060608,0.47260657,0.33124724,0.5098248,0.40190253,0.28253198,0.31992197,0.4184017,0.33805183,0.26706263,0.31152093,-0.17531747,0.2091786,0.3020228,0.26569122,0.052364152,-0.09763276,0.039220482,0.2101837,0.17816162,0.24260096,0.30006194,0.42352954,-0.009534084,0.30227882,-0.07828969,-0.050747186,0.0024902716,0.03881183,-0.06344751,0.1442181,-0.0038801115,0.11254972,0.09712417,0.31253335,0.11099772,0.22069253,0.41709042,0.6378214,0.6060047,0.6524742,0.58264846,0.53752244,0.46123242,0.4419054,0.3216621,0.5046364,0.110872254,0.40669802,0.28805026,0.52894133,0.14068823,0.28043377,0.35707855,0.48401862,0.07981727,0.31473684,0.23947026,0.324492,0.18500236,0.2729097,0.1342656,0.26951513,0.29815695,0.21292606,0.37623113,0.2845038,0.34313276,0.3263442,0.41089243,0.5125285,0.47446594,0.5188212,0.38919446,0.339337,0.1489952,0.19958337,0.16999088,0.19696376,0.2510599,0.08272497,0.18011178,0.2947857
