1.0,0.64467216,0.6546009,0.68529946,0.20397593,-0.08683112,0.82446766,0.6763345,-0.056340482,-0.1338552,0.76687413,0.51849025,0.62765825,0.54636294,0.27484408,0.26535994,0.7667686,0.72591144,0.84088117,0.73142344,0.29181856,0.24338242,0.44754493,0.38647828,-0.030699389,-0.20323013,0.04781084,0.27285817,0.57894623,0.57891256,-0.15065123,0.07533896,0.6913662,0.6572432,0.5961552,0.48294207,0.62252414,0.550633,0.681709,0.62728524,0.43619436,0.38297212,0.626677,0.6775147,0.74344546,0.70243704,0.7458981,0.6756108,0.7314738,0.6917544,0.72322094,0.61383927,0.64889556,0.3149263,0.7129051,0.7846673,0.7850304,0.71865857,0.8288939,0.6283955,0.83401,0.63152695,0.74338496,0.626934,0.5778733,0.558305,0.8079948,0.78998905,0.8083436,0.7305569,0.13235827,0.38337,0.5190415,0.51389724,0.23429352,0.40342736,0.702415,0.7536844,0.5211348,0.60750407,0.7568375,0.45680645,0.36024347,0.1766738,0.59021354,0.36334366,0.34101823,0.21747598,0.61651295,0.36781153,0.56356364,0.3159983,0.47078133,0.20883304,0.72081345,0.71930313,0.7160675,0.81847906,0.6646586,0.6628783,0.43169326,0.45812297,0.6297533,0.42037964,0.46384102,0.49056786,0.32176363,0.289063,0.47483554,0.60202074,0.7520163,0.7216219,0.6518876,0.53297716,0.48140752,0.61563545
0.64467216,1.0,0.30927947,0.51513207,0.19767275,-0.37790838,0.4707093,0.6679914,-0.2254608,-0.23162116,0.6211518,0.54112303,0.10997475,0.5987652,0.17388377,-0.102286026,0.45924234,0.7652729,0.65460414,0.55752856,0.34983483,-0.09625113,0.40964088,0.12708367,-0.046846066,-0.45345977,0.20226249,0.35936883,0.5388535,0.3173663,-0.44826603,-0.20702083,0.6537846,0.6056381,0.5069562,0.19972199,0.3738551,0.28673643,0.49248528,0.5728779,0.15124524,0.092306934,0.47135928,0.5829393,0.6231337,0.58191216,0.5922165,0.53723127,0.6522873,0.5766719,0.5837849,0.5974733,0.43664455,0.19649112,0.563213,0.5932576,0.7389019,0.9227529,0.7415547,0.7983192,0.6899009,0.6951249,0.53767186,0.6246891,0.53613514,0.67685205,0.7084673,0.6639524,0.75458,0.77555263,-0.2747776,-0.08603528,0.57948107,0.14310046,0.10880098,0.051349714,0.5837651,0.53416204,0.3158902,0.44973427,0.43789566,0.44889367,-0.048675638,0.15614152,0.09773423,0.25407055,0.1757491,0.37597445,0.33706436,0.29018292,0.1875287,0.22622275,0.1337253,-0.028483437,0.5939484,0.5058212,0.56458175,0.5302219,0.52594566,0.5286676,0.050651886,0.25789064,0.23152658,0.0230753,0.08693604,0.14999086,0.13285904,0.019144967,0.23898429,0.53956324,0.7035606,0.5488734,0.53876245,0.37058607,0.28238925,0.4528366
0.6546009,0.30927947,1.0,0.6091305,0.34183744,0.18587568,0.8294193,0.4501127,0.25057998,0.11730689,0.49496692,0.3236521,0.68743753,0.31948298,0.48893318,0.5338648,0.5602764,0.52283245,0.69702804,0.7768141,0.26788136,0.27804744,0.7349865,0.68198526,-0.0552315,-0.028692415,-0.06278346,0.16982599,0.54495883,0.66404486,0.24436276,0.3262855,0.5913567,0.5450002,0.6238681,0.44485822,0.47055438,0.42647725,0.5292879,0.39607993,0.540797,0.38681588,0.28997475,0.34680718,0.40188488,0.38499892,0.47584453,0.346234,0.3148756,0.36535788,0.43202835,0.28593442,0.46673572,0.14943781,0.44282883,0.5683591,0.5804603,0.35635692,0.44945428,0.19763114,0.65066355,0.33155468,0.5259792,0.36329907,0.71821237,0.48177385,0.66191643,0.59842366,0.5884654,0.48785985,0.4063392,0.50018954,0.39636555,0.47116435,0.20905483,0.4603507,0.47549412,0.6421662,0.35328245,0.6316506,0.75743395,0.45645136,0.53322005,0.38734907,0.7265049,0.3016555,0.28037992,0.3035035,0.45362255,0.30646297,0.6798952,0.5292955,0.4891707,0.43258062,0.5390663,0.5590109,0.6228075,0.6270687,0.5139163,0.62379473,0.41708022,0.4793162,0.61838716,0.5209597,0.53146416,0.4920063,0.3665522,0.25952756,0.5136688,0.3702473,0.5615067,0.45195487,0.42222682,0.30007488,0.381482,0.57376736
0.68529946,0.51513207,0.6091305,1.0,0.3554111,0.16278058,0.7038644,0.84646016,0.16833863,0.0854054,0.48623028,0.6149164,0.41392592,0.61762065,0.4390167,0.35935864,0.5167464,0.7042246,0.7644624,0.77092206,0.3983715,0.23132583,0.6722508,0.69839066,0.079665884,-0.08963933,0.13211404,0.31377822,0.6303632,0.5300438,0.04691965,0.29384613,0.7303628,0.67498124,0.60111755,0.48305622,0.5894139,0.588659,0.55125,0.55418915,0.45516893,0.37549606,0.5039639,0.52582026,0.68579346,0.7134855,0.61901647,0.5536964,0.56460524,0.7046763,0.51489425,0.64596313,0.45964098,0.29600322,0.6966991,0.67864436,0.48885742,0.58580655,0.6629949,0.5016963,0.6062729,0.76909506,0.4296874,0.7222597,0.51473624,0.76274896,0.7725125,0.8387937,0.607872,0.6123354,0.18149425,0.33925954,0.5581063,0.4233727,0.27300763,0.3442235,0.5447017,0.6650208,0.46997663,0.55960304,0.5261594,0.6489365,0.33503667,0.38940907,0.39957452,0.5681813,0.22962141,0.39772224,0.49900645,0.533106,0.5769303,0.42348224,0.3219993,0.2667525,0.58235526,0.521164,0.62728035,0.6279417,0.7833052,0.6327362,0.48628187,0.29435608,0.69201183,0.42083153,0.50168025,0.44928387,0.43386,0.24185866,0.5064256,0.50049394,0.62631476,0.6447704,0.644708,0.5618622,0.49264923,0.54899085
0.20397593,0.19767275,0.34183744,0.3554111,1.0,0.3393055,0.33501995,0.35156772,0.49561495,0.35162452,0.037810516,0.27138105,0.16656771,0.17360638,0.45256662,0.31978056,0.034052376,0.26614657,0.24880278,0.45531788,0.10737993,0.009314804,0.50161576,0.54494584,0.076830536,0.10772439,0.35432592,0.3289301,0.44508284,0.3092482,0.21627927,0.4285809,0.20390989,0.3241826,0.1484883,0.07842821,0.16432232,0.07821914,0.18766248,0.19378833,0.31404933,0.28869456,0.06003154,0.08726188,0.10609318,0.09707126,0.15447684,0.12219818,0.09831165,0.1288106,0.045610342,0.13249534,-0.025141682,0.010685255,0.15458655,0.15700486,0.12041556,0.21680918,0.06972737,0.025805423,0.112411775,0.16323738,0.03132051,0.19676556,0.18751836,0.22666161,0.2657065,0.22778918,0.14220434,0.25321436,0.27474505,0.24903826,0.37972477,0.29162014,0.18707481,0.2892871,0.17228143,0.2316695,0.12631059,0.17353056,0.2164442,0.37585726,0.21915728,0.34782252,0.13824669,0.24888557,-0.1250335,0.16358635,-0.01142376,0.15182722,0.26733285,0.45278025,0.3752325,0.17296286,0.20249362,0.2726465,0.1586535,0.1976842,0.23425922,0.23332629,0.13872756,0.050798167,0.2269104,0.16584606,0.22958234,0.17844623,0.16097967,0.026680425,0.27047917,0.21841559,0.145953,0.075654924,0.16739014,0.06952222,0.17392026,0.16475035
-0.08683112,-0.37790838,0.18587568,0.16278058,0.3393055,1.0,0.13077986,0.11491788,0.66007465,0.7144948,-0.2806582,0.021131622,0.34192482,-0.12376258,0.3046212,0.6039465,-0.02381959,-0.09338003,0.012092562,0.19081496,0.04116943,0.33297908,0.3165161,0.5438399,0.12117038,0.5596073,0.16788138,0.059154365,0.21973923,0.30059415,0.70827585,0.64882827,-0.048161272,0.021851558,-0.022073844,0.10696437,-0.05624017,0.12759992,-0.08774387,-0.28338045,0.440012,0.37558353,-0.19479261,-0.23104163,-0.23030199,-0.17030351,-0.20379038,-0.20172788,-0.37256417,-0.17159104,-0.35537353,-0.1888414,-0.23645705,0.031195316,-0.21793085,-0.23061842,-0.2658634,-0.28681326,-0.243402,-0.4884644,-0.24960364,-0.22593935,-0.13937329,0.050796676,-0.15917534,-0.16587335,-0.051722582,-0.037491694,-0.16632465,-0.14006753,0.59475493,0.5604674,0.078385815,0.33633268,0.32613155,0.47952333,-0.1601482,-0.01568822,0.038388394,-0.0369009,0.037560444,0.28372622,0.504621,0.3445961,0.21384276,0.2825592,-0.14683573,0.048269615,-0.1690659,0.06254304,0.17889562,0.3855184,0.30555198,0.4590953,-0.13972291,-0.07226214,-0.15681411,-0.11328061,-0.0977431,-0.13851042,0.24966851,-0.020435128,0.27586395,0.32134086,0.41506577,0.19806716,0.1798737,0.18444927,0.18549629,-0.18437953,-0.19905452,-0.21610618,-0.033113025,-0.019164534,0.11320027,-0.043270383
0.82446766,0.4707093,0.8294193,0.7038644,0.33501995,0.13077986,1.0,0.6068443,0.15377864,0.017224444,0.59689844,0.41230077,0.6703077,0.37084153,0.4431784,0.43104994,0.6289647,0.6533212,0.76895714,0.79114574,0.3365232,0.30681598,0.6320201,0.6386438,-0.07920488,-0.11215817,0.0578851,0.27902818,0.60663486,0.6275524,0.12333226,0.30291894,0.6212486,0.6625132,0.6447191,0.4549693,0.48975852,0.4805812,0.5616571,0.47118324,0.5303222,0.40805808,0.4353666,0.48288977,0.55334437,0.5337341,0.61261016,0.49766317,0.5100073,0.5519752,0.54898196,0.45471895,0.54524374,0.24049595,0.5715633,0.69775546,0.6669617,0.5462648,0.6359868,0.3725427,0.76321894,0.51219,0.59157944,0.4968213,0.67455184,0.5505748,0.75702006,0.6973228,0.6854363,0.6152273,0.35083836,0.45746458,0.46894002,0.47520998,0.24113819,0.48117122,0.56011415,0.6516557,0.44952524,0.5947957,0.7682337,0.53040576,0.46455544,0.34556103,0.6852153,0.38936952,0.27109012,0.28768367,0.5280439,0.41937944,0.63730776,0.54685354,0.5200049,0.44267502,0.64717823,0.63455325,0.692534,0.7477939,0.6186559,0.75526106,0.43440115,0.46838307,0.6678411,0.51114327,0.53413814,0.5376985,0.3525636,0.31720892,0.5391547,0.49558136,0.66071963,0.57498085,0.5950714,0.4295911,0.46975112,0.64205736
0.6763345,0.6679914,0.4501127,0.84646016,0.35156772,0.11491788,0.6068443,1.0,0.15063578,0.15419582,0.48842263,0.78347987,0.34929818,0.73970574,0.46056914,0.28102788,0.53756255,0.8133679,0.73422664,0.7065333,0.46627337,0.1648917,0.6529808,0.5549015,0.10849982,-0.14887539,0.23996034,0.35839882,0.7493321,0.5498768,-0.03444861,0.22830628,0.7306989,0.70170313,0.5835368,0.37761632,0.5243166,0.5938453,0.55696785,0.56349605,0.48067945,0.4182955,0.45932296,0.49863195,0.66567826,0.66381264,0.5534829,0.5250317,0.57999796,0.68657523,0.47776228,0.67811877,0.3681099,0.27511096,0.6494716,0.62737155,0.5150819,0.7452505,0.7188016,0.6099081,0.5827784,0.79225135,0.44597113,0.8071524,0.45784828,0.7569734,0.7851311,0.8218184,0.65508854,0.71082973,0.090636276,0.24912058,0.72613156,0.4397428,0.39200336,0.37428415,0.6360068,0.6808479,0.46854112,0.5204737,0.4854701,0.7441766,0.30263063,0.440895,0.27507943,0.5715448,0.23674005,0.4755756,0.40965623,0.4968287,0.41413757,0.4281032,0.30564445,0.21897815,0.57525027,0.5202872,0.5641457,0.56545746,0.7058705,0.55076355,0.416351,0.25299507,0.60775924,0.34964386,0.41808668,0.3952598,0.35495108,0.1636328,0.4318035,0.5134464,0.61277497,0.57561016,0.67064595,0.54080105,0.46519893,0.5679565
-0.056340482,-0.2254608,0.25057998,0.16833863,0.49561495,0.66007465,0.15377864,0.15063578,1.0,0.68559366,-0.1750987,0.17107116,0.3214256,-0.04459728,0.51615983,0.5325243,0.008115677,0.042974565,0.023900982,0.22800039,0.10392698,0.14595528,0.41446424,0.56921935,0.013591443,0.3448781,0.122719094,0.110760294,0.36181235,0.35883126,0.64992183,0.6234467,0.020732263,0.11311573,-0.002135843,-0.039867427,-0.059136916,0.1085703,0.038303994,-0.09565593,0.5157161,0.3972249,-0.21897757,-0.25859722,-0.22198021,-0.19328327,-0.14160882,-0.25030342,-0.33592796,-0.19233206,-0.3674588,-0.120193414,-0.19830221,0.013939649,-0.1277399,-0.1361261,-0.19154051,-0.18225965,-0.23865232,-0.3912854,-0.16229588,-0.1282288,-0.12349008,0.12120109,-0.028908119,-0.029608866,0.015241245,-0.0015377423,-0.10185054,0.0011881972,0.61210245,0.4457502,0.24079774,0.30803466,0.23209694,0.38071552,-0.054297812,0.0734461,0.14768171,0.07199371,0.11263157,0.41458556,0.4933834,0.44979453,0.27044064,0.3604018,-0.041436985,0.21919551,-0.17433076,0.14497451,0.20565125,0.43387282,0.35883918,0.31762654,-0.092475526,0.055644214,-0.004607511,-0.054904666,-0.0051539186,-0.041849695,0.25251293,0.02779768,0.27322882,0.34438008,0.46162638,0.2581863,0.23218176,0.105052166,0.21283692,-0.009268515,-0.06367545,-0.19749944,-0.071785726,0.012131582,0.14458126,0.0636663
-0.1338552,-0.23162116,0.11730689,0.0854054,0.35162452,0.7144948,0.017224444,0.15419582,0.68559366,1.0,-0.29106593,0.2255632,0.21073025,-0.0008330872,0.40714902,0.5066013,-0.027501363,0.010081802,-0.06321383,0.1292333,0.15212102,0.21511912,0.3461053,0.44273147,0.15863281,0.35889164,0.17745592,0.09114374,0.3428642,0.3257375,0.61850214,0.628754,0.010683122,0.07816235,-0.018920243,0.049125567,-0.033903178,0.20263186,0.03586833,-0.09246586,0.45412388,0.34911922,-0.21623488,-0.27957937,-0.2556709,-0.21628597,-0.17605856,-0.26612192,-0.40560463,-0.22883122,-0.45007288,-0.15263256,-0.22847629,0.06348384,-0.16598654,-0.21959879,-0.2551115,-0.17608817,-0.25443485,-0.4152491,-0.27400178,-0.1873891,-0.20229238,0.11565256,-0.20493343,-0.08095078,-0.04989464,-0.058904693,-0.12318981,-0.028520986,0.50071657,0.3372151,0.25946566,0.3237446,0.36914656,0.384708,-0.033826843,0.05700298,0.14173916,-0.032845296,0.008173797,0.40056032,0.49473688,0.4110496,0.11752106,0.347005,-0.06201556,0.15222485,-0.17167482,0.078417644,0.051120978,0.2893949,0.24446121,0.3356984,-0.12545533,-0.03099316,-0.051156804,-0.096962005,-0.07956593,-0.18981406,0.24424616,-0.07796748,0.21107708,0.34387863,0.44224995,0.2933225,0.29277453,0.21522364,0.098450355,-0.070146196,-0.16441844,-0.2678193,-0.18016636,-0.0303202,0.19099768,-0.0232331
0.76687413,0.6211518,0.49496692,0.48623028,0.037810516,-0.2806582,0.59689844,0.48842263,-0.1750987,-0.29106593,1.0,0.3401977,0.5442552,0.49570903,0.069662824,0.027883293,0.7651194,0.5701283,0.7103696,0.4929859,0.16069189,0.17373757,0.2781938,0.18045509,-0.017852027,-0.23629765,0.09449685,0.24068964,0.4314222,0.46561876,-0.38760087,-0.20296405,0.59431034,0.42772576,0.5970099,0.4086462,0.58348477,0.37990507,0.5629117,0.57513845,0.17743482,0.33342135,0.42926225,0.5831389,0.6119292,0.57876617,0.55620944,0.5105798,0.630525,0.5388499,0.70230496,0.39014906,0.6165354,0.012295581,0.61007565,0.6043773,0.7938514,0.64347255,0.75092566,0.64092773,0.7761109,0.5163042,0.8101952,0.43314967,0.61986816,0.42910525,0.6918464,0.66760266,0.72589815,0.6575855,-0.026421655,0.29752266,0.41544333,0.47245672,0.21110258,0.289612,0.68873495,0.6533233,0.4004941,0.62618214,0.68930155,0.16592996,0.22236921,-0.07885512,0.5208565,0.02632558,0.3001122,0.14280652,0.65211654,0.03293742,0.50530344,-0.033864092,0.3024456,-0.025162466,0.6446345,0.5878578,0.5796761,0.66536105,0.47810906,0.4523709,0.30359575,0.3233141,0.4002057,0.19294646,0.1876674,0.28498217,0.25938377,0.098188765,0.32917622,0.4698877,0.6469565,0.5574314,0.5501444,0.45291588,0.365529,0.5024352
0.51849025,0.54112303,0.3236521,0.6149164,0.27138105,0.021131622,0.41230077,0.78347987,0.17107116,0.2255632,0.3401977,1.0,0.2563746,0.78406143,0.49688682,0.2871899,0.4629125,0.76764244,0.5547971,0.5498667,0.33482558,0.08303907,0.51818734,0.36578748,0.17175308,-0.1308389,0.18160097,0.20359173,0.6903938,0.5090127,-0.010696849,0.16627643,0.6186583,0.6031386,0.42296207,0.15972574,0.44634098,0.543134,0.5090784,0.53211415,0.4352068,0.39138508,0.34070867,0.37535718,0.52015007,0.4685828,0.40433243,0.37814772,0.45467228,0.49094358,0.30791226,0.5935358,0.19654301,0.27968857,0.4598067,0.44955754,0.35402447,0.60885984,0.5771952,0.507859,0.42747596,0.63835925,0.31131008,0.6601776,0.30845425,0.5689883,0.6153964,0.6242886,0.52017874,0.62878245,0.05338247,0.14155194,0.7074161,0.3560614,0.34950635,0.38274106,0.57976395,0.58561766,0.36000952,0.38733515,0.3254464,0.6697434,0.2656216,0.5537396,0.12304667,0.49843234,0.258271,0.53099453,0.24928916,0.34400946,0.17751542,0.3255627,0.27557606,0.18285239,0.3723727,0.45116252,0.48066077,0.45966697,0.47149897,0.34291175,0.30785516,0.1728367,0.45174143,0.2963519,0.36574727,0.34998184,0.24276176,0.15216997,0.28426957,0.4822846,0.47152165,0.42646718,0.46737882,0.38770333,0.389389,0.41852695
0.62765825,0.10997475,0.68743753,0.41392592,0.16656771,0.34192482,0.6703077,0.34929818,0.3214256,0.21073025,0.5442552,0.2563746,1.0,0.28661466,0.28331935,0.5700274,0.69178414,0.3793501,0.57327366,0.54605025,0.09344381,0.37515458,0.39124236,0.47803798,-0.07833828,0.20846622,-0.044272803,0.09373286,0.420345,0.6572079,0.25823334,0.27829644,0.3963215,0.321305,0.44800836,0.40692285,0.47352552,0.39847872,0.4056278,0.23010954,0.5365496,0.5462349,0.240882,0.28806612,0.32876456,0.3083648,0.33729398,0.25019076,0.26709297,0.30190715,0.36768198,0.19190997,0.38209423,0.10132011,0.29318133,0.37768817,0.4777538,0.22840124,0.4173554,0.10356718,0.5278628,0.18673894,0.5840303,0.27939734,0.45672506,0.20256878,0.48983017,0.4682745,0.4776788,0.37352914,0.47693294,0.71340173,0.23618178,0.6584825,0.2594328,0.58936155,0.440045,0.52941066,0.34502614,0.52640337,0.7133289,0.29548922,0.6730974,0.15811461,0.74020404,0.17576173,0.32109305,0.18429407,0.4574914,0.07959895,0.63808817,0.26697865,0.6609142,0.4352351,0.43691534,0.51176625,0.41528097,0.5085324,0.30482525,0.32889462,0.5347787,0.33461043,0.6208907,0.5206036,0.52971506,0.44940913,0.22859985,0.26091126,0.39598936,0.2434865,0.38767466,0.30105135,0.39484394,0.33818468,0.35186085,0.4698946
0.54636294,0.5987652,0.31948298,0.61762065,0.17360638,-0.12376258,0.37084153,0.73970574,-0.04459728,-0.0008330872,0.49570903,0.78406143,0.28661466,1.0,0.25073117,0.11924851,0.49269104,0.68279123,0.5794897,0.528296,0.22535932,0.025894884,0.39476228,0.22860593,0.17243463,-0.1329132,0.14917377,0.1823037,0.5308796,0.3586636,-0.26240703,-0.09393082,0.57926893,0.47204623,0.42855802,0.16396877,0.52351224,0.48850444,0.5152821,0.59722173,0.21743065,0.2894048,0.39349452,0.4418451,0.6162384,0.5813222,0.47525248,0.44514006,0.5915421,0.60000557,0.51035047,0.63384604,0.31420484,0.16495901,0.58444417,0.4785888,0.4397232,0.64245963,0.6728944,0.6377101,0.5038992,0.660925,0.41919556,0.5775018,0.39938614,0.58644056,0.65439147,0.68768513,0.577095,0.59505814,-0.15635967,0.14966872,0.55198026,0.34509453,0.21753512,0.21031548,0.55237275,0.5582787,0.3771518,0.3799623,0.3254263,0.42724794,0.14560102,0.26675707,0.10949785,0.29167944,0.19200245,0.39402094,0.39883348,0.17878535,0.19032618,0.05421614,0.16486058,0.029724175,0.4372483,0.4838123,0.4823638,0.44779962,0.50220126,0.2990776,0.32684067,0.20564134,0.43109068,0.16693032,0.23156878,0.24771963,0.22592856,0.15569776,0.18725854,0.38867703,0.47633165,0.45573562,0.45727402,0.4051528,0.27934214,0.42124283
0.27484408,0.17388377,0.48893318,0.4390167,0.45256662,0.3046212,0.4431784,0.46056914,0.51615983,0.40714902,0.069662824,0.49688682,0.28331935,0.25073117,1.0,0.62823445,0.23942722,0.4336521,0.34716815,0.46425226,0.47406366,0.2904416,0.6853722,0.6436902,-0.03668391,-0.021084648,0.13824429,0.23267846,0.69867146,0.6282569,0.40068907,0.4770803,0.34496745,0.3635652,0.3777891,0.2681893,0.28439513,0.333134,0.33077887,0.16926438,0.58325845,0.39977837,-0.015756486,0.012911932,0.042146154,0.047084037,0.17963146,0.079200245,-0.0073901224,0.14653818,0.04193808,0.10638603,0.19477756,0.066986084,0.22116686,0.21139714,0.22992621,0.17813258,0.1855749,0.024047364,0.2942936,0.20243439,0.18963437,0.3049791,0.33941442,0.33102143,0.41175866,0.32788047,0.33161998,0.37611133,0.5048914,0.29205954,0.635711,0.34989008,0.48773447,0.47021925,0.32601288,0.3980229,0.2989945,0.38788247,0.41626266,0.5815545,0.5842709,0.6313924,0.36816826,0.3767493,0.17118602,0.49126205,0.13470215,0.27323845,0.31856197,0.55918,0.31412598,0.41464463,0.17608476,0.36728984,0.40724564,0.34015968,0.28436127,0.3335385,0.43597427,0.23947209,0.541096,0.58607095,0.5187298,0.45673698,0.42359963,0.1758219,0.4005814,0.32748088,0.2495643,0.10200056,0.13757116,0.26415,0.41413444,0.4025808
0.26535994,-0.102286026,0.5338648,0.35935864,0.31978056,0.6039465,0.43104994,0.28102788,0.5325243,0.5066013,0.027883293,0.2871899,0.5700274,0.11924851,0.62823445,1.0,0.2461286,0.20177896,0.28788605,0.51290035,0.28245598,0.44909105,0.5226543,0.63169116,0.006939634,0.24819313,0.009941917,-0.00096302934,0.4354017,0.6849556,0.63191926,0.62871456,0.20107871,0.20347129,0.2655148,0.3192478,0.25148246,0.38340628,0.22379509,-0.018592188,0.5852831,0.45299432,0.040853865,0.040346928,-0.004206118,0.03804754,0.1744335,0.11381436,-0.053380713,0.15703398,0.062265377,0.067770645,0.16112474,0.1798874,0.102719374,0.110265866,0.16033585,-0.048225693,0.056451075,-0.21738347,0.16008279,0.0014665293,0.16924138,0.17697877,0.23813164,0.15210178,0.28415388,0.25224265,0.21064079,0.1767916,0.64797837,0.61621326,0.28497446,0.512863,0.34261823,0.557926,0.16893098,0.35982257,0.17632262,0.39914528,0.4503517,0.42972416,0.745712,0.6307963,0.5232622,0.3531237,0.31860736,0.36936855,0.12421863,0.13394423,0.42138252,0.4670933,0.43892527,0.5601103,0.1583669,0.266616,0.29068673,0.27941933,0.15917517,0.19305004,0.47174352,0.30798644,0.5351313,0.6336839,0.5943538,0.42733508,0.34544775,0.28605208,0.43026304,0.1643431,0.14385217,0.053215496,0.10176109,0.19461828,0.30752775,0.24462189
0.7667686,0.45924234,0.5602764,0.5167464,0.034052376,-0.02381959,0.6289647,0.53756255,0.008115677,-0.027501363,0.7651194,0.4629125,0.69178414,0.49269104,0.23942722,0.2461286,1.0,0.63652074,0.7401306,0.560492,0.21726722,0.33209732,0.39219445,0.33169994,0.044546288,-0.102468625,0.10848001,0.19472075,0.58392066,0.68024206,-0.13573097,0.016208658,0.66731846,0.5616216,0.68448037,0.47580332,0.6776205,0.49771267,0.6288555,0.5328425,0.4775716,0.5430711,0.3987703,0.5055612,0.56687766,0.5387415,0.53637975,0.4291466,0.50419384,0.44234288,0.5831782,0.30778903,0.58565927,0.07029772,0.55104953,0.60262126,0.72022825,0.530106,0.7230986,0.49092293,0.713205,0.44160756,0.78088444,0.51878256,0.49798006,0.3658867,0.6883179,0.6736003,0.7179632,0.64126617,0.20477462,0.45570305,0.5066672,0.64882857,0.41249707,0.5477843,0.7412095,0.7379442,0.5609234,0.6302698,0.76169646,0.32233825,0.49730855,0.04823154,0.6245345,0.1663228,0.31903878,0.20076309,0.66210085,0.1373282,0.5751966,0.11541872,0.50635165,0.16200005,0.6548332,0.63305527,0.6151183,0.7011339,0.45250434,0.402345,0.5200626,0.38496518,0.58428556,0.4082445,0.4390633,0.4623075,0.3603818,0.20403971,0.35002652,0.4954247,0.63274175,0.5311519,0.56162864,0.5033226,0.5812728,0.63547754
0.72591144,0.7652729,0.52283245,0.7042246,0.26614657,-0.09338003,0.6533212,0.8133679,0.042974565,0.010081802,0.5701283,0.76764244,0.3793501,0.68279123,0.4336521,0.20177896,0.63652074,1.0,0.76156116,0.6940693,0.39550915,0.1082668,0.6394628,0.40638775,0.038996562,-0.27683648,0.21329331,0.3639609,0.7327947,0.57596207,-0.15165487,0.04352014,0.80657506,0.72968316,0.6628857,0.33532763,0.52381,0.49296322,0.62443274,0.60064375,0.45948046,0.39927396,0.46434066,0.5603772,0.6918922,0.61840403,0.5834739,0.51168865,0.61754525,0.5751847,0.5358985,0.64899886,0.40758675,0.25500888,0.5730599,0.6694425,0.6603165,0.81904066,0.7831023,0.6928258,0.72798985,0.7473089,0.53731495,0.73533577,0.5944533,0.7420071,0.8400574,0.80675656,0.7607465,0.80424446,0.0012130246,0.16164218,0.71038795,0.38275763,0.28009376,0.38954666,0.70224047,0.6926196,0.49088338,0.5687322,0.552125,0.65772986,0.22599864,0.40573433,0.28403226,0.43042186,0.2646266,0.4340756,0.41897094,0.42077878,0.4100922,0.39989975,0.35501572,0.21403179,0.65027976,0.60976595,0.64785093,0.62832373,0.62363195,0.592014,0.31033096,0.27337018,0.5278127,0.2470309,0.33634695,0.33727825,0.21342896,0.12472218,0.3502462,0.56278306,0.7404807,0.60481995,0.67226094,0.47401062,0.41525975,0.6031517
0.84088117,0.65460414,0.69702804,0.7644624,0.24880278,0.012092562,0.76895714,0.73422664,0.023900982,-0.06321383,0.7103696,0.5547971,0.57327366,0.5794897,0.34716815,0.28788605,0.7401306,0.76156116,1.0,0.7923148,0.38086125,0.21033537,0.6081764,0.51862943,0.031277955,-0.17866328,0.08183869,0.25885668,0.6455994,0.62749606,-0.08493299,0.16414933,0.8194187,0.7203172,0.69150096,0.47698116,0.6085472,0.45865786,0.6424076,0.5617247,0.50875217,0.3844574,0.55871826,0.67378813,0.71948683,0.7242366,0.67870426,0.63166213,0.6298272,0.6363988,0.63455456,0.5372614,0.57694626,0.30312514,0.62406236,0.7331479,0.7360616,0.71765554,0.8029004,0.6252297,0.8010893,0.65948457,0.73805064,0.7062903,0.6329237,0.60950035,0.8352621,0.8348237,0.8365386,0.78623044,0.15701152,0.39219522,0.553477,0.49111187,0.27071777,0.4471327,0.6299621,0.7289378,0.5148592,0.64698637,0.6949941,0.51646674,0.37576616,0.25672144,0.5203204,0.3900556,0.2742282,0.30774304,0.56426287,0.41711235,0.5418942,0.41404426,0.386545,0.30385092,0.65287185,0.61506146,0.69087076,0.732764,0.64827794,0.6381443,0.40972388,0.44878992,0.60658896,0.40790963,0.43936387,0.4445637,0.33269298,0.20844479,0.4613873,0.5284677,0.76268446,0.6780552,0.66282064,0.5019495,0.5094368,0.6469831
0.73142344,0.55752856,0.7768141,0.77092206,0.45531788,0.19081496,0.79114574,0.7065333,0.22800039,0.1292333,0.4929859,0.5498667,0.54605025,0.528296,0.46425226,0.51290035,0.560492,0.6940693,0.7923148,1.0,0.4057951,0.1796178,0.7303269,0.66653657,0.05707964,-0.07151515,0.12877105,0.24561374,0.65356314,0.6765466,0.1431161,0.35899195,0.7097794,0.7019877,0.6204375,0.4308525,0.52384555,0.49535188,0.5755075,0.51973,0.5508446,0.3962183,0.45885584,0.5118482,0.559008,0.5790285,0.6174708,0.52279264,0.4995493,0.5786028,0.51498604,0.5342179,0.45658913,0.28024936,0.54506767,0.632011,0.6070325,0.6017347,0.6029036,0.41226318,0.647886,0.5718074,0.50685793,0.60856265,0.6154296,0.6453183,0.77553225,0.7530653,0.6963897,0.66097444,0.25450855,0.43953204,0.53801703,0.49251148,0.25927308,0.42563048,0.5398735,0.6983557,0.4210521,0.604659,0.65201944,0.6424253,0.4524405,0.48535115,0.52883,0.5077937,0.26004258,0.4138402,0.38631526,0.42258403,0.5429991,0.56307954,0.46042973,0.3752291,0.598472,0.5823238,0.6434742,0.64925826,0.60176736,0.6281864,0.41982123,0.41346368,0.6133295,0.43167496,0.52301145,0.46472487,0.35677707,0.24870607,0.5194897,0.5107129,0.62678903,0.5328176,0.52837825,0.38904613,0.45906794,0.53778243
0.29181856,0.34983483,0.26788136,0.3983715,0.10737993,0.04116943,0.3365232,0.46627337,0.10392698,0.15212102,0.16069189,0.33482558,0.09344381,0.22535932,0.47406366,0.28245598,0.21726722,0.39550915,0.38086125,0.4057951,1.0,0.10129632,0.38834447,0.3370412,-0.019242218,-0.14645976,0.1675211,0.25133505,0.5027121,0.41938055,0.02764742,0.21878655,0.3686625,0.40394315,0.38531655,0.407514,0.28602773,0.18455832,0.25351208,0.12840761,0.39296865,0.0726068,0.1160045,0.16541833,0.18878761,0.2715406,0.228919,0.23846297,0.17291307,0.34451014,0.22362046,0.2062984,0.31480068,0.20521057,0.31333068,0.3202179,0.32751974,0.33725494,0.34037614,0.28874093,0.32876706,0.31293556,0.22409014,0.38282827,0.29228944,0.43097588,0.39130574,0.3613564,0.38872904,0.37558508,0.11182093,0.020240137,0.41783738,0.1243866,0.38637832,0.0731789,0.29850006,0.3098464,0.31100258,0.37216583,0.31534633,0.4655716,0.33948296,0.3343959,0.22029807,0.33329332,0.077115476,0.3702765,0.31821778,0.39315757,0.19160146,0.40177715,0.026728583,0.18991762,0.34332547,0.25380933,0.38486567,0.2863144,0.33110517,0.44174954,0.251301,0.29163507,0.369883,0.39615417,0.25118324,0.3264266,0.33700478,0.045385696,0.3890918,0.2641472,0.2958519,0.23346168,0.3013829,0.3282778,0.43728194,0.54805094
0.24338242,-0.09625113,0.27804744,0.23132583,0.009314804,0.33297908,0.30681598,0.1648917,0.14595528,0.21511912,0.17373757,0.08303907,0.37515458,0.025894884,0.2904416,0.44909105,0.33209732,0.1082668,0.21033537,0.1796178,0.10129632,1.0,0.23394342,0.32039037,0.045352772,0.13105622,0.010868159,0.11597656,0.26204905,0.4351011,0.34096953,0.3634449,0.07685111,0.0770022,0.2616898,0.2685894,0.29800498,0.40159863,0.20761245,-0.06458462,0.28101507,0.39542142,-0.0006504245,0.05863671,0.069883436,0.04409354,0.101895876,0.06971861,0.029613249,0.12109431,0.086717635,-0.024548495,0.114143,-0.033246137,0.14868124,0.11351867,0.13954191,-0.05585362,0.17241853,-0.09518829,0.16690755,-0.011122767,0.24015993,0.07171791,0.10894489,-0.0034141545,0.21712865,0.21801735,0.15224014,0.092745416,0.36381894,0.48563907,0.22343403,0.45726717,0.3612678,0.47677475,0.18966398,0.28194186,0.2539941,0.20433375,0.3102884,0.14610754,0.47737238,0.16619831,0.37243998,0.10502964,-0.0040069916,0.013419781,0.2890089,0.022962518,0.33922017,0.039030157,0.27304867,0.26372546,0.17174627,0.2127028,0.1688856,0.30139127,0.111765265,0.07931168,0.3660256,0.05212456,0.43339244,0.4356888,0.35375836,0.34369022,0.3118959,0.32282478,0.23584037,0.11594438,0.0887016,0.08439663,0.11368522,0.19902332,0.31891343,0.240276
0.44754493,0.40964088,0.7349865,0.6722508,0.50161576,0.3165161,0.6320201,0.6529808,0.41446424,0.3461053,0.2781938,0.51818734,0.39124236,0.39476228,0.6853722,0.5226543,0.39219445,0.6394628,0.6081764,0.7303269,0.38834447,0.23394342,1.0,0.78508544,0.060557198,-0.059435386,0.19807822,0.29771337,0.742915,0.6754166,0.35524148,0.4725548,0.6490507,0.61337966,0.63147926,0.34306422,0.32204306,0.42279676,0.47570762,0.3210597,0.5572654,0.43827692,0.118781075,0.19203466,0.3046375,0.27652586,0.32946467,0.1971793,0.15360326,0.2525434,0.1935743,0.25344896,0.28170997,0.06725066,0.37766948,0.41945907,0.4387745,0.4341666,0.3579022,0.17231295,0.47625753,0.3918505,0.3356508,0.5093407,0.60434735,0.58059555,0.6679855,0.6023278,0.53413737,0.54944533,0.4250949,0.39608657,0.67180264,0.41662022,0.3634397,0.50062835,0.43497285,0.5858173,0.3197669,0.543707,0.5600566,0.67494446,0.4459825,0.5912739,0.45064703,0.42610848,0.14136323,0.4781467,0.21138923,0.3717303,0.5270129,0.6403849,0.3328465,0.39074594,0.42915544,0.437459,0.5041651,0.45549282,0.49495867,0.5148035,0.33358827,0.23724629,0.5505066,0.4279416,0.48044592,0.43562412,0.4222773,0.19749977,0.44003016,0.35416418,0.5095451,0.30713457,0.42798352,0.34151223,0.38968116,0.4792112
0.38647828,0.12708367,0.68198526,0.69839066,0.54494584,0.5438399,0.6386438,0.5549015,0.56921935,0.44273147,0.18045509,0.36578748,0.47803798,0.22860593,0.6436902,0.63169116,0.33169994,0.40638775,0.51862943,0.66653657,0.3370412,0.32039037,0.78508544,1.0,0.0027717552,0.11260399,0.07560603,0.23393092,0.62286216,0.60725087,0.5343053,0.6694637,0.45436105,0.49572778,0.48496658,0.4015145,0.36821103,0.44027752,0.40725622,0.23570573,0.6176138,0.47494268,0.16943894,0.18192255,0.24978209,0.28330418,0.32317045,0.21147363,0.0661034,0.2631636,0.09873282,0.16495645,0.22785392,0.14311905,0.34928146,0.37304062,0.25652203,0.1791898,0.23480117,-0.03564412,0.3034765,0.28831598,0.22206217,0.46515322,0.40367025,0.4062231,0.51659316,0.5002971,0.34393883,0.36545318,0.6257534,0.53042144,0.49041173,0.50223017,0.40297678,0.5204497,0.30497077,0.4776867,0.34808758,0.47202992,0.5032735,0.6440039,0.56632686,0.54841435,0.5500721,0.50094813,0.110878184,0.36024737,0.27967355,0.42918321,0.60019785,0.62416905,0.45063588,0.45770586,0.31875557,0.36804467,0.45349228,0.42673606,0.505236,0.48608786,0.44386092,0.28134197,0.66717607,0.59887475,0.64980197,0.55486226,0.531638,0.3085377,0.51764286,0.30956718,0.36725694,0.2944926,0.3709348,0.3834917,0.46825385,0.42872098
-0.030699389,-0.046846066,-0.0552315,0.079665884,0.076830536,0.12117038,-0.07920488,0.10849982,0.013591443,0.15863281,-0.017852027,0.17175308,-0.07833828,0.17243463,-0.03668391,0.006939634,0.044546288,0.038996562,0.031277955,0.05707964,-0.019242218,0.045352772,0.060557198,0.0027717552,1.0,0.17341109,0.3474812,0.02935506,0.044089213,0.080570966,0.02369145,0.12689088,0.08170099,0.09737614,-0.005365963,-0.011974231,0.052866817,0.12695517,0.1429545,0.021765208,-0.05960722,0.15571806,-0.04677088,-0.015429969,0.05831756,0.11367638,-0.036549997,-0.009763614,0.075460225,0.0812727,0.0485599,0.09142325,-0.0077137756,-0.021288924,0.04583375,-0.031252187,-0.08820713,-0.035376128,0.047691166,0.046897154,-0.100579455,0.06248518,-0.0795015,-0.024462545,-0.044181544,0.03011291,0.069416344,0.09927049,-0.06523213,0.007890552,-0.034483396,0.07228751,0.1091587,0.1235595,0.09587543,0.122875504,0.02298473,0.120938495,0.093544334,-0.042083576,-0.057482872,0.023481332,-0.030267885,0.037883904,-0.05824236,0.05718528,-0.09820005,-0.15026574,0.04321489,-0.07335526,0.01632494,-0.10473146,-0.11181631,-0.12681761,-0.02247114,0.050269034,0.03658107,-0.008226771,0.042401236,-0.097879164,0.0033029427,-0.14798534,-0.031972565,-0.031043854,-0.06427795,-0.028738022,0.09887962,-0.0042536203,-0.10510256,-0.091104284,-0.0944091,-0.049999263,0.05510893,0.09968687,-0.008363618,-0.046327982
-0.20323013,-0.45345977,-0.028692415,-0.08963933,0.10772439,0.5596073,-0.11215817,-0.14887539,0.3448781,0.35889164,-0.23629765,-0.1308389,0.20846622,-0.1329132,-0.021084648,0.24819313,-0.102468625,-0.27683648,-0.17866328,-0.07151515,-0.14645976,0.13105622,-0.059435386,0.11260399,0.17341109,1.0,0.09983183,-0.06630249,-0.13384086,-0.0064375834,0.3319118,0.19326603,-0.23071273,-0.17692423,-0.15772091,-0.04679796,-0.11063076,-0.054244895,-0.17849426,-0.33920002,0.07956191,0.15699716,-0.20129585,-0.25973153,-0.21391487,-0.20574622,-0.31072947,-0.2176465,-0.24523586,-0.19025625,-0.22003594,-0.16540785,-0.32130975,-0.12808615,-0.28722715,-0.31972814,-0.31284913,-0.35395223,-0.26249003,-0.3562923,-0.2937896,-0.28109345,-0.18494722,-0.19557606,-0.22244112,-0.30367747,-0.23032504,-0.15049253,-0.29322374,-0.33977056,0.22694384,0.33622497,-0.18500106,0.20981388,0.019881362,0.25958928,-0.23104069,-0.16976123,-0.11019108,-0.14220038,-0.13733917,-0.11119511,0.16331822,0.0071009006,-0.023794165,-0.08550156,-0.16026452,-0.12343881,-0.1952314,-0.1704418,0.03245962,-0.00017536603,0.12541568,0.08909103,-0.23177116,-0.11421508,-0.30595464,-0.25180694,-0.2060867,-0.2915436,0.109552965,-0.15818553,0.033147726,-0.022617748,0.06295917,-0.057016414,-0.13740689,-0.004262106,-0.14579026,-0.30852845,-0.3150803,-0.23849103,-0.15116723,-0.1380165,-0.10654145,-0.15166166
0.04781084,0.20226249,-0.06278346,0.13211404,0.35432592,0.16788138,0.0578851,0.23996034,0.122719094,0.17745592,0.09449685,0.18160097,-0.044272803,0.14917377,0.13824429,0.009941917,0.10848001,0.21329331,0.08183869,0.12877105,0.1675211,0.010868159,0.19807822,0.07560603,0.3474812,0.09983183,1.0,0.42087474,0.2950112,0.22278592,-0.057276774,0.07310899,0.09804044,0.11381911,0.22084096,0.043197926,0.13893904,0.0043494864,0.0825919,0.02190869,-0.0012973106,0.21003024,-0.17465238,-0.02623246,0.020640487,0.0146149155,-0.057733424,-0.043253332,0.11119944,0.049787838,0.124280386,-0.006090985,0.008309682,-0.2484727,0.018229611,-0.10460559,0.14847957,0.20121565,0.17008,0.151329,0.11127268,0.09709323,0.15004423,0.054705407,0.14508548,0.1310748,0.22265796,0.18298893,0.118670076,0.19720457,-0.0040335967,0.15144046,0.33782262,0.23143008,0.3328913,0.21672484,0.15690717,0.091394745,0.08861519,0.07552891,0.053414255,0.030091876,-0.0023767948,0.047248613,-0.04781677,-0.0652643,-0.3453522,-0.07552164,0.021475315,-0.19913904,0.04300274,-0.036595628,0.052658565,-0.080270715,0.16432875,0.089670934,0.033096366,0.10396114,-0.05874273,-0.054821815,0.08017275,-0.26918072,-0.062619984,-0.18200786,-0.18408039,-0.09950119,0.03418928,-0.14946492,-0.06214073,0.0442047,0.016407743,-0.118101895,0.1357082,0.008967974,0.040370245,0.11639758
0.27285817,0.35936883,0.16982599,0.31377822,0.3289301,0.059154365,0.27902818,0.35839882,0.110760294,0.09114374,0.24068964,0.20359173,0.09373286,0.1823037,0.23267846,-0.00096302934,0.19472075,0.3639609,0.25885668,0.24561374,0.25133505,0.11597656,0.29771337,0.23393092,0.02935506,-0.06630249,0.42087474,1.0,0.34133828,0.19774851,-0.124781094,0.05980887,0.3022063,0.26787853,0.33771053,0.15400228,0.23937678,0.089111574,0.22943412,0.1557025,0.12638555,0.19250843,0.03501481,0.17009118,0.2661984,0.21614592,0.19851078,0.14630516,0.2564149,0.21245947,0.23160009,0.15062605,0.13931774,-0.17359869,0.2334119,0.15244246,0.26768488,0.34499803,0.29486886,0.27165332,0.32206988,0.28649858,0.22227834,0.25760972,0.29784,0.35261953,0.3677202,0.34021482,0.26081347,0.27629912,0.013706538,0.106686085,0.36410743,0.269828,0.21274309,0.1923342,0.24721181,0.2683509,0.1762113,0.20625633,0.2574143,0.21696965,0.05459291,0.123594664,0.0631706,0.060421307,-0.09974736,0.10183364,0.16956912,0.023042249,0.21610394,0.112005316,0.21113192,-0.025996799,0.36824447,0.24337196,0.2363384,0.27477708,0.22972097,0.19947337,0.15396608,0.026584255,0.16038823,-0.028916627,0.027815225,0.01945857,0.062009647,-0.039318394,0.15192786,0.18359745,0.19472732,0.13586625,0.290493,0.14877722,0.2594831,0.28001162
0.57894623,0.5388535,0.54495883,0.6303632,0.44508284,0.21973923,0.60663486,0.7493321,0.36181235,0.3428642,0.4314222,0.6903938,0.420345,0.5308796,0.69867146,0.4354017,0.58392066,0.7327947,0.6455994,0.65356314,0.5027121,0.26204905,0.742915,0.62286216,0.044089213,-0.13384086,0.2950112,0.34133828,1.0,0.7335312,0.20164387,0.4223339,0.6323113,0.6401022,0.5869485,0.32529485,0.5013952,0.55790573,0.6397508,0.46461233,0.6892829,0.60314626,0.326077,0.35887447,0.44357097,0.43338063,0.49549386,0.36648926,0.3188557,0.3873561,0.3144093,0.35819313,0.4187268,0.19343106,0.5347642,0.5305644,0.5254789,0.5615972,0.53644156,0.33325958,0.5079981,0.46184584,0.4647709,0.63665426,0.4531304,0.49630496,0.72484416,0.66730064,0.65309143,0.6923652,0.40483198,0.34600595,0.87307674,0.5930859,0.5944554,0.5665257,0.65133345,0.6828623,0.55510014,0.5054898,0.59770465,0.7413546,0.5393591,0.54738194,0.51081145,0.54935277,0.1635782,0.47305074,0.41003233,0.39878795,0.4464448,0.5355899,0.43124855,0.35613212,0.52056164,0.6055544,0.62100184,0.5864687,0.52414787,0.4947355,0.4435909,0.29177648,0.6400478,0.55013347,0.59869653,0.589242,0.54863214,0.26988626,0.46813047,0.5815022,0.5925439,0.4250641,0.49490732,0.5233084,0.60767573,0.5888626
0.57891256,0.3173663,0.66404486,0.5300438,0.3092482,0.30059415,0.6275524,0.5498768,0.35883126,0.3257375,0.46561876,0.5090127,0.6572079,0.3586636,0.6282569,0.6849556,0.68024206,0.57596207,0.62749606,0.6765466,0.41938055,0.4351011,0.6754166,0.60725087,0.080570966,-0.0064375834,0.22278592,0.19774851,0.7335312,1.0,0.3124992,0.41137075,0.5902803,0.5100851,0.63354844,0.4869238,0.49884287,0.52203196,0.5470092,0.32480392,0.6328758,0.54636073,0.15714587,0.27235585,0.2743758,0.29852518,0.37384188,0.2727708,0.22304617,0.31311747,0.35581264,0.17375918,0.42991084,0.06497781,0.37065136,0.40657613,0.5867847,0.36591172,0.46975726,0.20030597,0.55773246,0.26444682,0.5915488,0.41230488,0.52198064,0.3631401,0.63157374,0.58226734,0.63183266,0.5519122,0.49300662,0.6110055,0.6163829,0.67225176,0.5291459,0.67011416,0.60577947,0.72095156,0.48779392,0.6557601,0.74173754,0.53003275,0.7307153,0.5024507,0.65918666,0.29639143,0.29742306,0.42221972,0.41168374,0.14630342,0.59447694,0.40739667,0.49074557,0.3916675,0.53723085,0.48357305,0.5929837,0.5991186,0.34648588,0.38954654,0.50671256,0.3393419,0.6164331,0.57558966,0.5620207,0.51647115,0.4690954,0.25473815,0.48475942,0.44138324,0.47387114,0.254381,0.4012715,0.39923385,0.51902324,0.55933785
-0.15065123,-0.44826603,0.24436276,0.04691965,0.21627927,0.70827585,0.12333226,-0.03444861,0.64992183,0.61850214,-0.38760087,-0.010696849,0.25823334,-0.26240703,0.40068907,0.63191926,-0.13573097,-0.15165487,-0.08493299,0.1431161,0.02764742,0.34096953,0.35524148,0.5343053,0.02369145,0.3319118,-0.057276774,-0.124781094,0.20164387,0.3124992,1.0,0.8016085,-0.17220636,-0.032824185,-0.11984479,-0.0073963115,-0.18180895,0.1806256,0.0045460872,-0.31838086,0.4708729,0.31516844,-0.17728509,-0.27835324,-0.31773698,-0.28745282,-0.15891936,-0.23974456,-0.48218262,-0.2931164,-0.45755476,-0.23447415,-0.20376192,0.1604596,-0.22732101,-0.1892173,-0.32426018,-0.42521927,-0.4024011,-0.66802645,-0.31166294,-0.34549952,-0.25414476,-0.06793148,-0.14881685,-0.20784594,-0.09573586,-0.12668025,-0.21406893,-0.2037788,0.76839036,0.51630133,0.09699317,0.2522906,0.19299768,0.41184267,-0.25580844,-0.02452093,0.06521126,-0.06582564,0.026130036,0.3614836,0.4719485,0.5397475,0.3072324,0.3934206,-0.07988609,0.11625431,-0.23825985,0.20898263,0.14078715,0.47704792,0.26884082,0.545568,-0.24994259,-0.12234029,-0.07739764,-0.07287528,-0.09003153,-0.053172316,0.14766723,0.022157827,0.29247054,0.45863944,0.49691817,0.3577203,0.2509717,0.34919196,0.10797186,-0.06720105,-0.15781039,-0.21993008,-0.17555411,-0.03770174,0.0564954,-0.110458225
