1.0,0.2986882,0.19072953,0.4704921,-0.0077925236,0.009307654,0.603453,0.027150428,0.10733739,0.067627236,0.6937011,0.16173393,0.502403,-0.045314178,0.20656353,0.3272981,0.12880263,0.049614243,0.70916784,0.19166912,0.174211,0.15438458,0.13609716,-0.29156375,-0.2872727,-0.22496894,0.03218403,-0.14139812,0.26129088,0.4184484,-0.12742616,-0.13670363,0.2884989,0.28370288,0.28853858,0.1971006,0.31482372,0.23915148,0.2276181,0.12791203,0.26545304,0.4401673,0.35756832,0.37462518,0.27747127,0.3807031,0.3872865,0.26738256,0.43574885,0.18269445,0.45045432,-0.0126120765,0.2911792,-0.024416607,0.39025533,0.26404813,0.660232,0.18678112,0.46070313,0.28368026,0.5931984,0.02722127,0.5185921,0.12462793,0.5839993,0.24110514,0.53861517,0.55445987,0.5463946,0.38928524,0.2360681,-0.33723578,0.17088228,0.21453927,0.3289905,0.041208155,0.06246671,0.38843387,0.3282851,0.34604588,0.60241586,0.034163795,0.006574451,-0.3900298,0.47410804,-0.028973266,0.058627643,-0.4244215,0.34398812,0.063716,0.2876738,0.12143228,0.26024854,0.0004738019,0.24034521,0.0066289655,0.22112106,0.1648134,0.28192553,0.13946167,0.2517293,-0.1231478,0.2674676,0.027947802,0.28808203,0.11104907,0.3991615,0.27783966,0.07108454,0.23906685,0.2604686,0.12029943,0.07110256,0.13372439,0.23476887,0.08631
0.2986882,1.0,-0.12787543,0.19425087,0.42053694,-0.1848493,-0.07005777,0.33682686,0.1858414,-0.4415,0.10908998,0.66635734,0.14024195,0.5455934,-0.16249895,-0.076900005,0.3050607,0.5003223,0.12558594,0.6154858,-0.18166634,-0.22797076,-0.38856715,0.11614379,-0.3141607,-0.22415486,0.16152908,-0.08396273,0.51800686,-0.11067893,0.1585729,-0.43592212,0.011923354,0.5556334,0.2348714,0.3131678,-0.16537401,0.26652965,-0.06451275,-0.07364422,0.3705084,0.2572973,0.076557286,0.34110236,0.2739828,0.5782217,0.17850001,0.26947245,0.28223622,0.50319266,0.010737915,0.35076874,-0.21229158,0.4443967,-0.14809513,0.51237065,0.44743305,0.88632905,0.31149295,0.6810893,0.1659556,0.44480443,0.033174455,0.83558154,0.11408205,0.59493566,0.49772906,0.24921122,0.6847938,0.25670522,-0.40918204,0.058608968,-0.17554899,0.02029481,-0.04497326,0.3259064,0.21471897,-0.30223456,0.38937858,0.38681045,0.26047668,0.6885245,-0.5831177,-0.13825035,-0.27122286,0.45265123,-0.33377305,-0.1205045,-0.30067033,0.55967766,0.05727983,0.46760237,-0.058315717,0.27539414,-0.20598866,0.10678105,0.170052,-0.024897983,0.1664564,0.33738893,-0.24539253,0.21653098,-0.059913002,0.09777903,0.20662759,0.15676434,0.3976231,0.5033613,0.14503652,-0.093063936,-0.018350206,0.2509065,0.20069975,0.2359111,0.35851657,0.21627006
0.19072953,-0.12787543,1.0,0.53779465,0.2719437,0.518332,0.67425716,0.4623678,0.49832124,0.1721275,0.16856188,0.16498409,0.54915315,0.30538672,0.6543192,0.31646428,0.46809816,0.10259344,0.4848888,0.33316898,0.24936712,0.556331,0.7339706,0.5635622,0.29565835,0.3588511,0.20910142,0.25443715,0.41459554,0.20638286,0.39422622,0.5322302,0.572189,0.42705518,0.52094287,0.34514996,0.5077572,0.18325396,0.51862293,0.3292541,0.30044952,0.049065303,0.24252173,-0.0017127199,-0.24412161,-0.27221304,0.3250404,0.19063556,-0.3672348,-0.34667537,-0.28127655,-0.2461259,0.04167622,-0.036987405,0.37181586,0.17523439,-0.062384486,-0.16561824,-0.22276519,-0.36252367,-0.31765702,-0.24710214,0.025748223,-0.18900833,-0.28042027,-0.25537485,-0.054971293,0.20619872,0.00901657,0.22613773,0.56855285,0.41736218,0.6633146,0.32310408,0.50424826,0.39638743,0.31110492,0.31360134,0.2161592,0.013652182,0.36621553,0.16449273,0.48394465,0.5011499,0.24554777,0.17156555,0.28029922,0.34715897,0.34309512,0.13455357,0.038420916,0.15987828,0.118141115,0.22160639,0.40878516,0.3757722,0.49091858,0.3916225,0.31616879,0.10606022,0.12133414,0.06767659,0.25919503,0.19238554,0.28367808,0.26645258,0.27868655,0.23331292,0.24788047,0.501077,0.40619174,0.18246205,-0.038878914,0.16438296,0.32993606,0.2471605
0.4704921,0.19425087,0.53779465,1.0,0.11164995,0.34630507,0.52634096,0.42816693,0.20892061,0.23417968,0.38311338,0.30091918,0.47986385,0.28706238,0.27327552,0.35899013,0.37220684,0.2100078,0.46137056,0.31082895,0.24596938,0.3748166,0.3636815,0.23061128,0.06828131,0.22463204,-0.060399488,0.08448193,0.35143167,0.27333164,0.29462302,0.27998194,0.3691094,0.4119553,0.36669517,0.24571441,0.36040398,0.365027,0.2707134,0.10074638,0.3183973,0.26714972,0.21905278,0.14916606,-0.12125946,-0.020981604,0.27240598,0.22978455,-0.051078588,-0.12358826,0.0051422976,-0.27525052,0.022411933,-0.04937983,0.21222644,0.22976783,0.26080602,0.09481755,-0.015568605,0.013950215,0.061085265,-0.08646757,0.1241059,0.06438387,0.13211758,-0.06981984,0.21097346,0.21328521,0.40641823,0.26026863,0.4431167,0.14124301,0.4185337,0.42684925,0.36720812,0.18871057,0.24232364,0.24437785,0.36087018,0.4246779,0.38668066,0.20147392,0.0488527,0.06515367,0.04343774,0.06304019,-0.039247394,-0.026782077,0.020646485,0.13661294,-0.027694745,0.11058564,0.027747706,0.058254227,0.25565118,0.08702012,0.28026688,0.16787882,0.17922652,-0.00844817,0.016096959,-0.14935909,0.025893345,-0.09620171,0.1828271,-0.009977283,0.18328209,0.28748545,0.11421936,0.28702816,0.27650988,0.043685004,-0.2850859,-0.06168084,0.120970294,0.09350372
-0.0077925236,0.42053694,0.2719437,0.11164995,1.0,0.06684175,0.0828682,0.27605104,0.6536332,-0.40720445,-0.22181115,0.37965852,0.1869143,0.5056669,0.25978774,-0.10600088,0.35625038,0.17893083,0.06769843,0.47653008,-0.136219,0.13282795,-0.14427102,0.3553246,0.041201834,0.04883452,0.4798136,0.2430826,0.5682334,-0.32537264,0.4470205,-0.12846355,0.07443576,0.33890906,0.17599267,0.17464717,0.26267406,0.21170138,0.17720988,0.08006981,0.35024104,0.057621844,0.0009162099,0.05942181,-0.112469696,0.1624693,0.052876957,0.12906098,-0.2539353,0.09197226,-0.34650227,0.13894187,-0.34999144,0.07792524,0.01620764,0.3777355,0.0072214277,0.4605557,-0.06340268,0.14767176,-0.19178747,0.14735113,-0.24969986,0.46717298,-0.32011572,0.2244161,0.048219986,0.1321547,0.24060334,0.033657458,-0.08942576,0.41746926,0.25241113,-0.02674798,0.104339406,0.32746133,0.3602971,-0.0021850402,0.22441879,0.13941872,0.08337227,0.5025337,-0.22737661,0.17952777,-0.18751465,0.37169197,-0.037927553,0.108981684,0.021541286,0.43,-0.028246129,0.3635214,-0.08942451,0.21464418,-0.09143747,0.19544028,0.29990658,0.07590466,0.29132697,0.35284922,-0.22720714,0.23651056,-0.013055423,0.18911846,0.12506995,0.28256232,0.31608963,0.38401347,0.30291113,0.08466034,-0.03357333,0.22095983,0.15701483,0.31112528,0.38095486,0.32393217
0.009307654,-0.1848493,0.518332,0.34630507,0.06684175,1.0,0.30310518,0.43085098,0.29900667,0.47320738,0.055862773,0.14221181,0.34540567,0.24613388,0.44529694,0.5334295,0.3091012,0.20399033,0.12284677,0.1277007,0.24106511,0.42425784,0.44989818,0.42800167,0.32991746,0.48986998,0.10708,0.23239085,0.19302641,0.27245116,0.28280422,0.5165454,0.39016792,0.3275268,0.289446,0.28204376,0.24779518,0.033110898,0.28719488,0.21579546,0.154609,-0.08356455,0.06560149,-0.18276097,-0.22629714,-0.3860952,0.10055814,0.053154867,-0.32350495,-0.34733,-0.29505238,-0.20053783,0.014755026,-0.07642762,0.12355319,-0.0332286,-0.19497813,-0.24479531,-0.37342468,-0.39220488,-0.2936665,-0.13441703,-0.103176326,-0.24235977,-0.21868315,-0.24516274,-0.13727486,0.06392158,-0.036520083,0.23882717,0.42143708,0.29636416,0.48301703,0.4660564,0.3842718,0.31180307,0.1415026,0.11465883,0.115062565,0.0929806,0.16391541,0.101114236,0.3237897,0.5036634,0.09311517,0.12190814,0.17193325,0.33442938,0.12536411,-0.026111847,-0.11670781,-0.075373925,0.027723022,-0.026734484,0.23987465,0.18014109,0.1371274,0.13616899,0.088562585,-0.102460004,0.040973898,-0.014125257,0.12410913,0.013117371,0.10387555,0.025095623,0.097946286,-0.044761907,0.18649231,0.395143,0.23185071,0.05415083,-0.19087334,-0.059059273,-0.015760278,0.012075582
0.603453,-0.07005777,0.67425716,0.52634096,0.0828682,0.30310518,1.0,0.33162996,0.33482984,0.26342142,0.51199394,0.10914775,0.655738,0.1136963,0.5311244,0.4422424,0.34009948,-0.030926045,0.70103824,0.2812659,0.3261382,0.49058703,0.54806685,0.17357275,0.037267666,0.1660145,0.13261174,0.12927856,0.34608206,0.37682518,0.12521328,0.26365387,0.47826597,0.33591223,0.48797944,0.34274325,0.518063,0.20471632,0.51963615,0.3674341,0.31830996,0.22761649,0.4792773,0.22931485,-0.11735343,-0.028877743,0.43663707,0.26310375,-0.09167196,-0.13427791,0.062408578,-0.08126658,0.18821555,-0.11729901,0.5178722,0.18004592,0.2055938,-0.13862652,0.056256957,-0.16324703,0.056421205,-0.26387578,0.286272,-0.19496374,0.13209237,-0.12412594,0.2580289,0.34877428,0.2229093,0.22215545,0.5179886,0.10752038,0.49989575,0.30511796,0.54003805,0.19637065,0.25037396,0.4038648,0.29967815,0.05234128,0.5749312,0.03388037,0.33127543,0.16847172,0.48469275,0.13637821,0.2493766,0.062427513,0.50366366,0.09758223,0.23306704,0.10574756,0.29136637,0.1122692,0.40065032,0.23952068,0.40677288,0.36736003,0.37840793,0.096091874,0.26240724,0.022557046,0.43105814,0.2298839,0.3958412,0.32507038,0.40620553,0.19886068,0.14067785,0.49900818,0.4329835,0.13342914,0.063967004,0.2266328,0.36159298,0.28909746
0.027150428,0.33682686,0.4623678,0.42816693,0.27605104,0.43085098,0.33162996,1.0,0.37694007,0.063377105,0.06839998,0.67761755,0.46641964,0.76916003,0.2945137,0.32343352,0.5772585,0.5688748,0.15868253,0.60133725,0.09035889,0.24947314,0.2158116,0.7237398,0.16893144,0.34184453,0.23567021,0.1916724,0.48433843,0.1518765,0.4488504,0.24162763,0.39578113,0.6326406,0.48140535,0.4930749,0.09137031,0.14282444,0.13348556,0.18823284,0.2969735,0.017814,0.114425644,0.06756566,-0.12893249,-0.17187653,0.26683864,0.26934546,-0.27717102,-0.15475367,-0.3987769,-0.03225285,-0.24978419,0.19709292,0.032887027,0.2668568,-0.1337508,0.23661444,-0.3855292,-0.03275889,-0.39628524,0.020809522,-0.17850782,0.2662608,-0.37359813,0.030181514,0.040352922,0.113185346,0.23487182,0.24303398,0.1161776,0.5260442,0.4033412,0.4485246,0.3871797,0.5121621,0.19322096,-0.18106456,0.44990408,0.2981552,0.2829071,0.62809837,-0.07396283,0.55597264,-0.1581694,0.5294565,-0.044975363,0.4452635,-0.051557936,0.36718577,-0.10249239,0.20254329,-0.10374741,0.15667385,0.055615872,0.3306131,0.2522604,0.17861834,0.18371475,0.11663634,-0.24890304,0.07906116,0.037589755,0.04790025,0.2430274,0.2507323,0.35706002,0.29624712,0.24152447,0.3192688,0.19219713,0.16118857,-0.06969864,0.13310821,0.20617747,0.2754385
0.10733739,0.1858414,0.49832124,0.20892061,0.6536332,0.29900667,0.33482984,0.37694007,1.0,-0.08955323,-0.09749569,0.2814497,0.3413964,0.3872131,0.61177087,0.22280638,0.37812498,0.11321093,0.22963037,0.36036512,-0.015964977,0.35873768,0.1971282,0.44222996,0.18375437,0.25448802,0.5561803,0.33500725,0.4469388,-0.044760272,0.47121772,0.15229228,0.27501574,0.35968688,0.34024873,0.28150412,0.458692,0.09725628,0.29807314,0.25796655,0.38005456,0.09943006,0.037718214,-0.07167382,-0.27916554,-0.0825372,0.07327217,0.056498155,-0.3423424,-0.21589875,-0.46089563,-0.09597589,-0.28292963,-0.19893558,0.20558348,0.13381886,-0.039152455,0.15035103,-0.10091107,-0.16834038,-0.22402349,-0.12884387,-0.15017647,0.09543467,-0.34059405,-0.12396023,-0.059448056,0.17539358,0.16334812,0.026925456,0.24923608,0.43652815,0.5204477,0.18147275,0.3774823,0.37073034,0.27242142,0.15411644,0.13809289,-0.052124746,0.13282147,0.28875035,0.04515988,0.31395474,0.07838077,0.22116587,0.19817035,0.18252854,0.29620928,0.12323847,-0.06813671,0.091252014,-0.080980234,-0.024070814,0.08198759,0.18399495,0.3525532,0.24299522,0.26226193,0.12503038,-0.23239991,0.071163066,0.013143448,0.051771626,0.04333611,0.25741255,0.2703894,0.26785004,0.28232443,0.37109885,0.13883203,0.10460458,0.01383922,0.25686908,0.29739013,0.37639976
0.067627236,-0.4415,0.1721275,0.23417968,-0.40720445,0.47320738,0.26342142,0.063377105,-0.08955323,1.0,0.23084094,-0.22101068,0.16165882,-0.23123656,0.26997602,0.6913831,-0.070797496,-0.1339504,0.09958712,-0.31893012,0.3889025,0.36827093,0.3737554,-0.123995274,0.2058373,0.41144967,-0.06406509,0.16984877,-0.2682063,0.45867452,-0.123093605,0.41323647,0.16703594,-0.08630713,0.12630995,0.0899195,0.2513419,0.09893894,0.2561097,0.26040807,-0.07285948,0.07124015,0.0052606147,-0.2617717,-0.31202647,-0.46848717,0.0057408377,-0.09415763,-0.19389112,-0.38294366,-0.041349567,-0.24843328,0.0506094,-0.33008778,0.1395832,-0.26644462,-0.17777877,-0.5578893,-0.18759048,-0.41346905,-0.05289889,-0.30380964,-0.021993784,-0.5998917,0.023085393,-0.42305064,-0.13762932,-0.05798044,-0.16002552,-0.0051927967,0.5125024,-0.106810555,0.2805689,0.46436036,0.3292497,-0.14942738,-0.037602846,0.23300225,-0.13785298,0.046754323,-0.007898647,-0.32458344,0.4012003,0.08267624,0.24999276,-0.18784417,0.26988044,0.08922018,0.14550519,-0.30030635,-0.047752507,-0.30204594,0.05991636,-0.2696737,0.33551198,-0.03559697,0.09190434,0.10748277,-0.032049414,-0.2565324,0.12488981,-0.32410032,0.12679982,-0.14858787,0.06790594,-0.118157126,-0.09452739,-0.19102453,-0.043108806,0.38885802,0.27796358,-0.04208373,-0.2746781,-0.19575103,-0.19178833,-0.059314836
0.6937011,0.10908998,0.16856188,0.38311338,-0.22181115,0.055862773,0.51199394,0.06839998,-0.09749569,0.23084094,1.0,0.2339969,0.6234411,0.031789545,0.10577627,0.3661364,0.34116358,0.28540853,0.57354665,0.12532286,0.19623667,0.18146007,0.16786762,-0.23097546,-0.2319906,-0.121527895,-0.07943143,-0.030627955,0.22677852,0.51306236,-0.14789782,-0.0019297729,0.35398167,0.24452002,0.20082562,0.111895606,0.25886375,0.14116973,0.14435112,0.17331728,0.096696734,0.28797814,0.28816894,0.2551831,0.17072123,0.16074587,0.32245103,0.1407808,0.27457076,0.037801836,0.39494458,-0.0034905025,0.2791768,-0.093095034,0.3453677,0.09517598,0.6067881,-0.014641346,0.14918804,0.027762052,0.4324475,-0.123046376,0.5774992,-0.023332639,0.46655148,0.07021639,0.3266726,0.36572018,0.34096798,0.25315365,0.3055709,-0.2574719,0.24617073,0.3461493,0.35649505,-0.033644024,-0.026609918,0.35131714,0.4672494,0.3650955,0.6355364,-0.026272828,0.04004451,-0.30614758,0.33608145,-0.17017917,0.12548582,-0.34903187,0.33750975,-0.03150233,0.23401995,-0.06884855,0.09508141,-0.14758597,0.2048579,-0.07259445,0.14097963,0.15219517,0.20335421,-0.022164274,0.26467368,-0.21176328,0.2732652,-0.049305573,0.16670959,0.009382931,0.28710103,0.16973071,-0.026994906,0.21104749,0.08984259,0.051213477,-0.023009764,0.026808802,0.15042783,0.11478274
0.16173393,0.66635734,0.16498409,0.30091918,0.37965852,0.14221181,0.10914775,0.67761755,0.2814497,-0.22101068,0.2339969,1.0,0.47103342,0.834349,0.05302835,0.11717653,0.60001403,0.76436454,0.18755847,0.72435844,-0.06421107,0.05458461,-0.10630311,0.48258463,-0.08560314,0.075423636,0.26805472,0.07103355,0.60260344,0.12712082,0.35192275,-0.07130648,0.3390468,0.693567,0.40949395,0.4135762,-0.06937957,0.19313492,0.0031264278,0.103427425,0.354633,0.13268143,0.13574648,0.26635456,0.049002584,0.20817862,0.3347516,0.34630707,-0.0845644,0.16399133,-0.2090124,0.18681088,-0.2758511,0.31479427,-0.040752083,0.51285595,0.21696812,0.56998163,-0.1837825,0.23448433,-0.15610118,0.19729234,-0.0044232663,0.6111903,-0.17943962,0.27578425,0.22292969,0.2397862,0.43220043,0.25283408,-0.114052616,0.33435124,0.16221757,0.34171572,0.20149629,0.5057513,0.23610716,-0.18275407,0.5979018,0.4843289,0.40316373,0.755557,-0.3456827,0.20971464,-0.28688926,0.4614628,-0.14214176,0.1982834,-0.17716463,0.5330226,0.050417744,0.39928624,-0.1246769,0.2320857,-0.035715085,0.26383743,0.28539366,0.14940974,0.3034856,0.34690255,-0.21307695,0.2026317,0.035593614,0.15424223,0.20757972,0.31029388,0.48580077,0.49794,0.24634719,0.14816779,-0.007648644,0.31080317,0.10693974,0.29414755,0.39621657,0.3648869
0.502403,0.14024195,0.54915315,0.47986385,0.1869143,0.34540567,0.655738,0.46641964,0.3413964,0.16165882,0.6234411,0.47103342,1.0,0.45009068,0.49553517,0.42226106,0.6880549,0.39944404,0.6148188,0.46028146,0.27349874,0.413614,0.36897865,0.30335507,0.074409105,0.2225122,0.18804714,0.20189813,0.57642925,0.42406186,0.24448527,0.25330147,0.64157087,0.59302306,0.49609295,0.33092913,0.43134353,0.14727007,0.35946092,0.2754151,0.26106614,0.120813735,0.19572102,0.08388754,-0.097324304,-0.083631046,0.33988783,0.13063762,-0.13813783,-0.22340368,-0.06438615,-0.17485203,-0.05454059,-0.12903988,0.40253228,0.19974831,0.3625789,0.0031144717,-0.18356237,-0.16718218,0.039006807,-0.14675859,0.30986232,0.03301641,-0.026732992,-0.133111,0.110407084,0.33704415,0.3141144,0.39357936,0.44596466,0.23880093,0.6408018,0.5322078,0.5821079,0.32958704,0.21471256,0.3002738,0.6106087,0.35025162,0.7302393,0.30071017,0.16251789,0.15528959,0.25403118,0.055189062,0.19837445,0.0815859,0.40114957,0.11754709,0.09881354,0.08089112,0.09657431,0.049404785,0.22648354,0.22781779,0.36844024,0.269808,0.35472235,0.08056305,0.08650627,-0.014075241,0.28396404,0.086413175,0.2935909,0.25907263,0.49518546,0.32221434,0.28686577,0.3827555,0.13305876,0.16026859,-0.029539332,0.18998316,0.35375232,0.29997784
-0.045314178,0.5455934,0.30538672,0.28706238,0.5056669,0.24613388,0.1136963,0.76916003,0.3872131,-0.23123656,0.031789545,0.834349,0.45009068,1.0,0.122622386,0.078058064,0.66398376,0.7074695,0.0954065,0.7590518,-0.019115042,0.13130005,-0.05524607,0.66043746,0.09842882,0.26392996,0.2857176,0.20935228,0.6601221,-0.044261947,0.5047321,0.05521524,0.30539322,0.69407654,0.4000974,0.40917435,0.008763822,0.21079208,0.055147283,0.08878779,0.34950396,0.015853513,0.06377943,0.121858954,-0.07733386,0.037325304,0.27711612,0.2995928,-0.28684953,0.016203027,-0.42984828,0.09317982,-0.4058527,0.27557892,-0.063009985,0.4734862,0.011669055,0.4949449,-0.36951655,0.11857223,-0.3698727,0.12531142,-0.18768148,0.56373566,-0.40857708,0.16007948,0.09013381,0.114160545,0.3397595,0.21339923,-0.1053245,0.5204665,0.27705956,0.33258554,0.2170913,0.5259901,0.294138,-0.24865434,0.56874347,0.36438292,0.31603482,0.7864167,-0.3197407,0.3997412,-0.3914114,0.5177584,-0.19760787,0.35439947,-0.19997455,0.54453665,-0.065948434,0.40628546,-0.18710658,0.23652758,-0.062293086,0.33349192,0.31756625,0.1441877,0.2874642,0.32057452,-0.31998184,0.20803137,-0.023665635,0.11742065,0.19394027,0.31783152,0.43498498,0.45406207,0.3046285,0.13747776,0.0147785265,0.2953294,0.064056575,0.28138217,0.39898136,0.39816943
0.20656353,-0.16249895,0.6543192,0.27327552,0.25978774,0.44529694,0.5311244,0.2945137,0.61177087,0.26997602,0.10577627,0.05302835,0.49553517,0.122622386,1.0,0.51355594,0.2790895,-0.025502037,0.42625007,0.18269739,0.3514626,0.45758432,0.6332942,0.3600578,0.2040488,0.22088034,0.31292468,0.16282563,0.27241662,0.3862118,0.16061686,0.38221136,0.5609161,0.30750886,0.5177793,0.40992668,0.47443587,0.043020938,0.5454045,0.45466292,0.17912094,0.08341849,0.113291286,-0.049265582,-0.2575959,-0.21553284,0.20846292,0.11796115,-0.34056577,-0.32430187,-0.22696252,-0.15279458,-0.036109433,-0.2351409,0.4329047,0.08029007,-0.01830429,-0.25228426,-0.12106183,-0.37461308,-0.15987487,-0.13654064,0.057376627,-0.29657617,-0.25442085,-0.3229832,-0.08543334,0.323474,-0.072194025,0.25412655,0.5531617,0.22955279,0.6636672,0.34115356,0.58505106,0.36302137,0.14759943,0.3751665,-0.023187118,-0.033522088,0.2986194,0.10672232,0.5744044,0.38758355,0.49705908,0.14044076,0.47343948,0.22913645,0.53534275,0.018586978,0.16006662,0.03421786,0.14915201,0.10928753,0.40776673,0.4179521,0.46183118,0.46933788,0.29810315,0.11176547,0.18958282,0.04037537,0.35418132,0.25250968,0.3075135,0.37057403,0.26234868,0.14990993,0.33006442,0.6035666,0.39637154,0.15943603,0.092271894,0.24362914,0.22347794,0.2627476
0.3272981,-0.076900005,0.31646428,0.35899013,-0.10600088,0.5334295,0.4422424,0.32343352,0.22280638,0.6913831,0.3661364,0.11717653,0.42226106,0.078058064,0.51355594,1.0,0.15409328,0.16620208,0.33498794,0.028536586,0.43145332,0.44763204,0.36419603,0.006759073,0.117687896,0.28769934,0.19898884,0.18999237,0.08008768,0.61875015,-0.030890442,0.25150722,0.43310335,0.29456574,0.4466695,0.42262048,0.34043357,0.188685,0.40306094,0.46611154,0.10783831,0.23417668,0.08820268,-0.051676244,-0.29618138,-0.24600098,0.13381301,0.09197933,-0.19769011,-0.23060651,-0.07466608,-0.09837113,-0.05261584,-0.2546814,0.23093578,0.035172615,0.04337255,-0.25011215,-0.08854841,-0.22556089,0.045622215,-0.19133215,0.059877176,-0.3126213,0.026597414,-0.2693704,0.077612944,0.22406754,0.12747942,0.17465241,0.4760568,-0.0731839,0.437227,0.5795172,0.4868565,0.19199274,0.033047624,0.23762615,0.04776133,0.25018078,0.25563157,0.06759101,0.31520554,0.12693857,0.38064888,0.118515104,0.3270081,0.04000931,0.30266944,-0.010361856,0.019554134,-0.15046176,-0.003933599,-0.19383948,0.29511526,0.13264453,0.2530195,0.28233448,0.07364079,-0.07877447,0.061600637,-0.25899884,0.22236352,-0.053209424,0.17206718,0.0682733,0.14227785,0.06754983,0.092493005,0.5516966,0.3661835,0.012237095,-0.13784964,-0.043050084,0.005749544,0.12457026
0.12880263,0.3050607,0.46809816,0.37220684,0.35625038,0.3091012,0.34009948,0.5772585,0.37812498,-0.070797496,0.34116358,0.60001403,0.6880549,0.66398376,0.2790895,0.15409328,1.0,0.5982513,0.253478,0.53820634,-0.024861118,0.28880855,0.17056735,0.54781675,0.09777212,0.3338561,0.28811157,0.34049964,0.698826,0.025991658,0.5153807,0.18531483,0.40140542,0.63039774,0.37441224,0.31319606,0.31084955,0.20612718,0.22511488,0.12675053,0.32775855,0.06534807,0.096963674,0.028821055,-0.118879154,-0.07042214,0.22667494,0.09139234,-0.20976749,-0.15185802,-0.32526895,-0.10668694,-0.18194628,0.08210974,0.15188874,0.20571946,0.20790355,0.23664065,-0.3268777,-0.07571188,-0.22378479,-0.022466738,0.040067486,0.30783194,-0.25740498,0.0057717725,0.03310577,0.10605219,0.34153754,0.30177295,0.169316,0.5222141,0.4993311,0.42076346,0.34223622,0.45366043,0.2966343,-0.04313172,0.6599189,0.29743645,0.48178548,0.45930058,-0.084641665,0.35360897,-0.20119953,0.19584166,-0.0075049987,0.277173,0.069282465,0.299718,-0.13465929,0.17287134,-0.11435028,0.10392102,0.026860531,0.20907559,0.28474912,0.0903089,0.2089918,0.044677462,-0.1805847,0.052176744,0.045938294,0.011517966,0.20580196,0.14799052,0.47723636,0.35753423,0.2269882,0.22915837,0.05025717,0.14188124,-0.088637374,0.15339169,0.35481915,0.23698448
0.049614243,0.5003223,0.10259344,0.2100078,0.17893083,0.20399033,-0.030926045,0.5688748,0.11321093,-0.1339504,0.28540853,0.76436454,0.39944404,0.7074695,-0.025502037,0.16620208,0.5982513,1.0,0.068856105,0.5128973,-0.00031968788,-0.0034950988,-0.09428575,0.37814537,0.014864316,0.11496432,0.12830718,-0.015699694,0.3932268,0.22612432,0.17874913,-0.026760034,0.35138103,0.60542077,0.3737093,0.37904632,-0.18852098,0.028852953,-0.13789509,0.08134764,0.061433353,-0.078389876,0.084840134,0.25418887,0.13594817,0.113262415,0.2953872,0.28870943,-0.097323425,0.05478417,-0.16580701,0.11768543,-0.1536212,0.2953166,-0.040945027,0.37846237,0.2522796,0.38121855,-0.26184645,0.14035594,-0.10984654,0.20916943,0.15622348,0.47662497,-0.14758192,0.1721489,0.13541786,0.25900388,0.27952835,0.22947462,-0.176361,0.14572474,0.11437774,0.30875483,0.15998746,0.41645387,-0.030203287,-0.19331725,0.5886061,0.49398515,0.39624053,0.623835,-0.25701514,0.17542838,-0.23337102,0.33090833,-0.07696219,0.09955281,-0.07749682,0.41404918,0.05491973,0.19622397,-0.19358823,0.05686403,-0.07861757,0.1707702,0.15898989,0.17152818,0.17172562,0.22276255,-0.1332596,0.05069625,0.0444686,0.02120516,0.086733505,0.14061889,0.30859306,0.37483004,0.22435576,0.100420386,-0.07066929,0.27975142,0.095255084,0.1617369,0.1632792,0.2597346
0.70916784,0.12558594,0.4848888,0.46137056,0.06769843,0.12284677,0.70103824,0.15868253,0.22963037,0.09958712,0.57354665,0.18755847,0.6148188,0.0954065,0.42625007,0.33498794,0.253478,0.068856105,1.0,0.34130523,0.21131317,0.40998974,0.43750978,0.015541938,-0.11577186,-0.07787365,0.092143156,0.034357015,0.3042395,0.45394012,-0.02651539,0.1452929,0.5595724,0.36028627,0.37407666,0.1806341,0.40567717,0.17494942,0.37241673,0.33693343,0.2650539,0.26361904,0.27010724,0.2063116,0.00198175,0.11226763,0.3337211,0.18552096,0.08785993,-0.0476933,0.18229602,-0.10492321,0.17915013,-0.14678791,0.45119005,0.24599642,0.42380714,-0.0077273315,0.22779796,-0.049127337,0.23925084,-0.14983454,0.43096295,-0.08227639,0.24806736,-0.06920069,0.24819043,0.3911506,0.31116864,0.28239155,0.46712753,-0.083785504,0.37914798,0.2620869,0.44063523,0.1633423,0.1833577,0.5165445,0.23337534,0.17553015,0.5959833,0.05651467,0.2689156,-0.06742879,0.4855425,-0.016073493,0.1705666,-0.10838396,0.4623159,0.05339341,0.29500356,0.15029813,0.30511597,0.12805003,0.29511902,0.18524416,0.3541931,0.3434198,0.37286556,0.16864297,0.28848237,0.015580465,0.3671057,0.21204805,0.291661,0.30435994,0.3775227,0.28812644,0.20838813,0.3345253,0.21560515,0.16353495,0.16660218,0.2800496,0.40779534,0.2966694
0.19166912,0.6154858,0.33316898,0.31082895,0.47653008,0.1277007,0.2812659,0.60133725,0.36036512,-0.31893012,0.12532286,0.72435844,0.46028146,0.7590518,0.18269739,0.028536586,0.53820634,0.5128973,0.34130523,1.0,0.06753345,0.19223672,0.03613913,0.5461346,-0.08702598,0.04368262,0.15064447,0.03745114,0.71188706,0.025855973,0.30959734,-0.03982436,0.37506178,0.75339633,0.56019485,0.527453,0.056056548,0.2362774,0.25446975,0.18299699,0.48451906,0.09490603,0.31313348,0.33449784,0.02953645,0.34017327,0.41857216,0.44592682,-0.07561848,0.3011171,-0.16824526,0.32107586,-0.18901612,0.33222592,0.17014477,0.59298974,0.16750711,0.5953756,-0.013403357,0.3059778,-0.197164,0.13594005,-0.004061713,0.5821574,-0.1467603,0.27158508,0.40602857,0.26147753,0.5086362,0.31480676,-0.100078695,0.3707822,0.15683484,0.21776329,0.22423534,0.494695,0.4383552,-0.050001122,0.4949474,0.22889476,0.52588475,0.80555564,-0.26129657,0.3513287,-0.14049226,0.6177676,-0.2809534,0.30606836,-0.05661273,0.6203385,0.20990717,0.5150826,0.16081208,0.41914123,-0.004850918,0.40899524,0.3837444,0.28839296,0.4311534,0.42952004,-0.033829633,0.39294177,0.22950192,0.3702359,0.34485942,0.41288564,0.5477393,0.4192576,0.33277202,0.09708783,0.13683279,0.35414094,0.28302756,0.35556176,0.5434166,0.4630358
0.174211,-0.18166634,0.24936712,0.24596938,-0.136219,0.24106511,0.3261382,0.09035889,-0.015964977,0.3889025,0.19623667,-0.06421107,0.27349874,-0.019115042,0.3514626,0.43145332,-0.024861118,-0.00031968788,0.21131317,0.06753345,1.0,0.23862611,0.38912266,-0.022215448,0.1853722,0.051480588,-0.34066328,-0.2966429,-0.055462506,0.5686033,-0.3550593,0.13445109,0.34908876,0.16033176,0.43858433,0.42724285,0.010136281,-0.064003624,0.32159054,0.36983752,0.059557542,-0.09400963,0.34226394,0.17402998,-0.010948477,-0.04026414,0.4025828,0.3995808,-0.10573351,-0.11362083,0.13679686,0.093915194,0.11997373,-0.034246743,0.41974133,0.19950597,0.076297574,-0.25333998,-0.07218055,-0.16833615,0.07339872,-0.06025255,0.19265977,-0.30439293,0.07672087,-0.20214263,0.21094805,0.3632295,-0.018082105,0.21138683,0.22133866,-0.22532971,0.16675214,0.24548209,0.45756918,-0.042533074,-0.15163606,0.17806306,-0.044875156,0.19181553,0.29630265,0.06325269,0.37863782,0.16078612,0.47381556,0.13765116,0.07458846,0.08359426,0.35401648,0.043676995,0.4124502,0.05753755,0.3254833,0.16964284,0.47493824,0.37841344,0.35511106,0.49278134,0.29373553,0.1719374,0.4133463,-0.016662247,0.47768512,0.30391136,0.30775118,0.28744093,0.13396928,-0.039552104,0.3963109,0.47170985,0.47822487,0.20051739,0.16198435,0.13276066,0.06700627,0.19525106
0.15438458,-0.22797076,0.556331,0.3748166,0.13282795,0.42425784,0.49058703,0.24947314,0.35873768,0.36827093,0.18146007,0.05458461,0.413614,0.13130005,0.45758432,0.44763204,0.28880855,-0.0034950988,0.40998974,0.19223672,0.23862611,1.0,0.4710489,0.26994222,0.35648212,0.42377737,0.20415454,0.385211,0.2379104,0.22257666,0.26449302,0.504429,0.3961681,0.18557897,0.30846062,0.14810382,0.5954538,0.25681338,0.48950204,0.4084516,0.28678635,0.17340924,0.13550426,-0.13087064,-0.4278043,-0.342445,0.07936457,0.01825617,-0.34001824,-0.36528432,-0.2816542,-0.28091532,-0.03847026,-0.2767844,0.3308629,0.05937365,-0.14435233,-0.2929926,-0.19462554,-0.3932309,-0.20258611,-0.4989651,-0.05065641,-0.31870276,-0.13136373,-0.40738472,-0.08861763,0.0016548325,0.085564286,0.07621207,0.6044627,0.28953448,0.52205646,0.36208296,0.31395638,0.17257597,0.34140235,0.45519978,0.12813643,-0.037029263,0.25637248,0.006205465,0.33039632,0.3012454,0.16767485,0.007403769,0.14554557,0.31753743,0.2741219,-0.005377968,-0.051694043,-0.048192497,0.13491565,-0.06307732,0.26404694,0.0645896,0.2950234,0.26947832,0.15764703,-0.015327148,0.084771514,-0.13704884,0.21453567,0.07022642,0.14902337,0.14411846,0.20129238,0.06557654,0.09618889,0.34077042,0.17867628,-0.04774342,-0.17282072,0.04117617,0.20410109,0.23151301
0.13609716,-0.38856715,0.7339706,0.3636815,-0.14427102,0.44989818,0.54806685,0.2158116,0.1971282,0.3737554,0.16786762,-0.10630311,0.36897865,-0.05524607,0.6332942,0.36419603,0.17056735,-0.09428575,0.43750978,0.03613913,0.38912266,0.4710489,1.0,0.36988404,0.27785024,0.28272855,-0.0514883,0.093340665,0.056793895,0.46604475,0.057381198,0.64722025,0.62394994,0.22199255,0.45490944,0.30265054,0.3839869,-0.020223485,0.48847133,0.41812608,0.020071823,0.0133383125,0.22097525,-0.0031713732,-0.15035607,-0.31767884,0.28939268,0.1600217,-0.27216434,-0.37919173,-0.069014564,-0.2829144,0.27410555,-0.11075302,0.44841933,0.017116621,-0.077235565,-0.46491155,-0.16582279,-0.5016937,-0.20082235,-0.27769333,0.1881351,-0.5059003,-0.12504812,-0.41592214,-0.14900312,0.23845904,-0.2382958,0.22241385,0.6892022,0.15931681,0.5605915,0.24541728,0.5255742,0.23309076,0.08436557,0.43175864,-0.072306484,-0.086018376,0.26300564,-0.11593785,0.78184724,0.45226118,0.50637394,0.0052776067,0.42621604,0.3007161,0.4607343,-0.063783795,0.17544782,-0.017650256,0.2308334,0.18631098,0.52528316,0.3648991,0.37659964,0.44684142,0.21871898,0.008978874,0.3606203,0.015306448,0.3664209,0.25332528,0.2700213,0.24329399,0.06569569,0.03313508,0.18458536,0.53715515,0.4435833,0.12283877,0.016246982,0.094700634,0.12487971,0.13424206
-0.29156375,0.11614379,0.5635622,0.23061128,0.3553246,0.42800167,0.17357275,0.7237398,0.44222996,-0.123995274,-0.23097546,0.48258463,0.30335507,0.66043746,0.3600578,0.006759073,0.54781675,0.37814537,0.015541938,0.5461346,-0.022215448,0.26994222,0.36988404,1.0,0.27502245,0.43946442,0.22365087,0.23818846,0.48009342,-0.08604943,0.5484815,0.40969938,0.37387764,0.5135616,0.39020061,0.36437014,0.11811919,0.027576389,0.19859423,0.16342324,0.26628128,-0.1740388,0.06952736,-0.05312868,-0.18461068,-0.2564527,0.18857132,0.18175104,-0.42934015,-0.22359826,-0.52627593,-0.06758599,-0.22177336,0.20566192,0.05003369,0.19804534,-0.3394265,0.120149635,-0.4709574,-0.209472,-0.6451856,-0.012154128,-0.29772,0.16433175,-0.592466,-0.08285975,-0.19313374,-0.03841844,-0.02983996,0.16970281,0.16419502,0.7400561,0.43063638,0.23653765,0.26696277,0.5515633,0.2995462,-0.15328245,0.27026236,-0.03438253,0.12888306,0.49813473,0.11595996,0.79027,-0.23286179,0.44016132,0.0103579825,0.6695145,-0.053800613,0.30081236,-0.10909611,0.2653852,-0.004000057,0.34035048,0.06980382,0.4339255,0.26446363,0.2022994,0.21249826,0.15189733,-0.13042486,0.31910408,0.0549542,0.24695498,0.185519,0.30979276,0.26552454,0.22304231,0.29039574,0.2393783,0.13387571,0.17018741,0.009803905,0.19510908,0.25559223,0.23532355
-0.2872727,-0.3141607,0.29565835,0.06828131,0.041201834,0.32991746,0.037267666,0.16893144,0.18375437,0.2058373,-0.2319906,-0.08560314,0.074409105,0.09842882,0.2040488,0.117687896,0.09777212,0.014864316,-0.11577186,-0.08702598,0.1853722,0.35648212,0.27785024,0.27502245,1.0,0.3747724,0.01130789,0.27409238,-0.04759508,0.0035615761,0.20625915,0.5037053,0.17061873,0.017216658,-0.013340426,-0.05716818,0.17308162,-0.058826804,-0.021701818,0.052714687,-0.018221105,-0.30083662,-0.14623727,-0.32540494,-0.25454625,-0.51238227,-0.07851007,-0.12810451,-0.3388722,-0.49131534,-0.3332804,-0.40565786,-0.11428693,-0.177264,-0.0014730543,-0.09621578,-0.37099087,-0.3453954,-0.40242618,-0.4438878,-0.39684644,-0.28103942,-0.17382984,-0.29271546,-0.3059193,-0.40517166,-0.4356071,-0.18074383,-0.23672454,0.07090416,0.26313534,0.26533765,0.37121743,0.1761938,0.15906769,0.06857438,-0.07204535,-0.017612275,-0.084300585,-0.080933325,-0.11491545,-0.07568619,0.30089504,0.2962743,-0.066734046,-0.15049465,0.018098833,0.25676715,0.031415712,-0.13429742,-0.2242451,-0.12608224,-0.13211545,-0.13808067,0.031384185,-0.06238345,0.0022051795,0.015996523,-0.026528193,-0.096335925,-0.034157254,-0.196914,-0.055015136,-0.11975131,-0.08104483,-0.035909917,-0.060541686,-0.036109492,0.081180654,0.19213971,-0.06774118,-0.09059278,-0.32005975,-0.1507065,-0.24096282,0.031155432
-0.22496894,-0.22415486,0.3588511,0.22463204,0.04883452,0.48986998,0.1660145,0.34184453,0.25448802,0.41144967,-0.121527895,0.075423636,0.2225122,0.26392996,0.22088034,0.28769934,0.3338561,0.11496432,-0.07787365,0.04368262,0.051480588,0.42377737,0.28272855,0.43946442,0.3747724,1.0,0.22750846,0.5088666,0.22639264,-0.077640235,0.47094277,0.55831254,0.1686707,0.19812049,0.1713593,0.13762915,0.33480763,0.28687754,0.20241718,0.10051902,0.11863631,-0.06313765,-0.059207343,-0.31817392,-0.47419882,-0.49951348,-0.008948261,-0.06764671,-0.4835935,-0.43268645,-0.50878155,-0.31798297,-0.22648187,-0.07882297,-0.08448259,-0.062290937,-0.3998566,-0.2499281,-0.45760778,-0.3947891,-0.50347495,-0.34978408,-0.34469813,-0.20177199,-0.45919636,-0.33221588,-0.28194478,-0.2509829,-0.089104414,-0.112033226,0.36359635,0.49492365,0.39991698,0.36684513,0.20068674,0.17633069,0.36359763,0.033635285,0.16145512,-0.02077997,-0.022581628,0.0723993,0.1795641,0.4521833,-0.23712286,0.08187496,0.074030794,0.4562378,-0.071972035,0.050620828,-0.3113864,-0.008289647,-0.106493,-0.0071856785,0.018022776,0.054936465,0.1447921,0.05293694,0.009928495,-0.08704544,-0.26276368,-0.07260784,-0.17235366,-0.14724556,-0.031448744,-0.060948413,-0.0055014477,0.046137743,0.028666716,0.17425759,0.12840459,0.021993125,-0.29325014,-0.08464366,0.024347698,0.03851585
0.03218403,0.16152908,0.20910142,-0.060399488,0.4798136,0.10708,0.13261174,0.23567021,0.5561803,-0.06406509,-0.07943143,0.26805472,0.18804714,0.2857176,0.31292468,0.19898884,0.28811157,0.12830718,0.092143156,0.15064447,-0.34066328,0.20415454,-0.0514883,0.22365087,0.01130789,0.22750846,1.0,0.51925504,0.34243077,-0.15059306,0.45751983,-0.029097626,0.056888137,0.17032325,0.12077321,0.10635996,0.41137463,0.2546078,0.16603403,0.20648633,0.21561913,0.26578563,-0.18223912,-0.13865471,-0.33974534,-0.09319905,-0.10286779,-0.13532946,-0.22807334,-0.0966717,-0.3945031,-0.08406622,-0.37822592,-0.18910469,-0.039121382,0.056498207,-0.13854286,0.13172652,-0.063245915,-0.050871342,-0.19686168,-0.11315778,-0.28750935,0.12797195,-0.2860758,-0.009232778,-0.13848057,0.004540822,0.074650906,-0.09402193,0.16461132,0.36797658,0.3045374,0.12955628,0.07466334,0.31036046,0.3161969,0.08316526,0.09962672,0.0016937333,-0.050909914,0.2081058,-0.0728256,0.106077366,-0.103511564,0.15966232,0.23440173,0.107800186,0.113565356,0.16659041,-0.21105166,0.08632885,-0.15253402,-0.07491112,-0.09258927,0.031536374,0.18100435,0.013184299,0.051901255,0.077311665,-0.34914362,0.0242562,-0.1219638,-0.06781602,0.017123392,0.115479685,0.23692307,0.21522394,-0.04318365,0.20143041,-0.01030213,0.022329694,0.005434567,0.14963064,0.28090426,0.12352913
-0.14139812,-0.08396273,0.25443715,0.08448193,0.2430826,0.23239085,0.12927856,0.1916724,0.33500725,0.16984877,-0.030627955,0.07103355,0.20189813,0.20935228,0.16282563,0.18999237,0.34049964,-0.015699694,0.034357015,0.03745114,-0.2966429,0.385211,0.093340665,0.23818846,0.27409238,0.5088666,0.51925504,1.0,0.29141828,-0.22573678,0.55436856,0.28928563,0.051665455,0.11739838,-0.080820434,-0.09059629,0.5084044,0.3231519,0.19215979,0.13782789,0.1522085,0.17557889,-0.3056824,-0.40087548,-0.47389787,-0.3529414,-0.30908227,-0.3424121,-0.31172237,-0.28624877,-0.46284243,-0.27128705,-0.31837615,-0.31459123,-0.09606795,-0.13056134,-0.24798685,-0.09719924,-0.2788187,-0.27043268,-0.32706714,-0.30574468,-0.35446057,-0.08429232,-0.3226362,-0.22159913,-0.35789564,-0.3589265,0.03897527,-0.15595052,0.3235349,0.44971758,0.39868674,0.21620934,0.09239904,0.1457614,0.4072463,0.07666529,0.11861559,-0.08384362,-0.095931105,0.0023161084,0.008900743,0.18380755,-0.26640415,-0.05272987,0.122081935,0.2444274,-0.05521906,0.023962552,-0.4311436,-0.025837597,-0.2450505,-0.15738708,-0.19413602,-0.19997041,-0.010763588,-0.21788141,-0.08794253,-0.15887725,-0.37692204,-0.04961817,-0.28067908,-0.24949098,-0.13176076,-0.11930006,0.0165408,0.10676665,-0.23288508,0.048904415,-0.157882,-0.22215368,-0.34929588,-0.09964781,0.09687387,0.00023719302
0.26129088,0.51800686,0.41459554,0.35143167,0.5682334,0.19302641,0.34608206,0.48433843,0.4469388,-0.2682063,0.22677852,0.60260344,0.57642925,0.6601221,0.27241662,0.08008768,0.698826,0.3932268,0.3042395,0.71188706,-0.055462506,0.2379104,0.056793895,0.48009342,-0.04759508,0.22639264,0.34243077,0.29141828,1.0,-0.13924223,0.5672452,0.056392714,0.32621884,0.7050253,0.40181723,0.38527676,0.37864244,0.46117336,0.361217,0.12887225,0.5943735,0.27387094,0.12645295,0.08152507,-0.09575308,0.18039201,0.24140078,0.19726305,-0.0875039,0.11738481,-0.1887805,0.10033734,-0.23340286,0.2495506,0.06466544,0.45601234,0.20677942,0.5260983,-0.039035622,0.22449067,-0.17948192,0.051723883,-0.09599436,0.54705584,-0.1714945,0.29953876,0.24320948,0.1371613,0.5259394,0.3862424,0.09652877,0.5367561,0.385124,0.32783377,0.23266174,0.50199634,0.599403,-0.012505695,0.54660577,0.30350712,0.48799917,0.65158564,-0.17613487,0.27005962,-0.21057582,0.43720183,-0.15309922,0.22852573,-0.08448695,0.5508135,-0.0914163,0.45484462,-0.0053788046,0.3629015,-0.04469276,0.26495883,0.36450052,0.064339444,0.25853807,0.25351053,-0.17300023,0.23212902,0.03804647,0.15107517,0.34884518,0.21072066,0.55642104,0.4843067,0.19292867,0.10074862,0.11239072,0.17633146,0.017155021,0.19551964,0.53521603,0.22983305
0.4184484,-0.11067893,0.20638286,0.27333164,-0.32537264,0.27245116,0.37682518,0.1518765,-0.044760272,0.45867452,0.51306236,0.12712082,0.42406186,-0.044261947,0.3862118,0.61875015,0.025991658,0.22612432,0.45394012,0.025855973,0.5686033,0.22257666,0.46604475,-0.08604943,0.0035615761,-0.077640235,-0.15059306,-0.22573678,-0.13924223,1.0,-0.39905748,0.12486956,0.5919008,0.25094673,0.45021218,0.37288478,0.033760637,-0.16762945,0.17119332,0.46269566,-0.09933799,-0.011456478,0.26575926,0.23520525,0.12653385,-0.009133,0.35750085,0.29108635,0.026629755,-0.11850973,0.29026252,-0.009156332,0.29513457,-0.15901637,0.49288854,0.091016114,0.32335114,-0.295317,0.0004661761,-0.19412652,0.30768,-0.06486068,0.5216328,-0.34637594,0.26893362,-0.22818701,0.16841279,0.52699393,0.0020903726,0.28477314,0.38355833,-0.3565383,0.24464436,0.3579417,0.5370675,0.05241322,-0.29260898,0.3976768,0.098349184,0.29733163,0.4376007,-0.030901391,0.42876905,0.0065247146,0.6401058,-0.035276696,0.31962657,-0.082922824,0.51958036,-0.12840755,0.42896947,-0.16449168,0.24737631,-0.091259524,0.47197914,0.1790837,0.22345747,0.46269065,0.24643071,0.045541413,0.44007865,-0.089782655,0.4949537,0.19395974,0.23576894,0.23198625,0.1365776,-0.016018553,0.22860801,0.5442454,0.3251318,0.15484914,0.17330544,0.11857879,-0.012160505,0.18129621
