1.0,0.86765826,0.86864513,0.8682727,0.83341604,0.85492086,0.8694632,0.8689583,0.8364456,0.86075616,0.8626728,0.85673004,0.8587003,0.8611491,0.7962687,0.79751015,0.87659335,0.8478532,0.8738511,0.84220815,0.8638047,0.8583983,0.86930794,0.8620654,0.8511722,0.8422943,0.8212035,0.8251132,0.8475591,0.8563679,0.86931103,0.8689922,0.8701095,0.8684479,0.8540004,0.83275944,0.8607295,0.85767734,0.8624752,0.86226463,0.86448747,0.8610687,0.6017005,0.43972445,0.30017817,0.1503943,0.7958071,0.83477527,0.040383857,0.22776575,0.4298447,0.0044342135,0.5852564,-0.0039108875,0.85230446,0.8554942,0.84797186,0.82858765,0.29264638,0.7113191,0.6849366,0.7686684,0.61678463,0.82842994,0.13851275,0.74896145,0.7829881,0.8235832,0.77090305,0.78009313,0.8642607,0.8608464,0.8675478,0.8663565,0.8590648,0.85500956,0.8682298,0.8638294,0.87473005,0.8610027,0.86032975,0.8417944,0.7981991,0.79793817,0.8139937,0.7353439,0.8436928,0.83085465,0.828086,0.81147194,0.73417926,0.7458368,0.5075322,0.61735,0.83162713,0.8323908,0.8579848,0.81124204,0.6450022,0.78887796,0.6587592,0.6142114,0.81821984,0.83380663,0.830662,0.805611,0.059245665,0.7259641,0.6320036,0.8168205,0.80378556,0.14134417,-0.0950037,0.350941,0.499155,0.60328174
0.86765826,1.0,0.88824296,0.8898143,0.8633938,0.8731343,0.8872498,0.8886522,0.8600622,0.8764734,0.86961365,0.8840282,0.8721877,0.8853451,0.8015544,0.8427796,0.85416496,0.8830839,0.88879037,0.8744801,0.87721616,0.8777851,0.8847924,0.8840622,0.87274486,0.8673562,0.84551924,0.84951854,0.8653996,0.8830866,0.88519686,0.8870054,0.8883754,0.8874564,0.856895,0.8454636,0.87719417,0.883123,0.87697345,0.87906855,0.8765964,0.88358665,0.5889068,0.526305,0.2743057,0.116157465,0.7832163,0.8362193,0.08380486,0.2332497,0.43788767,0.017504983,0.5723722,-0.08283237,0.8593993,0.8810491,0.8154808,0.872599,0.2778197,0.7075434,0.632403,0.77631253,0.5677282,0.8553427,0.11278023,0.77710927,0.76559496,0.8465547,0.75704324,0.7999751,0.8815298,0.877496,0.88183886,0.8864444,0.878218,0.87848175,0.8857549,0.8855637,0.85450405,0.8807955,0.8338198,0.88371634,0.8026844,0.8432462,0.803758,0.8130922,0.8503484,0.86202365,0.8253898,0.8597986,0.7461414,0.72642905,0.52008057,0.6630801,0.8520511,0.8560728,0.855914,0.83018106,0.6535329,0.79360473,0.66441005,0.60456705,0.8344581,0.8331961,0.8393473,0.8056443,0.08538451,0.6875385,0.65158755,0.8358315,0.8069668,0.19355297,-0.13098828,0.37686673,0.5244273,0.6053482
0.86864513,0.88824296,1.0,0.8921134,0.8719914,0.8791247,0.8913249,0.8944028,0.8727959,0.88619083,0.875885,0.8869373,0.8830431,0.89221627,0.8265958,0.8516135,0.8574034,0.8809656,0.88953394,0.8637589,0.88155407,0.88329446,0.89332885,0.89232767,0.88269943,0.87847537,0.85124564,0.8560663,0.87577814,0.8881507,0.89113337,0.89144236,0.8890231,0.88578224,0.84848464,0.84590584,0.88058805,0.8871417,0.87989473,0.8837285,0.88235617,0.88535315,0.61541134,0.5211767,0.2989749,0.13307832,0.798507,0.8430157,0.060819328,0.24875626,0.45087174,-0.002291935,0.5744178,-0.08392777,0.8584402,0.88377565,0.81874645,0.85054624,0.29491985,0.6892631,0.619642,0.7695547,0.583225,0.85676795,0.12102649,0.75709116,0.78076315,0.84695417,0.74935126,0.79062593,0.88778603,0.8817626,0.8877018,0.8896224,0.88555574,0.8820698,0.88914716,0.8887562,0.8570751,0.886202,0.8415956,0.87716305,0.8199757,0.8467812,0.8131312,0.80944747,0.8531336,0.8693524,0.83618474,0.8628018,0.748633,0.73307055,0.5328654,0.6489929,0.852371,0.86004084,0.86252856,0.8307859,0.67193717,0.8081774,0.66834325,0.62283343,0.84863013,0.8428009,0.84753746,0.81260717,0.103166655,0.6986878,0.6576879,0.84038305,0.8104327,0.19352248,-0.12011799,0.3849426,0.53353584,0.6021999
0.8682727,0.8898143,0.8921134,1.0,0.87523484,0.8820982,0.8920955,0.89285517,0.8742637,0.8835843,0.87902904,0.8879764,0.8848624,0.8918137,0.8258249,0.8564388,0.85890466,0.8853695,0.89258724,0.87689996,0.88500494,0.88562393,0.89096135,0.8909077,0.88169396,0.8784165,0.85817033,0.86156493,0.8790087,0.8879231,0.8905122,0.8910485,0.8918829,0.8900072,0.84809923,0.8364564,0.88310707,0.8891233,0.88353556,0.8853658,0.8838131,0.88860977,0.6031701,0.52828896,0.2695368,0.13601756,0.7775674,0.8278277,0.08542277,0.21871313,0.42230672,0.031117633,0.56746477,-0.082528755,0.8636987,0.88521147,0.81240696,0.8591396,0.2686483,0.70017767,0.613464,0.7595785,0.57112676,0.8464211,0.09530884,0.76523393,0.75841504,0.8415917,0.7391846,0.8068514,0.8876916,0.88446075,0.88717055,0.8898484,0.8851368,0.88506347,0.8901724,0.8903093,0.8616495,0.88653713,0.8460606,0.8798262,0.825712,0.8557386,0.8180913,0.81748784,0.855351,0.87215894,0.83604527,0.8654375,0.7421056,0.7301456,0.534597,0.650938,0.8590997,0.85903174,0.8579277,0.83522964,0.6504026,0.7981617,0.6575661,0.61670846,0.83395904,0.84133554,0.84046406,0.811637,0.08521806,0.68974483,0.658431,0.8383156,0.7951267,0.19326751,-0.12318508,0.38613573,0.51848805,0.60444564
0.83341604,0.8633938,0.8719914,0.87523484,1.0,0.8887339,0.87939006,0.8731202,0.89073545,0.883984,0.88233125,0.8862995,0.8823405,0.88111746,0.86431545,0.8839459,0.84384423,0.88033664,0.87189925,0.8561042,0.88489693,0.88767576,0.87653786,0.880957,0.8846534,0.8898683,0.88610417,0.88700455,0.89043367,0.88224715,0.8795092,0.8776995,0.8766799,0.8771325,0.798226,0.7776932,0.8756822,0.88161296,0.88166803,0.8856674,0.88308966,0.8817591,0.6228222,0.53134024,0.18174262,0.15165633,0.72460264,0.78179026,0.16891739,0.15109,0.31447545,0.08902868,0.5723455,-0.1495665,0.8640195,0.8776116,0.75359726,0.8262419,0.21523556,0.6726101,0.5381143,0.71443427,0.5428525,0.8084706,0.019113993,0.76054955,0.6873315,0.7980045,0.65345305,0.766254,0.88425934,0.8801447,0.8798604,0.87815136,0.88296694,0.88531464,0.88091487,0.88327956,0.8385474,0.8774873,0.8402101,0.85564035,0.86044425,0.87207633,0.8254189,0.8157283,0.85506374,0.876189,0.84653175,0.86999345,0.70239437,0.7024515,0.50831085,0.65326923,0.8635622,0.8562548,0.8485517,0.85153466,0.59414995,0.78501153,0.6319509,0.6320097,0.8026944,0.84615153,0.8290574,0.8225269,0.05272718,0.6513293,0.65464675,0.8108825,0.7524243,0.17240484,-0.12443463,0.39195994,0.46158442,0.5991359
0.85492086,0.8731343,0.8791247,0.8820982,0.8887339,1.0,0.8842574,0.8808613,0.88673824,0.8905002,0.8841994,0.88712823,0.886659,0.88597053,0.8584588,0.8717885,0.8560615,0.88322985,0.88080287,0.866495,0.8884615,0.88837725,0.88392097,0.88454807,0.8861703,0.88852787,0.88398224,0.88628095,0.8897269,0.88511807,0.8865729,0.8862404,0.8856231,0.8857614,0.8196948,0.800119,0.88268036,0.88763845,0.88841224,0.890195,0.88756573,0.88675576,0.6244833,0.5089697,0.21922968,0.14657183,0.749258,0.7977244,0.14945073,0.15454164,0.35054883,0.08446918,0.59716827,-0.1025335,0.87268734,0.88330925,0.7788842,0.8335776,0.23931128,0.69596666,0.56932485,0.7258861,0.5695633,0.8234523,0.05086857,0.76242006,0.7144527,0.81400925,0.6925478,0.7822974,0.8880923,0.8887067,0.8853016,0.8848865,0.8863467,0.8885567,0.88707274,0.88927263,0.8572218,0.88558686,0.85091525,0.8622997,0.85807544,0.8667932,0.82307917,0.8074829,0.86293995,0.87858367,0.85013354,0.8650753,0.7113031,0.72788125,0.53123045,0.65155596,0.8694131,0.8638674,0.8638285,0.8580933,0.6052816,0.79928195,0.6537929,0.63805485,0.8103876,0.85391533,0.832019,0.8241982,0.031432483,0.6707596,0.6803814,0.8293257,0.7778118,0.16434388,-0.09912814,0.38243547,0.46367413,0.6074878
0.8694632,0.8872498,0.8913249,0.8920955,0.87939006,0.8842574,1.0,0.8918203,0.8797636,0.88776505,0.88576454,0.8901471,0.88876164,0.8919696,0.8371061,0.859968,0.8666922,0.883835,0.891355,0.867222,0.8878265,0.88852274,0.8912118,0.8910749,0.8835805,0.88208765,0.86129737,0.8651585,0.88246596,0.88856274,0.89103705,0.88937277,0.8905795,0.8883682,0.84127176,0.830637,0.8820941,0.88760036,0.8834245,0.8866012,0.8864246,0.8885169,0.6075665,0.5182054,0.26536077,0.13915855,0.7828338,0.8302571,0.090517215,0.22204855,0.40936276,0.022963548,0.570005,-0.088973,0.8645066,0.88184434,0.812179,0.8506641,0.2822393,0.6907596,0.62131894,0.76151705,0.5784352,0.84185624,0.0806626,0.76367444,0.75676864,0.832529,0.72008544,0.79101956,0.89023554,0.8830784,0.8897595,0.8888882,0.8866108,0.885831,0.89031386,0.8905256,0.86415064,0.8853914,0.85441697,0.8756479,0.83076805,0.8533993,0.8254452,0.807504,0.8560836,0.87020844,0.8441983,0.86233306,0.73425347,0.7297477,0.5203253,0.6530078,0.85227776,0.8535111,0.8573042,0.83296084,0.65070796,0.80073965,0.6681345,0.616154,0.8385666,0.8473435,0.8465707,0.8157674,0.08034797,0.68676424,0.64069873,0.82719934,0.7946838,0.19317745,-0.11554731,0.39455765,0.5017442,0.61880827
0.8689583,0.8886522,0.8944028,0.89285517,0.8731202,0.8808613,0.8918203,1.0,0.8747698,0.8866382,0.8765482,0.8881404,0.8839061,0.89301956,0.82813954,0.8540122,0.860884,0.8821263,0.8910265,0.8665479,0.8849035,0.88607144,0.8933188,0.89282084,0.88408315,0.87943035,0.8529913,0.8573147,0.8772732,0.8901234,0.89090836,0.89147335,0.8909619,0.8878355,0.8509109,0.84610933,0.8828895,0.88864917,0.8820212,0.8852697,0.88447964,0.8869453,0.6154836,0.5208288,0.29161313,0.13981365,0.7952873,0.8417909,0.06721122,0.23847483,0.44528672,0.0005064869,0.5721471,-0.08620348,0.86196214,0.88464326,0.8192901,0.85134536,0.28434145,0.69311595,0.62445796,0.768203,0.584526,0.85452664,0.11511272,0.758496,0.7761878,0.84883773,0.7462695,0.79438347,0.8895979,0.88409305,0.88962376,0.8914125,0.88761854,0.8836738,0.8907467,0.8903738,0.86178786,0.88792163,0.8461347,0.87826943,0.82368785,0.84918076,0.81685036,0.81176513,0.8551982,0.8705128,0.84014153,0.8629246,0.74229974,0.73412806,0.5450914,0.648497,0.85397804,0.8624225,0.86343133,0.8351885,0.6624561,0.8085496,0.66993046,0.6174627,0.8450962,0.84156334,0.8456041,0.81269264,0.09026882,0.69697964,0.6599947,0.8407911,0.8065931,0.1993235,-0.11237376,0.3890272,0.5245995,0.60381424
0.8364456,0.8600622,0.8727959,0.8742637,0.89073545,0.88673824,0.8797636,0.8747698,1.0,0.88643944,0.8820936,0.8845609,0.88736176,0.8822797,0.87383795,0.8811746,0.8476384,0.8754105,0.8711009,0.8463848,0.8828071,0.8864898,0.8789801,0.8819139,0.88253707,0.889443,0.87912416,0.8812851,0.8904998,0.8812549,0.8785998,0.87611157,0.8756953,0.8743113,0.8026651,0.7882451,0.87635034,0.8816723,0.87853056,0.88300925,0.8826026,0.87842685,0.6368353,0.5261016,0.21300852,0.15957367,0.74282044,0.79094326,0.15574403,0.17319758,0.3424711,0.052679334,0.56962496,-0.13377813,0.8567642,0.87290597,0.7652693,0.8121949,0.24311297,0.6542436,0.546133,0.7129436,0.55794287,0.8116302,0.02902774,0.735926,0.7022739,0.8030574,0.66137695,0.7650463,0.88363904,0.8785642,0.87992066,0.8774113,0.8822066,0.88337594,0.88010854,0.88270646,0.8451073,0.87862843,0.84658587,0.8520272,0.86114997,0.8664554,0.83147013,0.8064933,0.84439117,0.87239254,0.8493885,0.86353767,0.6999886,0.71138304,0.5241976,0.63720596,0.8547967,0.8510897,0.8490873,0.84137386,0.6097084,0.7906047,0.6435837,0.6412638,0.81185246,0.84624314,0.82887393,0.8167351,0.06785463,0.6671985,0.6486307,0.8127462,0.76265436,0.1835072,-0.09969845,0.4050356,0.46418732,0.6093616
0.86075616,0.8764734,0.88619083,0.8835843,0.883984,0.8905002,0.88776505,0.8866382,0.88643944,1.0,0.8829873,0.8881102,0.88829046,0.88974994,0.8574424,0.86540705,0.8605018,0.88068306,0.8817971,0.85632306,0.8866808,0.88796204,0.88942397,0.8891314,0.8878205,0.889049,0.87271816,0.8764732,0.88712984,0.88740534,0.88978285,0.88912493,0.8857413,0.88479894,0.82966477,0.82051575,0.8828509,0.8883311,0.8847499,0.8895049,0.88718766,0.8851959,0.6430933,0.5108438,0.257649,0.14995277,0.7840402,0.8255589,0.10798049,0.208974,0.39553386,0.026242444,0.59722376,-0.10391183,0.86674094,0.8829998,0.79766244,0.8305538,0.2773033,0.67814153,0.59740955,0.74659383,0.59006447,0.83685064,0.08137403,0.74997884,0.7486716,0.8269792,0.7137667,0.7718017,0.8905129,0.8866767,0.88841736,0.8876808,0.8880504,0.88736933,0.8883674,0.89002544,0.86005324,0.8873499,0.85220706,0.8651319,0.8459201,0.8550486,0.81988543,0.8010316,0.8572645,0.8727993,0.850201,0.8619696,0.717786,0.73504996,0.5351303,0.65428054,0.8585768,0.86292434,0.86867034,0.84863377,0.63489884,0.81263477,0.67381066,0.6353756,0.8317982,0.85404384,0.8388578,0.8232755,0.06467401,0.6887143,0.6707213,0.83301044,0.80073905,0.18886656,-0.09334509,0.39880896,0.4862519,0.61487895
0.8626728,0.86961365,0.875885,0.87902904,0.88233125,0.8841994,0.88576454,0.8765482,0.8820936,0.8829873,1.0,0.88528585,0.8878669,0.8808868,0.8573438,0.86584336,0.8704806,0.87477446,0.8784961,0.8515846,0.8851675,0.8862652,0.8814467,0.8818433,0.87860733,0.8828961,0.87150836,0.8724688,0.887946,0.88039565,0.88357425,0.8785353,0.8802234,0.87839377,0.81575674,0.79206455,0.8772824,0.879231,0.88175553,0.88455003,0.8845796,0.8794498,0.61874294,0.49849373,0.22522858,0.13073145,0.75578415,0.80254364,0.147278,0.18248501,0.3464232,0.06387135,0.56999356,-0.08209739,0.8670154,0.8726016,0.7973029,0.82562035,0.2618813,0.67550683,0.5892913,0.7301163,0.56494695,0.81445825,0.04805542,0.762951,0.7246158,0.80346465,0.6812466,0.7667618,0.88596267,0.8788967,0.883924,0.8788534,0.8819277,0.8813081,0.88324404,0.88292146,0.8613951,0.8786383,0.8693844,0.8510725,0.8531408,0.8551678,0.8379593,0.7889221,0.85958624,0.8656862,0.85499746,0.85144573,0.7146083,0.7313314,0.50457066,0.6441917,0.8529428,0.84515387,0.8528214,0.8373077,0.63160783,0.7928398,0.65336066,0.62953323,0.8175284,0.85092205,0.84161943,0.8196214,0.06015875,0.67947274,0.6236828,0.8073239,0.7652358,0.16879943,-0.1161643,0.3948902,0.47208995,0.61001027
0.85673004,0.8840282,0.8869373,0.8879764,0.8862995,0.88712823,0.8901471,0.8881404,0.8845609,0.8881102,0.88528585,1.0,0.8861457,0.89127,0.84467584,0.87451446,0.85797745,0.88854355,0.8844866,0.865429,0.8886625,0.8910147,0.88873774,0.88994485,0.8862717,0.8877969,0.8726346,0.87389606,0.8869692,0.89151,0.88996994,0.88848865,0.88868946,0.88730246,0.83120626,0.81574374,0.88452685,0.8898445,0.88699913,0.8905006,0.8886743,0.8892868,0.61855876,0.52811277,0.23194212,0.13285635,0.7615719,0.8192748,0.13018353,0.1949522,0.3761478,0.043413892,0.57260346,-0.117449746,0.86795825,0.8852323,0.7897051,0.8486673,0.2510748,0.68362343,0.5914891,0.7429796,0.56357366,0.8378972,0.077503674,0.77140224,0.7346871,0.82971215,0.70695716,0.7823724,0.8910582,0.8857918,0.8888171,0.8897938,0.88917166,0.88897395,0.891947,0.8919277,0.8535838,0.88775426,0.8483857,0.8733246,0.8435065,0.8666982,0.82499397,0.8199362,0.8612542,0.87597704,0.85255444,0.86854184,0.7277874,0.7259024,0.5248393,0.65528893,0.8639064,0.86462826,0.85933906,0.84906393,0.6308879,0.7965959,0.65678096,0.6233747,0.8305634,0.849159,0.8429007,0.8227181,0.070008665,0.6728036,0.64940006,0.8268254,0.7841571,0.19046813,-0.12369532,0.39021313,0.4940493,0.6012901
0.8587003,0.8721877,0.8830431,0.8848624,0.8823405,0.886659,0.88876164,0.8839061,0.88736176,0.88829046,0.8878669,0.8861457,1.0,0.88902646,0.86116743,0.8688874,0.8601353,0.8781815,0.8821157,0.8572873,0.8848439,0.88612664,0.88756526,0.8872468,0.8820466,0.8859594,0.86986464,0.87221354,0.889185,0.8841253,0.88732845,0.8840655,0.8843794,0.88101107,0.82205975,0.8111103,0.8808447,0.88598704,0.8820812,0.884302,0.88448083,0.8833823,0.6266471,0.516832,0.25704026,0.14933202,0.76855737,0.8088084,0.11614052,0.20032404,0.38836625,0.04157676,0.57059884,-0.0857695,0.85955596,0.87663096,0.79999083,0.82576704,0.28140283,0.6769378,0.5827576,0.7242157,0.57287127,0.8264448,0.072896294,0.7404395,0.73757297,0.8218296,0.6990655,0.78591466,0.886495,0.8825631,0.8846256,0.8829373,0.8832723,0.88289475,0.8856478,0.88650095,0.86193156,0.88396454,0.8617273,0.8603478,0.8501437,0.86114335,0.83316123,0.8050283,0.8500852,0.8722603,0.85117626,0.8596484,0.7154785,0.7344589,0.53460926,0.63568056,0.85447663,0.85205895,0.85510576,0.83353907,0.64106476,0.7989429,0.6593573,0.6324671,0.82385135,0.85210234,0.835533,0.81271654,0.086295165,0.6861752,0.65207106,0.826778,0.78145194,0.18344079,-0.09535746,0.3996207,0.4846818,0.60873824
0.8611491,0.8853451,0.89221627,0.8918137,0.88111746,0.88597053,0.8919696,0.89301956,0.8822797,0.88974994,0.8808868,0.89127,0.88902646,1.0,0.8407639,0.866878,0.85542285,0.8866423,0.88829464,0.8683141,0.88629603,0.8879915,0.89257205,0.89316326,0.88683313,0.8855437,0.8642583,0.86738837,0.8843658,0.8909797,0.89185065,0.89169556,0.89096653,0.8883208,0.8388377,0.832185,0.88385767,0.89079773,0.8837899,0.88723624,0.8857848,0.88863164,0.61907476,0.5303126,0.26857662,0.13257577,0.78012097,0.82861143,0.08871383,0.22268324,0.42694804,0.019435322,0.56577146,-0.10261364,0.8631013,0.8852133,0.80306345,0.8469576,0.27927053,0.69040143,0.6006211,0.7478882,0.57677513,0.8454366,0.09734176,0.7563328,0.758034,0.8421385,0.72781354,0.79564583,0.8902467,0.88658404,0.88852835,0.8906938,0.88813823,0.8874395,0.891223,0.8919004,0.85812384,0.8896335,0.84664893,0.8760613,0.8356767,0.8606538,0.81980056,0.8194094,0.8569129,0.8759347,0.84477973,0.86639255,0.7316881,0.7312002,0.54185224,0.65107864,0.85964864,0.8646872,0.8614845,0.8422147,0.6523288,0.80364364,0.66288894,0.62457,0.8373927,0.8484443,0.84373045,0.8123536,0.08466995,0.6803648,0.66525525,0.83702433,0.7957238,0.19541691,-0.1132638,0.38846424,0.5100287,0.60244316
0.7962687,0.8015544,0.8265958,0.8258249,0.86431545,0.8584588,0.8371061,0.82813954,0.87383795,0.8574424,0.8573438,0.84467584,0.86116743,0.8407639,1.0,0.86080927,0.8186648,0.82560915,0.82218647,0.7878024,0.846309,0.8510062,0.84169024,0.8447081,0.84645814,0.8633889,0.8619889,0.8617755,0.86894333,0.84233695,0.84179616,0.836365,0.8327869,0.8289359,0.7457389,0.7291394,0.8420342,0.8436347,0.84459895,0.8495615,0.8498227,0.8347654,0.66583997,0.46338376,0.21856537,0.15034652,0.7183745,0.7389674,0.18446457,0.15973541,0.28371215,0.0459511,0.56718016,-0.12835245,0.8271722,0.8328657,0.7256203,0.7300605,0.26258588,0.5974732,0.48724565,0.6577686,0.54527205,0.7587652,-0.008919496,0.6623094,0.66164476,0.74282455,0.5966282,0.6976794,0.84842026,0.84614754,0.8435207,0.83535874,0.84752935,0.84843034,0.8412021,0.84231603,0.8142379,0.8425692,0.84022504,0.7899457,0.8653012,0.83970135,0.81923264,0.75329316,0.80521727,0.8403482,0.8401059,0.8268814,0.6430743,0.6813945,0.498442,0.60348684,0.8221341,0.815407,0.8253587,0.82155246,0.5853535,0.769418,0.6351304,0.6534099,0.7669052,0.81683743,0.78967065,0.7929072,0.062757395,0.65559685,0.6340423,0.77764434,0.73490876,0.15460768,-0.0755416,0.4091442,0.42140964,0.5778366
0.79751015,0.8427796,0.8516135,0.8564388,0.8839459,0.8717885,0.859968,0.8540122,0.8811746,0.86540705,0.86584336,0.87451446,0.8688874,0.866878,0.86080927,1.0,0.8112049,0.867769,0.84708047,0.8376385,0.8661044,0.87185574,0.8592077,0.86642116,0.86807823,0.8797226,0.8755991,0.8736685,0.87977374,0.87143195,0.8611245,0.8580382,0.8589746,0.856229,0.7711633,0.75478023,0.8614047,0.8697528,0.86514246,0.86862725,0.8648999,0.8647501,0.62883073,0.5370681,0.17043976,0.09196057,0.6941271,0.74421114,0.19926845,0.14574994,0.3013906,0.09174552,0.5196265,-0.17957559,0.84280884,0.8625415,0.71758604,0.8046902,0.23768751,0.6430611,0.48501363,0.6693536,0.50315803,0.7912722,-0.012112523,0.7293688,0.66098166,0.7854926,0.6132114,0.74741703,0.8674836,0.86346227,0.8612617,0.86083746,0.8677902,0.8700033,0.8646612,0.8670585,0.8079962,0.8617925,0.8209214,0.84079134,0.8549789,0.88393,0.81554896,0.8332697,0.8312439,0.8728577,0.84146005,0.8646388,0.6816027,0.68527013,0.5136041,0.63806164,0.8507228,0.8456581,0.8233591,0.8381668,0.58700675,0.7632934,0.61282676,0.6068248,0.7902042,0.8263573,0.8083102,0.8006368,0.054054715,0.607433,0.64776635,0.801123,0.7267926,0.20040742,-0.13310888,0.39225483,0.4561012,0.55886203
0.87659335,0.85416496,0.8574034,0.85890466,0.84384423,0.8560615,0.8666922,0.860884,0.8476384,0.8605018,0.8704806,0.85797745,0.8601353,0.85542285,0.8186648,0.8112049,1.0,0.84140134,0.86722964,0.83002937,0.8715007,0.86594886,0.8617177,0.8574951,0.84928226,0.8471895,0.8327975,0.83270055,0.85536826,0.85629714,0.8645548,0.85993534,0.864486,0.8650455,0.83500785,0.8032176,0.86251926,0.853849,0.8647369,0.8655776,0.87150633,0.85926825,0.6120633,0.4255848,0.23741892,0.18816733,0.7797963,0.8208284,0.09825106,0.16573164,0.35653707,0.03564827,0.57966554,-0.013302845,0.8609259,0.84734356,0.8286897,0.8096536,0.25028983,0.69403917,0.6683643,0.7543003,0.62434757,0.8106194,0.08737074,0.76023763,0.74205613,0.7925662,0.7091255,0.7479855,0.86829185,0.86038774,0.8723035,0.86269075,0.86103684,0.85634726,0.8663372,0.86305183,0.8818488,0.8565921,0.87476516,0.8290376,0.82157636,0.7979715,0.83276826,0.722302,0.8486959,0.8242031,0.84991777,0.80814785,0.7014112,0.735797,0.52876383,0.5994368,0.82462764,0.8245761,0.853159,0.81660235,0.60087454,0.77632934,0.6640676,0.6098813,0.8012944,0.83797616,0.82932484,0.8138664,0.029294934,0.7320035,0.57866657,0.7880603,0.77859455,0.13084503,-0.09291817,0.35980925,0.45466116,0.6145899
0.8478532,0.8830839,0.8809656,0.8853695,0.88033664,0.88322985,0.883835,0.8821263,0.8754105,0.88068306,0.87477446,0.88854355,0.8781815,0.8866423,0.82560915,0.867769,0.84140134,1.0,0.88046885,0.87563485,0.88066554,0.8827837,0.8806323,0.88225883,0.88138896,0.8816012,0.8687376,0.87161314,0.8805112,0.8853098,0.8841181,0.8846917,0.8853382,0.8869471,0.81965536,0.80975133,0.874162,0.8844977,0.8801926,0.88348913,0.87869626,0.88608766,0.5843156,0.5617258,0.20846714,0.13229877,0.73499215,0.8047588,0.13063505,0.18245085,0.38410613,0.06603521,0.5707138,-0.12790175,0.85908127,0.8849366,0.7725742,0.86147577,0.2328525,0.7044854,0.5760351,0.7278941,0.5369601,0.8305606,0.070054635,0.7787337,0.71801996,0.8310701,0.7096966,0.80076456,0.8821368,0.88144183,0.8785433,0.88493687,0.88035697,0.8859859,0.88538986,0.8875775,0.8451242,0.8831361,0.83040345,0.87828356,0.83008474,0.8676948,0.8071865,0.8324176,0.85503113,0.8769349,0.8306093,0.8693518,0.7255793,0.71722555,0.52318203,0.66913414,0.8661065,0.8620138,0.85054743,0.8473269,0.6066194,0.79456437,0.6361118,0.6080236,0.8093616,0.8441141,0.8254514,0.8130888,0.043723945,0.6391431,0.6752141,0.8303021,0.7753116,0.19474307,-0.12914555,0.37636435,0.48682702,0.6048764
0.8738511,0.88879037,0.88953394,0.89258724,0.87189925,0.88080287,0.891355,0.8910265,0.8711009,0.8817971,0.8784961,0.8844866,0.8821157,0.88829464,0.82218647,0.84708047,0.86722964,0.88046885,1.0,0.87559485,0.88620704,0.8849028,0.8879875,0.8875184,0.87930864,0.8737629,0.8556528,0.8588755,0.87504375,0.884256,0.8877024,0.8882594,0.8910591,0.8899766,0.8525205,0.83687735,0.88163775,0.884851,0.8827198,0.88389534,0.8838354,0.886691,0.59801805,0.5112364,0.26751524,0.15789321,0.7793263,0.82954836,0.08858722,0.20591852,0.4225109,0.034813263,0.57675743,-0.074414305,0.8666537,0.8807213,0.82042086,0.85867304,0.2618803,0.71232146,0.62768745,0.7659121,0.5798134,0.84473914,0.0990583,0.772224,0.75694966,0.8388572,0.7428787,0.8061285,0.886677,0.88285565,0.88740945,0.88783073,0.8831193,0.88289803,0.8882205,0.88839084,0.867402,0.88386345,0.85005796,0.8748044,0.8238111,0.8446929,0.82011425,0.7997917,0.85764456,0.8648849,0.8371113,0.8570925,0.7389435,0.73114395,0.53316253,0.64527273,0.8559175,0.8557063,0.85986644,0.83413535,0.64357674,0.7942195,0.66230047,0.6165269,0.82886267,0.84276426,0.8425199,0.81249815,0.07815834,0.70307666,0.6507632,0.8312311,0.7935833,0.17746228,-0.116552494,0.38578507,0.5075484,0.6092789
0.84220815,0.8744801,0.8637589,0.87689996,0.8561042,0.866495,0.867222,0.8665479,0.8463848,0.85632306,0.8515846,0.865429,0.8572873,0.8683141,0.7878024,0.8376385,0.83002937,0.87563485,0.87559485,1.0,0.86755306,0.86166656,0.8595307,0.8621014,0.8567261,0.84979963,0.85341305,0.85293543,0.8553121,0.8625895,0.86649317,0.8720753,0.87727404,0.8819662,0.8354551,0.8063577,0.8670439,0.87149686,0.86963344,0.8665932,0.8629506,0.8765316,0.5516088,0.526003,0.20519185,0.13366498,0.71625566,0.78052336,0.1112605,0.14503393,0.3726584,0.10407704,0.5711559,-0.09971663,0.8595579,0.87189204,0.7638525,0.86860716,0.20304136,0.7406937,0.5783283,0.7226075,0.530345,0.811061,0.06468338,0.7730095,0.69412607,0.81630915,0.72229445,0.82941103,0.8621785,0.8738145,0.8600698,0.8694115,0.8576503,0.87128127,0.87010235,0.87133443,0.8410038,0.86727923,0.81464714,0.87136394,0.8029721,0.847494,0.7854981,0.8153079,0.848732,0.85295564,0.81261814,0.8526321,0.7195188,0.6964791,0.5287797,0.6469789,0.8605961,0.85111016,0.8391749,0.84367085,0.5771775,0.7566674,0.62260747,0.6062934,0.7709961,0.8205386,0.8017203,0.7934891,0.025201032,0.6523169,0.6845197,0.82225525,0.76012194,0.15740468,-0.15436126,0.3287391,0.46748385,0.5888206
0.8638047,0.87721616,0.88155407,0.88500494,0.88489693,0.8884615,0.8878265,0.8849035,0.8828071,0.8866808,0.8851675,0.8886625,0.8848439,0.88629603,0.846309,0.8661044,0.8715007,0.88066554,0.88620704,0.86755306,1.0,0.89320165,0.8845333,0.8858211,0.8857069,0.88443655,0.87486297,0.8751575,0.8860682,0.8876327,0.8868216,0.8861141,0.8885099,0.8884966,0.83514774,0.8110696,0.8863329,0.8869897,0.8903541,0.891485,0.8918598,0.8898235,0.62041014,0.49965805,0.2141055,0.16839916,0.7558926,0.81054676,0.13181883,0.15516874,0.35351974,0.06948556,0.57692057,-0.10312215,0.87767565,0.8827089,0.7972775,0.8427568,0.23473544,0.7053326,0.60638684,0.74179035,0.5838609,0.8269091,0.06479494,0.7743354,0.721233,0.8209558,0.6993429,0.784983,0.8915608,0.88813615,0.8910115,0.8882229,0.8886436,0.88733417,0.8903479,0.8900508,0.86829567,0.8843419,0.86063004,0.86620706,0.8507047,0.8582958,0.8352346,0.8012559,0.8693208,0.871367,0.8576359,0.861089,0.7217237,0.72863394,0.535791,0.6411835,0.86582863,0.8645909,0.8645314,0.8533564,0.6077046,0.7936327,0.65003645,0.6243849,0.8167562,0.8543952,0.83840245,0.8316666,0.035961162,0.68846536,0.65303,0.8256778,0.77573025,0.16034664,-0.114884965,0.36909658,0.46710038,0.60694486
0.8583983,0.8777851,0.88329446,0.88562393,0.88767576,0.88837725,0.88852274,0.88607144,0.8864898,0.88796204,0.8862652,0.8910147,0.88612664,0.8879915,0.8510062,0.87185574,0.86594886,0.8827837,0.8849028,0.86166656,0.89320165,1.0,0.8870485,0.8888922,0.88674814,0.8890302,0.8740505,0.8755789,0.8883668,0.8903853,0.8879784,0.8863491,0.8872502,0.88622504,0.8276432,0.8091922,0.8845645,0.8878062,0.88882667,0.8917853,0.8909531,0.88830966,0.62312365,0.5128644,0.21976529,0.16115093,0.7561329,0.81258696,0.13821067,0.17172231,0.36242053,0.06378575,0.5677763,-0.1085412,0.8730585,0.8838644,0.7969558,0.8402892,0.24227786,0.68820024,0.5931517,0.74240786,0.57113206,0.8312728,0.06333781,0.77299154,0.72503304,0.82323533,0.6945368,0.7767802,0.8926365,0.88609344,0.89159,0.8889722,0.8911109,0.8883081,0.890376,0.8908557,0.8611075,0.88505673,0.85734004,0.865882,0.8531838,0.862786,0.83385986,0.80797035,0.8634113,0.87551886,0.8546624,0.8653698,0.7182275,0.72759056,0.53206813,0.6446641,0.86440635,0.8638099,0.8612391,0.8495868,0.6185965,0.79649055,0.6533703,0.6254892,0.8242785,0.8523326,0.84059936,0.82776153,0.046895795,0.68368274,0.6453558,0.8263346,0.77686393,0.17989387,-0.109973565,0.3912925,0.48227334,0.60659426
0.86930794,0.8847924,0.89332885,0.89096135,0.87653786,0.88392097,0.8912118,0.8933188,0.8789801,0.88942397,0.8814467,0.88873774,0.88756526,0.89257205,0.84169024,0.8592077,0.8617177,0.8806323,0.8879875,0.8595307,0.8845333,0.8870485,1.0,0.8939177,0.8851878,0.88438356,0.85790783,0.86250925,0.8822935,0.89094275,0.89272773,0.8918788,0.8895554,0.88519293,0.8427028,0.8385729,0.88251615,0.88897294,0.88329077,0.8869832,0.8852842,0.88538694,0.6310929,0.51618004,0.29344788,0.1294898,0.79572856,0.8353116,0.08405077,0.23611702,0.43649653,0.006784581,0.57372504,-0.08423244,0.8610062,0.884891,0.8191539,0.8417736,0.29690787,0.68076855,0.6124913,0.7595535,0.5859762,0.8539978,0.1079441,0.7532344,0.7747205,0.8435906,0.740016,0.78388405,0.89044166,0.8844122,0.89041984,0.8908135,0.88970906,0.88432086,0.8907267,0.8903627,0.86087763,0.8876421,0.8522185,0.8727257,0.8346023,0.8549292,0.82405686,0.80934674,0.8529984,0.875593,0.8436936,0.86437255,0.7413217,0.7369747,0.53641427,0.6484256,0.85668683,0.86263126,0.86631954,0.83542806,0.6698432,0.8120348,0.6697538,0.62494594,0.84809405,0.84605163,0.8479654,0.8149933,0.09065125,0.69679266,0.6616181,0.84438914,0.8100256,0.19477399,-0.112981915,0.39821234,0.5282678,0.59839624
0.8620654,0.8840622,0.89232767,0.8909077,0.880957,0.88454807,0.8910749,0.89282084,0.8819139,0.8891314,0.8818433,0.88994485,0.8872468,0.89316326,0.8447081,0.86642116,0.8574951,0.88225883,0.8875184,0.8621014,0.8858211,0.8888922,0.8939177,1.0,0.8871264,0.8867478,0.86195207,0.8653867,0.8844329,0.8920799,0.8918699,0.8914125,0.88974327,0.8858613,0.8397004,0.8342891,0.88316584,0.889798,0.8830447,0.88763875,0.8852204,0.8858988,0.63013536,0.5246227,0.2801689,0.12563623,0.7874442,0.8311735,0.09319892,0.23416859,0.42553753,0.010771246,0.5694515,-0.10570241,0.86214393,0.8861266,0.8096572,0.8427879,0.29173887,0.681161,0.5973975,0.75868833,0.57637036,0.8506463,0.08576521,0.7548187,0.7660268,0.8397742,0.72896653,0.7813749,0.89148444,0.88597566,0.89034766,0.89087945,0.8908121,0.8867052,0.89079607,0.8907714,0.8559712,0.88766533,0.8497004,0.8737845,0.8376365,0.8600618,0.8237326,0.8164048,0.8525982,0.87756187,0.8446384,0.8693611,0.74051934,0.725277,0.53141063,0.6516486,0.8583115,0.8643048,0.8639133,0.8411336,0.66653323,0.8073046,0.6654051,0.6226574,0.8435627,0.84427196,0.84689707,0.81654733,0.09355702,0.68954873,0.6654464,0.8413152,0.802892,0.19899619,-0.12239079,0.40190354,0.5298931,0.5971584
0.8511722,0.87274486,0.88269943,0.88169396,0.8846534,0.8861703,0.8835805,0.88408315,0.88253707,0.8878205,0.87860733,0.8862717,0.8820466,0.88683313,0.84645814,0.86807823,0.84928226,0.88138896,0.87930864,0.8567261,0.8857069,0.88674814,0.8851878,0.8871264,1.0,0.88852894,0.869652,0.8724236,0.8844693,0.8876156,0.88408995,0.88478935,0.8824868,0.88059783,0.8206163,0.8121077,0.8781332,0.88383955,0.88242465,0.88626575,0.88285255,0.88296175,0.62659955,0.5175443,0.24853046,0.1445718,0.7631344,0.8144172,0.11052921,0.198635,0.3830577,0.029356962,0.59250206,-0.12161894,0.8623673,0.882622,0.7833517,0.83735543,0.23744307,0.67946154,0.57855284,0.740352,0.5639566,0.83126146,0.07793549,0.75945425,0.73650277,0.8252495,0.7036592,0.77440524,0.88813835,0.8830031,0.88480633,0.88560486,0.8888787,0.8831868,0.8854713,0.8867958,0.8461211,0.8828512,0.83965296,0.8652613,0.84118927,0.85796314,0.81233096,0.8126989,0.8563785,0.8735754,0.840232,0.86465544,0.7266121,0.7251908,0.52492,0.64963204,0.8621267,0.8667071,0.8613742,0.8486163,0.63514304,0.8077783,0.64173883,0.60995954,0.82979286,0.84403884,0.8406743,0.8197332,0.07000537,0.66063124,0.6845834,0.83256096,0.7759021,0.18632872,-0.11600553,0.38495734,0.48847508,0.6016663
0.8422943,0.8673562,0.87847537,0.8784165,0.8898683,0.88852787,0.88208765,0.87943035,0.889443,0.889049,0.8828961,0.8877969,0.8859594,0.8855437,0.8633889,0.8797226,0.8471895,0.8816012,0.8737629,0.84979963,0.88443655,0.8890302,0.88438356,0.8867478,0.88852894,1.0,0.87716,0.879225,0.8911011,0.88776726,0.8844992,0.8821675,0.8793812,0.8774003,0.8037253,0.7958357,0.87605566,0.88478255,0.8812285,0.887239,0.8834897,0.88116014,0.63556933,0.53207725,0.2187926,0.1412193,0.7485042,0.7997597,0.14432488,0.17889547,0.3599998,0.057312947,0.57168657,-0.13606077,0.85880345,0.8808517,0.7734302,0.8250638,0.2512016,0.6648141,0.5550138,0.72382987,0.5602321,0.8251355,0.05434749,0.7574502,0.7173423,0.81455994,0.67978346,0.76180756,0.88778806,0.8817649,0.8844056,0.8829375,0.8884474,0.885024,0.8840628,0.8865335,0.84424716,0.8814604,0.84493315,0.8590676,0.85738164,0.87048113,0.8253175,0.81793356,0.85191375,0.8809893,0.8456695,0.8689674,0.71124685,0.72072077,0.52171105,0.65486264,0.8616158,0.8611405,0.8559061,0.84757566,0.6205902,0.8057683,0.64673686,0.62176603,0.82094353,0.8501257,0.83194697,0.8209175,0.058408584,0.6562228,0.66392064,0.82768273,0.7747238,0.19517288,-0.1087288,0.40964124,0.48248282,0.59700865
0.8212035,0.84551924,0.85124564,0.85817033,0.88610417,0.88398224,0.86129737,0.8529913,0.87912416,0.87271816,0.87150836,0.8726346,0.86986464,0.8642583,0.8619889,0.8755991,0.8327975,0.8687376,0.8556528,0.85341305,0.87486297,0.8740505,0.85790783,0.86195207,0.869652,0.87716,1.0,0.8914853,0.8824177,0.8649164,0.8662605,0.86487323,0.8640426,0.86807024,0.7831714,0.74775225,0.8688788,0.8711154,0.87707067,0.878197,0.87478834,0.8726506,0.62882435,0.5008722,0.14005192,0.16005085,0.6898204,0.74944943,0.21186192,0.08781164,0.25875068,0.14329962,0.59165376,-0.13485852,0.86518466,0.8669014,0.7245781,0.8106269,0.17676008,0.68060285,0.5128452,0.6803168,0.54417604,0.781342,0.008761326,0.7523446,0.6486441,0.77447945,0.63074684,0.7598291,0.8701079,0.8747041,0.8640403,0.8639972,0.86735797,0.87758654,0.86929476,0.87139326,0.8288818,0.8671037,0.8343362,0.8362605,0.8660031,0.86590844,0.8106866,0.7995208,0.854896,0.8635784,0.847982,0.8560443,0.6729644,0.692747,0.5094741,0.6362911,0.8668215,0.85156816,0.843413,0.8630431,0.536661,0.7603045,0.61826926,0.6407278,0.7631041,0.84536874,0.8061071,0.82441866,0.0066631148,0.6448401,0.67183936,0.796913,0.7318917,0.13390653,-0.11093092,0.35834253,0.41232732,0.5861345
0.8251132,0.84951854,0.8560663,0.86156493,0.88700455,0.88628095,0.8651585,0.8573147,0.8812851,0.8764732,0.8724688,0.87389606,0.87221354,0.86738837,0.8617755,0.8736685,0.83270055,0.87161314,0.8588755,0.85293543,0.8751575,0.8755789,0.86250925,0.8653867,0.8724236,0.879225,0.8914853,1.0,0.88405377,0.8674431,0.8702933,0.8685642,0.86580205,0.86967325,0.78182584,0.75272727,0.8675796,0.8729289,0.87792236,0.87916607,0.8754714,0.8739546,0.6283704,0.50318986,0.15086873,0.15750869,0.6972504,0.7562813,0.20514211,0.0955456,0.27730513,0.1419675,0.5991782,-0.14948204,0.862549,0.8687308,0.72865415,0.8126115,0.19646603,0.67359215,0.515562,0.6888575,0.5415582,0.7902813,0.0048362305,0.7560575,0.65574086,0.77606195,0.63778335,0.7609651,0.8718117,0.87506247,0.86675966,0.8659383,0.870103,0.8782372,0.870878,0.87416315,0.83140516,0.8694872,0.83279765,0.8395027,0.86566406,0.8668648,0.8095389,0.79754615,0.85304856,0.8693339,0.84209526,0.8556621,0.683308,0.69932914,0.5071098,0.631271,0.86547136,0.8507638,0.8429694,0.8568499,0.55187166,0.77504045,0.6256941,0.6399334,0.77399766,0.84740394,0.81176347,0.82662916,0.009145861,0.64228624,0.67182183,0.80034345,0.73768175,0.13053228,-0.10354754,0.36540022,0.4293448,0.60061014
0.8475591,0.8653996,0.87577814,0.8790087,0.89043367,0.8897269,0.88246596,0.8772732,0.8904998,0.88712984,0.887946,0.8869692,0.889185,0.8843658,0.86894333,0.87977374,0.85536826,0.8805112,0.87504375,0.8553121,0.8860682,0.8883668,0.8822935,0.8844329,0.8844693,0.8911011,0.8824177,0.88405377,1.0,0.88415027,0.8851497,0.8818276,0.88101584,0.8794276,0.8030281,0.7846305,0.87828267,0.8843158,0.88382953,0.8874679,0.8854974,0.88132906,0.63388246,0.50904053,0.20792744,0.14839375,0.73960227,0.7900787,0.15940902,0.15502305,0.33765766,0.079452105,0.5787531,-0.12191158,0.86424726,0.87722,0.77360886,0.82052565,0.24399522,0.6713078,0.55537355,0.7127603,0.5563452,0.8146323,0.041116633,0.751565,0.7078094,0.8042686,0.67004174,0.7695777,0.8867972,0.8839311,0.8832852,0.88046247,0.8851141,0.88639945,0.8851565,0.8859355,0.85399514,0.88332087,0.8583366,0.8535138,0.8679221,0.87149006,0.8316724,0.80481046,0.8562389,0.87694573,0.85602456,0.8611162,0.7037369,0.7197338,0.5241085,0.6366839,0.8640836,0.8564695,0.8535922,0.8496395,0.61175585,0.7989299,0.64398193,0.63285774,0.8099325,0.8522952,0.8302852,0.82200825,0.058596034,0.6684016,0.6545743,0.81656873,0.7619585,0.1753901,-0.10130812,0.39893267,0.47557372,0.59821373
0.8563679,0.8830866,0.8881507,0.8879231,0.88224715,0.88511807,0.88856274,0.8901234,0.8812549,0.88740534,0.88039565,0.89151,0.8841253,0.8909797,0.84233695,0.87143195,0.85629714,0.8853098,0.884256,0.8625895,0.8876327,0.8903853,0.89094275,0.8920799,0.8876156,0.88776726,0.8649164,0.8674431,0.88415027,1.0,0.8895522,0.8895363,0.8888416,0.88557386,0.8351797,0.82902664,0.8833693,0.8903947,0.88538504,0.8892616,0.8866947,0.8877416,0.62315786,0.5352946,0.2588843,0.13004124,0.77611345,0.822931,0.10208227,0.21560454,0.40412226,0.021016795,0.563392,-0.114308424,0.8657501,0.8886372,0.80102295,0.84860325,0.27705148,0.68502986,0.595068,0.7519566,0.56820667,0.8477611,0.07943884,0.7644384,0.7499557,0.8407777,0.718951,0.7786195,0.8923034,0.88623637,0.8913302,0.89231956,0.8926055,0.88660794,0.8911221,0.8910833,0.8539263,0.8867287,0.84790504,0.8769835,0.8375313,0.866767,0.82207406,0.8275484,0.8547111,0.8812081,0.8475889,0.8747681,0.73490363,0.72750527,0.5381349,0.662518,0.8607468,0.86877376,0.8638835,0.84646267,0.64570796,0.80936295,0.662246,0.6076238,0.8376226,0.8439913,0.8409284,0.8212243,0.06294737,0.6754676,0.66959465,0.8449701,0.80032504,0.21294087,-0.12079333,0.39869884,0.51063603,0.6000612
0.86931103,0.88519686,0.89113337,0.8905122,0.8795092,0.8865729,0.89103705,0.89090836,0.8785998,0.88978285,0.88357425,0.88996994,0.88732845,0.89185065,0.84179616,0.8611245,0.8645548,0.8841181,0.8877024,0.86649317,0.8868216,0.8879784,0.89272773,0.8918699,0.88408995,0.8844992,0.8662605,0.8702933,0.8851497,0.8895522,1.0,0.8934066,0.8908502,0.88898414,0.8389523,0.8272384,0.8844814,0.889994,0.8872946,0.8904925,0.8881475,0.88852155,0.6282528,0.5012805,0.26333818,0.13433482,0.7811557,0.8291742,0.102994174,0.20346044,0.40526724,0.038522527,0.5885885,-0.090570286,0.8692304,0.8861829,0.8095156,0.8460548,0.27817625,0.69397074,0.60795414,0.75460815,0.5885108,0.8485629,0.0995777,0.76503736,0.75750405,0.8331105,0.7295651,0.785254,0.89091057,0.8879677,0.89029706,0.89112705,0.88883686,0.8884434,0.8924347,0.8922312,0.86399484,0.8890958,0.8555796,0.87185186,0.8419747,0.8570543,0.82429856,0.80538964,0.861052,0.87465143,0.84880656,0.8624409,0.73363954,0.733077,0.5267435,0.6435134,0.86467326,0.86601627,0.86871845,0.8466127,0.645956,0.8061988,0.667627,0.6246945,0.8352588,0.8539716,0.8465315,0.82273585,0.075823024,0.6955732,0.65921515,0.8379302,0.8042686,0.16903003,-0.11845421,0.3763915,0.5119627,0.597433
0.8689922,0.8870054,0.89144236,0.8910485,0.8776995,0.8862404,0.88937277,0.89147335,0.87611157,0.88912493,0.8785353,0.88848865,0.8840655,0.89169556,0.836365,0.8580382,0.85993534,0.8846917,0.8882594,0.8720753,0.8861141,0.8863491,0.8918788,0.8914125,0.88478935,0.8821675,0.86487323,0.8685642,0.8818276,0.8895363,0.8934066,1.0,0.8920109,0.89108247,0.84630626,0.8346335,0.88558716,0.8905754,0.8869912,0.88975626,0.8873213,0.88902223,0.6241097,0.50931233,0.27080855,0.13297592,0.7848624,0.8317794,0.084545225,0.21627983,0.41796345,0.027797455,0.59014547,-0.093109556,0.8707693,0.8892996,0.8086831,0.85175824,0.27813348,0.70463353,0.6085322,0.75914633,0.5888334,0.8495411,0.10253132,0.7625986,0.75966114,0.84108406,0.74375737,0.7933365,0.8899027,0.8903974,0.88908315,0.89181995,0.888124,0.888235,0.891945,0.8913942,0.8626875,0.88973063,0.8488054,0.877145,0.8348391,0.8561318,0.8163848,0.81066066,0.8609926,0.8741807,0.8436746,0.86620986,0.7384792,0.7288991,0.5340517,0.65177405,0.8672621,0.8710528,0.8722881,0.8523638,0.6462698,0.80842966,0.66844505,0.628832,0.8324772,0.8500273,0.8403016,0.8208316,0.06654565,0.694476,0.6814553,0.84662825,0.8095106,0.17421032,-0.12145835,0.37462768,0.5145454,0.6021602
0.8701095,0.8883754,0.8890231,0.8918829,0.8766799,0.8856231,0.8905795,0.8909619,0.8756953,0.8857413,0.8802234,0.88868946,0.8843794,0.89096653,0.8327869,0.8589746,0.864486,0.8853382,0.8910591,0.87727404,0.8885099,0.8872502,0.8895554,0.88974327,0.8824868,0.8793812,0.8640426,0.86580205,0.88101584,0.8888416,0.8908502,0.8920109,1.0,0.8929655,0.85080385,0.83498347,0.88729614,0.89040405,0.88803595,0.88848406,0.8873749,0.8898058,0.60649014,0.50731874,0.2614788,0.12725124,0.776982,0.823704,0.0975116,0.19855222,0.41491687,0.03604651,0.5744317,-0.083039425,0.87264377,0.88668364,0.8101195,0.85704714,0.26990262,0.7120127,0.6172318,0.75557065,0.5784455,0.8454086,0.09142345,0.76700747,0.7514729,0.8396322,0.7378258,0.8031322,0.8894456,0.88884467,0.88876784,0.8910606,0.88687277,0.887948,0.89241046,0.891773,0.8689728,0.889754,0.8539144,0.87900025,0.8348337,0.85798395,0.82339823,0.81124556,0.86068827,0.8732982,0.84626544,0.8634883,0.7337505,0.7304186,0.5387334,0.649819,0.8678583,0.86740965,0.86812097,0.8497875,0.6422639,0.79890025,0.6673634,0.62434155,0.8292427,0.8466818,0.840471,0.8133623,0.06274356,0.6885721,0.6734121,0.84257627,0.8005904,0.17697832,-0.12975092,0.3643659,0.4985418,0.6027301
