1.0,0.40521488,0.4007942,0.3271178,-0.046779476,-0.23754367,0.457653,0.4143762,-0.08549304,-0.10647699,0.45685655,0.30696735,0.16118795,0.35719568,-0.20537852,0.054014266,0.43199122,0.3277338,0.41885185,0.4533748,0.10061176,0.34379706,0.42753434,0.40368733,-0.0876902,-0.058353238,0.051529665,-0.13774382,0.17873698,-0.00028362087,0.40440312,0.33153835,0.39016947,0.35579738,0.38074905,0.18051805,0.36190063,-0.1561022,0.24567367,-0.03792956,0.13427073,0.31146187,0.15088968,0.23754221,0.34076843,0.37138453,0.24379364,0.1892368,0.034209616,-0.19067714,0.2587025,0.36685607,0.25955737,0.23539524,0.35863483,-0.12430776,0.37026137,0.36756307,-0.32410365,-0.14117077,0.104528405,0.093838155,-0.34445655,0.3258735,0.0464856,0.25068408,0.3740018,0.36610395,0.43059015,0.35853314,0.4014406,0.12125462,0.332751,-0.059165824,0.19233336,0.14645766,0.41005343,0.40312964,0.31678107,0.28854448,0.34973225,0.3281642,-0.2690503,0.25201797,0.27416006,0.3406746,0.2938106,0.2677849,0.09473166,0.11671108,-0.3358495,-0.27512696,0.275628,-0.06442906,-0.04014001,0.111572385,0.21377404,0.06623048,-0.16814676,-0.14237733,0.2465554,0.25706708,0.2151985,0.30948853,0.019208571,0.33000857,-0.28001076,-0.2829707,0.13740347,-0.0045858338,0.12637134,0.03922258,0.26599035,0.11858534,0.023023656,0.37800243
0.40521488,1.0,0.46375778,0.41466948,-0.18455483,-0.095908515,0.4504565,0.4434947,-0.1316637,-0.12583095,0.40535817,0.32530665,0.070877634,0.3211423,-0.15299045,0.04035342,0.33372042,0.246432,0.4124845,0.44319868,0.07856159,0.35095045,0.4257808,0.39427596,-0.17315298,0.054737214,0.07950288,-0.03455808,0.2544809,0.072127886,0.26607177,0.43284014,0.33959427,0.3309013,0.43728265,0.28491628,0.33621413,-0.094065696,0.416031,0.18963833,-0.011723909,0.27994415,0.36242718,0.327946,0.27565774,0.34342253,0.3433811,0.28524768,0.040025488,0.04387907,0.41791973,0.45403194,0.25922212,0.35994297,0.34520483,-0.021771034,0.36609018,0.39341432,-0.21775773,-0.17981751,0.2103157,0.31153062,-0.4143041,0.17244957,0.027071033,0.21410851,0.38062906,0.29934514,0.28361344,0.3841513,0.46047986,0.26670325,0.3045554,-0.07913617,0.23110469,0.11524459,0.32901973,0.36558568,0.24238358,0.3273381,0.3752702,0.33625704,-0.13889427,0.20269145,0.20655768,0.22676864,0.26544532,0.32053313,0.12204692,0.11990065,-0.28381675,-0.15617697,0.22074407,0.17388467,-0.05304645,0.1398518,0.2602385,0.21480733,-0.0027532324,-0.13381815,0.23025563,0.0054821256,0.35323125,0.1932221,0.016936952,0.2018831,-0.06966761,-0.083235726,0.2014436,0.009168063,0.2659277,0.01871195,0.19618438,0.116463654,-0.05590257,0.32088983
0.4007942,0.46375778,1.0,0.36393884,-0.09632143,-0.054690428,0.451512,0.45237887,-0.18935785,-0.22459136,0.40990007,0.2597805,-0.0066792485,0.24730104,-0.21240842,-0.009666562,0.29264393,0.19383092,0.39055857,0.4487096,-0.0040768427,0.31541267,0.41306156,0.39790043,-0.19142365,0.047525454,0.12982617,0.03076532,0.20938233,-0.00798566,0.2527892,0.44341525,0.32740784,0.33078906,0.399729,0.24967301,0.34925893,-0.16074458,0.38949558,0.1581655,-0.00013950316,0.28159425,0.37282073,0.27869067,0.24114579,0.35165313,0.31205136,0.21205463,0.026658762,0.03291878,0.43367618,0.45342728,0.29734227,0.3074082,0.32169768,-0.14025989,0.38080135,0.38445035,-0.22577316,-0.10236423,0.2749821,0.33049783,-0.3435487,0.1409631,-0.030353464,0.26187235,0.39617804,0.2247082,0.25215533,0.3220012,0.4152503,0.27350286,0.24345641,-0.16982278,0.28435388,0.051828276,0.2622306,0.29929453,0.1970985,0.3522762,0.3603253,0.3554653,-0.07890843,0.2458157,0.16416027,0.2912596,0.34006017,0.3287579,0.056552254,0.080436766,-0.35634324,-0.0704837,0.13753542,0.19794147,-0.10227719,0.08684308,0.18320036,0.14171936,-0.042844784,-0.15807484,0.3232883,0.035242934,0.38960293,0.27528208,-0.02048571,0.19562496,-0.09610246,-0.11096171,0.15471876,-0.035241872,0.24844958,-0.07274438,0.16857702,0.11807549,-0.06359442,0.3685268
0.3271178,0.41466948,0.36393884,1.0,-0.24747488,-0.12957399,0.36726943,0.32056075,-0.13522972,-0.008774037,0.3428222,0.25317317,0.13551137,0.3057714,-0.09705014,-0.06670885,0.36110714,0.20547858,0.35666212,0.39384544,0.06714224,0.3814559,0.32386294,0.22756918,-0.24287236,-0.011974768,0.10297678,-0.110300586,0.19919126,0.048824113,0.189789,0.3653006,0.39695358,0.36942795,0.4092291,0.25005066,0.27443978,-0.111201175,0.3881459,0.21254137,-0.05171821,0.06965717,0.3061545,0.36674413,0.34061703,0.15845664,0.35415348,0.36229962,0.054779835,0.029258115,0.32958734,0.3263417,0.02765254,0.24734338,0.2932092,0.13675539,0.22202645,0.44160607,-0.026001973,-0.36397108,0.113834,0.21011618,-0.3630661,0.26070967,0.005126019,0.2696811,0.33446687,0.34916776,0.26439172,0.46091542,0.40978926,0.1993677,0.19883555,-0.054298762,0.01841941,0.16073719,0.32783067,0.31272465,0.3268738,0.22258182,0.30651012,0.2789696,-0.27333242,0.12642981,0.07819837,0.184422,0.11728272,0.36114967,0.06736697,0.27858096,-0.13560703,-0.161631,0.35865164,0.18668649,0.050955385,0.17788602,0.23157826,0.25886548,0.112601765,0.07552316,0.057655532,-0.084812865,0.18655369,0.12680869,0.097458825,0.20990145,0.009382699,-0.087661274,0.20374513,0.082887955,0.27728307,0.23350702,0.23965587,0.28183874,-0.011098057,0.23420458
-0.046779476,-0.18455483,-0.09632143,-0.24747488,1.0,0.20661733,-0.043185186,-0.018066801,0.11872345,-0.036896177,0.034272205,-0.11090126,0.046736587,-0.108018786,0.074472055,0.030562097,-0.08172843,0.03595062,-0.011318377,-0.06512733,-0.017680695,0.0015557318,-0.021463744,-0.007819293,0.2300574,0.13208684,0.2983167,0.2809942,0.0040954435,-0.07544223,0.115925916,-0.032061435,-0.01596471,-0.16596256,-0.10444644,0.0054862984,0.15047498,-0.012026341,-0.1671472,-0.10724092,-0.11395675,-0.04439944,-0.1684255,-0.054641653,-0.2274161,-0.12217468,-0.019721607,-0.115549676,0.23622462,-0.059841607,-0.19553924,-0.19706173,0.090321116,-0.25180766,0.06087422,-0.26377177,0.09412253,-0.08198709,-0.1012511,0.31541923,-0.13227305,-0.14224373,0.29390767,0.053025454,0.09971351,0.039179366,0.093771346,-0.11297091,-0.07996486,-0.26130846,-0.19235712,0.06404506,-0.13758488,-0.03429772,0.1626562,0.08243138,-0.19227272,-0.1836125,-0.23539947,0.14888965,0.042437293,0.14991233,0.055113863,0.30072233,0.010025475,0.24139355,-0.005384804,-0.21825172,-0.0033983605,0.06336057,-0.025183478,0.20013805,-0.15707085,-0.09154541,0.15832613,0.08261642,-0.09578466,-0.12048862,0.001556989,0.11690315,0.07350119,0.2446096,-0.13412349,0.26938674,0.17708533,0.19715714,-0.038673393,-0.0527224,0.0519929,0.15236944,0.025245305,-0.11435876,0.15226811,0.059221454,0.30623925,0.20063697
-0.23754367,-0.095908515,-0.054690428,-0.12957399,0.20661733,1.0,-0.112610735,-0.010383693,0.1444787,0.037685413,-0.11510736,-0.032767005,-0.050802078,-0.14137691,0.27424827,0.101597585,-0.2924058,-0.07516364,-0.04626368,-0.15850991,0.038633287,-0.0035753548,-0.04904994,-0.045330137,0.1680321,0.39158008,0.3042586,0.46072468,0.18841241,0.1590204,-0.14114913,0.09706189,-0.1739223,-0.3025142,-0.02050107,0.22137326,0.066478245,0.21786189,0.11939126,0.32699785,-0.4152687,-0.09498708,0.16628453,0.11500994,-0.40343222,-0.20315333,0.15449047,0.08439285,0.28550953,0.40224573,0.027042525,-0.08710607,0.0793118,0.0044830972,0.03363668,0.015518451,0.062994234,-0.109766126,0.08031701,0.26383704,-0.03479381,0.21871509,0.1533517,-0.25280094,0.15444995,-0.14359796,0.04991168,-0.22242405,-0.3757934,-0.2489778,-0.10159176,0.3243042,-0.1459768,0.049400244,0.21596673,0.08459128,-0.33969197,-0.2356937,-0.41668916,0.18932445,0.07758495,0.122112066,0.30020764,0.17633289,-0.05791149,-0.06003527,-0.15956049,-0.22025028,0.1343578,0.062241323,0.17136967,0.3708769,-0.25193727,0.29681724,0.19671062,0.18522376,0.05197226,0.20305087,0.3433466,0.13889077,-0.058155928,-0.22735144,0.062312797,-0.043631095,0.21859446,-0.054248225,0.38942882,0.38257876,0.21286564,0.2346798,0.27733216,-0.1159906,0.027483057,-0.009520749,0.19814123,0.025615042
0.457653,0.4504565,0.451512,0.36726943,-0.043185186,-0.112610735,1.0,0.46391404,-0.08310574,-0.1162041,0.46862644,0.33126873,0.14152472,0.3509732,-0.15306984,0.06516445,0.38905048,0.3191905,0.4532607,0.4683769,0.10656598,0.3894198,0.46028504,0.42726317,-0.09430275,0.05233476,0.14522767,-0.017703919,0.25895593,0.048150983,0.37390327,0.42263645,0.38968167,0.32791543,0.43623093,0.280298,0.41238898,-0.115457475,0.35159546,0.10104215,0.008153102,0.3002726,0.26880175,0.3214385,0.2742657,0.3469738,0.33961546,0.26260686,0.10719966,-0.053548697,0.33986884,0.40830335,0.29336563,0.28842792,0.40191206,-0.10282727,0.4196867,0.4015667,-0.2979101,-0.11958672,0.13920988,0.21488187,-0.36250138,0.26858467,0.074774355,0.24922727,0.43371105,0.3391163,0.34977308,0.3560771,0.43845293,0.25085387,0.31715247,-0.06828162,0.26443812,0.17389105,0.3529706,0.3775676,0.24203633,0.3746009,0.41310012,0.39847898,-0.20181957,0.3083517,0.25931865,0.3394259,0.27970377,0.27205154,0.13470677,0.15885003,-0.31713668,-0.18038557,0.24116105,0.07198164,0.0017245922,0.17621501,0.25719076,0.16386424,-0.053026386,-0.10813414,0.25310624,0.1560926,0.28703552,0.30674595,0.076086536,0.3220615,-0.15734813,-0.17373405,0.2198294,0.0563852,0.24904427,0.022557339,0.28757954,0.1474729,0.052115142,0.41271693
0.4143762,0.4434947,0.45237887,0.32056075,-0.018066801,-0.010383693,0.46391404,1.0,-0.035679962,-0.11637947,0.43968916,0.3561126,0.11866191,0.33264753,-0.093256645,0.1352282,0.31034645,0.3141728,0.44676453,0.42928213,0.136864,0.36706114,0.46760443,0.45572487,-0.032577693,0.15514636,0.16851087,0.08081483,0.31877378,0.11372514,0.35050878,0.4451433,0.3149747,0.23862132,0.4343468,0.3359638,0.41807824,-0.03737146,0.38406798,0.17159921,-0.06589451,0.34254816,0.3160915,0.3314317,0.16821118,0.35573336,0.36108455,0.26416364,0.15156892,0.047350753,0.3647453,0.42380175,0.3657986,0.34093234,0.41127568,-0.10842468,0.45630887,0.34550402,-0.32865548,-0.02370315,0.1479319,0.28933924,-0.36133346,0.17395793,0.123710595,0.17028105,0.43079138,0.2804374,0.26934627,0.2839787,0.43304986,0.32824472,0.33040237,-0.0369938,0.35383463,0.18032095,0.28810382,0.35235465,0.1309037,0.42141265,0.43601772,0.4136571,-0.095921524,0.3337991,0.2914113,0.29640102,0.2648087,0.20271228,0.19484034,0.11416964,-0.2970116,-0.12068575,0.15318297,0.12540482,0.012788362,0.20423482,0.29080695,0.20847069,-0.0071673444,-0.14743368,0.26206142,0.113035135,0.34263006,0.27176037,0.09262522,0.2839345,-0.084829144,-0.07039567,0.26427922,0.08288397,0.29587597,-0.052407105,0.26374876,0.07438645,0.06480681,0.4070479
-0.08549304,-0.1316637,-0.18935785,-0.13522972,0.11872345,0.1444787,-0.08310574,-0.035679962,1.0,0.4126964,-0.04298963,0.24393311,0.36460757,0.20861124,0.4303829,0.4150741,-0.02441261,0.2831012,0.066113174,-0.16978882,0.4282455,0.0899328,0.049194343,0.044609644,0.45097712,0.3129124,0.043484602,0.10711855,0.29473862,0.40632048,0.16000763,-0.08099636,-0.11770026,-0.33120057,0.039523907,0.2263867,0.07721459,0.43480405,-0.035647713,0.09453297,-0.23124984,0.07393729,-0.18271974,0.13902241,-0.24488865,-0.09661865,0.10971398,0.1745169,0.33684966,0.113295674,-0.25184456,-0.16498512,0.07219319,0.08896075,0.17033635,0.24516499,0.08992562,-0.17996928,-0.1705078,0.15669765,-0.42102307,-0.13720313,-0.03663231,0.030384498,0.45117533,-0.35154545,-0.01572658,0.12873071,-0.040439606,-0.1219161,-0.0031531022,0.117823355,0.20353922,0.4550316,0.08012524,0.36655354,0.028198184,0.1029504,-0.21059625,0.08766655,0.12971707,0.054005947,-0.03344527,0.12271214,0.30225104,-0.14324304,-0.35202834,-0.40160537,0.40804863,0.105957925,0.31986964,-0.14136648,0.05713548,-0.18105172,0.3659755,0.33977002,0.3116208,0.24604559,0.19215392,0.095088504,-0.32145968,0.09123602,-0.207924,-0.17698756,0.33470494,0.15015103,0.14343594,0.219147,0.3080407,0.3616704,0.12353407,0.14070968,0.2108142,-0.14028366,0.33768314,-0.044440333
-0.10647699,-0.12583095,-0.22459136,-0.008774037,-0.036896177,0.037685413,-0.1162041,-0.11637947,0.4126964,1.0,-0.074940205,0.19845751,0.39289674,0.21984057,0.41192022,0.28760326,0.045088504,0.23851517,0.03487939,-0.16253182,0.39280808,0.12185838,-0.017081624,-0.078834936,0.30918986,0.19042657,-0.0043648486,-0.040068932,0.22410984,0.36266613,0.08725555,-0.11826536,-0.035206918,-0.21824229,0.04663821,0.17592123,0.0047075297,0.37454194,-0.024271587,0.107602194,-0.20275542,-0.082748644,-0.19013944,0.17407294,-0.10111284,-0.19891387,0.11577581,0.24907222,0.2715221,0.07604615,-0.26540315,-0.20762856,-0.1358477,0.04049471,0.116161235,0.39958456,-0.042011846,-0.093348764,0.0029075944,-0.080817156,-0.44283614,-0.1948266,-0.062321685,0.11763296,0.37736908,-0.2699546,-0.05750187,0.20532231,-0.004905685,0.02169243,0.008029543,0.030684799,0.14410815,0.44418326,-0.13445774,0.36533773,0.09054176,0.10988731,-0.051873446,-0.03005852,0.06512551,-0.017023806,-0.17776072,-0.0005510561,0.18490462,-0.19379768,-0.43035588,-0.28027242,0.33054703,0.2212217,0.40361893,-0.19888286,0.21799299,-0.15876776,0.3879782,0.32791907,0.28722557,0.27822036,0.25093228,0.23060659,-0.44273406,-0.011653181,-0.3039631,-0.2519951,0.33731163,0.12739763,0.17580429,0.17903633,0.273519,0.35920057,0.11083385,0.33668765,0.2145055,0.0026377467,0.28926408,-0.13494764
0.45685655,0.40535817,0.40990007,0.3428222,0.034272205,-0.11510736,0.46862644,0.43968916,-0.04298963,-0.074940205,1.0,0.31581345,0.20028256,0.35928318,-0.12513094,0.06317908,0.4146863,0.35052204,0.45727992,0.45818093,0.12621099,0.41402948,0.44967857,0.40164414,-0.05079656,0.048583385,0.19501361,-0.012307432,0.25348654,0.037467524,0.41390824,0.39515093,0.42029256,0.31744102,0.42203146,0.2733992,0.43965304,-0.11866973,0.3030784,0.060527205,-0.002170284,0.25865006,0.19668372,0.32565743,0.27060604,0.2952426,0.33928633,0.26667002,0.16047227,-0.10323222,0.26436412,0.34071842,0.2592706,0.2167739,0.4205746,-0.109587595,0.41480523,0.40538925,-0.29804942,-0.11490525,0.065431274,0.1335226,-0.31087145,0.33614635,0.10734289,0.27005136,0.44858572,0.36527753,0.36982423,0.34316316,0.4040541,0.23112538,0.29508385,-0.047080617,0.23788273,0.22373863,0.3536915,0.36252514,0.2441759,0.3784679,0.41690043,0.41958833,-0.26008078,0.35490412,0.2605898,0.38791066,0.24102059,0.23664553,0.13680744,0.21841456,-0.2894115,-0.18664353,0.27561322,0.016901404,0.0679751,0.2129322,0.25040683,0.14899977,-0.045272887,-0.038929358,0.2172547,0.21913482,0.20321995,0.35071784,0.13841827,0.39126337,-0.17808458,-0.21381557,0.23713762,0.11115094,0.24556234,0.0725778,0.35098186,0.19866982,0.13552924,0.4409247
0.30696735,0.32530665,0.2597805,0.25317317,-0.11090126,-0.032767005,0.33126873,0.3561126,0.24393311,0.19845751,0.31581345,1.0,0.33248073,0.45178488,0.16428402,0.36356753,0.28663257,0.43418285,0.40172222,0.25838977,0.3982084,0.3481308,0.40919548,0.39086917,0.1868016,0.24424309,0.031444605,-0.00872979,0.42428818,0.36903074,0.36096808,0.29003057,0.19275633,0.050458558,0.40082785,0.38737926,0.32237962,0.24352388,0.31380716,0.19371341,-0.12403447,0.33899713,0.15528205,0.35747114,0.085840724,0.27137014,0.3445414,0.35256377,0.2388878,0.08488164,0.17080139,0.28909588,0.29247233,0.4033913,0.4125715,0.16595775,0.3775238,0.18741933,-0.34633195,-0.046285883,-0.1260706,0.1499816,-0.4168948,0.17124544,0.3525762,-0.09989107,0.2893844,0.3691707,0.2521874,0.25231338,0.40776107,0.2764568,0.45479274,0.28526106,0.24988551,0.35432607,0.34488988,0.42979303,0.084420614,0.31725532,0.40464315,0.29686362,-0.1529547,0.22678843,0.43392548,0.06443961,-0.014222956,-0.018541932,0.4131548,0.13662016,-0.02449412,-0.29722968,0.24025625,-0.03089437,0.1869989,0.34273326,0.46203294,0.34452206,0.08580855,-0.100045145,-0.032953195,0.09822211,0.1583414,0.011091496,0.21918651,0.26795444,-0.0013156718,0.06502076,0.37382415,0.23564297,0.274301,0.10829249,0.29849815,-0.051590703,0.16050562,0.21978031
0.16118795,0.070877634,-0.0066792485,0.13551137,0.046736587,-0.050802078,0.14152472,0.11866191,0.36460757,0.39289674,0.20028256,0.33248073,1.0,0.38792145,0.29316744,0.29595545,0.27765816,0.41956568,0.2720043,0.093979344,0.42187303,0.32385665,0.22013658,0.14286983,0.2844863,0.17476156,0.10748118,-0.052375823,0.3144949,0.32145694,0.336613,0.07428736,0.20021077,-0.03191181,0.2428414,0.2745589,0.24965248,0.25637951,0.08492211,0.064287655,-0.15149675,0.06831732,-0.12936513,0.3000437,0.054864604,-0.021695029,0.2548521,0.33117133,0.33821353,-0.048606843,-0.14926167,-0.03925971,0.020862674,0.105041064,0.33117715,0.25830838,0.18683723,0.11752832,-0.1871569,-0.10410896,-0.39499712,-0.16646864,-0.1849621,0.3223694,0.40406743,-0.08878616,0.18733238,0.38517237,0.22217342,0.17775217,0.19357142,0.115655385,0.2835439,0.3753663,0.0048917322,0.45588964,0.27605772,0.28777695,0.086820275,0.17040779,0.27287006,0.21112111,-0.32414,0.21492141,0.32018954,0.072324224,-0.25064206,-0.15219997,0.36034667,0.31384048,0.1937288,-0.29451534,0.34355852,-0.19843738,0.39374495,0.4017997,0.3710232,0.28223625,0.15813974,0.18873066,-0.27270037,0.1820129,-0.20652473,0.0031159495,0.3838435,0.36201596,0.008068407,-0.0053362795,0.35534263,0.3837537,0.19372013,0.33650467,0.40133855,0.10919693,0.36611027,0.13635767
0.35719568,0.3211423,0.24730104,0.3057714,-0.108018786,-0.14137691,0.3509732,0.33264753,0.20861124,0.21984057,0.35928318,0.45178488,0.38792145,1.0,0.11460695,0.28355944,0.3896094,0.4571306,0.41855064,0.30374932,0.3759948,0.39481646,0.40241885,0.35025358,0.13344309,0.13530052,0.03724575,-0.11040783,0.3640486,0.29601473,0.4056322,0.26363468,0.29742518,0.1492204,0.40692982,0.3335163,0.3359698,0.15690242,0.26887375,0.110566534,-0.057351097,0.26984358,0.08157969,0.36147028,0.20386456,0.23546389,0.33374375,0.3658102,0.22115484,-0.040114716,0.11759678,0.24668948,0.19527383,0.31829298,0.41834313,0.17625794,0.33957157,0.26188827,-0.30797005,-0.15831687,-0.16803235,0.039714918,-0.40118363,0.30966228,0.31593603,0.0021121402,0.30856338,0.4517885,0.34937134,0.33535415,0.40671873,0.19290158,0.43095234,0.26020753,0.14013392,0.37647635,0.41910437,0.4538881,0.21036962,0.27521735,0.38974255,0.2985452,-0.29995602,0.22499208,0.397692,0.13659877,-0.017823689,0.04851266,0.35126734,0.2244258,-0.031825077,-0.36315545,0.36024684,-0.103170715,0.2116487,0.3375208,0.4288292,0.3007007,0.050773952,-0.017002484,-0.061712798,0.16529952,0.062801465,0.07063921,0.23731044,0.3457653,-0.08110364,-0.061789002,0.34240353,0.23919417,0.23443027,0.22157384,0.3610681,0.062592834,0.18819386,0.24391468
-0.20537852,-0.15299045,-0.21240842,-0.09705014,0.074472055,0.27424827,-0.15306984,-0.093256645,0.4303829,0.41192022,-0.12513094,0.16428402,0.29316744,0.11460695,1.0,0.323689,-0.12387017,0.16740419,0.0037193985,-0.22332433,0.35922995,0.079934746,-0.030869571,-0.06485863,0.3667558,0.3672115,0.12412366,0.20192869,0.2895743,0.39827597,0.008861599,-0.055195656,-0.14573005,-0.3560438,0.022177594,0.2573922,0.031416733,0.44081548,0.033303205,0.24436975,-0.36462015,-0.07476138,-0.07733311,0.18483812,-0.30620295,-0.23482403,0.15894654,0.2292223,0.36032546,0.2684674,-0.2042043,-0.20184496,-0.033962082,0.0607152,0.11250353,0.32447428,0.011577485,-0.16172197,0.0064917905,0.10276981,-0.37945655,-0.042644724,0.014800328,-0.055668466,0.4031175,-0.3301655,-0.034281086,0.046380904,-0.19400421,-0.13027689,-0.04273866,0.18920954,0.07216685,0.40742174,0.027977167,0.3375369,-0.095611386,-0.016213275,-0.2733421,0.07349263,0.093751356,0.038895734,0.032929022,0.084529795,0.15502337,-0.20668836,-0.4245663,-0.367069,0.3611821,0.17303376,0.40933657,0.010805069,0.025365237,0.0015821665,0.40168014,0.35557923,0.27394778,0.32488728,0.35668573,0.21503046,-0.38065925,-0.10925514,-0.19954695,-0.24239999,0.37075576,0.0641243,0.32847348,0.35071385,0.32987547,0.40077835,0.21670072,0.18255,0.17277369,-0.052968897,0.32622346,-0.10457181
0.054014266,0.04035342,-0.009666562,-0.06670885,0.030562097,0.101597585,0.06516445,0.1352282,0.4150741,0.28760326,0.06317908,0.36356753,0.29595545,0.28355944,0.323689,1.0,0.024173431,0.33242613,0.17209372,-0.04083912,0.4327022,0.112447865,0.19757898,0.23816195,0.40952492,0.328289,-0.033534635,0.093199894,0.36084905,0.43194655,0.2298491,0.047523312,-0.103640534,-0.25941643,0.14786388,0.28297278,0.14004369,0.41525447,0.08525766,0.11982541,-0.16116329,0.2930577,-0.039995547,0.16025871,-0.19243105,0.13713594,0.14938606,0.17027356,0.2611345,0.13568373,-0.064517,0.056971885,0.27471903,0.28405234,0.24201195,0.15906836,0.23566782,-0.13387057,-0.32911947,0.20139818,-0.26302958,0.026374899,-0.20296049,-0.026451241,0.42892545,-0.35595226,0.05777719,0.15306607,0.039726403,-0.062805,0.14883186,0.18944736,0.3561027,0.40906048,0.24581613,0.31088775,0.12132017,0.23710588,-0.17863882,0.1828118,0.2249294,0.11388645,0.042024218,0.14181451,0.4212489,-0.12069485,-0.17358905,-0.31916505,0.45099413,-0.024462435,0.14671399,-0.20034152,0.011546457,-0.1402161,0.22047447,0.29406637,0.3791499,0.254859,0.08566424,-0.12573089,-0.14787644,0.11002453,0.017752206,-0.14451796,0.21576197,0.124074526,0.06713858,0.20822437,0.3083115,0.25107768,0.13975762,-0.011525952,0.1613026,-0.26364818,0.20896265,0.031473704
0.43199122,0.33372042,0.29264393,0.36110714,-0.08172843,-0.2924058,0.38905048,0.31034645,-0.02441261,0.045088504,0.4146863,0.28663257,0.27765816,0.3896094,-0.12387017,0.024173431,1.0,0.3501347,0.388556,0.40244296,0.15347904,0.3804421,0.35827494,0.2832266,-0.08120095,-0.10515458,0.05066892,-0.22610784,0.15704131,0.022153258,0.39123982,0.24962068,0.435771,0.362671,0.3606181,0.15970679,0.32181576,-0.12807274,0.19352455,-0.051988777,0.11392114,0.16687542,0.04750592,0.2712201,0.39248642,0.22956716,0.24727707,0.260033,0.0729805,-0.23779984,0.1353445,0.24057601,0.08187465,0.14784577,0.34124687,0.0256876,0.26556578,0.3848666,-0.21408547,-0.27943742,-0.04032058,-0.042911496,-0.31451908,0.43305737,0.085425384,0.25705853,0.33082438,0.44709256,0.45152575,0.4174098,0.3631559,0.047388252,0.29297426,0.025206743,0.016697112,0.23239952,0.44637942,0.39783657,0.390769,0.20089883,0.30625102,0.28086215,-0.41446832,0.20111376,0.22804782,0.30135992,0.14026919,0.25256416,0.09876015,0.2520078,-0.19006237,-0.3392122,0.41658992,-0.12552929,0.08161648,0.17457378,0.2285582,0.10772167,-0.09057529,0.024974244,0.06947635,0.23992254,0.03595636,0.2452823,0.11523713,0.37420902,-0.24576668,-0.30179113,0.16221328,0.087345146,0.11935563,0.23951286,0.33538154,0.22899003,0.10006254,0.30650076
0.3277338,0.246432,0.19383092,0.20547858,0.03595062,-0.07516364,0.3191905,0.3141728,0.2831012,0.23851517,0.35052204,0.43418285,0.41956568,0.4571306,0.16740419,0.33242613,0.3501347,1.0,0.4053282,0.2569351,0.40287164,0.38076618,0.38927573,0.34836006,0.24202985,0.19293012,0.1052551,-0.027338883,0.37878218,0.3067086,0.44297707,0.23161165,0.26206228,0.062833294,0.36374635,0.33894917,0.3675105,0.19332595,0.20327112,0.07495308,-0.094983906,0.2722772,0.0088652335,0.3362611,0.11057832,0.19990164,0.31644535,0.32698518,0.3006576,-0.05166401,0.034453914,0.17368051,0.23248301,0.25456804,0.43391722,0.11495217,0.3648085,0.20219047,-0.3560284,-0.041458722,-0.23642203,-0.016085545,-0.3154546,0.3103688,0.376511,-0.031933527,0.31458473,0.41563362,0.31744635,0.23470685,0.34007075,0.20720099,0.40926576,0.2896922,0.19404411,0.41515577,0.35991263,0.40496692,0.11782384,0.3105443,0.3969545,0.3269238,-0.2714822,0.3051481,0.4274836,0.17841908,-0.04497045,-0.057368595,0.38098592,0.22569175,-0.014126167,-0.3201072,0.30283406,-0.15501828,0.27098152,0.37228897,0.41854763,0.2721047,0.05105517,0.0042558303,-0.0634784,0.24567536,0.009586763,0.12076284,0.29718927,0.39649245,-0.08818437,-0.056969695,0.36691797,0.29597557,0.23210205,0.18297967,0.4011857,0.043184076,0.28844845,0.2819833
0.41885185,0.4124845,0.39055857,0.35666212,-0.011318377,-0.04626368,0.4532607,0.44676453,0.066113174,0.03487939,0.45727992,0.40172222,0.2720043,0.41855064,0.0037193985,0.17209372,0.388556,0.4053282,1.0,0.41938537,0.24076054,0.4474471,0.4707711,0.41711652,0.029054374,0.16258194,0.19765918,0.02994137,0.36276203,0.17907605,0.4114481,0.41337565,0.37913388,0.23460834,0.46492583,0.37323123,0.44844088,0.020595558,0.36445355,0.16849293,-0.105052985,0.27546903,0.22900158,0.40213153,0.20250553,0.27221534,0.40822405,0.35835305,0.24107462,0.006188912,0.26361567,0.3420006,0.27591628,0.30242804,0.46523273,0.008915721,0.43745422,0.3760466,-0.3077441,-0.10885234,-0.0068671494,0.17745106,-0.3690839,0.2967769,0.22035038,0.16245772,0.4462885,0.39320666,0.32266748,0.34180894,0.4419126,0.30918026,0.35636368,0.07422501,0.26383546,0.31273204,0.35458124,0.39743987,0.18280825,0.40993646,0.46406177,0.43256065,-0.2357735,0.35658637,0.32534635,0.30010003,0.13810427,0.16182065,0.26064605,0.24797113,-0.18632618,-0.20471834,0.28960863,0.050253924,0.15506314,0.3134371,0.36213556,0.27584937,0.060585946,-0.018238856,0.120588064,0.1490351,0.20226248,0.25017297,0.21992412,0.38343063,-0.07048631,-0.088450044,0.34281564,0.20660909,0.32652998,0.114833534,0.38138944,0.15840319,0.18381542,0.40230185
0.4533748,0.44319868,0.4487096,0.39384544,-0.06512733,-0.15850991,0.4683769,0.42928213,-0.16978882,-0.16253182,0.45818093,0.25838977,0.093979344,0.30374932,-0.22332433,-0.04083912,0.40244296,0.2569351,0.41938537,1.0,0.02169897,0.37248948,0.41751888,0.3705383,-0.18721718,-0.034794927,0.13962896,-0.0645593,0.17724112,-0.04356081,0.3312518,0.40450653,0.42447364,0.39665204,0.40828842,0.21379761,0.37842512,-0.20692123,0.32866293,0.065253116,0.055063862,0.23100334,0.26458466,0.29029912,0.3372873,0.31510362,0.30615798,0.23432119,0.045465704,-0.100006595,0.34431824,0.3917165,0.21722849,0.2251799,0.35100853,-0.11959683,0.3602417,0.43833297,-0.22263668,-0.18801567,0.18282463,0.19117841,-0.32812497,0.2947054,-0.016058294,0.32987797,0.41775972,0.32650524,0.35975745,0.38849422,0.41219506,0.19415188,0.24797766,-0.1465269,0.188862,0.11542009,0.3474457,0.3404216,0.30472133,0.32258373,0.36189225,0.36720863,-0.23719603,0.2669752,0.17113551,0.36255157,0.30794773,0.34827292,0.03795991,0.1756022,-0.34094116,-0.16122045,0.26459396,0.08611284,-0.040256787,0.11549485,0.18097703,0.1104316,-0.07534929,-0.07221133,0.269235,0.13811933,0.26673248,0.331283,0.032099664,0.30284783,-0.18202293,-0.23262618,0.15202,0.0042285374,0.21124202,0.05003982,0.26052463,0.21376659,0.0069375494,0.39906442
0.10061176,0.07856159,-0.0040768427,0.06714224,-0.017680695,0.038633287,0.10656598,0.136864,0.4282455,0.39280808,0.12621099,0.3982084,0.42187303,0.3759948,0.35922995,0.4327022,0.15347904,0.40287164,0.24076054,0.02169897,1.0,0.24167259,0.22576915,0.20129699,0.36242974,0.29216695,0.021338318,0.017274078,0.38947508,0.4450722,0.2791131,0.077737,0.040676627,-0.16324958,0.22954871,0.32739115,0.19473656,0.39567462,0.130263,0.15041403,-0.19544736,0.19063272,-0.05480652,0.27565184,-0.07591944,0.05706484,0.2413791,0.3071774,0.32183123,0.09501192,-0.08947183,0.027323453,0.14764084,0.2523306,0.30867136,0.28243348,0.21877362,-0.005935214,-0.2553342,0.021438941,-0.35206378,-0.03930589,-0.24578895,0.13478272,0.4605817,-0.26611033,0.12238471,0.29756033,0.12174551,0.08443138,0.20854688,0.185941,0.35951263,0.4477737,0.12442616,0.42208844,0.21924716,0.29644728,-0.049561024,0.18466249,0.27311242,0.16419676,-0.14213033,0.1621967,0.3998783,-0.07440058,-0.2564546,-0.24706732,0.46190032,0.16160533,0.21601892,-0.27283347,0.20363815,-0.14604263,0.33813673,0.39162797,0.43559712,0.3380062,0.17154379,0.037019547,-0.25855696,0.098057345,-0.08482267,-0.12990361,0.32784164,0.23256384,0.08761457,0.1573536,0.3797358,0.3527591,0.20650001,0.19623196,0.29139113,-0.09103675,0.2902487,0.05850111
0.34379706,0.35095045,0.31541267,0.3814559,0.0015557318,-0.0035753548,0.3894198,0.36706114,0.0899328,0.12185838,0.41402948,0.3481308,0.32385665,0.39481646,0.079934746,0.112447865,0.3804421,0.38076618,0.4474471,0.37248948,0.24167259,1.0,0.40240324,0.3018328,0.014921505,0.17139955,0.27567604,0.047521226,0.35324392,0.17864114,0.360241,0.38367403,0.41044936,0.22313604,0.44681862,0.38252532,0.43413702,0.03164472,0.35448772,0.21738787,-0.19090019,0.116663985,0.19997884,0.44937798,0.19361456,0.113994434,0.44229454,0.42420873,0.30713496,0.035421997,0.19497879,0.23425847,0.13095571,0.21045749,0.44810528,0.10583451,0.35864198,0.4027492,-0.1757284,-0.19252582,-0.090571016,0.12207665,-0.30284503,0.34476927,0.23461762,0.19426793,0.4371865,0.4067708,0.27002743,0.3595466,0.39131007,0.30898383,0.2628191,0.09691923,0.1526655,0.36934474,0.3113712,0.32998946,0.18547933,0.37685013,0.43821415,0.42716002,-0.30228022,0.3526806,0.23530146,0.28892156,0.016602531,0.15506513,0.242339,0.38103467,-0.06705491,-0.15830925,0.35770118,0.086633705,0.2678881,0.37573868,0.3494085,0.32826564,0.18352173,0.15690918,-0.0020318544,0.08093378,0.08372286,0.22415026,0.3212774,0.40818304,0.024738345,-0.055990126,0.38075948,0.30258885,0.37572056,0.25210413,0.43736145,0.28581473,0.2657824,0.36803812
0.42753434,0.4257808,0.41306156,0.32386294,-0.021463744,-0.04904994,0.46028504,0.46760443,0.049194343,-0.017081624,0.44967857,0.40919548,0.22013658,0.40241885,-0.030869571,0.19757898,0.35827494,0.38927573,0.4707711,0.41751888,0.22576915,0.40240324,1.0,0.4570027,0.034203894,0.16329944,0.14989026,0.03434102,0.35557714,0.17662103,0.4054607,0.41418672,0.33227038,0.21927017,0.45091057,0.35707995,0.4303506,0.02155181,0.3613782,0.15119879,-0.06757838,0.34611568,0.24815166,0.35944405,0.18301114,0.34052,0.3741073,0.307255,0.19592181,0.011688765,0.2972339,0.38665757,0.34429342,0.3446209,0.44777253,-0.04060797,0.45802346,0.33785987,-0.35717827,-0.051113266,0.046683908,0.21618642,-0.38600653,0.23749158,0.20163818,0.12944753,0.42686054,0.35367164,0.31698874,0.30766624,0.44615248,0.30684724,0.38409248,0.05690004,0.31891766,0.26219428,0.34629703,0.40532818,0.15703389,0.41129407,0.45488566,0.41350862,-0.16979465,0.33898407,0.35254943,0.2809472,0.19419609,0.15437907,0.26045293,0.15904607,-0.23668684,-0.20414445,0.2250282,0.046953842,0.08519004,0.2652934,0.35210505,0.24294253,0.00407204,-0.11361841,0.1812873,0.15953954,0.26751682,0.24263896,0.15390624,0.3382157,-0.09987606,-0.08170681,0.30955303,0.14573064,0.29359952,0.025985815,0.32367402,0.0760256,0.1260634,0.395563
0.40368733,0.39427596,0.39790043,0.22756918,-0.007819293,-0.045330137,0.42726317,0.45572487,0.044609644,-0.078834936,0.40164414,0.39086917,0.14286983,0.35025358,-0.06485863,0.23816195,0.2832266,0.34836006,0.41711652,0.3705383,0.20129699,0.3018328,0.4570027,1.0,0.069270395,0.16032824,0.072743714,0.044925548,0.32150733,0.16748545,0.37942073,0.36966127,0.22942948,0.15995833,0.385721,0.30472216,0.37470436,0.034664977,0.30912247,0.098876335,-0.008401671,0.42836794,0.23142095,0.26159558,0.12439504,0.4102341,0.2875074,0.20022936,0.13005196,0.008167143,0.29796997,0.40432274,0.42539847,0.36848792,0.39191374,-0.1173221,0.45694464,0.23889963,-0.4185528,0.060102645,0.09782766,0.23456004,-0.36730674,0.13777272,0.17784466,0.05677986,0.36211592,0.26817262,0.2855482,0.21443892,0.40489778,0.27504614,0.39933565,0.043818694,0.38199955,0.18105704,0.30383983,0.38336876,0.09268352,0.38377056,0.40667352,0.3549076,-0.06110425,0.29970348,0.38043815,0.23555912,0.25101447,0.10382778,0.2524688,0.014729454,-0.28464717,-0.19229001,0.1072034,0.013860636,-0.009229462,0.18301825,0.31333023,0.1690525,-0.08500375,-0.24353324,0.24920599,0.18773769,0.32427984,0.2180252,0.058188476,0.259152,-0.14414118,-0.06877709,0.24204238,0.058012404,0.21532601,-0.10936243,0.22432664,-0.06080983,0.053949643,0.35881165
-0.0876902,-0.17315298,-0.19142365,-0.24287236,0.2300574,0.1680321,-0.09430275,-0.032577693,0.45097712,0.30918986,-0.05079656,0.1868016,0.2844863,0.13344309,0.3667558,0.40952492,-0.08120095,0.24202985,0.029054374,-0.18721718,0.36242974,0.014921505,0.034203894,0.069270395,1.0,0.30209306,0.050387707,0.16147208,0.241165,0.3353384,0.16628127,-0.105531655,-0.17268878,-0.36640653,-0.027922202,0.16604003,0.07372159,0.3876223,-0.10700609,0.012181283,-0.17924316,0.12865639,-0.21544996,0.041991267,-0.30268776,-0.048960615,0.03248539,0.050798263,0.30576733,0.07184832,-0.26519313,-0.16997081,0.15502413,0.042916548,0.13522258,0.09210055,0.113006264,-0.24332333,-0.23507774,0.2936685,-0.36635676,-0.14420794,0.040769115,-0.021694772,0.40883276,-0.35002682,-0.029593201,0.037015036,-0.060713414,-0.22922021,-0.0675998,0.095565,0.1721809,0.38591498,0.16201712,0.28949687,-0.036489796,0.046215672,-0.27886814,0.09989316,0.09922842,0.04869303,0.053331707,0.15868446,0.30315176,-0.091941185,-0.2614751,-0.43950945,0.3587354,0.0032551643,0.23047672,-0.08238654,-0.0646871,-0.21609645,0.290102,0.26209995,0.2313418,0.13311625,0.09404947,0.008542567,-0.20935088,0.17446092,-0.17014807,-0.10065976,0.267232,0.13352183,0.07052291,0.17823246,0.23778024,0.29037213,0.056722827,-0.0021024528,0.1581015,-0.21107157,0.31998882,-0.0072480226
-0.058353238,0.054737214,0.047525454,-0.011974768,0.13208684,0.39158008,0.05233476,0.15514636,0.3129124,0.19042657,0.048583385,0.24424309,0.17476156,0.13530052,0.3672115,0.328289,-0.10515458,0.19293012,0.16258194,-0.034794927,0.29216695,0.17139955,0.16329944,0.16032824,0.30209306,1.0,0.25834674,0.38099107,0.4003205,0.37141934,0.08556854,0.19883104,-0.07383859,-0.2770611,0.17732698,0.39588097,0.21589388,0.36464173,0.23519392,0.36491683,-0.4243288,0.1054187,0.174332,0.27876362,-0.32561854,-0.042820342,0.29981288,0.25745824,0.3934288,0.37952226,0.060613014,0.042463906,0.22128311,0.21364525,0.24880311,0.1278295,0.24581498,-0.035611857,-0.1353208,0.22243012,-0.15558125,0.22384988,-0.082522996,-0.12150528,0.36629608,-0.22723083,0.17049877,0.01524713,-0.18738662,-0.10483557,0.11077489,0.40772432,0.13731769,0.25212365,0.3095186,0.29289225,-0.10340753,0.034151327,-0.33143708,0.31502938,0.27364606,0.2437634,0.16802438,0.26637462,0.21498203,-0.044871062,-0.189243,-0.25591442,0.37323752,0.12194346,0.17533861,0.12946032,-0.08445772,0.18806875,0.30085364,0.36273518,0.31246763,0.3626287,0.34004056,0.06888238,-0.1115929,-0.11637525,0.09433588,-0.061538644,0.32822612,0.104450256,0.33013543,0.3736061,0.39533228,0.35409474,0.36684155,-0.026621813,0.19287558,-0.066442505,0.28607228,0.115024805
0.051529665,0.07950288,0.12982617,0.10297678,0.2983167,0.3042586,0.14522767,0.16851087,0.043484602,-0.0043648486,0.19501361,0.031444605,0.10748118,0.03724575,0.12412366,-0.033534635,0.05066892,0.1052551,0.19765918,0.13962896,0.021338318,0.27567604,0.14989026,0.072743714,0.050387707,0.25834674,1.0,0.35715094,0.2038631,0.019594919,0.122356266,0.2656526,0.20754173,0.005448495,0.18246773,0.26950863,0.32791075,-0.0115322545,0.1922209,0.23191905,-0.34247094,-0.11214808,0.15667354,0.27913406,-0.11419748,-0.1489649,0.31163365,0.22063504,0.36382368,0.16514927,0.07316239,-0.007928553,0.05151781,-0.073857926,0.24765,-0.07470026,0.21336646,0.21854189,0.015239805,0.0639504,-0.051671036,0.118474714,0.08285092,0.12805352,0.12851933,0.19259124,0.32662582,0.049897723,-0.074307114,0.018642053,0.063684545,0.33056533,-0.096141785,-0.06277025,0.18069255,0.21769878,-0.10180614,-0.07454828,-0.13295546,0.3373076,0.26132506,0.3622115,-0.038851876,0.3951466,-0.028982377,0.29506072,-0.030290091,0.0037456085,0.06894383,0.32982895,0.00011569914,0.24773295,0.03968799,0.22545068,0.27967378,0.28082886,0.08239448,0.18781982,0.28422195,0.28671145,0.034134854,-0.011287737,0.0106369555,0.2795783,0.33355427,0.27771193,0.19185928,0.07429562,0.27798238,0.30691835,0.3563181,0.076291636,0.31179884,0.31020066,0.34020543,0.3192044
-0.13774382,-0.03455808,0.03076532,-0.110300586,0.2809942,0.46072468,-0.017703919,0.08081483,0.10711855,-0.040068932,-0.012307432,-0.00872979,-0.052375823,-0.11040783,0.20192869,0.093199894,-0.22610784,-0.027338883,0.02994137,-0.0645593,0.017274078,0.047521226,0.03434102,0.044925548,0.16147208,0.38099107,0.35715094,1.0,0.20047805,0.11051495,-0.04853305,0.16594532,-0.10057649,-0.24001397,0.030117337,0.23688841,0.1601502,0.1485106,0.13856182,0.28473732,-0.3805814,-0.0244471,0.18382145,0.12949696,-0.36444652,-0.122821264,0.18212685,0.07134381,0.2996819,0.3430258,0.07133516,-0.02433173,0.16552867,0.007951297,0.10139463,-0.097403154,0.15743575,-0.046884365,-0.00814356,0.30227172,0.009694553,0.23178649,0.13890223,-0.19434509,0.1424657,-0.06532827,0.14173846,-0.19105591,-0.30085784,-0.22735737,-0.05551862,0.35198128,-0.11269973,-0.01123033,0.29815862,0.087286234,-0.29785186,-0.19482924,-0.38885546,0.27228856,0.14544769,0.21021712,0.2774359,0.27387044,-0.015208677,0.06489136,-0.055047043,-0.17859505,0.12055552,0.064481206,0.056252856,0.36532024,-0.24980313,0.27837464,0.17028569,0.18350774,0.04912876,0.16308843,0.27662423,0.09713756,0.051267315,-0.1289959,0.11571068,0.08656391,0.21185166,0.02846873,0.3032917,0.29759246,0.21724221,0.21738872,0.28884462,-0.16815174,0.07934055,0.01392116,0.22034882,0.14578782
0.17873698,0.2544809,0.20938233,0.19919126,0.0040954435,0.18841241,0.25895593,0.31877378,0.29473862,0.22410984,0.25348654,0.42428818,0.3144949,0.3640486,0.2895743,0.36084905,0.15704131,0.37878218,0.36276203,0.17724112,0.38947508,0.35324392,0.35557714,0.32150733,0.241165,0.4003205,0.2038631,0.20047805,1.0,0.4071466,0.279419,0.31854153,0.13692781,-0.073025145,0.3741687,0.46892425,0.34756505,0.31377998,0.348507,0.33527994,-0.32394755,0.22861417,0.21011382,0.41088372,-0.08661769,0.1206932,0.41277012,0.39515314,0.37903637,0.25247654,0.15423334,0.20482865,0.26822,0.34633458,0.41230354,0.18085757,0.37138063,0.1552907,-0.2567298,0.041713536,-0.15979528,0.21546549,-0.30474207,0.0864757,0.40333635,-0.12602594,0.31110924,0.26688704,0.07178475,0.14476202,0.33146864,0.40650922,0.33606824,0.2879201,0.29970405,0.39606345,0.17210427,0.28663832,-0.091150664,0.385155,0.4200095,0.3498016,-0.049168322,0.30908325,0.35729903,0.056957573,-0.1106136,-0.105506055,0.43815187,0.21246001,0.07585004,-0.10450002,0.14893703,0.109461434,0.30297044,0.42966086,0.45398104,0.42696908,0.2658681,0.029407235,-0.08444269,-0.0124245705,0.13838309,0.008300852,0.34218365,0.2583161,0.18734957,0.22106782,0.46204528,0.36017758,0.40173763,0.09966294,0.32887375,0.005650611,0.27567792,0.23008743
-0.00028362087,0.072127886,-0.00798566,0.048824113,-0.07544223,0.1590204,0.048150983,0.11372514,0.40632048,0.36266613,0.037467524,0.36903074,0.32145694,0.29601473,0.39827597,0.43194655,0.022153258,0.3067086,0.17907605,-0.04356081,0.4450722,0.17864114,0.17662103,0.16748545,0.3353384,0.37141934,0.019594919,0.11051495,0.4071466,1.0,0.14990793,0.09568155,-0.063034944,-0.23685765,0.2030328,0.35708156,0.13227922,0.44960383,0.19044265,0.2736848,-0.2818295,0.17015593,0.05389895,0.27295363,-0.17690176,0.026880559,0.2498209,0.30599517,0.30650696,0.2559065,-0.017873896,0.048964914,0.15718433,0.30710793,0.24944572,0.31700096,0.18634522,-0.060194846,-0.1844407,0.062541515,-0.27824637,0.09187694,-0.23931128,-0.025453672,0.43635464,-0.33328632,0.07427576,0.18566762,-0.024374105,0.024410164,0.18685406,0.25787193,0.30979615,0.430425,0.16140333,0.36065853,0.107229166,0.21984035,-0.15701379,0.17965189,0.24167146,0.1252609,0.006405282,0.106773615,0.34074503,-0.18139443,-0.2773909,-0.26219732,0.4644937,0.1030315,0.2578015,-0.15854797,0.09422186,-0.0037220025,0.30348608,0.37085614,0.425273,0.39229178,0.2577112,0.0125526665,-0.26034227,-0.06398987,-0.00013815363,-0.22658557,0.29529008,0.100969166,0.22704133,0.30976787,0.38358796,0.33406013,0.25564194,0.12451544,0.19264941,-0.14864269,0.22301504,-0.015265879
