1.0,0.88435394,0.8783079,0.88051534,0.8609299,0.85223293,0.8802764,0.8800055,0.84255654,0.8503078,0.8754458,0.87079895,0.87478733,0.8737088,0.81587654,0.8523064,0.87257594,0.8750854,0.88144594,0.88482666,0.87232316,0.8730304,0.8720847,0.8683474,0.84094614,0.8383225,0.8512806,0.8595613,0.86968184,0.8694506,0.8752642,0.87754846,0.87881076,0.8815498,0.8742921,0.87869084,0.8705531,0.87419814,0.87972516,0.87635905,0.8681275,0.8745609,0.8404182,0.8565547,0.74137527,0.74552435,0.8656588,0.86709803,0.41494575,0.72406054,0.53358877,0.56200606,-0.18169673,0.3178593,0.8718454,0.8770625,0.8753057,0.87675095,0.3222142,0.6723163,0.8364369,0.80192417,0.8343661,0.87440765,0.5669382,0.7746464,0.8463244,0.8615315,0.85410404,0.6894145,0.8730182,0.8776837,0.8711202,0.87496406,0.8676551,0.8844893,0.8689785,0.878638,0.8753291,0.8693179,0.866373,0.87588555,0.849746,0.8652401,0.83213675,0.86867946,0.8372487,0.8751972,0.86896074,0.87343764,0.7554465,0.8314948,0.04436709,0.76210856,0.86501193,0.84425485,0.8608954,0.8662884,0.8525819,0.85380113,0.5545519,0.7761158,0.784499,0.81723416,0.7698239,0.80727595,0.83378625,0.82947755,0.81126577,0.87165314,0.86696255,0.7819158,0.09169216,0.77679557,0.718425,0.81832314
0.88435394,1.0,0.88487804,0.8856872,0.8721216,0.86739695,0.8850701,0.88621813,0.85942185,0.86539423,0.8843277,0.8804759,0.8810405,0.88093597,0.83845127,0.86799,0.8792328,0.88379496,0.8871441,0.8831021,0.8822619,0.8821531,0.88066125,0.8759799,0.8568268,0.85212076,0.8645842,0.86944896,0.88081574,0.8806181,0.8814134,0.88437057,0.88684577,0.884628,0.8831062,0.8862124,0.88102806,0.88240176,0.8866863,0.88497865,0.87909853,0.88243496,0.8426145,0.8645297,0.7549772,0.7288703,0.8733704,0.87790424,0.44320154,0.72895026,0.5404371,0.57305855,-0.18258718,0.31578293,0.8814764,0.88449085,0.8773774,0.88473856,0.31014076,0.66346437,0.8424626,0.8104616,0.8488167,0.8789069,0.58933944,0.79773533,0.8555355,0.8630649,0.8596221,0.679634,0.8813453,0.88620436,0.8811244,0.88322145,0.8796323,0.88441235,0.88056576,0.88398176,0.8814625,0.8817156,0.87533706,0.8862638,0.8644313,0.87902606,0.8490936,0.88022375,0.84551966,0.88315284,0.87720245,0.8825946,0.7717407,0.8516769,0.024493068,0.7957147,0.8767511,0.8402226,0.8698254,0.86667305,0.86383253,0.858702,0.57087773,0.7930384,0.8030526,0.8376528,0.78163314,0.8243978,0.8500422,0.8468863,0.8064136,0.8771634,0.87701946,0.78513855,0.09627068,0.7810485,0.7240637,0.8242886
0.8783079,0.88487804,1.0,0.89066136,0.88295436,0.8735535,0.8907184,0.8907539,0.8730898,0.8759129,0.8891328,0.88931435,0.88799435,0.88981766,0.85010016,0.8801803,0.8832935,0.88953084,0.8895608,0.87415624,0.88863295,0.8887186,0.8885393,0.8865205,0.86650944,0.86560327,0.8743193,0.86626154,0.8878281,0.88904524,0.88957787,0.890015,0.88928545,0.88100207,0.8864747,0.8803392,0.8822076,0.8886503,0.885675,0.88834685,0.88665116,0.8884418,0.8539085,0.8722117,0.7766341,0.743494,0.8779792,0.8843581,0.47690183,0.7200313,0.5735206,0.607452,-0.18751161,0.34784317,0.8789481,0.885955,0.8823864,0.88088006,0.33034867,0.6501472,0.84505546,0.803892,0.85075045,0.8755357,0.59654963,0.78272134,0.8601327,0.85882866,0.8491206,0.6354081,0.8888091,0.8887321,0.88990265,0.89024585,0.88813984,0.8786857,0.88817596,0.8839504,0.8850388,0.8866555,0.8708314,0.88773775,0.8665228,0.88447076,0.8459748,0.88277894,0.8494996,0.8821198,0.8779367,0.87890357,0.78328985,0.86384207,0.051768757,0.8032691,0.8718346,0.81786287,0.8575424,0.8549481,0.87447065,0.8464311,0.57998943,0.7953132,0.82039255,0.8482729,0.802414,0.8274251,0.8495912,0.8465798,0.79493815,0.8723457,0.8749586,0.7912958,0.08122696,0.7714462,0.7318004,0.8184932
0.88051534,0.8856872,0.89066136,1.0,0.881115,0.87086624,0.890617,0.89048296,0.8688837,0.8729492,0.88853943,0.8875859,0.8877112,0.8887505,0.84473526,0.8771478,0.8825505,0.88867253,0.8896928,0.8768852,0.88720316,0.88736665,0.88872474,0.8863079,0.86335635,0.86336035,0.87133574,0.8680905,0.8865559,0.8875221,0.8888518,0.88927054,0.8889115,0.8812905,0.8857515,0.8806058,0.8819334,0.88781637,0.8862078,0.8877808,0.88539803,0.8875877,0.85217047,0.8693439,0.77211076,0.74777395,0.87585586,0.88218045,0.47311038,0.7217175,0.56763417,0.60488385,-0.1846185,0.34025,0.87941796,0.88607264,0.881833,0.8803702,0.33156946,0.6552578,0.84386235,0.80201876,0.851432,0.87594616,0.59070855,0.7863385,0.85805225,0.8582068,0.85095,0.6379196,0.88700587,0.8880526,0.8886292,0.8891939,0.88694596,0.88038135,0.8864132,0.8845582,0.8842746,0.88543785,0.87259316,0.8870741,0.8644686,0.8832833,0.845786,0.88207746,0.85335237,0.8816748,0.87870145,0.87891436,0.77729136,0.85908407,0.045033198,0.8034887,0.87309426,0.8235878,0.8598638,0.8578785,0.8713238,0.8473051,0.5779837,0.79177326,0.815893,0.8460248,0.79502296,0.82637006,0.8497154,0.84654677,0.7967866,0.87386984,0.8750544,0.7918991,0.08965166,0.77347356,0.7304593,0.8185072
0.8609299,0.8721216,0.88295436,0.881115,1.0,0.8763851,0.8820784,0.88244224,0.88055164,0.87895936,0.88468665,0.8854363,0.8840257,0.8855141,0.8614607,0.8856481,0.87954676,0.884589,0.8801608,0.8589134,0.8850336,0.88354623,0.88354117,0.8816263,0.8729658,0.8722824,0.87705135,0.86207825,0.88635534,0.8860619,0.88389266,0.88415223,0.8784277,0.86836,0.8773707,0.86668605,0.87503403,0.882353,0.87593377,0.8820606,0.8844381,0.882082,0.8383132,0.8612281,0.782147,0.7355376,0.86829937,0.8826868,0.49540073,0.7005409,0.5724767,0.6156856,-0.1775792,0.3530646,0.87391573,0.8780953,0.87023777,0.8729655,0.32009342,0.65053403,0.830159,0.8003494,0.83554316,0.86499083,0.60323507,0.7755703,0.8477842,0.842494,0.8253723,0.60158926,0.8839105,0.8810253,0.88506234,0.8851234,0.88621306,0.86055267,0.88547105,0.876691,0.8777822,0.88361055,0.86492085,0.8826405,0.87045,0.8853259,0.84882766,0.87989956,0.83344895,0.87509304,0.8716776,0.8705593,0.7826689,0.86321586,0.06085925,0.81563,0.8677348,0.7994167,0.8503743,0.8416148,0.87291545,0.8332862,0.55611277,0.79718345,0.8244527,0.8512946,0.8045752,0.8340865,0.8469848,0.85560185,0.7829678,0.86527675,0.8684106,0.7837738,0.10659286,0.76179725,0.72650003,0.81246257
0.85223293,0.86739695,0.8735535,0.87086624,0.8763851,1.0,0.8711445,0.8737802,0.877836,0.8792677,0.87631214,0.87734693,0.87658453,0.8765909,0.8706829,0.87776893,0.87367475,0.8752924,0.8718112,0.8490541,0.8742396,0.8724433,0.8762373,0.87289834,0.87652016,0.87363875,0.8789073,0.86960304,0.8812119,0.8777803,0.87286425,0.87332666,0.87271106,0.85726774,0.87294966,0.8649477,0.8710968,0.87522763,0.8715695,0.87716395,0.87746483,0.87159956,0.8304391,0.8554429,0.7488879,0.7030586,0.8621164,0.87721324,0.4710467,0.6731336,0.53567755,0.6092048,-0.15836482,0.336062,0.8734706,0.8739852,0.8672855,0.8694985,0.30298373,0.65138656,0.8325406,0.7884731,0.84607893,0.8559881,0.6290272,0.7844381,0.8520853,0.83560014,0.82983214,0.6137098,0.8767571,0.8708916,0.87688196,0.8764193,0.88009816,0.857011,0.87900484,0.8659675,0.8701601,0.876195,0.86974466,0.87298304,0.8735537,0.8793872,0.86748445,0.8767742,0.81753135,0.86985755,0.8670179,0.867301,0.7784552,0.85279953,0.011023768,0.8199779,0.8684942,0.80491483,0.85575587,0.83895826,0.8679784,0.8255661,0.53691673,0.80553514,0.80087686,0.8503264,0.7868839,0.82626647,0.856196,0.8429929,0.7755942,0.8626227,0.8696493,0.7833493,0.08897848,0.7512305,0.73990077,0.83095866
0.8802764,0.8850701,0.8907184,0.890617,0.8820784,0.8711445,1.0,0.8910893,0.8712947,0.8741706,0.8890233,0.88915336,0.8884241,0.88995206,0.8471115,0.8790092,0.8816714,0.8889777,0.8893882,0.8749047,0.8883843,0.8886028,0.8877747,0.88607824,0.86377394,0.8637283,0.8720499,0.8650461,0.8873777,0.88881654,0.8898416,0.88987035,0.8889529,0.8805663,0.8873966,0.88143003,0.8829396,0.8891445,0.8861227,0.8887175,0.88594,0.88920605,0.8533373,0.8716991,0.77752364,0.74678963,0.8774805,0.88394046,0.47434533,0.7188916,0.5777952,0.6094413,-0.18336108,0.33982286,0.8787175,0.88571304,0.88139457,0.88078874,0.333202,0.6497454,0.84473246,0.80232227,0.850756,0.8750671,0.5924546,0.7790644,0.86095536,0.8596741,0.849516,0.63622755,0.88879347,0.8882424,0.8894319,0.8897289,0.8875729,0.8792287,0.88804114,0.8839052,0.8830552,0.8866826,0.8702688,0.8872722,0.8634664,0.88354456,0.8450149,0.8817857,0.8496241,0.88163877,0.8775258,0.8771497,0.7838236,0.86034036,0.053397663,0.80036134,0.87221986,0.8184404,0.8579048,0.85472584,0.8739837,0.8456641,0.5772912,0.7911113,0.8192991,0.84856266,0.7988838,0.82548237,0.84701985,0.8438786,0.7968091,0.87327546,0.87495285,0.79011494,0.08898486,0.77166516,0.7296639,0.81586295
0.8800055,0.88621813,0.8907539,0.89048296,0.88244224,0.8737802,0.8910893,1.0,0.8707857,0.8743636,0.8892116,0.88910776,0.8882996,0.88980556,0.84848714,0.8789523,0.8830383,0.8892901,0.8901103,0.87636906,0.8888331,0.8889665,0.88738245,0.88502896,0.86609024,0.86541176,0.87361515,0.8672565,0.88808036,0.8888599,0.8900734,0.89072907,0.8891336,0.88158655,0.8866601,0.88190997,0.88422513,0.8897246,0.8877442,0.8900554,0.8868341,0.8899009,0.84916705,0.8694952,0.77590877,0.74365175,0.8767819,0.88484347,0.46969423,0.7232374,0.56325966,0.6006044,-0.18205673,0.3345142,0.88160366,0.88661855,0.88058525,0.8820399,0.3286974,0.6565359,0.844039,0.8074021,0.8494258,0.8759065,0.5898387,0.78634405,0.8601742,0.8602398,0.8484433,0.6395353,0.8894182,0.88937473,0.88944817,0.8905479,0.88813096,0.87987685,0.88815385,0.8847173,0.88457054,0.88724995,0.873628,0.8882865,0.86844486,0.88576174,0.84888726,0.8841609,0.85067225,0.8846395,0.88000447,0.8806738,0.78230345,0.86180806,0.04346071,0.8023332,0.87507904,0.8234435,0.8624609,0.8580285,0.8734218,0.849085,0.5753383,0.7971101,0.81939954,0.848885,0.7995362,0.82957065,0.84947944,0.84793097,0.80131084,0.87639725,0.8771238,0.7878144,0.093603946,0.77200353,0.731236,0.8205908
0.84255654,0.85942185,0.8730898,0.8688837,0.88055164,0.877836,0.8712947,0.8707857,1.0,0.88782847,0.8770631,0.8804933,0.8777513,0.87883985,0.88190985,0.8868107,0.8697758,0.87666833,0.8672528,0.83793855,0.87602526,0.8747632,0.8776946,0.8782545,0.8727462,0.8772317,0.8802448,0.8519069,0.88234097,0.88150626,0.87413067,0.87322235,0.8711968,0.85252273,0.8733126,0.8597632,0.86930686,0.8746127,0.86503214,0.8731463,0.879431,0.87166196,0.8444371,0.8612133,0.7620619,0.6955804,0.86931634,0.878527,0.5149377,0.65334654,0.5928316,0.63695,-0.14749146,0.400955,0.86831826,0.8729713,0.86545587,0.8626983,0.30941677,0.6293127,0.8265391,0.7755839,0.84678394,0.84930885,0.640739,0.7597886,0.85158503,0.8269962,0.82225627,0.5953904,0.87683517,0.86811167,0.8793528,0.8761654,0.87923664,0.847421,0.8823536,0.86535853,0.8660462,0.8784359,0.85611796,0.87218285,0.8650495,0.8777763,0.85051423,0.87262857,0.80844754,0.8575154,0.8595285,0.85765845,0.795045,0.85670465,0.053381246,0.8146744,0.8608175,0.784827,0.8439145,0.82931024,0.87704766,0.8160383,0.5382659,0.7997316,0.82139564,0.8625798,0.81005526,0.824718,0.85275346,0.8330928,0.77127516,0.854701,0.8681715,0.7818259,0.05743765,0.74643975,0.7335968,0.81727374
0.8503078,0.86539423,0.8759129,0.8729492,0.87895936,0.8792677,0.8741706,0.8743636,0.88782847,1.0,0.8785759,0.881358,0.87852913,0.8803512,0.87776345,0.88527936,0.87177676,0.877924,0.8714953,0.8449353,0.8773081,0.87628907,0.88160723,0.88065034,0.8728203,0.87663597,0.8824841,0.8598787,0.8836764,0.88238955,0.87570876,0.87498546,0.87482935,0.8564988,0.87585175,0.86515045,0.87345624,0.8763678,0.86985195,0.87691975,0.8810767,0.87375337,0.8460575,0.8629519,0.75527453,0.6922251,0.87187785,0.8794481,0.4996707,0.6693995,0.5816011,0.62720007,-0.13181348,0.38702792,0.8743562,0.87722105,0.8693164,0.86647695,0.3111451,0.63752586,0.8302416,0.7822392,0.8514646,0.85341513,0.6442493,0.7720806,0.8529324,0.8309271,0.83449125,0.60374016,0.8775105,0.8709986,0.8803567,0.87794256,0.8810781,0.8547735,0.8835021,0.86919177,0.8698417,0.8798979,0.86461043,0.8750925,0.86839354,0.8799626,0.8572545,0.8751247,0.81319696,0.8630357,0.86328125,0.8632207,0.7880748,0.85644543,0.05161697,0.8197071,0.86795825,0.7963522,0.852077,0.8370312,0.87594044,0.82137686,0.53751534,0.8042211,0.81517184,0.8656282,0.8009718,0.8224334,0.85768074,0.835904,0.77300966,0.859898,0.87249464,0.79031277,0.069961175,0.7508712,0.73693544,0.8217853
0.8754458,0.8843277,0.8891328,0.88853943,0.88468665,0.87631214,0.8890233,0.8892116,0.8770631,0.8785759,1.0,0.88928175,0.8889399,0.8892757,0.8583909,0.8826737,0.8825639,0.8889646,0.88809234,0.87198013,0.88845146,0.88750196,0.88827014,0.8865477,0.8692484,0.8696455,0.8763498,0.8680755,0.88962597,0.8887799,0.88844633,0.88908505,0.88770944,0.87783015,0.8869569,0.88116604,0.88472825,0.88817686,0.88608813,0.8890471,0.88769096,0.88784254,0.84711206,0.8680083,0.772913,0.7355117,0.87833613,0.88694227,0.4837748,0.71527183,0.56830513,0.61151344,-0.17870355,0.34984908,0.8826502,0.88662636,0.8782065,0.88105977,0.31068912,0.65646225,0.84114444,0.8000553,0.8512522,0.87360287,0.6069965,0.78848255,0.8607794,0.8561591,0.84414625,0.6341838,0.88817257,0.88699913,0.8894113,0.88895744,0.88841796,0.8760893,0.88859004,0.8832267,0.8820523,0.88788146,0.8747906,0.8875283,0.8708644,0.8869159,0.85429937,0.8843521,0.84531236,0.88202095,0.88010275,0.87935096,0.7849974,0.8623951,0.038908403,0.8084219,0.8769045,0.8213968,0.86449367,0.85660625,0.8764293,0.8463759,0.57745767,0.79826576,0.8199018,0.8528222,0.79977506,0.8333744,0.8565269,0.8517157,0.79597497,0.8754529,0.8786015,0.7899192,0.09604703,0.7758848,0.7336323,0.8215083
0.87079895,0.8804759,0.88931435,0.8875859,0.8854363,0.87734693,0.88915336,0.88910776,0.8804933,0.881358,0.88928175,1.0,0.8890027,0.89115417,0.8611129,0.8856258,0.8810688,0.8894093,0.88599205,0.86567473,0.8891738,0.8886754,0.88803047,0.8875454,0.87136483,0.87325704,0.8789494,0.8631443,0.8897156,0.89075005,0.8899645,0.8893432,0.8874308,0.8747981,0.88706475,0.87759924,0.8829006,0.88950056,0.8842978,0.88835514,0.88817817,0.88917994,0.8517482,0.87059814,0.7778366,0.7357113,0.87773025,0.8868137,0.4917541,0.70845044,0.58280087,0.61748064,-0.17674175,0.35955006,0.8795686,0.88516206,0.8792259,0.8791129,0.32511422,0.64779335,0.83906335,0.79839665,0.85195863,0.86962855,0.6087308,0.7780059,0.86273,0.8534392,0.83995974,0.6204917,0.8900691,0.8857738,0.8906488,0.8900023,0.8895485,0.8719964,0.8903742,0.88054836,0.8810698,0.8886979,0.8686239,0.88633484,0.86830634,0.8864531,0.8505012,0.8838598,0.844293,0.87960935,0.87867826,0.87639886,0.78948545,0.86492413,0.0566501,0.8092424,0.8725646,0.8086641,0.85697865,0.8491084,0.88047993,0.8386789,0.5721794,0.8007878,0.82785136,0.85690635,0.8089545,0.8295459,0.8510229,0.84308416,0.7946859,0.8717771,0.8752899,0.78713983,0.08546836,0.76410455,0.73525834,0.82123137
0.87478733,0.8810405,0.88799435,0.8877112,0.8840257,0.87658453,0.8884241,0.8882996,0.8777513,0.87852913,0.8889399,0.8890027,1.0,0.8895581,0.8584667,0.88166785,0.88374263,0.88910383,0.88628066,0.8717046,0.88709986,0.8866971,0.8866484,0.88557285,0.870334,0.87115324,0.87779534,0.8665828,0.8887592,0.88802725,0.888927,0.8885461,0.88617224,0.87752223,0.88483363,0.8777941,0.8809382,0.88799435,0.8842176,0.88742256,0.8867117,0.8875142,0.84943223,0.8663634,0.77002436,0.7360898,0.8752901,0.8844303,0.47683606,0.70580304,0.565985,0.6088508,-0.16071287,0.35172197,0.88083696,0.88530993,0.8802972,0.8790547,0.32318854,0.65417594,0.8427905,0.7975121,0.8505373,0.8731919,0.6035958,0.7810585,0.86215585,0.8541622,0.84117377,0.63843226,0.889025,0.88482475,0.88863903,0.8885889,0.88733965,0.87425613,0.8880821,0.88201714,0.88195646,0.88611436,0.8732639,0.88499194,0.8704495,0.88526547,0.85250753,0.88342136,0.8402562,0.88046306,0.8788065,0.878533,0.778558,0.856751,0.049478427,0.805151,0.8741751,0.82243913,0.8615106,0.8575053,0.87563497,0.844356,0.5588567,0.8011791,0.81684875,0.8504403,0.80599105,0.829356,0.8548607,0.845768,0.8055882,0.8764557,0.87798494,0.7910819,0.08957237,0.7714233,0.74155617,0.8300668
0.8737088,0.88093597,0.88981766,0.8887505,0.8855141,0.8765909,0.88995206,0.88980556,0.87883985,0.8803512,0.8892757,0.89115417,0.8895581,1.0,0.8576372,0.88484085,0.88189214,0.8895396,0.8865719,0.86815166,0.88849324,0.8882986,0.8885647,0.8880583,0.87130207,0.87247545,0.87856334,0.86373836,0.8892629,0.8904813,0.8903173,0.8895595,0.88770664,0.8767806,0.8868282,0.87804866,0.8827832,0.8894853,0.88480383,0.8885389,0.88763016,0.8891483,0.8533695,0.8704169,0.778833,0.74230677,0.8783,0.88644075,0.48599175,0.7096506,0.58449316,0.61934924,-0.17686896,0.3597788,0.8797905,0.8857987,0.88078374,0.8790542,0.32664534,0.6501959,0.8397851,0.7972134,0.8510184,0.8710289,0.598382,0.7776118,0.862415,0.854347,0.840454,0.62386346,0.8902251,0.88606685,0.89050466,0.89052933,0.88890076,0.87404245,0.8900362,0.8822109,0.8821025,0.8879511,0.86908156,0.8865725,0.8671842,0.8859864,0.84859735,0.8843797,0.8444469,0.87986755,0.8780271,0.87646466,0.78712904,0.8621705,0.05923908,0.8055562,0.87206703,0.8125763,0.8575252,0.8517215,0.87929183,0.8395144,0.56779665,0.79964834,0.8241055,0.85364234,0.80962336,0.82971907,0.849585,0.84278685,0.7972399,0.8733172,0.8758458,0.78838354,0.08178055,0.7646921,0.73356456,0.8218261
0.81587654,0.83845127,0.85010016,0.84473526,0.8614607,0.8706829,0.8471115,0.84848714,0.88190985,0.87776345,0.8583909,0.8611129,0.8584667,0.8576372,1.0,0.8742367,0.85149837,0.85607165,0.84561723,0.81317806,0.85756505,0.8551376,0.85776657,0.85666436,0.8646015,0.8677488,0.86924165,0.841754,0.8671842,0.8621409,0.85090977,0.8514046,0.8503036,0.8277633,0.8528521,0.84017617,0.8529034,0.8538306,0.84559464,0.8556529,0.8618374,0.85028964,0.8213552,0.8374268,0.7305868,0.6599182,0.8521426,0.86179745,0.5180651,0.6241873,0.5620916,0.62045676,-0.108897276,0.38765556,0.8558276,0.85632557,0.8438742,0.844204,0.27997217,0.61881906,0.8078156,0.752583,0.83189756,0.8258651,0.65545166,0.7543666,0.83438146,0.80657256,0.8039152,0.5835805,0.85775197,0.8474315,0.85918355,0.8549685,0.86228675,0.8247557,0.8645781,0.8420297,0.8436039,0.8608129,0.8455824,0.8516035,0.859483,0.86443806,0.8517368,0.8569094,0.7762511,0.8401175,0.84287983,0.8429442,0.7845643,0.83973426,0.01506202,0.80822676,0.8528158,0.7716215,0.83763176,0.8128367,0.8610853,0.7976378,0.5112129,0.79697645,0.8053973,0.851382,0.7867694,0.8044463,0.8542913,0.8211105,0.7516401,0.8402924,0.85570925,0.7730827,0.08275905,0.72995514,0.7322311,0.8164885
0.8523064,0.86799,0.8801803,0.8771478,0.8856481,0.87776893,0.8790092,0.8789523,0.8868107,0.88527936,0.8826737,0.8856258,0.88166785,0.88484085,0.8742367,1.0,0.87507236,0.8829229,0.8754603,0.84972066,0.88380736,0.88182473,0.8827324,0.882264,0.8745615,0.87630224,0.8816003,0.8592144,0.88651294,0.8870192,0.8810931,0.88067037,0.877845,0.863363,0.87860584,0.8675643,0.877517,0.88160765,0.87430817,0.8814351,0.8848039,0.8805822,0.8477566,0.8648435,0.7773614,0.72114766,0.8754818,0.8840654,0.5108717,0.68455756,0.60055524,0.63503754,-0.16907792,0.36803892,0.87489164,0.8797901,0.86851513,0.87088877,0.3114947,0.6348288,0.82549256,0.78904724,0.8438035,0.859953,0.62329835,0.7726474,0.85391283,0.84025633,0.8268154,0.6048033,0.8833266,0.8777029,0.88519335,0.88325894,0.8847765,0.85679734,0.88674074,0.87337404,0.8727166,0.8852595,0.85991454,0.880399,0.8685769,0.8855446,0.8460653,0.8801295,0.8255899,0.869203,0.86998945,0.86875796,0.7995899,0.864887,0.05513373,0.81974274,0.86966234,0.7956645,0.85263765,0.83962953,0.8782652,0.83069336,0.5617952,0.79896015,0.8340089,0.8591009,0.8113347,0.82914865,0.8532278,0.8467576,0.7811831,0.86497915,0.8720382,0.7832048,0.076934285,0.75827485,0.73273444,0.8210689
0.87257594,0.8792328,0.8832935,0.8825505,0.87954676,0.87367475,0.8816714,0.8830383,0.8697758,0.87177676,0.8825639,0.8810688,0.88374263,0.88189214,0.85149837,0.87507236,1.0,0.88659567,0.88333666,0.87485987,0.8828729,0.8821128,0.8808777,0.87650174,0.8643747,0.8622689,0.87357944,0.86768085,0.88377964,0.88190705,0.881843,0.8840824,0.88089436,0.8814653,0.87621653,0.8716891,0.87342596,0.8794171,0.8795838,0.88218623,0.88030505,0.88028127,0.83906734,0.85899746,0.75827146,0.7450073,0.86948323,0.8769879,0.45986256,0.70633376,0.54434204,0.58584356,-0.15990049,0.3307919,0.8780181,0.8818392,0.88111687,0.8808162,0.3204721,0.6701864,0.84656084,0.8071406,0.8483377,0.8807387,0.6049574,0.7779357,0.85052574,0.8581297,0.84650224,0.66602224,0.88234556,0.88442606,0.8820969,0.8837169,0.8819476,0.87533796,0.8822297,0.8858418,0.88765734,0.88112706,0.87824243,0.8847704,0.8749477,0.8820358,0.85109895,0.87944967,0.8355394,0.8818693,0.8754471,0.8790916,0.77066046,0.85735184,0.039760977,0.8007286,0.87258106,0.8292365,0.86205,0.8607413,0.8661397,0.85069424,0.5566726,0.8028324,0.8094676,0.8375686,0.79412496,0.831205,0.8522304,0.85659176,0.8000859,0.8731849,0.8745998,0.7951672,0.09364927,0.7730032,0.7358321,0.8286922
0.8750854,0.88379496,0.88953084,0.88867253,0.884589,0.8752924,0.8889777,0.8892901,0.87666833,0.877924,0.8889646,0.8894093,0.88910383,0.8895396,0.85607165,0.8829229,0.88659567,1.0,0.8881534,0.87385505,0.8885964,0.8881484,0.8869963,0.885018,0.86849344,0.8675494,0.8777187,0.8661976,0.888778,0.88948274,0.8891245,0.88989836,0.8870963,0.88130736,0.88531756,0.87904793,0.8811925,0.8878567,0.8849102,0.8882098,0.88735473,0.8882074,0.8492259,0.86817986,0.77579165,0.7417356,0.8771199,0.8844823,0.48322904,0.71130484,0.5696313,0.606566,-0.17212483,0.35028866,0.8805237,0.88606364,0.8818746,0.883566,0.32235053,0.6570629,0.8460857,0.8047844,0.85139465,0.8788494,0.5979641,0.78013235,0.8589441,0.8588391,0.8457644,0.6454722,0.8892178,0.88870305,0.8897997,0.88992983,0.8881093,0.87617433,0.88876367,0.88554245,0.88590646,0.88859206,0.87336177,0.8886538,0.8720922,0.8862726,0.849253,0.88427174,0.84472513,0.88284457,0.87957287,0.88037616,0.78447026,0.8642467,0.047411893,0.80664575,0.87441653,0.8209735,0.86113065,0.8572063,0.87642306,0.84849924,0.5689241,0.8039406,0.8230094,0.8491781,0.8067223,0.8344436,0.8533852,0.8511473,0.8025338,0.8748239,0.877384,0.7905775,0.07603591,0.7706857,0.73351735,0.8263551
0.88144594,0.8871441,0.8895608,0.8896928,0.8801608,0.8718112,0.8893882,0.8901103,0.8672528,0.8714953,0.88809234,0.88599205,0.88628066,0.8865719,0.84561723,0.8754603,0.88333666,0.8881534,1.0,0.8806696,0.8873148,0.88680667,0.88525015,0.88124806,0.8641083,0.8581007,0.8714108,0.8699066,0.88627523,0.88609475,0.88740724,0.8889405,0.88746786,0.8823044,0.88465494,0.88178027,0.881216,0.88622844,0.88563466,0.88820404,0.8846209,0.8869747,0.8453391,0.866966,0.7694926,0.74050975,0.8742793,0.88293064,0.46210483,0.7250983,0.5458227,0.5898739,-0.17741278,0.3257042,0.88047916,0.8852148,0.8795386,0.88253945,0.3278455,0.66370535,0.84595484,0.807329,0.8505086,0.87855333,0.58427495,0.78483164,0.85638595,0.86424345,0.8536477,0.6496007,0.88646734,0.88939494,0.88723755,0.888095,0.88635594,0.8800094,0.8851414,0.88473916,0.88444924,0.88438547,0.8747799,0.88655746,0.8691979,0.8841903,0.8470221,0.8806781,0.8482804,0.88531053,0.87817204,0.8811953,0.779577,0.8601766,0.03396897,0.8042522,0.8753275,0.8293785,0.86378115,0.86037815,0.86795217,0.8542548,0.57138985,0.7953642,0.8123808,0.84374857,0.7900434,0.8302364,0.8520288,0.8516888,0.80138487,0.87603617,0.87578577,0.7928167,0.08895711,0.7776095,0.7259114,0.82282585
0.88482666,0.8831021,0.87415624,0.8768852,0.8589134,0.8490541,0.8749047,0.87636906,0.83793855,0.8449353,0.87198013,0.86567473,0.8717046,0.86815166,0.81317806,0.84972066,0.87485987,0.87385505,0.8806696,1.0,0.8714515,0.86990064,0.8659434,0.8590426,0.8402744,0.82852507,0.8508428,0.86021566,0.8669025,0.8659598,0.8716209,0.8755724,0.8746782,0.88543767,0.8690726,0.8771802,0.866609,0.8697307,0.8774925,0.8744407,0.8651303,0.8713581,0.8276956,0.8468541,0.74441975,0.7399014,0.8609061,0.86409533,0.39828104,0.7305626,0.5074218,0.5358458,-0.16685627,0.29644853,0.8727981,0.8755977,0.86794037,0.877205,0.30879834,0.6839251,0.83358717,0.80538994,0.8308954,0.88106275,0.5529835,0.78317076,0.8417444,0.8719093,0.85317737,0.7154247,0.8697976,0.8784716,0.8673416,0.8715078,0.8638182,0.8811154,0.86477304,0.8800186,0.87553304,0.8658988,0.8679371,0.8754558,0.8553574,0.8669109,0.8264532,0.8676064,0.83460945,0.8795115,0.8700117,0.87966055,0.753754,0.8308279,0.021812612,0.7673049,0.86878675,0.85864675,0.8680702,0.87609965,0.84329206,0.8713172,0.5442386,0.7855324,0.78097904,0.809759,0.76519734,0.81230766,0.8391207,0.84352297,0.8271163,0.87642705,0.86731803,0.7831455,0.09982887,0.7856318,0.7165857,0.8329688
0.87232316,0.8822619,0.88863295,0.88720316,0.8850336,0.8742396,0.8883843,0.8888331,0.87602526,0.8773081,0.88845146,0.8891738,0.88709986,0.88849324,0.85756505,0.88380736,0.8828729,0.8885964,0.8873148,0.8714515,1.0,0.8901986,0.8858955,0.8840457,0.8673472,0.86707133,0.8756901,0.86600333,0.88870156,0.8893066,0.8883023,0.88952816,0.8871695,0.87959135,0.8848861,0.8783567,0.8829585,0.8884565,0.8851813,0.888824,0.8873401,0.88926995,0.8472557,0.86644816,0.7739467,0.738798,0.8772212,0.8853552,0.48039284,0.7228793,0.5767214,0.60309553,-0.18368363,0.33601013,0.8809717,0.8858043,0.87708575,0.88006395,0.3181858,0.6542081,0.83774424,0.80712,0.8459668,0.8734492,0.60599697,0.7853371,0.86020595,0.86012524,0.844267,0.63896424,0.8888342,0.88881624,0.888763,0.889312,0.8882963,0.87343675,0.88895756,0.88369703,0.8834275,0.88723564,0.8706034,0.8878959,0.870284,0.8875051,0.8476694,0.88315696,0.84428525,0.88348067,0.8789127,0.8811054,0.788207,0.8669688,0.043411687,0.8107558,0.8767753,0.8164117,0.86165166,0.85537785,0.87460077,0.85054755,0.57275516,0.80025095,0.8302201,0.8525303,0.80109894,0.8315349,0.8525207,0.85201615,0.79807633,0.8742584,0.8755808,0.7894956,0.10599205,0.7742903,0.7296262,0.820774
0.8730304,0.8821531,0.8887186,0.88736665,0.88354623,0.8724433,0.8886028,0.8889665,0.8747632,0.87628907,0.88750196,0.8886754,0.8866971,0.8882986,0.8551376,0.88182473,0.8821128,0.8881484,0.88680667,0.86990064,0.8901986,1.0,0.88548344,0.8844929,0.8635347,0.86628246,0.87299454,0.8650048,0.8877945,0.888731,0.887954,0.8891261,0.88744277,0.879093,0.88452953,0.8777373,0.88188905,0.88834053,0.8843715,0.8878698,0.88625896,0.8893705,0.8508295,0.8690791,0.7709953,0.74062,0.8765907,0.8838624,0.4842408,0.720534,0.578866,0.5981853,-0.18649215,0.34099993,0.87857604,0.88432515,0.87812454,0.8787832,0.3205666,0.64931065,0.8411105,0.80479485,0.8470454,0.8728308,0.6052692,0.78378284,0.86049855,0.8575164,0.84601176,0.63562155,0.8883162,0.88843083,0.8884717,0.88914055,0.8878104,0.87357026,0.8889379,0.88295585,0.8828688,0.88662404,0.86960393,0.8872111,0.8677477,0.8859049,0.8447004,0.88174397,0.84609234,0.8815491,0.87633467,0.878796,0.7880021,0.8653077,0.044425044,0.8077074,0.873648,0.81154406,0.8573733,0.851708,0.8754232,0.8463678,0.57731843,0.7948137,0.8294186,0.84988594,0.80340874,0.831265,0.8473519,0.8464303,0.79390574,0.87159204,0.8742464,0.786642,0.10338419,0.7744005,0.72978157,0.8151636
0.8720847,0.88066125,0.8885393,0.88872474,0.88354117,0.8762373,0.8877747,0.88738245,0.8776946,0.88160723,0.88827014,0.88803047,0.8866484,0.8885647,0.85776657,0.8827324,0.8808777,0.8869963,0.88525015,0.8659434,0.8858955,0.88548344,1.0,0.88989097,0.8694432,0.87321746,0.8768986,0.8695347,0.88859946,0.8883374,0.8866692,0.8865621,0.8871916,0.8737319,0.88537353,0.87723464,0.88288534,0.8864177,0.8832473,0.886579,0.88736916,0.88456464,0.8530892,0.87002635,0.76588297,0.7339776,0.87709284,0.8834526,0.48508137,0.7058599,0.57977307,0.6276118,-0.17182292,0.35764796,0.87963617,0.8857431,0.88027257,0.876768,0.331168,0.6457807,0.8411231,0.7973101,0.8557695,0.86870074,0.6154576,0.7865943,0.85706085,0.846382,0.84598845,0.61856335,0.8857135,0.88375247,0.88887435,0.8879924,0.88819855,0.8748211,0.88799185,0.881702,0.881923,0.8863897,0.87318987,0.88562834,0.8660141,0.8843164,0.8546829,0.88241524,0.8440223,0.8759097,0.8762335,0.87468964,0.78151375,0.859916,0.046608664,0.81411034,0.872716,0.8140635,0.85810393,0.85105,0.8745514,0.8361241,0.57025844,0.7946972,0.81660813,0.85692436,0.7969296,0.8241151,0.8553723,0.8457176,0.78071415,0.86939406,0.87587965,0.79547155,0.086758964,0.76654655,0.7329892,0.8158077
0.8683474,0.8759799,0.8865205,0.8863079,0.8816263,0.87289834,0.88607824,0.88502896,0.8782545,0.88065034,0.8865477,0.8875454,0.88557285,0.8880583,0.85666436,0.882264,0.87650174,0.885018,0.88124806,0.8590426,0.8840457,0.8844929,0.88989097,1.0,0.86553454,0.8753182,0.87437445,0.8620336,0.8861684,0.8871742,0.8860033,0.8846334,0.8855915,0.87034374,0.8848755,0.8746016,0.88131076,0.88590676,0.88073915,0.8841712,0.88591164,0.8838974,0.8532411,0.8677399,0.7636011,0.7311958,0.87764585,0.8824342,0.4887518,0.6986213,0.5972347,0.63049716,-0.18136,0.3733798,0.8758501,0.88325924,0.8789369,0.8727926,0.32636002,0.63626933,0.83409953,0.7915,0.8535071,0.86310506,0.61853844,0.7758194,0.8594285,0.84041643,0.83877873,0.61286175,0.8847061,0.8803463,0.88763726,0.8863863,0.8859573,0.8702455,0.8873546,0.87844634,0.87834066,0.8848413,0.8662574,0.8829198,0.85956717,0.88084024,0.848458,0.8796141,0.8419371,0.8706708,0.8734107,0.8698976,0.7807477,0.8574768,0.05704729,0.8077004,0.8677469,0.80487084,0.8521133,0.84600335,0.8776837,0.82922745,0.5759713,0.79033417,0.82152724,0.8574891,0.80546147,0.82159096,0.84907323,0.8367888,0.77978563,0.8654369,0.87411904,0.78958154,0.0765686,0.76131135,0.730396,0.81195855
0.84094614,0.8568268,0.86650944,0.86335635,0.8729658,0.87652016,0.86377394,0.86609024,0.8727462,0.8728203,0.8692484,0.87136483,0.870334,0.87130207,0.8646015,0.8745615,0.8643747,0.86849344,0.8641083,0.8402744,0.8673472,0.8635347,0.8694432,0.86553454,1.0,0.86982924,0.8762538,0.8608995,0.8736844,0.8706048,0.86604726,0.86649656,0.86325014,0.8488848,0.8630494,0.8530535,0.85872954,0.8647001,0.8593652,0.8670819,0.86992157,0.86250246,0.82108307,0.842708,0.7606435,0.6982166,0.8510518,0.8697317,0.48783943,0.66740394,0.5396238,0.6117566,-0.14157704,0.35195494,0.8629896,0.864715,0.85353434,0.8561165,0.32143655,0.6220502,0.8161478,0.7677972,0.83429396,0.84278303,0.59660727,0.7795178,0.8415903,0.8231434,0.8197767,0.588214,0.87036836,0.8622707,0.86890805,0.8694763,0.87337995,0.84605026,0.8713183,0.8582737,0.8621352,0.86814,0.85473865,0.86462927,0.8666623,0.87339634,0.85467565,0.86908674,0.80809754,0.85933036,0.85939264,0.85728383,0.76327443,0.8445297,0.024840616,0.8101656,0.8520898,0.79366285,0.84022814,0.8258367,0.85824025,0.8096764,0.50012803,0.7952957,0.7930273,0.84278727,0.7987956,0.82168293,0.84650975,0.8359539,0.76380885,0.8511489,0.85641086,0.765183,0.093604006,0.72874284,0.72716695,0.82099247
0.8383225,0.85212076,0.86560327,0.86336035,0.8722824,0.87363875,0.8637283,0.86541176,0.8772317,0.87663597,0.8696455,0.87325704,0.87115324,0.87247545,0.8677488,0.87630224,0.8622689,0.8675494,0.8581007,0.82852507,0.86707133,0.86628246,0.87321746,0.8753182,0.86982924,1.0,0.8728191,0.8481086,0.8742758,0.8721288,0.86959124,0.86765665,0.86587733,0.84579414,0.86403364,0.8514783,0.8657245,0.8691708,0.8628198,0.86823195,0.87390906,0.8666028,0.8253148,0.84342784,0.7455,0.70215696,0.8596096,0.8717201,0.48382658,0.6542648,0.572775,0.6314398,-0.16148797,0.3681137,0.86475605,0.8671688,0.8560908,0.8542836,0.3021548,0.6239342,0.8098814,0.77259314,0.8316337,0.83589274,0.6316319,0.77407235,0.84563404,0.81138325,0.80408585,0.57586336,0.87063855,0.85807544,0.87148845,0.8709922,0.87338775,0.8449604,0.8734828,0.85827786,0.8611904,0.8716521,0.85606337,0.86599576,0.8608246,0.87019914,0.8546352,0.87232304,0.8109709,0.8535635,0.8592191,0.85555905,0.764057,0.84664273,0.049292978,0.80725724,0.85575795,0.7873848,0.84208167,0.8277354,0.8681734,0.8014927,0.5410748,0.7969157,0.8119797,0.8528473,0.80408967,0.81004596,0.8459533,0.82720345,0.76565707,0.8530162,0.861515,0.7658302,0.08442843,0.7293863,0.7405536,0.8138106
0.8512806,0.8645842,0.8743193,0.87133574,0.87705135,0.8789073,0.8720499,0.87361515,0.8802448,0.8824841,0.8763498,0.8789494,0.87779534,0.87856334,0.86924165,0.8816003,0.87357944,0.8777187,0.8714108,0.8508428,0.8756901,0.87299454,0.8768986,0.87437445,0.8762538,0.8728191,1.0,0.8609124,0.8806151,0.8797424,0.8748071,0.8752939,0.8727449,0.8608166,0.87294596,0.8640085,0.87118113,0.87488055,0.87018365,0.87632513,0.8795536,0.8725563,0.83708113,0.85733265,0.7670902,0.7141398,0.86981905,0.8786019,0.49400547,0.67231745,0.56620115,0.6208028,-0.13540773,0.3523193,0.8741234,0.8763895,0.8662754,0.8679101,0.30709776,0.641959,0.82143956,0.7855412,0.84274614,0.8564639,0.6153443,0.77551496,0.8497133,0.840096,0.8278865,0.6173866,0.8779418,0.8708171,0.8783449,0.87799543,0.87864,0.85595757,0.8799023,0.87022585,0.8711678,0.8783347,0.86340237,0.87432843,0.86993885,0.8787133,0.8538707,0.8766585,0.8118644,0.86745715,0.8654197,0.86777985,0.77641535,0.8532189,0.059456937,0.8162183,0.8671753,0.80772364,0.8545916,0.84336054,0.8718672,0.82683706,0.524535,0.81642723,0.81237745,0.8546738,0.79887223,0.8235656,0.854642,0.8424811,0.78933877,0.8640125,0.87128794,0.78482544,0.07845499,0.7464445,0.7242724,0.8312122
0.8595613,0.86944896,0.86626154,0.8680905,0.86207825,0.86960304,0.8650461,0.8672565,0.8519069,0.8598787,0.8680755,0.8631443,0.8665828,0.86373836,0.841754,0.8592144,0.86768085,0.8661976,0.8699066,0.86021566,0.86600333,0.8650048,0.8695347,0.8620336,0.8608995,0.8481086,0.8609124,1.0,0.87016195,0.86413705,0.8614385,0.86391,0.8671188,0.8609088,0.86354387,0.8643616,0.86622006,0.86470246,0.867825,0.8706014,0.86652213,0.8622153,0.8165581,0.843993,0.7245812,0.7134529,0.85134894,0.86307484,0.4384543,0.702993,0.50650644,0.56208706,-0.1631288,0.2720637,0.86943966,0.86995083,0.8567676,0.862116,0.3015902,0.64682364,0.8268299,0.79228437,0.8388669,0.8570567,0.58939075,0.8077668,0.8338987,0.8358046,0.84505653,0.6424529,0.86289424,0.8680181,0.8642235,0.8666868,0.8688185,0.86340606,0.86626375,0.8670217,0.86534345,0.86457175,0.8710824,0.8671212,0.860968,0.8713772,0.85911465,0.8666411,0.8178489,0.8671621,0.8625573,0.8678036,0.7479737,0.8355127,-0.01699242,0.81199574,0.8688162,0.826265,0.8586281,0.8461401,0.8424601,0.8331449,0.5386709,0.7966462,0.7722996,0.8244849,0.75468963,0.8181512,0.8536724,0.84924346,0.7624743,0.8605078,0.86095536,0.7830639,0.10845507,0.77062404,0.71324295,0.8160117
0.86968184,0.88081574,0.8878281,0.8865559,0.88635534,0.8812119,0.8873777,0.88808036,0.88234097,0.8836764,0.88962597,0.8897156,0.8887592,0.8892629,0.8671842,0.88651294,0.88377964,0.888778,0.88627523,0.8669025,0.88870156,0.8877945,0.88859946,0.8861684,0.8736844,0.8742758,0.8806151,0.87016195,1.0,0.88991237,0.8877939,0.888114,0.8862976,0.874113,0.884872,0.8773647,0.8844428,0.887982,0.884522,0.88879985,0.88866115,0.8871326,0.84724265,0.86801374,0.76907945,0.73036927,0.8771125,0.8869707,0.4867711,0.7024685,0.56885564,0.61249083,-0.1582454,0.34713656,0.8832113,0.8861185,0.8781362,0.87989366,0.3231301,0.64985937,0.8418713,0.8005033,0.85227334,0.87130433,0.6186207,0.78675216,0.86020094,0.85146606,0.8429936,0.6270482,0.88858014,0.88605523,0.889624,0.88895446,0.8899491,0.87127,0.88990986,0.8816046,0.882091,0.88869864,0.87584865,0.8866268,0.8751278,0.8892225,0.8591576,0.88485533,0.8400309,0.8808619,0.8787086,0.87839603,0.7873817,0.86481065,0.035623338,0.817973,0.87828356,0.8160651,0.8637683,0.8531492,0.87670183,0.8424193,0.56501144,0.804118,0.8216129,0.8590429,0.7994002,0.8326458,0.8596039,0.8527227,0.79105693,0.8749052,0.87853676,0.7952019,0.08883658,0.767432,0.7391173,0.82452834
0.8694506,0.8806181,0.88904524,0.8875221,0.8860619,0.8777803,0.88881654,0.8888599,0.88150626,0.88238955,0.8887799,0.89075005,0.88802725,0.8904813,0.8621409,0.8870192,0.88190705,0.88948274,0.88609475,0.8659598,0.8893066,0.888731,0.8883374,0.8871742,0.8706048,0.8721288,0.8797424,0.86413705,0.88991237,1.0,0.888998,0.8891136,0.8876923,0.8759166,0.8865981,0.87859076,0.883853,0.88932556,0.8844201,0.88855636,0.8889585,0.8883369,0.8538226,0.8725565,0.7816349,0.7329058,0.8802698,0.8872225,0.49418592,0.7069831,0.58567715,0.6238638,-0.1771972,0.3540936,0.8808195,0.88660073,0.87881154,0.8793178,0.32530198,0.6449767,0.8402733,0.80090564,0.8522951,0.87116134,0.6074495,0.7806115,0.8624845,0.8537501,0.84239995,0.62410724,0.88965607,0.8867205,0.89105093,0.8903179,0.8897742,0.8724205,0.8909494,0.88246703,0.88177156,0.88953483,0.86935747,0.88758564,0.86920077,0.8874896,0.849099,0.8845262,0.8437512,0.8791554,0.87712896,0.8768391,0.79479533,0.86607915,0.05362683,0.8135118,0.87462544,0.81103593,0.8592988,0.8513138,0.880162,0.8420753,0.5741467,0.79914564,0.82932407,0.85803944,0.8074522,0.8310886,0.8518871,0.8469979,0.79414266,0.87272745,0.8778539,0.7898959,0.08249055,0.7673823,0.73330945,0.82134604
0.8752642,0.8814134,0.88957787,0.8888518,0.88389266,0.87286425,0.8898416,0.8900734,0.87413067,0.87570876,0.88844633,0.8899645,0.888927,0.8903173,0.85090977,0.8810931,0.881843,0.8891245,0.88740724,0.8716209,0.8883023,0.887954,0.8866692,0.8860033,0.86604726,0.86959124,0.8748071,0.8614385,0.8877939,0.888998,1.0,0.8905295,0.8868668,0.878538,0.885369,0.8778111,0.8820286,0.8894352,0.8854458,0.8885148,0.88699025,0.8897189,0.8478639,0.8673817,0.7788435,0.7428177,0.8763328,0.8855438,0.47175562,0.7126924,0.57392937,0.60826904,-0.17835298,0.3490839,0.87946635,0.8849416,0.879874,0.87961745,0.3218604,0.65217686,0.83780575,0.8016528,0.8468347,0.8732765,0.59759724,0.7757786,0.86046726,0.85758585,0.838367,0.6294527,0.8895945,0.8868784,0.8896848,0.8898927,0.88766444,0.87495387,0.8879795,0.8823043,0.8826922,0.8866016,0.8695576,0.8864928,0.8667569,0.8850673,0.84387267,0.8829384,0.84650195,0.882224,0.87913305,0.8782079,0.7805452,0.86105216,0.05748915,0.8024811,0.8720627,0.81728756,0.85847986,0.85520846,0.87671554,0.8449709,0.5707783,0.79742086,0.8236691,0.851513,0.8062,0.82593286,0.8495635,0.84588313,0.80425686,0.8752,0.8751505,0.78766894,0.079509966,0.76573926,0.73418975,0.8225156
0.87754846,0.88437057,0.890015,0.88927054,0.88415223,0.87332666,0.88987035,0.89072907,0.87322235,0.87498546,0.88908505,0.8893432,0.8885461,0.8895595,0.8514046,0.88067037,0.8840824,0.88989836,0.8889405,0.8755724,0.88952816,0.8891261,0.8865621,0.8846334,0.86649656,0.86765665,0.8752939,0.86391,0.888114,0.8891136,0.8905295,1.0,0.8879024,0.8823279,0.885094,0.8799909,0.88277704,0.88935477,0.88693666,0.88927895,0.88755023,0.8898384,0.84765756,0.86734706,0.7778595,0.74466485,0.87735754,0.8850974,0.47462398,0.7211576,0.56807643,0.6032786,-0.17924778,0.3436507,0.88157934,0.8865595,0.8794054,0.8820153,0.32551616,0.65799403,0.84020907,0.80949205,0.8460962,0.87590784,0.59261465,0.7835838,0.85994434,0.85993195,0.8424753,0.6417309,0.8895457,0.88914764,0.88938683,0.89048797,0.88791716,0.87824935,0.8878052,0.88494766,0.8849789,0.8875025,0.87165344,0.8884367,0.87026304,0.8861724,0.84574836,0.8842386,0.84631085,0.88434947,0.88052577,0.8823238,0.7834626,0.8622111,0.05694196,0.8029805,0.8746419,0.82430476,0.8624015,0.8598935,0.8742381,0.85161626,0.5725127,0.79915017,0.8238799,0.84971535,0.8030804,0.8299287,0.85074824,0.8493924,0.80783564,0.8770989,0.8767428,0.7900001,0.09334539,0.7708105,0.7349796,0.8244144
0.87881076,0.88684577,0.88928545,0.8889115,0.8784277,0.87271106,0.8889529,0.8891336,0.8711968,0.87482935,0.88770944,0.8874308,0.88617224,0.88770664,0.8503036,0.877845,0.88089436,0.8870963,0.88746786,0.8746782,0.8871695,0.88744277,0.8871916,0.8855915,0.86325014,0.86587733,0.8727449,0.8671188,0.8862976,0.8876923,0.8868668,0.8879024,1.0,0.8827128,0.8881918,0.88462657,0.8855099,0.8883185,0.88793236,0.8881811,0.8858502,0.88709927,0.8536015,0.8714398,0.76353264,0.7343397,0.8815019,0.8841975,0.46829304,0.71699953,0.5697329,0.60360044,-0.18521126,0.33881003,0.8825622,0.888302,0.8807913,0.8814803,0.3212414,0.6465241,0.843348,0.8034817,0.8533965,0.8740893,0.6037403,0.7906857,0.8649569,0.85897195,0.854365,0.6521555,0.8871081,0.88687533,0.8879899,0.8887338,0.8859339,0.8811112,0.8876905,0.884649,0.8835366,0.88703036,0.8723144,0.88816917,0.8645888,0.88285255,0.84948623,0.8842973,0.84936,0.8809053,0.8783141,0.88035065,0.78524256,0.8598884,0.04145318,0.8045594,0.87650603,0.8261867,0.8648972,0.8612535,0.8744011,0.84876436,0.5734365,0.80044323,0.8176287,0.85008544,0.7981484,0.8256873,0.8509477,0.8430135,0.8011378,0.8762292,0.8798157,0.7882469,0.08727547,0.7767398,0.7283967,0.82263297
