1.0,-0.19734028,0.6814242,-0.30911794,-0.44369408,-0.5626541,0.7432889,-0.050087076,-0.17810808,0.3871092,0.37196192,-0.12638387,0.62081647,0.23900926,0.5249861,0.74369544,0.59691393,0.2990374,0.75886804,0.134929,0.2839888,0.028291946,0.1712807,0.24050741,-0.19881195,-0.5820031,0.10339574,-0.61372584,0.096208595,0.60489285,0.5754684,0.16240682,0.56055725,0.7388881,0.5526953,0.41565955,0.21429794,-0.022302387,0.20849407,0.44535705,0.16797465,0.041083924,0.50532365,0.59898293,0.32459617,0.40159735,0.5219147,0.24811187,0.031972174,0.120326385,0.38285336,0.2603957,0.11205648,-0.19395413,0.36241,0.2238542,0.75793034,-0.10879347,0.1381876,-0.037572786,0.54966086,-0.08409816,0.62326485,0.13661662,0.54628086,-0.079295136,0.4752868,0.39434153,-0.34451035,-0.23274247,0.58881587,-0.25670612,0.18399157,-0.19921976,0.31026304,-0.5603747,0.50218755,-0.26401845,0.49083823,0.52620506,0.70096827,0.14024527,0.19945359,0.46130162,0.72848374,-0.290548,0.47005695,-0.21406409,0.34643236,-0.15200712,0.17401733,-0.3588677,-0.10516799,-0.34121463,0.27330145,0.045389682,0.33259374,0.09968152,0.21666653,0.112540856,0.27580217,-0.004712632,0.30116618,0.012853211,0.07975795,-0.024669362,0.00453521,0.13641575,0.27125233,0.052282944,0.23629591,0.25529838,0.20710899,0.0048907283,-0.10223602,-0.09780562
-0.19734028,1.0,-0.10046105,0.57442385,0.35504845,0.1386222,0.09622462,0.5824376,-0.02965091,-0.16232388,0.4325655,0.60411423,0.07906881,0.26827946,0.04810919,-0.11632901,-0.25412405,0.4773696,0.01702199,0.75960726,0.16400543,0.32630017,-0.022718001,0.24751033,-0.49882042,0.038096815,-0.06244837,0.15532415,0.37854904,-0.0062230015,-0.35886154,-0.18398532,0.31430355,-0.072117686,-0.28310654,0.23988374,0.22431469,0.376362,0.22716297,0.1471217,-0.1342011,0.4306065,-0.044650327,0.06919607,-0.23482959,-0.09907558,0.28088376,0.30226097,0.00931297,0.22381727,-0.15093,0.33454987,-0.10506461,0.45876878,0.17806543,0.50193363,-0.39030415,0.7509772,-0.17758662,0.12104701,-0.24501602,0.3581895,-0.30166325,0.36608848,-0.051701885,0.2632374,0.0070489543,0.36199984,0.4224889,-0.08813701,-0.24453351,0.5130581,0.15639547,0.5968835,0.0031602264,0.4646881,-0.17818685,0.49158275,-0.2666384,-0.2835594,-0.22262697,0.40226394,0.3820988,0.20087889,-0.4003905,0.68867874,-0.7620267,0.50523174,-0.27219436,0.66378367,-0.15446427,0.6255276,0.006702595,0.35355052,0.26884672,0.35606018,0.17914705,0.41587356,0.23930746,0.35651827,-0.1642137,0.37626576,0.26934382,0.4274802,0.30381742,0.34624436,0.19071995,-0.01947184,0.21429758,0.4222441,0.260612,0.2627376,-0.26611614,0.20809887,0.1813632,0.12729925
0.6814242,-0.10046105,1.0,0.16593818,0.07519879,-0.096672036,0.7762786,0.33496195,0.22544655,0.180994,0.40213335,0.11352202,0.4814053,0.39030898,0.48552337,0.61597985,0.56035894,0.34758022,0.7583755,0.28674173,0.5116654,0.14790247,0.58936006,0.5445562,0.019469995,-0.23213114,0.32344833,-0.21980947,0.26133946,0.48820502,0.54987484,0.37426943,0.5928348,0.8030888,0.6877278,0.566891,0.55548763,-0.0378557,0.50479496,0.6101341,0.48525494,0.15429114,0.6341021,0.60591775,0.44560185,0.32578954,0.4607028,0.56801623,0.050225843,0.32911372,0.48563325,0.019583467,0.402452,-0.1990433,0.6872951,0.31695667,0.6585185,-0.0016922373,0.13087077,-0.024996137,0.6333541,-0.11139655,0.47478798,0.19664948,0.4721075,0.030363498,0.64807594,0.59723437,-0.3965187,-0.019565083,0.52586734,-0.037195876,0.4006407,0.026353966,0.36699063,-0.50324976,0.6848515,0.05660204,0.42044804,0.46184912,0.7459828,0.18054725,0.49458244,0.4308277,0.7036662,-0.1903362,0.42786056,-0.019501513,0.5317349,0.05837332,0.41151902,-0.32062852,0.2496709,-0.034743883,0.45365658,0.22599427,0.673885,0.34689766,0.44184417,0.11200077,0.39817992,0.18402667,0.4137388,0.06201381,0.37062088,0.19500415,0.32729876,0.3535668,0.49447078,0.36639225,0.5547233,0.48108557,0.2790918,0.2870321,0.26244465,-0.03582687
-0.30911794,0.57442385,0.16593818,1.0,0.77081513,0.6131969,0.11934193,0.67437404,0.547002,-0.26642492,0.30097678,0.65549904,-0.046693902,0.36778244,0.006903105,-0.18547921,-0.17874597,0.28067133,0.03605651,0.53149223,0.34073275,0.29897958,0.48887384,0.56478363,-0.093524925,0.3384546,0.28725293,0.53787524,0.3175655,-0.15063293,-0.2125774,0.11930023,0.12862505,0.07241533,0.046849772,0.24556378,0.48563644,0.09966899,0.30854172,0.18048342,0.24808593,0.3487106,0.07830285,0.029622862,0.009376932,-0.020777281,0.025131749,0.39550945,0.036264427,0.37355483,0.040557772,-0.16791536,0.3649091,0.19574794,0.41448158,0.31071568,-0.2820401,0.37856767,-0.053674903,-0.0909699,-0.041632727,0.029797755,-0.32440582,0.06960962,-0.070197664,0.15321018,0.16215281,0.33359486,0.21907999,0.19925646,-0.20101054,0.5656896,0.21307036,0.44010308,-0.0031018762,0.29467627,-0.016782505,0.4863041,-0.104932,-0.3075807,-0.017686155,0.16149329,0.5389505,0.08244574,-0.17646632,0.39498448,-0.40251362,0.4740047,0.20522615,0.5328705,0.24687615,0.39051482,0.38079152,0.50504506,0.213753,0.20153344,0.35516497,0.29358363,0.37850624,0.1729827,0.065221824,0.36159563,0.36067027,0.3066081,0.5263855,0.45470002,0.45844707,0.18803541,0.349165,0.46372363,0.30853176,0.33701208,0.0065142433,0.5691555,0.51437265,0.13214748
-0.44369408,0.35504845,0.07519879,0.77081513,1.0,0.6674722,-0.076578364,0.45685026,0.7133818,-0.3535324,0.10560151,0.46367836,-0.23958243,0.13900515,0.009456554,-0.20701373,-0.11448461,0.15990657,-0.09846272,0.27942255,0.3101852,0.18554455,0.39889884,0.42367715,0.174982,0.43138266,0.31077448,0.6186932,0.32078764,-0.12424133,-0.12436056,0.33653894,-0.04668483,-0.02552926,0.110179685,0.09442451,0.3907881,-0.08268905,0.30297083,0.21063475,0.31478196,0.27858168,0.037990402,-0.053180933,0.019753145,-0.0007176068,-0.19405878,0.2996769,0.004740624,0.2878362,0.01802453,-0.32827798,0.3056059,0.01925194,0.371428,0.09846714,-0.2709036,0.25094074,-0.025930738,-0.02537331,-0.03914581,-0.0687486,-0.38968253,0.042529225,-0.16058433,0.14483212,0.14644732,0.18738268,0.008229132,0.30157155,-0.17165603,0.45555717,0.31319666,0.3204516,0.049397502,0.20724763,0.062358443,0.3827568,-0.09516874,-0.20188692,-0.03874844,0.15566047,0.4276018,0.019002521,-0.17633332,0.21925485,-0.2526173,0.3018947,0.26953867,0.28125402,0.356105,0.30166957,0.49818334,0.53707284,0.06797029,0.1050357,0.3195017,0.19936346,0.27932486,0.031018667,0.0917438,0.32091975,0.15834793,0.09205131,0.3562633,0.31337073,0.4128232,0.2653356,0.18341576,0.30120343,0.23256274,0.23071375,0.08103859,0.46043965,0.41325426,0.073569484
-0.5626541,0.1386222,-0.096672036,0.6131969,0.6674722,1.0,-0.31410187,0.39225158,0.55363166,-0.25604784,-0.090642706,0.37070903,-0.34461176,0.16460626,-0.19408579,-0.47840047,-0.2000816,-0.05695153,-0.3993354,-0.07312071,0.058927182,0.105817884,0.44017422,0.19149326,0.47834113,0.71735144,0.30678988,0.82767856,0.1453761,-0.36915034,-0.23830515,0.17502536,-0.33252466,-0.2753126,-0.052615214,-0.06405655,0.24539775,-0.013118995,0.0013616424,-0.07528554,0.31165344,0.045131087,-0.1094456,-0.3776561,0.008019134,-0.2961925,-0.3753206,0.2178554,-0.010500873,0.19194026,-0.04289511,-0.43955028,0.30977976,0.08322004,0.015069696,-0.09161572,-0.45399293,0.07779995,-0.062372297,-0.07080348,-0.107891604,-0.13501762,-0.4060225,-0.110020965,-0.276366,0.008840128,-0.04868212,-0.10126438,0.107800014,0.40717727,-0.3335349,0.43783942,0.12548482,0.15353186,-0.10382339,0.31120238,-0.17771591,0.37822732,-0.16460562,-0.36175135,-0.20536475,0.03311422,0.21452132,-0.1668587,-0.34090906,0.22540905,-0.21245839,0.34453037,0.077190354,0.25214922,0.17152981,0.17455979,0.39904535,0.4135002,-0.04448595,0.033598363,0.102382526,0.047968585,0.064309,-0.1475397,-0.02005688,0.1720592,-0.121254,-0.06448433,0.22288644,0.107278876,0.3025777,0.08469677,0.019329073,0.18358412,0.14867517,0.053346988,0.030666636,0.29768825,0.42287132,0.08070528
0.7432889,0.09622462,0.7762786,0.11934193,-0.076578364,-0.31410187,1.0,0.290189,0.06401089,0.32192788,0.5994199,0.24439482,0.7252812,0.509348,0.5915914,0.7020034,0.53297967,0.47012168,0.8124243,0.49249527,0.5842808,0.23258851,0.37742066,0.51988065,-0.2875027,-0.46133184,0.1604557,-0.32827845,0.36295807,0.62145257,0.5109996,0.2532973,0.6745331,0.8090139,0.49878216,0.5505144,0.58724797,0.14027303,0.5027534,0.56285965,0.278077,0.34125862,0.535916,0.53770924,0.2560238,0.3993308,0.6387826,0.47887376,-0.037054967,0.2661977,0.32205078,0.22385144,0.21940054,-0.11045105,0.6215491,0.4607504,0.57827425,0.124503486,0.0044973493,-0.10704094,0.4667074,-0.028999005,0.48525295,0.16590057,0.4784784,0.051804,0.5411384,0.5817898,-0.16968516,-0.1479229,0.58535373,0.02327695,0.38710114,0.1719657,0.38224807,-0.37310174,0.5513305,0.027332552,0.47956443,0.37668255,0.7335685,0.24924621,0.5762381,0.53027886,0.65303224,-0.06974417,0.2824434,0.1084042,0.4646851,0.16595355,0.23934697,-0.14919242,0.06800995,-0.10000654,0.46937442,0.17466682,0.6007637,0.34376448,0.46562505,0.2862546,0.25777352,0.19185755,0.54721063,0.2904784,0.398254,0.27297416,0.2611005,0.17586592,0.5470988,0.33879358,0.43928057,0.48866653,0.1667869,0.26471582,0.19011807,0.058752995
-0.050087076,0.5824376,0.33496195,0.67437404,0.45685026,0.39225158,0.290189,1.0,0.1879322,-0.079852484,0.34885263,0.7266236,0.10653424,0.67357117,0.101281084,-0.011528161,-0.043761615,0.4010718,0.15243046,0.5940589,0.33788812,0.25986627,0.5137452,0.41363916,-0.07722988,0.34264272,0.25557002,0.32724267,0.39803615,0.052013725,-0.04556183,0.1116483,0.36715308,0.25978622,0.07746478,0.46392682,0.5365365,0.3845512,0.50501496,0.40011066,0.24635787,0.39203542,0.23459077,0.25894707,0.090867825,-0.123360306,0.3188835,0.7179348,0.03148055,0.2928209,0.09346494,0.0011991257,0.1936156,0.2744593,0.49251363,0.5778963,-0.13385883,0.42926222,-0.1475081,0.012572786,0.085746095,0.18200934,-0.09883593,0.27388456,0.08869884,0.07981325,0.29538673,0.6070391,0.13425152,0.12566373,-0.024803923,0.5256335,0.39575866,0.5625939,0.20424974,0.18568176,0.18374707,0.6744366,-0.08225057,-0.08987814,0.11241874,0.4170908,0.5065371,0.25880793,-0.10203333,0.53701985,-0.3719925,0.5797703,0.0064410544,0.7166373,0.118301585,0.27126166,0.23291515,0.40056443,0.44493064,0.514044,0.5351727,0.62300795,0.38757816,0.1739845,0.13908687,0.46320674,0.42698714,0.37792537,0.5695968,0.41174245,0.44580674,0.1326503,0.38406408,0.61351603,0.62571216,0.4351058,-0.14823362,0.42023912,0.47783193,0.07911729
-0.17810808,-0.02965091,0.22544655,0.547002,0.7133818,0.55363166,0.06401089,0.1879322,1.0,-0.24940044,0.10301247,0.2959265,-0.0074820514,0.1611866,0.11243429,-0.009480099,0.026298884,0.05520027,0.08285773,0.021051332,0.35243264,0.08661304,0.43737572,0.4127366,0.34286147,0.23882829,0.265467,0.45746028,0.13081293,-0.072368056,0.16071986,0.44096825,-0.06012617,0.18414277,0.3842154,0.04118401,0.4432072,-0.30134612,0.14555278,0.09906208,0.41391164,0.09540356,0.19091675,-0.013258946,0.21366872,0.1559661,-0.26402116,0.2304906,-0.09063209,0.2228484,0.17744462,-0.3974906,0.50932163,-0.2852522,0.27827403,-0.13672863,0.042260416,-0.071386434,0.085386366,-0.19059205,0.20327999,-0.22337723,-0.11612513,-0.14946878,-0.10431174,0.022690741,0.24900903,0.05271867,-0.23683937,0.30755606,0.10311023,0.26982588,0.25442925,0.05844491,0.08833915,-0.12688544,0.19210646,-0.029290726,0.09642142,-0.011565792,0.20755103,-0.031963382,0.4327744,-0.12515613,0.23259176,-0.15000175,0.20101558,0.034910977,0.5483277,-0.014332281,0.5691224,0.018285548,0.6138033,0.39397684,-0.07424887,-0.23509224,0.27970582,-0.07030782,0.29089972,-0.016981527,0.29087105,0.18373613,0.105969,-0.06337655,0.30480933,0.24229565,0.4216147,0.41269866,0.22414294,0.051593505,0.08075581,0.21585347,0.41949195,0.45555773,0.43301708,0.056869972
0.3871092,-0.16232388,0.180994,-0.26642492,-0.3535324,-0.25604784,0.32192788,-0.079852484,-0.24940044,1.0,0.29359522,-0.04505755,0.50357884,0.32814518,0.59183186,0.5078032,0.31189635,0.19564173,0.18477999,0.03692068,0.19492453,0.18670069,0.1524542,0.23512928,0.09074418,-0.2070914,0.36286587,-0.1494978,0.35832328,0.5261184,0.44865358,0.3026303,0.31235453,0.3368283,0.13647604,0.33852047,0.07019883,0.36922604,0.2313769,0.30668533,0.019180281,0.2796601,-0.1381592,0.094618864,-0.12146989,-0.08069756,0.3598742,0.04779776,-0.02034587,-0.14998224,-0.13246761,0.07028611,-0.18220225,0.10272023,0.110684976,0.25458178,0.1288614,-0.12619735,-0.07547164,-0.10855218,-0.059497364,-0.034055,0.3214078,-0.023441574,0.18863651,-0.07990606,-0.07669719,0.15638283,0.20783828,-0.1386891,0.34172535,0.07531302,0.26188368,0.08571323,0.20555376,-0.14891815,0.09879548,0.10988322,0.41053516,0.39199594,0.2604145,0.2651146,0.23491612,0.5230442,0.19772169,0.11460552,0.2985642,0.30606306,0.0597005,0.12520447,-0.368699,-0.08333306,-0.47469652,-0.47632524,0.23891665,0.11492188,0.15609457,0.18700185,-0.0873673,0.11054395,-0.31652358,-0.19308174,0.0445208,0.059056215,-0.12490867,-0.16617958,-0.21525602,-0.14990507,0.14185582,0.057302978,0.14138165,0.002236486,-0.37545782,-0.22308557,-0.16647057,0.038879525
0.37196192,0.4325655,0.40213335,0.30097678,0.10560151,-0.090642706,0.5994199,0.34885263,0.10301247,0.29359522,1.0,0.4188957,0.737048,0.49579275,0.6626425,0.46472365,0.37175098,0.7949407,0.47249192,0.6279816,0.4174095,0.44027892,0.31803516,0.51897997,-0.3049272,-0.21473286,0.18687353,-0.05689587,0.66981924,0.5354847,0.27256164,0.23495343,0.5935629,0.49051297,0.1751252,0.6110219,0.4652651,0.37294433,0.40611774,0.45746824,0.18894757,0.49358326,0.1805177,0.30730927,-0.093052596,-0.030094534,0.5827934,0.39988115,-0.12028306,0.07530915,-0.08045991,0.31211954,-0.0064975424,0.24813546,0.337815,0.4441416,0.0468242,0.4498965,-0.090159155,-0.12386184,0.029488234,0.10408253,0.09326522,0.31724387,0.17473352,0.13440791,0.20638588,0.477623,0.18913016,-0.09704292,0.32178113,0.47910935,0.45593303,0.32554176,0.29094392,0.056278136,0.2014563,0.35203925,0.40707853,0.2648245,0.44164604,0.55125237,0.66548693,0.6654215,0.18031146,0.4422845,-0.108862706,0.4858528,0.16047214,0.466917,-0.112214655,0.28299832,-0.113003574,-0.03883854,0.39915046,0.16757412,0.45380533,0.39703745,0.3338624,0.36112192,-0.08514065,0.2275653,0.3596704,0.34630525,0.31316096,0.22480056,0.10675106,0.03731496,0.47672582,0.31176233,0.44778225,0.39157873,-0.17987588,0.14256285,0.15872991,0.0883866
-0.12638387,0.60411423,0.11352202,0.65549904,0.46367836,0.37070903,0.24439482,0.7266236,0.2959265,-0.04505755,0.4188957,1.0,0.2705339,0.7199554,0.1640103,-0.0015898066,-0.050614256,0.41972598,0.10455695,0.59231615,0.39698103,0.37098038,0.34802958,0.34267026,-0.13304414,0.19786823,0.20154968,0.35353446,0.428771,0.12314647,-0.038970094,0.1081991,0.3309386,0.21608165,0.05804197,0.40661106,0.5187068,0.37604266,0.37074918,0.29745585,0.15090492,0.44251692,0.028553354,0.14714672,-0.041188948,-0.022943405,0.26390627,0.5245842,-0.08423085,0.24638757,-0.02799184,-0.058257278,0.13499832,0.25848383,0.31518352,0.4936289,-0.25288367,0.3162583,-0.19254726,-0.23932968,-0.11412611,0.04556207,-0.21952422,0.048619922,-0.020677231,-0.053964168,0.21282375,0.46427742,0.27796236,0.12793148,-0.010046882,0.6761601,0.31387094,0.5774196,0.07386164,0.24875394,0.01821981,0.507266,0.04935658,-0.06071227,0.089437746,0.43884128,0.54210424,0.21965724,-0.13756496,0.50268763,-0.38453972,0.56745833,0.11358083,0.6303169,0.09717905,0.36925527,0.20927636,0.36860666,0.38114798,0.18513574,0.47675836,0.39513183,0.32303283,0.23001769,0.03154287,0.40100127,0.46697778,0.43779016,0.5465717,0.4550083,0.36030108,0.06855967,0.40561527,0.4365173,0.44852495,0.36184803,-0.13154873,0.514773,0.45562106,0.13547805
0.62081647,0.07906881,0.4814053,-0.046693902,-0.23958243,-0.34461176,0.7252812,0.10653424,-0.0074820514,0.50357884,0.737048,0.2705339,1.0,0.5303223,0.708095,0.6794258,0.5265676,0.5834903,0.6078485,0.4199349,0.43888855,0.33413565,0.22226883,0.37437037,-0.24187404,-0.445408,0.14947768,-0.31263682,0.46812978,0.6463738,0.5404043,0.29010776,0.63908094,0.66897845,0.3346625,0.5356369,0.37048456,0.28637615,0.3270181,0.37467808,0.14110568,0.33449325,0.14914423,0.3788941,0.03842024,0.15061258,0.62079495,0.26797545,-0.113948666,-0.008253835,0.030499984,0.2871086,-0.025383798,0.05993273,0.25453326,0.32092595,0.3238618,0.07871762,-0.099768326,-0.27467138,0.13573126,-0.042015493,0.36635426,0.07474362,0.2666728,-0.090436794,0.2852809,0.43105143,0.054236755,-0.15060082,0.52966756,0.25729918,0.35010388,0.12873097,0.25770047,-0.21432209,0.31380293,0.0539869,0.6066903,0.45323727,0.6050093,0.41226542,0.52653474,0.57508755,0.44046047,0.10773701,0.24045835,0.23721705,0.2994763,0.19584431,-0.10724968,-0.035650544,-0.19212362,-0.3035838,0.37126842,-6.220465e-05,0.4189687,0.23136015,0.21673012,0.24741869,-0.0789531,0.048634782,0.3349401,0.24329942,0.15833782,0.09381762,-0.022016149,0.024141071,0.45703024,0.09754959,0.30597618,0.3071256,-0.048711162,0.057017036,0.056963727,0.06242373
0.23900926,0.26827946,0.39030898,0.36778244,0.13900515,0.16460626,0.509348,0.67357117,0.1611866,0.32814518,0.49579275,0.7199554,0.5303223,1.0,0.40480796,0.35617602,0.16420574,0.39837468,0.30727965,0.44685584,0.45547304,0.26036382,0.5062327,0.41437605,0.03593436,0.1123623,0.3008681,0.1713495,0.4098519,0.35576272,0.29201335,0.28812137,0.4479009,0.50888264,0.2324115,0.50946367,0.56244975,0.46565977,0.46739224,0.47279075,0.1924283,0.39708188,0.22708587,0.256702,0.049760234,-0.050767772,0.45402363,0.6676874,-0.05250976,0.1475792,0.05570431,-0.054333583,0.1580708,0.21607862,0.37267083,0.5528564,0.04405611,0.09588351,-0.117524035,-0.21491824,0.12330835,0.00672497,0.14875771,0.018705264,0.15933204,-0.084675886,0.22480778,0.50782865,0.1088067,0.047129117,0.27208218,0.46036857,0.39942327,0.4388642,0.24294119,-0.01948917,0.20513153,0.46870318,0.2824849,0.18332295,0.38036498,0.42340365,0.5547225,0.3849658,0.20916605,0.3614088,0.010473207,0.5671957,0.16868238,0.6093667,0.043048114,0.06252766,0.058478422,0.07099036,0.48543283,0.27233964,0.5821377,0.49757,0.3236882,0.19099037,0.113670856,0.2653186,0.46573523,0.34894076,0.48540038,0.295803,0.30619732,0.020404648,0.5104111,0.46206388,0.60068274,0.43531653,-0.13145466,0.36836487,0.40257627,0.07509205
0.5249861,0.04810919,0.48552337,0.006903105,0.009456554,-0.19408579,0.5915914,0.101281084,0.11243429,0.59183186,0.6626425,0.1640103,0.708095,0.40480796,1.0,0.7195691,0.5920181,0.5880243,0.5064158,0.31216246,0.48195034,0.37526688,0.3505783,0.5296435,-0.034187105,-0.313989,0.41808662,-0.16039276,0.69305956,0.7430607,0.6527819,0.54456764,0.6057665,0.6131805,0.4444387,0.5891247,0.3530754,0.26260492,0.48303935,0.6098045,0.2771838,0.48231593,0.19854349,0.4051743,0.040289864,0.09881172,0.53859985,0.3024492,-0.09254283,0.0060723578,0.018367097,0.18349878,-0.0012913711,0.12369998,0.38663968,0.35857505,0.28278387,0.118692145,-0.06970893,-0.15817761,0.14886107,-0.09939072,0.25886542,0.096553996,0.31959832,0.0017547414,0.22161222,0.43689126,0.03044354,-0.1117245,0.50283134,0.28487283,0.542,0.15013134,0.36525214,-0.22660545,0.40081468,0.20234036,0.6431616,0.5911437,0.62256527,0.5544253,0.58190674,0.7868856,0.38216373,0.16943763,0.283155,0.30976388,0.40166178,0.13412905,-0.05329816,0.071602136,-0.1598056,-0.22299261,0.36008826,0.10599914,0.49741268,0.3078093,0.25815657,0.31700027,-0.13122481,0.006465016,0.25362384,0.15604925,0.10897869,0.090280496,0.06562974,0.1740194,0.38999185,0.17045756,0.38869083,0.3210595,-0.14265226,0.08994977,0.04293938,0.010042645
0.74369544,-0.11632901,0.61597985,-0.18547921,-0.20701373,-0.47840047,0.7020034,-0.011528161,-0.009480099,0.5078032,0.46472365,-0.0015898066,0.6794258,0.35617602,0.7195691,1.0,0.48567888,0.36552778,0.6957277,0.24911883,0.4339913,0.14676474,0.22161157,0.4365372,-0.15679766,-0.5465914,0.19558017,-0.48731405,0.32631588,0.73789316,0.69525105,0.49657223,0.61229086,0.73865867,0.5274695,0.42890933,0.2652976,0.065401,0.38033146,0.57326454,0.12916806,0.26201037,0.38205227,0.48215458,0.124792226,0.34827524,0.5296148,0.2906225,-0.081090346,0.064441174,0.2116602,0.16562349,0.061771166,-0.040355865,0.39090872,0.28464982,0.56898683,-0.0870322,0.09950926,-0.06093709,0.3770321,-0.06748544,0.477431,0.023611905,0.41220808,-0.07141904,0.27594456,0.39699835,-0.23464829,-0.32601604,0.61924005,-0.05207781,0.35588664,0.011324641,0.3623738,-0.4499965,0.5001857,-0.044377908,0.51695913,0.5802505,0.67086077,0.23665099,0.39461893,0.58225334,0.65569943,-0.13306959,0.42526525,0.018524617,0.3392685,0.015906122,0.07946833,-0.23532471,-0.1545943,-0.38643283,0.3472916,0.09002301,0.46077693,0.23492481,0.17868984,0.14789717,0.1047693,-0.046631277,0.30088186,0.026244476,0.027041212,-0.07039209,-0.068437405,0.09725619,0.37762383,0.10953152,0.37107697,0.24000736,0.043585166,0.011528353,-0.112983175,-0.16649772
0.59691393,-0.25412405,0.56035894,-0.17874597,-0.11448461,-0.2000816,0.53297967,-0.043761615,0.026298884,0.31189635,0.37175098,-0.050614256,0.5265676,0.16420574,0.5920181,0.48567888,1.0,0.2999108,0.5200095,0.012997221,0.2681059,0.05466978,0.2800731,0.17975643,0.11512704,-0.27276072,0.20624231,-0.27608222,0.3952764,0.5303077,0.49361208,0.26776525,0.38517323,0.54778826,0.5562235,0.4711565,0.28734526,-0.073174804,0.20850238,0.3920579,0.36308482,0.015636552,0.3076685,0.42129245,0.2510084,0.18199715,0.3505647,0.17104124,-0.10026029,0.11446202,0.23200135,0.041778263,0.12784587,-0.21108156,0.38912767,0.06896206,0.51589346,-0.12203497,-0.035223316,-0.15246397,0.392026,-0.28012553,0.3354336,0.15000495,0.33236933,-0.12129201,0.52311856,0.34006613,-0.29862803,0.07004438,0.43555167,-0.016646348,0.28105968,-0.17592052,0.13566378,-0.42525366,0.47435865,-0.11003326,0.7138074,0.59983474,0.7358288,0.4323715,0.2448254,0.52963877,0.4910317,-0.2215616,0.38430837,-0.09147136,0.5246016,-0.28415856,0.19632256,-0.2984192,0.08222348,-0.21212253,0.14821915,-0.10168058,0.3101372,0.027939437,0.16297708,-0.028194955,0.14883316,-0.035946887,0.14429234,-0.08597561,0.031421572,0.0012549019,0.07603619,0.14559685,0.08884687,-0.075191244,0.16984175,0.16016516,0.14867316,0.04189232,-0.02345301,-0.09986877
0.2990374,0.4773696,0.34758022,0.28067133,0.15990657,-0.05695153,0.47012168,0.4010718,0.05520027,0.19564173,0.7949407,0.41972598,0.5834903,0.39837468,0.5880243,0.36552778,0.2999108,1.0,0.40638584,0.62727153,0.35925114,0.51487964,0.2723777,0.4127354,-0.24877107,-0.09597417,0.28882024,-0.040406287,0.691552,0.5545875,0.25808385,0.25446847,0.6039749,0.44106162,0.17089319,0.6232875,0.32940197,0.3754632,0.38580686,0.4888176,0.22873543,0.47180176,0.16187805,0.3915951,-0.0028058195,-0.07613408,0.60447633,0.43761763,-0.048960738,0.022812476,-0.07084387,0.28339413,-0.10754193,0.22340499,0.3097861,0.44297862,-0.0018285783,0.55547893,-0.2409308,-0.024111055,-0.00893621,0.18433653,0.0004963345,0.33678412,0.12863553,0.12545122,0.25892133,0.5642354,0.2248053,-0.06719533,0.24468501,0.53542346,0.4810317,0.3506484,0.3526806,0.05609974,0.2593389,0.4351836,0.30202332,0.34373963,0.35452083,0.65531504,0.57733643,0.6881659,0.03228463,0.53614414,-0.16910768,0.44176105,0.087375306,0.41685992,-0.1630886,0.3126713,-0.16537882,-0.013252931,0.44625413,0.20394315,0.4731491,0.45864248,0.32496038,0.40673283,-0.1730756,0.28915867,0.28647795,0.2924353,0.2874453,0.21725373,0.1217427,0.15836924,0.42604446,0.24147171,0.4735621,0.40958285,-0.22010127,0.15389885,0.14320783,0.14845863
0.75886804,0.01702199,0.7583755,0.03605651,-0.09846272,-0.3993354,0.8124243,0.15243046,0.08285773,0.18477999,0.47249192,0.10455695,0.6078485,0.30727965,0.5064158,0.6957277,0.5200095,0.40638584,1.0,0.3821971,0.4497328,0.15099286,0.2603145,0.4319004,-0.27442592,-0.5397486,0.1300595,-0.44507998,0.23707879,0.5794932,0.5075568,0.24736227,0.6136527,0.7864722,0.56149614,0.49088588,0.4156695,-0.07078922,0.37054825,0.5260142,0.31306273,0.18336782,0.5682538,0.62688,0.31494847,0.46258628,0.5403158,0.36848345,0.017778713,0.2702157,0.43997005,0.2339629,0.3008543,-0.23488127,0.57144344,0.30510095,0.7121038,0.07115892,0.14485337,-0.058543686,0.5585285,-0.025569865,0.52833194,0.20444937,0.47115472,0.019352112,0.60155994,0.5380693,-0.29316673,-0.14567524,0.5626388,-0.10697067,0.25478402,-0.03389879,0.27243418,-0.45249853,0.54851073,-0.16256264,0.40094596,0.47908422,0.7221094,0.22475019,0.42206952,0.42022267,0.70779276,-0.21228847,0.33025283,-0.1411649,0.46194243,-0.007376228,0.33284932,-0.22951373,0.10634443,-0.14025623,0.3592331,0.041238617,0.5013576,0.20119148,0.40039033,0.21431702,0.31272718,0.09030911,0.4330244,0.106875554,0.30297944,0.17353998,0.22790308,0.22259262,0.47223747,0.1761407,0.3305585,0.40511185,0.29197153,0.20136946,0.099248566,0.0073185265
0.134929,0.75960726,0.28674173,0.53149223,0.27942255,-0.07312071,0.49249527,0.5940589,0.021051332,0.03692068,0.6279816,0.59231615,0.4199349,0.44685584,0.31216246,0.24911883,0.012997221,0.62727153,0.3821971,1.0,0.41295025,0.41997242,0.14776939,0.4419195,-0.5302128,-0.15988775,0.04783504,-0.04444117,0.4719883,0.2955259,-0.052951653,-0.00284715,0.5902984,0.35512623,-0.0656405,0.46138296,0.4225822,0.32109,0.4467131,0.3847048,-0.00877695,0.54009455,0.15732634,0.354135,-0.05829236,0.122226745,0.5401657,0.44104496,-0.010935641,0.21689889,-0.006941099,0.3449765,-0.053932752,0.34731472,0.4135908,0.564367,-0.059558228,0.63929474,-0.1761055,0.054007534,-0.021677025,0.34533423,-0.054083936,0.34289664,0.12794274,0.26296222,0.25391114,0.62578034,0.24218689,-0.15339576,0.06022746,0.44081658,0.32151508,0.59767735,0.1979915,0.162399,0.11505231,0.471737,0.011910529,-0.008070338,0.13714544,0.4300442,0.5497691,0.414582,-0.035882525,0.5278669,-0.46108717,0.4741312,-0.025343183,0.62920725,-0.07028266,0.3924055,-0.020721868,0.18827996,0.43132752,0.31144077,0.4284982,0.5109317,0.38159546,0.37967342,-0.023236185,0.39626765,0.5266083,0.5104216,0.4105618,0.3863318,0.20862919,0.0474647,0.4543388,0.4755337,0.41346312,0.38921243,-0.20873,0.28779906,0.2234574,0.0824227
0.2839888,0.16400543,0.5116654,0.34073275,0.3101852,0.058927182,0.5842808,0.33788812,0.35243264,0.19492453,0.4174095,0.39698103,0.43888855,0.45547304,0.48195034,0.4339913,0.2681059,0.35925114,0.4497328,0.41295025,1.0,0.38443998,0.36762604,0.49840596,-0.07366348,-0.18581977,0.21892959,0.07374569,0.37281582,0.42077252,0.47001964,0.35031798,0.5094546,0.57501686,0.34753487,0.37371784,0.51723814,0.16224879,0.5376384,0.4446222,0.28413084,0.37276265,0.26444662,0.3054543,0.17991471,0.2865332,0.3685524,0.43406644,-0.067647934,0.08038182,0.11814973,-0.09984497,0.23958234,-0.07871504,0.51063895,0.35489377,0.2673406,0.13721895,0.0103036845,-0.24853536,0.22609657,-0.05969071,0.18369439,-0.005923283,0.19004373,0.038175788,0.38676324,0.45989215,-0.016342528,-0.02210535,0.46668214,0.23111099,0.43322223,0.32518834,0.4384706,-0.17440762,0.39382833,0.16592051,0.32178122,0.27867466,0.45972452,0.26270673,0.60033673,0.33911058,0.3330016,0.038151313,0.15771247,0.16823635,0.45259902,0.1890151,0.25908318,-0.01261895,0.11561507,0.14008683,0.40133137,0.11702991,0.5744781,0.36070657,0.42722657,0.25158948,0.10362193,0.25106484,0.45211402,0.31588933,0.4286262,0.37992427,0.30369118,0.3017239,0.49226305,0.3455174,0.39305314,0.37686962,0.06880243,0.38258788,0.315969,0.24932675
0.028291946,0.32630017,0.14790247,0.29897958,0.18554455,0.105817884,0.23258851,0.25986627,0.08661304,0.18670069,0.44027892,0.37098038,0.33413565,0.26036382,0.37526688,0.14676474,0.05466978,0.51487964,0.15099286,0.41997242,0.38443998,1.0,0.25811806,0.40949667,-0.09855517,0.0535601,0.29127106,0.1742788,0.42236638,0.3184012,0.18152645,0.19574755,0.3917632,0.19185737,0.019826178,0.39735502,0.26431632,0.40946895,0.37920007,0.29400125,0.23304267,0.38631862,-0.1540584,0.09187238,-0.082366385,-0.06387016,0.33241257,0.20852447,0.029675001,-0.018397553,-0.08684881,0.09920773,-0.026411207,0.17283952,0.2112457,0.34937415,-0.1957654,0.2915682,-0.3369838,-0.22561285,-0.18203983,0.1117446,-0.17864679,0.010780063,-0.012462956,-0.048271846,0.061508454,0.30804622,0.32478613,0.050422557,0.18029925,0.5466286,0.2545002,0.34905365,0.20921822,0.1563048,0.18836868,0.39448807,0.09749088,0.14403951,0.059582006,0.34296355,0.49022907,0.41943794,-0.11444811,0.4298478,-0.11207374,0.38439292,0.08645642,0.37209928,-0.19891743,0.28725916,-0.14508224,0.008632093,0.37020075,0.1603881,0.30767214,0.39335126,0.25512743,0.43848813,-0.31641304,0.09588006,0.24599068,0.34031567,0.27162942,0.30543384,0.07468086,0.19150855,0.362764,0.22364184,0.27703685,0.24668662,-0.13181826,0.25028864,0.2728199,0.3420072
0.1712807,-0.022718001,0.58936006,0.48887384,0.39889884,0.44017422,0.37742066,0.5137452,0.43737572,0.1524542,0.31803516,0.34802958,0.22226883,0.5062327,0.3505783,0.22161157,0.2800731,0.2723777,0.2603145,0.14776939,0.36762604,0.25811806,1.0,0.70484823,0.34753847,0.34954154,0.6314025,0.36819243,0.3940693,0.21464932,0.35893837,0.49700236,0.30794263,0.4735651,0.5227083,0.5058464,0.6082023,0.16679646,0.46516186,0.49938145,0.5032653,0.2615395,0.31309047,0.24398912,0.2452446,-0.092203714,0.22588742,0.58236825,-0.0032013217,0.3355126,0.27962896,-0.28326768,0.46415818,0.042591315,0.5145136,0.3108752,0.10117288,-0.057282865,-0.007733971,-0.15944332,0.29134005,-0.24711186,0.08283265,-0.0048732683,0.23040512,-0.036271658,0.29621658,0.38650542,-0.11408342,0.22335954,0.24557415,0.42317915,0.40860838,0.19547369,0.1628705,-0.1251359,0.37570283,0.4130855,0.33103794,0.17046715,0.48378843,0.16958861,0.5618042,0.35502288,0.31695533,0.13146873,0.25178093,0.39189795,0.44402736,0.3281208,0.30303463,-0.008868017,0.27454317,0.15640843,0.38829347,0.25540805,0.6069361,0.3355182,0.37602368,0.1389957,0.17218041,0.22319478,0.3234689,0.12755942,0.449616,0.2741239,0.3988852,0.33650813,0.45382005,0.44245183,0.5475483,0.44141704,0.06612315,0.4699015,0.48797235,0.026108978
0.24050741,0.24751033,0.5445562,0.56478363,0.42367715,0.19149326,0.51988065,0.41363916,0.4127366,0.23512928,0.51897997,0.34267026,0.37437037,0.41437605,0.5296435,0.4365372,0.17975643,0.4127354,0.4319004,0.4419195,0.49840596,0.40949667,0.70484823,1.0,-0.04832649,-0.021723805,0.5481834,0.19958124,0.49727935,0.3830547,0.34674314,0.49664935,0.49138162,0.5273176,0.43666425,0.5454107,0.58334565,0.1903891,0.5929146,0.5557659,0.29479527,0.51953757,0.23970279,0.29973328,0.023432909,0.08470754,0.39767006,0.4780952,0.034622345,0.3685724,0.19008836,-0.069762,0.3659888,0.14815731,0.5884734,0.48102885,0.104201704,0.15880342,0.054228365,-0.1367124,0.17138216,-0.1300015,0.06785992,0.026291655,0.27541733,0.034903,0.16850162,0.45918825,0.06624273,0.030676695,0.31372386,0.4344268,0.387529,0.31949186,0.24500299,-0.03560469,0.3297939,0.35233057,0.30047625,0.1673749,0.43239415,0.18703611,0.71787614,0.47421122,0.3244472,0.19967213,0.11045968,0.42592144,0.44241017,0.40114355,0.21210788,0.2566293,0.15491228,0.12688117,0.4631632,0.2780699,0.59661156,0.40870693,0.47963855,0.40072936,0.024254063,0.19638836,0.46062022,0.30949768,0.44103616,0.37506887,0.35675105,0.36095893,0.6279563,0.52638495,0.4722011,0.47486612,0.012749487,0.46881038,0.40288088,0.1493663
-0.19881195,-0.49882042,0.019469995,-0.093524925,0.174982,0.47834113,-0.2875027,-0.07722988,0.34286147,0.09074418,-0.3049272,-0.13304414,-0.24187404,0.03593436,-0.034187105,-0.15679766,0.11512704,-0.24877107,-0.27442592,-0.5302128,-0.07366348,-0.09855517,0.34753847,-0.04832649,1.0,0.58094627,0.31477442,0.44373304,-0.07566484,-0.060591683,0.1968552,0.3969074,-0.32903484,-0.06084607,0.16490722,-0.082519546,0.01233771,-0.06954112,-0.049030285,0.039787218,0.26896918,-0.27922505,-0.022244092,-0.19247745,0.10776702,-0.25957304,-0.33278474,0.13728842,0.008358298,-0.03243998,0.06810152,-0.4959357,0.26893136,-0.14756829,-0.10158457,-0.25629187,-0.03970362,-0.39552322,0.07419588,-0.007658448,0.09517289,-0.23977688,-0.07867716,-0.23081602,-0.13114126,-0.040956352,-0.015971493,-0.19890869,-0.30949876,0.38492623,-0.010270899,-0.021903291,0.08675517,-0.17891803,-0.02600747,-0.14227024,0.12435283,0.046546806,0.053857364,0.14869094,0.0426628,-0.057556603,-0.10989114,-0.16953164,0.066422656,-0.20408376,0.39490816,-0.043962765,0.12366459,-0.17223094,0.15417777,-0.32504067,0.18121478,-0.051425785,-0.05050237,-0.10179621,0.05795714,-0.05651551,-0.16592628,-0.25816408,0.10512635,-0.12218342,-0.35997385,-0.42464477,-0.10973588,-0.22010742,0.044276368,0.11535,-0.12664813,-0.078235306,0.110344626,-0.039553717,0.116195165,-0.04021548,0.1901656,-0.098950885
-0.5820031,0.038096815,-0.23213114,0.3384546,0.43138266,0.71735144,-0.46133184,0.34264272,0.23882829,-0.2070914,-0.21473286,0.19786823,-0.445408,0.1123623,-0.313989,-0.5465914,-0.27276072,-0.09597417,-0.5397486,-0.15988775,-0.18581977,0.0535601,0.34954154,-0.021723805,0.58094627,1.0,0.308667,0.70824385,0.02746589,-0.36691517,-0.30416247,0.07806031,-0.33908853,-0.34206483,-0.23567277,-0.11676957,0.049381085,0.10085236,-0.038211454,-0.07194642,0.16001998,-0.08770682,-0.15555719,-0.3648109,-0.030557165,-0.4758214,-0.3384802,0.2026986,0.07344776,0.062167328,-0.11926941,-0.34025267,0.06629857,0.11713928,-0.16717236,-0.122459196,-0.49400824,0.07871927,-0.15684813,0.16867688,-0.17538315,-0.0010997717,-0.4239355,-0.005697099,-0.25707847,0.09594569,-0.19543828,-0.13114218,0.068481825,0.39332727,-0.35042933,0.30702993,0.08630999,0.14978762,-0.1280108,0.28082338,-0.15920977,0.4790001,-0.308114,-0.32052365,-0.31307656,0.026834654,-0.07316759,-0.202565,-0.43625042,0.3298706,-0.20841251,0.34410644,-0.24835847,0.29702434,-0.055488437,0.06069708,0.15002581,0.2684182,-0.039855883,0.2085626,-0.024227558,0.14246498,-0.096132435,-0.18555248,-0.04301997,0.14066066,-0.24723843,-0.12449482,0.10905696,-0.026864696,0.14006148,-0.035682116,-0.13490409,0.15339264,0.14509833,-0.019060606,-0.13394995,0.06715126,0.28976768,-0.03304568
0.10339574,-0.06244837,0.32344833,0.28725293,0.31077448,0.30678988,0.1604557,0.25557002,0.265467,0.36286587,0.18687353,0.20154968,0.14947768,0.3008681,0.41808662,0.19558017,0.20624231,0.28882024,0.1300595,0.04783504,0.21892959,0.29127106,0.6314025,0.5481834,0.31477442,0.308667,1.0,0.36805224,0.40974376,0.28587452,0.30537295,0.44282076,0.26294914,0.35365152,0.39855433,0.39665022,0.3322607,0.12673105,0.39581266,0.4812654,0.44396397,0.2723495,0.06544659,0.23200196,0.153746,-0.13596143,0.1316484,0.33381566,0.0976595,0.22281864,0.13922046,-0.23328038,0.16243587,-0.00809051,0.3546725,0.22705194,0.029472549,-0.06413786,-0.02460715,-0.09312374,0.1295585,-0.25428832,0.001370376,-0.03765611,0.18935122,-0.09723395,0.13135119,0.30740306,0.0132670365,0.15592805,0.25737306,0.35266542,0.3683403,0.052626938,0.17390577,-0.12388885,0.22715245,0.3339285,0.28763342,0.28165323,0.29740798,0.25849962,0.40732586,0.44485423,0.15022612,0.16404936,0.2751197,0.3536319,0.33994398,0.2161144,0.038594037,0.051056184,-0.02101546,0.0036915434,0.3315168,0.22534914,0.41539112,0.2659535,0.21635567,0.14517276,-0.09489056,0.11317425,0.19695826,0.076680616,0.23133962,0.10860926,0.22457202,0.24991715,0.27162343,0.27516535,0.3409132,0.22805394,-0.19467142,0.27609718,0.18578587,0.0343752
-0.61372584,0.15532415,-0.21980947,0.53787524,0.6186932,0.82767856,-0.32827845,0.32724267,0.45746028,-0.1494978,-0.05689587,0.35353446,-0.31263682,0.1713495,-0.16039276,-0.48731405,-0.27608222,-0.040406287,-0.44507998,-0.04444117,0.07374569,0.1742788,0.36819243,0.19958124,0.44373304,0.70824385,0.36805224,1.0,0.21039729,-0.33623332,-0.27948427,0.16056488,-0.30055887,-0.3285308,-0.19618149,-0.084177606,0.20123456,0.114180356,0.103747115,-0.06073099,0.19570717,0.09927385,-0.23368703,-0.4410553,-0.111508876,-0.36784533,-0.3466532,0.17057404,-0.013264044,0.14201275,-0.16199645,-0.39956096,0.15187012,0.14701344,-0.021708174,-0.005964078,-0.5372161,0.10442542,-0.12008703,-0.04751595,-0.2303971,-0.065177426,-0.43529627,-0.101631284,-0.31852612,0.063215874,-0.1793405,-0.14149913,0.23026441,0.41482013,-0.28539857,0.43676922,0.12525725,0.26188797,-0.047435943,0.3907032,-0.25997356,0.4246196,-0.1838151,-0.3810399,-0.26133943,0.05460846,0.21929201,-0.12878887,-0.38434532,0.32375863,-0.21746403,0.4278596,0.024322119,0.33245188,0.0532084,0.2836516,0.26257807,0.42423907,-0.022606933,0.09263948,0.07011435,0.07209919,0.09330901,0.0017072308,-0.09008442,0.1738534,-0.078791425,0.070826,0.24192928,0.18319468,0.280276,0.058808465,0.011516175,0.2186491,0.10906676,0.10047642,-0.114190005,0.21414608,0.39645195,0.18097015
0.096208595,0.37854904,0.26133946,0.3175655,0.32078764,0.1453761,0.36295807,0.39803615,0.13081293,0.35832328,0.66981924,0.428771,0.46812978,0.4098519,0.69305956,0.32631588,0.3952764,0.691552,0.23707879,0.4719883,0.37281582,0.42236638,0.3940693,0.49727935,-0.07566484,0.02746589,0.40974376,0.21039729,1.0,0.5371286,0.30537033,0.40755424,0.4627172,0.30383363,0.18242024,0.60818756,0.4177574,0.38404563,0.47593665,0.49144265,0.2543033,0.5993096,0.011765777,0.18808837,-0.08358006,-0.16197784,0.41824907,0.35939893,-0.17482622,0.060301717,-0.14486247,0.1446212,-0.08097581,0.3235279,0.37137586,0.41623846,-0.14270715,0.4282581,-0.27227744,-0.058667693,-0.114734046,0.045220558,-0.06428612,0.29671732,0.08832961,0.090813145,0.12336665,0.459294,0.29156512,0.0524918,0.19495714,0.5998231,0.6358065,0.41065177,0.25103453,0.107937165,0.18821004,0.55219144,0.42992413,0.3441407,0.36218393,0.7475127,0.64588714,0.7448359,-0.053580105,0.53822213,-0.16389313,0.57989115,0.21084157,0.3904809,-0.14447363,0.4193504,-0.072033204,0.06262043,0.34268758,0.2246244,0.48804837,0.39269298,0.27121878,0.33865213,-0.24882604,0.1618528,0.22355658,0.278228,0.24969423,0.2388198,0.19888505,0.1396858,0.2839603,0.25613698,0.43466064,0.32169193,-0.3009689,0.16543634,0.18229328,0.079852544
0.60489285,-0.0062230015,0.48820502,-0.15063293,-0.12424133,-0.36915034,0.62145257,0.052013725,-0.072368056,0.5261184,0.5354847,0.12314647,0.6463738,0.35576272,0.7430607,0.73789316,0.5303077,0.5545875,0.5794932,0.2955259,0.42077252,0.3184012,0.21464932,0.3830547,-0.060591683,-0.36691517,0.28587452,-0.33623332,0.5371286,1.0,0.6182782,0.43364862,0.6102464,0.65749353,0.41569692,0.54707086,0.29036796,0.2841127,0.42842537,0.6513873,0.22253117,0.45490888,0.24195878,0.45252767,0.06669598,0.22973004,0.6012324,0.33478874,-0.101756305,-0.023412043,0.09815768,0.17893606,-0.009971993,0.006676007,0.37183037,0.39386493,0.3753417,0.03334158,-0.033564158,-0.073911235,0.15776783,-0.10080532,0.24796905,0.11081061,0.3648372,-0.049137555,0.24948205,0.43180424,-0.07828064,-0.19264914,0.5951524,0.13883917,0.4878248,0.14157766,0.3488196,-0.26047048,0.46453872,0.113140464,0.5873053,0.6035938,0.59473926,0.44246897,0.41875175,0.7038808,0.44310847,0.04277964,0.30367264,0.20406125,0.30224395,0.09062674,-0.043710355,-0.061045587,-0.21964397,-0.34345064,0.4636252,0.12949546,0.5044413,0.2844569,0.16129597,0.25819704,-0.022566143,-0.051621687,0.26720944,0.08206599,0.09348156,0.04255341,-0.032316662,0.08609165,0.38695368,0.14575465,0.37830883,0.30076322,-0.07182634,0.08499985,0.0070894,-0.038344942
0.5754684,-0.35886154,0.54987484,-0.2125774,-0.12436056,-0.23830515,0.5109996,-0.04556183,0.16071986,0.44865358,0.27256164,-0.038970094,0.5404043,0.29201335,0.6527819,0.69525105,0.49361208,0.25808385,0.5075568,-0.052951653,0.47001964,0.18152645,0.35893837,0.34674314,0.1968552,-0.30416247,0.30537295,-0.27948427,0.30537033,0.6182782,1.0,0.6087427,0.41953534,0.67135423,0.6053818,0.40697715,0.26820153,0.0728271,0.36345336,0.48642904,0.33044583,0.1894452,0.257166,0.44190714,0.28262538,0.21955767,0.35486025,0.27797025,-0.09224874,-0.064094216,0.20188975,-0.076826915,0.1681262,-0.18394922,0.31827876,0.17016013,0.5276805,-0.2571762,0.092518054,-0.20501392,0.327791,-0.21042626,0.47992262,-0.12525417,0.30592418,-0.104390755,0.30208674,0.3266814,-0.26466534,-0.039602626,0.65631264,-0.004541096,0.44221136,-0.0670339,0.42197943,-0.42648315,0.5565255,-0.08887738,0.5760106,0.6364401,0.6570685,0.2255426,0.38831744,0.43817866,0.59697497,-0.23706058,0.6101974,-0.06616163,0.46395716,-0.1712055,0.21955338,-0.24440074,-0.04543095,-0.2298156,0.22478192,-0.061803844,0.4615965,0.16869757,0.2197581,0.16192846,0.07041386,-0.016246358,0.19775018,0.0069508404,0.11074409,0.02338879,0.089132674,0.32057437,0.3453364,-0.020035418,0.3053069,0.25085536,0.13218686,0.11981299,0.111467145,0.002548437
