1.0,0.43765357,0.51737964,0.58950174,0.067403324,-0.053078238,0.59327316,0.4900962,0.35970914,0.21521015,0.42265522,0.37059677,0.5789563,0.32572666,0.18188792,0.27714753,0.6658785,0.48372355,0.61195225,0.5527293,0.3811462,0.41342586,0.49680334,0.36901683,0.0020863945,0.18831608,0.21108936,-0.11237161,0.5260942,0.3286335,0.3969394,0.50878537,0.51548284,0.6578132,0.417127,0.31434703,0.58577037,0.4569223,0.52162707,0.56809306,0.36776578,0.35151938,0.063132904,0.08511689,-0.034253158,0.050252456,0.0702787,0.27576903,0.15670155,0.16185072,0.09607836,0.15445611,0.14720567,0.06576889,0.2711633,0.2996126,0.50292546,0.26278606,-0.011168932,0.1730697,0.08747789,0.13795415,0.09528244,0.14103425,0.12623139,0.22824894,0.18113698,0.24869932,0.49845308,0.41602695,0.3508704,0.37025258,0.544406,0.38702822,0.15886909,0.48197427,0.44734076,0.56580585,0.47219473,0.4413658,0.57920945,0.39382824,0.1046581,0.0556675,0.21134602,0.10783854,0.1739689,0.13856046,-0.0060042636,0.20654829,-0.2103398,-0.1489391,-0.10839772,-0.11159984,0.20584978,0.3326848,0.4018935,0.247164,0.01553783,0.0978188,0.044570893,-0.07442036,0.16274697,0.28154373,0.06304038,0.005261605,0.00014052492,0.046321366,0.25737208,0.2978226,-0.31605875,0.1211021,0.02158836,0.0485588,0.014642205,0.18931542
0.43765357,1.0,0.4932849,0.39824408,0.03930823,0.075213216,0.61860263,0.59540987,0.0050987746,-0.03184022,0.20254798,0.3805449,0.17022917,0.246581,-0.0026531166,0.19318196,0.2408823,0.30944443,0.56484115,0.5876651,-0.02055116,0.14401247,0.518349,0.33552113,0.12856247,-0.14549375,0.012589113,-0.04435567,0.17903128,0.2598018,0.3485613,0.3124474,0.113678105,0.40251562,0.35548803,0.13582914,0.4302815,0.38981342,0.40187898,0.32502562,0.36229238,0.25032827,0.1742236,0.13256927,0.008081702,-0.016187511,0.056495503,0.15676601,0.073651485,0.11763379,0.057925697,-0.020805087,-0.12242888,0.020882992,0.19792163,0.19259143,0.10097314,0.47949576,0.20875119,0.19904639,-0.082101084,0.18717784,-0.054320794,0.317565,0.095717244,0.15086779,0.2831805,0.25254712,0.45768985,0.39299664,0.28277427,0.27780712,0.3592945,0.33404517,0.41455886,0.41885206,0.5589094,0.36462218,0.09887725,0.42952573,0.29377323,0.48857862,0.24036482,0.13149308,0.056370437,0.15006422,0.29962417,0.18767416,-0.014481581,0.25203836,-0.012847483,-0.039534874,0.07002082,-0.02846621,0.14517261,-0.03197567,0.21634054,0.05121177,0.04328638,0.11734463,-0.004066599,-0.020797636,0.0146044735,0.19392891,-0.09584247,-0.09931664,0.06826319,0.0077156234,0.0014086385,0.08366296,-0.24933234,0.04992708,0.09137471,0.022863926,0.003630128,-0.027746197
0.51737964,0.4932849,1.0,0.6385525,0.12524316,-0.026240116,0.5327917,0.6241821,0.25968796,0.16840714,0.31253105,0.42572793,0.5953726,0.39023986,0.1436698,0.039056838,0.47929472,0.2640992,0.6233204,0.6770459,0.32547218,0.17984085,0.5193617,0.47040722,0.16114746,0.1105049,0.18090585,0.053900905,0.5363474,0.34442112,0.29674104,0.40375748,0.325787,0.5086684,0.36052004,0.16004209,0.55305725,0.48527288,0.47879744,0.40266037,0.44148314,0.38672656,0.015734786,0.06967091,-0.007177005,-0.076760344,0.03922741,0.1302007,0.20571417,0.06297863,0.04178002,0.0963993,-0.013905151,-0.0030469566,0.1687114,0.2239717,0.21651231,0.12837552,0.025598414,0.115646146,0.063169956,0.005491478,0.17730753,0.037117194,0.1756861,0.10281284,0.14872435,0.08812127,0.43672776,0.43755016,0.40039483,0.3491433,0.5294302,0.55518436,0.37079906,0.4252877,0.5867436,0.55422527,0.3121187,0.2947598,0.50346565,0.22079283,0.22442806,0.19908088,0.32695556,0.041590776,0.20742366,0.1690142,0.13213278,0.050645746,-0.20402867,-0.23844615,-0.16545634,-0.13657343,0.256598,0.18426591,0.14477016,0.11976275,-0.06006453,0.06922658,-0.040366996,-0.10939772,0.008665347,0.18942364,0.023085386,0.005108029,-0.083634265,0.20400293,0.22385004,0.059601143,-0.2848554,0.04808774,0.035836823,-0.062742494,-0.11142171,0.1746963
0.58950174,0.39824408,0.6385525,1.0,0.04556338,-0.2060468,0.39349744,0.56710553,0.39134574,0.11256946,0.33227405,0.37205437,0.54740083,0.27488416,0.13600323,0.21607673,0.6025859,0.42537242,0.51529014,0.63493484,0.39913937,0.24830431,0.49017262,0.45044842,0.13692304,0.16824664,0.010610541,-0.06593234,0.5109392,0.23010963,0.33391646,0.46328685,0.36585557,0.5250483,0.28241375,0.20046055,0.49205324,0.3172082,0.34039006,0.4873976,0.3787368,0.36718446,0.06416264,-0.010951763,-0.0070039025,-0.016366048,-0.08270506,0.08408795,0.0650826,-0.015208709,-0.0048293876,0.15654992,0.14381337,0.002229955,0.053206146,0.13936733,0.2929947,0.09188677,-0.13104482,0.061470427,0.11714201,-0.123771586,0.18056874,-0.10625384,0.11207543,-0.0305811,0.0075696837,-0.05046424,0.4141959,0.41970187,0.2740225,0.3025501,0.46271628,0.3086727,0.36670226,0.4981647,0.37891054,0.45859206,0.30096123,0.33103812,0.43309286,0.14128238,0.11383772,0.0030540542,0.3572518,0.13484927,0.17255297,0.11730334,0.013892472,0.060693577,-0.11816279,-0.096812785,-0.067958854,-0.09019805,-0.04329714,0.32440537,0.26834846,0.14946787,0.09955365,0.043160345,0.021127101,-0.05544151,0.13894366,0.14967015,0.2781539,0.24056011,-0.060162723,0.23837176,0.22366856,0.041676536,-0.20336145,0.16393663,0.0014861313,0.06791355,0.01882263,0.31985545
0.067403324,0.03930823,0.12524316,0.04556338,1.0,-0.059635725,0.0774444,0.054963127,0.36842647,0.20139213,0.023892319,0.37003887,0.19298281,0.36219692,0.020355066,0.007334215,0.26745397,0.32529157,-0.08703138,-0.10207749,0.25576872,0.037937287,0.0013444371,0.1986649,0.14547658,0.11002163,0.4364262,0.3597108,0.16209997,0.25748947,0.21633427,0.27651322,0.0471817,0.12645152,0.067163125,-0.121474914,0.30270195,0.110532954,0.09875148,0.03578962,-0.05055361,0.0059099053,0.25672176,0.23145817,-0.0104112215,-0.26101932,0.17711829,0.16617663,0.14486758,0.061903883,0.07445718,0.12034115,0.13517068,0.14855139,0.025989907,0.30580503,-0.07724366,0.023443317,0.10351031,0.05779464,-0.10960027,0.23049761,-0.30360195,0.052052855,0.056866996,0.11333479,-0.0075554987,-0.07853442,-0.15498696,-0.10669183,0.05273791,-0.23761629,0.21880734,0.2996006,0.07099182,-0.05388669,0.050303686,0.21874765,0.10029168,0.26467898,-0.06787014,0.12526464,0.27727747,0.32759413,0.042771187,0.08897976,0.008796316,-0.20837103,-1.5110756e-05,-0.14072476,-0.086045735,0.019213712,-0.087628394,0.01772022,0.35583413,0.16223055,0.10911278,0.122480184,0.15415367,0.10359635,0.02333735,-0.3792741,0.100143395,0.12910546,0.10638949,0.19418046,-0.005858425,0.08739362,0.18407425,-0.06803565,0.16160129,-0.013399919,-0.20849763,-0.1583824,-0.14784428,0.21374923
-0.053078238,0.075213216,-0.026240116,-0.2060468,-0.059635725,1.0,0.17760623,0.03752523,-0.17006683,0.08692616,-0.036367226,-0.25163814,-0.1491683,-0.09774931,0.19440037,0.09878575,-0.23198247,-0.24016096,0.057834983,-0.044852898,-0.23533058,-0.017459821,0.03184007,-0.09058068,-0.14535657,-0.17581104,0.015415524,-0.06244395,-0.006095795,0.06042149,-0.19838427,-0.17103682,-0.06861739,-0.037534434,-0.24958657,-0.19024733,-0.21682265,-0.0490531,-0.09319742,-0.19148798,-0.1068417,-0.08701768,-0.16380662,-0.10567269,0.24855678,0.011969402,0.12690929,0.16054112,0.03494024,0.021193534,0.3237486,0.14027226,0.005260695,0.03536753,0.29994327,-0.07599556,0.052381497,0.23283665,0.25620005,0.27744755,-0.043140054,0.17156105,0.0052980096,0.1898128,0.13150883,0.23827127,0.04661902,0.19047725,-0.09071611,-0.08223419,0.08841444,0.16218555,-0.17015234,-0.06372823,0.04717558,-0.18044558,0.078430526,-0.17906213,-0.21116509,-0.12091949,-0.05290338,0.15246682,0.05877539,0.21546304,-0.12111539,0.08647214,-0.07581745,-0.027323425,0.02834285,0.23911871,-0.06283712,-0.010695901,0.12821995,0.050524108,0.038546607,-0.15173306,-0.10674474,-0.08717858,-0.15606803,0.16202089,-0.03172264,0.17689165,-0.11025759,0.045919955,-0.18805732,-0.22547582,0.121879734,-0.2396371,-0.06304931,0.03250825,-0.13083456,-0.09508342,0.24369064,0.00587913,-0.1682395,-0.20847501
0.59327316,0.61860263,0.5327917,0.39349744,0.0774444,0.17760623,1.0,0.65335214,0.1597146,0.1729865,0.32831514,0.3227053,0.3802849,0.37443712,0.20400847,0.3274902,0.36833832,0.20319422,0.6316332,0.569426,0.09515023,0.2602182,0.557519,0.4031552,0.14015803,0.054714356,0.1841432,-0.03891983,0.33758378,0.36327988,0.35717967,0.41283137,0.2947855,0.48452592,0.34071264,0.3119346,0.4229807,0.36150864,0.44368854,0.33324838,0.31670484,0.20044921,-0.0046516,0.06503072,0.08037464,-0.06729425,-0.021889454,0.2159984,0.05650517,0.18831334,0.12020765,0.07579684,-0.0092702005,-0.09289581,0.26986012,0.27040884,0.2172461,0.3749016,0.18346463,0.27869204,-0.13639154,0.28714144,-0.06048911,0.29728678,0.039725035,0.26603493,0.106687546,0.28872237,0.37795287,0.3169875,0.46055183,0.49172643,0.504879,0.38291505,0.37963337,0.4198873,0.639134,0.47835124,0.26369092,0.30283263,0.43013224,0.54785365,0.29339248,0.10295783,0.09305358,0.22590242,0.17008089,0.14954953,0.05753776,0.19979672,-0.077986635,-0.061624184,0.025733333,-0.14438644,0.24893959,0.034735017,0.17518958,0.11121234,-0.09194162,0.15351327,-0.03131379,0.014927597,0.060649466,0.22604814,-0.11447275,-0.115932144,-0.0060206554,0.009170918,0.13647056,0.17432675,-0.3047573,-0.01241308,0.2170527,0.10983459,-0.10081565,0.0032794075
0.4900962,0.59540987,0.6241821,0.56710553,0.054963127,0.03752523,0.65335214,1.0,0.25600648,0.26792446,0.3224401,0.40817145,0.4896003,0.24537411,0.14311905,0.2286388,0.44780424,0.25742763,0.5804164,0.6285836,0.2896145,0.18927518,0.52462906,0.5184839,0.26116377,0.08947316,0.079262465,0.04168464,0.41801828,0.28809986,0.43708172,0.520049,0.18675548,0.378082,0.25401193,0.14959523,0.43766922,0.37132517,0.4307878,0.3422096,0.2462824,0.26461968,0.081233054,-0.05087013,-0.07716101,-0.037955955,-0.05075453,0.05546587,0.13295314,0.23090355,0.09416022,0.07678408,-0.023136465,-0.03955337,0.083907776,0.026310205,0.17349915,0.073015146,0.06481456,0.10693706,0.04812317,0.0055085532,0.18805915,-0.034033403,0.06807896,0.14088331,0.00590598,0.063523166,0.36199698,0.39540058,0.49732995,0.4939219,0.56832623,0.41960424,0.36780262,0.47013825,0.530082,0.44051477,0.13778846,0.42467105,0.48988497,0.2841233,0.3444796,0.10508034,0.1451779,0.20073323,0.19664851,0.11200553,-0.019789813,0.070484094,-0.09120723,-0.15077606,-0.08019094,-0.13921385,0.008841407,0.12774237,0.10052741,-0.005125087,-0.01204484,0.012929409,0.047658853,0.03496827,0.06552387,0.20683034,0.0903973,-0.012344568,-0.0945048,0.18148048,0.18830839,0.0045782016,-0.25589353,0.11641473,0.13198362,0.051071607,-0.11901418,0.22298346
0.35970914,0.0050987746,0.25968796,0.39134574,0.36842647,-0.17006683,0.1597146,0.25600648,1.0,0.3135626,0.38767678,0.21107388,0.5017371,0.30214027,0.26584086,0.27931008,0.4665276,0.43516177,0.24748084,0.1554743,0.5396344,0.32302377,0.22079284,0.22079578,0.09794613,0.29108998,0.19465284,0.051865328,0.4853667,0.2743435,0.28583822,0.4040384,0.3482423,0.3188622,0.017736169,0.08509614,0.41306174,0.23854846,0.3180427,0.36669928,0.13367133,0.23050004,0.13059826,-0.10992629,-0.06066018,-0.120894,0.05170031,-0.06285301,0.001545271,-0.015913738,0.045897573,0.12499634,0.056873605,-0.020954901,0.1976952,0.10230372,0.34007582,-0.007549746,-0.108987264,0.00060051144,-0.013095806,-0.08448835,-0.050435454,-0.16523133,-0.062401444,-0.016922517,-0.16017261,-0.25446013,0.01672561,-0.029885655,0.3176246,0.17805314,0.30089012,0.23747572,0.061313964,0.14106695,0.018156797,0.27473485,0.18986048,0.22750631,0.32960024,-0.04167756,0.13540845,0.147014,0.2216028,-0.04192878,-0.07319691,0.025658038,0.12937342,-0.21855098,-0.107409805,-0.11543217,-0.09820983,-0.15614955,0.116551496,0.4728189,0.20265923,0.1578815,0.162771,0.0033304247,0.22987033,-0.07080429,-0.0052936855,0.10457643,0.2299457,0.15785661,-0.06586288,0.11520682,0.32801482,0.070780106,-0.1386987,0.016209047,-0.17737415,-0.104629196,0.045448255,0.2520978
0.21521015,-0.03184022,0.16840714,0.11256946,0.20139213,0.08692616,0.1729865,0.26792446,0.3135626,1.0,0.12644991,0.110316165,0.30864868,0.07876246,0.28511629,0.15094633,0.3051107,0.21993212,0.14438811,-0.008650674,0.36216787,0.2446716,0.08068406,0.24376208,0.01014328,0.2377347,0.2773247,0.16398297,0.37358847,0.23400605,0.08318629,0.30588156,0.23875579,0.1581969,-0.06356462,0.008681453,0.17083114,0.11838492,0.15995345,0.1312698,-0.09571662,-0.05989064,0.13596325,0.04308641,-0.033081245,0.032248612,0.101601064,0.057262417,0.32305127,0.13081595,0.218144,0.32886267,0.1777435,-0.00764902,0.19156718,0.09460178,0.20199487,-0.13593741,-0.00245644,-0.07146515,0.093347326,-0.005269995,0.10249854,-0.087697245,0.08901297,0.37346995,-0.15338656,0.056141276,-0.04880542,-0.013883969,0.17997605,0.27613625,0.2296095,0.1817347,-0.021993434,0.041234255,0.07321886,0.096569076,0.026403263,0.17352307,0.27106217,0.14377305,0.23475017,0.24720423,0.22671948,0.21462286,-0.008739175,-0.13836455,0.09848935,-0.16329092,-0.14664692,-0.103748664,-0.13464549,-0.050060794,0.16803862,0.15893501,0.11283793,0.01794218,-0.027667718,-0.058952935,-0.06746068,-0.24009562,0.14871418,0.15557116,0.04930787,0.0061709285,-0.31487808,0.036198005,0.29626352,0.080394186,-0.13847148,-0.03400972,0.15465271,0.10965182,-0.08706561,0.14079346
0.42265522,0.20254798,0.31253105,0.33227405,0.023892319,-0.036367226,0.32831514,0.3224401,0.38767678,0.12644991,1.0,0.13169919,0.4366011,0.2892314,0.19728065,0.23725292,0.3229652,0.26653552,0.5312678,0.2824002,0.4266634,0.15558131,0.3222719,0.013636062,0.059816852,0.10141988,0.15464205,0.005341087,0.37751958,0.050115064,0.2830057,0.3314059,0.29129386,0.28585082,0.07569488,0.2726498,0.44480476,0.52692336,0.45487714,0.4449181,0.07524017,0.36080736,-0.013792808,-0.11667789,-0.09563763,-0.08758788,-0.10114004,0.07793098,0.033657152,-0.072579645,0.01877253,0.06424562,-0.009507261,0.026263008,0.319951,0.15582246,0.5177325,0.22474456,0.01721429,0.025489803,0.07458281,-0.071579054,0.0897472,0.023177344,0.068393804,0.0971387,0.053973027,0.0199026,0.25438783,0.15201464,0.40681452,0.37277254,0.4562155,0.23996179,0.06551265,0.2307555,0.29517087,0.2638722,0.12590677,0.08405015,0.5491409,0.031447027,0.26500517,0.10446446,0.10826527,-0.003466824,0.15870917,0.36170322,0.00194273,0.059740923,-0.17187218,-0.14353259,-0.057173114,-0.05304269,0.14877181,0.35120708,0.2870684,0.26268935,0.08140271,0.022500187,0.033088583,0.22659612,-0.17326225,0.011071904,0.0038125692,-0.2609683,0.079523385,0.02938246,0.1988485,0.20342116,-0.22711049,-0.040649977,0.05574563,-0.086408176,0.11960855,-0.01662049
0.37059677,0.3805449,0.42572793,0.37205437,0.37003887,-0.25163814,0.3227053,0.40817145,0.21107388,0.110316165,0.13169919,1.0,0.44536334,0.6332908,-0.24432959,-0.2517767,0.44473836,0.62635094,0.209614,0.26995215,0.41734585,-0.026621796,0.116846904,0.4993933,0.13593258,0.11641741,0.37074456,0.13085927,0.33643362,0.44980013,0.34398115,0.2570116,0.09850357,0.30781764,0.41209832,0.18376428,0.44027284,0.31618482,0.2948382,0.20760052,0.24473159,0.10165907,0.29389054,0.26576158,-0.08293174,-0.17751595,0.04915281,0.16611873,0.217569,0.059235483,-0.026821306,0.027973814,0.1592653,0.09057468,0.008499337,0.19580823,-0.047529414,0.12007137,-0.2314804,-0.16095535,-0.10123996,0.11252728,-0.18614848,0.09684244,0.080036834,0.09775462,-0.0029275652,0.01674725,0.13440198,0.2469281,0.2566107,-0.023515854,0.5211417,0.69163966,0.36348766,0.27873355,0.36567184,0.54911846,0.2888122,0.4686109,0.17385584,0.17926365,0.25920638,0.24162534,0.2089687,0.049688794,0.005369172,0.02675514,0.010026396,-0.068868406,-0.17902361,-0.15445879,-0.14867647,-0.17935196,0.38454005,0.18363094,0.04709909,0.1209438,-0.041832358,-0.042901695,-0.048725653,-0.28021064,-0.018919732,0.18764593,0.08956554,0.07101004,-0.11099369,0.32023612,0.10291299,-0.1717921,-0.08590798,0.15065025,-0.2909716,-0.21102521,-0.31541878,0.2549311
0.5789563,0.17022917,0.5953726,0.54740083,0.19298281,-0.1491683,0.3802849,0.4896003,0.5017371,0.30864868,0.4366011,0.44536334,1.0,0.47430542,0.19090919,0.021231923,0.5956698,0.44404462,0.4275526,0.40886024,0.5812165,0.24272065,0.28941828,0.35827103,0.08468353,0.3539893,0.36291954,0.061658043,0.6357527,0.24068646,0.3060224,0.37544617,0.40706137,0.4381559,0.35357085,0.19685109,0.5078307,0.3677006,0.3769213,0.41492364,0.31327936,0.2935261,0.009771379,0.03914211,-0.015419424,-0.0484679,-0.003601327,0.1224288,0.23710777,0.026808988,0.04399903,0.15778422,0.13591217,0.01427516,0.1370076,0.19505507,0.39885348,0.021758495,-0.17695563,0.057577327,0.12302571,-0.10329492,0.19686024,-0.069069214,0.12905645,0.07089975,0.06735915,0.007169469,0.2682281,0.2541301,0.4710948,0.35406226,0.6025744,0.4469724,0.17912939,0.3961262,0.32240275,0.523211,0.39873815,0.25562665,0.52629185,0.10564715,0.10180562,0.15470645,0.33821008,0.00033148754,0.08397245,0.08307028,0.11489713,-0.072458126,-0.17475823,-0.15143776,-0.15648438,-0.19926323,0.19968085,0.41999426,0.21958995,0.22331913,-0.018345805,0.029521668,0.09225759,-0.010206653,0.14043878,0.21655382,0.2515721,0.13448158,-0.14166996,0.20566048,0.27079403,0.07878746,-0.20801538,0.12536566,-0.093314596,-0.103543214,-0.15988977,0.2954135
0.32572666,0.246581,0.39023986,0.27488416,0.36219692,-0.09774931,0.37443712,0.24537411,0.30214027,0.07876246,0.2892314,0.6332908,0.47430542,1.0,-0.13521747,-0.14148414,0.33829176,0.47691074,0.27287745,0.17661798,0.37275943,-0.03867001,0.12243136,0.2845531,0.07416357,0.077294625,0.40746504,0.18856688,0.32854715,0.32806128,0.25419557,0.067130245,0.26416743,0.32013056,0.36103973,0.25244108,0.40761063,0.27106258,0.2638794,0.1938341,0.2209226,0.1699069,0.124106616,0.20295393,-0.019346526,-0.22144891,0.06627247,0.23195459,0.13607663,-0.031231798,-0.06414705,0.025709303,0.08909116,0.100931175,0.19414555,0.3308057,0.122809134,0.32681265,-0.06274545,-0.002376304,-0.0853692,0.11301539,-0.31052223,0.27495313,0.058104157,0.09260512,0.07108537,0.058964822,0.08616103,0.11521728,0.42973548,0.112385385,0.50741476,0.6023686,0.28998727,0.15331155,0.36943778,0.4883676,0.3549072,0.23731689,0.1413712,0.15088706,0.17569467,0.22141948,0.17875056,-0.047837418,-0.119290516,0.12505145,0.101788945,0.00299967,-0.12489479,-0.20928025,-0.08222434,-0.13380042,0.45104837,0.20707457,0.031222723,0.29456106,-0.07595226,0.027324747,0.07665889,-0.053392638,-0.12193192,0.08591017,-0.00823562,-0.024894236,0.00081090105,0.1410334,0.18178417,-0.004524264,-0.07007093,0.10309739,-0.26790643,-0.30956683,-0.2509279,0.0921042
0.18188792,-0.0026531166,0.1436698,0.13600323,0.020355066,0.19440037,0.20400847,0.14311905,0.26584086,0.28511629,0.19728065,-0.24432959,0.19090919,-0.13521747,1.0,0.41812357,0.14023116,-0.1230786,0.19950713,0.140203,0.030601108,0.22310695,0.20052283,-0.035578683,0.07340046,0.29856828,0.13295886,-0.004371078,0.2997798,0.06037118,-0.0335929,0.18854052,0.06764505,0.08753285,-0.13847852,-0.07649508,0.048874725,0.1523107,0.05799876,0.08973506,0.052244,0.18857712,-0.008268864,-0.17020729,0.24936086,0.07188063,0.09283699,0.027495516,-0.008388147,-0.059809055,0.24875385,0.2144787,-0.048256613,0.092837594,0.24390519,0.036331613,0.2353211,-0.06581276,0.25671163,0.23002756,-0.057686996,0.10165626,0.12459761,0.039057042,0.007605728,0.13334537,0.095597275,0.022850178,0.029540239,-0.03486199,0.030241465,0.2699156,-0.022038374,-0.1605544,-0.05389538,0.029384572,0.027010076,-0.072125904,-0.018671542,-0.05970547,0.31757915,0.13861318,0.1371273,0.025707886,0.14942473,0.13961273,0.03171483,-0.02858682,0.21248603,0.119681366,-0.14284033,-0.06997331,-0.012409252,-0.10113648,0.08332705,0.06877424,0.050341778,-0.06740277,-0.0739963,0.13979456,-0.03389273,0.003845683,0.06378807,0.07212091,-0.013268514,-0.047889728,0.061845995,-0.21356064,0.09101662,0.26129416,-0.11924249,-0.13245293,0.1772684,0.13416141,0.17365214,-0.06705094
0.27714753,0.19318196,0.039056838,0.21607673,0.007334215,0.09878575,0.3274902,0.2286388,0.27931008,0.15094633,0.23725292,-0.2517767,0.021231923,-0.14148414,0.41812357,1.0,0.16733937,0.07717588,0.3413827,0.22380725,-0.08558536,0.3365776,0.40762892,0.020267244,0.07301184,0.01563572,-0.06991327,-0.024209365,0.13100679,-0.06612971,0.13919105,0.45247266,0.2079626,0.24951738,-0.12000475,-0.022471964,0.15198489,0.11986489,0.14244854,0.25417414,0.10847102,0.24316324,-0.07284776,-0.18484935,0.104270525,-0.039627016,-0.09727796,0.011044806,-0.19556534,0.06681163,0.026027638,0.07058705,-0.1085903,-0.06565863,0.088059925,0.17434217,0.23322684,0.13526571,0.2526807,0.17528538,-0.11405625,0.010924684,-0.030333886,0.05117818,-0.1275269,0.025580643,-0.0105641745,-0.084344275,0.116056964,-0.11571621,0.029235456,0.34896278,0.06356329,-0.2590762,0.039781347,0.24319826,0.07432222,-0.021024503,-0.11438595,-0.023582125,0.20220654,0.22895095,0.024658594,-0.112598546,0.041193016,0.22326082,0.26682168,0.081909,-0.00796,0.20615205,0.14611039,0.11084803,0.13340513,0.10003543,-0.15047358,0.06959719,0.21356463,0.10912329,0.14959131,0.1022588,0.07957616,0.022625666,0.19376354,0.12334575,0.2094332,8.716551e-05,0.09767277,-0.082248464,0.19234844,0.1542449,-0.2057195,-0.12780188,0.29950872,0.28585047,0.314864,0.086255535
0.6658785,0.2408823,0.47929472,0.6025859,0.26745397,-0.23198247,0.36833832,0.44780424,0.4665276,0.3051107,0.3229652,0.44473836,0.5956698,0.33829176,0.14023116,0.16733937,1.0,0.5368423,0.42608386,0.41929686,0.50900614,0.35122788,0.38650224,0.42869645,0.13513796,0.20600158,0.29495388,-0.004812816,0.5788826,0.3566648,0.36985284,0.47451547,0.4875504,0.55613726,0.36903378,0.2929638,0.57761836,0.41225132,0.47943836,0.5225104,0.24748318,0.3223726,0.20155634,0.10704196,-0.16259189,-0.119281515,0.110957265,0.25107467,0.24316879,0.16074213,0.054851145,0.15786631,0.1656677,0.11170531,0.17006446,0.28170317,0.39852178,0.025388679,-0.1424174,0.0039977473,0.2058282,0.07048496,0.16089584,-0.07885635,0.10300161,0.1699877,0.015109137,0.12671833,0.40492114,0.39840677,0.27442226,0.18300945,0.532692,0.3993388,0.08109964,0.36023647,0.30898598,0.62916005,0.47464517,0.47979838,0.5529771,0.18955041,0.13213657,0.12617028,0.38412786,0.17914459,0.14831766,0.024466742,0.011428329,0.023500737,-0.22920392,-0.1820289,-0.13101226,-0.13139129,0.15521048,0.45402434,0.37112078,0.23138575,-0.015502379,-0.08846038,0.12677701,-0.24521773,0.18664017,0.23880346,0.26860535,0.14797331,-0.17269015,0.24705192,0.30670735,0.18604064,-0.10768201,0.21326762,-0.11008543,-0.0040727775,-0.004035773,0.23881784
0.48372355,0.30944443,0.2640992,0.42537242,0.32529157,-0.24016096,0.20319422,0.25742763,0.43516177,0.21993212,0.26653552,0.62635094,0.44404462,0.47691074,-0.1230786,0.07717588,0.5368423,1.0,0.25422496,0.19134466,0.448326,0.13864721,0.1762699,0.37729824,-0.035267804,0.124622524,0.33641267,0.11162717,0.39949784,0.3164544,0.3512762,0.3602098,0.2958592,0.42673483,0.26833487,0.10118954,0.5352696,0.36813208,0.3288728,0.41879275,0.24014084,0.23672156,0.24111708,0.09782474,-0.059290286,-0.12624456,0.06762717,0.13339545,0.17949717,0.010466134,-0.0727829,0.074454084,0.20879601,0.13011983,0.19383173,0.33802605,0.27412564,0.28309554,-0.19793372,-0.11843413,-0.028910134,0.023508424,-0.14746055,0.04473748,0.043447524,0.07265053,-0.0065192035,-0.04174675,0.15007684,0.16573128,0.19899815,0.042400893,0.42061648,0.45144343,0.24601091,0.27248278,0.14801979,0.3998462,0.23143631,0.45157284,0.27338716,0.1912039,0.10275888,0.16897151,0.29950097,0.047226448,0.106647484,0.06652612,0.015515372,-0.04220815,-0.15426916,-0.07402064,-0.08980675,-0.07771897,0.29040372,0.3945016,0.31422186,0.33252817,0.11724749,-0.002986232,0.041657843,-0.25755745,0.11219382,0.14477743,0.24466325,0.09521819,-0.16803215,0.22064841,0.22918712,0.01399016,-0.103143506,0.14766084,-0.22588655,-0.10447396,-0.07218951,0.24241672
0.61195225,0.56484115,0.6233204,0.51529014,-0.08703138,0.057834983,0.6316332,0.5804164,0.24748084,0.14438811,0.5312678,0.209614,0.4275526,0.27287745,0.19950713,0.3413827,0.42608386,0.25422496,1.0,0.6658845,0.23108234,0.34013748,0.73402774,0.33671618,-0.026506258,0.0022479622,0.12415082,-0.109353326,0.42940927,0.23414633,0.42621988,0.44961432,0.5479041,0.597374,0.29069835,0.2721918,0.5669744,0.60318786,0.56228155,0.57308465,0.35669664,0.500093,-0.014731359,-0.06891717,-0.03831757,-0.046528973,0.00027210687,0.19563766,0.07287504,0.05185376,-0.03188323,0.013926891,-0.050080106,-0.0018665004,0.3902678,0.25790554,0.53652626,0.38455752,0.093484215,0.14534104,0.14942726,0.023919031,0.12370112,0.18665168,0.060210284,0.111430176,0.19475442,0.18931949,0.63010573,0.43487766,0.49158219,0.54424995,0.5201786,0.3717909,0.27317366,0.42759246,0.52094877,0.40360343,0.26514414,0.18523607,0.59295017,0.30226055,0.1950846,0.045449574,0.22779712,0.0983252,0.28653985,0.28541678,0.11262037,0.19233909,-0.1065451,-0.16185747,-0.040910494,-0.07897971,0.16385442,0.28588772,0.2822757,0.21267433,-0.03059584,0.07835815,-0.00999769,0.056752667,0.022722766,0.21400721,-0.031139433,-0.15362173,0.06439744,0.059090827,0.27839804,0.33420855,-0.37548536,0.040526852,0.09510234,0.02701793,0.10879356,0.028929519
0.5527293,0.5876651,0.6770459,0.63493484,-0.10207749,-0.044852898,0.569426,0.6285836,0.1554743,-0.008650674,0.2824002,0.26995215,0.40886024,0.17661798,0.140203,0.22380725,0.41929686,0.19134466,0.6658845,1.0,0.19543968,0.3005056,0.5720766,0.39349133,0.1369922,0.021632891,0.028703034,-0.14995657,0.39495316,0.22567147,0.2966899,0.35632876,0.3133027,0.53495777,0.32040298,0.25244722,0.4240059,0.39550456,0.38970974,0.4004762,0.5064487,0.42652896,-0.031893596,-0.05963685,-0.019994084,-0.05830196,-0.05452089,0.115069225,0.038299907,0.07105991,-0.0508611,-0.03923341,-0.034362674,-0.037321854,0.1297799,0.030550167,0.22590847,0.17201674,0.028638845,0.17197889,0.049032915,-0.016993938,0.200554,0.04869845,-0.018292094,-0.007622291,0.16529801,0.12441504,0.61454093,0.4833612,0.32295093,0.3709795,0.45277184,0.34866354,0.38395244,0.491909,0.5423145,0.4761111,0.21457204,0.2839861,0.4418902,0.33945513,0.13386755,0.031474467,0.20130457,0.098575495,0.22247964,0.21660362,0.09073655,0.22344837,-0.03870685,-0.11043673,0.0076339315,-0.10291161,0.020316195,0.09618766,0.14350648,-0.013006646,-0.113873996,0.023890758,0.0438417,-0.012071463,0.13074888,0.1617293,0.04401275,0.048116878,-0.0011197898,0.1857245,0.061204158,0.10133676,-0.2885384,0.07442483,0.0715456,0.1453341,0.0872028,0.15311559
0.3811462,-0.02055116,0.32547218,0.39913937,0.25576872,-0.23533058,0.09515023,0.2896145,0.5396344,0.36216787,0.4266634,0.41734585,0.5812165,0.37275943,0.030601108,-0.08558536,0.50900614,0.448326,0.23108234,0.19543968,1.0,0.25984395,0.08834682,0.24076767,0.101708815,0.3605122,0.33586955,0.06485733,0.5187644,0.24350923,0.28086793,0.27505907,0.29423776,0.2732014,0.11122084,0.18504342,0.43175784,0.33647102,0.33263364,0.31965557,0.110215634,0.2050302,0.10252058,0.09409566,-0.20508796,-0.11553528,0.053075068,0.047228254,0.25555462,0.0093476,0.06836456,0.24811028,0.31764385,0.17845145,0.1358871,0.088002644,0.30789244,-0.05383092,-0.2977458,-0.11490204,0.10765806,-0.17197789,0.05080755,-0.20388721,0.00046843052,0.0874644,-0.116085954,-0.09529441,0.090841286,0.18898083,0.3721099,0.14847922,0.5557553,0.47644007,0.15157558,0.17133902,0.13988848,0.38123623,0.2977316,0.2966401,0.40439948,-0.073364854,0.2445192,0.23645556,0.27975023,0.028845206,-0.14251256,0.116130196,0.1052412,-0.17109509,-0.26390254,-0.25656956,-0.37770078,-0.1990439,0.2091473,0.4007433,0.16805637,0.15442765,-0.0036932353,-0.042509064,0.0932409,-0.051746998,-0.07652519,0.06824222,0.17357118,0.07704895,-0.058519803,0.17994092,0.2346144,0.05048757,-0.15496424,0.029069973,-0.2770818,-0.20457423,-0.15389751,0.26249138
0.41342586,0.14401247,0.17984085,0.24830431,0.037937287,-0.017459821,0.2602182,0.18927518,0.32302377,0.2446716,0.15558131,-0.026621796,0.24272065,-0.03867001,0.22310695,0.3365776,0.35122788,0.13864721,0.34013748,0.3005056,0.25984395,1.0,0.31067258,0.15696625,-0.036437,0.23532116,0.21714963,-0.24885501,0.38392678,0.2285118,0.17222041,0.33073005,0.35897675,0.38490596,0.1702586,0.19079696,0.296305,0.1938171,0.29693404,0.30723917,0.30472064,0.28332198,0.06255145,-0.0024527237,-0.080959894,0.12917237,-0.06399428,-0.0336978,-0.059552144,0.06673619,0.028606473,-0.06504448,0.009826182,-0.101028636,0.19799015,0.1553685,0.27483115,-0.028405787,-0.092316695,0.06647465,-0.097642474,-0.086680576,-0.028139964,-0.0076306737,-0.0799269,-0.022710474,0.07005676,0.022401305,0.22635859,0.12103788,0.114697695,0.2043817,0.26403543,0.15091336,0.040479027,0.26853088,0.05621126,0.28068948,0.20427705,0.16722427,0.28567347,0.26124352,0.014382993,0.05270595,0.17766434,0.046759743,0.1560327,0.18713531,0.11037607,-5.2334388e-05,0.041513193,0.047199003,-0.016478488,-0.09595832,0.07026394,0.13448073,0.2135393,-0.03502784,0.040054407,0.17686783,0.109586194,-0.190031,0.25344494,0.2452187,0.019307982,0.116615035,0.07280373,-0.08996905,0.18100642,0.18369538,-0.28362727,-0.040700585,0.015126199,0.2077933,0.0982406,0.06198314
0.49680334,0.518349,0.5193617,0.49017262,0.0013444371,0.03184007,0.557519,0.52462906,0.22079284,0.08068406,0.3222719,0.116846904,0.28941828,0.12243136,0.20052283,0.40762892,0.38650224,0.1762699,0.73402774,0.5720766,0.08834682,0.31067258,1.0,0.37077737,0.068430275,0.043837152,0.0015563669,-0.13366319,0.25090623,0.20227557,0.49110633,0.5024066,0.5148032,0.5597254,0.26329455,0.088077046,0.49917045,0.39956298,0.50179946,0.50758415,0.28228375,0.3964852,0.056627713,-0.0064575463,-0.019213125,-0.044013944,-0.04237524,0.15026727,-0.018283645,0.13832249,0.001577174,0.032733224,0.020254442,-0.061963376,0.33036736,0.26803795,0.41207108,0.2929543,0.07664344,0.22141139,0.13649155,0.06950831,0.067900516,0.14950341,0.03212151,0.06943188,0.2752517,0.15909398,0.55836535,0.40620762,0.3436379,0.44389835,0.34304002,0.19039227,0.2232776,0.385936,0.40335366,0.27073094,0.1471634,0.19469687,0.44135052,0.32867146,0.1964068,-0.033324827,0.21064898,0.18702918,0.35246506,0.16208443,0.022251759,0.09980032,-0.022599373,0.013502271,0.04166631,0.012523905,0.043916237,0.22333533,0.31292558,0.17406964,0.00029892975,0.03962702,0.006212886,0.049291503,0.14156117,0.3146126,-0.007713603,-0.034145817,0.08298083,0.021525761,0.26371974,0.31864837,-0.24483834,0.0709363,0.10080476,0.11792343,0.23374893,0.041456915
0.36901683,0.33552113,0.47040722,0.45044842,0.1986649,-0.09058068,0.4031552,0.5184839,0.22079578,0.24376208,0.013636062,0.4993933,0.35827103,0.2845531,-0.035578683,0.020267244,0.42869645,0.37729824,0.33671618,0.39349133,0.24076767,0.15696625,0.37077737,1.0,0.03217701,0.09087192,0.18499297,0.00012897665,0.31991604,0.38785368,0.33200258,0.4224952,0.23015472,0.39734295,0.28970194,0.117176734,0.38643113,0.23783545,0.29093948,0.2595465,0.2079736,0.08131901,0.2123212,0.054444175,0.04986396,0.007762475,0.012405993,0.14861809,0.22867218,0.19912285,-0.028332738,0.06834297,0.23641425,0.046463728,0.050270505,0.1401671,0.06754416,0.017850837,-0.13065913,0.03676296,0.07548822,0.05578821,0.0039774235,0.055220306,0.12236351,0.12116185,-0.05947617,0.10350227,0.26575723,0.28233153,0.23564476,0.11585974,0.44484514,0.4811798,0.19192627,0.36751577,0.35008147,0.42127088,0.2091411,0.42376974,0.21132897,0.2655815,0.26449716,0.116463386,0.25574416,0.18869181,0.046275306,0.054383907,0.061233427,0.027459295,-0.11379647,-0.043000285,-0.0735772,-0.058976665,0.26500282,0.15209398,0.14330763,0.10011263,-0.010633142,-0.0021855382,-0.036373377,-0.34107527,0.047819935,0.29241523,0.14639296,0.13248326,-0.2666571,0.26064196,0.27484736,-0.03382438,-0.04653173,0.16079378,-0.028488068,0.12159984,-0.15668969,0.22090466
0.0020863945,0.12856247,0.16114746,0.13692304,0.14547658,-0.14535657,0.14015803,0.26116377,0.09794613,0.01014328,0.059816852,0.13593258,0.08468353,0.07416357,0.07340046,0.07301184,0.13513796,-0.035267804,-0.026506258,0.1369922,0.101708815,-0.036437,0.068430275,0.03217701,1.0,0.26944306,-0.034915384,0.062018882,0.0050545675,0.0026471764,0.10089224,0.20011598,-0.1427294,0.026201122,0.014994205,-0.02587456,0.09016889,-0.028231775,0.108209565,-0.007789389,-0.0038224617,0.0018730706,0.15234995,0.18768916,-0.16132078,-0.12050899,-0.050024036,0.01703367,-0.12762845,0.09648222,0.20162456,-0.013563495,-0.10940346,0.041488193,-0.21823545,0.013798988,-0.2224047,-0.19978027,-0.036555916,-0.03504567,-0.062867224,-0.03244553,0.017024998,-0.13620666,-0.13588125,-0.032112792,-0.062753394,-0.1270502,0.06206859,0.1290212,0.06023337,-0.0213679,0.22624576,0.047486227,0.12865883,0.1105934,0.17061974,0.19524612,-0.021475082,0.15553856,0.090125985,0.13377921,0.25265604,0.14368066,-0.027544158,0.30564064,0.0854841,0.05790108,-0.039521165,0.057551023,0.036179733,-0.006063634,-0.034966685,-0.10805751,-0.04847499,-0.05292818,0.01848105,-0.11294901,0.022111893,-0.12401792,0.09751141,-0.02200126,0.09611238,-0.14144574,0.13767686,0.040701024,-0.022105306,0.13670778,-0.20554197,-0.12119382,0.021338902,0.036898494,0.023337267,-0.028057255,-0.09192714,0.2285494
0.18831608,-0.14549375,0.1105049,0.16824664,0.11002163,-0.17581104,0.054714356,0.08947316,0.29108998,0.2377347,0.10141988,0.11641741,0.3539893,0.077294625,0.29856828,0.01563572,0.20600158,0.124622524,0.0022479622,0.021632891,0.3605122,0.23532116,0.043837152,0.09087192,0.26944306,1.0,0.2442345,0.02866075,0.30406684,0.08548997,0.07517157,0.17566495,0.1166659,0.14128877,-0.012597112,-0.12536362,0.14265426,0.0638088,0.10592195,0.08620443,0.030471286,0.0140506085,0.058122065,0.13488899,-0.08559299,0.14641511,0.042460386,-0.090990774,-0.057982843,-0.0058004046,0.242327,0.25487977,0.19394453,0.12736718,0.047853418,0.030641638,0.110869765,-0.22234963,-0.14692533,-0.015343362,0.028816262,-0.066690065,0.06958899,-0.07756341,-0.07620835,0.029266715,0.049775694,-0.12387942,-0.014451994,0.037287742,-0.008823481,-0.029228859,0.2152898,0.103141144,0.0125489095,-0.0013437256,-0.077160664,0.056788877,0.17935298,0.09348167,0.17189841,0.100164704,0.16408679,0.043920264,0.16023582,0.06791664,-0.11180809,0.016416017,0.21301329,-0.15774797,-0.029098107,0.061764326,-0.1773322,-0.18326807,0.053327635,0.23146422,0.09010502,0.004330871,-0.003979796,0.15687539,0.016451344,-0.037508246,0.23674022,0.07634077,0.10833341,0.08348657,-0.012883774,0.007550737,0.08176158,0.0582133,0.018085707,-0.041167084,-0.1671811,0.08397177,-0.08386193,0.25797412
0.21108936,0.012589113,0.18090585,0.010610541,0.4364262,0.015415524,0.1841432,0.079262465,0.19465284,0.2773247,0.15464205,0.37074456,0.36291954,0.40746504,0.13295886,-0.06991327,0.29495388,0.33641267,0.12415082,0.028703034,0.33586955,0.21714963,0.0015563669,0.18499297,-0.034915384,0.2442345,1.0,0.25947455,0.35696408,0.20956156,0.13910668,0.12988208,0.15661238,0.10608278,0.28595597,0.11486462,0.2975636,0.35534883,0.19404674,0.20300624,0.07359094,0.21370299,0.2069377,0.23464936,-0.028440053,-0.12225487,0.2415517,0.2859712,0.16312785,0.020292427,0.15259959,0.033664003,0.17223854,0.14426373,0.26851186,0.35682482,0.080266595,0.065067716,-0.027666368,-0.01384475,-0.06445018,0.1794376,-0.14820589,0.16951935,0.054615762,0.09604235,0.12861744,0.10062354,0.092905134,0.023757987,0.053526968,-0.046675574,0.4240539,0.39850137,-0.06251165,0.024367211,0.03966908,0.3443159,0.26306137,0.077992156,0.181975,0.25669822,0.13964489,0.37062123,0.22115812,0.16432646,0.032621697,0.0514378,0.21287954,-0.016308118,-0.14481822,-0.080535814,-0.05969527,-0.15281965,0.38269085,0.20343244,0.1814115,0.21916099,-0.14619552,0.08186435,-0.008453561,-0.2485391,0.07275325,0.20891356,0.028482405,-0.028378012,-0.13361357,0.16514646,0.037100717,0.12109574,0.1065066,0.019568292,-0.21842849,-0.16364442,-0.09642915,0.14150792
-0.11237161,-0.04435567,0.053900905,-0.06593234,0.3597108,-0.06244395,-0.03891983,0.04168464,0.051865328,0.16398297,0.005341087,0.13085927,0.061658043,0.18856688,-0.004371078,-0.024209365,-0.004812816,0.11162717,-0.109353326,-0.14995657,0.06485733,-0.24885501,-0.13366319,0.00012897665,0.062018882,0.02866075,0.25947455,1.0,-0.030500997,0.0010859017,9.432052e-05,0.07666689,-0.11704079,-0.07379388,-0.003298065,-0.008987228,0.10493022,0.1163147,-0.055305015,0.0056425445,-0.16395019,-0.0016502759,0.041944396,0.039148763,-0.022648439,-0.11688267,0.1747139,0.096832626,0.20426618,0.08256756,0.08560252,0.176856,0.028266268,0.26835838,-0.0423814,0.24946891,-0.07697875,-0.058470797,0.1936019,-0.118427835,0.11050203,0.18731628,-0.08879102,-0.017808966,0.008742098,0.20329164,0.038875606,-0.09448735,-0.14693059,-0.13977702,-0.004278539,-0.06972697,0.14411677,0.098669074,-0.028427327,-0.007750504,0.02751292,0.0018912302,-0.047904186,-0.010237473,-0.05471289,-0.050450142,0.18972203,0.1693482,0.12209775,0.19370987,0.07650336,-0.19778508,0.03977285,-0.037408795,-0.101651676,-0.1771916,-0.10729161,0.17340724,0.10890038,0.028410688,0.050092224,0.09594858,0.02627539,-0.04948073,0.030210512,-0.062345073,0.08331185,-0.19677517,0.13012777,0.08909216,-0.11855173,0.10173955,0.12858842,-0.05090003,0.18306965,-0.03226779,-0.0461201,-0.22985877,0.010721141,0.14498517
0.5260942,0.17903128,0.5363474,0.5109392,0.16209997,-0.006095795,0.33758378,0.41801828,0.4853667,0.37358847,0.37751958,0.33643362,0.6357527,0.32854715,0.2997798,0.13100679,0.5788826,0.39949784,0.42940927,0.39495316,0.5187644,0.38392678,0.25090623,0.31991604,0.0050545675,0.30406684,0.35696408,-0.030500997,1.0,0.31506407,0.14310177,0.37964496,0.30345228,0.38789552,0.17911977,0.17072639,0.39594254,0.46900073,0.33429143,0.32809928,0.2973831,0.35794184,0.058820315,-0.05984791,0.03661949,-0.13559529,-0.02456421,0.041106217,0.20130454,-0.050448623,0.11873893,0.08190251,0.18190822,0.03821186,0.20864698,0.13415287,0.31494492,0.002439245,-0.05110137,0.08976028,0.044725046,-0.04880051,0.11410303,-0.09580048,0.059854165,0.11783127,-0.0916745,-0.048081968,0.22728774,0.1160271,0.39375833,0.30353227,0.47118318,0.47579068,0.16262338,0.29829988,0.28177926,0.49412733,0.34953538,0.2627542,0.5152623,0.16204998,0.13757819,0.28336695,0.30211586,-0.0005954148,0.056916878,0.1311406,0.15038776,0.034024257,-0.33856755,-0.24818368,-0.12776546,-0.15666227,0.21045133,0.25855383,0.10815056,0.03220772,-0.10938877,0.17513117,-0.02382117,-0.15939309,0.09081183,0.18047066,0.20986927,0.035389945,-0.06640104,0.06565363,0.20911977,0.031913552,-0.24989647,0.011713887,0.05264406,0.0066542295,-0.10836989,0.20021224
0.3286335,0.2598018,0.34442112,0.23010963,0.25748947,0.06042149,0.36327988,0.28809986,0.2743435,0.23400605,0.050115064,0.44980013,0.24068646,0.32806128,0.06037118,-0.06612971,0.3566648,0.3164544,0.23414633,0.22567147,0.24350923,0.2285118,0.20227557,0.38785368,0.0026471764,0.08548997,0.20956156,0.0010859017,0.31506407,1.0,0.17252474,0.20888914,0.18504731,0.37835884,0.30197924,0.19980216,0.37167382,0.19678664,0.28186294,0.1404458,0.27989683,0.077050604,0.15704995,0.119769715,0.14060803,-0.08336649,0.087850675,0.07272622,0.20977451,0.16740352,0.056329988,-0.003233058,0.049018387,-0.10381162,0.15939234,0.12166935,0.060000915,0.1265296,-0.02937281,-0.034736916,-0.12863562,0.27362517,-0.16881345,0.08037272,0.1859085,0.19413397,-0.051919207,0.099702835,0.1445873,0.14811136,0.26723647,0.15342869,0.20382737,0.5999158,0.30384347,0.18775237,0.35059407,0.3334564,0.14190444,0.32643023,0.17708567,0.3211635,0.17636582,0.23029713,0.14569312,0.044742268,0.028946225,-0.06487069,-0.012016436,-0.11506745,-0.37241307,-0.26681012,-0.26329115,-0.28672802,0.43968216,-0.0010670195,0.028353613,0.025174031,-0.15023139,0.0524021,-0.22851612,-0.28261393,-0.05976848,0.20757385,-0.14887904,-0.007146589,-0.124870256,0.20337419,0.16242176,-0.053006224,-0.2631379,0.003075834,-0.011336836,-0.011098813,-0.24564761,-0.058739457
