1.0,0.8899417,0.8827293,0.8846881,0.85790455,0.87714916,0.8835014,0.8864695,0.8757802,0.87441736,0.8867504,0.8835628,0.8846029,0.86965054,0.8494044,0.8531296,0.87979776,0.88459384,0.8895316,0.88919705,0.8802043,0.87411857,0.8784543,0.8542554,0.8091065,0.85896546,0.8733771,0.87521017,0.87417775,0.8618938,0.87349695,0.8788691,0.8877837,0.88821006,0.8857798,0.8801093,0.8819738,0.88449854,0.8768954,0.88037956,0.8812102,0.883432,0.8696403,0.8743471,0.68081987,0.5934678,0.87924767,0.8832086,0.57713354,0.4274516,0.5592341,0.21578409,0.24893071,0.07282456,0.86347055,0.85809374,0.8883308,0.87498695,0.5912095,0.3922646,0.86404634,0.75217605,0.8671659,0.876043,0.69008553,0.6556055,0.8509041,0.8634198,0.7877805,0.84761494,0.8832133,0.8854162,0.8811897,0.8836197,0.87581545,0.8848439,0.8887306,0.883414,0.8812574,0.88820827,0.8716715,0.87617683,0.8726486,0.8545577,0.87141323,0.87721854,0.8683181,0.8407075,0.87237746,0.87801766,0.8292023,0.8284522,0.68299305,0.6489148,0.80017436,0.5601763,0.8532278,0.84319603,0.8504642,0.85777056,0.6131513,0.52066356,0.7592845,0.21898057,0.83614105,0.7738547,0.80265516,0.84168714,0.35959214,0.7484946,0.85977006,0.79332966,0.30700082,0.44833007,0.8467638,0.7336658
0.8899417,1.0,0.8778644,0.87943363,0.8542453,0.8725078,0.8790553,0.8830495,0.8727996,0.86960787,0.8817672,0.8786862,0.88072795,0.8643706,0.8430188,0.84723353,0.8727673,0.8820495,0.88837576,0.8870837,0.87649477,0.87111753,0.87326586,0.8437116,0.8006114,0.8536226,0.8717503,0.87171566,0.86733097,0.8549703,0.8670831,0.87299746,0.8849263,0.8856191,0.8832626,0.87669915,0.87613696,0.8793821,0.87190616,0.8748503,0.8768501,0.87713575,0.86944234,0.86959726,0.67830205,0.5897772,0.87424314,0.87937105,0.57712686,0.42407823,0.56104606,0.22208163,0.25014734,0.083389595,0.8564063,0.8551523,0.88801116,0.8805592,0.59513456,0.38710204,0.8627509,0.760982,0.85666084,0.8748235,0.6988926,0.64258075,0.8481678,0.86335456,0.7862157,0.85359406,0.87758887,0.8813069,0.8761206,0.8791729,0.87052363,0.87982816,0.8855927,0.878143,0.87687,0.88684726,0.86385316,0.8747746,0.8685133,0.8498004,0.86585283,0.87661797,0.8648305,0.8395219,0.86620903,0.8750599,0.8358472,0.8302335,0.68232954,0.6463477,0.79832816,0.5476626,0.8454335,0.84506506,0.84506553,0.85438025,0.60528034,0.51886714,0.75441664,0.20401113,0.83614165,0.77544475,0.81241626,0.8358063,0.35195717,0.74751204,0.8543938,0.78983146,0.304561,0.4454929,0.8470395,0.72507864
0.8827293,0.8778644,1.0,0.89168704,0.8791859,0.88880193,0.89194363,0.8910432,0.88658655,0.88675255,0.8898681,0.8899538,0.8913921,0.8858946,0.87458676,0.8739102,0.8887928,0.88773894,0.8773328,0.8887195,0.8891206,0.8875634,0.8911322,0.8804243,0.84745145,0.87741446,0.880041,0.8850227,0.8896826,0.88419586,0.8893605,0.88978904,0.8820833,0.8895588,0.88420385,0.885063,0.8910318,0.88937557,0.8887861,0.8878674,0.89079523,0.88965625,0.8564197,0.8759651,0.69736326,0.5742699,0.88592863,0.88360757,0.5721795,0.40621755,0.5613368,0.22690049,0.25983444,0.0984064,0.87643665,0.87203175,0.8757097,0.85032547,0.5994457,0.33749095,0.85482377,0.7327539,0.8620077,0.8765962,0.6413339,0.63503873,0.823269,0.8392573,0.7385814,0.80745673,0.89087695,0.8905417,0.890999,0.8912291,0.8871596,0.88858795,0.8870321,0.8900285,0.88962466,0.88491553,0.88754946,0.8816595,0.88706976,0.87573236,0.88597745,0.87881714,0.8824115,0.86479354,0.88316935,0.88310057,0.8165406,0.8302721,0.6741417,0.66185623,0.8100959,0.5772194,0.8741036,0.851556,0.8585494,0.862465,0.6424461,0.5270113,0.77709603,0.2054278,0.8295975,0.7623421,0.7731406,0.85959363,0.3758729,0.74031794,0.86487657,0.80426306,0.29765242,0.4692904,0.85037327,0.77132416
0.8846881,0.87943363,0.89168704,1.0,0.8772707,0.88740784,0.8918954,0.89168465,0.88550514,0.88443625,0.8901552,0.8898492,0.890922,0.8831459,0.8692699,0.8696772,0.88816726,0.88723326,0.87861687,0.8890111,0.8889351,0.88693255,0.89051074,0.87748253,0.84377265,0.8779775,0.8819196,0.88576055,0.8884409,0.88127536,0.8883286,0.8894889,0.8838788,0.8898741,0.8844665,0.8847709,0.8906064,0.8891027,0.88717824,0.8869011,0.89107823,0.8895688,0.8584033,0.8765089,0.69525605,0.5812335,0.8853386,0.8832318,0.5752616,0.4095711,0.5631073,0.22507602,0.25109524,0.10077172,0.8748051,0.8682163,0.8790155,0.8534033,0.5982712,0.3467573,0.8589228,0.73664564,0.8658556,0.87781173,0.64778,0.64451283,0.8261644,0.84303516,0.74488074,0.8143982,0.8912196,0.89090633,0.89112055,0.8915202,0.8880255,0.8894743,0.8875326,0.88969666,0.8894477,0.88552094,0.8866584,0.87942475,0.8865822,0.87246907,0.88495517,0.87855005,0.8829047,0.8610307,0.88243663,0.8824972,0.81872916,0.8329013,0.6787166,0.66257644,0.80751485,0.575311,0.8702836,0.85162544,0.8579462,0.859832,0.637293,0.5332965,0.7752737,0.2090051,0.829673,0.7643524,0.77895963,0.8569687,0.37522754,0.7375271,0.86167204,0.80138826,0.29627153,0.46097082,0.85116935,0.76878744
0.85790455,0.8542453,0.8791859,0.8772707,1.0,0.87725484,0.87787634,0.87547654,0.8823794,0.87825805,0.8739514,0.87462306,0.8767228,0.87804496,0.8746549,0.87083405,0.8765302,0.87392235,0.8520696,0.87093943,0.8775438,0.8802729,0.88091,0.8740604,0.8539193,0.8723295,0.86982083,0.87614506,0.8802562,0.8792082,0.88219315,0.877273,0.8614493,0.87241894,0.8642383,0.87365705,0.8777006,0.8743812,0.87844294,0.8761209,0.87818056,0.872741,0.8285618,0.85604924,0.69796896,0.5549419,0.87195134,0.8668539,0.5738754,0.36328343,0.54198086,0.23379785,0.27106598,0.13036329,0.86990297,0.8670085,0.8492271,0.8214153,0.59645545,0.27063996,0.8256934,0.70172083,0.839784,0.8608188,0.5996506,0.593968,0.78518033,0.8092081,0.6965804,0.7734832,0.8772541,0.8763345,0.8780528,0.8767703,0.8762889,0.8712756,0.8667659,0.87561345,0.8764023,0.8652949,0.88086045,0.8683348,0.8809763,0.87319744,0.8783998,0.8639087,0.8771915,0.8689298,0.875196,0.8700404,0.79912996,0.81979847,0.66490483,0.6670737,0.8144896,0.59642094,0.871503,0.85567975,0.8429,0.8483011,0.6312513,0.52244246,0.7669164,0.17968668,0.8085492,0.7305632,0.74198323,0.8541293,0.4045742,0.7311489,0.84513146,0.7860832,0.28982934,0.45575926,0.83776414,0.7830012
0.87714916,0.8725078,0.88880193,0.88740784,0.87725484,1.0,0.88763523,0.88671553,0.88621914,0.88737094,0.88623524,0.8878777,0.8884989,0.88623625,0.87896943,0.87569803,0.88789076,0.8872475,0.8715217,0.8847071,0.88501114,0.88564503,0.88664263,0.87941045,0.8469541,0.87665766,0.8753559,0.88297004,0.88637644,0.88536805,0.8862848,0.88547075,0.8774183,0.8851883,0.8814037,0.8806575,0.88727003,0.8859629,0.8868491,0.8850652,0.887547,0.8859338,0.8515526,0.8710311,0.70183855,0.566689,0.8815595,0.88175595,0.5736759,0.3895428,0.56292105,0.24290557,0.25360507,0.097472854,0.8723292,0.8765626,0.86838037,0.84764355,0.61427873,0.3204456,0.84636366,0.7243048,0.85570455,0.8740771,0.627615,0.62421805,0.81862885,0.83019954,0.7278716,0.7987802,0.887198,0.88644195,0.88769096,0.887601,0.8821171,0.8821551,0.88382053,0.88683575,0.8857469,0.88152987,0.8850688,0.88338125,0.8825907,0.8779664,0.886272,0.8805963,0.8772973,0.86915344,0.8784806,0.8803359,0.8112504,0.82454026,0.6762708,0.6629807,0.8106322,0.567969,0.8755343,0.8479384,0.85916203,0.86280024,0.6527239,0.5133032,0.77269226,0.19445822,0.83115846,0.76168716,0.76526785,0.86073226,0.36832044,0.7441043,0.87180257,0.8047603,0.29797307,0.4763522,0.8473894,0.78112674
0.8835014,0.8790553,0.89194363,0.8918954,0.87787634,0.88763523,1.0,0.8916506,0.88607424,0.8852324,0.89022815,0.8899392,0.89132994,0.884405,0.87078017,0.87083286,0.88817364,0.88711727,0.8778398,0.8888169,0.8889377,0.88680893,0.89048916,0.8784433,0.8442892,0.87837523,0.88248354,0.88516176,0.88960236,0.8829153,0.88848245,0.8892235,0.8826208,0.8897619,0.8843098,0.8850406,0.8911943,0.88973093,0.8882348,0.88757366,0.8914053,0.8901435,0.85768485,0.87690634,0.6984411,0.57791954,0.8859283,0.88394654,0.57247883,0.40746152,0.55918735,0.23093726,0.256126,0.101014405,0.8746734,0.8689793,0.877621,0.8522601,0.6019232,0.3398024,0.8579007,0.7376911,0.8623123,0.87800723,0.6441327,0.6390338,0.82481325,0.84218276,0.7407317,0.810597,0.8912025,0.89089173,0.89125466,0.8915666,0.88827145,0.88941133,0.88729733,0.8895002,0.8898278,0.885484,0.88668984,0.88037246,0.88640606,0.87332255,0.8846329,0.8784945,0.8820602,0.86353326,0.8823774,0.8827839,0.81967556,0.83170676,0.67561215,0.6655643,0.808588,0.5729777,0.8711481,0.8502124,0.8573769,0.86073595,0.64056015,0.53284335,0.77695996,0.20291735,0.83108395,0.7642732,0.77603835,0.8578995,0.37569398,0.7368497,0.861911,0.80018497,0.29979903,0.46640533,0.85217947,0.770824
0.8864695,0.8830495,0.8910432,0.89168465,0.87547654,0.88671553,0.8916506,1.0,0.8853397,0.8836116,0.89125717,0.8903471,0.89171994,0.8822583,0.8670022,0.86691564,0.88805354,0.8880676,0.88096595,0.8900861,0.8888839,0.8856924,0.8895858,0.873708,0.8383643,0.8770764,0.88294214,0.88574606,0.88726896,0.87900436,0.88675743,0.88862157,0.8849558,0.89040375,0.8855387,0.885964,0.8903152,0.8895017,0.88648874,0.88625526,0.89039195,0.88929844,0.86150587,0.8766217,0.69581383,0.58271563,0.88556385,0.8844835,0.572776,0.41164744,0.56296325,0.2259651,0.25575542,0.09800451,0.8731541,0.8668067,0.8818608,0.85863924,0.5992452,0.3465142,0.8615383,0.741422,0.86484164,0.88044053,0.6532522,0.63874656,0.8303827,0.84737104,0.749356,0.8203789,0.89057267,0.89128476,0.8908947,0.8915353,0.8882538,0.89034605,0.8891561,0.89022624,0.89016265,0.88813645,0.88555086,0.8798482,0.8853483,0.86989444,0.884232,0.87913674,0.8809903,0.8601004,0.88206685,0.88366354,0.8243339,0.8320564,0.68061185,0.6657878,0.80642784,0.5704218,0.8681198,0.85134345,0.85875064,0.86083484,0.6344389,0.5313915,0.7719994,0.20516898,0.833151,0.7695607,0.7835884,0.85776293,0.3722588,0.73659056,0.8610518,0.7990565,0.29335034,0.4653156,0.8534,0.7681805
0.8757802,0.8727996,0.88658655,0.88550514,0.8823794,0.88621914,0.88607424,0.8853397,1.0,0.8875741,0.8845404,0.8851267,0.8863307,0.8842669,0.87653434,0.87432414,0.8847903,0.886171,0.8723861,0.8841015,0.88474023,0.88436913,0.88572335,0.87329954,0.8439856,0.8721502,0.877742,0.88223505,0.88407373,0.88045514,0.88488173,0.8837801,0.8759599,0.8834485,0.8765606,0.8788682,0.8846511,0.8834608,0.8841011,0.88383025,0.88571936,0.88255435,0.8504574,0.8669068,0.6998453,0.5778066,0.87914896,0.87982416,0.5699509,0.3820145,0.55534065,0.2265056,0.26427722,0.112119645,0.8714657,0.8740564,0.8663745,0.84668815,0.598126,0.31912345,0.8435561,0.72140396,0.8524779,0.8721176,0.6361976,0.6118932,0.8111761,0.83009636,0.72910607,0.8017066,0.88503915,0.88471013,0.885387,0.8848606,0.8785646,0.88012046,0.8808846,0.884057,0.88236916,0.87894773,0.88144165,0.8797341,0.88442546,0.87348044,0.8826674,0.8785948,0.87658376,0.8672183,0.87727183,0.8801386,0.81265444,0.8289017,0.6720628,0.65841395,0.81598985,0.57524115,0.87237906,0.85513,0.8537725,0.8624419,0.6256329,0.51673424,0.76824987,0.1741948,0.8249922,0.75364816,0.77186877,0.8554675,0.37807506,0.74793637,0.8602209,0.7949194,0.3023143,0.46920726,0.84659505,0.7731602
0.87441736,0.86960787,0.88675255,0.88443625,0.87825805,0.88737094,0.8852324,0.8836116,0.8875741,1.0,0.88474005,0.88570845,0.88608193,0.88926643,0.87981707,0.88127816,0.88621205,0.8869935,0.87041104,0.881856,0.8813478,0.88195944,0.88490856,0.8788272,0.8456409,0.86795616,0.8685428,0.87605566,0.88367635,0.88223696,0.88419336,0.8846057,0.8730983,0.88275605,0.87811387,0.87895674,0.88535684,0.8841194,0.88459677,0.8849181,0.8842815,0.88313067,0.8496432,0.8674415,0.69504637,0.5747532,0.879996,0.8825526,0.56508356,0.39182276,0.55606186,0.24298704,0.2688068,0.08908714,0.87079847,0.8783514,0.86344945,0.8431182,0.5963392,0.32789716,0.83717984,0.71803945,0.8519306,0.86950547,0.628761,0.61642456,0.81658864,0.8307279,0.72724617,0.7943974,0.88406026,0.8828389,0.88325614,0.88360244,0.87690055,0.87896013,0.8803558,0.8846655,0.88270295,0.87884766,0.8827255,0.8829849,0.88091606,0.8748186,0.8819894,0.8798606,0.873044,0.8637743,0.87454975,0.8777778,0.8083696,0.82309073,0.6691368,0.6500526,0.80916774,0.5755719,0.8762734,0.849225,0.85272497,0.8617462,0.6352512,0.503752,0.7641865,0.1964911,0.82341266,0.74765617,0.75861835,0.8573776,0.366951,0.744598,0.8680616,0.79868096,0.3016626,0.48724997,0.8397018,0.7698476
0.8867504,0.8817672,0.8898681,0.8901552,0.8739514,0.88623524,0.89022815,0.89125717,0.8845404,0.88474005,1.0,0.8909028,0.89140797,0.88308156,0.86756486,0.86735404,0.88960415,0.88877827,0.88243794,0.8894271,0.8872416,0.8828134,0.8878991,0.87309057,0.83532834,0.87428534,0.88001406,0.88268614,0.88658875,0.87794846,0.88572174,0.8884941,0.8855209,0.889579,0.8853027,0.88669664,0.88997537,0.8899307,0.8863129,0.88742024,0.88833207,0.88900554,0.86278737,0.87737495,0.6924344,0.5820691,0.88584787,0.8858551,0.57302886,0.40769947,0.5548631,0.2231709,0.25748268,0.086113,0.874937,0.8683903,0.88045913,0.8586301,0.59652776,0.35016733,0.8603078,0.7358035,0.8684294,0.8785919,0.6572375,0.6400943,0.83593845,0.8492185,0.7592134,0.8205443,0.8896554,0.8905038,0.8892357,0.88989127,0.886155,0.88993365,0.88938487,0.89045286,0.8892939,0.8879467,0.8859018,0.8802024,0.88280463,0.8684881,0.8831123,0.87838906,0.87716275,0.8574971,0.88193214,0.88334733,0.8228578,0.82566357,0.6794901,0.66139555,0.80975735,0.58123136,0.8707281,0.8503317,0.8595988,0.8640226,0.6277559,0.5218603,0.769427,0.21234635,0.8333095,0.7686195,0.77792144,0.8564876,0.37986723,0.7452051,0.86458397,0.79586107,0.29690275,0.468639,0.8524023,0.76338303
0.8835628,0.8786862,0.8899538,0.8898492,0.87462306,0.8878777,0.8899392,0.8903471,0.8851267,0.88570845,0.8909028,1.0,0.8911203,0.8866951,0.8730064,0.87259907,0.8895773,0.8895101,0.879317,0.88856304,0.88747793,0.8854674,0.8881611,0.87756985,0.8440862,0.87517416,0.8798508,0.884854,0.88772213,0.8827686,0.88708884,0.8889497,0.88418275,0.88883746,0.8849157,0.8864261,0.8899106,0.8898102,0.8881285,0.88814193,0.88874775,0.8887971,0.85745627,0.87479424,0.694302,0.57754654,0.88520044,0.8849809,0.57222444,0.40380436,0.56076413,0.22493772,0.25893047,0.084976405,0.8766064,0.8735725,0.8752004,0.85521257,0.5936797,0.33766663,0.85586196,0.7283333,0.86566013,0.8781679,0.6445015,0.63543737,0.83162934,0.8411142,0.7504166,0.81091315,0.8891466,0.88915515,0.88884383,0.8894445,0.8855099,0.88791853,0.8873143,0.8899348,0.8889504,0.88665944,0.887159,0.8832772,0.8840478,0.8750697,0.8841928,0.8787667,0.8781441,0.8638395,0.8824401,0.88234425,0.8117562,0.8220341,0.67189765,0.6645801,0.81517345,0.58613586,0.8763714,0.8510439,0.8582047,0.86616665,0.6351458,0.5165084,0.7680694,0.20696525,0.829825,0.76647353,0.76766205,0.8609654,0.37847313,0.75109637,0.8699611,0.79781014,0.30095547,0.46920577,0.8522389,0.7740405
0.8846029,0.88072795,0.8913921,0.890922,0.8767228,0.8884989,0.89132994,0.89171994,0.8863307,0.88608193,0.89140797,0.8911203,1.0,0.88476366,0.8723275,0.8702327,0.8888117,0.88894266,0.8804127,0.889387,0.8888049,0.8860738,0.8900306,0.8765088,0.84151125,0.875759,0.88049585,0.8847656,0.8877702,0.8812758,0.8877631,0.8897571,0.8843296,0.88988763,0.8852873,0.8863939,0.8903275,0.8897855,0.88754785,0.88728225,0.8897875,0.8887397,0.86102575,0.87640804,0.6976806,0.57709485,0.8852949,0.88539577,0.5743124,0.40519175,0.5565645,0.22703019,0.25589427,0.0934484,0.8749205,0.87122905,0.87849027,0.8557687,0.60113084,0.34355062,0.85744375,0.73517996,0.86299145,0.8784371,0.64879763,0.6357901,0.831389,0.8446617,0.7486888,0.81512374,0.89007825,0.8909365,0.8903427,0.8907192,0.88682795,0.8893575,0.8890984,0.8908079,0.89022464,0.88710004,0.88655275,0.8819841,0.8847478,0.87244993,0.8853022,0.8797625,0.8788696,0.862003,0.881759,0.88385665,0.8215577,0.82814413,0.67514986,0.6630145,0.8122619,0.5759761,0.87258726,0.85011107,0.85749865,0.8644841,0.6367377,0.526272,0.7707138,0.20887601,0.83399665,0.76806885,0.7775156,0.85960156,0.37699586,0.7461206,0.8670849,0.8005266,0.29534987,0.47009036,0.85227805,0.76748574
0.86965054,0.8643706,0.8858946,0.8831459,0.87804496,0.88623625,0.884405,0.8822583,0.8842669,0.88926643,0.88308156,0.8866951,0.88476366,1.0,0.88272184,0.8851243,0.8867515,0.8848095,0.8642298,0.8790419,0.88115275,0.8835931,0.8843245,0.8843211,0.85562754,0.8701965,0.86886203,0.8766978,0.8860141,0.8870778,0.8852005,0.8844024,0.86960393,0.880511,0.8758194,0.8792199,0.8853638,0.88365614,0.8856001,0.8850009,0.88378245,0.88302046,0.84325945,0.86506045,0.69635326,0.5677769,0.8807442,0.87935054,0.56021196,0.38948703,0.5549815,0.24316286,0.27132908,0.08926244,0.8730364,0.87982124,0.8566987,0.8366294,0.5947023,0.30268478,0.83158606,0.7051883,0.84985536,0.86942613,0.61287904,0.6093049,0.8080533,0.8213763,0.7144367,0.78075004,0.8833712,0.880873,0.8829207,0.8831023,0.8786713,0.8778995,0.8766752,0.88369036,0.8825671,0.8772074,0.88545823,0.88374585,0.8822558,0.87951183,0.88271,0.87581044,0.875303,0.8688964,0.8777399,0.87694216,0.79405516,0.81282043,0.6606968,0.65605605,0.8105579,0.5863935,0.882147,0.8499714,0.8551428,0.8607974,0.6418159,0.49704507,0.76864964,0.18790287,0.8176489,0.7474286,0.73810863,0.8604936,0.37044287,0.7398552,0.8675787,0.79633003,0.3026095,0.48650908,0.8410146,0.787008
0.8494044,0.8430188,0.87458676,0.8692699,0.8746549,0.87896943,0.87078017,0.8670022,0.87653434,0.87981707,0.86756486,0.8730064,0.8723275,0.88272184,1.0,0.8834708,0.87406427,0.87167555,0.8447451,0.86460936,0.8713472,0.87639815,0.8738238,0.8806035,0.8629883,0.8629147,0.85465515,0.86772853,0.8760543,0.88341933,0.877003,0.87252825,0.85301906,0.8653172,0.8611882,0.86694837,0.8720615,0.86931115,0.87906903,0.87434506,0.87110347,0.8684105,0.82166284,0.8484248,0.67932725,0.5388196,0.867888,0.86447775,0.5495602,0.36748493,0.5442338,0.2294477,0.30070555,0.08849694,0.8694847,0.8812134,0.8319399,0.8119759,0.59348065,0.27656445,0.80504596,0.67637926,0.8275775,0.84712976,0.5772058,0.5843682,0.78508043,0.78977096,0.6875624,0.7550874,0.86988604,0.8678203,0.8697889,0.86910594,0.8630967,0.8591449,0.8607622,0.8703236,0.8689207,0.85920274,0.87647736,0.87472224,0.8733898,0.8803959,0.87743825,0.8654768,0.86158633,0.8745201,0.8688293,0.8689474,0.7714448,0.7946834,0.6505711,0.65708923,0.82376766,0.5973245,0.88329005,0.8454308,0.84566236,0.8569173,0.6325143,0.4696111,0.76736045,0.19518347,0.80836064,0.73650587,0.70845747,0.85828894,0.39660472,0.7594613,0.8683774,0.7919543,0.3192244,0.4841648,0.8249226,0.78967017
0.8531296,0.84723353,0.8739102,0.8696772,0.87083405,0.87569803,0.87083286,0.86691564,0.87432414,0.88127816,0.86735404,0.87259907,0.8702327,0.8851243,0.8834708,1.0,0.8738709,0.8723377,0.8473156,0.86468476,0.8694867,0.87431836,0.8718586,0.8794855,0.8565013,0.8581631,0.85222834,0.8647674,0.87524176,0.8812467,0.8741544,0.87154585,0.85347515,0.866415,0.86298615,0.86766714,0.8727059,0.8711438,0.8781537,0.8752144,0.87057203,0.8698764,0.8215958,0.8484998,0.6669368,0.5532275,0.86854285,0.86632806,0.5489699,0.36400002,0.5481529,0.24422401,0.30828172,0.0793463,0.86747277,0.87882507,0.83555543,0.8191929,0.5772,0.28710592,0.8035046,0.67337877,0.8298637,0.85165703,0.58424973,0.59572196,0.78777355,0.7981529,0.69654477,0.76051927,0.86878884,0.8657731,0.8675493,0.868252,0.8623736,0.8595118,0.8610984,0.8697302,0.86821806,0.86264616,0.8737887,0.8766479,0.8720261,0.87887204,0.8714792,0.86429095,0.8632766,0.8685472,0.86925167,0.8651257,0.7693689,0.7902971,0.6425126,0.6424651,0.8092465,0.59893316,0.87889034,0.85042703,0.84102845,0.85024405,0.6261515,0.4685292,0.76387733,0.17643045,0.80540836,0.72417617,0.7059891,0.85734344,0.38045812,0.7424396,0.8644849,0.7883279,0.3267115,0.4721603,0.82052976,0.7857678
0.87979776,0.8727673,0.8887928,0.88816726,0.8765302,0.88789076,0.88817364,0.88805354,0.8847903,0.88621205,0.88960415,0.8895773,0.8888117,0.8867515,0.87406427,0.8738709,1.0,0.8877084,0.87375885,0.8849796,0.8847612,0.8834037,0.8867166,0.8792289,0.8448326,0.87694305,0.877343,0.88151896,0.8882969,0.8836102,0.8869261,0.88689196,0.8795135,0.8860164,0.8816954,0.8834583,0.88964444,0.8882827,0.8865868,0.8876117,0.88723797,0.8886945,0.8524415,0.8721567,0.6962817,0.57409954,0.88349116,0.88262105,0.5686834,0.40034956,0.556168,0.23375574,0.25447065,0.0841875,0.87525773,0.87192506,0.8709605,0.8470939,0.60033405,0.3189944,0.85050243,0.722917,0.8665152,0.87656796,0.6300829,0.62886226,0.82106656,0.83795685,0.73730266,0.80198276,0.8885021,0.8871917,0.88858885,0.8882286,0.885126,0.8858177,0.8855743,0.88960844,0.88815176,0.88325936,0.88804704,0.8800655,0.88354087,0.873892,0.88578117,0.8767555,0.87811804,0.8619494,0.8819563,0.88082206,0.8099891,0.8215965,0.66891974,0.66612834,0.8071978,0.58238375,0.87641364,0.84844357,0.8618563,0.86258435,0.6472326,0.5108032,0.7705239,0.20070429,0.82700527,0.7593727,0.7588863,0.8596652,0.3760475,0.73668194,0.8659677,0.79655296,0.29195467,0.48344713,0.8496151,0.7780075
0.88459384,0.8820495,0.88773894,0.88723326,0.87392235,0.8872475,0.88711727,0.8880676,0.886171,0.8869935,0.88877827,0.8895101,0.88894266,0.8848095,0.87167555,0.8723377,0.8877084,1.0,0.88183796,0.8886837,0.88540393,0.884193,0.88513684,0.87008494,0.83554935,0.87085414,0.8778053,0.8813142,0.88233054,0.8777868,0.88345194,0.8851758,0.88540727,0.88909036,0.88572496,0.8841513,0.8866305,0.88697666,0.88477767,0.8863323,0.88591206,0.88571954,0.85882926,0.8725511,0.69117486,0.58250177,0.88125384,0.88499135,0.578303,0.39848077,0.5585385,0.23259288,0.264316,0.08555024,0.8729138,0.8762866,0.87647307,0.8636563,0.60130334,0.3464478,0.8531495,0.73467696,0.8629633,0.87747186,0.6527684,0.6296253,0.8329096,0.8448799,0.75754327,0.82192457,0.88655573,0.88764846,0.8858777,0.8869364,0.8804645,0.88380075,0.8882504,0.88779616,0.8860029,0.8868866,0.8821353,0.8850452,0.88181686,0.8720503,0.88224125,0.88308465,0.87472314,0.86128765,0.8779255,0.88090515,0.8194579,0.82752144,0.67257756,0.6596015,0.815853,0.5745284,0.87204134,0.853302,0.8550212,0.8672386,0.6296173,0.50630695,0.764486,0.20005663,0.83382785,0.76384735,0.77917045,0.85610217,0.3691644,0.75686353,0.8699126,0.7979673,0.30560678,0.4743389,0.8492062,0.7633644
0.8895316,0.88837576,0.8773328,0.87861687,0.8520696,0.8715217,0.8778398,0.88096595,0.8723861,0.87041104,0.88243794,0.879317,0.8804127,0.8642298,0.8447451,0.8473156,0.87375885,0.88183796,1.0,0.88711756,0.875586,0.8676453,0.8730049,0.84527194,0.79905415,0.84957576,0.8683793,0.8685661,0.86725515,0.85427964,0.8680374,0.8747329,0.88793725,0.8850826,0.8820911,0.8782041,0.87653786,0.88089424,0.87267184,0.87804663,0.8747736,0.87700087,0.8689194,0.8722382,0.67013514,0.58524555,0.8734247,0.8815828,0.58045006,0.42140573,0.5512102,0.21119037,0.25259894,0.06937271,0.8633192,0.85835046,0.88469595,0.8781953,0.58532023,0.39849198,0.86077046,0.746983,0.8663724,0.87035596,0.69374454,0.65334016,0.8539868,0.86612433,0.8079076,0.8521622,0.8768641,0.8805796,0.8742627,0.8765919,0.8674003,0.8797353,0.8857869,0.8793128,0.8749546,0.88384813,0.8644898,0.8747084,0.8659247,0.849162,0.86475676,0.8742146,0.8583864,0.8362164,0.8677861,0.873642,0.82957906,0.8227346,0.6755153,0.63247937,0.8132195,0.5795662,0.8517828,0.8443945,0.84161896,0.86167175,0.5984018,0.51236683,0.7519453,0.21375178,0.83115333,0.7693055,0.8029678,0.8333471,0.38404235,0.7716662,0.86047286,0.7859469,0.3139219,0.4410075,0.84198654,0.7143492
0.88919705,0.8870837,0.8887195,0.8890111,0.87093943,0.8847071,0.8888169,0.8900861,0.8841015,0.881856,0.8894271,0.88856304,0.889387,0.8790419,0.86460936,0.86468476,0.8849796,0.8886837,0.88711756,1.0,0.8871756,0.88374335,0.8855421,0.86605453,0.83034974,0.86934227,0.88004655,0.8828709,0.8824838,0.8741781,0.88253015,0.8852061,0.88784736,0.8910193,0.886785,0.88519776,0.88741434,0.88847136,0.8852657,0.8865174,0.88750666,0.8875594,0.8652314,0.8761315,0.6884754,0.58070666,0.8839508,0.88556206,0.5815102,0.41095212,0.559364,0.21859017,0.25624508,0.090291314,0.87336403,0.87017566,0.883144,0.8678048,0.59267277,0.36155623,0.8607182,0.7407583,0.8660912,0.8775273,0.66621923,0.6411997,0.83677864,0.852154,0.7689463,0.83283365,0.8880521,0.88962877,0.8870201,0.88853395,0.8818935,0.88740456,0.8892758,0.88781774,0.8859873,0.88881445,0.8802867,0.8824967,0.8823145,0.8683206,0.87992764,0.88159716,0.8769263,0.8586034,0.87993836,0.88329107,0.8265155,0.8313189,0.680229,0.6573352,0.8167547,0.57756835,0.8673127,0.8545938,0.8548929,0.866048,0.6249437,0.51947135,0.7702147,0.20865764,0.83506024,0.7722851,0.7923009,0.85181695,0.37929618,0.7587833,0.8658995,0.8001262,0.30584398,0.45545742,0.8538145,0.7535669
0.8802043,0.87649477,0.8891206,0.8889351,0.8775438,0.88501114,0.8889377,0.8888839,0.88474023,0.8813478,0.8872416,0.88747793,0.8888049,0.88115275,0.8713472,0.8694867,0.8847612,0.88540393,0.875586,0.8871756,1.0,0.88667697,0.8881481,0.87436634,0.8465649,0.87763286,0.8837546,0.8872682,0.88558275,0.8791901,0.88633955,0.88799554,0.88140094,0.88659054,0.8820687,0.8843736,0.8873489,0.88603395,0.88544965,0.88447887,0.8887507,0.8864362,0.8534023,0.8717539,0.6865116,0.5730835,0.8835394,0.8797194,0.57889414,0.39511332,0.56281525,0.20564605,0.26414838,0.09175742,0.8747028,0.86810863,0.8736643,0.85113627,0.5884898,0.34551224,0.85377127,0.73165965,0.86055225,0.8748251,0.6444357,0.6339083,0.8194617,0.8347531,0.74107057,0.8113217,0.88757443,0.8891108,0.8880205,0.8885412,0.8859977,0.88659656,0.8848905,0.887324,0.8869588,0.88293856,0.88514817,0.87710184,0.88651717,0.8733654,0.8833418,0.87497526,0.88051546,0.8646453,0.8813934,0.8810015,0.8130394,0.82638055,0.67694247,0.66325015,0.8124652,0.5788922,0.8707704,0.85435444,0.8520576,0.8667888,0.6217685,0.52794755,0.7746713,0.20224668,0.82950974,0.76420534,0.77255726,0.85942394,0.38013357,0.7418286,0.86007273,0.8016602,0.3100512,0.4545779,0.8544712,0.7733009
0.87411857,0.87111753,0.8875634,0.88693255,0.8802729,0.88564503,0.88680893,0.8856924,0.88436913,0.88195944,0.8828134,0.8854674,0.8860738,0.8835931,0.87639815,0.87431836,0.8834037,0.884193,0.8676453,0.88374335,0.88667697,1.0,0.8863867,0.8777118,0.8555298,0.87676334,0.8796208,0.88535774,0.885696,0.8838924,0.88598394,0.8845325,0.87544525,0.884393,0.878672,0.881353,0.8856099,0.8833633,0.8854889,0.88384324,0.8874023,0.8843341,0.84417474,0.86879855,0.69787496,0.55903906,0.8799518,0.87569875,0.5803741,0.38164535,0.5599507,0.2288301,0.25815517,0.11913268,0.87364835,0.87358445,0.86598957,0.8434212,0.6028813,0.31500268,0.8465475,0.72248495,0.85023004,0.8714678,0.62293154,0.62461865,0.8047764,0.8240707,0.7204699,0.7990967,0.8861065,0.88517374,0.8865809,0.8864241,0.8838658,0.8802713,0.87904954,0.8837017,0.88432354,0.879261,0.88478005,0.8803069,0.88845074,0.87948865,0.8832909,0.8777309,0.8844032,0.8719659,0.8793406,0.8801957,0.80572253,0.8252927,0.66956204,0.6706884,0.8174175,0.5769317,0.8748712,0.85658747,0.8525986,0.8562118,0.63761324,0.5254488,0.77036864,0.1947571,0.82294333,0.75598097,0.75916106,0.859282,0.37478986,0.7430311,0.86136824,0.8001183,0.29175875,0.45728406,0.84858865,0.7810708
0.8784543,0.87326586,0.8911322,0.89051074,0.88091,0.88664263,0.89048916,0.8895858,0.88572335,0.88490856,0.8878991,0.8881611,0.8900306,0.8843245,0.8738238,0.8718586,0.8867166,0.88513684,0.8730049,0.8855421,0.8881481,0.8863867,1.0,0.8816892,0.85031366,0.87831664,0.8791936,0.8847695,0.8890951,0.8835896,0.8908583,0.889936,0.8798026,0.8869605,0.8808977,0.8844987,0.88980407,0.8873303,0.88673615,0.8855548,0.88930136,0.8868451,0.8506728,0.8734354,0.6977866,0.5743018,0.88464683,0.8806965,0.5765598,0.39556453,0.55995345,0.22346063,0.25748864,0.1093566,0.87698674,0.8691801,0.87195003,0.84365726,0.5935715,0.32260987,0.850895,0.7296647,0.85972166,0.87470293,0.63392764,0.6339112,0.8169515,0.8347331,0.73226583,0.80251354,0.8897844,0.8893389,0.89032656,0.89001286,0.8874365,0.8876951,0.88449544,0.88918895,0.88891274,0.8816404,0.8880057,0.87813044,0.88720083,0.8734807,0.886363,0.8749397,0.88189614,0.86335534,0.88309914,0.8802764,0.81259954,0.8298676,0.6718745,0.65928817,0.81125623,0.5877768,0.87369996,0.8520572,0.85538954,0.85997075,0.6404444,0.5310716,0.77744484,0.19680819,0.82385474,0.75475657,0.7650828,0.8616984,0.3889922,0.7363989,0.8590446,0.80203074,0.28539932,0.47292417,0.84638304,0.77383626
0.8542554,0.8437116,0.8804243,0.87748253,0.8740604,0.87941045,0.8784433,0.873708,0.87329954,0.8788272,0.87309057,0.87756985,0.8765088,0.8843211,0.8806035,0.8794855,0.8792289,0.87008494,0.84527194,0.86605453,0.87436634,0.8777118,0.8816892,1.0,0.8640997,0.871844,0.86030155,0.87126786,0.88539636,0.8881175,0.8843775,0.88030726,0.8561767,0.86938673,0.8653262,0.871568,0.8805252,0.8759147,0.88074833,0.87709963,0.87807584,0.8768011,0.82045734,0.8553324,0.69440776,0.5502392,0.8737704,0.86606735,0.5523332,0.37175807,0.55323327,0.2398049,0.2720596,0.10226282,0.8709419,0.8674275,0.8407037,0.8067998,0.59050894,0.27412853,0.8193562,0.68629843,0.84090865,0.85772645,0.5752992,0.61723477,0.78757805,0.79887533,0.686099,0.7505093,0.8779408,0.8735346,0.87824655,0.87659097,0.8764809,0.8704129,0.86498797,0.87699,0.87753296,0.8620582,0.8840944,0.8699138,0.8774595,0.87758,0.8783153,0.85774666,0.871289,0.8646154,0.87541014,0.86616164,0.76779544,0.8000545,0.6479778,0.6534516,0.80129373,0.59849185,0.8792543,0.8346129,0.84690917,0.8467995,0.65589255,0.49912956,0.77402043,0.19592951,0.80052745,0.7265186,0.70502937,0.8625394,0.39070386,0.71851224,0.8565892,0.79084665,0.28869033,0.48964882,0.8257003,0.7933663
0.8091065,0.8006114,0.84745145,0.84377265,0.8539193,0.8469541,0.8442892,0.8383643,0.8439856,0.8456409,0.83532834,0.8440862,0.84151125,0.85562754,0.8629883,0.8565013,0.8448326,0.83554935,0.79905415,0.83034974,0.8465649,0.8555298,0.85031366,0.8640997,1.0,0.85020673,0.8341453,0.84697205,0.85314107,0.86254406,0.8552902,0.85018325,0.8180791,0.83271945,0.8271027,0.83803344,0.84481764,0.8363568,0.8508345,0.84317106,0.84563506,0.83848643,0.7724704,0.8173958,0.6527297,0.5223792,0.8386609,0.8220849,0.5072852,0.34654292,0.5193355,0.21370813,0.25884762,0.115277,0.8450165,0.84614235,0.7942895,0.75533843,0.5726632,0.21697655,0.77436966,0.6339731,0.79743165,0.8162528,0.52184266,0.54854035,0.72205436,0.7395253,0.6177251,0.6913961,0.84120625,0.8379196,0.8441607,0.841672,0.8448157,0.8325691,0.8233092,0.8411024,0.8436863,0.8211756,0.85946006,0.83449566,0.85621345,0.86443347,0.85404074,0.8229533,0.85025585,0.8563894,0.8431647,0.8356391,0.72958064,0.76979107,0.6055107,0.6185949,0.79063594,0.5959946,0.8594186,0.8282728,0.80537313,0.81255865,0.60178316,0.49516174,0.74786395,0.1690642,0.76166034,0.69730556,0.6560077,0.8293324,0.38449052,0.7004521,0.82269627,0.76685655,0.28771836,0.451097,0.8026431,0.7985241
0.85896546,0.8536226,0.87741446,0.8779775,0.8723295,0.87665766,0.87837523,0.8770764,0.8721502,0.86795616,0.87428534,0.87517416,0.875759,0.8701965,0.8629147,0.8581631,0.87694305,0.87085414,0.84957576,0.86934227,0.87763286,0.87676334,0.87831664,0.871844,0.85020673,1.0,0.87948716,0.8805126,0.880694,0.87747806,0.8800248,0.87617624,0.8647293,0.87152904,0.8669175,0.87024415,0.8776582,0.8717557,0.8761205,0.87106484,0.87872803,0.87397265,0.8251308,0.85769385,0.687938,0.55550116,0.86778057,0.8595574,0.5683225,0.37791947,0.55127734,0.22380008,0.25127435,0.12202428,0.8667386,0.85309076,0.8541441,0.82382166,0.6076006,0.28340262,0.8469548,0.7258752,0.84794533,0.8632422,0.58652884,0.61359566,0.7849703,0.8022211,0.6986791,0.7774408,0.87779284,0.8771004,0.8811012,0.8790508,0.88305116,0.87432194,0.8703329,0.8760763,0.87834215,0.86557925,0.87977225,0.8605532,0.8782357,0.87013996,0.87784094,0.8598762,0.8772198,0.8647325,0.8749978,0.8674146,0.80097455,0.811635,0.6655901,0.6838074,0.79969126,0.5771896,0.86196893,0.8441007,0.8505334,0.8418939,0.63792354,0.52385753,0.78115565,0.17600532,0.81359565,0.74679327,0.7386694,0.8511997,0.40062425,0.7100412,0.8421481,0.79051244,0.2791662,0.47883213,0.84195745,0.7877719
0.8733771,0.8717503,0.880041,0.8819196,0.86982083,0.8753559,0.88248354,0.88294214,0.877742,0.8685428,0.88001406,0.8798508,0.88049585,0.86886203,0.85465515,0.85222834,0.877343,0.8778053,0.8683793,0.88004655,0.8837546,0.8796208,0.8791936,0.86030155,0.8341453,0.87948716,1.0,0.88402903,0.8793215,0.8704821,0.87728274,0.87816536,0.876656,0.8798329,0.8740632,0.8757157,0.87993294,0.8775241,0.8765083,0.87585986,0.88316935,0.87938094,0.84548205,0.86557007,0.6801315,0.57275444,0.8743209,0.8684144,0.57952684,0.38662004,0.56055516,0.20518878,0.2537256,0.115173556,0.8654295,0.85213965,0.8706564,0.8469996,0.5947233,0.32663092,0.86199343,0.7346371,0.8596042,0.87154007,0.64195895,0.6272681,0.8079241,0.829673,0.7393957,0.8092853,0.88036525,0.8819389,0.8828295,0.8824382,0.8821835,0.8810101,0.87771463,0.878762,0.88051814,0.874896,0.8759825,0.8655457,0.8808626,0.8639068,0.87369245,0.866043,0.8786291,0.8583551,0.8746557,0.8711113,0.8179085,0.8303471,0.6781689,0.6728141,0.80524313,0.5636131,0.8574731,0.8495651,0.8482893,0.85212916,0.6121518,0.5495349,0.76631373,0.17608023,0.824977,0.7630634,0.77694553,0.84370184,0.38127658,0.7278849,0.84099406,0.78780866,0.31224096,0.45017323,0.85635084,0.7629649
0.87521017,0.87171566,0.8850227,0.88576055,0.87614506,0.88297004,0.88516176,0.88574606,0.88223505,0.87605566,0.88268614,0.884854,0.8847656,0.8766978,0.86772853,0.8647674,0.88151896,0.8813142,0.8685661,0.8828709,0.8872682,0.88535774,0.8847695,0.87126786,0.84697205,0.8805126,0.88402903,1.0,0.8841635,0.8799282,0.8846645,0.88317853,0.87818307,0.88316876,0.87877476,0.8813243,0.88445985,0.88287747,0.8836259,0.88170236,0.88629305,0.8834332,0.84278196,0.8674731,0.68606836,0.5737988,0.87799066,0.8734194,0.5812298,0.3832836,0.5694202,0.19517219,0.25316915,0.09111237,0.8742376,0.8655114,0.86810267,0.8457995,0.58641946,0.3268988,0.8525268,0.72729963,0.8541431,0.8732051,0.62981886,0.63042474,0.81282663,0.8253903,0.73259306,0.8031103,0.88479173,0.8857808,0.88606423,0.886014,0.8843272,0.8828614,0.88054234,0.8835965,0.88362986,0.8795458,0.8825194,0.8749036,0.8851396,0.8756858,0.88076746,0.8704185,0.8824283,0.8676699,0.8818893,0.87782097,0.8030942,0.82165074,0.6749201,0.66896605,0.81456333,0.5851304,0.868995,0.85505307,0.85113406,0.85708296,0.625887,0.5293774,0.767525,0.1875906,0.82215315,0.759595,0.76621544,0.86045754,0.3898134,0.741162,0.8556062,0.7968702,0.3051717,0.44505852,0.85016227,0.7842607
0.87417775,0.86733097,0.8896826,0.8884409,0.8802562,0.88637644,0.88960236,0.88726896,0.88407373,0.88367635,0.88658875,0.88772213,0.8877702,0.8860141,0.8760543,0.87524176,0.8882969,0.88233054,0.86725515,0.8824838,0.88558275,0.885696,0.8890951,0.88539636,0.85314107,0.880694,0.8793215,0.8841635,1.0,0.8887305,0.890154,0.88737905,0.87507254,0.88414985,0.87867177,0.88350934,0.8903711,0.8878191,0.8890466,0.88733524,0.8888976,0.888428,0.8433636,0.87134075,0.69923264,0.5648634,0.8843601,0.8791598,0.5666774,0.38988557,0.56022847,0.226947,0.25943065,0.106009685,0.87909746,0.86982495,0.8650951,0.83604497,0.5994104,0.30439937,0.8479057,0.71712416,0.8587875,0.8738774,0.6143426,0.63023895,0.8105614,0.82631624,0.72298485,0.78709024,0.8892916,0.8870266,0.8895778,0.8885955,0.88733375,0.88496333,0.88072675,0.88738173,0.8874745,0.87875026,0.8887943,0.87815315,0.8867801,0.8788539,0.88431525,0.87086344,0.8824783,0.86879426,0.88520086,0.87895805,0.80110765,0.82000315,0.66683805,0.67040706,0.8126156,0.5967584,0.8786786,0.85069317,0.8571877,0.857217,0.6473248,0.521059,0.77686393,0.19317858,0.81761986,0.7523994,0.74773943,0.8625829,0.39743397,0.73428625,0.8598534,0.7965017,0.29643917,0.4751329,0.84534246,0.7852761
0.8618938,0.8549703,0.88419586,0.88127536,0.8792082,0.88536805,0.8829153,0.87900436,0.88045514,0.88223696,0.87794846,0.8827686,0.8812758,0.8870778,0.88341933,0.8812467,0.8836102,0.8777868,0.85427964,0.8741781,0.8791901,0.8838924,0.8835896,0.8881175,0.86254406,0.87747806,0.8704821,0.8799282,0.8887305,1.0,0.8868305,0.8815509,0.86465937,0.8765411,0.87254393,0.8771589,0.88460374,0.8817132,0.88700664,0.8834552,0.88351816,0.8818171,0.8279372,0.86229056,0.6978758,0.54901505,0.87769634,0.8720397,0.5664375,0.37665138,0.5586382,0.23842984,0.26893786,0.103850916,0.87651914,0.87633663,0.8491311,0.82248753,0.6006917,0.27926412,0.8308793,0.69792926,0.84456974,0.8645815,0.5857936,0.6085859,0.7955391,0.8057598,0.6972848,0.7639878,0.88244975,0.87902284,0.88303787,0.8820258,0.87961966,0.8745212,0.8712565,0.88056517,0.8813658,0.8709248,0.8855213,0.8789585,0.8829813,0.88586116,0.8820439,0.8675284,0.87832606,0.876867,0.88084316,0.87358314,0.7818642,0.8095372,0.6515094,0.66880655,0.81723815,0.59989214,0.8837585,0.84798634,0.8523003,0.8538327,0.6555738,0.5045849,0.77199626,0.17509486,0.809871,0.7407649,0.7214173,0.86329323,0.40020418,0.7388927,0.8650594,0.79425174,0.30260485,0.48212495,0.836547,0.799202
0.87349695,0.8670831,0.8893605,0.8883286,0.88219315,0.8862848,0.88848245,0.88675743,0.88488173,0.88419336,0.88572174,0.88708884,0.8877631,0.8852005,0.877003,0.8741544,0.8869261,0.88345194,0.8680374,0.88253015,0.88633955,0.88598394,0.8908583,0.8843775,0.8552902,0.8800248,0.87728274,0.8846645,0.890154,0.8868305,1.0,0.88856983,0.87752545,0.884609,0.8789332,0.88422453,0.88924867,0.88644737,0.88747543,0.88639396,0.88759243,0.88543487,0.8431906,0.8709947,0.6956996,0.5681179,0.88178766,0.87777996,0.574213,0.38449928,0.56311303,0.22993179,0.2556782,0.11329517,0.8812132,0.87257624,0.86503726,0.8374659,0.5936775,0.3086304,0.84492457,0.72073984,0.8582215,0.87180847,0.6177334,0.62712413,0.81190705,0.8262963,0.7286157,0.79190826,0.88921255,0.88767475,0.8893836,0.88795185,0.8863542,0.8843124,0.88113075,0.88743275,0.88691163,0.87796015,0.8891668,0.8778568,0.88774914,0.8777284,0.8864374,0.87262183,0.8817915,0.8682087,0.8857416,0.87891203,0.802756,0.82299507,0.67173773,0.6624945,0.8208079,0.6110138,0.8793101,0.8542383,0.85397315,0.8587828,0.64655596,0.5208867,0.7749597,0.19057888,0.81684935,0.7447541,0.7507481,0.8644738,0.41551825,0.74414915,0.8598938,0.79970956,0.28280485,0.47958827,0.8441289,0.78190434
0.8788691,0.87299746,0.88978904,0.8894889,0.877273,0.88547075,0.8892235,0.88862157,0.8837801,0.8846057,0.8884941,0.8889497,0.8897571,0.8844024,0.87252825,0.87154585,0.88689196,0.8851758,0.8747329,0.8852061,0.88799554,0.8845325,0.889936,0.88030726,0.85018325,0.87617624,0.87816536,0.88317853,0.88737905,0.8815509,0.88856983,1.0,0.8806246,0.88635135,0.88118005,0.8844689,0.8887403,0.88663447,0.88591504,0.88542503,0.88786674,0.88586193,0.8528789,0.87181944,0.6865829,0.57829523,0.88329905,0.88120997,0.57163554,0.3911279,0.5603816,0.22457136,0.25104815,0.09400485,0.87630725,0.86975807,0.8711159,0.8444994,0.5892201,0.33855763,0.85219157,0.7232747,0.8642546,0.87452126,0.63840985,0.6356146,0.8242248,0.8350608,0.74041665,0.8015237,0.88759077,0.8882088,0.88780624,0.88766354,0.88570815,0.8874139,0.88471943,0.8894332,0.8880257,0.8810415,0.88764846,0.8780231,0.88520086,0.873821,0.88333803,0.8730188,0.8788155,0.8600697,0.8810599,0.8797117,0.80693704,0.8227709,0.6675987,0.65442526,0.81157714,0.5865149,0.8747841,0.8480757,0.85088986,0.86169356,0.62547874,0.52876294,0.7712798,0.19912346,0.8252494,0.7533272,0.7632854,0.85956347,0.38146305,0.7420796,0.86362296,0.79456824,0.29784578,0.46146613,0.84540457,0.76666665
0.8877837,0.8849263,0.8820833,0.8838788,0.8614493,0.8774183,0.8826208,0.8849558,0.8759599,0.8730983,0.8855209,0.88418275,0.8843296,0.86960393,0.85301906,0.85347515,0.8795135,0.88540727,0.88793725,0.88784736,0.88140094,0.87544525,0.8798026,0.8561767,0.8180791,0.8647293,0.876656,0.87818307,0.87507254,0.86465937,0.87752545,0.8806246,1.0,0.8884345,0.886426,0.88345534,0.8823062,0.8841212,0.87877023,0.88220936,0.8801922,0.881014,0.8619768,0.87462926,0.67597365,0.5808509,0.87648827,0.8795774,0.5841146,0.41227782,0.55677795,0.2131972,0.24516451,0.08488311,0.8730371,0.8635678,0.8832581,0.872853,0.59523207,0.38274583,0.8658095,0.7446632,0.8712249,0.87322974,0.6786149,0.65638524,0.8489971,0.856892,0.79688025,0.84086365,0.8824696,0.8857877,0.88105434,0.8821528,0.8770972,0.8840953,0.88853663,0.88390315,0.8817186,0.8844374,0.8743446,0.8766075,0.8744621,0.8594861,0.8729854,0.87433285,0.86765206,0.8477935,0.87668884,0.876581,0.82683516,0.8257317,0.6741111,0.64385,0.8214817,0.5978624,0.8600363,0.8499499,0.84667253,0.8621417,0.61043715,0.52124715,0.75595945,0.20801203,0.8334764,0.7657951,0.7938027,0.84510404,0.40476006,0.7699189,0.862272,0.79151845,0.3085262,0.44634515,0.849719,0.73499906
