1.0,0.59423655,0.7478899,0.7021025,-0.1045818,0.27190053,0.86565906,0.6768363,0.236953,0.27026257,0.63311136,0.502136,0.7215369,0.2840242,0.52945185,0.16019505,0.5163236,0.41247356,0.6893582,0.64489836,0.3996922,-0.046691272,0.61921453,0.38668022,-0.010307903,-0.065455645,0.014328119,0.071708694,0.37780562,0.29746965,0.1188355,0.26082626,0.5077017,0.54065096,0.46131176,0.44266742,0.33537278,0.48162055,0.2397064,0.3553024,0.37266538,0.09164781,0.7339131,0.65022594,0.6674051,0.6260645,0.62544566,0.5870851,0.27211118,0.5224793,0.3589475,0.398108,0.22901675,0.3181909,0.6076247,0.6190379,0.69207966,0.3442932,0.12442301,-0.08403084,0.55516535,0.47804078,0.6475923,0.17487803,0.20805104,0.5372295,0.73349684,0.6344947,0.53817123,0.74313086,0.6742381,0.27809623,0.43487093,0.5510813,0.6095146,0.3196448,0.37295496,0.47149572,0.45473507,0.4965022,0.59929407,0.39350423,0.37869704,-0.087166384,0.6137364,0.43628556,0.13875912,0.12824742,0.48694462,0.38098446,0.20797503,0.22296788,-0.01418284,-0.08319003,0.42343062,0.5685016,0.6437616,0.6464557,0.5601464,0.58370805,-0.08131267,-0.011359716,0.39155164,0.44149527,0.58640677,0.5183468,0.41008204,0.5106376,0.49125266,0.5361973,0.63246137,0.59426874,0.5077498,-0.07480172,0.3749217,0.50267684
0.59423655,1.0,0.4732042,0.45475656,0.098556295,0.045446455,0.3947392,0.39732006,0.34549272,0.13868964,0.5225217,0.6553558,0.38223755,0.40409443,0.44261035,0.2112747,0.7226234,0.683513,0.576182,0.6816408,0.22250259,0.08967836,0.41026607,0.35376656,0.041910224,-0.011488225,0.017976142,0.1079859,0.5405704,0.37079415,0.33468035,0.24010171,0.6582907,0.56720996,0.39511806,0.23190445,0.29459417,0.44540507,0.3109213,0.41412014,0.28818855,0.13980758,0.560185,0.62166035,0.31328905,0.34368375,0.6178061,0.7136838,0.0812403,0.43648967,0.10013531,0.48627317,-0.08385253,0.4623882,0.51308924,0.62955695,0.72411096,0.8068597,-0.1432565,-0.13955641,0.371369,0.44847992,0.406408,0.1474793,0.09378563,0.36854708,0.5080851,0.41536736,0.53943825,0.6207861,0.2912827,0.17675567,0.51993144,0.23828347,0.33051455,0.251713,0.282212,0.2121816,0.7199257,0.50707734,0.46717992,0.31401753,0.21894196,0.12662129,0.18742707,0.5518605,0.06270493,0.15645072,0.19380051,0.5807335,0.24988495,0.32255334,0.14013007,0.21601097,0.6067462,0.38341886,0.6490825,0.6228464,0.56506425,0.49634048,-0.084618084,0.17433433,0.2530235,0.3969783,0.35517326,0.3530666,0.10995025,0.25289452,0.4491207,0.61275274,0.7052931,0.70567936,0.6026945,0.19002458,0.37459067,0.29300153
0.7478899,0.4732042,1.0,0.808869,0.13214181,0.20372342,0.8125512,0.6505633,0.3022367,0.32343242,0.51918447,0.6048177,0.55271494,0.4151967,0.60944104,0.36294636,0.57775164,0.506891,0.7012325,0.72286385,0.4987471,0.30325016,0.7535543,0.6012143,0.1545116,0.13256949,0.22642513,0.12890457,0.5295817,0.46302706,0.36016566,0.30818018,0.5853914,0.6596821,0.5454896,0.558066,0.52373636,0.62885654,0.37981826,0.5591903,0.4388306,0.23584478,0.73523736,0.6035731,0.5166146,0.5718869,0.5394788,0.5459975,0.12272166,0.31548867,0.05365982,0.1813766,0.071868405,0.22841313,0.65048075,0.6820518,0.42993262,0.3300489,-0.05602102,-0.31582266,0.32963592,0.17402124,0.40448678,0.34628156,-0.02739672,0.39431483,0.6371443,0.71706045,0.5713175,0.6681897,0.66927254,0.47281355,0.53523356,0.5266028,0.67009306,0.50260085,0.43823895,0.48738492,0.46649075,0.46182695,0.54929465,0.5385934,0.3756374,0.21717894,0.39853108,0.6164153,0.12451921,0.11197763,0.50156707,0.5648114,0.29713163,0.22376773,0.041762594,0.13808389,0.48652217,0.61025316,0.7351427,0.677629,0.5668029,0.7000754,-0.10013621,0.08998168,0.43253952,0.5498042,0.662749,0.5621867,0.28413194,0.5225902,0.5741783,0.56224287,0.676867,0.58533895,0.58460194,0.05325201,0.4601581,0.58808875
0.7021025,0.45475656,0.808869,1.0,0.02225391,0.21326871,0.72703695,0.7642758,0.26106074,0.30885312,0.4092525,0.56696635,0.44496456,0.35869387,0.4204392,0.28980863,0.47422722,0.459131,0.56262267,0.68300307,0.38031015,0.11217627,0.5953876,0.61717504,0.14068843,0.11192245,0.17968248,0.10774489,0.38961783,0.4490626,0.35566357,0.2861755,0.49056736,0.64635503,0.61231345,0.59495866,0.4147631,0.59428495,0.292367,0.40646356,0.22448093,0.25144112,0.72615075,0.6574538,0.59355676,0.71069,0.5534854,0.5377198,0.16741034,0.47460198,0.22396436,0.20114268,0.1267177,0.18525758,0.6230088,0.6519866,0.4440357,0.34866503,-0.0055852565,-0.17891037,0.41438955,0.37566984,0.43372884,0.46112356,0.106235646,0.5736731,0.7285715,0.81742257,0.5337129,0.65206647,0.58480734,0.48145023,0.4192121,0.5672176,0.5593511,0.46287233,0.4855455,0.5231324,0.39941874,0.53542805,0.4481593,0.6534817,0.2067619,0.20781487,0.37446615,0.6300986,0.09492017,0.12523596,0.41954866,0.49542505,0.27652344,0.20514484,0.005398013,0.041409947,0.37183115,0.6039238,0.69695264,0.5970897,0.58409214,0.66806436,-0.06856201,0.10514484,0.35922584,0.39863765,0.6049379,0.51286525,0.4865697,0.49160987,0.49395606,0.49974057,0.64440686,0.5683287,0.45643714,-0.021808095,0.41389903,0.5836011
-0.1045818,0.098556295,0.13214181,0.02225391,1.0,0.01683767,-0.034617554,0.06862436,0.495279,0.06341045,0.16402988,0.29776797,0.04218373,0.56443095,0.34143227,0.25698727,0.21025395,0.33371657,0.22657393,0.25409663,0.20753351,0.3898157,0.010049373,0.09160982,0.10001269,-0.0016467589,0.29929054,0.099577196,0.37521055,0.33757058,0.1952381,-0.08413724,0.355298,0.20088407,0.20148046,0.056511074,0.49192172,0.24632701,0.6141694,0.43768767,0.37279364,0.19017038,-0.057603892,-0.085990466,-0.34092632,-0.09328457,-0.104858,0.05632216,-0.2980951,-0.21879497,-0.4686961,-0.15712215,-0.09256687,0.02343939,0.25653997,0.28965542,-0.16387491,0.15772325,-0.23439793,-0.10884195,-0.3351593,-0.37283564,-0.09038171,0.30491626,-0.4286289,-0.1941034,-0.08839885,0.07650945,0.11273429,-0.07068413,0.25135586,0.37550032,0.56222236,0.12920703,0.27100006,0.19138755,0.23363627,0.1812694,0.16687278,0.024530005,0.1226483,0.27887744,-0.046954714,0.26082873,-0.1192682,0.28938547,0.0043846546,0.1748415,0.14593573,0.24225959,0.13892151,0.2696434,0.006452455,0.09105075,0.20873909,0.18023764,0.23662814,0.23363712,0.058148026,0.2182885,0.14541383,0.31549436,0.056618717,0.23738475,0.2169711,0.08722634,-0.13998976,0.24422847,0.12140385,0.13866293,0.21624346,0.12332901,0.21186523,0.5307574,0.2534388,0.17418317
0.27190053,0.045446455,0.20372342,0.21326871,0.01683767,1.0,0.30613133,0.28408125,-0.02909278,0.23370364,0.22192332,0.11680927,0.27990156,0.055329144,0.2472774,0.21682766,0.12829466,0.104729034,0.14456199,0.14869662,0.29927436,-0.006709711,0.22694936,0.23075402,0.0077602463,-0.18312296,-0.058560695,0.05364832,0.10856174,0.21167016,-0.0028398754,0.16007788,0.14339496,0.2019921,0.17796923,0.24242167,0.19501367,0.23723023,0.13161336,0.25141218,0.22026178,0.060067907,0.21761654,0.24677198,0.22186673,0.2364418,0.2259113,0.18741363,0.23048368,0.047717154,0.12649243,0.0031235174,0.12198673,-0.13196877,0.16838127,0.2574524,0.13654958,-0.0860197,0.029429229,-0.13852976,0.09823103,-0.020675585,0.18783605,0.003435,-0.009947135,0.13901173,0.17995654,0.3092505,0.26776317,0.28005043,0.34862038,0.19004886,0.18199933,0.29412487,0.31420702,0.13430707,0.21043839,0.36128202,0.024057286,0.20030916,0.18101573,0.1882308,0.25522134,0.15571877,0.25055215,0.10189415,-0.04878845,0.11356801,0.25093305,-0.047362357,0.091589354,-0.0024716868,-0.05581685,-0.18692315,0.17772755,0.29642192,0.2716462,0.33641592,0.20414868,0.2896871,0.07918135,-0.16681115,0.2176868,0.16142727,0.3472019,0.25252515,0.24561965,0.3337621,0.16506286,0.2513161,0.24485594,0.22263558,0.17981926,-0.045748413,0.21177775,0.32036763
0.86565906,0.3947392,0.8125512,0.72703695,-0.034617554,0.30613133,1.0,0.7011958,0.19997098,0.36132658,0.62365395,0.4859428,0.75030965,0.31113428,0.5887378,0.30648226,0.45588508,0.3891886,0.68088883,0.61414653,0.4947246,0.09379221,0.6699688,0.43434367,0.017001877,0.006912722,0.08135147,0.1040694,0.4128339,0.4148476,0.15430236,0.3246809,0.46904826,0.5303227,0.49906638,0.4441786,0.4489457,0.5553107,0.265261,0.37757948,0.4101073,0.16514419,0.7616345,0.6186936,0.6317219,0.61114883,0.61631817,0.5392047,0.24239975,0.3780688,0.26953027,0.22887169,0.307559,0.258994,0.66618395,0.61419296,0.50557387,0.1762447,0.06415399,-0.13441595,0.42358446,0.29509583,0.57398665,0.22455479,0.10849649,0.41303834,0.67406446,0.6313122,0.50514024,0.69939095,0.7197952,0.33831432,0.39302635,0.53751034,0.6256306,0.40168008,0.3506839,0.51009005,0.33135095,0.45540154,0.6385825,0.44988814,0.4835486,0.02553373,0.66404057,0.445827,0.11207188,0.14569855,0.61949694,0.37329715,0.29947665,0.2107298,0.038968362,-0.02927401,0.39833784,0.5694701,0.6465586,0.65991604,0.6084341,0.60901123,0.014747595,-0.07155513,0.4566909,0.45034444,0.63846356,0.5379708,0.40572312,0.6285617,0.50514364,0.43703994,0.5851226,0.54970175,0.5093999,-0.028085079,0.36723316,0.541804
0.6768363,0.39732006,0.6505633,0.7642758,0.06862436,0.28408125,0.7011958,1.0,0.13633522,0.29478848,0.49100992,0.46726322,0.5375731,0.43466863,0.39760357,0.2753688,0.43292585,0.3993631,0.47918293,0.6035482,0.46804777,0.07614918,0.4636289,0.6304161,0.064311326,-0.13123257,-0.017055055,0.10943188,0.3715973,0.36564973,0.14172053,0.27672333,0.39529574,0.48615727,0.4540198,0.4477254,0.38588014,0.48218223,0.1765369,0.3861042,0.2650442,0.09918388,0.6078091,0.5899251,0.5252876,0.58250546,0.50204355,0.47455385,0.19973512,0.35712618,0.19224827,0.17140019,0.18372194,0.1897476,0.551723,0.6129324,0.40151656,0.25332236,-0.0636069,-0.23019151,0.275378,0.25824964,0.4469545,0.4879981,0.023646012,0.52860826,0.56269765,0.71913856,0.5638055,0.6013045,0.6659098,0.4966893,0.44507408,0.51210546,0.56077737,0.3686865,0.29932475,0.4778141,0.32985747,0.4397267,0.43743876,0.7173147,0.28021777,0.2576854,0.4272504,0.53472,0.1773222,0.08586532,0.3607081,0.3026254,0.1790824,0.16344096,-0.047090493,-0.15566058,0.32030734,0.6116843,0.56670284,0.6221293,0.550368,0.5997177,-0.039033774,-0.043567788,0.25328454,0.31432164,0.63028973,0.50911766,0.59254247,0.5253236,0.39306343,0.36065975,0.56405044,0.47811702,0.43878913,0.04025434,0.34090316,0.5684763
0.236953,0.34549272,0.3022367,0.26106074,0.495279,-0.02909278,0.19997098,0.13633522,1.0,0.38792238,0.34616446,0.38527533,0.37929934,0.37796685,0.5519878,0.43461245,0.31754974,0.4657881,0.37950543,0.35886434,0.1481247,0.039183166,0.21260343,0.17532808,0.08758391,0.011608265,0.26841447,0.086583495,0.30235517,0.3979926,0.2707245,0.21324581,0.42122057,0.30844402,0.31513697,0.17426965,0.4380455,0.34456685,0.48264655,0.289819,0.24280609,0.11511493,0.20727257,0.24242602,0.13678776,0.13401006,0.2655769,0.3033453,0.06554946,0.13514057,0.14241652,0.23184186,0.20840016,0.07059475,0.4324447,0.38771448,0.36482176,0.429739,0.14972587,0.21489598,0.27586976,0.1871755,0.30595562,0.22796981,0.13319051,0.1797486,0.3500377,0.22139306,0.27899465,0.1553947,0.27878568,0.09293176,0.33952984,0.37847337,0.180795,0.12860782,0.40523452,0.35567135,0.2209959,0.239742,0.380565,0.26147303,0.06835312,0.1262243,0.28587845,0.37561613,0.096542634,0.24013485,0.33112106,0.28414267,0.42995578,0.44956023,0.17252335,0.13093229,0.2917919,0.15333657,0.41175473,0.28260934,0.3362419,0.18297543,0.20602597,0.37375876,0.19758314,0.18348996,0.1305949,-0.0033819496,0.15561534,0.23109752,0.21313989,0.31988087,0.4261342,0.3439751,0.19055295,0.24699283,0.008014546,0.13722703
0.27026257,0.13868964,0.32343242,0.30885312,0.06341045,0.23370364,0.36132658,0.29478848,0.38792238,1.0,0.49424475,0.36913428,0.45102268,0.047036488,0.6329165,0.8296434,0.39546865,0.47257796,0.30070555,0.36786124,0.3485486,0.25898197,0.54541874,0.55143917,0.008582626,0.119656496,0.2140553,0.17357196,0.40394846,0.566233,0.26544085,0.68738765,0.29676554,0.3599328,0.40858364,0.365937,0.38180915,0.48560727,0.18823664,0.14954714,0.4326207,0.37316692,0.38571683,0.4973317,0.21224636,0.2064167,0.50181854,0.46746606,0.12626237,-0.0367056,0.23573308,0.025312193,0.46281078,-0.16700926,0.46709776,0.36487016,0.37123302,0.08399933,-0.11417567,-0.09317516,0.2624668,-0.06548046,0.40469837,-0.013331605,0.17270373,-0.061025433,0.276523,0.30922422,0.2732566,0.30017266,0.29452875,0.02368149,0.08127663,0.2510973,0.19768754,0.2668978,0.32460117,0.4479462,0.24492991,0.3546737,0.52813727,0.3471927,0.637062,0.5022593,0.5073801,0.3028291,0.10363471,0.38037345,0.5127634,0.25450602,0.57281464,0.18623789,0.3131563,-0.044030614,0.38200888,0.18231826,0.47683838,0.40599072,0.6190092,0.31709957,0.44188005,-0.0076963706,0.5683172,0.19247003,0.43057382,0.24486016,0.26909065,0.2734232,0.4248151,0.2850579,0.4518867,0.3968717,0.32498237,0.09605126,0.1414645,0.24119736
0.63311136,0.5225217,0.51918447,0.4092525,0.16402988,0.22192332,0.62365395,0.49100992,0.34616446,0.49424475,1.0,0.6930455,0.7413804,0.49335787,0.63150936,0.47359034,0.7169982,0.7040528,0.6366316,0.7001358,0.5198184,0.27995664,0.5532413,0.39432722,-0.14195979,-0.010387523,0.13580514,0.15875866,0.7014191,0.6074951,0.21335898,0.4813392,0.62685674,0.54271936,0.46047243,0.21620692,0.52124953,0.5155183,0.3495765,0.34181058,0.53481513,0.275497,0.55312556,0.5435465,0.3021244,0.29791644,0.61873424,0.57347876,0.17042361,0.19895911,0.1647981,0.27666953,0.37232482,0.30238044,0.68532914,0.5490731,0.6010983,0.40871227,-0.08489807,-0.21313694,0.3831179,0.13266663,0.61753875,0.14537808,0.14188069,0.11019121,0.44507775,0.34888524,0.46661824,0.56772155,0.58406186,0.20530432,0.49763384,0.40943003,0.45513353,0.3621071,0.42791483,0.42943987,0.5596805,0.47528484,0.8412254,0.36537042,0.5562854,0.10516105,0.6178725,0.44070247,0.10257326,0.23962453,0.6057039,0.37618336,0.4631345,0.31898338,0.2865387,0.04219286,0.49716184,0.46920347,0.64650065,0.5690673,0.6448975,0.40678826,0.19485971,0.06550653,0.53860515,0.37586904,0.48295128,0.458116,0.16245705,0.47395855,0.50073385,0.38403952,0.5483361,0.5113751,0.46537045,0.16143459,0.249451,0.3102968
0.502136,0.6553558,0.6048177,0.56696635,0.29776797,0.11680927,0.4859428,0.46726322,0.38527533,0.36913428,0.6930455,1.0,0.4561962,0.6659038,0.5470732,0.47347507,0.8367721,0.8656092,0.629451,0.8040116,0.43959624,0.357674,0.5893183,0.5431848,0.04007961,0.19493397,0.29732263,0.19789337,0.81753874,0.6388796,0.50856197,0.36089188,0.7364224,0.69755596,0.57544,0.36522725,0.4947832,0.5626447,0.48515865,0.47602496,0.4426219,0.41574532,0.57859474,0.6143679,0.18111981,0.3966794,0.5992908,0.65813804,0.024927568,0.25700155,-0.073204204,0.2156384,0.08574555,0.32950297,0.7004183,0.6906117,0.51199055,0.6652034,-0.32012936,-0.29513964,0.25202647,0.16293986,0.43527085,0.38619477,-0.05691543,0.21976,0.47828677,0.5042465,0.5441557,0.6024204,0.46702936,0.3882555,0.63893837,0.37996355,0.48160434,0.4602253,0.4777098,0.411409,0.7170635,0.54974705,0.67044693,0.5287709,0.35041872,0.2540636,0.26956442,0.6513111,0.094109,0.19205308,0.44033927,0.669786,0.38566384,0.33658397,0.14267242,0.22166173,0.58198553,0.49931043,0.74367505,0.62414527,0.6760823,0.56925964,0.028935289,0.21902734,0.42979756,0.44373494,0.531162,0.47281554,0.118892476,0.3812138,0.53447425,0.5234165,0.6683199,0.58553386,0.5953893,0.27056986,0.48706698,0.42274097
0.7215369,0.38223755,0.55271494,0.44496456,0.04218373,0.27990156,0.75030965,0.5375731,0.37929934,0.45102268,0.7413804,0.4561962,1.0,0.37129918,0.6731714,0.40871194,0.3960891,0.42407483,0.732142,0.57039815,0.4728289,0.12434614,0.5554261,0.3409021,-0.12061858,-0.11084356,0.01628317,0.07959656,0.40232626,0.43845248,0.09297755,0.35667285,0.4606332,0.404816,0.32091755,0.2519515,0.37708053,0.4544066,0.2605427,0.3123775,0.37795913,0.07750017,0.49653062,0.50389105,0.44889915,0.38720587,0.49614534,0.4610056,0.18033166,0.26284087,0.29418206,0.2267704,0.3724045,0.22679992,0.527875,0.52038217,0.5037047,0.19490428,0.0991034,-0.038331587,0.42471898,0.25924322,0.535356,0.077766955,0.16782454,0.22769983,0.4583172,0.3837335,0.44537145,0.55950505,0.6944274,0.21759392,0.3468306,0.5135818,0.49487793,0.27265444,0.3111878,0.43139747,0.2967683,0.36083484,0.69135165,0.3373597,0.5212444,0.032040242,0.72200596,0.24269255,0.14193076,0.17845649,0.56390405,0.14986868,0.33459502,0.20597868,0.14427139,-0.106329605,0.3726474,0.45721436,0.53803754,0.5701482,0.5260617,0.40335244,0.11124176,-0.03888977,0.36189398,0.3258422,0.454441,0.36377347,0.37847453,0.5603478,0.47581938,0.26325467,0.49376935,0.44818416,0.3431677,-0.025923138,0.11608104,0.33146077
0.2840242,0.40409443,0.4151967,0.35869387,0.56443095,0.055329144,0.31113428,0.43466863,0.37796685,0.047036488,0.49335787,0.6659038,0.37129918,1.0,0.3697089,0.21714674,0.5199431,0.6049087,0.49873966,0.65489143,0.46587437,0.3168907,0.25892603,0.31266326,0.14413613,0.022532156,0.28381518,0.20859854,0.6410513,0.4566928,0.3490888,-0.042890538,0.61602527,0.52902734,0.3072767,0.13275947,0.48131624,0.3556485,0.5543816,0.50827897,0.2739861,0.14804958,0.19733948,0.22897847,-0.033000406,0.27301142,0.21785907,0.27929744,-0.15756582,0.17909771,-0.3404915,0.034253452,-0.124960765,0.33817026,0.51760954,0.56581146,0.09082299,0.47908705,-0.2731804,-0.23553655,-0.079001755,0.008226225,0.15001784,0.5566365,-0.31408906,0.11508213,0.2604345,0.37689832,0.50750864,0.38193217,0.50034666,0.6004655,0.737248,0.44356218,0.47389528,0.4423755,0.35211846,0.31887463,0.4261841,0.29486597,0.4572594,0.5842844,-0.014324201,0.12011768,0.051813863,0.45387715,0.08078189,0.01726902,0.25152314,0.4401945,0.10790082,0.27689427,-0.06994377,0.084959,0.36023366,0.47810212,0.50137895,0.44454134,0.35201415,0.451914,-0.063725404,0.3127428,0.0051381066,0.32135856,0.3713941,0.2879948,0.14141394,0.4113192,0.33215034,0.20100653,0.3851357,0.30799425,0.33774003,0.33176458,0.3932807,0.39833358
0.52945185,0.44261035,0.60944104,0.4204392,0.34143227,0.2472774,0.5887378,0.39760357,0.5519878,0.6329165,0.63150936,0.5470732,0.6731714,0.3697089,1.0,0.7207611,0.5660361,0.62790745,0.678599,0.5909019,0.45478743,0.37804893,0.62814623,0.5031262,0.14628807,-0.007820328,0.20420325,0.16840409,0.5970002,0.6098792,0.33299923,0.51264143,0.56407326,0.48698983,0.42737752,0.30460572,0.5762288,0.60717654,0.43689734,0.53864986,0.6593873,0.22786997,0.5490559,0.55300415,0.21839005,0.2812825,0.5647896,0.626785,0.002750236,0.08294605,0.046508588,0.20056854,0.24981692,0.14687212,0.6560988,0.62069887,0.4609728,0.31302702,-0.12622173,-0.21347575,0.26399595,-0.020007383,0.42088762,0.029660972,-0.0151589075,0.032947373,0.3332373,0.3854398,0.4340213,0.50947356,0.5604622,0.19464175,0.44823724,0.40524462,0.38571596,0.35878864,0.30731717,0.40805155,0.46841845,0.38124955,0.69338864,0.3505729,0.69736844,0.42206386,0.53346944,0.4952917,0.09697556,0.3182122,0.6145287,0.45824173,0.51473516,0.3389119,0.27924323,0.10256135,0.65062654,0.35918385,0.6698349,0.66433716,0.66465306,0.5809911,0.23597844,0.11274405,0.52086204,0.50621223,0.5980843,0.43227977,0.14340973,0.48677936,0.5602916,0.45549777,0.6376407,0.6464122,0.6585297,0.27722278,0.36371714,0.40770024
0.16019505,0.2112747,0.36294636,0.28980863,0.25698727,0.21682766,0.30648226,0.2753688,0.43461245,0.8296434,0.47359034,0.47347507,0.40871194,0.21714674,0.7207611,1.0,0.45398223,0.59972304,0.3871027,0.4210696,0.3883826,0.44337285,0.5588827,0.60568607,0.105697766,0.1901271,0.3141856,0.21983548,0.52005005,0.7204779,0.45841226,0.68587977,0.41368788,0.41085157,0.43430182,0.30810112,0.51821756,0.59595925,0.33203,0.35743743,0.51039827,0.39681852,0.3516872,0.47469413,0.04123408,0.13724025,0.48485738,0.5172795,-0.06328016,-0.124164835,0.040160626,0.00172304,0.36257836,-0.08980119,0.5285563,0.48716262,0.29089308,0.18166743,-0.2073397,-0.1973988,0.12997036,-0.18917136,0.25609308,0.012630114,0.05824755,-0.17463699,0.16228753,0.2580982,0.27282172,0.255471,0.31959638,0.1394196,0.16765524,0.26152965,0.18505965,0.32099512,0.36842588,0.42633164,0.315584,0.37853196,0.5214983,0.42012048,0.6454251,0.66318905,0.43309793,0.3701638,0.13405268,0.3943922,0.558983,0.33739433,0.675266,0.26172897,0.42293242,0.15307517,0.5022022,0.23384622,0.5511467,0.48905534,0.6551697,0.40768686,0.49233446,0.044960428,0.56469,0.29679182,0.48412183,0.28116503,0.20981987,0.3944521,0.4592866,0.2605153,0.48944783,0.48182464,0.43962976,0.22277296,0.20316844,0.28431088
0.5163236,0.7226234,0.57775164,0.47422722,0.21025395,0.12829466,0.45588508,0.43292585,0.31754974,0.39546865,0.7169982,0.8367721,0.3960891,0.5199431,0.5660361,0.45398223,1.0,0.8494528,0.54461354,0.740854,0.40911123,0.37212715,0.5938737,0.56418693,0.070810914,0.08886638,0.20325218,0.13541426,0.8355254,0.5449101,0.42589027,0.47537777,0.72049296,0.6671736,0.51134634,0.30485052,0.4676502,0.53836024,0.38968745,0.44442332,0.50182384,0.34525406,0.6120394,0.63857824,0.1893043,0.30827466,0.6622801,0.7018982,0.073930435,0.18771757,-0.061257523,0.33219936,0.0099012405,0.35257393,0.6713054,0.63228583,0.61720675,0.6867531,-0.3199359,-0.39452672,0.27779576,0.13660392,0.48392594,0.26276073,0.0039946344,0.18868545,0.4282781,0.44637343,0.53617036,0.59555036,0.3802279,0.2340588,0.62922114,0.29070637,0.42566222,0.39193845,0.36866668,0.30903628,0.80617774,0.49221843,0.68774307,0.40383875,0.4470877,0.23891123,0.2371849,0.6592025,0.03229348,0.21758848,0.3763517,0.6935097,0.38340482,0.27046645,0.1750918,0.19612044,0.67478824,0.45632178,0.7308215,0.63416624,0.6807835,0.50921,0.06492226,0.14421219,0.4309081,0.42697066,0.5011423,0.49673596,0.008569771,0.25456765,0.52242845,0.61627084,0.6961759,0.651111,0.6981016,0.29384407,0.46385926,0.37725008
0.41247356,0.683513,0.506891,0.459131,0.33371657,0.104729034,0.3891886,0.3993631,0.4657881,0.47257796,0.7040528,0.8656092,0.42407483,0.6049087,0.62790745,0.59972304,0.8494528,1.0,0.5659744,0.75134546,0.41523704,0.4132843,0.54809505,0.54843587,0.05365166,0.13976125,0.2606395,0.19043367,0.83931386,0.73496205,0.5200371,0.51044136,0.75912744,0.66784865,0.58351195,0.24935159,0.5375465,0.6390252,0.47803533,0.50336826,0.51347345,0.39934647,0.5591596,0.633515,0.11175605,0.28716797,0.67414147,0.74632835,-0.047264602,0.2137255,-0.04569998,0.23941359,0.15306845,0.29859045,0.7339457,0.71900463,0.5692921,0.69962937,-0.31206968,-0.27095374,0.27579898,0.11244733,0.43960816,0.27230856,-0.027429352,0.07480954,0.42158258,0.40928933,0.47965533,0.5678577,0.37294313,0.24952964,0.5678519,0.3189254,0.36635512,0.37890533,0.44229993,0.37452587,0.71470106,0.59185004,0.73275304,0.48193577,0.46312737,0.37234372,0.31855926,0.64199054,0.11687449,0.26723567,0.49144933,0.6583008,0.5287342,0.3976501,0.31589752,0.2635594,0.6738092,0.43577868,0.75791335,0.65740275,0.7658114,0.5391095,0.18387954,0.24638681,0.47430974,0.4416308,0.4898654,0.4437524,0.07588568,0.34587178,0.5495408,0.53585374,0.70070505,0.6832066,0.64265925,0.3482506,0.44243002,0.3526885
0.6893582,0.576182,0.7012325,0.56262267,0.22657393,0.14456199,0.68088883,0.47918293,0.37950543,0.30070555,0.6366316,0.629451,0.732142,0.49873966,0.678599,0.3871027,0.54461354,0.5659744,1.0,0.753899,0.40428028,0.29818186,0.60551953,0.4005506,0.058199935,0.06418015,0.2180137,0.15798028,0.5348532,0.52463865,0.3416297,0.22909826,0.6435699,0.58353645,0.37947392,0.32178006,0.45692566,0.5616462,0.43060738,0.50028276,0.44258004,0.2342324,0.546017,0.504284,0.2968346,0.39509994,0.4815819,0.5703475,0.0048361705,0.27539963,0.014683086,0.21400267,0.07535121,0.364837,0.58818257,0.6807462,0.46521816,0.38115308,-0.09860986,-0.2565137,0.26853603,0.16126914,0.3580509,0.13439126,-0.028008005,0.20116925,0.44333342,0.42432627,0.5348288,0.56822616,0.6984823,0.43292692,0.5606413,0.4616946,0.5754213,0.32980865,0.40017036,0.36226425,0.49971947,0.46337637,0.5982743,0.42533106,0.39249796,0.19112718,0.42333326,0.42961085,0.05817608,0.21943942,0.48590434,0.42795005,0.25387087,0.21421601,0.120777205,0.16184258,0.52212757,0.4912579,0.69101274,0.67023885,0.53296685,0.59471714,-0.07863892,0.08248757,0.38834015,0.5262915,0.54746854,0.40146518,0.17647144,0.5889997,0.58501416,0.42435434,0.61348987,0.5855438,0.50643784,0.073254086,0.33035293,0.4645305
0.64489836,0.6816408,0.72286385,0.68300307,0.25409663,0.14869662,0.61414653,0.6035482,0.35886434,0.36786124,0.7001358,0.8040116,0.57039815,0.65489143,0.5909019,0.4210696,0.740854,0.75134546,0.753899,1.0,0.48135522,0.32441044,0.66801804,0.6307033,0.10339779,0.119180985,0.3194422,0.300997,0.723648,0.60230345,0.4482452,0.3092967,0.7573907,0.812996,0.5758263,0.4371156,0.5178551,0.61175716,0.48533788,0.55066633,0.4517677,0.37651837,0.6030964,0.64154977,0.27005482,0.537172,0.5740785,0.6292951,0.00199078,0.3300645,-0.014008907,0.14656927,0.03878269,0.30234134,0.6798666,0.75662524,0.51058763,0.5621387,-0.25223255,-0.3276788,0.29035926,0.16804124,0.42491132,0.40028694,-0.08529106,0.25464085,0.5960882,0.66098505,0.67610174,0.6988425,0.6361248,0.5117168,0.66450405,0.5092422,0.5863504,0.5596002,0.47646585,0.5181392,0.6852253,0.5587544,0.6762133,0.63636994,0.335633,0.226241,0.3213389,0.56232506,0.078899644,0.16836996,0.42902157,0.60536486,0.319546,0.23404703,0.079549916,0.11030033,0.56517273,0.64628094,0.78056407,0.6990221,0.669609,0.6699538,-0.078474835,0.13524102,0.4188415,0.4845461,0.60835516,0.56797814,0.25063393,0.46079198,0.6278482,0.5035215,0.70487696,0.59131616,0.5609228,0.16227478,0.516051,0.5343798
0.3996922,0.22250259,0.4987471,0.38031015,0.20753351,0.29927436,0.4947246,0.46804777,0.1481247,0.3485486,0.5198184,0.43959624,0.4728289,0.46587437,0.45478743,0.3883826,0.40911123,0.41523704,0.40428028,0.48135522,1.0,0.45891243,0.49273098,0.39779097,0.12950455,0.007092265,0.08634209,0.048014957,0.6007501,0.41865486,0.21714363,0.3045948,0.538358,0.5334033,0.33290404,0.32610145,0.42712486,0.52862185,0.33406907,0.5025517,0.45200506,0.09135601,0.41668862,0.3661844,0.11298429,0.24925575,0.34293285,0.34543246,-0.06389455,-0.07761172,-0.1364227,-0.02493049,0.10618087,0.14712967,0.47904122,0.42703843,0.19989744,0.1162159,-0.15333337,-0.31243268,0.061064877,-0.18441013,0.2268481,0.1927015,-0.16292357,0.031249639,0.27398726,0.436748,0.48742566,0.4109405,0.5955788,0.51226866,0.47777143,0.47601104,0.52070284,0.5270509,0.34298033,0.34555864,0.27824014,0.24249823,0.47882855,0.37431276,0.36781427,0.2491508,0.31198552,0.43625453,0.2500102,-0.049077522,0.43452227,0.29357183,0.22392848,0.07191062,0.07050073,-0.0024617498,0.350981,0.40767086,0.4880802,0.4917308,0.40789843,0.46052912,0.035926647,0.06979246,0.2996617,0.18903227,0.45576072,0.34525096,0.2119566,0.4844038,0.38816598,0.38079864,0.44393456,0.38788894,0.43863723,0.25442466,0.36513495,0.36810076
-0.046691272,0.08967836,0.30325016,0.11217627,0.3898157,-0.006709711,0.09379221,0.07614918,0.039183166,0.25898197,0.27995664,0.357674,0.12434614,0.3168907,0.37804893,0.44337285,0.37212715,0.4132843,0.29818186,0.32441044,0.45891243,1.0,0.31300393,0.36654937,0.12503906,0.30851886,0.27195802,0.07821599,0.5771733,0.4647354,0.39887637,0.2756761,0.43706897,0.36094034,0.19461156,0.08934798,0.31793916,0.44896662,0.3434037,0.43987274,0.36282626,0.28355613,0.112055644,0.16361456,-0.31156537,-0.06215398,0.118737556,0.26295304,-0.37012982,-0.3613342,-0.43698546,-0.24472886,-0.07198381,0.0739535,0.27024895,0.3008184,-0.09505439,0.05191376,-0.4443392,-0.4786425,-0.2098626,-0.53801554,-0.15086915,0.016547387,-0.3405583,-0.4133063,-0.17706154,0.09051896,0.18266377,0.15286203,0.18415517,0.26407158,0.28491268,0.049880836,0.21587798,0.3057046,0.16571267,-0.021414073,0.32906374,0.16144036,0.29924217,0.16361716,0.37520224,0.4916006,-0.018190524,0.27050477,0.043322317,0.009871135,0.24183527,0.31161293,0.26400673,-0.049854323,0.26861286,0.27690336,0.31960276,0.21139447,0.35007402,0.3311843,0.2545394,0.298041,0.12561116,0.20731969,0.36820915,0.40669513,0.32897913,0.27848056,-0.2268638,0.2457566,0.36909825,0.1470024,0.28244287,0.2669654,0.36416307,0.31957793,0.27150103,0.15691258
0.61921453,0.41026607,0.7535543,0.5953876,0.010049373,0.22694936,0.6699688,0.4636289,0.21260343,0.54541874,0.5532413,0.5893183,0.5554261,0.25892603,0.62814623,0.5588827,0.5938737,0.54809505,0.60551953,0.66801804,0.49273098,0.31300393,1.0,0.69500417,0.048588835,0.16845946,0.25075257,0.19566387,0.5481958,0.52754086,0.3990179,0.56951946,0.54175764,0.66296387,0.5517627,0.6321321,0.47174406,0.65831184,0.3030949,0.4209228,0.54060066,0.42118105,0.63756263,0.65459967,0.35569653,0.4334827,0.5810281,0.5798791,0.055888727,0.1572603,0.14027885,0.12885429,0.22657722,0.0922534,0.55286425,0.60238546,0.45903006,0.21079439,-0.09082233,-0.27819046,0.32000408,0.06554028,0.36362568,0.060918823,0.046621665,0.1677158,0.5145451,0.6035192,0.461119,0.55801684,0.5965994,0.37509695,0.36651817,0.4443577,0.59974164,0.53288454,0.44437546,0.54928327,0.46685457,0.454959,0.5770431,0.45218512,0.6100203,0.29163623,0.45783278,0.40235603,0.03971375,0.22299628,0.49550292,0.49008664,0.39564845,0.11574542,0.123455316,0.09918463,0.50128126,0.545836,0.6730778,0.6313418,0.6463553,0.61735815,0.078343764,-0.06489606,0.5828598,0.3861679,0.6519499,0.59551746,0.28179157,0.3802497,0.62388754,0.47498786,0.65379375,0.5115978,0.5508415,0.06756639,0.46096614,0.44325608
0.38668022,0.35376656,0.6012143,0.61717504,0.09160982,0.23075402,0.43434367,0.6304161,0.17532808,0.55143917,0.39432722,0.5431848,0.3409021,0.31266326,0.5031262,0.60568607,0.56418693,0.54843587,0.4005506,0.6307033,0.39779097,0.36654937,0.69500417,1.0,0.19646542,0.16492224,0.2110718,0.25427446,0.52427095,0.4857207,0.45318353,0.56807375,0.40930897,0.58693755,0.45837638,0.50657636,0.31249133,0.54417384,0.16835238,0.36504447,0.3265199,0.37546343,0.47849438,0.62821686,0.2523861,0.4605071,0.48568222,0.50874895,0.0024651051,0.14027631,-0.00089710037,0.04819141,0.030872667,0.08685071,0.42084342,0.5462347,0.29919863,0.27757093,-0.31166303,-0.4402696,0.13963468,-0.005543007,0.22136076,0.3609373,-0.018135326,0.2462444,0.3457224,0.62469447,0.55471444,0.47002363,0.43898076,0.4046267,0.39469686,0.31161457,0.40524045,0.44891623,0.3025416,0.45240763,0.49405402,0.36786494,0.3846394,0.6312645,0.41852742,0.61252815,0.16136442,0.5190422,0.09724217,0.22326848,0.21692656,0.47163412,0.3047279,0.06639904,0.036107037,0.020791855,0.45390138,0.49317074,0.5724986,0.5572183,0.60093,0.5660361,0.028841216,-0.06439118,0.41549322,0.3684568,0.60737544,0.55904824,0.3656554,0.23922127,0.5191285,0.38039273,0.57556546,0.4528875,0.5174047,0.042751264,0.3833321,0.44996333
-0.010307903,0.041910224,0.1545116,0.14068843,0.10001269,0.0077602463,0.017001877,0.064311326,0.08758391,0.008582626,-0.14195979,0.04007961,-0.12061858,0.14413613,0.14628807,0.105697766,0.070810914,0.05365166,0.058199935,0.10339779,0.12950455,0.12503906,0.048588835,0.19646542,1.0,0.33921728,0.36741903,0.27017817,0.14450568,0.08600739,0.36887708,-0.0712071,0.08427076,0.2517164,0.114099935,0.11540833,0.015705014,0.18394764,0.17809057,0.32765007,0.03936366,0.0462106,0.04231285,0.071795434,-0.053955745,0.26070946,0.016865162,0.050609466,-0.1183868,0.05313277,-0.17675585,0.0108790295,-0.21638484,0.041266687,0.14604849,0.08559965,-0.0494601,0.12357962,-0.026436407,-0.20729059,-0.0307731,-0.11250702,-0.13059434,0.13647386,-0.08792386,-0.0017300327,0.03710873,0.19024374,0.1578388,0.08170358,0.088286355,0.12836444,0.16032282,0.12953115,-0.06755754,0.31410488,-0.0016960921,-0.053676326,0.16115661,0.038221624,-0.0066340044,0.1371081,-0.070444606,0.2166748,-0.12322163,0.17377038,0.11763889,-0.08642716,0.11013868,0.16350594,0.0516058,0.029159434,0.06807059,0.2678894,0.17201632,0.00872634,0.100993276,0.0041524535,0.03805754,0.18406916,-0.17923562,0.1199297,0.031027053,0.118786156,0.10634409,0.111036465,0.0023793678,0.09421285,0.0990852,0.09801375,0.016696995,0.19957475,0.1412549,0.103961065,0.19293505,0.18592496
-0.065455645,-0.011488225,0.13256949,0.11192245,-0.0016467589,-0.18312296,0.006912722,-0.13123257,0.011608265,0.119656496,-0.010387523,0.19493397,-0.11084356,0.022532156,-0.007820328,0.1901271,0.08886638,0.13976125,0.06418015,0.119180985,0.007092265,0.30851886,0.16845946,0.16492224,0.33921728,1.0,0.56062,0.35725957,0.16307282,0.22351673,0.55371976,0.05408768,0.057253987,0.22091734,0.18384452,0.1719366,-0.0054876273,0.18344735,0.14838825,0.08388801,-0.09452653,0.35726956,-0.018321268,0.012952661,-0.091029845,0.14204583,0.0019200403,-0.005415581,-0.090928294,-0.024539864,-0.014602838,-0.059178572,-0.00734568,-0.015599017,0.07507427,0.011556433,-0.04438688,0.0811116,-0.059181765,-0.013171582,0.05928153,-0.10181622,-0.08407817,0.013377122,0.15550514,-0.07086107,0.012404423,0.0012374974,-0.027367793,0.00462321,-0.045114662,0.10012468,-0.10349549,0.04403717,-0.024603182,0.28255427,0.27625465,0.033001527,0.24880262,0.10974039,0.012143985,0.043372203,-0.0818186,0.07661227,-0.033980217,-0.03154987,0.04061806,-0.05422903,0.12234127,0.13967408,0.22267896,0.14023513,0.31454676,0.39958495,-0.078823484,-0.032151878,0.07143135,-0.13271992,0.01241852,0.026847765,-0.05519804,0.2544335,0.25939715,0.2510221,0.046323862,0.15669075,-0.049404863,0.043408416,0.19751981,-0.046699625,-0.060632773,0.038692296,-0.048962776,-0.08924994,0.08697321,0.0052050366
0.014328119,0.017976142,0.22642513,0.17968248,0.29929054,-0.058560695,0.08135147,-0.017055055,0.26841447,0.2140553,0.13580514,0.29732263,0.01628317,0.28381518,0.20420325,0.3141856,0.20325218,0.2606395,0.2180137,0.3194422,0.08634209,0.27195802,0.25075257,0.2110718,0.36741903,0.56062,1.0,0.50571156,0.29519862,0.43668786,0.55380845,0.0656159,0.29153448,0.43183073,0.34779528,0.34216824,0.32764164,0.34070078,0.4872501,0.27986985,0.24601342,0.5911042,0.09039617,0.15610294,-0.16952126,0.25554883,0.08729208,0.12813464,-0.20710394,-0.048954275,-0.15690258,-0.20789988,-0.008076579,-0.0884446,0.29328382,0.25460058,-0.04680796,0.0521465,-0.1024862,-0.07734821,-0.01678232,-0.24973653,-0.0774575,0.13070923,-0.12699647,-0.17168374,0.1150883,0.21662508,0.18148758,0.11587452,0.24609818,0.26605326,0.19696426,0.29132202,0.15966347,0.45361173,0.4259638,0.39107624,0.27862632,0.27032197,0.18285316,0.31035632,0.0029998932,0.12859355,0.07148692,0.046045035,0.005560811,0.1509676,0.30940408,0.24355288,0.3090014,0.2535196,0.1510326,0.33058488,0.20340505,0.23096047,0.32586017,0.110192336,0.15502928,0.23016426,0.114643134,0.27411878,0.347182,0.36500847,0.27804908,0.26418906,-0.047257874,0.22251463,0.30622748,0.10219993,0.15405504,0.122433625,0.030632079,-0.0116945235,0.31756148,0.29803857
0.071708694,0.1079859,0.12890457,0.10774489,0.099577196,0.05364832,0.1040694,0.10943188,0.086583495,0.17357196,0.15875866,0.19789337,0.07959656,0.20859854,0.16840409,0.21983548,0.13541426,0.19043367,0.15798028,0.300997,0.048014957,0.07821599,0.19566387,0.25427446,0.27017817,0.35725957,0.50571156,1.0,0.16276568,0.33038673,0.44534364,0.14537703,0.1327609,0.27792084,0.2445004,0.14455168,0.1909461,0.24420431,0.33191082,0.23195408,0.17188446,0.5274229,0.05122083,0.14276491,-0.071014315,0.21496746,0.099580996,0.12290746,-0.10829266,-1.6514126e-05,-0.027842643,-0.14035079,0.0281873,0.06734277,0.16651645,0.25285742,-0.02796599,0.0637091,-0.14971796,-0.112828,-0.08287637,-0.109114446,-0.045393053,0.12844798,-0.04999504,-0.08948115,0.10804848,0.15993272,0.2950785,0.16336598,0.17481999,0.20941831,0.15435801,0.20617677,0.036765173,0.38144985,0.15588209,0.33403563,0.25633913,0.23250754,0.15848982,0.25193873,0.045579698,0.13580789,0.059612885,-0.09368869,-0.10607454,0.027623393,0.09868686,0.13469599,0.08436873,0.14081869,-0.011220131,0.09127987,0.22506407,0.25814,0.19082683,0.22689615,0.17112169,0.26688325,-0.04879848,0.042600404,0.2600042,0.19833417,0.23469472,0.30489922,0.10721484,0.13535541,0.28194985,0.043366197,0.09843662,0.10583175,0.088149734,-0.048240498,0.22300802,0.25006482
0.37780562,0.5405704,0.5295817,0.38961783,0.37521055,0.10856174,0.4128339,0.3715973,0.30235517,0.40394846,0.7014191,0.81753874,0.40232626,0.6410513,0.5970002,0.52005005,0.8355254,0.83931386,0.5348532,0.723648,0.6007501,0.5771733,0.5481958,0.52427095,0.14450568,0.16307282,0.29519862,0.16276568,1.0,0.65262264,0.45727384,0.4140813,0.7649514,0.7005963,0.4764988,0.21240994,0.5233694,0.6047269,0.48039827,0.54393107,0.5770578,0.34242302,0.5308024,0.5667228,0.015618437,0.26717785,0.5799905,0.6596378,-0.122652054,0.048373397,-0.26960677,0.12395694,0.015288564,0.3536963,0.6916307,0.6162262,0.4185908,0.55434924,-0.4296343,-0.47564358,0.12638094,-0.124200724,0.35829926,0.28104323,-0.18405448,0.0011611384,0.30433667,0.3914819,0.5180121,0.5579496,0.41341475,0.34045026,0.66703486,0.29732364,0.43153608,0.499942,0.36393887,0.26545435,0.74598175,0.43235135,0.7109354,0.40391654,0.482408,0.335761,0.2139116,0.63011163,0.17467386,0.10708778,0.45948735,0.67644054,0.407353,0.25904107,0.21456414,0.2500205,0.67254627,0.45798782,0.7138617,0.61979735,0.6656487,0.52579725,0.07674291,0.18614611,0.44504926,0.4447646,0.52339655,0.52388054,-0.056103367,0.31994784,0.5787733,0.546086,0.6376251,0.6095524,0.68396366,0.37752113,0.51827663,0.38555545
0.29746965,0.37079415,0.46302706,0.4490626,0.33757058,0.21167016,0.4148476,0.36564973,0.3979926,0.566233,0.6074951,0.6388796,0.43845248,0.4566928,0.6098792,0.7204779,0.5449101,0.73496205,0.52463865,0.60230345,0.41865486,0.4647354,0.52754086,0.4857207,0.08600739,0.22351673,0.43668786,0.33038673,0.65262264,1.0,0.5624164,0.51175874,0.65437055,0.6126424,0.64809865,0.3037808,0.6433889,0.73844534,0.5525103,0.51086164,0.5267325,0.491937,0.48082334,0.55266225,0.09611862,0.29948062,0.5981374,0.6095423,-0.037477296,0.08623492,0.046728276,0.06064431,0.3463854,0.17817865,0.7193443,0.6896187,0.3538206,0.3236537,-0.20891969,-0.20402262,0.18928586,-0.09410457,0.3159947,0.10702952,0.049928367,-0.136301,0.34948373,0.3616605,0.3677407,0.45287663,0.46699953,0.33602357,0.36897132,0.42109188,0.33954334,0.47980928,0.57622975,0.5521295,0.41347027,0.60215765,0.6550973,0.46621752,0.50006646,0.45721465,0.46558148,0.44476634,0.101054385,0.35168493,0.6642977,0.45460764,0.6594512,0.4155298,0.43888122,0.31695437,0.5414047,0.4735668,0.7269206,0.6049679,0.724565,0.54098713,0.38201666,0.20392713,0.6135198,0.4398658,0.53425264,0.45650396,0.20202687,0.5925059,0.5639823,0.35657474,0.5560215,0.62216014,0.41138035,0.21608889,0.35520595,0.42979917
0.1188355,0.33468035,0.36016566,0.35566357,0.1952381,-0.0028398754,0.15430236,0.14172053,0.2707245,0.26544085,0.21335898,0.50856197,0.09297755,0.3490888,0.33299923,0.45841226,0.42589027,0.5200371,0.3416297,0.4482452,0.21714363,0.39887637,0.3990179,0.45318353,0.36887708,0.55371976,0.55380845,0.44534364,0.45727384,0.5624164,1.0,0.30029896,0.46499932,0.5326512,0.44679168,0.31662622,0.2979344,0.4878224,0.4595111,0.48215804,0.17787726,0.39863148,0.23248415,0.36514625,-0.07812703,0.30701452,0.32121065,0.38230935,-0.20137846,0.094602615,-0.06423171,0.102718815,-0.0025915348,0.11344936,0.40557602,0.48684433,0.14991051,0.3763043,-0.1544126,-0.20841101,0.11922045,-0.012481161,0.04363723,0.18415609,0.06950132,-0.019575924,0.18151943,0.2912612,0.27405578,0.24528056,0.20756973,0.28533316,0.2548517,0.28907108,0.16590826,0.36518234,0.4871779,0.30506164,0.43237424,0.4078327,0.24855249,0.38479987,0.12163204,0.3851997,0.036144022,0.30793422,0.059325777,0.10223457,0.25015855,0.42089972,0.37446412,0.27146882,0.21893221,0.40282,0.4247157,0.29721552,0.4913034,0.3485936,0.3838068,0.40756667,0.06756526,0.28773716,0.29815504,0.44345567,0.34160542,0.30742115,0.12426555,0.26314154,0.3920149,0.27113506,0.36603707,0.387053,0.2917858,0.05410251,0.31599596,0.27954683
