1.0,0.14988549,0.64440864,0.23561242,-0.50553495,-0.1554639,0.7547634,-0.13465229,-0.115059756,-0.054756228,0.29923335,-0.18711409,0.5839651,-0.36768988,-0.35381848,-0.2824826,0.593276,0.14479691,0.67397046,0.15573168,-0.107446596,0.074688174,0.40540028,-0.08558566,-0.43796343,-0.2713232,-0.20066047,0.08797761,0.010494382,0.1338935,-0.019610723,-0.3208145,0.6685757,0.047860246,0.03755,0.088641,-0.08368578,-0.19673249,-0.11441487,-0.17397153,-0.32971445,0.1736303,0.42648023,0.2740113,0.49370077,0.28083795,0.2961926,0.24736166,0.6013774,0.36053795,0.6768527,0.3292011,0.37326372,0.51244575,0.13066514,-0.101446204,0.801476,0.3768341,0.8007756,0.4488201,0.8417085,0.12101803,0.5855487,0.059645556,0.7875837,0.15826963,0.61974835,0.4239446,0.70440483,0.61004376,0.14421935,-0.016042527,-0.34654123,0.19353601,-0.26275817,0.49115694,0.21520959,-0.014710157,0.3493642,0.12203208,0.5334038,-0.28165367,-0.119591214,-0.14803472,0.42806372,-0.3138325,0.019593794,-0.5972165,-0.09429868,-0.28414896,0.17150296,0.2524579,-0.046136286,0.059114173,-0.1225941,-0.040345676,0.035515603,0.47682577,0.21124516,0.5024464,-0.14741188,-0.07860121,-0.34168723,-0.2966124,0.11623119,0.2412585,0.105962515,-0.016434314,0.10416822,0.2180781,0.2974485,0.2180087,0.26267707,0.043402664,0.009625894,-0.038706485
0.14988549,1.0,0.060897447,0.634663,0.43422946,-0.42762396,-0.146505,0.77060944,0.08556928,0.18518043,0.05922106,0.3606859,-0.35850707,0.5417925,0.008632848,-0.31254646,0.07828185,0.39701983,0.33922642,0.4860931,0.23958565,-0.37016654,-0.10196945,-0.022849137,-0.3751403,-0.49504307,-0.3174091,-0.45064992,0.01760404,0.069343425,-0.3730981,-0.083271585,-0.020486327,0.23757255,-0.31555566,-0.119691744,-0.28001067,-0.36554918,-0.4092096,-0.38434562,0.39282602,-0.3814141,-0.10884636,-0.02696231,0.009398532,0.17719287,-0.058947895,-0.0012177521,0.12005982,0.430206,0.091121644,0.52958924,0.117832445,0.36578634,-0.10555224,-0.04004378,-0.006572831,0.6146576,0.2355195,0.6922311,0.07515035,0.8154409,-0.110393025,0.7511123,0.03434746,0.7012969,0.12642209,0.12876494,0.42958954,0.23158337,-0.62056005,-0.51581734,0.16517302,-0.51002085,0.002762696,0.05296317,-0.23722823,-0.09584761,0.17684907,-0.0016172512,-0.43113238,0.54007155,-0.49650225,-0.21581428,-0.5823711,0.38592738,-0.118857436,-0.07707217,-0.54118025,0.062466245,-0.089097776,0.05936814,-0.33646435,-0.16180374,-0.27601367,-0.37786576,-0.21679473,0.039998572,0.0942859,0.05238506,-0.2663432,-0.21501149,0.056384727,-0.11557563,-0.22147098,-0.2690706,0.4149854,-0.22734106,-0.015611277,-0.20366661,-0.11931155,-0.08617662,-0.22311652,-0.1856088,-0.19288152,-0.19518928
0.64440864,0.060897447,1.0,0.40199193,-0.2749539,0.061599415,0.7394447,-0.0066584446,0.15050106,0.09031509,0.3240536,-0.0716492,0.35980842,-0.27658293,0.0089057945,0.023960307,0.40015116,-0.0389786,0.5837783,0.22902742,0.034515757,0.01402756,0.6109273,0.19280192,-0.108933926,-0.043858536,-0.0949964,0.040479988,0.07124477,0.030396134,0.1439366,-0.18454474,0.5034992,0.053741045,-0.02208706,-0.030977063,0.09622131,-0.111062124,-0.074302666,-0.17692065,-0.2501635,0.1537394,0.27288517,0.20331591,0.29632294,0.16299458,0.2390886,0.18778934,0.3319095,0.18925208,0.35204107,0.04189839,0.28104717,0.237155,0.14623232,-0.0129845375,0.5696989,0.31423172,0.4861895,0.15763506,0.55414975,-0.032751378,0.3545308,-0.11367934,0.41633964,-0.011197944,0.48955292,0.37487888,0.51108736,0.4349834,0.23030311,0.009768896,-0.25262055,0.10387891,0.029553551,0.1580681,0.22815816,0.023637107,0.23514359,0.05422767,0.4059534,-0.21368189,0.090364926,-0.028908739,0.34940907,-0.1674998,0.04439079,-0.36040092,-0.039313674,-0.124045454,0.12850569,0.22417644,-0.14622346,-0.031536497,-0.0021082237,-0.037973657,0.078707784,0.41102436,0.14809763,0.40982905,-0.06865154,-0.07902195,-0.21318126,-0.15347756,0.03180147,0.10241528,0.08286612,0.16737157,-0.14225742,0.043719515,0.28765857,0.12615927,0.06774384,0.10967879,-0.016228493,-0.18961751
0.23561242,0.634663,0.40199193,1.0,0.22548929,-0.1094792,0.18861476,0.68477595,0.051748194,0.152663,0.34302604,0.5717991,-0.0044473037,0.4714642,0.11336932,0.038315438,0.27487713,0.40145662,0.43054003,0.6645379,0.31990823,-0.041916862,0.35868502,0.3854338,-0.047497664,-0.08725014,-0.11514904,-0.18634781,0.310533,0.21158838,0.09589454,0.23137596,0.23096475,0.47070423,0.049131893,0.08829721,0.066329576,-0.02608021,-0.050742812,-0.08874841,0.29387695,-0.09835704,0.11642071,0.21876664,0.1975554,0.24634871,0.16830418,0.15641417,0.092451155,0.21878323,0.05349461,0.38556764,0.13705958,0.2760327,0.123069145,0.1521432,0.09373004,0.6275072,0.118561,0.3446194,0.09179127,0.55329645,0.007182577,0.5697764,-0.011600445,0.55788285,0.34643513,0.4003597,0.39375973,0.2988338,-0.11993396,-0.09339995,0.31820694,-0.14969936,0.14374697,-0.08463614,0.14615373,0.25807062,0.1430835,0.14829914,-0.14163204,0.53871197,-0.11003655,0.13275549,-0.24897206,0.5071339,-0.17875493,-0.035951793,-0.3090726,0.2076191,0.09743414,0.25365824,-0.13181213,0.059138194,-0.11173453,-0.12466408,-0.01949289,0.23779169,0.2794201,0.32519424,0.012871102,0.010093386,0.11074379,-0.02021216,0.10946913,0.03081118,0.36048025,-0.009162191,0.09701521,-0.16122077,0.18253955,0.19624662,0.069114394,0.010702112,0.07396556,-0.13807373
-0.50553495,0.43422946,-0.2749539,0.22548929,1.0,-0.07248462,-0.6181739,0.5310141,0.45603293,0.4274958,-0.00084589556,0.36269674,-0.62381387,0.6451328,0.57776195,0.13665347,-0.50287443,-0.005390418,-0.17803633,0.23800464,0.36344135,-0.18373872,-0.1630896,0.21536545,0.26324776,-0.0017782634,0.09460416,-0.46410364,0.07495902,-0.112423375,-0.08684432,0.22196493,-0.38741413,0.032199703,-0.28117865,-0.26121518,0.05809132,-0.050918765,-0.06760557,-0.16049579,0.63448524,-0.410885,-0.31397936,-0.12605584,-0.38158584,0.030625444,-0.16120549,-0.14350793,-0.34273538,0.048781883,-0.34807768,-0.03770887,-0.056221653,-0.1995708,-0.005151454,0.13147098,-0.49210185,0.06499055,-0.412753,-0.046323698,-0.49316075,0.2570013,-0.44006485,0.2711287,-0.49054196,0.13068683,-0.3561243,-0.21893561,-0.19962323,-0.2027225,-0.3573936,-0.28804433,0.43660885,-0.5230127,0.22257145,-0.424114,-0.36134693,-0.1348257,-0.2435215,-0.22692157,-0.5254686,0.49514067,-0.028543167,0.03194806,-0.43785238,0.40237156,-0.10990898,0.5474485,-0.059502758,0.2945086,-0.092028104,-0.08735769,-0.12874901,-0.13355076,-0.077853,-0.2269075,-0.073280945,-0.3295201,-0.047476847,-0.29700375,0.06522958,-0.1497172,0.21929072,0.0498025,-0.28873044,-0.40848008,0.12685035,-0.22338977,-0.108527176,-0.30205578,-0.30218902,-0.21532924,-0.36013162,-0.21945125,-0.2776162,-0.15991147
-0.1554639,-0.42762396,0.061599415,-0.1094792,-0.07248462,1.0,0.026147872,-0.28413224,0.20633744,0.33251655,0.04587891,0.01900556,0.15981443,-0.18779697,0.2936816,0.49972665,-0.14601728,-0.19782627,-0.081565864,-0.032385822,0.029426226,0.1542698,0.15702458,0.24035643,0.47867313,0.5230051,0.27540323,0.36120656,0.11801513,-0.08659816,0.29954267,0.16841102,0.1072965,0.08260326,0.22569162,0.12076023,0.30886167,0.42239216,0.36438206,0.42497072,-0.13005103,0.29202974,0.17807348,0.20876381,0.0726825,0.011436653,0.15188187,0.14988434,-0.040551223,-0.20256236,-0.11255041,-0.17944579,-0.053047556,-0.24548852,0.19592737,0.1614698,-0.059467692,-0.1926468,-0.30606472,-0.56845015,-0.09098143,-0.35147542,0.01203365,-0.30647054,-0.2330618,-0.38190553,0.029356543,0.052865956,-0.20053712,-0.115138225,0.36618096,0.342299,0.107918024,0.30018464,-0.008892232,-0.21047659,0.17857152,0.124891266,-0.30921143,-0.086598895,0.22457245,-0.10130353,0.465155,0.37986097,0.283147,0.036177963,0.25136957,0.3261902,0.34437138,0.1637742,0.038357876,-0.08077346,0.11600299,0.046663396,0.20947494,0.31208047,0.13007346,-0.06919657,0.0010439592,0.007240487,0.13873252,0.114665166,0.002894768,0.16192782,0.16590095,0.03161198,-0.17074437,0.16616878,0.033351127,0.05629944,0.06763183,0.1790704,0.06274213,0.06867563,0.09707817,0.103298366
0.7547634,-0.146505,0.7394447,0.18861476,-0.6181739,0.026147872,1.0,-0.23114637,-0.18321753,-0.1638885,0.20291454,-0.30191708,0.58787924,-0.5357481,-0.30602905,-0.16479354,0.55869365,-0.031051919,0.44822338,-0.056060728,-0.2669992,0.023575122,0.43919325,-0.086253375,-0.34020737,-0.16481934,-0.123143375,0.19728033,-0.101532385,0.055367216,0.037644204,-0.35526922,0.5726536,-0.04104403,0.14943784,0.1343867,-0.040501256,-0.16928566,-0.10330959,-0.11979605,-0.47734407,0.27719018,0.2810526,0.11600189,0.38197607,0.058200933,0.16176878,0.107597925,0.37519282,0.063415356,0.4107679,0.01042141,0.11879261,0.16126749,0.016538521,-0.18652093,0.6555193,0.13025886,0.6276228,0.19973408,0.6803743,-0.1882485,0.51001036,-0.1782445,0.6467049,-0.010408842,0.46172184,0.2933131,0.4554263,0.40867534,0.27695188,0.050105758,-0.4870082,0.31371164,-0.15811612,0.35935777,0.2757917,0.008229522,0.2880259,0.11886573,0.5702709,-0.4739159,0.0015349194,-0.1423941,0.47724864,-0.45254833,0.081782535,-0.6073603,-0.0021755535,-0.35759297,0.03760971,0.13424672,-0.16893862,-0.056737978,0.015995272,0.050641753,0.073666334,0.4728348,0.06460303,0.42437595,-0.11181639,-0.017974975,-0.29859126,-0.16945426,0.10500422,0.26402816,-0.032674637,0.26753366,0.059985794,0.17664689,0.28781486,0.15684903,0.20686385,0.19882827,0.12150362,-0.122878976
-0.13465229,0.77060944,-0.0066584446,0.68477595,0.5310141,-0.28413224,-0.23114637,1.0,0.11126429,0.26216173,0.06371704,0.5421032,-0.44476223,0.7122852,0.089279816,-0.10405324,-0.022955162,0.38115898,0.12709634,0.45702404,0.28117406,-0.24732152,-0.089861736,0.12151184,-0.18165673,-0.3179881,-0.11833727,-0.4682268,0.19247217,0.18218584,-0.2233111,0.09119112,-0.18066415,0.28273243,-0.119542964,0.00046993396,-0.068710506,-0.23915295,-0.16933912,-0.24986964,0.6346406,-0.33367518,-0.30598223,-0.15189631,-0.19764617,-0.0031956402,-0.14819466,-0.10508564,-0.23727329,0.10927832,-0.23011538,0.30099204,-0.09897744,0.084939726,-0.1254556,0.004757263,-0.32162198,0.35410684,-0.13330588,0.3788544,-0.26713714,0.61626816,-0.31537518,0.6842831,-0.18951161,0.6426738,-0.09629848,0.0007362827,0.1347292,-0.034179606,-0.486637,-0.447062,0.37844348,-0.5148631,0.3265206,-0.2042318,-0.16662458,0.046009377,0.14639871,0.06473451,-0.5415107,0.62774736,-0.31733632,-0.0580321,-0.6304464,0.492782,-0.2106831,0.05876274,-0.4065874,0.15513672,-0.09668065,0.009109157,-0.32100415,-0.18839817,-0.0013747136,-0.26866758,-0.14593773,-0.08503875,0.14603089,-0.055825222,0.00799261,-0.04663413,0.3411421,0.09605084,-0.19857997,-0.29950303,0.4162528,-0.027010752,0.087812304,-0.29558137,-0.17030051,-0.06390105,-0.24194138,-0.055581044,-0.105289556,-0.23736377
-0.115059756,0.08556928,0.15050106,0.051748194,0.45603293,0.20633744,-0.18321753,0.11126429,1.0,0.68161136,-0.12228409,0.022227677,-0.3773881,0.061245684,0.576209,0.3380631,-0.4076975,-0.26723224,0.20928997,0.16573615,0.18171757,-0.06975246,0.17921107,0.3207879,0.27735373,0.122387156,0.34719008,-0.37486982,0.017039582,-0.0531584,0.0330394,0.013106634,-0.086769566,-0.13208272,-0.26859534,-0.33977178,0.04127339,-0.10062387,-0.02131768,-0.17517246,0.25790256,-0.21173388,-0.1293314,-0.065102935,-0.17221634,0.038165092,-0.07745342,-0.09324398,-0.10002002,0.10701499,-0.13210091,-0.08562875,0.005520997,-0.14609715,0.009901455,0.039237626,-0.109377876,0.028380375,-0.119798586,-0.12682506,-0.049938474,0.021244848,-0.2506655,-0.05745804,-0.15796414,-0.16120715,-0.10974032,-0.096466556,0.07055159,-0.06636193,0.0076262983,-0.19700827,0.11350132,-0.32134557,0.09415376,-0.36734134,-0.3108761,-0.29348984,-0.21588938,-0.3530832,-0.20675743,0.089057624,0.10606388,0.035062842,-0.1188582,0.07946014,0.11774214,0.28416026,-0.11253164,0.025368806,-0.21882753,-0.1045784,-0.18705098,-0.11953323,-0.027612807,-0.22179788,-0.11953419,-0.117571354,-0.16870269,-0.104707494,-0.03137033,-0.10503908,-0.094976574,-0.04649957,-0.27718922,-0.3098143,-0.043625426,-0.16112375,-0.1590365,-0.2648162,-0.17826995,-0.17155762,-0.2895791,-0.03931914,-0.20635349,-0.21378683
-0.054756228,0.18518043,0.09031509,0.152663,0.4274958,0.33251655,-0.1638885,0.26216173,0.68161136,1.0,-0.02410576,0.15898964,-0.27978957,0.23635277,0.3774687,0.34183717,-0.30928555,-0.06775928,0.13897903,0.17491145,0.17429022,-0.09091189,0.11243753,0.21711816,0.12027586,0.04406104,0.2178385,-0.2951802,0.03355223,-0.11774887,-0.059678834,0.054439586,-0.00068249175,0.023377815,-0.1356288,-0.1373121,0.024957705,-0.022965921,-0.010702531,-0.024271408,0.39601436,-0.121899724,-0.081503056,0.015560144,-0.1057397,0.09733029,-0.043249622,-0.046201352,-0.082568824,0.10380747,-0.060443517,0.033220723,-0.00075388746,-0.18842204,0.05509487,-0.010042991,-0.09063236,0.06839388,-0.106015116,-0.105003,-0.033948354,0.09586198,-0.10636264,0.033796262,-0.14121157,-0.004214758,-0.024948193,-0.020039003,0.1368682,-0.030756235,-0.08740973,-0.26271522,0.16094935,-0.3193748,0.02732824,-0.3263419,-0.26821384,-0.21336177,-0.20353927,-0.31954482,-0.2378534,0.16157202,0.08477426,0.14146128,-0.14323421,0.1704793,0.13406534,0.26927993,-0.029939272,0.0060213534,-0.14860545,-0.23899461,-0.14120267,-0.26384217,-0.037317593,-0.18301482,-0.14324026,-0.21334538,0.04043008,-0.12401559,-0.0005452109,-0.18138807,0.027397223,-0.058700413,-0.23204388,-0.4117066,0.13761337,-0.11653333,-0.05542389,-0.28202432,-0.2518129,-0.0812573,-0.29629412,-0.14786397,-0.25330827,-0.13264042
0.29923335,0.05922106,0.3240536,0.34302604,-0.00084589556,0.04587891,0.20291454,0.06371704,-0.12228409,-0.02410576,1.0,0.48003617,0.54095227,0.29764605,0.075237945,0.24207057,0.5210265,0.4439737,0.35808578,0.42590168,0.26680747,0.44844484,0.48644227,0.36178827,0.22732395,0.37571853,0.07186719,0.32779482,0.5261671,0.1229942,0.3018352,0.26149416,0.42139912,0.30296516,0.09674138,0.12969634,0.44968498,0.44515488,0.41166314,0.3961465,0.22344348,0.40682605,0.24950452,0.2735636,0.13310623,0.22727717,0.3182939,0.26534972,0.061099723,-0.002892726,0.13848954,-0.050877,0.36780927,0.18759713,0.55285466,0.30229846,0.42699236,0.3033991,0.025045289,-0.14357938,0.19449727,-0.06085326,0.4862324,0.02843192,0.07293626,-0.09791451,0.30124882,0.31881636,0.12793483,0.26357463,0.35570198,0.41224614,0.28714597,0.42046127,0.062027685,0.23752195,0.5813569,0.5293904,0.07328233,0.3953422,0.51653355,0.19900425,0.4956914,0.49706423,0.46137086,0.120288156,-0.00912813,0.17034198,0.46616533,0.33202815,0.4886342,0.2773897,0.32980713,0.21126403,0.07051626,0.28678694,0.3088413,0.2106595,0.37959135,0.3571535,0.34428114,0.07055589,0.18934418,0.044339202,0.38948107,0.3162921,0.26359862,0.017107233,0.0583211,0.33886826,0.27955717,0.31033078,0.21764219,-0.028479375,0.24584752,0.047686547
-0.18711409,0.3606859,-0.0716492,0.5717991,0.36269674,0.01900556,-0.30191708,0.5421032,0.022227677,0.15898964,0.48003617,1.0,0.012289637,0.77359015,0.17784306,0.39129186,0.14643879,0.5581852,0.07894703,0.65387607,0.51012045,0.27085066,0.31365713,0.61261684,0.35803112,0.2693164,0.18678415,-0.011442268,0.6482824,0.41056266,0.38529631,0.64844084,0.09445418,0.58862996,0.1957497,0.18633702,0.436716,0.38140142,0.3401836,0.31215882,0.51939124,-0.026339298,0.06939217,0.26827145,-0.048882447,0.1538196,0.21544887,0.2192096,-0.2384367,-0.051889006,-0.23598234,0.17333205,0.12057952,0.2047814,0.35060138,0.42434675,-0.20327973,0.40023708,-0.40679327,-0.13603765,-0.3080875,0.33586583,-0.114541635,0.47538343,-0.4047766,0.25097945,0.11683441,0.32674745,-0.03452645,0.044580538,0.11454381,0.27539188,0.71647304,0.06636372,0.41223544,-0.1553479,0.31761688,0.5636435,0.026341159,0.35555747,-0.15996942,0.7536121,0.20609823,0.4613778,-0.18514563,0.71528214,-0.4053535,0.39644462,0.027250176,0.5572831,0.28956777,0.29293817,0.26019734,0.32214206,0.11028749,0.1569809,0.1104116,0.0640016,0.3685561,0.19113742,0.3702914,0.23398785,0.38111907,0.18928206,0.29225716,0.12373587,0.24725072,-0.079418145,0.16630468,-0.050341003,0.21549946,0.27538642,0.19149491,0.064218506,0.12343489,0.12693554
0.5839651,-0.35850707,0.35980842,-0.0044473037,-0.62381387,0.15981443,0.58787924,-0.44476223,-0.3773881,-0.27978957,0.54095227,0.012289637,1.0,-0.28755865,-0.35321042,0.015382198,0.65454495,0.22914469,0.2890779,0.03178499,-0.16181898,0.43656582,0.41334096,0.08771827,-0.001465039,0.24681036,0.06633053,0.5720832,0.26720944,0.20153344,0.30012122,0.01484666,0.54514325,0.12572807,0.34819508,0.30096254,0.28214264,0.3652704,0.3919636,0.38256067,-0.3361189,0.52959204,0.42836112,0.2857199,0.38661864,0.11072251,0.3214821,0.25099227,0.31077266,-0.07188869,0.38245627,-0.013701747,0.25202006,0.25091404,0.3778564,0.11222103,0.6167462,0.062339492,0.2935478,-0.10337346,0.48180658,-0.30323952,0.5936746,-0.19808324,0.46341875,-0.20006579,0.43129826,0.35205233,0.16655675,0.3155944,0.52176607,0.50601786,-0.14000118,0.67144406,-0.163418,0.41455626,0.62032574,0.41061142,0.1803517,0.370692,0.7466755,-0.31205514,0.33830371,0.2754914,0.7163634,-0.25368622,0.033762928,-0.27513206,0.43528223,0.006279163,0.3895109,0.30705836,0.34983718,0.2989025,0.13915825,0.4111123,0.29872113,0.3961883,0.27000296,0.47086874,0.24967502,0.19215061,-0.072623916,-0.046542086,0.4642409,0.5516864,-0.060346894,0.1921907,0.23252149,0.47919527,0.4709844,0.34599438,0.45670885,0.1906351,0.33082518,0.24246386
-0.36768988,0.5417925,-0.27658293,0.4714642,0.6451328,-0.18779697,-0.5357481,0.7122852,0.061245684,0.23635277,0.29764605,0.77359015,-0.28755865,1.0,0.19888456,0.11210559,-0.12632102,0.45310482,-0.12419428,0.45173332,0.4432205,0.040902115,-0.013322511,0.3607366,0.17808273,0.021397745,0.0822905,-0.2752532,0.3783835,0.16317898,0.019190984,0.43398875,-0.225629,0.30340236,-0.03820514,0.027502969,0.24174444,0.14159611,0.1492796,0.10371067,0.74944395,-0.20863482,-0.21531092,-0.0048441296,-0.27922058,0.059555545,-0.020104382,0.0065035424,-0.38370344,-0.047867216,-0.30244422,0.124081045,0.029036833,0.045607403,0.17574945,0.27169263,-0.39202285,0.25108173,-0.43457368,0.013147083,-0.47786674,0.37764475,-0.30632356,0.4605812,-0.4542143,0.29992884,-0.14553101,0.050272614,-0.1350768,-0.12670323,-0.25168008,-0.091197535,0.63239884,-0.29607123,0.35899502,-0.23899487,0.024764674,0.3009532,-0.08152037,0.121255584,-0.46499678,0.7072941,0.032648705,0.2704648,-0.4111247,0.622095,-0.2979916,0.44922593,-0.022728376,0.40483877,0.16257845,0.06503211,0.07972956,0.010356632,0.026778251,-0.09902748,0.044962775,-0.1717209,0.25437257,-0.06888707,0.25497794,-0.0072248997,0.4550503,0.10267806,0.03297825,-0.15401797,0.35973793,-0.15111919,0.098663114,-0.17825487,-0.06986292,0.015186889,-0.13397017,-0.122392945,-0.026865449,0.031739745
-0.35381848,0.008632848,0.0089057945,0.11336932,0.57776195,0.2936816,-0.30602905,0.089279816,0.576209,0.3774687,0.075237945,0.17784306,-0.35321042,0.19888456,1.0,0.504314,-0.40676177,-0.21551307,-0.05625358,0.116619386,0.42374986,0.07752565,0.13964404,0.39402854,0.5923234,0.41992298,0.37624225,-0.13857725,0.14856905,-0.19390675,0.1628287,0.21035463,-0.09176392,0.041444518,-0.111642405,-0.1505354,0.2691348,0.22379717,0.17843616,0.07744594,0.2555988,-0.090510175,-0.0157613,0.11401216,-0.13177206,0.14095984,0.04545411,-0.0017347188,-0.19008851,0.011329568,-0.29561678,-0.2321792,-0.049628887,-0.29952362,0.2071197,0.18049519,-0.24518292,-0.00063932635,-0.33203244,-0.38863105,-0.25629595,-0.08247088,-0.18541221,-0.042943608,-0.41899914,-0.20929646,-0.13800462,-0.05403494,-0.20806755,-0.103156015,0.070774175,0.101391196,0.36223134,-0.09424589,0.086515956,-0.3622435,-0.076836936,-0.012484861,-0.4194154,-0.23808585,-0.07442681,0.18132506,0.38553822,0.2754361,-0.010788466,0.212291,0.19022891,0.60184216,0.22480716,0.29659975,-0.07549389,-0.033860188,-0.0985832,0.010218604,0.0298043,-0.013083512,0.058594562,-0.0965201,-0.061990432,-0.103293255,-0.01185736,-0.044796567,0.051348817,0.14863302,-0.123039156,-0.17739981,-0.060636498,-0.09090276,-0.27824554,-0.21469395,-0.091250785,0.04552849,-0.17882146,-0.013203629,-0.13716516,-0.22565815
-0.2824826,-0.31254646,0.023960307,0.038315438,0.13665347,0.49972665,-0.16479354,-0.10405324,0.3380631,0.34183717,0.24207057,0.39129186,0.015382198,0.11210559,0.504314,1.0,-0.12088425,0.060061052,-0.056388363,0.22760132,0.38572276,0.48649994,0.41180652,0.6097153,0.6734646,0.6759828,0.46496722,0.30461508,0.43797675,0.14512755,0.54492694,0.51195216,0.13713774,0.34707555,0.3497014,0.13762002,0.5751057,0.63140184,0.5094771,0.5526939,0.12390832,0.31620762,0.15652551,0.28160745,0.008240151,0.07955473,0.22678748,0.17302755,-0.19720416,-0.21063656,-0.29899925,-0.21088319,-0.013786349,-0.16001546,0.40309584,0.38981694,-0.14247055,0.053545196,-0.49511403,-0.6709911,-0.22269012,-0.19742724,-0.021593824,-0.12692064,-0.48072177,-0.31777373,0.01289438,0.15987156,-0.30369535,-0.099355794,0.49088773,0.5290229,0.4827818,0.34792995,0.23878114,-0.20310605,0.31541058,0.43414852,-0.30218536,0.11591924,0.16194648,0.27365664,0.62847054,0.70161957,0.1937345,0.39599448,0.03565401,0.61438626,0.3514471,0.47217005,0.09480688,0.09715692,0.23957187,0.3157157,0.2833236,0.37807402,0.16610682,-0.009176047,0.1407571,0.08469319,0.31635416,0.30828685,0.1453242,0.29372928,0.23198923,0.10822608,-0.06994424,0.062345423,-0.09708105,-0.075993754,0.1277914,0.24628323,0.10830041,0.18880732,0.06543219,0.05588525
0.593276,0.07828185,0.40015116,0.27487713,-0.50287443,-0.14601728,0.55869365,-0.022955162,-0.4076975,-0.30928555,0.5210265,0.14643879,0.65454495,-0.12632102,-0.40676177,-0.12088425,1.0,0.549013,0.47130042,0.31971475,-0.04287543,0.25940403,0.3498688,-0.025455998,-0.25545877,-0.007620424,-0.107529104,0.3313018,0.37866893,0.32174522,0.13069667,-0.047817543,0.553043,0.34791374,0.20110567,0.24941008,0.027817719,0.117983095,0.12138547,0.18720344,-0.18489656,0.37488225,0.31531495,0.21267174,0.39989737,0.17873417,0.22522652,0.180721,0.39597356,0.20429137,0.35219532,0.24591434,0.2584472,0.34072688,0.23583142,-0.005781395,0.610671,0.3581998,0.4576602,0.26068214,0.56083375,0.16292481,0.62289435,0.21399446,0.46347368,0.2062107,0.48875123,0.3896999,0.39456403,0.44868678,0.23776951,0.24955507,-0.08192641,0.46245405,-0.15485297,0.50255865,0.5445832,0.39607874,0.5174926,0.5169533,0.56524765,-0.01685316,0.04747523,0.10090133,0.33445174,-0.108029515,0.011886219,-0.38425133,0.09433537,0.02534909,0.31664407,0.28525865,0.16254145,0.18054435,0.01214125,0.28635022,0.16220263,0.3843928,0.3154268,0.47839794,0.13133274,0.093725875,0.044695325,0.057028305,0.4111303,0.42891705,0.2626235,0.15620339,0.26028797,0.34823388,0.4019431,0.36266035,0.43830967,0.24312998,0.33722028,0.12185905
0.14479691,0.39701983,-0.0389786,0.40145662,-0.005390418,-0.19782627,-0.031051919,0.38115898,-0.26723224,-0.06775928,0.4439737,0.5581852,0.22914469,0.45310482,-0.21551307,0.060061052,0.549013,1.0,0.2547658,0.55582595,0.24759038,0.2275194,0.20678921,0.21086027,-0.06671711,0.020521186,0.0062083555,0.1355144,0.548123,0.39452732,0.16009408,0.33995214,0.29960895,0.5663204,0.29758373,0.30723456,0.15536022,0.22235274,0.20999533,0.25406116,0.3191334,0.1363421,0.18961997,0.24392541,0.2087399,0.24957228,0.23095602,0.24859795,0.13288324,0.2032454,0.11053888,0.3922303,0.19718297,0.3385135,0.27937624,0.17476875,0.22346555,0.51389927,0.042600304,0.19145177,0.119418025,0.455256,0.34481603,0.5381912,0.021692166,0.39373428,0.30089292,0.3755801,0.1979603,0.29366562,0.028324002,0.17929243,0.43939266,0.23756194,0.11338446,0.3060978,0.4600302,0.5310526,0.2780974,0.5911535,0.08527986,0.5478793,0.039566867,0.29757842,-0.058045432,0.41102666,-0.1563684,0.08069238,0.013205773,0.3280232,0.34863022,0.32407323,0.24291927,0.29029068,0.03463486,0.20282863,0.190889,0.22916912,0.4629444,0.370117,0.30015048,0.21484049,0.36293212,0.22906876,0.43525138,0.35131463,0.43178827,0.029336272,0.30879,0.101534374,0.3163281,0.41398785,0.31079277,0.17102222,0.25073883,0.17599657
0.67397046,0.33922642,0.5837783,0.43054003,-0.17803633,-0.081565864,0.44822338,0.12709634,0.20928997,0.13897903,0.35808578,0.07894703,0.2890779,-0.12419428,-0.05625358,-0.056388363,0.47130042,0.2547658,1.0,0.5700714,0.017386775,0.039965615,0.42351043,0.13754745,-0.22445257,-0.08148849,-0.060339563,0.0035163676,0.21823873,0.21770485,0.054095633,-0.09303978,0.49122828,0.21872106,-0.15332267,-0.106465794,-0.0945616,-0.11858998,-0.12843506,-0.16197497,-0.10230391,0.049857706,0.25487167,0.1938022,0.29275227,0.262474,0.15431975,0.16035137,0.4183512,0.39037982,0.41243267,0.32987913,0.36583686,0.4256767,0.09343345,-0.07152461,0.592387,0.46752486,0.5598143,0.41822344,0.62277794,0.33525234,0.40107533,0.26235375,0.4895083,0.29257947,0.48821703,0.345473,0.6353055,0.50824356,0.08009074,-0.019581545,-0.03325534,0.06962691,-0.18446983,0.27947867,0.16052446,0.016504582,0.2931459,0.15591002,0.3479388,0.09027516,-0.09361666,-0.046304643,0.20693973,-0.010582451,0.08620603,-0.3333475,-0.2064966,-0.07341877,0.1207288,0.27040568,-0.044098858,0.1236128,-0.20061287,-0.06297385,-0.08824705,0.26158288,0.12583582,0.36318165,-0.078173526,-0.065580085,-0.17772642,-0.15265372,0.041024093,0.09295619,0.15540436,-0.11949145,0.026408032,0.0726404,0.1368574,0.16766247,0.1944202,-0.049869563,0.024870506,-0.105964474
0.15573168,0.4860931,0.22902742,0.6645379,0.23800464,-0.032385822,-0.056060728,0.45702404,0.16573615,0.17491145,0.42590168,0.65387607,0.03178499,0.45173332,0.116619386,0.22760132,0.31971475,0.55582595,0.5700714,1.0,0.38152084,0.08580979,0.44071162,0.50357676,0.14374831,0.14119947,0.03779531,-0.06460174,0.55693376,0.3790803,0.3338559,0.4474247,0.3128754,0.6371343,0.047854345,0.049278922,0.17147201,0.16095594,0.06689981,0.045822304,0.26198402,-0.09988686,0.25740102,0.3682647,0.22163455,0.3851151,0.31677294,0.32955915,0.18937118,0.35012868,0.12990011,0.42289346,0.3755367,0.40508965,0.28662074,0.3216771,0.17781906,0.63395244,0.052631628,0.18557775,0.13302507,0.52449816,0.13772275,0.49954686,-0.091303945,0.3976051,0.4155182,0.5061392,0.37590966,0.41724795,0.07457182,0.14434032,0.51821584,0.014900704,0.13081354,0.0023239406,0.2471382,0.37090287,0.19915168,0.28054842,0.0006405491,0.64411515,0.00070127164,0.25113037,-0.09061844,0.6106116,-0.21553591,0.16493727,-0.15715328,0.45220932,0.34619677,0.443711,0.24312052,0.3444832,-0.08591474,0.07089519,0.05604435,0.22223757,0.36529437,0.38478222,0.21707876,0.0811216,0.17251743,0.089698106,0.23817092,0.15948956,0.34500888,-0.10410917,0.13992989,-0.07277482,0.258366,0.36023453,0.27593783,0.059008103,0.1063563,0.065102965
-0.107446596,0.23958565,0.034515757,0.31990823,0.36344135,0.029426226,-0.2669992,0.28117406,0.18171757,0.17429022,0.26680747,0.51012045,-0.16181898,0.4432205,0.42374986,0.38572276,-0.04287543,0.24759038,0.017386775,0.38152084,1.0,0.33437896,0.33316115,0.5041877,0.43438977,0.24104893,0.15253036,-0.07384011,0.4620409,0.15559413,0.41953918,0.50788605,0.20395188,0.4127506,0.12585096,0.13418782,0.4862126,0.31864622,0.2801692,0.18628956,0.30986103,-0.07783949,0.30496445,0.4491183,0.17179884,0.37691966,0.42004123,0.38153,0.09381659,0.22788163,0.03240501,0.22352922,0.27991167,0.23326014,0.4439631,0.41949102,-0.049993157,0.41187093,-0.16801721,-0.15499896,-0.097642675,0.25218734,-0.08111009,0.22062035,-0.3307802,0.07665022,0.23254442,0.41086286,0.095569044,0.23748206,0.1577512,0.29581162,0.59559244,0.056360718,0.36234263,0.03850238,0.28667173,0.45641458,-0.07096414,0.098400526,-0.061878733,0.46385852,0.2945873,0.38671592,-0.038302623,0.5314157,-0.14379443,0.43144596,0.06732583,0.514457,0.33851475,0.38082936,0.24462272,0.39991257,0.138011,0.13328741,0.30058694,0.22430408,0.44135544,0.27764964,0.1777087,0.17487536,0.20975372,0.10164651,0.24728839,0.114364356,0.16240884,-0.16955738,-0.065401465,-0.023815624,0.23870052,0.35900205,0.17210181,0.15619189,-0.011754892,0.09336232
0.074688174,-0.37016654,0.01402756,-0.041916862,-0.18373872,0.1542698,0.023575122,-0.24732152,-0.06975246,-0.09091189,0.44844484,0.27085066,0.43656582,0.040902115,0.07752565,0.48649994,0.25940403,0.2275194,0.039965615,0.08580979,0.33437896,1.0,0.37851948,0.39088404,0.4125915,0.55206364,0.3740928,0.38892183,0.503305,0.21957192,0.4774567,0.41100672,0.25159523,0.20151971,0.3538952,0.16561729,0.53071904,0.6219049,0.67092913,0.6695288,0.09568794,0.5902957,0.2803059,0.32274383,0.1693534,0.15280704,0.2859797,0.21081318,0.0036324684,-0.139077,0.03438095,-0.10554711,0.15477131,0.0807746,0.47874862,0.31527275,0.16053668,-0.015026862,-0.17676382,-0.44270054,0.01870988,-0.25008708,0.2502023,-0.16631164,-0.046650905,-0.32414192,0.16664647,0.21566121,-0.110011846,0.011131829,0.5754748,0.63657814,0.35899812,0.56983906,0.09679074,0.27155986,0.53844184,0.5537049,-0.09947942,0.2567295,0.4158935,0.05686428,0.6186928,0.6432279,0.47533378,0.101376556,-0.049748465,0.24369086,0.49470538,0.29659322,0.37165427,0.2219989,0.478177,0.414028,0.21706232,0.36605042,0.2914929,0.10850504,0.32828373,0.25964653,0.47314036,0.33544752,0.19425255,0.13883273,0.47991237,0.387663,0.025325153,0.0077688782,0.084894076,0.24034362,0.27587253,0.33262986,0.36389837,0.075947054,0.24609143,0.23584029
0.40540028,-0.10196945,0.6109273,0.35868502,-0.1630896,0.15702458,0.43919325,-0.089861736,0.17921107,0.11243753,0.48644227,0.31365713,0.41334096,-0.013322511,0.13964404,0.41180652,0.3498688,0.20678921,0.42351043,0.44071162,0.33316115,0.37851948,1.0,0.7177773,0.29690036,0.36866894,0.17607196,0.19201915,0.4791793,0.2615046,0.63328254,0.41938403,0.5789368,0.30485943,0.21913278,0.17579104,0.46615657,0.2891495,0.3091786,0.156856,-0.07619371,0.2269228,0.4291506,0.43342564,0.26839924,0.284375,0.4427336,0.32164133,0.19949518,0.031865202,0.22679092,-0.056569204,0.40459087,0.2261146,0.4584319,0.30649164,0.52145725,0.4321122,0.18579645,-0.22384799,0.38478473,-0.104887076,0.41894254,-0.1300872,0.080615774,-0.26016816,0.533819,0.544705,0.32006824,0.45059174,0.6671029,0.466694,0.23875396,0.3386014,0.16783229,0.08521983,0.44438195,0.36785224,0.048235398,0.20495883,0.4623782,0.108212665,0.45388678,0.39268717,0.5067015,0.15206197,-0.22301696,0.09341424,0.20798048,0.2106669,0.35754886,0.38491106,0.3023154,0.35037062,0.028524606,0.17455113,0.21259785,0.38951337,0.35504633,0.5498391,0.25222787,0.093115464,-0.09391953,-0.11985261,0.362039,0.3321351,0.04335958,-0.012874312,-0.011068363,0.002063145,0.43501177,0.37380853,0.32505864,0.20155534,0.08039779,0.06457764
-0.08558566,-0.022849137,0.19280192,0.3854338,0.21536545,0.24035643,-0.086253375,0.12151184,0.3207879,0.21711816,0.36178827,0.61261684,0.08771827,0.3607366,0.39402854,0.6097153,-0.025455998,0.21086027,0.13754745,0.50357676,0.5041877,0.39088404,0.7177773,1.0,0.60927624,0.5352461,0.392577,0.10444309,0.61383176,0.3362647,0.6969073,0.7111296,0.23158158,0.3994189,0.2344454,0.097057715,0.58021176,0.4526412,0.45195514,0.3022578,0.24285431,0.06930932,0.2415386,0.3615262,0.04266149,0.20082814,0.31994405,0.22372878,-0.1361221,-0.10672353,-0.16339338,-0.08409206,0.17747751,0.08433799,0.42168233,0.43238804,0.03287415,0.35204604,-0.30519155,-0.4125996,-0.11402916,-0.0004602873,-0.01078334,0.051995147,-0.36490595,-0.20735307,0.22117996,0.37360922,-0.01802711,0.119342275,0.5543954,0.49700972,0.6337732,0.18484126,0.3392071,-0.2459056,0.31586,0.42034447,-0.115733065,0.1569262,0.050622992,0.46287784,0.50193083,0.56089705,0.14816524,0.5037903,-0.32689,0.5170856,0.1417248,0.4416558,0.22870432,0.31570953,0.33217865,0.43066272,0.09605994,0.13786468,0.16625291,0.137188,0.26870784,0.30611584,0.307097,0.23243147,0.058479827,0.016954768,0.28681508,0.2014115,-0.009384976,-0.12656349,0.009852489,-0.18479656,0.2895443,0.30386356,0.21993427,0.10200209,-0.008254407,0.06395843
-0.43796343,-0.3751403,-0.108933926,-0.047497664,0.26324776,0.47867313,-0.34020737,-0.18165673,0.27735373,0.12027586,0.22732395,0.35803112,-0.001465039,0.17808273,0.5923234,0.6734646,-0.25545877,-0.06671711,-0.22445257,0.14374831,0.43438977,0.4125915,0.29690036,0.60927624,1.0,0.7815041,0.44631407,0.22809185,0.41790834,-0.03184648,0.61042976,0.5708545,0.030289527,0.23550802,0.20419134,0.08344192,0.5490813,0.60864675,0.58047897,0.46853167,0.15523352,0.17408273,0.17832871,0.27720526,-0.046539493,0.12878159,0.22667311,0.15345101,-0.22464028,-0.21314311,-0.30383632,-0.29357815,0.08123369,-0.19269826,0.45627525,0.49368602,-0.24319297,-0.087105274,-0.5816814,-0.75646675,-0.3280444,-0.316355,-0.10103225,-0.18435858,-0.50298375,-0.43499026,-0.048371725,0.11749452,-0.3857156,-0.13800684,0.54665303,0.6021339,0.5407559,0.3175005,0.24862391,-0.3282185,0.298942,0.3852067,-0.44045445,0.007697503,0.11362396,0.1941378,0.6715366,0.56188804,0.24733841,0.30549505,-0.048963584,0.6834564,0.49775314,0.51007557,0.22479744,0.15873998,0.36978266,0.3496836,0.19510375,0.33045307,0.271523,-0.030749124,0.14202899,0.040285796,0.3190639,0.23122698,0.17786902,0.24821799,0.26128256,0.19047084,-0.20462766,-0.0448494,-0.14992331,-0.011717094,0.14879657,0.23628587,0.13725959,0.107536994,0.1047453,0.106050715
-0.2713232,-0.49504307,-0.043858536,-0.08725014,-0.0017782634,0.5230051,-0.16481934,-0.3179881,0.122387156,0.04406104,0.37571853,0.2693164,0.24681036,0.021397745,0.41992298,0.6759828,-0.007620424,0.020521186,-0.08148849,0.14119947,0.24104893,0.55206364,0.36866894,0.5352461,0.7815041,1.0,0.44250792,0.4486935,0.4821263,0.012254477,0.5912768,0.5047778,0.087163076,0.19759455,0.27443016,0.17532092,0.5522836,0.7185343,0.6741622,0.60247725,0.061604217,0.42680633,0.25673372,0.30657005,0.05190244,0.14296272,0.27389857,0.19701493,-0.10329707,-0.21690528,-0.1734707,-0.3118275,0.15934324,-0.17586665,0.5189931,0.45302165,0.002725877,-0.1097397,-0.43191093,-0.7174105,-0.16675255,-0.40128362,0.18085822,-0.28553277,-0.3584107,-0.49601525,0.03538939,0.12132316,-0.37945354,-0.10503937,0.6712007,0.72299856,0.43324485,0.515255,0.09898064,-0.12538837,0.45552012,0.43249485,-0.31402248,0.14504771,0.37328565,0.06880656,0.76399535,0.6538545,0.44269902,0.15575962,0.1004606,0.5699471,0.6329226,0.4777034,0.33193886,0.18794946,0.48035932,0.3449021,0.20017308,0.45752403,0.32144836,-0.007179911,0.22808184,0.16831043,0.43148327,0.20261727,0.20565338,0.2595875,0.3901453,0.27538192,-0.09400388,0.06880824,-0.014590937,0.1321904,0.20827551,0.34697333,0.26331663,0.07517026,0.24397601,0.14385638
-0.20066047,-0.3174091,-0.0949964,-0.11514904,0.09460416,0.27540323,-0.123143375,-0.11833727,0.34719008,0.2178385,0.07186719,0.18678415,0.06633053,0.0822905,0.37624225,0.46496722,-0.107529104,0.0062083555,-0.060339563,0.03779531,0.15253036,0.3740928,0.17607196,0.392577,0.44631407,0.44250792,1.0,0.05322833,0.38210768,0.2507439,0.29690367,0.28375757,-0.00011248274,0.06855981,0.19463556,0.059418406,0.36627293,0.31882647,0.4070091,0.3078759,0.18779686,0.11989292,-0.005625219,0.06730793,-0.056727864,0.037293572,0.021918504,0.013125545,-0.22066991,-0.15272129,-0.25017536,-0.18446596,-0.12141429,-0.21111107,0.17373052,0.13969366,-0.17689776,-0.21367551,-0.31715596,-0.43202075,-0.17875461,-0.23738053,-0.09612044,-0.13511759,-0.17836434,-0.2632623,-0.0369887,0.015192985,-0.24015713,-0.15484527,0.33940828,0.31911755,0.3720731,0.21765797,0.11199464,-0.25332144,0.19220416,0.20702757,-0.051351994,0.0858343,0.022768022,0.06728657,0.40641308,0.35380763,0.13144691,0.08489801,-0.016917557,0.38586667,0.25820586,0.17928065,0.0043143667,0.05393919,0.14547451,0.22013675,0.29504588,0.2335321,0.19641268,-0.030144108,0.08050908,0.047545113,0.2773852,0.25606352,0.1355397,0.2282134,0.15634888,0.14314772,-0.011499338,0.079413734,0.09139199,-0.1376279,0.11244012,0.20111439,0.18063161,0.26710403,0.09214444,0.042796217
0.08797761,-0.45064992,0.040479988,-0.18634781,-0.46410364,0.36120656,0.19728033,-0.4682268,-0.37486982,-0.2951802,0.32779482,-0.011442268,0.5720832,-0.2752532,-0.13857725,0.30461508,0.3313018,0.1355144,0.0035163676,-0.06460174,-0.07384011,0.38892183,0.19201915,0.10444309,0.22809185,0.4486935,0.05322833,1.0,0.16921306,0.04682581,0.29648462,0.147094,0.25249988,0.15670696,0.35709503,0.2528222,0.28547814,0.5253105,0.4192167,0.5625613,-0.3800669,0.5594523,0.28292412,0.2043888,0.21436617,-0.0068377173,0.19478829,0.16954753,0.10536169,-0.24174099,0.03703415,-0.18182047,0.07144168,-0.037836157,0.3092214,0.13118151,0.2864752,-0.030823756,-0.07721912,-0.33708212,0.11543407,-0.31215158,0.39714557,-0.25638026,-0.011745148,-0.29953536,0.19293988,0.1806791,-0.18326037,0.021772671,0.44433942,0.6161424,-0.019671626,0.6671494,-0.0899409,0.26670492,0.5923703,0.48905435,-0.11188394,0.3083761,0.5559807,-0.16945401,0.43563977,0.4302572,0.49592873,-0.07190808,0.17736004,0.106669605,0.46587205,0.17771308,0.25871968,0.145224,0.34112248,0.29805842,0.1769655,0.4621412,0.25482634,0.18071102,0.13477594,0.20240815,0.18512046,0.21087529,0.053647134,0.12676725,0.4350049,0.43919277,-0.107577816,0.15776801,0.05472674,0.40144756,0.35056868,0.27202794,0.3211395,0.11033033,0.30852553,0.30940574
0.010494382,0.01760404,0.07124477,0.310533,0.07495902,0.11801513,-0.101532385,0.19247217,0.017039582,0.03355223,0.5261671,0.6482824,0.26720944,0.3783835,0.14856905,0.43797675,0.37866893,0.548123,0.21823873,0.55693376,0.4620409,0.503305,0.4791793,0.61383176,0.41790834,0.4821263,0.38210768,0.16921306,1.0,0.60901237,0.6522397,0.64445883,0.28514093,0.5198997,0.3270561,0.27617916,0.54508495,0.4923499,0.5691936,0.39046323,0.3593178,0.13345261,0.25657842,0.34707734,0.118167005,0.23869413,0.35039708,0.28827092,0.00017860168,0.02907014,-0.048478425,0.12637451,0.21231464,0.2319667,0.45216185,0.35604808,0.079647236,0.28932184,-0.22832724,-0.26006755,-0.0555759,0.12213762,0.16770893,0.26861754,-0.18114527,0.0008819975,0.21184002,0.33898506,-0.0070600673,0.15918893,0.46887147,0.51087546,0.71051013,0.33083096,0.3825021,0.030923985,0.5374161,0.58698434,0.29409462,0.5611567,0.24250478,0.5118297,0.41795766,0.51898205,0.1691716,0.45489833,-0.252825,0.32290658,0.22289959,0.5033452,0.41620368,0.47969985,0.40744632,0.5437906,0.2565709,0.4052594,0.3158503,0.1807003,0.47662872,0.3915983,0.4730046,0.40284958,0.30518097,0.24662589,0.44824213,0.31027344,0.15354358,0.009142792,0.28456563,0.084465384,0.39040592,0.5022189,0.49899474,0.26298097,0.18816885,0.12904324
0.1338935,0.069343425,0.030396134,0.21158838,-0.112423375,-0.08659816,0.055367216,0.18218584,-0.0531584,-0.11774887,0.1229942,0.41056266,0.20153344,0.16317898,-0.19390675,0.14512755,0.32174522,0.39452732,0.21770485,0.3790803,0.15559413,0.21957192,0.2615046,0.3362647,-0.03184648,0.012254477,0.2507439,0.04682581,0.60901237,1.0,0.3841894,0.34939098,0.15600821,0.3550699,0.269907,0.15090485,0.2863992,0.143175,0.18102966,0.09568672,0.09663143,-0.038070016,0.06805423,0.09942277,0.02808642,-0.04939746,0.12444733,0.13161545,-0.017646749,-0.08362856,-0.046188377,0.1811219,-0.03670184,0.30632755,0.051654678,0.04089417,0.026049728,0.22265646,-0.046113998,0.0863147,-0.021999085,0.20120223,-0.05095318,0.32114697,-0.015514809,0.19159558,0.10934979,0.22312377,0.04158785,0.13707842,0.20012383,0.19359188,0.33396137,0.19346735,0.36102346,0.103992864,0.27910867,0.31218752,0.53196293,0.55612284,0.08632186,0.38408667,-0.024786076,0.15737091,-0.026803559,0.34299988,-0.29956695,-0.052101262,-0.19791077,0.16875176,0.053698566,0.4279151,0.11437021,0.48557356,0.29769042,0.2261855,0.056571204,0.22570443,0.16288404,0.30015707,0.18568698,0.4397016,-0.005445351,0.07891142,0.19669574,0.1966576,-0.08929627,-0.034726974,0.4270955,0.10511804,0.3170653,0.24949728,0.42767432,0.30417705,0.05797753,0.07366281
