1.0,0.83184433,0.8325887,0.8302718,0.79628694,0.78620034,0.84610623,0.8278282,0.79009855,0.79507726,0.8208118,0.8225754,0.8060247,0.80881524,0.8039089,0.79486775,0.8303671,0.80711347,0.83709896,0.8504759,0.78972745,0.7974941,0.8164209,0.8213061,0.8010829,0.8008887,0.7941782,0.7815951,0.8106108,0.8066603,0.7996179,0.7961915,0.843081,0.8438343,0.6703364,0.77417785,0.81011224,0.8121106,0.8084632,0.81791586,0.7761168,0.82353204,0.776233,0.76685244,0.26271904,0.23246492,0.8251581,0.82050157,-0.23983829,0.25173643,0.44876084,-0.102625795,0.51902145,0.43424726,0.8128609,0.8083892,0.8267592,0.7935302,0.008136923,-0.20597932,0.533661,-0.03960031,0.7982062,0.8118878,0.23475622,0.115155876,0.65140647,0.7506885,0.14641736,0.51406825,0.80150974,0.7975361,0.8025461,0.7881556,0.79092455,0.7900347,0.8184985,0.80832916,0.81877995,0.8099094,0.8193806,0.7927174,0.8110472,0.798561,0.82104766,0.79429257,0.7698407,0.7163768,0.8237024,0.7718315,0.78076065,0.7320533,0.6025734,0.6423644,0.83062935,0.8260167,0.83442307,0.83399385,0.82537156,0.7369683,0.6848954,0.7675602,0.8015664,0.8078086,0.7658078,0.70193344,0.7891137,0.8021794,0.81767267,0.82468945,0.84113234,0.77580607,0.5616025,0.722787,0.7422892,0.80611986
0.83184433,1.0,0.84899396,0.8590995,0.8305816,0.81589305,0.8528499,0.8601384,0.82992923,0.8287304,0.8333962,0.8587572,0.8298073,0.83945256,0.83639336,0.8298653,0.8564337,0.84684193,0.75471497,0.8133129,0.8385538,0.8390793,0.83642,0.8498102,0.835552,0.83111954,0.82561004,0.82149816,0.84077203,0.8389881,0.82452554,0.83526915,0.80865014,0.84732515,0.6368626,0.7938421,0.8473145,0.8385768,0.8385249,0.83907205,0.82910943,0.8515756,0.82027316,0.7906513,0.23400116,0.26393864,0.8577975,0.8586142,-0.24660933,0.24980974,0.46948776,-0.14313354,0.54867905,0.3710663,0.8404451,0.83670306,0.8538314,0.8462796,0.065609165,-0.27399564,0.61508846,-0.015132936,0.7895004,0.82049656,0.20217249,0.20048247,0.62975913,0.78667766,0.15016985,0.5745284,0.8364316,0.8402297,0.84236723,0.83614516,0.83477384,0.82656276,0.83928716,0.8354438,0.84167206,0.8428484,0.8446989,0.8425576,0.840238,0.82968646,0.84229785,0.83769083,0.80208045,0.75362927,0.84264845,0.8113208,0.812415,0.7915916,0.6402941,0.7195479,0.854492,0.8320763,0.84914553,0.84814125,0.85071427,0.7810125,0.7249654,0.80820405,0.82980096,0.83697546,0.8029666,0.7384061,0.81231225,0.8067952,0.83109695,0.8449523,0.8364449,0.8185157,0.6499508,0.76343364,0.74293846,0.81201595
0.8325887,0.84899396,1.0,0.88814235,0.884631,0.88039446,0.88909584,0.8865675,0.88302034,0.88319176,0.88346916,0.8828084,0.8844928,0.87930083,0.88666075,0.88277525,0.8861277,0.8741711,0.7551126,0.7694916,0.8804028,0.88390577,0.88821334,0.88852805,0.8852712,0.8839866,0.8826358,0.8797434,0.8875752,0.8873832,0.8853416,0.8858624,0.85267067,0.88671184,0.6990973,0.83934194,0.8847833,0.88441014,0.88513607,0.8836905,0.8701417,0.88232976,0.82143945,0.8058297,0.28581157,0.26247537,0.8689393,0.866107,-0.22596723,0.25704208,0.51460165,-0.12656191,0.6162756,0.40103048,0.88131917,0.88113534,0.8444991,0.84322864,0.019908138,-0.25185174,0.59427106,0.035970453,0.83421665,0.84284455,0.19647042,0.1788959,0.71468973,0.7939411,0.21875535,0.5588137,0.8858765,0.8804621,0.8824474,0.8803024,0.87505126,0.87459666,0.88275456,0.8847767,0.881984,0.8790056,0.88495696,0.876384,0.8864927,0.8834185,0.8854676,0.87759507,0.8727737,0.84541476,0.88542074,0.87038153,0.8365835,0.8432253,0.68630826,0.7825342,0.88418734,0.87263095,0.872188,0.8756914,0.8764003,0.8537134,0.7732435,0.8301056,0.87805873,0.8758788,0.8647414,0.82603025,0.86946636,0.8209408,0.8743681,0.8784958,0.85221714,0.82340217,0.62737364,0.80407745,0.8076391,0.85958064
0.8302718,0.8590995,0.88814235,1.0,0.8808947,0.8744405,0.88739526,0.8893526,0.88160586,0.87943745,0.8796044,0.88585496,0.8803995,0.8803049,0.8835871,0.88031316,0.8881027,0.8805887,0.7523901,0.7750303,0.8794153,0.8827179,0.88223976,0.88818115,0.88179266,0.879032,0.87675405,0.8755546,0.8854161,0.88552463,0.87943876,0.882672,0.8425993,0.88374907,0.6799992,0.8356393,0.8838601,0.8791231,0.88124454,0.87874657,0.8699749,0.8808797,0.8242003,0.8117435,0.2619004,0.25941944,0.87113535,0.8727275,-0.23856473,0.25644484,0.51063335,-0.15126705,0.6078726,0.39994696,0.8800682,0.8780368,0.8540708,0.85291344,0.049467597,-0.26813948,0.60104144,0.04197312,0.8257672,0.8379063,0.18308212,0.19051026,0.7029392,0.80075395,0.2125036,0.57658345,0.88241154,0.87986195,0.88195735,0.88133377,0.8737434,0.8743418,0.87658405,0.87979895,0.88151276,0.8821516,0.8842176,0.8805665,0.8827791,0.87949795,0.8831212,0.8782625,0.8643599,0.83596104,0.88260794,0.8657825,0.84119207,0.84014887,0.68414557,0.7823715,0.88325405,0.86161053,0.8701008,0.870918,0.8756817,0.8459399,0.7726832,0.83960503,0.8741428,0.8744627,0.8575139,0.81230944,0.8625141,0.8193254,0.86543477,0.8755234,0.8510067,0.8294039,0.635277,0.7981969,0.802604,0.849181
0.79628694,0.8305816,0.884631,0.8808947,1.0,0.8899726,0.8768889,0.88111407,0.8904242,0.8895142,0.8819547,0.8814059,0.88570267,0.8799448,0.8902728,0.88940245,0.8806171,0.8718858,0.70443994,0.72135735,0.88595396,0.8884054,0.8859642,0.8845511,0.8903473,0.8890384,0.8908037,0.8912615,0.8897051,0.88954,0.8896656,0.89029086,0.82765406,0.87654275,0.67832035,0.8395422,0.8855929,0.884033,0.887372,0.8821477,0.87454736,0.8764673,0.814868,0.79684174,0.28642035,0.26012233,0.86222035,0.8605435,-0.23363891,0.25119933,0.5168506,-0.13127163,0.6346391,0.38823304,0.88149345,0.8811993,0.82721364,0.832792,0.036957175,-0.2695615,0.5873558,0.04160743,0.8160952,0.82123584,0.18797946,0.2004837,0.7243531,0.79330784,0.2380096,0.56995666,0.8901095,0.8839697,0.88446903,0.88514775,0.87821263,0.8772649,0.8811836,0.8880405,0.87650055,0.87587756,0.88041955,0.8812803,0.8880038,0.8878736,0.8816282,0.88226074,0.88328123,0.8652228,0.8806999,0.8770849,0.8352735,0.8613815,0.6877828,0.80686796,0.8787033,0.8640769,0.8628709,0.8675886,0.87158215,0.86500174,0.78009015,0.83176506,0.88084495,0.87560743,0.87387073,0.8406107,0.87478995,0.79799956,0.8676877,0.8720474,0.83392304,0.81734693,0.63259554,0.80773026,0.8165841,0.85463804
0.78620034,0.81589305,0.88039446,0.8744405,0.8899726,1.0,0.87180454,0.87474215,0.8883004,0.8898349,0.8817766,0.8754005,0.88478416,0.8771055,0.8880469,0.8885982,0.87264335,0.86173546,0.7009615,0.70426327,0.87938184,0.8831321,0.88382894,0.8785456,0.88628703,0.8876315,0.8895627,0.8901459,0.88505346,0.88708663,0.8900524,0.8859482,0.8283377,0.87281936,0.694794,0.8411836,0.880394,0.88216114,0.88455534,0.88093567,0.8674834,0.8690681,0.80387133,0.7873506,0.28496158,0.23864397,0.8546391,0.85073835,-0.24299487,0.24610081,0.51867175,-0.12994446,0.63698286,0.39208582,0.87901187,0.8790364,0.8108099,0.8224737,0.03627482,-0.2695024,0.5754589,0.05090556,0.8182404,0.817109,0.18087631,0.19945404,0.7275991,0.78521943,0.24907678,0.55339813,0.8868938,0.8766004,0.8773923,0.8799199,0.8720727,0.8709562,0.876085,0.88576084,0.8693959,0.8698252,0.87464637,0.87837094,0.8847978,0.8868425,0.87806714,0.87851846,0.88361037,0.8728022,0.8786261,0.87904286,0.83111167,0.85952234,0.68999195,0.8051768,0.87265474,0.8639286,0.8597221,0.8639939,0.8658133,0.8658868,0.780482,0.8278914,0.8780213,0.86897343,0.87388855,0.8425183,0.875761,0.7888,0.867071,0.8703231,0.82752675,0.8025641,0.62029296,0.8062496,0.821322,0.85654825
0.84610623,0.8528499,0.88909584,0.88739526,0.8768889,0.87180454,1.0,0.88647294,0.8760887,0.8756275,0.8824736,0.88150793,0.8826621,0.88109183,0.8815814,0.87830555,0.8841628,0.87196875,0.7776359,0.78903306,0.8696031,0.87565607,0.8806941,0.88182396,0.8765329,0.87381935,0.87347597,0.8712202,0.88266915,0.8830017,0.8785584,0.87692183,0.8582924,0.8883268,0.7026779,0.8380676,0.87908274,0.8801558,0.8807382,0.88194585,0.8585791,0.8789348,0.8149639,0.8103391,0.2843118,0.25535068,0.86683196,0.8669949,-0.22564848,0.25854474,0.49922708,-0.12359244,0.5980557,0.4176465,0.8802928,0.8782994,0.8473935,0.84452087,0.031123389,-0.24560593,0.58352196,0.014101956,0.83266,0.8401221,0.19184439,0.18785077,0.7097935,0.79444516,0.1991001,0.5608305,0.8785728,0.8715722,0.8750495,0.8732486,0.86563617,0.86486506,0.8756172,0.8772431,0.8794132,0.87871337,0.8836743,0.87419087,0.8820558,0.8785819,0.8845957,0.8731922,0.86567,0.8356673,0.8843266,0.8657351,0.8346195,0.8312514,0.67159694,0.7699226,0.88238996,0.86568713,0.8725102,0.87255615,0.8726568,0.8396552,0.7695082,0.83216065,0.87201846,0.87030053,0.8530265,0.8068164,0.86588126,0.8158273,0.86478454,0.876633,0.8527362,0.821398,0.6213186,0.7961862,0.80457467,0.8507888
0.8278282,0.8601384,0.8865675,0.8893526,0.88111407,0.87474215,0.88647294,1.0,0.8823753,0.88070065,0.88220966,0.8894174,0.88422835,0.88603264,0.88526326,0.8829387,0.8856868,0.8786417,0.74967766,0.7765479,0.87627596,0.8812972,0.88106686,0.884305,0.88006663,0.8768502,0.8759444,0.8769011,0.885573,0.8848275,0.87941366,0.88119596,0.8415907,0.88206416,0.6839341,0.8381983,0.88327086,0.88205177,0.8824306,0.8830523,0.8667132,0.8802412,0.8239104,0.80543375,0.27161732,0.26085702,0.8737829,0.8746361,-0.22950439,0.2656958,0.51203495,-0.13628761,0.60838693,0.40865496,0.88204235,0.8815378,0.8510408,0.8552296,0.037305564,-0.26335397,0.6016385,0.021335205,0.8245505,0.8352194,0.20227891,0.20046635,0.7008151,0.8001102,0.2018215,0.5815711,0.8817169,0.8767504,0.8796628,0.87920046,0.8683174,0.86916023,0.8734346,0.87855536,0.878188,0.88091594,0.8830973,0.88150483,0.883959,0.88089484,0.88273185,0.8802309,0.86544466,0.83731407,0.88215536,0.8681432,0.8446696,0.84113544,0.678549,0.78184354,0.88403463,0.8619677,0.87339574,0.8722363,0.8744389,0.8417304,0.7640172,0.8369675,0.87187666,0.8708796,0.85375726,0.8068033,0.8665527,0.8104135,0.8637691,0.8780924,0.8495819,0.826547,0.63176423,0.80479187,0.7986909,0.8478744
0.79009855,0.82992923,0.88302034,0.88160586,0.8904242,0.8883004,0.8760887,0.8823753,1.0,0.8890546,0.88204396,0.8816274,0.88714844,0.8828982,0.89082104,0.89051235,0.8803369,0.8723967,0.6990208,0.7170771,0.88377416,0.8880728,0.8835861,0.8825474,0.88719493,0.88432777,0.8863464,0.88940096,0.88888556,0.8892298,0.8884634,0.8889384,0.822972,0.8739964,0.6690481,0.83887035,0.8844363,0.88281524,0.8868697,0.88127947,0.87439317,0.8762409,0.81718236,0.7974377,0.27751404,0.26083812,0.86218685,0.86140347,-0.23888199,0.2580368,0.52821624,-0.13407975,0.62764543,0.3888616,0.88249093,0.8821698,0.82753384,0.8382098,0.033140216,-0.2778914,0.5993477,0.04739118,0.8102585,0.8151598,0.17817898,0.2167805,0.7233469,0.7924542,0.2370833,0.57315564,0.88836694,0.88226247,0.8839046,0.88594043,0.8770764,0.8763742,0.8756138,0.8847051,0.8761552,0.8773261,0.88118917,0.88317657,0.8885964,0.88857603,0.8834108,0.8824054,0.88273525,0.8660181,0.8804588,0.87655026,0.84252954,0.8618944,0.69163966,0.8050162,0.87764406,0.8564345,0.8624933,0.8627665,0.87080234,0.863247,0.7813115,0.8365405,0.87955296,0.8727938,0.8698998,0.8357743,0.8734945,0.7879325,0.8614436,0.87234604,0.82976747,0.8195597,0.6285284,0.8115588,0.8114524,0.84628034
0.79507726,0.8287304,0.88319176,0.87943745,0.8895142,0.8898349,0.8756275,0.88070065,0.8890546,1.0,0.8812863,0.88169736,0.8849208,0.8796293,0.8899932,0.889489,0.87834936,0.8693967,0.7057383,0.72073996,0.8812561,0.88485616,0.8859095,0.8821027,0.88584435,0.8862895,0.8886464,0.8887768,0.8857945,0.88836443,0.8890632,0.88661665,0.8275751,0.87506765,0.6888981,0.8396408,0.883129,0.8817643,0.8858379,0.8817089,0.8696484,0.87181973,0.8092037,0.7887325,0.28411138,0.24672753,0.8613289,0.85750705,-0.23597042,0.2619972,0.52692556,-0.1269393,0.6338953,0.38824108,0.880359,0.8793669,0.82361484,0.82828856,0.032763757,-0.27188355,0.5799353,0.042670608,0.81765336,0.8228162,0.19688426,0.19769298,0.7251888,0.78586155,0.23638327,0.56366134,0.8870985,0.8782473,0.87883896,0.8810481,0.8715145,0.870652,0.877358,0.8860966,0.8738866,0.8726913,0.877641,0.8800701,0.8866661,0.88564813,0.8812584,0.88072586,0.87911385,0.8643589,0.8805378,0.8751583,0.84070027,0.85829544,0.6965403,0.80173284,0.8770566,0.86449975,0.86419886,0.86772233,0.8706768,0.8619564,0.7797829,0.82965815,0.8808258,0.8699245,0.8708687,0.8322124,0.87291056,0.79338825,0.867867,0.873562,0.83465886,0.8111458,0.6224345,0.80729294,0.81686395,0.85616696
0.8208118,0.8333962,0.88346916,0.8796044,0.8819547,0.8817766,0.8824736,0.88220966,0.88204396,0.8812863,1.0,0.8815129,0.8885677,0.88602936,0.88562113,0.885545,0.87655485,0.86420405,0.7414571,0.74798524,0.87068677,0.8781311,0.8790244,0.87514913,0.8797516,0.8779636,0.8786613,0.88041407,0.8847221,0.8853866,0.88527936,0.880113,0.84914064,0.88313913,0.71015143,0.8491288,0.87936306,0.88390404,0.88412046,0.8863664,0.85987514,0.875095,0.81101304,0.80590576,0.30190805,0.25247103,0.862978,0.86288553,-0.23949698,0.25935674,0.5050225,-0.112428516,0.61081976,0.42485398,0.88489175,0.8858265,0.8217737,0.83861256,0.021312017,-0.2436542,0.5680628,0.023415314,0.83238924,0.8266392,0.19667223,0.19663356,0.7242367,0.7920453,0.2392099,0.5581606,0.8817636,0.8697708,0.87446666,0.8754735,0.8659458,0.86717,0.87362164,0.8802697,0.8706982,0.87554574,0.8792029,0.8778149,0.885738,0.88632923,0.883764,0.8789985,0.87779504,0.860204,0.8845292,0.87753195,0.8437421,0.84747607,0.6845445,0.7836385,0.8774895,0.8664434,0.87156045,0.8727847,0.87169796,0.8573275,0.7678683,0.8288017,0.8766619,0.8731095,0.86437577,0.82563126,0.87861043,0.7984029,0.8649966,0.87850946,0.8440026,0.81335235,0.6148844,0.8066436,0.82032317,0.85631007
0.8225754,0.8587572,0.8828084,0.88585496,0.8814059,0.8754005,0.88150793,0.8894174,0.8816274,0.88169736,0.8815129,1.0,0.8812633,0.88477457,0.88520986,0.88358057,0.8831324,0.8782413,0.7384223,0.7699489,0.8758646,0.8801193,0.8795645,0.8812091,0.8794753,0.87654805,0.87688196,0.8780478,0.88482624,0.88346577,0.8793214,0.8806421,0.8379825,0.8813107,0.6825889,0.843725,0.88241404,0.88111806,0.88186324,0.88164896,0.86312354,0.87654644,0.8241892,0.801535,0.2735222,0.24806195,0.8735186,0.87301517,-0.24192236,0.26330763,0.5220447,-0.12736894,0.6096903,0.40174228,0.8810889,0.88080364,0.8429422,0.8513887,0.045563616,-0.2707073,0.5945368,0.026519988,0.82529294,0.8326458,0.21048027,0.18854108,0.6984491,0.80484056,0.20512782,0.58868873,0.88133824,0.8759994,0.878691,0.8772635,0.86782,0.86560506,0.87331825,0.88006055,0.873667,0.8788239,0.8766546,0.8829115,0.883162,0.88032776,0.8791275,0.8802203,0.864478,0.8403155,0.87978196,0.8690881,0.8423645,0.84620225,0.6870264,0.7885123,0.8821867,0.8616379,0.87340444,0.87203056,0.8732761,0.84622073,0.763777,0.83033174,0.8699598,0.8680968,0.8549677,0.8090102,0.8692377,0.80713177,0.86424553,0.8788691,0.85051626,0.81964517,0.63135093,0.79937917,0.8033004,0.8499334
0.8060247,0.8298073,0.8844928,0.8803995,0.88570267,0.88478416,0.8826621,0.88422835,0.88714844,0.8849208,0.8885677,0.8812633,1.0,0.8884624,0.8887095,0.8894063,0.8772154,0.8659307,0.72784674,0.73524505,0.87407106,0.88120526,0.8818034,0.87723124,0.88197184,0.87906295,0.88134825,0.8842092,0.88696593,0.8877661,0.88778955,0.8831143,0.84233224,0.8812999,0.70108324,0.8451235,0.8814343,0.8863185,0.886809,0.8876303,0.86400086,0.87714326,0.81226254,0.7973016,0.2905764,0.2523899,0.8607493,0.86117244,-0.21516801,0.26339212,0.516426,-0.120671645,0.6154097,0.41373613,0.8858595,0.8867276,0.82102007,0.8354548,0.014701995,-0.25608507,0.5767846,0.024544066,0.8242201,0.82483613,0.19349882,0.20567437,0.721353,0.7894269,0.22597207,0.55946684,0.8842292,0.8724023,0.87741476,0.87889147,0.8675703,0.8695395,0.873221,0.88152283,0.8729769,0.8776038,0.88129145,0.8811065,0.8886144,0.8892487,0.885517,0.8809905,0.8836803,0.8666043,0.8836271,0.88138115,0.8394903,0.85122883,0.67879087,0.7939302,0.87818265,0.86226994,0.8681879,0.8669528,0.86958367,0.85911417,0.77598673,0.8306664,0.87658507,0.8719006,0.86499137,0.8312359,0.8799501,0.788526,0.86263007,0.8775762,0.8366494,0.8128603,0.61544436,0.8113687,0.815774,0.85103565
0.80881524,0.83945256,0.87930083,0.8803049,0.8799448,0.8771055,0.88109183,0.88603264,0.8828982,0.8796293,0.88602936,0.88477457,0.8884624,1.0,0.8855298,0.886666,0.87612975,0.87021846,0.7325524,0.7486861,0.86878353,0.8766282,0.87435985,0.8728198,0.8761572,0.8714936,0.8737049,0.8788157,0.883263,0.8840162,0.8808106,0.87736464,0.837438,0.8784261,0.6885842,0.8430698,0.87786907,0.8814674,0.88206637,0.883849,0.85853845,0.87488896,0.81162244,0.7978824,0.2862432,0.24322157,0.8623711,0.86492634,-0.23218106,0.2687567,0.5035205,-0.12098579,0.5932803,0.4207336,0.88313246,0.8840146,0.8270248,0.8463515,0.03753889,-0.26033276,0.58716,0.023737447,0.8197971,0.8184268,0.17803667,0.22271013,0.7054885,0.7942204,0.20577343,0.56640494,0.8788704,0.8685926,0.8739401,0.8763933,0.8621769,0.8637471,0.8664694,0.8754106,0.86922735,0.8789102,0.87938786,0.88202655,0.88463247,0.88504344,0.8826297,0.87900686,0.8751769,0.85596323,0.8801456,0.8768792,0.8448621,0.8439122,0.67322963,0.7908004,0.87644696,0.8517299,0.86624795,0.8617827,0.86559004,0.84757525,0.7717848,0.8320737,0.870776,0.8661192,0.8536936,0.8109707,0.8748182,0.7822224,0.85172343,0.87474734,0.8338133,0.81402963,0.6220231,0.8067579,0.8046985,0.838955
0.8039089,0.83639336,0.88666075,0.8835871,0.8902728,0.8880469,0.8815814,0.88526326,0.89082104,0.8899932,0.88562113,0.88520986,0.8887095,0.8855298,1.0,0.8912395,0.8831343,0.8735888,0.7142447,0.7349166,0.8840535,0.8883649,0.8854198,0.8841135,0.8879217,0.8856249,0.8878752,0.8889628,0.8902327,0.89109135,0.8897825,0.88939327,0.83429724,0.8802381,0.6813424,0.84415376,0.8864215,0.885922,0.888844,0.88521373,0.8736495,0.8784436,0.8156875,0.7987928,0.28809768,0.25553244,0.8664696,0.865639,-0.23970349,0.26130375,0.521731,-0.12779519,0.6216716,0.3945939,0.8848438,0.88454854,0.8324581,0.8405364,0.034329865,-0.26817018,0.59569716,0.04839899,0.8203294,0.8233882,0.18634231,0.2032266,0.7195713,0.7940474,0.22526953,0.5692513,0.8896038,0.88274187,0.88411254,0.88575953,0.87688214,0.87522733,0.8798151,0.8872035,0.8780107,0.87956625,0.88370854,0.88347244,0.89044774,0.88921934,0.8860932,0.8837176,0.8819359,0.86315554,0.8845057,0.8779058,0.8427828,0.85847706,0.69071674,0.79932564,0.88141894,0.8632082,0.8687867,0.86959016,0.8742494,0.86247486,0.77968645,0.83230376,0.88183475,0.8744066,0.87100005,0.8313952,0.87674403,0.7962261,0.8664953,0.8775956,0.83773655,0.8204682,0.6285897,0.81138945,0.8162726,0.85296595
0.79486775,0.8298653,0.88277525,0.88031316,0.88940245,0.8885982,0.87830555,0.8829387,0.89051235,0.889489,0.885545,0.88358057,0.8894063,0.886666,0.8912395,1.0,0.87930447,0.87099475,0.7098249,0.7233664,0.8793283,0.8849235,0.8833787,0.87913907,0.8851938,0.88290167,0.8858405,0.88920486,0.88857627,0.8899746,0.8899109,0.88674384,0.8318424,0.8773821,0.69033986,0.84681547,0.8834481,0.88470775,0.8874606,0.8848377,0.8685677,0.8748914,0.810306,0.7941986,0.2874543,0.24453099,0.86142796,0.8604859,-0.23927915,0.26960793,0.5196094,-0.12482862,0.6215966,0.39388442,0.883759,0.88408184,0.82056093,0.8360743,0.039246377,-0.27777454,0.58318555,0.034600884,0.81675035,0.8167584,0.18004379,0.21126501,0.7222447,0.7952396,0.22731993,0.56807846,0.8881348,0.87771934,0.8804929,0.88254756,0.8727055,0.87094516,0.87607974,0.8851554,0.8748423,0.8785667,0.8808409,0.8842402,0.8893259,0.8904612,0.88372266,0.8835154,0.88440704,0.86990905,0.8818418,0.8811525,0.84090793,0.8604747,0.6882701,0.8066708,0.8770565,0.8605069,0.86426395,0.8663036,0.8684383,0.8643602,0.7803314,0.8323512,0.87898207,0.87199426,0.870839,0.83502257,0.8783066,0.7879593,0.8628538,0.87516373,0.83294135,0.8148126,0.6295175,0.8082808,0.82018155,0.8521792
0.8303671,0.8564337,0.8861277,0.8881027,0.8806171,0.87264335,0.8841628,0.8856868,0.8803369,0.87834936,0.87655485,0.8831324,0.8772154,0.87612975,0.8831343,0.87930447,1.0,0.87832373,0.7385493,0.7759862,0.88152254,0.8853141,0.88016474,0.8865605,0.8826629,0.8782574,0.8773007,0.87464017,0.88648087,0.8848352,0.877793,0.8834899,0.8337887,0.8806289,0.6558247,0.8276382,0.88525987,0.8784655,0.8822177,0.87660015,0.87451935,0.8813679,0.82920265,0.8137646,0.26749706,0.27172995,0.8738166,0.8731471,-0.24763152,0.27040786,0.50726134,-0.14710253,0.6053381,0.38524407,0.8789753,0.8759365,0.85798407,0.8477352,0.046798624,-0.28497,0.60895556,0.04069603,0.81241435,0.82917494,0.1895981,0.20033126,0.7092402,0.80664796,0.20187844,0.5774939,0.8836832,0.88411856,0.88520354,0.8825578,0.87812954,0.87690204,0.879589,0.8806236,0.88753116,0.87909895,0.8849781,0.8754464,0.88326836,0.87783873,0.8844813,0.8748062,0.8636493,0.8316001,0.88211864,0.85869503,0.84298205,0.84180474,0.68138677,0.77960986,0.8840905,0.8609765,0.8702903,0.87146235,0.87774014,0.8440363,0.77623063,0.83888847,0.8775319,0.87480223,0.86106104,0.81047356,0.86102074,0.81388247,0.86568284,0.87505496,0.8485368,0.8379944,0.63687843,0.80590755,0.80503,0.84819293
0.80711347,0.84684193,0.8741711,0.8805887,0.8718858,0.86173546,0.87196875,0.8786417,0.8723967,0.8693967,0.86420405,0.8782413,0.8659307,0.87021846,0.8735888,0.87099475,0.87832373,1.0,0.72603685,0.75443286,0.8705362,0.87337035,0.8712687,0.8773754,0.86973286,0.865897,0.86547804,0.8675967,0.8764275,0.8747654,0.8671714,0.8740804,0.82198155,0.8680581,0.6513722,0.8314924,0.87089497,0.8654174,0.8677255,0.8636892,0.858291,0.86745214,0.809586,0.79946595,0.25642437,0.26258123,0.8595016,0.86112916,-0.23275249,0.25652692,0.5108406,-0.13913122,0.6092633,0.3750442,0.8642117,0.8660801,0.84048927,0.848659,0.07299443,-0.2812236,0.59731126,0.04434957,0.8100404,0.81945145,0.18981203,0.18083414,0.6792504,0.8040052,0.22132133,0.5822646,0.8726138,0.87071955,0.8717625,0.87090915,0.86261666,0.8635141,0.86825275,0.87290895,0.8759123,0.8799468,0.87283766,0.8725291,0.8695131,0.8676427,0.86868423,0.8704776,0.85042065,0.8259109,0.8639935,0.8547969,0.8268942,0.8327765,0.6681983,0.79329944,0.8689538,0.8430356,0.8514401,0.8524395,0.8560106,0.84021336,0.74846053,0.82770336,0.8579131,0.86043,0.8452866,0.81062394,0.8493365,0.80719185,0.85215586,0.8618446,0.8408007,0.83051515,0.6398193,0.7703156,0.79560935,0.83418477
0.83709896,0.75471497,0.7551126,0.7523901,0.70443994,0.7009615,0.7776359,0.74967766,0.6990208,0.7057383,0.7414571,0.7384223,0.72784674,0.7325524,0.7142447,0.7098249,0.7385493,0.72603685,1.0,0.8183392,0.68382937,0.6951135,0.7444254,0.73625547,0.70639443,0.7157522,0.7019698,0.68917394,0.7205133,0.72068864,0.7214211,0.6999624,0.83060163,0.7783415,0.73293734,0.73707354,0.71245736,0.72965413,0.7152531,0.7392785,0.65985847,0.72971267,0.66480434,0.69354993,0.22121906,0.09697089,0.7342253,0.7209968,-0.2276391,0.20100497,0.38993722,-0.06625147,0.43829784,0.41063324,0.7216397,0.72695154,0.7282461,0.72033,-0.008785391,-0.1600454,0.44877568,-0.07254106,0.757138,0.7653832,0.18723194,0.066379465,0.5345604,0.67351097,0.13677241,0.4400986,0.71480834,0.6915593,0.70258796,0.68515426,0.6882778,0.68336123,0.7329818,0.721202,0.7380807,0.73755723,0.7339137,0.71172434,0.7183648,0.7154413,0.73033863,0.70446837,0.6819203,0.6387935,0.7414987,0.7068787,0.6708944,0.62282175,0.5036901,0.5708409,0.7361312,0.7555412,0.74818087,0.75344604,0.7173471,0.658224,0.5837713,0.67142224,0.69615275,0.712156,0.67323685,0.6291911,0.71388876,0.7510591,0.7414516,0.7448778,0.77597344,0.67697066,0.490701,0.6116322,0.6639403,0.73666334
0.8504759,0.8133129,0.7694916,0.7750303,0.72135735,0.70426327,0.78903306,0.7765479,0.7170771,0.72073996,0.74798524,0.7699489,0.73524505,0.7486861,0.7349166,0.7233664,0.7759862,0.75443286,0.8183392,1.0,0.72374374,0.7304475,0.7460358,0.75949746,0.7287989,0.72623223,0.71537393,0.70149,0.74319184,0.7372365,0.72414386,0.7273051,0.79137325,0.78397954,0.6099058,0.70424014,0.7465178,0.7438167,0.7392622,0.7506489,0.7136996,0.7645452,0.72732645,0.71663576,0.21260945,0.19089177,0.7821362,0.7822302,-0.26298544,0.22701685,0.40678757,-0.14698398,0.435243,0.38592952,0.747289,0.74391305,0.8036669,0.7606549,0.040499855,-0.20013575,0.5122604,-0.036365304,0.73716664,0.7684985,0.2188975,0.101396054,0.5571366,0.72664636,0.055155598,0.5078121,0.7341878,0.73445797,0.7396676,0.7244726,0.7262954,0.71560127,0.7520241,0.73390067,0.763829,0.7560711,0.7594711,0.72869104,0.74141484,0.7244859,0.7525616,0.72672343,0.6847258,0.6137818,0.75776947,0.69769955,0.73128027,0.6533431,0.5277264,0.554152,0.7748527,0.7554561,0.7833188,0.777212,0.7644035,0.653025,0.6135857,0.7091036,0.727299,0.7472286,0.68823147,0.60485566,0.71532995,0.78277826,0.7471216,0.7674002,0.79721165,0.7340342,0.56069034,0.6665729,0.6605549,0.72992885
0.78972745,0.8385538,0.8804028,0.8794153,0.88595396,0.87938184,0.8696031,0.87627596,0.88377416,0.8812561,0.87068677,0.8758646,0.87407106,0.86878353,0.8840535,0.8793283,0.88152254,0.8705362,0.68382937,0.72374374,1.0,0.89041597,0.8790614,0.8848857,0.88896453,0.88615197,0.8855547,0.883766,0.8854434,0.8842955,0.88054216,0.889373,0.8119267,0.86812043,0.64651024,0.827059,0.8860328,0.8772777,0.88226336,0.8722083,0.8839098,0.87758327,0.820492,0.7997109,0.2965974,0.2822055,0.8669678,0.8630639,-0.24501552,0.24805169,0.51748025,-0.15811138,0.6336104,0.36620829,0.8744876,0.8737807,0.8421229,0.83659536,0.044911943,-0.276026,0.609036,0.0656196,0.8073357,0.82151,0.18497063,0.20525756,0.71275514,0.78866524,0.23646238,0.58197504,0.8873862,0.88926315,0.8878167,0.8876317,0.8842386,0.8825725,0.8793035,0.8828691,0.8756095,0.87141097,0.87796855,0.8759738,0.8826665,0.87879896,0.87670547,0.87752926,0.87284166,0.84761584,0.8762346,0.86544526,0.8331868,0.8609774,0.6977564,0.79882675,0.87721103,0.85767543,0.85978246,0.8636864,0.87252915,0.8585972,0.7847488,0.83134943,0.87814444,0.87512594,0.87152416,0.82885617,0.86167735,0.80544615,0.86483836,0.8666124,0.8292266,0.8216927,0.6482809,0.80995816,0.7977704,0.84648645
0.7974941,0.8390793,0.88390577,0.8827179,0.8884054,0.8831321,0.87565607,0.8812972,0.8880728,0.88485616,0.8781311,0.8801193,0.88120526,0.8766282,0.8883649,0.8849235,0.8853141,0.87337035,0.6951135,0.7304475,0.89041597,1.0,0.8809832,0.8857583,0.8898611,0.88571763,0.8865193,0.8861837,0.8893512,0.8886824,0.88435495,0.89085174,0.8185384,0.8739562,0.65094614,0.8301948,0.88856506,0.8816138,0.8871868,0.87861496,0.8840539,0.88095665,0.8243796,0.80132127,0.28363243,0.28349575,0.8688231,0.8679167,-0.2420183,0.26081663,0.52004254,-0.14683299,0.6247617,0.37847373,0.8816802,0.87956756,0.8416562,0.8411414,0.042300265,-0.27756378,0.6098982,0.06437759,0.80977595,0.82053816,0.18692052,0.21348141,0.7144293,0.795225,0.22295143,0.5805407,0.8892721,0.8888852,0.8887064,0.8899508,0.8842786,0.88373387,0.881364,0.8854888,0.8803741,0.87669903,0.8834357,0.8799867,0.8873982,0.8844895,0.8833492,0.8809566,0.87794757,0.8534217,0.8820686,0.8692209,0.8407871,0.86048764,0.6952867,0.7994925,0.88210845,0.8589746,0.8655784,0.86694276,0.8767011,0.8590042,0.7856197,0.83835477,0.8828705,0.87782663,0.87232286,0.8311798,0.867778,0.80364245,0.86569977,0.87251467,0.8339169,0.8290422,0.6395031,0.8160567,0.8082466,0.8483307
0.8164209,0.83642,0.88821334,0.88223976,0.8859642,0.88382894,0.8806941,0.88106686,0.8835861,0.8859095,0.8790244,0.8795645,0.8818034,0.87435985,0.8854198,0.8833787,0.88016474,0.8712687,0.7444254,0.7460358,0.8790614,0.8809832,1.0,0.88709134,0.88412625,0.8864968,0.88562524,0.88274187,0.8842559,0.8851239,0.8880798,0.884271,0.8493365,0.88088906,0.7099148,0.8437414,0.87888074,0.88079506,0.8808742,0.8786144,0.8624005,0.87275696,0.810687,0.7917705,0.2878613,0.24718995,0.8608493,0.8541944,-0.23542862,0.2554898,0.53048784,-0.123272315,0.62717664,0.3869826,0.87374514,0.87614644,0.82758915,0.8310786,0.02143086,-0.26307407,0.5853685,0.030822052,0.82656777,0.8408807,0.19969317,0.17403908,0.71707505,0.7906724,0.24222653,0.5487667,0.886084,0.8756614,0.87688094,0.87415045,0.8714483,0.86893934,0.88286805,0.8864496,0.87892765,0.8744988,0.87808466,0.8743122,0.88334495,0.88169074,0.87821746,0.8753825,0.8728414,0.8510275,0.8775979,0.87090045,0.82736844,0.84997624,0.68114555,0.7932251,0.87491703,0.8732605,0.86131525,0.8706743,0.86686087,0.8609224,0.7608781,0.81629014,0.87363684,0.8707405,0.867664,0.83993065,0.86808205,0.8142774,0.87548614,0.8717454,0.8445844,0.8142811,0.6221784,0.79924816,0.8120018,0.8633162
0.8213061,0.8498102,0.88852805,0.88818115,0.8845511,0.8785456,0.88182396,0.884305,0.8825474,0.8821027,0.87514913,0.8812091,0.87723124,0.8728198,0.8841135,0.87913907,0.8865605,0.8773754,0.73625547,0.75949746,0.8848857,0.8857583,0.88709134,1.0,0.8860118,0.8852108,0.8829469,0.87956905,0.88534516,0.8853952,0.8816993,0.88640535,0.83708984,0.8799014,0.672957,0.82978445,0.8841612,0.8792527,0.88137627,0.8764417,0.8748898,0.8799884,0.8251382,0.8023339,0.26667067,0.26800153,0.86889464,0.86761445,-0.22863258,0.252208,0.5166083,-0.16035013,0.6253107,0.38951173,0.8760575,0.87498116,0.84912807,0.8432139,0.049653262,-0.26828626,0.60850996,0.054065246,0.820446,0.84001976,0.18933176,0.17965727,0.7072297,0.79808736,0.22562708,0.56532884,0.8851882,0.8842818,0.8841029,0.88171524,0.8776405,0.87790406,0.88286597,0.8842396,0.8826438,0.87590617,0.88268256,0.8751834,0.88216025,0.8782154,0.8801295,0.87580633,0.86590993,0.8364415,0.87961954,0.86298513,0.8350627,0.8461498,0.68648463,0.78445584,0.8815428,0.86686546,0.86601824,0.8713037,0.8745398,0.8504515,0.7689763,0.83130056,0.8762748,0.8760412,0.8644673,0.82495403,0.86129165,0.82332885,0.8728496,0.8720029,0.84775585,0.8285371,0.6317908,0.8030643,0.8035551,0.8557209
0.8010829,0.835552,0.8852712,0.88179266,0.8903473,0.88628703,0.8765329,0.88006663,0.88719493,0.88584435,0.8797516,0.8794753,0.88197184,0.8761572,0.8879217,0.8851938,0.8826629,0.86973286,0.70639443,0.7287989,0.88896453,0.8898611,0.88412625,0.8860118,1.0,0.89031464,0.88967633,0.8879569,0.8894395,0.8885769,0.8868159,0.89058214,0.8275944,0.8764512,0.6729448,0.8363872,0.8883727,0.8843289,0.8874359,0.88098663,0.8801529,0.8807959,0.8210526,0.80290735,0.2900706,0.26563925,0.8683396,0.8640231,-0.23725176,0.25765178,0.5163542,-0.13495734,0.625606,0.38890383,0.8811925,0.8800131,0.83491176,0.8352223,0.035837453,-0.2691946,0.596636,0.061755944,0.8195137,0.8247561,0.1853056,0.19834077,0.72032255,0.7910541,0.24196069,0.57242,0.8897834,0.88736266,0.88760793,0.88705343,0.88267434,0.8811604,0.8831987,0.88770586,0.87704057,0.8744006,0.88075465,0.8787746,0.8869645,0.88537,0.8818266,0.8803316,0.88003325,0.85738736,0.8825383,0.8733408,0.834717,0.85617954,0.6919448,0.7989364,0.8809408,0.86684215,0.86580175,0.8701383,0.873388,0.86235243,0.78784865,0.8355543,0.8801218,0.8773929,0.874796,0.83747196,0.87209314,0.80690575,0.8714741,0.87317747,0.8363983,0.82180595,0.63969874,0.81133485,0.81066126,0.8565632
0.8008887,0.83111954,0.8839866,0.879032,0.8890384,0.8876315,0.87381935,0.8768502,0.88432777,0.8862895,0.8779636,0.87654805,0.87906295,0.8714936,0.8856249,0.88290167,0.8782574,0.865897,0.7157522,0.72623223,0.88615197,0.88571763,0.8864968,0.8852108,0.89031464,1.0,0.89036554,0.88682306,0.8859608,0.88623816,0.8876774,0.88768345,0.83430016,0.87577474,0.69333297,0.8397246,0.88450986,0.8823135,0.8837916,0.8790951,0.87370944,0.8748062,0.8093373,0.79412574,0.29233095,0.2389356,0.864185,0.8572194,-0.24567252,0.24571405,0.516324,-0.13620289,0.6348708,0.38564974,0.8763956,0.8773798,0.82779527,0.82821184,0.033227187,-0.2642261,0.58262956,0.05612734,0.82231957,0.8308377,0.18464184,0.18093108,0.71621585,0.78948325,0.2509734,0.5612483,0.8886555,0.8828628,0.88228154,0.88138497,0.8775217,0.87563586,0.882224,0.88726187,0.8741237,0.87073433,0.87599593,0.8759041,0.8833882,0.8830007,0.8765416,0.8776052,0.87654305,0.857244,0.8797907,0.8731058,0.8293229,0.85522056,0.6931807,0.7983582,0.87620765,0.8721327,0.86303777,0.8716837,0.8699425,0.8636703,0.77830064,0.82835305,0.8777616,0.87454784,0.87512547,0.8399594,0.871198,0.8119882,0.87488437,0.8711274,0.83793056,0.8122384,0.6381333,0.8026462,0.8124884,0.8638803
0.7941782,0.82561004,0.8826358,0.87675405,0.8908037,0.8895627,0.87347597,0.8759444,0.8863464,0.8886464,0.8786613,0.87688196,0.88134825,0.8737049,0.8878752,0.8858405,0.8773007,0.86547804,0.7019698,0.71537393,0.8855547,0.8865193,0.88562524,0.8829469,0.88967633,0.89036554,1.0,0.8904272,0.88596934,0.88707596,0.8883351,0.88804376,0.8262595,0.8740738,0.6857274,0.83751786,0.8830037,0.881382,0.8844973,0.87925816,0.87185436,0.87137353,0.8091969,0.79068446,0.2954448,0.2535577,0.85969156,0.85389835,-0.23803858,0.24902137,0.51593,-0.1236541,0.63593394,0.3847822,0.8768516,0.8761544,0.8238021,0.82327366,0.040564585,-0.25861916,0.5774234,0.04593656,0.8177204,0.8217564,0.20067789,0.1822634,0.72169423,0.7813375,0.24534222,0.56252825,0.8886937,0.88156444,0.88039356,0.88184595,0.8759803,0.8744037,0.88159657,0.88822234,0.8739737,0.86994475,0.87709445,0.8763626,0.8847399,0.883838,0.87870735,0.8784696,0.8800651,0.86287796,0.8790699,0.87410194,0.8293564,0.8590476,0.6856719,0.8056318,0.87530154,0.8666545,0.86023355,0.8667181,0.8690207,0.8629905,0.78073084,0.82622945,0.87984574,0.8711557,0.8736167,0.83902454,0.87127626,0.79622424,0.8692789,0.868429,0.8302844,0.8084691,0.6262759,0.8039135,0.8144597,0.8580237
0.7815951,0.82149816,0.8797434,0.8755546,0.8912615,0.8901459,0.8712202,0.8769011,0.88940096,0.8887768,0.88041407,0.8780478,0.8842092,0.8788157,0.8889628,0.88920486,0.87464017,0.8675967,0.68917394,0.70149,0.883766,0.8861837,0.88274187,0.87956905,0.8879569,0.88682306,0.8904272,1.0,0.88652915,0.8874916,0.8886069,0.88844585,0.8193537,0.87104905,0.6799881,0.8408001,0.8817503,0.8818011,0.8848673,0.87991214,0.87069863,0.87072474,0.80718887,0.78847104,0.29761183,0.26026556,0.8561245,0.85314167,-0.23432827,0.25326654,0.51650596,-0.12212697,0.63488567,0.3908519,0.8783733,0.8789546,0.81567675,0.82711154,0.044494692,-0.26094162,0.57912326,0.039062396,0.8134679,0.8147257,0.1880783,0.20625481,0.7211596,0.78367186,0.24497963,0.5715595,0.8880527,0.8800992,0.8800657,0.8828851,0.87445176,0.8735726,0.87716925,0.88626,0.8711709,0.8726659,0.8766973,0.8814204,0.8857729,0.8868346,0.8784175,0.88206935,0.88475907,0.8711611,0.877344,0.8789776,0.8306874,0.86336255,0.68538105,0.81447804,0.87343806,0.85971713,0.8566971,0.8617744,0.8644608,0.865912,0.77925277,0.82938004,0.87766993,0.87008506,0.8724361,0.8415371,0.8740758,0.7844402,0.8630524,0.8670023,0.8225391,0.806624,0.6270343,0.80525136,0.8134392,0.8513807
0.8106108,0.84077203,0.8875752,0.8854161,0.8897051,0.88505346,0.88266915,0.885573,0.88888556,0.8857945,0.8847221,0.88482624,0.88696593,0.883263,0.8902327,0.88857627,0.88648087,0.8764275,0.7205133,0.74319184,0.8854434,0.8893512,0.8842559,0.88534516,0.8894395,0.8859608,0.88596934,0.88652915,1.0,0.8903602,0.8877443,0.8904424,0.835653,0.8815859,0.67590505,0.8429211,0.8888018,0.88712543,0.8893531,0.8848865,0.87711483,0.88281256,0.82233477,0.8106041,0.28578135,0.2616568,0.8710686,0.86893266,-0.23226325,0.26071775,0.5207601,-0.1333291,0.622815,0.3917929,0.88524705,0.8856142,0.8378013,0.844225,0.031787448,-0.27157173,0.59547067,0.04929051,0.8214508,0.8261379,0.18696016,0.20235988,0.7207686,0.8026675,0.2277398,0.5749105,0.89001244,0.88658637,0.8886281,0.8877785,0.88179755,0.8812268,0.8814767,0.88699585,0.8814904,0.88130933,0.8838791,0.88315797,0.8898257,0.88904583,0.8853553,0.8826757,0.8803255,0.8588312,0.8847369,0.876608,0.8375841,0.85620767,0.6882069,0.79861516,0.88413274,0.8656574,0.8710313,0.8718669,0.8759135,0.86223954,0.78239757,0.83760184,0.8810687,0.878217,0.8730672,0.834556,0.8757726,0.80784947,0.86992246,0.8791762,0.84512776,0.8281643,0.6355432,0.81106585,0.81664836,0.85544145
0.8066603,0.8389881,0.8873832,0.88552463,0.88954,0.88708663,0.8830017,0.8848275,0.8892298,0.88836443,0.8853866,0.88346577,0.8877661,0.8840162,0.89109135,0.8899746,0.8848352,0.8747654,0.72068864,0.7372365,0.8842955,0.8886824,0.8851239,0.8853952,0.8885769,0.88623816,0.88707596,0.8874916,0.8903602,1.0,0.88946956,0.88930255,0.83745676,0.8817497,0.6888595,0.8432047,0.8879765,0.88547385,0.8895968,0.88484615,0.87534714,0.8804929,0.81815636,0.8028287,0.27675584,0.25806352,0.86620027,0.8656869,-0.23744462,0.26258758,0.5113615,-0.1286294,0.6199951,0.38687515,0.8851961,0.88390565,0.83448607,0.8419487,0.040407985,-0.27977437,0.59540683,0.052311722,0.82269454,0.8252677,0.17153771,0.2160015,0.71873087,0.79780936,0.23290434,0.56686914,0.8901743,0.88332224,0.88543385,0.8868831,0.8797002,0.8782516,0.8833137,0.8880274,0.88198835,0.88159186,0.8867344,0.8841147,0.88994473,0.8896833,0.8873531,0.8829125,0.8823485,0.8627273,0.8871223,0.8777873,0.8423661,0.85717773,0.6888166,0.8004032,0.8813122,0.8655754,0.8683083,0.8724923,0.873916,0.86323756,0.78520036,0.8344993,0.8821435,0.87679094,0.8741573,0.83275646,0.87639564,0.8012889,0.8678072,0.87708896,0.8379202,0.8267915,0.63620377,0.8133294,0.81781614,0.8558339
0.7996179,0.82452554,0.8853416,0.87943876,0.8896656,0.8900524,0.8785584,0.87941366,0.8884634,0.8890632,0.88527936,0.8793214,0.88778955,0.8808106,0.8897825,0.8899109,0.877793,0.8671714,0.7214211,0.72414386,0.88054216,0.88435495,0.8880798,0.8816993,0.8868159,0.8876774,0.8883351,0.8886069,0.8877443,0.88946956,1.0,0.88746464,0.8433682,0.8801404,0.71048754,0.85002714,0.8822445,0.88438886,0.8864982,0.8834757,0.8666613,0.87328243,0.805033,0.7939527,0.29474363,0.23880675,0.8588605,0.8553146,-0.24165612,0.25330302,0.51876175,-0.119660385,0.6273338,0.39279425,0.8805794,0.88279647,0.8166211,0.8280201,0.029790321,-0.2696442,0.57873255,0.04494033,0.82383394,0.8262383,0.17745355,0.19888088,0.721193,0.790418,0.24752435,0.5527431,0.8896036,0.8776155,0.87946373,0.8803621,0.87376815,0.871607,0.881321,0.8874684,0.8761564,0.87640107,0.87991315,0.87991834,0.8878999,0.8892344,0.88168246,0.88016814,0.8848417,0.870211,0.8820388,0.88155246,0.83198017,0.85891026,0.6907079,0.80431473,0.87497294,0.8684151,0.86308295,0.8696843,0.8681761,0.8699343,0.77537036,0.82422286,0.8786756,0.87373745,0.8760483,0.84459645,0.8787661,0.80142736,0.8704537,0.8746457,0.83598137,0.8129176,0.6260994,0.80983996,0.82259226,0.86060786
0.7961915,0.83526915,0.8858624,0.882672,0.89029086,0.8859482,0.87692183,0.88119596,0.8889384,0.88661665,0.880113,0.8806421,0.8831143,0.87736464,0.88939327,0.88674384,0.8834899,0.8740804,0.6999624,0.7273051,0.889373,0.89085174,0.884271,0.88640535,0.89058214,0.88768345,0.88804376,0.88844585,0.8904424,0.88930255,0.88746464,1.0,0.82611364,0.87622845,0.66930294,0.83805275,0.88802886,0.8839848,0.8875109,0.8804599,0.880999,0.8803709,0.81794274,0.8044458,0.28732815,0.27209413,0.86692834,0.86381406,-0.23118685,0.25946242,0.5201924,-0.13693453,0.6336553,0.38073123,0.8814107,0.88123304,0.8338447,0.8371659,0.03513436,-0.26904723,0.60043263,0.06367969,0.8185969,0.823749,0.18720643,0.19917217,0.71970123,0.7957763,0.23282963,0.5731549,0.8905153,0.8882676,0.88833284,0.88876885,0.8832577,0.8824546,0.8822372,0.8870241,0.879609,0.8771424,0.88228405,0.88071835,0.88805836,0.88680583,0.8821937,0.8814483,0.88112193,0.85977703,0.8819295,0.8747812,0.83525395,0.8609206,0.6949153,0.801163,0.8809894,0.8631111,0.86496323,0.86871123,0.8744279,0.8659699,0.7822351,0.8347283,0.8814532,0.8784625,0.8760768,0.839747,0.87154716,0.8082864,0.8698666,0.87391305,0.8372164,0.82374716,0.63994765,0.81180364,0.8137017,0.8533492
0.843081,0.80865014,0.85267067,0.8425993,0.82765406,0.8283377,0.8582924,0.8415907,0.822972,0.8275751,0.84914064,0.8379825,0.84233224,0.837438,0.83429724,0.8318424,0.8337887,0.82198155,0.83060163,0.79137325,0.8119267,0.8185384,0.8493365,0.83708984,0.8275944,0.83430016,0.8262595,0.8193537,0.835653,0.83745676,0.8433682,0.82611364,1.0,0.86672795,0.7856753,0.837945,0.8289152,0.8453245,0.83485246,0.84816843,0.79037184,0.8341818,0.7536695,0.7664458,0.2727525,0.15483643,0.825374,0.8159492,-0.22809975,0.24281128,0.47783107,-0.09172235,0.57289016,0.4296763,0.83676445,0.8440421,0.78234404,0.7953743,-0.0150940735,-0.21292876,0.51305187,0.014708297,0.84007293,0.8371008,0.1817463,0.122782856,0.6546942,0.76366216,0.21321557,0.48510307,0.83564985,0.81204647,0.81972057,0.81158143,0.81025225,0.8042036,0.8413167,0.83760864,0.83498514,0.83921146,0.83466464,0.8270061,0.8353902,0.83789974,0.8355006,0.82470053,0.8208799,0.79676545,0.8466956,0.838764,0.7793812,0.77018005,0.6375765,0.7221092,0.8338193,0.85537124,0.84325385,0.85250145,0.8229686,0.81668377,0.7003447,0.7621483,0.8173261,0.827353,0.8199767,0.788498,0.84354126,0.82028633,0.8451483,0.850049,0.84268504,0.7676557,0.57853824,0.74536365,0.7893763,0.84669685
