1.0,0.44361234,0.5771907,0.45042726,0.3003957,0.107340686,0.66176707,0.36201403,0.30510035,0.18625939,0.6068644,0.38152584,0.6310382,0.3702067,0.37733054,0.2952098,0.33497688,0.3265102,0.75420487,0.52517456,0.28438938,0.07386081,0.34397075,0.3652138,0.060012873,0.006797909,0.35005412,0.22209023,0.27795425,0.37718043,0.1214328,0.0753707,0.25365445,0.39983684,0.19084445,0.051558536,0.37640816,0.2759564,0.40239796,0.2857652,0.4374416,0.37507272,0.203027,0.10130085,0.5376166,0.2684517,0.32722384,-0.023544472,0.3751838,0.28949773,0.21174745,0.33378065,0.23919624,0.018693326,0.33976787,0.06701,0.57141393,0.4949369,0.33164865,0.3112151,0.4835169,0.32344353,0.55205834,0.33585522,0.30145305,0.3248455,0.44643447,0.25878835,0.28452232,0.13693705,0.30461237,0.20817593,0.2782999,0.19566113,0.1561002,-0.008291459,0.29693568,0.2186751,0.34052137,0.32254708,0.28682807,0.27774042,0.29239517,0.24892661,0.44436386,0.08888338,0.15432592,0.03332678,0.3538299,-0.1309353,-0.05176608,-0.20104218,0.0442072,-0.11101877,0.1914012,0.006488909,0.27160203,-0.097608425,-0.043742716,-0.06681647,-0.13294668,-0.1441174,-0.07855913,-0.059723668,0.030216727,0.049587972,-0.1063954,-0.11521547,0.23814888,0.18672061,0.07091075,0.0029734618,-0.11959345,0.02345733,0.033440396,0.014091643
0.44361234,1.0,0.53203833,0.54509073,0.373549,0.13040304,0.41399273,0.64710045,0.14601319,0.16850823,0.56904465,0.69725573,0.5882867,0.5319488,0.588867,0.58055276,0.48206097,0.42165902,0.58476615,0.6706489,0.5037777,0.543799,0.06463579,0.10015658,-0.1136559,-0.18070021,0.48338717,0.5496045,0.653131,0.5884847,0.47990113,0.34378326,0.5513326,0.6009314,0.4111925,0.43831536,0.5036143,0.5549449,0.5284138,0.26855555,0.5194871,0.4172905,0.43852302,0.5483804,0.37586066,0.5800304,0.3957348,0.5362594,0.06506368,0.558725,-0.1357727,0.32260504,0.07754112,0.48430425,0.5681729,0.57437867,0.49775156,0.5668719,0.1274721,0.21956164,0.2064288,0.37211403,0.48945248,0.5825771,0.19457008,0.6760719,0.52324665,0.61390877,0.4129103,0.2596985,0.520272,0.45652476,0.7073401,0.61362576,0.56650037,0.40309536,0.49908453,0.6038621,0.3193263,0.37904412,0.7883342,0.74438035,0.55314773,0.5678563,0.6743814,0.77519983,0.086923316,0.25975183,0.31687644,0.45873234,0.38509172,0.361134,0.24087004,0.42901775,0.46884617,0.29258764,0.5937311,0.3501934,0.4093683,0.33269683,0.22080527,0.47656232,0.39209345,0.45901477,0.3667005,0.5112192,0.3984153,0.11295729,0.38018715,0.5067753,0.4910666,0.6027813,0.045053564,0.38675967,0.330153,0.17934474
0.5771907,0.53203833,1.0,0.8444131,0.61273,0.42641884,0.8405645,0.80419785,0.57545835,0.5176127,0.67872566,0.64005387,0.807593,0.63156044,0.58597916,0.4912005,0.5353554,0.5080714,0.7747596,0.8120963,0.35265777,0.31057394,0.68315864,0.67803514,0.22709085,0.2550808,0.3612019,0.38100514,0.5532463,0.5565744,0.42738682,0.43441138,0.63496405,0.6676227,0.4989743,0.5164818,0.49268693,0.43791193,0.5200074,0.5563323,0.5866834,0.4693823,0.5586022,0.5026501,0.39007118,0.43864977,0.6307491,0.4524819,0.035467003,0.32735148,-0.12607734,0.27944562,0.1414953,0.19213092,0.73352855,0.48155665,0.41978583,0.53275055,0.1949058,0.16885404,0.24838984,0.15368778,0.5333592,0.48505464,0.19405942,0.35321566,0.59525704,0.5683247,0.568263,0.34172216,0.4197041,0.35748512,0.5196368,0.47292605,0.3789127,0.22536029,0.3486493,0.65105,0.5818937,0.4986066,0.51726,0.59082204,0.5667831,0.45091718,0.55585355,0.4490411,0.47798118,0.3530234,0.5983289,0.39167938,0.34660956,0.27938715,0.35011125,0.24097182,0.6371121,0.45607418,0.6281555,0.3892546,0.47615814,0.4139635,0.25869426,0.29144192,0.28597143,0.29820147,0.4052704,0.40236735,0.27538002,0.18583767,0.6519128,0.64883524,0.55773604,0.5616486,0.022365686,0.37261677,0.4044578,0.28768182
0.45042726,0.54509073,0.8444131,1.0,0.58673495,0.382851,0.693915,0.8376431,0.5105725,0.53345066,0.6204906,0.63732207,0.7293417,0.61074936,0.5263979,0.4527742,0.54332286,0.47427475,0.64366037,0.7635214,0.33421567,0.29760528,0.6280353,0.69667286,0.23196527,0.24741006,0.34018585,0.39995876,0.54115415,0.56155723,0.44842005,0.45287362,0.6405586,0.6269343,0.5362654,0.6046382,0.4591593,0.4726523,0.50326884,0.55204237,0.5694208,0.42151338,0.6494396,0.5527499,0.28654528,0.42653865,0.62838846,0.5074205,-0.113697834,0.31950387,-0.21649578,0.28454137,0.04249653,0.2048874,0.7621896,0.5621163,0.34996444,0.514549,0.15585877,0.13014702,0.1808742,0.1016505,0.52317095,0.5364084,0.14230335,0.3130191,0.599927,0.6292693,0.5440746,0.28292254,0.41097465,0.33159667,0.53362536,0.4806744,0.38539448,0.20181644,0.3433595,0.61097115,0.5385497,0.46436638,0.51563966,0.5754237,0.5901031,0.46686745,0.5631509,0.53500974,0.45625505,0.44028792,0.634758,0.52737254,0.4331243,0.37540573,0.33781666,0.30239424,0.58047754,0.49893057,0.637119,0.43976066,0.5573872,0.47665793,0.3380241,0.41726664,0.39873713,0.44598103,0.4862193,0.44251344,0.29421216,0.14740299,0.5653416,0.59598804,0.56036043,0.58690596,0.016671699,0.37276518,0.4204689,0.3326347
0.3003957,0.373549,0.61273,0.58673495,1.0,0.72848386,0.54459226,0.5601243,0.77130806,0.74154276,0.6043889,0.5588578,0.6938429,0.51709163,0.7034334,0.64880854,0.64730775,0.6719664,0.41947427,0.54135,0.31052753,0.25875065,0.66593415,0.5770825,0.58788556,0.6416581,0.36774808,0.42008233,0.6921768,0.6462748,0.70740604,0.6902228,0.7446412,0.7545462,0.6620974,0.5887444,0.30656138,0.27483487,0.42681986,0.4550494,0.5023545,0.45648676,0.46832392,0.45738816,0.15985,0.30849436,0.42404103,0.22443749,-0.070937455,0.37904537,-0.34550774,0.13044813,-0.14637575,0.12613328,0.44406933,0.37836295,0.36940235,0.51590294,0.17390142,0.1699608,0.07469392,0.11439163,0.3787213,0.5161254,-0.022926927,0.17124441,0.6339249,0.61098135,0.517429,0.14052103,0.3841251,0.5386456,0.5461516,0.3070372,0.30573907,0.19363728,0.30195588,0.55624884,0.3921708,0.5632296,0.48628756,0.5737148,0.5805433,0.62703604,0.38643187,0.3662024,0.46434256,0.57557166,0.47257024,0.22733355,0.38096887,0.32683316,0.37177667,0.2993492,0.35848004,0.40663248,0.38874224,0.22442652,0.36849222,0.4867683,0.3532863,0.2943486,0.34722298,0.37240455,0.3799821,0.37021804,0.28408214,0.18476607,0.42366403,0.32073903,0.23607814,0.40244418,0.11349353,0.47603962,0.5104798,0.43238103
0.107340686,0.13040304,0.42641884,0.382851,0.72848386,1.0,0.39617473,0.44122967,0.7498968,0.76829344,0.47395736,0.3995571,0.53155535,0.52425957,0.65009737,0.62801266,0.5458554,0.6172743,0.20721906,0.3933917,0.3747282,0.3174519,0.5416675,0.43129405,0.59468806,0.75586396,0.4493228,0.5348385,0.60596216,0.6151895,0.661533,0.6427869,0.639616,0.6400983,0.56640387,0.5542308,0.26086134,0.2152911,0.35126603,0.4948555,0.4430345,0.36727118,0.37430075,0.35107154,-0.009033611,0.16356719,0.28861567,0.22118133,-0.05692515,0.18477073,-0.23605351,0.23379812,-0.11491084,0.051676046,0.27696854,0.27893427,0.26657072,0.32658336,0.31749892,0.1765844,0.11847674,0.101475105,0.29066178,0.46312517,0.1021864,0.13541998,0.4821099,0.5294059,0.43010548,0.3404122,0.41771403,0.46432704,0.51362437,0.31026042,0.37323204,0.24932252,0.23964964,0.42821518,0.40749496,0.48576722,0.39492643,0.49008718,0.5582194,0.58829427,0.27671862,0.29733458,0.6045852,0.67430943,0.30008817,0.15353662,0.33942628,0.3535707,0.5328367,0.28009024,0.3006743,0.2927895,0.35623375,0.25098902,0.27833417,0.46591032,0.47213587,0.32792342,0.36242294,0.3969671,0.42776558,0.35915744,0.24724936,0.30519566,0.22685397,0.21259634,0.1747108,0.33484358,0.32677266,0.4008277,0.42593497,0.38959286
0.66176707,0.41399273,0.8405645,0.693915,0.54459226,0.39617473,1.0,0.71644616,0.6137523,0.5184792,0.6568771,0.6138165,0.7956243,0.67458415,0.5249047,0.4611464,0.50865895,0.50126743,0.758182,0.67350084,0.31129876,0.2215369,0.62520856,0.598036,0.2476475,0.21154603,0.26067245,0.34629804,0.44009283,0.5153499,0.34102762,0.41766658,0.5872996,0.6359767,0.47438198,0.3952461,0.4102323,0.28410727,0.43624723,0.4534659,0.49305725,0.45364004,0.5162162,0.44828194,0.43077892,0.37874871,0.6485276,0.32311997,0.19784011,0.2677356,-0.021340895,0.24676117,0.23200418,0.10029027,0.55607194,0.36789966,0.5189359,0.44872862,0.22970043,0.19485794,0.3440249,0.2256981,0.6180437,0.41484225,0.17981055,0.3144878,0.62229943,0.51786673,0.5061612,0.2911547,0.39794108,0.35754836,0.41068143,0.30429503,0.27766448,0.07961817,0.21381171,0.53160405,0.6598418,0.58045906,0.4813521,0.5420167,0.3816881,0.31307557,0.5228796,0.27890816,0.4203673,0.2747647,0.4960979,0.16540459,0.27005926,0.10844285,0.33660856,0.1116268,0.42065498,0.23234078,0.48369747,0.19317132,0.35818985,0.286347,0.165309,0.099872604,0.12599923,0.14850019,0.25657615,0.2352639,0.1265576,0.08046146,0.5354716,0.4448633,0.39275637,0.39221853,-0.10292837,0.19425966,0.24085784,0.17440018
0.36201403,0.64710045,0.80419785,0.8376431,0.5601243,0.44122967,0.71644616,1.0,0.48121387,0.5100965,0.58245844,0.7558939,0.7039353,0.7338323,0.5808534,0.54852015,0.558406,0.54595643,0.6339745,0.7518614,0.471008,0.45165858,0.49879488,0.52030283,0.16219822,0.16675177,0.3966827,0.5129007,0.6030626,0.64530385,0.53139395,0.5355728,0.74623567,0.69428045,0.62777495,0.678278,0.50024533,0.50450635,0.53645384,0.5137555,0.6129246,0.46091726,0.6695205,0.67312944,0.26674974,0.48259643,0.66875434,0.67070514,-0.071511656,0.37793824,-0.24676421,0.28547177,0.08244409,0.340486,0.7478064,0.71142113,0.42577785,0.5005656,0.16370237,0.14844273,0.17033227,0.17062438,0.56926656,0.59798956,0.14907576,0.46995634,0.63922465,0.73889875,0.6100289,0.3302336,0.53946775,0.46631575,0.67807263,0.583471,0.52387923,0.3051646,0.39364988,0.69795734,0.5695906,0.5439163,0.6724,0.71122545,0.580081,0.50005126,0.59994817,0.663551,0.46676838,0.49254346,0.4985678,0.5826101,0.54882693,0.50077695,0.47422853,0.457331,0.61722034,0.52643824,0.72735196,0.5503791,0.6830993,0.57939315,0.46140292,0.540969,0.5035134,0.5653286,0.5551347,0.53355026,0.42748943,0.23454557,0.57318306,0.63074553,0.64416397,0.7324321,0.041113075,0.42077672,0.43668827,0.346548
0.30510035,0.14601319,0.57545835,0.5105725,0.77130806,0.7498968,0.6137523,0.48121387,1.0,0.807807,0.5297302,0.41044873,0.64415145,0.4881773,0.6469495,0.5889641,0.60045934,0.5804948,0.3787642,0.46737698,0.2356894,0.18976292,0.70678794,0.60910517,0.61506546,0.65826815,0.29710248,0.3932579,0.5456755,0.55960274,0.58040893,0.6575509,0.6359507,0.66917187,0.5830862,0.5257472,0.14928164,0.087965235,0.24846207,0.3586912,0.43338045,0.4097235,0.3779563,0.32552174,0.1285334,0.19311292,0.33676165,0.12785009,-0.06830069,0.20681548,-0.18959336,0.12679984,-0.015626526,0.026263628,0.25160736,0.17814603,0.3795873,0.4097194,0.29739487,0.15448833,0.18133256,0.19730675,0.3926954,0.4708461,0.08769379,0.14505203,0.58610773,0.5449319,0.51348287,0.25125235,0.3159981,0.39095163,0.40006822,0.20488636,0.25350863,0.013921884,0.067275055,0.42974463,0.50612146,0.50062853,0.3172627,0.44323596,0.44381177,0.47323352,0.28911242,0.1829729,0.48924607,0.44748515,0.38916206,0.0561025,0.32387888,0.22024627,0.47918335,0.17305693,0.28111434,0.2463931,0.30041334,0.17888144,0.22569054,0.4199037,0.37351856,0.1992798,0.2790501,0.28187078,0.24710786,0.19179142,0.12954862,0.2119963,0.37152502,0.26531947,0.21470185,0.3136267,0.09063191,0.3043186,0.39116886,0.34567118
0.18625939,0.16850823,0.5176127,0.53345066,0.74154276,0.76829344,0.5184792,0.5100965,0.807807,1.0,0.4483325,0.40486172,0.55964243,0.49602303,0.65879416,0.6365802,0.49286842,0.5065447,0.28077388,0.44878286,0.37773493,0.24775414,0.58693326,0.5103337,0.49553156,0.5958985,0.42395446,0.44637266,0.5566787,0.55867034,0.5706814,0.5986468,0.5618011,0.5863426,0.52646977,0.5483173,0.29394507,0.28214103,0.38854656,0.46610272,0.44455945,0.3871469,0.43219492,0.38528663,0.077834405,0.21291214,0.4161575,0.29224905,-0.09021413,0.2886352,-0.21281663,0.23962882,-0.13912328,0.11484194,0.3961197,0.35306895,0.28165302,0.33048227,0.3319192,0.22230922,0.21497159,0.18636204,0.32489705,0.42844808,0.11359402,0.13048875,0.49393383,0.5389683,0.44819495,0.2699615,0.4453909,0.3771777,0.48352507,0.3780621,0.38238004,0.1966775,0.22708696,0.49562183,0.4350505,0.41941702,0.37522525,0.4640964,0.51338255,0.5417855,0.31946865,0.34003115,0.5273378,0.6716729,0.4081353,0.280423,0.43520683,0.336793,0.5832019,0.26012906,0.36188164,0.34624344,0.44068566,0.3053799,0.36176556,0.46811995,0.47240174,0.31743205,0.39628255,0.41615123,0.3731519,0.30672163,0.18459046,0.19812806,0.35644722,0.31797817,0.3092303,0.4186488,0.24438162,0.39822432,0.40533635,0.36866948
0.6068644,0.56904465,0.67872566,0.6204906,0.6043889,0.47395736,0.6568771,0.58245844,0.5297302,0.4483325,1.0,0.7144738,0.85787356,0.7044295,0.70898503,0.64172584,0.7637323,0.74481153,0.60343736,0.6215367,0.5244295,0.34419322,0.45131692,0.44006315,0.3028895,0.26188183,0.45926213,0.570209,0.7457282,0.7128323,0.53329116,0.42425886,0.56286514,0.6822099,0.4311038,0.39730453,0.4765061,0.4324628,0.5128089,0.52693325,0.6635694,0.52801883,0.38589114,0.29486465,0.2740066,0.31609058,0.43364152,0.22685903,0.06347688,0.34933507,-0.13451393,0.2466125,0.122558676,0.13457477,0.4927458,0.32925504,0.56776255,0.596617,0.24214199,0.15786846,0.26640517,0.19026746,0.50653434,0.47166142,0.050817072,0.3014549,0.5217283,0.46078503,0.4518124,0.3126804,0.48038843,0.39941403,0.5706027,0.40320688,0.44095948,0.23569398,0.42722905,0.5341759,0.6601145,0.56170577,0.6534273,0.6898042,0.6546954,0.6268234,0.64915806,0.4676085,0.38521832,0.42526412,0.5095195,0.2071761,0.18941836,0.10489624,0.30707386,0.12887368,0.43438002,0.224395,0.49915606,0.18858624,0.23378828,0.26216847,0.16949798,0.20001201,0.24665858,0.30580223,0.35199618,0.38986382,0.20831518,0.05467771,0.3616112,0.42518508,0.337332,0.37621093,0.02458862,0.29065087,0.31899834,0.23426333
0.38152584,0.69725573,0.64005387,0.63732207,0.5588578,0.3995571,0.6138165,0.7558939,0.41044873,0.40486172,0.7144738,1.0,0.75746185,0.82125723,0.64703023,0.65748835,0.58002895,0.6375737,0.5075304,0.6033168,0.49730608,0.49430063,0.32961497,0.36310685,0.17296669,0.12248201,0.3963317,0.54316425,0.6422974,0.66057193,0.54705787,0.5661561,0.7108924,0.77089095,0.57447517,0.5600031,0.44911718,0.4536415,0.5268255,0.4724864,0.62660974,0.5420327,0.55880344,0.6034165,0.25795424,0.4651975,0.5698308,0.52205724,-0.026816988,0.3398923,-0.33939412,0.22450344,0.13617288,0.2684842,0.52491325,0.62193227,0.37484497,0.48967817,0.037639037,0.030587839,-0.009520178,0.11993432,0.46157953,0.43551177,-0.11043508,0.37409163,0.59133697,0.622996,0.4879229,0.22237648,0.5257937,0.4623822,0.6523927,0.48538798,0.5498844,0.31872314,0.38596874,0.65228057,0.590275,0.5924164,0.7707308,0.83215576,0.54007673,0.52499074,0.66677654,0.6799711,0.32934853,0.45763716,0.42131773,0.43583485,0.43051136,0.34320307,0.31183732,0.41709143,0.39337677,0.2839042,0.51736265,0.30059394,0.5065571,0.48952693,0.34631273,0.45861346,0.40695244,0.49323162,0.44591844,0.5142367,0.42790955,0.09065365,0.35239866,0.4411275,0.48483363,0.61395484,-0.013225188,0.37901524,0.3886242,0.28953344
0.6310382,0.5882867,0.807593,0.7293417,0.6938429,0.53155535,0.7956243,0.7039353,0.64415145,0.55964243,0.85787356,0.75746185,1.0,0.7773787,0.75493187,0.68601036,0.6729311,0.6614994,0.71369714,0.73032707,0.51786804,0.38880703,0.60033405,0.57001984,0.31751513,0.28666618,0.4651373,0.54293376,0.6892137,0.7211,0.5536223,0.50972575,0.6792274,0.7776661,0.5391656,0.49587435,0.49932903,0.45958683,0.5753867,0.5805437,0.6613227,0.59873784,0.4637321,0.4357519,0.3074365,0.3823246,0.59386337,0.33428943,0.06702915,0.3780629,-0.20383994,0.24093921,0.14397992,0.14294116,0.6105067,0.44608334,0.51013815,0.5589974,0.2109161,0.16783868,0.21932122,0.18246685,0.5865145,0.47933978,0.064304054,0.321163,0.6246588,0.5635702,0.5170775,0.297782,0.5482521,0.48134026,0.62782866,0.47238222,0.4665212,0.24082021,0.40365455,0.61359775,0.65228176,0.6203753,0.6550301,0.72396713,0.6578802,0.6023569,0.72362936,0.50962466,0.49246144,0.48075742,0.6464365,0.289634,0.29830977,0.17364901,0.3567552,0.20499483,0.480138,0.26877195,0.5533765,0.23107575,0.34735006,0.37045482,0.24512465,0.2585097,0.25611985,0.319505,0.3700274,0.3956763,0.23211859,0.1102201,0.48729613,0.49679708,0.42523092,0.47643018,0.018660627,0.3597967,0.39726624,0.27346587
0.3702067,0.5319488,0.63156044,0.61074936,0.51709163,0.52425957,0.67458415,0.7338323,0.4881773,0.49602303,0.7044295,0.82125723,0.7773787,1.0,0.65776443,0.64925754,0.5574196,0.6568809,0.5140716,0.60442847,0.512397,0.46381205,0.40481442,0.42602357,0.30516386,0.2270692,0.3842073,0.54196924,0.60384697,0.679837,0.56787527,0.5248605,0.66998404,0.716709,0.52313477,0.5359316,0.4355067,0.41947362,0.49840802,0.5372375,0.61639,0.4820194,0.4983914,0.46980655,0.22685908,0.41064632,0.53747237,0.49350917,-0.019007243,0.23301007,-0.18156381,0.22326331,0.10270342,0.14526802,0.5436173,0.5369801,0.43834424,0.3871916,0.13541074,0.026599707,0.07882697,0.085900895,0.48741564,0.41705337,0.01290382,0.32614857,0.53475803,0.57380843,0.48419482,0.30018964,0.5339379,0.4342324,0.63385934,0.4578802,0.55539316,0.3146405,0.32129794,0.6170964,0.64394283,0.6328903,0.6836827,0.73665893,0.5767813,0.49711013,0.7113365,0.58523995,0.45372453,0.54661024,0.4981054,0.42326626,0.4082364,0.26834354,0.44478834,0.3319953,0.40848517,0.23622213,0.5804559,0.36711088,0.4461472,0.432285,0.38567463,0.3230028,0.36572972,0.4249527,0.41316217,0.45365885,0.27065518,0.13651222,0.33675,0.4732791,0.50065273,0.54881537,0.05113577,0.30514288,0.32198262,0.24461481
0.37733054,0.588867,0.58597916,0.5263979,0.7034334,0.65009737,0.5249047,0.5808534,0.6469495,0.65879416,0.70898503,0.64703023,0.75493187,0.65776443,1.0,0.8909142,0.6591414,0.6548295,0.48327264,0.6347587,0.5999064,0.47654918,0.39730856,0.34170482,0.31674695,0.36733538,0.6503071,0.6017168,0.83717155,0.8152263,0.71595573,0.6413876,0.6773327,0.74261945,0.57827723,0.5875565,0.5106927,0.48863438,0.5714217,0.49542466,0.6483604,0.5301933,0.43189913,0.44670936,0.24464627,0.3823336,0.3369127,0.37259072,0.0036602467,0.40866378,-0.1640706,0.18743011,-0.081352025,0.2562046,0.4703216,0.47215578,0.53207666,0.566585,0.26637524,0.2257051,0.23596494,0.27165538,0.4943023,0.5727956,0.14827266,0.42546085,0.58318794,0.64344096,0.5614095,0.3164246,0.6197684,0.5588367,0.74916506,0.5849676,0.55718654,0.36002126,0.47901174,0.6409228,0.4799605,0.57163084,0.743297,0.76928926,0.75846237,0.7798889,0.6250881,0.6146413,0.43986443,0.6268169,0.44321325,0.33451518,0.44697788,0.34185237,0.5310298,0.3266279,0.45546383,0.26859564,0.57281464,0.33532748,0.33796975,0.46782738,0.403825,0.4041109,0.42578423,0.4493261,0.42024413,0.4831172,0.34414253,0.22456849,0.3324811,0.38774943,0.35190415,0.49557406,0.1916498,0.47057155,0.45711315,0.37698692
0.2952098,0.58055276,0.4912005,0.4527742,0.64880854,0.62801266,0.4611464,0.54852015,0.5889641,0.6365802,0.64172584,0.65748835,0.68601036,0.64925754,0.8909142,1.0,0.58620524,0.6192993,0.39448962,0.5220427,0.5702975,0.43868867,0.3096967,0.25708976,0.3138381,0.32606453,0.5827981,0.58585507,0.8000121,0.8403513,0.7059608,0.69239044,0.65642524,0.73836577,0.57717127,0.57423556,0.4702264,0.51718915,0.5229015,0.43653926,0.61369723,0.55743074,0.37410095,0.463969,0.21983072,0.3610015,0.31891337,0.382651,-0.024651391,0.3896215,-0.2378253,0.17224135,-0.09780742,0.23633924,0.40112644,0.4935881,0.4548125,0.4757272,0.23507039,0.17290668,0.20687363,0.23264521,0.41373608,0.47517106,0.0880608,0.37680897,0.545693,0.62908554,0.5813825,0.24062829,0.5812403,0.5121654,0.74451566,0.564712,0.5789184,0.38285145,0.47212547,0.6555794,0.41802752,0.5436948,0.7681415,0.81184447,0.710396,0.8031788,0.61701995,0.6513816,0.3576775,0.6461105,0.36269438,0.35868785,0.47691905,0.35611498,0.52538174,0.35716334,0.34656247,0.21023351,0.52725375,0.31122923,0.33378574,0.46195027,0.40907508,0.39803562,0.42054507,0.45606446,0.39950785,0.49215782,0.3916926,0.1755633,0.24950634,0.2995001,0.2968046,0.48496252,0.1343098,0.4806352,0.455762,0.40710992
0.33497688,0.48206097,0.5353554,0.54332286,0.64730775,0.5458554,0.50865895,0.558406,0.60045934,0.49286842,0.7637323,0.58002895,0.6729311,0.5574196,0.6591414,0.58620524,1.0,0.84906787,0.42486244,0.53013724,0.35004342,0.2736225,0.43400037,0.40986753,0.44451502,0.4072734,0.3600495,0.51714236,0.80895144,0.7166716,0.6736347,0.55089843,0.6976009,0.7002355,0.6406091,0.6055184,0.308065,0.28534836,0.3821448,0.33386707,0.44618267,0.3374116,0.528737,0.44616216,0.122921035,0.30066952,0.35625234,0.23116705,-0.09806351,0.36450323,-0.13832626,0.20566022,0.031523354,0.24233353,0.38510567,0.34086955,0.6276544,0.65725297,0.23070185,0.13958111,0.24181615,0.25531185,0.58362025,0.64600086,0.079049185,0.31817082,0.66923964,0.6223401,0.5682839,0.34858978,0.3312131,0.39164907,0.5367535,0.27337125,0.29291672,0.09254132,0.30579126,0.5209809,0.6467088,0.6715692,0.61340487,0.6797117,0.61001354,0.6339831,0.43355015,0.42131907,0.29766783,0.39184505,0.37770328,0.17906018,0.4450376,0.37255132,0.46459812,0.37899312,0.40120208,0.35980397,0.46799672,0.28242654,0.37247902,0.47500774,0.41178003,0.35842985,0.46212363,0.47007605,0.4492804,0.47162738,0.35619578,0.31336713,0.39415044,0.35042828,0.28747493,0.4161534,-0.012671857,0.45269662,0.5240065,0.3985575
0.3265102,0.42165902,0.5080714,0.47427475,0.6719664,0.6172743,0.50126743,0.54595643,0.5804948,0.5065447,0.74481153,0.6375737,0.6614994,0.6568809,0.6548295,0.6192993,0.84906787,1.0,0.4411066,0.45302346,0.34879017,0.26957396,0.482168,0.41862836,0.5141039,0.49312168,0.33941805,0.50708807,0.7699817,0.7832508,0.70669055,0.6316339,0.73525304,0.7383567,0.67173374,0.6060491,0.31023544,0.26565138,0.39681286,0.4270703,0.53311664,0.4460015,0.46068138,0.40101728,0.09026865,0.3091222,0.33970568,0.20117517,-0.059757523,0.23491046,-0.11496593,0.18532468,0.004597332,0.0799925,0.3324261,0.3505051,0.6028875,0.62694067,0.16522683,-0.0033905713,0.0938249,0.15516075,0.5211445,0.560374,-0.023221595,0.23199186,0.5803505,0.58439064,0.5798118,0.28205612,0.35563275,0.44047868,0.5516703,0.23210055,0.32557917,0.14324525,0.28152302,0.52858853,0.57817554,0.7200401,0.58749384,0.660457,0.61044323,0.64986664,0.41673657,0.3434042,0.3540317,0.5132493,0.34058017,0.13735385,0.37444028,0.29554945,0.43094298,0.3409578,0.35884297,0.35998544,0.44395378,0.28642225,0.32951343,0.48262614,0.38047636,0.24205439,0.36882386,0.3915674,0.46175432,0.49733165,0.34615418,0.28790045,0.33603483,0.32489043,0.2609743,0.379148,-0.029652268,0.45410734,0.5268722,0.52607924
0.75420487,0.58476615,0.7747596,0.64366037,0.41947427,0.20721906,0.758182,0.6339745,0.3787642,0.28077388,0.60343736,0.5075304,0.71369714,0.5140716,0.48327264,0.39448962,0.42486244,0.4411066,1.0,0.7235398,0.36806786,0.30459037,0.47883043,0.40005574,0.04751969,0.042495128,0.40867096,0.36715865,0.45553648,0.5402573,0.3259159,0.25961772,0.50328773,0.5226803,0.3672399,0.3542586,0.5123891,0.3896463,0.5175803,0.39988726,0.558453,0.45953318,0.36624995,0.36443305,0.47337714,0.4064622,0.49143204,0.28479302,0.24072602,0.35058635,0.11979716,0.30523664,0.19538915,0.24451242,0.6110881,0.33440596,0.5413645,0.4288485,0.21007137,0.20211096,0.40275952,0.32553288,0.6367142,0.44550183,0.2647837,0.45878372,0.4754045,0.49245077,0.528516,0.26292887,0.49799442,0.42365295,0.5185839,0.38959655,0.3704322,0.2003936,0.3979347,0.52183163,0.4766354,0.4745883,0.5013971,0.46965763,0.46635595,0.4052034,0.6238164,0.34216326,0.28503495,0.18938671,0.4984548,0.1822543,0.15666758,0.071832575,0.16331288,0.092908055,0.4849387,0.2928765,0.55487853,0.23256256,0.23529144,0.17181991,0.060194336,0.0665356,0.07455891,0.12138961,0.25491014,0.30846852,0.07371793,0.13946636,0.5479798,0.5328577,0.39721856,0.38340834,-0.06811691,0.2463035,0.26978868,0.21843253
0.52517456,0.6706489,0.8120963,0.7635214,0.54135,0.3933917,0.67350084,0.7518614,0.46737698,0.44878286,0.6215367,0.6033168,0.73032707,0.60442847,0.6347587,0.5220427,0.53013724,0.45302346,0.7235398,1.0,0.46429464,0.47051656,0.4925046,0.48812336,0.080198176,0.12794872,0.5155976,0.53911877,0.5806679,0.5818449,0.47411242,0.37038556,0.63184214,0.64238065,0.4467304,0.5084444,0.47714144,0.4514697,0.48723152,0.38448727,0.6040082,0.4399317,0.48174566,0.45987332,0.3710544,0.4502432,0.52558696,0.47572553,-0.017934782,0.36429757,-0.10956327,0.28621313,0.17328973,0.3363547,0.69420826,0.47171646,0.4919479,0.53987056,0.19345193,0.24364178,0.21423459,0.26208305,0.54920685,0.64395964,0.2761932,0.5460527,0.53729177,0.5950294,0.47831836,0.44390222,0.49702883,0.3850897,0.64318377,0.5906702,0.5125906,0.3200408,0.31987703,0.54624575,0.47616115,0.45446643,0.5907657,0.6008788,0.57435787,0.4532665,0.6187785,0.5571867,0.32744795,0.3230449,0.5100075,0.40700567,0.35974807,0.33246133,0.38750282,0.31928992,0.62749803,0.3642823,0.6594891,0.3996077,0.4199109,0.3596461,0.27609614,0.40135387,0.3581573,0.3726805,0.35858193,0.3765817,0.28673044,0.16582347,0.55287015,0.65728503,0.5813642,0.6188836,0.15517904,0.37102917,0.34165022,0.18165223
0.28438938,0.5037777,0.35265777,0.33421567,0.31052753,0.3747282,0.31129876,0.471008,0.2356894,0.37773493,0.5244295,0.49730608,0.51786804,0.512397,0.5999064,0.5702975,0.35004342,0.34879017,0.36806786,0.46429464,1.0,0.69824237,-0.02160476,-0.037548672,-0.10492512,-0.016292162,0.764075,0.72684073,0.5412871,0.55416834,0.4086781,0.24587527,0.32277325,0.33844933,0.1432407,0.3251013,0.60296714,0.6327495,0.62958705,0.53514963,0.7094014,0.55145156,0.15978754,0.2628463,0.18211769,0.23263302,0.39114824,0.4992124,0.117012836,0.26002547,-0.21763512,0.32678342,-0.05832387,0.39843047,0.50227463,0.5172483,0.29182616,0.15990931,0.31866324,0.24090333,0.19648398,0.19156766,0.23163727,0.2645643,0.13675717,0.36281705,0.19056565,0.368491,0.16386674,0.2880246,0.80472696,0.48580456,0.74792796,0.7865585,0.7895626,0.5932554,0.5744813,0.42890987,0.25670868,0.25421506,0.6035874,0.5249524,0.53926307,0.54525614,0.68695587,0.64778805,0.46084222,0.54272705,0.38818064,0.45481363,0.15963511,0.21008506,0.30654967,0.23988062,0.4838701,0.18414909,0.63132465,0.33407924,0.26354322,0.22445892,0.19324681,0.39327946,0.3039749,0.39554423,0.35406357,0.37478513,0.2210015,0.10715259,0.28534073,0.43640095,0.4981035,0.5147878,0.34725308,0.25827333,0.17346464,0.025842993
0.07386081,0.543799,0.31057394,0.29760528,0.25875065,0.3174519,0.2215369,0.45165858,0.18976292,0.24775414,0.34419322,0.49430063,0.38880703,0.46381205,0.47654918,0.43868867,0.2736225,0.26957396,0.30459037,0.47051656,0.69824237,1.0,-0.038838193,-0.06824736,-0.13100669,-0.100079685,0.53957176,0.75941354,0.47656167,0.43313766,0.46823537,0.3094654,0.43629757,0.39475095,0.21728376,0.4294687,0.36409265,0.3891559,0.38590413,0.3326,0.6109453,0.4834448,0.23335016,0.36239266,0.13665093,0.33409566,0.3658125,0.55153984,9.093376e-05,0.32394084,-0.26528388,0.26846743,0.105387874,0.41518238,0.4587012,0.46987188,0.17561214,0.06796833,0.17299011,0.11431395,-0.013379511,0.27400985,0.121665284,0.30709714,0.15882199,0.50872844,0.16093266,0.4570569,0.1281332,0.34568062,0.72009623,0.55925006,0.70750636,0.6706706,0.81027323,0.5400116,0.338563,0.38406774,0.240248,0.18329261,0.5760495,0.5011938,0.33442816,0.37218085,0.5687401,0.6394284,0.26979876,0.37484384,0.2478536,0.4128891,0.19448389,0.2890949,0.29771543,0.39316568,0.39865476,0.10899729,0.50791776,0.29966187,0.2866315,0.24246618,0.28466225,0.4867444,0.38092119,0.45510703,0.30924064,0.34868857,0.27436924,0.0826007,0.27281302,0.4970849,0.53778416,0.60438573,0.24807811,0.19887397,0.1711187,-0.040839948
0.34397075,0.06463579,0.68315864,0.6280353,0.66593415,0.5416675,0.62520856,0.49879488,0.70678794,0.58693326,0.45131692,0.32961497,0.60033405,0.40481442,0.39730856,0.3096967,0.43400037,0.482168,0.47883043,0.4925046,-0.02160476,-0.038838193,1.0,0.8448075,0.5210877,0.5673305,0.038741916,0.12011416,0.34259427,0.39543515,0.40039596,0.53260803,0.5612682,0.55392754,0.54574764,0.44484627,0.068849556,-0.013607565,0.2098103,0.41602466,0.33206546,0.3416341,0.38849095,0.2880553,0.0706002,0.11061583,0.44547477,0.08784526,-0.07121123,0.081583016,-0.1433739,0.032913256,0.005553718,-0.15662272,0.38342154,0.15510666,0.2420769,0.38049147,-0.0063027325,-0.01200878,0.0609988,-0.09870927,0.3932155,0.30796012,-0.04582316,-0.09387035,0.47622174,0.37994674,0.5286496,0.11716416,0.13329114,0.30364046,0.21363057,0.022984535,-0.012614499,-0.14724943,-0.022196677,0.35876662,0.45976433,0.4336847,0.13517252,0.27074146,0.37118876,0.3058266,0.1761735,-0.0042133294,0.45416293,0.34231102,0.4796145,0.06155039,0.27267388,0.13878694,0.30129918,0.090830505,0.38867518,0.36476916,0.22589768,0.16385789,0.29724628,0.36305898,0.2622989,0.027360067,0.13932307,0.112715855,0.27639422,0.15800987,0.12730269,0.13166298,0.45888743,0.3170716,0.2163594,0.23290619,-0.10915485,0.23933245,0.37007418,0.4132103
0.3652138,0.10015658,0.67803514,0.69667286,0.5770825,0.43129405,0.598036,0.52030283,0.60910517,0.5103337,0.44006315,0.36310685,0.57001984,0.42602357,0.34170482,0.25708976,0.40986753,0.41862836,0.40005574,0.48812336,-0.037548672,-0.06824736,0.8448075,1.0,0.4933868,0.48976097,-0.00062199094,0.076685324,0.27938908,0.34037414,0.33831972,0.46222958,0.51586205,0.50874645,0.49355233,0.41611108,0.05712281,0.062283415,0.18717562,0.41327807,0.2658387,0.3185836,0.48224247,0.32304806,0.14959581,0.1544998,0.4519775,0.14744055,-0.12700844,0.033224955,-0.17959543,0.036348663,0.048867747,-0.1440672,0.40419498,0.19343574,0.24207976,0.4465821,0.038053915,0.032610916,0.02608302,-0.13332893,0.3597956,0.32656205,-0.033199154,-0.12905316,0.5315113,0.35855815,0.49575192,0.13597187,0.050485052,0.13995366,0.1435169,0.028031783,-0.03703823,-0.18619731,-0.03844335,0.35486227,0.43656823,0.40257356,0.13253975,0.25715885,0.2901419,0.20786388,0.17225957,0.016627943,0.3942068,0.27575365,0.4454929,0.111005686,0.2829377,0.11609962,0.26324105,0.048031807,0.34347573,0.31798434,0.24158925,0.19194438,0.34417644,0.3398562,0.24947307,0.07307954,0.17512293,0.13444798,0.26401955,0.13765667,0.10965199,0.0041550915,0.3620161,0.2793657,0.25795752,0.2188938,-0.17184621,0.16163993,0.29815048,0.31863633
0.060012873,-0.1136559,0.22709085,0.23196527,0.58788556,0.59468806,0.2476475,0.16219822,0.61506546,0.49553156,0.3028895,0.17296669,0.31751513,0.30516386,0.31674695,0.3138381,0.44451502,0.5141039,0.04751969,0.080198176,-0.10492512,-0.13100669,0.5210877,0.4933868,1.0,0.7956269,-0.07491728,0.039900362,0.3527991,0.37124783,0.5003656,0.48574823,0.43653476,0.47467974,0.49390918,0.4033515,-0.031309757,-0.086799614,0.043031804,0.2407034,0.13111374,0.042878907,0.26812223,0.11931838,-0.08060443,-0.0139850285,0.11033822,-0.09507667,-0.1127114,-0.046554435,-0.20144561,0.04642284,-0.1377741,-0.23517492,0.0336019,0.016735947,0.1123695,0.24035378,0.061973028,-0.13601835,-0.1026808,-0.057952795,0.13487232,0.24856178,-0.12356161,-0.132994,0.43289226,0.2948931,0.3181439,0.08828442,-0.09342348,0.15086482,0.13070999,-0.16005495,-0.076418325,-0.051816065,-0.05629312,0.19713064,0.28936625,0.42015755,0.06807586,0.17186433,0.27233204,0.30278012,0.019762198,-0.057115834,0.3471857,0.39954206,0.2516413,-0.047038905,0.21531184,0.17745623,0.29093108,0.14902948,0.034754135,0.18638861,0.022286665,0.047377475,0.16416647,0.37019962,0.3127303,0.058118854,0.22682928,0.18878505,0.16415556,0.100694336,0.016611602,0.20233484,0.08478284,0.00025148626,-0.055386,0.039112937,-0.010501518,0.25031585,0.32930502,0.35421684
0.006797909,-0.18070021,0.2550808,0.24741006,0.6416581,0.75586396,0.21154603,0.16675177,0.65826815,0.5958985,0.26188183,0.12248201,0.28666618,0.2270692,0.36733538,0.32606453,0.4072734,0.49312168,0.042495128,0.12794872,-0.016292162,-0.100079685,0.5673305,0.48976097,0.7956269,1.0,0.100397654,0.13439468,0.36654446,0.37714157,0.48730287,0.4963346,0.4359644,0.433983,0.46260026,0.41303554,0.05612443,-0.01736607,0.15558834,0.35644916,0.17464031,0.08951569,0.2532244,0.13011143,-0.13490196,-0.041439474,0.100539126,-0.08195033,-0.06182752,-0.0023684863,-0.10429719,0.11173279,-0.20729798,-0.18078756,0.061643567,0.048858628,0.101471916,0.25458682,0.19404915,0.011823074,-0.026982594,-0.10034909,0.13454868,0.30204841,-0.036194656,-0.13004746,0.3915237,0.30279288,0.28019747,0.1302734,-0.0014553119,0.19470526,0.15221626,-0.057838056,-0.042168804,-0.0040326477,0.0176131,0.20770435,0.23588134,0.3728973,0.034911312,0.1664825,0.35051855,0.3841399,-0.045195363,-0.068941325,0.4854076,0.48572293,0.2034824,-0.041874494,0.17766848,0.21003403,0.29791322,0.09900922,0.13214596,0.30872637,0.088001765,0.149569,0.14072709,0.3854027,0.3122465,0.070502736,0.18042842,0.15781611,0.29346296,0.157581,0.09529899,0.33259603,0.13605547,0.0062616295,-0.06146491,0.05917648,0.17089345,0.33546132,0.41540495,0.44897792
0.35005412,0.48338717,0.3612019,0.34018585,0.36774808,0.4493228,0.26067245,0.3966827,0.29710248,0.42395446,0.45926213,0.3963317,0.4651373,0.3842073,0.6503071,0.5827981,0.3600495,0.33941805,0.40867096,0.5155976,0.764075,0.53957176,0.038741916,-0.00062199094,-0.07491728,0.100397654,1.0,0.67313796,0.5652321,0.58001256,0.39314198,0.2179536,0.33451408,0.34273335,0.19695838,0.34145296,0.6186796,0.6113583,0.6119054,0.47683144,0.5711379,0.42059696,0.23177937,0.29506135,0.24055228,0.24746111,0.28726533,0.41883078,0.028186481,0.30724105,-0.12484391,0.37076905,-0.07320702,0.43207186,0.45772672,0.48409396,0.37981874,0.28846005,0.42330423,0.3438493,0.32416204,0.312481,0.3522554,0.428152,0.28951278,0.43864128,0.27534106,0.42553425,0.21250783,0.30202073,0.7235433,0.44305134,0.6920688,0.6981888,0.62607276,0.49941045,0.6262873,0.45037815,0.20000497,0.25348577,0.53849226,0.49020785,0.6137073,0.6088524,0.59394765,0.57407355,0.38884303,0.5160681,0.36375582,0.38824442,0.22176781,0.30412716,0.33235124,0.24784522,0.44914323,0.27833307,0.5975914,0.32724148,0.22840524,0.28522885,0.24861519,0.39547458,0.3412657,0.39901888,0.39248335,0.43233383,0.26629266,0.23512119,0.2567277,0.3305361,0.33074602,0.39867246,0.42573574,0.40214992,0.288234,0.17672591
0.22209023,0.5496045,0.38100514,0.39995876,0.42008233,0.5348385,0.34629804,0.5129007,0.3932579,0.44637266,0.570209,0.54316425,0.54293376,0.54196924,0.6017168,0.58585507,0.51714236,0.50708807,0.36715865,0.53911877,0.72684073,0.75941354,0.12011416,0.076685324,0.039900362,0.13439468,0.67313796,1.0,0.6349483,0.63380265,0.53044105,0.39709732,0.53170174,0.52307695,0.38167948,0.5111845,0.40070632,0.40539575,0.40152082,0.3765108,0.6268048,0.47332275,0.29956752,0.37836942,0.15686765,0.2627394,0.3907877,0.47830737,-0.013580587,0.3424514,-0.30337667,0.3835441,0.041023906,0.37369397,0.4275953,0.4522879,0.36985987,0.31944704,0.34290147,0.20621623,0.14958169,0.32246235,0.2828212,0.5197241,0.18247195,0.47868258,0.3663306,0.552547,0.2603975,0.41236237,0.6840641,0.49390873,0.7468997,0.60000783,0.69579786,0.423832,0.37527078,0.42627218,0.438141,0.3746322,0.6442434,0.616036,0.46898687,0.5215637,0.5818841,0.6213303,0.3505723,0.4649962,0.245171,0.33206517,0.25679693,0.322815,0.41549256,0.34875453,0.4335996,0.18682833,0.536509,0.28795993,0.28992936,0.31162053,0.3443389,0.4946219,0.3946612,0.49970132,0.42353344,0.44251472,0.31787148,0.13038495,0.276645,0.4178633,0.4480378,0.5391657,0.23467012,0.31856385,0.3010229,0.10832918
0.27795425,0.653131,0.5532463,0.54115415,0.6921768,0.60596216,0.44009283,0.6030626,0.5456755,0.5566787,0.7457282,0.6422974,0.6892137,0.60384697,0.83717155,0.8000121,0.80895144,0.7699817,0.45553648,0.5806679,0.5412871,0.47656167,0.34259427,0.27938908,0.3527991,0.36654446,0.5652321,0.6349483,1.0,0.83886504,0.8091075,0.6444596,0.74476755,0.7567958,0.6291814,0.6717804,0.5548655,0.5402504,0.5524492,0.45984134,0.60477114,0.43995422,0.5018782,0.5275994,0.16912013,0.42176035,0.33113798,0.4135259,-0.08204984,0.4204165,-0.19048649,0.24480656,-0.07436726,0.325442,0.49107423,0.518522,0.52751774,0.5890371,0.22574951,0.18849501,0.22293667,0.30143636,0.4991497,0.65614164,0.10061993,0.4653639,0.60133976,0.70803785,0.58807236,0.3728775,0.5558967,0.57249355,0.75279516,0.5460642,0.5545399,0.4563943,0.5639804,0.6913575,0.53521734,0.5899345,0.80477184,0.8222532,0.7998723,0.846037,0.5921529,0.6735143,0.3808852,0.5983568,0.41463643,0.4042863,0.48507836,0.49121326,0.49587417,0.45636466,0.512432,0.4284893,0.60882574,0.39519635,0.42420143,0.529152,0.46806073,0.48707664,0.532874,0.57777435,0.558219,0.63782865,0.44035164,0.35974613,0.37655246,0.41361588,0.35158825,0.5352677,0.19882984,0.5875265,0.5838026,0.45522708
0.37718043,0.5884847,0.5565744,0.56155723,0.6462748,0.6151895,0.5153499,0.64530385,0.55960274,0.55867034,0.7128323,0.66057193,0.7211,0.679837,0.8152263,0.8403513,0.7166716,0.7832508,0.5402573,0.5818449,0.55416834,0.43313766,0.39543515,0.34037414,0.37124783,0.37714157,0.58001256,0.63380265,0.83886504,1.0,0.73882747,0.63753974,0.733242,0.73906446,0.66674817,0.66304487,0.50933325,0.5307401,0.54158103,0.48605734,0.68272334,0.5521243,0.46095744,0.49103266,0.21377166,0.35839275,0.39890125,0.3881749,-0.07547182,0.3778324,-0.1716992,0.19960313,-0.036919888,0.22156277,0.5122635,0.55134326,0.584936,0.54472727,0.23632854,0.12225679,0.23229985,0.23520148,0.5542417,0.613753,0.110328816,0.40976155,0.5986341,0.69591504,0.65572697,0.25624865,0.5920338,0.5397889,0.789073,0.5296174,0.5359451,0.33711815,0.49726182,0.63471365,0.49607238,0.6584534,0.7556958,0.78930897,0.7448878,0.80527407,0.6581502,0.584028,0.37436667,0.650829,0.44649097,0.33385792,0.48577413,0.40465072,0.5116699,0.40023118,0.4243049,0.3380155,0.61261857,0.40235147,0.40370837,0.51464444,0.43826878,0.41110784,0.4594599,0.51217896,0.53093934,0.55409205,0.3969558,0.24599618,0.29393348,0.3474635,0.33312455,0.4741609,0.025511589,0.52148265,0.5344916,0.5077779
0.1214328,0.47990113,0.42738682,0.44842005,0.70740604,0.661533,0.34102762,0.53139395,0.58040893,0.5706814,0.53329116,0.54705787,0.5536223,0.56787527,0.71595573,0.7059608,0.6736347,0.70669055,0.3259159,0.47411242,0.4086781,0.46823537,0.40039596,0.33831972,0.5003656,0.48730287,0.39314198,0.53044105,0.8091075,0.73882747,1.0,0.7710195,0.7967577,0.7721152,0.68587285,0.71119255,0.36144996,0.35099432,0.4357872,0.3741604,0.48814014,0.41287664,0.47276127,0.4882687,0.079578996,0.34571183,0.26301596,0.31430328,-0.08091703,0.3084067,-0.20453525,0.105881326,-0.053734038,0.22786976,0.38094035,0.41529888,0.38636026,0.4330997,0.16371994,0.072622806,0.09200814,0.23587069,0.43660146,0.57433057,0.07836849,0.35039756,0.54609376,0.73108447,0.5927102,0.26616624,0.49019974,0.6526418,0.7032681,0.41156772,0.4979452,0.36401492,0.4092202,0.5692233,0.40190876,0.59305406,0.68033683,0.6529841,0.6457379,0.7046248,0.4531646,0.52023935,0.3507181,0.6552628,0.3308319,0.31649038,0.49572036,0.4786432,0.51516336,0.5001464,0.39128396,0.36260146,0.47246188,0.32394382,0.4070984,0.49996218,0.5847342,0.44546056,0.5711041,0.5812992,0.5000933,0.5777967,0.34849983,0.3319847,0.27437446,0.2862072,0.25918877,0.48340258,0.14021127,0.51763874,0.5339801,0.43207273
0.0753707,0.34378326,0.43441138,0.45287362,0.6902228,0.6427869,0.41766658,0.5355728,0.6575509,0.5986468,0.42425886,0.5661561,0.50972575,0.5248605,0.6413876,0.69239044,0.55089843,0.6316339,0.25961772,0.37038556,0.24587527,0.3094654,0.53260803,0.46222958,0.48574823,0.4963346,0.2179536,0.39709732,0.6444596,0.63753974,0.7710195,1.0,0.80850303,0.7850793,0.7544436,0.7092145,0.18387191,0.18044704,0.31372187,0.346235,0.42340946,0.49024954,0.4630389,0.5777575,0.061529655,0.29634562,0.29683542,0.3216045,-0.047487225,0.21563247,-0.28847626,-0.000356555,-0.059083734,0.066424765,0.2632176,0.39879173,0.26998627,0.37826034,0.07625293,-0.040090706,0.0050152787,0.15879957,0.38780087,0.44039205,-0.09165206,0.14395052,0.5646145,0.6937527,0.6537162,0.13183923,0.38353854,0.59909827,0.55530137,0.25669292,0.338949,0.18927597,0.20505036,0.57031065,0.4128038,0.60211813,0.58038044,0.62798876,0.49018982,0.57284975,0.30346888,0.38180536,0.34828943,0.58951485,0.2144185,0.25992072,0.51174843,0.40095443,0.47792313,0.4092828,0.2806253,0.2870828,0.34223327,0.27466944,0.39500773,0.50235945,0.48583367,0.3449624,0.3964546,0.40847373,0.394439,0.42349982,0.38651493,0.23315315,0.29286307,0.20297559,0.23198667,0.45241624,-0.046944156,0.40452555,0.49699253,0.5075105
