1.0,0.7713718,0.80181783,0.78554714,0.44120735,0.38432574,0.78652847,0.67526996,0.72721493,0.57778513,0.92170256,0.8966489,0.88199466,0.82085496,0.7093568,0.7017985,0.83816427,0.643039,0.8821912,0.8597346,0.5034258,0.4633454,0.7258011,0.60474676,0.1877231,0.33313546,0.54124105,0.48682782,0.6695974,0.70265007,0.4688238,0.38910586,0.44220123,0.5592982,0.1442656,0.41624418,0.7145397,0.72768676,0.6473258,0.46411407,0.6126312,0.35809684,0.56306106,0.55267805,0.2775469,-0.10090618,0.45476604,0.6113293,0.2984199,-0.13187358,0.2920683,0.058957037,0.19027542,0.1686067,0.54155886,0.4858779,0.73100686,0.20893687,-0.029663727,-0.20163901,0.3928263,-0.18686348,0.22925591,0.051678926,0.17012419,-0.11225899,0.37178135,0.4355212,0.5843867,0.45864463,0.44433457,0.42132017,0.5196888,0.69654375,0.58905023,0.41181725,0.3724264,0.42137048,0.63667005,0.62302315,0.7439542,0.35086533,0.41787848,0.17637299,0.64223593,0.39183557,0.2013772,0.2292426,0.53849345,0.40930575,0.08243047,0.35924447,0.19436449,-0.03577404,0.24887767,0.6120774,0.40677246,0.59855527,0.2197131,0.38938743,0.13089834,0.032305732,0.13805683,0.29075557,0.19764832,0.2543055,0.0018222507,0.17761435,0.38671944,0.64400715,0.49731573,0.25566104,0.13416192,0.29962054,0.32022044,0.2498397
0.7713718,1.0,0.5629869,0.6195058,0.11515509,-0.07324964,0.51190376,0.43752956,0.31837812,0.10099055,0.679394,0.7168996,0.64933956,0.6528942,0.28798133,0.32128817,0.65403706,0.44019556,0.7477108,0.7578927,0.08510676,0.10232582,0.37081987,0.27036014,-0.14300625,-0.14991,0.25258008,0.23286478,0.49468404,0.34141716,0.0852669,0.10687485,0.2876733,0.46712843,0.11624908,0.28623804,0.5029294,0.45021644,0.45673132,0.22523291,0.18173496,-0.036844525,0.6010823,0.6012841,0.37694818,0.15095349,0.48093897,0.5761493,0.54177964,0.1013212,0.5700212,0.21479529,0.29054078,0.27649373,0.46432298,0.333307,0.56914,0.39797914,0.32951123,0.11688278,0.52827656,0.13101669,0.17057663,0.29859912,0.35770914,0.14603561,0.41888407,0.48040313,0.7000394,0.7972809,0.19010451,0.15046027,0.31669855,0.45645487,0.37929192,0.2806939,0.2660774,0.29056466,0.59980255,0.46936008,0.44355178,0.21691614,-0.121482365,-0.18109764,0.31202847,0.28354046,0.0041862424,0.060315486,0.30184817,0.22986144,-0.06732765,0.24583812,0.10007397,0.121447615,0.18159407,0.55580723,0.31230626,0.46939126,0.068151906,0.35954583,0.17625993,-0.012640699,0.13114958,0.27090147,0.22160977,0.14015365,-0.111794375,0.08002308,0.5536381,0.6306753,0.3542492,0.27540997,-0.014336019,-0.018212788,0.045303237,0.2742835
0.80181783,0.5629869,1.0,0.80636066,0.6124342,0.45596123,0.83320135,0.7823311,0.6863298,0.5974816,0.81684303,0.7328717,0.8263033,0.84507054,0.73205465,0.7190964,0.83955353,0.7157694,0.8122401,0.71317524,0.6333504,0.62042266,0.7777333,0.7119172,0.1129921,0.27929798,0.62893224,0.53768235,0.8209825,0.7714963,0.6198162,0.6153604,0.65938896,0.7616393,0.37374857,0.6845269,0.8136547,0.8061697,0.7753129,0.66336447,0.7159169,0.4560907,0.5941637,0.664796,0.45530632,-0.07092415,0.6286042,0.6993732,0.44203848,-0.10973053,0.38832,0.07260092,0.32816663,0.23126717,0.7579797,0.66370136,0.8192578,0.34825516,-0.0081364885,-0.029821439,0.50756043,-0.030378528,0.3716117,0.19988029,0.22739993,0.07816216,0.5844184,0.62521994,0.6441534,0.3337935,0.6837876,0.6380755,0.72425425,0.802767,0.73720455,0.66561353,0.6240033,0.6952209,0.66550946,0.67284846,0.72796375,0.44323775,0.5185997,0.20885125,0.8109797,0.45124003,0.36968273,0.36740258,0.76396227,0.560631,0.27231267,0.41241425,0.28845814,-0.029997667,0.48095328,0.7477905,0.67059815,0.768261,0.54375595,0.61751515,0.31345183,0.008835612,0.28966105,0.30257925,0.39509514,0.4839807,0.25884405,0.43721572,0.5458696,0.7015464,0.676915,0.53519726,0.38455796,0.3750286,0.44494516,0.5688557
0.78554714,0.6195058,0.80636066,1.0,0.44527176,0.49801952,0.8207756,0.79891634,0.6136825,0.5869642,0.79770184,0.7690312,0.8229684,0.79001456,0.7071171,0.71154904,0.8357913,0.7300245,0.80860454,0.7477101,0.58588773,0.57373154,0.73240083,0.7097272,0.07680658,0.32530403,0.53290004,0.61445355,0.7079543,0.7756784,0.51644945,0.53331256,0.6297166,0.7263412,0.40791506,0.6267423,0.76198494,0.75567913,0.69965327,0.58849293,0.5833435,0.3731366,0.59552765,0.58880943,0.34033957,0.032710813,0.562541,0.6382356,0.42625841,-0.13472052,0.3727728,-0.0500084,0.24541289,0.28631988,0.62960404,0.6006332,0.7807748,0.36229867,0.053173807,-0.161547,0.51282775,-0.0737368,0.39801964,0.23317446,0.25224406,0.059299495,0.57013977,0.6098736,0.5991563,0.38867965,0.6215165,0.60394377,0.64777565,0.7718781,0.7343228,0.58541435,0.5871392,0.63337564,0.6134935,0.7225696,0.7717862,0.5000589,0.39888132,0.17068316,0.7247308,0.41264874,0.35382622,0.21858175,0.6295205,0.44602603,0.22784261,0.3660631,0.19855608,-0.0570818,0.38414598,0.63459635,0.5746384,0.6832451,0.40990308,0.50120664,0.25636443,0.036822483,0.26820195,0.28863084,0.2862295,0.35155597,0.27885658,0.3603526,0.49929562,0.621079,0.6234098,0.38323486,0.26531398,0.3380125,0.36322564,0.40197217
0.44120735,0.11515509,0.6124342,0.44527176,1.0,0.54122347,0.61905843,0.56773746,0.7483295,0.5636052,0.46258205,0.40771955,0.518426,0.58587086,0.69252145,0.6930568,0.47140768,0.5694779,0.439197,0.2965232,0.69547874,0.75839436,0.5662238,0.6289493,0.2823245,0.36238784,0.6558839,0.35040468,0.6249353,0.5707036,0.5493258,0.6659095,0.54336137,0.5448449,0.33617687,0.49695113,0.582774,0.5853978,0.66370344,0.69543767,0.7221643,0.55125254,0.2561278,0.38710505,0.23035905,-0.07823963,0.39424437,0.4886899,0.09871355,-0.14694987,-0.005114202,0.118591115,0.12202324,0.08977703,0.5228316,0.5946151,0.5451645,0.2722129,-0.26786938,-0.22721408,0.13060907,-0.055367883,0.19058177,0.1060955,-0.011429918,0.07314327,0.366454,0.3745847,0.2990917,-0.100438416,0.64742756,0.6299777,0.69981,0.46815524,0.5707522,0.51263076,0.5009677,0.5166826,0.4165448,0.44008905,0.49628672,0.5246001,0.65987843,0.50116575,0.58964294,0.51366234,0.30427006,0.42499325,0.58781374,0.606489,0.34785676,0.26286864,0.15478265,0.018063292,0.51356566,0.56157374,0.5404318,0.58834636,0.53380924,0.43487322,0.03826816,-0.039702754,0.21845753,0.3725055,0.29932222,0.5017614,0.4220172,0.4366101,0.30335695,0.44444838,0.57260793,0.45227653,0.31935954,0.44293374,0.46375316,0.39475703
0.38432574,-0.07324964,0.45596123,0.49801952,0.54122347,1.0,0.6099138,0.5579747,0.6487427,0.8257217,0.4628691,0.38655502,0.49604347,0.41622904,0.7325978,0.7033203,0.44166455,0.4848306,0.31323767,0.25765505,0.6980095,0.74433804,0.59076566,0.6820421,0.30501187,0.73791486,0.42052943,0.6122115,0.43012974,0.67566866,0.60662764,0.5687487,0.44064215,0.3929373,0.28185225,0.397002,0.48202673,0.5572041,0.4821221,0.5036675,0.592904,0.5811845,0.10320125,0.09068145,-0.07644331,-0.20600475,0.22462068,0.23428667,-0.100740984,-0.13839804,-0.16431805,-0.12509607,0.03425637,-0.03832476,0.312119,0.35537648,0.4012497,-0.044430017,-0.39349645,-0.48711568,-0.075193,-0.3119961,0.21027237,-0.123133406,-0.14966536,-0.19118692,0.2151735,0.20945826,-0.0028731595,-0.33833474,0.63755476,0.6831844,0.509648,0.53224224,0.5183205,0.42946768,0.4752603,0.4607775,0.21216708,0.42231992,0.54771703,0.37045893,0.72921497,0.6063024,0.55499893,0.20011318,0.29341993,0.28578073,0.4666098,0.26998278,0.42836332,0.22941928,0.1954178,-0.17957585,0.24756667,0.32778537,0.34862503,0.38209447,0.3661072,0.19153512,0.14519393,0.17682786,0.28454608,0.15561989,0.14137353,0.3550239,0.3534687,0.34322318,-0.051368903,0.24965025,0.4089104,0.14010334,0.30953807,0.4698498,0.400224,0.11809168
0.78652847,0.51190376,0.83320135,0.8207756,0.61905843,0.6099138,1.0,0.86129636,0.750182,0.71709615,0.8119205,0.7161868,0.85776234,0.83745134,0.8241746,0.7934593,0.84183455,0.76599985,0.77928823,0.6613913,0.69443464,0.7073525,0.7663678,0.7883924,0.20102681,0.43436882,0.688547,0.64073384,0.79363716,0.7891662,0.590128,0.68691206,0.674628,0.74974483,0.41180196,0.6394137,0.80962944,0.798472,0.7812572,0.69904536,0.6944141,0.60304874,0.49709004,0.5748675,0.35435233,-0.059729617,0.59366107,0.6690696,0.3177444,-0.068796396,0.25479984,0.036171053,0.22467528,0.24555194,0.6962489,0.6786718,0.80588347,0.36122316,-0.0054492117,-0.29191118,0.4212491,-0.10608128,0.3569655,0.22785126,0.15474254,-0.019986227,0.5642065,0.6092807,0.51651436,0.2314252,0.7371709,0.7418786,0.78230315,0.7534346,0.7793826,0.6615688,0.654394,0.6398636,0.6355622,0.7137685,0.79056865,0.5773748,0.551747,0.3787004,0.7242203,0.50803554,0.4103651,0.35121933,0.68237984,0.53234977,0.22932899,0.4115376,0.20939457,-0.15036713,0.45486426,0.7166943,0.651247,0.7283572,0.512442,0.5754325,0.22348797,0.04321402,0.24426302,0.33338207,0.30761525,0.437361,0.34559155,0.4682713,0.46922085,0.68836385,0.7049403,0.46448126,0.31187886,0.3809511,0.41434723,0.4199365
0.67526996,0.43752956,0.7823311,0.79891634,0.56773746,0.5579747,0.86129636,1.0,0.6390798,0.6500302,0.76744324,0.6231042,0.83121073,0.8477684,0.70381194,0.708707,0.8292804,0.894662,0.7253186,0.5360008,0.6936212,0.7002913,0.7583918,0.7933693,0.07140631,0.3610614,0.65523905,0.6250203,0.75417054,0.84244317,0.5459239,0.69241416,0.83874995,0.8529138,0.6433677,0.80863285,0.8486037,0.7853643,0.80458915,0.7106288,0.6199068,0.57249135,0.5614426,0.6313472,0.40806442,0.14122225,0.6655995,0.66428876,0.42365697,-0.13645712,0.31152746,0.03809441,0.3364079,0.27616578,0.78805965,0.76265585,0.8940574,0.541253,0.03945395,-0.26365474,0.53564596,-0.028222313,0.47056258,0.41369438,0.23245901,0.12659377,0.7267438,0.7536459,0.6091471,0.26209,0.7642921,0.7143981,0.78918856,0.6867213,0.8041723,0.6963228,0.6976598,0.71145433,0.6465224,0.82737267,0.73485035,0.7457946,0.49261734,0.28244033,0.7844463,0.5211402,0.4754779,0.31665036,0.7897785,0.6378176,0.31097865,0.38946155,0.1745823,-0.17277695,0.5770583,0.7316448,0.7862494,0.77652955,0.6381364,0.6738843,0.27857307,-0.06401554,0.39444068,0.2637414,0.3667064,0.4528946,0.4585227,0.43085676,0.53716725,0.7039105,0.8190411,0.635722,0.429076,0.42772093,0.3896971,0.50467515
0.72721493,0.31837812,0.6863298,0.6136825,0.7483295,0.6487427,0.750182,0.6390798,1.0,0.7690073,0.7313743,0.6944484,0.74368435,0.69719225,0.8906796,0.8462327,0.6834392,0.6196967,0.6374313,0.5749964,0.7699129,0.6951269,0.7425719,0.7263512,0.43269187,0.5884494,0.6887006,0.522603,0.5968802,0.74495655,0.60831904,0.5755602,0.46541756,0.46483302,0.21194223,0.38988727,0.6194372,0.703839,0.5971001,0.5876824,0.7964126,0.6124404,0.24079652,0.32064557,0.07165265,-0.17432131,0.25079295,0.44018188,-0.043535367,-0.21602218,-0.10063144,-0.0138091175,-0.017569246,0.04909432,0.4147305,0.50142777,0.5895069,0.06308403,-0.35049066,-0.43479937,0.06703215,-0.32959762,0.16786057,-0.08078437,-0.14509484,-0.16807105,0.22440796,0.2539934,0.26897505,-0.042578883,0.51903796,0.5549809,0.6041087,0.5392534,0.53580207,0.37334993,0.37415552,0.3643538,0.506776,0.5288379,0.7313807,0.4910558,0.78160703,0.5432391,0.6459784,0.4945842,0.24003196,0.34946957,0.5079391,0.5127037,0.22918649,0.32818416,0.16502422,-0.053153258,0.31501436,0.4899513,0.3646915,0.51832527,0.29823703,0.3262163,-0.008761883,0.033393145,0.14439014,0.29525772,0.17625657,0.39475158,0.22573714,0.31533563,0.17154159,0.4440817,0.45698828,0.23313849,0.18164754,0.43735582,0.41000488,0.18061638
0.57778513,0.10099055,0.5974816,0.5869642,0.5636052,0.8257217,0.71709615,0.6500302,0.7690073,1.0,0.66424656,0.589001,0.6909616,0.56711924,0.8615947,0.8246174,0.6326021,0.5915197,0.5131844,0.45240706,0.8015762,0.71399325,0.74690145,0.70363224,0.38143072,0.7587884,0.566551,0.64104664,0.52513856,0.8122392,0.68921685,0.5575045,0.5209086,0.4686932,0.32271165,0.45991102,0.63386106,0.69746506,0.60594696,0.5770744,0.7735958,0.6790548,0.24566188,0.22762631,0.024653442,-0.15606664,0.29793257,0.37371612,-0.066244885,-0.19138288,-0.12981638,-0.14706331,0.043556947,-0.03558667,0.40251753,0.45623899,0.5644014,-0.03337913,-0.35909685,-0.5485248,0.07073154,-0.42741504,0.33754674,-0.15194356,-0.06796661,-0.25725567,0.2861587,0.29181293,0.15910867,-0.192744,0.62571865,0.62517405,0.5762915,0.6321842,0.63671577,0.43712783,0.4714523,0.458022,0.38895503,0.50649387,0.7483611,0.38701147,0.7864797,0.49147812,0.6832291,0.26456562,0.38039395,0.295096,0.5653834,0.37917826,0.2690194,0.21853624,0.20239018,-0.19456218,0.29250428,0.42693892,0.41182256,0.48475784,0.37342134,0.2622088,0.042258997,0.06051316,0.20924504,0.19219321,0.06535535,0.25648195,0.2953026,0.31364504,0.07157771,0.3862789,0.51616484,0.15909521,0.21339977,0.45413294,0.4794731,0.122164175
0.92170256,0.679394,0.81684303,0.79770184,0.46258205,0.4628691,0.8119205,0.76744324,0.7313743,0.66424656,1.0,0.90845805,0.92891514,0.8589618,0.7531816,0.7384541,0.9045085,0.7379052,0.88437444,0.8269129,0.5800839,0.5305116,0.77029175,0.63729954,0.13968298,0.39014855,0.5998948,0.5700171,0.68947464,0.8161014,0.5093257,0.42401576,0.55488163,0.6459973,0.28818533,0.5531134,0.7748088,0.78027225,0.69552237,0.5174136,0.662322,0.42300668,0.58927554,0.57037735,0.2794077,-0.0461256,0.48795205,0.62404346,0.32818443,-0.15435708,0.28562206,0.042927355,0.21728222,0.14509343,0.5937849,0.54074407,0.8029519,0.26060724,-0.021894986,-0.246941,0.46207076,-0.21137866,0.36735046,0.098693036,0.1809943,-0.07348745,0.46267742,0.5198311,0.6118425,0.3931859,0.53133136,0.47677022,0.5570623,0.7331056,0.66672736,0.4852886,0.43714148,0.4916692,0.6898511,0.72817993,0.812043,0.4390309,0.47567216,0.15219714,0.7399675,0.37651962,0.2883888,0.19975056,0.62440073,0.4377822,0.10874607,0.29745218,0.20315409,-0.085205734,0.3099292,0.64703405,0.49683785,0.6480036,0.30883303,0.4129,0.13280296,-0.038763825,0.19228394,0.27990234,0.19294716,0.2601761,0.09182168,0.2054118,0.41023278,0.67406845,0.58406836,0.30130464,0.1938846,0.3352021,0.3893561,0.2903275
0.8966489,0.7168996,0.7328717,0.7690312,0.40771955,0.38655502,0.7161868,0.6231042,0.6944484,0.589001,0.90845805,1.0,0.84415585,0.7869189,0.6948349,0.7047449,0.827872,0.6035828,0.83522695,0.83614755,0.4937451,0.44701985,0.66392213,0.5468155,0.14281666,0.3455533,0.51404434,0.44756562,0.6086587,0.7323327,0.43995416,0.31475568,0.3918671,0.5010816,0.1514066,0.41045576,0.6450651,0.6972724,0.5771143,0.40180075,0.5797528,0.2974229,0.50918216,0.47273827,0.18269357,-0.093922645,0.36165497,0.5273313,0.27250856,-0.1215135,0.24480748,0.02483275,0.11841558,0.100551866,0.46147016,0.4068221,0.65036166,0.13948096,-0.08458617,-0.19702873,0.34884724,-0.23650543,0.27976087,-0.013918429,0.13028267,-0.12076679,0.32810524,0.37267724,0.5434249,0.37471864,0.40534693,0.34992862,0.44173655,0.68123037,0.5648794,0.37610725,0.34119782,0.38542932,0.6430811,0.6212214,0.7649399,0.29990524,0.42004165,0.1410396,0.6247336,0.2984681,0.13419345,0.14905831,0.48120755,0.3287694,0.106618926,0.28680056,0.15072885,-0.03034284,0.1887548,0.54651606,0.34259787,0.55562085,0.1892533,0.31418535,0.1259192,-0.012417205,0.11260563,0.26622286,0.14736879,0.19289078,0.006298706,0.15098329,0.36071748,0.54973054,0.4121168,0.18086964,0.101204775,0.2460726,0.32915258,0.21144211
0.88199466,0.64933956,0.8263033,0.8229684,0.518426,0.49604347,0.85776234,0.83121073,0.74368435,0.6909616,0.92891514,0.84415585,1.0,0.8922386,0.7751325,0.7386745,0.89735055,0.79316133,0.8827372,0.77788043,0.6521737,0.5977893,0.8329821,0.6998455,0.18890375,0.41334003,0.67140925,0.6626956,0.7191645,0.8111015,0.56589633,0.5047038,0.6563851,0.72817475,0.3825041,0.63096297,0.85005873,0.8387907,0.78306115,0.63614815,0.68953514,0.5358006,0.6376764,0.6387002,0.3530717,0.04937821,0.56461585,0.6918606,0.35156283,-0.1517404,0.30742484,0.052417744,0.24332982,0.1457367,0.6670947,0.6558027,0.84492064,0.32439458,-0.005956286,-0.2677566,0.46379668,-0.21338378,0.35618222,0.17819823,0.18973514,-0.048349064,0.54793715,0.61406857,0.6195005,0.3724733,0.59932613,0.55771947,0.6831648,0.72947365,0.7524325,0.5438838,0.5223124,0.572787,0.6736929,0.74176115,0.7942047,0.53546566,0.48332998,0.15219593,0.75029606,0.4437746,0.3914885,0.21956481,0.6874393,0.51073664,0.14587477,0.31812334,0.20877503,-0.07657335,0.4172609,0.7002718,0.58848596,0.72441137,0.39004236,0.49199265,0.120840676,0.0006188721,0.23154181,0.28156647,0.23164544,0.2865239,0.16832379,0.23293844,0.4846533,0.74314564,0.6893918,0.38302675,0.22027022,0.37675795,0.40728825,0.3219911
0.82085496,0.6528942,0.84507054,0.79001456,0.58587086,0.41622904,0.83745134,0.8477684,0.69719225,0.56711924,0.8589618,0.7869189,0.8922386,1.0,0.6847318,0.6911754,0.8673067,0.8395791,0.8066996,0.661418,0.58655435,0.6092299,0.71435404,0.69359815,0.048540946,0.23897785,0.6622326,0.51851857,0.7970598,0.77174693,0.46367276,0.5812916,0.69784796,0.8069379,0.45038766,0.68488175,0.84325427,0.78618705,0.7924484,0.6743946,0.63481736,0.48044303,0.6374344,0.71102625,0.46730083,0.088985994,0.64660305,0.73531914,0.47162786,-0.05866378,0.36750877,0.086394355,0.29028112,0.24052155,0.7680967,0.7058783,0.8462836,0.48855263,0.083526485,-0.09798174,0.52095395,7.010876e-05,0.35731536,0.33050844,0.24953209,0.1456692,0.6496164,0.71066093,0.6920934,0.4008875,0.6449115,0.6246352,0.7225739,0.69570804,0.7167341,0.5999212,0.61778784,0.64193964,0.70935744,0.77218175,0.7263675,0.6137206,0.41670516,0.19717483,0.7373405,0.55103034,0.30050784,0.29765043,0.7324698,0.60420084,0.30776563,0.37964398,0.17857945,-0.051631726,0.4949638,0.8081594,0.68330884,0.78926766,0.5331504,0.63683194,0.22798038,0.018243246,0.26896557,0.356771,0.366911,0.4354914,0.30600044,0.37881386,0.5970462,0.7604278,0.7296345,0.56927705,0.34654784,0.28824088,0.3720815,0.45626548
0.7093568,0.28798133,0.73205465,0.7071171,0.69252145,0.7325978,0.8241746,0.70381194,0.8906796,0.8615947,0.7531816,0.6948349,0.7751325,0.6847318,1.0,0.9090684,0.73677367,0.6551519,0.66938365,0.58656377,0.81824833,0.75082487,0.8049328,0.7739581,0.38662112,0.64269614,0.69293594,0.66488016,0.65626484,0.82359815,0.713849,0.6341009,0.5569749,0.55776507,0.31034234,0.5002845,0.6950965,0.7891462,0.68034476,0.6548569,0.806957,0.65354264,0.3091085,0.35346565,0.12317352,-0.16082442,0.33543685,0.49427846,0.008166204,-0.17415541,-0.05176275,-0.015652454,0.07338283,0.07101837,0.49057457,0.5754049,0.662708,0.095977,-0.30078065,-0.46413305,0.18403979,-0.3024897,0.3192811,-0.05540461,-0.06567645,-0.17671496,0.33518803,0.3455316,0.30501658,-0.04269526,0.6558826,0.6554256,0.6699972,0.6756945,0.6847533,0.5135592,0.49444333,0.48902085,0.5245982,0.6008919,0.83255166,0.48514673,0.78502303,0.49389848,0.73388124,0.41895166,0.35980913,0.3878007,0.5960861,0.49477583,0.23257443,0.3462269,0.28073087,-0.09105384,0.3496391,0.5311047,0.45825604,0.5813447,0.39517888,0.3684979,0.06720753,0.03909263,0.22047213,0.30162385,0.1907428,0.4073907,0.3403583,0.40848285,0.2354909,0.48682356,0.5527889,0.26579085,0.2250486,0.47235373,0.5051083,0.23763944
0.7017985,0.32128817,0.7190964,0.71154904,0.6930568,0.7033203,0.7934593,0.708707,0.8462327,0.8246174,0.7384541,0.7047449,0.7386745,0.6911754,0.9090684,1.0,0.7549284,0.6913097,0.6381876,0.5793649,0.7809617,0.7430364,0.7584876,0.7931842,0.30668586,0.5791958,0.60921973,0.57020825,0.67635185,0.85353386,0.6990218,0.6690957,0.5827543,0.5687933,0.36666542,0.5279904,0.6725733,0.7452524,0.67657804,0.6326679,0.76500195,0.5522877,0.34343112,0.35006595,0.17337161,-0.15018731,0.40266508,0.4869435,0.088903934,-0.14029105,0.0149564175,0.009276037,0.12421397,0.15161726,0.5212806,0.55349404,0.67261547,0.16133718,-0.28392997,-0.42583606,0.20767984,-0.21249092,0.38238773,0.013032619,0.028153071,-0.082731314,0.3847001,0.36412722,0.34438834,0.014620921,0.6802772,0.64759773,0.6398619,0.6778493,0.68084055,0.5443689,0.5559899,0.5272369,0.5351013,0.62295365,0.8356589,0.508765,0.73498803,0.5435425,0.71645164,0.4509414,0.25821,0.41041324,0.61731315,0.5026226,0.29137278,0.40490487,0.27700514,-0.08263786,0.3312426,0.5631596,0.5098224,0.5876239,0.444876,0.4037026,0.17617835,0.03200508,0.32257894,0.35954624,0.288514,0.4737838,0.39168054,0.506447,0.25414202,0.4877253,0.56043917,0.3213084,0.2406342,0.4618768,0.4609213,0.3148089
0.83816427,0.65403706,0.83955353,0.8357913,0.47140768,0.44166455,0.84183455,0.8292804,0.6834392,0.6326021,0.9045085,0.827872,0.89735055,0.8673067,0.73677367,0.7549284,1.0,0.8106673,0.8584033,0.7524204,0.60669726,0.5618102,0.74526674,0.6887318,0.04498744,0.2752589,0.57667226,0.5841485,0.75712466,0.84232605,0.49652156,0.5185276,0.6840186,0.73725355,0.4878672,0.6885905,0.8019294,0.7790614,0.7337547,0.59114164,0.6253785,0.4190217,0.59470904,0.6127868,0.3901191,0.023401009,0.59314793,0.6461014,0.44847187,-0.058358394,0.37572727,0.05544677,0.23460045,0.26207784,0.6836095,0.6211795,0.86627865,0.4370674,0.1061362,-0.18520017,0.56676036,-0.060081773,0.48303038,0.27318463,0.2620784,0.086243786,0.6304051,0.6370164,0.69117814,0.4294123,0.6094892,0.54371107,0.636085,0.7423469,0.73034924,0.605458,0.599482,0.6171459,0.7692969,0.8086061,0.84890425,0.56265634,0.41452593,0.16033,0.7495359,0.4545114,0.3361735,0.25497082,0.6636582,0.4956948,0.1728983,0.3592299,0.20290463,-0.085215524,0.42991236,0.7150529,0.6335656,0.6922257,0.4379623,0.5383303,0.21562895,-0.02554571,0.28488278,0.34603342,0.32145435,0.36831683,0.2510922,0.38773012,0.5600542,0.694608,0.67064,0.44287926,0.23627128,0.27500615,0.39137194,0.45172212
0.643039,0.44019556,0.7157694,0.7300245,0.5694779,0.4848306,0.76599985,0.894662,0.6196967,0.5915197,0.7379052,0.6035828,0.79316133,0.8395791,0.6551519,0.6913097,0.8106673,1.0,0.6949254,0.49073607,0.66898954,0.66674376,0.72505724,0.745742,0.07044953,0.26120138,0.6455633,0.51806325,0.7427329,0.81511474,0.49134612,0.69158256,0.8614155,0.8416535,0.7130428,0.8028341,0.80593044,0.7311343,0.76892066,0.6969367,0.57236594,0.4941126,0.58560145,0.60943305,0.4467,0.22114426,0.6842117,0.6602001,0.3823474,-0.034787845,0.31234208,0.08630535,0.33678356,0.32083848,0.7549575,0.7286738,0.870591,0.60599786,0.07321231,-0.22359128,0.50706565,0.023926705,0.50079125,0.44985715,0.25637802,0.23611932,0.7635691,0.7357153,0.6458522,0.30576986,0.7171925,0.647769,0.7345234,0.6318002,0.7536426,0.66619045,0.70149297,0.6663175,0.67661196,0.8837342,0.71919155,0.8189813,0.42559803,0.26329204,0.72143537,0.5749435,0.3992668,0.28047466,0.72793347,0.6191619,0.33956805,0.34517047,0.15217756,-0.11088967,0.59274936,0.7376467,0.79124326,0.73334545,0.6242126,0.6468545,0.25763512,-0.07848083,0.4232981,0.36620912,0.39823937,0.45280123,0.4766548,0.44090793,0.551562,0.67414683,0.82394946,0.621862,0.33982587,0.35067365,0.41237375,0.49660045
0.8821912,0.7477108,0.8122401,0.80860454,0.439197,0.31323767,0.77928823,0.7253186,0.6374313,0.5131844,0.88437444,0.83522695,0.8827372,0.8066996,0.66938365,0.6381876,0.8584033,0.6949254,1.0,0.8745399,0.56230444,0.4734659,0.77682394,0.5809838,0.14119779,0.22816318,0.6257133,0.5713452,0.6638222,0.68018776,0.5119087,0.41654417,0.57826096,0.6515186,0.32359397,0.56136185,0.7735779,0.74988204,0.70672256,0.53798395,0.60191,0.36140764,0.64028823,0.62948895,0.4000572,0.057436634,0.53587043,0.6674538,0.41727212,-0.14774914,0.41611934,0.11213654,0.22717096,0.20886281,0.59919375,0.5754701,0.79526454,0.34129843,0.06616861,-0.10960293,0.53390217,-0.18317546,0.34437147,0.18668,0.22889057,-0.03375843,0.53287244,0.5611983,0.7147885,0.54383093,0.49122897,0.40725037,0.6116457,0.70999944,0.7040621,0.5259707,0.4531208,0.52238435,0.69276196,0.6932541,0.75135654,0.4350955,0.3355208,0.012315926,0.6711544,0.3669782,0.31377017,0.20890217,0.58502865,0.38451758,0.042735055,0.24727713,0.16630395,0.015554904,0.41896123,0.6246728,0.535504,0.6606235,0.29724678,0.4467824,0.08565306,-0.076294355,0.2129503,0.30759406,0.21367195,0.24317372,0.0848377,0.20200174,0.52288353,0.7020525,0.60531116,0.3545742,0.1322923,0.3686223,0.44289944,0.36357018
0.8597346,0.7578927,0.71317524,0.7477101,0.2965232,0.25765505,0.6613913,0.5360008,0.5749964,0.45240706,0.8269129,0.83614755,0.77788043,0.661418,0.58656377,0.5793649,0.7524204,0.49073607,0.8745399,1.0,0.37491226,0.31656492,0.6643358,0.4482266,0.14656809,0.23104891,0.45208836,0.44894105,0.5212964,0.56573474,0.4169071,0.23562068,0.30756497,0.428697,0.055814605,0.31616768,0.59143656,0.59723306,0.49473685,0.27644205,0.48862627,0.17566343,0.54513943,0.474363,0.21698502,-0.096646644,0.36540514,0.5036665,0.32024914,-0.16920778,0.35350916,0.061707925,0.15173233,0.14161798,0.37561208,0.3046769,0.5992875,0.11357828,-0.009448264,-0.081033975,0.38200408,-0.28027686,0.22709836,0.0044675525,0.17952354,-0.16787809,0.26503718,0.33209753,0.5479943,0.5117605,0.29685318,0.24938063,0.37750736,0.64453566,0.5057879,0.35673293,0.24669704,0.3361824,0.5170547,0.5214472,0.65220207,0.17531697,0.27076852,0.00088676583,0.51464576,0.19871706,0.12968268,0.09198442,0.371296,0.16609368,-0.085845724,0.23152135,0.17331429,0.05096063,0.12464791,0.43401718,0.26564768,0.46327415,0.014044985,0.22411197,0.10943625,-0.0012591548,0.09447963,0.21212956,0.037057154,0.0981358,-0.11968492,0.0518021,0.31073797,0.5511634,0.3430967,0.10262452,-0.020219197,0.2546511,0.26931286,0.17916223
0.5034258,0.08510676,0.6333504,0.58588773,0.69547874,0.6980095,0.69443464,0.6936212,0.7699129,0.8015762,0.5800839,0.4937451,0.6521737,0.58655435,0.81824833,0.7809617,0.60669726,0.66898954,0.56230444,0.37491226,1.0,0.76691914,0.7593422,0.74917793,0.42762676,0.5655045,0.6992016,0.62442136,0.6104339,0.7540165,0.7288977,0.67517513,0.6746275,0.5745706,0.49730498,0.5742197,0.6646094,0.69260544,0.6850321,0.7269231,0.80104697,0.7165801,0.29919544,0.26925144,0.19259042,0.0026625146,0.36813983,0.41342524,0.0014326101,-0.2052286,-0.10353948,-0.027403973,0.109890714,0.11190631,0.4930679,0.60551924,0.618366,0.16346443,-0.3165494,-0.37311018,0.115644544,-0.31676355,0.3412053,0.044222504,-0.14498553,-0.072317146,0.43229437,0.3764782,0.30603015,-0.14961262,0.7028649,0.6398092,0.7554154,0.59098566,0.71566355,0.52602047,0.58176196,0.54193425,0.46482122,0.5548344,0.70053446,0.57938063,0.7527353,0.45028666,0.67999256,0.44154406,0.46830067,0.4090562,0.61744463,0.50549674,0.31067696,0.2511029,0.11654528,-0.026156073,0.5635568,0.46833852,0.5679699,0.56933707,0.5338167,0.43418542,-0.011972819,-0.11655945,0.30475417,0.2806057,0.22902592,0.41489318,0.46039614,0.43378198,0.248914,0.41722658,0.6331435,0.36891127,0.2960967,0.6243957,0.5271108,0.29202312
0.4633454,0.10232582,0.62042266,0.57373154,0.75839436,0.74433804,0.7073525,0.7002913,0.6951269,0.71399325,0.5305116,0.44701985,0.5977893,0.6092299,0.75082487,0.7430364,0.5618102,0.66674376,0.4734659,0.31656492,0.76691914,1.0,0.6486763,0.74668986,0.23331098,0.50596637,0.610591,0.5382122,0.7024999,0.7340699,0.6547124,0.7892761,0.66752243,0.63399917,0.49746415,0.63392776,0.60713506,0.6561544,0.6984328,0.74002343,0.6891138,0.57822734,0.19825922,0.296216,0.18861333,-0.047983285,0.40439638,0.4112463,0.0629043,-0.14914414,0.011423942,-0.0007332192,0.1676749,0.1820157,0.567183,0.6042257,0.6333803,0.29371867,-0.22019608,-0.345298,0.19630294,-0.13415757,0.30034423,0.17433886,0.058771048,0.023265047,0.48533922,0.4555403,0.34489354,-0.07426075,0.81236255,0.75604457,0.73691624,0.6124417,0.688479,0.64783156,0.6873699,0.6692756,0.45350224,0.5563072,0.5992063,0.5727142,0.6552865,0.5302437,0.6299308,0.41350016,0.41086897,0.40028882,0.65697557,0.545457,0.43030256,0.29232872,0.28605908,-0.02738107,0.5548265,0.57123685,0.62927014,0.60837543,0.63790995,0.5032013,0.19963692,-0.051263884,0.48633957,0.3825248,0.40584216,0.5366169,0.5592009,0.55550605,0.33671984,0.3947535,0.60172373,0.4454192,0.38216928,0.51026326,0.57597846,0.45706677
0.7258011,0.37081987,0.7777333,0.73240083,0.5662238,0.59076566,0.7663678,0.7583918,0.7425719,0.74690145,0.77029175,0.66392213,0.8329821,0.71435404,0.8049328,0.7584876,0.74526674,0.72505724,0.77682394,0.6643358,0.7593422,0.6486763,1.0,0.79448706,0.38600978,0.5818849,0.6958224,0.661394,0.62029666,0.78513277,0.798299,0.6348392,0.67540884,0.64514184,0.3845292,0.6118839,0.8051425,0.8162292,0.7213847,0.610346,0.7446727,0.6181397,0.50435644,0.49825925,0.268621,-0.061385114,0.4632919,0.56813025,0.13529128,-0.29878667,0.131759,-0.025120256,0.19534276,0.10430554,0.58781815,0.61237955,0.73974854,0.16989273,-0.25280648,-0.32650208,0.28431356,-0.37251616,0.26674524,0.050119936,0.016976513,-0.19129436,0.45825025,0.47238407,0.43777904,0.14570512,0.58230776,0.5251185,0.68261397,0.6475248,0.7432282,0.53475136,0.47754815,0.53568065,0.48417732,0.63003093,0.72127783,0.5230717,0.66392887,0.28409824,0.73743814,0.4226671,0.46417296,0.30442095,0.6842396,0.5013979,0.1500104,0.2510707,0.24046867,-0.08225893,0.43666726,0.5618262,0.5733498,0.6246225,0.41233194,0.4533001,0.10501578,-0.028020551,0.30956155,0.20547943,0.2628054,0.30188453,0.18552256,0.25161904,0.34071738,0.6149323,0.6564342,0.31559816,0.1968696,0.49934304,0.50945216,0.31980246
0.60474676,0.27036014,0.7119172,0.7097272,0.6289493,0.6820421,0.7883924,0.7933693,0.7263512,0.70363224,0.63729954,0.5468155,0.6998455,0.69359815,0.7739581,0.7931842,0.6887318,0.745742,0.5809838,0.4482266,0.74917793,0.74668986,0.79448706,1.0,0.29713833,0.5577523,0.6108814,0.51694256,0.7189266,0.79604423,0.71893233,0.8261443,0.70389706,0.67739683,0.44666755,0.6300358,0.7198669,0.7573929,0.64718026,0.64566165,0.652449,0.63609123,0.34621382,0.44336197,0.27778378,-0.1282077,0.48811418,0.5168845,0.1419012,-0.13729398,0.067941725,-0.012730226,0.20808841,0.28155494,0.6565222,0.64542913,0.69195,0.33975536,-0.2189524,-0.32312733,0.17801966,-0.09141646,0.16814813,0.21781997,-0.034660198,0.0043999543,0.5175401,0.5125724,0.37593368,0.056230683,0.67490005,0.67008233,0.716096,0.5875133,0.7007238,0.5825171,0.60593414,0.5729775,0.5208932,0.60503626,0.6270108,0.66272074,0.68260545,0.60261804,0.6443637,0.6031524,0.35220906,0.4375371,0.7004062,0.64344406,0.36900473,0.4381746,0.27373594,-0.08541145,0.44096312,0.62811273,0.63822377,0.6400895,0.6013897,0.62796,0.33841825,0.07633753,0.4336061,0.33364868,0.4643209,0.5437704,0.39474836,0.50850236,0.33342308,0.53223413,0.66273016,0.4860194,0.32604003,0.44199297,0.39455083,0.46126813
0.1877231,-0.14300625,0.1129921,0.07680658,0.2823245,0.30501187,0.20102681,0.07140631,0.43269187,0.38143072,0.13968298,0.14281666,0.18890375,0.048540946,0.38662112,0.30668586,0.04498744,0.07044953,0.14119779,0.14656809,0.42762676,0.23331098,0.38600978,0.29713833,1.0,0.5883091,0.3798694,0.1696945,0.0053576515,0.15798178,0.4375487,0.20696822,-0.0011307476,-0.08789714,-0.18589048,-0.12017712,0.11194329,0.23777132,0.06670882,0.14989701,0.41601905,0.46112373,-0.18856488,-0.14922103,-0.30179632,-0.27415287,-0.1873765,-0.024811432,-0.5110487,-0.30744034,-0.45833257,-0.11068288,-0.32484314,-0.19282714,-0.09761892,0.06918674,-0.01703832,-0.37637877,-0.5653608,-0.35861355,-0.4007811,-0.55588245,-0.2904027,-0.3779001,-0.46674442,-0.3539516,-0.27662835,-0.2476099,-0.24984147,-0.33294275,-0.026322199,0.031904567,0.15158378,-0.04391496,0.09620703,-0.058399525,-0.13112766,-0.19393212,-0.09668322,-0.025546903,0.14693126,0.091513805,0.5566286,0.47281644,0.06965646,0.24700348,0.24470772,0.17035641,0.022890503,0.10512797,-0.10091366,0.104508474,-0.04063226,-0.006485132,0.050994694,-0.08188016,-0.061210923,-0.020768115,-0.046462532,-0.031346515,-0.17464234,0.05380576,-0.10596194,-0.018089803,-0.081164084,-0.011382969,-0.07568195,-0.024525667,-0.24347785,-0.054617535,0.010504752,-0.21245916,-0.14893371,0.42480445,0.18447395,-0.22361109
0.33313546,-0.14991,0.27929798,0.32530403,0.36238784,0.73791486,0.43436882,0.3610614,0.5884494,0.7587884,0.39014855,0.3455533,0.41334003,0.23897785,0.64269614,0.5791958,0.2752589,0.26120138,0.22816318,0.23104891,0.5655045,0.50596637,0.5818849,0.5577523,0.5883091,1.0,0.41385955,0.48990566,0.1488562,0.5272851,0.61083984,0.37052605,0.19062158,0.11531456,-0.02036356,0.13184798,0.33393964,0.4914799,0.24746616,0.30997327,0.6064686,0.64184016,-0.062359147,-0.029789846,-0.28732732,-0.33310205,-0.06466413,0.09324956,-0.3986024,-0.33089137,-0.41050646,-0.23050185,-0.16415824,-0.19573526,0.08670128,0.24595295,0.20727266,-0.32887477,-0.5757363,-0.6211659,-0.27714267,-0.5712035,-0.058186427,-0.36710235,-0.371564,-0.46594107,-0.10571886,-0.046888534,-0.2234048,-0.4110739,0.2741294,0.36092797,0.2617646,0.25964245,0.314598,0.10910439,0.07003924,0.06095176,0.036019932,0.18539932,0.41606218,0.18769652,0.79081583,0.5678566,0.3951786,0.19509211,0.30650687,0.14897421,0.32604998,0.26056886,0.09454294,0.115039594,0.14538145,-0.18000536,-0.016007314,0.09496246,0.07476712,0.16896908,0.13145052,0.030454522,-0.054125417,0.09530168,0.019691467,-0.016919,-0.042603176,0.09196745,0.06619699,0.030975325,-0.26098064,0.07826165,0.19616884,-0.14358272,0.103163116,0.42228964,0.2955235,-0.1699148
0.54124105,0.25258008,0.62893224,0.53290004,0.6558839,0.42052943,0.688547,0.65523905,0.6887006,0.566551,0.5998948,0.51404434,0.67140925,0.6622326,0.69293594,0.60921973,0.57667226,0.6455633,0.6257133,0.45208836,0.6992016,0.610591,0.6958224,0.6108814,0.3798694,0.41385955,1.0,0.5370378,0.59707177,0.59431416,0.56925875,0.5694435,0.59603375,0.60562366,0.37081498,0.53354573,0.62100166,0.69902074,0.6166464,0.6776094,0.71731836,0.6516059,0.33764756,0.4197214,0.2671041,0.011660754,0.3175309,0.4944094,0.093777254,-0.2527294,-0.030256309,0.067712195,0.13108908,0.1563962,0.5301192,0.67240435,0.60797757,0.25296742,-0.16144349,-0.20670262,0.21942285,-0.21563473,0.19824564,0.15961978,-0.11089951,-0.027306968,0.39969736,0.43252966,0.4050201,0.062669784,0.54738533,0.5338388,0.7065681,0.46731746,0.63580704,0.49041414,0.43481952,0.4521531,0.42060262,0.5903506,0.577342,0.6098313,0.60039455,0.27886403,0.59607756,0.53354526,0.48497292,0.3455811,0.596864,0.55706733,0.15687849,0.2725804,0.10135251,0.034632273,0.49555132,0.5075815,0.52199334,0.6060536,0.49605003,0.5237832,0.061309673,-0.12343547,0.12600634,0.24304286,0.2111628,0.42051306,0.3060104,0.2833854,0.36767265,0.50271475,0.5870453,0.45555887,0.3561191,0.4403961,0.4142117,0.31055784
0.48682782,0.23286478,0.53768235,0.61445355,0.35040468,0.6122115,0.64073384,0.6250203,0.522603,0.64104664,0.5700171,0.44756562,0.6626956,0.51851857,0.66488016,0.57020825,0.5841485,0.51806325,0.5713452,0.44894105,0.62442136,0.5382122,0.661394,0.51694256,0.1696945,0.48990566,0.5370378,1.0,0.4567209,0.59842914,0.5238268,0.3552549,0.54375815,0.5334908,0.40091243,0.5130928,0.6003896,0.6234171,0.5860932,0.5664508,0.52271265,0.5096561,0.38235068,0.29933652,0.117068015,0.11743753,0.314005,0.38345203,0.14440815,-0.1586498,0.10280208,0.01725916,0.10765688,-0.03793383,0.39333373,0.52085793,0.5805596,0.14068717,0.009174297,-0.30788437,0.3535798,-0.25136396,0.41193205,0.14162497,0.041605614,-0.12115774,0.40818432,0.42347616,0.33316717,0.061684366,0.5765111,0.5451625,0.5797482,0.55649585,0.62184924,0.48144466,0.4627676,0.5293679,0.3671534,0.52998924,0.61741596,0.41121188,0.46323046,0.10527551,0.58802205,0.20971341,0.48215517,0.17472126,0.4942674,0.29636317,0.10895658,0.25610498,0.20146221,-0.10174585,0.36224374,0.3850418,0.40652752,0.46159875,0.29045123,0.2467335,0.016578002,0.08343445,0.23114203,0.15938635,0.11351788,0.2479345,0.31367245,0.19497325,0.25482306,0.4460546,0.5156669,0.21024206,0.29636768,0.4199989,0.4335441,0.1553261
0.6695974,0.49468404,0.8209825,0.7079543,0.6249353,0.43012974,0.79363716,0.75417054,0.5968802,0.52513856,0.68947464,0.6086587,0.7191645,0.7970598,0.65626484,0.67635185,0.75712466,0.7427329,0.6638222,0.5212964,0.6104339,0.7024999,0.62029666,0.7189266,0.0053576515,0.1488562,0.59707177,0.4567209,1.0,0.71677977,0.55220556,0.72023284,0.7137237,0.80834305,0.5071448,0.7007591,0.7433031,0.75211287,0.7913735,0.73242617,0.5988241,0.43912917,0.5189311,0.60513675,0.5063905,0.036026333,0.6724659,0.675526,0.42441788,0.032783855,0.37495068,0.15684785,0.360125,0.4146865,0.8120194,0.7185859,0.79400545,0.51816314,0.10894713,-0.023542989,0.4674939,0.13601099,0.36585245,0.38420263,0.2766726,0.2296481,0.68923336,0.68917906,0.67694926,0.34208956,0.7851317,0.73301715,0.79912305,0.77322114,0.7505634,0.78153443,0.7823262,0.7721439,0.72468746,0.69448453,0.63524836,0.56436414,0.4017583,0.2712714,0.6742191,0.5076483,0.35341084,0.42741552,0.75577104,0.61768824,0.3893579,0.4530409,0.32314295,0.017724633,0.6180531,0.8064865,0.75996405,0.79883164,0.7027402,0.7298312,0.37521017,-0.060157757,0.44472387,0.5221374,0.5243436,0.61945134,0.45041832,0.6019463,0.6508069,0.6616302,0.7243438,0.6648385,0.41687927,0.27765575,0.40965512,0.6774976
0.70265007,0.34141716,0.7714963,0.7756784,0.5707036,0.67566866,0.7891662,0.84244317,0.74495655,0.8122392,0.8161014,0.7323327,0.8111015,0.77174693,0.82359815,0.85353386,0.84232605,0.81511474,0.68018776,0.56573474,0.7540165,0.7340699,0.78513277,0.79604423,0.15798178,0.5272851,0.59431416,0.59842914,0.71677977,1.0,0.64136213,0.641577,0.71380156,0.6946682,0.5206651,0.7206208,0.7534498,0.78623915,0.70610917,0.62198645,0.72327805,0.5235067,0.43985343,0.44342372,0.20141672,-0.06970756,0.48019215,0.5143516,0.22542493,-0.17733543,0.1484031,-0.047260515,0.24037005,0.21200916,0.6283489,0.5907529,0.7953104,0.28740242,-0.14656743,-0.38771367,0.3873892,-0.17594129,0.48898584,0.1208921,0.14872256,-0.0037230065,0.53918886,0.53108114,0.48743692,0.09966286,0.7213136,0.6333217,0.6413758,0.74628323,0.74588305,0.5903885,0.60289466,0.6298582,0.64610714,0.76284134,0.828497,0.58097005,0.65931106,0.3816979,0.829359,0.3970812,0.36552563,0.29614183,0.71961516,0.5422438,0.35594934,0.33253694,0.25879085,-0.12274741,0.4112001,0.62361455,0.61848503,0.6521914,0.5413618,0.48984307,0.27217418,-0.043443937,0.3785188,0.32934523,0.31319246,0.42190018,0.40025774,0.43443072,0.36317033,0.5212014,0.6513572,0.4057772,0.32976303,0.43813667,0.46856675,0.41234577
0.4688238,0.0852669,0.6198162,0.51644945,0.5493258,0.60662764,0.590128,0.5459239,0.60831904,0.68921685,0.5093257,0.43995416,0.56589633,0.46367276,0.713849,0.6990218,0.49652156,0.49134612,0.5119087,0.4169071,0.7288977,0.6547124,0.798299,0.71893233,0.4375487,0.61083984,0.56925875,0.5238268,0.55220556,0.64136213,1.0,0.6861355,0.55715454,0.47617584,0.30462176,0.46798247,0.5987804,0.66897464,0.5863637,0.53483146,0.6691309,0.55989975,0.24336141,0.25904468,0.17092527,-0.21839479,0.3220584,0.34263417,-0.0402134,-0.25908527,-0.018285684,0.011702025,0.16427095,0.06152704,0.46956593,0.4965669,0.5226679,0.052366354,-0.3773963,-0.22963957,0.07698258,-0.32845947,0.15580264,-0.0320333,-0.120216355,-0.18867953,0.3087851,0.2721582,0.23802711,-0.038813174,0.5622304,0.5355586,0.6284057,0.55196476,0.6278936,0.55053353,0.47282216,0.508433,0.301377,0.4072884,0.5504499,0.39591682,0.7053179,0.43360794,0.5770319,0.35571924,0.3900023,0.39865574,0.60273397,0.4296856,0.2234829,0.2292566,0.31677768,-0.12044982,0.3844935,0.43564612,0.49091733,0.49520153,0.45935655,0.3988836,0.1567026,-0.00049166224,0.3825899,0.17465755,0.37414697,0.36557266,0.29859853,0.3992532,0.22163312,0.4051738,0.49226844,0.28270343,0.2744085,0.48824447,0.504614,0.3621785
0.38910586,0.10687485,0.6153604,0.53331256,0.6659095,0.5687487,0.68691206,0.69241416,0.5755602,0.5575045,0.42401576,0.31475568,0.5047038,0.5812916,0.6341009,0.6690957,0.5185276,0.69158256,0.41654417,0.23562068,0.67517513,0.7892761,0.6348392,0.8261443,0.20696822,0.37052605,0.5694435,0.3552549,0.72023284,0.641577,0.6861355,1.0,0.71714187,0.6737305,0.5285253,0.6224872,0.60971254,0.6175513,0.6452077,0.6810471,0.57087773,0.5650489,0.23642014,0.38375324,0.36135042,-0.065339096,0.5314153,0.47789875,0.13707107,-0.040270194,0.088705994,0.051465027,0.27371103,0.2984503,0.6653678,0.63689464,0.6126381,0.44945323,-0.14241612,-0.2019299,0.18999061,0.051113706,0.1832886,0.32879487,0.039570425,0.11156293,0.55790025,0.51732725,0.34695047,0.006391401,0.7508157,0.7548719,0.7499569,0.5062875,0.65894246,0.64505386,0.70806134,0.6223903,0.43867266,0.5442816,0.47892007,0.68274355,0.5624115,0.58127064,0.5229346,0.5751474,0.36254817,0.4701054,0.66293794,0.64351475,0.43526077,0.35700676,0.28073403,-0.1040121,0.55962706,0.63051224,0.7204376,0.61773664,0.7238376,0.68389785,0.38453224,0.0070034117,0.50059104,0.36998993,0.5630191,0.644369,0.57778674,0.68949336,0.43485525,0.45014745,0.66283864,0.6006957,0.4146298,0.36473197,0.46359494,0.5824229
