1.0,0.68550336,0.83775896,0.28125885,0.3862843,0.48599413,0.38791505,0.4929021,0.2496192,0.7500289,0.8060344,0.5646073,0.66523653,0.53575236,0.6691209,0.5684956,0.75025576,0.8428194,0.82135224,0.7705102,-0.4345565,-0.34561354,0.43931684,0.1402072,0.4474447,0.50279075,-0.08723014,0.02399848,0.5527266,0.7343958,0.6345796,-0.12203633,0.885512,0.79987824,0.49723408,0.41700417,0.043239456,-0.011769542,0.44471988,0.691686,0.41523302,0.7403473,0.7372392,0.77823895,0.54353184,0.52589446,0.82506806,0.8282067,0.26469755,0.16989774,0.18999733,-0.12961966,0.09079322,-0.23066252,0.8510987,0.74661195,0.8348043,0.55123484,0.04251324,-0.052606374,0.64829016,-0.35596785,0.7606145,0.06875117,0.3449002,-0.22157861,0.66341496,0.68642324,0.7431167,0.80283433,0.7348386,-0.12774803,0.5409009,0.78215075,0.5626016,0.50828105,-0.31115755,-0.04312714,0.38836646,0.23453179,0.8206851,0.64748895,0.50451314,0.27911225,0.7863691,0.117346875,0.5836288,-0.34803015,0.70394224,0.6084246,0.7882854,0.58647686,0.51346475,0.25677747,0.56295305,0.65180635,0.81052154,0.6794159,0.8264353,0.78151816,0.561911,0.38425452,0.6644767,0.3044523,0.5542694,0.3456471,0.4894844,0.43647918,0.65087724,0.6691892,0.80407006,0.70544684,0.48295632,0.61527056,0.76242816,0.7881092
0.68550336,1.0,0.47114235,0.31210718,0.37353587,0.24421309,0.23493922,0.46507302,0.36634508,0.45471126,0.6411094,0.749508,0.57288533,0.6347495,0.65179044,0.6658585,0.68105465,0.7174413,0.68823487,0.7955614,-0.4676616,0.023587324,0.47816557,0.2874313,0.3346369,0.33147112,0.15105312,0.113934524,0.6806473,0.73251426,0.3843661,0.11730965,0.7780573,0.7988107,0.3079516,0.23413177,0.10318799,0.15691978,0.4067827,0.77042854,0.42793772,0.63539046,0.43340746,0.6781853,0.3759445,0.49023488,0.5445664,0.73207617,0.15283543,0.23065186,0.12519395,0.18608655,-0.09569898,-0.05693112,0.6634251,0.7302096,0.77703947,0.7025332,-0.0063253045,0.073171265,0.49609795,0.04333863,0.44752654,0.25169346,0.24075733,-0.011836661,0.4157843,0.48719406,0.7239138,0.6975568,0.27162206,-0.044048093,0.4229506,0.46637446,0.4427511,0.5571229,-0.13042112,-0.18178633,0.418768,0.41879264,0.64371943,0.73243016,0.6430368,0.44040704,0.5724157,0.34033936,0.3083926,0.034093387,0.45878923,0.66077936,0.56760967,0.6151754,0.36881554,0.40902525,0.5749542,0.6946069,0.6934008,0.6916599,0.57170916,0.7225584,0.4300922,0.26046288,0.3671272,0.11899826,0.28359312,0.03608118,0.17892161,0.20931149,0.6421121,0.60782856,0.705388,0.59640115,0.43811995,0.57600564,0.7132332,0.6388447
0.83775896,0.47114235,1.0,0.27445546,0.48537964,0.550079,0.4750766,0.51130337,0.33508626,0.7014523,0.6438775,0.39002836,0.6360196,0.45190376,0.6504867,0.50845784,0.60534084,0.7783832,0.76444864,0.5940364,-0.28774324,-0.31482834,0.53203905,0.2552739,0.50459224,0.5387609,-0.1980888,0.075704016,0.48245272,0.64041173,0.6909455,-0.12714103,0.80935305,0.6851379,0.51873827,0.55225146,0.07237605,0.012002059,0.4431284,0.54114133,0.41488573,0.71649575,0.73039156,0.700597,0.4830286,0.52475375,0.77256906,0.7675672,0.28502947,0.06928169,0.18026116,-0.17730986,0.09269388,-0.11458797,0.7522743,0.625106,0.6277107,0.39510834,0.008848833,-0.029253572,0.5337569,-0.31327677,0.68090045,0.06006296,0.33281362,-0.15129668,0.60590595,0.6900973,0.60566044,0.6902122,0.84403557,-0.022709219,0.54757214,0.7852277,0.6267031,0.4919139,-0.21222138,-0.010211683,0.23802708,0.10748411,0.7522454,0.63578135,0.49363276,0.32725805,0.7918527,0.16836472,0.72180897,-0.3074756,0.66359764,0.52267957,0.74495566,0.56214553,0.50096726,0.21525398,0.44052663,0.50601363,0.72398293,0.5356823,0.7976083,0.6772829,0.47596022,0.493179,0.6958948,0.42316312,0.61167544,0.46575996,0.50758666,0.4335587,0.56505066,0.64843845,0.73501396,0.63813627,0.4671363,0.48923442,0.65367573,0.741388
0.28125885,0.31210718,0.27445546,1.0,0.18056968,0.4059103,0.8400514,0.8506433,0.45203444,-0.107247934,0.42359444,0.6095061,0.57848495,0.64182764,0.4698896,0.36154833,0.52329916,0.4530178,0.5871284,0.5847222,-0.007042093,0.4567969,0.7570011,0.67623276,-0.11406853,0.038507793,-0.10384271,0.084544115,0.6136953,0.3376109,0.19729276,0.6005206,0.37000063,0.43424404,0.76574343,0.7327342,0.5547483,0.55074733,0.5744177,0.24709089,0.5424011,0.4672604,0.45021713,0.39764494,0.050212763,0.52295387,0.121755786,0.22382787,-0.31016174,0.5061822,-0.19445902,0.059928846,-0.26858774,-0.087964535,0.42580318,0.31570274,0.10560116,0.69418716,-0.3395866,0.009192101,0.070257984,0.040012583,0.2371204,0.7585705,-0.34195015,0.31006145,0.5113452,0.69565034,0.5295477,0.29568768,0.28529814,0.70118386,0.56291527,0.3062669,0.44824937,0.4699847,0.44285965,0.3159513,0.02717759,0.47580427,0.51710725,0.59751236,0.4239648,0.5516792,0.2525444,0.7703515,0.016825797,0.4132305,0.5149232,0.44777504,-0.052578494,0.1462474,-0.38129073,0.41759405,0.16461474,-0.097096995,0.3379944,-0.032821603,0.105764106,0.040214576,0.1710514,0.3318472,0.37536597,0.5979406,0.5765998,0.6003317,0.6329279,0.6317746,0.16119471,0.41199157,0.23620322,-0.12621458,-0.40378037,-0.08604339,0.18518744,0.14393789
0.3862843,0.37353587,0.48537964,0.18056968,1.0,0.46527255,0.2242484,0.3840759,0.7596284,0.28821644,0.2230068,0.28964135,0.34260696,0.35395846,0.5108948,0.5216899,0.26974884,0.46953556,0.38456193,0.26525608,-0.19917077,0.022446688,0.44547176,0.48432407,0.7782424,0.80910075,0.14544058,0.5540908,0.40906313,0.4668777,0.6173358,0.122651346,0.5288865,0.46676528,0.22420782,0.22827303,0.007530085,0.19217287,0.25210947,0.51101273,0.27369207,0.44138595,0.39550993,0.3401774,-0.024156645,0.22075649,0.42161337,0.5150199,-0.057033412,-0.07066968,0.08423206,-0.090300284,0.00572946,0.14404644,0.44912624,0.37804595,0.38267362,0.26016116,-0.15466811,-0.09246388,0.25267836,-0.091895714,0.34442285,0.075825825,0.043481,-0.06448868,0.09725377,0.31182593,0.1691083,0.18708499,0.46312246,0.021161113,0.33766213,0.44531178,0.43624613,0.52357423,-0.10658523,-0.12326671,0.025176238,0.11849311,0.39914018,0.5318283,0.5179747,0.5847486,0.4200866,0.258198,0.7170008,0.26850605,0.39871392,0.39685914,0.5330509,0.5257691,0.3563578,0.15818287,0.46388814,0.4507848,0.5063411,0.4536191,0.41733554,0.45524126,0.14170541,0.5496288,0.33809477,0.24680197,0.286086,0.2513289,0.12664889,0.16800542,0.46417144,0.38116238,0.5187311,0.46963918,0.4097356,0.4566948,0.54778844,0.542149
0.48599413,0.24421309,0.550079,0.4059103,0.46527255,1.0,0.49453852,0.57296896,0.5537248,0.44610012,0.4431287,0.37468353,0.526637,0.4822267,0.6077615,0.5670515,0.5142801,0.60336787,0.57022107,0.41720515,-0.10916421,-0.06385843,0.5059045,0.38779232,0.36831564,0.5454507,-0.15304361,0.2683481,0.47431758,0.48930934,0.4308649,-0.020754665,0.5661104,0.5326835,0.6197093,0.5384039,0.2379065,0.25595343,0.48067924,0.37515935,0.3745938,0.5526632,0.49870795,0.3579826,0.111666165,0.40427545,0.4057645,0.4088658,-0.19598977,0.06842346,-0.22433807,-0.21119905,-0.18027227,-0.16771801,0.5432083,0.3449659,0.23187141,0.39061135,-0.29625595,-0.13173892,0.23657042,-0.31964588,0.35155454,0.2604402,-0.10698257,-0.16597429,0.4181038,0.58943313,0.29065233,0.3641122,0.65633965,0.31873807,0.6733947,0.6455486,0.56348205,0.5447609,0.076507546,0.0248153,-0.06843427,0.17431468,0.5509122,0.51954323,0.5250852,0.5359209,0.44192123,0.30920914,0.57738715,0.11290001,0.5612627,0.46632513,0.35759297,0.39006284,0.046252243,0.12166114,0.1958236,0.17370752,0.48466232,0.26939407,0.40105322,0.32083642,0.2605445,0.50142974,0.470841,0.38064006,0.5512946,0.46965906,0.575421,0.58788276,0.31810713,0.52982396,0.4103966,0.23211582,0.067265406,0.16776796,0.3867154,0.44116804
0.38791505,0.23493922,0.4750766,0.8400514,0.2242484,0.49453852,1.0,0.811247,0.41748178,0.063228354,0.4886267,0.5107157,0.66160333,0.6117842,0.49889868,0.34183162,0.5623945,0.50447667,0.61963356,0.5438528,-0.018740874,0.31889534,0.715395,0.61837494,-0.019591969,0.10239947,-0.22967604,0.12694827,0.59278715,0.32152188,0.23676187,0.3750997,0.42031485,0.45659786,0.81180257,0.7614463,0.44120649,0.43263206,0.61090475,0.24347754,0.554795,0.5195578,0.5858566,0.44715655,0.1780554,0.5314547,0.2594616,0.2803987,-0.15573095,0.41654965,-0.14505847,0.005273842,-0.18481459,-0.040048715,0.5063354,0.36754423,0.11241148,0.622268,-0.32989916,0.02185719,0.13542505,-0.043427434,0.4125972,0.6445209,-0.22179246,0.20474172,0.6054089,0.7434199,0.55008006,0.3649482,0.4657435,0.68846613,0.613732,0.42868638,0.5266729,0.450819,0.4142437,0.22514132,-0.022942891,0.3666668,0.57443243,0.5551276,0.4282287,0.5485231,0.34308273,0.7049495,0.22611246,0.3085643,0.6309367,0.5473397,0.10630105,0.30508262,-0.19162256,0.39388075,0.08120313,-0.08935233,0.35588664,-0.016341167,0.28073922,0.14214602,0.26978555,0.42373326,0.54924387,0.740882,0.70116633,0.745083,0.75758755,0.74979687,0.15287277,0.43508634,0.29346913,-0.00484425,-0.27893102,0.017142395,0.20189597,0.22366947
0.4929021,0.46507302,0.51130337,0.8506433,0.3840759,0.57296896,0.811247,1.0,0.6003201,0.14402449,0.55320734,0.66483253,0.7816079,0.76904184,0.70737344,0.58947825,0.64802355,0.65522844,0.7314753,0.66640496,-0.08482688,0.35773516,0.8476012,0.6306754,0.12815978,0.24844356,-0.044826142,0.12397132,0.7648094,0.55514604,0.33383393,0.44892713,0.57572013,0.616395,0.84157485,0.8001967,0.46164957,0.51058817,0.7012722,0.43985268,0.69260716,0.6820148,0.59429735,0.54345274,0.13550727,0.6220493,0.33581734,0.4267763,-0.23111288,0.45437056,-0.17645216,0.017817874,-0.22178441,-0.069552325,0.6454642,0.48631176,0.27885044,0.74304104,-0.32977113,-0.048079718,0.13720809,-0.09174157,0.4126085,0.7091097,-0.25931492,0.23835497,0.57704914,0.79564756,0.61043304,0.43069988,0.48062104,0.6496505,0.7169512,0.53271776,0.6733898,0.6001316,0.35487157,0.1533033,0.12086846,0.4558277,0.7006433,0.7653374,0.63389224,0.7035559,0.45848963,0.7875909,0.30175793,0.3527684,0.64985996,0.6356287,0.19573972,0.4093343,-0.1401847,0.42426205,0.26059476,0.1386582,0.5109863,0.19315538,0.32924917,0.2897087,0.3021718,0.4514682,0.5379283,0.63822055,0.6995248,0.6445615,0.6850273,0.71864367,0.3149097,0.6000404,0.44605252,0.12601203,-0.14697184,0.11315515,0.36673945,0.3713674
0.2496192,0.36634508,0.33508626,0.45203444,0.7596284,0.5537248,0.41748178,0.6003201,1.0,0.07496878,0.24728741,0.47754934,0.47660396,0.52491117,0.60935813,0.5827278,0.39865232,0.47947857,0.44400492,0.3117691,-0.16214162,0.28485322,0.6091227,0.6586577,0.51626897,0.6134583,0.078724995,0.5586514,0.6012297,0.45419195,0.42077747,0.38596916,0.4596625,0.473179,0.45822436,0.42166924,0.2750647,0.45533,0.44290304,0.43658915,0.42150244,0.38909608,0.26353478,0.26300827,-0.13358437,0.2593227,0.21245968,0.3869297,-0.36043924,0.09834366,-0.19796327,0.0313167,-0.19416243,0.106915645,0.4204247,0.3556024,0.2018225,0.4214203,-0.39197347,-0.11379211,-0.0013329954,-0.022287527,0.102498904,0.3707639,-0.30125466,0.013715118,0.054561514,0.3776991,0.1671517,0.0944456,0.3633968,0.42230254,0.5403376,0.36580423,0.55649626,0.6469527,0.25618684,-0.00020954298,0.011316965,0.2893602,0.4207795,0.62129015,0.63930714,0.7097136,0.3070282,0.54085815,0.5409436,0.55908686,0.38511005,0.4481514,0.2405167,0.4304412,-0.0059891995,0.274311,0.3603736,0.25566423,0.45024598,0.30171818,0.22860599,0.2937161,0.08079388,0.47640574,0.22386843,0.32010058,0.35130155,0.3029784,0.3202608,0.3893478,0.34943715,0.4908161,0.42276737,0.24889512,0.09815774,0.25796086,0.43777797,0.39175728
0.7500289,0.45471126,0.7014523,-0.107247934,0.28821644,0.44610012,0.063228354,0.14402449,0.07496878,1.0,0.59650105,0.28843844,0.4553214,0.31951612,0.58848333,0.5808833,0.5277352,0.6570512,0.5446693,0.48557958,-0.2669947,-0.41605166,0.20022015,-0.12965526,0.40940148,0.47167417,0.085344695,-0.01004742,0.32165417,0.6552745,0.50376666,-0.4320705,0.69266313,0.604127,0.19581017,0.19329582,-0.04935442,-0.15427634,0.36847502,0.51913,0.23848611,0.59684724,0.4739455,0.53331125,0.49038553,0.25378498,0.6739472,0.6466075,0.32986036,-0.059915327,0.15581183,-0.15735164,0.22632259,-0.23178834,0.6220902,0.5744237,0.6368113,0.23155269,0.18088035,-0.050549116,0.51958925,-0.38129425,0.64171994,-0.16612378,0.4340202,-0.31223667,0.43578416,0.41142517,0.41304106,0.66109776,0.6473673,-0.3318012,0.4139469,0.6987657,0.42992026,0.3146902,-0.32961008,-0.07940029,0.33211538,0.061031487,0.6020255,0.38282722,0.47761625,0.15116772,0.6715466,-0.16704157,0.6319413,-0.4965391,0.55703837,0.41321975,0.7599272,0.5052195,0.64278173,0.0031222422,0.4062565,0.58594716,0.5682511,0.60046184,0.74323183,0.71443003,0.50418425,0.2401049,0.48978868,0.044886645,0.28356278,0.051128,0.23762557,0.18451859,0.51910233,0.49570197,0.61163133,0.63075703,0.59503573,0.5409638,0.5990142,0.65071285
0.8060344,0.6411094,0.6438775,0.42359444,0.2230068,0.4431287,0.4886267,0.55320734,0.24728741,0.59650105,1.0,0.7412765,0.77601695,0.6610485,0.68888855,0.53930974,0.8852024,0.7748728,0.7890493,0.78080404,-0.3147745,-0.12019404,0.52374166,0.23444532,0.21982078,0.26752275,-0.053481,-0.0770834,0.6805429,0.6866116,0.47565922,0.042583358,0.7603732,0.70699775,0.54564404,0.4533963,0.25191003,0.0970289,0.5219443,0.5265914,0.51742023,0.7018063,0.63663393,0.5947898,0.4062372,0.41605082,0.54506797,0.58776003,0.09813976,0.2823858,0.08673704,-0.122100055,-0.062320415,-0.340607,0.74434316,0.6217026,0.6587549,0.69926643,-0.005052848,-0.028291885,0.5477171,-0.2558481,0.6713866,0.32533374,0.1848727,-0.13754909,0.63025486,0.64111197,0.72195166,0.68911153,0.5328878,0.10536592,0.6083068,0.68008274,0.5486676,0.52759284,-0.02270162,0.06355946,0.48749924,0.41979933,0.86375123,0.6091708,0.5895448,0.23256607,0.70625746,0.25877145,0.3437643,-0.24087496,0.71821296,0.5985104,0.5131086,0.42316264,0.20755026,0.25974813,0.35054898,0.39059362,0.5995409,0.430868,0.5860965,0.53708935,0.4760112,0.208603,0.45741156,0.2678877,0.43162766,0.30156443,0.57663566,0.5079845,0.4399869,0.6323308,0.5989986,0.4154338,0.20503335,0.34524134,0.54600364,0.550268
0.5646073,0.749508,0.39002836,0.6095061,0.28964135,0.37468353,0.5107157,0.66483253,0.47754934,0.28843844,0.7412765,1.0,0.70831245,0.7816826,0.69172484,0.64049834,0.8138514,0.7302748,0.7248944,0.7981036,-0.30066732,0.22320695,0.6496877,0.503389,0.152168,0.20182765,0.07562051,0.10825292,0.80494255,0.70001024,0.29933432,0.35691386,0.7004396,0.75065875,0.5439235,0.45193374,0.38049865,0.4272969,0.5512054,0.5960219,0.52996635,0.62998307,0.40136504,0.5080478,0.14761965,0.39625448,0.31109533,0.5173294,-0.17480716,0.34992883,-0.062215775,0.06652566,-0.27863318,-0.27972347,0.5982694,0.61641663,0.5286387,0.7747085,-0.1760872,-0.053815223,0.26664218,-0.11436744,0.3666555,0.47485712,-0.14107864,-0.033783637,0.3770924,0.5502657,0.65451,0.5254852,0.28243673,0.3052555,0.62427795,0.48155063,0.50031203,0.64071727,0.19437633,0.088702515,0.40959284,0.6153206,0.7352367,0.7181986,0.66537833,0.4838696,0.5249019,0.5458811,0.19011614,0.220469,0.58829594,0.6300675,0.28243783,0.41637364,-0.022608662,0.41764098,0.43045217,0.37644008,0.5760702,0.419167,0.37534988,0.43901467,0.3960061,0.17018951,0.2926418,0.23843251,0.3198896,0.19279452,0.44720945,0.4517539,0.3906657,0.63791597,0.5331067,0.25187927,0.03794865,0.29015252,0.53764623,0.43714926
0.66523653,0.57288533,0.6360196,0.57848495,0.34260696,0.526637,0.66160333,0.7816079,0.47660396,0.4553214,0.77601695,0.70831245,1.0,0.8538981,0.8477874,0.6881859,0.8002548,0.77091414,0.8016699,0.7361022,-0.21876715,0.21684155,0.76662284,0.39033422,0.15993735,0.2293713,-0.021160245,-0.023422923,0.87731975,0.68507165,0.31572202,0.1712645,0.6980886,0.6866022,0.7030824,0.6521323,0.3134761,0.27523237,0.7063997,0.5244523,0.7194998,0.76127076,0.6112313,0.5790392,0.33162612,0.5348401,0.47675088,0.5197353,-0.07183287,0.3662011,-0.121088386,-0.011351668,-0.133048,-0.11622441,0.7319418,0.58755076,0.4176964,0.7425158,-0.12196025,0.02706774,0.2564368,-0.1236242,0.5528699,0.5383304,-0.08251447,0.08738145,0.62269735,0.7271612,0.67296016,0.5883265,0.51413,0.45930597,0.7667777,0.62789756,0.7160453,0.55187696,0.24559544,-0.014450748,0.29151154,0.46536326,0.84484065,0.7319324,0.7388222,0.5694274,0.57896817,0.5535652,0.40887117,0.09435167,0.6701221,0.7403343,0.39279473,0.5964806,0.17151654,0.40113607,0.2611929,0.30003986,0.5568622,0.34310606,0.52004707,0.49670893,0.43516412,0.37028047,0.52984136,0.5090401,0.58307797,0.47815147,0.65715075,0.6625348,0.34443,0.6593792,0.5598361,0.32736966,0.12390357,0.2878894,0.4595766,0.4847567
0.53575236,0.6347495,0.45190376,0.64182764,0.35395846,0.4822267,0.6117842,0.76904184,0.52491117,0.31951612,0.6610485,0.7816826,0.8538981,1.0,0.8010595,0.72892195,0.7633685,0.7513246,0.7703631,0.77296054,-0.18373193,0.39228958,0.8038205,0.51922363,0.10951175,0.20161991,0.096656926,0.15359816,0.88830125,0.66650075,0.2507347,0.33206785,0.6506242,0.71089697,0.61927545,0.5704582,0.3925784,0.3816707,0.6847736,0.57840365,0.66317075,0.7100014,0.48019952,0.5754423,0.17987007,0.48784283,0.3509752,0.48352936,-0.23612708,0.43166053,-0.23362572,0.12343284,-0.26049072,-0.1431403,0.64211714,0.61142975,0.3531862,0.81946665,-0.23929942,-0.025154518,0.14827245,-0.05037852,0.3908185,0.61267185,-0.21275403,0.11310672,0.4971599,0.6406335,0.65517324,0.5314127,0.31810758,0.49058083,0.69888556,0.4583361,0.5745624,0.5421911,0.2876566,-0.037065648,0.24745885,0.539045,0.7513465,0.76216125,0.7166185,0.659422,0.43840522,0.62884456,0.28189835,0.32128438,0.6042142,0.7812117,0.32134444,0.60088336,0.097601555,0.49688876,0.3165185,0.31012902,0.51770985,0.34532332,0.43009323,0.47337908,0.49222812,0.3619346,0.46731797,0.4737995,0.49124524,0.3781642,0.5577431,0.5713273,0.31528676,0.5773248,0.494784,0.2378553,0.046263494,0.26375487,0.45186612,0.41250208
0.6691209,0.65179044,0.6504867,0.4698896,0.5108948,0.6077615,0.49889868,0.70737344,0.60935813,0.58848333,0.68888855,0.69172484,0.8477874,0.8010595,1.0,0.86449033,0.7305542,0.8100017,0.7879447,0.7041671,-0.19852965,0.19573574,0.7454842,0.42494783,0.35698664,0.45337418,0.15399976,0.1954249,0.847181,0.8384875,0.4256669,0.077646986,0.76258326,0.750842,0.5937872,0.57557005,0.34471378,0.32214093,0.7396037,0.61159533,0.6893711,0.79753506,0.53386337,0.62165874,0.30293313,0.5337119,0.519657,0.6326196,-0.026405407,0.2664457,-0.078857265,0.053849462,-0.096065,-0.087782726,0.7545248,0.65918416,0.52084786,0.6742849,-0.15489241,-0.018091919,0.32177794,-0.12626216,0.52571416,0.4277041,0.033368014,0.025333278,0.51453435,0.69229203,0.6099908,0.61082095,0.5918329,0.31080592,0.77262664,0.65338135,0.75376165,0.6189985,0.15307274,0.02055481,0.25026834,0.4533864,0.8168623,0.7776747,0.8743538,0.6680982,0.6438492,0.476466,0.56743056,0.14623554,0.7104975,0.69742227,0.5418868,0.6215331,0.28296882,0.37745988,0.41778055,0.45366004,0.6250527,0.5049675,0.5895676,0.6034694,0.46226007,0.41517788,0.5225813,0.3907676,0.5128351,0.33108968,0.52908045,0.54651564,0.50923336,0.70279276,0.6318672,0.43763795,0.24957624,0.38062865,0.5724338,0.58550453
0.5684956,0.6658585,0.50845784,0.36154833,0.5216899,0.5670515,0.34183162,0.58947825,0.5827278,0.5808833,0.53930974,0.64049834,0.6881859,0.72892195,0.86449033,1.0,0.63169086,0.7470388,0.6656887,0.66862786,-0.28564063,0.17840283,0.61814743,0.35753572,0.42115566,0.47530234,0.34177944,0.28333667,0.7688518,0.8387762,0.3414939,0.068527795,0.71414006,0.7688688,0.43026346,0.42713535,0.26610452,0.40391544,0.67981565,0.70908374,0.56094515,0.7169943,0.40129012,0.5597752,0.18358079,0.43704298,0.4472166,0.6207355,-0.0038230205,0.25064874,-0.101608336,0.15878566,0.023284076,-0.059347577,0.6795449,0.6820244,0.50829315,0.56103456,-0.117066935,-0.07748104,0.2159049,-0.12764889,0.42322555,0.31351873,0.024871774,-0.03280602,0.35000175,0.52899265,0.5112133,0.56070477,0.42723146,0.17605731,0.6639569,0.5809775,0.64369607,0.63710093,0.09530103,-0.06696784,0.275746,0.47182813,0.67784095,0.7777707,0.8698321,0.7386257,0.5899163,0.45846486,0.51864886,0.2388109,0.61672,0.68925077,0.525765,0.6239769,0.34214848,0.33146957,0.55467826,0.5783668,0.63413006,0.61163175,0.5239018,0.6287439,0.46032053,0.30984795,0.4324572,0.23598513,0.34570107,0.14884174,0.31271425,0.34946322,0.5124086,0.6464741,0.61268413,0.44121495,0.3279593,0.4477822,0.60399115,0.57427186
0.75025576,0.68105465,0.60534084,0.52329916,0.26974884,0.5142801,0.5623945,0.64802355,0.39865232,0.5277352,0.8852024,0.8138514,0.8002548,0.7633685,0.7305542,0.63169086,1.0,0.83813715,0.80588025,0.8071575,-0.34514567,-0.012265435,0.62707764,0.39115006,0.19395195,0.27987343,-0.053202357,0.019179778,0.7828361,0.7239055,0.43284515,0.15386193,0.77678955,0.74890196,0.6150902,0.5210493,0.3253521,0.24014984,0.5632386,0.582666,0.5558708,0.70633113,0.5773221,0.59463584,0.33556768,0.47857484,0.5025119,0.59944755,0.009336529,0.3103217,-0.07701547,-0.05733616,-0.13685173,-0.36563525,0.7324767,0.6803804,0.61822337,0.7572617,-0.14229712,-0.081146844,0.42386064,-0.21555695,0.5844919,0.41789567,-0.0038780344,-0.10404563,0.55838317,0.6456154,0.6894809,0.64862144,0.5065369,0.22864401,0.6918375,0.6713875,0.5914904,0.5915666,0.068270445,0.058732424,0.49552464,0.49847043,0.85913736,0.7055816,0.66660047,0.39005107,0.6523322,0.4069793,0.3617313,-0.036008168,0.7164281,0.6883104,0.47316056,0.50400925,0.157067,0.3734708,0.37162125,0.41764072,0.6221574,0.45414126,0.57116234,0.57270616,0.51552004,0.28233963,0.48302537,0.32816228,0.47153676,0.32630634,0.5801633,0.56735086,0.42875147,0.68069094,0.6104012,0.39305723,0.17845769,0.37540224,0.5979408,0.56273943
0.8428194,0.7174413,0.7783832,0.4530178,0.46953556,0.60336787,0.50447667,0.65522844,0.47947857,0.6570512,0.7748728,0.7302748,0.77091414,0.7513246,0.8100017,0.7470388,0.83813715,1.0,0.8552268,0.8071503,-0.39899105,-0.0981512,0.6368311,0.3628715,0.42447835,0.5010771,-0.011340138,0.18669106,0.75156593,0.8233983,0.5577125,0.03950487,0.90490615,0.8636701,0.61836517,0.56195575,0.21180977,0.23803528,0.5946804,0.70024794,0.49881858,0.77418864,0.6603102,0.7330007,0.39500245,0.5356017,0.70751214,0.79637057,0.055489846,0.20102037,0.035820965,-0.065323055,-0.05412195,-0.22393504,0.8343074,0.76229113,0.7021029,0.66869366,-0.089759834,-0.098292395,0.4358958,-0.28223318,0.61898637,0.283141,0.119439185,-0.1309332,0.58613044,0.7259886,0.7051434,0.7372642,0.66942084,0.11121853,0.70281714,0.7790703,0.69151086,0.6850237,-0.06367358,0.010395182,0.38181412,0.41302586,0.87119293,0.796548,0.69607687,0.54306126,0.7508315,0.35528344,0.58593607,-0.050076228,0.7266078,0.7107063,0.6796139,0.6545922,0.39216605,0.38172618,0.5346875,0.6045074,0.78405017,0.6304354,0.74379486,0.7368094,0.5668541,0.44674575,0.622014,0.37648252,0.5608911,0.35926917,0.52738523,0.52703005,0.6002211,0.7560919,0.7738997,0.589508,0.39729562,0.5271724,0.74121475,0.75244653
0.82135224,0.68823487,0.76444864,0.5871284,0.38456193,0.57022107,0.61963356,0.7314753,0.44400492,0.5446693,0.7890493,0.7248944,0.8016699,0.7703631,0.7879447,0.6656887,0.80588025,0.8552268,1.0,0.865211,-0.34764728,0.010730758,0.74915594,0.4430343,0.2553624,0.3577973,-0.09895747,0.08077175,0.7579478,0.72123486,0.52971536,0.20227735,0.85475,0.8196353,0.68829745,0.67404014,0.33074802,0.23385113,0.6505887,0.6567964,0.57832146,0.8153216,0.6525019,0.7798284,0.39903095,0.56221825,0.6262103,0.7436131,0.037051868,0.3622636,-0.01741836,-0.04451665,-0.1490225,-0.21198481,0.8143495,0.7411004,0.6127319,0.74255276,-0.18082446,-0.025834894,0.4491684,-0.23070608,0.55821955,0.36913368,0.069189355,-0.07227793,0.64465225,0.7981475,0.8003345,0.785975,0.6428168,0.24101451,0.712776,0.6702012,0.6321561,0.56756335,0.025608573,0.07908702,0.293236,0.4174014,0.88163865,0.83312094,0.648564,0.47844818,0.74862903,0.44188935,0.43337792,-0.025018025,0.7243773,0.68702024,0.5705648,0.5432252,0.20610833,0.41965324,0.5005036,0.47404882,0.7657681,0.5329241,0.676281,0.6265912,0.5377009,0.39752594,0.62877405,0.47454908,0.61794573,0.42947137,0.63350236,0.56755835,0.58287215,0.751393,0.74712104,0.46889105,0.19219059,0.40175816,0.68200153,0.6731693
0.7705102,0.7955614,0.5940364,0.5847222,0.26525608,0.41720515,0.5438528,0.66640496,0.3117691,0.48557958,0.78080404,0.7981036,0.7361022,0.77296054,0.7041671,0.66862786,0.8071575,0.8071503,0.865211,1.0,-0.41871005,0.03038412,0.6605267,0.39412576,0.18167022,0.23573136,0.06834299,-0.016953189,0.75171155,0.74895906,0.4068072,0.19746439,0.8164818,0.85794145,0.6001554,0.51363146,0.3329875,0.27506837,0.61708826,0.7167181,0.54052764,0.77448225,0.6052484,0.7558477,0.4122758,0.5987249,0.5645626,0.69575745,0.11125001,0.4274586,0.028952867,0.07882132,-0.08801624,-0.25391254,0.7837605,0.75456434,0.67457056,0.7921529,-0.089479834,-0.019684052,0.47227156,-0.17399165,0.57097566,0.3990237,0.077254996,-0.024991658,0.64329684,0.7229865,0.8629078,0.7947795,0.43991652,0.17591776,0.64346707,0.5833741,0.54280186,0.56394976,-0.018831173,0.013281708,0.4019408,0.46484414,0.8146246,0.7740357,0.6243641,0.4632772,0.65660644,0.4453205,0.24911487,0.009091427,0.69090194,0.7048669,0.50404966,0.5025334,0.2030008,0.3719728,0.540904,0.5251889,0.742026,0.56233,0.60702693,0.6260381,0.5240566,0.2501816,0.52138764,0.32506654,0.47442287,0.30015066,0.49908996,0.46180835,0.5426152,0.6832231,0.679766,0.43040323,0.18625234,0.42129937,0.65941995,0.61418676
-0.4345565,-0.4676616,-0.28774324,-0.007042093,-0.19917077,-0.10916421,-0.018740874,-0.08482688,-0.16214162,-0.2669947,-0.3147745,-0.30066732,-0.21876715,-0.18373193,-0.19852965,-0.28564063,-0.34514567,-0.39899105,-0.34764728,-0.41871005,1.0,0.36983085,-0.026994541,0.09090531,-0.3402634,-0.2675579,0.07035226,-0.031184541,-0.2859911,-0.28513613,-0.10312454,0.12933822,-0.47730097,-0.45873532,-0.10625283,-0.040545106,0.23886552,0.08342976,-0.06213042,-0.4565263,0.033391595,-0.25971934,-0.2468042,-0.38570717,-0.28060785,-0.20658228,-0.43020895,-0.51537484,-0.18658917,-0.14101097,-0.015738612,0.06942361,-0.13885222,0.034324896,-0.36448762,-0.38197118,-0.5237462,-0.27109823,0.08647607,0.16957115,-0.38774619,0.14064747,-0.2722995,0.1961661,-0.14270827,0.27261314,-0.15045665,-0.20551233,-0.41078946,-0.3859916,-0.1660662,0.2629384,-0.16802302,-0.26763207,-0.18892251,-0.296113,0.36419344,0.33447155,-0.17064752,-0.07679264,-0.28444806,-0.33554992,-0.17879821,-0.16669895,-0.35296175,-0.0404458,-0.20666097,0.037561897,-0.17726149,-0.37034354,-0.37194735,-0.31029442,-0.30390322,-0.029488575,-0.49520797,-0.5698883,-0.5612241,-0.5840427,-0.35635483,-0.48166788,-0.13144964,-0.06254746,-0.17858016,0.07667546,-0.06668779,0.048682112,-0.01719935,-0.016036956,-0.42561495,-0.44374412,-0.5514382,-0.5032755,-0.39043254,-0.42236996,-0.5150667,-0.5153919
-0.34561354,0.023587324,-0.31482834,0.4567969,0.022446688,-0.06385843,0.31889534,0.35773516,0.28485322,-0.41605166,-0.12019404,0.22320695,0.21684155,0.39228958,0.19573574,0.17840283,-0.012265435,-0.0981512,0.010730758,0.03038412,0.36983085,1.0,0.4370297,0.42630014,-0.33061713,-0.26258534,0.24199648,0.121149994,0.32568485,-0.05475747,-0.2880777,0.48399538,-0.21697628,-0.083837256,0.16568802,0.22126417,0.3688091,0.44941914,0.33539936,-0.058346372,0.419958,0.06391092,-0.15961465,-0.077058315,-0.25655076,0.108072266,-0.3761338,-0.27375677,-0.37209854,0.28076467,-0.26870343,0.34088528,-0.27038947,0.26651666,-0.104407035,-0.073737726,-0.39084643,0.3046011,-0.27791137,0.10706419,-0.3968136,0.40526095,-0.24102738,0.60799223,-0.42504954,0.44161254,-0.044204324,0.10507662,0.010754308,-0.16551231,-0.3406516,0.66751045,0.15229648,-0.28560805,0.10603292,0.053657997,0.58842564,0.042825926,-0.1864616,0.34171218,-0.0554296,0.182263,0.280645,0.43348572,-0.28114438,0.6170411,-0.258578,0.6305311,-0.010852695,0.17502443,-0.3891568,0.052827056,-0.3517633,0.32748714,-0.1654964,-0.32829702,-0.2327161,-0.30257297,-0.34125513,-0.26395082,-0.011241929,0.07908348,-0.03606328,0.32072285,0.100474186,0.15919168,0.11772507,0.22110868,-0.19027562,-0.103225864,-0.22183226,-0.39691335,-0.4469227,-0.20492417,-0.23926634,-0.32731196
0.43931684,0.47816557,0.53203905,0.7570011,0.44547176,0.5059045,0.715395,0.8476012,0.6091227,0.20022015,0.52374166,0.6496877,0.76662284,0.8038205,0.7454842,0.61814743,0.62707764,0.6368311,0.74915594,0.6605267,-0.026994541,0.4370297,1.0,0.71451217,0.15179548,0.25504127,0.066594735,0.1501667,0.768826,0.58377254,0.40721032,0.47797236,0.5814907,0.6017195,0.67672,0.7374355,0.5108907,0.4425442,0.68231404,0.42323127,0.7131583,0.71222055,0.4703943,0.5246471,0.13319042,0.57596046,0.2703342,0.4252294,-0.15193644,0.36551517,-0.12739326,0.09130473,-0.26217934,-0.07236886,0.5724535,0.481133,0.2560811,0.7080795,-0.24149063,0.024757514,0.17560403,-0.031396545,0.35657677,0.6800262,-0.17270333,0.2266099,0.49133295,0.7002501,0.5747372,0.45199174,0.42615548,0.5848406,0.6830074,0.45454088,0.620403,0.51154983,0.3286148,0.14429271,0.19031245,0.5015903,0.71290255,0.775462,0.69527787,0.65295804,0.51706743,0.70060354,0.29197365,0.3118885,0.62413573,0.5756343,0.24619974,0.4093553,-0.068708606,0.4182046,0.25752228,0.13998735,0.45980915,0.17999332,0.33770725,0.30377936,0.3439022,0.4259185,0.4642513,0.5566334,0.5493507,0.50126725,0.59011143,0.55954915,0.31408098,0.55295444,0.4319792,0.121084586,-0.10567311,0.11348816,0.37276527,0.34570155
0.1402072,0.2874313,0.2552739,0.67623276,0.48432407,0.38779232,0.61837494,0.6306754,0.6586577,-0.12965526,0.23444532,0.503389,0.39033422,0.51922363,0.42494783,0.35753572,0.39115006,0.3628715,0.4430343,0.39412576,0.09090531,0.42630014,0.71451217,1.0,0.23099174,0.33485132,0.007732588,0.36251342,0.5250562,0.34803048,0.40578696,0.5900549,0.34027293,0.37858862,0.49780846,0.4805738,0.48792005,0.484396,0.3698672,0.21638446,0.3978204,0.33183074,0.21099459,0.23278648,-0.08898515,0.3446566,0.022990724,0.21125321,-0.27369848,0.21693937,-0.13717344,0.1392961,-0.2718651,-0.039038878,0.2887185,0.2659666,0.08292472,0.47104603,-0.35407493,-0.019631146,0.0327853,0.03323294,0.08847925,0.52703696,-0.29359812,0.1305887,0.13949087,0.41773263,0.28391734,0.14799571,0.23945875,0.5468926,0.42667502,0.22908217,0.3473278,0.4813848,0.36415377,0.26563263,0.0394492,0.40123257,0.39459255,0.54236484,0.43465522,0.5716182,0.23586208,0.5980877,0.19554499,0.53323114,0.40729013,0.3329001,0.057237387,0.18265226,-0.25736552,0.33147928,0.14011599,-0.031181335,0.24554798,-0.017142989,0.11563153,0.07310201,0.042788662,0.39481834,0.22433013,0.44920325,0.35388282,0.39538494,0.4185273,0.36729345,0.1462931,0.29644573,0.18324928,-0.05311513,-0.23262535,-0.030194188,0.23480007,0.14599678
0.4474447,0.3346369,0.50459224,-0.11406853,0.7782424,0.36831564,-0.019591969,0.12815978,0.51626897,0.40940148,0.21982078,0.152168,0.15993735,0.10951175,0.35698664,0.42115566,0.19395195,0.42447835,0.2553624,0.18167022,-0.3402634,-0.33061713,0.15179548,0.23099174,1.0,0.86337006,0.16684645,0.5123391,0.17618817,0.47174093,0.63439065,-0.12514548,0.52429914,0.45545596,0.048861943,0.014403819,-0.17400633,0.06181178,0.09049271,0.48949236,0.04757541,0.34663853,0.3563061,0.3214607,0.09674123,0.15118231,0.5018957,0.55771303,0.17975451,-0.11925446,0.22463773,-0.08092465,0.18222316,0.035016146,0.4507037,0.3929278,0.51471466,0.028532373,-0.004442006,-0.2068184,0.3511281,-0.29279453,0.39878732,-0.25212726,0.29622984,-0.3026438,0.040694512,0.17175807,0.13719308,0.23869237,0.4660718,-0.30305663,0.16846097,0.48220265,0.3377636,0.46776867,-0.3714117,-0.15890102,0.103154495,0.013463673,0.31278002,0.38021567,0.3548674,0.36471087,0.4936132,-0.009874758,0.701609,0.028093236,0.3541772,0.2575126,0.651412,0.4197724,0.53747517,0.00080768333,0.49049467,0.57610375,0.532771,0.55906427,0.49190763,0.5235087,0.16854629,0.36834398,0.29587817,0.01876286,0.14140181,0.08959653,0.009248779,-0.037436716,0.484024,0.32463026,0.5373955,0.5995343,0.57160753,0.5370726,0.5794002,0.58198947
0.50279075,0.33147112,0.5387609,0.038507793,0.80910075,0.5454507,0.10239947,0.24844356,0.6134583,0.47167417,0.26752275,0.20182765,0.2293713,0.20161991,0.45337418,0.47530234,0.27987343,0.5010771,0.3577973,0.23573136,-0.2675579,-0.26258534,0.25504127,0.33485132,0.86337006,1.0,0.12003167,0.5158589,0.23409797,0.509534,0.6899746,-0.11609217,0.5628415,0.47111085,0.17722571,0.13851458,-0.08954684,0.079312116,0.16067263,0.47271246,0.123137295,0.394804,0.4330888,0.37369263,0.13408154,0.25990683,0.54511976,0.58593655,0.022708084,-0.13942502,0.119833715,-0.15470189,0.1532687,0.014622467,0.5328939,0.39718485,0.5095652,0.13954617,-0.10051496,-0.14502914,0.41016048,-0.29283303,0.46070138,-0.12426759,0.20124246,-0.2771916,0.16451791,0.3263759,0.1758695,0.28331506,0.6002618,-0.18104495,0.30072448,0.5913209,0.4083952,0.52768475,-0.32566258,-0.02939322,0.014275189,0.023476394,0.39647496,0.41947225,0.40313002,0.43522888,0.4916525,0.014410358,0.76853055,0.03612593,0.45745203,0.2820054,0.6730133,0.4468028,0.43645388,0.023986762,0.44151145,0.4868571,0.534013,0.49667928,0.53111494,0.52248704,0.17929028,0.53012633,0.41286138,0.16230398,0.30412054,0.23172864,0.17945136,0.14955886,0.520413,0.33023864,0.530896,0.5758475,0.4720947,0.48438573,0.5988662,0.5772238
-0.08723014,0.15105312,-0.1980888,-0.10384271,0.14544058,-0.15304361,-0.22967604,-0.044826142,0.078724995,0.085344695,-0.053481,0.07562051,-0.021160245,0.096656926,0.15399976,0.34177944,-0.053202357,-0.011340138,-0.09895747,0.06834299,0.07035226,0.24199648,0.066594735,0.007732588,0.16684645,0.12003167,1.0,0.2574478,0.09061706,0.31610933,-0.039951,0.112053365,-0.04510959,0.07347517,-0.2721414,-0.20498718,0.23022895,0.16549337,0.13320911,0.15145896,0.16146263,0.08860653,-0.16067253,-0.033946253,-0.12972546,0.044922862,-0.15248638,-0.06598275,0.07451525,0.17400666,0.13014297,0.22852446,0.26783606,0.07866023,0.037229918,0.08109457,0.10189406,-0.05406079,0.15818252,0.025143236,-0.022204265,0.09044558,0.077835545,0.09297577,0.12484848,0.17570764,-0.14229478,-0.12977886,-0.063695826,-0.017549317,-0.18957084,-0.12623563,0.016344601,-0.044318654,0.007894846,-0.018294217,0.13879372,0.15788692,0.24154136,0.28522304,0.02045961,0.08751219,0.27992857,0.17683169,0.083576135,-0.007686706,-0.0685276,0.14772743,0.15377404,-0.059085753,0.06487342,-0.048705246,0.11947066,-0.121796474,0.18154478,0.14371783,-0.08497395,0.08032441,-0.118552804,-0.013022737,0.058230788,-0.17030057,-0.16159774,-0.23559476,-0.27788222,-0.27809602,-0.25265795,-0.18769877,0.08013778,-0.2027207,-0.10821799,-0.10687476,0.04687753,-0.0050270986,-0.034812465,-0.14125994
0.02399848,0.113934524,0.075704016,0.084544115,0.5540908,0.2683481,0.12694827,0.12397132,0.5586514,-0.01004742,-0.0770834,0.10825292,-0.023422923,0.15359816,0.1954249,0.28333667,0.019179778,0.18669106,0.08077175,-0.016953189,-0.031184541,0.121149994,0.1501667,0.36251342,0.5123391,0.5158589,0.2574478,1.0,0.14464933,0.1874537,0.25488165,0.19641636,0.17424436,0.19971752,0.0310569,0.02191954,0.11160477,0.30961338,0.11805036,0.23990002,0.0054669506,0.060727686,-0.007764755,0.083013184,-0.25483322,-0.022546573,0.059141293,0.20173737,-0.1843756,0.034620773,0.026785167,0.1322435,-0.073208176,0.19202523,0.08551371,0.19823195,0.08680069,-0.014801403,-0.18844014,-0.12418302,-0.0865307,0.06768734,-0.06366562,0.0136203645,-0.028141992,-0.03842997,-0.18756744,0.014670462,-0.08309021,-0.07191722,0.1594716,0.09459171,0.13359502,0.10603565,0.12567016,0.3197807,0.11385755,0.07426103,-0.13212599,0.15158525,0.02633398,0.28542674,0.27208066,0.4406038,0.11898172,0.19878009,0.40230078,0.47467494,0.16925496,0.1465713,0.22897398,0.23111165,0.14397952,0.17676054,0.28462228,0.17753299,0.18363236,0.20227827,0.108539216,0.13749775,0.05274168,0.33399862,0.069832206,0.092535764,0.062298395,0.06656672,0.017405448,0.024220796,0.21420741,0.07192199,0.17255689,0.137159,0.15792866,0.22983028,0.22839653,0.16750842
0.5527266,0.6806473,0.48245272,0.6136953,0.40906313,0.47431758,0.59278715,0.7648094,0.6012297,0.32165417,0.6805429,0.80494255,0.87731975,0.88830125,0.847181,0.7688518,0.7828361,0.75156593,0.7579478,0.75171155,-0.2859911,0.32568485,0.768826,0.5250562,0.17618817,0.23409797,0.09061706,0.14464933,1.0,0.73144215,0.26008236,0.30704516,0.68433404,0.7119173,0.6225677,0.56748044,0.38371146,0.39600858,0.68294543,0.5968443,0.6643559,0.7015342,0.46888095,0.5354879,0.2193853,0.5028005,0.37558562,0.52355075,-0.15161237,0.41809544,-0.14866884,0.12537922,-0.19734968,-0.07201794,0.6529487,0.6242399,0.41902333,0.79413897,-0.2136357,-0.0067292475,0.19332698,0.021424541,0.38855857,0.5881546,-0.14502962,0.16520362,0.47197235,0.6164822,0.6283643,0.522547,0.341811,0.45506456,0.74755794,0.5130786,0.6622685,0.62481594,0.32176048,-0.009292297,0.32453653,0.5551007,0.77178323,0.80918396,0.8146181,0.6757762,0.5147352,0.64589167,0.3627724,0.32203686,0.5986026,0.76003593,0.3235091,0.5925164,0.110307135,0.4608484,0.37682253,0.3727884,0.5795448,0.4136406,0.43622178,0.49439743,0.35151508,0.33822313,0.3883451,0.38338947,0.44558966,0.3079054,0.51162136,0.53763205,0.3711937,0.67693144,0.5499366,0.30272976,0.13405798,0.30501744,0.51226574,0.48014238
0.7343958,0.73251426,0.64041173,0.3376109,0.4668777,0.48930934,0.32152188,0.55514604,0.45419195,0.6552745,0.6866116,0.70001024,0.68507165,0.66650075,0.8384875,0.8387762,0.7239055,0.8233983,0.72123486,0.74895906,-0.28513613,-0.05475747,0.58377254,0.34803048,0.47174093,0.509534,0.31610933,0.1874537,0.73144215,1.0,0.5184175,0.025182348,0.81162155,0.8074549,0.42371356,0.41062352,0.30742034,0.26550266,0.5918444,0.6959358,0.5426549,0.7578248,0.4881841,0.63467866,0.32134277,0.5184449,0.5636116,0.70978117,0.15704226,0.23262806,0.14809561,0.09419366,0.052230723,-0.2180634,0.7633653,0.7319185,0.71907437,0.5345781,0.0018138431,-0.04280807,0.44098333,-0.22821955,0.58243173,0.24561107,0.22546636,-0.08267485,0.45163897,0.56867427,0.6073104,0.65698236,0.5383943,-0.0033314668,0.6493221,0.6968929,0.6526527,0.63523906,-0.022160476,0.11361228,0.46383196,0.5113873,0.8032349,0.74214935,0.78980744,0.53380376,0.7536001,0.27564698,0.5136261,-0.025035592,0.7132963,0.5649805,0.65109366,0.5270964,0.38528442,0.26592484,0.5489979,0.61747193,0.689543,0.6238312,0.64826983,0.6648064,0.46797928,0.26967064,0.44789657,0.16012286,0.33103654,0.14515829,0.36214435,0.33859277,0.56072426,0.6438027,0.64748824,0.51408035,0.39068705,0.44357097,0.6642833,0.62159866
0.6345796,0.3843661,0.6909455,0.19729276,0.6173358,0.4308649,0.23676187,0.33383393,0.42077747,0.50376666,0.47565922,0.29933432,0.31572202,0.2507347,0.4256669,0.3414939,0.43284515,0.5577125,0.52971536,0.4068072,-0.10312454,-0.2880777,0.40721032,0.40578696,0.63439065,0.6899746,-0.039951,0.25488165,0.26008236,0.5184175,1.0,0.12772377,0.65286034,0.52172464,0.27831957,0.27706724,0.10593319,0.051496755,0.19804452,0.45214128,0.1698655,0.5043384,0.48640692,0.48383474,0.1912469,0.29536152,0.55703336,0.613553,0.18795401,-0.085016124,0.29834712,-0.23933206,0.011377037,-0.15837616,0.54629225,0.44992352,0.5824625,0.2436243,0.02276536,-0.046927456,0.5262369,-0.3109339,0.47079897,-0.020923914,0.26815745,-0.19444458,0.31320694,0.4176194,0.3353357,0.40752983,0.6609471,-0.1603715,0.33686092,0.621273,0.39217663,0.4452465,-0.28856128,0.16473542,0.29208878,0.11135118,0.5391988,0.47260153,0.35221672,0.18368131,0.6534022,-0.0026744676,0.60857344,-0.25014123,0.53367794,0.19768168,0.6386268,0.29433954,0.34532493,0.1353886,0.46642336,0.43413746,0.5741161,0.411863,0.5772296,0.48504898,0.25659573,0.46346107,0.41765475,0.22219129,0.35691532,0.2883616,0.27219418,0.1772835,0.5154786,0.38884372,0.56959945,0.49689317,0.37726957,0.40978128,0.59683186,0.6031966
