1.0,0.8115996,0.629096,0.6774771,-0.21839818,-0.55017453,0.7368414,0.4713492,-0.19095239,-0.5672397,0.5360831,0.51699245,0.42061126,0.37922153,-0.36172533,-0.5181206,0.42262727,0.65186435,0.79240406,0.78895867,-0.5294499,-0.5477964,0.24803682,0.2904573,-0.422823,-0.43061954,-0.55810565,-0.54723537,0.35623968,0.1363168,0.046068985,-0.06640727,0.6548977,0.5657484,0.47017133,0.5116248,0.10978823,0.23516802,0.33120582,0.10120605,-0.24932733,-0.5584386,0.5483031,0.5129525,0.6611297,0.60478723,0.43349195,0.39154878,0.597593,0.6943767,0.6379051,0.6263087,0.23034157,0.35976207,0.14101842,0.2391311,0.863591,0.8053255,0.5215591,0.65325993,0.7885233,0.74068344,0.6811212,0.7612515,0.6817685,0.6970793,0.74960357,0.6942275,0.7497556,0.7311342,0.1425651,0.23839812,0.30884114,0.3095991,0.24324821,0.061800066,0.3164796,0.47802398,0.5092573,0.59650487,0.05796383,0.3301692,-0.56973934,-0.40395242,-0.15797195,0.1242779,-0.22030547,-0.5264725,-0.24331896,-0.057766683,0.3447318,0.33721414,-0.21855974,0.024215976,0.15510863,-0.05243969,0.37080336,0.4532554,-0.024496809,0.23846352,-0.28416756,-0.097096235,0.2052553,-0.16829023,0.04295097,-0.016844645,0.5488536,0.53521633,0.32391804,0.2873122,0.37236232,0.07112533,-0.14084944,-0.10323899,-0.0064511616,0.3068582
0.8115996,1.0,0.5120888,0.6508555,-0.25205523,-0.72616893,0.62863284,0.35400218,-0.19277582,-0.7127736,0.43913755,0.50124806,0.299882,0.30448318,-0.33262914,-0.67285043,0.30192992,0.64552784,0.79280424,0.7870101,-0.50548303,-0.6866502,0.0979086,0.15414119,-0.5896791,-0.59691745,-0.6500437,-0.68169105,0.3171896,0.038070705,-0.08977557,-0.222903,0.50080764,0.50188154,0.34990424,0.40858895,0.04563361,0.27162322,0.32898945,0.15443999,-0.32307658,-0.6208883,0.44343063,0.4105423,0.7341486,0.7013144,0.3214805,0.30036315,0.65863943,0.7841057,0.5626471,0.67940754,0.060983095,0.32816583,0.014468154,0.29381472,0.766811,0.868506,0.63262683,0.78866065,0.77844435,0.8274996,0.52363193,0.8455914,0.66600007,0.79706544,0.8132748,0.7212426,0.8449755,0.7916149,0.07052417,0.17933795,0.31506795,0.26556015,0.23804574,-0.031333767,0.24639286,0.4314597,0.44671348,0.5255972,-0.18987396,0.3020477,-0.74506044,-0.5109706,-0.4254391,0.21002565,-0.38238794,-0.6315863,-0.3026646,0.044049203,0.20168231,0.2457117,-0.42025813,-0.09277846,0.040053878,-0.08518976,0.24531963,0.36942086,-0.045816973,0.22929366,-0.50366926,-0.13625526,-0.022205243,-0.32174355,-0.13327904,-0.1676957,0.50716513,0.63993996,0.31372732,0.17134038,0.27677742,0.08160273,-0.30444115,-0.23618865,-0.19130942,0.27600908
0.629096,0.5120888,1.0,0.8395439,0.034275636,-0.18986717,0.8085647,0.77523243,0.012778797,-0.20689915,0.5442642,0.5499771,0.5838925,0.5290803,0.02142104,-0.0732212,0.5446493,0.52344847,0.6082526,0.62975305,-0.25008678,-0.16292945,0.7437908,0.7574803,-0.061252113,-0.0374884,-0.2730828,-0.17753811,0.5292049,0.3953251,0.5051524,0.3801694,0.6954305,0.68974143,0.5533579,0.5851998,0.26507017,0.24899127,0.339917,0.09270555,0.057564445,-0.15331198,0.48296225,0.4132295,0.35011134,0.3286479,0.37072974,0.32758826,0.16292079,0.30444986,0.40859684,0.27047306,0.19632214,0.1915177,0.21993582,0.124963015,0.6326859,0.471562,0.06911753,0.2632273,0.40302253,0.3692735,0.41977316,0.48174092,0.35139766,0.37706134,0.38825223,0.47064027,0.4826642,0.41787842,0.45723963,0.5095327,0.45579785,0.47076702,0.37093776,0.34444302,0.42224652,0.46651313,0.52132213,0.54893,0.3172023,0.43100008,-0.1404799,-0.0006071697,0.09075566,-0.0044559534,-0.017189262,-0.238788,-0.07357592,-0.13899188,0.4404418,0.44067,0.11741526,0.28835413,0.15572293,-0.09978217,0.37319645,0.36201146,0.22091986,0.42554596,0.065679364,0.25923008,0.35246468,0.18612261,0.18458264,0.22778733,0.6200262,0.37201554,0.2424224,0.23915929,0.41621765,0.22518665,0.059121877,0.15714042,0.28715378,0.24264975
0.6774771,0.6508555,0.8395439,1.0,-0.08278583,-0.40857866,0.78278476,0.7852408,-0.08124669,-0.41265234,0.5610791,0.658393,0.58684635,0.568853,-0.039908838,-0.24284777,0.5174431,0.61500776,0.7001645,0.6743025,-0.37662008,-0.32011887,0.66294813,0.642641,-0.28613412,-0.2511301,-0.42953134,-0.33146808,0.52971536,0.36810932,0.4004561,0.28039113,0.6844232,0.7370112,0.53982455,0.57935834,0.29855505,0.35457075,0.4193736,0.2268273,-0.021165062,-0.2762974,0.5077986,0.46295133,0.49772978,0.5019318,0.46501133,0.425851,0.37162238,0.4547103,0.44814974,0.46777856,0.15352945,0.32946515,0.27982038,0.34175828,0.67547,0.6279503,0.24051827,0.44658735,0.5430897,0.49783763,0.42594332,0.63755673,0.4229121,0.5300825,0.5764718,0.61624557,0.6104176,0.55750334,0.43468547,0.52187365,0.50684047,0.50352097,0.35665432,0.28888768,0.43672296,0.52130806,0.513186,0.55865747,0.19081032,0.47160912,-0.3336219,-0.13322787,-0.058003597,0.18108483,-0.20341681,-0.38362956,-0.12125476,0.020166725,0.30059275,0.3582752,-0.04090332,0.18108784,0.24964982,0.036903977,0.45434985,0.48273882,0.2733374,0.45652458,-0.06913233,0.26174328,0.23859303,0.09688525,0.1960461,0.21791868,0.6110162,0.5299172,0.35886523,0.29500434,0.4415745,0.2617508,-0.0503416,0.055886913,0.19207641,0.37835622
-0.21839818,-0.25205523,0.034275636,-0.08278583,1.0,0.5518982,-0.120595664,0.14967082,0.6403674,0.5505113,0.091674656,0.16361284,0.045537498,0.27400762,0.47263932,0.43580133,0.2035315,0.04906023,-0.23752595,-0.15426223,0.6613656,0.50204843,0.117017895,0.20953798,0.57983696,0.5745185,0.5787213,0.55433893,0.14886029,0.3804225,0.39053926,0.4598431,0.02834974,0.033558987,0.11745973,0.023724109,0.2969441,0.319281,0.21979196,0.29653433,0.6688783,0.5099451,-0.059342925,-0.09058435,-0.2950453,-0.33443782,0.012844415,0.029789839,-0.35551533,-0.30520418,-0.2505188,-0.36672708,-0.11288868,-0.15713677,0.25313535,-0.033674307,-0.21313435,-0.24923308,-0.2657416,-0.3398045,-0.35900286,-0.38393438,-0.23161931,-0.30188203,-0.34679317,-0.38000003,-0.30305442,-0.12930158,-0.330856,-0.36369535,0.3664273,0.34036952,0.1518843,0.11406334,0.07075907,0.44513714,0.20417315,0.12642512,0.10524009,0.029594528,0.22735088,0.2733356,0.53434825,0.6211677,0.3341551,0.19903001,0.512499,0.5659715,0.4366726,0.10947837,0.02050886,-0.12216143,0.33530182,0.12218973,0.1381642,0.1982254,0.030941516,-0.012090663,0.108757526,0.0144555485,0.18903935,0.26768792,0.14242439,0.3950952,0.20275332,0.20275745,-0.004091116,-0.121514015,0.009555001,0.07692688,0.07797992,0.11595399,0.05039237,0.16628991,0.17424661,-0.10297924
-0.55017453,-0.72616893,-0.18986717,-0.40857866,0.5518982,1.0,-0.4120378,-0.025097094,0.36405486,0.88851804,-0.20644128,-0.21153988,-0.13699116,-0.0012601293,0.34472653,0.81485784,-0.02048009,-0.37103555,-0.61088526,-0.5583564,0.6315369,0.83667225,0.11778285,0.16624469,0.8611614,0.8773366,0.77302015,0.84023505,-0.10299825,0.27000394,0.40131298,0.519034,-0.23386787,-0.25741038,-0.060256887,-0.14539783,0.037971973,-0.10464218,-0.21948567,-0.11603471,0.55475897,0.7337738,-0.187885,-0.1994886,-0.6556143,-0.6709052,-0.15715234,-0.17332894,-0.6614039,-0.6563636,-0.3505381,-0.61344427,0.12834004,-0.20207626,0.058861557,-0.3927978,-0.5636648,-0.7054376,-0.6930574,-0.79066217,-0.6978578,-0.74595094,-0.33211917,-0.6980819,-0.57763594,-0.71496826,-0.75573915,-0.5941678,-0.7406836,-0.75047994,0.16983512,0.10521873,-0.15079832,-0.048910804,-0.12149057,0.34836593,-0.014562549,-0.17514324,-0.15213878,-0.26006776,0.33835214,0.021236911,0.864307,0.77664596,0.5728014,-0.06734288,0.7016486,0.7958046,0.36355913,-0.1722251,0.116491996,-0.04016756,0.6456583,0.3131897,-0.031556588,0.009024529,-0.16501325,-0.26381332,0.043662935,-0.14436641,0.536041,0.19534315,0.28809497,0.52179027,0.2604146,0.29237196,-0.28056037,-0.5843127,-0.28858522,-0.07369801,-0.09138627,-0.03660089,0.3994388,0.41960862,0.4357094,-0.32891154
0.7368414,0.62863284,0.8085647,0.78278476,-0.120595664,-0.4120378,1.0,0.67934537,-0.11293409,-0.40843388,0.6497146,0.569042,0.6607878,0.5424722,-0.016984025,-0.3011005,0.5747175,0.6049443,0.6664098,0.67650247,-0.36668587,-0.4273437,0.5643553,0.58447784,-0.33329415,-0.3177718,-0.39854383,-0.38347554,0.5747233,0.29775372,0.28812787,0.17283013,0.6921942,0.64605767,0.529449,0.55814797,0.35113522,0.35092428,0.45150107,0.22473633,-0.0581917,-0.33898363,0.48951316,0.42798007,0.47647092,0.5048318,0.40493727,0.37535444,0.36982703,0.44507328,0.41650414,0.38389206,0.067545846,0.15885742,0.27860904,0.29022306,0.7537711,0.6081516,0.34453726,0.47438076,0.5905055,0.52654386,0.508402,0.6229148,0.4912158,0.51698107,0.59481937,0.6267026,0.59359515,0.5787131,0.42171326,0.45230934,0.49607942,0.43772414,0.48396417,0.24870582,0.46352014,0.53388274,0.5964994,0.6003849,0.30928272,0.39657477,-0.36589333,-0.25596324,-0.00065386394,0.05014161,-0.2112102,-0.44371286,-0.096342795,-0.016024664,0.24236499,0.25865397,-0.14988218,0.0056447596,0.2587457,0.05259403,0.44423476,0.44008496,0.12203992,0.31728715,-0.113567956,0.12659137,0.17643891,-0.054151952,0.09083304,0.06844833,0.5420176,0.480816,0.36057812,0.30372503,0.41543323,0.10846508,-0.12578021,-0.09199521,0.020370044,0.34949738
0.4713492,0.35400218,0.77523243,0.7852408,0.14967082,-0.025097094,0.67934537,1.0,0.035596866,-0.052320976,0.61975634,0.73653585,0.6514389,0.7480801,0.14085884,0.12986635,0.65539783,0.5948803,0.40767372,0.43868768,-0.14315622,0.010195785,0.74957615,0.7917891,0.038414538,0.12185426,-0.101477735,0.04464159,0.63442117,0.6182489,0.65153486,0.60804754,0.64483875,0.71741235,0.6309617,0.6241683,0.44918284,0.43445966,0.41037175,0.25062647,0.2568222,0.030580087,0.56593186,0.5266934,0.23429488,0.29779622,0.5398419,0.50586987,0.14107056,0.21116017,0.33544773,0.2736588,0.27069342,0.33601058,0.42289677,0.2811752,0.45954335,0.38385233,-0.07096831,0.1014071,0.26472378,0.1472926,0.3407517,0.42427635,0.17039758,0.2547826,0.30309752,0.43788722,0.28158426,0.25983778,0.6410762,0.70913947,0.5807239,0.6116002,0.42513788,0.57794726,0.6040621,0.6053501,0.58408624,0.57471013,0.45090416,0.6473655,0.023538575,0.2212543,0.24886915,0.2801651,0.078969225,-0.05873208,0.014767502,-0.044443827,0.35963768,0.37772885,0.2553811,0.36064196,0.3719379,0.13935883,0.53323424,0.5085795,0.3404677,0.4731572,0.20881929,0.40655062,0.4373473,0.39314473,0.3859481,0.4228105,0.5612985,0.35687426,0.28585413,0.38921332,0.54113305,0.29615405,0.14975774,0.27013433,0.44333288,0.29088932
-0.19095239,-0.19277582,0.012778797,-0.08124669,0.6403674,0.36405486,-0.11293409,0.035596866,1.0,0.42232063,0.031543568,0.069993764,-0.04513005,0.13634162,0.50997716,0.24947254,0.046036128,0.009940107,-0.26793313,-0.17937127,0.6259494,0.45615643,0.07184986,0.13510975,0.48279414,0.40032533,0.4262992,0.40852898,0.03006651,0.19529006,0.30481467,0.30836222,-0.092227355,-0.06696394,-0.0067317104,-0.057824846,0.1967299,0.17536765,0.22792228,0.19034056,0.50070363,0.40497145,-0.15050878,-0.17760706,-0.22464843,-0.28387228,-0.060377624,-0.070279896,-0.28789213,-0.21998787,-0.21594857,-0.37944093,-0.17762512,-0.22166015,0.18168168,-0.03193255,-0.16307022,-0.1911872,-0.16460194,-0.23411733,-0.26790065,-0.28872362,-0.22858143,-0.2456341,-0.24437974,-0.31430203,-0.245484,-0.08564865,-0.27389848,-0.2710845,0.27263722,0.23194748,0.064768,-0.0073422594,0.111426905,0.20777123,0.0038136118,0.0035039654,-0.039541855,-0.05669725,0.11138927,0.13382076,0.3857501,0.4372923,0.2477581,0.13994245,0.2725101,0.47680584,0.4788389,0.12622407,-0.073706,-0.2968202,0.08949826,-0.051959172,0.029485961,0.09391844,-0.07376496,-0.13207564,0.08885047,-0.022880005,0.10932132,0.14854807,-0.060435526,0.16991663,-0.025624461,-0.04661383,-0.0445267,-0.13906738,-0.10954078,-0.12023971,0.015492394,0.13645671,-0.07151573,0.02846934,-0.017387733,-0.13071868
-0.5672397,-0.7127736,-0.20689915,-0.41265234,0.5505113,0.88851804,-0.40843388,-0.052320976,0.42232063,1.0,-0.20414615,-0.21264262,-0.14372617,-0.010013097,0.4058381,0.7801995,-0.046468355,-0.37833405,-0.6219158,-0.5586574,0.67191607,0.815926,0.08606271,0.12730873,0.8354861,0.834363,0.77528507,0.8282454,-0.11505418,0.23774783,0.36169514,0.4697221,-0.2605016,-0.26493752,-0.10468132,-0.19713825,0.044410985,-0.09940727,-0.18970619,-0.09805648,0.54704225,0.75174785,-0.26441243,-0.2745537,-0.6407008,-0.6698614,-0.22533752,-0.24769108,-0.6727718,-0.65401715,-0.40943846,-0.6259431,0.014764283,-0.27493125,0.010070917,-0.38080782,-0.56752473,-0.6865665,-0.6279413,-0.77746665,-0.6885503,-0.73590785,-0.39204884,-0.69830346,-0.58670515,-0.71124774,-0.7401088,-0.5777449,-0.7396133,-0.7492257,0.15204613,0.079012185,-0.14508094,-0.07587568,-0.09921941,0.32002476,-0.05898877,-0.22338942,-0.18125188,-0.2958274,0.28049356,-0.022833074,0.8396087,0.7499975,0.50662285,-0.06387455,0.6267521,0.79730725,0.38689882,-0.12754966,0.02558472,-0.12700218,0.5689291,0.25377223,-0.09569159,-0.0019080389,-0.23275307,-0.33775875,0.0077433377,-0.19854516,0.48980355,0.15821655,0.18382989,0.45954338,0.15964232,0.20773955,-0.3111391,-0.5733469,-0.33411476,-0.15203169,-0.14687599,-0.07097611,0.30373684,0.32244292,0.33137384,-0.37779304
0.5360831,0.43913755,0.5442642,0.5610791,0.091674656,-0.20644128,0.6497146,0.61975634,0.031543568,-0.20414615,1.0,0.7755724,0.8275598,0.75871277,0.21021196,-0.045682494,0.80245966,0.7624749,0.3260286,0.3892916,-0.16185193,-0.21695387,0.47481313,0.46102577,-0.11736919,-0.1049689,-0.18175776,-0.12698475,0.80378515,0.61614704,0.45478928,0.41183138,0.48342207,0.49512547,0.5825963,0.53986853,0.59267706,0.5588804,0.59535545,0.38359192,0.21079963,-0.059197135,0.5534017,0.5256898,0.37536806,0.3912733,0.49499688,0.4796452,0.28759745,0.32452545,0.3658427,0.36205497,0.068733245,0.2618373,0.36125,0.35406592,0.54707193,0.49871883,0.18295027,0.27851543,0.35897508,0.27061602,0.37316903,0.4987122,0.3059468,0.3613122,0.42469054,0.4733798,0.31788015,0.33149236,0.6771454,0.70716006,0.7485705,0.7128059,0.6310872,0.5582729,0.682302,0.68344355,0.75301456,0.6849673,0.45348912,0.5851371,-0.1333824,0.0254574,0.17382574,0.25733513,-0.061808955,-0.16977179,-0.091612056,0.019248663,0.20597172,0.20097901,0.011798875,0.14638552,0.41729933,0.2027453,0.5283502,0.52204204,0.089800306,0.24398534,0.06779383,0.34144998,0.31461552,0.18989111,0.25702286,0.18105495,0.53898,0.47419706,0.3426292,0.420902,0.46220946,0.09375523,-0.093383364,0.062311403,0.12662952,0.2888714
0.51699245,0.50124806,0.5499771,0.658393,0.16361284,-0.21153988,0.569042,0.73653585,0.069993764,-0.21264262,0.7755724,1.0,0.6596556,0.8367643,0.11104446,-0.058480527,0.722113,0.8368675,0.3861218,0.39571115,-0.1853161,-0.15041359,0.48076022,0.46820846,-0.10897922,-0.06624003,-0.170889,-0.0747413,0.73156786,0.73110586,0.5215055,0.48729074,0.5462192,0.5754749,0.6712365,0.6447399,0.6102087,0.65240866,0.62288517,0.4908898,0.3019264,-0.038018554,0.6047281,0.6105622,0.39415944,0.41075194,0.5823988,0.58975416,0.3378582,0.38661444,0.39328742,0.45903662,0.14289363,0.37327093,0.47304025,0.46652675,0.5259098,0.54314685,0.16783099,0.30327773,0.40809458,0.26263592,0.39380372,0.549298,0.3077375,0.3778498,0.4654613,0.57108027,0.33613616,0.3386764,0.67670876,0.7778174,0.6904704,0.76282156,0.54131913,0.6436286,0.71321386,0.77268857,0.7273898,0.73429894,0.37748656,0.7472523,-0.16801794,0.14712904,0.17229581,0.43265045,-0.03231191,-0.17295477,-0.00044970957,0.04991058,0.21741685,0.18742988,0.05387813,0.11223627,0.5036757,0.2976435,0.5844076,0.6407934,0.20218162,0.32495648,0.013369471,0.34060293,0.305015,0.2329573,0.3196549,0.28825945,0.53674465,0.49252057,0.43828046,0.5027797,0.54680145,0.23493531,-0.0686599,0.08617484,0.21006288,0.37685302
0.42061126,0.299882,0.5838925,0.58684635,0.045537498,-0.13699116,0.6607878,0.6514389,-0.04513005,-0.14372617,0.8275598,0.6596556,1.0,0.75962543,0.29476058,0.09400733,0.80983967,0.6350516,0.26101762,0.30446365,-0.15935977,-0.15452994,0.60720223,0.5774339,-0.091730826,-0.0669838,-0.15600762,-0.091177784,0.82694244,0.6010312,0.5187998,0.4838847,0.44183418,0.47811136,0.5916011,0.5227681,0.61596274,0.4998628,0.5542468,0.3465354,0.17082123,0.03251111,0.5821826,0.5225618,0.30444694,0.339251,0.531297,0.49312016,0.21907757,0.19762588,0.3007627,0.31491032,0.058955885,0.27293074,0.39067674,0.35889205,0.4687494,0.3835177,0.055378817,0.20007223,0.2521961,0.19456647,0.29705176,0.41757503,0.2129164,0.31806728,0.3460042,0.37117818,0.27050146,0.2324901,0.6877408,0.7012083,0.77479076,0.73764235,0.661508,0.5727634,0.6693997,0.61035603,0.73213834,0.6261002,0.529839,0.5402103,-0.04454187,0.05650138,0.2093537,0.22501129,-0.10619412,-0.13946623,-0.13586791,-0.011917479,0.21625525,0.26062512,0.0898813,0.23945965,0.46360755,0.21630026,0.58655626,0.53070396,0.14393091,0.28194737,0.2256206,0.48974368,0.39017522,0.26765454,0.3742716,0.29490292,0.5499417,0.42341575,0.30297062,0.45093146,0.46443942,0.047495496,0.02486884,0.18225366,0.22421749,0.34904107
0.37922153,0.30448318,0.5290803,0.568853,0.27400762,-0.0012601293,0.5424722,0.7480801,0.13634162,-0.010013097,0.75871277,0.8367643,0.75962543,1.0,0.27962366,0.17792037,0.7794934,0.7454777,0.22668768,0.28292638,-0.029045263,0.002282148,0.53001595,0.5708535,0.056840114,0.09647842,0.0019305473,0.09151535,0.7785158,0.7811458,0.62387604,0.6145527,0.47251007,0.4954896,0.63659126,0.56177336,0.62671214,0.6042052,0.5606194,0.43546075,0.3811458,0.1334459,0.6205916,0.5767611,0.23030673,0.2719979,0.5701684,0.56774133,0.21321051,0.2086865,0.30705893,0.31118935,0.13839407,0.35539147,0.48244044,0.37912875,0.41045424,0.37454528,0.01857108,0.14526734,0.21484682,0.102920264,0.30012006,0.39697468,0.17997026,0.24098991,0.28540164,0.3995168,0.18682909,0.16349731,0.7225559,0.7905268,0.7262361,0.7874165,0.5843084,0.7323166,0.7270817,0.7042536,0.7379598,0.67897856,0.4952004,0.7067923,0.027624045,0.27073997,0.28398004,0.37954074,0.055215154,-0.0031900024,0.019021263,-0.002170728,0.23524721,0.2165804,0.17376831,0.22486903,0.503727,0.28045878,0.5848774,0.5797033,0.16893122,0.29137948,0.17548205,0.46448666,0.39472988,0.3511012,0.41119775,0.34361207,0.50137734,0.41379282,0.33954453,0.5123007,0.5197025,0.1696571,0.036142718,0.21513225,0.29567936,0.32073307
-0.36172533,-0.33262914,0.02142104,-0.039908838,0.47263932,0.34472653,-0.016984025,0.14085884,0.50997716,0.4058381,0.21021196,0.11104446,0.29476058,0.27962366,1.0,0.47637865,0.2938918,-0.003402769,-0.34848776,-0.23354742,0.60667896,0.40086,0.23712353,0.25715366,0.30835617,0.29899603,0.4685725,0.45544222,0.36003038,0.31728598,0.33046496,0.38503656,-0.07758275,0.081688926,0.043126635,-0.050095655,0.5225269,0.41161177,0.40752086,0.4462962,0.54274005,0.6098817,-0.13267459,-0.17589502,-0.2666838,-0.21837927,0.011218036,0.015094888,-0.3150798,-0.38718048,-0.451584,-0.42847812,-0.39967528,-0.2631411,0.31780133,0.2387497,-0.26431477,-0.25826797,-0.28367594,-0.3543878,-0.43224183,-0.42562887,-0.44279748,-0.25225863,-0.44851038,-0.34788787,-0.28905654,-0.12261568,-0.33137774,-0.33041456,0.53510904,0.4062389,0.40770516,0.23185414,0.39505708,0.43366188,0.23650089,0.075795054,0.10344428,-0.06294138,0.28880087,0.23757201,0.47113094,0.49775755,0.22644213,0.19902895,0.03299961,0.4411415,0.43459043,0.29441586,-0.31584737,-0.3306812,0.0513009,0.01424073,0.22625166,0.3300826,0.13989542,0.009067377,0.26432294,0.13008939,0.25278768,0.45874137,-0.056948632,0.36308762,0.19663933,0.19835481,-0.004141645,0.030641286,0.030242784,0.021653362,0.1035583,0.11616138,-0.08406191,0.024053704,0.070476055,0.085015684
-0.5181206,-0.67285043,-0.0732212,-0.24284777,0.43580133,0.81485784,-0.3011005,0.12986635,0.24947254,0.7801995,-0.045682494,-0.058480527,0.09400733,0.17792037,0.47637865,1.0,0.1452691,-0.23329681,-0.5531841,-0.5134634,0.5024618,0.8114418,0.3038059,0.30781552,0.75125337,0.7931352,0.6778092,0.80062073,0.101957016,0.43326676,0.52164584,0.6145559,-0.15176992,-0.1164309,0.06616632,-0.032673787,0.2053781,-5.361293e-05,-0.084737726,-0.014560027,0.5297611,0.79291326,-0.016347425,-0.04620341,-0.6319449,-0.5777595,0.0036869552,-0.010908982,-0.5761099,-0.66377175,-0.29714254,-0.48683795,0.14787394,-0.09944504,0.1525736,-0.24418025,-0.4928971,-0.6214587,-0.7605,-0.7926934,-0.66051,-0.7367731,-0.3107926,-0.5825936,-0.5517181,-0.62961054,-0.7016658,-0.5608003,-0.6739491,-0.73553103,0.31674913,0.27197525,0.056709137,0.21506952,0.043034516,0.50417936,0.111822695,-0.0755317,-0.016876955,-0.12596068,0.44700465,0.14670585,0.84821194,0.81467617,0.59082705,-0.027509695,0.53115976,0.69637036,0.25973088,-0.23589657,0.14082743,0.07098159,0.63706803,0.42849794,0.1200403,0.07494824,0.028431935,-0.079914145,0.109156,-0.03061486,0.6409208,0.441123,0.3904784,0.64916503,0.42438543,0.45408124,-0.09364443,-0.3740194,-0.16058375,0.06671492,0.046142712,-0.030893074,0.45263076,0.54702026,0.5623088,-0.14076637
0.42262727,0.30192992,0.5446493,0.5174431,0.2035315,-0.02048009,0.5747175,0.65539783,0.046036128,-0.046468355,0.80245966,0.722113,0.80983967,0.7794934,0.2938918,0.1452691,1.0,0.72509384,0.2729112,0.34671798,-0.047823686,-0.036531277,0.5245408,0.5507753,0.023882244,0.06706742,-0.07859169,0.04585422,0.8441659,0.7305448,0.561851,0.55119324,0.54926187,0.5670347,0.7047452,0.6454383,0.67433095,0.6158904,0.5973112,0.41633293,0.32405132,0.124932416,0.62880987,0.62862426,0.313113,0.3287433,0.58657104,0.58250636,0.2083556,0.23422694,0.31526536,0.28327587,0.14033158,0.2968579,0.46800977,0.36119175,0.45327485,0.385943,0.022367667,0.14034754,0.24394184,0.14520682,0.37865752,0.4336681,0.2172106,0.2789222,0.33294863,0.4356766,0.2502265,0.22322384,0.7585918,0.78132254,0.7999664,0.77854043,0.6261125,0.720501,0.82170343,0.7340311,0.8408522,0.71011865,0.6352939,0.76473224,0.05388652,0.22864468,0.3114236,0.36461285,0.10358936,-0.02069441,-0.029174214,0.0016273243,0.26303893,0.27858776,0.1991189,0.28534266,0.4978153,0.2925596,0.6101095,0.61138713,0.2247625,0.37334034,0.21301207,0.44302514,0.45032963,0.38196504,0.44774824,0.3661201,0.54647374,0.427396,0.38126516,0.5544521,0.5701063,0.15485546,0.10432158,0.22579922,0.34526983,0.3008762
0.65186435,0.64552784,0.52344847,0.61500776,0.04906023,-0.37103555,0.6049443,0.5948803,0.009940107,-0.37833405,0.7624749,0.8368675,0.6350516,0.7454777,-0.003402769,-0.23329681,0.72509384,1.0,0.50227636,0.5432139,-0.30013353,-0.32130152,0.33163553,0.35281342,-0.23276176,-0.22637613,-0.3684265,-0.29202202,0.70756865,0.6179744,0.35488892,0.28300297,0.55300444,0.5375651,0.66308653,0.6675461,0.5172316,0.58663577,0.619322,0.41127127,0.14691702,-0.24094956,0.67363995,0.69943804,0.585198,0.55987674,0.61424845,0.62709343,0.47737494,0.57891077,0.5624396,0.5688936,0.20282279,0.43071014,0.39594224,0.45244765,0.6776818,0.67692447,0.3589706,0.4845329,0.58725965,0.4836408,0.5689071,0.69479614,0.5449903,0.56355727,0.61802554,0.66064215,0.507029,0.5067291,0.54554695,0.6464809,0.66413665,0.719514,0.5226358,0.5204223,0.68670326,0.78980947,0.7492971,0.815759,0.35146222,0.71527934,-0.3368107,-0.048782453,0.103314854,0.3945327,-0.11182472,-0.27818346,-0.10861763,0.010643159,0.29659116,0.2566923,-0.076857865,0.08942235,0.430398,0.20383768,0.5675431,0.65136445,0.11539569,0.32757187,-0.09170748,0.20648661,0.30067435,0.082031,0.21787193,0.15362446,0.58277553,0.57366794,0.45232597,0.5126324,0.55995196,0.18593587,-0.10166105,0.0215309,0.13297282,0.3644268
0.79240406,0.79280424,0.6082526,0.7001645,-0.23752595,-0.61088526,0.6664098,0.40767372,-0.26793313,-0.6219158,0.3260286,0.3861218,0.26101762,0.22668768,-0.34848776,-0.5531841,0.2729112,0.50227636,1.0,0.85301596,-0.48777083,-0.5703754,0.20991874,0.24701665,-0.5077175,-0.50654936,-0.584742,-0.5618648,0.18202387,0.0056154784,-0.102770336,-0.2138239,0.7035384,0.62837106,0.28557906,0.369128,-0.018221116,0.19645998,0.21537326,0.11215111,-0.26748747,-0.54662883,0.35087788,0.34657985,0.62527287,0.58492893,0.28419977,0.27279365,0.53647023,0.62039226,0.47457874,0.54919523,0.10821597,0.2820886,0.05114103,0.21661301,0.75833696,0.7382771,0.51676244,0.6250174,0.7482715,0.7048532,0.58003277,0.6990706,0.5919305,0.61188626,0.7059258,0.6636708,0.77387977,0.7030191,0.0049223024,0.106820695,0.17081806,0.14234352,0.022554882,-0.07063205,0.18699908,0.33064774,0.3456221,0.40535986,-0.07577056,0.23918362,-0.57920474,-0.43486133,-0.288309,0.08428415,-0.24823329,-0.58454674,-0.20653525,0.058381278,0.192728,0.2746672,-0.27180934,-0.043320477,0.023293328,-0.076631255,0.22140583,0.3525326,0.033850692,0.24500042,-0.41769573,-0.09619437,0.05233431,-0.19154191,0.003367122,-0.020746844,0.45778444,0.5852252,0.3699441,0.19364816,0.26065308,0.07794134,-0.22451743,-0.2009827,-0.07700876,0.3238236
0.78895867,0.7870101,0.62975305,0.6743025,-0.15426223,-0.5583564,0.67650247,0.43868768,-0.17937127,-0.5586574,0.3892916,0.39571115,0.30446365,0.28292638,-0.23354742,-0.5134634,0.34671798,0.5432139,0.85301596,1.0,-0.37346128,-0.55957055,0.16606939,0.29893628,-0.46581033,-0.46187568,-0.5251229,-0.5359671,0.2660459,0.003722135,-0.081357576,-0.18664786,0.6332245,0.63378835,0.2687674,0.33757058,0.0070097563,0.2397198,0.26501784,0.099351816,-0.24357882,-0.5192159,0.3801137,0.361447,0.648971,0.6282109,0.32004282,0.30002862,0.5149073,0.6445535,0.4482182,0.48213786,0.08125926,0.26166224,0.06933636,0.25956738,0.7324007,0.7646339,0.5036622,0.6115168,0.6804247,0.7081831,0.5044411,0.71701145,0.54734826,0.6433278,0.6985425,0.7028872,0.81101096,0.7550497,0.067074984,0.15792961,0.28624046,0.18484162,0.13155994,-0.006845532,0.23542291,0.3516208,0.39523652,0.4205893,-0.079229526,0.2863902,-0.5610113,-0.40040845,-0.31203097,0.14969322,-0.273543,-0.46164435,-0.13591163,0.12620923,0.21786097,0.29692462,-0.2972478,0.023821034,-0.0129804835,-0.14849232,0.2513421,0.31686544,0.1126539,0.37597162,-0.40407443,-0.10620626,0.044713605,-0.17412846,-0.0777498,-0.090639725,0.5346966,0.5987019,0.268733,0.14210694,0.35539848,0.21768475,-0.27143306,-0.19726306,-0.052742958,0.22860913
-0.5294499,-0.50548303,-0.25008678,-0.37662008,0.6613656,0.6315369,-0.36668587,-0.14315622,0.6259494,0.67191607,-0.16185193,-0.1853161,-0.15935977,-0.029045263,0.60667896,0.5024618,-0.047823686,-0.30013353,-0.48777083,-0.37346128,1.0,0.58912873,-0.08530948,0.030997735,0.6069041,0.56596696,0.70248777,0.624786,-0.08494616,0.088738546,0.16034639,0.26721925,-0.30296555,-0.19933805,-0.24974385,-0.33191913,0.13522105,0.15819086,0.010936553,0.20574011,0.6133252,0.668763,-0.4029562,-0.43142587,-0.49909437,-0.53699726,-0.2715895,-0.2811685,-0.55840296,-0.5294887,-0.60710335,-0.6587084,-0.36912233,-0.3929801,0.04556335,-0.11824974,-0.545755,-0.4756473,-0.37835473,-0.52048063,-0.6090974,-0.57279414,-0.5617156,-0.53276956,-0.6460723,-0.59264636,-0.5428017,-0.3837267,-0.5255992,-0.5461658,0.21851683,0.1083958,-0.011564253,-0.1591142,-0.0058964994,0.21620822,-0.077138685,-0.21350448,-0.19091713,-0.34414643,0.027392149,0.01861768,0.6150575,0.5825084,0.19141963,0.16608265,0.4117712,0.70732844,0.5232031,0.2800151,-0.2891986,-0.4120189,0.16629633,-0.04200731,-0.06268958,0.1509402,-0.22852354,-0.3150188,0.051481556,-0.1678392,0.15064079,0.17607579,-0.14012131,0.2757238,0.030334681,0.031828262,-0.31563607,-0.29753485,-0.23272124,-0.22793186,-0.15367988,-0.011245642,-0.09391424,0.019092496,0.0034228005,-0.2430206
-0.5477964,-0.6866502,-0.16292945,-0.32011887,0.50204843,0.83667225,-0.4273437,0.010195785,0.45615643,0.815926,-0.21695387,-0.15041359,-0.15452994,0.002282148,0.40086,0.8114418,-0.036531277,-0.32130152,-0.5703754,-0.55957055,0.58912873,1.0,0.19649664,0.18470311,0.8219506,0.84139806,0.68135464,0.82798076,-0.12395743,0.32461396,0.4624231,0.5540359,-0.1657829,-0.16313228,-0.010887298,-0.081028946,0.073188104,-0.06463058,-0.14934717,-0.054214824,0.5558274,0.7611934,-0.18990402,-0.18200229,-0.64051867,-0.6645996,-0.11528264,-0.13037303,-0.63044596,-0.66805357,-0.34662995,-0.59626216,0.12939209,-0.17161295,0.10635619,-0.30565673,-0.535927,-0.6636388,-0.71875143,-0.8045253,-0.64749634,-0.76379603,-0.31519526,-0.6632065,-0.5490363,-0.7037157,-0.7200487,-0.5506338,-0.7168584,-0.7407586,0.21977319,0.1614874,-0.14835164,0.005702914,-0.15045136,0.3736419,-0.016216094,-0.14201494,-0.19930777,-0.2541701,0.3455096,0.07523672,0.86678416,0.8240895,0.60762614,-0.005599323,0.6251994,0.72746277,0.42477778,-0.14981085,0.099095136,-0.08065129,0.62135667,0.32336146,-0.0054320926,0.06546241,-0.14941457,-0.1987952,0.14167778,-0.058703505,0.5704288,0.28889662,0.27618676,0.59204453,0.3127677,0.37084648,-0.2231792,-0.48265144,-0.199682,-0.05038559,-0.04108075,0.02414721,0.387043,0.46009156,0.47149992,-0.21838969
0.24803682,0.0979086,0.7437908,0.66294813,0.117017895,0.11778285,0.5643553,0.74957615,0.07184986,0.08606271,0.47481313,0.48076022,0.60720223,0.53001595,0.23712353,0.3038059,0.5245408,0.33163553,0.20991874,0.16606939,-0.08530948,0.19649664,1.0,0.835057,0.20292053,0.26198956,-0.01800073,0.1550637,0.5431625,0.54859984,0.74716884,0.68641925,0.49789315,0.5362404,0.57443446,0.57439584,0.38817304,0.21080665,0.26813263,0.095454805,0.26357454,0.16779315,0.3988739,0.32361943,-0.009927032,0.005936466,0.31853494,0.29634967,-0.12136009,-0.087421976,0.1875557,0.04712167,0.22696602,0.12194925,0.29064187,0.07037988,0.27351084,0.0756814,-0.30697256,-0.122950956,0.041614503,-0.049897894,0.18715155,0.13551195,0.033015635,0.033376206,0.018826514,0.11948315,0.05301491,-0.0073075783,0.61902136,0.63013273,0.45527163,0.5413978,0.36960047,0.50493616,0.43717396,0.3903146,0.4197279,0.42987344,0.50051755,0.442833,0.22959425,0.310683,0.34044734,-0.022111114,0.13448043,-0.0017917791,-0.031290535,-0.22132416,0.38459218,0.37643588,0.38396105,0.40118778,0.28354844,0.04996626,0.3738566,0.3294131,0.26863775,0.33369935,0.4002623,0.4876786,0.4720655,0.4336193,0.40698096,0.4583933,0.4601218,0.13566571,0.17643556,0.26032606,0.3187564,0.15002562,0.28199905,0.3619195,0.45937097,0.2339959
0.2904573,0.15414119,0.7574803,0.642641,0.20953798,0.16624469,0.58447784,0.7917891,0.13510975,0.12730873,0.46102577,0.46820846,0.5774339,0.5708535,0.25715366,0.30781552,0.5507753,0.35281342,0.24701665,0.29893628,0.030997735,0.18470311,0.835057,1.0,0.24104515,0.31050456,0.043670844,0.14687733,0.52293915,0.49839818,0.69880843,0.6581559,0.4970712,0.60161203,0.5426708,0.54320705,0.30353013,0.20686223,0.21807265,0.029365804,0.24091288,0.15105383,0.4548513,0.34822533,0.02729608,0.053635783,0.34603348,0.3186319,-0.09222526,-0.021323089,0.20126382,0.046421222,0.24408437,0.169535,0.24980861,0.014347785,0.27303606,0.14279324,-0.28178722,-0.102376126,0.033851136,0.0048229983,0.17693357,0.19802465,0.007349624,0.08690861,0.042049967,0.14855275,0.1353306,0.03323737,0.5680649,0.6057083,0.47509322,0.47288656,0.3347994,0.50820816,0.4282159,0.3645171,0.4557484,0.4107542,0.4336486,0.5073357,0.21243808,0.32448503,0.2646709,0.07527288,0.17205712,0.098647624,-0.01575205,-0.20692621,0.4556377,0.44201455,0.39556968,0.48679423,0.20226951,-0.034525514,0.35249373,0.2825531,0.2327638,0.37514505,0.36697873,0.44751617,0.5118171,0.4612632,0.3542933,0.41342583,0.52504355,0.17745061,0.07736516,0.209529,0.3794049,0.16728388,0.2982266,0.4195954,0.48950675,0.1382278
-0.422823,-0.5896791,-0.061252113,-0.28613412,0.57983696,0.8611614,-0.33329415,0.038414538,0.48279414,0.8354861,-0.11736919,-0.10897922,-0.091730826,0.056840114,0.30835617,0.75125337,0.023882244,-0.23276176,-0.5077175,-0.46581033,0.6069041,0.8219506,0.20292053,0.24104515,1.0,0.8992303,0.675713,0.7694517,-0.058550946,0.349059,0.4996978,0.5801321,-0.15802547,-0.19896728,0.041501246,-0.029293053,0.036617927,-0.10852238,-0.1507684,-0.13076782,0.5924538,0.6816364,-0.0808293,-0.11783222,-0.55658776,-0.6264256,-0.10484134,-0.13078402,-0.6241046,-0.5483127,-0.18063922,-0.5288556,0.20378567,-0.141401,0.032541294,-0.45248136,-0.4260748,-0.5970371,-0.63894725,-0.70347863,-0.57857174,-0.6342171,-0.2147897,-0.59118676,-0.45082307,-0.6270357,-0.67641157,-0.52468616,-0.638715,-0.6857315,0.21285231,0.17763811,-0.11130542,0.012679617,-0.096828416,0.36842972,-0.0070913103,-0.09970477,-0.0854454,-0.124144055,0.3470026,0.077972226,0.82043177,0.77862746,0.59691745,-0.09584735,0.71487665,0.77081025,0.32548785,-0.28790206,0.2859444,0.047207426,0.66419613,0.3807135,-0.07334198,-0.08929111,-0.15718052,-0.24275658,0.014587622,-0.14709868,0.54071856,0.2556273,0.35998878,0.5317947,0.24361636,0.2705951,-0.12771183,-0.51090395,-0.30211252,-0.083968125,-0.04093681,-0.02004172,0.41188926,0.48994094,0.4539895,-0.32455817
-0.43061954,-0.59691745,-0.0374884,-0.2511301,0.5745185,0.8773366,-0.3177718,0.12185426,0.40032533,0.834363,-0.1049689,-0.06624003,-0.0669838,0.09647842,0.29899603,0.7931352,0.06706742,-0.22637613,-0.50654936,-0.46187568,0.56596696,0.84139806,0.26198956,0.31050456,0.8992303,1.0,0.6724752,0.7971482,-0.011897479,0.39112794,0.55872506,0.64431244,-0.12014072,-0.13507608,0.09044512,0.02058973,0.058712464,-0.06620181,-0.1625643,-0.13133918,0.5939739,0.6860422,-0.0338926,-0.06968229,-0.5900704,-0.61688805,-0.06613477,-0.08653435,-0.62872875,-0.58249587,-0.20231892,-0.5049503,0.26321405,-0.11051152,0.061644908,-0.42337778,-0.4648582,-0.59655803,-0.7161055,-0.7384528,-0.61544645,-0.68377393,-0.23931904,-0.5840412,-0.49784923,-0.62392837,-0.6848429,-0.5285356,-0.64614856,-0.6876977,0.26852864,0.23532063,-0.065309934,0.06441517,-0.08025704,0.44319817,0.06000081,-0.063603394,-0.04465937,-0.107986815,0.36648712,0.14475815,0.8341704,0.8129022,0.5919689,-0.043755066,0.73619926,0.743721,0.28107795,-0.29675865,0.31103817,0.12601386,0.726163,0.45263615,-0.025874183,-0.052967414,-0.110809535,-0.18999316,0.0606458,-0.07386042,0.5782096,0.2888185,0.4193675,0.59887856,0.31918994,0.37313667,-0.090342656,-0.49876127,-0.26507217,-0.039917197,-0.0037992226,0.0014264076,0.46978703,0.53962713,0.54528695,-0.2845659
-0.55810565,-0.6500437,-0.2730828,-0.42953134,0.5787213,0.77302015,-0.39854383,-0.101477735,0.4262992,0.77528507,-0.18175776,-0.170889,-0.15600762,0.0019305473,0.4685725,0.6778092,-0.07859169,-0.3684265,-0.584742,-0.5251229,0.70248777,0.68135464,-0.01800073,0.043670844,0.675713,0.6724752,1.0,0.7737443,-0.11077508,0.1702734,0.2159877,0.3578481,-0.3130019,-0.29865646,-0.16285571,-0.26334235,0.1353302,0.04683038,-0.111886,0.110903375,0.51725715,0.74274224,-0.31438664,-0.3397656,-0.6519761,-0.6232432,-0.21566056,-0.20569962,-0.58042115,-0.6231626,-0.5424416,-0.61568314,-0.204591,-0.33389598,0.09715193,-0.21155405,-0.58013076,-0.6316652,-0.5483066,-0.68318826,-0.67773104,-0.69392043,-0.4834089,-0.6581744,-0.6471114,-0.7175657,-0.66350996,-0.48279446,-0.6720663,-0.68382955,0.1642632,0.09286801,-0.10540569,-0.09434708,-0.026215281,0.27106214,-0.059441965,-0.21316913,-0.18944523,-0.34096545,0.15458572,-0.021159442,0.7058364,0.67613214,0.37337112,0.030776717,0.47589958,0.7192544,0.48632357,0.073917575,-0.2006337,-0.34117252,0.33875194,0.008974255,0.0029685083,0.12967591,-0.15809584,-0.26073584,-0.015033086,-0.2362039,0.27259833,0.16111314,-0.0067426255,0.34277847,0.12199331,0.13197367,-0.36624724,-0.45286444,-0.22379264,-0.1021258,-0.10987196,-0.036336765,0.08762732,0.1491557,0.14014699,-0.259487
-0.54723537,-0.68169105,-0.17753811,-0.33146808,0.55433893,0.84023505,-0.38347554,0.04464159,0.40852898,0.8282454,-0.12698475,-0.0747413,-0.091177784,0.09151535,0.45544222,0.80062073,0.04585422,-0.29202202,-0.5618648,-0.5359671,0.624786,0.82798076,0.1550637,0.14687733,0.7694517,0.7971482,0.7737443,1.0,-0.022029059,0.3429755,0.4292956,0.5533287,-0.14601545,-0.1433527,-0.0072759152,-0.11358179,0.18210924,0.044187266,-0.09351105,0.061671227,0.6187262,0.80472064,-0.2233976,-0.21594323,-0.6517306,-0.655987,-0.14489597,-0.14551978,-0.62570715,-0.68247414,-0.43047252,-0.5939026,0.015335135,-0.20371903,0.15231568,-0.238561,-0.55407447,-0.63856876,-0.6698195,-0.781141,-0.67194676,-0.77147555,-0.35887423,-0.64096993,-0.6160804,-0.726632,-0.7127245,-0.5132881,-0.7076089,-0.7401428,0.28597298,0.22469358,-0.054318573,0.04922373,-0.03860605,0.41045958,0.050112724,-0.11453748,-0.12093583,-0.23660623,0.34985292,0.10268266,0.83138895,0.8046363,0.5502201,0.025783395,0.59428835,0.715242,0.4228086,-0.057824604,-0.036072854,-0.17193744,0.5550793,0.2184576,0.057629086,0.12554374,-0.10569052,-0.17788558,0.108890794,-0.12317758,0.4750568,0.2778833,0.20031144,0.53451157,0.3331005,0.3369933,-0.26631892,-0.4714826,-0.18406999,-0.023696326,-0.084169514,0.02986453,0.27950656,0.33239466,0.37617984,-0.20598975
0.35623968,0.3171896,0.5292049,0.52971536,0.14886029,-0.10299825,0.5747233,0.63442117,0.03006651,-0.11505418,0.80378515,0.73156786,0.82694244,0.7785158,0.36003038,0.101957016,0.8441659,0.70756865,0.18202387,0.2660459,-0.08494616,-0.12395743,0.5431625,0.52293915,-0.058550946,-0.011897479,-0.11077508,-0.022029059,1.0,0.6938781,0.56774044,0.5285757,0.38906798,0.479347,0.6572263,0.5907331,0.7352937,0.64356565,0.6717921,0.47854906,0.3157599,0.093761064,0.57731396,0.55191904,0.29387105,0.34741303,0.5406424,0.5266502,0.21449915,0.23130262,0.26051894,0.31653616,0.038300548,0.24075739,0.44862166,0.44871396,0.39630204,0.41032648,0.05253257,0.22791326,0.20147742,0.17467454,0.20471299,0.45525476,0.16844319,0.35294077,0.34407264,0.40405732,0.26444167,0.24459422,0.79598457,0.7979555,0.88818157,0.81886184,0.7816341,0.69673306,0.7833284,0.71466506,0.80018103,0.70937085,0.5086641,0.6988124,-0.038787466,0.15547793,0.18013595,0.37238303,-0.07143763,-0.079396814,-0.10454197,0.04173585,0.1933548,0.2351628,0.07333195,0.21479563,0.53134793,0.3118725,0.6347845,0.5825611,0.22909242,0.36221886,0.19284266,0.48361123,0.34230936,0.28779897,0.38422263,0.3343548,0.5390888,0.418872,0.34939134,0.48718995,0.50922173,0.16343977,0.023637258,0.15149088,0.26628187,0.3673577
0.1363168,0.038070705,0.3953251,0.36810932,0.3804225,0.27000394,0.29775372,0.6182489,0.19529006,0.23774783,0.61614704,0.73110586,0.6010312,0.7811458,0.31728598,0.43326676,0.7305448,0.6179744,0.0056154784,0.003722135,0.088738546,0.32461396,0.54859984,0.49839818,0.349059,0.39112794,0.1702734,0.3429755,0.6938781,1.0,0.74129546,0.75181025,0.4010792,0.3649872,0.6777564,0.6204756,0.66391116,0.55436903,0.5080959,0.41644433,0.5742975,0.3875315,0.53219056,0.5593929,0.026619378,0.031679273,0.51005906,0.5348211,-0.027869636,-0.01521693,0.23385952,0.11468765,0.24653473,0.2624742,0.5066656,0.23848881,0.21129018,0.07682487,-0.23769744,-0.14076473,0.01942387,-0.17418954,0.26210693,0.12701225,0.067244254,-0.02854481,0.02402371,0.19675492,-0.10011569,-0.1093147,0.75933677,0.80290955,0.6067459,0.79447377,0.4931774,0.8620841,0.7369318,0.6877248,0.6591354,0.636174,0.68699193,0.74494183,0.3448118,0.564473,0.57827485,0.29076543,0.33696374,0.2055611,0.13536315,-0.14505243,0.3121638,0.21960054,0.43727973,0.31231725,0.5170686,0.32915896,0.5152004,0.5371286,0.22733462,0.2623312,0.39118144,0.5030679,0.50100917,0.54130113,0.5102479,0.49396455,0.3775654,0.17722845,0.35080022,0.54394007,0.5090986,0.14843528,0.25439808,0.38311103,0.49030071,0.252451
0.046068985,-0.08977557,0.5051524,0.4004561,0.39053926,0.40131298,0.28812787,0.65153486,0.30481467,0.36169514,0.45478928,0.5215055,0.5187998,0.62387604,0.33046496,0.52164584,0.561851,0.35488892,-0.102770336,-0.081357576,0.16034639,0.4624231,0.74716884,0.69880843,0.4996978,0.55872506,0.2159877,0.4292956,0.56774044,0.74129546,1.0,0.8794942,0.30442107,0.31996608,0.5761809,0.51967764,0.46718305,0.27752757,0.29383412,0.12124289,0.4900663,0.39299724,0.4345808,0.39129764,-0.16274859,-0.15842743,0.36471787,0.35306826,-0.23120527,-0.20263161,0.16144918,-0.070890166,0.3177225,0.1770845,0.35589805,0.008569921,0.0522046,-0.08521142,-0.4868781,-0.29986992,-0.1819631,-0.2870706,0.078155465,-0.034806058,-0.09614931,-0.13967535,-0.18584812,-0.02394025,-0.19024284,-0.21669146,0.72471756,0.73160416,0.47902468,0.6270356,0.41890916,0.7136143,0.5378106,0.4654075,0.46448344,0.45487696,0.57539344,0.5348638,0.45514718,0.5852198,0.5359423,0.10440672,0.3631571,0.2936401,0.07541638,-0.27413195,0.44033247,0.3156377,0.5544071,0.4747678,0.34484458,0.117027365,0.3742861,0.3258411,0.22999768,0.28546154,0.54600817,0.5381473,0.55050814,0.5894842,0.46631253,0.5019186,0.37645856,-0.032408487,0.08057189,0.33214635,0.36968043,0.19162568,0.39699584,0.5255655,0.5760212,0.10474519
