1.0,0.21396361,0.6092746,0.41176865,-0.4885477,-0.26325333,0.8442023,0.19744797,-0.37447584,-0.19267367,0.5836956,0.09851543,0.6419548,-0.14552909,0.10747181,-0.252328,0.32253718,-0.06437057,0.7167782,0.66333604,0.5074366,0.39079827,0.50836957,0.14974464,-0.30453926,-0.5397331,-0.35101634,-0.3347299,0.2585579,0.48616374,0.33092332,-0.23363833,0.51976174,0.10455593,0.3516867,0.16059372,0.20529684,0.19227096,0.14980723,0.10756996,0.11239455,0.48362625,0.5571024,0.40007567,0.46727914,0.5155755,0.45097756,0.37124094,0.40403762,0.23635408,0.41573727,0.31525055,0.69639474,0.12725335,0.47822785,0.08606664,0.8704165,0.15899089,-0.020353032,-0.18251833,0.61364853,0.19991736,0.6937935,0.08559529,0.38867015,0.09139389,0.58380544,0.6070799,0.6236284,0.5533703,0.43028104,0.08934074,0.063525416,0.26773316,0.0749895,0.15748233,0.38414302,-0.06168301,-0.15226689,0.08689279,0.5857336,-0.11803791,0.21005917,-0.17802264,0.73781914,0.10081739,-0.00935411,0.18378894,0.4004075,-0.145,0.49796224,-0.029202856,0.32921392,-0.109994926,0.4119246,0.20652701,0.3987342,0.29299435,0.37092716,0.22617121,0.18620494,-0.112764195,0.27770844,0.22683601,0.3562013,0.26433918,0.26966476,0.19547498,0.59273374,0.35473925,0.41087982,0.33469066,0.23029102,0.29680675,0.39956143,0.55679363
0.21396361,1.0,0.3669335,0.3875885,-0.031013219,-0.4850754,0.046681814,0.57399523,-0.26631543,-0.38944796,-0.25610697,0.35351464,-0.10847615,0.40074044,-0.30093306,-0.22119926,-0.0643848,0.24656668,0.54995894,0.62060875,0.17074814,0.28332356,0.055446405,0.3739324,-0.36173603,-0.32013723,-0.31274888,-0.4956992,0.16441217,0.14652653,-0.34565324,0.34299338,-0.07626894,0.18637411,0.07822206,0.19772168,0.0665743,0.018279938,0.17067774,-0.12610945,0.29145703,0.051093474,0.30141267,0.18629761,0.40843603,0.5238508,0.2544752,0.2660818,0.3389811,0.622845,0.19352494,0.49721766,0.14198117,0.5076809,0.096515134,0.16048934,0.21143249,0.8739351,0.16085933,-0.08732118,0.34228766,0.31912455,0.39525935,0.8081641,0.33912706,0.68028706,0.3987776,0.26535898,0.55515397,0.6763776,-0.08399246,0.40510753,0.24129821,-0.105469376,-0.1221641,-0.18571699,-0.017410921,0.18939053,0.0880673,-0.28085044,-0.164322,0.38035056,-0.17451152,0.07527961,-0.15873973,0.525604,-0.22840862,0.0014767009,-0.24075614,0.11553704,0.09051382,0.43954366,0.076490596,0.3590842,0.13143381,0.23006842,0.017806914,0.17028405,0.13315359,0.19775416,0.027988989,0.3270092,0.186726,0.27845663,0.18243738,0.25411192,0.12962408,0.16437456,0.26315412,0.12894374,0.14009541,0.22166318,0.19623291,0.18424407,0.14655888,0.12868044
0.6092746,0.3669335,1.0,0.7493867,-0.018786708,-0.07829068,0.6802469,0.59110916,0.031199317,0.0020550017,0.5040825,0.40427205,0.58613765,0.30533254,0.32345444,0.11209769,0.55663663,0.32859918,0.76942587,0.67720765,0.5499882,0.5003832,0.7173672,0.60203046,-0.089262426,-0.20014404,0.017582554,-0.13360734,0.5632599,0.59774363,0.4339123,0.27684578,0.61528325,0.48586,0.50587016,0.5280724,0.6363507,0.53330725,0.5576257,0.46987286,0.4691884,0.50282824,0.6282041,0.5891277,0.65671206,0.5067627,0.66231424,0.5834495,0.038820263,0.24310915,0.0064113815,0.4134927,0.5001428,0.2745276,0.72454727,0.46969607,0.49704117,0.258461,0.080220915,-0.1656696,0.40162075,0.11071909,0.46098322,0.2385689,0.2537138,0.1280931,0.6990107,0.69752204,0.68115216,0.4683959,0.5984473,0.47882837,0.48038414,0.49910924,0.4523367,0.42629966,0.5882774,0.41094962,0.22329904,0.30033335,0.5102539,0.29078975,0.5186754,0.28068632,0.58536065,0.5129737,0.2844245,0.42235968,0.51390177,0.35588995,0.5604333,0.3890096,0.43702927,0.31252787,0.5009459,0.50880164,0.5797394,0.5025472,0.64383644,0.5301426,0.36583078,0.32576475,0.5417437,0.60197246,0.55934185,0.55614287,0.47790742,0.49836707,0.5802228,0.5932256,0.64238125,0.6326152,0.49417982,0.5291328,0.58465946,0.35195073
0.41176865,0.3875885,0.7493867,1.0,0.19940689,0.17950596,0.4507101,0.6987356,0.18801886,0.26197138,0.31304336,0.46263084,0.41545004,0.45386833,0.44943407,0.4298728,0.39904347,0.3718442,0.6628992,0.6409422,0.35906363,0.37994716,0.68812585,0.76912606,0.18464044,0.12438952,0.22351307,0.14366513,0.46675196,0.508362,0.43735123,0.44018406,0.4440853,0.46612436,0.42742372,0.5742194,0.5615147,0.5213413,0.42894402,0.51492256,0.550625,0.40063584,0.50044405,0.49282634,0.5822444,0.55323267,0.55201155,0.5696741,-0.081234194,0.2835769,0.06786198,0.47795898,0.33644196,0.33202764,0.6157678,0.50587803,0.32673213,0.2915584,0.0885757,-0.059793457,0.3132327,0.14435333,0.36144528,0.2755331,0.30360523,0.24981458,0.625284,0.5776157,0.6840525,0.5087901,0.5027659,0.42999604,0.40982652,0.45366985,0.41484722,0.42073748,0.46238708,0.44606945,0.20138267,0.34790748,0.27960324,0.36437923,0.55561745,0.46928248,0.40591687,0.6557207,0.41712528,0.5397869,0.43435746,0.6062766,0.47042018,0.49104273,0.41935176,0.43195003,0.44468102,0.57004136,0.5332684,0.5513741,0.5579678,0.5198298,0.28561103,0.42450204,0.5088148,0.60016835,0.52750546,0.5362505,0.546436,0.55718434,0.5026907,0.6512107,0.60706973,0.5464519,0.42229933,0.44564703,0.5467556,0.33217067
-0.4885477,-0.031013219,-0.018786708,0.19940689,1.0,0.55244976,-0.30126345,0.35360032,0.6827943,0.59943694,-0.062908866,0.4123684,-0.08139994,0.5515291,0.43010902,0.70136625,0.22470783,0.4361457,-0.124053136,-0.19166577,-0.15077248,-0.1070917,0.13371342,0.3850228,0.70919234,0.7661965,0.6972254,0.6009763,0.31575248,0.16249287,0.2592322,0.58956647,0.14430779,0.47755164,0.31086454,0.3900266,0.36797762,0.4425367,0.33149904,0.40521252,0.44231078,0.14081374,0.073880956,0.19980524,0.12184848,0.0062422235,0.14658289,0.23125581,-0.41026002,-0.10439949,-0.25150475,-0.060311344,-0.27311182,0.10398526,0.11848289,0.35263556,-0.43230042,-0.005555298,0.032086484,0.11472686,-0.4002571,-0.07585756,-0.3427996,0.07384679,-0.18475899,-0.11272776,0.04041314,0.066613786,-0.10467257,-0.22311662,0.14070563,0.36494133,0.39528778,0.29665703,0.38758546,0.3496353,0.15379925,0.45935404,0.5332388,0.3665958,-0.12790158,0.4702933,0.31911358,0.55230594,-0.20315349,0.43892184,0.5031001,0.28154364,0.123363115,0.6089024,-0.0020690018,0.40526432,0.09014237,0.4423587,0.020225149,0.21287899,0.12947038,0.20967071,0.17695189,0.24412017,0.1340714,0.50087315,0.21467169,0.27418342,0.22621134,0.31266212,0.117498085,0.21373989,-0.1548758,0.23472661,0.153652,0.24253543,0.29464957,0.24698325,0.120645106,-0.17349605
-0.26325333,-0.4850754,-0.07829068,0.17950596,0.55244976,1.0,-0.084601685,0.03535285,0.5367738,0.8239742,0.17527255,0.11952259,0.11980564,0.13367037,0.5944101,0.73611474,0.25774598,0.19656679,-0.20790789,-0.24820212,-0.015775489,-0.22658423,0.24504766,0.22576122,0.8289541,0.78048575,0.72986805,0.84431297,0.18191609,0.16404513,0.5137336,0.275103,0.2706329,0.27889788,0.24142866,0.2646022,0.27109203,0.32316187,0.0680819,0.4044274,0.2190781,0.22788258,-0.02921639,0.09576878,-0.004999335,-0.17910752,-0.013816742,0.094095126,-0.46608597,-0.37667733,-0.18984115,-0.18155567,-0.2674799,-0.27418715,0.07090779,0.19844633,-0.18413405,-0.43534902,-0.05328544,0.15697433,-0.33853135,-0.18233274,-0.23252174,-0.39832726,-0.2434751,-0.39706773,-0.052000348,-0.0035299093,-0.17282076,-0.3510763,0.22520703,-0.021415977,0.14165598,0.31885123,0.33721325,0.4408912,0.14809914,0.28120762,0.29916868,0.43083274,0.039434545,0.16584279,0.48034176,0.48274273,0.031015897,0.12231853,0.53993255,0.37146795,0.26190618,0.446768,0.029752161,0.07818625,0.04384514,0.058179043,0.03018649,0.13230838,0.1765998,0.18340613,0.13635336,0.1555546,0.049096875,0.12354764,0.13734576,0.12130927,0.17992595,0.15037516,0.2852095,0.2718832,-0.118695535,0.20044051,0.16614453,0.07632785,0.12866087,0.13240191,0.18021704,-0.024282323
0.8442023,0.046681814,0.6802469,0.4507101,-0.30126345,-0.084601685,1.0,0.30003873,-0.21939936,0.01278003,0.743975,0.24704498,0.76299316,-0.027986504,0.28943375,-0.0936725,0.4968326,0.03132511,0.677791,0.59440917,0.56677514,0.34282577,0.5829952,0.20123173,-0.16570008,-0.39450806,-0.19934835,-0.15215807,0.453866,0.61678094,0.52840626,-0.13908961,0.6997498,0.30953315,0.50022817,0.32514814,0.42934594,0.4061541,0.29385278,0.29647586,0.23933475,0.59184074,0.6288529,0.53690326,0.5174159,0.45190147,0.57564366,0.5277716,0.17815945,0.07165377,0.26881453,0.2751542,0.67124546,0.16231537,0.61087734,0.25570175,0.7809501,0.010788233,-0.03322389,-0.10266888,0.47850814,0.19326937,0.5574968,-0.010356899,0.20683597,-0.10630469,0.6384751,0.6934458,0.5586088,0.40099975,0.56662107,0.17875238,0.211969,0.4591072,0.24311888,0.3203541,0.533196,0.13564572,0.011572454,0.26718444,0.7068757,0.011740843,0.3946366,-0.013756498,0.8199603,0.22012055,0.16306779,0.3078032,0.52814907,0.004486407,0.5768117,0.053050168,0.41150782,-0.0072350423,0.47518358,0.2750881,0.5043326,0.39906242,0.5132906,0.3916512,0.30917317,0.029321693,0.43307477,0.39207262,0.5105952,0.42930663,0.38210255,0.36402544,0.6047842,0.45240137,0.4798863,0.452035,0.36990955,0.43152794,0.51940167,0.57817703
0.19744797,0.57399523,0.59110916,0.6987356,0.35360032,0.03535285,0.30003873,1.0,0.025629377,0.16807555,0.10127837,0.77464515,0.2524692,0.73039436,0.22554308,0.2898743,0.40744752,0.6034671,0.55223364,0.5896946,0.27069154,0.2509915,0.3707991,0.6906566,0.07763411,0.08522166,0.08676343,0.012701883,0.6379995,0.55501825,0.1497457,0.6487308,0.41621995,0.719946,0.5152373,0.712446,0.59094024,0.5614016,0.5322454,0.40305752,0.6420124,0.3419844,0.5806661,0.59140044,0.67855746,0.5148701,0.61702734,0.6695367,-0.057833835,0.367051,-0.062353965,0.5258241,0.19569851,0.5864277,0.4638783,0.6297965,0.17811424,0.5134815,0.09533766,0.064743936,0.09476231,0.13885319,0.21151726,0.52840173,0.055651203,0.23217192,0.6721328,0.6088096,0.63152,0.47339156,0.36370546,0.6239421,0.605562,0.4040818,0.28826922,0.27115571,0.42308453,0.6243562,0.48011205,0.36873317,0.17686482,0.7178653,0.36349738,0.5536005,0.16219687,0.8638426,0.24760152,0.4891664,0.15266657,0.62569475,0.37849122,0.70071626,0.37861466,0.6282226,0.2612175,0.5097141,0.39414284,0.56406814,0.54431266,0.6432839,0.30088183,0.63776964,0.5843624,0.657598,0.61228526,0.65023017,0.4837016,0.6009579,0.400488,0.57731074,0.47405744,0.59398675,0.5630224,0.54812723,0.5298649,0.33652884
-0.37447584,-0.26631543,0.031199317,0.18801886,0.6827943,0.5367738,-0.21939936,0.025629377,1.0,0.50122845,0.12283357,0.044717357,-0.0037116823,0.19653612,0.55962306,0.6767538,0.12986197,0.14722729,-0.19778115,-0.32413504,-0.16485555,-0.065136425,0.26582566,0.23186882,0.64342004,0.66597253,0.73925936,0.58872193,0.07848969,0.0015936026,0.3996948,0.22815122,0.09908851,0.14669102,0.08560493,0.07644406,0.27940574,0.31493288,0.21359143,0.3998443,0.14884295,0.05189809,-0.13693829,0.036411714,-0.09471628,-0.19105871,0.0027879386,-0.020787347,-0.377841,-0.24920371,-0.2022615,-0.22536027,-0.2258018,-0.2625152,0.20548607,0.13745047,-0.4127966,-0.31165537,0.05344967,0.052278683,-0.3406048,-0.18650231,-0.34744275,-0.2337942,-0.095254086,-0.19890484,-0.19088154,-0.12405981,-0.29595304,-0.40696424,0.18689919,0.1170637,0.09561309,0.22526397,0.4022263,0.36239702,0.16097318,0.25377122,0.24243808,0.2618795,0.00077876035,0.08570318,0.35628486,0.3291343,-0.007899956,0.08998516,0.5245609,0.14294055,0.38238874,0.40464857,0.046488043,0.10272451,0.098169975,0.1633325,0.047307443,0.06610368,0.11888913,0.026828768,0.11705934,0.070197865,0.15741487,0.22250077,0.11727791,0.15893108,0.06470873,0.100043006,0.081803836,0.023359336,-0.2156934,0.07273504,0.08556858,0.077555634,0.122664854,0.09946753,0.1027425,-0.25263706
-0.19267367,-0.38944796,0.0020550017,0.26197138,0.59943694,0.8239742,0.01278003,0.16807555,0.50122845,1.0,0.21090949,0.26730898,0.20136766,0.27137518,0.5799574,0.7626711,0.2987385,0.2162956,-0.08711276,-0.13006257,0.032602243,-0.23449188,0.3238077,0.33282763,0.7816833,0.7469567,0.6869479,0.79311234,0.2599403,0.17914945,0.52240336,0.3630431,0.32429594,0.3723504,0.33089986,0.33682787,0.37597388,0.408414,0.116862506,0.451582,0.293157,0.21100777,0.07023737,0.1826334,0.14581804,-0.07649667,0.12826018,0.23174319,-0.46822888,-0.2841506,-0.16850442,-0.07904863,-0.16370723,-0.1849577,0.10866095,0.23101003,-0.12644233,-0.3715028,-0.033226095,0.08250058,-0.26696205,-0.12327178,-0.17705011,-0.35754398,-0.254561,-0.38527158,0.09344267,0.11163134,-0.02622787,-0.24213876,0.21842046,0.04727615,0.19772355,0.3398302,0.4199428,0.48288724,0.1776453,0.33700487,0.32804433,0.42255247,0.08257272,0.22772923,0.4603622,0.4814049,0.08883255,0.24437788,0.4680124,0.33853737,0.26052532,0.5524308,0.060329977,0.09371448,0.06528707,0.09734791,0.12789989,0.2020035,0.2232591,0.20735589,0.20033312,0.19193037,0.04096439,0.18601309,0.17282933,0.18120152,0.25011104,0.23311071,0.34487772,0.3185686,-0.033176232,0.31481546,0.22036573,0.16609101,0.1717317,0.18120217,0.21454145,0.049083125
0.5836956,-0.25610697,0.5040825,0.31304336,-0.062908866,0.17527255,0.743975,0.10127837,0.12283357,0.21090949,1.0,0.22437593,0.7813589,0.0114734,0.5286906,0.18876371,0.6584415,0.16836084,0.39788058,0.2166138,0.53375876,0.36715457,0.6036709,0.19176395,0.14804232,-0.08254701,0.16111219,0.116965435,0.50363857,0.59310496,0.6677225,-0.08658547,0.7369777,0.34349462,0.51527673,0.28471616,0.5029444,0.5313588,0.34636077,0.46452102,0.21411258,0.6255514,0.47979715,0.46063682,0.35177264,0.14563143,0.48298648,0.40557736,-0.040871374,-0.18995696,0.019267049,0.037678707,0.5673097,-0.050775975,0.6326346,0.2638205,0.5355265,-0.30773717,-0.067737274,-0.093598574,0.22671746,0.003967185,0.33103314,-0.26929456,-0.017707266,-0.3093735,0.4249921,0.5312356,0.26869428,0.03189054,0.609756,0.1909951,0.274711,0.5443446,0.38510817,0.5064109,0.5567665,0.12572832,0.20159099,0.4311103,0.7995913,0.028065538,0.5580522,0.119709365,0.8071338,0.10616814,0.38729435,0.41162565,0.68989944,0.105938025,0.5465815,-0.009128022,0.40382683,-0.015586604,0.45308667,0.25844055,0.5797496,0.41236207,0.4851006,0.3292312,0.3880348,0.03450355,0.398255,0.33268684,0.5005841,0.39136842,0.36804855,0.31910083,0.46480528,0.46718526,0.5075756,0.46056744,0.35622063,0.44351223,0.46813768,0.41665727
0.09851543,0.35351464,0.40427205,0.46263084,0.4123684,0.11952259,0.24704498,0.77464515,0.044717357,0.26730898,0.22437593,1.0,0.3513498,0.80278605,0.28046986,0.35693794,0.5252472,0.6598264,0.39854246,0.38998756,0.25662908,0.21914352,0.2653125,0.53075254,0.18888897,0.190376,0.1343642,0.10540465,0.68920314,0.6209059,0.18603577,0.61522675,0.49268958,0.76448923,0.5582715,0.64094067,0.5230542,0.5481792,0.5076102,0.3949464,0.6211325,0.41368216,0.49635386,0.5191707,0.5674584,0.35619545,0.54050285,0.60875094,-0.1491201,0.18667284,-0.22528847,0.38520306,0.15250689,0.47857597,0.3732331,0.5447731,0.13164009,0.3116278,-0.037127133,0.068850316,-0.09155027,0.027915861,0.10444911,0.36584136,-0.09764746,0.081107646,0.5320067,0.52859086,0.46940693,0.26794603,0.32526177,0.5817565,0.62543803,0.41363493,0.31510082,0.32032433,0.32078084,0.48893255,0.6223021,0.45815736,0.26918355,0.7595128,0.35918507,0.5192916,0.15241957,0.74002033,0.26302904,0.45593008,0.14779484,0.5804671,0.27991566,0.5529152,0.2947118,0.5176488,0.19897845,0.43443847,0.35541528,0.53443784,0.46487758,0.5675878,0.2966992,0.556344,0.5208336,0.55644083,0.63029903,0.653486,0.40604833,0.5744423,0.3144219,0.51771486,0.41180792,0.58502495,0.57538986,0.57958716,0.5101607,0.33425376
0.6419548,-0.10847615,0.58613765,0.41545004,-0.08139994,0.11980564,0.76299316,0.2524692,-0.0037116823,0.20136766,0.7813589,0.3513498,1.0,0.13605931,0.5202312,0.15622091,0.5699893,0.11607489,0.5227181,0.37968987,0.5362501,0.24338305,0.56716764,0.2577676,0.041960005,-0.17862189,0.055985086,0.08842865,0.56477714,0.6071819,0.5763544,-0.02815012,0.74536204,0.41398323,0.5200403,0.3873726,0.4977287,0.46253797,0.35242236,0.4201597,0.2858437,0.5918265,0.5728818,0.5082347,0.46013242,0.25139055,0.55369204,0.4838303,0.05893148,-0.09590871,0.04598234,0.14069188,0.5500858,0.09048817,0.61536133,0.31312367,0.53409606,-0.18489926,-0.20179792,-0.08762026,0.18160662,0.031258695,0.3828837,-0.19083305,0.109981045,-0.147983,0.56061345,0.5694155,0.43818045,0.19355771,0.60031354,0.20047069,0.3593062,0.49851808,0.3710587,0.48118392,0.5265007,0.18231165,0.15940557,0.34711602,0.7544074,0.072945796,0.5754263,0.14745778,0.77469385,0.19156729,0.33710933,0.4008676,0.6414182,0.18957624,0.5890934,0.07672922,0.45066375,0.057848927,0.3773499,0.2826792,0.5041741,0.4028653,0.5224901,0.40284732,0.40074608,0.08457401,0.44794625,0.37424994,0.499889,0.4400672,0.3689488,0.39099684,0.5026242,0.49625573,0.4862966,0.51880896,0.43235078,0.49060717,0.5431404,0.5028916
-0.14552909,0.40074044,0.30533254,0.45386833,0.5515291,0.13367037,-0.027986504,0.73039436,0.19653612,0.27137518,0.0114734,0.80278605,0.13605931,1.0,0.19957083,0.42332286,0.4258109,0.7268184,0.24645807,0.27906665,0.1321578,0.1901906,0.15573344,0.57142437,0.25011533,0.3484389,0.24364318,0.15821274,0.5951557,0.43886393,0.054805715,0.6980527,0.2691136,0.6941857,0.4497074,0.6355579,0.52791953,0.50490636,0.5420756,0.45522183,0.5764429,0.25940284,0.42264596,0.49918666,0.5016272,0.27971312,0.513053,0.57686615,-0.2651251,0.14300202,-0.32779548,0.32197976,0.014847335,0.5360886,0.35865667,0.65294784,-0.15239811,0.32752627,-0.023338733,0.1021988,-0.18870316,0.013024929,-0.034878075,0.3862618,-0.11518217,0.15194686,0.42640504,0.3815236,0.35490125,0.18308827,0.25410363,0.6419058,0.6263071,0.37480715,0.38008174,0.33089027,0.2588205,0.54946494,0.6582884,0.40249366,0.038228422,0.77496886,0.32946438,0.60122585,-0.114811294,0.7331019,0.297306,0.4429611,0.05521032,0.68647945,0.21757971,0.68431824,0.257538,0.679313,0.104477465,0.48981664,0.34982857,0.52263707,0.46475324,0.5455044,0.28528902,0.69401246,0.45527175,0.54122406,0.50778997,0.60670334,0.35831136,0.5438916,0.15815227,0.48799226,0.40159184,0.52567345,0.44382635,0.43971825,0.33363143,0.13735113
0.10747181,-0.30093306,0.32345444,0.44943407,0.43010902,0.5944101,0.28943375,0.22554308,0.55962306,0.5799574,0.5286906,0.28046986,0.5202312,0.19957083,1.0,0.756208,0.52404726,0.32417277,0.18704022,0.026898379,0.31281894,0.23694251,0.59327406,0.3950852,0.5546977,0.4553435,0.63464844,0.6067186,0.53456867,0.53469104,0.7886213,0.2887704,0.56333923,0.42863742,0.34879056,0.44818184,0.55233115,0.5878113,0.3746469,0.63409346,0.48025447,0.51071835,0.2641676,0.3690142,0.22603111,0.07712537,0.30010182,0.3114758,-0.31961927,-0.2129623,-0.143761,-0.031203222,0.10591273,-0.08193853,0.4840144,0.377651,0.067689836,-0.31581995,-0.039391864,-0.08714588,-0.11464193,-0.09311096,-0.022936318,-0.24169692,-0.03056667,-0.24484342,0.30109933,0.32655394,0.12827656,-0.12023636,0.58431786,0.2313605,0.37144926,0.57395333,0.49255365,0.6073672,0.48777062,0.4033851,0.30587187,0.5669017,0.51306504,0.2436057,0.7811723,0.5406064,0.47451156,0.30090252,0.74968237,0.5400319,0.65816563,0.511,0.4558943,0.25337598,0.44884717,0.26857147,0.30420172,0.2678962,0.42781398,0.41631564,0.44484484,0.42104787,0.37734318,0.30547565,0.45153275,0.426601,0.5078847,0.44189113,0.4895496,0.40969,0.2912612,0.38472897,0.35941336,0.399537,0.44949663,0.46845952,0.5703872,0.2397683
-0.252328,-0.22119926,0.11209769,0.4298728,0.70136625,0.73611474,-0.0936725,0.2898743,0.6767538,0.7626711,0.18876371,0.35693794,0.15622091,0.42332286,0.756208,1.0,0.36542094,0.45336732,-0.008213103,-0.09078966,-0.0029513878,0.051155746,0.41414744,0.5206998,0.7730137,0.78898835,0.80672854,0.7784253,0.37172043,0.30516228,0.55439055,0.49158436,0.29688647,0.4252911,0.28496155,0.43218106,0.4454173,0.5235338,0.28850016,0.6028313,0.45527914,0.28077635,0.043867167,0.20059788,0.14754403,0.0044343257,0.13475302,0.22902498,-0.46157336,-0.19238038,-0.28200796,-0.052919555,-0.19468078,-0.09495288,0.24488606,0.36385697,-0.24932986,-0.230248,0.019758658,0.021342276,-0.31199628,-0.14997359,-0.19304138,-0.1689853,-0.13630499,-0.2370035,0.10481146,0.112357706,0.022990875,-0.19972657,0.31065843,0.20393102,0.32352415,0.45155215,0.47292337,0.54259497,0.24389029,0.4476867,0.41448355,0.5154654,0.09313137,0.40031186,0.60599077,0.69900453,0.041214287,0.40938604,0.6588679,0.5275098,0.35529876,0.71931416,0.13343786,0.30540198,0.17322718,0.30633527,0.20416531,0.29926577,0.3241325,0.36810148,0.28027827,0.30993694,0.16466708,0.36486492,0.27541333,0.3170298,0.34532732,0.32818276,0.41953334,0.38298228,0.03495227,0.36198974,0.28354412,0.29248947,0.2738729,0.26064214,0.34748274,-0.013218941
0.32253718,-0.0643848,0.55663663,0.39904347,0.22470783,0.25774598,0.4968326,0.40744752,0.12986197,0.2987385,0.6584415,0.5252472,0.5699893,0.4258109,0.52404726,0.36542094,1.0,0.66295934,0.39815536,0.31232432,0.53659827,0.4586312,0.5670394,0.45576578,0.2594415,0.17788643,0.26742718,0.23072478,0.77596164,0.72372717,0.5953379,0.3782456,0.7764005,0.70478135,0.6785179,0.65301,0.7370838,0.70435923,0.6374453,0.70186913,0.58235973,0.6183905,0.54536426,0.58083147,0.5221926,0.2289227,0.5660059,0.5319289,-0.2308219,-0.07677936,-0.31946978,0.14708698,0.35575435,0.16337746,0.6594183,0.5869315,0.35002053,-0.07688622,-0.055688675,-0.137329,0.05194799,-0.09716817,0.23732202,0.009941622,-0.18894294,-0.238328,0.5463688,0.6590668,0.3867404,0.11167831,0.69489545,0.5246438,0.6788581,0.6945613,0.6068531,0.619582,0.5695924,0.40429893,0.62628293,0.66768515,0.66907257,0.51146775,0.6926978,0.49653116,0.52187365,0.44699386,0.5282818,0.6146202,0.5020892,0.44219816,0.50511163,0.39462247,0.42960587,0.37117922,0.3848686,0.5269308,0.6741471,0.6186558,0.6360472,0.5762316,0.44941798,0.43468162,0.6013481,0.5788555,0.70187163,0.6853395,0.5670067,0.64287287,0.45619318,0.59924835,0.6168973,0.68114144,0.6068533,0.6236862,0.5617416,0.34724417
-0.06437057,0.24656668,0.32859918,0.3718442,0.4361457,0.19656679,0.03132511,0.6034671,0.14722729,0.2162956,0.16836084,0.6598264,0.11607489,0.7268184,0.32417277,0.45336732,0.66295934,1.0,0.2291785,0.20986576,0.1998047,0.36795756,0.27848297,0.54512966,0.30369705,0.34929755,0.2942694,0.1842286,0.6935836,0.5987384,0.2243293,0.63028675,0.38240045,0.69903934,0.48520854,0.6697901,0.6070822,0.62989897,0.5808578,0.53972393,0.63189006,0.3884222,0.35880846,0.45176077,0.4534199,0.18879017,0.42542893,0.46999118,-0.29244462,0.100736946,-0.45305014,0.22784239,0.008550421,0.36143428,0.38520095,0.6620871,-0.008720478,0.24676915,0.007601669,0.021472316,-0.07895841,-0.030963834,0.03574412,0.35370886,-0.1975067,0.0030207997,0.41354805,0.42821988,0.34330782,0.13838542,0.40300566,0.63340485,0.70031834,0.5327934,0.43866387,0.43766794,0.3568733,0.53538036,0.7186423,0.6322285,0.20667093,0.8177235,0.4733324,0.6975312,-0.011941068,0.65960425,0.3854307,0.58279955,0.0908402,0.6048901,0.2776783,0.67697805,0.309499,0.6450556,0.19147162,0.49859393,0.4284455,0.5841098,0.50405324,0.6001142,0.33955985,0.6669393,0.54193383,0.5707719,0.61854976,0.6247075,0.50995815,0.6280214,0.19737725,0.45218047,0.42832986,0.56606853,0.55324346,0.5351892,0.47765943,0.1443406
0.7167782,0.54995894,0.76942587,0.6628992,-0.124053136,-0.20790789,0.677791,0.55223364,-0.19778115,-0.08711276,0.39788058,0.39854246,0.5227181,0.24645807,0.18704022,-0.008213103,0.39815536,0.2291785,1.0,0.87321067,0.5539214,0.47150576,0.59411997,0.47168756,-0.1720255,-0.32507107,-0.15531448,-0.24074177,0.45319536,0.570218,0.30484414,0.19326866,0.51566446,0.36811477,0.46782038,0.40881354,0.37971288,0.3488356,0.3583849,0.26132807,0.45338923,0.50999933,0.6016573,0.4503709,0.6288505,0.6810998,0.50863534,0.485234,0.28381076,0.3737314,0.24499737,0.4298678,0.5137179,0.28451425,0.49101868,0.23916215,0.6768205,0.4991839,0.092261724,-0.20287727,0.53504425,0.28208488,0.6888225,0.43519178,0.39538,0.32199094,0.71106297,0.65688586,0.8054124,0.7147082,0.3790787,0.34311765,0.29927537,0.30615017,0.16324633,0.20481972,0.3284873,0.18536767,0.09688754,0.09713687,0.40057537,0.27634475,0.25507486,0.12540789,0.50894207,0.5195456,0.10323777,0.3052371,0.26472208,0.15100873,0.41483945,0.28620034,0.28207582,0.1959799,0.47495732,0.34545138,0.4129475,0.38876384,0.42580232,0.37196127,0.14438222,0.20809963,0.38280982,0.40605867,0.49106696,0.45833188,0.34740975,0.38457045,0.5864506,0.44622704,0.45677415,0.49680153,0.4124961,0.42502815,0.46844044,0.47592545
0.66333604,0.62060875,0.67720765,0.6409422,-0.19166577,-0.24820212,0.59440917,0.5896946,-0.32413504,-0.13006257,0.2166138,0.38998756,0.37968987,0.27906665,0.026898379,-0.09078966,0.31232432,0.20986576,0.87321067,1.0,0.46706,0.3864729,0.44829422,0.44208223,-0.2522108,-0.3524919,-0.28283757,-0.25766295,0.3769145,0.5120478,0.15707521,0.22220752,0.41720614,0.37318328,0.43898377,0.43395048,0.3075675,0.25424492,0.30026284,0.20952329,0.43092296,0.39017478,0.5946421,0.4374702,0.63976276,0.7454103,0.5144242,0.5261668,0.32482678,0.5021513,0.27999187,0.4921718,0.4528961,0.3874895,0.41278103,0.27865148,0.66893053,0.5894,0.08424489,-0.18492821,0.540295,0.2533684,0.70389485,0.5293407,0.37612936,0.390213,0.703672,0.64210474,0.8277246,0.8276951,0.29879862,0.34770542,0.26665324,0.24973053,0.095299706,0.091773175,0.25119415,0.20155478,0.03732647,0.03366265,0.26164785,0.3068343,0.15192008,0.10759602,0.36300945,0.5523693,-0.015325853,0.25469652,0.09321399,0.15136544,0.34663817,0.34114435,0.22760667,0.23162043,0.40781286,0.37548655,0.3554037,0.3762579,0.41088602,0.4029986,0.06750193,0.2345087,0.39539057,0.43250135,0.48398963,0.4560901,0.3786621,0.42909613,0.5705171,0.420302,0.39770937,0.4315489,0.35958734,0.3339996,0.41990575,0.5080331
0.5074366,0.17074814,0.5499882,0.35906363,-0.15077248,-0.015775489,0.56677514,0.27069154,-0.16485555,0.032602243,0.53375876,0.25662908,0.5362501,0.1321578,0.31281894,-0.0029513878,0.53659827,0.1998047,0.5539214,0.46706,1.0,0.5032266,0.48825824,0.31570658,-0.045462985,-0.21989557,-0.014139552,-0.14515483,0.51106775,0.5451144,0.4629568,0.19448258,0.56135064,0.37503612,0.4109415,0.38420463,0.4963082,0.4415328,0.31169802,0.3232406,0.38295186,0.64020425,0.5515631,0.47729045,0.502071,0.33331105,0.45287457,0.44849306,0.095491655,0.053946987,0.12935397,0.23525468,0.4512232,0.16212495,0.44659558,0.2817776,0.5257038,0.15047252,0.16510493,-0.33540347,0.2930892,0.13643919,0.4477732,0.1252658,0.12620743,0.07490194,0.56685024,0.5453586,0.47488108,0.36784983,0.44037178,0.39559478,0.4172778,0.4130885,0.2616625,0.40997308,0.31291953,0.1721477,0.17313814,0.1942241,0.5597535,0.19059062,0.4416501,0.23578265,0.5489295,0.32719657,0.23695113,0.37573853,0.3384034,0.14344794,0.4778077,0.2344312,0.4142485,0.16865547,0.49028924,0.33210006,0.4263963,0.38768572,0.43173772,0.39437562,0.32424125,0.2305775,0.39916873,0.4092505,0.5120672,0.46888614,0.51685196,0.40794387,0.64323163,0.4393502,0.49951974,0.47574446,0.34972754,0.42346236,0.42185375,0.44074124
0.39079827,0.28332356,0.5003832,0.37994716,-0.1070917,-0.22658423,0.34282577,0.2509915,-0.065136425,-0.23449188,0.36715457,0.21914352,0.24338305,0.1901906,0.23694251,0.051155746,0.4586312,0.36795756,0.47150576,0.3864729,0.5032266,1.0,0.34987327,0.281108,-0.13925412,-0.15360048,-0.061612546,-0.28127635,0.40504885,0.48604706,0.24377556,0.12963447,0.3173552,0.25745392,0.22770879,0.32028267,0.3359662,0.36105645,0.40991652,0.2604024,0.3921828,0.45738706,0.337268,0.3189109,0.35477877,0.40157542,0.3550693,0.30426362,0.051709425,0.10435486,-0.026694687,0.10197036,0.29661995,0.19480576,0.45243734,0.29124224,0.32429597,0.22197837,-0.039762966,-0.24000928,0.32516918,0.14992668,0.27744034,0.24016617,0.20872004,0.22628349,0.40919495,0.44389212,0.3817359,0.34573218,0.43301126,0.40093502,0.36565015,0.38897333,0.251123,0.25596458,0.2673196,0.11756412,0.16014619,0.23000075,0.43274736,0.22463064,0.30062857,0.24546634,0.30155364,0.26795667,0.20624669,0.34097624,0.25315326,0.1078336,0.26774442,0.24131691,0.262814,0.20075555,0.49337295,0.3630566,0.43756738,0.40768173,0.37293836,0.26417476,0.24625988,0.22030236,0.26064545,0.3391889,0.3556699,0.31723502,0.36346743,0.24322115,0.61126375,0.30908638,0.37142983,0.40313053,0.27495036,0.35535493,0.346304,0.20433316
0.50836957,0.055446405,0.7173672,0.68812585,0.13371342,0.24504766,0.5829952,0.3707991,0.26582566,0.3238077,0.6036709,0.2653125,0.56716764,0.15573344,0.59327406,0.41414744,0.5670394,0.27848297,0.59411997,0.44829422,0.48825824,0.34987327,1.0,0.6412127,0.24377997,0.069754325,0.31963304,0.1877382,0.4709895,0.5019307,0.6875308,0.26388484,0.6102063,0.3654083,0.48172575,0.42712632,0.596456,0.5513207,0.40559405,0.56646484,0.43838534,0.5153377,0.45407265,0.42472404,0.46687964,0.37916782,0.45517015,0.40622938,-0.09933363,-0.021365948,0.046987023,0.2586654,0.44118062,2.3192858e-06,0.67127323,0.34640923,0.44670016,0.04900382,0.16574976,-0.09567239,0.29131946,0.06175838,0.32946038,0.012426794,0.078212105,-0.09410905,0.52865666,0.5599555,0.5415118,0.27013066,0.60152704,0.3326224,0.32664552,0.512427,0.44996157,0.49465126,0.5409196,0.33621287,0.21955119,0.41672215,0.5100027,0.19223319,0.655685,0.3324871,0.630775,0.39598596,0.51456624,0.48341405,0.6526251,0.44239378,0.51593006,0.23626769,0.3975232,0.19963297,0.4972477,0.41477558,0.6094682,0.46376798,0.5223871,0.40281707,0.31872454,0.24377704,0.44936916,0.48468035,0.5044609,0.44503027,0.5025024,0.48333693,0.475258,0.60355514,0.6508808,0.5516984,0.39956474,0.4066561,0.52456963,0.36255538
0.14974464,0.3739324,0.60203046,0.76912606,0.3850228,0.22576122,0.20123173,0.6906566,0.23186882,0.33282763,0.19176395,0.53075254,0.2577676,0.57142437,0.3950852,0.5206998,0.45576578,0.54512966,0.47168756,0.44208223,0.31570658,0.281108,0.6412127,1.0,0.2994681,0.28028068,0.37325945,0.21207948,0.5240998,0.3883949,0.34586748,0.7122949,0.32949996,0.5176623,0.413101,0.63107115,0.6231279,0.53274,0.4358559,0.5573997,0.57461905,0.28756788,0.4164014,0.43561697,0.534754,0.41933388,0.47291926,0.52896136,-0.16884434,0.21759978,-0.09764819,0.46674132,0.19272442,0.32536772,0.4993216,0.5281141,0.108487815,0.30373704,0.21918362,-0.06701428,0.10500045,-0.041565433,0.17728455,0.3211493,0.09647055,0.17396492,0.5462258,0.45650455,0.54905033,0.34601155,0.3259575,0.4723337,0.49754843,0.35504672,0.4325511,0.42713103,0.35005465,0.5126846,0.4694866,0.34686854,0.14051512,0.53748167,0.5738086,0.6445264,0.22213705,0.7447967,0.45100018,0.5900236,0.33229563,0.7879675,0.3909536,0.57661027,0.33153105,0.51569825,0.36246923,0.61721754,0.54206073,0.58339036,0.51717013,0.50654763,0.29989305,0.5331579,0.48315153,0.5590823,0.487555,0.5079329,0.5550335,0.6252715,0.3633274,0.69235295,0.68258744,0.59942645,0.37489158,0.39207283,0.45353955,0.15972057
-0.30453926,-0.36173603,-0.089262426,0.18464044,0.70919234,0.8289541,-0.16570008,0.07763411,0.64342004,0.7816833,0.14804232,0.18888897,0.041960005,0.25011533,0.5546977,0.7730137,0.2594415,0.30369705,-0.1720255,-0.2522108,-0.045462985,-0.13925412,0.24377997,0.2994681,1.0,0.8602029,0.7577124,0.7857701,0.2044928,0.15704612,0.47001147,0.35195288,0.22077873,0.3047128,0.3117401,0.27228874,0.2695769,0.38672924,0.10789711,0.38100222,0.29836312,0.2550797,-0.0054538776,0.09686617,0.05347865,-0.085549496,0.00600356,0.10847549,-0.40293902,-0.26628873,-0.18636939,-0.11495602,-0.21526435,-0.18138827,0.077050634,0.17791404,-0.19799194,-0.31852776,-0.016253617,0.061090477,-0.25562996,-0.15666358,-0.19145826,-0.24605697,-0.13477452,-0.28799498,-0.013411212,0.019630913,-0.11310838,-0.3020472,0.18100499,0.11800818,0.20508437,0.33506367,0.34971434,0.43705887,0.0742432,0.2200104,0.37659588,0.42692667,-0.0005554261,0.24019088,0.4110818,0.5011688,-0.0045286817,0.1913623,0.5614791,0.36418205,0.19723357,0.5110342,-0.0037062059,0.13418172,0.037796292,0.13887085,0.12186828,0.13779809,0.17227024,0.19150233,0.10406178,0.1322602,0.0007536521,0.21814962,0.09759481,0.088972315,0.18803872,0.17637518,0.22255546,0.18841124,-0.14367741,0.25754932,0.21501683,0.15235893,0.15334626,0.14861855,0.15822159,-0.030965302
-0.5397331,-0.32013723,-0.20014404,0.12438952,0.7661965,0.78048575,-0.39450806,0.08522166,0.66597253,0.7469567,-0.08254701,0.190376,-0.17862189,0.3484389,0.4553435,0.78898835,0.17788643,0.34929755,-0.32507107,-0.3524919,-0.21989557,-0.15360048,0.069754325,0.28028068,0.8602029,1.0,0.76394266,0.7855531,0.13520207,0.019616088,0.32341954,0.45071176,0.033188008,0.2638254,0.16597345,0.2634447,0.24016275,0.30488437,0.12164216,0.39884758,0.2757827,0.031186614,-0.13364922,0.022067156,-0.05900303,-0.16131929,-0.04057395,0.05782525,-0.4902217,-0.2344434,-0.33317167,-0.15244815,-0.38877016,-0.14566687,-0.013005241,0.22394477,-0.46079278,-0.3022551,-0.004387126,0.09093234,-0.40583408,-0.17052642,-0.3815434,-0.22142112,-0.21294577,-0.23752496,-0.14857115,-0.10529166,-0.24357308,-0.36918452,0.08934312,0.106510475,0.201668,0.26583508,0.40024334,0.39257967,-0.0019532724,0.2574705,0.3946649,0.41036376,-0.17799602,0.31016257,0.34819856,0.53497076,-0.22110787,0.21281035,0.5241048,0.29505596,0.0916267,0.56617445,-0.12343392,0.21262112,-0.017389972,0.23662362,-0.0015665122,0.1518171,0.102981195,0.14858441,0.050436642,0.10112163,-0.0041549024,0.30549967,0.067000814,0.10207586,0.093106814,0.12863249,0.17984986,0.1694012,-0.25362724,0.17781104,0.089621134,0.06267954,0.09327455,0.06778017,0.0369033,-0.21268561
-0.35101634,-0.31274888,0.017582554,0.22351307,0.6972254,0.72986805,-0.19934835,0.08676343,0.73925936,0.6869479,0.16111219,0.1343642,0.055985086,0.24364318,0.63464844,0.80672854,0.26742718,0.2942694,-0.15531448,-0.28283757,-0.014139552,-0.061612546,0.31963304,0.37325945,0.7577124,0.76394266,1.0,0.77527636,0.20398168,0.121556334,0.51065016,0.37760207,0.17490816,0.2594558,0.11375938,0.25634173,0.355424,0.42073435,0.18579282,0.5067461,0.27278325,0.16305256,-0.048667762,0.13343735,0.00664162,-0.18360256,0.061157867,0.12026862,-0.3940901,-0.26545304,-0.3219637,-0.16239423,-0.2120879,-0.17946905,0.1699315,0.2562836,-0.36595526,-0.33047506,0.08701347,0.0072535076,-0.39462653,-0.19009148,-0.34886232,-0.25149542,-0.20217028,-0.2535796,-0.040316153,-0.04700966,-0.19513981,-0.35401163,0.23004922,0.1418318,0.23311506,0.2879678,0.4472072,0.47823367,0.17745028,0.34447405,0.34502178,0.39334095,0.04117006,0.23317659,0.48980296,0.55611265,-0.012819591,0.23825316,0.6446164,0.41079512,0.36007828,0.5820599,0.111429214,0.20441067,0.1558584,0.22516613,0.10977404,0.1475181,0.21248631,0.20322314,0.1775921,0.16775557,0.21149656,0.29656395,0.18378839,0.21849349,0.18529788,0.19132586,0.26556894,0.23132522,-0.11160041,0.24316584,0.23524472,0.20522994,0.16614978,0.17745307,0.21357879,-0.1687856
-0.3347299,-0.4956992,-0.13360734,0.14366513,0.6009763,0.84431297,-0.15215807,0.012701883,0.58872193,0.79311234,0.116965435,0.10540465,0.08842865,0.15821274,0.6067186,0.7784253,0.23072478,0.1842286,-0.24074177,-0.25766295,-0.14515483,-0.28127635,0.1877382,0.21207948,0.7857701,0.7855531,0.77527636,1.0,0.15154363,0.112099305,0.4963553,0.2841711,0.19974887,0.23883279,0.1869832,0.25128353,0.22703856,0.30906764,0.098495595,0.45197344,0.24758513,0.12824906,-0.08175712,0.08273237,-0.05294602,-0.20591152,-0.019312654,0.08638219,-0.40770262,-0.3172148,-0.24992141,-0.20831688,-0.24781543,-0.23623252,0.057952315,0.20135456,-0.27858564,-0.46549693,-0.043782912,0.07227914,-0.39143258,-0.21395287,-0.27871948,-0.3813654,-0.21392493,-0.3771569,-0.09346499,-0.06907902,-0.21930435,-0.3581963,0.15369876,-0.07073401,0.11392709,0.26855493,0.35777852,0.39307362,0.09421156,0.25085405,0.2825234,0.40379944,0.016404351,0.17943527,0.4450398,0.47094688,-0.006512679,0.1326523,0.5597628,0.35817447,0.226703,0.4741858,0.0070254253,0.05978687,0.038821854,0.07819245,0.037719034,0.11532574,0.16029587,0.17628208,0.11671687,0.14220557,0.05629421,0.13250978,0.13009523,0.1007353,0.14968997,0.14440088,0.22580369,0.22133295,-0.17528239,0.19824213,0.12213555,0.103458695,0.1267504,0.09434042,0.16029473,-0.09515978
0.2585579,0.16441217,0.5632599,0.46675196,0.31575248,0.18191609,0.453866,0.6379995,0.07848969,0.2599403,0.50363857,0.68920314,0.56477714,0.5951557,0.53456867,0.37172043,0.77596164,0.6935836,0.45319536,0.3769145,0.51106775,0.40504885,0.4709895,0.5240998,0.2044928,0.13520207,0.20398168,0.15154363,1.0,0.78848386,0.4846412,0.54596424,0.6875542,0.790339,0.6435696,0.7650017,0.7671153,0.7241073,0.6346897,0.5957493,0.693991,0.61986977,0.6448532,0.66362303,0.59981644,0.34150591,0.65155965,0.6581581,-0.14861393,0.08805338,-0.2571131,0.26848313,0.2455327,0.3530751,0.5911581,0.675693,0.26470512,0.14569794,-0.04742397,-0.03518447,0.013996072,-0.0018604733,0.18078229,0.21734272,-0.12872258,-0.08408933,0.67478853,0.6730987,0.48295006,0.21308294,0.62639874,0.6252032,0.7861984,0.6628901,0.50025314,0.56076854,0.5757205,0.5453724,0.6609661,0.6043831,0.62135977,0.7019065,0.66023153,0.62244165,0.4377611,0.6590193,0.48796535,0.62023896,0.37948447,0.5323906,0.5508256,0.59085894,0.49793392,0.5516857,0.28575578,0.49219757,0.53684336,0.60659,0.6835059,0.70883524,0.47450197,0.5987052,0.6754282,0.6584504,0.75784904,0.75011075,0.5959856,0.67422074,0.43842152,0.5996638,0.5171866,0.6984059,0.69362307,0.71909964,0.6602443,0.37265605
0.48616374,0.14652653,0.59774363,0.508362,0.16249287,0.16404513,0.61678094,0.55501825,0.0015936026,0.17914945,0.59310496,0.6209059,0.6071819,0.43886393,0.53469104,0.30516228,0.72372717,0.5987384,0.570218,0.5120478,0.5451144,0.48604706,0.5019307,0.3883949,0.15704612,0.019616088,0.121556334,0.112099305,0.78848386,1.0,0.5783832,0.3230375,0.75018096,0.6873301,0.6231033,0.65730876,0.6158573,0.6838111,0.5736318,0.5300161,0.62756294,0.7761898,0.6563024,0.6732862,0.5802498,0.42652336,0.6457108,0.66606706,-0.019541018,0.09751428,-0.0288769,0.24346432,0.4023654,0.32260078,0.6017085,0.57757646,0.5076062,0.1312945,-0.06926229,-0.067552246,0.20505756,0.11022809,0.37948337,0.21267313,0.049400542,-0.040441804,0.6407547,0.7060184,0.50706774,0.34865618,0.6726675,0.51032776,0.5872376,0.7225282,0.4305311,0.51746476,0.5587329,0.39648438,0.4258886,0.58818245,0.63743854,0.5198598,0.59493214,0.46107665,0.5380391,0.5706135,0.42071986,0.6002634,0.41525835,0.33477336,0.5543776,0.46530032,0.49416295,0.4059731,0.45557585,0.4257723,0.558454,0.63113534,0.6831341,0.6916652,0.41941094,0.44725302,0.65531814,0.6184033,0.78133655,0.71190333,0.5897761,0.60887074,0.5294244,0.52781093,0.50220865,0.6301667,0.62926936,0.6799784,0.72011834,0.543091
0.33092332,-0.34565324,0.4339123,0.43735123,0.2592322,0.5137336,0.52840626,0.1497457,0.3996948,0.52240336,0.6677225,0.18603577,0.5763544,0.054805715,0.7886213,0.55439055,0.5953379,0.2243293,0.30484414,0.15707521,0.4629568,0.24377556,0.6875308,0.34586748,0.47001147,0.32341954,0.51065016,0.4963553,0.4846412,0.5783832,1.0,0.19146521,0.6794962,0.40438482,0.49121514,0.45194972,0.5638101,0.6140865,0.31369865,0.65307957,0.38957626,0.5825035,0.4178799,0.46954373,0.28655335,0.19526464,0.4335209,0.43581918,-0.17454772,-0.23080312,0.008932222,-0.023643522,0.32659224,-0.10479275,0.545489,0.3538127,0.29821318,-0.3409457,0.09768725,-0.117391385,0.105697855,-0.049669325,0.15230723,-0.26508033,0.02351692,-0.33675772,0.37216625,0.47481626,0.18695793,-0.05725019,0.6727191,0.22578579,0.32271746,0.64700156,0.5421551,0.6534036,0.5207746,0.25265545,0.22244187,0.56930715,0.5744201,0.10147687,0.73655784,0.37636894,0.6718429,0.25393793,0.6905869,0.5321931,0.70079195,0.39960313,0.54631144,0.16424456,0.51192766,0.17278412,0.4435898,0.31437665,0.535392,0.4183976,0.5097705,0.42811808,0.4289243,0.2632217,0.5048517,0.4519286,0.5361338,0.44970006,0.49422404,0.42630047,0.330921,0.48590806,0.4668342,0.4169475,0.3788075,0.4391547,0.5470925,0.34324798
