1.0,0.70910007,0.6274192,0.58009064,-0.47246814,-0.18166272,0.6877822,0.5064837,-0.26379,-0.4028331,0.6629877,0.49422103,0.41282046,0.35017914,-0.11761191,-0.23332237,0.56311125,0.53813845,0.47960863,0.52235985,-0.1600751,-0.12736517,0.5349616,0.40996656,-0.14116816,-0.31342322,-0.24376138,-0.32983598,0.3461081,0.3179953,0.41304833,0.34222552,0.703466,0.77808815,0.70414287,0.6236168,0.048538234,0.14097401,-0.29132617,-0.12891313,-0.15131855,-0.06986865,0.5704772,0.6641283,0.37353253,-0.0839714,0.44541627,0.480024,0.16135348,-0.19087613,0.08926757,-0.0040161824,0.3711757,0.38795093,-0.0260183,0.024108693,0.80902004,0.5608288,0.27985373,-0.18957469,0.43225634,0.023813149,0.6613207,0.3967545,0.30317494,0.36825553,0.58140224,0.69043434,0.11247646,-0.15229441,0.50075644,0.36479878,0.33574545,0.34714422,0.33412063,0.40020812,0.3625981,0.37323055,0.39537412,0.53018284,0.49896717,0.32565916,-0.30873454,-0.09156335,0.17041376,0.23646183,-0.44212648,-0.45250598,-0.024591198,-0.38682175,-0.0936121,-0.09820708,0.038047243,-0.2463812,-0.30646273,-0.019603074,-0.027043743,-0.080937155,0.05828839,-0.0011566142,-0.29804704,-0.20490852,-0.16359024,-0.31214496,-0.3284852,-0.27910137,-0.27163413,-0.34245828,0.15904732,0.2362898,0.2427648,0.32118595,0.07718282,-0.21732435,-0.20853055,-0.006594784
0.70910007,1.0,0.6479424,0.6309586,-0.35560465,-0.3649498,0.6118035,0.62243134,-0.23903494,-0.42202264,0.5419481,0.527746,0.41628116,0.49587947,0.008648179,-0.017802002,0.4950206,0.52509344,0.4420213,0.5834444,-0.205376,-0.06428301,0.49151614,0.4285772,-0.4795327,-0.45964345,-0.43663174,-0.37980357,0.40241316,0.38911274,0.47322053,0.4160127,0.52324194,0.61682194,0.5799152,0.4923273,0.16080514,0.23513775,-0.106799796,0.014146186,-0.061382096,0.03267245,0.688462,0.75829476,0.5281832,-0.036184397,0.59095484,0.5189252,0.38372663,0.07551175,0.20798658,0.23633334,0.33669728,0.52127993,0.121609084,0.19963361,0.6336842,0.822033,0.43504217,0.049262714,0.51227593,0.09310048,0.66916686,0.59214187,0.33813187,0.53981304,0.62788516,0.7771224,0.2807586,-0.03126006,0.51810265,0.4469585,0.35183197,0.32230538,0.31385186,0.432297,0.3539969,0.4287088,0.2362471,0.45793805,0.54472643,0.51709485,-0.25707358,0.041132808,0.1913968,0.4747156,-0.6321365,-0.45294997,-0.016118512,-0.11978925,0.07356633,0.08752,0.04520644,-0.08291215,-0.23274657,0.10462555,0.08100955,0.07045479,0.25223723,0.16343312,-0.24357432,-0.12501876,-0.076080784,-0.14745413,-0.18737034,-0.17690773,-0.116444066,-0.29821804,0.10878662,0.26964003,0.39128658,0.48325083,0.30804485,0.033208385,-0.13571839,0.12333545
0.6274192,0.6479424,1.0,0.88207906,-0.14422072,0.0015054044,0.89084876,0.9094225,0.18351728,-0.051759247,0.8087831,0.84902453,0.8035537,0.73213637,0.350584,0.16966914,0.84096026,0.80014825,0.2937022,0.35116062,0.19025886,0.23529263,0.89433503,0.85944295,-0.16936815,-0.21491213,-0.023908406,-0.14873013,0.7583457,0.681447,0.78883296,0.8025224,0.61125183,0.7145209,0.7194032,0.78233063,0.51752687,0.579922,0.16281275,0.31535688,0.29631343,0.32156795,0.6048998,0.8327179,0.1462484,0.10632131,0.788235,0.78778934,0.15906328,-0.026370822,0.11928247,-0.014299157,0.21998684,0.15288009,0.42897817,0.48475683,0.4563494,0.44620705,-0.08174763,0.01307064,0.07512683,-0.08584679,0.4572084,0.31677827,-0.023009868,0.16622847,0.70484406,0.81868136,0.013341145,0.020588048,0.8382252,0.7834679,0.7115262,0.64852005,0.64582014,0.6054969,0.7803575,0.8089946,0.736276,0.7259198,0.7999792,0.73658156,0.05281767,0.32623005,0.49071926,0.5478655,-0.28701058,-0.2015817,0.36192986,0.1375065,0.13966884,0.22796632,0.010990653,-0.049456596,0.21294858,0.29352245,0.47732228,0.43720847,0.48727313,0.43421644,0.038719784,0.17063172,0.15116659,0.0008693204,-0.0015259968,-0.012216819,-0.080057524,-0.101428285,0.24882707,0.5033866,0.7215392,0.64998925,0.56448543,0.29958537,0.21529719,0.17825952
0.58009064,0.6309586,0.88207906,1.0,-0.012706784,0.13568705,0.7873166,0.8444288,0.28274703,0.006665456,0.7448508,0.80349094,0.7067147,0.6955899,0.31497094,0.14299822,0.7396745,0.73620623,0.29115343,0.32285264,0.06952489,0.2866187,0.8573441,0.835047,-0.06784429,-0.084856555,0.061534543,-0.060020268,0.6981249,0.6053602,0.6911456,0.77302414,0.5723457,0.70896417,0.70171225,0.7938251,0.45186773,0.4955828,0.090850376,0.24500766,0.29836917,0.22550109,0.54723835,0.74093664,0.06623487,0.10768006,0.7038805,0.7208594,0.0032877887,-0.11421534,-0.0034132442,-0.07633659,0.15663525,0.22843768,0.2937488,0.40228403,0.36500934,0.39357218,-0.11645106,-0.11962457,-0.029336493,-0.05787812,0.32838967,0.33911297,-0.11449114,0.16229515,0.6745985,0.741372,-0.052927442,-0.039403945,0.743617,0.7176094,0.68489105,0.5597235,0.5985421,0.507222,0.7050041,0.7301555,0.63761955,0.6050113,0.65136355,0.6491838,0.071288414,0.30819684,0.296196,0.5694467,-0.31624323,-0.18790004,0.21662702,0.17118163,0.022004444,0.24701616,0.027892726,0.022946145,0.1343494,0.22942525,0.41941014,0.34755346,0.39018384,0.34580073,-0.068799704,0.1533858,0.1152067,-0.0136224525,-0.011066448,-0.04683982,-0.07435408,-0.15200295,0.19947763,0.4614845,0.6577742,0.5864168,0.489796,0.20814261,0.20491076,0.1338666
-0.47246814,-0.35560465,-0.14422072,-0.012706784,1.0,0.45805612,-0.26149914,-0.03636291,0.6872585,0.7505927,-0.26564705,-0.05706202,0.020858044,0.045116127,0.46255684,0.5194689,-0.07517173,-0.088269405,-0.15747856,-0.19238791,0.34428614,0.3502009,-0.113102786,0.04082927,0.45749605,0.6792675,0.39692947,0.5856711,0.13457851,0.024545543,0.0012237396,0.10792286,-0.24363604,-0.27871135,-0.25916764,-0.17390919,0.22338912,0.15976371,0.48258397,0.34622717,0.45763275,0.2616066,-0.06911828,-0.26840752,-0.43314806,0.14329563,-0.029087432,-0.1322502,-0.2666165,0.14287625,-0.03896516,0.05656422,-0.47609314,-0.2076972,0.2875153,0.23955311,-0.47183493,-0.37514594,-0.34044406,-0.08175526,-0.4828685,0.12601727,-0.3355695,-0.114848725,-0.31038925,-0.19315787,-0.1949196,-0.3034599,-0.004905826,0.22660632,-0.09775317,-0.024193134,0.10445311,-0.04613573,-0.041653536,-0.103317544,-0.024492586,0.0043175463,-0.0025987646,-0.20489745,-0.09955455,0.109079964,0.51649684,0.41605932,0.0692524,0.10735586,0.6139492,0.638493,0.31800345,0.7016035,0.3599606,0.39618105,0.2927576,0.52051276,0.47644466,0.12568812,0.26323286,0.2966772,0.22637324,0.20922072,0.42703983,0.29921907,0.36898822,0.4857152,0.5610597,0.43993613,0.58877844,0.47649094,-0.13181782,-0.035069972,0.114905,-0.045442984,0.26424682,0.4110995,0.42817655,0.23764929
-0.18166272,-0.3649498,0.0015054044,0.13568705,0.45805612,1.0,0.018805662,-0.012638399,0.671375,0.62417144,0.16653687,0.21951242,0.22610225,0.16510625,0.44972447,0.26778567,0.14590932,0.14389935,-0.41479695,-0.45167887,0.21818523,0.47607768,0.1499333,0.20306362,0.6360101,0.4486111,0.7407904,0.29765254,0.24178155,0.22005087,0.058550153,0.26433304,-0.22443044,-0.107640736,-0.066975504,0.18700404,0.37321317,0.25352204,0.3482811,0.34461764,0.3972993,0.25137007,-0.19401972,-0.17192985,-0.5653196,0.14828146,-0.0049109296,0.13480797,-0.5713769,-0.21939577,-0.38217974,-0.4144424,0.005146638,-0.05226262,0.21330993,0.22940542,-0.2818768,-0.52992713,-0.68010294,-0.39448228,-0.62051797,-0.05797368,-0.5412645,-0.3676352,-0.44409713,-0.39227048,-0.044291794,-0.2127423,-0.3883365,-0.0051185065,0.063771926,0.11960224,0.219236,0.17085195,0.28596547,0.041054923,0.28822988,0.19607584,0.31214213,0.019947646,-0.07903972,0.03439564,0.6209585,0.43058303,-0.03454819,0.21616897,0.42643797,0.43636703,0.3043317,0.2818977,0.028132483,0.4525039,0.25354272,0.35597897,0.2514645,0.1571357,0.34395784,0.34795597,0.2413629,0.2835973,0.30648842,0.5106322,0.42651019,0.37523907,0.4807299,0.45471442,0.24306597,0.4681482,0.061080407,0.15084362,0.13868707,0.17124093,0.20827281,0.22092655,0.6458703,0.16113545
0.6877822,0.6118035,0.89084876,0.7873166,-0.26149914,0.018805662,1.0,0.8351081,0.12928341,-0.08109886,0.86054665,0.8584833,0.84283334,0.7503958,0.32299578,0.14602673,0.82553256,0.83881867,0.16232154,0.23405826,0.18335186,0.20373148,0.87540084,0.82774633,-0.13274175,-0.20968525,-0.035438474,-0.2581527,0.7368582,0.7213658,0.7944107,0.7682627,0.51079804,0.63896644,0.6698841,0.7236047,0.5174007,0.6023901,0.120515,0.32809228,0.2457689,0.3071682,0.61663187,0.8438621,0.20414703,-0.023849327,0.7709415,0.8214018,0.14165892,-0.11077681,0.10184803,-0.09566345,0.39890787,0.21075374,0.40316093,0.48914334,0.56785923,0.4665955,0.0141963465,0.0014501779,0.18411382,-0.095586024,0.5043319,0.27236414,0.057516385,0.12571295,0.6962315,0.77165306,-0.020930335,-0.07511748,0.8347339,0.7664957,0.6738672,0.70307356,0.65933615,0.6527606,0.7916104,0.7881155,0.7264455,0.7968509,0.83761704,0.71061164,0.023914477,0.3161275,0.56652033,0.5364261,-0.35100752,-0.27986756,0.37429136,0.040992323,0.12999335,0.19093618,0.108238995,-0.05804285,0.1521076,0.33696184,0.46883368,0.41845635,0.47212017,0.4210031,-0.06550911,0.029364137,0.049529,-0.11231829,-0.115524225,-0.078856826,-0.18296449,-0.15434869,0.29651538,0.57778335,0.71129555,0.66554135,0.49665242,0.20255421,0.15512569,0.19150323
0.5064837,0.62243134,0.9094225,0.8444288,-0.03636291,-0.012638399,0.8351081,1.0,0.25346455,0.08228765,0.74548554,0.8620677,0.8337267,0.8172239,0.46889138,0.3563718,0.82628053,0.82446676,0.23522885,0.29845935,0.26417953,0.28836945,0.8531118,0.8598568,-0.19566807,-0.13748318,-0.06474608,-0.08309138,0.811888,0.7631197,0.84914845,0.8406615,0.5166766,0.5989233,0.61504614,0.68964696,0.6123414,0.6989489,0.31357503,0.45708206,0.39276534,0.447575,0.6491843,0.8399467,0.1554141,0.07213665,0.83030856,0.807703,0.21972843,0.095438525,0.20194973,0.08859629,0.16952808,0.13089609,0.56672764,0.6284675,0.40843773,0.46449938,-0.051831864,0.11405628,0.094111785,-0.025230074,0.45724243,0.3107622,-0.010056194,0.18634951,0.6593279,0.7981033,0.06486167,0.091988355,0.8575213,0.8241579,0.75485766,0.70874465,0.6384801,0.6545863,0.77347964,0.8459629,0.6842361,0.75414586,0.8463565,0.85463226,0.13441478,0.47107086,0.59129494,0.636202,-0.21683663,-0.062429726,0.47901797,0.34059733,0.3097235,0.31768712,0.07983863,0.0473302,0.32321885,0.41625053,0.55933946,0.56297135,0.6132995,0.55334306,0.11763872,0.15369456,0.18655048,0.07670663,0.09177012,0.0779208,0.04202444,0.0065291547,0.2343395,0.5463458,0.78353083,0.69787616,0.6558375,0.45738342,0.27822086,0.2469383
-0.26379,-0.23903494,0.18351728,0.28274703,0.6872585,0.671375,0.12928341,0.25346455,1.0,0.8063131,0.1127052,0.33209887,0.37999767,0.39009416,0.73441947,0.6768678,0.18490009,0.21761808,-0.23678349,-0.21470092,0.3996752,0.45558503,0.23347743,0.4195207,0.48850963,0.6151756,0.5594059,0.42769605,0.392568,0.3829875,0.29350924,0.44179794,-0.2059358,-0.14165923,-0.013674096,0.092722744,0.5124185,0.47734705,0.57000226,0.5733108,0.609409,0.48429424,0.042072058,-0.00866157,-0.3741136,0.08940469,0.2476398,0.23394443,-0.3100046,0.020231865,-0.17589182,-0.1569762,-0.21858072,-0.15933658,0.4616857,0.49880737,-0.29231814,-0.37631768,-0.47018036,-0.060451575,-0.48865497,-0.046215627,-0.36294398,-0.23619866,-0.36573002,-0.27208543,0.07610428,-0.08922238,-0.16171117,0.13447142,0.16623962,0.23566948,0.29568124,0.2743604,0.24419327,0.1858123,0.31188893,0.29563054,0.27342325,0.1259928,0.18628645,0.316347,0.6768432,0.68057173,0.26607212,0.37489304,0.5005565,0.57608575,0.51812327,0.61734813,0.3444672,0.55523264,0.3261697,0.5094141,0.5248531,0.40808687,0.55812097,0.5401431,0.46591097,0.47552451,0.42591667,0.4809657,0.52316266,0.53835255,0.5881592,0.55297816,0.5024971,0.50523263,0.13819642,0.29716894,0.39957857,0.3044237,0.5120881,0.541293,0.67156094,0.38091186
-0.4028331,-0.42202264,-0.051759247,0.006665456,0.7505927,0.62417144,-0.08109886,0.08228765,0.8063131,1.0,-0.09072005,0.12794372,0.22316238,0.23465638,0.6440563,0.68182987,0.048348524,0.08832507,-0.2772733,-0.2997468,0.4971767,0.43486887,0.015279079,0.1785618,0.5719059,0.69449747,0.56601393,0.5760536,0.24557188,0.26754776,0.1732719,0.2632837,-0.28171328,-0.28199834,-0.21618749,-0.10044495,0.42888355,0.40491223,0.6215084,0.5547977,0.57176924,0.48920986,-0.064066194,-0.15555255,-0.45835975,0.060553316,0.06211964,0.057737663,-0.3158074,0.1141802,-0.06964955,-0.09276463,-0.31480086,-0.28276202,0.4585261,0.45944762,-0.33523536,-0.47570956,-0.4603671,-0.07209397,-0.4849035,0.069047906,-0.35511723,-0.2998243,-0.3474863,-0.3219839,-0.15748903,-0.26081204,-0.11817871,0.24823698,0.046083268,0.10152156,0.20782706,0.18152952,0.09503106,0.10156766,0.15401267,0.16354759,0.16189598,0.017720822,0.045348268,0.22468424,0.66244775,0.64871716,0.2594156,0.20689861,0.6934649,0.75764245,0.545721,0.69009,0.42771858,0.48207387,0.36664766,0.53561985,0.5347722,0.36714724,0.4403987,0.4943354,0.39110246,0.42620155,0.48763943,0.4009691,0.43994305,0.5128964,0.59980315,0.56262916,0.5366529,0.6179364,0.047711603,0.16155998,0.22869827,0.113317475,0.362198,0.5363252,0.5956929,0.32352918
0.6629877,0.5419481,0.8087831,0.7448508,-0.26564705,0.16653687,0.86054665,0.74548554,0.1127052,-0.09072005,1.0,0.8741799,0.8306369,0.7434016,0.3432534,0.084198534,0.8700675,0.8730349,-0.005557457,0.038169,0.19359098,0.34774512,0.82635033,0.72963774,0.01274105,-0.14303279,0.06291522,-0.21405524,0.78264767,0.74714804,0.7954423,0.8055963,0.4429222,0.6425631,0.6746702,0.7840603,0.55770046,0.6023962,0.1469338,0.31524682,0.28489527,0.29824826,0.46400282,0.7753975,0.07087506,-0.15522717,0.708541,0.85077906,-0.05796706,-0.29498237,-0.1502253,-0.3098236,0.39968765,0.22735955,0.39102912,0.46399534,0.5152942,0.3390766,-0.037637312,-0.1322245,0.0889165,-0.25325513,0.35886532,0.097942464,-0.13145167,0.0007710581,0.6619903,0.71763307,-0.22623387,-0.26182485,0.83722544,0.7694832,0.7701745,0.7687253,0.7520654,0.7003883,0.8296439,0.7984938,0.7646637,0.82236624,0.7602553,0.660615,0.11775078,0.33362606,0.41679624,0.56071335,-0.34943816,-0.26779804,0.39666975,-0.046605833,0.084175654,0.22685346,0.13080934,-0.07671962,0.085985005,0.34104544,0.48176137,0.4197959,0.4662929,0.44336936,-0.036322694,0.05237291,0.1272161,-0.031882178,-0.06280253,0.0009783881,-0.15414129,-0.10399617,0.41062713,0.61495394,0.69563353,0.71761423,0.44150662,0.15413524,0.21208012,0.26947823
0.49422103,0.527746,0.84902453,0.80349094,-0.05706202,0.21951242,0.8584833,0.8620677,0.33209887,0.12794372,0.8741799,1.0,0.9097829,0.8902757,0.5368528,0.33821127,0.870237,0.9031598,-0.048567474,0.030529648,0.26591802,0.46755606,0.8558687,0.8338787,-0.032498367,-0.06528297,0.109736376,-0.15223178,0.87288034,0.8627644,0.8798198,0.9005812,0.34507293,0.53381836,0.59605885,0.7323252,0.7200244,0.764003,0.3525898,0.53000146,0.44114137,0.46304506,0.53818727,0.8218566,0.03439547,-0.047425237,0.80181515,0.9123672,0.0040591843,-0.14726381,-0.061422925,-0.17213821,0.31516248,0.19143656,0.5698029,0.6663904,0.37563232,0.33486527,-0.13162296,-0.06373026,0.017144626,-0.17085277,0.2823699,0.12546659,-0.1342215,0.021437582,0.65216947,0.7227379,-0.16135077,-0.10593494,0.88188636,0.85949945,0.80864996,0.8295176,0.7878813,0.7398296,0.8876924,0.89175016,0.76939374,0.83199954,0.8197855,0.8244665,0.26357266,0.5399522,0.52841115,0.71831733,-0.2671212,-0.10608852,0.5297911,0.2418315,0.25165242,0.44232634,0.21583779,0.110015556,0.2642041,0.48262,0.63361365,0.620905,0.65402555,0.6310983,0.073422715,0.1855055,0.24046165,0.12149515,0.11411345,0.16231371,0.013128849,0.042158894,0.38416457,0.6701846,0.81539744,0.81086785,0.6520272,0.40001634,0.40001222,0.3439858
0.41282046,0.41628116,0.8035537,0.7067147,0.020858044,0.22610225,0.84283334,0.8337267,0.37999767,0.22316238,0.8306369,0.9097829,1.0,0.8808156,0.61931753,0.44318876,0.855434,0.90154904,-0.098879665,-0.029269386,0.40610817,0.4323129,0.83361787,0.83011335,0.0064919624,0.022490038,0.09494572,-0.09588186,0.9099495,0.8846007,0.90672314,0.9050692,0.27323905,0.41109067,0.50336,0.62751555,0.7701298,0.8259411,0.45997158,0.6148617,0.49533504,0.5469505,0.5379475,0.7559576,0.011789252,-0.08056276,0.82459617,0.8767905,0.045797236,-0.04859537,0.036871947,-0.13871357,0.2798173,0.114679106,0.6896945,0.7401368,0.35521722,0.28865486,-0.1355155,0.009162382,0.0027063356,-0.124995284,0.3034584,0.11546682,-0.13551435,-0.035344694,0.58645874,0.64615667,-0.107754454,-0.040621866,0.8811063,0.8500023,0.8260091,0.8503448,0.76104915,0.7633071,0.8719571,0.8924258,0.7389679,0.8365239,0.87510985,0.8601672,0.33242297,0.6011116,0.695525,0.68314594,-0.13072121,-0.0014716451,0.65863776,0.36040458,0.41223595,0.45099843,0.2896433,0.17749204,0.42990845,0.5726649,0.7179781,0.7114741,0.7354936,0.6809555,0.17572859,0.15573347,0.25656858,0.15750246,0.17032798,0.2038108,0.09577123,0.13580124,0.35949165,0.71580046,0.846841,0.804555,0.69741315,0.4878217,0.41719612,0.39588082
0.35017914,0.49587947,0.73213637,0.6955899,0.045116127,0.16510625,0.7503958,0.8172239,0.39009416,0.23465638,0.7434016,0.8902757,0.8808156,1.0,0.6724397,0.56921035,0.7292236,0.8623518,-0.13431403,-0.007653839,0.31017962,0.47647694,0.7373626,0.7383988,-0.11513432,0.007865851,0.004838855,-0.1402948,0.8661892,0.91951644,0.88836277,0.853861,0.14948815,0.33119154,0.43590865,0.5128702,0.8099739,0.86786765,0.5453423,0.6995544,0.51978177,0.59702647,0.55055135,0.7706471,0.14753373,-0.17883651,0.78373575,0.8793121,0.112137154,-0.015711833,-0.04573459,-0.07915758,0.31048942,0.23895305,0.6982205,0.8241566,0.3065571,0.3849618,0.017037619,0.03660216,0.13866912,-0.14688095,0.25742376,0.1302355,-0.07378482,0.105583,0.5757544,0.6248168,-0.111235745,-0.082687,0.8029879,0.8056078,0.77628934,0.85463476,0.764255,0.8106988,0.81055224,0.82856095,0.5903655,0.768564,0.8141943,0.8802394,0.39966512,0.70242023,0.605413,0.8291727,-0.24408433,0.02660219,0.6389157,0.40222684,0.45262522,0.5848249,0.3486982,0.28096014,0.3517836,0.6827034,0.7232686,0.7315997,0.7815472,0.7673999,0.15441614,0.17684998,0.29117304,0.25030282,0.21583273,0.3116419,0.1698466,0.16177851,0.46443856,0.77213055,0.8206124,0.8504883,0.7482422,0.5541984,0.4386259,0.5169367
-0.11761191,0.008648179,0.350584,0.31497094,0.46255684,0.44972447,0.32299578,0.46889138,0.73441947,0.6440563,0.3432534,0.5368528,0.61931753,0.6724397,1.0,0.85176694,0.4089872,0.47902414,-0.30375153,-0.21131095,0.49954602,0.5360633,0.36977273,0.48032388,0.14156933,0.34087366,0.32868162,0.13519837,0.66292727,0.7105417,0.58215976,0.6291255,-0.18137108,-0.078388385,0.0999188,0.15083395,0.78917986,0.7796373,0.81535786,0.83726406,0.72029954,0.74031997,0.2646177,0.30108127,-0.08688083,-0.102780536,0.4860838,0.5285018,-0.001844206,0.100298844,-0.1263927,-0.11341779,0.045105357,-0.043837227,0.80353427,0.80393666,-0.10816612,-0.06711208,-0.24687538,0.06243771,-0.1308637,-0.1840332,-0.14807227,-0.17377517,-0.26311678,-0.04966579,0.25481322,0.19519825,-0.19015606,0.042640567,0.4157233,0.45514748,0.5148252,0.5774883,0.46573398,0.4913854,0.52659094,0.5220546,0.3699573,0.38080236,0.5019579,0.64282435,0.78972495,0.90559876,0.5232704,0.67560786,0.28763452,0.50737923,0.8038357,0.6149833,0.6074652,0.73040295,0.40076584,0.5114793,0.59792364,0.70801973,0.78861696,0.809089,0.7883441,0.8150314,0.58638173,0.4582312,0.6484449,0.6468737,0.65763533,0.7027144,0.573265,0.60270363,0.3938358,0.5846365,0.61283857,0.6491207,0.74140567,0.778073,0.7367766,0.6691344
-0.23332237,-0.017802002,0.16966914,0.14299822,0.5194689,0.26778567,0.14602673,0.3563718,0.6768678,0.68182987,0.084198534,0.33821127,0.44318876,0.56921035,0.85176694,1.0,0.18529095,0.31414905,-0.2535869,-0.13013148,0.4109612,0.3663638,0.15922596,0.33315203,0.03671442,0.40507856,0.11389976,0.15159017,0.48147145,0.58391166,0.4506278,0.43361807,-0.28353697,-0.23332466,-0.07522319,-0.09757894,0.6827631,0.7038192,0.83699733,0.81334877,0.618543,0.733924,0.2945239,0.18329623,0.0323728,-0.13328181,0.39947283,0.35013378,0.12545623,0.2801851,0.044674467,0.12866801,-0.028963502,-0.010245175,0.78293204,0.790995,-0.12571037,-0.00096579164,-0.06885091,0.21848956,-0.009439654,0.0011941424,-0.06872939,-0.06524986,-0.059598777,0.038939252,0.13665053,0.07004431,-0.0022798167,0.12413559,0.26136047,0.28466967,0.3572113,0.43625274,0.2850289,0.43001583,0.32132995,0.360917,0.10468669,0.24346575,0.40348372,0.57749176,0.69344014,0.87223893,0.5702723,0.6030209,0.3485983,0.6166903,0.7533261,0.73961884,0.750892,0.6954401,0.47643983,0.5453775,0.6268481,0.75501305,0.7045219,0.7535076,0.75177544,0.7608996,0.5682922,0.33403888,0.5386999,0.612439,0.63609266,0.6833096,0.6571015,0.6390091,0.2949574,0.50503135,0.50892454,0.50689846,0.680621,0.8177471,0.6244448,0.64106196
0.56311125,0.4950206,0.84096026,0.7396745,-0.07517173,0.14590932,0.82553256,0.82628053,0.18490009,0.048348524,0.8700675,0.870237,0.855434,0.7292236,0.4089872,0.18529095,1.0,0.8529376,0.09019535,0.10975582,0.27426544,0.3506521,0.8194386,0.76398075,0.01435292,-0.10848591,0.0633293,-0.10743569,0.84435314,0.7385724,0.81036407,0.8361116,0.53313494,0.64496905,0.6647981,0.8020714,0.5957275,0.63723844,0.23538645,0.3741199,0.37002409,0.3989603,0.54393256,0.7909485,-0.035843257,0.027525071,0.77440435,0.826421,0.009582394,-0.12490467,0.048216857,-0.1470413,0.20496589,0.07204197,0.526103,0.52398646,0.46570918,0.29473072,-0.17373165,-0.06477647,-0.027652252,-0.13693544,0.4096377,0.13915065,-0.13045962,0.0049053696,0.641279,0.7694395,-0.09991989,-0.07104958,0.8739343,0.8011949,0.80992764,0.7522646,0.7071263,0.65436447,0.82915056,0.8604849,0.84232515,0.84111845,0.8138045,0.7738551,0.14208007,0.3902388,0.5337377,0.54070073,-0.16294938,-0.11832561,0.52885514,0.1616764,0.24276201,0.27538028,0.10284677,-0.038956624,0.2458401,0.29939398,0.50179195,0.51858556,0.5608119,0.503377,0.13140368,0.15667653,0.21656233,0.068137504,0.09002396,0.08458476,0.0030403135,0.01266015,0.24212092,0.4944144,0.729969,0.69524574,0.5451548,0.32034776,0.29801077,0.23856123
0.53813845,0.52509344,0.80014825,0.73620623,-0.088269405,0.14389935,0.83881867,0.82446676,0.21761808,0.08832507,0.8730349,0.9031598,0.90154904,0.8623518,0.47902414,0.31414905,0.8529376,1.0,-0.062596075,-0.0027443485,0.31945783,0.37647513,0.8351849,0.78209925,-0.031999297,-0.03927457,0.024679368,-0.13289896,0.87562084,0.8704044,0.89374846,0.87342167,0.35465327,0.5228718,0.5270763,0.6872543,0.69056475,0.7671412,0.34171456,0.50452983,0.35990167,0.43917313,0.5709113,0.81541705,0.081264935,-0.10491833,0.81667864,0.89425594,0.018977795,-0.10472075,0.032101348,-0.13267945,0.3900582,0.25471735,0.5688536,0.6537673,0.47145063,0.41074982,-0.034798723,-0.049309358,0.10463139,-0.11144708,0.38642675,0.21026872,-0.08144073,0.01927556,0.58960956,0.7044833,-0.11229193,-0.10092304,0.89208645,0.8631045,0.82894444,0.8471378,0.7804269,0.7731925,0.86330074,0.8927996,0.7036134,0.86296725,0.8290124,0.8346288,0.19299203,0.5027226,0.5921341,0.6675983,-0.28015953,-0.12002237,0.5210264,0.2419681,0.31779167,0.38700414,0.29188228,0.10996549,0.2885467,0.5053438,0.6252965,0.6038932,0.64850855,0.59793663,0.017214771,0.028942041,0.09240719,0.019506324,0.015504484,0.08085093,-0.018487439,0.03918101,0.33298522,0.6980817,0.79656833,0.78071576,0.58463705,0.34117743,0.28052974,0.30872518
0.47960863,0.4420213,0.2937022,0.29115343,-0.15747856,-0.41479695,0.16232154,0.23522885,-0.23678349,-0.2772733,-0.005557457,-0.048567474,-0.098879665,-0.13431403,-0.30375153,-0.2535869,0.09019535,-0.062596075,1.0,0.89218545,-0.1672864,-0.37889236,0.11209287,0.09467837,-0.21186262,-0.27197218,-0.30174333,0.024808576,-0.10621042,-0.22572535,-0.0572774,-0.09103341,0.7384576,0.5609513,0.40957308,0.2167846,-0.33626798,-0.25635743,-0.3972499,-0.36803964,-0.22110397,-0.20657599,0.28839394,0.20372827,0.33671182,0.21349114,0.06918147,-0.13136764,0.3026437,0.26165718,0.3764713,0.44393942,-0.24714541,-0.048097897,-0.23217113,-0.30532053,0.38957348,0.37174574,0.21179739,0.035210595,0.27637017,0.21116047,0.54414445,0.4038613,0.3339611,0.5006172,0.21639735,0.39981818,0.38945204,0.30088225,0.067355074,-0.05340885,-0.06121452,-0.19697264,-0.21244682,-0.118625276,-0.19235423,-0.08050941,-0.02396615,-0.04902772,0.111585476,-0.008514075,-0.39262938,-0.31495723,-0.04800221,-0.20628199,-0.07733596,-0.17862359,-0.25924966,-0.17991364,-0.1239127,-0.34675094,-0.29829505,-0.2545322,-0.22252126,-0.36720195,-0.34531096,-0.35362044,-0.24150588,-0.30866945,-0.11103697,-0.11970127,-0.13879661,-0.20407952,-0.17111048,-0.3177375,-0.065694205,-0.26859468,-0.28403834,-0.32722712,-0.16414534,-0.17787845,-0.10044261,-0.13871425,-0.3088062,-0.21424554
0.52235985,0.5834444,0.35116062,0.32285264,-0.19238791,-0.45167887,0.23405826,0.29845935,-0.21470092,-0.2997468,0.038169,0.030529648,-0.029269386,-0.007653839,-0.21131095,-0.13013148,0.10975582,-0.0027443485,0.89218545,1.0,-0.21078867,-0.3966348,0.1155388,0.13313891,-0.30904382,-0.3354446,-0.36511368,-0.090308756,-0.05482851,-0.1238829,0.013195335,-0.046126798,0.6570526,0.52902836,0.42685944,0.18824737,-0.2560959,-0.16164137,-0.31161445,-0.2678341,-0.16422151,-0.09738177,0.42429915,0.31427482,0.45864648,0.18466175,0.18610106,-0.045343067,0.37335595,0.29034883,0.36977908,0.478293,-0.16578193,0.09982023,-0.149041,-0.19418383,0.4573052,0.50413996,0.30896756,0.11807493,0.4051764,0.21855381,0.62399924,0.4793221,0.41150337,0.5838559,0.31992716,0.48167348,0.47552085,0.31315452,0.0939471,-0.020416217,-0.06456971,-0.14000106,-0.13805227,0.011491522,-0.15731879,-0.05005709,-0.04596398,0.0035723294,0.19140454,0.08920292,-0.36047032,-0.21612595,0.022608628,-0.049708787,-0.20332065,-0.2090059,-0.19490795,-0.16252384,0.010452431,-0.22197598,-0.17655115,-0.19374038,-0.24482824,-0.247504,-0.2770354,-0.28052306,-0.10266504,-0.1860898,-0.094475314,-0.08025149,-0.05285122,-0.1152129,-0.09750703,-0.20753288,0.025613932,-0.2234929,-0.1919532,-0.22940762,-0.06370257,-0.03347345,0.06409402,-0.040767685,-0.24503312,-0.0758977
-0.1600751,-0.205376,0.19025886,0.06952489,0.34428614,0.21818523,0.18335186,0.26417953,0.3996752,0.4971767,0.19359098,0.26591802,0.40610817,0.31017962,0.49954602,0.4109612,0.27426544,0.31945783,-0.1672864,-0.21078867,1.0,0.36797884,0.26264483,0.2876961,0.31263998,0.29861322,0.38667497,0.4566685,0.39494863,0.392624,0.42055556,0.3824652,-0.018391104,-0.056964524,-0.07516267,0.10528543,0.403662,0.45306692,0.4737425,0.46659043,0.56156355,0.46818453,-0.0030269218,0.10202871,-0.23788333,0.02783694,0.21792778,0.21485285,-0.07129817,0.18177551,0.102509506,-0.039569866,-0.13146986,-0.35310268,0.4672418,0.38393006,-0.11672265,-0.25625476,-0.2628871,0.2157846,-0.22135054,-0.119604245,-0.0041152993,-0.30661002,-0.25567904,-0.23839632,0.0076557016,0.01600293,-0.037159145,0.23340894,0.32224435,0.37994534,0.3994905,0.38349167,0.25220492,0.27070063,0.29773155,0.32081226,0.37654263,0.25913444,0.35997635,0.34469044,0.43894133,0.3898991,0.47511896,0.045602076,0.39609736,0.38797644,0.520561,0.45184302,0.399749,0.14486821,0.11754094,0.22036144,0.5319291,0.30282727,0.4316364,0.44246802,0.33575335,0.35660946,0.4476723,0.12218864,0.2329258,0.22626905,0.33527634,0.27343288,0.26322848,0.41825038,0.05780442,0.2164205,0.3621558,0.19447608,0.2905326,0.4489809,0.37984413,0.2132275
-0.12736517,-0.06428301,0.23529263,0.2866187,0.3502009,0.47607768,0.20373148,0.28836945,0.45558503,0.43486887,0.34774512,0.46755606,0.4323129,0.47647694,0.5360633,0.3663638,0.3506521,0.37647513,-0.37889236,-0.3966348,0.36797884,1.0,0.34593233,0.26977214,0.23939218,0.27802393,0.4329278,0.15101147,0.5002749,0.5023669,0.4406927,0.50549716,-0.11918478,0.05042712,0.1753213,0.29175124,0.6280612,0.52119493,0.53961825,0.5684006,0.62315655,0.40989843,-0.06811828,0.20942278,-0.29430875,-0.19089149,0.19973895,0.45252305,-0.31725276,-0.31392723,-0.47281286,-0.38727477,-0.043061767,-0.115437515,0.43973553,0.50327796,-0.28819233,-0.25280643,-0.32129177,-0.22138114,-0.3205104,-0.37135923,-0.33510286,-0.36365712,-0.482272,-0.2106317,0.2123169,0.119344905,-0.4700282,-0.24376911,0.39840043,0.45278746,0.5002123,0.5095944,0.5478859,0.39117002,0.5027178,0.42039382,0.45353886,0.30689618,0.25105447,0.36357823,0.62300074,0.50244236,0.085893534,0.48875904,0.11599709,0.2668451,0.4891866,0.3263697,0.15115489,0.5717177,0.16184926,0.28673598,0.28679788,0.36681637,0.4979082,0.5093474,0.4278243,0.5663851,0.3596776,0.4029294,0.4999647,0.49997064,0.46093994,0.5077798,0.2796928,0.2845316,0.44136718,0.42815635,0.4132668,0.44121397,0.38327566,0.43783996,0.5891426,0.4557163
0.5349616,0.49151614,0.89433503,0.8573441,-0.113102786,0.1499333,0.87540084,0.8531118,0.23347743,0.015279079,0.82635033,0.8558687,0.83361787,0.7373626,0.36977273,0.15922596,0.8194386,0.8351849,0.11209287,0.1155388,0.26264483,0.34593233,1.0,0.8863848,-0.093685895,-0.12863636,0.0868567,-0.1445739,0.7987139,0.73332524,0.79317945,0.8245131,0.5055005,0.6158865,0.62445074,0.7886727,0.5971965,0.638348,0.20479763,0.38596016,0.3378468,0.3353027,0.5028732,0.76252955,0.040708277,0.087149665,0.74902934,0.82027775,0.02677277,-0.099891834,0.056588363,-0.1305127,0.31324092,0.15027374,0.44980752,0.52139974,0.34712034,0.33201033,-0.20677106,-0.05246758,-0.03251861,-0.08983389,0.30293888,0.241372,-0.10339562,0.06036724,0.64952207,0.7217669,-0.12767358,-0.06293455,0.8570777,0.828732,0.77315086,0.71345574,0.7197799,0.59595096,0.8556453,0.85150254,0.76712286,0.73921263,0.7707658,0.72059053,0.14127961,0.35752746,0.51183635,0.56090075,-0.2421165,-0.15728669,0.38381162,0.19269872,0.08782771,0.26693603,0.02498908,0.010736398,0.30807573,0.35478973,0.57681745,0.5053502,0.49248517,0.46330673,0.024690576,0.15187086,0.104798354,-0.055116147,-0.032263722,-0.036490038,-0.16041604,-0.07397819,0.25503883,0.6036314,0.74407345,0.6377853,0.51312923,0.26092184,0.25747365,0.13017297
0.40996656,0.4285772,0.85944295,0.835047,0.04082927,0.20306362,0.82774633,0.8598568,0.4195207,0.1785618,0.72963774,0.8338787,0.83011335,0.7383988,0.48032388,0.33315203,0.76398075,0.78209925,0.09467837,0.13313891,0.2876961,0.26977214,0.8863848,1.0,-0.024972191,0.023728868,0.124421515,-0.06329182,0.7814492,0.71446085,0.7704137,0.8430351,0.39787972,0.50006586,0.5287749,0.6857074,0.59904194,0.65216774,0.2752448,0.43399292,0.3954703,0.38104334,0.5358487,0.67932,-0.026378082,0.17444389,0.7941555,0.7525834,0.0378724,0.008495336,0.14720841,-0.04916729,0.21148661,0.10640437,0.50652397,0.5651719,0.29072198,0.2758004,-0.25406474,0.053434458,-0.106276356,0.0036314873,0.26427704,0.25473183,-0.09248971,-0.010437558,0.5865277,0.6446423,-0.006635997,0.089957915,0.80221164,0.7894688,0.71844226,0.64014566,0.6263985,0.5411827,0.79981655,0.83353347,0.68782485,0.6783435,0.7585632,0.7372327,0.18309678,0.44541994,0.6028444,0.5509365,-0.11142245,-0.031032706,0.42516133,0.3597463,0.22091082,0.30051348,0.12589952,0.0960663,0.44417924,0.40642974,0.6435923,0.56933033,0.55628026,0.47794157,0.09365886,0.18900962,0.16240607,0.019628104,0.07383619,0.029086675,-0.011130285,0.042376623,0.16089784,0.56691706,0.79733604,0.63569504,0.6109874,0.39424604,0.34724647,0.14942046
-0.14116816,-0.4795327,-0.16936815,-0.06784429,0.45749605,0.6360101,-0.13274175,-0.19566807,0.48850963,0.5719059,0.01274105,-0.032498367,0.0064919624,-0.11513432,0.14156933,0.03671442,0.01435292,-0.031999297,-0.21186262,-0.30904382,0.31263998,0.23939218,-0.093685895,-0.024972191,1.0,0.70924795,0.62251604,0.61682284,-0.016624084,-0.072142124,-0.058613867,0.06501582,-0.111541755,-0.06662704,-0.07390716,0.044903204,-0.046198756,-0.055436358,0.01506739,-0.029680427,0.20852074,-0.056838952,-0.3234881,-0.32093802,-0.6071242,-0.036912147,-0.16772225,-0.14168781,-0.6598002,-0.32594958,-0.3434559,-0.4422256,-0.32969698,-0.30190298,-0.12058782,-0.10559049,-0.1397331,-0.6491858,-0.39612746,-0.3178537,-0.5312989,-0.07690314,-0.3214528,-0.42662784,-0.49081194,-0.5882332,-0.22486518,-0.36981463,-0.241262,-0.0015200581,-0.11433046,-0.118537694,0.052116714,-0.011534684,-0.052349508,-0.11944257,-0.015049018,-0.06421333,0.17099397,-0.044590335,-0.20112187,-0.21506462,0.24060138,0.09197013,-0.15039593,-0.25102404,0.5096577,0.31119177,0.09245155,0.08063361,-0.07310673,-0.024466097,0.19268468,0.14549422,0.08731026,-0.13027683,0.006546645,-0.06124161,-0.14372426,-0.13041241,0.053709622,0.075068444,0.10158806,0.12667991,0.16780598,0.12939054,0.16704887,0.16723496,7.225526e-05,-0.08365307,-0.020473205,-0.18553372,-0.10612807,-0.08464778,0.1854848,0.0054993886
-0.31342322,-0.45964345,-0.21491213,-0.084856555,0.6792675,0.4486111,-0.20968525,-0.13748318,0.6151756,0.69449747,-0.14303279,-0.06528297,0.022490038,0.007865851,0.34087366,0.40507856,-0.10848591,-0.03927457,-0.27197218,-0.3354446,0.29861322,0.27802393,-0.12863636,0.023728868,0.70924795,1.0,0.3735322,0.5849744,0.067776136,0.030826677,0.044601753,0.10637504,-0.29328367,-0.27499565,-0.1828177,-0.17580709,0.11570472,0.123637706,0.30349424,0.22066642,0.32037643,0.11186858,-0.19969457,-0.3201394,-0.45618972,-0.17277353,-0.05301314,-0.101725474,-0.44037992,-0.15918145,-0.2154807,-0.22824097,-0.37867615,-0.16938466,0.12086699,0.1610474,-0.23025334,-0.4936023,-0.19230619,-0.1204361,-0.368867,0.041666493,-0.3049723,-0.25322428,-0.3181889,-0.4551505,-0.22622047,-0.41202196,-0.112608515,0.009844319,-0.10474747,-0.083823115,0.0902068,0.045839515,-0.081664875,-0.03512729,-0.03176601,-0.034924712,-0.048017886,-0.05117728,-0.11119696,-0.0399391,0.36163104,0.31227264,0.07302417,-0.025253927,0.58176875,0.52076954,0.2523803,0.43029508,0.2322557,0.16340394,0.38168234,0.32569903,0.35290968,0.19537263,0.23970544,0.13802421,0.059262734,0.061844178,0.14278927,-0.032010406,0.11013471,0.2319805,0.2553622,0.24308148,0.39865947,0.25762096,0.10043044,0.14230318,0.11616257,-0.11210361,0.051185504,0.15259655,0.18913819,0.16898368
-0.24376138,-0.43663174,-0.023908406,0.061534543,0.39692947,0.7407904,-0.035438474,-0.06474608,0.5594059,0.56601393,0.06291522,0.109736376,0.09494572,0.004838855,0.32868162,0.11389976,0.0633293,0.024679368,-0.30174333,-0.36511368,0.38667497,0.4329278,0.0868567,0.124421515,0.62251604,0.3735322,1.0,0.450901,0.0701557,0.062118102,-0.003999364,0.16568677,-0.1265636,-0.05610895,-0.08291301,0.17109875,0.16566241,0.073223144,0.18216626,0.17904405,0.33839098,0.14876376,-0.3211237,-0.21217735,-0.58907443,0.21161114,-0.15349095,0.00053309946,-0.5830342,-0.23113422,-0.3153756,-0.39246163,-0.12732475,-0.29801238,0.029455768,0.012790737,-0.36709744,-0.59089017,-0.69361264,-0.26088524,-0.6591341,-0.18214826,-0.5051065,-0.44909677,-0.49344367,-0.45442867,-0.10681117,-0.22590385,-0.38858163,0.07257577,-0.0033495456,0.10202444,0.07466393,0.041931063,0.10798349,-0.1254948,0.16355568,0.067366116,0.32177806,-0.05761308,-0.15764351,-0.100043595,0.44162345,0.26025024,-0.1484721,-0.05428465,0.44331542,0.38351262,0.14621505,0.15999301,-0.16050293,0.18286997,-0.016095586,0.14176638,0.1286204,-0.10532406,0.12401782,0.13292909,-0.007144442,0.09857888,0.26269367,0.4216718,0.3103615,0.25232998,0.3541807,0.29726526,0.11626182,0.35416865,-0.031088617,-0.064206876,0.0057710926,-0.041221526,0.020889822,0.104936436,0.47889006,-0.012716123
-0.32983598,-0.37980357,-0.14873013,-0.060020268,0.5856711,0.29765254,-0.2581527,-0.08309138,0.42769605,0.5760536,-0.21405524,-0.15223178,-0.09588186,-0.1402948,0.13519837,0.15159017,-0.10743569,-0.13289896,0.024808576,-0.090308756,0.4566685,0.15101147,-0.1445739,-0.06329182,0.61682284,0.5849744,0.450901,1.0,-0.07802976,-0.17508073,-0.05521754,0.015322211,-0.010900752,-0.062173262,-0.1958774,-0.08707058,-0.12699111,-0.07826727,0.10466319,-0.05035886,0.29414907,0.039271142,-0.28246602,-0.3043474,-0.45133945,-0.025018996,-0.18449861,-0.272371,-0.40290648,0.0067539383,-0.08524034,-0.0628763,-0.5898009,-0.42812482,-0.08311347,-0.089216605,-0.31801754,-0.44592714,-0.30646735,-0.0033434697,-0.53076774,-0.031220632,-0.21183974,-0.24421059,-0.44268277,-0.37461352,-0.2662354,-0.32613793,-0.11733502,0.22655225,-0.1344207,-0.05000912,0.04610687,-0.13412616,-0.19869453,-0.20985515,-0.16426347,-0.12857197,0.026891299,-0.2001019,-0.17825933,-0.11902181,0.14870082,0.1067187,-0.14199412,-0.28963065,0.57624954,0.48228332,0.047268435,0.37495342,-0.012554107,-0.1454811,-0.101373605,0.074010484,0.15938067,-0.18613012,-0.07637714,-0.08488697,-0.1646925,-0.14125465,0.15972267,0.07011931,0.02653111,0.13676848,0.16573173,0.047074758,0.17442949,0.18241332,-0.16628647,-0.2806585,-0.06538369,-0.30335897,-0.095961966,0.077325985,0.025952585,-0.06800512
0.3461081,0.40241316,0.7583457,0.6981249,0.13457851,0.24178155,0.7368582,0.811888,0.392568,0.24557188,0.78264767,0.87288034,0.9099495,0.8661892,0.66292727,0.48147145,0.84435314,0.87562084,-0.10621042,-0.05482851,0.39494863,0.5002749,0.7987139,0.7814492,-0.016624084,0.067776136,0.0701557,-0.07802976,1.0,0.88802665,0.8854992,0.9013007,0.26473176,0.3901391,0.46430534,0.63096243,0.8181193,0.84370756,0.53657585,0.6617369,0.554591,0.57114756,0.52134115,0.71162266,-0.01253711,-0.04185371,0.82083464,0.85905373,0.028757213,-0.017038912,0.030187944,-0.10695081,0.23509797,0.15178351,0.7433506,0.77220106,0.27518585,0.28119737,-0.166203,-0.036157314,-0.020834476,-0.11372075,0.22877008,0.13947065,-0.15309861,0.03183435,0.550496,0.63912207,-0.107369125,-0.021765327,0.86404586,0.85722536,0.8754209,0.8496408,0.79370016,0.7522158,0.8606166,0.8958387,0.70143396,0.7933393,0.82757795,0.88200855,0.4001906,0.629225,0.6471693,0.7411334,-0.0990194,0.054079607,0.68987465,0.44318852,0.45815346,0.54818696,0.32069993,0.25598583,0.49463123,0.5933867,0.76123196,0.7601484,0.78879935,0.7268808,0.26241255,0.21177939,0.32312033,0.24285962,0.2594442,0.2853602,0.20230104,0.20969373,0.32684562,0.71909577,0.8450989,0.80816084,0.73086774,0.54186183,0.47008607,0.4179216
0.3179953,0.38911274,0.681447,0.6053602,0.024545543,0.22005087,0.7213658,0.7631197,0.3829875,0.26754776,0.74714804,0.8627644,0.8846007,0.91951644,0.7105417,0.58391166,0.7385724,0.8704044,-0.22572535,-0.1238829,0.392624,0.5023669,0.73332524,0.71446085,-0.072142124,0.030826677,0.062118102,-0.17508073,0.88802665,1.0,0.8794104,0.8490023,0.11231379,0.27700123,0.3776188,0.5091487,0.87102145,0.9163808,0.6078055,0.768018,0.52873605,0.65361977,0.49717638,0.7178021,0.1195092,-0.14999375,0.7636435,0.8846449,0.080844566,-0.009776491,-0.019228,-0.11484023,0.39665055,0.19421664,0.77469164,0.8531869,0.30048752,0.29859853,-0.05941603,0.033755302,0.12915517,-0.16096525,0.199469,0.05181162,-0.08214138,0.053570148,0.5116652,0.584018,-0.1470939,-0.0862247,0.8119187,0.8013782,0.79388887,0.89406806,0.783541,0.8108964,0.84234256,0.84716713,0.6237211,0.7965587,0.8024302,0.8672383,0.46304294,0.72815764,0.66796637,0.79195505,-0.16736738,0.07338751,0.7234541,0.396399,0.49944502,0.61073285,0.38775557,0.29460946,0.45515043,0.7395744,0.79800326,0.80658215,0.82497865,0.82343894,0.2405038,0.18010876,0.3157014,0.26123658,0.25339064,0.36013216,0.19068128,0.26290065,0.46773723,0.8165944,0.8184535,0.85073733,0.7285721,0.57645243,0.50431395,0.5157559
0.41304833,0.47322053,0.78883296,0.6911456,0.0012237396,0.058550153,0.7944107,0.84914845,0.29350924,0.1732719,0.7954423,0.8798198,0.90672314,0.88836277,0.58215976,0.4506278,0.81036407,0.89374846,-0.0572774,0.013195335,0.42055556,0.4406927,0.79317945,0.7704137,-0.058613867,0.044601753,-0.003999364,-0.05521754,0.8854992,0.8794104,1.0,0.89398205,0.28910875,0.4268999,0.4863327,0.5803968,0.7348116,0.8135412,0.46430087,0.60032666,0.47454718,0.5109176,0.53146017,0.7916715,0.08966014,-0.17728843,0.82296526,0.8737529,0.117894225,-0.035635263,0.04178238,-0.091582865,0.2352538,0.1309459,0.6585841,0.7410147,0.3721406,0.35696593,0.024277637,0.055481836,0.11812383,-0.14470766,0.3555137,0.14779253,-0.11419239,0.023834148,0.5659985,0.6625619,-0.085259624,-0.074328706,0.8858012,0.8650507,0.8278725,0.87779355,0.73215806,0.7984468,0.8330952,0.8675691,0.6626634,0.8490212,0.87054384,0.86656475,0.26290697,0.5711045,0.65055436,0.6759718,-0.18567613,-0.023983037,0.61334914,0.34875852,0.42545164,0.41044763,0.2730786,0.13800007,0.39202845,0.58576316,0.6821093,0.655427,0.70186245,0.66136634,0.124890484,0.05756516,0.18901114,0.14005905,0.108255036,0.17261656,0.09774975,0.06593453,0.41714832,0.7394881,0.8504408,0.77106756,0.6677357,0.47821763,0.30446482,0.40053034
