1.0,0.72027636,0.6364932,0.46820498,0.21777055,-0.18192825,0.38878796,0.4633902,0.25257933,0.024781413,0.55577123,0.7262828,0.4610175,0.44159496,0.0038681359,0.21623889,0.50073767,0.44829524,0.66608036,0.7132118,0.05945012,0.14361864,0.43677056,0.38122365,0.057279374,0.038726486,0.10641756,0.08309486,0.24601278,0.34331283,0.17613271,0.3431443,0.4833442,0.47914684,0.1276542,0.30766794,0.33648714,0.47475344,0.43589088,0.42995632,0.10339769,0.259449,0.41060206,0.46446347,0.44330293,0.3864903,0.3481963,0.41804647,0.14940967,0.24428865,0.34341034,0.054171845,0.25388572,-0.08355939,0.3365649,0.3838833,0.6598145,0.49195623,0.30623838,0.070553906,0.39782304,0.2541323,0.3212722,0.3794911,0.23841955,0.2647119,0.48456532,0.5131677,0.69358736,0.4597299,0.34656936,0.34478143,0.492898,0.41960108,0.251727,0.13368185,0.20688264,0.4026128,0.19018087,0.5054502,0.14631166,0.19303335,-0.1370452,-0.061136898,0.12221531,0.16355386,0.14806697,-0.12701088,0.10931066,0.02797688,0.028491847,-0.062402472,-0.08104453,-0.25007483,0.38345,0.39741996,0.45209113,0.41261703,0.17865196,0.15824938,0.023740826,-0.09640674,-0.0953639,0.17616639,0.17678846,0.23248032,0.3365302,0.20401119,0.3693892,0.18323688,0.27737802,0.23607858,-0.12972753,-0.07399316,0.12899803,0.36883828
0.72027636,1.0,0.62129045,0.42056438,0.3818618,-0.4222551,0.47604248,0.3091826,0.15445796,-0.22656523,0.47304478,0.6744589,0.26595044,0.50552,-0.10930669,0.0807497,0.46816638,0.45647398,0.461292,0.5899113,-0.059522513,0.13161524,0.43026543,0.36728147,-0.04404798,-0.10054313,0.11828721,0.08812081,0.25126603,0.1441672,0.038419772,0.4326729,0.46108913,0.5558014,0.28992853,0.39952946,0.27947193,0.3384586,0.3297099,0.2980098,0.015978916,0.23988256,0.5093412,0.5208896,0.3740049,0.4621318,0.39011288,0.4660423,0.26986992,0.30487838,0.27363658,0.08475112,0.15444691,0.044753417,0.18206686,0.38380718,0.63486576,0.7845354,0.3492474,0.16529611,0.34888375,0.5406309,0.16020313,0.65235955,0.34976813,0.571283,0.652332,0.56281006,0.7382951,0.5245082,0.15063885,0.15194327,0.4637391,0.39324588,0.25549084,0.00010682674,0.28502628,0.28123212,0.21349221,0.47867072,-0.021781642,0.39069852,-0.37362102,-0.11159158,-0.13895008,0.40480328,-0.031370148,-0.17788221,-0.18716154,0.20460485,-0.20886181,0.009203985,-0.07820085,-0.09699758,0.33543968,0.46331125,0.36066076,0.35348842,0.028312273,0.18866296,-0.0796878,-0.1443078,-0.26660815,0.17728665,0.28494802,0.28754577,0.29615757,0.17775312,0.3904741,0.13285904,0.2690829,0.14444703,-0.07880234,-0.10269535,0.007799297,0.5285548
0.6364932,0.62129045,1.0,0.6757354,0.37431735,0.09551661,0.6446292,0.6006599,0.46680257,0.21310097,0.501504,0.6324455,0.5408347,0.5614138,0.35595456,0.39750475,0.4315093,0.52703035,0.6345139,0.7312112,0.07266978,0.27603236,0.7243816,0.6708467,0.1444065,0.21148513,0.1983237,0.101257265,0.46441165,0.4894673,0.35503635,0.587399,0.6564737,0.6157681,0.24731283,0.20860693,0.40060782,0.44419783,0.49459237,0.4750922,0.11445044,0.33195493,0.24326888,0.3359024,0.3760845,0.40587106,0.2441837,0.43680122,0.05378627,0.20181759,0.12102786,-0.045364223,0.028887505,-0.05675636,0.4914392,0.49656597,0.58282036,0.40064022,-0.0088245645,-0.15198341,0.36953253,0.066720285,0.33474448,0.3963626,0.13044061,0.15968332,0.35278976,0.46879554,0.45773697,0.40721208,0.44713688,0.37303326,0.5670492,0.5390415,0.34746376,0.27482012,0.42079923,0.5417897,0.2822636,0.52110475,0.38062418,0.42141935,0.13325834,0.36470568,0.28912243,0.26825583,0.16154858,-0.04894426,0.26622233,0.25052387,0.12178655,-0.006829515,-0.031442072,-0.11792479,0.26627028,0.3989424,0.43873742,0.47562695,0.40528008,0.45744795,0.291494,-0.006624721,0.110699445,0.22058459,0.3585195,0.53223133,0.48608184,0.5091946,0.44586986,0.16483575,0.21825762,0.37434244,-0.078191854,0.053156387,0.21483557,0.47271717
0.46820498,0.42056438,0.6757354,1.0,0.12868066,0.21834236,0.5612406,0.6610389,0.41032913,0.34064177,0.41429368,0.4635818,0.47983685,0.4011404,0.37196496,0.33756065,0.17787394,0.47924453,0.514799,0.6552078,0.13088971,0.2004259,0.5847519,0.708148,0.13425942,0.19220172,0.11411278,-0.03277069,0.3568138,0.5118366,0.3450683,0.49833044,0.56074184,0.6100803,0.24336591,0.24565327,0.4237173,0.47074208,0.5821716,0.5889566,0.39897802,0.36665013,0.19431025,0.30432168,0.38706353,0.36482698,0.21049532,0.35378698,0.054932334,0.12315765,0.08483712,-0.012507355,0.053171642,-0.16658165,0.6441263,0.5872312,0.3875183,0.20913555,-0.02604583,-0.22930183,0.4020134,-0.046096668,0.23550752,0.3102373,0.02741572,0.07068213,0.29072326,0.50896454,0.30204147,0.3674568,0.4386485,0.43720847,0.3684716,0.59831756,0.1868235,0.3079973,0.42206922,0.5824932,0.069392286,0.33809984,0.3413799,0.35822633,0.26474357,0.51363164,0.4044449,0.2576145,0.1532668,0.055527087,0.51787865,0.27694246,0.3421483,-0.0025783263,0.070865594,-0.13868326,0.37821963,0.4608365,0.5235997,0.49296463,0.57025945,0.5012626,0.23054056,0.12138611,0.264706,-4.8469487e-05,0.34459957,0.50654465,0.5533249,0.46196923,0.4167513,0.38411424,0.26450107,0.5433234,-0.07883786,0.09029943,0.31220922,0.3498767
0.21777055,0.3818618,0.37431735,0.12868066,1.0,-0.13028963,0.30603632,0.042133372,0.34209397,-0.11393561,0.12792169,0.2535393,0.13283479,0.43751073,0.19296972,0.17352618,0.04963765,0.25472277,0.20755957,0.2603802,0.013303395,0.13603391,0.29167703,0.24645261,0.1436288,-0.007449282,0.3391369,0.25213268,0.3405895,0.07848321,0.088020205,0.25357562,0.19552907,0.17083988,0.1438443,0.031758115,0.09770098,0.063753374,0.18216142,0.19306228,-0.04513161,0.23658113,0.17959525,0.23643237,0.22167392,0.22549058,0.13005921,0.18419544,0.08413116,0.16464196,0.07655788,0.009115622,-0.21906888,0.054205913,0.07912337,0.24373393,0.25845873,0.38366112,0.058483597,-0.04932399,-0.08732347,0.15902801,-0.10833706,0.40023848,-0.021614373,0.22938615,0.21148679,0.16505834,0.259468,-0.030604538,0.03464815,-0.12569807,0.2685364,0.10109476,0.27872598,-0.032446895,0.21832061,0.09307488,-0.008362621,0.14531532,-0.09369929,0.2660488,-0.05254122,0.06870919,-0.10749693,0.27611157,0.0021707413,0.075336844,-0.17473243,0.31860587,-0.1812239,0.184681,-0.26150072,0.063599005,-0.0500609,0.015835414,0.098257914,0.02717623,0.030744672,0.1842433,-0.015146917,0.09113867,-0.18781418,0.17996997,-0.019972026,0.1386236,0.13751331,0.17255402,-0.041543223,0.005980586,0.01289045,-0.042504612,0.0533333,0.034817588,-0.12954251,0.16031203
-0.18192825,-0.4222551,0.09551661,0.21834236,-0.13028963,1.0,-0.018515872,0.25937435,0.2999936,0.6460597,0.067803234,-0.17114837,0.24020338,-0.057753224,0.48435584,0.25606525,-0.20052724,0.008994077,0.16698694,0.049753863,0.073388524,0.03495157,0.13900748,0.3056676,0.11034185,0.31468722,0.06953363,-0.07200774,0.13508387,0.40513363,0.26744485,0.04903405,0.070542,-0.103729144,-0.052243255,-0.25572386,0.061852407,-0.0071313726,0.14554358,0.19010112,0.23690234,-0.08638662,-0.383246,-0.39286506,-0.12860908,-0.12175163,-0.17638443,-0.21568139,-0.30285567,-0.18713257,-0.2294517,-0.0644264,-0.024297373,-0.16325153,0.31656352,0.07785914,-0.15776122,-0.53393215,-0.42883664,-0.34063053,0.008519364,-0.5762674,0.18696682,-0.4319733,-0.26841125,-0.4760199,-0.37668192,-0.18686195,-0.41933355,-0.24325606,0.34690186,0.28847036,0.043510985,0.16174982,-0.011907066,0.35545763,0.06435669,0.17977144,-0.023854326,-0.079087555,0.3527927,-0.102048926,0.6175585,0.50567317,0.5103319,-0.28115728,0.19282974,0.2728706,0.60345006,-0.09487251,0.45216358,-0.045780838,0.116122335,-0.19837739,-0.113172375,-0.11986397,0.0067352992,0.083337806,0.45819822,0.21225522,0.3792963,0.23245406,0.46611875,-0.00856794,0.05142568,0.24451604,0.21482939,0.24191292,-0.030001901,-0.011312943,-0.13114443,0.105072536,0.05867677,0.19215196,0.23784298,-0.14475217
0.38878796,0.47604248,0.6446292,0.5612406,0.30603632,-0.018515872,1.0,0.4727736,0.41155675,0.13122696,0.28904152,0.4309746,0.32126802,0.35609025,0.41975638,0.3174337,0.37371358,0.42738295,0.4496349,0.486013,0.10580249,0.21072525,0.66252404,0.5209906,0.08195076,0.11542056,0.2105331,0.027322209,0.45675462,0.28374562,0.26753554,0.57989156,0.56244993,0.56367576,0.38690156,0.34325427,0.34957144,0.3367678,0.33815947,0.35191756,0.28598562,0.43257904,0.2275481,0.30529958,0.42025128,0.28978768,0.18475653,0.37466678,0.14962843,0.13931356,0.13437703,0.0362781,-0.16705054,0.0039793705,0.43211323,0.48026007,0.32127947,0.31325343,-0.019075489,-0.16878389,0.35195994,0.10295761,0.18646285,0.31347162,0.2095851,0.19859876,0.36676797,0.41951418,0.39587253,0.33510518,0.3283187,0.19900528,0.37852055,0.46745533,0.32412383,0.15171243,0.47618568,0.45778114,0.1593999,0.3585765,0.40203163,0.4763022,0.20149088,0.33077136,0.2427858,0.36737388,0.103756264,0.15197438,0.20764711,0.37661627,0.09408509,0.05177668,0.060239095,0.053488117,0.19433445,0.39819127,0.3857523,0.44175634,0.3566927,0.4735744,0.11234109,0.03616116,0.1364573,0.042764638,0.42896813,0.5423711,0.34013405,0.57138276,0.35377195,0.23370206,0.28621307,0.47692674,0.016500238,0.13159661,0.23703492,0.49693057
0.4633902,0.3091826,0.6006599,0.6610389,0.042133372,0.25937435,0.4727736,1.0,0.4767719,0.42241067,0.4404801,0.42379957,0.60089785,0.5674899,0.32230547,0.32770187,0.06576318,0.5592299,0.6280042,0.6474532,0.027325159,0.34432155,0.5571554,0.7180907,0.10652709,0.2452669,0.17437847,-0.07970662,0.306767,0.6916463,0.21164244,0.4482653,0.48423654,0.4899669,-0.068935715,-0.009520452,0.56902075,0.5779096,0.5416156,0.59476095,0.16987294,0.23383862,0.30245528,0.31360754,0.33784038,0.31893408,0.21276177,0.3425361,-0.033853743,0.0404517,-0.050141264,-0.10226337,0.036415357,-0.17817591,0.6956572,0.54845643,0.40978855,0.14798932,-0.016629977,-0.2553352,0.19749722,-0.18898852,0.394858,0.30780166,-0.19350734,-0.14197572,0.19516677,0.39101142,0.11519671,0.14312847,0.4465783,0.5299737,0.24889155,0.5711478,0.16331033,0.3233073,0.14649203,0.49127838,0.021999296,0.47379422,0.3634682,0.29663628,0.30184603,0.41596523,0.38218573,0.17231894,0.29190046,0.007927606,0.56801224,0.16786124,0.28470558,-0.045119945,0.15246062,-0.27129287,0.44482872,0.43094882,0.5850554,0.54761314,0.5748209,0.37909937,0.24467196,0.13865435,0.27169997,0.076272525,0.11235212,0.21963401,0.57389796,0.19681334,0.3826263,0.38298258,0.3128812,0.4671404,-0.20807089,0.10931071,0.20717542,0.11481837
0.25257933,0.15445796,0.46680257,0.41032913,0.34209397,0.2999936,0.41155675,0.4767719,1.0,0.41233405,0.27121723,0.3617374,0.57921994,0.4493664,0.6059774,0.43497765,0.13780375,0.4965707,0.46238673,0.46857804,0.24003676,0.31592816,0.502755,0.521417,0.30976236,0.3189426,0.4585639,0.21233685,0.4899369,0.52605605,0.38600895,0.48351178,0.33774722,0.29202324,-0.042741224,-0.13285771,0.35381186,0.317869,0.26406947,0.3985889,0.2593918,0.30232805,-0.039633766,0.038746674,0.2311341,0.17562312,-0.048747253,0.12564698,-0.0120567335,-0.026912907,-0.16825934,-0.098629825,-0.13011852,-0.02666273,0.42437166,0.26001438,0.26515466,0.03584679,-0.19107635,-0.35430098,0.027208975,-0.30487892,0.15082607,0.15306571,-0.26277432,-0.13867222,-0.07707213,0.08342516,0.03943077,-0.10658709,0.3732002,0.3526662,0.28450853,0.39610144,0.36098322,0.2711217,0.24895167,0.36033386,0.16118844,0.30710196,0.4346239,0.3058135,0.42115954,0.4526524,0.39737406,0.16456936,0.42565966,0.23467739,0.41333342,0.26927012,0.27618676,0.23299256,0.036292195,-0.114187695,0.10267519,0.09769736,0.31111783,0.15819106,0.39145124,0.24052425,0.16108692,0.2844233,0.21319626,0.1516029,0.06349114,0.2445899,0.4377722,0.4202849,0.11078302,0.20564821,0.12960944,0.30048105,0.004388387,0.10374133,0.13469808,0.008469266
0.024781413,-0.22656523,0.21310097,0.34064177,-0.11393561,0.6460597,0.13122696,0.42241067,0.41233405,1.0,0.13893904,0.12123947,0.35507846,0.08475043,0.64610124,0.5934732,-0.014739709,0.24332076,0.2752651,0.17520665,0.09079309,0.1605928,0.2863431,0.39549008,0.14483579,0.3260184,0.14234997,-0.14634518,0.24636783,0.5555208,0.33171225,0.23527737,0.22225186,0.10511136,0.021435086,-0.13650224,0.18931057,0.1503412,0.15056935,0.18165499,0.28507465,0.065228015,-0.38002154,-0.34620705,0.14802437,-0.02922719,-0.2706728,-0.19754517,-0.21814646,-0.2085172,-0.20200902,-0.09617758,-0.03699419,-0.18737124,0.37666827,0.09878911,0.0013544032,-0.39978486,-0.3495805,-0.29447973,0.10577763,-0.5630241,0.24825743,-0.31614825,-0.21028562,-0.42018378,-0.35840255,-0.13734964,-0.3420238,-0.21822754,0.51159996,0.46860296,0.2162861,0.43112773,0.11462368,0.4595001,0.16076691,0.32192528,0.041409705,0.16854429,0.556112,0.135579,0.699007,0.6290189,0.630779,-0.2229976,0.13652387,0.24286686,0.6124873,-0.1405997,0.44475046,-0.16862954,0.11065935,-0.21788338,-0.06612087,-0.08326922,0.06265311,0.062063277,0.47091615,0.1754397,0.38494998,0.23133826,0.42424634,-0.13240184,0.05020651,0.31241903,0.30719545,0.35482103,0.023028051,0.011318809,-0.15412454,0.15408061,-0.0013879939,0.05637758,0.06357679,-0.13570283
0.55577123,0.47304478,0.501504,0.41429368,0.12792169,0.067803234,0.28904152,0.4404801,0.27121723,0.13893904,1.0,0.55435073,0.4753989,0.4816314,0.14050017,0.324503,0.3508244,0.3312791,0.58709574,0.61275256,-0.16752933,0.38066167,0.3346476,0.41336846,-0.2170106,-0.09847995,0.022528596,-0.17468724,0.2807741,0.48372412,0.15516688,0.3720936,0.42011055,0.41876176,0.112961955,0.23173438,0.38950905,0.39928624,0.4442736,0.42483905,0.19225714,0.103451066,0.3196454,0.29360184,0.24520989,0.14949733,0.39455128,0.3040836,0.008501801,0.3956517,-0.025716918,0.014232173,0.046727736,0.00022669065,0.4257613,0.39042825,0.38595933,0.25498566,0.024510272,-0.14013048,0.12736987,0.0095263915,0.18006997,0.17739433,0.056782164,0.12869743,0.36934143,0.33857054,0.37010482,0.36352003,0.35437924,0.50743645,0.3906859,0.41966042,-0.03119935,0.38342956,0.25339463,0.2804065,0.18184717,0.36450642,0.042852804,0.1919593,-0.1252456,0.093912534,0.07231787,0.12033702,0.20344515,-0.06775364,0.25289598,0.10965325,-0.043994278,0.024627252,0.16386779,-0.115067795,0.37523666,0.37558174,0.42030427,0.542381,0.35235995,0.34265676,0.084191315,0.0408597,0.0058377804,0.25456062,0.17123272,0.18950644,0.3115793,0.2569654,0.48323727,0.22141302,0.37974167,0.31604987,-0.13725919,0.030514853,0.26342896,0.2822687
0.7262828,0.6744589,0.6324455,0.4635818,0.2535393,-0.17114837,0.4309746,0.42379957,0.3617374,0.12123947,0.55435073,1.0,0.4254155,0.5282959,0.20044422,0.393023,0.51803666,0.6026637,0.5802811,0.6095074,0.12739323,0.14040332,0.52180576,0.41797996,0.11389552,0.14640701,0.1859981,0.12929247,0.3971381,0.44152004,0.25175118,0.5081347,0.48874566,0.49055797,0.14671567,0.2692709,0.36830765,0.4576923,0.31276363,0.39822546,0.1986564,0.32298437,0.28007007,0.3587506,0.41851947,0.3485075,0.27427098,0.38478976,0.25399858,0.25983393,0.18664034,0.03438045,0.10869341,-0.039373346,0.3382273,0.37669867,0.5691844,0.471808,0.1772447,-0.03652809,0.26137927,0.17081466,0.15472019,0.38285533,0.1369399,0.29508728,0.3744285,0.36125708,0.523757,0.3159913,0.33695194,0.29199228,0.41494936,0.44488767,0.28736496,0.09244837,0.29164732,0.42725343,0.26188084,0.55047524,0.23718072,0.41644442,0.0046666455,0.12692972,0.14383896,0.32136828,0.20883685,-0.09468436,0.074418135,0.21690974,0.022724517,0.04345092,-0.12063532,-0.1893503,0.3150364,0.3240504,0.42506436,0.33355796,0.24857175,0.26813847,-0.06969885,-0.057013333,-0.011421654,0.10662412,0.25241858,0.24612476,0.31590176,0.25193667,0.32697484,0.20271222,0.2851276,0.2794683,-0.16952461,-0.10730587,0.12325505,0.36246234
0.4610175,0.26595044,0.5408347,0.47983685,0.13283479,0.24020338,0.32126802,0.60089785,0.57921994,0.35507846,0.4753989,0.4254155,1.0,0.59632134,0.35221764,0.28240788,0.18898591,0.51837283,0.6188677,0.66269946,0.22205976,0.27001074,0.49163595,0.563484,0.2626178,0.27721694,0.322081,0.08133022,0.4042769,0.6191043,0.3102358,0.3735353,0.36474872,0.3111704,-0.16511798,-0.11293939,0.4198995,0.48862144,0.45454627,0.5349152,0.1330859,0.16040598,0.14755589,0.2739629,0.26308993,0.20588842,0.16739613,0.320821,-0.07770248,0.13841441,-0.03832917,-0.03624151,0.10925802,-0.054291543,0.5538663,0.35646647,0.45984924,0.07668963,-0.11077876,-0.20685214,0.15955405,-0.23402765,0.33665994,0.18102899,-0.15694848,-0.1571847,0.0771082,0.24508168,0.14635599,0.09142266,0.37934047,0.42878592,0.38083243,0.49268377,0.27028662,0.3237277,0.16931032,0.46078908,0.11618851,0.32461464,0.3329488,0.10095681,0.2712747,0.29583958,0.39093864,4.4084878e-05,0.2925552,0.09682008,0.5123611,0.110066675,0.37800682,0.16160963,-0.03953816,-0.2656464,0.32357976,0.24736868,0.4862847,0.37713674,0.530615,0.29405582,0.28819016,0.050260562,0.13680966,0.10881118,0.017613597,0.15988459,0.29125953,0.2627759,0.27622312,0.3268877,0.2800227,0.38420016,-0.16146292,0.019751964,0.21834275,0.022540862
0.44159496,0.50552,0.5614138,0.4011404,0.43751073,-0.057753224,0.35609025,0.5674899,0.4493664,0.08475043,0.4816314,0.5282959,0.59632134,1.0,0.14143449,0.26206902,0.22729209,0.6856173,0.50537264,0.61926323,0.085094616,0.3591658,0.40402472,0.5556251,0.17423299,0.18094423,0.347946,0.13774101,0.48051587,0.576694,0.10765503,0.5004336,0.33707464,0.3856076,-0.12729199,-0.09657953,0.53127754,0.47741848,0.42810255,0.53984386,-0.0249293,0.2235352,0.3865774,0.44895634,0.23273778,0.3908017,0.20756838,0.39055648,0.025792392,0.1607423,-0.08585045,0.025241764,-0.0064591053,0.12698795,0.4640901,0.46844047,0.48667097,0.4656088,-0.04497728,-0.031267308,-0.12610863,-0.029726071,0.03425196,0.55515367,-0.27595466,0.07786659,0.2435167,0.22576827,0.23319882,0.025746267,0.22303003,0.26213878,0.31669337,0.4462505,0.2238773,0.1756964,0.18301669,0.31507066,0.10656094,0.4157148,0.01369894,0.39570326,-0.016828656,0.26294985,-0.04581919,0.37391576,0.28008136,0.0047134547,0.16107728,0.3772588,0.06826926,0.2536202,-0.13269125,-0.18623522,0.347241,0.28346005,0.43993288,0.36883384,0.30382326,0.29332846,0.07504392,0.08544651,-0.13776742,0.19535558,-0.047979385,0.022555012,0.36815703,0.11346709,0.28606954,0.2714209,0.30187052,0.26021707,-0.1311602,-0.10467318,0.06916473,0.0348058
0.0038681359,-0.10930669,0.35595456,0.37196496,0.19296972,0.48435584,0.41975638,0.32230547,0.6059774,0.64610124,0.14050017,0.20044422,0.35221764,0.14143449,1.0,0.63611513,0.13520879,0.33650228,0.2766291,0.2100144,0.25234315,0.17920697,0.47860304,0.39693826,0.25009325,0.35847896,0.32317707,0.08839357,0.5053299,0.46348947,0.46711263,0.43156072,0.34864447,0.22563693,0.17143537,-0.021469219,0.23943533,0.17212719,0.18011627,0.23145056,0.41293597,0.30585378,-0.2835702,-0.18244894,0.21145514,-0.013181271,-0.20500568,-0.016840816,-0.060514793,-0.016350646,-0.19672288,-0.07525766,-0.22706532,-0.109464854,0.33978376,0.19048592,-0.023972746,-0.29489082,-0.3520872,-0.3734746,0.064836465,-0.43206868,0.10091962,-0.19061875,-0.14048581,-0.20589569,-0.25559193,-0.061187442,-0.19680926,-0.14141455,0.4206055,0.27590746,0.2591667,0.41455826,0.34926853,0.31051335,0.36529267,0.3961517,0.2206946,0.26603323,0.61828625,0.36121446,0.73804826,0.6262719,0.54404587,0.029852865,0.26237598,0.42479908,0.43675375,0.1999295,0.32671383,-0.022225928,-0.02045251,0.09251789,-0.114691414,0.011768674,0.0769668,0.0672397,0.45078278,0.32974955,0.2896822,0.3037878,0.35592508,-0.052992173,0.3081977,0.44452202,0.28846082,0.57813334,-0.036491483,0.07445248,-0.052980363,0.29947034,0.06638323,0.15428226,0.18221404,0.06384908
0.21623889,0.0807497,0.39750475,0.33756065,0.17352618,0.25606525,0.3174337,0.32770187,0.43497765,0.5934732,0.324503,0.393023,0.28240788,0.26206902,0.63611513,1.0,0.35755482,0.43420386,0.361433,0.29825068,0.083243094,0.3570761,0.3631809,0.35401553,0.14340031,0.2240204,0.1942013,0.010830851,0.5286817,0.5678255,0.41241786,0.40808585,0.41665828,0.3299019,0.15664198,0.09911063,0.3594595,0.26648954,0.22506121,0.2412162,0.32155833,0.2425187,-0.15643011,-0.10468457,0.24667868,0.0290258,-0.10338638,-0.011759928,0.01336304,-0.0075664306,-0.154329,0.034096114,-0.18097162,-0.00241689,0.35563517,0.23963624,0.106032945,-0.10715001,-0.20238003,-0.112094924,0.05750147,-0.32084814,0.07153497,-0.028403493,-0.11434175,-0.10560366,-0.14997712,-0.064626984,-0.038441017,-0.04926373,0.50064045,0.42708302,0.36751044,0.4379765,0.17372051,0.40893835,0.25744772,0.29624206,0.30378452,0.447618,0.5322658,0.51164997,0.43238357,0.5448746,0.39953,0.15808167,0.16162811,0.15087417,0.2517263,0.13813718,0.10579143,-0.026037132,-0.0027263148,0.01583036,0.009025897,-0.0253472,0.15442477,0.128871,0.34479126,0.298746,0.17888764,0.13023259,0.15307836,0.061383978,0.30599597,0.4047213,0.3953801,0.42784846,0.16597411,0.039558373,-0.0067112027,0.24887261,-0.013573851,0.0041807913,0.10987889,0.03198033
0.50073767,0.46816638,0.4315093,0.17787394,0.04963765,-0.20052724,0.37371358,0.06576318,0.13780375,-0.014739709,0.3508244,0.51803666,0.18898591,0.22729209,0.13520879,0.35755482,1.0,0.3156135,0.32613906,0.3693637,0.17615332,0.18288568,0.2961828,0.11489496,0.025595509,0.12708938,0.030815363,0.12725121,0.3962336,0.16155711,0.21891567,0.38113835,0.3889132,0.35091656,0.29305932,0.36953735,0.2487015,0.21661131,0.096785925,0.086765446,0.08353407,0.24099506,0.080978505,0.11738984,0.2022781,0.14294255,0.11101866,0.19630706,0.1569424,0.15392989,0.15866238,0.22953571,0.027366051,0.18210776,0.048748165,0.09188888,0.25792173,0.32394043,0.051713716,0.16779119,0.23780122,0.24620384,0.07931551,0.16158688,0.3484028,0.27717572,0.24280863,0.15295944,0.49277467,0.32015735,0.29531467,0.21408862,0.38828617,0.25962138,0.19550344,0.085832745,0.2814763,0.1927919,0.55562806,0.4358381,0.351773,0.4171902,-0.13486095,0.04506453,0.037450295,0.28849566,-0.0029958868,-0.043580182,-0.14914192,0.1262474,-0.04578236,-0.040791176,0.034888774,0.030177739,0.18026482,0.10407496,0.10772593,0.17724349,-0.024648216,0.10859677,-0.037894335,-0.060035862,-0.17200603,0.23338684,0.39038497,0.37225786,0.1058702,0.37444356,0.3516038,-0.09348901,0.09869505,0.11582804,0.01190095,-0.15501411,0.16259076,0.39491388
0.44829524,0.45647398,0.52703035,0.47924453,0.25472277,0.008994077,0.42738295,0.5592299,0.4965707,0.24332076,0.3312791,0.6026637,0.51837283,0.6856173,0.33650228,0.43420386,0.3156135,1.0,0.44223168,0.5456806,0.27740324,0.2129893,0.5000293,0.53019685,0.3696914,0.29069144,0.4009139,0.2190923,0.51056474,0.6376128,0.29874995,0.5867479,0.50440454,0.527877,0.06819884,0.031645212,0.55423623,0.44665673,0.32943797,0.45406067,0.22426096,0.3251465,0.21443363,0.28213257,0.2933354,0.32984444,0.045305584,0.22604905,0.12858336,0.10202356,-0.06874407,0.1388729,0.011255849,-0.001480714,0.43399006,0.38306203,0.53527725,0.35094604,-0.039501697,-0.11127294,0.120985396,-0.025646893,0.18020748,0.4849342,-0.13741684,0.058299102,0.18875067,0.2297678,0.22614974,0.06008319,0.388463,0.29468957,0.37964794,0.56302613,0.4542292,0.20103283,0.31841016,0.4705282,0.14740287,0.597702,0.3232515,0.5781724,0.24082652,0.32218403,0.26308957,0.3979312,0.24573864,0.07944176,0.20799667,0.32054174,0.16426973,0.13888228,-0.21923955,-0.17854218,0.24140067,0.26240164,0.36313555,0.21421592,0.2933301,0.24008714,0.009254735,0.09680857,-0.05324544,-0.0099545885,0.17240055,0.17801903,0.41868934,0.20688947,0.20691262,0.22595142,0.14294477,0.29297867,-0.112854004,-0.13803479,0.05169838,0.11494404
0.66608036,0.461292,0.6345139,0.514799,0.20755957,0.16698694,0.4496349,0.6280042,0.46238673,0.2752651,0.58709574,0.5802811,0.6188677,0.50537264,0.2766291,0.361433,0.32613906,0.44223168,1.0,0.7727737,0.016806222,0.27621934,0.5711099,0.55696815,0.11246003,0.15492414,0.25693023,-0.018751176,0.3334324,0.5415009,0.31180403,0.34504515,0.43560427,0.3667737,-0.06523941,-0.0115460865,0.40338826,0.4889707,0.4799783,0.53526694,0.12115741,0.20773281,0.28297967,0.33794287,0.38308546,0.27947077,0.24964604,0.34815633,0.09278509,0.26863265,0.12706234,-0.025342787,0.1431867,-0.09896993,0.55231667,0.50182086,0.4917636,0.23350218,0.09056598,-0.1534942,0.24519773,-0.069386356,0.37154472,0.24210559,-0.046366688,0.054673824,0.22416307,0.3392052,0.38411462,0.31842571,0.36200157,0.40180874,0.3938824,0.404398,0.22049621,0.26329568,0.12786111,0.38169274,0.22436953,0.4831743,0.33409667,0.16430372,0.13301526,0.23509763,0.28234985,0.047023382,0.22379376,0.038663432,0.39096975,0.12736252,0.18649921,-0.011795608,0.050202098,-0.24294452,0.36043662,0.33659023,0.45241374,0.5279522,0.43623248,0.32920113,0.07314559,0.0638826,0.044925675,0.06320452,0.08990444,0.31118503,0.42650473,0.32169425,0.3625099,0.24207278,0.29907727,0.3683455,-0.208345,-0.009055189,0.17823221,0.17945285
0.7132118,0.5899113,0.7312112,0.6552078,0.2603802,0.049753863,0.486013,0.6474532,0.46857804,0.17520665,0.61275256,0.6095074,0.66269946,0.61926323,0.2100144,0.29825068,0.3693637,0.5456806,0.7727737,1.0,0.13104637,0.33542967,0.5925133,0.61733115,0.16810034,0.16005352,0.22365351,0.0797778,0.3917927,0.52306265,0.32677197,0.45897603,0.5714236,0.55556923,0.060148828,0.14495315,0.51029617,0.53761995,0.5648969,0.6138474,0.1875967,0.28995684,0.37432095,0.42469257,0.39873433,0.39558008,0.30153814,0.40743133,0.05820172,0.26429963,0.08227915,0.108403966,0.14356108,-0.02689059,0.5832643,0.5429092,0.5760513,0.3696693,0.1009161,-0.13321836,0.2729418,0.010383315,0.29883957,0.3999529,0.06524634,0.09334517,0.3465685,0.45372543,0.47978377,0.391566,0.46867052,0.4449344,0.47638026,0.548648,0.2388011,0.26244515,0.36405158,0.5143393,0.17567466,0.5106651,0.22081175,0.2891345,0.039198976,0.23475869,0.22498512,0.24354944,0.21607073,-0.049494565,0.33390313,0.23587872,0.1349811,0.045959022,0.031962633,-0.1714313,0.44690654,0.3926495,0.5390429,0.5330681,0.4593074,0.39275047,0.1524061,-0.020138986,-0.034807265,0.15838528,0.18659799,0.3165581,0.47602406,0.32843137,0.51283634,0.3309078,0.31907535,0.44341475,-0.12298725,0.007775746,0.2734276,0.3148246
0.05945012,-0.059522513,0.07266978,0.13088971,0.013303395,0.073388524,0.10580249,0.027325159,0.24003676,0.09079309,-0.16752933,0.12739323,0.22205976,0.085094616,0.25234315,0.083243094,0.17615332,0.27740324,0.016806222,0.13104637,1.0,-0.04400264,0.18108208,0.050755702,0.6186831,0.63400465,0.34756884,0.48374343,0.31432647,0.09217095,0.25094488,0.14418748,0.13947931,0.09886807,-0.013496547,0.07426193,0.21398,0.23567295,0.025969304,0.26765186,0.4127345,0.4738301,-0.050591923,0.029227907,0.07471297,0.14928347,-0.098530404,0.042711288,-0.037393846,-0.030569568,0.054163825,0.23600726,0.09449175,0.09107148,0.23255372,0.13360207,0.05556341,-0.0698242,-0.01570935,-0.058534704,0.005594766,-0.08492167,-0.1186717,0.01583468,0.012136502,-0.13700272,-0.060377825,-0.038702168,-0.026275797,-0.18745713,0.26223436,-0.007631417,-0.014389382,0.06560907,0.3902884,-0.10908934,0.20820083,0.3128016,0.09083824,0.13047785,0.23064393,0.18344033,0.30671424,0.17017218,0.2211446,0.21968418,0.17882974,0.26230538,0.1264283,0.25252733,0.34783176,0.23465607,-0.27075896,0.005325704,0.19099453,-0.06521287,0.17234151,-0.09524031,0.1586626,0.1075082,0.020600364,0.08810206,-0.02565231,-0.2312737,0.008845062,0.027262848,0.07839239,0.10260827,-0.025692848,0.27971002,0.10568343,0.099006146,-0.06585983,-0.077117056,0.09233233,0.0047161416
0.14361864,0.13161524,0.27603236,0.2004259,0.13603391,0.03495157,0.21072525,0.34432155,0.31592816,0.1605928,0.38066167,0.14040332,0.27001074,0.3591658,0.17920697,0.3570761,0.18288568,0.2129893,0.27621934,0.33542967,-0.04400264,1.0,0.20662795,0.29757583,-0.17646551,0.017004345,-0.00035954604,-0.26932082,0.29760623,0.29658887,0.15964569,0.29107893,0.2571232,0.29363886,0.0008450946,0.061984077,0.38559923,0.28184098,0.32244626,0.20186535,0.11938759,0.15329154,0.037997812,0.09191726,0.12066154,0.105279,0.07370261,0.061606042,-0.06699026,0.10539289,-0.11393895,-0.029786563,-0.24029815,0.09758612,0.25231773,0.14632726,0.083051205,0.12065756,-0.077826664,-0.00546081,-0.046095487,-0.17660153,0.039284185,0.18564574,-0.19830844,0.009533037,0.096122906,0.08956682,-0.022123234,0.055965442,0.32454914,0.4584911,0.22451667,0.25549835,-0.11235041,0.3940301,0.18733656,0.11695851,0.13958554,0.28374803,0.1533613,0.29368472,-0.0044223685,0.21621224,0.06143006,0.2761944,0.20904452,-0.21127418,0.17810453,0.13517778,-0.10654292,0.106264666,0.36096784,0.052286588,0.18125498,-0.046436496,0.23360738,0.1897521,0.15073721,0.19503443,0.055046257,0.12053189,-0.10716158,0.24140824,0.055173304,0.07611482,0.24099426,0.1978876,0.42415422,0.10918488,0.15590489,0.16343704,0.04020337,0.13363825,0.08683951,0.050040424
0.43677056,0.43026543,0.7243816,0.5847519,0.29167703,0.13900748,0.66252404,0.5571554,0.502755,0.2863431,0.3346476,0.52180576,0.49163595,0.40402472,0.47860304,0.3631809,0.2961828,0.5000293,0.5711099,0.5925133,0.18108208,0.20662795,1.0,0.64948505,0.2086924,0.29129764,0.30330953,0.11090832,0.45895794,0.44592234,0.35783896,0.54487216,0.5750515,0.52666986,0.24555717,0.1460481,0.35289046,0.40058616,0.42161214,0.39534983,0.17506133,0.3586328,0.18024118,0.27601904,0.41489825,0.28339413,0.21980165,0.390575,0.06276219,0.13500862,0.0383522,-0.1138022,-0.07630344,-0.09456866,0.4985801,0.46587333,0.46000674,0.23223369,-0.046679895,-0.31415287,0.35757652,-0.01391974,0.33272144,0.27859274,0.12615877,0.0662203,0.28473178,0.39615422,0.29536876,0.26099262,0.4105339,0.2770103,0.44636154,0.475079,0.4110574,0.21362051,0.41451734,0.5266969,0.22668749,0.4254763,0.5005884,0.39440563,0.3197038,0.40613604,0.31945488,0.19362025,0.11091384,0.035122678,0.32797772,0.265399,0.2523454,0.0024563281,-0.048800703,0.005457831,0.19206491,0.38401148,0.4017746,0.43862265,0.43295848,0.45749223,0.18154651,0.013232635,0.16173817,-0.0164052,0.31277436,0.51595616,0.33495498,0.4907409,0.3413559,0.27692097,0.29128954,0.45761606,-0.100882,0.048990395,0.23722632,0.4573045
0.38122365,0.36728147,0.6708467,0.708148,0.24645261,0.3056676,0.5209906,0.7180907,0.521417,0.39549008,0.41336846,0.41797996,0.563484,0.5556251,0.39693826,0.35401553,0.11489496,0.53019685,0.55696815,0.61733115,0.050755702,0.29757583,0.64948505,1.0,0.14794408,0.2520526,0.297083,-0.018728685,0.4278321,0.6104949,0.35894135,0.5657973,0.49215147,0.47036573,0.07792951,-0.01256006,0.46177736,0.42159775,0.5127035,0.5331678,0.17679052,0.17167087,0.20999224,0.18375361,0.31544673,0.23044191,0.22867277,0.28697482,0.00744447,0.04167611,-0.16289246,-0.18853526,-0.03693801,-0.090146154,0.62693655,0.54182416,0.32889304,0.17258549,-0.20744379,-0.28175884,0.15821087,-0.16178575,0.2123098,0.33973673,-0.11627293,-0.021031678,0.1748458,0.34425303,0.12657446,0.107992604,0.32015446,0.3439017,0.3019011,0.525097,0.25180322,0.28155354,0.26835355,0.4079128,0.14254457,0.38190085,0.31734854,0.3717537,0.31834537,0.5385891,0.29776558,0.20387469,0.27036107,0.08311718,0.4553737,0.29460526,0.29773358,0.034152467,0.01039057,-0.2099733,0.3177295,0.3476706,0.4859166,0.45198035,0.53203326,0.45603096,0.28552797,0.08391953,0.24116187,0.05421077,0.213908,0.40375802,0.540923,0.30806974,0.31824163,0.31087074,0.29671228,0.41074497,-0.084958725,0.14908257,0.19118574,0.21414015
0.057279374,-0.04404798,0.1444065,0.13425942,0.1436288,0.11034185,0.08195076,0.10652709,0.30976236,0.14483579,-0.2170106,0.11389552,0.2626178,0.17423299,0.25009325,0.14340031,0.025595509,0.3696914,0.11246003,0.16810034,0.6186831,-0.17646551,0.2086924,0.14794408,1.0,0.53978497,0.47486746,0.49771014,0.28761348,0.18468402,0.31593812,0.15999311,0.1117334,0.058744032,-0.15210856,-0.18371278,0.099280775,0.15581653,-0.030950455,0.1813389,0.19269912,0.30460972,-0.012109789,0.014359183,0.08077555,0.088791646,-0.18652049,0.03861633,-0.025268333,-0.08641589,-0.057197217,0.16182923,0.14121124,0.03858553,0.16469632,0.1509381,0.08519503,-0.02524073,-0.11454731,-0.14611764,-0.076759376,-0.1312599,-0.07335019,0.12529668,-0.21731567,-0.19265409,-0.17000599,-0.0692495,-0.033020988,-0.20756239,0.080082685,-0.11480806,-0.071433835,0.07546909,0.49233508,-0.13314155,0.14719349,0.30747494,-0.015680568,0.15728709,0.17916425,0.1910213,0.32152936,0.23997,0.19263275,0.17245333,0.14675727,0.35158312,0.09081975,0.22375736,0.35472074,0.26359054,-0.39275557,-0.07416398,0.03200158,-0.037426073,0.11357493,-0.10722081,0.14354308,0.10748339,0.17681718,0.0318544,-0.004625428,-0.19462116,-0.06315256,0.05813854,0.17122506,0.057754338,-0.1890689,0.15795016,-0.014233189,0.11343841,0.036804453,-0.09434315,-0.036946118,-0.12694359
0.038726486,-0.10054313,0.21148513,0.19220172,-0.007449282,0.31468722,0.11542056,0.2452669,0.3189426,0.3260184,-0.09847995,0.14640701,0.27721694,0.18094423,0.35847896,0.2240204,0.12708938,0.29069144,0.15492414,0.16005352,0.63400465,0.017004345,0.29129764,0.2520526,0.53978497,1.0,0.29145446,0.40406448,0.35114098,0.29701298,0.26468372,0.17044868,0.20134498,0.12256959,-0.07607742,-0.022478595,0.32615715,0.31104308,0.089249,0.33213806,0.32277194,0.41196337,-0.0059287474,0.016489044,0.08079476,0.18792424,-0.029619625,0.12551056,-0.13558777,-0.06569472,-0.07338404,-0.005398724,0.07134891,0.079407156,0.34705457,0.23969136,0.07817253,-0.08664208,-0.13397674,-0.04818584,-0.0042224247,-0.20446222,0.04080814,0.017667672,-0.11961289,-0.23142914,-0.11539193,0.02133308,-0.16169377,-0.19675137,0.30221587,0.18860748,0.012994856,0.0979384,0.33491653,-0.012899069,0.09613491,0.3122771,0.14294596,0.13279022,0.32088417,0.18131845,0.41436422,0.36728066,0.31235763,0.17820957,0.20636885,0.18605962,0.27676922,0.1970141,0.48006988,0.20046856,-0.1834548,0.0025553703,0.16318826,0.009887767,0.24129316,0.030177457,0.30050498,0.17251559,0.18246669,0.101245925,0.13832965,-0.11259654,0.047500372,0.1457627,0.22031416,0.10692714,0.07266537,0.22000386,0.13416417,0.17501737,-0.06337152,0.00069678726,0.12342897,0.014958231
0.10641756,0.11828721,0.1983237,0.11411278,0.3391369,0.06953363,0.2105331,0.17437847,0.4585639,0.14234997,0.022528596,0.1859981,0.322081,0.347946,0.32317707,0.1942013,0.030815363,0.4009139,0.25693023,0.22365351,0.34756884,-0.00035954604,0.30330953,0.297083,0.47486746,0.29145446,1.0,0.39232576,0.26885667,0.2665459,0.1690107,0.31223795,0.10369632,0.10236977,-0.12678494,-0.20731889,0.14574374,0.17327195,-0.040087044,0.19864988,0.107378155,0.16358705,0.04242755,0.10130868,0.14414969,-0.005529938,-0.054347996,0.08527998,0.032687377,-0.11353955,-0.21655123,-0.09434908,-0.1175538,0.049007367,0.21844624,0.21207458,0.19894616,0.08347382,-0.16114861,-0.16515557,-0.096175514,-0.0562934,-0.018686859,0.23479661,-0.15206066,0.035998616,-0.010917423,-0.019862324,0.017025523,-0.15129013,0.052804716,-0.044748805,-0.008628096,0.1589257,0.50640136,-0.13591975,0.07530354,0.17630404,-0.08011796,0.25053683,0.17511262,0.28994104,0.2503228,0.24619521,0.11430327,0.16653007,0.15824597,0.26017523,0.040848576,0.27153778,0.23973654,0.16794343,-0.27849904,-0.101258256,0.05947597,-0.035815854,0.05930189,-0.03824486,0.14819634,0.16903576,0.039722964,0.29092616,-0.017216906,0.02682462,-0.017232267,0.12887865,0.24869056,0.22106382,-0.10840095,0.10660474,0.080924265,0.11991453,-0.14822897,0.033016857,-0.10858722,-0.08601746
0.08309486,0.08812081,0.101257265,-0.03277069,0.25213268,-0.07200774,0.027322209,-0.07970662,0.21233685,-0.14634518,-0.17468724,0.12929247,0.08133022,0.13774101,0.08839357,0.010830851,0.12725121,0.2190923,-0.018751176,0.0797778,0.48374343,-0.26932082,0.11090832,-0.018728685,0.49771014,0.40406448,0.39232576,1.0,0.31811196,0.014999728,0.15195173,0.15718594,0.082047954,0.015303236,-0.07647589,-0.037519436,0.1498725,0.12955889,-0.112715304,0.15455967,0.054012805,0.29747903,0.15899752,0.14542323,0.06283303,0.15403683,0.14818794,0.22378905,0.057856526,0.023059549,-0.06183654,0.19165316,0.040309217,0.06323524,0.04902828,0.1494248,0.120527364,0.11473575,0.032471858,0.0007457056,-0.109509945,0.14645423,-0.089023,0.18229222,0.082271665,0.07613632,0.010943077,0.0017755901,0.12444217,-0.14740738,-0.044661622,-0.18127848,-0.056938127,-0.06280222,0.45311737,-0.39140165,0.029962776,0.116927356,0.13086067,0.12713999,0.012280032,0.20148487,0.050592855,-0.0047329874,-0.03629853,0.2691701,0.13895606,0.19571865,-0.2204803,0.36424267,0.1094648,0.16082042,-0.3522465,0.040349714,0.07554625,0.024759125,0.15205927,-0.05841269,0.039279364,0.0361018,-0.022346286,0.027994577,-0.17709269,0.032279775,0.069085084,0.006930318,0.14995609,0.0052291243,-0.017491905,0.17502327,0.12608553,0.0900999,-0.038704067,-0.03305811,-0.031531345,0.02402765
0.24601278,0.25126603,0.46441165,0.3568138,0.3405895,0.13508387,0.45675462,0.306767,0.4899369,0.24636783,0.2807741,0.3971381,0.4042769,0.48051587,0.5053299,0.5286817,0.3962336,0.51056474,0.3334324,0.3917927,0.31432647,0.29760623,0.45895794,0.4278321,0.28761348,0.35114098,0.26885667,0.31811196,1.0,0.5119014,0.42964932,0.5608477,0.39853767,0.3269994,0.036782824,0.06439037,0.51205474,0.33859855,0.3405729,0.37507883,0.30716822,0.36866027,0.07889937,0.13226135,0.1228862,0.11755001,0.16686517,0.26833957,0.04663851,0.15092841,-0.09645549,0.16787438,-0.30835092,0.101638906,0.3986007,0.34783712,0.11302433,0.09124364,-0.25481752,-0.19216067,-0.11585333,-0.15528454,-0.0949524,0.20690168,-0.05890655,-0.0133658,0.0029352105,0.023848938,0.12250713,-0.08988795,0.32199866,0.22248134,0.34626117,0.31430075,0.3254,0.1380733,0.30500928,0.25218052,0.41326603,0.36154634,0.34021148,0.50362295,0.31406942,0.39247182,0.13167664,0.41730815,0.37923902,0.3014937,0.118891984,0.47411704,0.06893688,0.26983815,-0.123344265,0.11831264,0.10043884,0.13448709,0.3616141,0.24033663,0.34754887,0.37127402,0.07106569,0.057262115,0.03454427,0.1949346,0.26591912,0.32052317,0.3968874,0.43133193,0.18975993,0.265437,0.26705208,0.3379073,0.094440244,0.0566748,0.3044702,0.14637694
0.34331283,0.1441672,0.4894673,0.5118366,0.07848321,0.40513363,0.28374562,0.6916463,0.52605605,0.5555208,0.48372412,0.44152004,0.6191043,0.576694,0.46348947,0.5678255,0.16155711,0.6376128,0.5415009,0.52306265,0.09217095,0.29658887,0.44592234,0.6104949,0.18468402,0.29701298,0.2665459,0.014999728,0.5119014,1.0,0.30995154,0.47163773,0.44745117,0.37622213,-0.11868331,-0.118911706,0.56897616,0.5066967,0.4695793,0.49197176,0.22931212,0.14064862,0.106095836,0.1391528,0.21602389,0.17576502,0.10700942,0.19940546,-0.08205774,0.056192853,-0.17842782,0.04941642,-0.09782616,-0.075733036,0.6397151,0.42207345,0.33030826,-0.003486637,-0.18721394,-0.2981309,0.009348442,-0.35082403,0.24168332,0.17216994,-0.2932149,-0.23395751,-0.014355169,0.13215314,-0.026033295,-0.06501517,0.48217964,0.5526486,0.26601472,0.5322853,0.18781035,0.37078217,0.16270837,0.42207476,0.10956148,0.42912564,0.414931,0.37227634,0.42584106,0.53334785,0.36815548,0.15179324,0.38689062,0.1345611,0.5508519,0.21762015,0.31386104,0.08018314,-0.05642685,-0.1905001,0.24027896,0.21294478,0.45627195,0.35144666,0.5560662,0.32861248,0.25403616,0.18080646,0.27212748,0.12653154,0.11744876,0.1943864,0.48745945,0.25423333,0.25190282,0.29580948,0.22086485,0.4170313,-0.104754195,0.0026403633,0.18679588,-0.027174791
0.17613271,0.038419772,0.35503635,0.3450683,0.088020205,0.26744485,0.26753554,0.21164244,0.38600895,0.33171225,0.15516688,0.25175118,0.3102358,0.10765503,0.46711263,0.41241786,0.21891567,0.29874995,0.31180403,0.32677197,0.25094488,0.15964569,0.35783896,0.35894135,0.31593812,0.26468372,0.1690107,0.15195173,0.42964932,0.30995154,1.0,0.3917833,0.33178887,0.24993493,0.025346199,-0.03180569,0.25897747,0.15547274,0.18114989,0.24514072,0.23326267,0.20075127,-0.109070316,-0.06535718,0.09170391,-0.040278643,-0.08893913,-0.004172752,0.07455937,-0.0028162436,-0.09991495,-0.03592096,0.06722603,-0.10408259,0.2669673,0.11969901,0.04864132,-0.16567212,-0.25950578,-0.28367057,0.09476798,-0.33365247,0.13112,-0.1428189,0.023307825,-0.15853223,-0.15911172,-0.046454284,0.01991637,0.042788394,0.28704718,0.15230717,0.25611937,0.3009565,0.24819984,0.23156586,0.2812306,0.34399867,0.2940908,0.26616627,0.46813375,0.24083437,0.35917225,0.32867855,0.415745,0.06307209,0.22130674,0.13536724,0.27020085,0.15697329,0.2700563,0.07163021,-0.12870853,0.07126929,0.0743468,-0.09633898,0.19017132,0.075705774,0.21872826,0.16656785,0.153582,-0.003661518,0.25394258,-0.032104652,0.29715532,0.45647946,0.37937516,0.40810648,0.20820208,0.15320764,0.06185686,0.2420006,0.11580682,0.06346514,0.11474621,0.1643275
