1.0,0.68277013,0.5712562,0.68128294,-0.15827441,-0.26998913,0.5803631,0.590069,-0.0765235,-0.20013006,0.5561421,0.42031327,0.49899074,0.53826755,-0.10159045,-0.3044148,0.42655754,0.14232542,0.74701655,0.71405745,0.10385896,0.07171665,0.1827636,0.14818348,-0.32516432,-0.3811516,0.011036513,0.08361497,0.33918595,-0.19065736,0.20979947,0.105867416,0.5060283,0.581609,0.3278194,0.2492095,0.2506266,0.4311863,0.43878108,0.29000267,0.32519424,0.1873597,0.35473308,0.23180364,0.17392808,0.11287291,0.2781842,0.35844013,-0.19962072,-0.037015785,-0.11255198,0.12479738,0.056843456,0.31018364,0.37327704,0.52777165,0.64483917,0.48494133,0.13433449,0.1604936,0.1469549,0.14396168,0.23051131,0.31859785,0.06686119,0.14802086,0.5364866,0.51679426,0.6111955,0.6069419,0.30110502,0.30709592,0.33813113,-0.0020313673,0.12149844,0.24402215,0.185369,0.37738857,0.05334759,0.12822463,0.26119998,0.20446455,-0.26255032,-0.05852973,0.06650113,0.36703813,-0.15632808,0.13755389,0.26060167,0.4256453,-0.1797732,-0.081576936,-0.08283789,-0.17288992,0.12698512,0.40544677,0.46995628,0.31039968,0.17337942,0.1326095,-0.04106056,-0.17987618,-0.027183153,-0.20170183,0.08845038,0.051770568,0.19386041,-0.15060338,0.19791603,0.4095939,0.37020096,0.068727516,-0.17242584,-0.13146959,-0.013792975,0.12727423
0.68277013,1.0,0.45037177,0.5376844,-0.07267864,-0.29530463,0.39752978,0.51669765,-0.06573003,-0.31711644,0.3183389,0.3889579,0.36931202,0.48378032,-0.1706543,-0.3737312,0.3384641,0.22425972,0.5413725,0.47978,0.04011873,-0.057276554,0.087822825,0.04107757,-0.39163077,-0.41200295,0.12459895,0.20058475,0.23320815,-0.23511234,0.047896713,-0.027200283,0.34784085,0.43844387,0.37320942,0.26264578,0.07510149,0.26757893,0.31042016,0.22331184,0.13032094,0.10400671,0.22956042,0.2313525,0.017613642,-0.0316763,0.12827311,0.23994328,-0.26224765,0.031891286,-0.081173755,0.106499344,0.019266231,0.15543759,0.18244947,0.36303896,0.64350855,0.6872063,0.18921563,0.19254953,0.03667045,0.22222207,0.3276748,0.37205485,0.07476126,0.08474256,0.45384333,0.5939686,0.5814371,0.64601964,-0.0011752772,0.031570226,0.005146941,-0.2561885,-0.04230172,0.068438314,-0.0729201,0.11341746,-0.07040885,-0.16137776,0.17125893,0.13774955,-0.20090507,-0.017341634,0.00017358638,0.3124782,-0.07519637,0.19295295,0.09582424,0.3932087,-0.11426507,-0.09015597,-0.20091537,-0.12455222,0.0051179864,0.30153063,0.31541753,0.24368392,0.12434535,0.16518752,-0.19334708,-0.17796233,-0.21421605,-0.22027484,-0.14208195,-0.15779176,0.022623196,-0.26048875,0.12848076,0.2713688,0.23130716,0.084831685,-0.15475766,-0.08979712,-0.012601891,0.18333182
0.5712562,0.45037177,1.0,0.7621998,0.14850676,-0.040208895,0.78451324,0.64072496,0.21707201,-0.010363417,0.49400693,0.43378556,0.6751324,0.48650727,0.1289819,-0.09053378,0.4909419,0.24201196,0.6326289,0.57050526,0.25175866,0.29206765,0.60290235,0.57444847,-0.11347762,-0.051833637,0.18454078,0.16707754,0.5626449,-0.041989345,0.4263718,0.43246895,0.5661687,0.61757934,0.57008,0.5844793,0.42011786,0.48317555,0.49935004,0.48777026,0.23929551,0.40705463,0.34274048,0.18493733,0.1094171,-0.044728477,0.50406003,0.5302216,-0.009531316,0.03470906,-0.25616097,0.13762729,0.15146036,0.2905998,0.41076624,0.5161171,0.35922834,0.36347488,0.0015409634,0.15852925,-0.034286104,0.009655051,0.015292154,0.020469049,0.0041636135,-0.014477161,0.3569291,0.45639783,0.45476204,0.3601505,0.18993318,0.17709583,0.22929469,0.064372875,0.215815,0.20756663,0.26985428,0.5047781,0.13250194,0.175872,0.15710701,0.22727849,-0.034267716,0.09617494,0.13333711,0.3783931,0.03430282,0.29727134,0.17331181,0.54047704,-0.065427154,0.06744574,-0.2266447,0.15082648,0.30036852,0.40527162,0.58174723,0.429548,0.2632966,0.19195768,-0.028450549,0.03406328,0.084981844,-0.057232067,0.26795557,0.17472117,0.11025438,-0.109501995,0.25088787,0.5746826,0.5748993,0.00795798,-0.20609136,-0.07872187,0.15676375,0.35426226
0.68128294,0.5376844,0.7621998,1.0,0.1442771,-0.06647527,0.8001475,0.76527274,0.23591603,-0.008213473,0.60502243,0.5812536,0.74331737,0.63208705,0.09897989,-0.06305805,0.44414523,0.21258976,0.72635704,0.69798756,0.29428515,0.1699237,0.5658135,0.5512912,-0.08973905,-0.03164807,0.2614983,0.27267498,0.5037525,-0.012591529,0.43550852,0.46203104,0.6444985,0.7392244,0.5605594,0.52560663,0.42665613,0.5412305,0.5838454,0.4562751,0.37956247,0.41391623,0.4155346,0.19352275,0.1448365,0.069337994,0.47543833,0.5427771,-0.09462761,0.017095428,-0.19285852,0.21324658,0.097079515,0.39021137,0.4483789,0.5349941,0.36169407,0.3527845,-0.053344492,0.10448977,-0.020915924,0.069162466,-0.024090517,0.071783856,-0.016849902,0.02773331,0.41266093,0.41288424,0.49062884,0.3357679,0.24493785,0.28227046,0.2773202,-0.041004937,0.13507554,0.2782011,0.25769228,0.54335666,0.07598288,0.16516423,0.15317498,0.25822976,-0.067801535,0.15977582,0.14628325,0.44867715,-0.022766486,0.19623898,0.20876534,0.51413715,-0.13615479,0.04432263,-0.15820146,0.09849076,0.29096356,0.46079123,0.6072754,0.39524308,0.2168588,0.22357209,-0.012678174,0.046664834,0.13967375,0.035039898,0.2757151,0.18552108,0.09539321,-0.08188113,0.24413428,0.5975742,0.5602804,-0.029234948,-0.1500565,-0.12108235,-0.035130244,0.24856244
-0.15827441,-0.07267864,0.14850676,0.1442771,1.0,0.23950504,0.25661817,0.3190322,0.59430844,0.3056235,0.14152999,0.21799824,0.31363976,0.2799275,0.36279827,0.2490494,0.10907077,0.1559221,0.1625949,0.120997354,0.44672656,0.21249637,0.2217212,0.18786585,0.4231638,0.37952027,0.5423168,0.36570618,0.3490819,0.27450988,0.16108935,0.14890903,0.3093617,0.18978214,0.21983312,0.22591864,0.16428654,0.2058641,0.23237033,0.2862094,0.119542494,0.16595273,-0.058244884,0.22463092,0.03209187,-0.04357003,0.053630114,0.25681764,0.048126675,-0.02124377,-0.095421806,-0.15218015,-0.007454261,0.090158015,0.071598336,0.14766142,-0.22119068,-0.050125796,-0.29723486,0.014120509,-0.34623933,0.05827676,-0.18979986,-0.050936613,-0.046827484,-0.09316351,-0.012522642,0.033493295,0.016344318,-0.26424164,0.048170622,-0.014543764,-0.08686623,0.096780695,-0.0035489732,0.037803873,0.25283927,0.3207104,0.048830856,0.039976876,-0.033296186,0.32323673,0.43647137,0.19320963,0.23622352,0.30350766,0.27984503,0.14608799,-0.091272146,0.31493002,0.0030539734,0.41612494,-0.26361755,0.37235734,0.22198425,0.20719044,0.21925797,0.18689339,0.24280772,0.26093698,0.17994665,0.32875738,0.03817465,0.2667651,0.14836086,0.008698268,-0.19388059,0.060756207,0.17877379,0.3149106,0.33234084,-0.0046647754,0.07074495,0.31081283,0.13748825,0.24615507
-0.26998913,-0.29530463,-0.040208895,-0.06647527,0.23950504,1.0,0.015409789,0.046792623,0.36111352,0.6412837,0.09291759,0.2270192,0.051354382,-0.07835406,0.4769785,0.70100933,0.13939597,-0.118068576,-0.2445128,-0.23383257,0.02578584,0.33932018,0.36916935,0.32161954,0.69623536,0.6725206,0.12940407,0.055419944,0.09135747,0.46665606,0.1564928,0.39145917,-0.041139226,-0.06814652,0.025420481,-0.071692064,0.15450446,-0.027752243,0.1397494,0.13633098,-0.0077801566,0.17511414,-0.2638717,-0.25126612,0.14545356,-0.03483447,-0.1068709,-0.11439077,0.26253387,-0.06108307,-0.15241408,-0.1493394,-0.10026072,-0.13464461,0.0937956,-0.106649235,-0.44314757,-0.42779633,-0.02774903,-0.19966404,-0.2050188,-0.12205239,-0.36381105,-0.33927754,-0.14979623,-0.37717384,-0.54538184,-0.32741648,-0.34706086,-0.41251725,0.129984,0.06730092,0.16005096,0.17465672,0.084863,0.1792239,-0.045487568,-0.133473,0.056291986,0.12318889,-0.03768353,-0.0986631,0.40863445,0.37415448,0.20508073,-0.27541384,0.23004816,-0.2348,0.16705263,-0.23267786,0.07883573,0.097769246,0.1427275,0.4298826,0.2814427,0.022884473,0.1643248,0.03137805,-0.033630893,-0.087914415,0.15639114,0.36875156,0.45410842,0.21123639,0.30713,0.37249258,0.12447072,0.39804623,0.17543016,0.0923745,-0.034011472,-0.30468085,0.07935321,0.13736805,-0.19472076,-0.17250834
0.5803631,0.39752978,0.78451324,0.8001475,0.25661817,0.015409789,1.0,0.73361295,0.28510535,0.089384645,0.6456659,0.58958876,0.7821507,0.57714236,0.1409825,-0.01218858,0.47514918,0.104283966,0.7080487,0.66038,0.36806783,0.30202213,0.6259599,0.5584382,-0.028484536,0.06493253,0.2541062,0.24367987,0.61745447,0.065947644,0.46564868,0.46976575,0.60193634,0.681276,0.5602048,0.5675203,0.49826995,0.5995803,0.6001766,0.5538362,0.40208146,0.42388052,0.3036789,0.23910768,0.18818864,0.034248468,0.50352705,0.5774972,-0.014934952,-0.03538783,-0.23670796,0.10247089,0.06743013,0.27552438,0.47572473,0.56232995,0.27755517,0.21620467,-0.108207405,0.06329519,-0.16116017,0.008112082,-0.077398516,-0.07352464,0.040779505,-0.014801155,0.34494773,0.41167736,0.3995753,0.27990013,0.28999642,0.29657716,0.30562198,0.053668823,0.22066471,0.26035082,0.28489158,0.55426615,0.05651644,0.279593,0.093970254,0.34530964,0.046082646,0.24210012,0.21140419,0.4472422,0.10950315,0.28143927,0.22064112,0.5247691,-0.10053092,0.106841974,-0.22524491,0.18041107,0.38182774,0.49439922,0.6642278,0.48319995,0.32855928,0.2722956,0.06832782,0.11747262,0.13146716,0.054409895,0.3039033,0.15717106,0.070301384,-0.020776825,0.40088347,0.65193164,0.63927317,-0.046484157,-0.13619289,-0.04619325,0.09806476,0.33871365
0.590069,0.51669765,0.64072496,0.76527274,0.3190322,0.046792623,0.73361295,1.0,0.37656748,0.07797592,0.6350972,0.6187816,0.7921513,0.7895588,0.14894837,-0.06348294,0.3467401,0.15488642,0.7531267,0.7040198,0.37077388,0.31193182,0.42075068,0.3417158,-0.008330087,-0.03731759,0.42763475,0.39375213,0.46977937,0.03199125,0.23703592,0.27158764,0.6110897,0.6872358,0.44635284,0.44493997,0.35177994,0.50499505,0.6024381,0.486972,0.4043104,0.40147218,0.3304992,0.34127373,0.12004771,0.059768125,0.3036986,0.48700947,-0.14217304,-0.012238505,-0.19980602,0.16588658,0.030855577,0.29105452,0.38260242,0.47603798,0.34232795,0.3350805,-0.009996851,0.2401815,-0.067779355,0.068811834,0.07035912,0.2113096,0.048372615,0.0265555,0.38322777,0.4517802,0.5144731,0.31829372,0.23486575,0.21928856,0.118043505,-0.07683392,-0.0072558103,0.31728145,0.22459826,0.5274595,-0.03972609,0.098718375,0.08881891,0.3508078,0.039177425,0.12509288,0.22231737,0.4711279,0.13629428,0.22262496,0.18417814,0.5136141,-0.11391373,0.049760934,-0.25338975,0.06948315,0.38132304,0.5233578,0.51562834,0.37952515,0.2843374,0.18882947,0.032950927,0.054447293,-0.009940425,-0.029187858,0.14432643,-0.028629513,-0.017381148,-0.1277578,0.43412408,0.60285395,0.46874455,0.041291807,-0.1448934,-0.08785842,0.04430201,0.30272025
-0.0765235,-0.06573003,0.21707201,0.23591603,0.59430844,0.36111352,0.28510535,0.37656748,1.0,0.46093887,0.22906806,0.35187015,0.35694098,0.33459392,0.5949561,0.40154687,0.1256646,0.13953234,0.14202017,0.047496393,0.46427977,0.21861209,0.33205903,0.26369232,0.30380428,0.38946804,0.5061883,0.42722687,0.418655,0.3618904,0.059560154,0.21651353,0.3248808,0.25072756,0.20023525,0.28247538,0.21896207,0.13941225,0.19893977,0.31352392,0.2246834,0.21481353,0.095548846,0.11602687,-0.079741836,-0.13814826,0.14610457,0.18269968,0.12273314,0.08920532,-0.2376711,-0.016732208,0.023741243,0.07659486,0.27588445,0.20220959,-0.091902375,-0.023856698,-0.13296373,0.068879604,-0.1530321,0.01465037,-0.1482559,-0.07468576,0.053555883,-0.22497346,-0.0896654,-0.033267196,0.11805084,-0.14669158,-0.047974955,0.018387571,-0.115592256,0.073661715,0.05427193,0.26621926,0.18450479,0.27133763,0.12143629,0.16719063,0.1337672,0.32541284,0.5215887,0.26702258,0.39901665,0.22436963,0.26936284,0.22980095,0.26622114,0.26334178,0.07438284,0.22828901,-0.060604893,0.34581885,0.32631254,0.13682373,0.21739843,0.20110759,0.24704815,0.056025185,0.1759814,0.1948028,0.15504605,0.19387953,0.17071605,0.13388771,-0.13008642,0.15766068,0.15008235,0.34592497,0.25785902,-0.19867964,-0.04490482,0.1308538,0.08536723,0.15512912
-0.20013006,-0.31711644,-0.010363417,-0.008213473,0.3056235,0.6412837,0.089384645,0.07797592,0.46093887,1.0,0.20751998,0.28443778,0.058038358,0.019060154,0.6234163,0.7639841,0.15764457,-0.045877006,-0.0990106,-0.16943042,0.22461519,0.14944312,0.32715672,0.2204341,0.4379706,0.66839224,0.08702255,0.19108908,0.22946846,0.53017914,0.16379227,0.30938038,0.07134537,-0.015934572,-0.018747421,0.07662805,0.1848199,0.013676176,0.1463859,0.27641645,-0.001358382,0.18611415,-0.07670188,-0.059017103,0.09662234,-0.14775984,0.06132158,0.058953907,0.25844607,0.022441098,-0.124811955,-0.14994791,0.07552069,-0.065603964,0.29219007,0.13804285,-0.35517547,-0.34309715,-0.16299549,-0.041648116,-0.29130527,-0.027028902,-0.35793507,-0.20782861,-0.12368136,-0.4222101,-0.42317688,-0.19573173,-0.22704579,-0.36812678,0.020797415,0.16463265,0.108065054,0.17602843,0.17919965,0.32684055,0.15128998,0.12032116,0.19923761,0.18504386,0.10673819,0.02153524,0.63052046,0.3246982,0.3112816,-0.16364573,0.2484036,0.070678614,0.28442228,0.047128282,-0.057687797,0.29304808,0.23830725,0.41825184,0.4243929,0.041843697,0.26044288,0.2382453,0.25244972,0.09673507,0.25638857,0.47375607,0.5475996,0.44017142,0.5305408,0.4542883,0.23821743,0.5381986,0.13975714,0.2781542,0.15844597,-0.20859581,0.12441785,0.10651889,-0.21090423,0.008987222
0.5561421,0.3183389,0.49400693,0.60502243,0.14152999,0.09291759,0.6456659,0.6350972,0.22906806,0.20751998,1.0,0.6607995,0.68879414,0.6505578,0.18360136,0.12361816,0.43559235,0.14267491,0.65151703,0.62225217,0.23852216,0.1786587,0.36003563,0.31833044,0.010064854,0.033833563,0.19159581,0.15393925,0.4804169,0.20166604,0.32606295,0.31344298,0.5666446,0.6276005,0.38128385,0.35245433,0.3454192,0.40761033,0.44053787,0.37450224,0.3350217,0.26689398,0.24032164,0.22261979,0.15035047,0.017983874,0.2591878,0.3524548,-0.0044215806,-0.18936394,-0.11241012,0.022901861,0.033890285,0.19564684,0.33807203,0.4095286,0.19928688,0.13499731,-0.116112664,0.148781,-0.118678816,0.033580024,-0.074380815,0.065146595,-0.030563908,-0.102885656,0.2893736,0.28869593,0.36767614,0.21861234,0.47525477,0.46267727,0.3567966,0.06963928,0.18280475,0.30940163,0.3162551,0.51037264,0.053407893,0.30050555,0.15132315,0.4174825,0.07326043,0.31133738,0.2727103,0.32703137,0.09591897,0.14573364,0.28958207,0.3748812,-0.22897334,0.078067124,-0.0714533,0.07168362,0.43073753,0.40162033,0.4729942,0.32597727,0.27516901,0.16063957,0.07867762,0.107605845,0.094338395,-0.06926465,0.2814988,0.17572811,0.04472849,0.030314282,0.3671139,0.5165219,0.42321372,-0.09883746,-0.05541047,-0.083394386,0.058242556,0.20629534
0.42031327,0.3889579,0.43378556,0.5812536,0.21799824,0.2270192,0.58958876,0.6187816,0.35187015,0.28443778,0.6607995,1.0,0.6511118,0.63046134,0.22538686,0.23417911,0.4716356,0.07622417,0.5137741,0.4828151,0.39557847,0.107207514,0.4519231,0.3416982,0.05043372,0.19915728,0.21694553,0.27721554,0.5185926,0.33390626,0.22933441,0.30254924,0.5190491,0.5561097,0.38945684,0.37163547,0.34925362,0.31054142,0.531596,0.38026065,0.35548615,0.25986537,0.09995066,0.108849004,0.035134416,-0.09153909,0.16396572,0.25648266,0.027771093,-0.09117209,-0.05240994,-0.042677812,0.018382113,0.1538125,0.39088866,0.29220983,0.1058547,0.08046199,-0.08867433,0.029261159,-0.18794101,0.041167267,-0.102236696,-0.06643311,-0.05424392,-0.21977206,0.075535335,0.14825858,0.25517535,0.12965834,0.1856172,0.36834022,0.28313428,0.026294827,0.21035028,0.24838208,0.13888933,0.3395624,-0.12157277,0.17239475,0.038670976,0.32186386,0.2531928,0.5128798,0.3710249,0.2667547,0.20533998,0.25530067,0.3451111,0.29741868,-0.050584447,0.03547429,0.047215115,0.12668493,0.4106605,0.35711324,0.44884083,0.2993075,0.25602692,0.02212349,-0.018130466,0.16209942,0.2373646,0.129515,0.22523963,0.19999151,0.00012492939,0.06672953,0.36089063,0.49751297,0.32380944,-0.1331041,-0.020781314,0.05177227,-0.011927584,0.16332203
0.49899074,0.36931202,0.6751324,0.74331737,0.31363976,0.051354382,0.7821507,0.7921513,0.35694098,0.058038358,0.68879414,0.6511118,1.0,0.74787617,0.11965635,-0.028562484,0.35287592,0.1103067,0.6955673,0.66747725,0.3877096,0.31932163,0.5297318,0.4850155,0.010221919,0.044171434,0.3128934,0.29633325,0.5205474,0.07472615,0.32835227,0.38824588,0.5903081,0.66901296,0.48840365,0.5109703,0.41707814,0.45296642,0.5152021,0.442308,0.354507,0.33589664,0.28904775,0.22495338,0.14901023,-0.007190204,0.3334046,0.45274198,-0.019822715,-0.07305435,-0.16192485,0.118237436,-0.010132299,0.27543256,0.33942643,0.36370093,0.13199905,0.21004565,-0.1126609,0.1690502,-0.12104956,-0.074557014,-0.09657871,0.031355683,-0.015557821,-0.02012046,0.33673298,0.34803247,0.38128576,0.24948967,0.29776913,0.2809211,0.22854227,-0.0128165,0.1896369,0.22352986,0.2882078,0.559629,-0.09508395,0.2006441,-0.015923694,0.39325133,0.0066924836,0.25221133,0.25102928,0.42678443,0.1428899,0.21562243,0.19064717,0.4321033,-0.09674758,0.020261265,-0.19842416,0.12214464,0.40610757,0.42234814,0.5061855,0.31617162,0.23552546,0.12834784,-0.019147463,0.050067134,0.052105162,-0.02686528,0.18464747,0.08934814,-0.024045281,-0.04475091,0.4220075,0.57360244,0.45475128,0.017497702,-0.16932788,-0.08894075,0.06423951,0.28350708
0.53826755,0.48378032,0.48650727,0.63208705,0.2799275,-0.07835406,0.57714236,0.7895588,0.33459392,0.019060154,0.6505578,0.63046134,0.74787617,1.0,0.16767797,-0.117326625,0.3015808,0.25366068,0.76104707,0.71584606,0.42308602,0.19649927,0.1679701,0.11091042,-0.121158294,-0.16456549,0.38938454,0.33441618,0.43868068,0.040859222,0.11759528,0.035158142,0.64949125,0.6799624,0.3344321,0.3589259,0.23324953,0.3953937,0.5083677,0.3849458,0.45918027,0.2676855,0.32025596,0.42156112,0.090117976,-0.0061798315,0.15700844,0.38270876,-0.22608505,-0.041704297,-0.09551654,0.15200652,0.021196267,0.22371931,0.30401322,0.40912122,0.35634753,0.38060313,-0.074991755,0.29842833,-0.06302963,0.09300453,0.13477637,0.30143836,0.034918882,0.08371822,0.43453795,0.42453068,0.5866022,0.39831915,0.2154917,0.20517728,0.12505692,-0.06828557,0.011213566,0.25247487,0.305206,0.5347409,-0.038969163,0.09749641,0.15989268,0.4630916,0.06081272,0.12848504,0.28513798,0.5659325,0.1240222,0.24162316,0.19640468,0.52167946,-0.15580064,0.01567443,-0.19792362,-0.037905637,0.37447473,0.4890709,0.35364458,0.3137183,0.29307595,0.15652889,0.031179786,-0.045286123,-0.15555605,-0.032668635,0.103184015,-0.14178818,-0.026309898,-0.14026509,0.42627853,0.5110175,0.33750433,0.076789655,-0.04768328,-0.076880746,0.13655081,0.36514583
-0.10159045,-0.1706543,0.1289819,0.09897989,0.36279827,0.4769785,0.1409825,0.14894837,0.5949561,0.6234163,0.18360136,0.22538686,0.11965635,0.16767797,1.0,0.61880255,0.28555903,0.34599,0.04859577,-0.075861864,0.33449644,0.3210211,0.21597078,0.16050358,0.27481526,0.40419406,0.26163003,0.29147926,0.45080578,0.5428988,0.22515027,0.23206553,0.23849985,0.14183138,0.080605,0.18668184,0.23256469,0.17576776,0.24206325,0.40334773,0.17130679,0.26934567,0.03152021,0.048414323,0.07586463,-0.13561,0.09738032,0.14802958,0.08371182,-0.020900015,-0.30425864,-0.03201705,0.09701993,0.0077142953,0.30230486,0.30540663,-0.09284067,0.004397466,-0.18261147,0.09410524,-0.22098279,0.046134237,-0.16702288,-0.017429724,-0.06311926,-0.3186409,-0.23190586,-0.033454195,0.10002931,-0.08272064,0.040812537,0.025550079,0.13608055,0.24683431,0.2601769,0.35809737,0.3727248,0.25308052,0.4685275,0.13648212,0.40572146,0.22640063,0.6952466,0.24141152,0.4401571,0.12178426,0.32079288,0.25873464,0.34088767,0.31030864,0.029651785,0.22258419,0.041558325,0.36150178,0.35435054,0.14522557,0.25382662,0.33305907,0.4167834,0.2516002,0.16291595,0.18999033,0.24421358,0.14911552,0.36956534,0.27005205,0.15294896,0.42060593,0.21207075,0.26686147,0.2241018,-0.2480729,0.022577163,0.14666368,0.108555384,0.2759686
-0.3044148,-0.3737312,-0.09053378,-0.06305805,0.2490494,0.70100933,-0.01218858,-0.06348294,0.40154687,0.7639841,0.12361816,0.23417911,-0.028562484,-0.117326625,0.61880255,1.0,0.17373757,0.022572367,-0.23160215,-0.24650708,0.14205475,0.12081649,0.32412466,0.29999945,0.5766613,0.75700593,0.04913101,0.046090867,0.19351651,0.6460152,0.25597242,0.4272969,0.093486875,-0.008594902,0.0052164085,0.021950966,0.22325696,0.029933782,0.15814829,0.21399328,0.033999197,0.22440697,-0.14921786,-0.15355988,0.061492126,-0.029312925,0.021423403,0.0024187264,0.3080633,-0.087453924,-0.15260024,-0.16388208,0.07508625,-0.08524089,0.2551555,0.08754241,-0.46631417,-0.41586617,-0.20337053,-0.27557066,-0.37208286,-0.090303615,-0.4234801,-0.30359828,-0.16631334,-0.3641866,-0.4812186,-0.3864548,-0.39464176,-0.46947923,0.022940151,0.15817076,0.16513714,0.25492465,0.18639098,0.28244808,0.15666369,0.048414618,0.2137583,0.19376725,0.1307776,0.046344392,0.57644254,0.46988082,0.2767229,-0.2705718,0.16920905,-0.09218593,0.23220584,-0.084097944,-0.035321735,0.30336592,0.31849694,0.4902554,0.30008784,-0.014454174,0.21333055,0.18528597,0.18333694,0.12756526,0.21541308,0.53143156,0.5897228,0.42890462,0.5943427,0.6062081,0.20826608,0.5460376,0.008145979,0.11292601,0.10962516,-0.25624713,0.15158659,0.22932471,-0.19747221,-0.052515753
0.42655754,0.3384641,0.4909419,0.44414523,0.10907077,0.13939597,0.47514918,0.3467401,0.1256646,0.15764457,0.43559235,0.4716356,0.35287592,0.3015808,0.28555903,0.17373757,1.0,0.44710505,0.40670893,0.32635912,0.2451758,0.08269435,0.42961243,0.3556326,0.082004055,0.05135137,0.083439596,0.085641704,0.5940385,0.32030663,0.457254,0.36807358,0.46907547,0.3829811,0.64977366,0.44086403,0.30658138,0.30989164,0.3559064,0.39919463,0.12924793,0.19154938,0.038304422,-0.04688451,-0.03646362,-0.028659772,0.30032536,0.3742697,-0.079712115,-0.14840296,-0.116998196,0.06378202,-0.0037092834,0.18301748,0.3170279,0.4190664,0.35321996,0.25866327,-0.18092668,-0.08539291,-0.13934003,0.06077185,0.08666167,0.01207902,-0.020009741,-0.15858188,0.077074565,0.28269875,0.33738706,0.21714783,0.26720816,0.33585685,0.3242529,0.16793178,0.29780242,0.20686615,0.4654022,0.43259075,0.46554282,0.12008841,0.5386224,0.14682043,0.19832134,0.31336418,0.29908526,0.15911435,0.11992131,0.30717748,0.30253688,0.29670227,-0.010369854,0.088661574,-0.14249417,0.05067611,0.2721582,0.25550357,0.49855208,0.3581101,0.28081298,0.14917918,-0.09361101,0.022979673,0.1560839,-0.05645609,0.1783992,0.22823529,0.035398,0.16806284,0.26653695,0.4356006,0.44075757,-0.04079692,-0.16947345,0.04613653,0.08749849,0.12942712
0.14232542,0.22425972,0.24201196,0.21258976,0.1559221,-0.118068576,0.104283966,0.15488642,0.13953234,-0.045877006,0.14267491,0.07622417,0.1103067,0.25366068,0.34599,0.022572367,0.44710505,1.0,0.25670108,0.15874425,0.12917538,0.088030726,-0.023603892,-0.026289111,-0.076015994,-0.24806353,0.20278506,0.17523003,0.3669966,0.24712679,0.1273536,0.06620573,0.45678768,0.3392816,0.4210177,0.2883152,0.06487023,0.19018239,0.07843211,0.21638587,0.11247274,0.12588139,0.13561742,0.07513999,-0.12655023,-0.110706784,0.102076165,0.1594218,-0.21549466,-0.06795834,-0.16740297,0.17993906,0.07124776,-0.008399625,-0.026535667,0.2158657,0.28029218,0.45593193,-0.14681096,-0.00086026394,-0.018112794,0.06002568,0.14247507,0.37597412,0.02493418,-0.061223883,0.16069005,0.32794967,0.43991545,0.27680403,0.13254601,0.0029644414,0.049392276,0.13333908,0.11328919,0.15985852,0.5349064,0.46554282,0.6022245,0.17203929,0.6137002,0.3422633,0.11730869,-0.08548385,0.17917977,0.35337296,0.14045805,0.2688155,0.068134956,0.33264545,0.052690946,-0.06786263,-0.21599488,-0.042631935,0.038209844,0.15458785,0.097350545,0.15376288,0.18217672,0.14367251,-0.058544364,-0.1461225,-0.16406082,-0.21815996,0.005280479,-0.10021243,-0.10395283,-0.083691105,0.13490473,0.14070551,0.17227507,-0.030716369,-0.22432391,0.028540555,0.23553099,0.32098848
0.74701655,0.5413725,0.6326289,0.72635704,0.1625949,-0.2445128,0.7080487,0.7531267,0.14202017,-0.0990106,0.65151703,0.5137741,0.6955673,0.76104707,0.04859577,-0.23160215,0.40670893,0.25670108,1.0,0.86116445,0.31164122,0.18247414,0.20561299,0.15654404,-0.22855712,-0.29199675,0.27567163,0.23928653,0.5079367,-0.05779128,0.28485277,0.11614641,0.6950847,0.7136609,0.39705914,0.37078318,0.321638,0.5436693,0.5749039,0.44125408,0.43450597,0.34813777,0.39108974,0.39760214,0.11199322,0.021706108,0.31163815,0.49565783,-0.27403632,-0.058745854,-0.08988067,0.14915997,0.084887125,0.3226992,0.357246,0.5915171,0.49145103,0.39399487,-0.054733645,0.28188688,-0.06731854,0.044177994,0.15464951,0.3350095,0.09124736,0.16326691,0.57475364,0.50967485,0.5989802,0.45704344,0.39066133,0.35124344,0.27559388,0.022015123,0.12010757,0.22747687,0.37126467,0.6076128,0.052366633,0.15105772,0.23796262,0.45176274,-0.08858164,0.017356014,0.13605718,0.5537662,-0.006578876,0.25764102,0.170578,0.6019412,-0.2675607,0.06390877,-0.29655042,-0.12000511,0.30668196,0.58457315,0.48947167,0.42227215,0.31584668,0.31862536,0.021427298,-0.041060712,-0.14691187,-0.09144098,0.16173726,-0.037129484,0.09947994,-0.2172563,0.37257263,0.5478065,0.49620375,0.08180176,-0.08594415,-0.09576084,0.17800625,0.3933338
0.71405745,0.47978,0.57050526,0.69798756,0.120997354,-0.23383257,0.66038,0.7040198,0.047496393,-0.16943042,0.62225217,0.4828151,0.66747725,0.71584606,-0.075861864,-0.24650708,0.32635912,0.15874425,0.86116445,1.0,0.29542524,0.15613064,0.16337836,0.1681884,-0.18745871,-0.2776454,0.21427806,0.13176043,0.3856102,-0.1194259,0.24728626,0.1319429,0.6522653,0.68837255,0.33998066,0.2937804,0.29130408,0.4910032,0.5446997,0.3089812,0.4961648,0.27845392,0.31473878,0.35344985,0.13555698,0.16340578,0.24767613,0.42068392,-0.21962076,-0.09870008,-0.02877371,0.11501553,0.010002135,0.39763266,0.2920948,0.45663282,0.38410696,0.297146,-0.06962148,0.2177051,-0.066253655,0.044411447,0.11726688,0.2636368,-0.0033906866,0.2054001,0.5535163,0.38648903,0.49497387,0.41758874,0.40528873,0.41037712,0.34609985,0.061552834,0.10595763,0.16864438,0.300976,0.55593663,-0.06269967,0.15628725,0.11253903,0.37550524,-0.18098468,0.050421737,0.07609622,0.49464038,-0.025887912,0.15781063,0.107195735,0.47785017,-0.28645974,0.02321086,-0.23852032,-0.15222013,0.25467357,0.52121043,0.39279115,0.283465,0.16773984,0.20238657,0.07407529,-0.06988262,-0.10302447,-0.09520527,0.13026492,-0.054887105,0.0701709,-0.23919119,0.35283712,0.45653918,0.40959477,0.09650844,-0.07441759,-0.1308352,0.1609494,0.31588453
0.10385896,0.04011873,0.25175866,0.29428515,0.44672656,0.02578584,0.36806783,0.37077388,0.46427977,0.22461519,0.23852216,0.39557847,0.3877096,0.42308602,0.33449644,0.14205475,0.2451758,0.12917538,0.31164122,0.29542524,1.0,0.06644852,0.22900732,0.11661804,0.034012884,0.1423988,0.42461455,0.40389854,0.4957359,0.2859548,0.12619002,0.07887671,0.39492843,0.34991473,0.16351822,0.30369663,0.29350466,0.26002625,0.3891909,0.35031924,0.4447442,0.19128403,0.20391485,0.20265211,-0.01269278,-0.015648726,0.15874086,0.25699615,-0.028134244,0.027598724,-0.07177921,-0.035784576,0.112340584,0.1318946,0.3423066,0.2936538,0.0628928,0.007108656,-0.29973912,0.01953995,-0.17967029,0.02907711,-0.042183667,-0.04216365,0.02541044,-0.040010884,0.04185357,0.037830003,0.1816995,0.087705016,-0.036518183,0.20832284,0.15361293,0.09714304,0.24393563,0.28940547,0.38454723,0.4398186,0.056428578,0.15187426,0.16314922,0.3981835,0.43707922,0.3464436,0.44399828,0.37870514,0.35917962,0.43860975,0.2642723,0.3695751,0.033663817,0.25342295,-0.09206628,0.13764213,0.28757292,0.25612918,0.27790812,0.25139332,0.34961894,0.042376023,0.025860924,0.05795166,-0.02400075,0.16534854,0.1105214,-0.06562353,-0.029418474,0.12281355,0.31854126,0.37415096,0.28185233,0.021733752,0.08833998,0.02332393,0.22871026,0.28246805
0.07171665,-0.057276554,0.29206765,0.1699237,0.21249637,0.33932018,0.30202213,0.31193182,0.21861209,0.14944312,0.1786587,0.107207514,0.31932163,0.19649927,0.3210211,0.12081649,0.08269435,0.088030726,0.18247414,0.15613064,0.06644852,1.0,0.17671244,0.18483779,0.28192276,0.12856644,0.1178154,0.10836817,0.26964208,0.22894432,0.05208393,0.18773249,0.13495411,0.13715507,0.070745856,0.12373617,0.3295988,0.2929629,0.2854371,0.38045117,0.07851867,0.46180764,-0.02408479,0.029033877,0.16220173,-0.014005756,0.1000144,0.1793123,-0.017131938,-0.020761989,-0.38973013,0.014719531,-0.10143882,-0.0281594,0.12342446,0.20496243,-0.031817306,0.03142808,0.090423875,0.16462652,-0.041357372,-0.08619558,-0.16547938,0.036768615,-0.022809422,-0.081310675,-0.059401337,0.14614898,0.19650728,0.053968847,0.23641983,-0.0646589,0.15681939,0.33405128,0.24264227,0.3184673,0.083057195,0.1839542,0.07069479,0.26474163,-0.0062278793,0.22433674,0.14359552,-0.010452766,0.17494917,0.17023228,0.2899678,-0.050072446,0.16265208,0.20201515,0.2923181,-0.16739812,-0.0062245987,0.20940726,0.23542485,0.2441161,0.25922406,0.21110132,0.17541763,0.078319855,0.090719216,-0.055760488,0.02712962,-0.22599667,0.07875773,0.06882554,0.05895445,0.07039862,0.38719738,0.2884203,0.1051163,-0.061464168,-0.28531972,0.042160425,0.14836214,0.2651618
0.1827636,0.087822825,0.60290235,0.5658135,0.2217212,0.36916935,0.6259599,0.42075068,0.33205903,0.32715672,0.36003563,0.4519231,0.5297318,0.1679701,0.21597078,0.32412466,0.42961243,-0.023603892,0.20561299,0.16337836,0.22900732,0.17671244,1.0,0.8398717,0.28469995,0.46385866,0.19332719,0.22488886,0.40848777,0.23988922,0.5622085,0.7373447,0.30465072,0.3808228,0.5416096,0.5304042,0.44972107,0.3075998,0.36113295,0.40389028,0.08840352,0.32198083,0.11198663,-0.100981094,0.14480014,-0.07516164,0.4779806,0.40860036,0.21581624,0.053348582,-0.18891625,0.05338847,0.09197985,0.16916332,0.39008388,0.24934065,-0.084052704,-0.07141403,-0.07389698,-0.12396559,-0.17679237,-0.04405683,-0.3144684,-0.40783107,-0.08402833,-0.19831036,-0.068574935,0.07513358,-0.007492564,-0.15654731,0.15255988,0.22502117,0.22017351,0.050138026,0.22892305,0.21512023,0.150081,0.32055566,0.1089831,0.20192611,0.00031491191,0.019781517,0.15624253,0.3766499,0.2080575,0.058708824,0.066285044,0.0930644,0.17680866,0.15185414,0.013043968,0.14465182,-0.014218467,0.36523315,0.38510546,0.17053314,0.56251633,0.29268166,0.14752048,0.072194025,0.033178028,0.31952587,0.43695605,0.24614012,0.37865797,0.4384081,0.018896729,0.21396953,0.18426205,0.5204507,0.46452674,-0.11511663,-0.10920413,0.0113302255,-0.16153654,-0.0073428126
0.14818348,0.04107757,0.57444847,0.5512912,0.18786585,0.32161954,0.5584382,0.3417158,0.26369232,0.2204341,0.31833044,0.3416982,0.4850155,0.11091042,0.16050358,0.29999945,0.3556326,-0.026289111,0.15654404,0.1681884,0.11661804,0.18483779,0.8398717,1.0,0.27609816,0.44816515,0.12666333,0.12984692,0.3076606,0.18359359,0.5652624,0.7704228,0.29156312,0.36099523,0.54575264,0.4953983,0.3941836,0.26545277,0.28097034,0.29166254,0.031275596,0.28216487,0.12603098,-0.16536784,0.15825872,-0.010122535,0.46022737,0.3893224,0.26633474,-0.0010404536,-0.18874301,0.025385493,0.07377605,0.20908533,0.27389565,0.17922354,-0.17652267,-0.107614726,-0.12801355,-0.14971286,-0.15737912,-0.03780947,-0.3708847,-0.38507608,-0.13913736,-0.1693489,-0.029719068,0.034706663,-0.08414538,-0.17487703,0.1847642,0.21773122,0.27333573,0.112638645,0.20260571,0.15072209,0.1433723,0.29261723,0.0649264,0.17539577,-0.08899351,-0.03886339,0.020441886,0.32124004,0.07388439,0.021755485,-0.022130335,-0.041842952,0.06501659,0.07838871,-0.009225342,0.11781137,-0.022322083,0.31742838,0.2763054,0.1303316,0.4874834,0.1978806,0.0021659706,0.08158061,0.04690077,0.28945836,0.45490915,0.22393303,0.38771796,0.4644463,0.03424096,0.19297966,0.034939572,0.42554995,0.42316264,-0.149459,-0.107151814,0.006877299,-0.15330231,-0.06513587
-0.32516432,-0.39163077,-0.11347762,-0.08973905,0.4231638,0.69623536,-0.028484536,-0.008330087,0.30380428,0.4379706,0.010064854,0.05043372,0.010221919,-0.121158294,0.27481526,0.5766613,0.082004055,-0.076015994,-0.22855712,-0.18745871,0.034012884,0.28192276,0.28469995,0.27609816,1.0,0.65418184,0.20729198,-0.037927542,-0.019816672,0.426064,0.19830804,0.37171426,0.03577181,-0.041633178,0.06575659,-0.06295867,0.18766302,0.019823536,0.087662764,0.073052004,0.0062644496,0.20990689,-0.31014693,-0.18794201,0.16664757,0.057073563,-0.07762431,0.002703109,0.13960171,-0.09571807,-0.09023994,-0.12285315,-0.074775696,-0.090861455,-0.00024529247,-0.10596114,-0.43917766,-0.44356507,-0.062479462,-0.33366385,-0.26227123,-0.1630211,-0.35319477,-0.33845767,-0.08045613,-0.17920363,-0.41546255,-0.35558876,-0.40471882,-0.5357417,0.1494133,0.07020706,0.11280005,0.1964654,0.01270377,0.08612843,0.04329443,-0.020971917,0.09121189,0.14481583,-0.039953515,-0.009204571,0.28028524,0.26586077,0.15416066,-0.2441017,0.08113761,-0.38026673,0.004251566,-0.22066039,0.096699975,0.23047161,0.07883684,0.39787996,0.15819785,-0.027354674,0.113504246,-0.027927233,-0.08448092,0.005753,0.13159491,0.3921292,0.3933986,0.3010012,0.28809363,0.3048185,0.017460113,0.33296087,0.049794957,0.05885075,0.036180887,-0.09614154,0.12100555,0.17907958,-0.21806814,-0.20346127
-0.3811516,-0.41200295,-0.051833637,-0.03164807,0.37952027,0.6725206,0.06493253,-0.03731759,0.38946804,0.66839224,0.033833563,0.19915728,0.044171434,-0.16456549,0.40419406,0.75700593,0.05135137,-0.24806353,-0.29199675,-0.2776454,0.1423988,0.12856644,0.46385866,0.44816515,0.65418184,1.0,0.13901873,0.084894784,0.10845344,0.47728604,0.2948427,0.5042821,-0.022402177,-0.06478036,0.015818825,0.06335068,0.21651866,-0.0011822499,0.108789966,0.16642988,-0.08787941,0.213036,-0.22088158,-0.22400989,0.13249187,0.0024343429,0.062042475,0.06965349,0.3675606,-0.061194893,-0.11752892,-0.18740673,0.058612604,-0.023899915,0.17758223,-0.023774888,-0.59275836,-0.51343936,-0.19841069,-0.23948668,-0.42884064,-0.14042601,-0.563104,-0.43108612,-0.18169028,-0.26779968,-0.4707393,-0.4546429,-0.5137502,-0.66847783,-0.07395532,0.09172205,0.09750054,0.13905911,0.11436601,0.14382145,-0.03546031,-0.030908199,-0.012915296,0.114836045,-0.15548514,-0.10560584,0.5019077,0.42745605,0.18534109,-0.32142302,0.0881309,-0.18362364,0.05515944,-0.1471182,-0.021072421,0.35693902,0.2634524,0.5062645,0.24501912,-0.08466952,0.21655451,0.10439356,0.047654297,0.08142707,0.14048496,0.6314427,0.59082556,0.5771815,0.5130294,0.56197435,0.073924616,0.4913046,-0.08599968,0.14921895,0.15008909,-0.16409384,0.17360212,0.19585231,-0.3384065,-0.14449671
0.011036513,0.12459895,0.18454078,0.2614983,0.5423168,0.12940407,0.2541062,0.42763475,0.5061883,0.08702255,0.19159581,0.21694553,0.3128934,0.38938454,0.26163003,0.04913101,0.083439596,0.20278506,0.27567163,0.21427806,0.42461455,0.1178154,0.19332719,0.12666333,0.20729198,0.13901873,1.0,0.5247571,0.27036226,0.14934367,0.20480914,0.15893814,0.3700701,0.35545763,0.21734643,0.18796895,0.15473035,0.1915079,0.2444168,0.22699459,0.22545427,0.2687922,0.026418313,0.19203922,0.015657302,-0.022904059,0.037813574,0.13917926,-0.10204176,0.012236969,-0.16297556,0.027949642,0.12085197,0.18310358,0.09230093,0.15758604,0.033440445,0.10695001,-0.18114763,0.17611414,-0.081212424,0.01055948,-0.061667476,0.027885037,0.061709624,0.0037999845,0.13056464,0.04558043,0.17849898,-0.07056949,0.12806691,0.09470688,-0.0952139,0.0012530786,-0.12350181,0.13917127,0.20938034,0.23431389,0.03964326,-0.07852595,0.10169101,0.32946312,0.2942672,0.21774657,0.20126288,0.27087435,0.15160534,0.16213147,-0.05006817,0.25325942,-0.1837294,0.05413512,-0.4010275,0.10128655,0.13019203,0.21298514,0.09417197,0.11542388,0.17641592,0.11861024,-0.15491839,0.098716766,-0.18396139,0.07394154,-0.1045503,-0.20200181,-0.2641236,-0.12732705,0.1691416,0.18332899,0.20001216,-0.038538333,-0.036709297,0.031863537,0.14940539,0.19131874
0.08361497,0.20058475,0.16707754,0.27267498,0.36570618,0.055419944,0.24367987,0.39375213,0.42722687,0.19108908,0.15393925,0.27721554,0.29633325,0.33441618,0.29147926,0.046090867,0.085641704,0.17523003,0.23928653,0.13176043,0.40389854,0.10836817,0.22488886,0.12984692,-0.037927542,0.084894784,0.5247571,1.0,0.25762773,0.22354087,0.10265953,0.15386859,0.23736864,0.26746127,0.21304289,0.21994378,0.23955493,0.22237147,0.3171263,0.36064336,0.18777308,0.30791083,0.11333334,0.10066503,-0.03990307,-0.1346083,0.13526534,0.14547125,-0.09600701,0.14333816,-0.15888226,0.04736658,0.2313106,0.1497045,0.19194591,0.18043712,0.06305922,0.1313387,-0.24668893,0.13688405,-0.098108865,0.11696754,-0.11924981,-0.027556993,0.014378232,-0.06699186,0.033660628,0.08468335,0.208007,0.013578472,-0.09947096,0.0072458414,-0.044924896,-0.11508356,-0.021484334,0.20174265,0.17911506,0.2947634,0.07607581,-0.0724101,0.08764079,0.18353139,0.34068757,0.06721546,0.2535068,0.2765664,0.29055864,0.34477398,0.14685683,0.2742621,0.012060921,-0.014855928,-0.24294032,0.030809585,0.22712544,0.24995415,0.23697259,0.18144518,0.24446324,0.12370718,-0.11915289,0.0887397,-0.058520477,0.022924868,-0.07245383,-0.07667325,-0.22302112,-0.042051908,0.21773192,0.30806112,0.15200311,-0.09522504,-0.1841272,-0.14407328,-0.027101947,0.22501506
0.33918595,0.23320815,0.5626449,0.5037525,0.3490819,0.09135747,0.61745447,0.46977937,0.418655,0.22946846,0.4804169,0.5185926,0.5205474,0.43868068,0.45080578,0.19351651,0.5940385,0.3669966,0.5079367,0.3856102,0.4957359,0.26964208,0.40848777,0.3076606,-0.019816672,0.10845344,0.27036226,0.25762773,1.0,0.41124356,0.41837534,0.32238644,0.57849723,0.49453017,0.41315556,0.51684624,0.4903825,0.4985469,0.4875615,0.60841423,0.30629814,0.34436423,0.2307347,0.17425367,0.07555862,-0.090262815,0.44137087,0.46085963,-0.04317416,-0.19638516,-0.20581613,-0.04677417,0.081613824,0.23257041,0.49175847,0.5571423,0.22747688,0.23016474,-0.20202148,0.09854741,-0.22066373,-0.11194133,0.016639398,0.019366138,0.06661974,-0.20741604,0.17664987,0.2943654,0.37788308,0.18941705,0.19319034,0.2744154,0.30042106,0.2890586,0.4226312,0.30696583,0.45952952,0.5024204,0.34152138,0.2763439,0.4005192,0.475496,0.39568347,0.2955223,0.45806473,0.4045956,0.34071156,0.514397,0.4326202,0.5345139,0.03992962,0.111224145,-0.17162174,0.15013008,0.3292096,0.37973496,0.53196734,0.49545515,0.53187776,0.24846153,0.01440914,0.06265604,0.056683507,-0.019582216,0.24597132,0.17807695,0.055651594,0.09681179,0.33626124,0.5243958,0.5156053,0.043299098,-0.06298651,0.083016805,0.26190886,0.42375204
-0.19065736,-0.23511234,-0.041989345,-0.012591529,0.27450988,0.46665606,0.065947644,0.03199125,0.3618904,0.53017914,0.20166604,0.33390626,0.07472615,0.040859222,0.5428988,0.6460152,0.32030663,0.24712679,-0.05779128,-0.1194259,0.2859548,0.22894432,0.23988922,0.18359359,0.426064,0.47728604,0.14934367,0.22354087,0.41124356,1.0,0.25607604,0.33878306,0.2751103,0.20232157,0.21285008,0.26912436,0.41271466,0.20739532,0.21833985,0.39312297,0.10190526,0.30098936,-0.063752115,-0.059635952,-0.019956863,-0.21338756,0.12775263,0.1353168,0.095191255,-0.08918702,-0.16307613,-0.17902175,0.06361414,-0.11778153,0.29147476,0.18281066,-0.2247023,-0.2153899,-0.24401553,-0.20713392,-0.3121014,-0.07722205,-0.15763137,-0.19456735,-0.11492743,-0.29425412,-0.2399337,-0.12710693,-0.12180398,-0.27631974,0.14963986,0.235319,0.2461136,0.37669098,0.29659584,0.37648618,0.31260368,0.26649442,0.3033907,0.3435463,0.29363236,0.2920423,0.5883577,0.40755612,0.53784496,-0.04460782,0.37987348,0.17616601,0.39767188,0.06567315,0.16468245,0.093241125,0.1491801,0.26856184,0.2942546,0.13621841,0.2647034,0.2634598,0.35159978,0.13831021,0.057112604,0.17305185,0.263301,0.11815821,0.25231782,0.30344573,0.037001695,0.40174296,0.2164017,0.24390219,0.13959405,-0.13015236,0.018331202,0.12549302,0.015762055,0.16975279
0.20979947,0.047896713,0.4263718,0.43550852,0.16108935,0.1564928,0.46564868,0.23703592,0.059560154,0.16379227,0.32606295,0.22933441,0.32835227,0.11759528,0.22515027,0.25597242,0.457254,0.1273536,0.28485277,0.24728626,0.12619002,0.05208393,0.5622085,0.5652624,0.19830804,0.2948427,0.20480914,0.10265953,0.41837534,0.25607604,1.0,0.68308413,0.42679873,0.4035608,0.4513237,0.4171779,0.42982,0.41798797,0.32423306,0.37806776,0.1880785,0.37872875,0.23146634,0.04628937,0.20329838,0.109020025,0.37792137,0.46830466,0.032850113,-0.18835677,-0.10559842,0.16115163,0.17622738,0.2957841,0.3182256,0.37202543,0.03389126,-0.0036008637,-0.18822528,-0.09044132,-0.26571795,-0.16972494,-0.12616959,-0.18558224,-0.13373648,0.05578155,0.19173114,0.11104952,-0.007193651,-0.11577573,0.40882462,0.42737335,0.40393132,0.21536584,0.23842654,0.16209137,0.39971143,0.35881144,0.29380482,0.1942331,0.25207007,0.16693518,0.16102356,0.28429478,0.23296086,0.10803859,-0.14004697,0.10031785,0.16590104,0.20010945,-0.32836637,0.11625326,-0.21490368,0.12338994,0.2064168,0.19642362,0.41714346,0.33120316,0.2733002,0.373296,-0.10903538,0.3196529,0.20796297,0.19530089,0.3435443,0.32285875,0.07077146,0.18299142,-0.008539957,0.32295159,0.5076233,0.044747494,0.05562405,0.109649636,-0.050378267,0.13068819
