1.0,0.69215137,0.84461343,0.74457085,0.34894875,0.045368455,0.8653228,0.6933513,0.48095578,0.3480824,0.7857573,0.62040883,0.76841486,0.55350405,0.36746845,0.33575395,0.65988195,0.67276096,0.83147764,0.792636,0.568649,0.5081876,0.7293931,0.50782454,0.07573743,0.16725118,0.46731162,0.45138067,0.62439126,0.6208162,0.65508336,0.46762338,0.52763075,0.64231306,0.6607787,0.6141289,0.44306964,0.68714666,0.29296237,0.32341674,0.47430757,0.4482937,0.69757175,0.59606135,0.33610526,0.42998397,0.6708726,0.591705,0.25180596,0.16461685,0.28826478,0.1596501,0.2836882,0.34584033,0.6332594,0.5259921,0.87354064,0.69533134,0.3759603,0.09020557,0.72137773,0.42956668,0.7524935,0.59225166,0.41900712,0.45827088,0.78618485,0.61171746,0.6056319,0.53256553,0.6233125,0.4446374,0.6242931,0.5821769,0.6458983,0.6824688,0.31086674,0.35139078,0.6132344,0.5973468,0.69988376,0.4708198,0.2925821,0.26731727,0.65426725,0.39869303,0.43962455,0.008420915,0.61321044,0.49098244,0.36769375,0.40285575,0.24287416,0.23294254,0.45261952,0.48022383,0.5092687,0.5336206,0.50356364,0.4678526,0.46705216,0.27011356,0.27598536,0.36612692,0.38097894,0.48351365,0.36448643,0.37649065,0.45440435,0.59142137,0.60907656,0.37542456,0.5499804,0.49164495,0.46688086,0.5736205
0.69215137,1.0,0.64742434,0.7352674,0.3333628,0.0379506,0.5545152,0.76009315,0.47785106,0.17919953,0.4192568,0.78223735,0.4008105,0.79823494,0.082259566,0.32779932,0.6137279,0.74380046,0.5668553,0.72548413,0.43976453,0.43645066,0.37065902,0.6442454,0.19322434,0.023966044,0.44529423,0.4048376,0.667748,0.5282653,0.615379,0.41403574,0.4274407,0.5845629,0.5291296,0.46462104,0.31356752,0.55859005,0.050157286,0.30393395,0.47351015,0.30084068,0.5334527,0.5744232,0.4911916,0.61134887,0.54419416,0.5674995,0.19128531,0.28679833,0.20420974,0.40365285,-0.03869261,0.5375197,0.48520905,0.5637078,0.63421595,0.83181953,0.40347895,0.23481329,0.43267685,0.65074784,0.33119303,0.75250816,0.1984734,0.7110452,0.7348483,0.55763125,0.6635516,0.45060158,0.342213,0.39075258,0.6386192,0.59178233,0.57407963,0.72533965,0.2684914,0.21659079,0.5716038,0.53113633,0.4547558,0.7358524,-0.011975705,0.38308933,0.21754974,0.574496,0.3673868,0.17415623,0.30070388,0.6085849,0.23734936,0.54490983,0.09571854,0.38327688,0.40904266,0.4390769,0.45567057,0.56671065,0.45454827,0.50657237,0.41710174,0.3479552,0.12598728,0.31679097,0.31036952,0.38571885,0.38990572,0.37493196,0.46285787,0.3398873,0.4147271,0.49072778,0.55758035,0.4594221,0.42320955,0.53830713
0.84461343,0.64742434,1.0,0.84998316,0.43387553,0.13431247,0.871639,0.767864,0.5684214,0.45968217,0.78042364,0.6099408,0.752974,0.5655584,0.459737,0.43420792,0.6667623,0.72595084,0.84687895,0.876732,0.60210913,0.5189647,0.8235399,0.69566965,0.04583538,0.22657286,0.5233776,0.53096914,0.6638144,0.6557466,0.72620046,0.51806116,0.68174803,0.7608777,0.724299,0.7475871,0.5082044,0.7277839,0.39804146,0.453736,0.49431288,0.5083153,0.62138426,0.63845354,0.24400282,0.36222228,0.6668442,0.65186507,0.13423684,0.11418502,0.084933385,0.091159105,0.18951564,0.31133854,0.671614,0.58357733,0.8008134,0.6826834,0.23823692,0.01831377,0.5707871,0.27934942,0.60469455,0.5040369,0.26872322,0.35664997,0.76854336,0.7178189,0.4900649,0.6227878,0.7201427,0.6067166,0.70584536,0.7493728,0.7277835,0.7099796,0.3532806,0.37620783,0.6224432,0.59300447,0.71144176,0.48945713,0.4386883,0.49433187,0.6389369,0.5050662,0.5570453,0.2037042,0.6302205,0.55203515,0.31000283,0.47597012,0.27203432,0.33147037,0.50961506,0.54583645,0.5836125,0.6007205,0.48722234,0.4948275,0.43773836,0.4503283,0.38433707,0.5489125,0.50185984,0.6121895,0.41377115,0.53356224,0.54764897,0.6582752,0.71243757,0.39432788,0.57141984,0.5756906,0.5248887,0.649252
0.74457085,0.7352674,0.84998316,1.0,0.34573877,0.18686984,0.74838156,0.85728896,0.5492702,0.45654547,0.63438,0.650692,0.62165564,0.67790765,0.35730106,0.4362255,0.59318715,0.7281852,0.77484185,0.85390437,0.5179473,0.5109701,0.74261945,0.8028507,0.0715846,0.27495486,0.49737555,0.495506,0.64644766,0.65943426,0.6970048,0.54472435,0.6000461,0.7100801,0.664332,0.7294342,0.46118143,0.7189658,0.30759156,0.44666624,0.5038701,0.47271192,0.5489519,0.72248596,0.32620502,0.4587494,0.6463282,0.74581313,0.22636046,0.12287125,0.12638755,0.13887717,0.093410194,0.41113025,0.59994435,0.5926693,0.71034706,0.68463844,0.26781324,0.119647846,0.4585682,0.35405985,0.47954568,0.5197101,0.24589679,0.40157494,0.7524035,0.7363413,0.5317949,0.629875,0.6416386,0.59238213,0.6935658,0.7469905,0.71422905,0.7385356,0.3510582,0.33337122,0.6065256,0.61075,0.6334351,0.6304578,0.36468196,0.55015796,0.55061483,0.70943195,0.546049,0.32083765,0.49442306,0.63353723,0.291932,0.5037691,0.23270626,0.37126535,0.50396365,0.55392146,0.5719921,0.6038504,0.43854216,0.502686,0.46158186,0.47518077,0.3281507,0.5315555,0.48420015,0.57598907,0.3831473,0.49177328,0.5232766,0.5930554,0.6897424,0.45263046,0.5852464,0.5615835,0.50359166,0.60863954
0.34894875,0.3333628,0.43387553,0.34573877,1.0,0.14529012,0.46826217,0.47870317,0.53275454,0.28521472,0.4776322,0.57687175,0.507489,0.48451447,0.46843243,0.3758873,0.63905126,0.5158327,0.18053621,0.38684097,0.42228356,0.3994882,0.3234396,0.41835102,0.208716,0.13467349,0.45135108,0.35994872,0.6071375,0.4215241,0.30528998,0.24385013,0.27279627,0.47816378,0.41730353,0.51725435,0.6629485,0.37184438,0.5806747,0.4101571,0.56625545,0.6036367,0.4347499,0.44612092,0.12937546,0.26087093,0.52826,0.47129864,-0.12746406,-0.13011317,-0.1366608,-0.033834897,0.13857386,0.4179679,0.69243795,0.4987867,0.31471574,0.40304995,0.15538634,0.053457305,0.11062818,0.11758821,0.1704747,0.25812173,0.008630729,0.14716509,0.4078585,0.5242941,0.0890487,0.513323,0.47288072,0.5543011,0.61747956,0.5207595,0.47433883,0.38386053,0.007895747,-0.0095021725,0.43219548,0.33035594,0.46571973,0.41007367,0.20607316,0.5059678,0.3527071,0.49194708,0.07003667,0.034333486,0.62783027,0.6208568,0.29995474,0.58711326,0.35570294,0.583271,0.53591454,0.51147777,0.6358087,0.4618323,0.50545657,0.48364457,0.10451436,0.39927053,0.37192273,0.54681534,0.58182436,0.5829731,0.54745173,0.5257715,0.33587065,0.5541891,0.55691284,0.31788766,0.3718438,0.51261294,0.49967316,0.41751742
0.045368455,0.0379506,0.13431247,0.18686984,0.14529012,1.0,0.14316489,0.16351476,0.23185404,0.68546474,0.23089327,0.061056584,0.35159227,0.17359406,0.6543058,0.6673675,-0.009771714,0.14332168,0.082272224,0.08319312,0.27168304,0.34702528,0.3066325,0.18456548,0.41224647,0.52984035,0.38456795,0.5896048,0.32544306,0.47773406,0.08077165,0.3318328,0.023965351,0.023487179,-0.04747925,0.14843883,0.34621838,0.29638132,0.39904925,0.53767425,0.31493872,0.41298896,-0.016093254,0.0838204,0.0787934,0.15858261,0.18713252,0.27662694,-0.26586914,0.032998577,-0.05170091,-0.27319866,0.057122815,-0.044328403,0.26872858,0.31738487,-0.03864564,-0.20638949,0.20018634,-0.043423764,-0.019514399,-0.22906011,-0.08139374,-0.29700032,-0.42309323,-0.083964646,-0.010444579,0.26744556,0.09457971,-0.040321663,0.45935956,0.05963868,0.13885179,0.40889612,0.20418106,0.33947337,0.2786835,0.106862575,0.023317723,0.23628175,0.3391588,0.22223115,0.70493835,0.6500908,0.3182052,0.22850609,0.3218028,0.3743357,0.26977322,0.31304654,0.46292198,0.21651016,0.4099045,0.39213023,0.40657324,0.49197567,0.40581346,0.45149302,0.26914853,0.31638592,0.35375926,0.45682663,0.47874463,0.39815184,0.39869297,0.34959954,0.04620315,0.3498607,0.42945942,0.2715256,0.26162493,0.27545795,0.12981156,0.37373337,0.54095787,0.3471068
0.8653228,0.5545152,0.871639,0.74838156,0.46826217,0.14316489,1.0,0.7412644,0.5289593,0.4629459,0.8404018,0.5911433,0.85899085,0.52739596,0.48467878,0.38463333,0.6890018,0.6810764,0.78251636,0.75445217,0.58049464,0.53669,0.8223456,0.5625835,0.09473111,0.27208015,0.5289136,0.5088851,0.62129086,0.6518971,0.5655071,0.4532128,0.5189931,0.65615153,0.6579813,0.718717,0.52846426,0.6780727,0.4410122,0.37763667,0.53671914,0.5323081,0.7194848,0.63410413,0.27033058,0.36942688,0.7215446,0.6147329,0.17043501,0.028478824,0.13002473,0.013541319,0.29634556,0.3601572,0.7446378,0.5579366,0.8253909,0.59620196,0.26875642,0.073343396,0.58805156,0.2698427,0.6948546,0.4727317,0.28637508,0.29298615,0.7334434,0.6842485,0.43947065,0.5765675,0.74822325,0.5164093,0.65645266,0.66840154,0.69252247,0.68676794,0.20240521,0.24282351,0.5832719,0.6025149,0.81447923,0.46521768,0.4357825,0.39241552,0.7838838,0.5123129,0.4103258,0.10130528,0.7700639,0.5752952,0.42006058,0.4767759,0.37694943,0.34986997,0.5297787,0.5322894,0.5791964,0.549999,0.53571993,0.5070337,0.46630028,0.36389056,0.374168,0.4923958,0.49888968,0.59689015,0.41295487,0.46988654,0.5037509,0.7049726,0.7150911,0.38353458,0.5676772,0.5775292,0.5470196,0.6183722
0.6933513,0.76009315,0.767864,0.85728896,0.47870317,0.16351476,0.7412644,1.0,0.44678646,0.3627736,0.626045,0.789594,0.6263722,0.8266278,0.2879665,0.36421758,0.726628,0.8014974,0.61075974,0.75923795,0.41681123,0.5401007,0.6356921,0.7944311,0.13383554,0.3532059,0.49766552,0.49532348,0.68136436,0.6774613,0.61159885,0.42973894,0.56320304,0.72997457,0.6874231,0.7096717,0.47672734,0.6353874,0.28011674,0.38804585,0.4744571,0.46093723,0.6703066,0.790663,0.3453074,0.43165526,0.72422,0.73473465,0.13631696,-0.02749964,-0.035631403,0.088927664,0.10702049,0.57351744,0.6718196,0.66364795,0.6693712,0.72275,0.18777008,0.11381281,0.26882634,0.36246467,0.3969199,0.6301748,0.12950736,0.35753286,0.7158249,0.71690965,0.39202988,0.5838501,0.63218975,0.5932641,0.75410146,0.7425247,0.7473786,0.7612255,0.12080118,0.15588087,0.6480963,0.5991246,0.64616597,0.80580425,0.26151383,0.5484011,0.47217885,0.78853816,0.3865648,0.30534872,0.5499217,0.7539481,0.35872063,0.64095277,0.3506773,0.51353616,0.5284855,0.544817,0.6050694,0.59216404,0.5771686,0.5975895,0.49732658,0.49821422,0.33466688,0.5595296,0.5488141,0.59266675,0.5088855,0.5548311,0.44363925,0.5244117,0.6277413,0.5458982,0.65425473,0.6377662,0.53498346,0.60108984
0.48095578,0.47785106,0.5684214,0.5492702,0.53275454,0.23185404,0.5289593,0.44678646,1.0,0.5611699,0.47270456,0.43799368,0.48421457,0.38228944,0.6352367,0.6568206,0.2917929,0.43176147,0.50030386,0.57207704,0.73263407,0.6016314,0.4697768,0.43037897,0.24360324,-0.09034066,0.6331433,0.4674126,0.5138683,0.4457552,0.4935643,0.6165201,0.18040717,0.3073601,0.22393307,0.45571905,0.5776938,0.6043578,0.52518266,0.6391054,0.73481745,0.61826193,0.31318936,0.4778345,0.29164565,0.6263011,0.51822764,0.55860394,-0.016256126,0.332163,0.13646737,0.2151941,0.049578104,0.30879372,0.56451315,0.508714,0.3842814,0.35430142,0.4427968,0.36919972,0.41678405,0.18946004,0.2625763,0.17890687,0.21215029,0.44204175,0.55352366,0.6492649,0.49914822,0.58334124,0.4556869,0.43459922,0.41972145,0.472949,0.4456286,0.44810557,0.47756654,0.32841253,0.1804422,0.32676333,0.45090497,0.27039194,0.36166978,0.5935269,0.5380979,0.5619185,0.38242543,0.23254356,0.4907429,0.5679439,0.3311906,0.5070221,0.24636742,0.4639436,0.522798,0.56269306,0.5791756,0.5879766,0.39139548,0.46211255,0.24298589,0.46339405,0.42716914,0.520027,0.48919356,0.5977683,0.3808363,0.41946727,0.5488115,0.5904489,0.63536197,0.30961996,0.30359432,0.44355845,0.55639565,0.4614338
0.3480824,0.17919953,0.45968217,0.45654547,0.28521472,0.68546474,0.4629459,0.3627736,0.5611699,1.0,0.5356169,0.24579325,0.62652546,0.23366812,0.8074248,0.7585953,0.16981994,0.33260918,0.45037806,0.41461986,0.5725854,0.6183266,0.62036294,0.34105283,0.2935318,0.44603655,0.6552784,0.5898975,0.46828052,0.6531859,0.3379782,0.5316437,0.20890202,0.25154144,0.20631647,0.4373529,0.5007949,0.51335263,0.5592288,0.618446,0.5316613,0.58443767,0.16775417,0.29390338,0.04259298,0.25372168,0.39583185,0.5173376,-0.2370363,0.06590164,0.0063396133,-0.26905385,0.20974022,0.008436047,0.47869113,0.4352851,0.28756353,0.011666703,0.20264435,0.06475979,0.26782668,-0.12200866,0.2384007,-0.167631,-0.1636568,0.006022815,0.2986929,0.51316726,0.30371433,0.29019964,0.676184,0.21673784,0.36404005,0.5722135,0.47072303,0.49247217,0.3731158,0.20349716,0.15970461,0.40964934,0.5751986,0.24308172,0.78805536,0.7035503,0.6277501,0.38382894,0.4812679,0.3083545,0.52380073,0.44028997,0.49995062,0.28336093,0.4179587,0.37245938,0.4932897,0.6054851,0.53726596,0.5535935,0.3495305,0.35371998,0.45076457,0.53491586,0.558396,0.534957,0.52581835,0.52299625,0.1417879,0.45804232,0.6110309,0.58000606,0.5730105,0.26970047,0.2559956,0.48042136,0.5992313,0.4310141
0.7857573,0.4192568,0.78042364,0.63438,0.4776322,0.23089327,0.8404018,0.626045,0.47270456,0.5356169,1.0,0.58923167,0.91087097,0.51673657,0.6116392,0.43901423,0.7144944,0.72031915,0.7092791,0.70167387,0.60960954,0.5877719,0.8256527,0.45546505,0.006816639,0.34747258,0.57847935,0.5178946,0.70640963,0.7430974,0.5492508,0.47858322,0.5662427,0.6906492,0.6961854,0.7015521,0.56561667,0.6204516,0.47144678,0.38816822,0.51970214,0.5257633,0.6304312,0.57345015,0.07206783,0.19055742,0.7074637,0.6351477,-0.07149382,-0.12263959,-0.0053789453,-0.22847499,0.38131556,0.29114926,0.73093396,0.573388,0.7842501,0.46342096,0.16429263,-0.046564884,0.5365536,0.1541881,0.64947546,0.3313149,0.23786376,0.100447685,0.63219035,0.6216801,0.36774525,0.5083902,0.82676184,0.4387442,0.69512814,0.69327873,0.7531566,0.65390027,0.16437529,0.15386935,0.67106605,0.6198013,0.8229131,0.4693344,0.54306656,0.41939694,0.76373094,0.38166317,0.4469909,-0.04788034,0.76655024,0.526687,0.50759685,0.4645033,0.46762073,0.36980498,0.5603789,0.5937266,0.62776726,0.5748253,0.5955731,0.51249117,0.50801325,0.3976921,0.48070976,0.5335192,0.5865412,0.6156113,0.41974488,0.5119398,0.53177047,0.69028366,0.70261997,0.43048567,0.57149935,0.62613237,0.59820276,0.5932656
0.62040883,0.78223735,0.6099408,0.650692,0.57687175,0.061056584,0.5911433,0.789594,0.43799368,0.24579325,0.58923167,1.0,0.5781318,0.878693,0.23512457,0.34688687,0.803177,0.8996733,0.44445702,0.68895495,0.43713284,0.59364945,0.47222644,0.681162,0.13069698,0.19334154,0.515329,0.44702667,0.8134291,0.6924909,0.5684985,0.36617827,0.47243068,0.73403263,0.6837441,0.6371343,0.5314317,0.52054757,0.23271248,0.33071858,0.5220876,0.42255282,0.6529015,0.67758083,0.3467829,0.4003424,0.73268694,0.7260333,0.080447465,-0.08858542,-0.023635231,0.09943057,0.121226765,0.6732944,0.66781414,0.7229023,0.6531024,0.7680893,0.21976745,0.1002112,0.24725303,0.44418553,0.3216569,0.6717557,0.124950185,0.39227188,0.70687926,0.6283082,0.39829347,0.5424571,0.5435472,0.43970194,0.79621065,0.6984367,0.7204911,0.7467131,0.012480642,-0.046751134,0.7176723,0.6781009,0.58884466,0.8384784,0.074052565,0.49835417,0.3522061,0.61951834,0.27378044,0.07585266,0.5347313,0.7097136,0.4290122,0.7163781,0.38413155,0.57569534,0.5864814,0.5914775,0.64565516,0.6444368,0.6792392,0.65588623,0.42890325,0.4560416,0.31289813,0.49834937,0.5263254,0.55725145,0.5847195,0.5638287,0.49394983,0.47193605,0.6139496,0.59964246,0.6886354,0.6019203,0.5409134,0.57730335
0.76841486,0.4008105,0.752974,0.62165564,0.507489,0.35159227,0.85899085,0.6263722,0.48421457,0.62652546,0.91087097,0.5781318,1.0,0.5341206,0.685487,0.515474,0.6720594,0.68499213,0.6685278,0.678151,0.6149389,0.6337367,0.82119787,0.4498105,0.110556915,0.43912283,0.6091357,0.5802276,0.7106245,0.7833104,0.50196356,0.50328374,0.47326192,0.63876724,0.63960946,0.6910441,0.628991,0.64837563,0.5544958,0.450723,0.55952466,0.6175433,0.66712296,0.5753117,0.13798307,0.24118854,0.7509132,0.65081143,-0.04566552,-0.12614416,0.048584413,-0.23591352,0.4133421,0.3261757,0.7814052,0.64438295,0.73781973,0.40379512,0.21231778,-0.023063542,0.5252929,0.11352586,0.6109938,0.28798744,0.1629194,0.09937955,0.6238392,0.66815954,0.33119866,0.54016423,0.87849414,0.42047012,0.6669687,0.7144529,0.7074473,0.6662541,0.18845487,0.15392305,0.60814875,0.67656153,0.8882011,0.48894516,0.61098146,0.49546447,0.82640463,0.40232128,0.4445603,-0.006216079,0.8389631,0.55093056,0.6082721,0.5247114,0.5526388,0.45735267,0.61775434,0.65391815,0.68122405,0.63784385,0.67307377,0.59229183,0.5420831,0.4659123,0.56148595,0.5906684,0.6493007,0.67602915,0.4573553,0.5754673,0.54822415,0.67837834,0.73144835,0.48956192,0.6117331,0.68340784,0.6608017,0.6255171
0.55350405,0.79823494,0.5655584,0.67790765,0.48451447,0.17359406,0.52739596,0.8266278,0.38228944,0.23366812,0.51673657,0.878693,0.5341206,1.0,0.19715294,0.32829085,0.75143594,0.8329181,0.3867389,0.6583864,0.3622598,0.5528927,0.4113612,0.69705576,0.14482704,0.2819762,0.4870355,0.47950122,0.7807671,0.6740991,0.5486641,0.3953193,0.43325856,0.6681543,0.62276536,0.547907,0.45767808,0.5161493,0.14690442,0.30660358,0.48321745,0.38394016,0.5875013,0.6494453,0.32409889,0.41394502,0.6966488,0.6725354,0.013539661,-0.06110607,-0.059734225,0.09821565,0.027632235,0.6520946,0.60226893,0.7206746,0.54775554,0.710317,0.2103724,0.10077403,0.1695511,0.43656072,0.18477368,0.6489671,0.071553625,0.43045807,0.6208175,0.609669,0.38792312,0.50376505,0.5375621,0.41493475,0.7398974,0.7071737,0.678202,0.72858214,0.05379096,-0.016029919,0.68982625,0.64886856,0.5864085,0.913388,0.087323636,0.5062139,0.27132702,0.65371144,0.29413643,0.14294124,0.44022638,0.68202454,0.4283527,0.735842,0.35842866,0.6126288,0.5448379,0.5531631,0.60975873,0.639855,0.6779239,0.70570767,0.50935787,0.48267868,0.31065604,0.48505336,0.53575456,0.5342781,0.59654754,0.5598938,0.43468568,0.30303705,0.49931905,0.69450074,0.7088497,0.6471862,0.5533076,0.58868796
0.36746845,0.082259566,0.459737,0.35730106,0.46843243,0.6543058,0.48467878,0.2879665,0.6352367,0.8074248,0.6116392,0.23512457,0.685487,0.19715294,1.0,0.77970576,0.23575795,0.32257205,0.3784926,0.36062154,0.6569755,0.5971581,0.5963367,0.21341181,0.29558638,0.34949747,0.5934326,0.6395989,0.5228272,0.6034562,0.32457218,0.5642214,0.1772169,0.24496804,0.18912745,0.4494684,0.6637901,0.5780102,0.7471685,0.70989704,0.6104133,0.7283013,0.27418467,0.35548976,0.07936607,0.28772357,0.5194412,0.51422465,-0.19074138,0.07129489,-0.017907225,-0.2385156,0.27575362,0.111173786,0.6029868,0.52499783,0.27703807,-0.025343359,0.29704756,0.07311693,0.2974595,-0.1821685,0.25334394,-0.17514598,-0.044367135,0.0018221334,0.31195396,0.5733193,0.22932799,0.37909946,0.72740537,0.33568543,0.3740746,0.53275687,0.4412124,0.38771895,0.40168723,0.2574915,0.19223836,0.36765832,0.5984002,0.1878436,0.82167804,0.70823056,0.6860877,0.34210283,0.3784507,0.18173999,0.64247084,0.49248138,0.5867733,0.42453596,0.54347306,0.5226773,0.6189967,0.68034023,0.6711702,0.6234564,0.5025697,0.48305294,0.37130007,0.53828794,0.66757876,0.6088517,0.6509391,0.64470416,0.3209101,0.530932,0.5918913,0.634233,0.64152783,0.33341107,0.28491566,0.5360424,0.6632355,0.4892586
0.33575395,0.32779932,0.43420792,0.4362255,0.3758873,0.6673675,0.38463333,0.36421758,0.6568206,0.7585953,0.43901423,0.34688687,0.515474,0.32829085,0.77970576,1.0,0.21734881,0.40524748,0.3541224,0.4058847,0.66334665,0.60910445,0.42147887,0.3076688,0.38148633,0.19133882,0.6324582,0.6253592,0.5705664,0.65074795,0.41501784,0.6666769,0.11364149,0.21024066,0.15610006,0.37171882,0.6001696,0.59880483,0.5839931,0.7917735,0.6582777,0.68827426,0.250535,0.3755565,0.29084685,0.54445565,0.44901338,0.52221817,-0.1330639,0.25398302,0.17758986,-0.026444856,0.124836266,0.2269362,0.54816884,0.57072514,0.26111543,0.09045243,0.4413086,0.20742294,0.29584232,-0.016310472,0.19560799,-0.028472554,-0.10023199,0.24089895,0.42554736,0.5987194,0.42947134,0.36080465,0.5693803,0.28555694,0.36588687,0.5360341,0.3933008,0.47085306,0.536128,0.31638938,0.16175698,0.3690796,0.514527,0.34082073,0.6618923,0.7868728,0.50813705,0.4008348,0.5006321,0.3057061,0.52777463,0.56910723,0.6093178,0.4730753,0.4502842,0.57946634,0.6266774,0.7410784,0.6386565,0.69692373,0.45533228,0.5076356,0.40811327,0.6242217,0.61751425,0.6260975,0.5698844,0.6177716,0.293932,0.5135396,0.65049464,0.52316314,0.5112337,0.4034002,0.28725868,0.52061,0.70563704,0.51513547
0.65988195,0.6137279,0.6667623,0.59318715,0.63905126,-0.009771714,0.6890018,0.726628,0.2917929,0.16981994,0.7144944,0.803177,0.6720594,0.75143594,0.23575795,0.21734881,1.0,0.8282309,0.44449243,0.6256678,0.38067257,0.45669004,0.54182523,0.6001802,0.077480696,0.22591451,0.4379672,0.4022633,0.80183864,0.6401858,0.5261764,0.28446952,0.5473234,0.7755391,0.7802324,0.6864432,0.52293104,0.4814835,0.26132923,0.19382404,0.4819814,0.40442625,0.6792932,0.5767807,0.15510999,0.21009457,0.66343045,0.5713632,0.007358234,-0.16573997,-0.09619484,-0.021262666,0.18989283,0.47853667,0.71701896,0.5685211,0.712009,0.7325522,0.0690611,-0.018685803,0.29154482,0.36246765,0.43806,0.6419736,0.14410187,0.24935104,0.6714432,0.5808462,0.30522788,0.51503056,0.6047713,0.53484815,0.83906674,0.7058423,0.71919674,0.6906047,-0.062892236,-0.078833394,0.82979697,0.59111303,0.7033806,0.72801363,0.0842368,0.34661996,0.37733218,0.45692196,0.23010609,-0.083011866,0.6140347,0.60450274,0.3443746,0.59466416,0.33559623,0.4532461,0.50725025,0.4832667,0.57904196,0.5042853,0.59503734,0.5372872,0.40637147,0.32957637,0.22553328,0.44839287,0.4918443,0.52032876,0.5541275,0.4835881,0.40419826,0.49874735,0.55903965,0.4873147,0.61777616,0.59501284,0.48892272,0.5443918
0.67276096,0.74380046,0.72595084,0.7281852,0.5158327,0.14332168,0.6810764,0.8014974,0.43176147,0.33260918,0.72031915,0.8996733,0.68499213,0.8329181,0.32257205,0.40524748,0.8282309,1.0,0.55386055,0.7632851,0.50704294,0.5779746,0.6182593,0.6917172,0.05633317,0.2805482,0.5573975,0.5158414,0.83346134,0.7966525,0.6179596,0.42504928,0.61351544,0.8209361,0.7781026,0.72837704,0.52672684,0.581407,0.29579458,0.38372254,0.4927914,0.45550242,0.6680455,0.68082595,0.26927876,0.31926325,0.72492725,0.7259252,0.007792272,-0.13603117,-0.034708556,-0.03356965,0.20239161,0.5771836,0.7096762,0.733498,0.72850245,0.72470903,0.17985408,0.01199778,0.332962,0.3475184,0.40579075,0.6175956,0.09285065,0.29598606,0.7341059,0.66761976,0.38493907,0.54490775,0.6540139,0.47534558,0.8353504,0.79426724,0.7827827,0.7869324,0.06363826,0.05237561,0.77453107,0.74494267,0.68215173,0.80798495,0.22805901,0.5443337,0.44470093,0.5569415,0.40698743,0.10772915,0.5887496,0.68005145,0.451168,0.6608311,0.39844456,0.5388158,0.60514015,0.6269964,0.6576603,0.6686007,0.667819,0.62743753,0.49967876,0.502319,0.38322133,0.55994684,0.55802673,0.5910238,0.5388566,0.5875972,0.5677376,0.551366,0.6625676,0.5932634,0.7156037,0.65312165,0.5792982,0.6424216
0.83147764,0.5668553,0.84687895,0.77484185,0.18053621,0.082272224,0.78251636,0.61075974,0.50030386,0.45037806,0.7092791,0.44445702,0.6685278,0.3867389,0.3784926,0.3541224,0.44449243,0.55386055,1.0,0.8353543,0.573165,0.45719662,0.7821001,0.5267871,0.006289691,0.13419871,0.4527002,0.40138498,0.48698226,0.527453,0.66936314,0.4719305,0.61288613,0.6170477,0.5827572,0.56294477,0.28143683,0.6467354,0.2420454,0.3406936,0.3843859,0.3435482,0.51529276,0.5324736,0.25038892,0.34901434,0.51850086,0.5351969,0.206383,0.25278568,0.22264217,0.15169778,0.13367996,0.23854329,0.44808343,0.40993488,0.780513,0.5810742,0.24418314,0.06170188,0.65373045,0.3514626,0.66428214,0.4419283,0.40068245,0.3710659,0.7014796,0.5583775,0.5518243,0.50023854,0.5644315,0.4144511,0.5208511,0.570057,0.58205503,0.60098165,0.4178246,0.4366999,0.46878332,0.48877478,0.57481223,0.2986278,0.42361835,0.3103553,0.607443,0.38067064,0.5634588,0.14167295,0.45191017,0.37915957,0.2134203,0.2709649,0.1278992,0.11502468,0.2979193,0.3966342,0.367545,0.43868256,0.30253494,0.313384,0.40041834,0.30177122,0.28180826,0.35820782,0.3238116,0.41411647,0.17795427,0.35899666,0.41500106,0.5379983,0.56257296,0.22529623,0.44713938,0.38875943,0.3659904,0.4641048
0.792636,0.72548413,0.876732,0.85390437,0.38684097,0.08319312,0.75445217,0.75923795,0.57207704,0.41461986,0.70167387,0.68895495,0.678151,0.6583864,0.36062154,0.4058847,0.6256678,0.7632851,0.8353543,1.0,0.61517644,0.51825076,0.7200381,0.69447863,-0.039006487,0.19850251,0.5005674,0.40473226,0.6781731,0.6522941,0.7793687,0.5368185,0.7084862,0.79573023,0.71115124,0.68374646,0.45533538,0.7213329,0.3409908,0.47227374,0.45438886,0.5001468,0.60048485,0.6709178,0.26284996,0.38330194,0.69198686,0.7105632,0.15131384,0.099520676,0.062771924,0.095463715,0.15017805,0.42915145,0.62016475,0.67036897,0.78117216,0.71009666,0.19474182,-0.016163964,0.5358637,0.3320165,0.5042509,0.5412366,0.29392627,0.39970553,0.7842561,0.7318232,0.5039019,0.7094449,0.65624636,0.5627803,0.6861337,0.7315049,0.72276795,0.6676346,0.3666908,0.42124864,0.6368839,0.66388345,0.64298385,0.54987454,0.34765258,0.50512743,0.520074,0.5206831,0.62191105,0.17778556,0.5629171,0.5310873,0.32070598,0.54413223,0.2675703,0.36959678,0.50244534,0.58942693,0.58131474,0.63707995,0.54341817,0.5739501,0.48265934,0.5337741,0.4534574,0.60154366,0.56376463,0.6419428,0.49115443,0.606396,0.54517287,0.5406421,0.6815712,0.5070702,0.694318,0.6316655,0.53635514,0.64229274
0.568649,0.43976453,0.60210913,0.5179473,0.42228356,0.27168304,0.58049464,0.41681123,0.73263407,0.5725854,0.60960954,0.43713284,0.6149389,0.3622598,0.6569755,0.66334665,0.38067257,0.50704294,0.573165,0.61517644,1.0,0.6614147,0.54401356,0.30309385,0.117127255,0.02900246,0.6961641,0.6047938,0.60326403,0.6115392,0.60715604,0.7513159,0.2294732,0.37713847,0.34587988,0.4990591,0.6398334,0.77838284,0.56292826,0.71938485,0.7210649,0.6390483,0.42650148,0.50522655,0.20113185,0.5431841,0.56961435,0.57997495,-0.061083004,0.25715804,0.20651923,0.011802524,0.17431223,0.28257495,0.5972512,0.5938708,0.5350816,0.3232098,0.38439026,0.23267096,0.5472133,0.2358515,0.43880072,0.19114785,0.2159791,0.40101007,0.6030808,0.66387606,0.56198436,0.6287272,0.619,0.35212743,0.43863726,0.5069777,0.48404926,0.4749985,0.5589392,0.39080566,0.31258687,0.519109,0.5393081,0.2788905,0.4358595,0.5344685,0.58360815,0.3400574,0.49054337,0.059886757,0.580722,0.5017141,0.50379646,0.47050518,0.2700814,0.42174837,0.52569586,0.6846673,0.62466717,0.6340218,0.4963464,0.52193666,0.39643845,0.44194147,0.5600169,0.5492632,0.56229717,0.6504941,0.44531348,0.4621102,0.6003648,0.5879682,0.62850654,0.38763064,0.41195658,0.52017504,0.5836714,0.5109693
0.5081876,0.43645066,0.5189647,0.5109701,0.3994882,0.34702528,0.53669,0.5401007,0.6016314,0.6183266,0.5877719,0.59364945,0.6337367,0.5528927,0.5971581,0.60910445,0.45669004,0.5779746,0.45719662,0.51825076,0.6614147,1.0,0.550522,0.42982498,0.2679658,0.21322548,0.72258836,0.674269,0.6500539,0.70048887,0.4800778,0.6197346,0.20909779,0.4279264,0.37488413,0.4673576,0.6420791,0.6760204,0.41251126,0.549142,0.66390914,0.5318493,0.41119146,0.53376865,0.25639108,0.4535118,0.6228549,0.625881,-0.11847922,0.07750161,0.12080048,-0.08570138,0.16710873,0.3069588,0.56955606,0.60159117,0.4643743,0.36397094,0.21479248,0.16558842,0.27514008,0.15213479,0.32670748,0.25290808,0.1294272,0.2491,0.51530147,0.597855,0.43003914,0.50762165,0.6824682,0.33240956,0.5119394,0.5724511,0.5741928,0.60642856,0.3422974,0.11631928,0.36562663,0.58464026,0.5762259,0.52075744,0.40865016,0.5693133,0.5460698,0.46275395,0.33112526,0.1320634,0.5541654,0.5582099,0.5862305,0.5771067,0.45393124,0.50588137,0.5205871,0.5995536,0.60964453,0.6118043,0.56173843,0.5688672,0.4729833,0.48837095,0.48387045,0.50761294,0.54567206,0.6136847,0.43637,0.47397846,0.50972277,0.48513484,0.6031211,0.4816754,0.4540405,0.53404486,0.59683716,0.47135922
0.7293931,0.37065902,0.8235399,0.74261945,0.3234396,0.3066325,0.8223456,0.6356921,0.4697768,0.62036294,0.8256527,0.47222644,0.82119787,0.4113612,0.5963367,0.42147887,0.54182523,0.6182593,0.7821001,0.7200381,0.54401356,0.550522,1.0,0.6269197,0.08770204,0.4551721,0.54287213,0.5731417,0.5694757,0.6605108,0.5395879,0.43408078,0.5926938,0.6692766,0.643365,0.7454269,0.4860643,0.6188887,0.4125831,0.39186677,0.43744603,0.45780724,0.5009093,0.5380342,0.044373736,0.13027515,0.5927179,0.6377885,0.062288154,-0.05170662,0.014590819,-0.17960945,0.24719028,0.16239661,0.5898845,0.4743772,0.7348887,0.43592557,0.021448806,-0.049695745,0.47454575,0.07676472,0.5885084,0.2717779,0.18792361,0.05410813,0.5719014,0.6064066,0.30743146,0.45645922,0.7777485,0.46006244,0.6345994,0.73831975,0.68259436,0.6795175,0.19792207,0.19742197,0.5535484,0.59240365,0.7120705,0.36982054,0.6320113,0.48285225,0.77551603,0.46186244,0.50314254,0.22415966,0.60828084,0.46615016,0.34456453,0.3204293,0.31382677,0.24590273,0.4945624,0.510698,0.5480345,0.523664,0.41289878,0.37526262,0.44663107,0.378816,0.37607983,0.47156152,0.45901674,0.54001796,0.22065048,0.4298279,0.52952224,0.7331634,0.77684766,0.27847493,0.4552676,0.5046078,0.50283825,0.55260783
0.50782454,0.6442454,0.69566965,0.8028507,0.41835102,0.18456548,0.5625835,0.7944311,0.43037897,0.34105283,0.45546505,0.681162,0.4498105,0.69705576,0.21341181,0.3076688,0.6001802,0.6917172,0.5267871,0.69447863,0.30309385,0.42982498,0.6269197,1.0,0.14288972,0.32269853,0.4163107,0.44205782,0.5819227,0.529879,0.55564344,0.2692391,0.5724481,0.71688855,0.6214345,0.68843234,0.36900672,0.4484013,0.14395955,0.28329173,0.39395964,0.30168352,0.38305005,0.55612874,0.15664238,0.24163952,0.48134068,0.64194345,0.11477303,-0.049945656,-0.093709014,0.09139317,-0.022615908,0.3940799,0.4619208,0.47656587,0.51007116,0.6592764,-0.0024405462,0.046722494,0.10615518,0.2829349,0.20792767,0.46431845,0.033654317,0.25487715,0.5208791,0.57002085,0.24442118,0.40710476,0.47423607,0.5403743,0.6993267,0.72863704,0.66243124,0.73304313,0.080285765,0.050228797,0.5494605,0.4958047,0.47443062,0.63497394,0.210477,0.55510974,0.356245,0.705349,0.37057468,0.4694132,0.34723213,0.55378455,0.15632634,0.46767366,0.20801532,0.38364825,0.42894194,0.41787162,0.46475163,0.48063883,0.3406783,0.39881888,0.34161654,0.47945067,0.19447452,0.46757272,0.35286963,0.45993248,0.3064373,0.43941578,0.38519016,0.46960866,0.61414564,0.36613557,0.47711024,0.46752697,0.44550112,0.49450326
0.07573743,0.19322434,0.04583538,0.0715846,0.208716,0.41224647,0.09473111,0.13383554,0.24360324,0.2935318,0.006816639,0.13069698,0.110556915,0.14482704,0.29558638,0.38148633,0.077480696,0.05633317,0.006289691,-0.039006487,0.117127255,0.2679658,0.08770204,0.14288972,1.0,0.11520248,0.27754146,0.36105654,0.20083226,0.16320868,-0.030208955,0.06154257,-0.109433204,-0.05869273,-0.08323654,0.021854218,0.2438532,0.12839156,0.21221207,0.27138552,0.33845657,0.21223508,0.092392035,0.07164507,0.2945532,0.31055304,0.06480814,0.0429088,-0.020636877,0.33170983,0.12737207,0.12782612,-0.20818388,0.07591517,0.18248539,0.09285347,0.0022704438,0.070492394,0.16028999,0.23237622,-0.0033615874,0.07341579,-0.07401014,0.08741991,-0.12979154,0.19144866,0.10147566,0.1067695,0.18642914,-0.11380372,0.07980052,0.091704845,0.0946945,0.21893543,0.06005946,0.26409757,0.17621332,-0.0047329976,-0.10413371,-0.01725195,0.12241171,0.17369176,0.20358326,0.27930135,0.08841707,0.20913558,-0.06103311,0.2692814,0.07707072,0.33112788,0.15985471,0.123411395,0.1006973,0.2238437,0.20881218,0.19434191,0.17293823,0.2178522,0.08695896,0.089662336,0.059547193,0.13179018,0.025179697,0.027917895,0.05084008,0.07761132,-0.029854255,0.016151957,0.26476347,0.1635583,0.07339785,0.0103699975,-0.07355669,0.050051507,0.2774645,0.24738416
0.16725118,0.023966044,0.22657286,0.27495486,0.13467349,0.52984035,0.27208015,0.3532059,-0.09034066,0.44603655,0.34747258,0.19334154,0.43912283,0.2819762,0.34949747,0.19133882,0.22591451,0.2805482,0.13419871,0.19850251,0.02900246,0.21322548,0.4551721,0.32269853,0.11520248,1.0,0.24179386,0.3412394,0.243106,0.4333812,0.115157455,0.089167975,0.2355541,0.2670183,0.2629732,0.30372524,0.1997954,0.18828544,0.19748615,0.122076005,0.019397222,0.24247956,0.18178384,0.22243153,-0.17244568,-0.25552985,0.28206074,0.35957783,-0.18731694,-0.36067837,-0.21605204,-0.47197783,0.18474497,0.029093444,0.25508997,0.26884708,0.2138276,-0.013292041,-0.17993324,-0.31426552,-0.011789149,-0.17627668,0.096545584,-0.0258475,-0.24438666,-0.29626918,0.022428837,0.20888166,-0.13343607,0.036858197,0.51881826,0.07132622,0.28953776,0.42782235,0.35571244,0.35046655,-0.136191,-0.099771746,0.2754045,0.3457613,0.3575571,0.31129634,0.5541319,0.37776104,0.36040118,0.2625594,0.2575166,0.2632353,0.32885072,0.22017601,0.3097922,0.11069905,0.2980937,0.15813865,0.27431265,0.25761372,0.30286717,0.2522034,0.28395534,0.21760243,0.362622,0.29940927,0.33093667,0.2963042,0.33497763,0.26055658,0.072914615,0.30442098,0.18101326,0.30886963,0.3251259,0.26128924,0.26681384,0.36308727,0.3164635,0.26188204
0.46731162,0.44529423,0.5233776,0.49737555,0.45135108,0.38456795,0.5289136,0.49766552,0.6331433,0.6552784,0.57847935,0.515329,0.6091357,0.4870355,0.5934326,0.6324582,0.4379672,0.5573975,0.4527002,0.5005674,0.6961641,0.72258836,0.54287213,0.4163107,0.27754146,0.24179386,1.0,0.67058754,0.61123145,0.6743884,0.46246102,0.5663568,0.1571115,0.33941945,0.31745306,0.42556816,0.5338167,0.56786686,0.41582683,0.53376204,0.6616255,0.47150457,0.3514312,0.44300735,0.1844704,0.4423434,0.48631373,0.52977407,-0.13181658,0.1748965,0.13868323,-0.08776403,0.14893407,0.23485593,0.5252229,0.47798756,0.4815736,0.32362118,0.31843874,0.15526505,0.3759677,0.23503678,0.37623173,0.21583666,0.0081632,0.30410188,0.49628565,0.52842337,0.46613404,0.4256473,0.5914854,0.16602409,0.49768388,0.58221996,0.5045572,0.60378534,0.29534388,0.04487153,0.31558496,0.49118307,0.5547013,0.46562895,0.43384612,0.57472867,0.55229926,0.49060115,0.39799398,0.16158096,0.5347915,0.5564658,0.5076797,0.42278516,0.27017272,0.4143103,0.39131647,0.5421839,0.50749564,0.5272729,0.3964598,0.4038231,0.4232385,0.43243518,0.43000546,0.47011507,0.46100384,0.50798714,0.24791378,0.3709466,0.46956447,0.49383673,0.52431595,0.3082698,0.30795622,0.45514697,0.547393,0.3617414
0.45138067,0.4048376,0.53096914,0.495506,0.35994872,0.5896048,0.5088851,0.49532348,0.4674126,0.5898975,0.5178946,0.44702667,0.5802276,0.47950122,0.6395989,0.6253592,0.4022633,0.5158414,0.40138498,0.40473226,0.6047938,0.674269,0.5731417,0.44205782,0.36105654,0.3412394,0.67058754,1.0,0.62480426,0.67225134,0.3993505,0.55866915,0.20836249,0.33686516,0.31410524,0.4209703,0.5724901,0.626887,0.3799317,0.5702624,0.5860313,0.44848874,0.3296593,0.38800976,0.25584638,0.3969952,0.45998946,0.47824124,-0.06276059,0.13924488,0.12889831,-0.051163428,0.08696839,0.20500694,0.49543986,0.48962528,0.40806305,0.2819829,0.3326955,0.16783845,0.25507483,0.16162616,0.28701645,0.186153,-0.07905623,0.27591082,0.41423357,0.4974763,0.4063378,0.30103064,0.6207469,0.2984105,0.5031037,0.60045576,0.5081194,0.60689807,0.36231834,0.13062412,0.3463802,0.5129807,0.53410125,0.46313104,0.5289767,0.5924302,0.5050086,0.38522387,0.32459658,0.30484274,0.47071674,0.5148036,0.53363216,0.44132954,0.3387183,0.45173088,0.48551524,0.5619121,0.53729826,0.553861,0.4474513,0.45673934,0.44538432,0.42121243,0.39331445,0.41454235,0.4561708,0.48933408,0.25022286,0.35266894,0.4985337,0.47255945,0.50848186,0.37919462,0.31265727,0.44735804,0.5571381,0.47102425
0.62439126,0.667748,0.6638144,0.64644766,0.6071375,0.32544306,0.62129086,0.68136436,0.5138683,0.46828052,0.70640963,0.8134291,0.7106245,0.7807671,0.5228272,0.5705664,0.80183864,0.83346134,0.48698226,0.6781731,0.60326403,0.6500539,0.5694757,0.5819227,0.20083226,0.243106,0.61123145,0.62480426,1.0,0.81702137,0.5823862,0.5399279,0.4849639,0.70720273,0.6835021,0.66498774,0.6871761,0.6567708,0.4140833,0.5062078,0.6454265,0.5710075,0.57048815,0.6028401,0.2950018,0.39787108,0.73889273,0.71044743,-0.057310555,0.023764541,-0.012578467,-0.02703549,0.15337929,0.4830636,0.7547496,0.73686224,0.63032037,0.6310814,0.33078566,0.116810225,0.35546154,0.33284628,0.32362813,0.46792302,0.064110175,0.3590058,0.6939136,0.7099037,0.51340264,0.57093966,0.7208507,0.46876174,0.8393537,0.8115518,0.7394869,0.78120285,0.23639527,0.056474213,0.7567958,0.6748266,0.75666726,0.7666067,0.34439373,0.62307197,0.46513247,0.5069666,0.41518396,0.023358703,0.62991554,0.7129656,0.54649884,0.7119685,0.44667146,0.61741763,0.6669659,0.72328866,0.7777543,0.7556811,0.71372634,0.7049984,0.4804334,0.5174154,0.45340312,0.5836253,0.6646778,0.657034,0.58591014,0.6238428,0.6415751,0.5429982,0.65749025,0.63027906,0.646026,0.6944135,0.6841921,0.6558927
0.6208162,0.5282653,0.6557466,0.65943426,0.4215241,0.47773406,0.6518971,0.6774613,0.4457552,0.6531859,0.7430974,0.6924909,0.7833104,0.6740991,0.6034562,0.65074795,0.6401858,0.7966525,0.527453,0.6522941,0.6115392,0.70048887,0.6605108,0.529879,0.16320868,0.4333812,0.6743884,0.67225134,0.81702137,1.0,0.54447526,0.5991005,0.47566608,0.6536519,0.64292514,0.66528994,0.6501576,0.68536055,0.512366,0.58820766,0.5618634,0.5974967,0.58510345,0.6068783,0.28326923,0.34391028,0.7076428,0.7135563,-0.07173417,-0.059354257,0.09368047,-0.20954463,0.3250924,0.3807524,0.73965263,0.74139684,0.64562553,0.43580025,0.30347788,-0.022430565,0.3989843,0.16604635,0.46411118,0.30977124,0.005745491,0.18645881,0.65487146,0.68902326,0.44235775,0.5123655,0.8119132,0.39538968,0.70492923,0.77412486,0.7291839,0.7518065,0.27656743,0.16524762,0.6054323,0.7710025,0.7843421,0.69415087,0.5270253,0.6633411,0.6212578,0.4664311,0.500492,0.1408554,0.69567263,0.65494627,0.70430213,0.6031856,0.58474547,0.56122804,0.62434787,0.7321414,0.7115964,0.7160995,0.7082149,0.64462686,0.58205825,0.58682317,0.5850247,0.6265673,0.6571155,0.653614,0.47685152,0.6357098,0.64775443,0.5726656,0.65725553,0.5847219,0.6288778,0.6696813,0.68318796,0.65227205
0.65508336,0.615379,0.72620046,0.6970048,0.30528998,0.08077165,0.5655071,0.61159885,0.4935643,0.3379782,0.5492508,0.5684985,0.50196356,0.5486641,0.32457218,0.41501784,0.5261764,0.6179596,0.66936314,0.7793687,0.60715604,0.4800778,0.5395879,0.55564344,-0.030208955,0.115157455,0.46246102,0.3993505,0.5823862,0.54447526,1.0,0.6377272,0.50398827,0.5928944,0.5797336,0.52128035,0.4482139,0.69772947,0.27161896,0.48437154,0.44756413,0.45109802,0.5125162,0.5989035,0.15170415,0.40551955,0.5788507,0.6058784,0.108298264,0.17973265,0.09626043,0.23614551,0.10271498,0.40034673,0.48114136,0.5599684,0.64579517,0.63252795,0.26411933,0.024682375,0.43895227,0.31036383,0.46863118,0.513479,0.277313,0.4492774,0.7002562,0.63073087,0.5234937,0.6166279,0.51929176,0.50864714,0.57204574,0.579785,0.5785775,0.54186034,0.51335645,0.42205054,0.500265,0.55551994,0.4698244,0.48428273,0.25251612,0.4646356,0.36967593,0.43352592,0.6123147,0.12956248,0.4093184,0.45984608,0.26882958,0.441412,0.10298348,0.29544392,0.4079547,0.535442,0.49294057,0.5433134,0.42738503,0.4756909,0.39340344,0.40322444,0.3534087,0.4764466,0.4197197,0.51753527,0.43817344,0.4781896,0.4685714,0.42262352,0.50507194,0.39094204,0.4896412,0.49369124,0.43232438,0.49621853
0.46762338,0.41403574,0.51806116,0.54472435,0.24385013,0.3318328,0.4532128,0.42973894,0.6165201,0.5316437,0.47858322,0.36617827,0.50328374,0.3953193,0.5642214,0.6666769,0.28446952,0.42504928,0.4719305,0.5368185,0.7513159,0.6197346,0.43408078,0.2692391,0.06154257,0.089167975,0.5663568,0.55866915,0.5399279,0.5991005,0.6377272,1.0,0.07973511,0.23558755,0.22954208,0.3559315,0.58138645,0.7688618,0.40539578,0.64318496,0.67123353,0.5320358,0.34372744,0.48998335,0.22812074,0.5660989,0.5141277,0.55375403,-0.019238498,0.29254758,0.23564757,0.109849334,0.026467532,0.24118687,0.48327518,0.53751254,0.43326995,0.2862718,0.47728667,0.21587557,0.46863675,0.24510509,0.36170503,0.20946817,0.23645341,0.44232556,0.56580096,0.61599797,0.63724,0.6185555,0.5897002,0.3269982,0.34497958,0.4656712,0.41989282,0.38946238,0.6623633,0.3780989,0.2944427,0.51495355,0.47927004,0.37748343,0.398575,0.5375266,0.5015869,0.37150437,0.49753976,0.005931617,0.4532823,0.45914465,0.48193642,0.4558213,0.23358122,0.38104087,0.4667935,0.60701644,0.5704458,0.59305,0.44336253,0.5172857,0.36781618,0.3922804,0.48027232,0.48443574,0.53619266,0.57564265,0.41211095,0.4195249,0.5427264,0.40448558,0.48763934,0.4406645,0.31441355,0.4731241,0.500305,0.44123375
