1.0,0.87836707,0.86798936,0.8675718,0.856017,0.85340405,0.8732342,0.8714938,0.8601387,0.8608937,0.8751339,0.87015575,0.87112737,0.86987096,0.8576658,0.8668109,0.8693282,0.86388236,0.8807674,0.8168026,0.86425006,0.86904013,0.8632504,0.85848266,0.85703844,0.85272235,0.8601769,0.85782206,0.86972314,0.86640334,0.8641711,0.87006676,0.87402105,0.865579,0.86850226,0.7989263,0.8681013,0.8701495,0.8678879,0.86931103,0.8708059,0.8655406,0.82620096,0.8326289,0.6270976,0.24477555,0.85545963,0.85704285,0.39882368,0.26738128,0.26194528,0.27198413,0.2937426,0.52858496,0.8613076,0.86931276,0.85236967,0.87490976,0.18856348,0.24445528,0.7413612,0.7335498,0.8076852,0.87047607,0.4912269,0.7473767,0.82083654,0.84550124,0.37999937,0.26806197,0.8691774,0.86627907,0.8680603,0.86854,0.86757326,0.8608973,0.86655,0.8555511,0.857597,0.86228245,0.86480534,0.865305,0.8480916,0.8600961,0.8519641,0.86558884,0.8521072,0.8550785,0.8519114,0.8588,0.8078034,0.8453,0.45843595,0.8083154,0.86770177,0.86382616,0.8680984,0.8697067,0.8522434,0.8632263,0.6252056,0.79750943,0.8445932,0.8461033,0.8360972,0.8511304,0.73191917,0.7481781,0.8594588,0.8683366,0.87137413,0.7452431,0.61303294,0.7940994,0.81755835,0.8609598
0.87836707,1.0,0.8842889,0.88439316,0.87766254,0.87523645,0.88557535,0.88634914,0.8793001,0.8810396,0.8847941,0.88566345,0.8842306,0.8856743,0.87682533,0.8848602,0.8780664,0.87983423,0.88679177,0.82811147,0.88300943,0.8848714,0.8811308,0.8775342,0.8747005,0.87051666,0.87921506,0.87725836,0.88513976,0.8823506,0.88179064,0.8853794,0.8867451,0.8793337,0.8795362,0.8156797,0.88345313,0.8854227,0.8844274,0.8844392,0.8843112,0.8828292,0.8321628,0.8390776,0.6151538,0.24714825,0.86915106,0.87013674,0.38847563,0.25047997,0.28352278,0.30664462,0.30434364,0.51846427,0.87575084,0.88414395,0.85210675,0.88628906,0.18125463,0.2312292,0.7469469,0.7172885,0.8256352,0.87852275,0.51227134,0.75191545,0.82531637,0.8642132,0.35290593,0.27621084,0.88395023,0.8830775,0.88459706,0.8831358,0.882793,0.8755626,0.8805965,0.87128806,0.87015647,0.8779457,0.87370974,0.88111585,0.86623114,0.8803604,0.8647535,0.8833576,0.86399686,0.87773883,0.8614261,0.87901413,0.82204175,0.865322,0.4728008,0.83576125,0.87827545,0.88050526,0.88117623,0.88199025,0.8647604,0.87711614,0.6349468,0.80942273,0.85780674,0.8615769,0.85257584,0.8635748,0.7607783,0.775476,0.8721142,0.88247555,0.88365614,0.7680635,0.6190376,0.78641665,0.8340854,0.8802992
0.86798936,0.8842889,1.0,0.8913631,0.8864484,0.8827351,0.8910889,0.8913643,0.8884111,0.88920784,0.8874188,0.89119685,0.8878673,0.89106715,0.8892129,0.89037454,0.8858927,0.8865491,0.88226235,0.8263341,0.8894915,0.88842905,0.89149684,0.8891845,0.87857443,0.88368165,0.8876908,0.88561004,0.89135283,0.89008516,0.8910641,0.8914062,0.8884468,0.88116354,0.88580924,0.829097,0.8917548,0.8903248,0.8915511,0.8904066,0.88800377,0.8900836,0.8365928,0.8392082,0.6139179,0.24006954,0.87887573,0.87699443,0.36245987,0.26039636,0.29978067,0.30621403,0.28656605,0.51547486,0.8866793,0.88927656,0.8450454,0.8799474,0.19078442,0.21829,0.7511621,0.6975775,0.8382134,0.8737897,0.517469,0.758767,0.8377674,0.8624794,0.33472303,0.26991013,0.89059037,0.8911484,0.8912964,0.88887185,0.88889015,0.8843325,0.8891839,0.885704,0.88358486,0.8871839,0.88281536,0.8887937,0.88532,0.8893603,0.88112235,0.8899557,0.87922,0.88660556,0.8757834,0.8867369,0.8285062,0.8752331,0.47119066,0.8476308,0.88519514,0.8868653,0.8875611,0.8885601,0.8748304,0.88426083,0.6551036,0.8190468,0.86818135,0.8734614,0.8705326,0.87495786,0.78764915,0.79308766,0.878325,0.88798666,0.88358986,0.782755,0.61181915,0.79006267,0.83652264,0.88711333
0.8675718,0.88439316,0.8913631,1.0,0.88682634,0.881858,0.88978356,0.8923686,0.88920414,0.8897521,0.88880974,0.8919789,0.88943064,0.89202845,0.8899711,0.8912228,0.8870957,0.8894916,0.8804914,0.82467145,0.8894313,0.8894098,0.8920174,0.8912741,0.8780884,0.8849391,0.8875049,0.88527626,0.8919708,0.89105886,0.89169616,0.89203155,0.88900393,0.8832427,0.8837861,0.8258484,0.89049804,0.89131737,0.8915193,0.8909197,0.8883459,0.8903502,0.8340633,0.83527213,0.6123225,0.24363336,0.8775861,0.8777316,0.36436695,0.26427513,0.297506,0.30881265,0.28909045,0.5144175,0.88753355,0.88884693,0.8478438,0.8818263,0.19533336,0.22373335,0.747618,0.6999788,0.8391225,0.87570876,0.52248514,0.7579921,0.83184874,0.8613667,0.33847216,0.26380897,0.89083517,0.8920352,0.89105165,0.88952625,0.88888913,0.8872345,0.888855,0.88329136,0.8821441,0.88839555,0.8831173,0.8886513,0.88423556,0.89017606,0.8815675,0.89033246,0.8792053,0.88661635,0.87747073,0.88732034,0.8272906,0.8756211,0.47370285,0.84911245,0.88669324,0.8881251,0.8883463,0.88880813,0.87468445,0.88418543,0.6534491,0.8207501,0.8680433,0.87307996,0.8705552,0.8737092,0.7864437,0.79273903,0.8806855,0.88898826,0.8833862,0.7818515,0.6242887,0.78908247,0.834905,0.8863556
0.856017,0.87766254,0.8864484,0.88682634,1.0,0.88255423,0.88345677,0.884764,0.88926125,0.8876878,0.8792136,0.8865721,0.88440496,0.88708514,0.8872964,0.8881923,0.8746391,0.88322693,0.8723571,0.81970835,0.88691205,0.884821,0.8865752,0.8856855,0.8780339,0.8794095,0.8883418,0.8842953,0.88668704,0.8862164,0.88726944,0.8852035,0.8832265,0.877989,0.87778574,0.8203665,0.8853429,0.8852116,0.8867879,0.8858727,0.8840435,0.8860903,0.82546175,0.82640237,0.5983925,0.22850974,0.8696259,0.8667458,0.3591878,0.25615188,0.30564687,0.32953864,0.2921943,0.5052246,0.8805275,0.88215536,0.84048975,0.87286204,0.1707535,0.21064764,0.73878616,0.6833199,0.8249911,0.8654184,0.515302,0.74702805,0.8206152,0.8531353,0.31683713,0.2726776,0.8855376,0.8867729,0.8874996,0.8827474,0.88250786,0.8802432,0.88163406,0.87867266,0.87189865,0.8798943,0.86875004,0.88343906,0.8794874,0.8887974,0.87041706,0.88612807,0.86944896,0.88578844,0.8690483,0.882108,0.81323904,0.87045383,0.43341848,0.84778315,0.8793393,0.882044,0.87794584,0.8805081,0.86517787,0.8756874,0.64912194,0.81029314,0.85873455,0.8674972,0.865288,0.8651483,0.7881069,0.7917326,0.86996645,0.8806649,0.87338054,0.7736967,0.5996687,0.7795556,0.82922035,0.8833361
0.85340405,0.87523645,0.8827351,0.881858,0.88255423,1.0,0.87966126,0.8812,0.8856743,0.8862852,0.8769387,0.8833483,0.87896836,0.8827265,0.8819925,0.88555247,0.87088615,0.8790551,0.8687229,0.8138129,0.882959,0.88371956,0.8824799,0.8818344,0.8768763,0.8774333,0.8828044,0.88428426,0.8835671,0.883347,0.8829218,0.882104,0.880267,0.873051,0.876012,0.82054895,0.8829963,0.8823896,0.88483465,0.88390005,0.8818199,0.88406515,0.82093304,0.8312481,0.6073847,0.23847547,0.8653262,0.86557186,0.37603587,0.2794315,0.3095747,0.33495158,0.28783652,0.5010463,0.8770396,0.88028777,0.84269935,0.8726458,0.16787368,0.21273682,0.7356682,0.70231664,0.8163074,0.8604179,0.5192377,0.7373145,0.8219539,0.8504615,0.2952911,0.28835914,0.88232803,0.88266766,0.8844375,0.88023853,0.87973464,0.8744156,0.87978333,0.8749739,0.86820203,0.8750137,0.8648472,0.88159674,0.8749677,0.8857634,0.8665137,0.88465315,0.86767364,0.8865475,0.8593575,0.88187975,0.82552326,0.8703493,0.45527697,0.8530315,0.8770956,0.8791446,0.8744784,0.8773918,0.8616497,0.8743206,0.64422345,0.80342966,0.85570014,0.86761665,0.8603964,0.8650636,0.78749484,0.79633766,0.8632095,0.8770029,0.87390035,0.76752174,0.59298044,0.7711143,0.8331311,0.8827648
0.8732342,0.88557535,0.8910889,0.88978356,0.88345677,0.87966126,1.0,0.8904147,0.8858256,0.8867482,0.88885427,0.8902847,0.88929534,0.89025825,0.88726157,0.88925046,0.88695294,0.88601255,0.88573605,0.83434016,0.8882525,0.88819474,0.88909537,0.88677555,0.8758374,0.8806996,0.8857339,0.88269186,0.89118373,0.8885285,0.88973093,0.890274,0.8893158,0.88283527,0.88782555,0.83189476,0.8904064,0.8900075,0.8898803,0.889502,0.887143,0.8888352,0.84075457,0.84028023,0.61981046,0.24390121,0.87682956,0.8767067,0.3736802,0.2583772,0.29419518,0.30114117,0.28820074,0.51705843,0.88531166,0.88785434,0.85244256,0.88171,0.18701111,0.22434467,0.7552828,0.70308733,0.83716035,0.8760516,0.5144643,0.75848734,0.839273,0.86442244,0.34230626,0.27327645,0.8893486,0.8901271,0.8899649,0.8873293,0.88724804,0.8831283,0.88786024,0.8838536,0.8849091,0.88578224,0.88479155,0.8874293,0.88349277,0.8873657,0.8804521,0.88842607,0.87806517,0.8841336,0.8752662,0.8848361,0.82721055,0.8718005,0.47321886,0.8426812,0.882664,0.8857073,0.8858519,0.8871867,0.87176144,0.88107705,0.650146,0.81945944,0.8679518,0.871596,0.8670045,0.8718631,0.78144133,0.7904988,0.8790711,0.88691473,0.88267267,0.7794451,0.6116844,0.7929505,0.83558637,0.88512146
0.8714938,0.88634914,0.8913643,0.8923686,0.884764,0.8812,0.8904147,1.0,0.8886539,0.8893148,0.8898695,0.89252543,0.8898423,0.8923508,0.8894289,0.8912546,0.8877753,0.88957006,0.8834502,0.82473975,0.8898306,0.89036596,0.89135504,0.8902741,0.87849855,0.8853606,0.8877609,0.8852106,0.89236885,0.8917539,0.8914502,0.8926051,0.8902699,0.88321227,0.88434213,0.82663345,0.8912015,0.8919975,0.89201933,0.8917304,0.88957477,0.8903748,0.8361372,0.8382107,0.62111247,0.24531202,0.87852865,0.8792509,0.37116337,0.26836962,0.29169938,0.30539808,0.28987694,0.5207418,0.8877778,0.89026636,0.8494673,0.8841126,0.19839166,0.22149852,0.75000817,0.7061844,0.84017605,0.8783821,0.52295023,0.759654,0.83501637,0.8635788,0.34322274,0.26100916,0.8918039,0.89189184,0.89163387,0.89088905,0.89047354,0.8874203,0.890015,0.8826393,0.88154817,0.8889766,0.88420916,0.8886564,0.88333917,0.88982064,0.88165444,0.8908344,0.8808488,0.8869389,0.87870723,0.8884901,0.83171314,0.8754063,0.4819233,0.84826106,0.88802314,0.88909155,0.88959813,0.89040446,0.87684584,0.88585925,0.6498776,0.8215467,0.87132967,0.8742427,0.8716567,0.8764639,0.78727704,0.79346293,0.8821205,0.8906739,0.8858858,0.7847343,0.622669,0.78993255,0.8394008,0.8877095
0.8601387,0.8793001,0.8884111,0.88920414,0.88926125,0.8856743,0.8858256,0.8886539,1.0,0.8908049,0.88527036,0.8902239,0.88795775,0.89031434,0.89050674,0.89133024,0.8807864,0.88664055,0.8755039,0.8198548,0.8898965,0.88961923,0.8891559,0.8894282,0.8821712,0.88592565,0.8907804,0.88887125,0.88994616,0.89090234,0.89028114,0.88895094,0.88714635,0.88184506,0.88103384,0.8252969,0.8882926,0.8894017,0.89043504,0.890703,0.8880285,0.890522,0.82642657,0.8335874,0.6207559,0.2270639,0.87338924,0.8742512,0.35771266,0.2718192,0.3044016,0.33054113,0.28776327,0.5003341,0.8863308,0.88731176,0.846865,0.87621844,0.17806724,0.20883325,0.739139,0.68947965,0.8292254,0.8678883,0.52041024,0.7465373,0.82260674,0.8540496,0.32431328,0.27549553,0.8901036,0.88937914,0.89056003,0.8877255,0.8873098,0.8848844,0.886836,0.8793008,0.8747419,0.8834056,0.87464136,0.8850265,0.8825075,0.89121246,0.8769597,0.88915306,0.87739056,0.8899371,0.8752232,0.88796246,0.8270258,0.87568057,0.46002746,0.85407066,0.88526887,0.88647914,0.8839053,0.8855809,0.8711811,0.8823407,0.6569469,0.8141838,0.86797255,0.87545955,0.8706342,0.8722307,0.79777676,0.80258566,0.8777949,0.8860988,0.87962186,0.77966976,0.61356515,0.7877127,0.8397297,0.88817745
0.8608937,0.8810396,0.88920784,0.8897521,0.8876878,0.8862852,0.8867482,0.8893148,0.8908049,1.0,0.8853889,0.8897827,0.8866344,0.8896794,0.88948244,0.8907435,0.880327,0.88629293,0.8758883,0.82048607,0.88893753,0.8888347,0.8901156,0.8899052,0.88144326,0.8855291,0.88902265,0.88780695,0.88971424,0.8898013,0.8900643,0.8893708,0.88654757,0.88017446,0.8812924,0.8236561,0.8888325,0.8890262,0.8904639,0.89005536,0.8862929,0.8896264,0.8252338,0.83364975,0.618641,0.23315527,0.87439585,0.87369245,0.36149073,0.27157092,0.30514863,0.31351063,0.28442934,0.50556076,0.88572884,0.8867268,0.84411585,0.8784133,0.17561734,0.21586657,0.74057126,0.69524354,0.8341821,0.8697158,0.5122536,0.74780977,0.8264149,0.8575319,0.32620338,0.2697653,0.8891813,0.8895315,0.8901473,0.88716197,0.8874586,0.88281703,0.8856111,0.8813867,0.8764637,0.8841705,0.87499547,0.8860257,0.8828933,0.89054745,0.87721914,0.88970685,0.87736994,0.8898553,0.8742202,0.88803494,0.82742137,0.8727341,0.46303686,0.85088843,0.88445055,0.88656074,0.8842726,0.8856671,0.87125427,0.88060933,0.64870685,0.8169187,0.8668082,0.8720102,0.8680204,0.87158024,0.79412925,0.79886705,0.8763811,0.8860872,0.88052356,0.7827192,0.6132245,0.7794847,0.83551073,0.88747233
0.8751339,0.8847941,0.8874188,0.88880974,0.8792136,0.8769387,0.88885427,0.8898695,0.88527036,0.8853889,1.0,0.88948804,0.8895969,0.88961345,0.8848607,0.8881792,0.8870788,0.8848087,0.8824777,0.82118696,0.8865882,0.8881987,0.8870079,0.8858608,0.8773542,0.8815251,0.8837517,0.883117,0.8896275,0.888487,0.8879238,0.88966787,0.88882726,0.8815624,0.88204145,0.8198529,0.88819003,0.8893867,0.88914204,0.88956386,0.88727224,0.88762516,0.82954174,0.84195393,0.6228226,0.2439141,0.8774591,0.87590003,0.3581599,0.26468408,0.28692347,0.3000933,0.28160453,0.50845087,0.8862446,0.8883678,0.85815406,0.88077927,0.19002007,0.22427456,0.7414074,0.7114673,0.8339822,0.8754233,0.5141973,0.75634634,0.83197635,0.85987115,0.34600735,0.25900978,0.88928217,0.88753134,0.8887738,0.88822657,0.8868052,0.8832363,0.88708067,0.8769356,0.8782482,0.88408273,0.8837516,0.88353115,0.87880075,0.8853964,0.8786731,0.8874078,0.87898916,0.8816678,0.8764016,0.88445467,0.8280141,0.87136763,0.48161677,0.8436033,0.886207,0.8852898,0.88830274,0.88800687,0.8722657,0.8833877,0.6483884,0.81575763,0.86989677,0.87457365,0.86502033,0.87336415,0.78057635,0.7884652,0.88016003,0.8873035,0.8854843,0.77769196,0.6310893,0.79104346,0.8372967,0.8841223
0.87015575,0.88566345,0.89119685,0.8919789,0.8865721,0.8833483,0.8902847,0.89252543,0.8902239,0.8897827,0.88948804,1.0,0.8904554,0.89288664,0.89038384,0.891913,0.8863209,0.88849795,0.8819862,0.82103205,0.89089614,0.89103144,0.89121336,0.88981855,0.8795575,0.88485163,0.8887487,0.8862696,0.89263105,0.89195865,0.89184284,0.892494,0.8902919,0.8826475,0.8837024,0.82335216,0.8914797,0.8918186,0.89234334,0.89182204,0.8901929,0.8911503,0.83691967,0.83845603,0.623088,0.2469659,0.877345,0.8767831,0.36450168,0.2677263,0.29223505,0.31580386,0.2934645,0.5138478,0.887414,0.8904204,0.8512193,0.88228786,0.19281185,0.2182491,0.7496184,0.70237464,0.8379642,0.87582874,0.52079093,0.760531,0.8318004,0.86004573,0.33687901,0.26245528,0.89220625,0.8917219,0.8919684,0.89103454,0.8904193,0.8876937,0.88962233,0.8828162,0.87965447,0.88715833,0.88232327,0.88829523,0.8838106,0.8910576,0.8806252,0.8906419,0.8805852,0.88841724,0.87626374,0.8884621,0.82836336,0.8750241,0.47736475,0.85048646,0.88760495,0.88884056,0.88860124,0.88993347,0.876776,0.8855726,0.64853317,0.8184434,0.8703519,0.87487584,0.8699432,0.87601346,0.7854432,0.7920696,0.8803836,0.8902672,0.88495237,0.7813941,0.621735,0.7891078,0.8370824,0.8882888
0.87112737,0.8842306,0.8878673,0.88943064,0.88440496,0.87896836,0.88929534,0.8898423,0.88795775,0.8866344,0.8895969,0.8904554,1.0,0.8913931,0.88746715,0.89016205,0.88548887,0.8860995,0.88239413,0.8282471,0.88920814,0.88961506,0.88724655,0.8860826,0.8760443,0.88220173,0.8866319,0.88271147,0.8912244,0.88987684,0.8898373,0.88937676,0.89004254,0.88463634,0.8825486,0.82603914,0.88863915,0.8907062,0.8900513,0.89006346,0.88851726,0.8898564,0.83383495,0.83637106,0.62800545,0.24516737,0.87554073,0.8734316,0.36382115,0.27018392,0.2885499,0.31115824,0.29650876,0.5174709,0.8853146,0.88753724,0.8561341,0.87958807,0.18388814,0.22813751,0.74037135,0.6977733,0.8326172,0.87547314,0.51996773,0.75513256,0.8308111,0.86101276,0.33908302,0.26743573,0.8904483,0.8895707,0.890008,0.88800186,0.887677,0.88418555,0.88761073,0.8784651,0.87627393,0.8831329,0.8815142,0.8842275,0.8801714,0.8881059,0.8768676,0.88762915,0.8782741,0.8851368,0.8757695,0.8854895,0.8256299,0.87076867,0.48110473,0.84726226,0.88391334,0.8874366,0.88510334,0.88694423,0.8721365,0.881824,0.6526872,0.81266296,0.86669666,0.8731711,0.8664421,0.87221986,0.7852272,0.79229873,0.8807055,0.8870067,0.88045514,0.7758163,0.6270064,0.790484,0.837973,0.8863399
0.86987096,0.8856743,0.89106715,0.89202845,0.88708514,0.8827265,0.89025825,0.8923508,0.89031434,0.8896794,0.88961345,0.89288664,0.8913931,1.0,0.8901085,0.89177173,0.88637984,0.88855135,0.88262,0.8227774,0.89091766,0.8909469,0.8909512,0.8895902,0.8799487,0.88477165,0.8890913,0.88593596,0.8927915,0.89184177,0.89175516,0.89227736,0.89043826,0.88343245,0.88414985,0.82451725,0.89120924,0.89185995,0.89216286,0.89173293,0.8900341,0.8912005,0.83590245,0.8378967,0.6225869,0.24039438,0.8777825,0.8767174,0.3649293,0.26638934,0.29140526,0.31293097,0.2935606,0.5158739,0.88709277,0.8898036,0.8510696,0.8816899,0.1903188,0.21714567,0.7490944,0.7016021,0.837649,0.8761009,0.5231408,0.7590971,0.8326719,0.8622234,0.33641165,0.26409286,0.8919839,0.8916063,0.89194375,0.8907199,0.89040655,0.88727224,0.8895067,0.88192606,0.87929827,0.8867356,0.88193107,0.88787353,0.8832447,0.89086515,0.8802132,0.89068073,0.8801639,0.88792527,0.876847,0.88814455,0.8269469,0.87340695,0.47676897,0.84984344,0.88711005,0.888735,0.88777757,0.88940346,0.8751468,0.8847376,0.6531275,0.81765324,0.8692123,0.8746025,0.8700648,0.87543124,0.7856404,0.7926683,0.8803872,0.889543,0.8837954,0.7804818,0.6202913,0.7879124,0.8357151,0.8879583
0.8576658,0.87682533,0.8892129,0.8899711,0.8872964,0.8819925,0.88726157,0.8894289,0.89050674,0.88948244,0.8848607,0.89038384,0.88746715,0.8901085,1.0,0.89035517,0.8833413,0.887912,0.873411,0.8190854,0.89008564,0.8879849,0.89076275,0.89105666,0.8750598,0.88692117,0.88990283,0.8852829,0.8904877,0.8910747,0.8917296,0.889481,0.8859763,0.8795427,0.8815208,0.82846487,0.8894277,0.8893922,0.8904364,0.8896561,0.8863959,0.8895614,0.8318058,0.8312036,0.6162644,0.24200426,0.8764629,0.87527657,0.3511167,0.26855192,0.28944767,0.3134324,0.28838518,0.50730765,0.8883785,0.8869464,0.8415047,0.87420875,0.19742335,0.20902684,0.7457047,0.6829813,0.8391537,0.8684663,0.5235066,0.7550011,0.8297605,0.85434663,0.3284827,0.25868782,0.8899797,0.8909787,0.89005345,0.8886514,0.88836265,0.8872551,0.8883273,0.8837441,0.8799888,0.88691413,0.8804604,0.8861738,0.88844043,0.8915807,0.88262945,0.8888163,0.8821819,0.8891052,0.87955415,0.8883151,0.8264199,0.8749762,0.47345495,0.853764,0.8850556,0.8875281,0.8858982,0.88731915,0.874753,0.88295406,0.652435,0.8184875,0.8709307,0.8753223,0.87566304,0.87500453,0.80066484,0.8023917,0.87892723,0.88760537,0.8781337,0.7841972,0.6176836,0.78823996,0.83746827,0.8868856
0.8668109,0.8848602,0.89037454,0.8912228,0.8881923,0.88555247,0.88925046,0.8912546,0.89133024,0.8907435,0.8881792,0.891913,0.89016205,0.89177173,0.89035517,1.0,0.8842411,0.8886173,0.8801723,0.8274407,0.89173293,0.89164907,0.8899255,0.8897275,0.8795274,0.8848306,0.89027214,0.8883504,0.891818,0.8919297,0.8916329,0.89127123,0.89015114,0.8846856,0.8839381,0.8299266,0.89054537,0.8918315,0.89209473,0.89207596,0.8896809,0.89185953,0.8321705,0.8361563,0.6225261,0.23984979,0.8773943,0.8763736,0.3624378,0.26660633,0.29769474,0.32356605,0.2962813,0.50991917,0.88704044,0.8897636,0.851,0.8816569,0.18823802,0.2166804,0.7457804,0.6992997,0.8326048,0.8740619,0.5262786,0.7496764,0.82845354,0.8607743,0.32727352,0.26532978,0.8915873,0.8915478,0.8920832,0.89007354,0.8887033,0.886312,0.88920325,0.882065,0.8782135,0.8861059,0.87944484,0.88814074,0.88275373,0.89150697,0.87771267,0.8909938,0.87817276,0.88982195,0.87523,0.8894011,0.8320294,0.877528,0.47164515,0.85187244,0.8860668,0.8887053,0.8867338,0.8882687,0.8730346,0.8842674,0.6550294,0.81783986,0.8692073,0.874862,0.8703378,0.87417865,0.7940583,0.8017797,0.8796927,0.8882338,0.8827459,0.78386146,0.6241468,0.7902417,0.8412321,0.88911885
0.8693282,0.8780664,0.8858927,0.8870957,0.8746391,0.87088615,0.88695294,0.8877753,0.8807864,0.880327,0.8870788,0.8863209,0.88548887,0.88637984,0.8833413,0.8842411,1.0,0.8870484,0.8791533,0.8265058,0.88216275,0.8830757,0.8852912,0.88508695,0.86862385,0.88009036,0.879577,0.87670964,0.8873623,0.8853434,0.8851583,0.8867248,0.8854743,0.880748,0.88238573,0.82992846,0.8846487,0.8862787,0.8855091,0.88478154,0.88277745,0.88361764,0.83777237,0.8299902,0.61417985,0.24867994,0.8779226,0.87711936,0.3554443,0.26641238,0.28583524,0.3000048,0.28194746,0.52461326,0.8847874,0.8829946,0.8490106,0.87968177,0.20757845,0.22316217,0.750536,0.6962506,0.8356515,0.87671775,0.53056484,0.76036257,0.8429439,0.8568638,0.34531814,0.251958,0.8860407,0.8865894,0.8841298,0.8848274,0.88379675,0.8828056,0.8856703,0.8769116,0.8850206,0.8857669,0.88695484,0.88382214,0.88064814,0.8823905,0.88360506,0.88451886,0.8773708,0.87658733,0.8800014,0.880385,0.8276663,0.8682685,0.49420166,0.8423524,0.88239896,0.8824514,0.88478976,0.8851004,0.874024,0.87937564,0.6583655,0.8228086,0.86628866,0.8712164,0.86800885,0.87273824,0.7811602,0.7891854,0.8804024,0.88501394,0.8797385,0.7729881,0.62020046,0.8002086,0.83367175,0.87886304
0.86388236,0.87983423,0.8865491,0.8894916,0.88322693,0.8790551,0.88601255,0.88957006,0.88664055,0.88629293,0.8848087,0.88849795,0.8860995,0.88855135,0.887912,0.8886173,0.8870484,1.0,0.87590677,0.8256224,0.88579494,0.88636404,0.88756096,0.8897753,0.8722863,0.88380027,0.8847371,0.8820463,0.8895557,0.88901025,0.88849056,0.88807964,0.88494873,0.8816887,0.8802846,0.8280513,0.88595927,0.8885461,0.8878436,0.88748634,0.8846605,0.8864544,0.827844,0.826847,0.61044073,0.23650637,0.87399083,0.87551326,0.36748078,0.2612415,0.28245687,0.32609105,0.28450847,0.5223623,0.88499326,0.88340616,0.84426695,0.88331354,0.19959529,0.22645575,0.7460867,0.70198464,0.8362749,0.87770706,0.53378063,0.7473544,0.8335316,0.85436213,0.33682755,0.2501717,0.8873115,0.8902044,0.8871096,0.88606817,0.8852607,0.8859197,0.88603765,0.8791665,0.8815717,0.8898128,0.8806211,0.8884924,0.88224345,0.8889832,0.87983984,0.8880409,0.877589,0.8836512,0.8790236,0.88402563,0.8272127,0.87143075,0.48167473,0.8439371,0.8824817,0.88560605,0.8834228,0.8846625,0.8717568,0.8790107,0.65481806,0.8226655,0.8651284,0.8707043,0.8700284,0.8702283,0.7841751,0.79284674,0.8790385,0.88575494,0.87714475,0.7824202,0.6147934,0.7923552,0.8355349,0.8828037
0.8807674,0.88679177,0.88226235,0.8804914,0.8723571,0.8687229,0.88573605,0.8834502,0.8755039,0.8758883,0.8824777,0.8819862,0.88239413,0.88262,0.873411,0.8801723,0.8791533,0.87590677,1.0,0.83809376,0.87893325,0.88166827,0.8783298,0.87358034,0.8717052,0.8682833,0.8749515,0.8728398,0.882555,0.87959635,0.8780913,0.88203335,0.8853834,0.87889045,0.882469,0.82566744,0.8809368,0.8827614,0.88078165,0.8813338,0.8815281,0.8804522,0.83794856,0.8343214,0.6187165,0.23622543,0.86659354,0.8697559,0.40209508,0.2672372,0.306973,0.29960436,0.3019045,0.5201792,0.87333196,0.8805776,0.8552925,0.8825424,0.18168993,0.21553813,0.7563239,0.71645945,0.8220656,0.87556267,0.49690926,0.74678326,0.83161783,0.86605275,0.37420794,0.3008658,0.88161343,0.87996197,0.88204867,0.8794296,0.8800685,0.87284654,0.8791467,0.8701372,0.87325156,0.874823,0.87546366,0.8766068,0.8655409,0.8750887,0.86622345,0.8788825,0.8650863,0.871666,0.86277384,0.87462586,0.8223465,0.86240816,0.473375,0.82786936,0.8762962,0.87635815,0.8771592,0.8794357,0.8619179,0.87285006,0.63587964,0.808191,0.8559079,0.8594131,0.8525809,0.8625998,0.7607382,0.77602744,0.8727136,0.87948537,0.8795995,0.7599148,0.60339475,0.7920755,0.832536,0.8761664
0.8168026,0.82811147,0.8263341,0.82467145,0.81970835,0.8138129,0.83434016,0.82473975,0.8198548,0.82048607,0.82118696,0.82103205,0.8282471,0.8227774,0.8190854,0.8274407,0.8265058,0.8256224,0.83809376,1.0,0.82428664,0.8232108,0.820778,0.8217487,0.80068135,0.80270994,0.81938434,0.8129772,0.82535625,0.82329583,0.8218111,0.8195233,0.8365337,0.8584771,0.8457513,0.85925114,0.8219369,0.829674,0.8226883,0.8255505,0.8197215,0.82775307,0.7951301,0.74734354,0.5455843,0.18595812,0.8176168,0.82915217,0.38527063,0.23531687,0.31615654,0.27295578,0.37084728,0.5143649,0.8222668,0.82035714,0.7913047,0.82756025,0.18910426,0.25994292,0.7009491,0.62871647,0.7637869,0.82463425,0.54106027,0.6723403,0.779076,0.82578725,0.31047684,0.30217907,0.821106,0.8281174,0.824664,0.8166681,0.81732255,0.8111133,0.82419604,0.8202047,0.83297217,0.8239895,0.82263494,0.8207985,0.8148486,0.8207713,0.8055053,0.82254153,0.8048726,0.81621635,0.8085657,0.82559985,0.78246677,0.8063373,0.489717,0.7738212,0.805671,0.8285219,0.81324774,0.813557,0.7889357,0.80338675,0.601773,0.771966,0.7971436,0.8076274,0.8110429,0.8029877,0.7853429,0.8182848,0.82849896,0.8178694,0.81396186,0.7246396,0.5670814,0.75013405,0.8126792,0.8274737
0.86425006,0.88300943,0.8894915,0.8894313,0.88691205,0.882959,0.8882525,0.8898306,0.8898965,0.88893753,0.8865882,0.89089614,0.88920814,0.89091766,0.89008564,0.89173293,0.88216275,0.88579494,0.87893325,0.82428664,1.0,0.8912985,0.88884676,0.88809586,0.8773508,0.88316333,0.8897191,0.8858388,0.8908207,0.89136523,0.8908086,0.8906057,0.88902974,0.88209945,0.8833921,0.8326752,0.89036155,0.89118934,0.8911018,0.89110684,0.88951886,0.891274,0.8333207,0.83594567,0.62172025,0.23606513,0.8763329,0.8757254,0.36171713,0.27314955,0.2868406,0.31622064,0.3001464,0.50987744,0.886327,0.8896494,0.8490845,0.8768675,0.20251969,0.20132294,0.74379057,0.69173145,0.835546,0.87032425,0.5248841,0.75281465,0.8310026,0.86099327,0.32815975,0.25872144,0.89073247,0.8903557,0.891164,0.89099294,0.8893607,0.8870605,0.8898464,0.8817244,0.8767851,0.8843139,0.87889767,0.8854857,0.88284785,0.89005846,0.8777036,0.8894162,0.878243,0.8895474,0.8741374,0.88953453,0.82869935,0.8757567,0.48176283,0.8532348,0.8848513,0.88864976,0.88569117,0.8879889,0.87298644,0.88458234,0.648982,0.81963265,0.87226886,0.8747112,0.8701957,0.87636685,0.796134,0.80454266,0.8790099,0.88797826,0.88138396,0.7795887,0.6285776,0.7915978,0.8412768,0.8889927
0.86904013,0.8848714,0.88842905,0.8894098,0.884821,0.88371956,0.88819474,0.89036596,0.88961923,0.8888347,0.8881987,0.89103144,0.88961506,0.8909469,0.8879849,0.89164907,0.8830757,0.88636404,0.88166827,0.8232108,0.8912985,1.0,0.88789654,0.88764864,0.88058275,0.8829689,0.88877213,0.88753283,0.8908322,0.8910544,0.88988906,0.89096826,0.890076,0.88285375,0.883714,0.82943463,0.8898093,0.8912399,0.890792,0.89119935,0.8898015,0.8913542,0.8347717,0.83686906,0.62771297,0.24401443,0.8754795,0.8769051,0.36561808,0.27905336,0.28643072,0.32526842,0.29590678,0.51380605,0.88561356,0.88924605,0.85469234,0.880391,0.19865678,0.20633848,0.74492997,0.70196414,0.83117336,0.87241143,0.5206651,0.75309944,0.8305936,0.86181206,0.33740902,0.2628611,0.8907263,0.8900527,0.89107245,0.8906871,0.8890632,0.8863358,0.888816,0.8808393,0.8762443,0.88421357,0.8789245,0.8859848,0.8804721,0.8890465,0.8770109,0.88933045,0.87876695,0.88807935,0.8753684,0.88817775,0.8319263,0.8768425,0.4803889,0.8506929,0.8858585,0.88817555,0.88561994,0.8879752,0.87423414,0.88476455,0.64859295,0.817423,0.8709357,0.8744175,0.8689512,0.87474793,0.7913974,0.79989177,0.88055474,0.8881913,0.8837984,0.7812203,0.630832,0.79276454,0.84042823,0.8883956
0.8632504,0.8811308,0.89149684,0.8920174,0.8865752,0.8824799,0.88909537,0.89135504,0.8891559,0.8901156,0.8870079,0.89121336,0.88724655,0.8909512,0.89076275,0.8899255,0.8852912,0.88756096,0.8783298,0.820778,0.88884676,0.88789654,1.0,0.89171845,0.87832946,0.8856733,0.8876391,0.8850513,0.8913452,0.89063334,0.8917248,0.8913298,0.88722944,0.88008875,0.88287103,0.82480764,0.89051294,0.88985866,0.89101374,0.8899048,0.88656825,0.8892618,0.8337753,0.83548266,0.60686636,0.24079984,0.8766893,0.87635744,0.3593937,0.2636263,0.30687603,0.30359766,0.2792303,0.51039547,0.88732725,0.8880409,0.8419596,0.87797904,0.19594155,0.2144057,0.7522204,0.6911811,0.84227115,0.8706635,0.51994455,0.75887376,0.83151555,0.8595836,0.3301448,0.26490223,0.8901934,0.89122957,0.89073884,0.8888766,0.8888694,0.8860993,0.88839656,0.8835924,0.88248086,0.8878542,0.8817408,0.88716334,0.88640976,0.88995427,0.8826395,0.88989216,0.8808806,0.8869323,0.87740374,0.88742065,0.8245053,0.87456787,0.47095555,0.8491616,0.88622755,0.88656706,0.88751143,0.8882426,0.87498623,0.88350075,0.6492295,0.8222311,0.8689577,0.87302256,0.87215775,0.87373537,0.7886909,0.79247314,0.8781809,0.8886543,0.88239974,0.7824126,0.61557126,0.7853639,0.8347818,0.88565433
0.85848266,0.8775342,0.8891845,0.8912741,0.8856855,0.8818344,0.88677555,0.8902741,0.8894282,0.8899052,0.8858608,0.88981855,0.8860826,0.8895902,0.89105666,0.8897275,0.88508695,0.8897753,0.87358034,0.8217487,0.88809586,0.88764864,0.89171845,1.0,0.8761621,0.88707185,0.8879327,0.8856579,0.8900393,0.89046276,0.89090526,0.89003927,0.8854343,0.88101214,0.8813647,0.8281753,0.8884856,0.8893191,0.8897288,0.8894741,0.88499683,0.8886953,0.82661486,0.83112764,0.6106856,0.23241828,0.87663937,0.87741417,0.35711178,0.2701544,0.30097616,0.31364837,0.27582672,0.51117903,0.8883669,0.8861038,0.84041685,0.87710446,0.19645678,0.21806565,0.74559253,0.68954057,0.8405275,0.8705499,0.5255521,0.7505546,0.8307464,0.85487974,0.32410064,0.2605997,0.8888157,0.89081466,0.889262,0.8880915,0.8872706,0.8863643,0.8875077,0.88248724,0.8828916,0.88904095,0.8802342,0.8870035,0.8870767,0.8902905,0.8834005,0.8895424,0.8813668,0.8864907,0.88077724,0.8877474,0.8271582,0.8748114,0.47786704,0.851662,0.88536066,0.8869368,0.8864927,0.886669,0.87382483,0.88234514,0.65730786,0.82377595,0.8701707,0.8745881,0.8759075,0.87459856,0.7981988,0.801704,0.87999254,0.88773894,0.8799326,0.7875648,0.6202193,0.7890493,0.83881754,0.88540286
0.85703844,0.8747005,0.87857443,0.8780884,0.8780339,0.8768763,0.8758374,0.87849855,0.8821712,0.88144326,0.8773542,0.8795575,0.8760443,0.8799487,0.8750598,0.8795274,0.86862385,0.8722863,0.8717052,0.80068135,0.8773508,0.88058275,0.87832946,0.8761621,1.0,0.87633586,0.87992674,0.88383967,0.8793513,0.8786013,0.8772522,0.87961376,0.87712,0.86748785,0.8707346,0.8057677,0.8780806,0.8777839,0.8797694,0.8802916,0.8786479,0.878768,0.8115608,0.8367049,0.60800755,0.22090311,0.8619944,0.8649951,0.36186877,0.26234302,0.31873447,0.33927676,0.2589184,0.4796148,0.87345207,0.877682,0.8462684,0.8696814,0.15002862,0.18806614,0.730965,0.6889496,0.8077551,0.8579751,0.5075382,0.743788,0.81208336,0.8474078,0.32242668,0.2987411,0.87985104,0.8757919,0.88026625,0.876753,0.8770938,0.8714988,0.8740796,0.8654811,0.8610081,0.87035197,0.8606823,0.873499,0.8661632,0.87673205,0.8635426,0.8799675,0.86209923,0.87664086,0.8632541,0.87526184,0.82119054,0.8633184,0.44009197,0.8352704,0.87677515,0.8729324,0.87307096,0.8758496,0.85931295,0.87186164,0.64733815,0.8006236,0.85441756,0.86184436,0.853214,0.860105,0.7786013,0.7812853,0.8666165,0.8746195,0.8765684,0.7706765,0.61017764,0.7722922,0.82382226,0.8780472
0.85272235,0.87051666,0.88368165,0.8849391,0.8794095,0.8774333,0.8806996,0.8853606,0.88592565,0.8855291,0.8815251,0.88485163,0.88220173,0.88477165,0.88692117,0.8848306,0.88009036,0.88380027,0.8682833,0.80270994,0.88316333,0.8829689,0.8856733,0.88707185,0.87633586,1.0,0.8854489,0.8837943,0.8854676,0.886356,0.8856607,0.88505745,0.88019127,0.87146664,0.8735718,0.8190035,0.88471013,0.8845655,0.88617426,0.88577,0.8822606,0.8838875,0.8167889,0.8284043,0.62068886,0.22092052,0.87349784,0.8732627,0.34190288,0.29158056,0.28723228,0.32245114,0.25822958,0.49211594,0.8854397,0.8822877,0.84267646,0.87069,0.17657325,0.2094099,0.74187696,0.67891324,0.8308304,0.86322916,0.52188563,0.73859227,0.82941496,0.84599775,0.3401445,0.26454148,0.8863881,0.8851136,0.88498807,0.8842033,0.8840803,0.8819486,0.88401395,0.8774783,0.8746294,0.8826701,0.87566245,0.8818275,0.8830218,0.885407,0.8824418,0.88557804,0.87820184,0.8837527,0.8812247,0.884041,0.83470625,0.87306213,0.47313452,0.8504353,0.88497937,0.8823646,0.8834185,0.8843982,0.8723018,0.880726,0.66574967,0.81898576,0.8675572,0.8735568,0.87450314,0.8731773,0.7979661,0.7971071,0.87681776,0.8842902,0.8772212,0.7833008,0.61667806,0.77863264,0.8396275,0.88156974
0.8601769,0.87921506,0.8876908,0.8875049,0.8883418,0.8828044,0.8857339,0.8877609,0.8907804,0.88902265,0.8837517,0.8887487,0.8866319,0.8890913,0.88990283,0.89027214,0.879577,0.8847371,0.8749515,0.81938434,0.8897191,0.88877213,0.8876391,0.8879327,0.87992674,0.8854489,1.0,0.8879593,0.88870037,0.889494,0.88894004,0.8880883,0.88640755,0.8797191,0.8801029,0.82558674,0.888032,0.88836455,0.88939595,0.8894448,0.8868357,0.8888841,0.8260974,0.83473337,0.6200083,0.22414142,0.87443787,0.8750483,0.35963166,0.26908624,0.3030362,0.32630593,0.2856337,0.503955,0.8859604,0.88643926,0.8460328,0.87477326,0.17980108,0.20672657,0.7465549,0.68545157,0.82844037,0.86857396,0.5261375,0.74617743,0.8289226,0.85453224,0.33144766,0.26741874,0.88901174,0.88800555,0.8894995,0.8875224,0.88713735,0.88345516,0.8863754,0.8791695,0.87559444,0.8827961,0.8750389,0.8838264,0.8834661,0.8894488,0.87721264,0.8883115,0.87731224,0.8879859,0.8773549,0.88737524,0.8270135,0.87337023,0.46045616,0.85270023,0.88464797,0.8859468,0.8837869,0.88579565,0.87256765,0.8827833,0.65980375,0.81527853,0.8675853,0.8733884,0.87336665,0.8748553,0.8032992,0.8051669,0.87738186,0.8854083,0.87984747,0.7808772,0.6107308,0.7885094,0.8382687,0.8867297
0.85782206,0.87725836,0.88561004,0.88527626,0.8842953,0.88428426,0.88269186,0.8852106,0.88887125,0.88780695,0.883117,0.8862696,0.88271147,0.88593596,0.8852829,0.8883504,0.87670964,0.8820463,0.8728398,0.8129772,0.8858388,0.88753283,0.8850513,0.8856579,0.88383967,0.8837943,0.8879593,1.0,0.88618475,0.8866526,0.8857872,0.8863177,0.88385683,0.87618047,0.87726074,0.8222084,0.88616794,0.8855833,0.8874406,0.8873958,0.8844859,0.88688433,0.8195586,0.8372547,0.616352,0.22514266,0.87158895,0.8716709,0.35548308,0.26614484,0.31019413,0.3430306,0.27528217,0.47888726,0.882873,0.88495827,0.8473384,0.87472755,0.17208457,0.19696908,0.74240494,0.6929697,0.8191109,0.8646527,0.520403,0.73841566,0.8218427,0.8504443,0.32582682,0.27780867,0.8863136,0.88512415,0.88798714,0.88422835,0.8833384,0.880823,0.88252264,0.87748426,0.8734906,0.8794953,0.87111276,0.88314676,0.8789806,0.8866486,0.8724732,0.8865124,0.87437326,0.8857772,0.87189895,0.88452315,0.8331364,0.8758284,0.45124337,0.8483737,0.8824387,0.8814632,0.88150823,0.8825762,0.86738765,0.88114333,0.6556935,0.81076765,0.86450493,0.8724555,0.8684047,0.87112087,0.79716533,0.80019003,0.87428063,0.8814094,0.88017243,0.78310704,0.6164656,0.7853056,0.83824307,0.88599575
0.86972314,0.88513976,0.89135283,0.8919708,0.88668704,0.8835671,0.89118373,0.89236885,0.88994616,0.88971424,0.8896275,0.89263105,0.8912244,0.8927915,0.8904877,0.891818,0.8873623,0.8895557,0.882555,0.82535625,0.8908207,0.8908322,0.8913452,0.8900393,0.8793513,0.8854676,0.88870037,0.88618475,1.0,0.8919448,0.8921114,0.8922689,0.8901799,0.8832367,0.88481885,0.8276213,0.891689,0.8918394,0.8923128,0.89161026,0.8896396,0.8909914,0.8368279,0.837957,0.6187359,0.2436103,0.8769361,0.8767814,0.3673124,0.26643232,0.28932247,0.31284362,0.28827322,0.51638734,0.8876978,0.88947153,0.85083103,0.8824813,0.19318976,0.21704374,0.74963754,0.699246,0.8381629,0.8762258,0.52365476,0.76115596,0.83559,0.8617258,0.33704537,0.26469904,0.8919026,0.89211076,0.89206624,0.89031786,0.8902688,0.8875509,0.8897688,0.88297397,0.88170356,0.887789,0.88330895,0.8887655,0.8848735,0.8911072,0.88133353,0.891071,0.88101786,0.88826424,0.8777965,0.88816196,0.82885444,0.87473124,0.48009142,0.8491221,0.8865956,0.8885917,0.8874522,0.8891818,0.8750482,0.88426065,0.6500959,0.82027984,0.8695525,0.87498885,0.870529,0.8752277,0.7860971,0.7936647,0.88076234,0.88937724,0.88339305,0.78272057,0.6210903,0.78871906,0.8372949,0.887873
0.86640334,0.8823506,0.89008516,0.89105886,0.8862164,0.883347,0.8885285,0.8917539,0.89090234,0.8898013,0.888487,0.89195865,0.88987684,0.89184177,0.8910747,0.8919297,0.8853434,0.88901025,0.87959635,0.82329583,0.89136523,0.8910544,0.89063334,0.89046276,0.8786013,0.886356,0.889494,0.8866526,0.8919448,1.0,0.89192045,0.89160544,0.8895046,0.88316894,0.88318866,0.82953906,0.8908691,0.891919,0.8922783,0.8923074,0.88995546,0.8913343,0.8322502,0.83545256,0.62355405,0.2377375,0.8778011,0.8786431,0.36209118,0.27785295,0.2948137,0.31700775,0.29420224,0.5161278,0.8887934,0.89012796,0.84915787,0.880027,0.19797634,0.21511972,0.74691486,0.69972783,0.8366137,0.87331796,0.52875674,0.7538639,0.83169025,0.860247,0.33293226,0.25831425,0.8921294,0.89141864,0.89197624,0.8915033,0.8904266,0.88845205,0.89077026,0.88146275,0.8781608,0.88800627,0.88081175,0.8867043,0.8848884,0.8914134,0.8814769,0.8907607,0.88260496,0.88957083,0.8786334,0.8902367,0.8302998,0.87652797,0.48420718,0.85244936,0.8879363,0.89006937,0.88816756,0.8897381,0.8759645,0.8861146,0.65393454,0.8214911,0.87227845,0.8772374,0.8741871,0.8776261,0.7967717,0.8039137,0.88144135,0.8902683,0.8829356,0.78512454,0.62498504,0.79059047,0.84270865,0.8894203
0.8641711,0.88179064,0.8910641,0.89169616,0.88726944,0.8829218,0.88973093,0.8914502,0.89028114,0.8900643,0.8879238,0.89184284,0.8898373,0.89175516,0.8917296,0.8916329,0.8851583,0.88849056,0.8780913,0.8218111,0.8908086,0.88988906,0.8917248,0.89090526,0.8772522,0.8856607,0.88894004,0.8857872,0.8921114,0.89192045,1.0,0.89170605,0.8883037,0.8811701,0.8832953,0.82667285,0.8911383,0.8910086,0.89182174,0.8911211,0.8883512,0.8908796,0.83452755,0.8358215,0.61595523,0.24963473,0.8776481,0.8758348,0.35654002,0.2597942,0.2893525,0.31441966,0.284458,0.5161127,0.88767356,0.88912505,0.8451108,0.8780932,0.19763753,0.21581042,0.7475323,0.6929538,0.84019727,0.87226397,0.5233249,0.7560013,0.8307732,0.85969067,0.3302554,0.2620992,0.89133275,0.8920249,0.8916983,0.889944,0.8892838,0.88757235,0.8893888,0.8841078,0.8806425,0.88796806,0.8820876,0.8879688,0.8863855,0.89119023,0.88193333,0.8899768,0.88196695,0.8887673,0.87774134,0.8884057,0.82614714,0.87616223,0.4749929,0.85068285,0.88587356,0.88835776,0.88746274,0.8887978,0.87586546,0.88427705,0.65527266,0.8194179,0.8701387,0.874535,0.8717651,0.8751876,0.7909705,0.795675,0.8799821,0.8890045,0.88124603,0.7836611,0.6234168,0.7885714,0.8357697,0.88764423
0.87006676,0.8853794,0.8914062,0.89203155,0.8852035,0.882104,0.890274,0.8926051,0.88895094,0.8893708,0.88966787,0.892494,0.88937676,0.89227736,0.889481,0.89127123,0.8867248,0.88807964,0.88203335,0.8195233,0.8906057,0.89096826,0.8913298,0.89003927,0.87961376,0.88505745,0.8880883,0.8863177,0.8922689,0.89160544,0.89170605,1.0,0.8896896,0.8811863,0.8840988,0.8237537,0.8917949,0.89156765,0.89204645,0.8916078,0.8897168,0.890708,0.8375334,0.8419672,0.62185395,0.24814339,0.878329,0.8784197,0.36719355,0.26737,0.28906944,0.31124198,0.28524533,0.5154349,0.8876606,0.8905506,0.84993255,0.88173527,0.19853559,0.2150508,0.753408,0.70368826,0.83942425,0.8755492,0.5198331,0.7604217,0.83289814,0.8621683,0.3404905,0.25717208,0.8916442,0.8913703,0.89169323,0.89140725,0.8904342,0.8880323,0.88978326,0.88307685,0.88105893,0.8881411,0.8837201,0.8884367,0.8840338,0.8898474,0.88204753,0.89091504,0.8808575,0.8875079,0.8778039,0.888528,0.8304308,0.87578166,0.47787216,0.8494197,0.8878149,0.8882313,0.88946545,0.8901873,0.8774272,0.8861557,0.65155166,0.82080567,0.87146777,0.8740866,0.8707052,0.8777175,0.7852565,0.79233164,0.8807005,0.88993275,0.88560104,0.78387177,0.6252156,0.7925102,0.8374077,0.8876312
0.87402105,0.8867451,0.8884468,0.88900393,0.8832265,0.880267,0.8893158,0.8902699,0.88714635,0.88654757,0.88882726,0.8902919,0.89004254,0.89043826,0.8859763,0.89015114,0.8854743,0.88494873,0.8853834,0.8365337,0.88902974,0.890076,0.88722944,0.8854343,0.87712,0.88019127,0.88640755,0.88385683,0.8901799,0.8895046,0.8883037,0.8896896,1.0,0.8876291,0.8865979,0.8351227,0.8889398,0.8909242,0.89003325,0.89042133,0.88879144,0.8898861,0.8428821,0.8340906,0.61620754,0.24125741,0.87735724,0.8779554,0.3788532,0.27374995,0.28972644,0.31204548,0.31092882,0.5143915,0.88522685,0.8893987,0.85589105,0.88238686,0.19488458,0.22524709,0.7483952,0.7026969,0.8305804,0.87596256,0.52726483,0.7551871,0.83177006,0.86581016,0.33348235,0.27396515,0.89004207,0.88922006,0.8902254,0.8888588,0.8883417,0.88350815,0.8879885,0.8790399,0.8777445,0.8834245,0.8815089,0.88438076,0.87848294,0.8868342,0.8756366,0.8882223,0.87529314,0.8852096,0.8731284,0.88707,0.832635,0.87277764,0.48507467,0.8461046,0.88470244,0.8881686,0.8858073,0.8878696,0.8726271,0.8827111,0.6445687,0.81495506,0.86826825,0.8746449,0.867655,0.87463284,0.7917838,0.80236024,0.8804816,0.8874267,0.8851228,0.7798538,0.6271166,0.7923067,0.843257,0.88695675
