1.0,0.68675363,0.62654984,0.6355013,0.12238087,0.1565416,0.72843903,0.6683095,0.42678767,0.117669635,0.803073,0.7726357,0.77827257,0.79486006,0.5961283,0.42423138,0.55615693,0.6117714,0.78011763,0.71384096,0.11596661,0.22306667,0.56063586,0.49115252,-0.32252058,-0.16595605,-0.10122612,0.16716543,0.5938953,0.6583046,0.49741638,0.5351636,0.7310106,0.82310694,0.24815121,0.30181712,0.2721316,0.3746619,0.327995,0.43748814,0.3263131,0.20376082,0.389004,0.22875635,0.28963095,-0.017936774,0.3341955,0.33838177,0.13661398,0.22284696,-0.11292183,0.02391543,-0.08850051,0.007869654,0.24756141,0.32672334,0.64286244,0.43187574,0.38752896,0.090946876,0.31534767,0.16948952,0.2159829,0.43763992,0.115611754,0.04716938,0.4482526,0.30253446,0.47614723,0.3273247,0.36993283,0.41347995,0.3495707,0.57116497,0.27083746,0.24557675,0.19427095,0.55294156,0.3944743,0.4972093,0.2713969,0.44436032,0.30929276,0.19517222,0.28016463,0.10524428,-0.00094898354,-0.1588746,0.2365014,-0.019347185,0.0058688344,0.03508441,0.041294534,0.017183634,0.14124618,0.22004741,0.23934017,0.2035912,0.026548263,0.01895075,-0.16648395,0.04652023,-0.105030134,-0.07418034,0.06757712,-0.21233006,0.0018287515,0.05571294,0.3303672,0.22529837,0.18571839,0.0979097,0.0961704,0.030292418,0.03212313,0.1941523
0.68675363,1.0,0.45070362,0.5550221,-0.18229458,0.00063285773,0.515524,0.5825047,0.24714267,0.029180912,0.55003744,0.6886433,0.50237036,0.6751218,0.39570525,0.42335126,0.2839736,0.6045662,0.7277361,0.7920136,0.036133904,-0.018273579,0.28745544,0.3292842,-0.6244344,-0.4122456,-0.21485119,0.03998363,0.3327172,0.49900353,0.29405078,0.49673638,0.5335611,0.66360086,0.25135082,0.0593028,0.107620455,0.3831666,0.16501959,0.32884046,0.185927,0.17465548,0.29516354,0.50098085,0.2724777,0.16787295,0.252026,0.3099041,0.021812996,0.35782412,0.049355797,0.22122502,-0.16884103,-0.15358572,-0.011583364,0.26475957,0.47558108,0.72652864,0.5403961,0.18291557,0.5310179,0.23113969,0.32266083,0.679073,0.24769251,0.34626198,0.6328285,0.48408484,0.7155867,0.48655832,0.2340671,0.30385885,0.11923919,0.35425735,0.15924466,-2.5735266e-05,0.08405033,0.37053955,0.19870837,0.38637146,0.108221106,0.5285709,0.28355002,0.21051505,0.07821009,0.2551378,-0.03199009,-0.19964245,0.0015506694,0.04391243,-0.114924155,0.12900056,-0.04203105,-0.014666718,-0.10098859,0.15053654,0.050440937,0.07474956,-0.086480826,-0.049448777,-0.3657611,0.026708227,-0.3235873,-0.1747766,-0.0067846854,-0.19945344,-0.09919514,-0.028008597,0.09898573,0.052731797,-0.043249447,-0.08743275,0.16966666,0.023727499,0.11299949,0.07909518
0.62654984,0.45070362,1.0,0.77768743,0.15870827,0.220963,0.7816247,0.7098358,0.37154254,0.27976993,0.6230555,0.63944656,0.67430526,0.6465887,0.4167368,0.41867316,0.46598777,0.44498116,0.6365844,0.488534,0.05958261,0.34240687,0.7269192,0.70152766,-0.14280139,0.080442645,0.099319205,0.115859866,0.50281096,0.5824897,0.6304874,0.6629013,0.5416095,0.6353298,0.19496246,0.34870023,0.14019641,0.36694324,0.038115356,0.33611247,0.23748891,0.27904955,0.13730624,0.15264659,0.13269836,-0.1250486,0.2835528,0.28628287,-0.041107126,0.122605935,-0.06353047,-0.14547443,0.008938761,-0.005565588,0.08956692,0.16921388,0.44541976,0.20422514,0.20121855,0.108535774,0.23489371,0.1283169,0.19372697,0.30212075,0.17172985,-0.022612443,0.21439092,0.2593335,0.3264655,0.099890046,0.49534965,0.61235034,0.47243753,0.5390629,0.37065735,0.3024931,0.064693406,0.5356903,0.3331579,0.5311746,0.13105467,0.3230294,0.35989323,0.2914489,0.06663975,0.18283147,0.030035274,0.10986267,0.108505376,0.15020004,0.03802972,0.21999513,0.041656394,0.08890416,-0.0312698,0.16881815,0.034410518,0.1277924,-0.07796113,0.024375865,-0.10099267,0.06912416,-0.07476227,-0.138658,0.0050720526,-0.11027341,0.014412098,0.010877949,0.053609654,0.19983761,0.10197336,0.037304714,0.0817751,-0.052147012,-0.053170286,0.057938047
0.6355013,0.5550221,0.77768743,1.0,0.039905433,0.30122212,0.78747445,0.80147874,0.29846013,0.29082295,0.6195018,0.58446854,0.6211768,0.614804,0.48501462,0.44579664,0.44342282,0.5911553,0.65339935,0.5839893,0.067242734,0.2755391,0.6805165,0.69686025,-0.20419182,0.032056775,0.1536278,0.26270926,0.45530048,0.56243885,0.6099514,0.66803735,0.63859993,0.68299437,0.43036216,0.40016052,0.27548936,0.44569468,0.13398899,0.40805238,0.23941812,0.21873294,0.19232078,0.37403017,0.26468438,-0.092057295,0.34290212,0.45520428,-0.13331136,0.22732505,-0.016836349,-0.15216193,-0.0073899897,-0.04628677,0.12064753,0.26756385,0.463062,0.27340463,0.27842605,0.16961277,0.34816787,0.1345392,0.31763774,0.36644712,0.22114089,0.031166347,0.4146331,0.45319816,0.47563243,0.16080885,0.55454874,0.6078949,0.38356984,0.5588756,0.36591268,0.33892187,0.1911829,0.56521696,0.28930718,0.5461826,0.1512231,0.46406147,0.4255152,0.39104852,0.13565293,0.29525736,0.12772141,0.15709187,0.17302233,0.24401394,0.12478338,0.202784,0.049908344,0.08052104,0.014993947,0.12805778,0.123980835,0.17397022,-0.016795963,-0.039155833,-0.07877194,0.12924623,-0.052267175,-0.109815225,0.17766957,0.002262928,0.11598537,0.025316348,0.13104737,0.23905414,0.09289529,0.0075996886,0.050511193,-0.084708184,0.06573687,0.16813192
0.12238087,-0.18229458,0.15870827,0.039905433,1.0,0.31146258,0.22506565,0.17907189,0.5237062,0.46875754,0.21059869,0.14977308,0.31544918,0.26139793,0.46864018,0.26894563,0.46072048,0.15890896,-0.020106576,-0.16379856,0.34038702,0.5651471,0.39141414,0.40107775,0.5978207,0.64464676,0.417097,0.22766891,0.4865885,0.38528892,0.2557008,0.104160056,0.09840383,0.05763424,-0.0072779753,0.4499706,0.14550127,-0.05438515,0.03740138,0.14624521,0.23915191,0.22121982,-0.10305672,-0.38133964,-0.19920176,-0.1842106,0.12093513,0.13293046,-0.021047616,-0.38391966,-0.28123483,-0.1876841,0.18669803,0.12820576,0.20362085,0.28279486,0.13759537,-0.25071833,-0.25147215,-0.19272645,-0.50761855,-0.23405577,-0.22699258,-0.32490447,-0.22608669,-0.47122398,-0.3565408,-0.2035086,-0.31334642,-0.2659992,0.33996555,0.32465017,0.43851364,0.3807615,0.4245418,0.47103274,-0.009206358,0.14093587,0.3982281,0.3346416,0.17754836,0.24676275,0.121616036,0.24527451,-0.010333132,0.27349803,0.26639518,0.4478841,0.116834655,0.35584986,0.07560974,0.12781201,0.13719182,0.2102689,0.29246998,0.13941796,0.16612227,0.3377863,0.12089923,0.41190574,0.41342664,0.14602616,0.38629657,0.3553007,0.037506845,0.14589602,0.17826125,0.34066153,0.20850892,0.373176,0.26430467,0.29520276,-0.10320731,-0.18330409,-0.13574558,0.22009327
0.1565416,0.00063285773,0.220963,0.30122212,0.31146258,1.0,0.18637565,0.33768657,0.0962719,0.7066208,0.17046665,0.11506734,0.22517642,0.23976958,0.5145335,0.6490958,0.18377689,0.25448197,0.13287842,0.08496856,0.21772642,0.39433932,0.20334233,0.28889662,0.29296428,0.49927577,0.6268488,0.57863414,0.28484872,0.4602854,0.30076602,0.2725852,0.08664613,0.1634599,0.17484127,0.3368956,0.2900002,0.4950069,0.22585545,0.4463168,0.031507943,0.118521154,-0.14104599,-0.060588185,0.09538739,-0.13561696,0.2590637,0.22695683,-0.24555093,-0.022730764,-0.10061225,-0.20612124,0.019878179,0.13572434,0.24742268,0.19146651,0.026695367,-0.2436227,0.15252398,-0.013420917,-0.022998508,-0.19884685,0.11014505,-0.073639065,0.09748643,-0.22969252,-0.008243011,0.12635715,0.09950582,-0.22043763,0.499748,0.39261258,0.38106835,0.55735743,0.14141332,0.3480286,0.26024383,0.2595514,0.1448591,0.3296491,0.15688007,0.2972445,0.6204326,0.60917306,0.2605489,0.19124015,0.5347586,0.35265586,0.3626767,0.32467604,0.15456207,0.09778148,-0.10499881,0.23320277,0.15448797,-0.07134959,0.19194646,0.20627622,0.16079934,-0.09541376,0.19056244,0.09610881,0.1511575,0.14591657,0.24435692,0.26022905,0.25747514,0.100785375,0.09440074,0.40929818,0.15570755,-0.012099923,-0.21649322,-0.22766212,-0.013284293,0.13926035
0.72843903,0.515524,0.7816247,0.78747445,0.22506565,0.18637565,1.0,0.7393875,0.43741202,0.24531806,0.77125007,0.6538642,0.769864,0.6750607,0.5515766,0.37239653,0.64798343,0.5644407,0.641372,0.5028933,0.14953113,0.3138053,0.7726722,0.7097414,-0.092235565,0.09453196,0.1236722,0.2856406,0.6174071,0.6069666,0.6865335,0.6658362,0.6584914,0.71996295,0.29299095,0.50598544,0.20877397,0.3019346,0.124382876,0.35271558,0.27318722,0.26826993,0.25191677,0.17710555,0.20783147,-0.120577574,0.38401437,0.39034757,-0.036820404,0.11100356,-0.1483454,-0.01757591,0.011869045,-0.018234797,0.19565251,0.2554476,0.54978204,0.24974,0.14157882,0.112556174,0.21760088,0.1286069,0.1705874,0.2732511,0.14417328,-0.012928035,0.31616953,0.26374817,0.33127734,0.13708216,0.5568315,0.6035232,0.5026587,0.57997656,0.4639187,0.39411783,0.14627253,0.5741128,0.47644576,0.52145094,0.20770617,0.4304448,0.32381725,0.23570599,0.16337623,0.19640371,0.013272096,0.016189795,0.1946175,0.116225906,0.09567937,0.13616411,0.10134868,0.05143238,0.14644155,0.19009969,0.18692861,0.21589811,0.030503185,0.10667148,-0.07649725,0.11916441,0.011827666,-0.06754523,0.09978457,-0.07677631,0.059060257,0.046747506,0.2716822,0.2880975,0.19473514,0.15693367,0.0012042442,-0.013720258,0.0077828486,0.22315441
0.6683095,0.5825047,0.7098358,0.80147874,0.17907189,0.33768657,0.7393875,1.0,0.38622215,0.4198785,0.6465575,0.6605123,0.68172973,0.7240209,0.55746055,0.4992343,0.55799544,0.6430106,0.6367864,0.54870963,0.20986193,0.34843802,0.69137144,0.7237118,-0.17158304,0.06236021,0.16747066,0.25842682,0.54027903,0.6454387,0.6334077,0.69761926,0.5926448,0.6410835,0.3898154,0.42524958,0.26153103,0.38872334,0.21271823,0.3503743,0.24584168,0.17934626,0.13547507,0.27428967,0.18423335,-0.09061932,0.33364913,0.40532365,-0.12084099,0.19932604,-0.029717086,-0.094021365,-0.07537819,0.03655759,0.103514045,0.23626496,0.5358935,0.3028505,0.28507754,0.14621536,0.30859536,0.13692476,0.412458,0.30884025,0.1398229,-0.03449151,0.38849097,0.42750007,0.45341086,0.15166011,0.60449874,0.5775303,0.43292192,0.58805597,0.3181043,0.3140437,0.11626683,0.4580513,0.38718796,0.6158751,0.21081574,0.54451144,0.41505134,0.35726565,0.16304383,0.4587699,0.12600826,0.20844331,0.16929117,0.30410925,0.021071522,0.25422958,0.03602875,0.046859067,0.086890996,0.09342372,0.13953142,0.18834732,-0.017787693,-0.03397721,-0.11700111,0.14375971,-0.077311344,-0.12645885,0.122169994,-0.046133343,0.08321171,0.0091699045,0.16369383,0.2858862,0.18217051,0.03019041,0.04570197,-0.10349062,-0.01684207,0.16819257
0.42678767,0.24714267,0.37154254,0.29846013,0.5237062,0.0962719,0.43741202,0.38622215,1.0,0.34068528,0.4921664,0.4936804,0.5932246,0.5359563,0.53772557,0.342385,0.54792595,0.4735976,0.2591954,0.19225045,0.26895207,0.46129856,0.56699586,0.5517283,0.11581201,0.329763,-0.005968102,-0.0031517667,0.63468105,0.50024784,0.50767,0.4576053,0.36388025,0.35483715,-0.011933825,0.24456227,0.23007949,0.20940618,0.13864374,0.21475878,0.36674976,0.48493323,0.18698289,-0.031043768,0.14639013,-0.09573051,0.25153825,0.2458643,0.10609141,-0.121848896,-0.19645073,-0.022330107,-0.045927875,0.043814123,0.16410588,0.44450045,0.30226102,0.27137017,-0.030599747,-0.112258986,-0.3108581,-0.020421641,-0.17022283,0.12759075,-0.13008809,-0.21893549,-0.11983202,0.05824632,0.024248889,0.03777931,0.37833208,0.4953962,0.51559675,0.34131843,0.4915438,0.4410738,0.11045723,0.46095493,0.37040794,0.51845676,0.24210198,0.53903073,0.21137343,0.3223811,-0.05750626,0.45900038,0.12516133,0.35780022,-0.034157194,0.3508403,-0.0860939,0.17610018,0.10542641,0.08737144,0.16811062,0.2908333,0.10474336,0.2715833,-0.02388392,0.43531063,-0.010364142,0.25687823,0.032975357,0.18135665,-0.17240487,-0.0590448,-0.034778487,0.31413558,0.20193033,0.2427976,0.22168845,0.34720922,0.090090394,0.0061391247,-0.017178787,0.13462846
0.117669635,0.029180912,0.27976993,0.29082295,0.46875754,0.7066208,0.24531806,0.4198785,0.34068528,1.0,0.2268578,0.19319235,0.3570206,0.3518476,0.59308285,0.70683795,0.3296496,0.43159947,0.061248776,0.023291083,0.43148947,0.3743344,0.39219806,0.5450402,0.3862626,0.5881393,0.6392846,0.48636726,0.4564747,0.5822983,0.45707905,0.4399995,0.11789586,0.17803882,0.07746002,0.39237365,0.2418262,0.37170005,0.21887332,0.3398815,0.053337317,0.29377317,-0.22834936,-0.17898788,0.009455053,-0.18748735,0.30807826,0.2281066,-0.14476739,-0.06955375,-0.13353346,-0.14266306,-0.0019869872,0.15469803,0.21859449,0.24323553,0.059040077,-0.13323607,0.016470896,-0.08262019,-0.19816731,-0.05377468,0.0406994,-0.14404288,-0.08305386,-0.2795845,-0.14470147,0.059825446,0.021573056,-0.18039463,0.58396906,0.4844472,0.57600796,0.587531,0.38149068,0.44582075,0.121488154,0.29241487,0.3039177,0.48484468,0.19339566,0.48322216,0.63272274,0.70471597,0.13680945,0.4482253,0.43969494,0.5289988,0.26814374,0.4604371,0.10668979,0.22195268,-0.15631823,0.104044296,0.20160793,0.099591516,0.16298474,0.3292741,0.16839492,0.12970738,0.13869575,0.16161731,0.09264803,0.18634619,0.023352323,0.1798145,0.19207235,0.12143519,-0.0395456,0.50648504,0.31647414,0.0907608,-0.12324801,-0.23029748,-0.101531304,0.07686207
0.803073,0.55003744,0.6230555,0.6195018,0.21059869,0.17046665,0.77125007,0.6465575,0.4921664,0.2268578,1.0,0.70417553,0.8583769,0.75443965,0.6493899,0.4280679,0.69648045,0.6326207,0.6566895,0.56670684,0.17351688,0.30050215,0.6681517,0.5951661,-0.1516565,0.014512504,-0.038499318,0.2561572,0.71676415,0.68551695,0.6696423,0.62665457,0.7181921,0.7892304,0.20905487,0.43805563,0.26095164,0.3446259,0.26418537,0.40267622,0.33192304,0.2969172,0.3253364,0.18303934,0.2361773,-0.073403776,0.41845113,0.37277016,0.10555033,0.0891026,-0.2411474,0.040519204,-0.04883921,0.03096161,0.28566727,0.3356945,0.6141437,0.37571838,0.27105814,0.051076394,0.20028108,0.18149483,0.1290354,0.3384027,0.080669075,-0.016427306,0.3024327,0.2416522,0.33318195,0.30183995,0.5057672,0.5433056,0.47544074,0.59843737,0.44606772,0.33988726,0.16061151,0.6374055,0.5479669,0.5074674,0.27315614,0.4933409,0.31175554,0.2059343,0.2976247,0.149696,-0.08981282,-0.09577535,0.23515712,-0.017840814,0.15555997,0.045206316,0.115893364,0.034413245,0.146897,0.19590986,0.21499671,0.23290797,0.1351534,0.13678522,-0.16421476,0.11722599,-0.09647509,-0.046009097,-0.0057831877,-0.20402989,-0.04401455,0.07489678,0.34261245,0.22752813,0.243424,0.25167096,0.10268562,0.087631516,0.11877091,0.22528255
0.7726357,0.6886433,0.63944656,0.58446854,0.14977308,0.11506734,0.6538642,0.6605123,0.4936804,0.19319235,0.70417553,1.0,0.7331207,0.87061954,0.4987664,0.501545,0.46330824,0.65991205,0.7013692,0.6585165,0.10429887,0.2738437,0.552626,0.5187593,-0.37313914,-0.17022437,-0.14611268,0.05413028,0.5318242,0.6988976,0.54023504,0.6247041,0.5204072,0.7469318,0.038992282,0.20672753,0.023290848,0.3673012,0.09073853,0.33102295,0.16706981,0.35131994,0.27487868,0.14447106,0.1126481,-0.109690435,0.2846955,0.22210465,0.038695,0.166143,-0.1600443,0.13347742,-0.13277094,-0.03880318,0.017920556,0.2674751,0.44569752,0.47800148,0.35977516,0.13210629,0.18382101,0.089804195,0.047918454,0.45112094,0.122620955,0.062260844,0.31555656,0.17041963,0.40302327,0.25743634,0.33554494,0.4965617,0.37317258,0.6048249,0.28587064,0.17734562,-0.02859656,0.46691868,0.35677963,0.5784345,0.09737632,0.49725094,0.25035074,0.18810919,-0.026683543,0.13378988,-0.08955134,-0.11262576,0.0103980675,0.006486207,-0.1556148,0.20910645,0.069751665,-0.000291365,-0.017054196,0.06283018,0.027719712,0.13574558,-0.1628853,0.06468134,-0.24006215,0.182919,-0.25178808,-0.09836152,-0.1458888,-0.30666336,-0.14063221,0.036080487,0.18416141,0.19952042,0.08839703,0.03441673,0.10205685,-0.063713655,-0.105204746,0.019150252
0.77827257,0.50237036,0.67430526,0.6211768,0.31544918,0.22517642,0.769864,0.68172973,0.5932246,0.3570206,0.8583769,0.7331207,1.0,0.80498,0.6937028,0.51426464,0.7284334,0.65072006,0.6151544,0.500803,0.25106102,0.352831,0.7216097,0.6590804,-0.08702346,0.102743626,0.02053656,0.2616653,0.7937765,0.77160203,0.7225679,0.70636076,0.6670409,0.73600477,0.16952649,0.42511922,0.2518857,0.39505795,0.26961687,0.392318,0.33474624,0.39912412,0.28757098,0.06329726,0.22638656,-0.09342068,0.4220871,0.35189068,0.14782025,0.046011817,-0.19026288,0.02435692,0.03815535,0.109657474,0.26161182,0.3138728,0.5906544,0.3181303,0.21503328,-0.008102747,0.12293155,0.15979034,0.10869065,0.24376383,0.029647082,-0.072388634,0.19179434,0.18497367,0.24062267,0.22495423,0.5393021,0.6145769,0.62695926,0.67546606,0.49853218,0.4294397,0.097763,0.66494423,0.56594574,0.572938,0.28919703,0.4976407,0.40380386,0.25981754,0.25983852,0.20200533,-0.03383239,-0.001006986,0.23628595,0.06095807,0.117501765,0.13428429,0.0691875,0.03071039,0.17956422,0.22490051,0.220765,0.2291712,0.09397548,0.12639177,-0.13122092,0.15112738,-0.08044225,-0.051544487,-0.04846874,-0.20625591,-0.058631495,0.094195396,0.27826032,0.30895936,0.26005453,0.20120029,0.07551069,0.04049937,0.03296055,0.16575184
0.79486006,0.6751218,0.6465887,0.614804,0.26139793,0.23976958,0.6750607,0.7240209,0.5359563,0.3518476,0.75443965,0.87061954,0.80498,1.0,0.64293164,0.60189205,0.56099415,0.7264122,0.70747596,0.65467864,0.17462543,0.34231037,0.5985737,0.6082648,-0.28740424,-0.041583445,-0.0270169,0.17847995,0.660222,0.79261285,0.57126015,0.6504554,0.5897539,0.76134336,0.12610807,0.29855752,0.15578148,0.42620364,0.21789004,0.40964866,0.24241465,0.33767986,0.27102748,0.12599573,0.1606541,-0.1196504,0.3486214,0.3234151,0.061612148,0.12046775,-0.17494641,0.07246964,-0.07885504,0.01926246,0.11921193,0.34966484,0.4838225,0.4553423,0.35636014,0.11633385,0.17378798,0.09429022,0.08913349,0.40913904,0.07836728,-0.017201832,0.29098248,0.22804448,0.39652717,0.26324338,0.42587042,0.57735693,0.43631864,0.7098887,0.3582601,0.30958742,-0.008716832,0.53460747,0.40542096,0.6389163,0.13338748,0.56113935,0.36588198,0.30650142,0.06673172,0.25103322,0.00829271,0.005088186,0.1252922,0.122899696,-0.041035365,0.18254103,-0.005200404,0.03867859,0.08478889,0.11822536,0.12256994,0.22808278,-0.03619832,0.09205488,-0.16418995,0.21536341,-0.17999594,-0.00428519,-0.088387005,-0.21536526,-0.048654098,0.101848304,0.21302818,0.30084974,0.17934093,0.07848246,0.07686518,-0.07076068,-0.036257073,0.10466072
0.5961283,0.39570525,0.4167368,0.48501462,0.46864018,0.5145335,0.5515766,0.55746055,0.53772557,0.59308285,0.6493899,0.4987664,0.6937028,0.64293164,1.0,0.6913357,0.64863324,0.62540495,0.4840766,0.42528975,0.4004611,0.39405337,0.51399213,0.5909357,0.12675112,0.33969247,0.28282985,0.4134803,0.76243997,0.7663865,0.5469871,0.53808326,0.5730867,0.5788648,0.2904911,0.462699,0.47353855,0.5169558,0.4551847,0.5399245,0.42365882,0.36701408,0.16031185,0.08495859,0.21168435,-0.06796473,0.41847268,0.44380102,-0.013713385,-0.04611647,-0.19573486,-0.070437945,0.018475648,0.21167263,0.38689736,0.43147007,0.49830666,0.1904569,0.16920352,0.0077706925,0.07246135,0.042840287,0.14901058,0.16134864,-0.052504644,-0.21676634,0.20811266,0.2807798,0.3267259,0.16609523,0.6492148,0.57936674,0.57747513,0.64526117,0.47044674,0.48616987,0.28747678,0.5431194,0.49168363,0.5235182,0.40700454,0.60001236,0.6254973,0.58991367,0.40000355,0.37193888,0.32933667,0.25696507,0.37293953,0.32407525,0.12136186,0.0026146953,0.021519339,0.10275586,0.3193578,0.29270524,0.3532236,0.36832702,0.20912188,0.16581629,0.02053339,0.06597629,0.12028238,0.15668228,0.17098485,0.03238617,0.16982594,0.2082387,0.30903113,0.43991616,0.28488287,0.17655726,-0.019616963,-0.056812774,0.11062092,0.2528926
0.42423138,0.42335126,0.41867316,0.44579664,0.26894563,0.6490958,0.37239653,0.4992343,0.342385,0.70683795,0.4280679,0.501545,0.51426464,0.60189205,0.6913357,1.0,0.35565925,0.5911796,0.41089484,0.44405612,0.3170306,0.2782701,0.34358275,0.47138318,-0.010367842,0.24836634,0.38398376,0.43439302,0.52966464,0.769401,0.46221742,0.56034666,0.27570027,0.4410895,0.12722208,0.2499569,0.24252665,0.65782326,0.25331,0.5326402,0.13751248,0.42161822,-0.01686285,0.025944024,0.1064312,-0.058827154,0.3457546,0.25605735,-0.06839007,0.12540285,-0.1079356,-0.040148616,-0.103829265,0.060996193,0.16389799,0.30780274,0.21418919,0.18650064,0.29026031,0.020320509,0.11926991,0.05648961,0.12593968,0.17592983,0.08958558,-0.06403638,0.18331975,0.22401068,0.37691748,0.08377194,0.56703,0.5804449,0.55064803,0.69857854,0.29897887,0.31403005,0.15186255,0.4438866,0.3193811,0.50288826,0.19184756,0.54744214,0.7310144,0.69588524,0.18699636,0.29921266,0.3994787,0.22522077,0.2332688,0.27864122,-0.028856345,0.1667915,-0.10340256,0.15014313,0.06960506,0.14674595,0.13131277,0.23978478,0.013710021,-0.045480326,-0.14981377,0.083991945,-0.18530284,-0.027204787,-0.022421824,-0.06055005,0.054108895,0.059841737,-0.00087958336,0.47484064,0.179355,0.0041624773,0.0022537468,-0.20229624,-0.105081424,0.00068386545
0.55615693,0.2839736,0.46598777,0.44342282,0.46072048,0.18377689,0.64798343,0.55799544,0.54792595,0.3296496,0.69648045,0.46330824,0.7284334,0.56099415,0.64863324,0.35565925,1.0,0.44884247,0.41687366,0.25465772,0.28326792,0.40064687,0.62560755,0.57974595,0.139845,0.23558365,0.11771092,0.2911412,0.78449094,0.5935253,0.5972465,0.49881783,0.53524846,0.45905286,0.26642996,0.48338234,0.37595898,0.20794956,0.27084923,0.20108634,0.42578712,0.2849188,0.172699,0.023382261,0.11139432,-0.026704561,0.35271072,0.33242297,0.06389659,-0.09205364,-0.14022979,0.015142466,0.12893867,0.1262759,0.281688,0.2017798,0.63706625,0.20262507,0.03937252,0.045774028,0.04387959,0.13662206,0.2787056,0.07270438,-0.044652227,-0.22290017,0.09330862,0.20614032,0.16012992,0.04708396,0.65628076,0.58218735,0.5794135,0.50839525,0.45607084,0.43704352,0.2515065,0.4993842,0.62974566,0.4709449,0.5166701,0.42722887,0.29198265,0.21261093,0.34692964,0.33017203,0.025632117,0.12937655,0.1458075,0.14423291,0.13796122,0.022858994,0.11181209,0.051489715,0.2841015,0.25136712,0.26175183,0.17599148,0.13517106,0.17991214,-0.057910748,0.13078474,0.0856512,-0.00073471136,0.085255645,-0.10545567,0.032049794,0.097544216,0.3724359,0.30097213,0.24997231,0.33226427,0.12953916,0.06814064,0.07542386,0.2508286
0.6117714,0.6045662,0.44498116,0.5911553,0.15890896,0.25448197,0.5644407,0.6430106,0.4735976,0.43159947,0.6326207,0.65991205,0.65072006,0.7264122,0.62540495,0.5911796,0.44884247,1.0,0.5521941,0.5809405,0.3193039,0.16224517,0.5327813,0.61299473,-0.25327194,0.014644127,0.066626176,0.28125992,0.526847,0.7296332,0.52577907,0.5831366,0.6058256,0.6922551,0.20571853,0.31037742,0.20409484,0.46666965,0.26174423,0.34549347,0.21894987,0.2350091,0.21212932,0.24134083,0.23226793,-0.054310612,0.4264765,0.45519623,-0.028817747,0.20040825,-0.1023663,0.109492704,-0.071848914,-0.0066987732,0.15514915,0.40098858,0.41444468,0.47089174,0.30399826,0.07766961,0.16465826,0.14412634,0.111158244,0.35363927,0.073216565,0.12439402,0.35285783,0.25271133,0.40855736,0.25109017,0.44008338,0.5583282,0.37216207,0.646897,0.388276,0.30611232,0.049350698,0.4645342,0.40337962,0.6802616,0.14142425,0.75194186,0.4375883,0.47476736,0.08429027,0.39379182,0.043302353,0.12573166,0.12271538,0.25624397,0.010315601,0.1447141,-0.0058287317,0.107816994,0.031903118,0.10085242,0.13101147,0.28759372,0.064840116,0.16127418,-0.14403202,0.25183913,-0.1752071,0.054647163,-0.04302307,-0.06400517,0.00012313476,0.10470018,0.07016824,0.3273031,0.24304178,0.032763276,0.081436396,0.02319191,0.063204266,0.15027502
0.78011763,0.7277361,0.6365844,0.65339935,-0.020106576,0.13287842,0.641372,0.6367864,0.2591954,0.061248776,0.6566895,0.7013692,0.6151544,0.70747596,0.4840766,0.41089484,0.41687366,0.5521941,1.0,0.8330242,0.05204655,0.16044007,0.4181934,0.402901,-0.46692365,-0.27268764,-0.14550996,0.06805439,0.43122864,0.5374063,0.32058907,0.43168256,0.6898065,0.7942581,0.3033589,0.13904808,0.19505185,0.41827008,0.21356905,0.39177153,0.2875851,0.11283121,0.33684593,0.39244878,0.23017594,0.08554194,0.20463608,0.3000265,-0.0064693824,0.2722847,0.0057733115,0.020547722,-0.15403783,-0.06493582,0.09284359,0.22732385,0.60940915,0.55564016,0.4886799,0.20314966,0.5010483,0.24543579,0.3546911,0.507622,0.25075758,0.15395169,0.5788256,0.4028677,0.6305807,0.3548265,0.26983172,0.3382347,0.12720455,0.42922843,0.07006422,0.025321333,0.1703468,0.4185096,0.2565253,0.42952245,0.20653582,0.38475034,0.2803596,0.14845885,0.23888811,0.08472838,0.016606435,-0.17888485,0.1465759,-0.0115626985,-0.0028118938,-0.008884731,-0.0690976,0.060533497,-0.0569344,0.111576684,0.096195504,0.017782103,-0.09133744,-0.15059325,-0.277677,-0.0058194627,-0.16740121,-0.22864528,0.12856434,-0.2603358,-0.022849824,-0.056053303,0.21326147,0.04026414,-0.060884275,-0.07087847,0.13279949,0.059262227,0.054656215,0.05938346
0.71384096,0.7920136,0.488534,0.5839893,-0.16379856,0.08496856,0.5028933,0.54870963,0.19225045,0.023291083,0.56670684,0.6585165,0.500803,0.65467864,0.42528975,0.44405612,0.25465772,0.5809405,0.8330242,1.0,0.057580244,-0.03319055,0.29966608,0.3040573,-0.5510461,-0.41048145,-0.19658096,0.038139712,0.3189574,0.5243046,0.25739145,0.4142913,0.5864016,0.7340057,0.25075927,0.04842087,0.15422508,0.45657608,0.19924131,0.4096017,0.21031936,0.13279255,0.23017009,0.47012016,0.23223124,0.14747368,0.11640435,0.3029063,0.03745924,0.3956363,0.045007907,0.1037629,-0.28173056,-0.08017065,-0.011604679,0.20195578,0.42672387,0.60214347,0.48939133,0.2676294,0.4998178,0.29273143,0.2654489,0.54022557,0.23891836,0.2977966,0.64030534,0.40756083,0.68408227,0.4753117,0.21322674,0.2740738,0.09370367,0.39726913,0.048462685,-0.032803368,0.17812663,0.41029903,0.15184096,0.38746765,0.13397633,0.46681625,0.32518682,0.22473733,0.16097943,0.10415649,-0.010134381,-0.23525867,0.036871538,-0.07976495,-0.07618855,0.0072730803,-0.07722846,-0.0057707443,-0.17545354,0.032731093,0.0011091275,-0.036907557,-0.1449371,-0.18698524,-0.3940689,-0.061274175,-0.35842824,-0.23308952,-0.021236604,-0.3127782,-0.12391162,-0.10663608,0.050052244,0.042458426,-0.09402844,-0.05802116,0.13681154,-0.0022909362,0.05080041,-0.031753328
0.11596661,0.036133904,0.05958261,0.067242734,0.34038702,0.21772642,0.14953113,0.20986193,0.26895207,0.43148947,0.17351688,0.10429887,0.25106102,0.17462543,0.4004611,0.3170306,0.28326792,0.3193039,0.05204655,0.057580244,1.0,0.05598614,0.23859233,0.2954323,0.26501793,0.30589384,0.349899,0.2691256,0.33036557,0.35113484,0.27248815,0.2409987,0.14270902,0.11409844,0.19098525,0.4256667,0.37072453,0.18226442,0.27066472,0.20489804,0.3156974,0.13301437,-0.08895081,-0.07226241,-0.052649233,0.13656898,0.0711888,0.2869051,0.0923405,0.1445293,-0.040274635,0.1002807,-0.029179038,0.13651405,0.20829141,0.26689583,0.17764972,-0.037209067,-0.11354374,-0.2834388,-0.16611917,0.08321636,0.03080674,-0.184725,-0.10724617,-0.053493377,0.031992726,0.036828946,-0.04414599,-0.059988156,0.40975326,0.17249817,0.4157272,0.2103456,0.19868317,0.13892716,0.14285989,-0.019558486,0.2354741,0.22339551,0.25299448,0.36701447,0.41909057,0.3300351,0.21147935,0.3558417,0.29740483,0.30062854,0.24743433,0.35781804,0.0280283,-0.017093446,-0.19932927,0.00828715,0.2930794,0.1999056,0.222411,0.15871938,0.1893289,0.26486298,-0.09060581,-0.10752247,0.05277797,0.09628696,-0.0005997439,0.16130167,0.024409795,0.18824625,-0.0063422145,0.36624742,0.24585347,0.050111018,0.10547481,0.037051547,0.03303621,0.10591386
0.22306667,-0.018273579,0.34240687,0.2755391,0.5651471,0.39433932,0.3138053,0.34843802,0.46129856,0.3743344,0.30050215,0.2738437,0.352831,0.34231037,0.39405337,0.2782701,0.40064687,0.16224517,0.16044007,-0.03319055,0.05598614,1.0,0.3692261,0.35175362,0.2473553,0.5036028,0.24999411,0.14025986,0.3969969,0.32722247,0.27046812,0.19239205,0.24188933,0.17573623,0.08765247,0.32361588,0.1963087,0.19260114,0.084928304,0.3058676,0.24344552,0.27940217,0.06322489,-0.063375786,-0.046257757,-0.18700519,0.27033088,0.15290946,-0.1367424,-0.2560638,-0.22399427,-0.25908378,0.11125805,0.051541746,0.18453412,0.27884713,0.18905161,-0.057145912,-0.1095994,-0.017975034,-0.26183772,-0.18363571,-0.05047593,-0.05271985,-0.14565627,-0.42928138,-0.19694348,0.02964975,-0.11063585,-0.24698181,0.3542033,0.4140166,0.3238494,0.40817356,0.2495313,0.4359239,0.011308352,0.18851809,0.22755645,0.41895765,0.1067319,0.19966663,0.16908072,0.21899743,0.0673841,0.2712901,0.30834204,0.43087617,0.13131219,0.3508609,-0.010670744,0.22172447,0.15586086,0.23116836,0.2003266,0.09768353,0.17879784,0.26233795,-0.0021729574,0.24820445,0.2909536,0.17759879,0.24499741,0.19310404,0.09443675,0.12284413,0.1646099,0.33397856,0.2867647,0.24300504,0.14070451,0.17919992,-0.08244052,-0.07939433,-0.045045972,0.14495863
0.56063586,0.28745544,0.7269192,0.6805165,0.39141414,0.20334233,0.7726722,0.69137144,0.56699586,0.39219806,0.6681517,0.552626,0.7216097,0.5985737,0.51399213,0.34358275,0.62560755,0.5327813,0.4181934,0.29966608,0.23859233,0.3692261,1.0,0.8337011,0.1949966,0.34199286,0.16728456,0.20046534,0.58147013,0.5950815,0.78218275,0.67954314,0.53011334,0.5679728,0.103434995,0.5168569,0.16245055,0.16753717,0.0036539221,0.2531272,0.2702374,0.28803325,0.014771807,0.002688068,0.060023878,-0.2067155,0.2582285,0.28920972,-0.019749366,0.058439724,-0.18876337,-0.16347206,0.03142984,0.0751852,0.1182289,0.26891765,0.4157619,0.082748964,-0.030749636,0.020785557,-0.0871527,0.061750457,0.04735831,0.115365274,-0.0036490993,-0.1674544,-0.011414857,0.058137886,0.07040921,-0.050470605,0.6004279,0.6329883,0.58015543,0.54212517,0.55839914,0.45891947,0.16076851,0.5367663,0.4348316,0.6163525,0.2613008,0.51949173,0.25406662,0.3347463,0.057213485,0.34530157,-0.0022734508,0.29526943,0.057908993,0.2151243,0.07107447,0.27037758,0.14863107,0.062654346,0.09084757,0.13665767,0.034311492,0.20139968,-0.0060988,0.24058944,-0.00079977326,0.18048927,0.05055127,0.04198698,-0.03678949,-0.051729884,-0.012022652,0.11816833,0.16691051,0.26308438,0.1964484,0.26814878,0.07701883,-0.12007594,-0.058076106,0.12200015
0.49115252,0.3292842,0.70152766,0.69686025,0.40107775,0.28889662,0.7097414,0.7237118,0.5517283,0.5450402,0.5951661,0.5187593,0.6590804,0.6082648,0.5909357,0.47138318,0.57974595,0.61299473,0.402901,0.3040573,0.2954323,0.35175362,0.8337011,1.0,0.15331483,0.36443126,0.28180352,0.24564555,0.6134025,0.6376541,0.7099779,0.6721662,0.48701346,0.5289651,0.184175,0.5025607,0.25613758,0.2208196,0.09563219,0.27832687,0.2657507,0.3050578,0.017038664,0.057332,0.104964934,-0.24101025,0.3472973,0.36804464,-0.10280276,0.032844275,-0.14129455,-0.14139384,0.033392638,0.053346008,0.1929453,0.31409323,0.35169235,0.10408326,0.033800732,0.0508815,-0.085251264,0.07209926,0.10420278,0.119231895,-0.037117247,-0.1434727,0.064102866,0.17011765,0.19617914,0.020453414,0.65071243,0.680014,0.5873006,0.5880402,0.5810056,0.5428057,0.1706884,0.5365959,0.43050143,0.6804147,0.27366757,0.63807553,0.419891,0.5433106,-0.015817266,0.49826652,0.12007373,0.42656198,0.085196,0.40628833,0.11392137,0.27164844,0.08016241,0.08806544,0.1532753,0.1965792,0.12933363,0.3305873,0.07707604,0.29107586,0.065754384,0.24255776,0.09685714,0.14878146,0.05862507,0.07298317,0.15977,0.12102035,0.12124057,0.4090873,0.31968603,0.2281867,0.026076892,-0.12507965,-0.024020756,0.22257154
-0.32252058,-0.6244344,-0.14280139,-0.20419182,0.5978207,0.29296428,-0.092235565,-0.17158304,0.11581201,0.3862626,-0.1516565,-0.37313914,-0.08702346,-0.28740424,0.12675112,-0.010367842,0.139845,-0.25327194,-0.46692365,-0.5510461,0.26501793,0.2473553,0.1949966,0.15331483,1.0,0.76986015,0.5089951,0.2507037,0.11299155,-0.033038102,0.10305238,-0.123305276,-0.20852491,-0.30475304,-0.07463446,0.41770193,0.11068545,-0.25422123,-0.043798245,-0.008819376,0.059763268,0.020460647,-0.38260332,-0.47529206,-0.22818196,-0.11448507,-0.055981807,-0.053867456,-0.023930367,-0.36759552,-0.21984978,-0.2891702,0.21245787,0.24404272,0.18173668,0.062317945,-0.14417405,-0.61584014,-0.46340722,-0.25607148,-0.5887556,-0.23345967,-0.24372298,-0.58413255,-0.29146415,-0.4580682,-0.5637452,-0.35141322,-0.5663419,-0.49460307,0.2365357,0.06822459,0.3149991,0.034005307,0.26986516,0.3407908,0.046351366,-0.08359142,0.11656153,-0.030063625,0.10100448,-0.08575163,0.030081907,0.18039103,0.0836103,0.09706996,0.28356054,0.46994314,0.16603191,0.24076411,0.26278716,0.018349528,0.13282704,-0.0074396306,0.284721,0.02780259,0.087859035,0.19722615,0.2130046,0.32467937,0.44553402,-0.0010187095,0.44525966,0.23909485,0.10645297,0.27745143,0.22914985,0.18386343,0.06677952,0.23338696,0.21858597,0.30538923,-0.17581668,-0.19448198,-0.11703266,0.14030966
-0.16595605,-0.4122456,0.080442645,0.032056775,0.64464676,0.49927577,0.09453196,0.06236021,0.329763,0.5881393,0.014512504,-0.17022437,0.102743626,-0.041583445,0.33969247,0.24836634,0.23558365,0.014644127,-0.27268764,-0.41048145,0.30589384,0.5036028,0.34199286,0.36443126,0.76986015,1.0,0.5495687,0.28360465,0.2762001,0.16949195,0.23963796,0.06472935,-0.050707296,-0.13198629,-0.028584706,0.47945997,0.18758786,0.059544813,0.037295513,0.2112111,0.1490774,0.1512021,-0.25342718,-0.34984037,-0.060819846,-0.17931926,0.19790313,0.114532605,-0.14397967,-0.29662633,-0.23203212,-0.3041502,0.22276905,0.16136746,0.27128038,0.31676352,-0.07582308,-0.43999097,-0.31274173,-0.2030518,-0.5109848,-0.27841112,-0.2477289,-0.40684566,-0.19580756,-0.45322004,-0.46913412,-0.18975087,-0.42030302,-0.49655873,0.36339387,0.32587314,0.42290464,0.25902754,0.34682333,0.44879195,0.012853489,0.09413091,0.17383178,0.22462459,0.066878326,0.13743687,0.24178182,0.39633933,0.0698971,0.29967308,0.4557988,0.65003884,0.23761158,0.5052231,0.22250733,0.14973038,0.10221709,0.14575616,0.305569,0.11191747,0.16503596,0.34940916,0.22319917,0.4176342,0.42329103,0.06638527,0.44399306,0.3126205,0.14092118,0.3867577,0.2865132,0.38342234,0.11803686,0.35355145,0.26298615,0.19896057,-0.16704497,-0.17843522,-0.04818978,0.21689557
-0.10122612,-0.21485119,0.099319205,0.1536278,0.417097,0.6268488,0.1236722,0.16747066,-0.005968102,0.6392846,-0.038499318,-0.14611268,0.02053656,-0.0270169,0.28282985,0.38398376,0.11771092,0.066626176,-0.14550996,-0.19658096,0.349899,0.24999411,0.16728456,0.28180352,0.5089951,0.5495687,1.0,0.63295394,0.16003188,0.24429707,0.18420963,0.1247119,-0.06414771,-0.032214064,0.20277187,0.47060883,0.214128,0.09325654,0.07211929,0.21407154,-0.06261411,-0.039228395,-0.250968,-0.2611122,-0.07880438,-0.14272311,0.16926028,0.18520719,-0.17826515,-0.1056165,-0.15094812,-0.22886837,0.06266073,0.042946804,0.16649514,0.102362014,-0.120931506,-0.4205572,-0.1609597,-0.1443776,-0.21994694,-0.1230657,0.032488454,-0.3168047,-0.017186921,-0.29780397,-0.12423054,0.03881025,-0.12299489,-0.38831857,0.44980606,0.24735987,0.3649496,0.34286126,0.24528928,0.36282316,0.12906936,0.01835762,0.10999057,0.08843207,0.049496204,0.1347353,0.40878984,0.47008964,0.070085555,0.21702202,0.4837971,0.41277927,0.30896446,0.38857368,0.19784681,0.1129247,-0.10776994,0.18244445,0.21029323,-0.033413246,0.15740968,0.2251899,0.21135026,0.0611099,0.2995572,0.022446303,0.28136888,0.2022634,0.23643112,0.39575982,0.3677028,0.07265812,-0.07919028,0.47085184,0.24187756,0.016118255,-0.25439605,-0.1897109,-0.1027498,0.19352755
0.16716543,0.03998363,0.115859866,0.26270926,0.22766891,0.57863414,0.2856406,0.25842682,-0.0031517667,0.48636726,0.2561572,0.05413028,0.2616653,0.17847995,0.4134803,0.43439302,0.2911412,0.28125992,0.06805439,0.038139712,0.2691256,0.14025986,0.20046534,0.24564555,0.2507037,0.28360465,0.63295394,1.0,0.3125479,0.3929125,0.32502756,0.27527213,0.1796788,0.20612793,0.26385534,0.42650577,0.29368013,0.2588604,0.24624619,0.2368598,0.07203467,0.06030428,-0.038314942,-0.09068967,0.051366277,-0.13184775,0.23662123,0.25574523,-0.16469775,0.02231527,-0.11934684,-0.017817015,0.04014223,0.0866959,0.19485486,0.007832688,0.13279702,-0.17890461,0.035132203,-0.08583225,0.04885639,-0.044834986,0.14402004,-0.06492826,0.028395288,-0.13738154,0.06984307,0.13474332,0.04492278,-0.10227035,0.4969879,0.27861807,0.3827367,0.4445252,0.2701092,0.38878533,0.21383606,0.23878956,0.31845284,0.1414006,0.16845913,0.20471612,0.41256973,0.35624376,0.2353229,0.100486256,0.24498329,0.07008735,0.29521373,0.092705205,0.23359978,0.07709739,-0.019646045,0.09203033,0.19022956,0.027764196,0.21600768,0.14912695,0.23136231,-0.0870884,0.095645875,0.14339526,0.08028358,0.102988325,0.19596203,0.18018526,0.18477844,-0.097672105,0.084292635,0.36878476,0.17779319,0.043508273,-0.19797872,-0.011520764,0.02203934,0.20175505
0.5938953,0.3327172,0.50281096,0.45530048,0.4865885,0.28484872,0.6174071,0.54027903,0.63468105,0.4564747,0.71676415,0.5318242,0.7937765,0.660222,0.76243997,0.52966464,0.78449094,0.526847,0.43122864,0.3189574,0.33036557,0.3969969,0.58147013,0.6134025,0.11299155,0.2762001,0.16003188,0.3125479,1.0,0.7100292,0.6168919,0.5835559,0.5425283,0.5471902,0.22751088,0.47258314,0.38678342,0.37163883,0.3831631,0.34644318,0.42362872,0.4173287,0.28167123,-0.019803997,0.16267598,-0.07440449,0.45258382,0.40588906,0.06849642,-0.122831255,-0.23214859,-0.008907363,0.08702162,0.18678208,0.40076846,0.35367504,0.55175084,0.19751692,0.09799203,-0.10571068,-0.02566828,0.056887336,0.08867681,0.13620731,-0.10898663,-0.23403023,0.096434005,0.21497102,0.19389413,0.14690109,0.60257906,0.63044345,0.681259,0.6047952,0.5217555,0.5415176,0.15691638,0.598381,0.63144445,0.4911761,0.42099002,0.4822802,0.46800336,0.36846918,0.31242314,0.3461447,0.08284878,0.16755374,0.30208474,0.2192559,0.20840546,0.06499407,0.058202107,0.030856224,0.37135655,0.35311624,0.3515431,0.32704645,0.253489,0.27443287,0.03147768,0.15758914,0.10056523,0.12899661,0.06834609,-0.043104615,0.10024838,0.18272038,0.27789563,0.3980308,0.35200867,0.32369307,0.063294776,0.036204085,0.12845027,0.30068338
0.6583046,0.49900353,0.5824897,0.56243885,0.38528892,0.4602854,0.6069666,0.6454387,0.50024784,0.5822983,0.68551695,0.6988976,0.77160203,0.79261285,0.7663865,0.769401,0.5935253,0.7296332,0.5374063,0.5243046,0.35113484,0.32722247,0.5950815,0.6376541,-0.033038102,0.16949195,0.24429707,0.3929125,0.7100292,1.0,0.6506703,0.6700669,0.49993816,0.65962666,0.10699257,0.3925292,0.21899173,0.49030355,0.2283784,0.4316328,0.20595907,0.40251708,0.05428034,-0.01722071,0.08095593,-0.09459049,0.39756724,0.3345891,0.063196555,0.07444989,-0.18184069,-0.011051688,-0.036653165,0.06989578,0.1725079,0.26314408,0.41588455,0.23190008,0.23746313,0.020278534,0.08585202,0.06975915,0.081103355,0.18171969,0.0538123,-0.10103336,0.16968106,0.15512718,0.28625837,0.13940848,0.6070651,0.6679054,0.6544824,0.8248462,0.50121,0.41880247,0.09938268,0.57709867,0.50287235,0.64936996,0.25031784,0.6105138,0.5883419,0.5453119,0.1767656,0.26352254,0.13560271,0.106003255,0.17885838,0.15786135,-0.007363023,0.119571544,-0.0085759,0.110830665,0.098869994,0.14188918,0.120691165,0.24480194,0.03928108,0.045702234,-0.124836855,0.16267899,-0.15949807,0.005916681,-0.09327382,-0.18361153,-0.007904209,0.023608182,0.095777154,0.43763283,0.24843836,0.10722358,-0.005993286,-0.09375737,-0.104719356,0.05208396
0.49741638,0.29405078,0.6304874,0.6099514,0.2557008,0.30076602,0.6865335,0.6334077,0.50767,0.45707905,0.6696423,0.54023504,0.7225679,0.57126015,0.5469871,0.46221742,0.5972465,0.52577907,0.32058907,0.25739145,0.27248815,0.27046812,0.78218275,0.7099779,0.10305238,0.23963796,0.18420963,0.32502756,0.6168919,0.6506703,1.0,0.8366371,0.41060174,0.48462558,0.10281754,0.46408325,0.1877173,0.32172748,0.08671134,0.28185678,0.23440331,0.4174948,0.01867465,0.03715339,0.09704548,-0.23714165,0.35964787,0.27253246,0.0055988277,0.036384996,-0.18443835,-0.046155807,0.048713516,0.14755748,0.15209278,0.195596,0.3396737,0.07002451,0.09604263,-0.028810095,0.015747884,0.111868076,0.09356244,0.1592157,0.12040152,-0.1876606,0.057650965,0.12021395,0.15629144,0.10901094,0.6955289,0.68182456,0.715018,0.5776333,0.5944034,0.47924593,0.23232032,0.58667314,0.49517906,0.54919595,0.29154706,0.50721556,0.4065067,0.37113732,0.13061285,0.27714917,-0.029081948,0.15877932,0.124914125,0.12034358,0.05810995,0.23329839,0.07101256,-0.015388021,0.12800011,0.18518484,0.092600115,0.19652088,0.05548237,0.12107442,-0.1384606,0.20165288,-0.08309077,-0.031608768,-0.05552648,-0.083636604,-0.076693244,0.040686682,0.12427663,0.28207242,0.2622228,0.27701733,0.1011016,-0.0745059,0.002690797,0.12278977
