1.0,0.45672584,0.4599376,0.5662091,0.09689724,0.25730464,0.7225191,0.5836421,0.3159028,0.45582986,0.70158815,0.32692343,0.767457,0.15334956,0.28137177,0.33992046,0.54049176,0.45872757,0.78600705,0.5518741,0.35543323,-0.096304834,0.36421484,-0.26226717,-0.069135316,0.13267481,0.29632792,0.026815332,0.53320974,0.40725303,0.18791603,0.44318324,0.6497268,0.41847807,0.65139985,0.6766055,0.34556025,0.018426655,0.44373533,0.5167567,0.5169883,0.46016726,0.35482106,0.44815224,0.3819063,0.18891956,0.3432261,0.4033671,-0.15187979,-0.163787,-0.015261529,-0.48289043,-0.16005553,-0.5074268,0.6754896,0.30426955,0.70679224,0.2377071,0.12558827,-0.16335924,0.5330349,-0.06547348,0.58396775,0.09109504,0.23232639,-0.24999787,0.7079795,0.739315,0.65112495,0.70756775,0.40808022,-0.14885442,0.24965498,0.36613306,0.34284472,0.3932106,0.12943555,0.1386752,0.5423142,0.6589088,0.68587255,0.17344855,0.2610984,-0.22760557,0.48544708,0.30294526,0.16044097,-0.04774726,0.39644536,0.31403932,-0.19832803,-0.39497337,-0.15646815,-0.51608074,0.5990326,0.43301606,0.48255983,0.5329792,0.15450987,-0.102123104,-0.103990085,-0.3916312,0.15268745,-0.09999199,0.26556024,0.29524302,0.18501085,0.26807985,0.34968984,0.3873517,0.604608,0.257006,-0.22178562,-0.033880256,0.5208173,0.49109173
0.45672584,1.0,0.45388734,0.46148816,0.33457348,-0.05693494,0.5406373,0.54009193,0.5130779,-0.075133406,0.46757108,0.7128052,0.6025145,0.56225175,0.029179687,0.29813695,0.52931577,0.6997169,0.43077475,0.7763281,0.006999592,0.1756461,0.13054445,0.24597679,-0.02095675,-0.3464121,0.16582622,0.1663503,0.6337131,0.34382108,0.13882655,0.35431877,0.41448757,0.8081102,0.52931446,0.7047163,0.3602651,0.15174931,0.3653948,0.55362517,0.61746246,0.343439,0.43031874,0.6146623,0.124683455,0.18643863,0.3541825,0.4435238,-0.2147767,0.050124355,-0.29699162,-0.14833404,-0.43322262,-0.050114248,0.5253037,0.4566036,0.28452182,0.8162316,-0.14417596,0.31308365,0.24637909,0.3185393,0.41335756,0.70569664,-0.14855029,0.21526982,0.57405674,0.70210415,0.6778724,0.61878276,-0.116297655,0.23834303,0.5772898,0.20423362,0.2504723,0.555254,0.14984718,0.012237511,0.7256179,0.4394079,0.5669189,0.62178123,-0.0993768,0.11655549,-0.12458473,0.5115849,-0.3749447,0.23047082,-0.07201308,0.5908989,-0.24970537,-0.13894713,-0.23838824,-0.180872,0.49838415,0.3934016,0.42780694,0.5290389,0.22646372,0.16684483,-0.13753688,-0.08215496,0.05012569,0.11134619,0.38973862,0.24162075,0.49136242,0.34837165,0.4433452,0.35234725,0.4565281,0.34225118,-0.09620875,-0.011199888,0.4430886,0.40392515
0.4599376,0.45388734,1.0,0.6827383,0.21865237,0.2915475,0.72282684,0.6485657,0.2634312,0.1909223,0.5550272,0.5969999,0.6883549,0.5935164,0.51303345,0.41792822,0.45491847,0.53113526,0.65632296,0.6440179,0.54468715,0.28528604,0.7515722,0.51446146,-0.01951924,0.11364435,0.27839845,0.09640743,0.74913514,0.61863947,0.47565997,0.55859673,0.43269214,0.5318846,0.6090525,0.6494729,0.48502067,0.37223423,0.6235514,0.6456123,0.5426921,0.41001117,0.53038,0.59923804,0.3142699,0.46466842,0.5622542,0.67840713,-0.09932458,0.06370042,-0.0072465083,-0.18158641,-0.14456593,0.0686629,0.66908807,0.5442365,0.12953015,0.2856286,-0.10829416,0.039220206,0.10959627,0.1539436,0.3559383,0.39353818,-0.018072592,0.11412987,0.6011291,0.6548371,0.3777382,0.4460948,0.48476282,0.5339624,0.63136995,0.55651325,0.5926696,0.6218245,0.43970558,0.41435054,0.50738037,0.49096856,0.59902245,0.5560601,0.48876625,0.37709987,0.2654716,0.5588502,0.05834849,0.25526613,0.28381357,0.6348979,0.08021454,0.26107767,0.017425325,0.1473043,0.49553394,0.65014386,0.6390479,0.67443824,0.4909625,0.52351326,0.27723312,0.17484757,0.31777695,0.441234,0.510145,0.57409275,0.43911698,0.5777669,0.35580578,0.48442122,0.68179053,0.5237932,0.16499096,0.40785155,0.4265533,0.5555112
0.5662091,0.46148816,0.6827383,1.0,0.12934206,0.3360267,0.71938676,0.8473552,0.27117398,0.2632671,0.6169308,0.6741218,0.76071304,0.66929346,0.344882,0.34468743,0.42180917,0.6692452,0.75066084,0.7437407,0.41327456,0.36583814,0.5588947,0.19156872,0.020902658,0.078546464,0.33294654,0.18914023,0.7773676,0.6222314,0.18894531,0.5956372,0.3918176,0.36093214,0.5623676,0.60052943,0.55912477,0.13458307,0.58456135,0.6341163,0.60429776,0.58243346,0.40897098,0.5488103,0.23931642,0.39194125,0.33557445,0.6438037,-0.093120754,0.08818083,-0.078330934,-0.299152,-0.19213134,-0.13454355,0.5267904,0.33136278,0.34496287,0.29617757,0.10707434,0.03244973,0.276565,0.2857364,0.48820275,0.49413162,0.11111505,0.044296242,0.58933866,0.68072534,0.3777706,0.5595754,0.6240776,0.43908754,0.5768512,0.7207843,0.6340741,0.7459358,0.54039556,0.47283795,0.44989675,0.56425047,0.7042905,0.5769122,0.3288614,-0.0032109623,0.26110762,0.549624,-0.00071191037,0.12244475,0.11724892,0.6587564,-0.20849954,0.029700786,-0.28293782,-0.15728335,0.43802306,0.6751011,0.40137535,0.54869473,0.23803559,0.25087672,-0.04312391,-0.027636578,0.04105121,0.13379048,0.37574098,0.5451577,0.35604337,0.5589888,0.44957665,0.20911728,0.72303957,0.42851305,-0.03768514,0.22520553,0.6188423,0.6094491
0.09689724,0.33457348,0.21865237,0.12934206,1.0,-0.25102362,0.24545789,0.19680953,0.81597525,-0.14023082,-0.038754996,0.19093467,0.25716302,0.32959214,0.20014656,0.19425176,0.21061666,0.09874885,0.23287426,0.37758347,-0.17789698,0.27606064,0.08767079,0.27855626,0.2571281,-0.19130136,0.4120846,0.25083688,0.27730978,-0.20170797,0.25444317,0.3754043,0.15309568,0.37997106,0.14151482,0.28605133,0.34536025,0.00653131,0.28403178,0.29585364,0.45888844,0.29142055,-0.12970068,0.0518325,-0.35676673,-0.42401773,-0.17338267,-0.111172825,-0.5958643,-0.44347003,-0.68127155,-0.47918546,-0.72239757,-0.30065528,0.15283196,0.10054172,-0.21872196,0.30956498,-0.41027355,-0.017120657,-0.3986393,-0.13436748,-0.26450518,0.13580294,-0.66164804,-0.20905325,-0.05260394,0.14132515,0.376195,0.30914286,-0.21628621,0.264738,0.5399573,-0.14300305,0.021684902,0.47094825,-0.16635583,-0.34643996,0.209076,0.03532631,0.1168621,0.24024627,-0.108218886,0.2637305,-0.41045415,0.2796861,-0.4008395,0.522453,0.054923233,0.29459363,-0.5959017,-0.31179595,-0.37116054,-0.14277916,0.49223036,0.11916869,0.2412673,0.17292133,-0.24351741,-0.1809714,-0.36466247,0.17301148,-0.014024056,0.13318141,0.14337316,0.29453656,0.026901212,0.2611513,0.32595944,0.314714,0.2156764,-0.18581143,-0.5729691,-0.31989452,0.41894537,0.18589018
0.25730464,-0.05693494,0.2915475,0.3360267,-0.25102362,1.0,0.260456,0.31378424,-0.105050094,0.6135588,0.4609445,0.22302397,0.2892515,0.14930758,0.30770665,0.46471906,0.28288993,0.298755,0.30278096,0.17244256,0.6162862,-0.03505044,0.31954476,0.038829204,-0.0077493866,0.43040115,0.19292767,0.037387203,0.25232008,0.49772766,0.19259071,0.21926339,0.17109238,-0.0071882512,0.11567927,0.18094647,0.0842756,0.25414822,0.3594614,0.17858654,0.111455895,0.10870937,0.25652075,0.25829425,0.28825492,0.20844953,0.30796963,0.41326177,-0.08936534,-0.112398945,0.025014399,-0.22961108,0.1411568,-0.23375605,0.36798072,0.38775668,0.08040521,-0.24873707,-0.1449843,-0.28739238,-0.0056334035,-0.241712,0.1498528,-0.074747495,0.06935396,-0.33432445,0.11847565,0.20563471,-0.09733328,0.034389995,0.56716913,0.1021446,0.04777891,0.5123203,0.3599616,0.16930024,0.25085267,0.32727945,0.05036972,0.3277674,0.2804638,0.16341539,0.44021022,0.12472271,0.35855237,0.17874363,0.5113698,-0.03819974,0.40074468,0.19914843,0.14890583,0.02666075,0.13303927,0.014847647,0.16803296,0.28838697,0.18866333,0.3397313,0.2184915,0.23585907,0.3263212,-0.16484962,0.3042742,0.22558354,0.19895194,0.37423694,-0.012845777,0.29361528,0.03809907,0.20076622,0.28067103,0.28600845,-0.005460427,0.28271154,0.21687318,0.2665453
0.7225191,0.5406373,0.72282684,0.71938676,0.24545789,0.260456,1.0,0.7594363,0.3681044,0.33907756,0.77255183,0.62798285,0.89367115,0.52330136,0.47099933,0.44274974,0.5896705,0.5966543,0.8010183,0.6760557,0.39663264,0.14167444,0.5113797,0.14342912,-0.0048309206,0.1771832,0.32677922,0.16226663,0.7806232,0.5720442,0.38541174,0.5486271,0.6425864,0.5557149,0.7356606,0.7994513,0.48932528,0.21569508,0.58072984,0.65107214,0.53403544,0.5022108,0.55709434,0.7178206,0.28537154,0.33501658,0.5626384,0.6126166,-0.23619817,-0.118233174,-0.10124592,-0.36316228,-0.23752333,-0.2560325,0.7549296,0.5400263,0.41878927,0.24379253,-0.009647629,-0.11294668,0.2938175,0.00049940695,0.527781,0.36896405,0.037777886,-0.07979382,0.68152046,0.7873416,0.5937085,0.672887,0.4732845,0.24133866,0.5795008,0.52004313,0.5321172,0.637079,0.2657244,0.23074955,0.52773696,0.6006789,0.7905507,0.5255504,0.4020379,0.11866348,0.39593437,0.47180372,0.095738456,0.1511809,0.39431804,0.6592294,-0.09615041,-0.06951167,-0.081841595,-0.20952219,0.6344743,0.60040236,0.65248513,0.65467995,0.4116048,0.27458218,0.0965642,-0.027242804,0.2752865,0.21933235,0.49558496,0.5153587,0.41439444,0.5773644,0.47182748,0.40208673,0.6842637,0.4625931,-0.027699392,0.22990021,0.59542114,0.65340996
0.5836421,0.54009193,0.6485657,0.8473552,0.19680953,0.31378424,0.7594363,1.0,0.3761017,0.33005607,0.61268836,0.72258365,0.82170546,0.76165015,0.38050395,0.4840755,0.4562098,0.7253632,0.748835,0.8061162,0.3711182,0.29335243,0.5470142,0.2664294,0.03470174,0.123772554,0.34478414,0.20122765,0.7766804,0.6376053,0.23182112,0.4965821,0.3718908,0.4598347,0.5374771,0.69289654,0.52532333,0.25708362,0.6000973,0.701009,0.66054535,0.6016484,0.39752436,0.6172999,0.19424729,0.33529195,0.35771602,0.67406607,-0.25076824,-0.04962197,-0.20189528,-0.3683065,-0.23681556,-0.16940776,0.5800947,0.43406484,0.24853316,0.29662853,-0.07661571,0.055335514,0.11630139,0.1584636,0.3726922,0.5151733,-0.053821072,-0.054579493,0.5161664,0.7183256,0.42151985,0.5702168,0.47528452,0.42261422,0.57699347,0.6555449,0.6124161,0.751313,0.42228568,0.41089728,0.50141,0.56602716,0.69399256,0.7285652,0.3067475,0.15287049,0.24696305,0.73045367,0.0103149,0.33494753,0.23659511,0.7019317,-0.24314395,-0.074063696,-0.23774686,-0.1679314,0.52981555,0.6906067,0.4250934,0.6577758,0.22806126,0.22163248,-0.019723022,-0.09020483,0.13257882,0.24338073,0.44275182,0.6383377,0.38287815,0.5297136,0.465876,0.3058767,0.7629028,0.40722105,-0.13496831,0.2584964,0.735509,0.61479425
0.3159028,0.5130779,0.2634312,0.27117398,0.81597525,-0.105050094,0.3681044,0.3761017,1.0,-0.016287072,0.09353948,0.25914454,0.43904465,0.37511238,0.16144106,0.27128357,0.28520373,0.23309304,0.3761638,0.5729433,-0.13756637,0.30597258,0.10538913,0.25408116,0.21644104,-0.2660854,0.4654894,0.2562291,0.38337412,-0.15235254,0.21313174,0.41268563,0.19385713,0.49704796,0.22685367,0.41686726,0.37920722,-0.049946126,0.34159526,0.3354271,0.6387724,0.32005563,-0.08205085,0.12869443,-0.37194017,-0.328666,-0.1479676,-0.014138048,-0.63629836,-0.4540215,-0.7184708,-0.58041734,-0.79818726,-0.43885133,0.29439545,0.114089146,-0.07060841,0.47353417,-0.39119,0.030352945,-0.22959696,-0.058844678,-0.08711223,0.22433235,-0.5899294,-0.20841941,0.106689386,0.35579726,0.50835943,0.48698014,-0.19046894,0.21610507,0.5945873,-0.08505638,0.0813341,0.54047513,-0.11293113,-0.32266048,0.38112476,0.14715435,0.22693397,0.30044568,-0.15337299,0.18011132,-0.37752813,0.44041288,-0.4649103,0.4198502,0.07598377,0.34645075,-0.70564735,-0.48605877,-0.5120542,-0.38523152,0.55671203,0.22142667,0.21572879,0.26561803,-0.30284995,-0.25901386,-0.45983142,-0.112436384,-0.12297835,0.00993845,0.107140295,0.31253615,0.036500577,0.20543255,0.4413609,0.3878579,0.3399518,-0.10265885,-0.656978,-0.36619014,0.51421356,0.2435615
0.45582986,-0.075133406,0.1909223,0.2632671,-0.14023082,0.6135588,0.33907756,0.33005607,-0.016287072,1.0,0.48133898,0.08207981,0.3008401,-0.07993431,0.5231792,0.64344305,0.4616377,0.28159952,0.3876578,0.07224533,0.4799497,-0.32177243,0.2923532,-0.20622998,0.1565626,0.66516805,0.27277017,0.17761509,0.13312958,0.4007337,0.3936341,0.25809547,0.42656377,0.04895033,0.21720497,0.29684117,-0.039969895,0.2196831,0.33833036,0.30977824,0.13626762,0.13117667,0.06940568,0.21246143,0.2045515,-0.08803197,0.23711199,0.17532186,-0.3303763,-0.44052136,-0.092405,-0.5219979,0.14699326,-0.48334432,0.33178636,0.37593168,0.37886176,-0.34706607,-0.29484704,-0.48739174,-0.0039745457,-0.5276583,0.03696869,-0.31213903,-0.05296784,-0.6588578,0.12717369,0.28369746,0.062551185,0.2618379,0.50679624,-0.24944057,-0.09879392,0.37018415,0.27581012,0.13855807,-0.08099239,0.13626736,0.04809559,0.42775935,0.2844488,0.008786565,0.51358265,0.04775723,0.5312121,0.11040979,0.6867197,0.094112694,0.6389858,0.182553,0.045515325,-0.24087802,0.19492126,-0.16294172,0.33032632,0.13250151,0.25804695,0.2755356,0.09279254,-0.028668331,0.20689227,-0.2627725,0.36977085,0.059788987,0.19955702,0.24527474,-0.16214374,0.13202588,0.16489501,0.32459575,0.24645695,0.005124075,-0.20728637,0.12632638,0.29296893,0.259893
0.70158815,0.46757108,0.5550272,0.6169308,-0.038754996,0.4609445,0.77255183,0.61268836,0.09353948,0.48133898,1.0,0.6130501,0.74824023,0.3585387,0.42307425,0.41970536,0.68477553,0.61011034,0.7040358,0.5526006,0.4702119,-0.027915198,0.3674574,-0.098348506,0.0010441294,0.30572897,0.20028377,0.14929801,0.6721935,0.635141,0.31077623,0.4728232,0.6506078,0.43850014,0.64655596,0.70498633,0.3487133,0.19960012,0.4958143,0.49838123,0.34267426,0.4181403,0.693811,0.7463431,0.4579121,0.33924812,0.6776638,0.6433089,-0.11162364,-0.019201867,0.030954977,-0.30141288,-0.035633203,-0.23100652,0.69379425,0.59358245,0.5463135,0.14211957,0.02753157,-0.20083968,0.39519823,-0.056441348,0.5995605,0.3236833,0.17340265,-0.13697657,0.64276975,0.7068658,0.477398,0.5685524,0.53166467,0.04087355,0.3640094,0.5647848,0.54996467,0.4756454,0.22904794,0.23890236,0.44049266,0.62876236,0.78655267,0.3811155,0.453808,-0.009095649,0.49881494,0.26418427,0.34404564,0.03277444,0.40922514,0.56089634,0.07862875,-0.022024512,0.043052092,-0.146756,0.4641732,0.5296991,0.5566829,0.62679994,0.5495674,0.29579604,0.24818745,-0.0608781,0.37780574,0.20999455,0.4981669,0.4647085,0.37010986,0.51289505,0.41608456,0.33565235,0.5658604,0.4966352,0.047908768,0.3146848,0.5258384,0.63790184
0.32692343,0.7128052,0.5969999,0.6741218,0.19093467,0.22302397,0.62798285,0.72258365,0.25914454,0.08207981,0.6130501,1.0,0.64042944,0.8154271,0.33240607,0.40603566,0.5703377,0.84777194,0.5583381,0.74651575,0.26059806,0.3121222,0.37869695,0.36969632,0.0035389503,-0.016511753,0.15381059,0.21962894,0.7895701,0.68834454,0.24322075,0.4728587,0.40589312,0.5928728,0.52618194,0.64532435,0.411434,0.308923,0.45791456,0.62857443,0.47526976,0.4485611,0.5732375,0.7448908,0.26570854,0.39849618,0.48587584,0.67082053,-0.13585714,0.13387467,-0.15471864,-0.09729488,-0.22952569,0.13260251,0.51384425,0.5860071,0.17549509,0.46923772,-0.10934174,0.15213473,0.110973276,0.27026945,0.37028584,0.748631,-0.08704612,0.20974368,0.50818413,0.6192792,0.41762426,0.49114442,0.28479812,0.51394457,0.6641596,0.5817555,0.55082935,0.6946734,0.38379118,0.36686248,0.53904504,0.5204303,0.6995716,0.81444067,0.28381398,0.27093104,0.10741925,0.55981225,-0.06349265,0.2911501,0.064860255,0.80707675,-0.03396198,0.18488467,-0.12543799,0.08642205,0.43109506,0.60106343,0.4535431,0.6169733,0.47391027,0.46692538,0.12112468,0.16693237,0.21358326,0.35444275,0.53002995,0.52003855,0.49970934,0.60183704,0.42624688,0.23378754,0.5312782,0.56420696,0.089496836,0.3276994,0.5596268,0.5764697
0.767457,0.6025145,0.6883549,0.76071304,0.25716302,0.2892515,0.89367115,0.82170546,0.43904465,0.3008401,0.74824023,0.64042944,1.0,0.60417515,0.41043672,0.42913225,0.56252813,0.64115065,0.85724443,0.7891502,0.39257237,0.19425982,0.5355277,0.15695165,-0.065227605,0.06462927,0.3557227,0.13547619,0.81471556,0.56404656,0.28172323,0.56119114,0.56087023,0.5749981,0.6677377,0.798732,0.53824645,0.1792358,0.59015894,0.64084727,0.64712715,0.5467023,0.4955068,0.64610195,0.24757998,0.31964955,0.44745284,0.6296042,-0.278629,-0.1047815,-0.17854252,-0.4210092,-0.31381854,-0.29268572,0.7478292,0.46210298,0.3926142,0.32986674,-0.021475645,-0.053795382,0.28503877,0.07120886,0.524029,0.39799178,0.03050063,-0.082844816,0.66106117,0.8167828,0.6095561,0.70334285,0.4567883,0.2873855,0.61516654,0.5314077,0.5615663,0.6862718,0.3210131,0.2422357,0.6154494,0.60491353,0.7951667,0.5707778,0.3403899,0.080691874,0.33047462,0.56469303,0.018831968,0.18770458,0.33002928,0.6277436,-0.21090542,-0.14899461,-0.2041434,-0.2603081,0.64665455,0.65716213,0.5671855,0.6823818,0.30806795,0.18372467,0.019791525,-0.13615215,0.18709038,0.19895542,0.47008738,0.58333534,0.38349804,0.5277211,0.509163,0.38312343,0.7537829,0.4443234,-0.12955119,0.17975833,0.6779665,0.6429105
0.15334956,0.56225175,0.5935164,0.66929346,0.32959214,0.14930758,0.52330136,0.76165015,0.37511238,-0.07993431,0.3585387,0.8154271,0.60417515,1.0,0.2757911,0.3211814,0.28804502,0.66698074,0.5085297,0.77619344,0.20765299,0.5238262,0.46242154,0.59357613,0.05383121,-0.103969224,0.20480382,0.23893426,0.7449057,0.5446929,0.1498779,0.422735,0.13356164,0.48060828,0.33121395,0.5070707,0.5047994,0.3061238,0.48451823,0.5620121,0.538336,0.48084894,0.38332736,0.5597576,0.07299568,0.33321273,0.27983335,0.60319513,-0.17116731,0.12977576,-0.2597771,-0.10110571,-0.31427726,0.2072706,0.3694109,0.4098422,-0.16215387,0.40838,-0.157113,0.20652334,-0.1410731,0.32352722,0.15858594,0.69295293,-0.22273679,0.22996694,0.3052014,0.48288825,0.26127353,0.32686087,0.24005379,0.7463286,0.734453,0.54282874,0.5757938,0.73888344,0.45142442,0.35546398,0.4282763,0.31828025,0.50850606,0.8441208,0.19076431,0.40513876,-0.09060912,0.693991,-0.2226187,0.46426293,-0.050321203,0.71171093,-0.16087137,0.2300983,-0.20553051,0.17568392,0.33400983,0.6415627,0.30504388,0.5405732,0.29649463,0.43106523,0.040197097,0.23538513,0.1048693,0.4628619,0.46814564,0.6455231,0.46798795,0.5805749,0.37311894,0.14283349,0.55877435,0.4500062,0.006491623,0.3378161,0.5843088,0.49955714
0.28137177,0.029179687,0.51303345,0.344882,0.20014656,0.30770665,0.47099933,0.38050395,0.16144106,0.5231792,0.42307425,0.33240607,0.41043672,0.2757911,1.0,0.6020495,0.5286611,0.33319208,0.51058465,0.23998728,0.4421107,0.0923848,0.6480141,0.2823715,0.18677734,0.5374448,0.42685905,0.31825173,0.44999677,0.5148865,0.6573082,0.57269937,0.51936114,0.29791605,0.40876362,0.43855813,0.24266268,0.4010468,0.53633547,0.5061936,0.20990498,0.26419055,0.21396853,0.31779,0.20255372,0.100619085,0.2906344,0.32588702,-0.28417316,-0.29608566,-0.07642173,-0.38213125,0.0055580824,-0.071834914,0.4486635,0.4872385,0.14223522,-0.2010538,-0.34023783,-0.36446577,-0.17568621,-0.35837647,-0.025751062,-0.089472294,-0.17367074,-0.29497138,0.24669905,0.3349989,0.16403416,0.3483075,0.49361727,0.30377942,0.39915544,0.38266057,0.5100083,0.3699562,0.14968532,0.30821478,0.19304614,0.38032627,0.43539622,0.32299688,0.81823266,0.46038094,0.51037353,0.32996324,0.48339924,0.34243393,0.651294,0.47085574,0.18107864,0.15481555,0.18848856,0.19752754,0.4564123,0.36586648,0.5613154,0.45498464,0.37683412,0.33589157,0.3408497,0.23922805,0.50185215,0.3846067,0.46207583,0.48129603,0.0918986,0.39981955,0.3116783,0.4439508,0.38544288,0.23104236,-0.0036436578,0.3598438,0.35435537,0.45117724
0.33992046,0.29813695,0.41792822,0.34468743,0.19425176,0.46471906,0.44274974,0.4840755,0.27128357,0.64344305,0.41970536,0.40603566,0.42913225,0.3211814,0.6020495,1.0,0.52724516,0.5165591,0.37482357,0.39048746,0.4560113,-0.04815737,0.44620246,0.2582528,0.098551966,0.36773235,0.39035448,0.24736668,0.40407646,0.580967,0.5015403,0.33665887,0.4246867,0.4701794,0.35553494,0.57486296,0.15247878,0.53528637,0.5449366,0.5669015,0.34590364,0.19321856,0.20477048,0.45428312,0.18841425,-0.012511822,0.33006927,0.3544552,-0.43450087,-0.39396438,-0.2981833,-0.43683758,-0.123533785,-0.27261126,0.53564453,0.66308033,0.114429876,0.009416014,-0.52841395,-0.0983454,-0.19502476,-0.39637557,-0.0004847009,0.05192829,-0.28623247,-0.46123105,0.22965907,0.45721027,0.30990705,0.38401642,0.26240975,0.14380357,0.2994969,0.37344068,0.35613096,0.40074843,0.047876716,0.22863655,0.3790512,0.4749979,0.39870185,0.48107964,0.49848485,0.48855922,0.328537,0.5248535,0.3739407,0.3938956,0.5948973,0.49033916,0.07465639,-0.10734023,0.16585346,0.04843374,0.49366626,0.24439983,0.48706573,0.4880471,0.24803415,0.2336831,0.24749935,0.017880028,0.5409943,0.4149238,0.47340113,0.4483618,0.20702766,0.3151193,0.19812348,0.5026028,0.38729605,0.1919447,-0.13825704,0.28255796,0.40982836,0.39251697
0.54049176,0.52931577,0.45491847,0.42180917,0.21061666,0.28288993,0.5896705,0.4562098,0.28520373,0.4616377,0.68477553,0.5703377,0.56252813,0.28804502,0.5286611,0.52724516,1.0,0.64811206,0.5648243,0.46588054,0.21877752,-0.16154921,0.32459873,0.05001372,0.16513087,0.26128373,0.3503528,0.31394333,0.584965,0.48806503,0.44188696,0.5260401,0.7353215,0.5883763,0.56297255,0.6835571,0.21028465,0.1914725,0.44710767,0.48258045,0.3177845,0.284843,0.43806037,0.5788862,0.2836058,0.048835795,0.44549304,0.39535698,-0.34611425,-0.30805132,-0.19444622,-0.43406546,-0.20981263,-0.25672892,0.60668623,0.5418393,0.5082773,0.20667174,-0.31044385,-0.25846663,0.1239994,-0.26994655,0.32886207,0.2366866,-0.16899528,-0.23181154,0.47277611,0.58199507,0.49157754,0.61440086,0.28221396,-0.0049243225,0.3834429,0.25668138,0.39451766,0.41744596,-0.024685612,0.073104545,0.5567627,0.57676274,0.7428233,0.41411266,0.48435175,0.22784945,0.40227857,0.3048356,0.2915321,0.24814779,0.53741443,0.5517495,-0.0046941014,-0.13502106,0.043854292,-0.07193219,0.58602035,0.25480035,0.5762415,0.4762926,0.3527736,0.12849243,0.15532611,0.06324415,0.4013017,0.1788749,0.49724755,0.31281474,0.15460134,0.3609168,0.40467593,0.42244843,0.41702408,0.18213853,-0.13674703,0.100500636,0.42674133,0.45295995
0.45872757,0.6997169,0.53113526,0.6692452,0.09874885,0.298755,0.5966543,0.7253632,0.23309304,0.28159952,0.61011034,0.84777194,0.64115065,0.66698074,0.33319208,0.5165591,0.64811206,1.0,0.5569375,0.7150552,0.31804618,0.11800194,0.34981272,0.18314415,0.017036254,0.09545484,0.16427584,0.16869417,0.729645,0.7251636,0.24653171,0.40458623,0.52025545,0.61947143,0.55695194,0.6964837,0.3618902,0.38500208,0.4969893,0.68606013,0.5283886,0.47100133,0.43307078,0.6665306,0.32509604,0.29047242,0.39699277,0.64803964,-0.1699938,-0.039551713,-0.15188415,-0.24193335,-0.11847276,-0.052745733,0.56333107,0.5697116,0.36785015,0.43531296,-0.13196483,0.029781032,0.17017813,0.12685208,0.35653257,0.5847161,-0.013079084,0.010677997,0.54724187,0.6888693,0.46208036,0.5602474,0.32015416,0.321602,0.5017094,0.5946281,0.55500257,0.6397728,0.37301555,0.40934998,0.5982689,0.67028195,0.7277629,0.73513573,0.2614863,0.15219055,0.23803115,0.5430823,0.072092496,0.20351036,0.18736394,0.70026433,-0.05052927,-0.010173034,-0.068044245,-0.06155011,0.4782926,0.4794198,0.4645097,0.6279233,0.31754673,0.30477494,0.1266427,-0.023381576,0.23197423,0.24325839,0.48752138,0.41730696,0.41009653,0.50172293,0.32726938,0.3270881,0.5783318,0.4381154,-0.017888645,0.21991882,0.52692914,0.46309683
0.78600705,0.43077475,0.65632296,0.75066084,0.23287426,0.30278096,0.8010183,0.748835,0.3761638,0.3876578,0.7040358,0.5583381,0.85724443,0.5085297,0.51058465,0.37482357,0.5648243,0.5569375,1.0,0.6983671,0.4104622,0.1647701,0.6340114,0.086396806,0.017706731,0.22265764,0.38440734,0.20802906,0.72937405,0.55952024,0.33543387,0.67025423,0.6223909,0.45061755,0.6202741,0.69460154,0.45205885,0.0899196,0.5464956,0.5960185,0.5769585,0.57110757,0.43583795,0.5419077,0.2899132,0.26147333,0.3869541,0.5319445,-0.22877973,-0.1466746,-0.123453334,-0.49846804,-0.24131192,-0.29576457,0.6387486,0.3803599,0.44628724,0.17142934,0.0074219177,-0.25675568,0.26738045,-0.034497283,0.44790316,0.20908703,0.054835837,-0.16398267,0.6365519,0.7059427,0.585133,0.705325,0.57503885,0.252663,0.54751444,0.54886395,0.54013926,0.61439073,0.25091293,0.27931663,0.44654208,0.6234123,0.7624797,0.42514673,0.48020223,0.066928245,0.4533382,0.4679325,0.15640795,0.1456035,0.39757857,0.5301127,-0.19583394,-0.13174428,-0.2033071,-0.2593307,0.65264755,0.6484627,0.5242413,0.6078315,0.28556007,0.14261726,-0.028382668,-0.10817474,0.17699164,0.1557009,0.40107024,0.5573864,0.22278357,0.45748836,0.51475006,0.38178936,0.71775854,0.38068777,-0.17156751,0.162647,0.6454208,0.610228
0.5518741,0.7763281,0.6440179,0.7437407,0.37758347,0.17244256,0.6760557,0.8061162,0.5729433,0.07224533,0.5526006,0.74651575,0.7891502,0.77619344,0.23998728,0.39048746,0.46588054,0.7150552,0.6983671,1.0,0.23249921,0.37276027,0.4407165,0.3752408,0.016162755,-0.16899906,0.34895873,0.22070868,0.82917655,0.48518118,0.21020646,0.5351481,0.36602908,0.6902348,0.5361096,0.73613656,0.5847636,0.17547753,0.60396004,0.6425747,0.78284556,0.57546395,0.42801,0.603183,0.15550056,0.2759854,0.3166225,0.6127624,-0.24723259,0.03217929,-0.31415093,-0.3210338,-0.46177354,-0.11160833,0.6106093,0.417661,0.17471358,0.63343143,-0.10820375,0.20394,0.15255432,0.30582944,0.42163432,0.6562246,-0.1477837,0.0978252,0.59136313,0.7698501,0.6348395,0.64403045,0.21993223,0.4836785,0.7347473,0.4897733,0.4926913,0.786087,0.37538886,0.24633543,0.66504574,0.4906669,0.664761,0.6965972,0.11434763,0.17125538,-0.030891411,0.72482544,-0.27476355,0.30973428,0.024056641,0.675709,-0.34163898,-0.11300772,-0.35036543,-0.18512496,0.57577235,0.6680495,0.43541783,0.64023787,0.22675599,0.1994604,-0.11798428,-0.08041554,0.058581453,0.24119174,0.4595857,0.5786749,0.47100922,0.4833566,0.5247368,0.3609308,0.7112984,0.39345333,-0.16986263,0.13532162,0.68480265,0.5887309
0.35543323,0.006999592,0.54468715,0.41327456,-0.17789698,0.6162862,0.39663264,0.3711182,-0.13756637,0.4799497,0.4702119,0.26059806,0.39257237,0.20765299,0.4421107,0.4560113,0.21877752,0.31804618,0.4104622,0.23249921,1.0,0.14633317,0.5703443,0.18025184,-0.18344732,0.29541633,0.15535146,-0.09829227,0.34137025,0.6100256,0.27769893,0.25887123,0.2801654,0.12355321,0.27282068,0.32995468,0.2128784,0.4798845,0.46438405,0.36927807,0.1833203,0.2995739,0.30837643,0.27620575,0.44917262,0.32126847,0.40220335,0.59541273,0.0033298582,-0.013798076,0.1452437,-0.15239541,0.18448329,-0.12827049,0.5372908,0.4725004,0.08978525,-0.18744193,-0.037109084,-0.24678399,0.05187689,-0.1348284,0.17786275,-0.07759922,0.18830425,-0.22374289,0.3033922,0.3723178,0.036694575,0.098957635,0.63158303,0.2696192,0.17169046,0.56603205,0.45374447,0.23664044,0.3695609,0.5133703,0.18466511,0.470854,0.31213105,0.22458492,0.5346497,0.18846783,0.47582036,0.31400833,0.46826628,-0.018527739,0.43469918,0.3153275,0.2862759,0.18234469,0.20132282,0.15137015,0.2227829,0.39375848,0.44727305,0.5409683,0.391343,0.38196942,0.4168962,-0.037275773,0.42606717,0.38692737,0.275484,0.4641878,0.1976048,0.3762237,0.0031832927,0.42962033,0.5132109,0.40664542,0.15954843,0.39548722,0.13566594,0.35981545
-0.096304834,0.1756461,0.28528604,0.36583814,0.27606064,-0.03505044,0.14167444,0.29335243,0.30597258,-0.32177243,-0.027915198,0.3121222,0.19425982,0.5238262,0.0923848,-0.04815737,-0.16154921,0.11800194,0.1647701,0.37276027,0.14633317,1.0,0.27726826,0.4288974,0.03768953,-0.38661245,0.128446,0.097354926,0.36758444,0.11789009,-0.09536127,0.28058213,-0.21210034,0.11562354,0.021545492,0.090156406,0.5177578,0.11934468,0.3580939,0.23028533,0.2711324,0.37531865,0.012280309,0.09698408,-0.037828166,0.2558357,0.00632184,0.3364146,0.020065306,0.24734052,-0.14624633,0.022601418,-0.2701352,0.27664134,0.11680559,0.06534804,-0.3020948,0.30015695,0.10616259,0.26137975,-0.12193558,0.42954126,-0.04156162,0.34769315,-0.11155414,0.29420084,0.097637095,0.19950648,0.07622684,0.1458514,0.12608393,0.6875696,0.5717402,0.2739456,0.31327835,0.48581624,0.44488376,0.25584662,0.06523705,0.010853371,0.09000718,0.35379398,0.06461334,0.18052065,-0.2705347,0.39093176,-0.38536814,0.1594815,-0.2509119,0.37609047,-0.22074096,0.31902632,-0.35948873,0.18632855,0.072635084,0.36926046,0.09477091,0.22199024,0.07024045,0.3109208,-0.12574102,0.30775553,-0.10120424,0.32268676,0.12545434,0.42714068,0.23802507,0.4107464,0.25350127,0.07923611,0.2913648,0.19708306,-0.011474071,0.09509407,0.17018214,0.18114999
0.36421484,0.13054445,0.7515722,0.5588947,0.08767079,0.31954476,0.5113797,0.5470142,0.10538913,0.2923532,0.3674574,0.37869695,0.5355277,0.46242154,0.6480141,0.44620246,0.32459873,0.34981272,0.6340114,0.4407165,0.5703443,0.27726826,1.0,0.51459974,-0.0772873,0.26086485,0.2939009,0.11254361,0.56519175,0.6174088,0.4628347,0.5547252,0.3237487,0.32044575,0.43432552,0.49459884,0.29657817,0.32056606,0.5369668,0.49135518,0.35437325,0.3400671,0.3211968,0.35605028,0.3196635,0.4123465,0.38499963,0.5693893,-0.04848399,0.0272393,0.092715144,-0.19966978,0.032969803,0.11052303,0.5445424,0.40762973,0.07479867,-0.018560855,-0.124743484,-0.10728955,-0.018951872,-0.038800947,0.17516711,0.05033832,0.034798283,-0.004563569,0.43170184,0.45048943,0.22946076,0.35036892,0.5555493,0.50182503,0.48067,0.51307636,0.54012346,0.4432247,0.36356935,0.50308585,0.2940428,0.41954333,0.4626188,0.4323484,0.694106,0.47729006,0.48424685,0.5747965,0.26506454,0.25321713,0.43455443,0.42901403,0.2136281,0.3220743,0.08194719,0.24666803,0.4053642,0.5545235,0.533083,0.53324175,0.42987433,0.4642313,0.29951507,0.20651786,0.3741369,0.4723589,0.43996835,0.57140225,0.2539594,0.3558435,0.29020488,0.4780164,0.64657265,0.391459,0.15905693,0.4808793,0.30643117,0.46816605
-0.26226717,0.24597679,0.51446146,0.19156872,0.27855626,0.038829204,0.14342912,0.2664294,0.25408116,-0.20622998,-0.098348506,0.36969632,0.15695165,0.59357613,0.2823715,0.2582528,0.05001372,0.18314415,0.086396806,0.3752408,0.18025184,0.4288974,0.51459974,1.0,-0.009792273,-0.1612976,0.19099793,0.13236403,0.3484407,0.24283147,0.3467652,0.23773837,-0.11923606,0.39397615,0.07868746,0.21858205,0.21237788,0.33697477,0.283199,0.23038407,0.25904295,0.053007115,0.20018384,0.21895227,-0.09877912,0.24359994,0.20214875,0.3100715,-0.108224824,0.10712651,-0.17293863,0.10103148,-0.25231376,0.40520364,0.21188553,0.31571972,-0.5462475,0.23818663,-0.3916545,0.22955753,-0.42721146,0.1749898,-0.17751828,0.3612383,-0.38140512,0.30675584,0.024915338,0.13219188,-0.0029363998,-0.02113938,-0.059052397,0.7097437,0.5410794,0.11783176,0.25204507,0.32917884,0.2429397,0.19263516,0.24197707,-0.031428106,0.041200038,0.5585655,0.22729698,0.7741607,-0.20572606,0.59756887,-0.23048608,0.4537712,0.0061899824,0.38500413,0.13109748,0.4179906,0.060722534,0.48436314,0.14381951,0.32575324,0.26426193,0.2783248,0.2917218,0.4810354,0.21785118,0.37965336,0.20493871,0.57543135,0.32582477,0.4123344,0.29341263,0.18863821,0.13118787,0.26028872,0.23130915,0.2525036,0.18620826,0.388231,0.07108945,0.17925487
-0.069135316,-0.02095675,-0.01951924,0.020902658,0.2571281,-0.0077493866,-0.0048309206,0.03470174,0.21644104,0.1565626,0.0010441294,0.0035389503,-0.065227605,0.05383121,0.18677734,0.098551966,0.16513087,0.017036254,0.017706731,0.016162755,-0.18344732,0.03768953,-0.0772873,-0.009792273,1.0,0.22634327,0.21496238,0.2806266,0.00072443316,-0.115855716,0.20498106,0.12805475,0.14061491,0.029122608,-0.0037940564,-0.03489824,0.14338224,0.013428505,0.14485404,0.15426974,0.09788362,0.03171593,-0.09407588,0.030051146,-0.10718388,-0.2355102,-0.06922984,-0.17968784,-0.24500817,-0.24927895,-0.26724827,-0.272527,-0.0906147,-0.060294185,-0.118844956,0.051433556,-0.03996696,-0.044155113,-0.30134022,-0.23818813,-0.22894825,-0.1733812,-0.28102657,-0.0716778,-0.36886635,-0.24346972,-0.11727142,-0.040844467,-0.04125421,0.07527849,0.008809597,0.010198942,0.032916084,-0.026098557,0.03128235,0.10752944,-0.075145744,-0.12381749,-0.06890082,-0.0124366395,-0.008612311,-0.04503289,0.0613067,0.18598038,-0.14822388,-0.06780141,0.06903307,0.391829,0.09511516,0.028457223,-0.16413945,-0.021765001,0.11712098,0.07113415,0.10811941,-0.061361283,0.015078342,-0.054707777,-0.09080879,-0.032756373,-0.05802192,0.19160843,0.08537176,0.097850114,0.15559788,0.09758508,-0.07420331,0.14518772,0.10721636,0.031436153,-0.105233766,-0.24307184,-0.24209246,0.007724294,0.14021511,-0.018112238
0.13267481,-0.3464121,0.11364435,0.078546464,-0.19130136,0.43040115,0.1771832,0.123772554,-0.2660854,0.66516805,0.30572897,-0.016511753,0.06462927,-0.103969224,0.5374448,0.36773235,0.26128373,0.09545484,0.22265764,-0.16899906,0.29541633,-0.38661245,0.26086485,-0.1612976,0.22634327,1.0,0.121734716,0.19114414,0.0014319434,0.3150104,0.4661682,0.19664863,0.3172869,-0.15972567,0.14293939,0.059806902,-0.11980342,0.2231561,0.11016864,0.15705606,-0.116109,0.027113844,0.10645211,0.16531129,0.17586273,-0.038839284,0.23078391,0.07841891,-0.1120551,-0.31423596,0.08228758,-0.2739223,0.35923654,-0.1751918,0.09129149,0.267536,0.16634788,-0.55373514,-0.18876648,-0.55257016,-0.13480502,-0.5129749,-0.07010442,-0.3313486,0.0083239535,-0.46923852,-0.023245005,-0.007016802,-0.15992728,-0.021926742,0.4557017,-0.17284408,-0.2175884,0.2840526,0.20928237,-0.049155686,-0.07486788,0.17224506,-0.25219744,0.17101468,0.15219238,-0.059646674,0.55264246,0.14643323,0.53377366,-0.11222809,0.7170736,0.10180602,0.5133411,0.03083837,0.26394626,0.036332298,0.4016087,0.05197456,0.11056554,0.12415733,0.18639176,0.18505427,0.2073265,0.12933539,0.29985276,0.06421418,0.3769509,0.15785022,0.15988469,0.16241072,-0.10573096,0.13060406,0.011140257,0.15202768,0.084373996,0.048962597,0.020555904,0.2729072,0.13149142,0.16565134
0.29632792,0.16582622,0.27839845,0.33294654,0.4120846,0.19292767,0.32677922,0.34478414,0.4654894,0.27277017,0.20028377,0.15381059,0.3557227,0.20480382,0.42685905,0.39035448,0.3503528,0.16427584,0.38440734,0.34895873,0.15535146,0.128446,0.2939009,0.19099793,0.21496238,0.121734716,1.0,0.33168238,0.32673728,0.1286454,0.22905491,0.5034084,0.30966806,0.26635632,0.23089676,0.36547974,0.25344324,0.03931949,0.37970454,0.29463804,0.31795394,0.24508205,0.032107882,0.16163726,-0.13822086,-0.22592874,0.0128105935,0.11438991,-0.42203322,-0.35076374,-0.39883554,-0.43898302,-0.41160238,-0.33438563,0.2588813,0.16126604,0.019990997,0.036797937,-0.31166106,-0.19009556,-0.13570362,-0.23358847,-0.06412053,-0.010525212,-0.36818516,-0.32269293,0.11080473,0.26825592,0.26908287,0.33683646,0.15158829,0.101222806,0.34558266,0.082767814,0.15610059,0.3806898,-0.028516872,-0.025080333,0.26118833,0.24281423,0.30299687,0.20871457,0.24953245,0.23853791,0.05172718,0.3479542,0.016907271,0.30328947,0.33766598,0.24431793,-0.31514204,-0.28614953,-0.19173244,-0.17992789,0.51433516,0.23193714,0.3459595,0.26179165,-0.09553699,-0.14497375,-0.19389631,0.029226525,0.0912749,0.072674625,0.15348184,0.2991316,-0.064618096,0.20506926,0.35721746,0.3478213,0.39843845,-0.07283139,-0.380729,-0.059697222,0.4365832,0.3215818
0.026815332,0.1663503,0.09640743,0.18914023,0.25083688,0.037387203,0.16226663,0.20122765,0.2562291,0.17761509,0.14929801,0.21962894,0.13547619,0.23893426,0.31825173,0.24736668,0.31394333,0.16869417,0.20802906,0.22070868,-0.09829227,0.097354926,0.11254361,0.13236403,0.2806266,0.19114414,0.33168238,1.0,0.1600516,0.09670385,0.24297689,0.5266539,0.1446967,0.1421469,0.035894588,0.16213593,0.11354334,0.04045622,0.30715886,0.18799649,0.03605328,0.14607821,0.071700424,0.21898754,-0.1651069,-0.18606195,0.06320122,-0.031707004,-0.20846342,-0.15197942,-0.2518698,-0.22035052,-0.16264205,0.0011730762,0.065236986,0.15287091,-0.009750114,0.0518265,-0.26745582,-0.11363891,-0.17671442,-0.17778452,-0.0056907684,0.14498305,-0.2931319,-0.15917371,-0.056845594,0.05596402,0.14249973,0.1747153,0.08514262,0.09207352,0.23594326,0.07579571,0.2862426,0.23433273,-0.053271286,-0.017498232,0.04532121,0.037498936,0.1790351,0.21053992,0.22841543,0.22744913,0.014615472,0.13540924,0.10065124,0.2971758,0.18032576,0.22400533,-0.10208981,-0.031890273,-0.04650479,-0.0025407004,0.17077756,0.124774754,0.16351469,0.07138568,-0.021437,0.03899332,-0.13737515,0.14023842,0.1732524,0.16648717,0.2863441,0.18357927,0.059767004,0.21994635,0.29952872,0.048515964,0.07140751,-0.053264167,-0.16961572,0.034734875,0.33493352,0.18887816
0.53320974,0.6337131,0.74913514,0.7773676,0.27730978,0.25232008,0.7806232,0.7766804,0.38337412,0.13312958,0.6721935,0.7895701,0.81471556,0.7449057,0.44999677,0.40407646,0.584965,0.729645,0.72937405,0.82917655,0.34137025,0.36758444,0.56519175,0.3484407,0.00072443316,0.0014319434,0.32673728,0.1600516,1.0,0.6310423,0.30193543,0.5901964,0.4821596,0.62989706,0.64637923,0.7542313,0.5871628,0.22893411,0.62790173,0.6494486,0.6364131,0.5433438,0.5226393,0.6635286,0.30830857,0.397305,0.46065557,0.72032875,-0.18448003,0.05125491,-0.15064037,-0.26659894,-0.30500698,0.005504567,0.6705236,0.49823505,0.2607213,0.45142758,-0.012047434,0.07422882,0.19739099,0.23708661,0.4709533,0.5869052,-0.030855983,0.1163116,0.6531527,0.76432526,0.54173666,0.62968534,0.42375246,0.53707004,0.7863656,0.58501637,0.64079475,0.7928509,0.46873742,0.38080245,0.6236771,0.55133903,0.8219046,0.6971643,0.38837972,0.21036938,0.19346708,0.618992,-0.08468447,0.23456104,0.14786027,0.7642747,-0.13585688,0.10439503,-0.23044865,-0.032770135,0.5704294,0.66985387,0.5393999,0.62557596,0.4483646,0.3979663,0.10102747,0.12238639,0.17222652,0.30392465,0.5343255,0.60413045,0.4709502,0.61431795,0.5202449,0.3311497,0.72001404,0.48284274,0.040548198,0.28105673,0.6001552,0.668344
0.40725303,0.34382108,0.61863947,0.6222314,-0.20170797,0.49772766,0.5720442,0.6376053,-0.15235254,0.4007337,0.635141,0.68834454,0.56404656,0.5446929,0.5148865,0.580967,0.48806503,0.7251636,0.55952024,0.48518118,0.6100256,0.11789009,0.6174088,0.24283147,-0.115855716,0.3150104,0.1286454,0.09670385,0.6310423,1.0,0.2973931,0.3748822,0.47905934,0.37463185,0.54638255,0.59402186,0.2992934,0.5378784,0.53738534,0.62544954,0.27125698,0.37061796,0.56523067,0.66572744,0.60336155,0.5393992,0.6100548,0.7316779,0.118531026,0.17850712,0.24619189,-0.019928852,0.25341955,0.15352975,0.58886915,0.6542205,0.30874297,0.04349561,0.010103932,-0.02957454,0.22803764,0.027964994,0.40464064,0.31915295,0.27641952,0.030051239,0.5855776,0.56585044,0.26104906,0.35577974,0.61090183,0.38642123,0.34904006,0.75781995,0.6230085,0.4344713,0.50551796,0.6855054,0.4223486,0.6879544,0.6685543,0.6250209,0.6085823,0.29260617,0.60502446,0.4762003,0.42002848,0.1177054,0.37777913,0.5645255,0.39998507,0.32301182,0.26132095,0.21865067,0.33172232,0.53445107,0.53517485,0.60856575,0.6171798,0.57363343,0.45975462,0.10015528,0.5085275,0.4552939,0.55984086,0.50537944,0.43057683,0.5196121,0.14640689,0.2789769,0.5349865,0.62460774,0.35526925,0.6008682,0.37317502,0.51947117
0.18791603,0.13882655,0.47565997,0.18894531,0.25444317,0.19259071,0.38541174,0.23182112,0.21313174,0.3936341,0.31077623,0.24322075,0.28172323,0.1498779,0.6573082,0.5015403,0.44188696,0.24653171,0.33543387,0.21020646,0.27769893,-0.09536127,0.4628347,0.3467652,0.20498106,0.4661682,0.22905491,0.24297689,0.30193543,0.2973931,1.0,0.41682428,0.48258263,0.44108233,0.45985812,0.4388533,0.15529947,0.3238871,0.3912368,0.46522957,0.2583883,0.056327056,0.3067446,0.3715968,0.0757311,0.05941129,0.37124842,0.19317496,-0.31570086,-0.31911337,-0.13527858,-0.35106915,-0.097247206,-0.08488012,0.4004851,0.5288469,0.07090051,-0.035109505,-0.46246493,-0.29841086,-0.17338316,-0.30841133,-0.018650835,-0.0014862486,-0.29747817,-0.2170865,0.24693602,0.3160991,0.24697897,0.30688906,0.21277818,0.1664053,0.28263468,0.17483158,0.26427394,0.22977285,0.04626214,0.073530525,0.14458826,0.29513067,0.2782193,0.22318321,0.5298413,0.47310573,0.28035975,0.23103182,0.30704698,0.32926583,0.50941736,0.3802083,0.15918897,0.062179655,0.25760245,0.12434938,0.436249,0.25756603,0.5153223,0.37592483,0.35336965,0.29209712,0.3006845,0.16015969,0.4730668,0.3106662,0.41482976,0.3128084,0.1783633,0.19556965,0.29857838,0.4370088,0.22502808,0.16468672,-0.015395267,0.27709055,0.21441962,0.33065772
