1.0,0.81127006,0.7450912,0.7443201,0.068388246,0.022836188,0.59584713,0.72477543,0.17508306,0.100663476,0.7790689,0.70107365,0.7619127,0.69333416,0.09746969,-0.009162894,0.755616,0.69347584,0.7565215,0.8507687,0.02281532,0.13191102,0.65083927,0.47637263,-0.034795504,-0.05574398,0.11367259,0.14928174,0.65295064,0.29764485,0.43849546,0.4988869,0.7058132,0.7385947,0.19750515,0.1391528,0.23422903,0.34501526,0.4561413,0.6065883,0.034465373,0.2219495,0.485033,0.5194543,0.27358514,0.22286776,0.5326149,0.59931415,0.13701025,0.27315024,0.226812,0.25573438,0.28130648,0.25537562,0.48386657,0.5804722,0.82494795,0.7074627,0.271049,0.24091874,0.77092904,0.54631656,0.47225344,0.39901012,0.18698543,0.21982525,0.42214534,0.52255964,0.7188728,0.66815674,0.24217716,0.56195897,0.43046162,0.49366462,0.32545868,0.27616084,0.50603306,0.0442717,0.69665956,0.51216924,0.74739075,0.40047824,0.14201242,-0.056501683,0.29584864,0.1610143,-0.16763161,0.19150826,0.19928016,0.35231918,0.14552267,0.30225152,-0.095170505,0.37766707,0.46332183,0.595181,0.58987206,0.50296354,0.5439087,0.39421907,0.3740046,0.08360442,0.2636295,0.15462267,0.37193063,0.23899847,0.40273643,0.41187412,0.41796777,0.4066099,0.6069735,0.50419825,0.33149594,0.36557984,0.36202624,0.4089259
0.81127006,1.0,0.6813454,0.6696189,0.20075105,0.0849687,0.65674967,0.70116293,0.29730943,0.091356695,0.79701567,0.70542735,0.76474166,0.75239766,0.1496888,0.07790653,0.80100554,0.70178336,0.78232616,0.8485763,-0.055143714,0.19253154,0.6469977,0.5627135,0.074934326,-0.047230497,0.16245611,0.16549808,0.70045817,0.2469255,0.3243166,0.49616274,0.6781458,0.66471523,0.30495486,0.20752467,0.1978622,0.23646122,0.45023242,0.52051765,0.17228289,0.21623766,0.4519851,0.51269937,0.19214174,0.22017515,0.46564254,0.5262164,-0.043219663,0.2828647,-0.008128124,0.2678861,0.16389257,0.2401281,0.40637502,0.5552811,0.63766736,0.7793178,0.14558184,0.18693165,0.6933617,0.5152847,0.37873614,0.54978377,0.0043913517,0.3360674,0.45233977,0.50610304,0.69828886,0.5891327,0.1880009,0.648752,0.41101602,0.45457485,0.34463653,0.29204363,0.5478975,-0.07283524,0.67962974,0.4324467,0.637795,0.5473449,0.16080834,0.13459317,0.2635374,0.31912142,-0.1862144,0.29329264,0.21629713,0.4764575,0.08815503,0.34365135,-0.17355815,0.39907843,0.40438965,0.58133096,0.55450934,0.5006223,0.5111901,0.45707643,0.28072152,-0.030156996,0.29448807,0.19449586,0.34026238,0.26598966,0.48266414,0.4192475,0.44422016,0.4618349,0.5909883,0.5393246,0.33157438,0.43663016,0.44716877,0.45781705
0.7450912,0.6813454,1.0,0.8150403,0.2914818,0.23995654,0.7575831,0.753871,0.427046,0.2481385,0.74354154,0.67428535,0.73967427,0.71116346,0.32817653,0.210782,0.7416221,0.6984761,0.7689606,0.7452585,0.06214113,0.33890533,0.7721054,0.674223,0.19303484,0.13859898,0.2607337,0.26006234,0.67805266,0.43362147,0.39261335,0.53497064,0.76427424,0.7974755,0.5151769,0.41213882,0.37234816,0.44400495,0.59228265,0.66117847,0.27234218,0.3378382,0.5150714,0.5947348,0.32306814,0.12914038,0.56431544,0.6887466,-0.067135096,0.13486455,0.10572852,0.28176257,0.36864474,0.21731861,0.6073986,0.6916509,0.63244677,0.57769924,0.016654372,0.03300483,0.60989666,0.40488157,0.5178859,0.5065379,0.14091174,0.22978306,0.61629647,0.6707384,0.59549475,0.6290628,0.36969772,0.7461218,0.56132936,0.63150084,0.44456318,0.5054356,0.5684323,0.21831894,0.4933685,0.48880553,0.7763207,0.51443094,0.41163138,0.27533638,0.5887256,0.37246737,0.07757367,0.24193087,0.45027116,0.4504223,0.3532279,0.42701584,0.09968542,0.547011,0.5010911,0.6353909,0.665483,0.66325146,0.6345264,0.6082603,0.54252994,0.21580957,0.4576261,0.42652336,0.5630738,0.4762136,0.4921701,0.52604693,0.47661707,0.5461927,0.67884886,0.6577319,0.37545022,0.564968,0.46464905,0.6098639
0.7443201,0.6696189,0.8150403,1.0,0.26992705,0.2958413,0.7342934,0.7703329,0.4093293,0.26104325,0.7067182,0.6526541,0.6966674,0.6754866,0.31060585,0.2013771,0.6581184,0.68099594,0.74850005,0.7082327,0.054046474,0.26175016,0.74054825,0.66127574,0.15142307,0.16542855,0.32163253,0.26635787,0.62707466,0.41234368,0.3764951,0.5177287,0.7327479,0.78253084,0.5182637,0.43021092,0.43880805,0.54509836,0.58188885,0.6603144,0.26320323,0.40983826,0.47217423,0.53802395,0.33525145,0.05704328,0.53313667,0.626134,-0.15297143,0.042348333,0.077229716,0.15001106,0.32962584,0.15381348,0.59828013,0.6840585,0.61593944,0.53509575,-0.050683863,-0.05184667,0.5603693,0.34555525,0.47356483,0.46268812,0.08247257,0.16429706,0.589194,0.6955143,0.5619225,0.60010815,0.44128048,0.71092874,0.49832928,0.60499173,0.46419346,0.45816556,0.5330129,0.28212684,0.45556554,0.49226484,0.7421472,0.4805339,0.39442107,0.3282098,0.56366825,0.38701108,0.08231266,0.31514964,0.5079166,0.446337,0.36594343,0.36368525,0.046841703,0.46462104,0.45517492,0.58518165,0.63581973,0.6491284,0.60911196,0.59344333,0.5496444,0.21432753,0.44370478,0.35831833,0.5583248,0.49278387,0.48316452,0.47997034,0.5004751,0.5358288,0.66149086,0.6196369,0.3061249,0.496532,0.4822292,0.6432143
0.068388246,0.20075105,0.2914818,0.26992705,1.0,0.53565466,0.41288963,0.3053452,0.72425395,0.3660255,0.28078344,0.28738517,0.28938577,0.45416287,0.6700953,0.5633632,0.325031,0.28177232,0.35299343,0.20055129,0.16745603,0.43149903,0.3940046,0.5471875,0.5155801,0.48788673,0.57595223,0.48470873,0.41487807,0.45167392,-0.15017417,0.3342548,0.4335399,0.33302638,0.2997732,0.32981685,0.22799733,0.25617135,0.44818366,0.44669035,0.3563813,0.35435826,0.21740264,0.33720297,0.04146926,0.016726017,0.30028275,0.43738782,-0.25478455,-0.13297741,-0.26229236,0.08693945,0.27241826,0.0923279,0.45976716,0.44216728,-0.017850412,0.13438945,-0.41236407,-0.29959247,0.002685108,-0.05972449,0.108659476,0.31024402,-0.23371063,0.024575885,0.30188885,0.30252597,0.07783362,0.15192723,0.4501098,0.46989274,0.4910763,0.4521001,0.41332442,0.44562212,0.10606009,0.22385187,0.08728465,0.24532762,0.20811151,0.26542524,0.57858205,0.6495313,0.4441227,0.2737363,0.4708684,-0.05038097,0.50339365,0.04812347,0.5683519,0.21972297,0.24498722,0.35710457,0.25724664,0.4101731,0.45326188,0.50756985,0.4615435,0.55341804,0.2588383,0.0410258,0.3613656,0.6186527,0.45017874,0.5860281,0.27768552,0.18811497,0.6110261,0.5898978,0.41873693,0.36704752,0.042946216,0.38271353,0.31384066,0.58426535
0.022836188,0.0849687,0.23995654,0.2958413,0.53565466,1.0,0.2089586,0.3369167,0.49960122,0.5647496,0.19537319,0.2509939,0.25361112,0.35085252,0.6513894,0.5552328,0.2378974,0.38582903,0.30997166,0.103740044,0.08312341,0.19323145,0.35508674,0.4217884,0.45508093,0.57226264,0.66960156,0.50453323,0.28988674,0.50448096,-0.28784162,0.16744348,0.37907824,0.30592927,0.19271857,0.28696525,0.12677981,0.27681565,0.47673708,0.464298,0.1713595,0.21951567,0.24969305,0.29960254,-0.09807468,-0.20584065,0.34041375,0.4011414,-0.3611311,-0.3465657,-0.25941026,-0.21013287,0.283537,0.08909642,0.4896401,0.46549737,0.05558083,0.0015879257,-0.5419657,-0.48065892,-0.12390937,-0.22746225,0.079034865,0.1726405,-0.29530883,-0.2022607,0.14317146,0.21055233,-0.0005025479,0.016363781,0.62722856,0.39420444,0.28401473,0.4460473,0.29316494,0.43924713,0.108257994,0.24194655,-0.09891494,0.37333965,0.29401892,0.26074016,0.6552276,0.5751953,0.3645036,0.18133222,0.47123235,0.033369925,0.59911954,0.20356736,0.63354236,0.07659186,0.36815768,0.24106665,0.17222995,0.36036822,0.4571611,0.52470464,0.45994005,0.52396935,0.3872306,0.2366388,0.5002781,0.48590803,0.45401895,0.47868714,0.44908518,0.09316216,0.374885,0.562014,0.43414375,0.37545252,0.07646147,0.38119015,0.4237617,0.51265395
0.59584713,0.65674967,0.7575831,0.7342934,0.41288963,0.2089586,1.0,0.75064045,0.54746336,0.20305225,0.6954508,0.58503544,0.70685834,0.6520556,0.34672093,0.23429517,0.67237145,0.53021854,0.7429761,0.63913316,0.060611375,0.36297706,0.7669512,0.7075083,0.19740327,0.086401395,0.32728297,0.18337443,0.699899,0.33402944,0.3123504,0.52407724,0.63675356,0.6279313,0.58840764,0.44847566,0.37569684,0.38250405,0.53847235,0.53531677,0.39810628,0.43178236,0.31615177,0.4177491,0.21634388,0.04392927,0.42077532,0.5105274,-0.18020965,0.092681184,-0.07879505,0.23942381,0.16237615,0.061491508,0.4103779,0.5624885,0.37457952,0.5013442,-0.049582973,-0.011869476,0.4139681,0.36168757,0.41254938,0.5512156,-0.00559521,0.31571534,0.54668826,0.53240955,0.49108738,0.46416235,0.29861483,0.76823467,0.60348576,0.55192477,0.45805547,0.43680698,0.5879836,0.1937173,0.4488266,0.25925025,0.61071396,0.5323496,0.39592385,0.41930726,0.6439102,0.52546304,0.08958559,0.3163811,0.42040822,0.43952492,0.27440938,0.3998348,-0.017600045,0.50526696,0.38664126,0.5423413,0.53097194,0.5815762,0.5531297,0.5940823,0.49465397,0.16045614,0.4906754,0.49044466,0.532036,0.50929326,0.5191763,0.6785722,0.5048622,0.51878226,0.58967465,0.6824297,0.3808705,0.6006939,0.48656964,0.64584136
0.72477543,0.70116293,0.753871,0.7703329,0.3053452,0.3369167,0.75064045,1.0,0.41318136,0.34985265,0.70895004,0.7350893,0.8296957,0.77316177,0.39776534,0.3009088,0.75000393,0.7782553,0.85238457,0.75339055,0.10048414,0.23889108,0.8400273,0.68961424,0.19986793,0.18233454,0.37729684,0.33014175,0.7352036,0.5013949,0.24644323,0.5292335,0.7533969,0.80269253,0.3420705,0.3354951,0.26487043,0.4425335,0.6194137,0.6863894,0.11322043,0.2816471,0.491563,0.5604401,0.14149466,0.13361222,0.5764675,0.6435857,-0.11487352,0.13015516,0.06609808,0.2034856,0.2700816,0.21687658,0.5769928,0.69613826,0.6072205,0.6101176,-0.027023949,0.047400683,0.5212541,0.4034879,0.46733356,0.6196238,0.012148176,0.26336735,0.42631793,0.5624053,0.5490572,0.5092066,0.47618175,0.73854977,0.5429308,0.6581941,0.45587084,0.46467477,0.5911842,0.12869275,0.50811243,0.5956654,0.7595091,0.60195273,0.43603587,0.32454318,0.47942263,0.43938485,0.12310431,0.2669552,0.4506094,0.51486117,0.39994547,0.39821136,0.058390044,0.4600861,0.4824819,0.650124,0.68000275,0.6940958,0.6485268,0.61161065,0.5315404,0.19021134,0.53966933,0.38787237,0.51447564,0.4227072,0.6337932,0.534624,0.5140755,0.6290066,0.7124331,0.63015264,0.34498304,0.56170166,0.52566457,0.57152593
0.17508306,0.29730943,0.427046,0.4093293,0.72425395,0.49960122,0.54746336,0.41318136,1.0,0.4348758,0.41658702,0.4014664,0.42886785,0.57943016,0.6921583,0.6000691,0.42771304,0.3969357,0.45375842,0.25831845,0.26686046,0.43977323,0.5012081,0.5843974,0.48929724,0.51986957,0.52252764,0.30928436,0.49926904,0.5423941,-0.019239323,0.40684104,0.5091532,0.39206135,0.30835903,0.28248134,0.33210972,0.44981048,0.51939225,0.52287865,0.48628604,0.37367344,0.1496872,0.3660412,-0.014547901,-0.052574776,0.32029945,0.44039497,-0.33324766,-0.24113819,-0.33700576,0.050209545,0.20024613,0.028743347,0.4987398,0.5140978,0.061064623,0.16334975,-0.38444716,-0.34007567,0.048982605,-0.005320085,0.17610987,0.28358972,-0.2910372,0.0059816814,0.36657187,0.36345464,0.15883091,0.25621837,0.47922826,0.60477024,0.64089775,0.5426197,0.46226805,0.5315451,0.21660365,0.38900253,0.09197335,0.26263005,0.34008652,0.30851233,0.5922005,0.7109225,0.5654242,0.3037913,0.5035437,0.08809872,0.6067894,0.18149959,0.54632735,0.20604967,0.18027386,0.46941274,0.41835445,0.49719086,0.49621293,0.5962491,0.4839919,0.6086582,0.35324642,0.10665209,0.4660857,0.67763346,0.5194028,0.65792406,0.38929534,0.334423,0.58181787,0.61228824,0.4892187,0.43968758,0.2646378,0.5263949,0.36918542,0.67567545
0.100663476,0.091356695,0.2481385,0.26104325,0.3660255,0.5647496,0.20305225,0.34985265,0.4348758,1.0,0.21930367,0.30857652,0.3509991,0.35490337,0.77226174,0.80373544,0.25065076,0.34457317,0.2615761,0.11776548,0.39877263,0.25483644,0.3412251,0.2284527,0.23544012,0.4508557,0.5104243,0.49137887,0.3933667,0.7311383,-0.31720972,0.045084734,0.40994594,0.3048103,0.16572297,0.3014162,0.38367933,0.45940822,0.6103048,0.50374556,0.18366365,0.39303768,0.25980946,0.16995822,-0.25489908,-0.2110155,0.31422126,0.25009856,-0.25426987,-0.34008396,-0.18316166,-0.17323537,0.18787014,0.08941206,0.49230337,0.4435801,0.112996764,-0.05873647,-0.40369534,-0.31193322,-0.104901984,-0.12094221,-0.08001357,0.08421268,-0.34388256,-0.16533509,0.04413669,0.027661532,0.13358171,0.01514261,0.6951469,0.4001576,0.43884635,0.5751617,0.31501466,0.66694313,0.33082765,0.37070182,0.019989349,0.36465442,0.33567852,0.31767726,0.76412034,0.43097442,0.36973575,0.21963339,0.60113037,-0.06539433,0.51380724,0.19030787,0.54451674,-0.088608086,0.32553652,-0.011502092,0.17080125,0.32321873,0.4054917,0.517297,0.44764867,0.4786593,0.38605097,0.13283168,0.60987717,0.34616172,0.43455562,0.2925011,0.42240995,0.2692828,0.2909851,0.4810424,0.33942658,0.3703359,0.25153255,0.3870397,0.4640301,0.4310817
0.7790689,0.79701567,0.74354154,0.7067182,0.28078344,0.19537319,0.6954508,0.70895004,0.41658702,0.21930367,1.0,0.77955705,0.82137704,0.795997,0.2942718,0.19365509,0.8498124,0.7527563,0.7317702,0.7701842,-0.041640583,0.22962533,0.6885936,0.6098859,0.12402392,0.06776976,0.31280258,0.28713703,0.7733434,0.42714027,0.32147512,0.48271707,0.72870374,0.71344775,0.2930788,0.1241709,0.28873497,0.36320192,0.5558613,0.65389395,0.14979437,0.29867217,0.5364966,0.56398475,0.25029474,0.099127784,0.6266532,0.65919507,-0.04853259,0.20640883,0.009031361,0.24405394,0.26432526,0.19775966,0.5774789,0.6497151,0.61367095,0.69459623,0.06172814,0.061124872,0.6425677,0.45536333,0.5015295,0.5042453,-0.011131214,0.20446509,0.4991358,0.52239275,0.6071056,0.58675265,0.35394454,0.6907349,0.5495927,0.6009974,0.38756672,0.42079735,0.55768853,0.058204807,0.6982356,0.5431046,0.7510413,0.43749368,0.31587783,0.15617213,0.3413723,0.22185278,-0.05729491,0.2523755,0.33494014,0.4540543,0.19896293,0.35458133,-0.09433366,0.4376415,0.52442163,0.7060568,0.698089,0.6497179,0.5961142,0.50833094,0.39752585,0.067484856,0.35482788,0.32932445,0.48503432,0.3899866,0.49884737,0.4616259,0.5147426,0.5160384,0.70428896,0.64605445,0.37958914,0.47442183,0.45656288,0.5398721
0.70107365,0.70542735,0.67428535,0.6526541,0.28738517,0.2509939,0.58503544,0.7350893,0.4014664,0.30857652,0.77955705,1.0,0.7436563,0.8168196,0.38400596,0.3459455,0.73087883,0.7718105,0.6743753,0.65950483,0.128229,0.28527862,0.6735293,0.56681323,0.15270731,0.14572531,0.33825973,0.38786185,0.67874396,0.6242327,0.30456084,0.44395953,0.6581099,0.6622504,0.2315129,0.15542983,0.2898868,0.50919306,0.5788338,0.7027256,0.052209694,0.28776184,0.5305779,0.583903,0.19785902,0.20180765,0.56925476,0.6385167,-0.028193409,0.14649977,0.17835851,0.28671533,0.29071146,0.27301553,0.57335025,0.66058254,0.5264008,0.4991923,0.062310185,0.09177113,0.48929435,0.37515944,0.32672703,0.4265626,0.10205919,0.21157376,0.38728365,0.47387928,0.51322395,0.4703608,0.4622571,0.6699315,0.5744898,0.6955512,0.43967155,0.4698294,0.5055763,0.19892795,0.49808332,0.64801395,0.6927483,0.51442146,0.34914485,0.1590192,0.38411134,0.21207121,0.022615569,0.06941391,0.33480665,0.3807933,0.32544228,0.37009874,0.009525662,0.3698665,0.48062542,0.65406746,0.64402276,0.6358625,0.55316657,0.5299213,0.4213692,0.121546954,0.35745108,0.33817855,0.40007693,0.31751493,0.45758712,0.4036259,0.48065314,0.59457016,0.6529261,0.45366085,0.26534387,0.41494548,0.4100449,0.44341972
0.7619127,0.76474166,0.73967427,0.6966674,0.28938577,0.25361112,0.70685834,0.8296957,0.42886785,0.3509991,0.82137704,0.7436563,1.0,0.8339802,0.41379973,0.2717649,0.8571287,0.8322313,0.85795784,0.8017715,0.059191197,0.17683248,0.81126153,0.63158464,0.16431887,0.1541057,0.34170642,0.3076882,0.828259,0.48472893,0.21810338,0.52165955,0.80482835,0.79468936,0.2503464,0.14698057,0.29019123,0.38556215,0.626618,0.6803943,0.122653775,0.25729772,0.5287136,0.54830927,0.12253673,0.025192617,0.6451127,0.6495498,-0.1316211,0.13474728,-0.06057181,0.14911553,0.17807429,0.18377116,0.58424234,0.69075316,0.6666569,0.75190467,-0.023682987,0.0011115159,0.5951461,0.44281876,0.5315801,0.5942423,-0.13148025,0.12894633,0.4161198,0.5149338,0.5773874,0.54366046,0.4761401,0.7269878,0.523704,0.63500583,0.4522574,0.4560453,0.61105424,0.012272358,0.65925384,0.5925198,0.7692287,0.44440284,0.45589986,0.2156588,0.30192462,0.24468012,0.07348975,0.25254762,0.40933296,0.5047943,0.26647165,0.24391659,-0.066545345,0.38993782,0.541298,0.7275284,0.75667477,0.69629276,0.6450714,0.5477126,0.42865822,0.073116384,0.43619114,0.3062281,0.48423687,0.36429194,0.55942595,0.4355828,0.4839182,0.6342313,0.74844754,0.6600016,0.43620884,0.57603997,0.53901434,0.53759205
0.69333416,0.75239766,0.71116346,0.6754866,0.45416287,0.35085252,0.6520556,0.77316177,0.57943016,0.35490337,0.795997,0.8168196,0.8339802,1.0,0.50693756,0.4022006,0.8219184,0.83876795,0.7920402,0.7407789,0.1473873,0.39519584,0.7473616,0.6540505,0.30052775,0.27184165,0.42672977,0.42297366,0.7845681,0.6116148,0.17657195,0.48207223,0.7683496,0.7489344,0.2542998,0.17935969,0.24932186,0.4792818,0.5951817,0.7328765,0.2378365,0.30088726,0.5618689,0.67933804,0.16283026,0.17235081,0.63933414,0.7317399,-0.11981165,0.12211069,-0.04278791,0.24175149,0.31137073,0.2532328,0.63935775,0.74007326,0.5555707,0.64705616,-0.07064896,0.027956644,0.5056461,0.3638353,0.4193067,0.5701407,-0.124242194,0.21283406,0.45197383,0.55194986,0.57240325,0.5610488,0.4970392,0.7565304,0.65149945,0.7219625,0.4469163,0.5199325,0.51312596,0.16822311,0.55594957,0.64120436,0.7108324,0.5415069,0.46191153,0.3512574,0.39131787,0.3009543,0.072535865,0.09120371,0.43990332,0.44000873,0.41481355,0.35473257,0.016179033,0.475576,0.5807262,0.74534273,0.7636193,0.7371646,0.6581852,0.672891,0.44645223,0.035868615,0.42813972,0.4561735,0.5527619,0.4872262,0.5108372,0.37493974,0.5953004,0.691424,0.75869155,0.5941946,0.37325534,0.5832354,0.49409914,0.62267303
0.09746969,0.1496888,0.32817653,0.31060585,0.6700953,0.6513894,0.34672093,0.39776534,0.6921583,0.77226174,0.2942718,0.38400596,0.41379973,0.50693756,1.0,0.87290484,0.37914354,0.40944976,0.38095507,0.16311903,0.40022135,0.4083352,0.46525335,0.4627165,0.4520141,0.6008147,0.63891894,0.5962302,0.5234768,0.7795692,-0.2937649,0.2579018,0.5064268,0.38667136,0.22998822,0.34944037,0.42764118,0.46899956,0.6703756,0.5835834,0.31720382,0.39449173,0.2746847,0.28216785,-0.18415643,-0.12592433,0.3777774,0.42179334,-0.326125,-0.3031588,-0.27017543,-0.061309453,0.24314997,0.12674765,0.57661724,0.52371585,0.09572586,0.03099599,-0.48021853,-0.3707592,-0.08790367,-0.14183563,-0.005838902,0.17413071,-0.37522042,-0.14205009,0.13947846,0.18227603,0.074795105,0.06509901,0.77738637,0.545168,0.60514724,0.6380398,0.5083113,0.6854418,0.253935,0.35425356,0.03746695,0.3909817,0.33953178,0.3361051,0.85233563,0.6392313,0.47453898,0.24767117,0.65769064,-0.14047569,0.6120718,0.11912516,0.64328676,0.032978795,0.39011014,0.15953462,0.35075936,0.4414275,0.5395402,0.6372577,0.51470625,0.58425015,0.33286047,0.08346499,0.5581899,0.53928065,0.46264604,0.44717818,0.45129836,0.25130975,0.46923095,0.6715933,0.45810336,0.37624443,0.19970785,0.42617673,0.4100341,0.54469174
-0.009162894,0.07790653,0.210782,0.2013771,0.5633632,0.5552328,0.23429517,0.3009088,0.6000691,0.80373544,0.19365509,0.3459455,0.2717649,0.4022006,0.87290484,1.0,0.25218168,0.31570396,0.23237506,0.062374543,0.4809213,0.4054927,0.31362516,0.3240011,0.374768,0.52703124,0.51723117,0.5399157,0.39843017,0.8045557,-0.3237268,0.09624155,0.3769062,0.26561418,0.22883806,0.37924638,0.44371337,0.50923693,0.6170401,0.5165743,0.270893,0.38006037,0.24634106,0.24558327,-0.20581302,-0.018457152,0.27724797,0.30759737,-0.24751014,-0.26429006,-0.19405238,-0.010418857,0.21868132,0.16404034,0.51697636,0.4615268,-0.013129959,-0.10632608,-0.38531834,-0.2563167,-0.14347777,-0.15833066,-0.15808311,0.11113205,-0.31296125,-0.047152765,0.10084315,0.10867167,0.06148268,-0.006032743,0.69288325,0.44965956,0.5590641,0.58111584,0.3959522,0.67507476,0.2111129,0.39349765,-0.050025728,0.3697504,0.2534769,0.4128071,0.76797956,0.5990126,0.4674902,0.30223167,0.6257743,-0.1646176,0.5248201,0.11005623,0.62321305,0.08401983,0.44455564,0.07584876,0.27974483,0.3555754,0.40302435,0.55562395,0.42782792,0.5329749,0.30374423,0.115375035,0.5566297,0.48713395,0.37667987,0.3671113,0.43561813,0.27486664,0.39769974,0.56548524,0.32514146,0.28170556,0.14971764,0.3136443,0.38433924,0.46508992
0.755616,0.80100554,0.7416221,0.6581184,0.325031,0.2378974,0.67237145,0.75000393,0.42771304,0.25065076,0.8498124,0.73087883,0.8571287,0.8219184,0.37914354,0.25218168,1.0,0.7937914,0.8009753,0.83232474,0.044292007,0.22338626,0.7081514,0.6365637,0.21149169,0.10032655,0.2974428,0.31624898,0.8549687,0.46871322,0.2140099,0.4800586,0.80148506,0.7580505,0.3028221,0.2006239,0.2818047,0.3449965,0.5791473,0.66751736,0.18494241,0.2695288,0.56281066,0.5760732,0.16755038,0.0973293,0.68915004,0.71105486,-0.057404295,0.19961688,0.0070180926,0.24990909,0.2557401,0.30012444,0.60212046,0.6793598,0.68550813,0.77170783,0.05228713,0.0952032,0.6661066,0.485294,0.51270777,0.57493865,-0.03214952,0.2528705,0.49645904,0.5326306,0.6625059,0.63338476,0.37725633,0.7041624,0.58854717,0.6432887,0.44046387,0.422728,0.5970084,0.032514594,0.7301962,0.5880298,0.7792239,0.51175,0.37989122,0.20003022,0.3157671,0.2701764,-0.033007234,0.1880499,0.30101886,0.43600258,0.24510902,0.34064522,0.00057167595,0.45676664,0.5324387,0.7414227,0.73912257,0.67829674,0.678097,0.5541233,0.38871536,0.0532352,0.38142082,0.34104717,0.48641768,0.3675153,0.5103601,0.3883849,0.52804095,0.5855549,0.7446548,0.64562005,0.4474408,0.5172718,0.48782504,0.532953
0.69347584,0.70178336,0.6984761,0.68099594,0.28177232,0.38582903,0.53021854,0.7782553,0.3969357,0.34457317,0.7527563,0.7718105,0.8322313,0.83876795,0.40944976,0.31570396,0.7937914,1.0,0.77998644,0.74210286,0.027048104,0.16954966,0.73340607,0.60542387,0.20780204,0.24260136,0.38134086,0.37350383,0.7213707,0.5748835,0.20117497,0.46751082,0.78396744,0.80855167,0.2014072,0.13106948,0.23958272,0.45940104,0.6034554,0.74434566,-0.018133773,0.14100038,0.6179837,0.6757584,0.15440173,0.11325248,0.6892726,0.7320118,-0.08177751,0.14483432,0.04436476,0.13273068,0.35396084,0.28913662,0.69737095,0.7675706,0.67825025,0.6811429,-0.050765976,-0.006635427,0.5878715,0.33114594,0.5601529,0.5951905,-0.036274616,0.11524564,0.45158583,0.5781612,0.54629886,0.5481165,0.5290057,0.6498263,0.46366605,0.6311811,0.4076419,0.44886556,0.44904187,0.030979715,0.56433034,0.77238375,0.8068078,0.48805502,0.43385157,0.24576563,0.28204373,0.17480768,0.048012298,0.18622556,0.4533294,0.484224,0.40072435,0.33328372,0.05382349,0.44131702,0.6075751,0.7645759,0.7882891,0.7657822,0.661339,0.58505374,0.4356436,0.10612222,0.4177156,0.3298795,0.47312638,0.41292197,0.50107807,0.3025741,0.5423581,0.65176195,0.7636757,0.58891743,0.346316,0.49583128,0.49317408,0.50553614
0.7565215,0.78232616,0.7689606,0.74850005,0.35299343,0.30997166,0.7429761,0.85238457,0.45375842,0.2615761,0.7317702,0.6743753,0.85795784,0.7920402,0.38095507,0.23237506,0.8009753,0.77998644,1.0,0.8215588,0.024710516,0.20809673,0.8408809,0.7178117,0.21997797,0.19776094,0.33144817,0.26287115,0.76015824,0.4115346,0.22517706,0.62370235,0.8104287,0.80490744,0.33544442,0.2616746,0.25246677,0.35321125,0.5929781,0.6554588,0.19489966,0.2361927,0.47390026,0.5910509,0.16643839,0.12376003,0.5767524,0.6534084,-0.15547346,0.12790933,-0.040169764,0.18147714,0.23674166,0.21887386,0.5774774,0.69411236,0.6590169,0.7108831,-0.06064555,-0.016004303,0.60348296,0.4011762,0.49947307,0.5919074,-0.06545413,0.20140794,0.4697656,0.60395193,0.615147,0.5853145,0.4472608,0.75747114,0.51447207,0.5937046,0.45897338,0.4082481,0.5201057,0.046713494,0.54641414,0.5304472,0.72225183,0.5146553,0.42201355,0.35519713,0.42485952,0.3324315,0.073784225,0.2900165,0.44783476,0.47634432,0.36919037,0.34232914,-0.03245554,0.53474855,0.50479096,0.6700247,0.6867457,0.65541685,0.6529332,0.59977084,0.4539086,0.11398495,0.49302986,0.3801776,0.528938,0.47984406,0.5686002,0.46884707,0.538202,0.6302464,0.71641195,0.661594,0.36199668,0.6093827,0.5650723,0.61631405
0.8507687,0.8485763,0.7452585,0.7082327,0.20055129,0.103740044,0.63913316,0.75339055,0.25831845,0.11776548,0.7701842,0.65950483,0.8017715,0.7407789,0.16311903,0.062374543,0.83232474,0.74210286,0.8215588,1.0,0.03218332,0.22149388,0.67886734,0.5481581,0.053849693,-0.02831221,0.17484501,0.21007729,0.7293975,0.30335417,0.3225864,0.42290634,0.7613334,0.77375615,0.28715795,0.20437163,0.18024892,0.2587106,0.5065751,0.6296083,0.13052668,0.23206325,0.56973916,0.61933786,0.31098178,0.30274767,0.6009286,0.66459864,0.070788026,0.31948277,0.1632191,0.31499586,0.3073622,0.26276565,0.5241445,0.6550966,0.77779585,0.81531686,0.22630109,0.275282,0.7883142,0.56113636,0.50621057,0.5696257,0.120163135,0.35041517,0.5253139,0.59062475,0.79471636,0.7243446,0.2155588,0.6275859,0.4544708,0.5381202,0.32282612,0.31353953,0.52868867,-0.047895085,0.70197546,0.54470503,0.7329992,0.5231807,0.1966109,0.07839538,0.28121147,0.29010603,-0.109595835,0.243498,0.2083981,0.44506657,0.16192555,0.37802863,-0.060006894,0.45353487,0.4695821,0.6550846,0.6443977,0.5606537,0.6344889,0.5082519,0.37994656,0.047109228,0.35069138,0.2409118,0.4434287,0.31688344,0.5006907,0.41689822,0.47384232,0.48048085,0.65685153,0.6050507,0.38502863,0.4743179,0.46798724,0.4968081
0.02281532,-0.055143714,0.06214113,0.054046474,0.16745603,0.08312341,0.060611375,0.10048414,0.26686046,0.39877263,-0.041640583,0.128229,0.059191197,0.1473873,0.40022135,0.4809213,0.044292007,0.027048104,0.024710516,0.03218332,1.0,0.44371438,0.05175951,-0.08979607,0.058550514,0.15730204,-0.00897793,0.10472056,0.13397208,0.44461226,-0.104051165,-0.08134253,0.17386247,0.10741855,0.07692052,0.18562125,0.3059268,0.41613987,0.3151202,0.24550888,0.2756144,0.30993524,0.10274504,0.08013317,-0.06281958,0.17950736,0.086345375,0.1093382,0.14668147,-0.14671658,0.16887833,0.07209132,0.109613866,0.095667474,0.17010032,0.16293894,0.07449368,-0.14837727,0.080680385,0.15257418,-0.0059475056,0.022603957,-0.19173759,-0.14613195,-0.026767757,0.05838385,0.07067516,-0.027342686,0.19648479,0.16567561,0.26387846,0.14425461,0.40136382,0.3877684,0.10907154,0.38183758,0.13232458,0.33320722,-0.0957533,0.12268218,0.051707067,0.17036586,0.32943675,0.13433382,0.26658377,0.1254298,0.3743135,-0.31786177,0.086385295,-0.09797164,0.2273398,-0.027011722,0.2675073,-0.0027040916,0.1621961,0.16560312,0.08990409,0.19226685,0.22040415,0.22876066,0.15402739,0.02614041,0.2826395,0.23971595,0.1807974,0.08773843,0.17699914,0.19062622,0.18902801,0.16912659,0.07441984,0.04086025,0.22226298,0.18533409,0.14163063,0.10835157
0.13191102,0.19253154,0.33890533,0.26175016,0.43149903,0.19323145,0.36297706,0.23889108,0.43977323,0.25483644,0.22962533,0.28527862,0.17683248,0.39519584,0.4083352,0.4054927,0.22338626,0.16954966,0.20809673,0.22149388,0.44371438,1.0,0.2621783,0.24476632,0.1635205,0.195162,0.1939054,0.3235047,0.2923656,0.36964405,0.116701245,0.0347148,0.23189904,0.21453333,0.29016972,0.32493132,0.24522652,0.35623705,0.31476703,0.38089332,0.4759255,0.41258135,0.18837877,0.32404062,0.16774395,0.30123067,0.20684202,0.31527123,0.06485698,-0.043331064,0.06994525,0.33590585,0.18889888,0.08792154,0.24426557,0.32167637,0.024412418,0.077740505,-0.009027131,0.16341393,0.10737961,0.124809235,-0.034333386,0.15638545,0.0057083876,0.3607715,0.30645758,0.22524898,0.30756307,0.2980242,0.20914216,0.4224211,0.5387771,0.45166585,0.17076246,0.41706562,0.23682904,0.3642639,0.061606247,0.093542695,0.19813138,0.4459522,0.27862808,0.3474089,0.45778242,0.3754603,0.1293542,-0.25146234,0.19022356,0.09612707,0.2776529,0.2825189,0.14233765,0.2823786,0.25111073,0.24215326,0.2160647,0.3092712,0.30733767,0.4738731,0.26211852,-0.1036067,0.34895137,0.46067196,0.4169609,0.3877403,0.20980364,0.3396065,0.33889902,0.2202482,0.19818002,0.27457887,0.20646508,0.34078613,0.24436873,0.4003824
0.65083927,0.6469977,0.7721054,0.74054825,0.3940046,0.35508674,0.7669512,0.8400273,0.5012081,0.3412251,0.6885936,0.6735293,0.81126153,0.7473616,0.46525335,0.31362516,0.7081514,0.73340607,0.8408809,0.67886734,0.05175951,0.2621783,1.0,0.7774285,0.20622663,0.26166,0.4595949,0.37128016,0.7276788,0.46732393,0.22832061,0.6364953,0.7669038,0.79021496,0.3727819,0.30542624,0.3444046,0.42594057,0.6237246,0.65426016,0.23317754,0.3017001,0.40791288,0.49652913,0.114146434,0.03784898,0.5500469,0.62081575,-0.19888264,0.045945298,-0.04623791,0.15657587,0.23985225,0.1345209,0.5556158,0.6513356,0.52836436,0.54477525,-0.13778557,-0.114888586,0.44255194,0.31260645,0.49744338,0.5349463,-0.026959749,0.095198944,0.42115098,0.53661066,0.44212556,0.42525652,0.55887806,0.7924034,0.5312773,0.6343539,0.5335798,0.5098463,0.49033624,0.12077599,0.46437934,0.5078731,0.7251907,0.4738901,0.52536005,0.43876946,0.50413173,0.33604446,0.17146794,0.29132074,0.5174981,0.40520194,0.39288244,0.32467526,0.03959624,0.44624108,0.515522,0.61908567,0.6886688,0.7006886,0.61874694,0.56923896,0.47193456,0.16763678,0.47995886,0.42233905,0.48607987,0.45292118,0.5525968,0.52285916,0.51625454,0.66236687,0.7011976,0.6113559,0.2698629,0.57185084,0.47373283,0.61019015
0.47637263,0.5627135,0.674223,0.66127574,0.5471875,0.4217884,0.7075083,0.68961424,0.5843974,0.2284527,0.6098859,0.56681323,0.63158464,0.6540505,0.4627165,0.3240011,0.6365637,0.60542387,0.7178117,0.5481581,-0.08979607,0.24476632,0.7774285,1.0,0.39503816,0.34429166,0.5204123,0.38474014,0.69233775,0.4072998,0.20314941,0.6663229,0.6941232,0.6829869,0.40998355,0.38890082,0.36675006,0.37264374,0.5478942,0.58009756,0.26705933,0.27675328,0.31808665,0.4576832,0.058736105,-0.047369074,0.4963151,0.58852965,-0.33031428,-0.063988924,-0.22161628,0.0998581,0.24197201,0.19314592,0.5397367,0.609746,0.3281359,0.4379792,-0.31052276,-0.29240385,0.33566287,0.20588605,0.35420176,0.4959274,-0.12752283,0.07347529,0.38626176,0.52326226,0.31259084,0.36905473,0.49296948,0.7865636,0.5256284,0.51800835,0.5595717,0.43993983,0.41226697,0.15804176,0.41806298,0.42725813,0.5864658,0.45165536,0.52602017,0.61778265,0.48480627,0.36097136,0.22982089,0.32840148,0.5485681,0.35466513,0.47493723,0.42130324,0.08826287,0.5514237,0.39716482,0.553063,0.62137216,0.65080273,0.5868881,0.58794695,0.44210437,0.28722963,0.46425247,0.51662093,0.4863972,0.5648455,0.5268536,0.40060848,0.523682,0.6676204,0.6398272,0.55716676,0.17679277,0.48313615,0.44178978,0.6420182
-0.034795504,0.074934326,0.19303484,0.15142307,0.5155801,0.45508093,0.19740327,0.19986793,0.48929724,0.23544012,0.12402392,0.15270731,0.16431887,0.30052775,0.4520141,0.374768,0.21149169,0.20780204,0.21997797,0.053849693,0.058550514,0.1635205,0.20622663,0.39503816,1.0,0.4272953,0.45198056,0.3298906,0.2892576,0.32383767,-0.10403201,0.1409066,0.24863917,0.15098548,0.11771179,0.18163861,0.0937015,0.12683883,0.2557429,0.232469,0.13195565,0.020825561,0.106374756,0.23259062,-0.02275838,-0.1518794,0.18816656,0.29487523,-0.13557696,-0.1738888,-0.2248539,-0.02915001,0.14147484,0.043845084,0.33470654,0.30533808,-0.039794605,0.08941402,-0.26388076,-0.2799334,-0.009939269,-0.10009121,0.043729007,0.21973312,-0.1803697,-0.07011067,0.17608376,0.20695938,-0.055247564,0.12107125,0.29920554,0.32785684,0.24767412,0.3260914,0.20495057,0.32203808,0.09491863,0.15158597,0.013021968,0.2674718,0.15832783,0.19458158,0.40746087,0.5272627,0.2606482,0.20034309,0.25293908,-0.030783197,0.35496747,0.07668078,0.44656518,0.24241024,0.28974384,0.35904717,0.15825135,0.2544386,0.32455072,0.34335855,0.29395285,0.37738478,0.22627418,0.1672957,0.28753588,0.47423646,0.34848967,0.42271248,0.23285408,0.01981314,0.28898785,0.386815,0.30754158,0.2811838,0.015507773,0.31680104,0.26524138,0.4180433
-0.05574398,-0.047230497,0.13859898,0.16542855,0.48788673,0.57226264,0.086401395,0.18233454,0.51986957,0.4508557,0.06776976,0.14572531,0.1541057,0.27184165,0.6008147,0.52703124,0.10032655,0.24260136,0.19776094,-0.02831221,0.15730204,0.195162,0.26166,0.34429166,0.4272953,1.0,0.51718765,0.31962895,0.20688045,0.48340634,-0.31800875,0.20175837,0.3412138,0.26876286,0.07576363,0.15553185,0.112956986,0.25722206,0.32891142,0.37865534,0.086601995,0.053542864,0.12722266,0.17895907,-0.19704896,-0.15257023,0.26388395,0.2995117,-0.26174745,-0.40726325,-0.26877168,-0.24685152,0.2739306,0.07987683,0.4455833,0.3492399,0.014585956,-0.07156353,-0.5003156,-0.4703669,-0.14490053,-0.2475012,0.0313566,0.035826188,-0.40488407,-0.3227906,0.08259772,0.1591049,-0.15731351,-0.07351852,0.607088,0.2915305,0.29048407,0.30466136,0.34983847,0.4009753,-0.101942286,0.21317933,-0.16621877,0.27953878,0.19085388,0.044998333,0.59306264,0.5366371,0.23873688,-0.030398278,0.5911558,-0.084649324,0.467201,-0.07423696,0.54114527,-0.1024752,0.34467223,0.21364222,0.2736266,0.343672,0.36866257,0.45829108,0.35511217,0.35030344,0.12133694,0.10548021,0.32313237,0.41424358,0.31933466,0.44520128,0.1877056,-0.011724454,0.3555421,0.45253044,0.32392886,0.18075304,-0.0010914912,0.21354061,0.13660759,0.380798
0.11367259,0.16245611,0.2607337,0.32163253,0.57595223,0.66960156,0.32728297,0.37729684,0.52252764,0.5104243,0.31280258,0.33825973,0.34170642,0.42672977,0.63891894,0.51723117,0.2974428,0.38134086,0.33144817,0.17484501,-0.00897793,0.1939054,0.4595949,0.5204123,0.45198056,0.51718765,1.0,0.63280284,0.43390214,0.5061256,-0.2026906,0.28255588,0.36670664,0.32318145,0.14434525,0.21137704,0.1712603,0.28443027,0.49593553,0.501092,0.19132727,0.3083312,0.25026563,0.24945131,-0.106179036,-0.18762253,0.35830235,0.40630388,-0.39196745,-0.20483439,-0.24677078,-0.115835175,0.2268932,0.028922928,0.43331593,0.43318933,0.02574535,0.03742458,-0.45659417,-0.40171954,-0.1393855,-0.17340866,0.03834328,0.18913795,-0.29163045,-0.18681647,0.065857776,0.16112109,0.028278012,0.002592969,0.59288967,0.47871923,0.36033827,0.48148483,0.36925605,0.42635298,0.14551458,0.22956638,0.07478237,0.3477171,0.28960013,0.24614377,0.6065625,0.54841053,0.3356353,0.19677426,0.4046627,0.0588196,0.5229021,0.1550771,0.53255695,0.16707708,0.2808883,0.20501463,0.2150104,0.34878102,0.49984363,0.5249784,0.43754056,0.47944203,0.29818097,0.10500318,0.41489482,0.43871093,0.3909026,0.38923952,0.35996023,0.22064115,0.36996385,0.5927626,0.4605654,0.33106557,0.009622866,0.35271788,0.2930827,0.48603177
0.14928174,0.16549808,0.26006234,0.26635787,0.48470873,0.50453323,0.18337443,0.33014175,0.30928436,0.49137887,0.28713703,0.38786185,0.3076882,0.42297366,0.5962302,0.5399157,0.31624898,0.37350383,0.26287115,0.21007729,0.10472056,0.3235047,0.37128016,0.38474014,0.3298906,0.31962895,0.63280284,1.0,0.41375145,0.5581822,-0.158538,0.06249325,0.30558234,0.30271783,0.12845902,0.1823443,0.23393868,0.35123822,0.43442908,0.48151195,0.11434521,0.2906766,0.3022327,0.23267333,-0.07446968,0.010467007,0.3414111,0.3584634,-0.16718182,-0.05958653,-0.030318754,0.062456023,0.3136613,0.13233007,0.38790727,0.34482127,0.105963394,0.09382338,-0.24824886,-0.16729857,-0.0032063578,-0.044421244,-0.020921167,0.13949947,-0.09149472,-0.08602875,0.00071546173,0.10132927,0.09102885,0.036503874,0.5498172,0.378507,0.34515104,0.49541962,0.34458813,0.3638038,0.19263034,0.14247602,0.09611695,0.444436,0.26448587,0.28284878,0.4958754,0.32135412,0.19618629,0.06637302,0.29256764,-0.19974905,0.27060306,0.027353331,0.43868074,0.1656913,0.2522544,0.034314632,0.0250354,0.19724827,0.39019734,0.3476068,0.30871096,0.350367,0.08849729,0.018249523,0.18492207,0.2596751,0.24707666,0.18565382,0.2666933,0.07296201,0.22000256,0.4765558,0.31216344,0.16000804,-0.05975212,0.16332667,0.20434076,0.35755384
0.65295064,0.70045817,0.67805266,0.62707466,0.41487807,0.28988674,0.699899,0.7352036,0.49926904,0.3933667,0.7733434,0.67874396,0.828259,0.7845681,0.5234768,0.39843017,0.8549687,0.7213707,0.76015824,0.7293975,0.13397208,0.2923656,0.7276788,0.69233775,0.2892576,0.20688045,0.43390214,0.41375145,1.0,0.53671175,0.17313741,0.5116157,0.78143156,0.713094,0.35175252,0.3052052,0.44169387,0.44336766,0.64654094,0.6838664,0.28844017,0.40650243,0.5148049,0.50823385,0.0929849,0.008199588,0.68413615,0.6634307,-0.10796557,0.082546964,-0.09095296,0.20440593,0.20401545,0.28410348,0.5808207,0.68082756,0.54646105,0.6344598,-0.07724489,-0.041951507,0.50237966,0.39158046,0.34654322,0.5093681,-0.13755357,0.16908735,0.41230193,0.4449188,0.56919247,0.49838984,0.50049627,0.7845478,0.6585777,0.68868154,0.5164187,0.51202154,0.64977103,0.12769708,0.68655014,0.5221796,0.7124939,0.52229786,0.52367884,0.35924128,0.3605027,0.3563038,0.116236046,0.19725485,0.36782756,0.4088891,0.329947,0.35352492,0.05047717,0.457474,0.50755775,0.6922649,0.7422471,0.7107021,0.66501594,0.6021695,0.36642492,0.1263381,0.46907753,0.41781253,0.5210825,0.38212863,0.5169986,0.44658908,0.49859154,0.65344864,0.742125,0.6437497,0.42630267,0.55418116,0.54518974,0.5818973
0.29764485,0.2469255,0.43362147,0.41234368,0.45167392,0.50448096,0.33402944,0.5013949,0.5423941,0.7311383,0.42714027,0.6242327,0.48472893,0.6116148,0.7795692,0.8045557,0.46871322,0.5748835,0.4115346,0.30335417,0.44461226,0.36964405,0.46732393,0.4072998,0.32383767,0.48340634,0.5061256,0.5581822,0.53671175,1.0,-0.100870594,0.18914866,0.5588645,0.48878884,0.16219397,0.25074196,0.429821,0.6442647,0.63504714,0.72833854,0.1164992,0.36846477,0.4244125,0.44643873,-0.08081659,0.07440092,0.49167904,0.55188274,-0.08209044,-0.14946185,0.09713697,0.07264556,0.39570186,0.30430317,0.6835645,0.6394696,0.29401675,0.078595586,-0.18448184,-0.11480994,0.12390324,0.03267022,0.07703228,0.16215806,-0.124378674,-0.0018139442,0.21737686,0.27074003,0.26386988,0.26202118,0.7259499,0.53979063,0.69011176,0.7518905,0.43216655,0.6919232,0.2941248,0.41823298,0.16703829,0.6179244,0.52566105,0.4102064,0.711471,0.41945922,0.48174703,0.17454699,0.48456654,-0.19590269,0.48612168,0.13298416,0.6404205,0.1763033,0.3940711,0.21900448,0.41641396,0.5612171,0.5798094,0.6789132,0.5727949,0.5917564,0.45125008,0.18511935,0.5385174,0.50282747,0.48411086,0.42866758,0.43762895,0.2930373,0.48390272,0.61640453,0.5091844,0.3731664,0.23380981,0.36066982,0.41502646,0.49199235
0.43849546,0.3243166,0.39261335,0.3764951,-0.15017417,-0.28784162,0.3123504,0.24644323,-0.019239323,-0.31720972,0.32147512,0.30456084,0.21810338,0.17657195,-0.2937649,-0.3237268,0.2140099,0.20117497,0.22517706,0.3225864,-0.104051165,0.116701245,0.22832061,0.20314941,-0.10403201,-0.31800875,-0.2026906,-0.158538,0.17313741,-0.100870594,1.0,0.33859974,0.12633677,0.21696305,0.10460334,0.020892534,0.1899644,0.20640072,0.032588422,0.15291949,0.025665432,0.10233295,0.023969442,0.13682503,0.2896451,0.13786204,0.07667351,0.17398861,0.19534078,0.13261378,0.24219814,0.29033998,0.03026335,-0.0057532988,0.028729483,0.124343246,0.28525665,0.27567416,0.31783193,0.23609348,0.4250328,0.37816408,0.23682775,0.11249712,0.4374633,0.22082098,0.21225052,0.2551634,0.2984992,0.35643995,-0.16111155,0.22366078,0.1431399,0.08563893,0.08984014,-0.048246525,0.27636313,0.17217845,0.3605191,0.05771515,0.26095593,0.11216324,-0.23946895,-0.1340096,0.13872187,0.09331671,-0.3362266,0.22776179,-0.033619735,0.1742818,-0.124901675,0.3731764,-0.20271078,0.29312935,0.22300573,0.11630054,0.046545904,0.032869916,0.0102381725,0.031051373,0.17475389,0.20569299,-0.06426076,0.043604482,0.06737762,0.037096366,-0.03454818,0.26700497,0.0147952465,-0.07766948,0.08856912,0.1268264,0.042056363,0.046455044,0.075493656,0.055251352
0.4988869,0.49616274,0.53497064,0.5177287,0.3342548,0.16744348,0.52407724,0.5292335,0.40684104,0.045084734,0.48271707,0.44395953,0.52165955,0.48207223,0.2579018,0.09624155,0.4800586,0.46751082,0.62370235,0.42290634,-0.08134253,0.0347148,0.6364953,0.6663229,0.1409066,0.20175837,0.28255588,0.06249325,0.5116157,0.18914866,0.33859974,1.0,0.552103,0.5627343,0.15183474,0.16423552,0.3009209,0.29212824,0.38275212,0.3930289,0.17366531,0.0738443,0.14168893,0.26207218,-0.020700378,-0.08401322,0.32151118,0.40101194,-0.28727555,-0.09756183,-0.18307172,0.007753745,0.072913736,0.08653557,0.3679635,0.4166778,0.3387961,0.34273288,-0.23621488,-0.2724365,0.28554356,0.2003292,0.30351368,0.26468605,-0.10221591,-0.06452598,0.18487053,0.3458007,0.20669588,0.26164368,0.3638385,0.6014847,0.36708537,0.3562443,0.43887252,0.24453762,0.28819495,0.11096051,0.39067084,0.24482824,0.40631557,0.15973169,0.32091352,0.36001518,0.27664682,0.16060711,0.1223407,0.31235507,0.43313205,0.22257423,0.23008543,0.22992559,-0.096751936,0.4201641,0.44395658,0.41878033,0.45842445,0.46274737,0.39103583,0.3085007,0.2488318,0.28189003,0.25984135,0.30719423,0.24910688,0.34177607,0.34985086,0.35098466,0.35363102,0.48049974,0.5083149,0.33331138,0.09387461,0.3263479,0.24108586,0.3463271
