1.0,0.49097192,0.5379007,0.49463362,-0.3832578,-0.043844365,0.73794365,0.20455877,-0.30817652,-0.024094967,0.35452452,0.02335387,0.3380121,-0.12758008,-0.023296932,-0.18816154,0.0905053,-0.1445037,0.6777428,0.64840955,-0.21792845,-0.3819684,0.14317124,-0.17358692,-0.2859574,-0.065318756,-0.19756538,0.057657056,0.13240561,0.1132742,-0.27444327,-0.2351244,0.23215471,0.110193424,0.16630301,0.20344086,0.32041493,0.4033921,0.08907828,0.09121207,-0.014029725,-0.31127098,0.5066844,0.51107985,0.5771044,0.6470541,0.53725,0.44380403,0.35751355,0.5331387,0.47404113,0.17509001,0.5366463,0.48598012,0.38115558,0.27570456,0.82738876,0.31788754,0.34995547,0.3690833,0.5822638,0.27128446,0.6851319,0.48582035,0.43772912,0.5481497,0.5864135,0.5265156,0.43982697,0.61862683,0.23875159,-0.0009477877,0.1311331,0.2842892,0.018110808,-0.045147453,0.24675581,0.3361893,-0.14646216,0.12617645,0.45556197,0.16785274,-0.119251184,-0.2926571,0.5833103,0.12046605,-0.33066803,-0.43704945,0.14160739,-0.052151162,0.31913602,0.12346076,0.2211891,-0.01728917,0.1720664,0.36465523,0.3133205,0.21201071,0.41608834,0.26269367,0.07255505,-0.10504219,-0.051493175,-0.070124015,0.21844156,0.18168564,0.18565744,0.2752686,0.5304016,0.26896542,0.3535165,0.3336447,0.27777448,0.11837467,0.10329911,0.3961376
0.49097192,1.0,0.24738409,0.4149355,-0.054847598,-0.26732767,0.41823706,0.50900966,-0.038485907,-0.2534279,0.058500204,0.37803626,0.02184831,0.27692342,0.2106124,-0.14898983,0.0881052,0.13627703,0.5844661,0.7735217,-0.17006068,-0.29085022,-0.09859324,-0.11738089,-0.014333448,-0.12946483,0.18681175,-0.11482016,0.29402316,0.06566753,-0.32436872,-0.38138214,0.3559812,0.2513621,0.19748843,0.18798791,0.20839891,0.21016906,0.21702056,-0.0029623045,0.10837141,-0.17759961,0.21866797,0.28105617,0.36879608,0.4970772,0.31098872,0.2130715,0.10381871,0.37761578,-0.048569027,0.34089118,-0.048559222,0.32677633,0.16693309,0.21697278,0.39772406,0.80228317,0.16529863,0.27319297,0.31913254,0.2928854,0.32737434,0.7673125,0.427297,0.5142552,0.4488378,0.38892993,0.4766544,0.7089284,-0.06799681,0.23819873,0.39125714,0.042602498,0.22144052,0.15095358,0.35352045,0.24020511,0.1939318,0.21049424,0.2111838,0.5769627,-0.30276975,-0.106010005,0.06332503,0.5185806,-0.5236497,-0.19663626,-0.108641796,0.34778717,0.020719323,0.27651566,-0.14704281,0.08963951,0.20062459,0.25484112,0.23136646,0.17343184,0.25320977,0.23452032,-0.078005865,-0.083386645,0.0002462774,0.06150963,0.14921948,0.050606966,0.2963061,0.098585546,0.22861336,0.06404182,0.13134722,0.23943214,0.14656934,0.116523854,0.08462987,0.24522461
0.5379007,0.24738409,1.0,0.76612866,0.025306985,0.12972018,0.68071085,0.4958685,-0.0814542,0.08378494,0.44329828,0.3419698,0.5371216,0.33151433,0.09575525,0.13819154,0.34818134,0.17875819,0.6865981,0.4125348,-0.17672223,-0.22640802,0.7206573,0.4539157,0.10099657,0.21201327,0.06516003,0.24369356,0.29564363,0.23226252,0.26619372,0.23854493,0.39446956,0.3725611,0.48592007,0.56827223,0.51970845,0.60098904,0.48823917,0.500145,0.18574706,0.20144251,0.5999886,0.5655399,0.4409674,0.47128597,0.62718683,0.5641002,0.29545638,0.18693757,0.20714225,0.04302254,0.4652661,0.36129594,0.64112747,0.5851848,0.25308782,0.22524904,-0.08452714,0.19031762,0.16144231,0.2840518,0.14951766,0.32805184,0.23022579,0.24945496,0.63011307,0.5713173,0.4246638,0.20565483,0.4464844,0.4732365,0.42445928,0.37418488,0.22977217,0.13332754,0.44470713,0.49374622,0.16009927,0.36120576,0.465911,0.37298527,0.35626245,0.3111259,0.4428659,0.4740602,-0.044101886,0.1630882,0.43734255,0.39529726,0.4218573,0.3940806,0.34854662,0.36123207,0.53490764,0.49880654,0.6325768,0.42938304,0.44941092,0.468236,0.38247865,0.21462281,0.36619648,0.4371828,0.5356996,0.5912741,0.39376816,0.44112253,0.7024607,0.6638309,0.70973855,0.33152238,0.411657,0.36735395,0.46965888,0.6130522
0.49463362,0.4149355,0.76612866,1.0,0.1405617,0.19797531,0.66365814,0.68386024,0.013211937,0.07080065,0.37599146,0.506804,0.40835348,0.44217524,0.25507954,0.20468801,0.44038874,0.33571523,0.658693,0.588684,-0.07033595,-0.122200504,0.5354008,0.42648,0.19679052,0.2136162,0.18028554,0.2522088,0.51619095,0.3921587,0.1791962,0.08603761,0.56190807,0.5208742,0.5904269,0.6786431,0.58097214,0.63753563,0.5887659,0.5726967,0.29138166,0.30013368,0.7030717,0.6293164,0.6018225,0.49313128,0.6397001,0.600628,0.30251694,0.16912705,0.08441797,0.056737315,0.2720634,0.3708112,0.67228717,0.6548513,0.2506382,0.32468233,-0.05802621,0.1745083,0.09483548,0.1431647,0.16826658,0.44094154,0.26740146,0.29764172,0.7169149,0.689324,0.5002671,0.26632679,0.43209988,0.5555144,0.5974146,0.48618662,0.391524,0.3579135,0.58537954,0.5702687,0.31487873,0.46299878,0.57520574,0.587968,0.3063217,0.34850273,0.39890617,0.6109372,-0.095557116,0.20280054,0.4925312,0.5137084,0.4424715,0.44143507,0.3169345,0.46845493,0.5921714,0.5386754,0.61577654,0.4671714,0.46127084,0.540826,0.4421601,0.28536543,0.4404468,0.48845828,0.599306,0.616376,0.5642548,0.5944256,0.679386,0.5995293,0.59724015,0.4008666,0.5125498,0.50965357,0.5049741,0.57849246
-0.3832578,-0.054847598,0.025306985,0.1405617,1.0,0.35588372,-0.09900024,0.40238145,0.6744498,0.22450075,0.3269,0.59794366,0.14163515,0.61239433,0.6697663,0.7540932,0.5315605,0.7211172,-0.03324368,-0.1001604,0.47974518,0.5203805,0.1830514,0.596516,0.42776665,0.034917753,0.5530272,0.3252251,0.56683785,0.47258535,0.5655177,0.4235435,0.38820842,0.45564485,0.4793331,0.45708415,0.3280303,0.2664381,0.5376728,0.42186677,0.39262176,0.5958933,0.1387051,0.19261649,-0.053343195,-0.1411324,0.16173829,0.23559237,-0.2631209,-0.2762355,-0.2963457,0.077128395,-0.1551004,-0.19465765,0.31103086,0.2949904,-0.4726865,0.08132673,-0.31066626,-0.18963605,-0.4794335,-0.14898618,-0.49202058,0.0033324277,-0.148953,-0.29253054,0.11752327,0.18438293,-0.04839343,-0.274255,0.39623398,0.56350213,0.58069235,0.33638167,0.6310768,0.5445258,0.40775752,0.33463687,0.5454334,0.3987032,0.20478751,0.4699159,0.6163665,0.7237336,-0.0016477501,0.35390645,0.44518378,0.5933197,0.4246543,0.38315946,0.10887594,0.22205319,0.019126482,0.27476916,0.4922761,0.3574121,0.3886321,0.45181307,0.16121627,0.24186677,0.27363533,0.320719,0.36555988,0.49302396,0.2287093,0.22555926,0.262276,0.1571928,0.25641567,0.35780558,0.25683767,0.20990375,0.13281801,0.2123946,0.39945695,0.2999748
-0.043844365,-0.26732767,0.12972018,0.19797531,0.35588372,1.0,0.16988511,0.21002898,0.17480794,0.42369702,0.34520602,0.29360363,0.32011035,0.20513465,0.23143509,0.552576,0.37400895,0.3954633,-0.034601457,-0.2120405,0.46803674,0.46627468,0.1965636,0.3136232,0.21233533,0.43326923,0.22784024,0.30834875,0.39165163,0.5937951,0.47695705,0.22451325,0.3416268,0.40939203,0.38841233,0.42228898,0.20616163,0.31087568,0.20616256,0.43115082,0.45140707,0.511513,0.32525396,0.3910516,0.30196732,-0.022505801,0.21431006,0.38320112,0.0048307935,-0.013881889,0.09236993,-0.22376843,0.17294607,-0.10903255,0.3532151,0.36959302,-0.05037587,-0.35427466,-0.13267402,-0.2104758,-0.25211608,-0.26488298,-0.0994094,-0.30570322,-0.29267457,-0.30600378,0.16603255,0.3577217,-0.052880462,-0.26824784,0.3960179,0.29660448,0.2861358,0.6141049,0.44889835,0.519201,0.14642991,0.3951558,0.092539474,0.3192583,0.44607794,0.1810181,0.5541403,0.39123687,0.4495023,0.06404334,0.50636274,0.34169847,0.5598132,0.0468309,0.4907254,0.1602402,0.44390866,0.23884894,0.35524523,0.3432971,0.2992145,0.45844725,0.35814315,0.3711104,0.46776515,0.27836692,0.33231598,0.26259136,0.28905448,0.25763333,0.20270342,0.3583106,0.32180274,0.32866433,0.2357385,0.33520383,0.31509173,0.31139207,0.43092623,0.18758708
0.73794365,0.41823706,0.68071085,0.66365814,-0.09900024,0.16988511,1.0,0.53044635,-0.19779354,0.2084884,0.5120412,0.35699406,0.54093874,0.18425727,0.08894721,0.119243585,0.31503817,0.14326651,0.70690054,0.55327797,-0.14004809,-0.24906638,0.41123208,0.24014063,-0.11864468,0.16829368,-0.050194506,0.22637719,0.4134228,0.30244422,0.098206304,0.06417458,0.57266563,0.47721377,0.50003326,0.51965857,0.4585999,0.5957534,0.397503,0.39589408,0.20994438,0.06683193,0.68971366,0.7101861,0.61698425,0.6377133,0.7339158,0.65931296,0.28974578,0.38027847,0.3221448,0.11060835,0.44158715,0.4363352,0.6288009,0.5840104,0.5624937,0.2527498,0.09160044,0.22487602,0.30115175,0.23139335,0.4029411,0.41344944,0.30606058,0.34933707,0.74374735,0.6808981,0.5762643,0.4356259,0.51592535,0.34469983,0.4284886,0.49154225,0.22887304,0.2400167,0.48061517,0.55244386,0.065028496,0.37908873,0.6827016,0.46093878,0.24696378,0.08442597,0.67443115,0.38068494,-0.12449479,-0.07969122,0.44313484,0.293303,0.54005176,0.3789145,0.4015135,0.26252323,0.4738097,0.59863794,0.5690804,0.50191855,0.61905235,0.5318546,0.4215509,0.15264054,0.3223999,0.32318676,0.54842454,0.5149898,0.43134147,0.53994143,0.7025159,0.48144376,0.5526472,0.5400064,0.4575885,0.40724587,0.4207635,0.6295267
0.20455877,0.50900966,0.4958685,0.68386024,0.40238145,0.21002898,0.53044635,1.0,0.19283725,0.16390592,0.4350632,0.7955381,0.40603995,0.75804764,0.4356381,0.42237872,0.5213851,0.6274847,0.53526944,0.49977124,0.043938816,0.00615975,0.34931758,0.54380715,0.30240175,0.22093308,0.41516083,0.22957794,0.68604594,0.50949574,0.30832738,0.10210084,0.75834775,0.75621253,0.7445643,0.75206184,0.5491211,0.5260395,0.71082306,0.5408147,0.43635237,0.48151574,0.5679125,0.6178801,0.49381322,0.389459,0.56516397,0.5828659,0.11500118,0.061716154,-0.18861577,0.06393827,-0.05202648,0.18984836,0.6149678,0.67751604,-0.032246713,0.3857269,-0.2566858,0.030292723,-0.05800035,0.07651179,-0.090427384,0.44355768,0.057338268,0.10804422,0.6200094,0.6426542,0.4707969,0.17345233,0.46524438,0.73934865,0.77701044,0.5297484,0.54542845,0.48898003,0.6334336,0.59817904,0.5098725,0.62858564,0.6025913,0.8259178,0.3810447,0.56731737,0.34123123,0.760472,0.004322045,0.37182838,0.5273049,0.70274955,0.42888436,0.52138317,0.26476684,0.47936276,0.6356376,0.58561295,0.6155782,0.62363356,0.4799393,0.6031824,0.47698852,0.43003297,0.5869607,0.6368123,0.6172882,0.60272723,0.63922006,0.5761872,0.55846417,0.49141997,0.5093846,0.5212665,0.52858424,0.5547919,0.62743217,0.6229792
-0.30817652,-0.038485907,-0.0814542,0.013211937,0.6744498,0.17480794,-0.19779354,0.19283725,1.0,0.20341916,0.23348378,0.40470228,0.18776517,0.51383686,0.65742475,0.63473797,0.46102095,0.56563413,-0.06761399,-0.101773724,0.54549044,0.46649745,0.105827816,0.34586072,0.3414479,-0.10082683,0.41009474,0.30532154,0.3844417,0.35293055,0.41626242,0.2640866,0.18685515,0.25266993,0.2506837,0.27012646,0.119503476,0.1789777,0.32042232,0.27368262,0.44436842,0.4460972,0.027184675,0.05919621,-0.103646666,-0.08359503,0.0632754,0.12384839,-0.22568147,-0.18457553,-0.15074687,0.13087541,-0.14065371,-0.10059205,0.13984916,0.13782334,-0.33886504,0.15204763,-0.18205847,-0.26841086,-0.3110827,-0.21875292,-0.30854592,-0.0036838744,-0.19448768,-0.16500723,-0.00053009274,0.047151115,-0.109357096,-0.23854268,0.22259742,0.36412632,0.39919358,0.19433366,0.3761235,0.41730735,0.29745874,0.20191108,0.3963017,0.22904728,0.03213361,0.3054646,0.49778965,0.5836681,-0.08440524,0.30232286,0.3956902,0.43952903,0.22623028,0.28052685,0.0014907332,0.15408862,0.0019844545,0.21052228,0.2526444,0.1497726,0.20110182,0.17016977,0.0750635,0.12573273,0.13958158,0.17894448,0.18814147,0.2910714,0.12409907,0.03912832,0.11202282,0.033968445,0.09849979,0.19746049,0.1536196,0.050797377,-0.004962806,0.122392654,0.21867241,0.0839208
-0.024094967,-0.2534279,0.08378494,0.07080065,0.22450075,0.42369702,0.2084884,0.16390592,0.20341916,1.0,0.40983817,0.15284348,0.5147002,0.18569656,0.1862612,0.5192805,0.26430514,0.1853884,-0.025603276,-0.11622152,0.19327375,0.34030208,0.23315732,0.30220255,-0.069554746,0.09741807,-0.003642687,0.34973186,0.16416481,0.31810823,0.5077282,0.47389194,0.2333208,0.24821447,0.21596883,0.2271445,0.19365972,0.2933046,0.13416371,0.35318407,0.16006714,0.31366143,0.13936278,0.24860503,0.08222424,-0.002524816,0.21373285,0.32453787,-0.050327655,-0.07684263,0.20280959,-0.07316452,0.17645258,-0.0521185,0.2705397,0.24056745,0.059264585,-0.30263454,-0.12369353,-0.15017219,-0.15826713,-0.093077876,-0.0785687,-0.27996796,-0.17495085,-0.22542237,0.055684358,0.14731404,-0.15427913,-0.2161631,0.51042676,0.21407405,0.1811567,0.44025022,0.36651248,0.30452412,0.27817565,0.3482956,0.06662657,0.15045658,0.25611192,0.009636857,0.51478577,0.3932603,0.4052704,0.014952508,0.32061252,0.17427847,0.34234923,0.007744048,0.3148218,0.013875713,0.3222442,0.06349572,0.1832601,0.2619621,0.22271255,0.32792318,0.34753805,0.2737276,0.21247652,0.08953713,0.16148159,0.18795298,0.17275031,0.15236938,0.050360326,0.17584571,0.2242054,0.27800122,0.24565972,0.33351043,0.20210741,0.2045112,0.21018633,0.18942259
0.35452452,0.058500204,0.44329828,0.37599146,0.3269,0.34520602,0.5120412,0.4350632,0.23348378,0.40983817,1.0,0.5518882,0.7857379,0.47279388,0.33742943,0.5186177,0.69876504,0.53068644,0.49122584,0.25141358,0.21316862,0.114470564,0.45267168,0.4909595,0.037898965,0.11388663,0.12394874,0.35865635,0.53436697,0.52911913,0.43731648,0.3862396,0.60112816,0.5598864,0.61558235,0.5823236,0.45721456,0.5319925,0.49255434,0.45460093,0.31796086,0.32036445,0.54913956,0.6289766,0.41125,0.38862747,0.6383006,0.6831219,0.10394291,0.1853904,0.17108464,0.0046465485,0.39268222,0.26815346,0.64821357,0.56172097,0.22074968,0.14668751,-0.13235807,0.09567039,0.106545106,-0.00034726274,0.09131648,0.1755939,0.10617424,0.1827262,0.5670611,0.55435973,0.3663445,0.12117599,0.7204913,0.50546134,0.5414283,0.6612379,0.38344315,0.34518805,0.5469363,0.5906419,0.3359431,0.45145172,0.61752,0.3922294,0.5843592,0.4768442,0.58180636,0.3243855,0.38388577,0.17898256,0.58219266,0.28910792,0.56924385,0.39157438,0.5012853,0.36095685,0.45985532,0.60213494,0.5821391,0.5482059,0.62527436,0.52456516,0.49832544,0.30952805,0.38233638,0.42487463,0.53272736,0.53122526,0.43255386,0.52649975,0.64735764,0.4715229,0.55463177,0.52790904,0.45729637,0.417706,0.50489664,0.65888023
0.02335387,0.37803626,0.3419698,0.506804,0.59794366,0.29360363,0.35699406,0.7955381,0.40470228,0.15284348,0.5518882,1.0,0.43237102,0.8156885,0.5389393,0.5596085,0.6925551,0.8353815,0.45163804,0.33290154,0.252097,0.18387437,0.3448993,0.59936476,0.36039677,0.09521965,0.39668363,0.33941802,0.76490694,0.5969805,0.44569975,0.20607568,0.8005797,0.80144143,0.80115247,0.75708693,0.44076785,0.527474,0.7304064,0.5579566,0.4635873,0.5821041,0.54070556,0.6220053,0.40461016,0.36268,0.58346057,0.61394566,-0.03752512,0.05853669,-0.27267477,0.076679915,-0.015036004,0.17408235,0.6485549,0.7288755,-0.15585096,0.42886063,-0.31119037,-0.07594608,-0.17332977,-0.03531055,-0.14013441,0.39510694,0.009871583,0.079741634,0.61421967,0.63102365,0.4104987,0.09938935,0.5034335,0.78357947,0.8490995,0.5833819,0.62073123,0.6112018,0.6365992,0.603458,0.58014387,0.6375603,0.57390475,0.86499625,0.49940467,0.6712048,0.23429601,0.7304659,0.2348484,0.45733404,0.5541635,0.7580219,0.46016312,0.63958836,0.3103499,0.57326216,0.6834688,0.6407962,0.6736435,0.6743458,0.5893241,0.65924805,0.58764887,0.4473082,0.6282511,0.6801485,0.663224,0.5916958,0.66526103,0.54911494,0.56623876,0.48218998,0.53384805,0.54573756,0.45174134,0.5495701,0.6667959,0.6320261
0.3380121,0.02184831,0.5371216,0.40835348,0.14163515,0.32011035,0.54093874,0.40603995,0.18776517,0.5147002,0.7857379,0.43237102,1.0,0.4960268,0.2037659,0.41945022,0.44590476,0.32682,0.5106912,0.18276095,0.18184581,0.07707158,0.5398135,0.41932845,0.0009036359,0.09576463,0.0074956673,0.29212627,0.33424696,0.3972335,0.41901958,0.31146744,0.422345,0.39329803,0.46582144,0.44630742,0.31951213,0.53030545,0.38274187,0.45168507,0.3130144,0.31718808,0.45141155,0.5588238,0.3485161,0.35361025,0.5803595,0.6102339,0.14585309,0.14042611,0.24791528,-0.029332196,0.45266524,0.30455413,0.5424961,0.5058295,0.23910311,0.08856142,-0.08715435,-0.036712058,0.05398014,0.027809309,0.06187928,0.08673492,0.0319752,0.14592816,0.4481001,0.41892576,0.21831802,0.010121076,0.6224065,0.42526084,0.4378154,0.5738054,0.2763073,0.26728848,0.49462816,0.5132489,0.12979275,0.3141359,0.45246702,0.27934688,0.5634428,0.43173012,0.5768372,0.37150234,0.2490641,0.20125125,0.4808633,0.30614415,0.5448751,0.40941823,0.5251383,0.366146,0.40368286,0.471699,0.5057817,0.42360482,0.5894844,0.52707416,0.45963958,0.22009973,0.3495378,0.4152399,0.5206887,0.4724363,0.2656853,0.3995838,0.5574873,0.44548795,0.54473394,0.43187168,0.3868364,0.41431743,0.48939496,0.5257938
-0.12758008,0.27692342,0.33151433,0.44217524,0.61239433,0.20513465,0.18425727,0.75804764,0.51383686,0.18569656,0.47279388,0.8156885,0.4960268,1.0,0.56104547,0.57333106,0.5443251,0.72981465,0.3398997,0.2399596,0.27873668,0.25366262,0.3774996,0.6459259,0.42594358,0.141126,0.4593932,0.23853955,0.613788,0.49993867,0.4530509,0.23695251,0.59632266,0.6418348,0.67058027,0.6312453,0.42188337,0.41576928,0.69134194,0.53187346,0.43927494,0.6135951,0.31737489,0.40503076,0.2041304,0.14083205,0.367242,0.43262723,-0.060069893,-0.13941747,-0.3107667,0.046135977,-0.11821792,0.04987979,0.49321637,0.55143666,-0.332923,0.3553901,-0.4057312,-0.18535197,-0.29578853,-0.029892033,-0.37631348,0.24488184,-0.08890751,-0.08067029,0.37971961,0.41588864,0.21117939,-0.07676826,0.41954237,0.7770083,0.74806184,0.44969693,0.5294852,0.49073112,0.5981895,0.4804441,0.57737905,0.5748684,0.36090338,0.69919777,0.51619154,0.7590953,0.1307185,0.71335435,0.19095972,0.5966294,0.4677618,0.7043965,0.28076068,0.4979113,0.1875241,0.51275,0.61156654,0.4502143,0.5530354,0.50421554,0.34015504,0.50105095,0.41531023,0.4459853,0.5454934,0.65922993,0.518775,0.4935939,0.4761184,0.38873404,0.40824372,0.45466772,0.4656576,0.3255711,0.31921366,0.50798064,0.603249,0.48304766
-0.023296932,0.2106124,0.09575525,0.25507954,0.6697663,0.23143509,0.08894721,0.4356381,0.65742475,0.1862612,0.33742943,0.5389393,0.2037659,0.56104547,1.0,0.70656466,0.505664,0.67706585,0.18418361,0.28088415,0.4451175,0.38565937,0.06479244,0.3146436,0.33559707,-0.13590102,0.4396732,0.33617845,0.71507055,0.6512662,0.30094925,0.052691843,0.4720673,0.5076775,0.5022002,0.4529393,0.5065474,0.47410932,0.59500754,0.52799696,0.5047725,0.4387186,0.20648359,0.31902084,0.22438611,0.09957934,0.26072648,0.35768408,0.04978479,-0.07906587,-0.04597477,0.011047103,-0.07066909,-0.06639802,0.4537653,0.3792682,-0.057115704,0.23938307,-0.2335089,-0.18190642,-0.123376854,0.05480474,-0.11091517,0.13831161,0.060153928,-0.052952114,0.32008234,0.43740475,0.08723331,0.008963185,0.39653537,0.50609344,0.6040355,0.4652251,0.5557306,0.527366,0.5405547,0.44751242,0.47190672,0.48155692,0.4045669,0.5425581,0.46864882,0.53590655,0.2861272,0.32144883,0.1851711,0.2684698,0.45898864,0.25902295,0.2332308,0.17654856,0.05270725,0.14719975,0.47665504,0.3800129,0.43792912,0.4817196,0.26394507,0.3465011,0.252236,0.35148913,0.29825747,0.34198785,0.2024576,0.2225172,0.33226785,0.23255153,0.3278677,0.34751078,0.27842763,0.30686042,0.24887975,0.3218329,0.37951896,0.32981083
-0.18816154,-0.14898983,0.13819154,0.20468801,0.7540932,0.552576,0.119243585,0.42237872,0.63473797,0.5192805,0.5186177,0.5596085,0.41945022,0.57333106,0.70656466,1.0,0.6101709,0.7215867,0.06547088,-0.06606176,0.56214786,0.582464,0.33396256,0.58024585,0.29261532,0.11484634,0.4184353,0.466566,0.6604019,0.7104237,0.66489446,0.4415555,0.5176015,0.5724315,0.5811858,0.5601591,0.46156654,0.48951045,0.5685422,0.61831427,0.56103146,0.697016,0.24832845,0.36747235,0.14889176,-0.019454462,0.334146,0.4663753,-0.087183416,-0.19024603,0.0025324344,-0.04322461,0.07923506,-0.12918827,0.50578463,0.47001484,-0.2284544,-0.06800846,-0.33548385,-0.24264278,-0.27505884,-0.10939599,-0.3307784,-0.15900566,-0.20798531,-0.23317589,0.26777676,0.38371372,0.016331188,-0.2593225,0.6509317,0.62125343,0.58498,0.6123236,0.6373781,0.6132248,0.5191405,0.5260614,0.49184638,0.5047121,0.42974356,0.44836023,0.8085144,0.776809,0.36785954,0.31090713,0.5377782,0.48658767,0.58891064,0.28737172,0.38960966,0.26704863,0.2807721,0.29810837,0.5328536,0.4595161,0.51467526,0.59468305,0.40248084,0.45674422,0.42688376,0.4554102,0.43413648,0.5144235,0.36896774,0.37999967,0.3449985,0.3353217,0.4042484,0.4582099,0.41796693,0.4107238,0.31900963,0.36920065,0.52492785,0.39148092
0.0905053,0.0881052,0.34818134,0.44038874,0.5315605,0.37400895,0.31503817,0.5213851,0.46102095,0.26430514,0.69876504,0.6925551,0.44590476,0.5443251,0.505664,0.6101709,1.0,0.7627225,0.3441491,0.20297769,0.27013162,0.23359083,0.45195037,0.6122679,0.34557706,0.208338,0.2972973,0.4947263,0.69025207,0.64260375,0.5100216,0.38768968,0.7147867,0.71146727,0.7395807,0.72905403,0.5159753,0.53919494,0.61928797,0.5835662,0.44585717,0.50974464,0.58066285,0.57038116,0.43256643,0.29244858,0.5638936,0.62366533,0.043569807,0.014647075,-0.07660326,-0.06708126,0.19403131,0.21961384,0.6806179,0.6604661,-0.048306778,0.1982702,-0.2962207,-0.03482597,-0.056090396,-0.046668142,-0.068484046,0.21302971,0.011271802,0.07607333,0.5697533,0.61260563,0.40329072,0.040169153,0.61619526,0.67529714,0.7011993,0.6153508,0.4685448,0.5594921,0.55651516,0.61296004,0.5306956,0.612062,0.6069703,0.6035588,0.59519625,0.66351545,0.32295695,0.47311765,0.42887926,0.37765265,0.6010475,0.48588943,0.5242009,0.5111897,0.45534426,0.5215483,0.58386827,0.5965823,0.6234973,0.57062197,0.5257636,0.58510196,0.6173241,0.43347415,0.5598912,0.5846232,0.61431205,0.6176705,0.6408844,0.6350177,0.61498755,0.5086227,0.5376412,0.46576476,0.5025715,0.5188767,0.5888302,0.6296126
-0.1445037,0.13627703,0.17875819,0.33571523,0.7211172,0.3954633,0.14326651,0.6274847,0.56563413,0.1853884,0.53068644,0.8353815,0.32682,0.72981465,0.67706585,0.7215867,0.7627225,1.0,0.20291533,0.12724407,0.43538803,0.39212888,0.26560432,0.5921952,0.4403289,0.120512314,0.4575685,0.42980406,0.7916367,0.7488656,0.5226627,0.2558765,0.7312792,0.76103264,0.77171,0.72209823,0.4595957,0.48722163,0.6928743,0.5856346,0.5663145,0.66637343,0.4340499,0.52588534,0.32605582,0.18815517,0.4349222,0.56545585,-0.06408237,-0.029004518,-0.17429183,-0.053797822,-0.017819764,0.038309902,0.5944548,0.62750775,-0.2441988,0.21783262,-0.35474512,-0.19826302,-0.2133915,-0.1186801,-0.2121516,0.17210336,-0.08753809,-0.061522525,0.47909036,0.55371475,0.24630871,-0.08731329,0.5194689,0.7495629,0.77312887,0.60810375,0.61989474,0.64304054,0.58896714,0.59048814,0.6211402,0.6687948,0.56571525,0.7385245,0.609226,0.7362006,0.2375706,0.54220766,0.41419524,0.494393,0.58903825,0.5667061,0.4508388,0.5297472,0.33032927,0.5116638,0.61909497,0.54252905,0.5870776,0.6468724,0.47663996,0.5619956,0.5806299,0.49215943,0.5950197,0.6221044,0.54559207,0.5177883,0.61127156,0.5035558,0.4664831,0.43237588,0.43132478,0.48798996,0.42356673,0.4912848,0.6226294,0.52969307
0.6777428,0.5844661,0.6865981,0.658693,-0.03324368,-0.034601457,0.70690054,0.53526944,-0.06761399,-0.025603276,0.49122584,0.45163804,0.5106912,0.3398997,0.18418361,0.06547088,0.3441491,0.20291533,1.0,0.717456,-0.20432489,-0.3141826,0.49900934,0.24484266,-0.060439046,-0.07716079,-0.04779009,0.12499941,0.38353786,0.19432966,-0.023962058,-0.0656308,0.5100503,0.38058153,0.45949408,0.4319402,0.44527507,0.55107856,0.44287577,0.31950277,0.11802711,-0.013029445,0.53945273,0.5415273,0.5223536,0.6194661,0.6581769,0.5353503,0.20427653,0.3289401,0.18844588,0.2337426,0.41914743,0.46953136,0.5665934,0.5393945,0.4534875,0.5589911,0.09697051,0.2979346,0.43301252,0.3348595,0.33017588,0.5883801,0.4264773,0.52619547,0.711198,0.59360546,0.56872404,0.5758286,0.39028993,0.4427408,0.5182576,0.3469362,0.21807194,0.14862907,0.51907647,0.49165213,0.13316542,0.37010667,0.4300987,0.51913935,0.13734436,0.13227236,0.43012846,0.5599377,-0.21788408,-0.01754632,0.2592869,0.44783,0.35566893,0.44942856,0.2897682,0.28720835,0.44274446,0.4899664,0.5942229,0.38167164,0.5423499,0.49078563,0.29304975,0.15621743,0.27015433,0.35439757,0.5286855,0.4889047,0.46623752,0.42359278,0.64177233,0.466321,0.5619558,0.4260258,0.42678577,0.3184836,0.34343135,0.62389684
0.64840955,0.7735217,0.4125348,0.588684,-0.1001604,-0.2120405,0.55327797,0.49977124,-0.101773724,-0.11622152,0.25141358,0.33290154,0.18276095,0.2399596,0.28088415,-0.06606176,0.20297769,0.12724407,0.717456,1.0,-0.25008637,-0.35290274,0.11934745,0.009417083,-0.030507594,-0.09730916,0.0240729,-0.02124548,0.39945784,0.1918336,-0.30255008,-0.29404727,0.46306318,0.34594727,0.34971508,0.31950605,0.4170399,0.3872994,0.35840976,0.20478544,0.022021828,-0.18506823,0.34256202,0.39874163,0.5247196,0.5394172,0.46107614,0.38483986,0.23825791,0.381401,0.108368464,0.2127728,0.16404249,0.37277356,0.3724861,0.36347526,0.52141833,0.64600074,0.17883928,0.3482479,0.4645855,0.35697326,0.38637188,0.6674205,0.51350456,0.522374,0.62005216,0.56956,0.5286172,0.7066175,0.19801854,0.27769035,0.40782356,0.23495345,0.23753849,0.11703369,0.46640828,0.35591477,0.16552652,0.31729802,0.37052897,0.50705284,-0.17032985,-0.061882675,0.30561402,0.43003595,-0.457051,-0.23465563,0.06636466,0.27684784,0.22424415,0.24902697,0.04216874,0.11427108,0.2967364,0.36547425,0.3725049,0.2883792,0.3400006,0.34818366,0.05078275,0.070490755,0.11105693,0.13115284,0.2742068,0.22663689,0.41676968,0.25226682,0.43485218,0.2359241,0.29566932,0.3364958,0.36008152,0.26029173,0.18114118,0.43417692
-0.21792845,-0.17006068,-0.17672223,-0.07033595,0.47974518,0.46803674,-0.14004809,0.043938816,0.54549044,0.19327375,0.21316862,0.252097,0.18184581,0.27873668,0.4451175,0.56214786,0.27013162,0.43538803,-0.20432489,-0.25008637,1.0,0.72933626,-0.04698355,0.15329798,0.11738174,-0.05748131,0.32380104,0.20863417,0.36751002,0.4797234,0.37291646,0.14946121,0.12661226,0.19452183,0.1423552,0.18431106,0.00458621,0.09783213,0.053353373,0.16737151,0.5913967,0.45706216,0.068988256,0.12556125,0.028597753,-0.07097206,0.051041596,0.13375856,-0.1834368,-0.051057957,0.047771435,0.051412478,0.07351876,-0.123283856,0.068449736,0.046177715,-0.13580546,-0.10793864,-0.017390128,-0.2952018,-0.35707098,-0.26359698,-0.06671345,-0.16367675,-0.3243449,-0.13577716,-0.0008953732,0.0666745,-0.2642085,-0.26595008,0.14051679,0.17459096,0.24560115,0.30663678,0.37605047,0.40162972,0.141033,0.21057843,0.1207279,0.08078545,0.13184567,0.1359823,0.4557683,0.35346618,0.12947093,0.09406791,0.47638673,0.31516182,0.28275937,0.0020522801,0.11453199,0.083160244,0.115755014,0.061289735,0.19023228,0.11200782,0.12009143,0.17307283,0.18494521,0.10115985,0.15844873,0.06100826,0.0258677,0.10119548,0.006705464,-0.060513113,-0.05612987,0.00659955,0.059774056,0.05879584,0.04325907,0.1569943,-0.086045496,0.05619404,0.16889271,-0.108153746
-0.3819684,-0.29085022,-0.22640802,-0.122200504,0.5203805,0.46627468,-0.24906638,0.00615975,0.46649745,0.34030208,0.114470564,0.18387437,0.07707158,0.25366262,0.38565937,0.582464,0.23359083,0.39212888,-0.3141826,-0.35290274,0.72933626,1.0,-0.028644893,0.25244647,0.19317172,-0.06356836,0.33851427,0.40227702,0.31719005,0.4223381,0.43989417,0.2534935,0.11221493,0.18802552,0.14561965,0.14072463,0.052568913,0.021509467,0.1154643,0.26997647,0.41916013,0.5390833,-0.06432032,0.0032701436,-0.07983263,-0.32504934,-0.089732066,0.004622852,-0.2693466,-0.2711389,-0.07650636,-0.15957136,-0.0741162,-0.27955997,0.018321553,0.027645359,-0.33534095,-0.29056096,-0.207166,-0.2327725,-0.45786032,-0.23650254,-0.26674828,-0.32023534,-0.40140972,-0.31293485,-0.10548848,-0.025903095,-0.4187891,-0.404029,0.17322691,0.23895203,0.17564651,0.24238738,0.35498488,0.4162021,0.12408226,0.14920114,0.21431212,0.22953697,0.077368855,0.06367273,0.47815537,0.46041396,0.07480767,0.02861083,0.4509091,0.41653985,0.2847512,-0.009628797,-0.01175181,-0.04031779,0.057888273,0.07779247,0.17998955,0.023361906,0.09538767,0.18285426,0.05389335,0.0378107,0.057073817,0.074824736,0.022949396,0.091988735,-0.06573077,-0.033897094,-0.049055334,0.012323147,-0.012365632,0.13055553,0.030655446,0.14786857,-0.06635732,0.08481045,0.054358847,-0.19040641
0.14317124,-0.09859324,0.7206573,0.5354008,0.1830514,0.1965636,0.41123208,0.34931758,0.105827816,0.23315732,0.45267168,0.3448993,0.5398135,0.3774996,0.06479244,0.33396256,0.45195037,0.26560432,0.49900934,0.11934745,-0.04698355,-0.028644893,1.0,0.7128625,0.06774979,0.20089926,-0.04747112,0.2860837,0.2655543,0.23462823,0.53129375,0.5376341,0.40097547,0.3673931,0.4924787,0.5351446,0.4174683,0.5172903,0.4604721,0.5005259,0.18275997,0.37987864,0.4291747,0.36598232,0.26682228,0.24894275,0.50545496,0.47251636,0.15538296,-0.04773805,0.1110217,-5.0944447e-05,0.43393216,0.27849984,0.58657557,0.55189055,-0.08124175,0.042537935,-0.2362847,0.053892054,0.04112333,0.19562286,-0.121610224,0.057334844,-0.019528426,0.08489732,0.48061666,0.38029376,0.28464162,-0.047796164,0.56219155,0.56445026,0.4261142,0.3520545,0.19203462,0.15281592,0.40421793,0.46689135,0.14866816,0.37036264,0.30423045,0.28260916,0.6079289,0.56592304,0.27799043,0.46445438,0.28141227,0.39232975,0.40103644,0.4587819,0.38646278,0.43679833,0.44796878,0.47388068,0.5114781,0.42890665,0.6417933,0.3542574,0.3949218,0.437523,0.48663926,0.3328486,0.47986516,0.58176076,0.5871511,0.6307167,0.3930669,0.41476858,0.5955912,0.68079025,0.7459157,0.23892088,0.34966975,0.36481962,0.4823573,0.5818486
-0.17358692,-0.11738089,0.4539157,0.42648,0.596516,0.3136232,0.24014063,0.54380715,0.34586072,0.30220255,0.4909595,0.59936476,0.41932845,0.6459259,0.3146436,0.58024585,0.6122679,0.5921952,0.24484266,0.009417083,0.15329798,0.25244647,0.7128625,1.0,0.30605537,0.25697452,0.29273602,0.35434362,0.50276417,0.41750625,0.640346,0.6358175,0.5698508,0.5840222,0.6786605,0.6985686,0.4596792,0.41998988,0.6245272,0.5664023,0.2971958,0.62433755,0.42338696,0.39333513,0.1953453,0.06474177,0.4575609,0.4985788,-0.054525327,-0.17983228,-0.14004286,-0.019564025,0.11278859,0.116240315,0.5839331,0.5726823,-0.40161383,0.018107139,-0.41750735,-0.070608824,-0.260269,-0.016200237,-0.4271067,0.04475463,-0.12866075,-0.1347612,0.40946335,0.37326074,0.2192245,-0.25167072,0.62873894,0.7590128,0.60966104,0.42937446,0.3894841,0.40850532,0.48984203,0.50657225,0.45778126,0.5034252,0.37737936,0.4782541,0.6987833,0.8156516,0.15253784,0.5403324,0.41942555,0.63712823,0.52958393,0.5889793,0.3434819,0.45007977,0.32472283,0.5463986,0.6627429,0.5564947,0.66660637,0.53640103,0.35426542,0.42969346,0.5307053,0.48088866,0.5875063,0.69252616,0.5663254,0.6207614,0.47669345,0.4616019,0.5795411,0.66866773,0.6524533,0.33377674,0.35274994,0.4439095,0.5537887,0.5824623
-0.2859574,-0.014333448,0.10099657,0.19679052,0.42776665,0.21233533,-0.11864468,0.30240175,0.3414479,-0.069554746,0.037898965,0.36039677,0.0009036359,0.42594358,0.33559707,0.29261532,0.34557706,0.4403289,-0.060439046,-0.030507594,0.11738174,0.19317172,0.06774979,0.30605537,1.0,0.33570784,0.35551623,0.18658407,0.35215124,0.32399982,0.25489196,0.16169891,0.23612228,0.3613725,0.3613506,0.2967303,0.13472736,0.082948245,0.3940046,0.3583431,0.18269163,0.41244674,0.12596187,0.13077286,0.011897803,-0.1512994,0.016020149,0.06324755,-0.025584849,-0.24059577,-0.4144079,-0.22871117,-0.27341017,-0.17166288,0.16821675,0.2974394,-0.40531167,0.0027923288,-0.32657325,-0.13160184,-0.3543405,-0.17578484,-0.38931146,-0.01392691,-0.1205889,-0.3160117,0.07155421,0.17666565,0.08270638,-0.23193572,0.08720198,0.36978626,0.28942513,0.14947854,0.19566189,0.31105122,0.15351324,0.06005663,0.3480548,0.29295978,0.22072135,0.3508887,0.22624029,0.42057395,-0.060335763,0.19214961,0.19401185,0.3716084,0.2922571,0.32812884,0.19162317,0.2737016,0.1263622,0.3427348,0.264082,0.14602955,0.1533348,0.22705314,-0.025198938,0.2614942,0.26865917,0.36804926,0.4076918,0.38022366,0.23588826,0.2977851,0.32198218,0.30010733,0.03403927,0.13132386,0.061504364,0.023319174,0.2914952,0.3997746,0.3279622,0.12244416
-0.065318756,-0.12946483,0.21201327,0.2136162,0.034917753,0.43326923,0.16829368,0.22093308,-0.10082683,0.09741807,0.11388663,0.09521965,0.09576463,0.141126,-0.13590102,0.11484634,0.208338,0.120512314,-0.07716079,-0.09730916,-0.05748131,-0.06356836,0.20089926,0.25697452,0.33570784,1.0,0.10745928,0.039672233,0.10943924,0.2350471,0.2508439,0.21406439,0.19118467,0.25446403,0.25423342,0.26511633,0.11819642,0.118482426,0.11082068,0.19947173,0.13812649,0.25582632,0.1467705,0.113272026,0.09449594,-0.075844385,0.053128105,0.17850846,0.111705534,-0.047773417,-0.031058773,-0.25383246,-0.054260604,-0.12624997,0.14432833,0.19272034,-0.13330004,-0.21440387,-0.1906403,-0.074516326,-0.14056869,-0.10295518,-0.23889084,-0.1952215,-0.07277618,-0.27121943,0.0735515,0.20309325,0.22350103,-0.1383857,0.16328889,0.11859244,0.07151678,0.27255985,0.05519779,0.21235536,-0.04201099,0.13332124,0.1364027,0.14758319,0.24644239,0.07929547,0.18617916,0.19394153,0.17529126,0.043574058,0.28757697,0.23750249,0.23840737,0.05490901,0.35137257,0.1355642,0.30669558,0.22324884,0.111288235,0.10791089,0.03564483,0.1411391,0.035365015,0.23840675,0.32401174,0.31478485,0.30885494,0.25741562,0.25283256,0.28562766,0.2673435,0.32859918,0.102300964,0.11736751,0.049131688,0.07620184,0.32998067,0.33917022,0.39176542,0.15760852
-0.19756538,0.18681175,0.06516003,0.18028554,0.5530272,0.22784024,-0.050194506,0.41516083,0.41009474,-0.003642687,0.12394874,0.39668363,0.0074956673,0.4593932,0.4396732,0.4184353,0.2972973,0.4575685,-0.04779009,0.0240729,0.32380104,0.33851427,-0.04747112,0.29273602,0.35551623,0.10745928,1.0,0.23464859,0.3968982,0.32593256,0.23195186,0.08232725,0.20825471,0.3223943,0.27522573,0.3477617,0.28858,0.14955947,0.41606322,0.35917446,0.43410972,0.4490193,0.15054257,0.20619506,0.0377014,-0.101708844,0.087615795,0.15610707,-0.13396156,-0.18496554,-0.24732263,-0.072320744,-0.2974652,-0.1816207,0.19335593,0.23031098,-0.31704476,0.16317993,-0.29247466,-0.13780934,-0.28919417,-0.097763695,-0.35797134,0.104672424,0.010801473,-0.20905875,0.07028812,0.17792363,0.0010879068,-0.10436153,0.08946336,0.41890687,0.41337013,0.23875046,0.47996107,0.35926533,0.22493805,0.19638382,0.42848,0.2878733,0.14327914,0.3862221,0.26122537,0.43637267,-0.043698743,0.2946764,0.110850655,0.420748,0.34739256,0.2761557,0.042109758,0.09182963,-0.056138877,0.20066237,0.28296763,0.2509843,0.19464569,0.31589198,0.037582185,0.18185969,0.08742951,0.23790097,0.24637347,0.29374003,0.122795224,0.15163842,0.18114269,0.14917661,0.13655022,0.2243254,0.10730893,0.13723712,0.21171607,0.22864042,0.21345651,0.06683988
0.057657056,-0.11482016,0.24369356,0.2522088,0.3252251,0.30834875,0.22637719,0.22957794,0.30532154,0.34973186,0.35865635,0.33941802,0.29212627,0.23853955,0.33617845,0.466566,0.4947263,0.42980406,0.12499941,-0.02124548,0.20863417,0.40227702,0.2860837,0.35434362,0.18658407,0.039672233,0.23464859,1.0,0.42171845,0.43212357,0.37086695,0.27205247,0.3801094,0.40958038,0.40605986,0.47436672,0.41807392,0.44242683,0.43224677,0.5751723,0.3432522,0.44537878,0.37424663,0.3900106,0.21083206,0.10855321,0.35401806,0.4283435,-0.03552589,-0.05948167,0.13639364,-0.10870519,0.14144072,0.088128075,0.5055389,0.4634124,-0.01920437,-0.16416773,-0.2817808,-0.039387405,-0.12589075,-0.07976386,-0.04258546,-0.091646,-0.011456587,-0.10913891,0.33828148,0.38299888,0.06043809,-0.18426006,0.4510776,0.35163936,0.35803428,0.42801648,0.3465031,0.48754814,0.37277243,0.44590536,0.31878164,0.42334223,0.42606366,0.25379747,0.5031057,0.4080896,0.3317929,0.177091,0.3281875,0.2537181,0.5398232,0.20283753,0.35561284,0.19959648,0.3466765,0.33638117,0.41973245,0.37806,0.44233477,0.47406447,0.3789707,0.374218,0.3786228,0.36107174,0.34519327,0.34084588,0.354742,0.40325174,0.31473416,0.37652478,0.45407876,0.4354725,0.4135653,0.37209505,0.38730082,0.29577392,0.33612168,0.32011914
0.13240561,0.29402316,0.29564363,0.51619095,0.56683785,0.39165163,0.4134228,0.68604594,0.3844417,0.16416481,0.53436697,0.76490694,0.33424696,0.613788,0.71507055,0.6604019,0.69025207,0.7916367,0.38353786,0.39945784,0.36751002,0.31719005,0.2655543,0.50276417,0.35215124,0.10943924,0.3968982,0.42171845,1.0,0.7916213,0.3811448,0.1316621,0.82086486,0.80108184,0.7763856,0.7368173,0.5971308,0.6056022,0.70835525,0.6525357,0.5688653,0.5637143,0.52780426,0.60290354,0.5326766,0.3257647,0.56080097,0.6233928,0.11391511,0.09514116,-0.026601478,-0.04556504,0.060209718,0.1647458,0.67845726,0.67349374,0.007562126,0.26200587,-0.24617392,0.003857918,-0.023155984,0.043107163,-0.022277055,0.28287572,0.07654796,0.099116795,0.6675955,0.7031552,0.4490951,0.121959515,0.60342515,0.68604356,0.7805629,0.6604609,0.6035292,0.633124,0.6785704,0.66444063,0.5510612,0.69536096,0.735404,0.78738153,0.5654351,0.5903889,0.44677132,0.55497205,0.27217108,0.3141034,0.6268095,0.50143605,0.50780797,0.49361473,0.33069426,0.46083906,0.6648536,0.6263919,0.66092074,0.69505274,0.55250823,0.62773776,0.5807199,0.5047301,0.5530834,0.55601496,0.563625,0.571043,0.652101,0.60081893,0.57315755,0.4501312,0.4529208,0.59242463,0.51599604,0.59172237,0.58748186,0.58562595
0.1132742,0.06566753,0.23226252,0.3921587,0.47258535,0.5937951,0.30244422,0.50949574,0.35293055,0.31810823,0.52911913,0.5969805,0.3972335,0.49993867,0.6512662,0.7104237,0.64260375,0.7488656,0.19432966,0.1918336,0.4797234,0.4223381,0.23462823,0.41750625,0.32399982,0.2350471,0.32593256,0.43212357,0.7916213,1.0,0.4193391,0.15929641,0.6786423,0.71158665,0.7085116,0.673786,0.57762295,0.62841284,0.56269276,0.6808665,0.61081004,0.5869871,0.44541052,0.56786954,0.50938934,0.21698962,0.4389438,0.6291191,0.17066848,0.12315746,0.13481885,-0.23952359,0.18717094,0.08256121,0.63370484,0.5978295,0.0926124,0.013939597,-0.21210922,-0.15130022,9.947378e-05,-0.06905733,0.04697287,0.021019267,-0.036583997,-0.02330196,0.550821,0.69724387,0.19764309,-0.048146863,0.6041156,0.5813093,0.60748535,0.80582803,0.5546948,0.6293538,0.5592239,0.69297534,0.4251175,0.63560396,0.7236868,0.5770777,0.6071196,0.5514527,0.6034541,0.3093917,0.38696405,0.20276314,0.64837265,0.20665726,0.5946501,0.35598794,0.42986995,0.3763293,0.535301,0.51636904,0.5517004,0.64157045,0.50316846,0.56620467,0.5677623,0.48287672,0.4587058,0.41293857,0.45584324,0.4830094,0.5444392,0.5589709,0.5347222,0.43821016,0.42679566,0.517718,0.47555578,0.5408975,0.59444964,0.46805635
-0.27444327,-0.32436872,0.26619372,0.1791962,0.5655177,0.47695705,0.098206304,0.30832738,0.41626242,0.5077282,0.43731648,0.44569975,0.41901958,0.4530509,0.30094925,0.66489446,0.5100216,0.5226627,-0.023962058,-0.30255008,0.37291646,0.43989417,0.53129375,0.640346,0.25489196,0.2508439,0.23195186,0.37086695,0.3811448,0.4193391,1.0,0.71391684,0.36650652,0.41675884,0.4456837,0.47797313,0.22678873,0.34875703,0.3926405,0.45003176,0.38674387,0.60083026,0.2601097,0.3210609,0.0333959,0.027223539,0.3230055,0.38153732,0.015027002,-0.2472632,-0.09167324,-0.14369269,0.16911873,-0.07203446,0.4280661,0.4216553,-0.32368776,-0.19164874,-0.2538501,-0.15222633,-0.38895127,-0.15886495,-0.32495552,-0.18701427,-0.26891935,-0.27271295,0.1929916,0.23790796,-0.031208862,-0.33011842,0.5675998,0.48887467,0.3989809,0.40630522,0.45163506,0.3692215,0.30588123,0.41212493,0.3332764,0.39089882,0.30703732,0.26584405,0.782493,0.7289403,0.20936255,0.28283226,0.64465636,0.5529791,0.48270604,0.33491784,0.3660151,0.3119219,0.38373205,0.27898028,0.463663,0.38985863,0.44897985,0.46350986,0.36872503,0.3891041,0.43681026,0.26383123,0.41934952,0.50805324,0.3962309,0.3773302,0.24542396,0.3043023,0.35555795,0.44610062,0.47148266,0.29221672,0.18724303,0.28534934,0.48937863,0.38830113
