1.0,0.5403745,0.24540631,0.19405296,-0.21358554,0.13903745,0.57177234,0.25562587,0.07268493,0.27189732,0.49965596,0.53063977,0.5868723,0.41315338,-0.09816274,-0.07225859,0.32455266,0.25044772,0.13404799,0.26018548,-0.09865728,0.012537677,0.10806609,0.18942745,-0.15190203,0.074233264,-0.12574533,-0.13891597,0.12029756,0.25705156,0.32774255,0.28376535,0.2873672,0.2511737,0.054870695,-0.038303033,0.24908361,0.19759989,0.11217221,0.067647405,-0.008677125,0.027604418,0.3729237,0.37306857,0.11813801,0.24636433,0.426098,0.5019079,0.15010506,0.20319615,0.16416167,-0.041553963,0.19115576,0.044048183,0.11110849,0.2948116,0.6450292,0.4876625,0.22093052,0.3674935,0.4537588,0.2649493,0.26807612,0.060909472,0.27407083,0.079505324,0.27051547,0.27494478,0.33912468,0.26812407,0.20196791,0.008399743,-0.014503162,-0.039682608,-0.18095145,-0.22180882,0.04309947,-0.052664932,0.054375794,0.24098721,0.07323778,-0.012267293,-0.1388418,-0.14866607,0.3334688,-0.1967694,0.03450704,-0.07994347,0.3852855,-0.12375283,0.123769596,0.018641,0.018565662,0.15848714,0.10314233,0.19472633,0.16204357,0.35998186,-0.022922046,0.22422124,0.12694341,-0.099724606,-0.16865173,-0.26657423,-0.30480048,-0.33105183,-0.13048117,-0.12985565,0.1155302,0.1979734,0.26327103,0.17187464,-0.12176424,-0.13934843,0.016315585,0.09342664
0.5403745,1.0,0.27181545,0.33760408,-0.055774093,0.01850389,0.3156579,0.38692576,0.0070957206,-0.011415439,0.21822266,0.43482262,0.388004,0.3213847,-0.2841417,0.05121256,0.06875381,0.25253844,0.23743215,0.34179235,0.012642964,-0.1358529,0.060309596,0.13910265,-0.049727198,-0.1550315,-0.058694914,-0.022611503,0.08484279,-0.03609629,0.021327708,0.2235718,0.34519702,0.27461576,0.03243689,0.068469696,0.22737229,0.20496033,0.12280516,-0.03468604,0.08301173,0.20338336,0.40026087,0.4952631,0.21204573,0.1854437,0.42873684,0.4577506,0.11288322,0.29740834,0.15772843,0.057756025,0.19433245,-0.014961899,0.12606475,0.2560835,0.21949713,0.6143003,0.20878147,0.5295525,0.31947887,0.37477103,-0.0053786715,0.2541265,0.2024863,0.29112422,0.19868213,0.32551426,0.37983552,0.22360383,0.03329592,-0.03431208,0.05620704,-0.061553825,-0.19947186,-0.21625774,0.13434388,0.06431642,0.22466837,0.27958804,-0.01086812,0.30411813,-0.3458977,-0.11767473,-0.052002,0.14178917,-0.15611506,-0.042713866,0.05548008,-0.0989174,0.05824101,0.01944168,-0.10092976,0.03737101,0.27962837,0.2152082,0.26154888,0.33420596,-0.06548648,0.28657752,0.0061017293,-0.07877143,-0.2861595,-0.34327286,-0.37642485,-0.3586883,-0.053293865,-0.059428077,0.13124877,0.26495788,0.29063928,0.15943573,-0.085883886,-0.05505628,-0.12138511,-0.052641716
0.24540631,0.27181545,1.0,0.4245384,0.13934816,0.3352839,0.5310201,0.48517722,0.3066832,0.39055482,0.3612355,0.46792254,0.46490815,0.24641086,0.29032505,0.2830288,0.24916363,0.21714766,0.22063208,0.104017474,0.28134376,0.11610523,0.52663636,0.55340123,0.1955486,0.27916187,0.057419874,-0.009701839,0.5086269,0.2930613,0.28331214,0.43038112,0.41841722,0.33285874,0.32033134,0.19181083,0.40214112,0.061096538,0.15924963,0.0027473955,-0.10291461,0.2674723,-0.012850368,0.0044381893,-0.15730286,-0.078760155,0.00428142,0.09725832,-0.14740689,-0.026172994,-0.18369247,-0.3282635,-0.18814586,-0.24007429,-0.11840388,0.045867115,0.06746721,0.026213547,-0.09444651,-0.000994196,-0.13512273,-0.217065,-0.13133359,-0.11280564,-0.19557665,-0.053338256,-0.1691453,-0.15007566,-0.06841278,-0.26036137,0.30689114,0.27561212,0.4103306,0.26587966,0.15684056,0.110474475,0.19812079,0.23781583,0.12695754,0.07555401,0.26315188,0.13959928,0.28874916,0.28342927,0.29497838,0.091194436,0.15561867,0.37727043,0.22882731,-0.07556575,0.040350977,0.10148256,-0.16588,0.14110248,0.19546627,0.19221157,0.12332448,0.35643607,-0.11389079,-0.09329764,-0.10073449,0.06734115,-0.26453874,-0.124629535,-0.19428061,0.043302074,-0.14903262,-0.23712917,0.09219489,0.2377986,0.19251709,-0.07443938,-0.27849212,0.08477942,0.049194895,0.17408058
0.19405296,0.33760408,0.4245384,1.0,0.1099254,0.21942368,0.39129633,0.58427626,0.18605241,0.31219345,0.38939643,0.44131342,0.3759241,0.40613243,0.08086666,0.34366146,0.33214802,0.4373171,0.3118752,0.33804473,0.19973217,0.17332356,0.41113088,0.45029667,0.20067042,0.1481299,-0.058722295,-0.03002123,0.3728428,0.28319412,0.18631046,0.2361354,0.54873896,0.56758016,0.37422475,0.24502923,0.44075137,0.08679383,0.4317256,0.21988796,0.05706952,0.21906596,0.14582229,0.09803052,-0.033903416,0.09522429,0.21805385,0.19961534,-0.065264896,0.0030141845,0.06296703,-0.10575017,-0.092120245,-0.17327167,0.16203105,0.11746975,0.11464227,0.24706419,-0.16769575,0.08564305,-0.12355807,-0.085432276,-0.17524815,0.19418645,0.023324555,0.11351411,0.016827527,0.04706902,-0.040602773,-0.24381094,0.25696716,0.28025964,0.07081441,0.029731466,0.095767654,0.047473863,0.13702056,0.11966704,0.0017363217,0.16636206,-0.03973738,0.305899,0.029973615,0.44717935,0.21128704,0.22609785,0.20218244,0.33120215,0.3135163,0.03698035,0.3693581,0.14915662,-0.026932592,0.11837184,0.032816105,0.20691834,0.34570575,0.31799436,0.10984676,-0.00992675,0.053733006,-0.0704378,0.018130146,-0.079145886,-0.076975085,0.1807825,-0.09286822,-0.3969626,-0.021833638,0.328691,0.35743353,0.07508325,-0.02908268,0.37597314,0.1697829,0.27253908
-0.21358554,-0.055774093,0.13934816,0.1099254,1.0,0.08223697,0.046733547,0.059616998,0.19062486,-0.15478751,0.04912152,0.21555822,-0.045161534,-0.02394844,-0.007990792,0.47022265,0.06357522,0.097844474,0.051172156,-0.034501065,0.43943614,0.067662224,0.07632244,-0.044422314,0.5255761,0.121810995,0.6581267,0.3828956,0.27867264,-0.083192326,-0.11265057,-0.11528748,-0.015281194,0.1387948,0.064543135,0.07981846,0.016101109,0.168845,0.11569719,0.19862463,0.11461031,0.12977283,-0.14323975,-0.15014449,-0.0593908,0.01159998,-0.19035026,-0.016451264,-0.270118,-0.052334454,-0.17116693,0.0018483315,-0.22087537,-0.08844923,-0.045598213,0.3020694,-0.36184204,0.10913664,-0.12445866,-0.057892144,-0.3383057,0.031835075,-0.245063,0.20429152,-0.19785285,0.050817486,-0.09595933,-0.06985572,-0.080987915,0.00089737086,0.014562652,0.0035590094,0.1285749,-0.06617111,0.18375725,-0.0026896189,0.061316412,0.10470826,0.07894468,0.20278475,0.006021056,0.32043713,0.25609943,0.4478463,-0.16569205,0.35516277,0.08972048,0.13710575,-0.18460988,0.42678437,-0.28794917,0.23334832,-0.20611395,-0.0065813945,0.005390282,0.054696582,0.05867783,0.16979949,-0.12994212,0.10411777,-0.065555066,0.047161955,-0.20473509,-0.003012903,-0.05097542,0.20557645,-0.3412154,0.050109185,0.23497379,0.08713183,0.110982284,0.1257831,0.11899845,0.14255722,0.1893213,0.18139042
0.13903745,0.01850389,0.3352839,0.21942368,0.08223697,1.0,0.3343223,0.21493626,0.5033286,0.5246169,0.21443787,0.17771389,0.5022475,0.10485658,0.49180523,0.3586717,0.30097225,0.18638445,-0.014846554,-0.022490881,0.32463148,0.31942293,0.45010197,0.5544238,0.26463407,0.57175946,0.20121421,0.22157912,0.2597176,0.28464162,0.3141781,0.28395468,0.3762258,0.2021214,0.14395958,0.15028605,0.31590793,-0.023753706,0.18162867,0.042181525,-0.17967646,-0.01848593,-0.085277975,-0.27093467,-0.25266913,-0.13522771,-0.03511425,0.044969738,-0.26620921,-0.072861,-0.1789778,-0.32767397,-0.14791737,-0.17840359,0.042950913,-0.041913643,0.1191777,-0.19879682,-0.14006117,-0.054632,-0.1786729,-0.24317458,-0.0591278,-0.22370023,-0.13865788,-0.29944795,-0.22768626,-0.30327848,-0.048914738,-0.25977725,0.27662453,0.24649473,0.1463758,0.028230773,0.112911165,0.041311637,0.08069263,0.17019078,-0.05037991,0.17755851,0.1312634,0.030999916,0.46223146,0.36863866,0.35933062,-0.080810025,0.3173606,0.44940895,0.41406322,-0.13191807,0.22120227,0.15977693,0.09909829,0.28208873,-0.062425546,0.07435063,0.113403596,0.13325459,0.11526545,-0.10252866,-0.19917434,-0.13005285,-0.008375333,-0.0344912,0.038248148,0.13782012,0.04924764,-0.13416685,-0.08516636,0.17540075,0.09135996,-0.31913462,-0.2655613,0.06788731,0.25051025,0.2083867
0.57177234,0.3156579,0.5310201,0.39129633,0.046733547,0.3343223,1.0,0.6125166,0.16672328,0.41416106,0.56953907,0.6624106,0.6712265,0.5815946,0.09464335,0.16367473,0.5827894,0.542055,0.20173742,0.1770232,0.19066676,0.15036406,0.34140846,0.44007054,0.096392535,0.29568118,0.06219015,-0.041584153,0.42827886,0.42937347,0.40441635,0.40236738,0.4635654,0.35145172,0.3619913,0.09733545,0.4815525,0.23076549,0.2592377,0.1229517,0.027001774,0.05722824,0.17449377,0.14237928,0.04944733,0.06383318,0.26271045,0.33274162,0.029750125,0.113836415,-0.058674686,-0.16271342,0.042979665,-0.14215267,0.09762212,0.24107121,0.5343035,0.3042136,0.043903273,0.20540346,0.2372015,0.0004411384,0.17695011,0.15548916,0.087356694,0.10114464,0.1407337,0.13222222,0.1045119,-0.12404641,0.46941274,0.24451356,0.2372694,0.15313719,0.07561083,0.0012550324,0.079245284,0.054933976,0.08190545,0.28832406,0.13294563,0.17168476,0.16554202,0.23351425,0.48597512,0.02185194,0.25979662,0.299086,0.46344388,0.08965111,0.14325212,0.1246671,0.07240999,0.18078388,0.070811145,0.22074544,0.18195026,0.40560016,-0.0016826487,0.037398458,-0.038251087,-0.12190078,-0.18274021,-0.21792883,-0.14397565,-0.053005163,-0.20052871,-0.29601347,0.053465378,0.27174836,0.27360675,0.06195877,-0.1418313,0.113490604,0.23680046,0.27531204
0.25562587,0.38692576,0.48517722,0.58427626,0.059616998,0.21493626,0.6125166,1.0,0.109829634,0.21588695,0.28567746,0.5804359,0.43416497,0.43892995,-0.002109974,0.2420319,0.370571,0.53437287,0.1789428,0.18792665,0.049838293,0.117046714,0.40410706,0.3566586,0.13391457,0.27891678,-0.016092414,-0.09710879,0.37235,0.36224115,0.40224385,0.38423863,0.45097607,0.42997688,0.35436004,0.23021382,0.4554027,0.23685099,0.23191641,-0.005611056,0.0012657531,-0.005114997,0.19857362,0.28981897,0.16296738,0.123995796,0.20862816,0.32856157,0.06214262,0.19848447,-0.035042495,-0.044259652,-0.013607435,-0.096062385,0.118332155,0.27018788,0.26887757,0.34033427,0.103566654,0.31539285,0.16694242,0.119054735,0.04175759,0.40267578,0.10709625,0.27380395,0.1894767,0.20669053,0.13744728,-0.14956006,0.44590655,0.29168007,0.2783718,0.27001002,0.2027839,0.11929683,0.16334544,0.14693949,0.07688892,0.4016925,-0.015029088,0.43100655,0.03534434,0.32641807,0.24079992,0.30564287,0.15446392,0.26185885,0.28992978,0.16069652,0.26381478,0.21514775,0.07285904,0.1330996,0.06282713,0.12377174,0.2390107,0.33102405,0.15977171,0.14579713,-0.114167295,-0.16729398,-0.018281175,-0.1706775,-0.07690533,0.010765828,-0.11692109,-0.22056025,0.024385385,0.2476076,0.2742582,0.15061274,0.019698799,0.27565694,0.1900281,0.2174055
0.07268493,0.0070957206,0.3066832,0.18605241,0.19062486,0.5033286,0.16672328,0.109829634,1.0,0.4758219,0.061664484,0.116620906,0.33787256,-0.14781575,0.47760177,0.41455284,0.337644,0.069855325,-0.1712351,-0.16333565,0.16287687,0.3163861,0.33947235,0.3824608,0.118848905,0.30259973,0.08517317,0.034114946,0.30945146,0.20147817,0.20832156,0.21436949,0.15291591,0.27065563,0.10242712,0.30814627,0.3507513,0.034893863,0.23410732,0.10134034,-0.16662389,0.048811685,-0.14045087,-0.19728631,-0.16780879,0.007840066,0.01968708,0.100620545,-0.31761038,-0.13552573,-0.07134306,-0.2458382,-0.06165083,-0.1273122,0.017329238,0.0440245,-0.014872417,-0.1300582,-0.08046578,-0.07119227,-0.11497547,-0.044755798,-0.035568208,-0.14542966,-0.054400872,-0.13329504,-0.16961154,-0.14922899,-0.11044363,-0.074078724,0.113665946,0.30790833,0.008662388,0.015868807,0.10609595,0.17086628,0.15618554,0.1911895,0.12794162,0.20434418,0.3393108,0.23156108,0.30232385,0.3453971,0.3144964,0.10091351,0.14124294,0.15146986,0.33252192,-0.08567543,0.121938065,0.07760407,0.06831064,0.2288506,-0.05599916,0.018003006,0.16382912,0.099973805,0.072692096,-0.10164877,-0.2242476,-0.13408397,-0.015016485,0.057332277,0.060418546,0.094875254,0.08060872,-0.17625561,-0.07814878,0.14229706,0.09877471,-0.22074993,-0.12073202,-0.095009685,0.26832867,0.19448455
0.27189732,-0.011415439,0.39055482,0.31219345,-0.15478751,0.5246169,0.41416106,0.21588695,0.4758219,1.0,0.33973125,0.1904817,0.5500101,0.27663565,0.5621936,0.22181657,0.42511818,0.34169954,0.14342587,0.019384366,0.119744614,0.35207468,0.4357859,0.56808126,0.033502012,0.4430331,-0.17288141,-0.28941333,0.36841032,0.48989227,0.35574877,0.19967556,0.44331262,0.26440835,0.3176829,0.14022909,0.4864099,-0.03073789,0.29651466,0.10345345,-0.10999583,0.061391663,0.10469448,-0.16152133,-0.0601484,-0.057268005,0.18669525,0.15759979,-0.1664484,-0.12523614,-0.065390244,-0.30227464,-0.03349048,-0.23025155,0.13571316,-0.058238506,0.2825697,-0.1962695,-0.21548288,-0.088463284,-0.06939589,-0.3232392,0.04394105,-0.25419664,-0.021505179,-0.20579892,-0.07618585,-0.14166929,-0.12746857,-0.29550487,0.2577261,0.2528693,0.0697812,0.036633693,-0.020721016,0.1929684,0.047472846,0.1257163,-0.10842733,0.018836642,0.12160515,-0.041371293,0.31489617,0.3337032,0.5957483,-0.124837436,0.2738582,0.36758637,0.5279384,-0.099070914,0.3598439,0.0833823,0.12260447,0.12151338,0.063443705,0.13847515,0.2661346,0.20531471,0.2179827,-0.08702961,-0.004127708,-0.101736166,0.122525916,0.09026563,0.12219263,0.24245586,0.08160063,-0.41582403,-0.018312389,0.31403875,0.17342879,-0.2364145,-0.21749724,0.023821926,0.2530272,0.37316787
0.49965596,0.21822266,0.3612355,0.38939643,0.04912152,0.21443787,0.56953907,0.28567746,0.061664484,0.33973125,1.0,0.56934464,0.58910877,0.53219515,0.12344014,0.24710649,0.42976296,0.41143435,0.17300685,0.124079004,0.2263215,0.1994526,0.21156259,0.2935873,0.20921844,0.15492536,-0.062157743,0.009885782,0.3912395,0.46190986,0.24542989,0.2558136,0.3257203,0.37026682,0.25032982,0.033477668,0.39910284,0.22990213,0.30531386,0.22996938,0.119855925,0.26604152,0.19093533,0.1130705,0.04915854,0.07936948,0.39058873,0.32262847,-0.13215227,-0.10857928,0.047111534,-0.1964753,-0.020130258,-0.005659582,0.20541275,0.23273334,0.38803324,0.18045163,-0.20514193,-0.020963766,0.03632945,-0.1086457,0.027734194,0.0059114397,-0.026474705,0.020697981,-0.023496265,-0.06511012,-0.15070526,-0.21347927,0.2694203,0.09207818,0.109658755,0.028747858,0.037611216,-0.07053684,-0.033535343,0.007830334,0.014162934,0.12856355,0.081906,0.12293851,0.1775612,0.24419667,0.44741175,0.0043645552,0.25174433,0.27450475,0.49312583,0.012157517,0.24826965,0.07675198,-0.011704529,0.1649577,0.14277719,0.34001464,0.2925528,0.41792613,0.03188496,0.14828056,0.12524125,0.06116176,-0.0563405,-0.08905654,-0.18206172,0.040515732,-0.23664817,-0.37645918,0.15275303,0.40053758,0.36185232,0.15310405,-0.20309031,0.1355152,0.09922846,0.351165
0.53063977,0.43482262,0.46792254,0.44131342,0.21555822,0.17771389,0.6624106,0.5804359,0.116620906,0.1904817,0.56934464,1.0,0.5408647,0.47811237,-0.078778245,0.25896314,0.42308387,0.50210017,0.16620307,0.17939822,0.09137414,0.093387604,0.30736363,0.22960536,0.1715938,0.16080108,0.12597698,0.013741493,0.35321045,0.38036272,0.3665695,0.27030197,0.3571377,0.4328335,0.24361548,0.1114376,0.35849506,0.3577116,0.26899645,0.11541066,0.1255946,0.11101162,0.31669343,0.3355942,0.15988085,0.13959657,0.3864811,0.54372644,0.020336892,0.13612734,0.037332643,-0.055061698,0.12470046,-0.015239509,0.10502454,0.41486704,0.3460897,0.4850518,0.12369618,0.320632,0.14122841,0.22581384,0.00070023513,0.25852647,0.104684785,0.22838826,0.1709464,0.16615444,0.14226261,0.0396481,0.27261278,0.13601404,0.15973,0.06553173,0.03343117,-0.14214279,0.16071133,0.13479234,0.10217344,0.465745,0.09855567,0.361514,0.0568081,0.30732688,0.28841394,0.21448705,0.16478512,0.17978716,0.2805823,0.14955479,0.09663929,0.16928577,0.040679116,0.14454134,0.10931907,0.21406132,0.2440851,0.46185264,-0.038957696,0.31140697,0.05480955,-0.009300023,-0.18972924,-0.24887355,-0.33442354,-0.123595215,-0.36631393,-0.21882686,0.19435376,0.30819476,0.39949083,0.3445698,-0.033084054,0.19880545,0.16742826,0.273545
0.5868723,0.388004,0.46490815,0.3759241,-0.045161534,0.5022475,0.6712265,0.43416497,0.33787256,0.5500101,0.58910877,0.5408647,1.0,0.48016444,0.27075148,0.26406264,0.5229762,0.36294267,0.087315604,0.1095331,0.24097279,0.33098766,0.4121031,0.531042,0.094822325,0.40558425,0.026066625,0.057601213,0.46997,0.4913686,0.46407536,0.43641108,0.4539047,0.37637857,0.28203347,0.23826855,0.5591322,0.2517916,0.28680322,0.16120946,0.084911846,0.17906721,0.35472894,0.1349552,-0.0023010399,0.042035323,0.37112337,0.41739404,0.009190304,0.119439475,0.03140904,-0.116121754,0.07137479,-0.09836663,0.20118126,0.25429463,0.46678913,0.15245853,0.05186248,0.28797472,0.14917572,0.02207759,0.19926754,-0.07693671,0.13610215,-0.009143575,0.08173104,0.018649992,0.20359519,-0.029146114,0.40310463,0.27173626,0.30024162,0.1384207,0.0666057,0.032376185,0.15775888,0.21680352,0.06166358,0.29681754,0.23368084,0.23623477,0.17209446,0.2127459,0.4954174,0.020922394,0.17256233,0.2604983,0.5352828,-0.10115358,0.3378715,0.22846776,0.12093312,0.22215912,0.17659461,0.25511548,0.36461437,0.4128774,0.19987212,0.17814729,-0.046085197,-0.0486592,0.013472598,-0.21388175,-0.13011274,-0.04013814,0.00021520132,-0.2105962,0.105779216,0.3737517,0.36031252,-0.049155373,-0.22744328,0.01530408,0.16935952,0.30433637
0.41315338,0.3213847,0.24641086,0.40613243,-0.02394844,0.10485658,0.5815946,0.43892995,-0.14781575,0.27663565,0.53219515,0.47811237,0.48016444,1.0,-0.11306617,0.042066697,0.4081815,0.5805284,0.32527587,0.36946392,0.20207296,0.12659797,0.08428395,0.19499034,-0.025372664,0.079659715,0.009877736,-0.042442996,0.3072357,0.33377457,0.08510877,0.20360713,0.4622615,0.22276565,0.2053906,-0.15216497,0.40992174,0.21597315,0.36899585,0.21145332,0.18181433,0.13273767,0.31322372,0.20150644,0.10290644,0.05538726,0.32704088,0.27337983,0.099566415,0.11635249,-0.08931142,-0.026200794,0.10356314,-0.030364085,0.30590475,0.2450669,0.44619757,0.37508163,-0.1263061,0.22415252,0.17126058,-0.0223172,0.11921372,0.31147707,0.054685295,0.17817838,0.20819597,0.209027,0.17232601,-0.05957362,0.26282218,0.03902869,0.07998509,-0.003771956,-0.1809043,-0.054354575,-0.21443562,-0.20677617,-0.045182962,0.1485327,-0.25660315,0.08164265,-0.12013321,0.061338354,0.20214082,-0.1020563,0.1118568,0.11634902,0.2439844,0.23430732,0.1415415,0.09251814,0.0040681893,-0.10863601,0.13325493,0.31337938,0.31751025,0.3494472,0.13983095,0.21817599,0.11410903,-0.08674673,-0.09942195,-0.04536173,-0.035083614,0.012600956,-0.09262749,-0.26632026,0.17688063,0.26272693,0.18701519,0.08278869,-0.066423364,0.17330572,0.03338828,0.33771178
-0.09816274,-0.2841417,0.29032505,0.08086666,-0.007990792,0.49180523,0.09464335,-0.002109974,0.47760177,0.5621936,0.12344014,-0.078778245,0.27075148,-0.11306617,1.0,0.37187076,0.22925563,-0.028833436,0.05766575,-0.103558525,0.22757484,0.25497758,0.556844,0.6069462,0.2490908,0.46096164,-0.050635885,-0.10280605,0.29398602,0.368147,0.30233565,0.21468093,0.20581846,0.11024776,0.15773928,0.17980413,0.2821856,-0.09987139,-0.035923265,-0.027493833,-0.1738464,0.07480736,-0.10629753,-0.23528071,-0.24332526,-0.123959385,-0.11662303,-0.08140132,-0.2751134,-0.17162815,-0.1356291,-0.30083996,-0.24257894,-0.14580186,0.0020528988,-0.08575659,-0.03415778,-0.58000946,-0.35046715,-0.35549405,-0.3172391,-0.43373773,-0.02086901,-0.50113493,-0.26193097,-0.39411405,-0.303927,-0.41004208,-0.29214743,-0.47346663,0.25749135,0.29672092,0.22878353,0.13649361,0.122110955,0.33834445,0.11991051,0.29874578,-0.21658817,-0.0822344,0.250598,-0.12228657,0.6463119,0.35755816,0.43404368,-0.097696275,0.23909506,0.40654778,0.3922538,-0.13145548,0.29225013,0.23014694,0.12946402,0.35121697,0.08804745,0.08644784,0.09199582,0.1375515,0.21964473,-0.13319856,-0.14051151,0.14487301,0.3079338,0.26961917,0.29097965,0.4460557,0.18345726,-0.14852342,-0.06997114,0.13895208,0.10841527,-0.31817177,-0.2561804,0.013826939,0.1684509,0.2640772
-0.07225859,0.05121256,0.2830288,0.34366146,0.47022265,0.3586717,0.16367473,0.2420319,0.41455284,0.22181657,0.24710649,0.25896314,0.26406264,0.042066697,0.37187076,1.0,0.19247197,0.1788669,0.09021729,-0.08643865,0.33224934,0.21945892,0.36366045,0.31464273,0.49964693,0.34694025,0.3331111,0.18293336,0.41337162,0.34223863,0.14024279,0.19699459,0.180253,0.2716746,0.18795381,0.26602653,0.29162046,0.32432404,0.2059653,0.13366862,0.17322865,0.2778772,-0.021324512,-0.050163407,-0.0035470042,0.067848675,0.05201328,0.17364694,-0.21964292,0.016051112,-0.002560128,-0.05720931,-0.07029745,-0.041814823,0.16971102,0.23776446,-0.19771786,-0.066907994,-0.18641238,0.009444953,-0.28741074,-0.11846948,-0.28642648,-0.033640206,-0.13597131,-0.005610016,-0.1808332,-0.14360602,-0.19366848,-0.2119266,0.1992698,0.0860347,0.1727593,-0.025651475,0.22692801,0.24870545,0.15200284,0.29046142,-0.08987239,0.25266865,0.10261695,0.33456683,0.3289198,0.5751554,0.22178935,0.33887804,0.129431,0.2375319,0.24267586,0.12273151,0.21691684,0.33325762,0.04228917,0.27971897,0.1039858,0.27884123,0.27395982,0.27291363,0.16506894,0.14539535,-0.1731043,0.009331174,0.041137546,0.0880509,-0.08259472,0.37705764,-0.117496744,-0.13537093,0.20543055,0.2834916,0.29127434,0.14102891,0.0104920175,0.2746919,0.22550555,0.31250447
0.32455266,0.06875381,0.24916363,0.33214802,0.06357522,0.30097225,0.5827894,0.370571,0.337644,0.42511818,0.42976296,0.42308387,0.5229762,0.4081815,0.22925563,0.19247197,1.0,0.51845324,0.001021323,0.035484843,0.16853316,0.2567694,0.35764247,0.32162756,0.03836544,0.19886631,0.049186118,-0.021928089,0.38141215,0.39003807,0.38022798,0.30551717,0.31502116,0.34152472,0.31004882,0.21651247,0.5804081,0.13981785,0.36584926,0.1963913,0.061360966,-0.014211094,0.1718254,0.04884301,0.08493792,-0.0017109879,0.30933625,0.33221835,-0.04586307,0.032540333,-0.0029485815,-0.046110023,0.1649512,-0.06555509,0.28064242,0.24509478,0.39357725,0.06044508,-0.035523463,0.0014996257,0.15613909,0.0008817368,0.2795662,0.04370071,0.09206352,0.011513881,0.14824979,0.114362225,0.004837637,-0.15327793,0.37740225,0.41152722,0.14923145,0.05273497,0.021896785,0.05745841,0.16157423,0.18199153,0.05526095,0.30666015,0.24140668,0.24064897,0.23234029,0.3434261,0.44193572,-0.023110518,0.17540361,0.20813358,0.46998036,-0.0032735036,0.21620652,0.23884696,0.19642241,0.21523759,0.0038013142,0.17730835,0.34671077,0.32306227,0.2344726,0.025479034,-0.05388923,-0.13837348,0.114966676,0.03011876,0.12701286,0.16977757,-0.041465454,-0.24787389,-0.019224877,0.2763649,0.37972414,0.058372222,-0.054409187,0.20259866,0.39889067,0.4345278
0.25044772,0.25253844,0.21714766,0.4373171,0.097844474,0.18638445,0.542055,0.53437287,0.069855325,0.34169954,0.41143435,0.50210017,0.36294267,0.5805284,-0.028833436,0.1788669,0.51845324,1.0,0.231372,0.13424763,0.14951788,0.15721247,0.23923622,0.21907416,0.10005739,0.12800273,-0.016342666,-0.079424895,0.3500653,0.37321874,0.18025808,0.15986493,0.42588475,0.25331238,0.37783378,0.033165246,0.5044398,0.25725567,0.4683907,0.2539479,0.19874676,0.071455404,0.22837688,0.12904115,0.18445522,0.11441056,0.27984682,0.39895222,-0.024761718,0.030572109,-0.06743738,0.005514078,0.09677889,-0.08828686,0.26262966,0.2671653,0.33653662,0.37811136,-0.030755915,0.13457061,0.030047331,0.087393925,0.03633517,0.39390513,0.03544412,0.12552522,0.22880794,0.2095685,0.03606768,-0.1223001,0.33405694,0.16993248,0.0016889595,-0.05369922,-0.038062632,0.051834904,0.012241039,0.030856093,0.022681516,0.28475842,-0.16888055,0.2747862,0.04596502,0.36037594,0.2616972,0.048511118,0.24871881,0.28744796,0.23645574,0.28517097,0.20270744,0.14144298,0.092127286,0.05968597,0.06361583,0.18912074,0.2754307,0.26140288,0.12352993,0.10028172,0.043703716,-0.12761082,-0.02261464,0.039061252,0.004325325,0.07806438,-0.24791105,-0.27019244,0.051374234,0.32043695,0.2814388,0.101372644,-0.0024071785,0.20887202,0.29433405,0.38306224
0.13404799,0.23743215,0.22063208,0.3118752,0.051172156,-0.014846554,0.20173742,0.1789428,-0.1712351,0.14342587,0.17300685,0.16620307,0.087315604,0.32527587,0.05766575,0.09021729,0.001021323,0.231372,1.0,0.6093376,0.1536114,-0.03449136,0.095584124,0.26998684,0.070391856,-0.099083506,0.061636716,-0.07475105,0.08424666,0.04171146,-0.10733539,-0.047561422,0.49429467,0.23298204,0.261873,-0.052557014,0.20208563,0.033634182,0.1585877,0.19092883,0.07951578,0.17788309,0.15301754,0.06065421,0.0064818487,0.020709679,0.15492548,0.120453924,0.02225661,-0.057662845,-0.17985836,-0.055008866,-0.09788889,-0.06561431,0.02525354,0.15310945,0.10179388,0.1305788,-0.19179145,-0.09315896,-0.054637175,-0.1231622,-0.10904908,-0.0010927396,-0.12346237,-0.06551064,0.15905203,0.1520711,0.10744742,-0.085040174,0.11667633,0.026477551,-0.0004418827,0.09367055,-0.21358979,0.02390381,-0.0027845278,0.027148513,-0.08547756,-0.23747917,-0.2364421,-0.18102133,-0.03530959,0.082330264,-0.0031760314,-0.0896838,0.13746127,0.14770155,0.0022800518,0.15817341,0.04755498,0.025963971,0.009635877,0.09364008,0.2801328,0.29529476,0.20343222,0.27887678,0.028508388,0.08851978,0.039242122,0.15076067,-0.12921432,0.09260702,0.10373513,0.099649936,-0.04710672,-0.23325573,0.25971878,0.36862412,0.22786422,0.06815012,0.029539209,0.068713285,0.037019823,0.13877015
0.26018548,0.34179235,0.104017474,0.33804473,-0.034501065,-0.022490881,0.1770232,0.18792665,-0.16333565,0.019384366,0.124079004,0.17939822,0.1095331,0.36946392,-0.103558525,-0.08643865,0.035484843,0.13424763,0.6093376,1.0,-0.01926992,-0.14745267,-0.016906084,0.21086451,-0.09930144,-0.17701307,-0.013083621,-0.13872238,-0.09681702,-0.061421312,-0.093449004,0.0076196925,0.45763752,0.27554995,0.047361784,-0.083599456,0.16458969,-0.022996109,0.14351018,0.15566956,-0.07345562,-0.018875446,0.21984497,0.10801993,-0.019132,0.1072884,0.21841688,0.13331538,0.060472634,0.07299991,-0.09332697,-0.09496587,-0.032950126,0.0709869,0.0035873598,0.12579934,0.1721628,0.25223237,-0.07983007,0.058935907,0.17855506,0.06340388,-0.06132999,0.11197743,0.056896694,0.010912045,0.214564,0.21126977,0.22332661,0.078451335,0.0053414204,-0.061753374,-0.123095,-0.06144509,-0.3129055,-0.19116624,-0.052885983,-0.15649958,0.025541382,-0.0971161,-0.18683827,-0.112067774,-0.18698873,-0.059162628,-0.18028216,-0.07730984,0.10851992,-0.063131794,-0.013125949,0.058260493,0.018752782,0.029574823,0.05737802,0.07212169,0.069174774,0.16909713,0.12789945,0.24654558,-0.081384614,0.09405762,0.07110823,0.026878113,-0.13376635,0.00048376113,0.111872524,-0.1011899,0.029082028,-0.19720888,0.19110473,0.19318117,0.18146867,0.07755206,0.023472348,0.048962623,-0.025587108,-0.058576673
-0.09865728,0.012642964,0.28134376,0.19973217,0.43943614,0.32463148,0.19066676,0.049838293,0.16287687,0.119744614,0.2263215,0.09137414,0.24097279,0.20207296,0.22757484,0.33224934,0.16853316,0.14951788,0.1536114,-0.01926992,1.0,0.29936832,0.17949528,0.2649881,0.41413218,0.23038779,0.42072612,0.3491193,0.34523028,0.08211675,-0.09351979,0.14313276,0.19314294,0.04064517,0.19690318,-0.03806719,0.27136922,0.041335702,0.29467204,0.20820132,0.15974167,0.27865508,-0.15175274,-0.22234012,-0.29168665,-0.20329416,-0.1723606,-0.13265496,-0.21442863,-0.08353266,-0.22480981,-0.17413963,-0.236009,-0.21293826,0.031486385,0.05948234,-0.16553894,-0.0951263,-0.32832795,-0.06364957,-0.37046343,-0.22089933,-0.1650737,-0.105491005,-0.2998866,-0.18557711,-0.24324742,-0.24939029,-0.13426138,-0.23338403,0.15214483,0.16172001,0.28906196,0.04803834,0.03646548,0.0921824,-0.042745996,0.092082135,-0.053947642,0.06306107,-0.05082553,0.028617261,0.34627667,0.37632,0.05102843,-0.0077209743,0.19299005,0.4140607,0.07269623,0.1409702,-0.064774275,0.20515902,-0.09504116,0.15241438,0.112682395,0.1796591,0.15195732,0.20267993,-0.0681464,-0.1483514,-0.1682138,0.10659754,-0.19796729,-0.057640903,0.07319512,0.2276993,-0.13525426,-0.048206832,0.032980412,0.21624918,0.14454496,-0.21769254,-0.22216439,0.13892338,0.08288513,0.2200399
0.012537677,-0.1358529,0.11610523,0.17332356,0.067662224,0.31942293,0.15036406,0.117046714,0.3163861,0.35207468,0.1994526,0.093387604,0.33098766,0.12659797,0.25497758,0.21945892,0.2567694,0.15721247,-0.03449136,-0.14745267,0.29936832,1.0,0.194834,0.21135558,0.13617697,0.36610478,0.040664814,0.05555101,0.27806965,0.39591062,0.368117,0.10161936,0.13929729,0.20960093,0.21785763,0.13154869,0.24694991,0.23105511,0.32957277,0.27408594,0.3195814,0.09629148,-0.005484497,-0.20743889,-0.006842646,-0.15342018,-0.043176148,0.022188442,-0.038192566,-0.16104832,0.08026721,-0.092373975,0.058952983,-0.15555112,0.09286157,0.0133319395,0.053335734,-0.21598738,-0.23238131,-0.008908326,-0.18534702,-0.14672285,0.14306565,-0.1312734,-0.07748348,-0.070374355,0.0173042,-0.11497875,-0.1109768,0.038449716,0.28335574,0.24173908,0.1546054,0.13564067,0.22487426,0.19239216,0.050361525,0.13852437,-0.12585491,0.14563294,0.012895962,0.022157403,0.25184587,0.24864998,0.30747908,-0.07516352,0.16785982,0.18330872,0.2552117,0.0036694973,0.19158188,0.21239807,0.19091104,-0.015968852,-0.1258946,-0.0023156467,0.2442227,0.038284283,0.25982058,-0.054018997,-0.20893624,-0.18929163,0.11103646,-0.06300908,0.10849351,0.15641806,0.05404019,-0.060209077,-0.046994206,0.22267939,0.1371462,-0.13229254,0.049830765,0.11923538,0.23817328,0.40425405
0.10806609,0.060309596,0.52663636,0.41113088,0.07632244,0.45010197,0.34140846,0.40410706,0.33947235,0.4357859,0.21156259,0.30736363,0.4121031,0.08428395,0.556844,0.36366045,0.35764247,0.23923622,0.095584124,-0.016906084,0.17949528,0.194834,1.0,0.6896589,0.30596134,0.45968434,0.061703548,-0.030505726,0.44705245,0.3246369,0.51675224,0.4839636,0.36263213,0.2814781,0.277556,0.29481375,0.41190517,0.035145056,0.039078303,-0.043194517,-0.118652254,0.03184585,0.015044352,-0.05580135,-0.18965209,-0.103836894,-0.049302038,0.11728041,-0.09382704,0.028358823,-0.050031997,-0.22991803,-0.13633354,-0.2813321,-0.034517836,0.04517199,0.006426127,-0.20838822,-0.070137605,-0.11779273,-0.26182377,-0.21506716,0.0179786,-0.22279751,-0.0886627,-0.23622814,-0.17545573,-0.27840707,-0.06409266,-0.36303034,0.43545127,0.42452437,0.35963762,0.18988098,0.22162226,0.17765868,0.32595423,0.44363767,-0.074122004,0.19989766,0.32448116,0.16880348,0.51523626,0.40677235,0.3307668,0.06415408,0.21769047,0.42442945,0.2873037,-0.12047006,0.2628097,0.3290304,-0.011754802,0.29807037,0.04255236,0.075170934,0.1117858,0.30815887,0.07422526,-0.046911616,-0.07934488,0.0056421724,0.15490277,0.022735732,0.007854567,0.2321592,-0.046121843,-0.13817884,-0.09161879,0.18386994,0.29138643,-0.14445429,-0.22344318,0.13303645,0.16838907,0.26164654
0.18942745,0.13910265,0.55340123,0.45029667,-0.044422314,0.5544238,0.44007054,0.3566586,0.3824608,0.56808126,0.2935873,0.22960536,0.531042,0.19499034,0.6069462,0.31464273,0.32162756,0.21907416,0.26998684,0.21086451,0.2649881,0.21135558,0.6896589,1.0,0.24786527,0.44630963,-0.0028790433,-0.033341736,0.40778846,0.29992887,0.36829627,0.46580517,0.55668706,0.33556855,0.3099602,0.26502234,0.46250692,-0.04734468,0.1309304,0.02541133,-0.17308486,0.085199915,-0.01931288,-0.1452672,-0.25482312,-0.1691506,0.012302123,0.0281456,-0.1533486,-0.02540468,-0.16002424,-0.36287683,-0.2454972,-0.3288904,-0.031835295,-0.055587776,0.11342934,-0.20886439,-0.24116176,-0.11216607,-0.22886747,-0.37203103,-0.057276625,-0.3079095,-0.10368668,-0.313129,-0.21326718,-0.3167327,-0.057318293,-0.41953614,0.39625984,0.40521237,0.29448226,0.20164216,0.12490311,0.20251933,0.20037208,0.2667403,-0.053862523,0.04561291,0.25977084,0.014089376,0.47893217,0.3679473,0.34022006,-0.058739197,0.30158004,0.45735472,0.3674171,-0.17323145,0.24641658,0.20491146,0.04905386,0.29892775,0.09906461,0.12204603,0.14249969,0.26665154,0.029825084,-0.15293877,-0.18108858,0.012433408,0.0133823585,-0.045743518,0.015042017,0.18796164,0.031015476,-0.23315354,-0.04072825,0.24675861,0.2361267,-0.2986972,-0.34519038,0.01728318,0.14874813,0.23092946
-0.15190203,-0.049727198,0.1955486,0.20067042,0.5255761,0.26463407,0.096392535,0.13391457,0.118848905,0.033502012,0.20921844,0.1715938,0.094822325,-0.025372664,0.2490908,0.49964693,0.03836544,0.10005739,0.070391856,-0.09930144,0.41413218,0.13617697,0.30596134,0.24786527,1.0,0.34253895,0.33256066,0.29719478,0.24837893,-0.019446159,0.11787333,0.12661587,0.1170265,0.21942903,0.13238962,0.110652395,-0.0063606617,0.044821773,0.024003705,0.045624692,-0.005443662,0.16982229,-0.14695252,-0.14953221,-0.23644243,-0.1498419,-0.1598565,-0.11367354,-0.19825496,-0.1377262,-0.057428204,-0.123114206,-0.31336913,-0.20219713,-0.11887974,0.066072546,-0.26595196,-0.09838012,-0.21083719,-0.17167509,-0.34951556,-0.21115366,-0.28875285,-0.0551911,-0.19483016,-0.12766446,-0.2861071,-0.36049134,-0.30060387,-0.2658102,0.2024464,0.11092554,0.2502655,0.0479303,0.31093308,0.097318545,0.13685934,0.2704084,-0.06474112,0.14689764,0.029758083,0.20411105,0.44017282,0.46433833,0.050696995,0.21237542,0.1960053,0.35048217,0.06706953,0.05699893,0.09824295,0.14724354,-0.07748479,0.25508997,-0.10449776,0.097176656,-0.01263556,0.08125624,-0.052676935,-0.081812136,-0.012313622,-0.0013737282,-0.07297962,0.058904223,-0.10909679,0.27169195,-0.26243198,-0.09722474,0.07081496,0.07747197,0.1861997,-0.0021865764,-0.05100311,0.22872627,0.22927648,0.15844369
0.074233264,-0.1550315,0.27916187,0.1481299,0.121810995,0.57175946,0.29568118,0.27891678,0.30259973,0.4430331,0.15492536,0.16080108,0.40558425,0.079659715,0.46096164,0.34694025,0.19886631,0.12800273,-0.099083506,-0.17701307,0.23038779,0.36610478,0.45968434,0.44630963,0.34253895,1.0,0.15485227,0.10169276,0.31492466,0.37825236,0.5135016,0.23384961,0.16771053,0.11582196,0.19341412,0.15778077,0.16813076,0.1257216,-0.05428272,-0.077180944,-0.12133956,-0.048972104,-0.095789135,-0.2387088,-0.03331313,-0.20934448,-0.20804028,-0.007012387,-0.060848977,0.1096861,-0.053888157,-0.17805097,-0.07747076,-0.11199866,-0.10655226,-0.014840295,0.03469779,-0.23005736,-0.10798922,0.031728886,-0.19737482,-0.20663609,0.03730354,-0.15449831,-0.016183024,-0.13560222,-0.15496294,-0.23672093,0.038530793,-0.174478,0.36839426,0.17939818,0.25844014,0.237014,0.3651987,0.14297907,0.1818659,0.2395014,-0.23432837,0.31911346,0.16188742,0.009203404,0.47397625,0.35947967,0.3812921,-0.018009968,0.29615915,0.30859268,0.29153454,-0.044532333,0.17284168,0.25771454,0.101502426,0.13051632,-0.1993721,-0.11835132,-0.017105369,0.008688246,0.12934673,-0.049853113,-0.11370531,-0.22920772,0.16927233,0.038185414,-0.052778386,0.25205386,-0.07379282,-0.013235958,-0.10656096,-0.007469272,-0.0045935223,-0.21279436,-0.10505068,0.060734674,0.25271004,0.16381846
-0.12574533,-0.058694914,0.057419874,-0.058722295,0.6581267,0.20121421,0.06219015,-0.016092414,0.08517317,-0.17288141,-0.062157743,0.12597698,0.026066625,0.009877736,-0.050635885,0.3331111,0.049186118,-0.016342666,0.061636716,-0.013083621,0.42072612,0.040664814,0.061703548,-0.0028790433,0.33256066,0.15485227,1.0,0.5549392,0.16419719,-0.17192733,-0.106330566,-0.052484438,0.0815572,0.044191487,0.03741594,0.092384644,-0.027461274,0.09552857,0.030861827,0.11740641,0.036146387,-0.0063519385,-0.13165802,-0.16057134,-0.11308335,-0.022324035,-0.19180976,-0.046495248,-0.17478025,0.09709648,-0.2261353,0.124918364,-0.094623715,-0.094233386,-0.1047661,0.21844137,-0.203955,0.05942498,0.01046368,-0.004500156,-0.24460252,0.01486954,-0.037656765,0.117648266,-0.074116796,-0.07214063,0.009578682,-0.019563518,0.14013939,0.09679691,-0.0033269918,-0.0259981,0.08591575,-0.07747215,0.06874734,-0.09947141,-0.023719365,0.06006681,0.017049897,0.21989796,0.008976354,0.20744897,0.17017832,0.27490374,-0.17226928,0.22247341,-0.00070176343,0.025509538,-0.16674642,0.29915038,-0.31032577,0.3025881,-0.082882985,-0.063932255,-0.038154386,0.053547304,-0.004896586,0.1335521,-0.109644756,0.09831128,-0.13535114,0.045269717,-0.2433986,-0.0921392,-0.0035742584,0.08677813,-0.13678771,0.20408362,0.1712228,-0.009604279,0.06596254,0.023655042,0.11277649,0.098136045,0.1585294,0.09424234
-0.13891597,-0.022611503,-0.009701839,-0.03002123,0.3828956,0.22157912,-0.041584153,-0.09710879,0.034114946,-0.28941333,0.009885782,0.013741493,0.057601213,-0.042442996,-0.10280605,0.18293336,-0.021928089,-0.079424895,-0.07475105,-0.13872238,0.3491193,0.05555101,-0.030505726,-0.033341736,0.29719478,0.10169276,0.5549392,1.0,0.120575376,-0.2042283,-0.14016607,-0.006857127,-0.015130254,0.07335964,0.0909638,0.12993485,-0.1565784,0.07025599,0.015250406,0.18902142,0.13365565,0.18810047,-0.09653674,-0.098472916,-0.18204114,-0.12154623,-0.12707506,-0.13672264,-0.05793752,0.013464962,-0.1570351,0.13443087,-0.15463063,0.028726703,-0.0507378,0.07050918,-0.15145795,0.042181626,0.06812669,0.023696333,-0.23365419,0.06687927,-0.015620508,0.06885038,-0.12331988,-0.00725123,-0.014403655,-0.02840383,0.17878252,0.17433637,0.042143352,0.08091413,0.11981437,0.08154393,0.13944007,-0.10145249,0.09828445,0.15636732,0.17865595,0.11891922,0.16136071,0.19595912,0.09765976,0.05498776,-0.103061184,0.15402657,0.0040798928,0.031384222,-0.08171874,0.08684868,-0.08551799,0.11074953,-0.12000749,-0.02908002,-0.035840668,-0.068905264,-0.03243029,-0.12099912,0.03178871,0.034713015,-0.1320969,0.04935363,-0.12398882,-0.09858193,-0.06363098,-0.0018942723,0.037602223,0.25421694,-0.0021575938,-0.12356948,-0.015732573,-0.1342659,0.0071068574,0.025955107,0.038768806,0.016064553
0.12029756,0.08484279,0.5086269,0.3728428,0.27867264,0.2597176,0.42827886,0.37235,0.30945146,0.36841032,0.3912395,0.35321045,0.46997,0.3072357,0.29398602,0.41337162,0.38141215,0.3500653,0.08424666,-0.09681702,0.34523028,0.27806965,0.44705245,0.40778846,0.24837893,0.31492466,0.16419719,0.120575376,1.0,0.39763722,0.25281453,0.2645218,0.34940514,0.25360855,0.25318402,0.13768911,0.4005608,0.14632766,0.3039407,0.31844535,0.12530416,0.16792177,-0.01093936,-0.07001669,-0.10937649,-0.099444635,-0.058532465,0.14142345,-0.18098693,-0.046895128,-0.0645353,-0.075686455,-0.23130809,-0.23326962,0.16270211,0.23339474,0.047099072,0.019920839,-0.19637081,-0.026740441,-0.26905367,-0.26348883,-0.100917526,-0.036520235,-0.20729357,-0.08601499,-0.11251813,-0.12031122,-0.08011347,-0.25998998,0.35406533,0.33249664,0.43596914,0.22865136,0.17187296,0.21476798,0.034010198,0.22937179,0.107571825,0.20258993,0.13750134,0.21224809,0.36835572,0.4422522,0.2711664,0.10784372,0.19170493,0.3417315,0.29093385,0.11902865,0.09400688,0.2346678,-0.17445244,0.03873159,0.23590137,0.19261035,0.22350614,0.28132772,0.14452773,0.03647353,-0.16703123,0.0117093455,-0.04330537,-0.15566562,-0.1259574,0.1963522,-0.20932505,-0.22291136,0.0771097,0.18986878,0.15409884,-0.10769989,-0.20674358,0.08461343,0.1799071,0.42232454
0.25705156,-0.03609629,0.2930613,0.28319412,-0.083192326,0.28464162,0.42937347,0.36224115,0.20147817,0.48989227,0.46190986,0.38036272,0.4913686,0.33377457,0.368147,0.34223863,0.39003807,0.37321874,0.04171146,-0.061421312,0.08211675,0.39591062,0.3246369,0.29992887,-0.019446159,0.37825236,-0.17192733,-0.2042283,0.39763722,1.0,0.48671255,0.16787891,0.20476192,0.2207105,0.29792026,0.10478393,0.37810278,0.3088147,0.21558526,0.122073784,0.17833984,0.12386611,0.2016025,0.050433923,0.14333075,0.06597493,0.17502192,0.31358144,0.052207503,0.019740453,0.087593555,-0.118327454,0.082723096,-0.04533636,0.19466718,0.20138046,0.29573476,-0.07213829,-0.101631835,0.065746374,0.025024362,-0.13048829,0.06716084,-0.052974455,0.018348562,0.01906105,0.037659306,0.026075426,-0.083278716,-0.20176673,0.46732455,0.26131323,0.19799167,0.25288534,0.22566633,0.27191943,0.091311686,0.20326748,-0.18445133,0.19256929,0.054739922,0.045295622,0.25001857,0.25673854,0.5403514,0.021570496,0.18926066,0.23530318,0.42595208,0.085495666,0.3293632,0.23705393,0.18250358,0.15681742,0.13018659,0.24651566,0.30588716,0.29868716,0.31576195,0.124040544,-0.024497237,-0.054085147,0.24047208,0.015456952,-0.012898638,0.26995656,-0.076348074,-0.22265382,0.07847508,0.2990639,0.24880154,0.03256649,-0.1307197,0.14952093,0.07897594,0.39422733
