1.0,0.4080288,0.23932245,0.12663879,-0.33239588,-0.436395,0.25511023,-0.07090194,-0.22341828,-0.090366825,0.5631678,-0.021091582,0.054803595,-0.12747005,-0.047886748,-0.16512743,0.59855753,-0.1996392,0.70183,0.3839359,-0.15540406,-0.37422246,0.26684996,0.237263,-0.42230603,-0.35380524,-0.21059197,-0.23028706,-0.20261323,-0.41316244,-0.061579637,0.016026104,0.35142416,0.15252809,0.496643,-0.037358593,-0.14835049,-0.22048746,0.03557059,-0.22394504,0.0009198147,-0.15931895,0.29337603,0.26111007,0.19916442,0.2695119,0.25153705,-0.10682414,0.30544913,-0.116099596,0.18450633,-0.3699511,-0.5750859,-0.1359973,0.4320631,-0.17914738,0.73988074,0.38117212,0.11218534,-0.17033766,0.51320434,-0.32267728,0.25315025,0.0142715555,0.23152874,0.079993896,0.2990959,0.22884285,0.017379498,0.033286035,-0.09544432,-0.3690777,-0.2829852,-0.49393654,-0.3554927,-0.17170441,-0.4070692,-0.3170082,0.717999,-0.08272877,0.67502505,-0.3863407,0.4070562,-0.07868527,0.6329635,-0.33076215,0.5493407,-0.039610837,0.24354681,-0.1174167,0.06281359,-0.4432393,-0.27495712,-0.186945,-0.35447064,-0.1882019,0.018213913,0.028040987,0.118723854,0.093512796,0.26885912,0.12400714,-0.004748967,-0.27963805,0.12999186,0.025333915,0.12596734,-0.17257044,-0.05259847,-0.34843963,0.31548014,0.072315946,-0.1779552,-0.18995859,0.17650354,-0.012854411
0.4080288,1.0,0.75703114,0.6471633,-0.21025956,-0.43765372,0.7338954,0.6996672,-0.14547777,0.13036364,0.5686575,0.64460444,0.577061,0.59579116,-0.029263198,0.12546594,0.57379794,0.38788283,0.62863404,0.46997997,-0.22150776,0.009483037,0.7682667,0.72533816,0.0113308625,-0.28966996,-0.24274962,-0.17600812,0.29607898,0.09392179,0.59669375,0.64200604,0.7007236,0.71115524,0.688974,0.38776964,0.010499554,0.0306401,-0.063424535,0.08469828,-0.24569754,-0.31206495,0.37246716,0.2595179,0.25178683,0.48987207,0.60305285,0.21819139,0.007965799,0.1093902,-0.038150378,-0.124001354,-0.31572944,0.17620583,0.54142535,-0.023513922,0.15777266,0.78119355,0.14896615,-0.12285051,0.18485075,-0.041635346,0.2458233,0.6043182,0.05139962,0.10880001,0.20553973,0.43384922,-0.4328849,-0.15384257,0.42289397,0.33679613,0.22947745,0.08422111,0.08565804,0.31326964,0.07431576,0.23240903,0.58263344,0.32851586,0.43038163,0.17088449,-0.06060922,0.06451433,0.25195947,0.027888348,0.033567704,-0.19748516,0.22210193,-0.17595218,0.08280488,0.112069346,0.2736372,0.30125105,-0.24887471,0.019170564,0.41647077,0.061749343,0.3773001,0.0727112,0.49576762,-0.0046508275,-0.054513015,0.44208354,0.23754784,0.49189776,0.40440124,0.24436358,0.07976193,-0.072899394,0.71131283,-0.120835006,-0.11081117,0.13027544,-0.14391087,0.3165467
0.23932245,0.75703114,1.0,0.78673834,-0.0340811,-0.3084448,0.8316854,0.7954411,-0.01119034,0.2541325,0.57937247,0.67398596,0.62590545,0.70748127,0.0846551,0.25453848,0.6435353,0.43650863,0.539962,0.4538937,-0.13620435,0.1845262,0.8026064,0.854529,0.1354858,-0.14287995,-0.12214141,-0.04490296,0.4844879,0.2212388,0.7353952,0.7379159,0.6388188,0.72521263,0.5647777,0.38594204,0.16616938,0.13863082,0.025739983,0.2103306,-0.17424068,-0.22227255,0.22184801,0.036757268,0.08438967,0.46841463,0.52082866,0.35739657,0.028109811,0.07241298,-0.21696573,-0.029773813,-0.16669664,0.07989991,0.52597547,0.053929962,0.04999175,0.6252631,0.09010669,-0.15487862,0.06856933,0.029072035,0.10158826,0.54121536,0.07341629,0.08147781,0.0051231734,0.27653694,-0.4743038,-0.26691958,0.52701527,0.54592764,0.38084286,0.23963371,0.22319137,0.45902684,0.18929438,0.47927383,0.5950555,0.40720785,0.45759377,0.3051089,0.018366754,0.18102707,0.19030893,0.18639027,0.023812866,-0.17111279,0.36848244,-0.13579023,0.18563008,0.03902263,0.32278103,0.29273233,-0.22231893,0.044316053,0.43404928,0.120921694,0.4278197,-0.035870582,0.49541736,-0.07469197,-0.1424249,0.41732806,0.20941843,0.5722294,0.4340002,0.3475025,0.0950301,-0.016209114,0.6423586,-0.15041941,0.026013248,0.27669153,-0.05515733,0.39817512
0.12663879,0.6471633,0.78673834,1.0,0.20625457,-0.07262195,0.7646797,0.7288555,0.21301085,0.41493002,0.4931445,0.44991958,0.60103667,0.55002946,0.24862936,0.36379474,0.49429145,0.2755529,0.5142223,0.624065,0.030754702,0.37873724,0.6164947,0.7678763,0.3201636,-0.011081,0.09076764,0.10946605,0.56528634,0.21761234,0.6325279,0.7014114,0.37483305,0.5016957,0.48991027,0.39537957,0.23973836,0.30390143,0.12584382,0.43332312,-0.023685591,0.05047253,0.027029786,-0.11570854,0.088361494,0.3361653,0.34842548,0.49766698,0.018756,0.039600138,-0.2130827,0.2217214,-0.08278973,0.014724151,0.50508344,0.24572846,-0.16062827,0.5113828,0.2958355,0.103456534,-0.059542943,0.1959442,0.16656674,0.56905603,0.15619631,-0.09626379,-0.07616775,0.45265356,-0.31717238,-0.34932494,0.3781093,0.6115924,0.43344173,0.30046427,0.25533184,0.37022474,0.17792499,0.51671857,0.36347133,0.27097374,0.32393265,0.41317734,0.038210556,0.29707322,0.1223666,0.41282296,-0.04420013,-0.0014786252,0.5077431,0.096448205,-0.03173969,0.1456899,0.17064866,0.2913479,-0.047254328,0.19750196,0.44607246,0.18195859,0.45227858,0.051755324,0.23095924,0.06369569,-0.020097576,0.5127854,-0.021913875,0.66416633,0.51387125,0.37367165,0.20209976,0.15464221,0.5386795,-0.028123138,-0.023799645,0.1658939,-0.13161749,0.50160885
-0.33239588,-0.21025956,-0.0340811,0.20625457,1.0,0.776482,0.08091155,-0.010938811,0.84941995,0.7259355,0.0048430064,-0.06410205,0.3309765,0.12385251,0.79805195,0.7641849,-0.15513036,0.24501194,-0.2716356,0.15800749,0.7883429,0.72848856,-0.3085843,-0.06361959,0.77166885,0.6158816,0.83362967,0.73914313,0.6329857,0.5977511,0.16142732,-0.09572554,-0.40809533,-0.20816112,-0.2838789,0.007582657,0.69583035,0.74888957,0.68846834,0.75193644,0.6630621,0.7771023,-0.44614363,-0.5483325,-0.24061726,-0.37757084,-0.16180196,0.5240247,-0.24213575,-0.0020669992,-0.3210051,0.60991395,0.2908434,-0.045297485,0.0045708073,0.72971123,-0.50626713,-0.29919216,0.24174762,0.23439832,-0.33196956,0.39107966,-0.38740438,0.03186043,-0.074611835,-0.27052605,0.011149867,0.0988235,0.17553143,-0.12960276,0.25840786,0.48043618,0.6229833,0.59928226,0.5858994,0.40225837,0.54182583,0.5985591,-0.33467808,0.3210683,-0.0957022,0.6346544,0.3720693,0.7667634,-0.23463991,0.7855019,-0.012822412,0.5794819,0.23150429,0.75850725,-0.40547478,0.12382716,-0.24549045,0.27493075,0.697608,0.63226014,0.31070575,0.5459922,-0.11526423,0.37979382,-0.26627076,-0.03714191,0.014102274,0.10621675,-0.27027312,0.14865763,-0.14807433,0.27047092,0.5287629,0.61699826,-0.27467158,0.18927798,-0.099014945,-0.0031533148,-0.0024895475,0.07043533
-0.436395,-0.43765372,-0.3084448,-0.07262195,0.776482,1.0,-0.17954542,-0.26885357,0.7550915,0.6423837,-0.19811468,-0.21081425,0.06701299,-0.09004968,0.6312624,0.5824557,-0.3341456,0.10778948,-0.4744658,-0.13401072,0.75371313,0.6308572,-0.49231687,-0.287484,0.5827416,0.73582137,0.82408476,0.8098144,0.3783609,0.43110183,-0.07807507,-0.32292467,-0.48503494,-0.32303756,-0.54331285,-0.12008448,0.5707516,0.5432324,0.61818343,0.5818643,0.62065154,0.75216395,-0.48842847,-0.45668617,-0.20982078,-0.4129852,-0.3013354,0.3619227,-0.14245541,0.0750748,-0.18614987,0.41330191,0.25733858,-0.052042935,-0.105740055,0.5726231,-0.48661867,-0.5333255,0.056110073,0.11690661,-0.3962373,0.39555335,-0.42553812,-0.18407743,-0.09816837,-0.16981454,-0.13112123,-0.050045077,0.3205039,-0.047626782,0.07793404,0.23157048,0.3549677,0.40717295,0.3817156,0.1556398,0.37882176,0.37231854,-0.46599272,0.19958845,-0.22588448,0.40131414,0.3456351,0.6045469,-0.19042124,0.5443558,0.09948117,0.6508602,0.124889955,0.6484655,-0.3759711,0.01939343,-0.31181604,0.06482415,0.6092567,0.43513203,0.04434315,0.3675183,-0.31241626,0.2338775,-0.3750835,0.06487181,0.03777376,-0.053076584,-0.11914544,-0.06367831,-0.27228272,0.17268603,0.31594855,0.54449964,-0.487084,0.21669048,-0.13394828,-0.004850275,0.05160714,-0.20113675
0.25511023,0.7338954,0.8316854,0.7646797,0.08091155,-0.17954542,1.0,0.6902459,0.17980431,0.4217861,0.7114817,0.5760191,0.7793614,0.64633423,0.26853275,0.34027532,0.6880547,0.47405186,0.522076,0.41909596,0.012525668,0.24713607,0.7542412,0.8351601,0.12895924,0.062084686,0.029908804,0.1045659,0.60320216,0.25064084,0.7891725,0.7601636,0.5138032,0.568939,0.56463945,0.2716007,0.2949084,0.2562494,0.22509082,0.34631827,0.03942245,-0.02694061,0.08345448,-0.04576701,0.20935312,0.5071714,0.57597744,0.4175807,0.047723677,0.22384712,-0.29932877,0.037888654,-0.19659814,0.050477028,0.61046046,0.16420366,-0.028328022,0.5670153,0.1699134,-0.15012482,0.05893127,0.15039039,0.10260624,0.55030966,0.22958685,-0.0017213451,0.13221788,0.40157464,-0.3315249,-0.3552413,0.5877753,0.60923725,0.4387649,0.32514867,0.27036527,0.48723397,0.2159775,0.505055,0.5629082,0.5125845,0.56617665,0.34089205,0.18311617,0.31648436,0.31021586,0.2578713,0.16424718,0.019586038,0.4567209,0.05121048,0.13127904,-0.011793142,0.14154218,0.23129825,-0.07458815,0.10540338,0.5305112,0.21910354,0.47365713,0.17774135,0.46013597,-0.039947826,-0.0654459,0.32402125,0.14890015,0.5081348,0.3901551,0.39541754,0.20771587,0.16333982,0.6653318,-0.050723396,-0.007701144,0.35008305,-0.11235512,0.29114577
-0.07090194,0.6996672,0.7954411,0.7288555,-0.010938811,-0.26885357,0.6902459,1.0,-0.02512645,0.15066549,0.32413867,0.7465897,0.57947093,0.7777816,0.023583071,0.23523025,0.33986774,0.55264646,0.28661764,0.33058766,-0.18130508,0.22636369,0.7457343,0.7484517,0.2734224,-0.17464033,-0.14957778,-0.0932914,0.4956292,0.3473833,0.74332654,0.7728692,0.5538947,0.7025972,0.44736493,0.44438156,0.15029027,0.18537301,-0.09044077,0.26894873,-0.2742849,-0.27880415,0.22801352,0.09260789,0.049278256,0.3462798,0.46882576,0.3318658,-0.1646114,0.036886174,-0.20592678,0.12522241,-0.01929662,0.18722853,0.37217504,0.11094194,-0.22526248,0.61672944,0.051994413,-0.057690587,-0.12648492,0.056305494,0.07804302,0.5615952,-0.13766398,0.02998627,-0.06802851,0.21318685,-0.50108445,-0.2024905,0.55952287,0.643421,0.4832137,0.3773079,0.3345641,0.44883004,0.3407069,0.51164883,0.27972493,0.42404044,0.14799899,0.4407205,-0.24844559,0.14390796,-0.11024175,0.2834904,-0.29142952,-0.23172238,0.16824754,-0.12681417,0.14862931,0.3434208,0.5392585,0.46427757,-0.09915916,0.16485438,0.4720635,0.0962193,0.38046166,-0.033235356,0.46223956,-0.14705333,-0.16529554,0.614571,0.1572326,0.595194,0.42587653,0.41069874,0.102233596,0.07924748,0.6004255,-0.20793444,0.08198493,0.28888685,-0.16582981,0.45593348
-0.22341828,-0.14547777,-0.01119034,0.21301085,0.84941995,0.7550915,0.17980431,-0.02512645,1.0,0.76867694,0.20390126,-0.032997385,0.4391564,0.14364234,0.86455,0.75864995,-0.00011291192,0.33406794,-0.2115277,0.09115666,0.801611,0.65881723,-0.22697157,0.010708732,0.6310794,0.66352296,0.85328597,0.7905108,0.6826098,0.5845621,0.2414844,-0.011832453,-0.38713977,-0.23393226,-0.21376063,-0.102307744,0.7320284,0.7182264,0.7576396,0.7451416,0.73031586,0.7943674,-0.4828131,-0.5527863,-0.123108335,-0.25748646,-0.108400375,0.45248568,-0.22893187,0.053611312,-0.3248583,0.5333079,0.1578415,-0.11295736,0.076379746,0.6990843,-0.44744772,-0.26418722,0.21211298,0.16113722,-0.28482476,0.37180477,-0.33295268,0.024455516,-0.0016607877,-0.24634181,0.07787097,0.122702055,0.2283902,-0.1879397,0.36802202,0.48603338,0.62333757,0.59404075,0.58524406,0.39844635,0.5384202,0.5574605,-0.22762534,0.44755137,0.117200784,0.6006013,0.48386616,0.82268476,-0.09030939,0.71944064,0.10953348,0.61909246,0.25852308,0.7436494,-0.3642619,-0.0029827598,-0.30178955,0.16861676,0.6867991,0.60198295,0.32489288,0.54951185,-0.17673431,0.45349038,-0.18253249,-0.047828905,0.029614205,-0.025727771,-0.27718922,0.03440796,-0.22158054,0.24093802,0.54563737,0.6647879,-0.20035017,0.20110513,-0.110882476,0.09185674,0.010355525,-0.07364564
-0.090366825,0.13036364,0.2541325,0.41493002,0.7259355,0.6423837,0.4217861,0.15066549,0.76867694,1.0,0.31298593,0.15268347,0.5595038,0.31623688,0.7590372,0.80073714,0.20585985,0.3481093,0.018452618,0.2444875,0.7433519,0.7489422,0.02981968,0.2664513,0.60882866,0.66601896,0.7265008,0.7773402,0.6826202,0.5469592,0.40259317,0.13519076,-0.099255666,0.05416931,0.025681866,0.10882523,0.69845617,0.6787693,0.7191243,0.7290162,0.64390004,0.68535686,-0.3504547,-0.4167361,-0.069830224,-0.07832524,0.15396667,0.5798004,-0.080623314,0.1511784,-0.38021827,0.32607841,0.06991058,-0.059096884,0.31512484,0.59868985,-0.3228088,-0.058513463,0.19895196,0.03422043,-0.14738338,0.340655,-0.286816,0.19918787,0.10396785,-0.1914749,0.016557002,0.2822888,0.06089936,-0.18138795,0.42534643,0.52721405,0.5625769,0.5246649,0.51118284,0.472972,0.4499277,0.6290255,0.05477125,0.45570254,0.23766819,0.5708464,0.47231162,0.7789132,0.048398957,0.6257271,0.23475768,0.5737198,0.4183099,0.5930781,-0.31457493,-0.089948885,-0.25760382,0.21830522,0.4923956,0.48387894,0.38934347,0.4926542,0.019307388,0.34080017,0.017147098,-0.018935379,0.011481292,0.11572004,-0.05640347,0.24076697,-0.031336665,0.3651437,0.48146054,0.5921887,0.0396898,0.18383043,-0.20662291,0.14984353,0.034774844,0.040908154
0.5631678,0.5686575,0.57937247,0.4931445,0.0048430064,-0.19811468,0.7114817,0.32413867,0.20390126,0.31298593,1.0,0.31731442,0.6430229,0.3566106,0.32372546,0.21958514,0.80281717,0.31936458,0.594883,0.36922094,0.06524555,0.011589956,0.54802185,0.59821415,-0.11271452,-0.0034527958,0.06814754,0.089902215,0.40727907,0.0615926,0.5287197,0.48203525,0.3550961,0.31374708,0.56955135,0.07191246,0.24082547,0.14970928,0.32262596,0.20190646,0.16202533,0.063255586,0.10973182,-0.0115799755,0.27177173,0.38718563,0.4152968,0.19833212,0.18054959,0.18064262,-0.1008262,-0.08177595,-0.42731097,-0.11758038,0.5395657,0.12744594,0.29242092,0.43146622,0.11807158,-0.18523636,0.28441703,-0.07575266,0.12153656,0.29960814,0.26247266,-0.015409437,0.3391671,0.28699636,-0.12462919,-0.25987887,0.42281485,0.24981903,0.23998919,0.088068604,0.093596175,0.27067497,0.063968256,0.2187399,0.643258,0.42831698,0.8111843,0.092086345,0.46832705,0.31300744,0.52587897,0.06554078,0.43009502,0.11312917,0.38272265,0.101127796,0.13124932,-0.23875235,-0.14300168,0.031448197,-0.09123166,0.083152525,0.36457726,0.2748149,0.21904796,0.33073115,0.42680174,-0.03160552,0.016141722,-0.062183134,0.07141571,0.1954685,0.1458277,0.09868926,0.23408274,0.06514666,0.50084716,-0.012076138,-0.06514823,0.20140843,0.013272928,0.003778131
-0.021091582,0.64460444,0.67398596,0.44991958,-0.06410205,-0.21081425,0.5760191,0.7465897,-0.032997385,0.15268347,0.31731442,1.0,0.54512787,0.8361375,0.034114394,0.28360525,0.34251276,0.7365762,0.1449941,0.05053137,-0.080871776,0.14584614,0.6738447,0.59153724,0.20696497,-0.092971206,-0.1188575,0.001642119,0.4349529,0.46015865,0.7069932,0.5666305,0.5934304,0.74019253,0.35105136,0.30472866,0.18899328,0.13146494,-0.036533512,0.11266579,-0.23061287,-0.2955311,0.27309862,0.035577327,-0.078778036,0.2734722,0.43627825,0.14765662,-0.21974158,0.026946964,-0.1610432,-0.046497896,-0.1236492,0.13393903,0.2508096,0.006074186,-0.10760296,0.5402627,-0.22443038,-0.23124292,-0.11564377,-0.058934785,-0.047677815,0.36918545,-0.32039002,0.0887632,-0.036057893,-0.035000447,-0.45652667,-0.05193107,0.69415283,0.5120329,0.48220637,0.36798096,0.3919849,0.5030884,0.4478672,0.4061127,0.33732617,0.6044684,0.18963519,0.37637672,-0.20711094,0.18824755,-0.14827636,0.10602233,-0.18052405,-0.23098572,0.009534046,-0.21230452,0.21358146,0.15372726,0.575119,0.34829506,-0.07819248,0.10466052,0.37061182,0.044324685,0.1982071,-0.08423479,0.53937596,-0.20119564,-0.3311078,0.44042763,0.2379445,0.2904704,0.0814971,0.2549469,0.05901202,0.008786423,0.4061642,-0.24949427,-0.08449956,0.29362616,-0.071779974,0.16559134
0.054803595,0.577061,0.62590545,0.60103667,0.3309765,0.06701299,0.7793614,0.57947093,0.4391564,0.5595038,0.6430229,0.54512787,1.0,0.66581607,0.5081758,0.5520182,0.47863895,0.6583917,0.31354532,0.32385635,0.28246847,0.41273314,0.53470254,0.6341227,0.33571222,0.21543533,0.29411164,0.3071978,0.7758338,0.50228703,0.7876049,0.6351916,0.32093784,0.4193555,0.4330512,0.23250239,0.5037121,0.47423688,0.45331657,0.5385487,0.26456752,0.20131117,-0.019743321,-0.19588919,0.15009207,0.28456035,0.5201519,0.5000849,-0.08540061,0.21819802,-0.3383629,0.18323658,-0.04184278,0.133756,0.45521528,0.43137598,-0.23408134,0.4483934,0.1437374,-0.08474539,-0.06656495,0.180444,-0.030996948,0.50882167,0.0854526,-0.08955063,0.28890255,0.38776544,-0.20170875,-0.32450783,0.71355337,0.6806293,0.6532275,0.546595,0.5080049,0.5878589,0.4886329,0.5944604,0.29719102,0.6730536,0.45879617,0.5515519,0.2433195,0.5596001,0.14404461,0.45370758,0.088813186,0.23193166,0.26776534,0.3157736,-0.01174136,0.12558131,0.06662146,0.36102578,0.26802886,0.34309512,0.6301184,0.42834243,0.27566627,0.43191677,0.34645844,-0.12655038,-0.060472902,0.29241574,0.089275695,0.37070528,0.1611715,0.3783012,0.41782716,0.4350846,0.52654785,-0.03272529,-0.07826673,0.3385477,-0.17207648,0.10993163
-0.12747005,0.59579116,0.70748127,0.55002946,0.12385251,-0.09004968,0.64633423,0.7777816,0.14364234,0.31623688,0.3566106,0.8361375,0.66581607,1.0,0.18827885,0.4320566,0.35238934,0.73504573,0.10440331,0.17246751,0.057086382,0.3568437,0.6239047,0.6210976,0.37992492,0.031567283,0.017466996,0.13791303,0.6185132,0.58674693,0.80288386,0.63062954,0.46579736,0.6514489,0.3586958,0.40228045,0.36049858,0.32916832,0.1119773,0.28613183,-0.07973595,-0.13984756,0.1518276,-0.056209594,-0.116719864,0.26739708,0.44339457,0.34078088,-0.25957948,0.04803965,-0.31569946,0.115995936,-0.012608403,0.15571958,0.31110054,0.18284683,-0.2534422,0.45327777,-0.14928193,-0.12792419,-0.122296706,0.015130949,-0.13754198,0.44345817,-0.2409331,0.032474373,-0.0031736202,0.015724845,-0.42469993,-0.11657886,0.75374734,0.687104,0.62058115,0.5492652,0.5370721,0.6471344,0.56722766,0.6049864,0.26661503,0.6641994,0.19393294,0.5702096,-0.093020864,0.33367336,-0.17264186,0.31168815,-0.1820796,-0.09559694,0.11657554,-0.04323994,0.15822822,0.17702727,0.48603508,0.5004519,0.061144795,0.25094956,0.47852245,0.19086587,0.21158709,0.05102504,0.5359788,-0.21658447,-0.27665728,0.44402128,0.17672087,0.41093144,0.15823387,0.3515852,0.22118069,0.2066753,0.46626198,-0.20541142,0.047639225,0.32876492,-0.10950515,0.26934808
-0.047886748,-0.029263198,0.0846551,0.24862936,0.79805195,0.6312624,0.26853275,0.023583071,0.86455,0.7590372,0.32372546,0.034114394,0.5081758,0.18827885,1.0,0.7947009,0.11877242,0.3812108,-0.05820902,0.20409423,0.7914852,0.60691035,-0.14197883,0.077850565,0.59189725,0.5622919,0.7902931,0.7102463,0.7015432,0.5873831,0.29280895,0.025113132,-0.27438927,-0.16343023,-0.05188963,-0.057117634,0.76118344,0.77443874,0.7850379,0.7505351,0.7795776,0.7781195,-0.43068248,-0.5045228,-0.115961164,-0.21594647,-0.009456127,0.48265022,-0.24650438,-0.039528836,-0.36352566,0.49274644,0.12790003,-0.09892121,0.17700922,0.71900415,-0.31157553,-0.13150398,0.2297337,0.087031625,-0.14009748,0.2719715,-0.3270191,0.060922302,-0.019373393,-0.2515874,0.17681395,0.18703812,0.19490297,-0.10345249,0.4231734,0.46503156,0.66308373,0.5741788,0.5963387,0.48178184,0.54899716,0.5666806,-0.04361618,0.50877625,0.26636875,0.6029676,0.5465179,0.872296,-0.023653856,0.7095502,0.1695621,0.60221875,0.30345523,0.7674608,-0.29808882,-0.060892347,-0.28328773,0.23122802,0.668379,0.6503429,0.4109338,0.6170831,-0.114901066,0.47195694,-0.077168144,-0.11228287,-0.041773476,-0.057302132,-0.24120761,0.060250845,-0.21930446,0.21610026,0.6120387,0.6257828,-0.11574273,0.18807657,-0.12684709,0.035105906,0.0873699,-0.012923
-0.16512743,0.12546594,0.25453848,0.36379474,0.7641849,0.5824557,0.34027532,0.23523025,0.75864995,0.80073714,0.21958514,0.28360525,0.5520182,0.4320566,0.7947009,1.0,0.10822441,0.49898297,-0.052755747,0.2499739,0.74174523,0.7260249,-0.02017973,0.18581693,0.7564549,0.5263586,0.68923247,0.6960125,0.7533422,0.76005507,0.40920186,0.08274639,-0.09885223,0.09905028,0.033127673,0.1646927,0.7657006,0.8100681,0.65414613,0.7168822,0.6044821,0.6267861,-0.294253,-0.42729914,-0.25287694,-0.25708112,0.09646584,0.556451,-0.31578612,0.025444409,-0.3946239,0.46877065,0.18004699,0.019851115,0.16477895,0.6601949,-0.3696027,-0.023877807,0.08757057,0.09745375,-0.20221508,0.2136898,-0.36146015,0.21213427,-0.18435778,-0.18328607,0.11812997,0.17525713,0.053813685,-0.03165779,0.5427741,0.583704,0.7499679,0.6793342,0.7304881,0.64525574,0.69242084,0.72618926,-0.009234381,0.5552694,0.11227657,0.7362913,0.33225116,0.8567439,-0.22065498,0.7331829,-0.011005199,0.42925885,0.25119388,0.59944797,-0.28674525,0.017509365,-0.10673718,0.3886468,0.60457295,0.65216064,0.45262334,0.5401307,-0.02389877,0.30902475,0.07351066,-0.18096438,-0.11029796,0.17700185,-0.14746937,0.19576241,-0.146823,0.25958055,0.56642616,0.5759215,-0.028591663,0.081098564,-0.21576113,0.03591511,0.034560617,0.12026027
0.59855753,0.57379794,0.6435353,0.49429145,-0.15513036,-0.3341456,0.6880547,0.33986774,-0.00011291192,0.20585985,0.80281717,0.34251276,0.47863895,0.35238934,0.11877242,0.10822441,1.0,0.21445306,0.6476765,0.37204757,-0.047439657,-0.0673294,0.5928216,0.6226917,-0.1791174,-0.11653023,-0.11580229,-0.053864047,0.27731502,-0.0016737574,0.47867656,0.4354596,0.42650375,0.3974994,0.6023502,0.11038429,0.1614031,0.030480536,0.12173456,-0.026597612,0.0452133,-0.10039551,0.15219228,0.11916638,0.18350042,0.41113296,0.38965297,0.09019999,0.18584047,0.12548336,-0.12808879,-0.2345931,-0.39815626,-0.177544,0.502333,-0.08612574,0.40215495,0.42917106,0.016262293,-0.19704741,0.3222956,-0.20326923,0.13665327,0.26181677,0.2477626,0.030033497,0.14992711,0.22262025,-0.16140339,-0.10116689,0.38926673,0.18302774,0.12549245,-0.007078632,0.035321947,0.290987,0.00044627543,0.1879604,0.7783175,0.30839112,0.7672103,0.021872409,0.37794718,0.14683738,0.486706,-0.06667787,0.41130573,-0.12213179,0.42467946,-0.13180101,0.18442154,-0.39139718,-0.10480532,-0.08934002,-0.27093983,-0.04488461,0.25805783,0.09471109,0.23681831,0.08481071,0.49415532,-0.099033244,-0.13419981,-0.10103879,0.08993535,0.19904289,0.15201493,0.028369095,0.07377567,-0.14664306,0.48388457,0.042566534,-0.009409788,0.15767132,0.19364107,0.11180179
-0.1996392,0.38788283,0.43650863,0.2755529,0.24501194,0.10778948,0.47405186,0.55264646,0.33406794,0.3481093,0.31936458,0.7365762,0.6583917,0.73504573,0.3812108,0.49898297,0.21445306,1.0,-0.076299295,-0.09948619,0.24850102,0.2949738,0.43448037,0.41303173,0.350705,0.20481172,0.21419103,0.2637693,0.6338149,0.6922775,0.7011598,0.43779126,0.3150157,0.46511257,0.18600945,0.20576854,0.49572083,0.40959862,0.32375827,0.39748496,0.14247134,0.03868718,0.05169627,-0.13709696,-0.09724867,0.05882536,0.36018667,0.23302054,-0.3115929,0.101507045,-0.31339598,0.13119617,0.05839893,0.10687074,0.17555909,0.35197547,-0.33923426,0.31295615,-0.1889642,-0.1818014,-0.22216295,0.04264885,-0.15171938,0.27839455,-0.34621412,-0.085610375,0.14662912,0.0013890641,-0.30313012,-0.11385474,0.820114,0.6089273,0.68896145,0.6217051,0.63021475,0.62062675,0.7033529,0.5319739,0.09594811,0.8223071,0.17616586,0.5730804,0.011752785,0.4891333,-0.20480055,0.3636916,-0.15321247,0.07096595,-0.062183846,0.17540902,0.06950814,0.22118308,0.3388396,0.39910752,0.34554496,0.39494586,0.54342616,0.3703471,0.036543336,0.25495097,0.40614718,-0.321895,-0.27419573,0.25804335,0.120399155,0.09751711,-0.17793679,0.23703526,0.3421244,0.39720637,0.25132886,-0.13174869,0.007416481,0.3549251,-0.122679986,-0.034182176
0.70183,0.62863404,0.539962,0.5142223,-0.2716356,-0.4744658,0.522076,0.28661764,-0.2115277,0.018452618,0.594883,0.1449941,0.31354532,0.10440331,-0.05820902,-0.052755747,0.6476765,-0.076299295,1.0,0.644295,-0.2048199,-0.14668563,0.50156283,0.54968977,-0.24684021,-0.38508478,-0.23669226,-0.2717603,0.040974747,-0.28799316,0.1948141,0.33155054,0.53378254,0.42391822,0.71982896,0.28261957,-0.10919515,-0.10480196,-0.042307787,-0.03479869,-0.12856275,-0.18702449,0.34371227,0.22097033,0.16265765,0.34334123,0.40823776,0.18592587,0.26144814,-0.019642115,0.04315026,-0.319455,-0.33215463,-0.008839148,0.49341795,-0.060955536,0.48242348,0.63794214,0.27759165,-0.032162994,0.41933936,-0.22105727,0.4426133,0.38517493,0.32180703,0.055568904,0.22877952,0.5351352,-0.2237347,-0.17074196,0.037059553,-0.06115452,-0.10309053,-0.2912804,-0.22645126,-0.0007859742,-0.27585778,-0.0607132,0.6797422,-0.030795323,0.58035755,-0.16343287,0.18206458,-0.04744508,0.49048883,-0.13496669,0.2936187,-0.11246372,0.30702665,-0.13222837,0.032481257,-0.16321036,-0.1486875,0.0076467274,-0.31258383,-0.06229863,0.27628392,0.10603758,0.37090603,0.108454295,0.26231173,0.05136686,0.028347412,0.09845995,0.15744689,0.3525488,0.3832389,-0.06254293,0.058462787,-0.17807005,0.56080055,0.10504397,-0.08093674,-0.09082905,0.010482848,0.22753493
0.3839359,0.46997997,0.4538937,0.624065,0.15800749,-0.13401072,0.41909596,0.33058766,0.09115666,0.2444875,0.36922094,0.05053137,0.32385635,0.17246751,0.20409423,0.2499739,0.37204757,-0.09948619,0.644295,1.0,0.05606344,0.2641057,0.18807508,0.3367852,0.2616164,-0.2594442,0.05582562,-0.054590993,0.27566066,0.011862406,0.15895672,0.24727574,0.20158495,0.23856367,0.54919547,0.49641758,0.14940134,0.28587028,0.12541279,0.28476322,0.052627407,0.1058805,0.13996074,0.013764672,-0.0034622704,0.11076564,0.15950488,0.45180127,0.028242411,-0.17000464,-0.035429124,0.2100018,-0.023950255,0.04737647,0.40658244,0.29371232,0.107246056,0.43443123,0.34308776,0.31767297,0.18015829,-0.038746797,0.076793335,0.44496945,0.12970887,-0.13769545,0.11553899,0.57307404,-0.03463999,-0.0670182,-0.002313221,0.2062427,0.21155089,0.04317055,0.061790213,0.17956622,0.0024593733,0.23743857,0.3367119,-0.038902774,0.28271973,0.2743578,0.13607182,0.18255842,0.1541075,0.35359603,0.019060785,0.030240616,0.35495526,0.21707007,-0.24635781,0.12019115,-0.17450732,0.32821888,0.049481884,0.25739327,0.41526797,0.30718267,0.28040868,0.22760873,0.027476788,0.10876362,0.0995936,0.30468363,-0.08355884,0.57767004,0.4663874,0.08491305,0.36859566,0.10880021,0.40994656,0.12681367,-0.036759667,-0.19838394,-0.05288785,0.5220876
-0.15540406,-0.22150776,-0.13620435,0.030754702,0.7883429,0.75371313,0.012525668,-0.18130508,0.801611,0.7433519,0.06524555,-0.080871776,0.28246847,0.057086382,0.7914852,0.74174523,-0.047439657,0.24850102,-0.2048199,0.05606344,1.0,0.6538105,-0.34538963,-0.14051504,0.61152637,0.6340648,0.823322,0.76653373,0.5271601,0.54633504,0.06884238,-0.2563717,-0.37103632,-0.22479494,-0.23452704,-0.04716253,0.7219056,0.71148825,0.7360539,0.64183307,0.7686478,0.8102791,-0.41069493,-0.45065492,-0.27644745,-0.42190903,-0.09985902,0.43158573,-0.19838353,-0.012951584,-0.33860376,0.32726538,0.16481338,-0.09002363,-0.0018059015,0.64373195,-0.30200276,-0.2959008,0.103683114,0.05445918,-0.17784627,0.15294817,-0.33145463,-0.040461626,-0.0770124,-0.19084337,0.03741146,0.064660765,0.25215977,0.066019915,0.27780765,0.2594192,0.4961481,0.47500345,0.5232653,0.351749,0.5139826,0.45251396,-0.19276352,0.3665329,0.045620583,0.50194097,0.5219994,0.79515934,-0.12855995,0.5882517,0.20100546,0.62832785,0.20042112,0.6966067,-0.38097855,-0.1321194,-0.36003926,0.14575234,0.65977865,0.6010131,0.24248284,0.5553714,-0.28648067,0.4017281,-0.19897757,-0.11066588,-0.0564906,-0.1361185,-0.1601625,-0.1014072,-0.3801784,0.14748307,0.5167982,0.5905978,-0.3072088,0.2358908,-0.18120731,-0.06784581,0.18285444,-0.17180395
-0.37422246,0.009483037,0.1845262,0.37873724,0.72848856,0.6308572,0.24713607,0.22636369,0.65881723,0.7489422,0.011589956,0.14584614,0.41273314,0.3568437,0.60691035,0.7260249,-0.0673294,0.2949738,-0.14668563,0.2641057,0.6538105,1.0,-0.08482166,0.13394502,0.763527,0.60674745,0.6416491,0.6381108,0.64288986,0.6053264,0.33470714,0.10651245,-0.14519118,0.069480084,-0.02851405,0.29368454,0.64922804,0.7182801,0.51240367,0.7186481,0.4680314,0.60799,-0.270389,-0.49691528,-0.2655511,-0.19523752,0.041417737,0.62625855,-0.18360053,0.060301993,-0.33596125,0.4668104,0.301098,-0.011949061,0.07718864,0.5871918,-0.53615725,-0.089410126,0.17802042,0.20236415,-0.23535337,0.27240953,-0.32949725,0.23627579,-0.037264567,-0.21072844,-0.08167711,0.17664903,-0.033756305,-0.13244887,0.34256107,0.5954494,0.58536553,0.6317649,0.57459855,0.48970142,0.54720896,0.6958516,-0.21299815,0.37592086,-0.091316484,0.6696361,0.18872008,0.6665368,-0.2735572,0.70087963,-0.10443545,0.4319995,0.23495077,0.5054837,-0.32777295,0.15217564,-0.06837159,0.35689947,0.5293163,0.5586049,0.3648439,0.4480231,-0.009879102,0.19171716,-0.12493532,-0.08061199,-0.0410583,0.2620735,-0.1105308,0.35246944,0.03852972,0.3326184,0.47360146,0.62974906,-0.009774634,0.105813675,-0.03270786,0.1257883,-0.012391806,0.2226829
0.26684996,0.7682667,0.8026064,0.6164947,-0.3085843,-0.49231687,0.7542412,0.7457343,-0.22697157,0.02981968,0.54802185,0.6738447,0.53470254,0.6239047,-0.14197883,-0.02017973,0.5928216,0.43448037,0.50156283,0.18807508,-0.34538963,-0.08482166,1.0,0.8477683,-0.15226272,-0.21461496,-0.33795005,-0.2252916,0.26443633,0.017348543,0.71136314,0.7789077,0.7184944,0.7181911,0.56059426,0.26871377,-0.058335856,-0.1153472,-0.124674395,0.024297845,-0.3139674,-0.4200733,0.32489517,0.22672798,0.21647492,0.5938533,0.6228905,0.13734742,0.12977596,0.17892492,-0.11407755,-0.25929263,-0.3027549,0.10280886,0.52736264,-0.13797677,0.11925827,0.6892378,0.040089723,-0.30090642,0.11971852,-0.029057357,0.32197842,0.4806553,0.1422351,0.08826384,0.04255316,0.1979521,-0.5732776,-0.29428113,0.4768151,0.36801657,0.16363677,0.04912708,0.018737542,0.26308745,0.008261155,0.21590066,0.57104325,0.35594624,0.44843,0.038189173,-0.06289065,-0.0450345,0.29909793,-0.10756712,0.07880955,-0.23573403,0.24715751,-0.3186789,0.34064087,0.040976908,0.41519114,0.17344122,-0.40432516,-0.14508975,0.31665796,-0.04421174,0.45601997,-0.07652729,0.5985023,-0.053584065,-0.1408511,0.35648578,0.31539336,0.4194562,0.39388213,0.32868168,-0.124236435,-0.15346903,0.6922414,-0.15493044,0.040260084,0.3621569,-0.09187513,0.23763488
0.237263,0.72533816,0.854529,0.7678763,-0.06361959,-0.287484,0.8351601,0.7484517,0.010708732,0.2664513,0.59821415,0.59153724,0.6341227,0.6210976,0.077850565,0.18581693,0.6226917,0.41303173,0.54968977,0.3367852,-0.14051504,0.13394502,0.8477683,1.0,0.018891746,-0.042566925,-0.102372035,0.00082709524,0.44482222,0.108928904,0.73709404,0.79296917,0.63454753,0.67039883,0.5457638,0.30240688,0.11800005,0.06793588,0.0651853,0.24957547,-0.13747425,-0.19655117,0.17516036,0.06349289,0.1848733,0.517275,0.6089555,0.34629136,0.1043073,0.1619443,-0.2335266,-0.11274545,-0.2339814,0.078550555,0.5834173,0.054031156,0.042188853,0.62360644,0.17177278,-0.21072672,0.08507064,0.086173214,0.28565454,0.5411595,0.2346008,0.04041567,0.03413726,0.33735272,-0.50293213,-0.39828494,0.50036633,0.5052936,0.288385,0.15519059,0.1328562,0.3242799,0.0760302,0.3841859,0.5616513,0.385027,0.4930575,0.18940978,0.07731388,0.15529726,0.31815475,0.120938204,0.12187199,-0.06486132,0.38020635,-0.11217964,0.19926593,0.005774988,0.28370646,0.2056775,-0.24087238,0.016244149,0.41462162,0.113204546,0.49093702,0.027877232,0.50243896,-0.029198978,-0.10651194,0.37632853,0.25572318,0.5264101,0.44109753,0.37264845,0.027296897,0.036277752,0.68382955,-0.07043129,0.06754132,0.3671232,-0.097999334,0.29299632
-0.42230603,0.0113308625,0.1354858,0.3201636,0.77166885,0.5827416,0.12895924,0.2734224,0.6310794,0.60882866,-0.11271452,0.20696497,0.33571222,0.37992492,0.59189725,0.7564549,-0.1791174,0.350705,-0.24684021,0.2616164,0.61152637,0.763527,-0.15226272,0.018891746,1.0,0.4169517,0.59246135,0.5373435,0.63497084,0.7224163,0.27071664,0.022634156,-0.22176482,0.046402276,-0.10763836,0.2568835,0.6369784,0.748332,0.427101,0.64671606,0.40175357,0.51598257,-0.25387266,-0.36227795,-0.32218447,-0.34261915,-0.10050012,0.5144522,-0.36883026,-0.043536093,-0.2969932,0.6301276,0.35849163,0.07869105,-0.029899854,0.612315,-0.56702685,-0.089817725,0.15933892,0.29191986,-0.31054363,0.26115802,-0.42845732,0.17557885,-0.29968068,-0.20727292,-0.01696908,0.09920051,0.010032647,0.0473475,0.35907078,0.58281976,0.7095856,0.69210327,0.6909201,0.5415879,0.66966116,0.7131078,-0.30907854,0.33824232,-0.25722447,0.76961917,0.047682475,0.6589574,-0.49469927,0.79698116,-0.31927738,0.27454445,0.13827969,0.53863573,-0.3492583,0.31694022,0.020915102,0.5273017,0.5958315,0.63957846,0.3487994,0.42093116,-0.04799923,0.19944406,-0.0837936,-0.15680829,-0.107091814,0.36412933,-0.22934979,0.34817526,-0.021997323,0.29533878,0.48497903,0.5031959,-0.122105174,0.07960965,-0.1006343,-0.03288703,-0.0039555742,0.31869325
-0.35380524,-0.28966996,-0.14287995,-0.011081,0.6158816,0.73582137,0.062084686,-0.17464033,0.66352296,0.66601896,-0.0034527958,-0.092971206,0.21543533,0.031567283,0.5622919,0.5263586,-0.11653023,0.20481172,-0.38508478,-0.2594442,0.6340648,0.60674745,-0.21461496,-0.042566925,0.4169517,1.0,0.63499504,0.73465,0.4177383,0.40359056,0.15687987,-0.0709228,-0.3483188,-0.24438788,-0.31873915,-0.17766938,0.55564004,0.48003152,0.5491592,0.5286558,0.56341505,0.6527489,-0.49155456,-0.49743822,-0.07962577,-0.15262696,-0.037935667,0.27201033,-0.10810009,0.31760758,-0.37306175,0.2994347,0.17311274,-0.17720605,-0.017139088,0.37537447,-0.44905847,-0.41964123,0.06940854,-0.049825687,-0.19742908,0.40050977,-0.295797,-0.09797807,0.14197198,-0.19574822,-0.028003138,-0.035113804,0.13531134,-0.19226293,0.24109273,0.32860395,0.3299536,0.44446242,0.38640043,0.2213054,0.33128202,0.39387903,-0.27554002,0.3787396,-0.03651583,0.31597483,0.3283964,0.55772656,-0.055789158,0.40648353,0.16686435,0.5386304,0.19017231,0.4681305,-0.24569587,-0.13065238,-0.23286504,-0.037431195,0.48001507,0.3192908,0.066545054,0.27711195,-0.028270379,0.1696196,-0.15723203,-0.0056550037,-0.055017564,-0.14352243,-0.1078315,-0.10789976,-0.272544,0.17137448,0.28864133,0.53845716,-0.28022724,0.14581604,0.005527591,0.28992108,0.0077140345,-0.20943838
-0.21059197,-0.24274962,-0.12214141,0.09076764,0.83362967,0.82408476,0.029908804,-0.14957778,0.85328597,0.7265008,0.06814754,-0.1188575,0.29411164,0.017466996,0.7902931,0.68923247,-0.11580229,0.21419103,-0.23669226,0.05582562,0.823322,0.6416491,-0.33795005,-0.102372035,0.59246135,0.63499504,1.0,0.82476556,0.5376716,0.45763487,0.07881773,-0.18447283,-0.34119776,-0.2007341,-0.3641185,-0.07920483,0.6721464,0.62642086,0.7737585,0.70239466,0.70914704,0.78803825,-0.41398966,-0.4789726,-0.19554798,-0.34963217,-0.12260837,0.48381907,-0.117916554,0.022585986,-0.19568668,0.39881983,0.14759819,-0.033617713,0.0650041,0.7090211,-0.35770756,-0.33589795,0.19484955,0.122564636,-0.33965525,0.3602987,-0.34661394,-0.046705965,-0.03724457,-0.18981588,0.035579585,0.08670443,0.23471998,-0.14597265,0.22421597,0.3083438,0.47631124,0.42420098,0.43655834,0.24866326,0.41629875,0.44113576,-0.27466697,0.3039661,0.03486029,0.4596662,0.5336911,0.7524831,-0.035845682,0.62294286,0.21982901,0.72223914,0.17892697,0.7493033,-0.38048658,-0.026993169,-0.3600603,0.11214814,0.6518333,0.5492275,0.24478704,0.5483575,-0.29461583,0.4150598,-0.28171492,0.06715492,0.06913095,-0.04717079,-0.10308267,0.011349521,-0.22632842,0.259265,0.43298542,0.5953293,-0.30088472,0.2797416,-0.16379099,0.01616538,0.102729715,-0.17662695
-0.23028706,-0.17600812,-0.04490296,0.10946605,0.73914313,0.8098144,0.1045659,-0.0932914,0.7905108,0.7773402,0.089902215,0.001642119,0.3071978,0.13791303,0.7102463,0.6960125,-0.053864047,0.2637693,-0.2717603,-0.054590993,0.76653373,0.6381108,-0.2252916,0.00082709524,0.5373435,0.73465,0.82476556,1.0,0.5117432,0.4747598,0.15155198,-0.12029295,-0.24862638,-0.111590356,-0.34301233,-0.08800881,0.62641925,0.5568503,0.6990443,0.6269715,0.6406826,0.7055329,-0.41980034,-0.4106593,-0.16816746,-0.2435214,-0.040729173,0.42650795,-0.16030093,0.13316156,-0.28700706,0.30373383,0.082084864,-0.043731783,0.108271524,0.5561141,-0.32388374,-0.34675235,0.048782766,-0.0063453014,-0.25994188,0.40207645,-0.4000753,-0.049809314,-0.020390082,-0.112399094,-0.055157866,0.017688124,0.24144413,-0.14382431,0.28503677,0.3354506,0.4200289,0.416754,0.42057282,0.26159662,0.39755687,0.45809394,-0.1833243,0.37525964,0.057296555,0.4306204,0.49582723,0.7127406,-0.0058173095,0.50826806,0.27734882,0.69225043,0.19863166,0.6083068,-0.31367534,-0.12331174,-0.26769862,0.114945404,0.5131932,0.4299643,0.15144728,0.37955272,-0.22754003,0.30084,-0.10974299,0.044858295,-0.036604807,-0.014774356,0.022102548,0.015289334,-0.21241313,0.2917227,0.31540212,0.53626126,-0.25739744,0.20187157,-0.16467272,0.113604255,0.08533532,-0.21742804
-0.20261323,0.29607898,0.4844879,0.56528634,0.6329857,0.3783609,0.60320216,0.4956292,0.6826098,0.6826202,0.40727907,0.4349529,0.7758338,0.6185132,0.7015432,0.7533422,0.27731502,0.6338149,0.040974747,0.27566066,0.5271601,0.64288986,0.26443633,0.44482222,0.63497084,0.4177383,0.5376716,0.5117432,1.0,0.7202935,0.69445753,0.46186566,0.015543466,0.21665868,0.16886924,0.17391546,0.72439027,0.71213794,0.5460232,0.68939936,0.43340066,0.43915164,-0.2976811,-0.43115938,-0.09975679,0.031446993,0.19863914,0.5702969,-0.265102,0.08610543,-0.4747569,0.45509157,0.18055527,0.013374018,0.2536623,0.57414407,-0.48026285,0.14983742,0.10317919,0.047235638,-0.25426272,0.2592706,-0.22565489,0.35407582,-0.07008764,-0.15899926,0.12681235,0.21938814,-0.084717155,-0.22769684,0.718295,0.79448014,0.84140146,0.7695536,0.74941033,0.69901055,0.7003265,0.80559605,0.06085331,0.6938722,0.23892887,0.77445865,0.22998047,0.7552646,-0.15643129,0.7276323,-0.07712313,0.2926174,0.30588418,0.48643917,-0.09935471,0.1127178,0.011387126,0.38200524,0.51899755,0.54108256,0.57020366,0.49178877,0.12226047,0.3391126,0.14826949,-0.1969091,-0.15292795,0.23036075,-0.14352669,0.32795227,0.014390686,0.35188946,0.52046376,0.57010436,0.21705171,-0.0107461,-0.01746022,0.24376537,-0.08989287,0.15318634
-0.41316244,0.09392179,0.2212388,0.21761234,0.5977511,0.43110183,0.25064084,0.3473833,0.5845621,0.5469592,0.0615926,0.46015865,0.50228703,0.58674693,0.5873831,0.76005507,-0.0016737574,0.6922775,-0.28799316,0.011862406,0.54633504,0.6053264,0.017348543,0.108928904,0.7224163,0.40359056,0.45763487,0.4747598,0.7202935,1.0,0.49393663,0.15389746,-0.11098413,0.12876609,0.006384454,0.19132572,0.7153727,0.72462326,0.40254313,0.5197635,0.38702023,0.38128766,-0.22003032,-0.37816155,-0.2901212,-0.23104742,0.027200826,0.35137105,-0.5012839,0.013611399,-0.46529427,0.47128093,0.32524672,0.013762701,-0.07597964,0.50287116,-0.5185474,-0.046844274,-0.1356037,0.11092371,-0.2780531,0.12853228,-0.41241044,0.18529065,-0.4018884,-0.12517762,0.050426953,-0.03590142,-0.05174441,0.06046555,0.70090145,0.68107873,0.8251479,0.8499337,0.8719446,0.76555353,0.8924537,0.7460748,-0.15230465,0.677215,-0.08577458,0.83589536,0.012098951,0.69681007,-0.5086379,0.6755467,-0.32739076,0.14221478,-0.0024089182,0.38434938,-0.20431003,0.189659,0.18770292,0.43315038,0.613452,0.6390966,0.43610343,0.42771745,-0.081831954,0.21283603,0.11847277,-0.3845848,-0.21408442,0.21321367,-0.21568613,0.10023062,-0.2813912,0.18931945,0.5219127,0.54847807,-0.047619324,-0.10531964,-0.01602637,0.10303173,-0.052655656,0.123035535
-0.061579637,0.59669375,0.7353952,0.6325279,0.16142732,-0.07807507,0.7891725,0.74332654,0.2414844,0.40259317,0.5287197,0.7069932,0.7876049,0.80288386,0.29280895,0.40920186,0.47867656,0.7011598,0.1948141,0.15895672,0.06884238,0.33470714,0.71136314,0.73709404,0.27071664,0.15687987,0.07881773,0.15155198,0.69445753,0.49393663,1.0,0.78019255,0.40460208,0.5342389,0.40106192,0.26121196,0.4112941,0.34061807,0.22953294,0.38943884,0.05246306,-0.030715268,0.017380383,-0.14408614,0.086541004,0.38447595,0.5191719,0.37023637,-0.09420171,0.19722724,-0.39784864,0.109625034,-0.03684024,0.057895496,0.43617207,0.23651178,-0.27749252,0.42301378,0.012169639,-0.14685893,-0.121546865,0.16832808,0.00037842363,0.46025652,0.008567508,-0.07093953,0.059614718,0.15503733,-0.44753715,-0.31308985,0.7765535,0.7497871,0.61631006,0.5500256,0.4890624,0.62780255,0.47033584,0.61193323,0.31685796,0.668977,0.35977378,0.50475776,0.040452916,0.38852963,0.037296016,0.3324126,-0.038654033,0.0074121957,0.26962012,0.04978953,0.18813299,0.11503378,0.3626498,0.32614118,0.0879828,0.22397275,0.53033507,0.24100436,0.3299224,0.146694,0.48488942,-0.1719528,-0.17148589,0.35434562,0.09457241,0.39935842,0.20246904,0.43727475,0.2322628,0.27465326,0.5372513,-0.15541883,0.083525084,0.4421508,-0.10706541,0.21938062
