1.0,0.40967366,0.4355932,0.3786842,-0.098965794,0.37662876,0.42247412,0.1960436,0.12105553,0.27766025,0.773268,0.4499329,0.57832474,0.001237647,-0.0067582917,-0.15379697,0.6268169,0.4775642,0.6954057,0.4169814,-0.15802516,-0.30485284,0.28904518,-0.25686008,-0.021048522,0.15641166,-0.1639842,0.39873248,0.24291629,0.50454396,0.18861623,-0.38431278,0.67618036,0.2831695,0.26536936,0.16281971,0.048155714,-0.03871095,0.11089819,0.12811853,0.20409384,-0.29357988,0.50644374,0.29679194,0.5098897,0.4065139,0.22751127,0.1754631,0.43038955,0.070101015,0.6288396,0.14734173,0.34405667,0.17614742,0.19002226,0.20776962,0.89420974,0.4529048,0.4789278,0.3275908,0.82922053,-0.16292287,0.8024214,0.20042904,0.68151253,0.12599717,0.5985503,0.6036102,0.71613175,0.6598389,0.23504417,0.13251242,-0.14487833,0.5325546,-0.026018614,0.21110319,-0.1547648,-0.22965035,0.61192757,0.6500684,0.66040975,-0.06924092,-0.10239911,-0.44441047,0.4780171,-0.33747962,-0.39506924,-0.40378788,0.29792523,-0.23449045,0.05409625,-0.25975713,-0.08528105,-0.27982724,0.0459734,0.16199921,0.16793653,0.19360442,0.12988952,0.03841439,-0.11172673,-0.19732296,-0.14854802,-0.4060757,-0.2672287,-0.36424518,-0.25575924,-0.30253312,0.24823947,0.20194739,0.15528925,0.12874119,-0.12791902,-0.33575976,-0.13544309,0.021342348
0.40967366,1.0,0.1667842,0.442388,0.36690766,-0.12699671,0.34201384,0.6080515,0.6606047,0.129703,0.22969583,0.56679267,0.21995947,0.4690271,-0.0067141964,0.2573174,0.43597487,0.50456065,0.43874297,0.5581593,-0.107957356,-0.16022319,0.027982786,0.18381247,-0.31294745,-0.5117903,-0.04414316,-0.06326557,0.20618863,0.4955331,-0.21080914,0.05001043,0.39210397,0.32029036,0.26179215,0.23872545,-0.051431265,-0.073442966,0.13804115,0.36014688,0.12783293,-0.05547344,0.44811207,0.38700828,0.32856092,0.5543649,0.28095102,0.37426212,0.056549717,0.19402292,0.30533263,0.43376437,-0.07339874,0.21563338,0.11918278,0.3620924,0.3493077,0.86578727,0.17817697,0.481273,0.39288417,0.17972611,0.39101636,0.77825165,0.2144181,0.53379065,0.5403206,0.5145517,0.6214794,0.52707523,-0.30918542,0.101782605,0.04192449,0.12289269,-0.06582316,0.0005841185,-0.07600466,0.021291792,0.4067008,0.27695155,0.27280965,0.51989806,-0.31823707,-0.003372528,-0.018185263,0.35448003,-0.5073917,-0.44286957,0.110360734,0.19741698,-0.30737972,-0.034277037,-0.10381529,0.051610935,0.33323368,0.265183,0.33077684,0.34595504,0.16541639,0.18188238,-0.4592367,-0.25654176,-0.52549076,-0.1962195,-0.29233858,-0.25048363,-0.2593206,-0.29051435,0.31990612,0.22045371,0.34714758,0.2943582,-0.07508492,-0.27991217,-0.04126296,0.10892636
0.4355932,0.1667842,1.0,0.7310713,0.27111515,0.22682792,0.6227629,0.48344257,0.24173033,0.35671407,0.3154318,0.5102654,0.57797,0.36790553,0.36767277,0.3621048,0.39512616,0.45171365,0.6279457,0.5376079,0.24483511,0.3429553,0.80082965,0.46378046,0.3447553,0.037861288,0.17027673,0.2710879,0.3950059,0.5227602,0.4708355,0.10343082,0.5812687,0.5028831,0.5466662,0.40643138,0.2856318,0.1746459,0.30904758,0.26927352,0.120401636,0.2628683,0.41597754,0.42293045,0.48917872,0.09537392,0.40526134,0.30458394,0.07089495,0.07709062,0.13408744,-0.013056585,0.20490617,0.29854748,0.33755136,0.32547262,0.35436693,0.18925506,-0.12488032,-0.10321809,0.2765369,0.22376077,0.48380455,0.056694943,0.24569288,0.002548388,0.57496357,0.4730927,0.35224816,0.46927303,0.29609978,0.20927945,0.21179703,0.45260385,0.12332716,0.50996417,0.09284158,0.037997466,0.32065597,0.34083176,0.60450345,0.3583961,0.345042,0.18406096,0.55444837,0.23775983,0.05779826,0.18286437,0.38984048,0.23547363,0.29410112,0.24650094,0.17653805,0.19035566,0.32395968,0.27218595,0.36824596,0.40513104,0.35343117,0.3315699,0.18453218,-0.04582147,0.21243669,0.18703629,0.1931758,0.21584822,0.039307788,0.118964314,0.21021532,0.41984296,0.41136396,0.35151753,0.2468642,0.1116135,0.22453381,0.29736575
0.3786842,0.442388,0.7310713,1.0,0.43932003,0.1337879,0.66467756,0.74997425,0.46590808,0.42661762,0.2457681,0.5961137,0.5042191,0.51808906,0.37934345,0.49714386,0.36292666,0.448612,0.7039785,0.6562557,0.21181928,0.28612122,0.620509,0.45064157,0.1403286,-0.19953191,0.11617416,0.27474776,0.49400637,0.5699266,0.18191338,0.21446657,0.4741235,0.4339239,0.59482616,0.34423813,0.28643975,0.24930415,0.30545938,0.3782015,0.10400241,0.30887443,0.45630938,0.5194604,0.6520653,0.33705518,0.35325348,0.29662794,0.15694313,0.07462258,0.08411292,0.15323818,0.07020146,0.31660995,0.3329549,0.45075586,0.26825747,0.41446936,-0.045238856,0.034821413,0.26360518,0.28220382,0.44846874,0.35315716,0.22131714,0.19115116,0.72438836,0.59271365,0.5390317,0.56675214,0.21343844,0.28987736,0.34435374,0.41514972,0.25135592,0.5319464,0.22844747,0.24451455,0.36727345,0.29715276,0.6047104,0.57990664,0.22296889,0.21315728,0.4001963,0.4106487,0.01440061,0.06618944,0.4445317,0.42542908,0.09727874,0.23166901,0.2338549,0.23133649,0.41901514,0.30901256,0.44319662,0.47287259,0.355233,0.32921314,0.109802105,-0.07089312,-0.014917892,0.2048212,0.15675333,0.1894225,0.14675376,0.14277737,0.20849003,0.44237867,0.4596828,0.44490132,0.30991504,0.08746779,0.299501,0.44542778
-0.098965794,0.36690766,0.27111515,0.43932003,1.0,-0.12467312,0.30432725,0.54864365,0.65837866,0.29976448,-0.22267433,0.41619724,0.1255311,0.60538566,0.46698081,0.62832063,0.036827866,0.3191624,0.15013409,0.290938,0.33765998,0.46061328,0.25333816,0.53597915,0.13902625,-0.4299445,0.30261797,0.036224376,0.4042919,0.43140027,0.020554734,0.4650894,0.13033319,0.2680454,0.3786344,0.24833031,0.22640865,0.3106305,0.37971655,0.548327,0.011729749,0.5365497,0.11473834,0.3911775,0.13048726,0.11989415,0.2722048,0.35636523,-0.34310687,-0.016394576,-0.32672712,0.026034743,-0.27894664,0.1411876,0.2452897,0.46226415,-0.18990456,0.33443078,-0.30678642,-0.16690958,-0.076933995,0.2460398,-0.034435418,0.32691923,-0.32233474,0.15033945,0.315698,0.26113647,0.11799092,0.20580421,-0.10637991,0.16371338,0.45127693,0.14312795,0.27532822,0.3267474,0.19427739,0.23975675,0.10151804,0.05117153,0.15089948,0.66558903,0.32784444,0.50161356,0.09011192,0.5987565,0.24926813,0.15708616,0.35082793,0.6979153,0.01616568,0.4255793,0.35615164,0.45240033,0.5187006,0.47256178,0.47316015,0.5070786,0.3555144,0.42955762,-0.0018136029,0.034111544,0.02252912,0.4580729,0.3475537,0.37064108,0.09875756,0.16706114,0.12393285,0.41786733,0.47506726,0.49732387,0.46266606,0.3758676,0.4901779,0.45142913
0.37662876,-0.12699671,0.22682792,0.1337879,-0.12467312,1.0,0.03955354,-0.1351604,0.0706609,0.6989975,0.43346295,-0.004141478,0.2948133,-0.22370581,0.46685216,0.08682112,0.21541326,-0.019853158,0.26995268,-0.00027999817,0.10047631,0.07066639,0.23965284,-0.22834946,0.30902287,0.45714873,0.15569153,0.7315974,0.27480894,0.2397077,0.25285223,-0.21255788,0.10641366,-0.14322025,0.19420105,0.14398389,0.48949885,0.30306134,0.3360493,0.11899873,0.5219562,-0.017277805,0.20108584,0.06491054,0.26535457,0.058269333,0.25412136,0.047637627,0.2216593,-0.020970266,0.23131597,-0.18060584,0.31554052,0.019746806,0.42206135,0.18742283,0.40738863,-0.08605104,0.32896525,0.086201414,0.44661173,-0.19717608,0.32834184,-0.31313625,0.39857024,-0.18969153,0.3033027,0.23776673,0.29857576,0.22804464,0.4389179,0.16854106,0.13327545,0.46512228,0.30977243,0.4121715,0.18416576,0.084355295,0.29839948,0.29729247,0.4140107,-0.21327214,0.20507663,-0.30463758,0.49014238,-0.37515286,-0.07729114,-0.10099509,0.522618,-0.26860112,0.28311273,-0.2810147,-0.02096059,-0.3244144,0.08005051,0.1769567,0.30526137,0.2598139,0.30876625,0.11029769,0.15980187,-0.02255287,0.15417527,-0.19846351,-0.08983116,-0.067214474,-0.076002836,-0.15083872,0.21440355,0.32778877,0.16326228,0.16584793,0.07651493,-0.032024216,0.08846135,0.2126831
0.42247412,0.34201384,0.6227629,0.66467756,0.30432725,0.03955354,1.0,0.69535637,0.31795377,0.150442,0.40020096,0.6279242,0.65019023,0.4229367,0.19364992,0.25748947,0.48216236,0.44242322,0.4201614,0.29102254,0.0032120852,0.08484619,0.5257334,0.37180522,-0.02472381,-0.25291225,0.07410778,0.06338657,0.5012679,0.51039386,0.35383862,0.28345996,0.63016087,0.64776945,0.5157403,0.43343297,0.13347541,0.14127213,0.36917937,0.3999282,0.03558416,0.118375845,0.5267568,0.5447497,0.4126183,0.29218754,0.42452702,0.43516827,0.0017640844,-0.08716019,0.10622565,0.1343478,0.18825538,0.3021889,0.35880816,0.43150276,0.32344764,0.36521608,-0.14115454,-0.04373078,0.3173585,0.19825047,0.4558278,0.3054227,0.20463058,0.24177563,0.54248273,0.5549156,0.29529434,0.33210433,0.2729027,0.38356766,0.28033853,0.41240272,0.116124146,0.33768523,0.22980529,0.20340411,0.40496242,0.2950572,0.53224516,0.37190118,0.14931068,0.048092995,0.37946808,0.23644885,-0.057204407,-0.026744293,0.37993807,0.23923014,0.11354332,0.21851034,0.1409316,0.18878548,0.42586762,0.3656646,0.43342984,0.40231353,0.2924329,0.31738305,-0.004151465,0.015234161,0.04593779,0.15322624,0.1625346,0.19491968,-0.0484064,-0.0075285505,0.31049824,0.4657973,0.46844834,0.39931226,0.24705626,0.06607236,0.21291605,0.28640884
0.1960436,0.6080515,0.48344257,0.74997425,0.54864365,-0.1351604,0.69535637,1.0,0.59943736,0.1818258,0.09882839,0.7177097,0.44159955,0.7317202,0.29610357,0.58589256,0.3581807,0.5050813,0.46185312,0.593737,0.1638903,0.23777844,0.43263048,0.61390793,-0.005490929,-0.51510596,0.17639023,-0.04870899,0.49809685,0.57552207,0.14619774,0.40421227,0.49120736,0.6165844,0.5506399,0.4352318,0.14961702,0.1378334,0.33994773,0.46435508,0.005928344,0.32955205,0.4219292,0.551165,0.42630276,0.37343085,0.38352653,0.42202505,-0.104047626,0.11988848,-0.016579267,0.2736162,-0.10870547,0.26790655,0.25617367,0.44644597,0.09130557,0.5633376,-0.23051737,0.038669992,0.09103229,0.37177944,0.2793743,0.5766226,-0.014140447,0.2976425,0.5910837,0.52386975,0.37992817,0.4395009,-0.028667599,0.21656753,0.36785468,0.2712785,0.1436125,0.3448898,0.25273937,0.27682474,0.3284852,0.15210445,0.42730322,0.7615419,0.14905894,0.3966626,0.15594944,0.655892,-0.055961262,0.055749323,0.2722957,0.52687126,-0.01794373,0.3936232,0.17599185,0.36037964,0.49796158,0.38215747,0.45486456,0.47507396,0.29845285,0.37302294,-0.07525436,-0.118982874,-0.11861155,0.2740402,0.16749303,0.21407273,0.032686315,0.038362127,0.27685863,0.4419763,0.52739024,0.47238404,0.27946773,0.11177562,0.2304707,0.33024594
0.12105553,0.6606047,0.24173033,0.46590808,0.65837866,0.0706609,0.31795377,0.59943736,1.0,0.44231355,0.026950551,0.45827204,0.17235261,0.5452256,0.3781228,0.56747854,0.26734284,0.3530769,0.3072633,0.44673833,0.21971293,0.23946868,0.1289504,0.3772092,-0.1439911,-0.43974632,0.13677192,0.21335341,0.40100664,0.5192937,-0.09103784,0.36957994,0.20592149,0.2919371,0.39219603,0.3506365,0.2734638,0.3150732,0.38279322,0.4823686,0.2756442,0.25216776,0.29188696,0.3477249,0.24141726,0.31073987,0.32289135,0.36251387,-0.15618764,0.039188962,-0.06361117,0.22340417,-0.2511578,0.22955878,0.21439785,0.4255192,0.071194075,0.58646566,-0.012639922,0.19251493,0.12113696,0.23172922,0.12259523,0.53683376,-0.07335835,0.31413466,0.48556077,0.4087944,0.41775727,0.38380322,-0.12745589,0.2922582,0.38877758,0.2161165,0.2090281,0.28747553,0.21823157,0.3261588,0.32527682,0.17683652,0.2620528,0.65941447,-0.074241415,0.21949157,0.07216656,0.5066802,-0.22394681,-0.23047334,0.32178843,0.41622764,-0.19984096,0.10483113,0.17692761,0.16669159,0.47499692,0.33752322,0.50151944,0.44728613,0.2974814,0.25834394,-0.24374512,-0.07956209,-0.29223254,0.111635864,-0.006554777,0.08587961,-0.104421854,-0.11239426,0.22493446,0.4150765,0.47756606,0.45114845,0.21794252,0.058567923,0.26807597,0.40530413
0.27766025,0.129703,0.35671407,0.42661762,0.29976448,0.6989975,0.150442,0.1818258,0.44231355,1.0,0.22784214,0.13822702,0.27407572,0.0762285,0.6449151,0.4511533,0.14046158,0.06798282,0.445034,0.24927156,0.28635082,0.23876005,0.32767984,0.03810629,0.26001745,0.1470197,0.20562646,0.71685433,0.4160351,0.36417753,0.092741184,0.024252275,0.0576441,-0.123727456,0.34719664,0.15594131,0.6234392,0.50774455,0.439419,0.37555888,0.56217337,0.24303773,0.25953442,0.25232133,0.45110515,0.17729494,0.353757,0.18785371,0.13757944,0.039759945,0.10896454,-0.08604658,0.10255179,0.16366807,0.4592719,0.40921387,0.256577,0.16298178,0.28919733,0.10342075,0.35280994,0.022058023,0.23022197,-0.03815891,0.27148795,-0.023890736,0.49787626,0.3288117,0.44150952,0.33777377,0.3740553,0.29885277,0.33902714,0.41005823,0.39818135,0.54309565,0.28351462,0.2680651,0.283835,0.22500245,0.46319342,0.15837187,0.24040136,-0.09407627,0.4846537,-0.0037211485,-0.009043603,-0.13837713,0.5952505,0.09260076,0.124729894,-0.103398405,0.085698836,0.0016894749,0.37030357,0.35065317,0.5032376,0.49394545,0.4094421,0.22568016,0.15245186,0.04580417,-0.0015098571,-0.012673321,0.021299753,0.055140946,0.09627428,0.021194654,0.30553612,0.53125304,0.3988766,0.41115633,0.27376708,0.067334644,0.30376896,0.5029054
0.773268,0.22969583,0.3154318,0.2457681,-0.22267433,0.43346295,0.40020096,0.09882839,0.026950551,0.22784214,1.0,0.46728244,0.7366856,0.050072405,-0.072491854,-0.25661585,0.7486786,0.46675432,0.48401865,0.16642092,-0.2504313,-0.37282506,0.29211432,-0.32780805,-0.13543583,0.17459117,-0.170461,0.4142351,0.39432877,0.4866807,0.29302752,-0.26158395,0.6175184,0.22415009,0.26235437,0.24846354,0.036005244,-0.080695234,0.050208904,-0.0041083433,0.29554725,-0.31533223,0.40378222,0.15791804,0.3873539,0.24244645,0.14978798,0.05734523,0.40189385,-0.026955426,0.4997079,0.14182316,0.36383805,0.09837701,0.17011909,0.09442298,0.80194294,0.2410813,0.41439027,0.28145826,0.7192012,-0.13392496,0.6793034,0.08429704,0.6295152,-6.892126e-05,0.44255266,0.47642073,0.49585617,0.3815079,0.46482074,0.2744287,-0.050087843,0.63796747,0.075102136,0.1862468,0.11303193,-0.077964306,0.69312286,0.6921246,0.6251784,-0.14407967,-0.13287859,-0.5067739,0.42496884,-0.4357527,-0.34416443,-0.30856022,0.23438616,-0.36881334,0.034033842,-0.31724775,-0.09022354,-0.42033324,-0.10246544,-0.01096755,0.07470059,0.072136216,0.05425072,-0.039483245,-0.15607272,-0.12950073,-0.1338865,-0.42625076,-0.31011268,-0.3328138,-0.1925656,-0.2613253,0.16766244,0.13162248,0.051906273,0.02188516,-0.19709486,-0.3445629,-0.19075331,-0.037851647
0.4499329,0.56679267,0.5102654,0.5961137,0.41619724,-0.004141478,0.6279242,0.7177097,0.45827204,0.13822702,0.46728244,1.0,0.6620316,0.7522142,0.26559693,0.41561037,0.6934601,0.83015597,0.48757896,0.48442852,0.18581256,0.18583503,0.4904104,0.4604133,0.049667895,-0.36572912,0.114687376,0.04699952,0.62234306,0.7956552,0.34997877,0.22186187,0.7568145,0.6706615,0.5976742,0.52616453,0.15549047,0.056606986,0.35413292,0.4514688,0.14613082,0.27335274,0.43417814,0.5168703,0.37870133,0.30788177,0.38804835,0.42284545,-0.100017264,0.091388084,0.09668468,0.1908605,-0.017983694,0.29974893,0.27978963,0.4332798,0.3893992,0.55035955,-0.18480797,0.03702084,0.32408044,0.23787473,0.51731664,0.46854025,0.14176723,0.12556116,0.5793765,0.61493146,0.36139634,0.48400542,0.10575509,0.16005535,0.28368592,0.53531027,0.1447945,0.3667716,0.15888064,0.11010271,0.5599971,0.4922321,0.56683475,0.6171478,0.21879542,0.2770193,0.1932041,0.41098496,-0.08141788,0.031804226,0.25868347,0.3903209,0.04105127,0.31553861,0.15285818,0.19767292,0.37656015,0.35197055,0.3976481,0.434552,0.2818828,0.35320854,-0.13631782,-0.19423293,-0.062729545,0.16132112,0.117658876,0.089093745,-0.11304472,-0.09294817,0.31314728,0.40491846,0.47949675,0.40809047,0.16098124,0.02024008,0.119723365,0.16306914
0.57832474,0.21995947,0.57797,0.5042191,0.1255311,0.2948133,0.65019023,0.44159955,0.17235261,0.27407572,0.7366856,0.6620316,1.0,0.43193665,0.226585,0.11868165,0.6951131,0.57927364,0.52976763,0.30771792,-0.007507796,-0.034610245,0.63964486,0.13698734,0.08180615,-0.005546349,0.13935125,0.30588517,0.65574867,0.663113,0.47201112,0.02616164,0.69521445,0.44166973,0.4538513,0.38904026,0.18532005,0.054078568,0.25428978,0.1788704,0.19068831,0.042486303,0.38006428,0.30265203,0.4276655,0.13260236,0.26450032,0.17488158,0.13074477,-0.027587945,0.15039666,0.073363,0.20961702,0.16212542,0.22701682,0.207381,0.57128626,0.22531459,0.07802157,0.02250575,0.48165095,0.1567886,0.5765784,0.10782193,0.33975238,-0.04074945,0.49569622,0.44417593,0.3565958,0.38673064,0.51613104,0.32604167,0.21966504,0.7471951,0.21832596,0.43778747,0.30691728,0.08641863,0.620554,0.6085868,0.7087064,0.23564856,0.19711001,-0.09831988,0.50056976,-0.042357683,-0.0691467,0.027734745,0.30899864,-0.016292641,0.096771345,0.0142919775,0.10957205,-0.12028371,0.13778618,0.18150692,0.23927699,0.2620382,0.15913326,0.12795731,0.0079733245,-0.040795345,-0.01652314,-0.111307435,-0.052036528,-0.07063447,-0.05270696,-0.043910325,0.17681012,0.3383084,0.27251267,0.19454879,0.013835581,-0.13024072,-0.009139158,0.11624597
0.001237647,0.4690271,0.36790553,0.51808906,0.60538566,-0.22370581,0.4229367,0.7317202,0.5452256,0.0762285,0.050072405,0.7522142,0.43193665,1.0,0.3125298,0.61071754,0.40898487,0.64101887,0.25434673,0.46582395,0.31289685,0.36501905,0.43418095,0.6736769,0.068357535,-0.57431734,0.30358467,-0.120123714,0.56800616,0.62155294,0.22874862,0.52773994,0.43157205,0.53687805,0.4905376,0.45350957,0.15119968,0.12097162,0.29956606,0.4036314,0.02374246,0.48873055,0.1507711,0.33852017,0.18669054,0.08726453,0.2504806,0.28229994,-0.3184828,0.1586314,-0.2643505,0.17307062,-0.28927985,0.17665051,0.10562349,0.31632274,-0.04350222,0.41722608,-0.4051443,-0.06009779,-0.07583384,0.46850848,0.15670788,0.4509875,-0.27681774,0.095264636,0.34746101,0.2902634,0.11804852,0.25564405,-0.015183356,0.16670838,0.4256104,0.302799,0.15792921,0.35700077,0.30794346,0.29924113,0.29349476,0.17491595,0.25729954,0.80435836,0.23910432,0.57070684,-0.0665144,0.6837683,0.11712095,0.22513917,0.100986265,0.58033556,-0.100333385,0.44408518,0.2023875,0.31321737,0.34616467,0.23395929,0.29591787,0.32997552,0.17565796,0.27882853,-0.12268059,-0.09109559,-0.1208668,0.3238622,0.1661254,0.18351023,0.046887655,0.08061377,0.090288855,0.27382094,0.4029623,0.33594278,0.18009645,0.12376283,0.14147995,0.1703832
-0.0067582917,-0.0067141964,0.36767277,0.37934345,0.46698081,0.46685216,0.19364992,0.29610357,0.3781228,0.6449151,-0.072491854,0.26559693,0.226585,0.3125298,1.0,0.7400315,0.05462965,0.17181379,0.20622018,0.16355292,0.55372167,0.6588297,0.47621885,0.46910742,0.5442185,0.06485269,0.4266435,0.36767232,0.58036596,0.46555492,0.34616196,0.22357246,0.11277836,0.10312307,0.43843082,0.2742672,0.70486844,0.52621865,0.6721936,0.51969093,0.36668673,0.5710815,0.15004106,0.3323289,0.27631915,0.052460633,0.43962866,0.31036407,-0.26110876,0.032308944,-0.23888634,-0.27784312,-0.080746755,0.2504864,0.47199017,0.42933086,-0.055857588,0.032350104,-0.20767862,-0.23324166,0.013826255,0.07377745,0.051587407,-0.1761191,-0.11558057,-0.22618683,0.36296016,0.25225225,0.08428549,0.2541011,0.2496885,0.10416141,0.55952555,0.39356712,0.45739964,0.6356132,0.29776013,0.30401653,0.119450465,0.0961716,0.36709106,0.4128114,0.68468684,0.4419272,0.36941844,0.3522209,0.3632316,0.30674812,0.51124007,0.3906434,0.30588812,0.299716,0.2333277,0.2995616,0.5021612,0.50414217,0.5802589,0.56661224,0.49193218,0.42166954,0.3401602,0.03309031,0.30250075,0.41949752,0.38591835,0.39525825,0.08792199,0.07230242,0.26227513,0.6500973,0.5171266,0.4963408,0.4651451,0.3983546,0.43539757,0.4617792
-0.15379697,0.2573174,0.3621048,0.49714386,0.62832063,0.08682112,0.25748947,0.58589256,0.56747854,0.4511533,-0.25661585,0.41561037,0.11868165,0.61071754,0.7400315,1.0,0.0953131,0.35115874,0.16772407,0.3360857,0.49185106,0.6351025,0.4163009,0.7168975,0.3647236,-0.35559684,0.38841593,0.080038615,0.50814736,0.48824245,0.22893552,0.49644312,0.13794558,0.26162985,0.5137358,0.4019513,0.5039266,0.45790225,0.586053,0.6376268,0.19852586,0.6913127,0.1920794,0.4519413,0.24767084,0.11925383,0.47531804,0.43577364,-0.39763433,0.07771462,-0.3039652,-0.0650996,-0.21717885,0.30966303,0.44153267,0.55049205,-0.19919512,0.302993,-0.3560692,-0.111069575,-0.12867333,0.26310676,0.020244773,0.22494447,-0.26363847,0.029524073,0.42320612,0.31007826,0.11536075,0.24054049,-0.058163162,0.063757055,0.52891934,0.17051551,0.3378791,0.49887946,0.30041218,0.39235857,0.11815227,-0.055039,0.2541277,0.7116749,0.5263359,0.6712362,0.148449,0.72761613,0.29139653,0.2732618,0.41874084,0.655096,0.18426824,0.5233678,0.1913037,0.50021136,0.62040704,0.5108111,0.61845547,0.6189783,0.52549654,0.5280986,0.16310729,-0.02437771,0.16403072,0.53665453,0.39650837,0.45378363,0.15709676,0.12650475,0.3209806,0.5763909,0.6171081,0.60468113,0.5142015,0.4168652,0.47100532,0.50903726
0.6268169,0.43597487,0.39512616,0.36292666,0.036827866,0.21541326,0.48216236,0.3581807,0.26734284,0.14046158,0.7486786,0.6934601,0.6951131,0.40898487,0.05462965,0.0953131,1.0,0.7336704,0.40967274,0.2517447,-0.09571169,-0.15928142,0.37119722,0.06259703,-0.071277484,-0.11613401,0.03304059,0.19939747,0.54289883,0.7165757,0.42322704,0.08181043,0.70923305,0.42081723,0.46231675,0.52308434,0.06718696,0.031122543,0.30398995,0.26812637,0.2325181,-0.056219373,0.5161061,0.36964017,0.34132755,0.23865247,0.3781153,0.33069977,0.124761775,0.010533721,0.3334326,0.19984871,0.21425319,0.2404262,0.29086816,0.3116603,0.6599011,0.49236852,0.15954652,0.31340706,0.58894813,-0.003160814,0.6517574,0.32306406,0.3638888,0.103640206,0.5456085,0.58082384,0.4662866,0.43173102,0.2182775,0.20715013,0.019137628,0.6177738,-0.03396974,0.216526,0.086102426,0.014682392,0.8014564,0.67707455,0.65914273,0.27226838,0.017096765,-0.095696256,0.3428591,0.0019095858,-0.29170915,-0.15785526,0.28216797,-0.015352921,0.074412,0.04133088,-0.020643182,-0.12686707,0.18383609,0.17708722,0.28838325,0.2722682,0.23792262,0.21757169,-0.18628618,-0.19172111,-0.0894001,-0.1254629,-0.09309829,-0.10917705,-0.18145661,-0.21484695,0.29589656,0.2970705,0.34502786,0.27672327,0.019669285,-0.13638194,-0.023565358,0.10268394
0.4775642,0.50456065,0.45171365,0.448612,0.3191624,-0.019853158,0.44242322,0.5050813,0.3530769,0.06798282,0.46675432,0.83015597,0.57927364,0.64101887,0.17181379,0.35115874,0.7336704,1.0,0.4427131,0.39662325,0.111222565,0.14991608,0.41551775,0.3406081,0.080449924,-0.26676822,0.08861247,0.06347068,0.5198061,0.7714645,0.31389794,0.102386795,0.7005437,0.49939167,0.48139194,0.44625297,0.080397576,0.013382159,0.31080845,0.44257063,0.061329,0.22311072,0.40553236,0.4718885,0.31664658,0.23941162,0.38539085,0.41027877,-0.0750091,0.072386034,0.1394901,0.22582361,0.08353915,0.2593574,0.30428576,0.46008456,0.49198198,0.57190627,-0.107181214,0.16781674,0.4145323,0.11977157,0.59426117,0.43842697,0.21781904,0.117087595,0.531416,0.5728778,0.38405663,0.45523748,-0.0031200622,0.001592834,0.13351692,0.5123173,0.078377776,0.28390777,0.007548967,-0.047618892,0.62328994,0.5044124,0.5468268,0.5074831,0.19879924,0.25525638,0.20183755,0.32547423,-0.05100423,0.030956166,0.28142902,0.3364621,0.0821269,0.29541263,0.06655138,0.1707839,0.32937437,0.35173085,0.3676895,0.39845538,0.2852396,0.34826574,-0.14779356,-0.1717914,-0.054703876,0.08117911,0.036649045,0.000917533,-0.055920932,-0.052776344,0.3141384,0.34412056,0.42289114,0.35736066,0.13212101,0.003816272,0.09256789,0.14388075
0.6954057,0.43874297,0.6279457,0.7039785,0.15013409,0.26995268,0.4201614,0.46185312,0.3072633,0.445034,0.48401865,0.48757896,0.52976763,0.25434673,0.20622018,0.16772407,0.40967274,0.4427131,1.0,0.76971775,0.09517644,0.025342176,0.4857473,0.05136878,0.10082812,0.063682616,-0.046814628,0.4297243,0.31242508,0.5377751,0.04873935,-0.24979208,0.52820516,0.2570124,0.334567,0.097582735,0.19677918,0.07088512,0.12978749,0.14485477,0.17335127,0.011442513,0.38498116,0.30577213,0.68035454,0.3332851,0.123284854,0.046194114,0.3703014,0.17432877,0.38144755,0.15163192,0.11747319,0.21480355,0.14979179,0.22195533,0.6152713,0.41623652,0.28344983,0.21352535,0.5282983,0.15236752,0.6299538,0.25851914,0.48728192,0.07092651,0.67326224,0.5220267,0.7606999,0.70956844,0.22484241,0.12868984,0.060846757,0.49843973,0.13218412,0.45440105,-0.006187546,-0.058399186,0.47277683,0.5131958,0.70382947,0.26304638,0.05602577,-0.11892809,0.4778936,0.011974201,-0.18434304,-0.15655325,0.33372962,0.054765902,0.009186985,-0.08480815,0.120358095,-0.03141855,0.1291277,0.13612597,0.1796493,0.2550789,0.13862447,0.05453098,0.08799174,-0.2017927,-0.117214665,-0.16797298,-0.10469474,-0.1685198,0.09515774,0.058550518,0.14091288,0.22659096,0.16623048,0.16834024,-0.004443972,-0.19043194,-0.004764057,0.231509
0.4169814,0.5581593,0.5376079,0.6562557,0.290938,-0.00027999817,0.29102254,0.593737,0.44673833,0.24927156,0.16642092,0.48442852,0.30771792,0.46582395,0.16355292,0.3360857,0.2517447,0.39662325,0.76971775,1.0,0.17870541,0.16503839,0.40001836,0.30892608,0.062421136,-0.20090827,0.0016770542,0.13504279,0.19198766,0.44876748,-0.01898346,-0.058580086,0.43172437,0.3807815,0.3358173,0.1712497,0.11325331,0.03745601,0.057687677,0.15136325,0.035980955,0.13530858,0.25276372,0.25405273,0.47309688,0.31506604,0.057747178,0.039056875,0.1735775,0.32779697,0.20862259,0.12683372,-0.11991441,0.14946307,-0.016504724,0.12968667,0.30446962,0.4690142,0.036875714,0.106597565,0.19888972,0.33230442,0.37580246,0.39064267,0.18307798,0.16056955,0.5515512,0.41090408,0.609557,0.6804913,-0.038983658,0.0056629926,0.1221063,0.24979451,0.059366472,0.31973767,0.008238143,-0.018053614,0.25626403,0.29173574,0.43127146,0.4879405,-0.014787704,0.1748211,0.18758987,0.3380161,-0.18496557,-0.052605752,0.1254474,0.22749908,-0.09942399,0.06657528,0.12473377,0.055185582,0.15497474,0.078736,0.12299687,0.19155324,0.062443387,0.0647071,-0.056376815,-0.26033098,-0.2026795,-0.05234254,-0.112701096,-0.140706,0.031806678,0.013071975,0.06379076,0.12791082,0.15463793,0.13697411,-0.04955844,-0.15759842,-0.056583535,0.1398684
-0.15802516,-0.107957356,0.24483511,0.21181928,0.33765998,0.10047631,0.0032120852,0.1638903,0.21971293,0.28635082,-0.2504313,0.18581256,-0.007507796,0.31289685,0.55372167,0.49185106,-0.09571169,0.111222565,0.09517644,0.17870541,1.0,0.71044695,0.2709613,0.42819154,0.44749856,-0.0061324313,0.25998107,0.20359169,0.26366943,0.2664574,0.17797792,0.15412806,0.049114536,0.15880986,0.2459225,0.11253074,0.6238696,0.4845932,0.4190908,0.30858263,0.34907082,0.5305331,-0.07596017,0.12463589,0.027286638,-0.19274588,0.15195394,0.09371096,-0.27179804,0.054255374,-0.31545603,-0.36024895,-0.30632317,0.027745556,0.09722772,0.123336144,-0.2329005,-0.1247698,-0.32006446,-0.34725413,-0.2716574,0.13492796,-0.11036892,-0.18451375,-0.2988519,-0.36333132,0.053241145,-0.019187396,-0.17309715,0.14659582,0.022684224,-0.17181334,0.32334954,0.16255662,0.22301356,0.5169718,0.095750496,0.22697228,-0.19356026,0.014582439,0.10090487,0.33115005,0.4677829,0.47405353,0.061710943,0.33324412,0.30221266,0.27817696,0.12194334,0.43846875,0.10460916,0.2931577,0.34170148,0.312686,0.33183125,0.21516906,0.2091069,0.21652935,0.17291358,0.17057313,0.20857546,-0.027430367,0.25078154,0.4281267,0.49329293,0.3278786,0.008877229,0.12232486,0.048829943,0.35034722,0.2805446,0.2314402,0.2972854,0.33519858,0.23653243,0.18624209
-0.30485284,-0.16022319,0.3429553,0.28612122,0.46061328,0.07066639,0.08484619,0.23777844,0.23946868,0.23876005,-0.37282506,0.18583503,-0.034610245,0.36501905,0.6588297,0.6351025,-0.15928142,0.14991608,0.025342176,0.16503839,0.71044695,1.0,0.37355068,0.6068881,0.5418603,-0.011911466,0.31000727,0.12288147,0.31460452,0.21921206,0.20706055,0.32579744,0.0043616025,0.19467841,0.32711416,0.20141764,0.48237386,0.35897663,0.42334652,0.38202095,0.0214555,0.70146024,-0.07406944,0.22827701,0.05072777,-0.17589723,0.23509517,0.20828058,-0.3517329,0.031321514,-0.45599887,-0.28286627,-0.18130471,0.10438355,0.26722124,0.2836032,-0.35029754,-0.16445585,-0.5116081,-0.47725838,-0.37250373,0.19452022,-0.16418935,-0.22697176,-0.4186725,-0.28026026,0.10118322,0.047053922,-0.23081155,0.06258326,-0.014099386,-0.116823405,0.49172223,0.113986604,0.35806018,0.5229684,0.16730864,0.21507365,-0.20011806,-0.13261808,0.03576242,0.42581916,0.6479992,0.70212954,0.053590126,0.52437645,0.5622436,0.5594885,0.2690196,0.5776082,0.35495296,0.562089,0.42453206,0.4823162,0.39263803,0.3423352,0.34645286,0.35239887,0.36672473,0.42095122,0.37139338,0.0581022,0.4292728,0.64190966,0.55607843,0.5299301,0.20715547,0.28194883,0.032110337,0.4049723,0.33254102,0.3356409,0.46588755,0.54110265,0.44696105,0.3684145
0.28904518,0.027982786,0.80082965,0.620509,0.25333816,0.23965284,0.5257334,0.43263048,0.1289504,0.32767984,0.29211432,0.4904104,0.63964486,0.43418095,0.47621885,0.4163009,0.37119722,0.41551775,0.4857473,0.40001836,0.2709613,0.37355068,1.0,0.5500737,0.4615584,0.039950967,0.31908685,0.22687654,0.53436935,0.5050878,0.6324328,0.18811731,0.52614766,0.39670715,0.5319015,0.43641615,0.31048596,0.13453536,0.3176731,0.19618292,0.12714925,0.36920863,0.26919988,0.31281167,0.39701748,-0.053886846,0.33445817,0.1820179,-0.00048335592,0.102178946,-0.059961494,-0.11641179,0.11365122,0.19375128,0.23946987,0.21414952,0.2620371,0.05260324,-0.17087033,-0.23171541,0.17697188,0.23843254,0.38252214,-0.11905772,0.11466758,-0.18101454,0.47752604,0.3258564,0.21703334,0.39873913,0.35291317,0.13777815,0.30728185,0.50490755,0.19702609,0.5576055,0.2629716,0.09104205,0.31354037,0.2833592,0.53671545,0.3555819,0.5286387,0.32167748,0.5379392,0.27254957,0.21316558,0.3436968,0.30768207,0.23228675,0.30767858,0.2846486,0.11774186,0.13668522,0.23541978,0.19960493,0.27872667,0.31925204,0.30552313,0.29567578,0.21401058,0.00043933516,0.24654147,0.22234958,0.22925629,0.2190348,0.043243017,0.09732963,0.05796892,0.41182673,0.3350455,0.27090338,0.20967123,0.14991146,0.16275378,0.18061405
-0.25686008,0.18381247,0.46378046,0.45064157,0.53597915,-0.22834946,0.37180522,0.61390793,0.3772092,0.03810629,-0.32780805,0.4604133,0.13698734,0.6736769,0.46910742,0.7168975,0.06259703,0.3406081,0.05136878,0.30892608,0.42819154,0.6068881,0.5500737,1.0,0.32762536,-0.431495,0.34187737,-0.2681788,0.37799332,0.35908931,0.3729112,0.5587297,0.2491686,0.49966422,0.44236183,0.4214595,0.23357992,0.18605535,0.38055733,0.4249133,-0.025264299,0.5919372,0.11207032,0.36856002,0.056690216,-0.011388772,0.37246194,0.39578986,-0.48511085,0.109341934,-0.3671554,-0.045977652,-0.24034025,0.19603941,0.1811937,0.3153591,-0.32880554,0.17366756,-0.6223426,-0.27508762,-0.33384234,0.39593992,-0.06596069,0.1871494,-0.40155324,0.025234122,0.22917517,0.1695159,-0.13030615,0.12701415,-0.13924843,-0.009485034,0.40270904,0.04315585,0.13265973,0.31515503,0.21605602,0.26665586,-0.07422378,-0.18425268,0.06940684,0.7011955,0.4745433,0.78087395,-0.0022690631,0.8087436,0.2718045,0.4439976,0.106930465,0.63537794,0.1542038,0.61379665,0.109025255,0.52090096,0.44708735,0.3339941,0.36651465,0.39282107,0.32243305,0.4450301,0.05009012,-0.03350676,0.1606617,0.5513576,0.41147327,0.45584434,0.006128057,0.09551316,0.14507087,0.39733726,0.4807402,0.3971969,0.3562913,0.3886016,0.28625447,0.19439436
-0.021048522,-0.31294745,0.3447553,0.1403286,0.13902625,0.30902287,-0.02472381,-0.005490929,-0.1439911,0.26001745,-0.13543583,0.049667895,0.08180615,0.068357535,0.5442185,0.3647236,-0.071277484,0.080449924,0.10082812,0.062421136,0.44749856,0.5418603,0.4615584,0.32762536,1.0,0.32663772,0.40799376,0.17247541,0.22537962,0.1731874,0.4421453,-0.03254642,0.08680916,0.010993981,0.25116333,0.12472766,0.4227423,0.18110889,0.31116304,0.16292226,0.023451552,0.44989982,-0.06370252,0.13637318,0.068598144,-0.18660581,0.2126754,0.08075759,-0.15323265,0.208142,-0.16245553,-0.34544197,-0.0002372588,-0.06395763,0.18982503,0.096656024,-0.046724178,-0.24307856,-0.26302314,-0.38997683,-0.05869937,0.031640157,0.059320617,-0.4760579,-0.11210758,-0.46767762,0.10630442,0.027985375,-0.12690152,0.17835791,0.08227804,-0.23942438,0.1819055,0.20799153,0.096165225,0.4156681,0.035671107,-0.023889096,-0.083885714,-0.050093852,0.20003259,0.098258674,0.6555165,0.42511973,0.2730867,0.14820176,0.41304755,0.46213788,0.22293034,0.29481542,0.41864184,0.27409628,0.14134341,0.19066638,0.14751734,0.27075836,0.19544028,0.2551722,0.27328104,0.28248766,0.3186242,-0.047378875,0.36536983,0.31390622,0.2994196,0.21630882,-0.021657309,0.052062597,-0.03415283,0.31041119,0.16313829,0.15403819,0.2208842,0.26254416,0.15410225,0.046150737
0.15641166,-0.5117903,0.037861288,-0.19953191,-0.4299445,0.45714873,-0.25291225,-0.51510596,-0.43974632,0.1470197,0.17459117,-0.36572912,-0.005546349,-0.57431734,0.06485269,-0.35559684,-0.11613401,-0.26676822,0.063682616,-0.20090827,-0.0061324313,-0.011911466,0.039950967,-0.431495,0.32663772,1.0,-0.02467579,0.41577008,-0.16038468,-0.17480326,0.13896564,-0.4245028,-0.1094065,-0.31856737,-0.07699204,-0.12776104,0.09273348,0.024936175,-0.061807312,-0.33852348,-0.009954441,-0.18978506,-0.10426103,-0.24078451,0.05331327,-0.23408994,-0.13405801,-0.29274055,0.22010632,-0.015756087,0.09923403,-0.29341263,0.27077368,-0.099413835,0.00024116988,-0.2685234,0.22380587,-0.47490057,0.2409876,-0.17935184,0.14106329,-0.28707016,0.005074883,-0.59976405,0.21370135,-0.37487417,-0.080493696,-0.13374029,-0.037008896,-0.025177872,0.29478794,-0.11663606,-0.17911315,0.18880332,-0.007069246,0.08175142,-0.16175328,-0.29977837,0.04772458,0.15125169,0.15424511,-0.4851771,0.180296,-0.28982237,0.37062746,-0.4992552,0.19059177,0.16310762,0.06814849,-0.36816972,0.35656786,-0.20009711,0.023410868,-0.23205377,-0.24145596,-0.13060099,-0.13713312,-0.18286987,-0.072720304,-0.15438399,0.40131336,0.11088643,0.36490107,-0.12693542,0.0032105022,-0.021153297,0.094062306,0.098195955,-0.21133514,-0.08118679,-0.28061,-0.2407075,-0.011445128,0.017442944,-0.022225736,-0.053222056
-0.1639842,-0.04414316,0.17027673,0.11617416,0.30261797,0.15569153,0.07410778,0.17639023,0.13677192,0.20562646,-0.170461,0.114687376,0.13935125,0.30358467,0.4266435,0.38841593,0.03304059,0.08861247,-0.046814628,0.0016770542,0.25998107,0.31000727,0.31908685,0.34187737,0.40799376,-0.02467579,1.0,0.0732067,0.1839896,0.21128044,0.2905886,0.276901,0.042803157,0.08990587,0.27045068,0.25298917,0.26731247,0.24074474,0.4571523,0.26828408,-0.01045049,0.39295617,-0.081244916,0.01530915,-0.10729985,-0.25604984,0.18413575,0.08899038,-0.27255148,0.101956666,-0.26158035,-0.12616608,-0.15429027,0.02265796,0.16033554,0.08514081,-0.12554409,-0.05511197,-0.1945984,-0.17079279,-0.09438193,0.052385848,-0.098368965,-0.17949766,-0.35685888,-0.20863351,0.02872967,-0.048967596,-0.116015755,0.014924774,-0.013671872,-0.10398563,0.10170399,0.10865018,-0.013697678,0.21103454,0.026256358,-0.001934719,0.029201636,-0.015304,0.14086774,0.34963763,0.42002043,0.41822168,0.20783614,0.3366073,0.23412086,0.36502895,0.18609034,0.2804571,0.1239787,0.22537777,0.09426794,0.19874421,0.30349872,0.2713126,0.23443471,0.2729736,0.13793948,0.18381056,0.17838806,0.033436116,0.15726545,0.30517858,0.24755418,0.26369488,0.106791444,0.20679468,-0.055917464,0.276765,0.22628003,0.17032751,0.21211268,0.28006914,0.22289072,0.06606243
0.39873248,-0.06326557,0.2710879,0.27474776,0.036224376,0.7315974,0.06338657,-0.04870899,0.21335341,0.71685433,0.4142351,0.04699952,0.30588517,-0.120123714,0.36767232,0.080038615,0.19939747,0.06347068,0.4297243,0.13504279,0.20359169,0.12288147,0.22687654,-0.2681788,0.17247541,0.41577008,0.0732067,1.0,0.30485743,0.29749477,0.11165989,-0.1137547,0.08850493,-0.154168,0.23440926,0.119399466,0.4320812,0.42653534,0.23261742,0.07149481,0.39402878,0.03255645,0.14956547,0.05941857,0.44115147,-0.005739037,0.13455036,-0.04985728,0.35779855,-0.056652363,0.17819908,-0.08309858,0.15233573,0.01139608,0.29495066,0.18582593,0.40593517,-0.031309895,0.40708494,0.04236225,0.38559166,-0.17991464,0.30355546,-0.20788495,0.35066035,-0.16846788,0.36373794,0.24934886,0.39737707,0.2824857,0.4729998,0.2745998,0.21210223,0.5281705,0.37003368,0.51908255,0.19257414,0.12174098,0.37137178,0.38848826,0.4501906,-0.088757284,0.13498971,-0.28766918,0.49040478,-0.30033925,-0.013144696,-0.093259975,0.49462536,-0.12255702,0.20348544,-0.17671956,0.17306685,-0.19986716,0.09775412,0.10375718,0.23397829,0.1734782,0.21924217,0.04045203,0.273399,0.036102287,0.14505367,-0.09637026,0.009785412,0.0051272092,0.1727484,0.08452318,0.06699036,0.270208,0.12483959,0.205433,0.19430247,0.034471016,0.19626455,0.37712955
0.24291629,0.20618863,0.3950059,0.49400637,0.4042919,0.27480894,0.5012679,0.49809685,0.40100664,0.4160351,0.39432877,0.62234306,0.65574867,0.56800616,0.58036596,0.50814736,0.54289883,0.5198061,0.31242508,0.19198766,0.26366943,0.31460452,0.53436935,0.37799332,0.22537962,-0.16038468,0.1839896,0.30485743,1.0,0.74739426,0.4017567,0.31795317,0.49858594,0.36957672,0.53635937,0.4232392,0.43225276,0.3429332,0.5027115,0.44684887,0.27439886,0.3186863,0.3140767,0.41878584,0.44639298,0.13523853,0.41595837,0.3294311,-0.07834686,-0.048733063,-0.14193194,-0.0089704925,0.014067808,0.20236507,0.3559764,0.42077476,0.22761044,0.25446498,-0.14225788,-0.07452819,0.24394232,0.15171094,0.2782077,0.11210891,0.041160144,-0.07026962,0.501414,0.45611927,0.24855082,0.37327284,0.43276176,0.37703225,0.6263671,0.76013774,0.4807437,0.63237524,0.51512593,0.42043984,0.5395347,0.4330599,0.5683083,0.5015069,0.45877114,0.24589515,0.31616703,0.26055717,0.14936733,0.14029346,0.40300798,0.32617188,0.15071735,0.24814074,0.24949908,0.09824665,0.3471973,0.34784177,0.4524772,0.42209572,0.34044874,0.32376453,0.08267467,-0.045801904,0.06642498,0.22513032,0.17690398,0.20139913,-0.00020612549,-0.048741367,0.2683947,0.57144636,0.48241323,0.4525757,0.31010947,0.15512086,0.21404938,0.35035345
0.50454396,0.4955331,0.5227602,0.5699266,0.43140027,0.2397077,0.51039386,0.57552207,0.5192937,0.36417753,0.4866807,0.7956552,0.663113,0.62155294,0.46555492,0.48824245,0.7165757,0.7714645,0.5377751,0.44876748,0.2664574,0.21921206,0.5050878,0.35908931,0.1731874,-0.17480326,0.21128044,0.29749477,0.74739426,1.0,0.35027605,0.1616747,0.6957638,0.51518464,0.5708648,0.49875653,0.3439211,0.2844683,0.5080449,0.5055544,0.28668296,0.25320786,0.46550956,0.50279397,0.45274457,0.24442424,0.4586403,0.42156592,-0.08657322,0.009513165,0.10146037,0.09536335,-0.033644605,0.28534234,0.34937194,0.45775062,0.4615966,0.5451163,-0.06248264,0.12357458,0.42884403,0.15201268,0.51521003,0.33376238,0.15579893,0.017951274,0.64087224,0.60471594,0.477756,0.5568634,0.18320613,0.20191175,0.34591126,0.7485274,0.23802668,0.538586,0.16679978,0.14777155,0.6740296,0.6475249,0.72699,0.612019,0.32615513,0.22809123,0.3997347,0.31197733,-0.08960789,0.018941471,0.41239086,0.3330787,0.116359085,0.23302746,0.20760249,0.1331475,0.42030945,0.3974284,0.48629403,0.48919228,0.37125486,0.36578915,-0.03976465,-0.20163414,0.00022840057,0.14177011,0.1348821,0.10205255,-0.09885476,-0.10036976,0.34219232,0.5236245,0.53439945,0.4929879,0.2687436,0.07667933,0.18034276,0.26602042
0.18861623,-0.21080914,0.4708355,0.18191338,0.020554734,0.25285223,0.35383862,0.14619774,-0.09103784,0.092741184,0.29302752,0.34997877,0.47201112,0.22874862,0.34616196,0.22893552,0.42322704,0.31389794,0.04873935,-0.01898346,0.17797792,0.20706055,0.6324328,0.3729112,0.4421453,0.13896564,0.2905886,0.11165989,0.4017567,0.35027605,1.0,0.24085452,0.47637397,0.3989616,0.503997,0.58645284,0.26395732,0.16176873,0.39609987,0.15363659,0.10544059,0.24307553,0.24899074,0.24539252,0.036819387,-0.14305378,0.3930732,0.2598982,-0.1537544,0.057234548,-0.003038761,-0.25055534,0.17992754,0.12778908,0.26718044,0.13501373,0.18581465,-0.1259661,-0.23845798,-0.31565073,0.08654676,0.00235041,0.25003284,-0.294907,0.00032144252,-0.3491182,0.2267889,0.2634077,-0.091593295,0.11559489,0.37663728,0.056617733,0.10967938,0.36652848,-0.005496573,0.2791995,0.14204018,0.005163482,0.30024725,0.25605288,0.3613367,0.13584252,0.48138857,0.26479802,0.43880966,0.11228446,0.22167465,0.3468258,0.23381492,0.09813586,0.4408181,0.3359602,0.03980636,0.07252484,0.18622902,0.20781022,0.25446102,0.22174942,0.30475616,0.30898145,0.21533489,-0.046957523,0.41686842,0.23566444,0.29480383,0.27955556,-0.13463165,-0.11777338,0.09849774,0.3358173,0.33249947,0.260194,0.23513424,0.29346418,0.18975161,0.06348804
