1.0,0.7326448,0.23113759,0.2637523,-0.21205717,-0.068065956,0.26697123,0.061707262,-0.16990532,-0.19000562,0.23493317,0.19209756,0.32632786,-0.07420908,-0.019316891,-0.13364069,0.14938445,-0.26287377,0.6499246,0.5183777,0.019219395,0.09679663,0.005852162,0.30386266,-0.17486985,-0.07273455,-0.038531125,-0.12382271,-0.3231512,-0.41588238,-0.17950924,0.0022978166,0.20661835,0.08522583,0.3658124,-0.034721363,-0.13770247,-0.14729114,0.07952203,0.0064214664,-0.026952941,0.025989925,0.0557771,0.0143429665,0.08538642,-0.12435353,0.07039415,-0.09797535,-0.008910527,0.2492897,0.27681625,0.14806572,0.099888645,0.030736294,0.2149018,0.0689882,0.6332224,0.70055133,0.12643796,-0.103367485,0.29744178,0.109633945,0.23172659,0.39892626,0.2721004,0.4349558,0.22594906,0.1718798,0.19842014,0.32572052,-0.44185826,-0.31685957,-0.41450557,-0.33113766,-0.27775794,-0.28094178,-0.45085713,-0.43542603,0.049862288,-0.38316333,-0.06991521,-0.09402141,0.12413441,-0.07386691,0.25916278,0.031983394,0.08173537,0.13078378,0.1901823,0.12813644,0.32910058,0.2017307,0.22008088,0.34479743,-0.08811079,-0.038603216,-0.11045881,-0.013766032,0.2263939,0.22206934,0.14579925,0.21861553,0.36430368,0.3933569,0.268347,0.31952134,-0.018257186,0.1999173,-0.039888877,-0.14107001,-0.12143309,0.2667398,0.3325814,0.40336224,0.3262324,-0.08007422
0.7326448,1.0,0.37397984,0.4423818,-0.10885417,0.0346819,0.30113897,0.25664696,-0.16983074,-0.1985652,0.26169616,0.35657626,0.34649304,0.061488662,-0.03477812,-0.1344498,0.09946353,-0.16036746,0.66726524,0.5365045,0.0068947007,0.12272248,0.11094662,0.4337946,-0.069517635,-0.029368283,0.053464316,-0.1229042,-0.25642896,-0.3858063,-0.13581564,0.0677233,0.2594749,0.18205018,0.34551957,0.015034347,-0.110201545,-0.11863932,0.0941521,0.028168902,-0.06379267,0.0010182994,0.02387347,0.13006365,0.05587317,-0.22811328,0.123437494,0.06311724,0.06081646,0.13264775,0.2214336,0.16130666,0.093666874,0.099438824,0.22493263,0.11722265,0.6200124,0.73788166,0.20521109,-0.1395602,0.2988358,0.22934064,0.19446868,0.45669594,0.3326093,0.50717,0.2697994,0.22682351,0.15947974,0.36928812,-0.381073,-0.26786163,-0.42368507,-0.37924704,-0.34569255,-0.29097176,-0.4522839,-0.35981363,-0.047100905,-0.35533118,-0.077460125,-0.024567006,0.10123623,-0.09914728,0.24298541,0.15031508,0.024386328,0.13152315,0.18263905,0.18763313,0.17772016,0.37220457,0.07488668,0.4283745,-0.06991703,0.044189297,-0.00628811,0.114945844,0.24162607,0.313407,0.17398846,0.43756807,0.3383704,0.3744539,0.2758313,0.24403444,0.06652645,0.36045426,-0.024003284,0.011814781,0.06323564,0.32678512,0.23465748,0.433229,0.36478755,0.046457108
0.23113759,0.37397984,1.0,0.8572931,0.47053328,0.49625832,0.74883914,0.8110979,0.4982212,0.29759726,0.69003135,0.78188634,0.71533865,0.679498,0.56409633,0.55629516,0.6420857,0.525463,0.24836844,0.1685821,0.5619446,0.4209921,0.77985966,0.8376069,0.3581149,0.46000195,0.53406864,0.1421282,0.5223232,0.39048418,0.5419751,0.71025187,0.7234787,0.617218,0.64744866,0.5090886,0.5416771,0.47718313,0.49461544,0.4036282,0.40774062,0.38081628,0.2543694,0.57715887,-0.12550643,-0.048106056,0.60124767,0.56469965,-0.024090057,0.047170177,0.13602674,0.19755304,0.057981767,0.15230261,0.5623885,0.46668345,-0.06905079,0.28691676,0.12923183,-0.3310439,0.040622924,0.21578857,-0.14190301,0.3803666,0.18129249,0.11575712,0.46478254,0.4451641,0.044456758,0.26759985,0.39770204,0.4004489,0.296477,0.28774,0.30510116,0.3881855,0.2922474,0.41006896,0.56700796,0.24499844,0.57700485,0.6380144,0.5048613,0.4791562,0.6047512,0.6263501,0.37257197,0.38955963,0.48501444,0.52392,-0.013145194,0.5042463,-0.3602189,0.22328241,0.23475727,0.6370839,0.54309875,0.576214,0.46125525,0.5375282,-0.13516277,0.29313925,-0.050385654,0.24514917,0.42999703,0.5128345,0.32838455,0.3038349,0.44688356,0.6068466,0.48421854,0.3810817,0.2669484,0.11823663,0.57142466,0.55670977
0.2637523,0.4423818,0.8572931,1.0,0.3963836,0.44522387,0.7223555,0.7948303,0.38395843,0.24049072,0.63379925,0.73526967,0.61372364,0.6304961,0.4344277,0.4520411,0.5498294,0.41848522,0.31424263,0.16231042,0.44776478,0.31141704,0.7775931,0.8614803,0.31395265,0.41596565,0.47903115,0.09517094,0.3604281,0.2573892,0.5210293,0.6435866,0.6977983,0.61997885,0.5798379,0.40506902,0.40631902,0.35938162,0.3955919,0.3075797,0.29673713,0.24946393,0.17123364,0.5303228,-0.13803971,-0.042441778,0.47784677,0.501007,-0.08639131,0.051704735,0.19962002,0.23823167,0.012591218,0.13193482,0.4702602,0.35422516,0.035590064,0.37205002,0.10601987,-0.31162247,0.055191766,0.25040758,-0.042972893,0.3842675,0.18918778,0.14588825,0.43943027,0.3886075,-0.05495193,0.21105313,0.30430132,0.3110953,0.17124051,0.16983941,0.1765761,0.27970248,0.20683593,0.31965405,0.38604957,0.18984376,0.43763375,0.5096681,0.3943852,0.34935552,0.5238057,0.5400617,0.23249409,0.31044328,0.4002883,0.43294632,-0.043145727,0.4982721,-0.40090156,0.17418057,0.14478624,0.5581397,0.43106052,0.49087438,0.37468687,0.47887048,-0.057482272,0.31620464,-0.030982234,0.25092295,0.39285883,0.47011688,0.29542893,0.30440673,0.39110526,0.51077706,0.42415562,0.33110425,0.17406745,0.1687618,0.57603854,0.49919268
-0.21205717,-0.10885417,0.47053328,0.3963836,1.0,0.7644488,0.28804734,0.4387217,0.7693638,0.7164476,0.3785361,0.41585892,0.41373587,0.5767358,0.75684047,0.70621705,0.27182493,0.53609097,-0.054224383,0.008596486,0.6434047,0.38977686,0.4130469,0.41605946,0.67387784,0.5653834,0.8095628,0.51336145,0.6853401,0.5918717,0.3137671,0.41218954,0.3261068,0.25506362,0.3107266,0.49919066,0.71416533,0.6608291,0.70450014,0.6979757,0.67057365,0.692497,0.20507962,0.44346163,-0.20712814,-0.090600975,0.49705172,0.45516086,-0.13003027,-0.077954605,-0.14881286,-0.034924485,-0.30367324,-0.025909435,0.59495616,0.636806,-0.3893494,-0.22414194,0.25965467,-0.06425613,-0.04156412,0.09170767,-0.39649338,-0.07753352,-0.059413455,-0.0060826116,0.26191166,0.19168869,0.03376212,0.019030066,0.49911842,0.3283724,0.53640306,0.5454376,0.45199025,0.45115122,0.4430332,0.53869295,0.46378368,0.30379623,0.49657947,0.525607,0.6475598,0.7095711,0.4031426,0.63114965,0.60795075,0.5895422,0.5737923,0.6375627,0.016565865,0.24831456,-0.3449961,0.11824329,0.5377662,0.67042685,0.62491834,0.62710506,0.32268578,0.40321034,-0.18106857,0.085053496,-0.2310717,-0.011992332,0.2977139,0.33610097,0.4590378,0.20745572,0.6327563,0.66673386,0.5175071,0.1230247,0.098748595,-0.18326247,0.25873074,0.52919364
-0.068065956,0.0346819,0.49625832,0.44522387,0.7644488,1.0,0.22568135,0.3563987,0.67902803,0.67833954,0.48098913,0.40969446,0.44753823,0.41753927,0.6909649,0.5852851,0.27406898,0.4462883,0.035367765,0.13446152,0.6108548,0.39462024,0.3919389,0.4876921,0.8133517,0.77442944,0.79289085,0.6007528,0.558338,0.3863229,0.105904065,0.31708017,0.3749137,0.19760938,0.30985734,0.34597477,0.6509771,0.676523,0.6985307,0.7202583,0.6698496,0.65555227,0.25991485,0.3996236,-0.19467044,-0.06850125,0.52223724,0.4549522,-0.16942987,0.008562127,-0.013840069,0.033042997,-0.32176274,0.13558553,0.60952187,0.6707985,-0.29337877,-0.04541733,0.18409236,-0.19139218,0.00122142,0.22451422,-0.31283134,0.05832961,0.068184294,0.10187544,0.31997162,0.1306544,0.068255745,0.07625888,0.30854428,0.16567998,0.33373675,0.3256302,0.2699271,0.32969135,0.21799555,0.3470747,0.41445068,0.1144793,0.43732372,0.4515071,0.67021173,0.65038186,0.37902376,0.58645904,0.53117627,0.596623,0.6000666,0.6650479,0.12257292,0.2952979,-0.36368495,0.24632218,0.5184858,0.6905642,0.6048588,0.66691375,0.35527104,0.42624155,-0.28601778,0.11369479,-0.19406658,0.028917745,0.28210258,0.30482343,0.4071228,0.23626915,0.6611268,0.7084175,0.5525166,0.15024477,0.14770988,-0.090716176,0.27159998,0.4420282
0.26697123,0.30113897,0.74883914,0.7223555,0.28804734,0.22568135,1.0,0.74037576,0.3367947,0.120513156,0.68003076,0.6632289,0.63410676,0.60968125,0.45026118,0.4680106,0.77097595,0.5758845,0.18629406,-0.008906015,0.4823299,0.3436313,0.7535242,0.7572271,0.047166545,0.26055506,0.25518784,-0.10339282,0.45146528,0.43091714,0.632838,0.7227639,0.7484647,0.7523681,0.7868032,0.6447716,0.4180884,0.3665041,0.2366584,0.15401159,0.30177397,0.23547229,0.35748804,0.57543546,-0.09488352,-0.0036977048,0.52062213,0.5746687,-0.08299428,0.0733319,0.092992134,0.24854589,0.13173774,0.19388765,0.30003986,0.2500733,0.03492107,0.32067314,0.015138552,-0.29174614,0.0350921,0.121928185,0.12782386,0.40191662,0.084177375,0.029009629,0.49314466,0.5643631,-0.12016831,0.20425987,0.459118,0.5864663,0.3026794,0.30070317,0.3098703,0.39779502,0.42154774,0.49714676,0.5693826,0.42589372,0.6298875,0.68111944,0.310455,0.39944905,0.68163157,0.5750427,0.19979754,0.16966522,0.32681903,0.31065091,-0.08854473,0.32202798,-0.25482565,-0.014448188,0.07931774,0.47625777,0.37356973,0.390869,0.29059836,0.3728355,-0.09211312,0.17572878,-0.073002115,0.22709207,0.32677808,0.4594763,0.12352671,0.034086373,0.1828415,0.43920636,0.40262783,0.3211371,0.30887148,0.046662584,0.53055054,0.41313067
0.061707262,0.25664696,0.8110979,0.7948303,0.4387217,0.3563987,0.74037576,1.0,0.4401883,0.20205928,0.6334042,0.7500409,0.5862796,0.70900583,0.536671,0.59664875,0.59452397,0.55111074,0.117392436,0.02771163,0.5291044,0.45623794,0.70968527,0.70358735,0.2115251,0.28057957,0.4156811,0.07074473,0.52640784,0.5053655,0.68252367,0.77586204,0.68720055,0.65059215,0.6086592,0.55592,0.50385624,0.46838453,0.37780818,0.32205203,0.358556,0.32099444,0.27969652,0.61629874,-0.19201499,-0.042131804,0.5709474,0.6315696,-0.032578167,-0.07291726,0.0863188,0.14743336,0.12972301,0.1559218,0.45082188,0.40817347,-0.04641969,0.16132417,0.09838833,-0.20385374,-0.06388977,0.19974525,-0.089726046,0.37026256,0.09374635,-0.018476121,0.43099388,0.48084506,-0.0800426,0.24252425,0.5272026,0.5780397,0.38791364,0.3769388,0.36747673,0.46492347,0.41378585,0.54043245,0.44774845,0.3156836,0.56285757,0.6563476,0.39999798,0.45609778,0.5505105,0.6617361,0.23239958,0.29648122,0.31777105,0.48112124,-0.13939661,0.5039095,-0.33959785,0.07070957,0.13019966,0.5974252,0.50903314,0.5240706,0.3968687,0.4662846,-0.025197895,0.2788378,-0.10551244,0.16525131,0.32673514,0.39591154,0.25223273,0.1938624,0.37983188,0.578829,0.5163611,0.3605194,0.19104145,0.056346633,0.5269938,0.5791627
-0.16990532,-0.16983074,0.4982212,0.38395843,0.7693638,0.67902803,0.3367947,0.4401883,1.0,0.7067609,0.40769097,0.38641843,0.4951218,0.5465998,0.7729191,0.76279026,0.39773613,0.50789243,-0.041877225,0.019086191,0.6946625,0.42416185,0.48853,0.45564416,0.63148195,0.5764034,0.6781862,0.5355545,0.6843116,0.5397984,0.37423953,0.48147234,0.3803397,0.2748761,0.39685777,0.3882948,0.6539732,0.61923116,0.65014756,0.6461777,0.68393457,0.6375315,0.21465948,0.35248303,-0.15083797,0.052052863,0.55756694,0.39021763,-0.14313398,-0.060063243,-0.0060500833,-0.022447702,-0.2689459,0.035838567,0.6198116,0.58218485,-0.35991576,-0.15988034,0.18761446,-0.12131532,-0.10027216,0.06106906,-0.29644513,0.03487566,0.04330052,-0.07264354,0.21315652,0.10098088,-0.048012644,0.14420708,0.4430622,0.2910137,0.50911844,0.46867928,0.42780936,0.42350155,0.3739489,0.47919255,0.5635218,0.23883438,0.55835503,0.5917306,0.68571085,0.7292823,0.4236679,0.5790604,0.6554249,0.63269275,0.62692416,0.582318,0.0964043,0.24587823,-0.2678639,0.11784562,0.44906414,0.662509,0.56613857,0.54313886,0.41403627,0.3344178,-0.16115908,0.041850574,-0.21708846,-0.017111862,0.28812942,0.36379403,0.32475072,0.22843775,0.6405577,0.65780765,0.37463358,0.09342208,0.17017078,-0.18461622,0.28057137,0.42385262
-0.19000562,-0.1985652,0.29759726,0.24049072,0.7164476,0.67833954,0.120513156,0.20205928,0.7067609,1.0,0.33578292,0.30268854,0.3880372,0.48110908,0.649874,0.5702564,0.2292036,0.39183357,-0.066230185,0.049704503,0.605098,0.3252382,0.33402318,0.31603122,0.6824109,0.6393138,0.6352618,0.472029,0.61162084,0.43946287,0.24048528,0.28281364,0.18942884,0.13709797,0.2305688,0.30030057,0.6500876,0.637499,0.6822589,0.6392134,0.6777203,0.6605879,0.14971572,0.2799926,-0.00090116943,0.029393159,0.42182255,0.2671565,-0.111236356,-0.017937936,-0.09513426,-0.10425197,-0.3848341,-0.048818164,0.54094946,0.6046905,-0.34504205,-0.19555156,0.25342473,-0.12403365,-0.10341789,-0.0052109305,-0.2998753,-0.1616218,-0.09442908,-0.065547526,0.13645905,0.05332735,0.07403965,0.09623143,0.35317412,0.14488606,0.48375013,0.43514237,0.4552862,0.4079393,0.27118567,0.32570007,0.4378398,0.13455494,0.41376534,0.39445361,0.65931374,0.637356,0.29285946,0.4784879,0.5770273,0.58630514,0.5931858,0.55549043,0.159089,0.11640236,-0.32997337,0.112426266,0.5561846,0.6209698,0.5652579,0.5634875,0.3577495,0.3743308,-0.28304186,0.029978834,-0.16258344,0.008424102,0.30804223,0.36934403,0.34659487,0.21355723,0.6679504,0.5790392,0.34816816,0.1232205,0.2106768,-0.06683726,0.25235555,0.37498584
0.23493317,0.26169616,0.69003135,0.63379925,0.3785361,0.48098913,0.68003076,0.6334042,0.40769097,0.33578292,1.0,0.73220414,0.81135917,0.6029784,0.57427305,0.50191313,0.7544842,0.6111578,0.0952482,0.07494456,0.5232522,0.4118239,0.61114585,0.66456527,0.30461276,0.55106515,0.35507187,0.1430898,0.5630908,0.39845127,0.38840693,0.6571066,0.733275,0.58782023,0.6925488,0.48465827,0.4983735,0.49227947,0.4285181,0.36996442,0.43310934,0.3419664,0.49321628,0.5346561,-0.12557667,0.006941221,0.5629644,0.5162496,-0.20359121,0.020535497,0.083444476,0.12875345,0.004258483,0.24718788,0.45216823,0.4871431,-0.0016447512,0.24951327,0.03788454,-0.32848784,-0.011859424,0.17077534,-0.06309032,0.34729585,0.13084991,0.005322606,0.4921681,0.41372943,0.05372522,0.21968888,0.39535,0.46050605,0.34174046,0.2881498,0.28734294,0.42571574,0.3044459,0.42620838,0.53594166,0.21789062,0.6368225,0.67235166,0.5456483,0.51297987,0.5703335,0.6332767,0.41290933,0.4290295,0.4634837,0.49908075,0.1029544,0.37380397,-0.26552385,0.16142221,0.11522957,0.59452504,0.48306933,0.4783728,0.42523482,0.46099523,-0.20557554,0.16621178,-0.07430321,0.16530767,0.293765,0.35031205,0.25723752,0.12862672,0.3742868,0.5382977,0.4539827,0.37629768,0.3402054,0.04134046,0.4514269,0.3501339
0.19209756,0.35657626,0.78188634,0.73526967,0.41585892,0.40969446,0.6632289,0.7500409,0.38641843,0.30268854,0.73220414,1.0,0.7701721,0.79895765,0.48713246,0.4690508,0.6395449,0.57082254,0.1592531,0.12718679,0.5007871,0.42477965,0.63775843,0.7011053,0.31171453,0.44446707,0.401726,0.028477808,0.52647763,0.37657812,0.4591148,0.6539119,0.6831805,0.64962834,0.59624547,0.4985722,0.4891672,0.42303678,0.4609808,0.32821557,0.34784225,0.3006377,0.2966328,0.54835016,-0.12098483,-0.112684146,0.5378299,0.5224095,-0.05056756,0.068188325,0.03080963,0.12153476,0.07719872,0.23903695,0.48156422,0.4527484,-0.033331063,0.3054637,0.07838678,-0.30997574,0.054522015,0.16524683,-0.10523605,0.32429707,0.054822695,0.030691527,0.46340558,0.43695068,0.10199523,0.26820698,0.34915543,0.3852773,0.31631666,0.26457128,0.2616974,0.3923664,0.2856044,0.38735983,0.4814974,0.22673292,0.5653865,0.6149331,0.46567217,0.4158547,0.54515356,0.62316334,0.33922216,0.37509522,0.43624344,0.495144,0.0672437,0.53635937,-0.3149504,0.20702142,0.12849723,0.623654,0.54134196,0.5428517,0.4866415,0.61398435,-0.15150921,0.3645622,0.0015871932,0.27654853,0.40003565,0.42919084,0.26377997,0.28569493,0.47540614,0.55145884,0.48182467,0.48203957,0.3149724,0.16630337,0.50368357,0.47227913
0.32632786,0.34649304,0.71533865,0.61372364,0.41373587,0.44753823,0.63410676,0.5862796,0.4951218,0.3880372,0.81135917,0.7701721,1.0,0.6721666,0.5788363,0.46940458,0.70632434,0.5473756,0.24938518,0.22717917,0.5825638,0.4504451,0.57640064,0.6826966,0.31646234,0.4926197,0.41197884,0.0913945,0.55628127,0.3093441,0.35381675,0.6071657,0.66307086,0.56974703,0.6924278,0.4486547,0.48742902,0.46490398,0.5227584,0.41089922,0.46300137,0.40402177,0.39528644,0.47692248,-0.066850014,-0.06994425,0.51939946,0.37742373,-0.0982455,0.039486762,0.104541026,0.037197873,0.044858973,0.17390318,0.57663757,0.52974623,0.05497294,0.3528117,0.20906919,-0.34516782,0.061814133,0.14282683,0.0025339536,0.33370483,0.1803792,0.120179445,0.4901583,0.376512,0.12703776,0.34131846,0.29712087,0.32654887,0.33187807,0.2928626,0.30068326,0.41190293,0.19097699,0.30761838,0.5739544,0.11717901,0.57211804,0.63251096,0.62527066,0.50827587,0.56731355,0.6202182,0.56628,0.5498137,0.63652086,0.56554073,0.17093402,0.42863652,-0.24637365,0.22692627,0.15719357,0.61111134,0.47087416,0.4837401,0.5609391,0.52332836,-0.2250786,0.23509021,-0.058481958,0.21385828,0.31931475,0.4713562,0.27427304,0.24949263,0.49937347,0.5039615,0.31643498,0.3903742,0.38370502,0.13278583,0.4914271,0.3597012
-0.07420908,0.061488662,0.679498,0.6304961,0.5767358,0.41753927,0.60968125,0.70900583,0.5465998,0.48110908,0.6029784,0.79895765,0.6721666,1.0,0.5496543,0.58085704,0.60425943,0.70571566,-0.012436978,-0.081122935,0.5761839,0.42012993,0.6683429,0.5982184,0.38394755,0.44649208,0.5383043,0.13754739,0.6953775,0.5984606,0.58392066,0.63824284,0.5486457,0.6021937,0.53046215,0.5840773,0.59935606,0.47308666,0.5159253,0.38434148,0.48206684,0.39204612,0.15080257,0.5263865,-0.18316966,-0.047440372,0.46080518,0.51557034,-0.026756138,0.0031125348,-0.06602885,-0.004494148,0.021103233,0.07324002,0.44641185,0.4550923,-0.19587111,0.04788147,0.08769172,-0.2111366,-0.13379048,0.15585624,-0.07949098,0.11478476,-0.046653133,-0.054335985,0.34814703,0.39800224,0.005966498,0.13441181,0.56823504,0.50904465,0.53503114,0.5052108,0.44550818,0.50156605,0.51663107,0.5988441,0.5444633,0.4585995,0.5824801,0.65485644,0.48069638,0.5054665,0.5171818,0.63326335,0.41836396,0.38615033,0.4650448,0.48328325,-0.079108365,0.37743476,-0.4067139,0.05001401,0.24892034,0.6520292,0.59562933,0.55382586,0.40228662,0.5080331,-0.20976047,0.2487604,-0.10480466,0.14678305,0.3702981,0.38993284,0.34335768,0.19628584,0.5149704,0.58442605,0.47556838,0.32619885,0.19815549,-0.011326914,0.40388975,0.5284233
-0.019316891,-0.03477812,0.56409633,0.4344277,0.75684047,0.6909649,0.45026118,0.536671,0.7729191,0.649874,0.57427305,0.48713246,0.5788363,0.5496543,1.0,0.8400273,0.45083052,0.5208044,0.049783714,0.13472968,0.8209672,0.5697785,0.44332042,0.49552125,0.53021806,0.5232078,0.64241266,0.47644272,0.74128854,0.63788223,0.36940414,0.5334655,0.56318736,0.4009438,0.6025802,0.61011344,0.77719754,0.77351356,0.7216228,0.7540609,0.77484256,0.76235765,0.45841575,0.6089827,-0.15633392,-0.033828735,0.7514295,0.6216825,-0.18161187,-0.046391796,-0.015733704,0.009729998,-0.28412348,0.12385939,0.7263917,0.7656811,-0.26187506,-0.07145466,0.26654547,-0.13075326,0.02942818,0.049329646,-0.2846738,0.1771492,0.113915265,-0.018680587,0.38263854,0.37256894,0.1159161,0.24584468,0.47141048,0.43030834,0.6033396,0.5672628,0.5662078,0.61419946,0.4165659,0.5213792,0.57962435,0.16611467,0.6870591,0.68466264,0.795688,0.8669739,0.64312965,0.7731447,0.66607714,0.7169373,0.6920429,0.76240873,0.12963879,0.3256391,-0.18826109,0.2400266,0.46981707,0.7426309,0.6860099,0.69282734,0.47896242,0.48599687,-0.07827012,0.14219274,-0.16662306,0.093624964,0.37109104,0.49791375,0.4175841,0.28046858,0.64234537,0.76309645,0.5904096,0.27350911,0.37705058,-0.08603788,0.43069133,0.5287673
-0.13364069,-0.1344498,0.55629516,0.4520411,0.70621705,0.5852851,0.4680106,0.59664875,0.76279026,0.5702564,0.50191313,0.4690508,0.46940458,0.58085704,0.8400273,1.0,0.45269707,0.519333,-0.09162854,0.004387366,0.7575542,0.5394421,0.47088036,0.46263298,0.42822167,0.48936328,0.5768275,0.44166714,0.70508057,0.66863775,0.4674218,0.5964014,0.5404478,0.415702,0.5137574,0.5320481,0.7025432,0.64906687,0.5472465,0.579197,0.6312022,0.61412007,0.3388554,0.5245659,-0.22518519,0.091138445,0.67023635,0.6228193,-0.07016467,-0.018880729,0.027129166,0.034728754,-0.21441405,0.14365321,0.5568724,0.5618317,-0.32256943,-0.15633667,0.09178003,-0.0776567,-0.070324175,0.0138134705,-0.3333994,0.10886594,0.03189029,-0.17300203,0.30271372,0.30246156,0.036991246,0.12801027,0.49432042,0.51929533,0.55717605,0.5202534,0.49093306,0.5275319,0.4748391,0.58803684,0.52754575,0.24044026,0.6700078,0.6959027,0.6020615,0.76938236,0.5235061,0.6858393,0.49855724,0.51221794,0.49543455,0.5642994,0.09819596,0.2798924,-0.16724086,0.13304839,0.29627407,0.6381648,0.6054507,0.5469173,0.36556432,0.3557737,-0.047759548,0.08873968,-0.17385133,0.019770473,0.3072218,0.39242592,0.30844676,0.24068305,0.51677233,0.6981578,0.5389023,0.21258803,0.2611882,-0.15324514,0.39133662,0.5436765
0.14938445,0.09946353,0.6420857,0.5498294,0.27182493,0.27406898,0.77097595,0.59452397,0.39773613,0.2292036,0.7544842,0.6395449,0.70632434,0.60425943,0.45083052,0.45269707,1.0,0.6947634,-0.019520603,-0.15483177,0.4914842,0.38558573,0.70270497,0.61582536,0.1501472,0.41640073,0.2497772,0.051408015,0.5575426,0.4545875,0.591844,0.71963793,0.64530647,0.6291435,0.7180945,0.5540371,0.45251688,0.37810647,0.29534757,0.20376405,0.36355865,0.30270213,0.40533867,0.49156457,-0.07670012,0.010755713,0.45028082,0.4173134,-0.08032762,-0.0060425196,0.05862264,0.1407063,0.16863807,0.30140144,0.27072585,0.27889413,-0.09296635,0.17794995,-0.09634483,-0.2990704,-0.00034201785,0.09296259,0.079719506,0.34546226,0.07454349,-0.091044985,0.43642902,0.4778876,0.005413796,0.16849549,0.50336766,0.5758725,0.36960575,0.3389821,0.33670616,0.41169992,0.48514324,0.5517081,0.71064967,0.48576793,0.725476,0.70523506,0.4039055,0.4440029,0.57955956,0.46279296,0.3518426,0.21374895,0.37870687,0.29711413,0.07314222,0.24912071,-0.2391139,-0.053690232,0.024274832,0.4791925,0.3325236,0.3205594,0.33980513,0.29200488,-0.30196676,0.007134993,-0.22156048,0.043917414,0.14492673,0.33726117,0.07251434,-0.081327856,0.2054393,0.3700093,0.26553032,0.24660085,0.2647303,-0.06870126,0.35944423,0.27667356
-0.26287377,-0.16036746,0.525463,0.41848522,0.53609097,0.4462883,0.5758845,0.55111074,0.50789243,0.39183357,0.6111578,0.57082254,0.5473756,0.70571566,0.5208044,0.519333,0.6947634,1.0,-0.23206604,-0.3545747,0.5189026,0.3392168,0.62587625,0.44795343,0.36074185,0.48583254,0.43026718,0.18142201,0.79333776,0.7341228,0.50887513,0.5833535,0.4640137,0.49300545,0.48152733,0.63611484,0.66560215,0.5741627,0.45696366,0.3945559,0.48109773,0.41987848,0.3529727,0.531642,-0.11448249,-0.055911243,0.48440298,0.55458957,-0.11740748,-0.03989711,-0.18801023,0.045288786,0.07357953,0.26332563,0.25563928,0.43690625,-0.37143165,-0.15561973,-0.103441276,-0.17364365,-0.17956448,0.08797349,-0.07490725,0.04091061,-0.07481217,-0.14481278,0.32132918,0.39986137,-0.08523616,-0.002865829,0.72517496,0.6925319,0.6370655,0.58335114,0.4651809,0.56460327,0.70485234,0.7769874,0.64496,0.6987844,0.73753107,0.77742666,0.4330954,0.5991684,0.48336825,0.5887743,0.41737574,0.28917003,0.3737276,0.4070396,-0.22727065,0.11656837,-0.39401573,-0.15421708,0.2671179,0.5882982,0.57159686,0.48660958,0.19822294,0.30002537,-0.37788203,0.020002484,-0.37269154,-0.09961257,0.16299626,0.14859876,0.24587943,-0.15754047,0.33743927,0.51483065,0.49812752,0.10208222,0.13895182,-0.32913223,0.113376826,0.33262962
0.6499246,0.66726524,0.24836844,0.31424263,-0.054224383,0.035367765,0.18629406,0.117392436,-0.041877225,-0.066230185,0.0952482,0.1592531,0.24938518,-0.012436978,0.049783714,-0.09162854,-0.019520603,-0.23206604,1.0,0.6359501,0.09436445,0.06821711,0.04895537,0.35214257,-0.04156013,-0.05521609,0.120403506,-0.080862954,-0.2382484,-0.36363807,-0.16907284,-0.012454915,0.116245545,-0.019922068,0.24749708,-0.06412646,-0.113314845,-0.027106594,0.16547169,0.1468587,0.0335988,0.09083552,0.054338973,0.08934024,0.14671423,-0.12653618,0.13766193,-0.023371248,0.031417318,0.22857307,0.18467273,0.12863311,-0.070009,-0.0469405,0.3045294,0.1648202,0.5743998,0.63099295,0.24821353,-0.15411532,0.22985364,0.1790243,0.1389275,0.3065818,0.22028573,0.378652,0.15550348,0.117222086,0.106059335,0.42308635,-0.40304738,-0.35490635,-0.31456807,-0.30597836,-0.20275109,-0.19619207,-0.4653887,-0.41187885,0.0009843241,-0.40436533,-0.07298484,-0.07723122,0.23918986,0.04279161,0.3090611,0.15724057,0.1331245,0.29449782,0.33566138,0.28006545,0.21887136,0.1961158,0.0072117685,0.27922833,-0.02081755,0.065518744,-0.09286517,0.043328755,0.24427262,0.14050943,0.09355839,0.18410799,0.11614126,0.14658014,0.1330595,0.19922024,0.08095225,0.33748013,0.12386573,-0.007919657,-0.08093191,0.09842839,0.17146565,0.30703437,0.1778257,-0.074983664
0.5183777,0.5365045,0.1685821,0.16231042,0.008596486,0.13446152,-0.008906015,0.02771163,0.019086191,0.049704503,0.07494456,0.12718679,0.22717917,-0.081122935,0.13472968,0.004387366,-0.15483177,-0.3545747,0.6359501,1.0,0.14267427,0.1738998,-0.14031717,0.1817225,0.07725131,0.04325142,0.14637943,-0.021056093,-0.22136451,-0.38579276,-0.31068242,-0.10403217,0.074713096,-0.14742804,0.119190656,-0.17828654,-0.0915903,0.06569195,0.2461562,0.24870753,0.07896545,0.16409317,0.20873582,0.0514579,0.13437308,-0.13883147,0.2359484,-0.016495945,0.06461498,0.19440068,0.24157208,0.05935921,-0.104405075,0.04729057,0.42567125,0.30630192,0.36436772,0.47701105,0.3545469,-0.111528605,0.17302825,0.09864456,-0.08019439,0.33623874,0.3080615,0.37956405,0.22541204,-0.054864578,0.2626046,0.5413055,-0.4888723,-0.44234115,-0.32002646,-0.33160904,-0.18518306,-0.15658882,-0.5771357,-0.5259259,-0.13251589,-0.66483176,-0.16034481,-0.12834285,0.33544642,0.078090474,0.21236677,0.15576254,0.1929048,0.38986266,0.36216247,0.3870712,0.46559688,0.25833225,0.18093945,0.42715493,-0.016514475,0.07728328,0.007179254,0.10429521,0.3646973,0.2566581,0.20647937,0.2544276,0.26671228,0.1465445,0.19361062,0.19249322,0.09912161,0.502993,0.25662562,0.08799279,-0.013643328,0.28791857,0.25190967,0.41650525,0.21869166,-0.0034940995
0.019219395,0.0068947007,0.5619446,0.44776478,0.6434047,0.6108548,0.4823299,0.5291044,0.6946625,0.605098,0.5232522,0.5007871,0.5825638,0.5761839,0.8209672,0.7575542,0.4914842,0.5189026,0.09436445,0.14267427,1.0,0.76577187,0.46314418,0.5055509,0.49845123,0.51618916,0.61466175,0.3683456,0.7018237,0.61409444,0.3946508,0.4993337,0.5092123,0.37758586,0.5623857,0.59132737,0.74949753,0.77250373,0.697678,0.6953409,0.7214623,0.73987573,0.42475113,0.5892093,-0.12500289,-0.023471875,0.72998345,0.6029791,-0.113227256,-0.032390155,0.040541545,0.06804408,-0.16207103,0.14505228,0.70139635,0.70222825,-0.21751437,0.015760487,0.19835821,-0.2731045,-0.041888416,0.0561196,-0.112077236,0.20087142,0.21232809,0.023949264,0.3648262,0.3752368,0.24634077,0.24387941,0.47619548,0.43349883,0.5820726,0.56557703,0.5973902,0.56401235,0.38735914,0.47898847,0.56749,0.14542481,0.6329619,0.6823314,0.73099476,0.7408245,0.6855195,0.71897066,0.60987586,0.63680553,0.73136216,0.7072735,0.16968378,0.35243788,-0.28799018,0.21648695,0.46867695,0.71659267,0.6606096,0.6813379,0.52295107,0.5325976,-0.10225152,0.10569907,-0.10676585,0.12249737,0.40201196,0.5350546,0.38997856,0.32465452,0.64807826,0.73662865,0.5431429,0.3500362,0.47103545,0.059159476,0.47271028,0.51566535
0.09679663,0.12272248,0.4209921,0.31141704,0.38977686,0.39462024,0.3436313,0.45623794,0.42416185,0.3252382,0.4118239,0.42477965,0.4504451,0.42012993,0.5697785,0.5394421,0.38558573,0.3392168,0.06821711,0.1738998,0.76577187,1.0,0.26804137,0.3403795,0.30000046,0.34313437,0.37877974,0.19661473,0.4749855,0.46261477,0.31103846,0.39020562,0.37417907,0.29347712,0.40007117,0.48200372,0.5346521,0.5769988,0.4881292,0.4971855,0.46120277,0.5664476,0.35142088,0.5072813,-0.07555832,-0.08659347,0.5984337,0.52088475,-0.042428162,-0.027302008,0.18311575,0.15869671,0.07247432,0.10848223,0.5176312,0.5414675,-0.05382877,0.10700975,0.22028506,-0.26301673,-0.038784977,0.07416535,0.038352363,0.2966716,0.24465394,0.10904666,0.3936101,0.38365072,0.28283706,0.21761183,0.3574266,0.4062752,0.43889526,0.48479062,0.5178197,0.4356351,0.26768792,0.33052906,0.3499189,-0.011687233,0.43146092,0.5282155,0.49396566,0.43454516,0.5439934,0.55378056,0.4689514,0.45801148,0.5120839,0.51736885,0.2468736,0.39347148,-0.17295454,0.23997054,0.31507048,0.48558128,0.50936025,0.55050546,0.45628718,0.5137823,0.008415456,0.17991336,0.07132847,0.16763218,0.34247008,0.41165325,0.3502179,0.35157695,0.41288128,0.54113233,0.4397742,0.48161104,0.49612078,0.21729065,0.4673051,0.46341732
0.005852162,0.11094662,0.77985966,0.7775931,0.4130469,0.3919389,0.7535242,0.70968527,0.48853,0.33402318,0.61114585,0.63775843,0.57640064,0.6683429,0.44332042,0.47088036,0.70270497,0.62587625,0.04895537,-0.14031717,0.46314418,0.26804137,1.0,0.80419064,0.3249571,0.49471223,0.41088104,0.062768675,0.52543294,0.43577203,0.6919959,0.714428,0.67027557,0.67052054,0.61270183,0.51047444,0.4702329,0.38544536,0.31766227,0.20423457,0.33305222,0.23451245,0.14893164,0.52141345,-0.1434459,0.04456968,0.44239208,0.46582884,-0.13784347,-0.013822741,0.105916575,0.15594956,0.07951504,0.08779291,0.30980772,0.24809267,-0.2101781,0.14743811,0.017130293,-0.31919104,-0.059532464,0.1311125,-0.05613422,0.22544454,0.009085688,-0.052240245,0.376294,0.38382244,-0.13571396,0.07347895,0.51832455,0.5128623,0.37360573,0.3317958,0.3333418,0.4411964,0.44458276,0.52584773,0.5716835,0.48257732,0.58524096,0.6538173,0.34561473,0.40251803,0.50019026,0.4802369,0.28414857,0.21742377,0.33549035,0.29775348,-0.16995811,0.31003523,-0.44783482,-0.03173115,0.16332294,0.5560709,0.38476342,0.42776778,0.2748135,0.32416493,-0.24266939,0.11660995,-0.2158914,0.11821262,0.25655845,0.421342,0.19121243,0.064515345,0.30437958,0.48981768,0.35009378,0.19626832,0.16252442,-0.025327757,0.46735916,0.47591677
0.30386266,0.4337946,0.8376069,0.8614803,0.41605946,0.4876921,0.7572271,0.70358735,0.45564416,0.31603122,0.66456527,0.7011053,0.6826966,0.5982184,0.49552125,0.46263298,0.61582536,0.44795343,0.35214257,0.1817225,0.5055509,0.3403795,0.80419064,1.0,0.3457081,0.5087142,0.4880068,0.06224119,0.37819743,0.23810238,0.50483423,0.69373196,0.71967405,0.65482146,0.68495035,0.4714909,0.42824075,0.38606828,0.40038782,0.30403158,0.35348767,0.304695,0.22939996,0.5485126,-0.12773132,-0.08805312,0.516592,0.47361025,-0.12527822,0.085102744,0.21487774,0.21722801,-0.016745234,0.11818127,0.48875207,0.3630439,0.038535833,0.46303022,0.10778801,-0.38195404,0.07652799,0.2343322,-0.0109322835,0.40886956,0.18846045,0.18394873,0.45555043,0.3974861,-0.011613072,0.2523075,0.26697266,0.3144758,0.19089271,0.17137696,0.2018,0.29598495,0.16303557,0.28766075,0.49194944,0.16864565,0.50814444,0.57874364,0.45461097,0.40076628,0.5967826,0.5753514,0.33253297,0.38663438,0.4908566,0.4510869,0.04133359,0.4978615,-0.3900023,0.19218498,0.1727345,0.57877886,0.39968655,0.48275024,0.41332078,0.47793987,-0.1717688,0.25104767,-0.03829393,0.28337598,0.37269625,0.53175724,0.20675692,0.25310495,0.40729204,0.5185895,0.377934,0.36221015,0.32462424,0.19284573,0.6133782,0.50425935
-0.17486985,-0.069517635,0.3581149,0.31395265,0.67387784,0.8133517,0.047166545,0.2115251,0.63148195,0.6824109,0.30461276,0.31171453,0.31646234,0.38394755,0.53021806,0.42822167,0.1501472,0.36074185,-0.04156013,0.07725131,0.49845123,0.30000046,0.3249571,0.3457081,1.0,0.7623101,0.740274,0.5916559,0.4746544,0.29632846,0.038919605,0.15590009,0.15209061,0.01372297,0.09275051,0.17756411,0.5376072,0.5738517,0.6502355,0.6457888,0.5815013,0.5402047,0.08729473,0.25593862,-0.13693245,-0.043143272,0.3836066,0.32575753,-0.18073618,0.009495414,0.0296684,0.009120723,-0.3094522,0.08566365,0.5552954,0.57997155,-0.37015453,-0.12846893,0.16501956,-0.23437585,-0.089324065,0.13228825,-0.31128648,-0.021099849,0.051669423,0.09129832,0.17339814,-0.020117866,0.11260131,-0.0007855389,0.25596967,0.028054755,0.2614465,0.24837343,0.19859414,0.20533381,0.1387289,0.26023692,0.30004168,0.12600371,0.3139555,0.30640242,0.57286465,0.48995996,0.23454171,0.39793375,0.49888134,0.5081049,0.56109893,0.5551142,0.07674135,0.24303333,-0.35345405,0.19468231,0.5257335,0.59226775,0.5373489,0.60508215,0.35066715,0.38202152,-0.28700408,0.093514256,-0.14321876,0.006223589,0.26276466,0.22579947,0.41936174,0.24985996,0.63069326,0.64546525,0.4746428,0.09840266,0.11258167,-0.03797602,0.20360807,0.39556372
-0.07273455,-0.029368283,0.46000195,0.41596565,0.5653834,0.77442944,0.26055506,0.28057957,0.5764034,0.6393138,0.55106515,0.44446707,0.4926197,0.44649208,0.5232078,0.48936328,0.41640073,0.48583254,-0.05521609,0.04325142,0.51618916,0.34313437,0.49471223,0.5087142,0.7623101,1.0,0.59962404,0.41890708,0.49787274,0.28029096,0.13461567,0.33496156,0.38440272,0.22432713,0.31160125,0.26265275,0.49912032,0.5154176,0.5058084,0.47417182,0.50290245,0.40290034,0.27187952,0.3572207,-0.10509194,0.016943052,0.45417252,0.36783975,-0.21246423,0.028355226,0.05738721,0.11368115,-0.1524914,0.23859029,0.4385635,0.48607838,-0.30215725,0.017833337,0.03401883,-0.31610084,-0.09790883,0.11928728,-0.23675798,0.0775696,0.0024568764,0.032034997,0.2999389,0.053076107,0.08409814,0.068163574,0.25464386,0.18465394,0.24127957,0.18952893,0.16090515,0.25525442,0.18499425,0.29169407,0.41982773,0.16087295,0.48555598,0.48050728,0.5262898,0.47540513,0.30599606,0.45522097,0.4622113,0.4536484,0.49986383,0.45617834,0.20508859,0.3052479,-0.37790278,0.189605,0.27743095,0.57756114,0.47183037,0.5022942,0.35952237,0.38820034,-0.35444033,0.034162886,-0.10675598,0.051012203,0.2620567,0.24888125,0.2748062,0.15161276,0.50165904,0.5924696,0.42609572,0.23889765,0.2388702,-0.01845288,0.28669646,0.34327024
-0.038531125,0.053464316,0.53406864,0.47903115,0.8095628,0.79289085,0.25518784,0.4156811,0.6781862,0.6352618,0.35507187,0.401726,0.41197884,0.5383043,0.64241266,0.5768275,0.2497772,0.43026718,0.120403506,0.14637943,0.61466175,0.37877974,0.41088104,0.4880068,0.740274,0.59962404,1.0,0.6025366,0.52652085,0.40020278,0.23016405,0.33697373,0.2872772,0.17704786,0.27984923,0.35347438,0.62702423,0.590161,0.7200932,0.7138134,0.670373,0.6666116,0.07482212,0.3891534,-0.22572054,-0.095577754,0.42650795,0.3690751,-0.082306035,-0.035050273,-0.07417113,-0.06486841,-0.26023328,-0.053478044,0.6244881,0.6155275,-0.22840099,-0.046491273,0.19595231,-0.12883812,-0.015399002,0.2692692,-0.29856372,0.029425368,0.09208032,0.1635748,0.21199806,0.15125775,0.11529645,0.102864884,0.33206168,0.13577546,0.3336016,0.37276226,0.30928203,0.27496544,0.25222668,0.3636682,0.40475383,0.19927333,0.37265933,0.4097136,0.6542983,0.597394,0.40523803,0.54247695,0.549382,0.5653633,0.6323205,0.6471979,0.065395944,0.2960011,-0.39858946,0.20637289,0.52972996,0.62546694,0.56535864,0.6216922,0.35385478,0.4160984,-0.23037888,0.09093532,-0.16174287,-0.011045238,0.30471182,0.32240734,0.46202773,0.25932893,0.61330134,0.62688917,0.4608016,0.12044102,0.10239413,-0.07705801,0.26235953,0.47351155
-0.12382271,-0.1229042,0.1421282,0.09517094,0.51336145,0.6007528,-0.10339282,0.07074473,0.5355545,0.472029,0.1430898,0.028477808,0.0913945,0.13754739,0.47644272,0.44166714,0.051408015,0.18142201,-0.080862954,-0.021056093,0.3683456,0.19661473,0.062768675,0.06224119,0.5916559,0.41890708,0.6025366,1.0,0.32048497,0.24154839,-0.05549357,0.01622524,0.045106735,-0.104919754,0.06090291,0.07134808,0.41802678,0.36417797,0.47441965,0.5943899,0.54669815,0.55580187,-0.05494613,0.06313024,-0.30047145,0.10942762,0.2064585,0.1410205,-0.088516824,-0.047140095,0.00024663805,-0.09910463,-0.38663474,0.024743913,0.35399824,0.4199267,-0.19388907,-0.28763512,0.02601612,0.07401666,0.029851964,0.17240895,-0.38325915,-0.0848649,0.090894446,-0.039965387,0.005334451,0.0030983218,0.13363332,-0.0073213307,0.108320385,-0.085183606,0.15135212,0.18232572,0.11159159,0.012972887,0.13766728,0.23237531,0.24580564,0.09267128,0.18409942,0.15472767,0.42570153,0.4379216,0.056712896,0.18513396,0.41490793,0.41867018,0.36520144,0.35710806,0.06573517,0.0432573,-0.089187406,0.21518265,0.39487988,0.32797587,0.3175105,0.3522961,0.09833519,0.11956178,-0.041015565,0.011780958,-0.12463269,-0.068121985,0.16086878,0.12068975,0.3395563,0.1934322,0.31457305,0.3815848,0.25852826,-0.13960999,-0.09903058,-0.19714148,0.061487693,0.1611624
-0.3231512,-0.25642896,0.5223232,0.3604281,0.6853401,0.558338,0.45146528,0.52640784,0.6843116,0.61162084,0.5630908,0.52647763,0.55628127,0.6953775,0.74128854,0.70508057,0.5575426,0.79333776,-0.2382484,-0.22136451,0.7018237,0.4749855,0.52543294,0.37819743,0.4746544,0.49787274,0.52652085,0.32048497,1.0,0.8313544,0.48383197,0.5246287,0.47740626,0.42888772,0.4595796,0.6441866,0.8152384,0.7302692,0.62702316,0.5897512,0.68391925,0.6111028,0.41539377,0.5592802,-0.08506837,0.014227665,0.6186998,0.61794174,-0.04903495,-0.07679736,-0.18281795,-0.00032795806,-0.081833735,0.14935127,0.4813181,0.6254511,-0.46997777,-0.2809099,0.09073996,-0.1789944,-0.09560416,0.05753653,-0.22836901,-0.023030851,-0.053131595,-0.19095813,0.33545077,0.40211904,0.016449118,0.028440692,0.74808896,0.63955903,0.81504714,0.72881657,0.6795292,0.7273187,0.7124388,0.77393746,0.67660314,0.5355034,0.7346146,0.7810337,0.61512506,0.7688425,0.48740897,0.672079,0.5841749,0.50408906,0.53275764,0.56487024,-0.11163219,0.15191554,-0.37307006,-0.032571845,0.430764,0.69257236,0.7154475,0.6169572,0.34646946,0.380594,-0.29933906,0.04245633,-0.33793652,-0.07270715,0.27789024,0.28372937,0.4238341,0.052207753,0.55659616,0.6880414,0.57934207,0.13573071,0.19397327,-0.33867335,0.19999902,0.45630437
-0.41588238,-0.3858063,0.39048418,0.2573892,0.5918717,0.3863229,0.43091714,0.5053655,0.5397984,0.43946287,0.39845127,0.37657812,0.3093441,0.5984606,0.63788223,0.66863775,0.4545875,0.7341228,-0.36363807,-0.38579276,0.61409444,0.46261477,0.43577203,0.23810238,0.29632846,0.28029096,0.40020278,0.24154839,0.8313544,1.0,0.5689965,0.49494165,0.39630416,0.41622302,0.3603569,0.70170534,0.7545737,0.66667116,0.44676548,0.45414978,0.53927845,0.52531314,0.33629325,0.5549379,-0.14680623,0.051395487,0.5437268,0.66247433,-0.062373467,-0.093531385,-0.19184096,0.033150483,-0.029172141,0.14563014,0.31236795,0.47487092,-0.5059386,-0.4305406,-0.019206787,-0.057558812,-0.19947249,0.011889057,-0.17512412,-0.110923305,-0.13728335,-0.29071096,0.285543,0.42439178,-0.10033589,-0.11814662,0.8288406,0.7614421,0.8408368,0.8353207,0.75023407,0.74278605,0.8466944,0.8610167,0.5631365,0.6477684,0.6634372,0.72242653,0.3990176,0.65656275,0.4674785,0.59294695,0.41198212,0.30055925,0.29504633,0.41460478,-0.2270885,0.06348688,-0.27941316,-0.15149583,0.40743196,0.55586416,0.64528304,0.546319,0.15982385,0.28590298,-0.17360073,-0.03277056,-0.322774,-0.06063457,0.22896452,0.2549422,0.39834428,-0.029896814,0.3549355,0.59964013,0.59884775,0.09683459,0.13112329,-0.34829548,0.15983143,0.47873455
-0.17950924,-0.13581564,0.5419751,0.5210293,0.3137671,0.105904065,0.632838,0.68252367,0.37423953,0.24048528,0.38840693,0.4591148,0.35381675,0.58392066,0.36940414,0.4674218,0.591844,0.50887513,-0.16907284,-0.31068242,0.3946508,0.31103846,0.6919959,0.50483423,0.038919605,0.13461567,0.23016405,-0.05549357,0.48383197,0.5689965,1.0,0.7531427,0.4690602,0.6220155,0.47056615,0.5367547,0.40054962,0.30771768,0.13877007,0.071195744,0.2474342,0.207229,0.08025502,0.43895417,-0.13408907,0.04938871,0.30688477,0.3751237,0.07396882,-0.14759038,0.035379104,-0.019521782,0.14218695,-0.0024341203,0.15861934,0.09161752,-0.2294225,-0.08292759,-0.044371165,-0.14129479,-0.10477913,0.023305366,0.017211003,0.15200865,-0.11401877,-0.25856593,0.30454016,0.43165442,-0.22639534,-0.021869747,0.67829895,0.676262,0.49241033,0.51131624,0.50674546,0.49595368,0.5824311,0.6091543,0.46805546,0.53114897,0.52154,0.53954536,0.19038555,0.30189064,0.38102382,0.35658628,0.14744076,0.035933867,0.11807034,0.1333596,-0.1978104,0.23425853,-0.31256065,-0.23752213,0.13419895,0.35809115,0.29205874,0.2817441,0.18870118,0.19207855,-0.1377181,-0.00856,-0.20455661,0.042422667,0.1477132,0.37183005,0.07909664,-0.06765405,0.16360646,0.31096137,0.22538944,0.15272109,0.083856255,-0.01937397,0.42009202,0.52635926
