1.0,0.23313977,0.39563146,0.17269282,-0.13913074,0.28535786,0.7029111,0.10461731,-0.055670626,0.15515219,0.52806056,0.15438004,0.5544429,0.031680547,-0.025891645,-0.05535245,0.1942761,0.18660752,0.61561126,0.18130964,-0.023616329,-0.028999405,0.15050766,-0.2719729,0.10089643,0.032075766,-0.27700108,-0.06247346,0.13820395,0.1841116,0.21797952,-0.17568673,0.46026477,0.27992013,0.29817107,0.36410323,-0.1737334,-0.12428537,-0.15846397,-0.11756311,-0.15423179,-0.15351287,0.21204649,0.06947022,0.031100428,0.26209843,0.29232487,0.016337326,0.025829012,0.22799702,0.24852464,0.02554557,0.2465484,0.22376065,-0.031363387,-0.09567885,0.7259012,0.020587504,0.28137425,0.17477274,0.39271912,0.23615319,0.4215008,0.21778545,0.5564345,0.28758377,0.28903478,0.372588,0.49787566,0.16941442,0.39010972,-0.116044514,-0.044377297,0.17217499,-0.08584524,-0.19387977,0.04360607,0.09420023,0.1325443,0.11632033,0.31376496,0.04135042,-0.08777482,-0.47696155,0.47670317,-0.088741474,-0.0703358,-0.38889617,0.25124925,-0.17939572,0.37177044,0.1895369,0.22541654,-0.15501516,-0.0626899,-0.029552173,-0.0035277528,-0.015599504,0.17330343,0.1939827,0.36838496,0.09213666,0.30544648,0.24243012,0.024695355,-0.05463724,0.060335603,0.14142235,-0.27658102,0.114378095,0.015421988,0.16682461,0.33704495,0.33014134,0.18840007,-0.06564401
0.23313977,1.0,0.021285122,0.33204377,0.19249466,-0.07530465,0.1201101,0.54668486,0.2668802,-0.06576977,0.27598515,0.42572337,0.13285375,0.39720023,0.43323892,0.38872063,0.19755904,0.4009608,0.30032438,0.4806392,0.23262118,0.33203185,0.033524983,0.20473869,0.09297166,-0.00848865,-0.21078323,-0.041210584,0.42118946,0.30607215,-0.053068157,0.040252868,0.25886828,0.2253919,0.15520072,0.16463402,0.2605624,0.27505404,0.24071233,0.22766338,0.33492687,0.01195403,0.41908306,0.35883105,0.33223817,0.20912105,0.35585383,0.23575285,0.118812285,0.16639644,-0.110691816,0.06466863,0.0655371,0.4155733,0.35220468,0.25686336,0.20505857,0.49051362,-0.057025272,-0.006289151,-0.035272356,0.09130137,0.24156293,0.50011504,0.2765686,0.48761117,0.36484453,0.37216952,0.2764742,0.3814702,0.08220889,0.2465337,0.23399147,0.23783429,0.27350536,0.2237566,0.15729679,0.14626053,0.21543352,0.24111767,0.40034324,0.3122836,0.17969382,0.07337609,0.1740173,0.2119815,-0.08070361,0.15316892,0.06727394,0.25570682,0.027947929,-0.15653835,-0.04294196,-0.0045965747,0.12143784,0.25071758,0.102970794,0.27774397,0.23564471,0.13391371,-0.061613955,-0.091227174,-0.071183555,-0.066924654,0.18124506,-0.07185974,0.19829206,0.29414594,0.13927929,0.15839782,0.035155065,0.09279531,-0.10786669,-0.10409989,0.009899054,0.061152253
0.39563146,0.021285122,1.0,0.49213412,-0.02333529,0.08705589,0.63036245,0.22967814,-0.17486204,0.045913737,0.16188952,-0.0680247,0.392469,0.028016249,0.010713157,0.061346572,0.16606575,0.0062999423,0.48016348,0.38062707,0.17278428,0.0023103731,0.55850255,0.28773677,0.07626403,0.15905125,-0.28793776,-0.028068008,0.05620998,0.059895694,0.4728017,0.18096107,0.41934726,0.40554377,0.24087779,0.35186154,-0.049966153,-0.060508825,0.005586403,0.05738988,-0.1688843,-0.0620048,0.014626688,0.080002464,0.027149802,0.24892911,0.245699,0.26840588,0.07583931,0.08428415,0.32008246,-0.049934186,0.3001842,0.16319562,0.13450582,0.05644373,0.3125741,0.08037442,0.090536006,-0.15867145,0.30168736,0.15211499,0.0036534532,0.03523071,0.1961447,0.033253524,0.2032389,0.1834115,0.24435256,0.18277594,0.3847133,0.018363455,0.013104744,0.11893184,-0.1624939,-0.13815033,-0.05647332,-0.076435216,-0.115311146,0.1511909,0.10236955,0.072790846,0.07699014,-0.03378764,0.45768547,0.12026987,0.08461689,-0.16402872,0.29318318,-0.108159855,0.34539673,0.15446398,0.34647107,0.026970726,0.1393995,0.07209514,0.3092645,0.1327479,0.3403268,0.37308264,0.43363038,0.08818868,0.39836088,0.25302887,0.3415555,0.098550454,0.04775875,0.16620678,-0.19360834,0.23269197,0.18194893,0.23981826,0.2681825,0.20627211,0.26524058,0.118978165
0.17269282,0.33204377,0.49213412,1.0,0.1817038,0.030693658,0.43737224,0.5387842,0.06918044,0.052350573,0.1332681,0.19349754,0.15202655,0.28155884,0.11872774,0.2031949,0.19977541,0.24650648,0.26592082,0.47059256,0.117948085,0.1360476,0.38706172,0.3510337,-0.007440052,0.024884766,-0.20594585,-0.11630741,0.20653248,0.22653267,0.2274154,0.26143035,0.29963362,0.23182008,0.30622464,0.41966283,0.27848175,0.24328664,0.2567697,0.23901603,0.13614883,0.11600459,0.3263405,0.43913442,0.33197084,0.25134805,0.37833723,0.4756247,0.11114569,0.17228158,0.113168135,0.012270131,0.17930467,0.3168958,0.4127127,0.16780668,0.13858762,0.21359299,0.07959185,-0.08980702,0.21492375,0.092790954,0.09567479,0.22791807,0.062455386,0.31094927,0.41404387,0.3694928,0.25339234,0.3470579,0.2361385,0.051265746,0.077146605,0.18748386,0.13672525,0.15859655,0.14245613,0.17374247,0.15755609,0.3137586,0.30709544,0.29781199,0.046851657,0.10244115,0.2571853,0.39411995,0.02184592,0.039857414,0.22806226,0.2421449,0.16864243,-0.037570134,0.030137729,0.09280968,0.37243134,0.2385639,0.40842357,0.27674925,0.2903094,0.25620314,0.09931312,0.13928539,0.1644522,-0.0008958776,0.30489087,0.04704857,0.13219461,0.06990503,0.0640332,0.31375954,0.20470962,0.17799269,-0.0018413567,0.062152445,0.26668364,0.21740109
-0.13913074,0.19249466,-0.02333529,0.1817038,1.0,-0.084712945,-0.12229438,0.35786998,0.71230257,0.16730885,-0.1063813,0.12741616,-0.0748238,0.27882126,0.35181463,0.40243882,0.110485986,0.21663395,-0.030957364,0.18380035,0.118937,0.25971738,0.12789969,0.2642355,-0.22598973,-0.0990856,0.36466065,0.12101706,0.22223663,0.1580739,-0.02482556,0.18388136,4.050584e-05,0.007011063,0.10590144,0.0672818,0.477925,0.44692078,0.3225122,0.32599148,0.41564032,0.22941406,0.19613719,0.17785405,0.22584939,0.08684,0.102777146,0.17710677,0.39192775,0.039847907,-0.1622187,0.059629533,-0.21896894,0.022076536,0.17757154,0.14132307,-0.24122216,0.23688053,-0.09796289,0.041235443,-0.20313752,0.12906936,0.030612068,0.34252805,-0.040192254,0.14902398,0.22147392,0.17706381,-0.02150992,0.31088755,-0.2574097,0.21943666,0.4157882,0.13838716,0.33140185,0.30465913,0.4200913,0.3696551,0.33120516,0.3981663,0.2135375,0.28345063,0.036908973,0.2505724,-0.08011004,0.26540336,-0.16372186,0.28605685,0.032498315,0.35623538,-0.4150373,-0.40792033,-0.22884776,0.040479314,0.41998175,0.22806975,0.23054105,0.31054202,-0.14617808,-0.15182208,-0.44961157,-0.15729076,-0.26821637,-0.17081526,-0.03491783,0.07735863,0.020294722,0.18616286,0.5372764,0.4061805,0.29770035,-0.0693071,-0.4616878,-0.29300958,0.08319056,0.106332965
0.28535786,-0.07530465,0.08705589,0.030693658,-0.084712945,1.0,0.21406601,-0.12833513,-0.01964612,0.55269814,0.28045487,0.13896883,0.2775789,-0.018808225,0.120979376,0.15109374,0.08613536,0.10626937,0.10462526,-0.18657812,-0.10189136,0.12921357,0.2425714,-0.10004847,0.041494485,0.10646918,0.094823,0.12742642,0.109529614,0.15980288,0.1819703,-0.096518286,0.18543033,-0.0004366735,0.14622656,0.35101447,0.0066780443,0.12116219,0.034780234,0.087196395,-0.05328686,0.1659465,0.10074489,0.06515395,-0.11886742,0.17321703,0.22535504,0.11600774,-0.17809552,0.020699892,-0.015749633,-0.06255889,-0.06031274,-0.010726713,0.029800465,0.042184882,0.28519678,-0.16702908,0.06984177,0.005469896,0.2298368,-0.05344761,0.07288917,-0.0058255726,0.14237931,0.006104702,0.123959064,0.2092946,0.1787938,0.026541874,0.3230659,-0.045049,0.076552466,0.19925226,0.105270974,0.0095575275,0.15224895,0.22027703,0.09408729,0.040654395,0.18269454,0.056051515,-0.021743275,0.019763956,0.15618263,0.10934685,0.036537997,-0.26959193,0.032916028,0.20636588,0.109041005,0.17997526,0.069036655,0.010078649,0.1628461,0.18223011,0.24522519,0.08968659,0.020813389,0.065037385,0.18188922,0.19855997,0.13903007,0.20175366,-0.092629775,0.0822255,-0.01782448,-0.06344276,0.07512505,0.20193854,0.13429494,0.019908857,0.26418805,0.35159874,0.1768328,0.035899416
0.7029111,0.1201101,0.63036245,0.43737224,-0.12229438,0.21406601,1.0,0.2976751,-0.12625918,0.13077731,0.4708976,0.1293736,0.6068603,0.13271478,-0.13228731,-0.06119612,0.30363175,0.16376325,0.5095121,0.23270161,-0.12575674,-0.124603555,0.42748,0.05161156,0.03127554,0.079700075,-0.271151,0.08729954,0.06585629,0.12932128,0.39496619,0.10825385,0.546693,0.44236264,0.3961856,0.44948947,-0.09591336,-0.14667633,-0.13264601,-0.14270462,-0.27669603,-0.11172142,0.20287468,0.111616276,0.0033982336,0.25530708,0.32801867,0.13058427,-0.02138421,0.0333636,0.14107749,-0.07742115,0.327676,0.08917505,0.113322586,-0.031098403,0.5629866,-0.007970828,0.17215486,0.09028099,0.3561784,0.09469763,0.2563084,0.12942958,0.32485613,0.20114034,0.29063487,0.2889048,0.45043752,0.11976146,0.42444292,-0.06134133,-0.08845143,0.14958626,-0.17899215,-0.26071116,0.06478815,0.05497845,0.01860266,0.09861909,0.2915171,0.1409967,-0.08808938,-0.30678943,0.5138818,0.0020282806,-0.032297406,-0.38613397,0.29349205,-0.18940555,0.45360354,0.17700642,0.32713434,0.027050363,0.059820972,-0.06785661,0.14525819,0.034653243,0.3544774,0.2871063,0.45981762,0.042041093,0.48545775,0.29335582,0.2782547,0.11472246,0.096626736,0.10595997,-0.2608146,0.16969593,0.054013606,0.2441586,0.29568022,0.34883705,0.28371,0.044576455
0.10461731,0.54668486,0.22967814,0.5387842,0.35786998,-0.12833513,0.2976751,1.0,0.38566363,-0.00020651607,0.32116595,0.5883595,0.27249092,0.7003319,0.27222037,0.3526859,0.33897454,0.49032703,0.16289756,0.44858518,-0.03854327,0.107735895,0.29764533,0.53024745,0.028791942,0.0052150814,-0.07769305,-0.10283707,0.4147284,0.37873948,0.26107007,0.37909994,0.4204895,0.42475408,0.5042877,0.46454617,0.29203215,0.2008567,0.18356675,0.103413105,0.12686229,0.01265679,0.43732798,0.37459183,0.3749521,0.05623217,0.2567346,0.25318632,0.106629245,-0.023645526,-0.20838869,0.13986403,-0.14192525,0.20485464,0.26807302,0.08364565,-0.04105916,0.27651227,-0.20861432,-0.20248757,-0.09191563,-0.1241198,0.1729665,0.5776677,0.052519877,0.44343427,0.32317424,0.4311848,0.10540258,0.26807892,-0.0063800253,0.26976305,0.35694316,0.2998679,0.23016284,0.22643806,0.34915036,0.30440336,0.24878517,0.41665924,0.5000085,0.6095258,0.093499586,0.17300473,0.2475648,0.39913106,-0.051607892,0.20779225,0.090252966,0.18256152,0.06572741,-0.17579636,-0.013064049,0.1171022,0.20398581,0.21035306,0.17621075,0.2507561,0.30987352,0.13334121,0.013102108,-0.022745097,0.13690917,0.041166853,0.3738349,0.064380854,0.19589636,0.25983503,0.22957161,0.18711875,-0.0002347896,-0.020996924,-0.25579196,-0.12646993,0.12476403,0.2466272
-0.055670626,0.2668802,-0.17486204,0.06918044,0.71230257,-0.01964612,-0.12625918,0.38566363,1.0,0.13325387,-0.0048326585,0.2826,-0.08696944,0.38157675,0.35176334,0.39862165,0.13753618,0.31618762,-0.03911771,0.1719149,0.06373777,0.27256653,-0.004616197,0.19190158,-0.19142783,-0.16058299,0.36479002,0.06923508,0.29904145,0.23317885,-0.054277517,0.15603952,0.062298544,0.0728663,0.16924655,0.13074309,0.434631,0.3825209,0.2600179,0.25330418,0.37427914,0.122878626,0.32290637,0.29255003,0.1969823,0.037673388,0.122857556,0.14991602,0.31506193,0.025394311,-0.1980257,0.189635,-0.35973993,-0.038791835,0.16368194,0.090600386,-0.2379268,0.26220143,-0.21312733,0.05776857,-0.23862733,0.08038938,0.1702077,0.48827562,-0.07919202,0.15449208,0.24528694,0.23667954,0.012909063,0.2797618,-0.28078222,0.31753927,0.4670241,0.17962621,0.36889908,0.25835216,0.4618184,0.41403654,0.30010056,0.3443133,0.30966833,0.30460605,0.013070652,0.20443511,-0.09839198,0.20262837,-0.26539472,0.22095925,-0.013243734,0.31534803,-0.34003657,-0.28966877,-0.27828604,-0.07635026,0.3923284,0.18591298,0.17056914,0.2452763,-0.12443707,-0.1596225,-0.40284964,-0.07393228,-0.2917618,-0.057611123,-0.06809342,0.066984646,0.009533817,0.2725312,0.46863735,0.33394727,0.2562491,-0.056843154,-0.43385044,-0.3021621,-0.009991593,0.09248584
0.15515219,-0.06576977,0.045913737,0.052350573,0.16730885,0.55269814,0.13077731,-0.00020651607,0.13325387,1.0,0.27039644,0.10576442,0.25544408,0.09790862,0.36221987,0.443859,0.047894537,0.13643186,0.0427476,-0.10226245,-0.041152075,0.17338133,0.29659376,0.020394165,-0.04185553,-0.053832944,0.10529893,0.17372397,0.11334978,0.17271017,0.2639636,-0.0055255336,0.06689913,-0.11318304,0.12968561,0.29699197,0.2606642,0.34434462,0.24800646,0.24833146,0.1288997,0.42395097,0.06877239,0.055125885,-0.11383829,0.14007927,0.27652314,0.19168082,-0.13274238,0.065770224,0.004544938,-0.019446319,-0.03915598,-0.016267734,0.18134524,0.14378935,0.18930024,-0.09225884,0.08819763,0.080071874,0.1493113,0.08604426,-0.10701368,-0.005750986,0.1427609,0.12905112,0.06761752,0.20722908,0.09892061,0.16223015,0.13496865,-0.15434365,0.06371673,0.22222039,0.24767013,0.18062468,0.29972965,0.31558204,0.029794447,0.15393361,0.18074332,0.21114863,0.063177384,-0.00018297123,0.36234108,0.30115736,0.10587662,-0.1335352,0.29902968,0.31545225,0.008381368,-0.03347329,9.0881156e-05,-0.03339094,0.19801065,0.124262914,0.35474092,0.24723291,0.08918776,0.09029355,-0.01410417,-0.05215218,0.10518198,-0.06702637,0.021070424,-0.043664243,0.060225982,-0.0697918,0.22733673,0.30872172,0.246841,-0.0038889647,0.106226265,0.200581,0.23945905,0.08048596
0.52806056,0.27598515,0.16188952,0.1332681,-0.1063813,0.28045487,0.4708976,0.32116595,-0.0048326585,0.27039644,1.0,0.47507188,0.67906654,0.4069429,0.1078932,0.17979547,0.46835637,0.37363535,0.2441788,0.030045178,-0.17518511,-0.004880153,0.13074559,0.012385063,0.17759289,0.14332758,-0.13838458,0.007809552,0.4445909,0.40058196,0.3103082,0.011792343,0.40215638,0.21780083,0.45199093,0.45181993,0.11090034,0.08126076,-0.011769274,-0.07116361,-0.13480172,-0.0065530334,0.27934203,0.0764036,0.027797442,-0.005297398,0.14182544,-0.16287275,-0.077077016,0.021885,-0.016806865,0.07314283,-0.027013507,0.030837383,0.02501646,-0.10937266,0.4449656,-0.16015069,0.11103425,0.012987532,0.2262573,-0.07150417,0.2897683,0.30530396,0.33419758,0.31526303,0.08718062,0.29217887,0.21993838,0.06460167,0.28574997,-0.040357225,0.21248612,0.48603806,0.26684076,0.19299868,0.41685817,0.3818926,0.23507798,0.26337567,0.6485169,0.39386147,-0.12138103,-0.24351747,0.46028438,0.038453553,-0.08652742,-0.2059656,0.17641284,-0.05865273,0.22610325,-0.05544469,0.09884155,-0.05340801,-0.14572443,-0.04740296,-0.12714984,-0.032438666,0.15101321,0.018968249,0.19842811,-0.026508415,0.21535937,0.063397996,0.030374132,-0.091151334,0.08323672,0.07054002,-0.01726108,0.056480788,-0.2547235,-0.14320298,0.0044600246,0.114998624,-0.014796222,-0.031060625
0.15438004,0.42572337,-0.0680247,0.19349754,0.12741616,0.13896883,0.1293736,0.5883595,0.2826,0.10576442,0.47507188,1.0,0.25994548,0.7523171,0.17210366,0.25916585,0.36796123,0.65957636,-0.039911922,0.08228281,-0.20665304,0.09953515,0.13266796,0.35397866,0.13967168,0.07515195,0.009103155,-0.14753668,0.47586477,0.4936421,0.3200008,0.39788944,0.44680178,0.39115083,0.5836353,0.53540397,0.0922986,0.11104317,0.020474998,-0.046033893,-0.083102085,-0.14141418,0.45339105,0.2583678,0.30929005,-0.14517893,0.19725353,0.03784909,-0.06760615,-0.08620934,-0.3337573,0.13771571,-0.30280972,0.043483775,0.06636666,-0.08234683,-0.01904661,0.11415134,-0.25570503,-0.27000403,-0.09331172,-0.32225677,0.22279564,0.63150394,0.072833605,0.38367125,0.19101244,0.41248614,-0.095998265,0.13455574,-0.024589704,0.19777463,0.36375484,0.32672694,0.18062508,0.19796251,0.35060337,0.34886175,0.3160419,0.38312098,0.63749105,0.5851491,0.041157484,0.13169065,0.14356029,0.1954744,0.048072446,0.070830725,-0.08508852,0.16005011,0.11173942,0.03937574,0.022355495,0.2033341,0.06841689,0.08516716,-0.0035840394,0.08089855,0.20893124,0.0013264536,0.13218558,0.05298879,0.21722838,0.20219973,0.19644797,0.07707086,0.1302116,0.21748935,0.20923933,0.047534086,-0.16120099,-0.15679808,-0.14626722,0.05944309,0.08162513,0.12667863
0.5544429,0.13285375,0.392469,0.15202655,-0.0748238,0.2775789,0.6068603,0.27249092,-0.08696944,0.25544408,0.67906654,0.25994548,1.0,0.36605135,0.10443324,0.18379386,0.4124203,0.28671372,0.4630714,0.10715888,-0.18784185,-0.032354407,0.46309444,0.1376609,0.05426711,0.14019746,-0.17406832,0.13449194,0.37360972,0.3673297,0.45266485,0.15091866,0.4605826,0.24408562,0.37658855,0.4462048,0.01702048,-0.027903281,-0.03218418,-0.08039036,-0.21421778,0.0042721117,0.07777204,-0.08393817,-0.094511405,0.039146774,0.14995377,-0.081526555,-0.12396419,-0.08879007,0.078276806,-0.021037241,0.10518877,-0.050959215,0.009560741,-0.003723754,0.47131687,-0.122614875,0.124024995,0.0645036,0.26340485,-0.03870554,0.17907333,0.08493337,0.29396322,0.100126795,0.08812455,0.23334076,0.30220068,-0.016044097,0.4777654,0.017562652,0.22845757,0.39572373,0.050537612,0.035377324,0.35600728,0.34049344,0.16788223,0.3254954,0.48245844,0.40057796,0.05701916,-0.14230826,0.60899895,0.1614608,0.06435328,-0.19953085,0.3115852,-0.13820124,0.33131397,0.07355541,0.27565682,0.0207096,-0.11946998,-0.086032726,0.027475981,0.038997676,0.25399277,0.163359,0.34723583,0.11859461,0.3699116,0.18763733,0.17329156,0.0025464096,0.218483,0.08176044,-0.033105478,0.14632016,-0.0480545,0.021224806,0.14935194,0.30709687,0.197698,0.10549736
0.031680547,0.39720023,0.028016249,0.28155884,0.27882126,-0.018808225,0.13271478,0.7003319,0.38157675,0.09790862,0.4069429,0.7523171,0.36605135,1.0,0.27266404,0.39164114,0.42585164,0.6770195,0.014215685,0.26913306,-0.16642255,0.20679836,0.3469845,0.5350799,0.036441766,0.03343792,-0.02074836,-0.044509154,0.59086525,0.6162365,0.36127347,0.5114863,0.42057577,0.3580315,0.49974003,0.4987522,0.22560646,0.19208154,0.14200176,0.03408828,-0.00889865,-0.030652773,0.39067322,0.24084212,0.2680767,-0.10401963,0.19203496,0.1286263,-0.040828753,-0.098038375,-0.30083346,0.13895768,-0.28114375,0.012431856,0.16684833,0.076274686,-0.100393854,0.17630313,-0.2663921,-0.19713761,-0.14005162,-0.27831563,0.13471708,0.57056284,-0.01600689,0.40142784,0.18874507,0.4388011,-0.081402175,0.21679473,0.039470527,0.29485512,0.4686868,0.3996482,0.22296299,0.270816,0.49991792,0.48899806,0.31943998,0.5333745,0.64525986,0.7630953,0.16130342,0.24708441,0.27094522,0.41841766,0.081491664,0.16368707,0.05223954,0.21660103,0.112727456,-0.0027569449,0.009264853,0.19768935,0.08326507,0.033530753,0.09729699,0.23993462,0.33576748,0.09856466,0.059759825,0.052992858,0.19826011,0.11961028,0.31077382,0.014526106,0.1734195,0.24035983,0.29782125,0.16607487,-0.009981811,-0.11269367,-0.18824986,0.017229233,0.18254976,0.30460867
-0.025891645,0.43323892,0.010713157,0.11872774,0.35181463,0.120979376,-0.13228731,0.27222037,0.35176334,0.36221987,0.1078932,0.17210366,0.10443324,0.27266404,1.0,0.74967796,0.15701099,0.22133784,0.03458929,0.20286107,0.37621304,0.5341798,0.20433572,0.23803711,0.0415246,-0.04991346,0.005925591,0.13824843,0.5297795,0.36303127,0.0891852,0.019432783,-0.02370574,-0.050152794,0.05729542,0.16355747,0.582446,0.5748497,0.63313305,0.55623984,0.60681903,0.54614496,0.13052045,0.27656063,0.20868915,0.2516418,0.339214,0.39897537,0.07523745,0.1584315,-0.033742823,0.09720363,0.02779647,0.22076166,0.5515243,0.5328239,0.05157676,0.38267562,0.025295239,-0.014084289,-0.0384409,0.14601062,-0.10334823,0.17661205,0.15357226,0.27934998,0.2672518,0.30691358,0.008219734,0.33189505,0.19477983,0.33596617,0.3446116,0.30584756,0.4656212,0.42964995,0.3635276,0.34761894,0.11722282,0.2709305,0.24252288,0.29424754,0.5536901,0.3636351,0.3209291,0.41088915,0.15612194,0.33314916,0.35172105,0.49395978,-0.14664182,-0.23746067,-0.1440355,-0.14513496,0.30014613,0.43788815,0.40521762,0.5254478,0.18704817,0.24584034,-0.25777128,-0.13797575,-0.18131556,-0.20531392,0.114887014,-0.0823035,0.2132923,0.2574525,0.30058202,0.44952884,0.30504274,0.13606475,-0.07645666,-0.15331274,0.12343589,0.119702496
-0.05535245,0.38872063,0.061346572,0.2031949,0.40243882,0.15109374,-0.06119612,0.3526859,0.39862165,0.443859,0.17979547,0.25916585,0.18379386,0.39164114,0.74967796,1.0,0.25012243,0.31048703,0.002275059,0.22653235,0.29474604,0.597411,0.3092243,0.4009986,-0.021772165,-0.035795934,0.03691702,0.22996196,0.53600854,0.43150446,0.15364656,0.14595315,0.08467628,0.057500392,0.16215879,0.2539682,0.6275823,0.67231566,0.56413484,0.57228136,0.5097498,0.52550614,0.15389054,0.25448686,0.12984426,0.16323149,0.31374064,0.37091166,0.039138403,0.05909144,-0.13640727,0.07335361,-0.028380364,0.13624093,0.44509524,0.51070917,0.004278928,0.32707474,-0.0952278,0.06497601,0.031947833,0.0758989,-0.113313854,0.26050022,0.09078141,0.22074242,0.26015267,0.30095732,0.010629748,0.24236874,0.16127588,0.34324044,0.43668875,0.43783018,0.5450468,0.5145844,0.51260036,0.5035454,0.19531792,0.39534467,0.33605763,0.46899208,0.38632846,0.44113952,0.27627227,0.57727885,0.033614933,0.34666085,0.22698484,0.5416982,-0.22579572,-0.30846587,-0.06990745,-0.024687434,0.3594247,0.34461722,0.42419833,0.5096912,0.12362337,0.13000526,-0.23639886,-0.052413046,-0.19786331,-0.2211474,0.11377341,-0.09532906,0.09773416,0.30622098,0.41257188,0.5182473,0.32172018,0.039846092,-0.16804881,-0.1710488,0.13415867,0.113129616
0.1942761,0.19755904,0.16606575,0.19977541,0.110485986,0.08613536,0.30363175,0.33897454,0.13753618,0.047894537,0.46835637,0.36796123,0.4124203,0.42585164,0.15701099,0.25012243,1.0,0.48402658,0.015531584,0.19417493,-0.046436258,0.15497684,0.29505578,0.20024988,-0.099690914,0.096959926,0.005652069,0.18838762,0.6025903,0.44232216,0.13910574,0.15828674,0.2677671,0.31979904,0.47263616,0.42097571,0.37062463,0.16950572,0.24558578,0.119482934,0.10042836,0.17093605,0.09195401,0.030715676,-0.01026233,0.035108007,0.012938044,-0.021016728,-0.019379703,-0.020563273,-0.10419926,0.1131421,-0.022237927,-0.14761408,0.07906005,0.19395937,0.22919683,0.16985144,0.057844557,0.14993604,0.2608289,-0.04896038,0.20386246,0.25799307,0.1880968,0.17842562,0.21271475,0.22828853,0.024586013,0.048527412,0.2738473,0.36877495,0.3422603,0.38742834,0.22465436,0.15654956,0.5139742,0.47185466,0.50110734,0.38080385,0.5023879,0.4918022,0.02397193,0.06315611,0.18786982,0.1781972,-0.13545771,-0.03904429,-0.03303928,-0.064717285,-0.002414658,-0.11986536,-0.0012855048,0.06390573,0.024272023,0.08831073,0.048088185,0.17252952,0.06483191,0.08683771,0.035157327,0.0020566392,0.09553157,-0.041729104,0.24402617,-0.009139358,0.22404017,0.3083413,0.18233433,0.3309649,0.0027069342,-0.08128093,-0.10244743,-0.035621233,0.03355206,0.2325763
0.18660752,0.4009608,0.0062999423,0.24650648,0.21663395,0.10626937,0.16376325,0.49032703,0.31618762,0.13643186,0.37363535,0.65957636,0.28671372,0.6770195,0.22133784,0.31048703,0.48402658,1.0,0.13669617,0.21982923,-0.20374371,0.32844108,0.39907932,0.34514415,0.12895107,0.01936004,-0.036771733,-0.10134482,0.5447481,0.6928739,0.3215177,0.39358667,0.44530177,0.3355782,0.5089092,0.4915172,0.16398677,0.1834643,0.16138597,0.080205314,-0.017883115,-0.039629295,0.3214411,0.107681975,0.23433682,-0.16512813,0.19076325,0.07640586,-0.09249495,0.046123493,-0.24757284,0.14511672,-0.18030971,0.05452972,0.09011638,0.14085531,0.1291838,0.3259906,-0.1285798,-0.1448416,0.050175708,-0.2518716,0.2838834,0.5418516,0.11587763,0.34969014,0.2474582,0.5424464,0.04003238,0.27273446,0.15556286,0.322823,0.4151002,0.419746,0.17063147,0.16584077,0.4578483,0.50741476,0.49960136,0.5641051,0.6290507,0.67208993,0.15542223,0.16524328,0.21018197,0.33266792,0.12562929,0.039297,-0.012675688,0.23181306,0.16659707,0.15620106,0.07030535,0.19525298,0.14943236,0.16570738,0.16132453,0.26003593,0.24565522,0.20311305,0.11114344,0.20920858,0.15543911,0.15326782,0.22135182,-0.036684223,0.23753852,0.27365607,0.18722987,0.25458136,0.21493842,-0.024119573,0.04008201,0.24447972,0.28631878,0.3015692
0.61561126,0.30032438,0.48016348,0.26592082,-0.030957364,0.10462526,0.5095121,0.16289756,-0.03911771,0.0427476,0.2441788,-0.039911922,0.4630714,0.014215685,0.03458929,0.002275059,0.015531584,0.13669617,1.0,0.49682495,0.08797721,0.057418097,0.33467683,-0.028388578,0.07001115,0.060712636,-0.25819722,-0.078824505,0.03020445,0.07785601,0.25648478,-0.04200354,0.47226742,0.28582555,0.12523729,0.24124767,-0.17602435,-0.16258426,-0.08319235,-0.027589446,-0.10025174,-0.17136055,0.20399776,0.064257935,0.09349595,0.1660217,0.32060733,0.1471432,0.031695202,0.18668534,0.24326651,-0.110359594,0.30921328,0.31045687,0.043408737,0.03603968,0.5180933,0.20233889,0.11158016,0.05584784,0.30819243,0.24500552,0.3169656,0.12772395,0.37540513,0.1698131,0.36510888,0.36083505,0.58873886,0.2768805,0.31042558,-0.021636186,0.034691274,0.035143174,-0.18409672,-0.20222212,-0.09744638,-0.051626652,0.051453825,0.15667713,0.12751308,-0.0062056067,0.057857834,-0.21737531,0.39637735,0.015157828,0.030996775,-0.19230132,0.27722687,-0.08479536,0.392882,0.28358445,0.21914476,-0.074276224,0.041990593,0.079038784,0.19186826,0.10864307,0.2765229,0.32239208,0.36328563,0.15280111,0.2413335,0.25237778,0.13730688,-0.004355838,0.07383408,0.12017614,-0.18176532,0.07682851,0.19082192,0.32522565,0.3047503,0.40075788,0.3321917,0.046155404
0.18130964,0.4806392,0.38062707,0.47059256,0.18380035,-0.18657812,0.23270161,0.44858518,0.1719149,-0.10226245,0.030045178,0.08228281,0.10715888,0.26913306,0.20286107,0.22653235,0.19417493,0.21982923,0.49682495,1.0,0.36399102,0.28466448,0.2816018,0.23709273,-0.034643084,0.039818514,-0.19783853,-0.07349688,0.28102028,0.18653406,0.053264905,0.078959115,0.3091898,0.36307773,0.10690356,0.28934544,0.17611387,0.1462481,0.26411316,0.24503379,0.21026517,0.044518743,0.14643404,0.3063499,0.27112588,0.30103683,0.2525036,0.3852421,0.079074234,0.20914087,0.14580709,0.017552968,0.165676,0.39080533,0.21566121,0.3124708,0.17477858,0.46867993,0.05679092,0.032732025,0.19405729,0.25957364,0.14372398,0.34071144,0.3000333,0.38380527,0.43680742,0.38951197,0.32563454,0.36713377,0.047709174,0.1662578,0.16710743,0.120071605,0.028324338,0.060388014,-0.00038776104,0.04864213,0.125064,0.25246125,0.12953854,0.24627697,0.0967904,0.06144179,0.14512825,0.301929,-0.17953607,0.027956685,0.08615864,0.09723343,0.19284938,0.057543054,0.11423477,-0.020242749,0.16893493,0.19301277,0.2844952,0.32528746,0.2941543,0.3693684,0.1052536,-0.016617987,0.015176653,-0.012139373,0.34801424,-0.18236504,0.13214463,0.3673565,-0.03646348,0.207078,0.21386226,0.16305088,0.061050534,0.015943753,0.24556223,0.2126794
-0.023616329,0.23262118,0.17278428,0.117948085,0.118937,-0.10189136,-0.12575674,-0.03854327,0.06373777,-0.041152075,-0.17518511,-0.20665304,-0.18784185,-0.16642255,0.37621304,0.29474604,-0.046436258,-0.20374371,0.08797721,0.36399102,1.0,0.4522284,-0.05509336,-0.034823418,-0.05530813,-0.009061432,-0.048485924,-0.10456914,0.1979734,-0.01626554,-0.116818115,-0.20803761,-0.22191352,-0.1036767,-0.18770523,-0.13401113,0.39025947,0.42779586,0.45691976,0.4574057,0.5763579,0.35143504,-0.07802543,0.21275409,0.072462596,0.39067984,0.08726538,0.2973871,0.18756223,0.20756274,0.26620242,0.047351923,0.20105109,0.30394742,0.2584564,0.2918224,0.040310193,0.3341604,0.14810075,0.087862834,0.06767711,0.37315893,-0.13699618,-0.030910615,0.18374196,0.0822453,0.15326549,0.0005039001,-0.010761497,0.14883856,0.010696699,0.042721394,0.02562503,-0.0020921275,0.2546931,0.2873406,-0.08545246,-0.063781925,-0.074110806,0.051583078,-0.17581767,-0.16723081,0.17979121,0.060303416,-0.008067306,0.12442861,-0.18025556,0.1651924,0.112053126,0.103074715,-0.24411102,-0.19997218,-0.064572796,-0.2349289,0.23276322,0.3799467,0.2875144,0.29252657,-0.066475,0.1378832,-0.19702812,-0.091976136,-0.30629918,-0.2610945,-0.093603574,-0.2754025,0.008823965,0.28967282,-0.08876117,0.35457036,0.12808372,0.022449559,-0.043858025,-0.30163538,-0.02872324,0.051921103
-0.028999405,0.33203185,0.0023103731,0.1360476,0.25971738,0.12921357,-0.124603555,0.107735895,0.27256653,0.17338133,-0.004880153,0.09953515,-0.032354407,0.20679836,0.5341798,0.597411,0.15497684,0.32844108,0.057418097,0.28466448,0.4522284,1.0,0.26501465,0.19615965,-0.11548478,-0.15102862,-0.009604416,0.09369702,0.44632703,0.4724547,0.047481105,-0.0028668726,0.00597365,-0.0341079,-0.037174597,0.0727595,0.50060517,0.57928526,0.5167343,0.4767197,0.5013725,0.42044857,0.05053132,0.17224373,0.110739745,0.22379857,0.22559199,0.28411755,0.040771678,0.12452782,-0.07447533,-0.01242652,0.08155527,0.24012533,0.3350424,0.56921816,0.09384335,0.46612743,0.024066148,0.13166682,0.07390763,0.11349783,-0.088476226,0.20042233,0.12706518,0.26532555,0.23428325,0.3445563,0.05070336,0.32505843,0.1809956,0.3080539,0.3166913,0.33057064,0.40027162,0.38904777,0.3167765,0.40093106,0.20674022,0.31098917,0.17084737,0.2782773,0.3389478,0.3165317,0.08958896,0.4499593,0.0139008565,0.19655302,0.07262491,0.46463487,-0.15769823,-0.037176576,-0.034634713,-0.030711245,0.31875065,0.3461704,0.35804543,0.429986,0.057878472,0.2764004,-0.16467695,0.10406999,-0.2377549,-0.1670303,-0.081492156,-0.31153068,-0.019796146,0.31941107,0.11981351,0.50034046,0.39335844,0.09985441,0.11912185,0.04175193,0.17864425,0.19570838
0.15050766,0.033524983,0.55850255,0.38706172,0.12789969,0.2425714,0.42748,0.29764533,-0.004616197,0.29659376,0.13074559,0.13266796,0.46309444,0.3469845,0.20433572,0.3092243,0.29505578,0.39907932,0.33467683,0.2816018,-0.05509336,0.26501465,1.0,0.54952055,-0.021549737,0.07764462,-0.120496355,0.17619325,0.24993859,0.3626485,0.5741718,0.5085454,0.49071062,0.39694384,0.30914342,0.4481605,0.11722567,0.10664358,0.21097124,0.18257451,-0.10603494,0.13404766,0.029605487,-0.010335226,0.0998031,0.06119938,0.2487692,0.27808332,-0.1540278,-0.079075515,-0.035513803,-0.053168982,0.13467868,-0.018691154,0.19010802,0.33049574,0.15152381,0.17291997,-0.08810996,-0.12226651,0.19284683,-0.14022374,-0.027281526,0.08212205,0.036671136,0.025591906,0.24984652,0.3541119,0.10424989,0.19901812,0.42136347,0.2076335,0.18906035,0.21919514,-0.09661017,-0.061786946,0.23722017,0.23528844,0.15194158,0.36141214,0.2660307,0.41641822,0.33323124,0.31209052,0.40760487,0.35914087,0.29795563,-0.04202071,0.20513491,0.15093799,0.32995018,0.27381244,0.28623128,0.20570134,0.24731746,0.15228422,0.45579022,0.38042602,0.4222868,0.4483482,0.3921296,0.1988179,0.41799602,0.27835676,0.38383013,0.09787602,0.16421993,0.14792083,0.10885728,0.3616455,0.4026448,0.23997158,0.2871634,0.4235264,0.5173977,0.35482624
-0.2719729,0.20473869,0.28773677,0.3510337,0.2642355,-0.10004847,0.05161156,0.53024745,0.19190158,0.020394165,0.012385063,0.35397866,0.1376609,0.5350799,0.23803711,0.4009986,0.20024988,0.34514415,-0.028388578,0.23709273,-0.034823418,0.19615965,0.54952055,1.0,0.058546644,0.1007689,0.10619706,0.11921272,0.24883111,0.23669273,0.41188452,0.64684445,0.35997474,0.42983454,0.307744,0.27473325,0.21087375,0.20905967,0.1758365,0.15433565,-0.0022532193,0.012757979,0.09755452,0.02093769,0.23637867,-0.12087942,0.036620874,0.16009612,-0.041919254,-0.29252374,-0.28435415,0.0177508,-0.17090958,-0.110701755,0.17629705,0.20313701,-0.3267247,0.21245441,-0.4699285,-0.3079301,-0.16374843,-0.31346965,-0.15407725,0.25511447,-0.2736292,-0.024379864,0.08531843,0.115558356,-0.19573621,0.07500425,0.044786405,0.3810518,0.4001022,0.1783626,0.103336096,0.1583312,0.21930018,0.1488916,0.063621715,0.32026023,0.26796675,0.5080536,0.2850568,0.61860216,0.052396983,0.3945522,0.20158607,0.350803,-0.055674016,0.1864718,-0.0077579683,-0.0022318868,0.22837628,0.21994321,0.16224042,0.11096821,0.27095988,0.27478015,0.24558344,0.18547085,0.10457858,0.10311702,0.16332729,0.15403126,0.38812584,0.12665011,0.045736536,0.28241166,0.28544334,0.17441915,0.13333537,-0.02528552,-0.14905916,-0.013323416,0.25278765,0.28896987
0.10089643,0.09297166,0.07626403,-0.007440052,-0.22598973,0.041494485,0.03127554,0.028791942,-0.19142783,-0.04185553,0.17759289,0.13967168,0.05426711,0.036441766,0.0415246,-0.021772165,-0.099690914,0.12895107,0.07001115,-0.034643084,-0.05530813,-0.11548478,-0.021549737,0.058546644,1.0,0.2326068,-0.12959404,-0.23052849,0.034201175,0.10962366,0.15031263,0.07676088,0.15882578,0.19217525,0.19666156,0.051819526,-0.30217886,-0.15513726,-0.14756078,-0.1368322,-0.2133466,-0.19052143,0.099017054,-0.11746749,0.13952705,-0.22495037,0.02058357,-0.10209879,-0.04678216,-0.023890324,0.059678316,0.1327023,0.02498944,0.17261659,-0.030292438,-0.14854683,0.03702653,-0.10890725,-0.15293182,-0.3578185,-0.040841475,-0.0970276,0.034437478,0.058212746,0.10343131,-0.0020365017,-0.050440878,0.06802711,-0.12807937,0.021847071,0.03754142,-0.06035391,0.011099796,0.10980722,-0.018035797,-0.042122696,-0.15959029,-0.1746948,-0.048491277,0.05259752,0.11720108,0.0010035349,0.07084686,-0.056115586,0.08766627,-0.1523458,0.19100899,-0.06183916,0.02588099,-0.086221546,0.19118825,0.109261915,0.10374485,0.0074406206,-0.10796728,-0.0033989714,-0.15789844,-0.13264267,0.100605555,0.07255593,0.18852359,0.11375419,0.0696451,0.113452785,0.0667702,-0.025389392,-0.007051293,-0.06612589,-0.15694457,-0.23014912,-0.15694405,-0.08438252,0.09265195,0.028688623,-0.008914478,-0.16778646
0.032075766,-0.00848865,0.15905125,0.024884766,-0.0990856,0.10646918,0.079700075,0.0052150814,-0.16058299,-0.053832944,0.14332758,0.07515195,0.14019746,0.03343792,-0.04991346,-0.035795934,0.096959926,0.01936004,0.060712636,0.039818514,-0.009061432,-0.15102862,0.07764462,0.1007689,0.2326068,1.0,-0.056322496,-0.046663906,0.04113205,-0.08019484,0.1288854,0.16203511,0.12014789,0.12277356,0.13980736,0.21459647,-0.0995935,-0.055967964,-0.0009454962,-0.033870183,-0.15170014,-0.17200534,0.075484134,0.019849224,0.040772863,-0.11629237,0.08364604,0.013541492,-0.14722158,-0.11783325,-0.019854909,-0.049177755,-0.08492293,0.0027138367,0.011391204,-0.06912567,0.000640021,-0.11027361,-0.14949013,-0.16940244,-0.033611063,-0.070802584,-0.08158954,0.0022944293,0.015878625,-0.059327777,-0.032359183,-0.0884461,0.012967246,-0.10214217,-0.015756616,0.0014793177,-0.053677324,-0.037646014,-0.15170437,-0.1046942,-0.092500724,-0.14392824,0.016814526,-0.01689664,0.14421803,0.003663679,0.03589263,0.054823168,0.07697942,-0.07142019,0.18197231,-0.051683847,0.03508759,-0.13771479,0.18027933,0.121347606,0.1759298,-0.0030476355,-0.04107747,0.023304913,0.06910904,-0.071927354,0.04055437,0.05676443,0.25306424,0.07451692,0.10250379,0.148942,0.13509174,0.11254957,0.009075489,0.09118222,0.057664007,-0.077298686,-0.1450192,-0.01627568,0.068296626,0.12356615,0.022565415,-0.06842215
-0.27700108,-0.21078323,-0.28793776,-0.20594585,0.36466065,0.094823,-0.271151,-0.07769305,0.36479002,0.10529893,-0.13838458,0.009103155,-0.17406832,-0.02074836,0.005925591,0.03691702,0.005652069,-0.036771733,-0.25819722,-0.19783853,-0.048485924,-0.009604416,-0.120496355,0.10619706,-0.12959404,-0.056322496,1.0,0.21328147,-0.05095847,-0.10292937,-0.09204955,0.05750336,-0.12682317,-0.03952849,0.040236857,-0.06274307,0.20516568,0.15280469,0.049695816,0.021671463,0.09986502,0.11592121,-0.0027715925,-0.06971225,0.0066756504,-0.13217711,-0.10029232,-0.037967455,0.118647754,-0.18503083,-0.21468483,-0.00041803552,-0.2997217,-0.19770882,-0.03758808,-0.08315369,-0.38372466,-0.12674093,-0.19886532,0.038238686,-0.2903009,-0.12527426,-0.175992,0.030780537,-0.3005491,-0.16176878,-0.14993638,-0.17425594,-0.29137114,-0.13897532,-0.26550096,0.09140059,0.21698679,-0.034569193,0.13836001,0.08145638,0.15044583,0.11273422,0.1534888,0.069843136,-0.013937261,-0.010608982,-0.09905503,0.24991962,-0.3244432,0.0023555604,-0.101490915,0.07400108,-0.1465273,0.080915995,-0.3705409,-0.14982197,-0.13205451,0.070511624,0.16372424,-0.025746485,0.086932674,-0.030557832,-0.38967088,-0.29308644,-0.30147627,-0.020173993,-0.19361374,-0.023760041,-0.14246902,0.11028502,-0.14343022,0.052944172,0.32168174,0.06969789,0.052971303,-0.18207695,-0.32149613,-0.21602893,-0.042461384,0.0061589526
-0.06247346,-0.041210584,-0.028068008,-0.11630741,0.12101706,0.12742642,0.08729954,-0.10283707,0.06923508,0.17372397,0.007809552,-0.14753668,0.13449194,-0.044509154,0.13824843,0.22996196,0.18838762,-0.10134482,-0.078824505,-0.07349688,-0.10456914,0.09369702,0.17619325,0.11921272,-0.23052849,-0.046663906,0.21328147,1.0,0.03857999,-0.04974893,-0.17887759,0.045771584,0.046054587,0.08681096,-0.22167741,-0.12891585,0.2157643,0.16785559,0.058071952,0.1651268,0.050152637,0.24257416,-0.17466564,-0.07053426,-0.1969385,0.09989804,0.06252422,-0.014626686,-0.04499831,-0.29882142,-0.29083437,-0.1995822,0.14638063,-0.19036439,0.123411134,0.33683792,-0.013576121,-0.051994674,0.0624817,0.33811787,0.08567483,-0.05782019,-0.09871739,-0.15791777,-0.12167094,-0.12410715,0.07775417,-0.212795,0.17196679,0.024584472,0.24840207,0.30427545,0.050623104,-0.009917179,0.052112304,-0.11013836,0.25549823,0.14338253,-0.069522694,-0.061036903,0.096123725,0.08651121,0.1456656,0.27148762,0.0029552134,0.05992764,-0.039164163,0.02314823,-0.060148522,0.11144095,-0.12336579,-0.15900865,0.13406771,0.15546791,-0.035129044,-0.20762286,0.04906089,0.08050907,-0.089523554,-0.07688055,-0.057011645,-0.1497393,-0.008855324,-0.008960621,0.106756836,0.26605538,-0.0512936,0.09160869,0.34643093,0.17329891,0.019302296,0.1284988,-0.107396565,-0.058045793,0.0543054,-0.11259346
0.13820395,0.42118946,0.05620998,0.20653248,0.22223663,0.109529614,0.06585629,0.4147284,0.29904145,0.11334978,0.4445909,0.47586477,0.37360972,0.59086525,0.5297795,0.53600854,0.6025903,0.5447481,0.03020445,0.28102028,0.1979734,0.44632703,0.24993859,0.24883111,0.034201175,0.04113205,-0.05095847,0.03857999,1.0,0.7087751,0.16019782,0.120048985,0.15343973,0.109739184,0.32438704,0.39233157,0.48017296,0.46054757,0.4583994,0.39116532,0.3492002,0.2861869,0.15289846,0.23117904,0.21363097,0.11806566,0.16936609,0.17461768,0.042777665,0.112533204,-0.07103812,0.193327,-0.11916688,0.099442765,0.27297124,0.29717228,0.14144337,0.23587228,0.058085952,0.04243472,0.085946344,-0.027051862,0.1406919,0.34664395,0.24751751,0.3546651,0.20357317,0.386824,-0.03162666,0.2462616,0.32450157,0.43663675,0.5520418,0.5589018,0.4667727,0.48087978,0.61768186,0.63215077,0.4391737,0.5542808,0.6264588,0.604473,0.31383574,0.25173116,0.28276816,0.45180476,0.027910616,0.24266155,0.10014501,0.31147882,-0.08494896,-0.1698199,-0.080986746,-0.062388174,0.13944434,0.24716698,0.14003652,0.30739713,0.09359672,0.108754024,-0.13095054,0.10154025,-0.10763168,-0.14663301,0.09263488,-0.2183733,0.16101262,0.30569172,0.26050097,0.40986758,0.03915243,-0.14425042,-0.14103463,-0.122973025,0.06400323,0.24918391
0.1841116,0.30607215,0.059895694,0.22653267,0.1580739,0.15980288,0.12932128,0.37873948,0.23317885,0.17271017,0.40058196,0.4936421,0.3673297,0.6162365,0.36303127,0.43150446,0.44232216,0.6928739,0.07785601,0.18653406,-0.01626554,0.4724547,0.3626485,0.23669273,0.10962366,-0.08019484,-0.10292937,-0.04974893,0.7087751,1.0,0.3136433,0.18793224,0.25847575,0.085510805,0.35734546,0.43633226,0.29322425,0.3347885,0.30513757,0.21566552,0.08956209,0.1194374,0.17629397,0.18708923,0.24156667,0.025445927,0.23878136,0.20292321,-0.028473133,0.19210076,-0.036315136,0.1903759,-0.065004155,0.17453723,0.2068069,0.25147188,0.2045729,0.19473466,0.09522971,-0.009450633,0.165344,-0.055520616,0.20862123,0.37016806,0.20345175,0.35554087,0.19977656,0.53054625,0.03805382,0.3037725,0.38170952,0.3078793,0.4774791,0.63840216,0.37759674,0.44082344,0.6075984,0.69026285,0.42250308,0.62907404,0.60621655,0.6954679,0.21233316,0.14856404,0.37550798,0.5137411,0.12930898,0.07182644,0.12851572,0.38001016,0.11449705,0.04777335,0.0055799684,0.09210033,0.14719543,0.15863094,0.1519146,0.21802062,0.20727554,0.1845315,-0.002799231,0.23001711,0.07827987,0.030824352,0.082544364,-0.1795452,0.12620571,0.17977542,0.15434796,0.35227498,0.14961138,-0.060985602,0.0318538,0.12293972,0.18914577,0.21224521
