1.0,0.7075691,0.46276027,0.61657065,-0.32220668,-0.052086,0.6218687,0.71641994,-0.27664983,0.06425939,0.47901466,0.6991501,0.33142534,0.4054027,-0.05699179,0.05182875,0.13693331,0.2655699,0.6917771,0.7747492,-0.42607364,-0.3728117,0.37028754,-0.09747853,-0.34976998,-0.5352821,0.26704788,-0.07367861,0.100092515,0.26996925,0.5973659,0.39572746,0.6584546,0.5422061,0.32464603,0.010709371,-0.24919116,-0.22239074,-0.14347321,-0.11768731,-0.4697177,-0.3841223,0.35953274,0.5265429,0.52093714,0.43711352,0.57935303,0.50104284,0.32625186,0.35133055,0.5671681,0.5715857,0.5530324,0.1522378,0.01202554,0.23155266,0.8717779,0.5343044,0.013478453,0.37295482,0.71713835,0.30105373,0.8436467,0.28259832,0.48955685,0.41631916,0.35858843,0.50757545,0.23997076,0.5834818,0.40417734,-0.022125887,-0.30293965,0.068002306,-0.4287014,-0.38670126,-0.10440737,0.053522468,0.1512766,0.0005837217,0.14760599,0.39462847,-0.16615818,-0.07734783,0.3094143,0.48540568,-0.26240852,-0.3183429,-0.37571505,0.51523376,0.3828931,-0.03400232,0.5379923,-0.21586084,0.15108144,0.078990474,0.2628073,0.15386699,0.25346777,0.40010205,0.35366383,-0.1271988,0.41196907,0.47088054,0.14840862,0.0075306636,0.022814326,0.3168567,0.056567844,0.34394354,0.38856915,0.44487235,0.12997864,0.29164243,0.18907711,-0.09182661
0.7075691,1.0,0.032722335,0.3592864,-0.5588588,-0.28354132,0.25831473,0.4287506,-0.5968636,-0.30620998,0.26654506,0.60892606,-0.011207901,0.13018198,-0.4314119,-0.1390414,-0.07186292,0.11829354,0.7224157,0.68536144,-0.71228355,-0.6646357,0.12763257,-0.31477964,-0.63672215,-0.6240777,-0.2076708,-0.27074465,-0.24228562,-0.028469635,0.20466578,-0.029198116,0.5812414,0.3731479,0.32523423,0.046223443,-0.4385423,-0.39100167,-0.18749103,-0.102889605,-0.58489203,-0.5806548,0.5199034,0.84104604,0.8014527,0.6968584,0.5883626,0.720767,0.6933339,0.5189377,0.7897557,0.65206796,0.392845,0.15190034,0.068787426,0.4490258,0.70757765,0.7785881,0.36796942,0.3442343,0.766993,0.38966087,0.78154624,0.6779252,0.6553104,0.7018381,0.74940574,0.81470174,0.4924716,0.5317825,-0.050129667,-0.3897471,-0.71724766,-0.20696756,-0.8022272,-0.5799007,-0.3735325,-0.2386913,-0.08204768,-0.050663896,-0.26987952,0.5107394,-0.20218782,0.041563153,-0.01831053,0.6149027,-0.12550838,-0.14726049,-0.28278598,0.4385712,0.66479486,0.23302631,0.6585643,-0.060822815,0.2002677,0.2226022,0.32671472,0.25247246,0.49481544,0.6665093,0.65050256,-0.527726,0.7141581,0.6807687,0.51940703,0.39857212,0.44143143,0.5814711,0.20081837,0.41681892,0.5988174,0.71211094,0.36961564,0.6129277,0.48889816,0.20585681
0.46276027,0.032722335,1.0,0.6519684,0.17305426,0.29233468,0.74512637,0.5273224,0.28521267,0.47379917,0.28045833,0.2327103,0.43284765,0.34585398,0.3278584,0.14976005,0.19183034,0.19558915,0.2887176,0.41756272,0.1520465,0.03188131,0.78110474,0.57385135,0.09464782,-0.13237582,0.6065476,0.19073878,0.3817487,0.24929914,0.6638503,0.7156481,0.45092586,0.5072075,0.18064223,-0.04352315,0.017684368,-0.057723176,-0.10759182,-0.2312625,-0.1835863,0.04415991,0.18899031,-0.20796356,-0.116391696,0.0008024253,0.14999577,-0.11552471,-0.2386493,-0.15081328,-0.08504132,0.109272875,0.2386324,0.069689,-0.23895018,-0.3333642,0.3311749,0.02312527,-0.50136626,-0.10469251,0.05804327,-0.005942346,0.22893617,-0.09135369,-0.19934832,-0.122675054,-0.2760949,-0.20008355,-0.34071177,0.16048421,0.63085544,0.34607047,0.32406673,0.13133313,0.24317703,-0.031293016,0.21948951,0.17954934,0.25464144,-0.11868466,0.40738374,-0.029156648,0.0364429,-0.017513018,0.19871467,0.058003135,-0.260293,-0.2158819,-0.29734245,0.14992973,-0.26853812,-0.39794227,-0.056647234,-0.37988603,-0.044755496,-0.26125833,-0.1272083,-0.31793544,-0.318424,-0.34998223,-0.13349901,0.46185562,-0.12380541,0.10280451,-0.43790984,-0.3458617,-0.5200495,-0.3240882,-0.13598596,-0.004045376,-0.12166039,-0.23311757,-0.36313698,-0.3766163,-0.35368282,-0.3757428
0.61657065,0.3592864,0.6519684,1.0,-0.3130936,-0.19393389,0.86678815,0.8379152,-0.07665045,0.10149592,0.63281214,0.61531377,0.5940416,0.59945786,-0.16266479,-0.19029231,0.42730573,0.47505778,0.37154898,0.58665615,-0.1125798,-0.30781046,0.7345984,0.55288297,-0.35719937,-0.50109005,0.4081386,-0.19784601,0.41524115,0.33919773,0.7325174,0.7214069,0.7193479,0.7833728,0.60194683,0.4004267,-0.3147537,-0.31753016,-0.4129119,-0.44659004,-0.4684916,-0.28907558,0.4272127,0.26464337,0.10192281,0.2640418,0.55540025,0.3208758,-0.07094798,0.0803214,0.16442811,0.4823216,0.2702619,0.28944603,-0.4364456,-0.21302144,0.6088376,0.3233033,-0.46358615,0.042612296,0.23912111,0.013908468,0.54988205,0.11253101,-0.068075,0.012741814,0.002078098,0.2187109,-0.2786366,0.10149481,0.6897004,0.37762251,0.032332033,0.19554771,-0.15785685,-0.07999137,0.26576656,0.3262112,0.45847508,0.17016107,0.3251561,0.45598555,-0.4586039,-0.30233452,-0.03604195,0.53236014,-0.6010419,-0.53125066,-0.735449,0.4257524,0.084363006,-0.1075312,0.32085365,-0.1929129,-0.16065569,-0.33158824,-0.08828815,-0.1849968,-0.08755812,0.039678097,-0.03544777,0.14568223,0.062359937,0.3129828,-0.130951,0.021257492,-0.29089165,0.17638089,-0.25346857,0.2002388,0.22443187,0.23865719,-0.28321353,-0.1393501,-0.19091941,-0.37731507
-0.32220668,-0.5588588,0.17305426,-0.3130936,1.0,0.56439424,-0.22641249,-0.3673257,0.69565743,0.4830489,-0.39396477,-0.5222456,-0.20810032,-0.26698568,0.6874261,0.5767457,-0.19340734,-0.32496917,-0.26570487,-0.32242826,0.4702876,0.50029296,-0.035831776,0.17276402,0.63523746,0.57414824,0.4510339,0.55984014,0.0453474,-0.08119794,-0.12194054,0.0054356107,-0.5309495,-0.4457839,-0.4757389,-0.41181827,0.61515135,0.5660446,0.52602524,0.51105493,0.72082764,0.64434475,-0.45812005,-0.56029624,-0.45290568,-0.4688983,-0.4629947,-0.42732054,-0.3810447,-0.4037505,-0.4983591,-0.47717908,-0.29501542,-0.24075563,0.40852758,0.05794203,-0.4527185,-0.35539314,0.09791529,-0.18015614,-0.3986633,-0.10673043,-0.5576533,-0.4073697,-0.16855572,-0.4092638,-0.4788367,-0.49463034,0.017477011,-0.06486714,-0.10423745,0.035234496,0.4613723,0.040777285,0.57368654,0.24395916,0.029297108,-0.0477609,-0.18582991,-0.21070683,0.15100783,-0.5552045,0.5919738,0.41605642,0.22733603,-0.36381164,0.4405785,0.4280005,0.51852447,-0.22195244,-0.37634897,-0.29550812,-0.57508504,-0.004035738,0.33884007,0.23582059,0.18789357,0.083420984,-0.048003007,-0.34080377,-0.37450317,0.35791704,-0.41614524,-0.3764147,-0.26420128,-0.3467115,-0.16315635,-0.5502605,0.33172238,-0.19101155,-0.24164286,-0.5007357,-0.10539803,-0.33373785,-0.23181447,0.071649
-0.052086,-0.28354132,0.29233468,-0.19393389,0.56439424,1.0,-0.12273851,-0.18313321,0.43070024,0.746702,-0.3616337,-0.37635592,-0.21985516,-0.24516991,0.71174777,0.65202767,-0.16898309,-0.18170622,-0.010161575,-0.08076695,0.29897195,0.45366448,-0.022786157,0.07313082,0.5518611,0.5290902,0.34430215,0.7879727,-0.019858662,0.025300855,-0.17368169,-0.0512173,-0.17140748,-0.21101579,-0.40503094,-0.5107615,0.6135516,0.5894595,0.628808,0.5452997,0.46343648,0.52613056,-0.2134881,-0.37897867,-0.25814667,-0.36581647,-0.20734237,-0.22739446,-0.13161376,-0.34211197,-0.30395564,-0.37272778,-0.10847467,-0.38221753,0.5181175,0.18527222,-0.17540506,-0.22134939,0.09746486,-0.10048891,-0.12946473,0.043652136,-0.18213575,-0.18681392,-0.11639991,-0.25233817,-0.21269163,-0.25762576,-0.041546002,0.10558789,-0.112937056,-0.058709323,0.28498366,0.033744834,0.44304004,0.07940521,-0.019791743,-0.063617684,-0.1587511,-0.16649435,0.25131443,-0.39254388,0.53040314,0.3300492,0.4333034,-0.42161122,0.25997698,0.27092022,0.44535092,-0.037151873,-0.16311482,-0.3511489,-0.27095845,0.03619243,0.4345777,0.34396747,0.33515143,0.2546218,0.10511041,-0.14780886,-0.1928804,0.28408894,-0.19300483,-0.2998754,-0.1385578,-0.23534752,-0.097668335,-0.34491384,0.35382798,0.085890904,-0.059319288,-0.2634183,0.10181894,-0.086405635,-0.045893133,0.12167645
0.6218687,0.25831473,0.74512637,0.86678815,-0.22641249,-0.12273851,1.0,0.83318037,-0.018694352,0.18988073,0.71385074,0.66407824,0.7150559,0.6893756,-0.04916639,-0.20434575,0.5188725,0.56263113,0.26544064,0.48200274,-0.02141838,-0.18715283,0.7610188,0.52200323,-0.27992457,-0.4523095,0.48320252,-0.17722012,0.5210968,0.43650946,0.805079,0.80846983,0.7375698,0.82378584,0.58737975,0.3619895,-0.2537936,-0.29997593,-0.40648478,-0.466387,-0.45352915,-0.2407679,0.35340744,0.08357378,-0.013831508,0.23474279,0.4239822,0.13361879,-0.21851484,0.020669872,0.082131214,0.4016974,0.3689151,0.32804126,-0.48616052,-0.33267426,0.6109231,0.21167973,-0.5895977,0.036846448,0.1825904,-0.0871799,0.5209518,0.05078175,-0.13746664,-0.034653928,-0.17627804,0.04651111,-0.37051427,0.08671965,0.77350694,0.5025854,0.15003002,0.27405027,-0.055088144,0.0029309853,0.3540755,0.39487115,0.5527382,0.21105054,0.4645065,0.40677032,-0.44539228,-0.397483,0.042208675,0.36783165,-0.6129358,-0.5715539,-0.6766075,0.3935864,-0.050187994,-0.1317033,0.2976802,-0.23637524,-0.28167856,-0.41568983,-0.2147907,-0.3100905,-0.24449757,-0.11861988,-0.1216549,0.2430592,-0.0727184,0.20821068,-0.35307416,-0.14449444,-0.46466768,0.010866006,-0.37991798,0.060813777,-0.006838921,0.10274672,-0.32905844,-0.27332312,-0.35552087,-0.53974944
0.71641994,0.4287506,0.5273224,0.8379152,-0.3673257,-0.18313321,0.83318037,1.0,-0.11827289,0.14094034,0.78975296,0.79547286,0.70193624,0.72092134,-0.13018474,-0.2005993,0.5519321,0.60355604,0.30928707,0.5055618,-0.12261126,-0.20987053,0.57125205,0.3318072,-0.4073113,-0.567771,0.40996826,-0.17123765,0.4727836,0.48820934,0.7254463,0.6791306,0.78680575,0.8272412,0.6023554,0.4118858,-0.24108829,-0.24352731,-0.36091694,-0.35124734,-0.43526256,-0.28584552,0.32830012,0.30731654,0.13137566,0.30089217,0.60707027,0.3520568,-0.06992055,0.22907954,0.24430284,0.53419673,0.40065292,0.3634586,-0.35318446,-0.11696826,0.7674948,0.2791573,-0.39358667,0.21130343,0.3157477,-0.055012036,0.6713959,0.118521094,0.050332066,0.041638855,0.0141480155,0.25390658,-0.207208,0.10478991,0.68279904,0.4227111,0.0062025418,0.3152842,-0.21110386,-0.02360389,0.3154879,0.40844497,0.5436783,0.32892576,0.43869936,0.5778674,-0.5478089,-0.43458578,0.1862827,0.51209414,-0.6545338,-0.6479152,-0.71621394,0.5001768,0.21134788,-0.044596255,0.5301276,-0.07832609,-0.19251646,-0.229972,-0.00387988,-0.06170119,0.016343327,0.179912,-0.014722467,0.10247266,0.08631494,0.33921784,-0.070955396,0.0478717,-0.24222143,0.23101163,-0.30522725,0.27949664,0.21986108,0.35835734,-0.1747719,-0.049799256,-0.17375353,-0.4538184
-0.27664983,-0.5968636,0.28521267,-0.07665045,0.69565743,0.43070024,-0.018694352,-0.11827289,1.0,0.5663635,-0.15134574,-0.35433158,0.08607095,0.06745365,0.7056421,0.55315113,0.12828039,-0.05625031,-0.35652936,-0.31633812,0.5823808,0.6227642,0.18462388,0.40964484,0.59741855,0.39922637,0.56041324,0.4031305,0.37022087,0.24572578,0.11256201,0.29693532,-0.4212965,-0.28322476,-0.29811564,-0.2003358,0.72825915,0.6845959,0.465921,0.42274082,0.6658174,0.61671865,-0.45048377,-0.6437835,-0.6722502,-0.63024217,-0.2531055,-0.35227013,-0.60021585,-0.38607907,-0.64252543,-0.59072566,-0.14915675,-0.10983969,0.25918853,-0.10253109,-0.287323,-0.59405696,-0.21607167,-0.039054554,-0.48749343,-0.08198865,-0.5022582,-0.52956825,-0.41548952,-0.61509925,-0.6757532,-0.6313737,-0.37698162,-0.23582534,0.24431029,0.37656772,0.6894424,0.31622976,0.7418633,0.41435137,0.41940328,0.34632346,0.08958751,-0.0031035857,0.39800313,-0.35442427,0.24211805,0.16426946,0.26196975,-0.32966238,0.079597004,0.068110846,0.15129407,-0.21412627,-0.44948435,-0.26903862,-0.49855536,0.08728997,0.22925991,0.16801041,0.17729652,0.12838955,-0.14658694,-0.3930208,-0.60516584,0.569085,-0.64565057,-0.39545608,-0.39070708,-0.39587742,-0.39653984,-0.57313436,0.15015587,0.06861775,-0.2027439,-0.464264,-0.2532797,-0.55626565,-0.45554045,-0.078855135
0.06425939,-0.30620998,0.47379917,0.10149592,0.4830489,0.746702,0.18988073,0.14094034,0.5663635,1.0,0.032931414,-0.07601866,0.2313646,0.19528918,0.7822633,0.5735495,0.24434283,0.16104916,-0.06719098,-0.035791855,0.4047397,0.5074762,0.2606791,0.33415,0.45906138,0.28685522,0.5457667,0.7199687,0.42437235,0.40346932,0.15841976,0.3216891,0.044891022,0.07614778,-0.1681796,-0.24249113,0.6102217,0.57018477,0.40980852,0.3259346,0.41641325,0.6208059,-0.21820435,-0.4722023,-0.46805912,-0.40277702,-0.03432875,-0.2299614,-0.439381,-0.366052,-0.43872103,-0.38239056,0.0059787766,-0.12998165,0.2503321,-0.0405427,0.04971061,-0.35477075,-0.1956531,-0.08263702,-0.20153406,0.0001551846,-0.099809706,-0.33163056,-0.3024614,-0.37008777,-0.44856298,-0.37292698,-0.3058577,-0.035333585,0.3357592,0.37243515,0.54015267,0.3575451,0.58291245,0.33360147,0.3297177,0.27523723,0.19261536,0.090963885,0.5958826,-0.14995563,0.23040026,0.054177944,0.47343302,-0.23502605,-0.090606615,-0.038851418,0.07868993,0.12671927,-0.21672963,-0.27453405,-0.12862387,0.113249235,0.16241081,0.064190686,0.1772757,0.12806118,-0.05973076,-0.223534,-0.37193796,0.49634245,-0.37307024,-0.25710315,-0.33707672,-0.34323525,-0.3352812,-0.42066872,0.028038817,0.14084339,-0.12365168,-0.2733429,-0.09719854,-0.33691075,-0.32434592,-0.20265149
0.47901466,0.26654506,0.28045833,0.63281214,-0.39396477,-0.3616337,0.71385074,0.78975296,-0.15134574,0.032931414,1.0,0.83366305,0.8368925,0.8710406,-0.17979111,-0.3456854,0.78806794,0.8188857,0.070968196,0.26898545,0.009045166,-0.106611796,0.3980543,0.2714464,-0.40722734,-0.5603082,0.30316237,-0.33105248,0.6465552,0.6536922,0.5832105,0.5955814,0.68500614,0.75404954,0.69970715,0.62563545,-0.20204268,-0.21585453,-0.46997568,-0.42703447,-0.36380178,-0.21885197,0.27116,0.19550171,-0.08179432,0.28534395,0.5233031,0.26263604,-0.21260843,0.05866633,0.09797236,0.42640993,0.36236146,0.4655513,-0.4707981,-0.20664507,0.64444906,0.15312155,-0.41858438,0.20380054,0.12639697,-0.21279253,0.5202187,0.068459645,-0.07687936,-0.04341413,-0.118757285,0.15932362,-0.26117888,-0.04457357,0.6571974,0.61410344,0.12995702,0.5432925,-0.13071188,0.24221727,0.51871634,0.60987943,0.7359173,0.60800076,0.57235163,0.72348994,-0.72468364,-0.6323175,0.1096518,0.41229478,-0.74055874,-0.7539919,-0.70370436,0.4996996,0.20610431,0.17674328,0.5526656,0.064900704,-0.42799798,-0.39488196,-0.18576887,-0.15820372,-0.07584603,0.12980993,-0.17348652,0.06365531,-0.122532725,0.17504624,-0.1717381,0.12279358,-0.2595708,0.2385667,-0.53060985,0.18847692,0.078715466,0.34774688,-0.09533227,-0.13230747,-0.29548287,-0.5826784
0.6991501,0.60892606,0.2327103,0.61531377,-0.5222456,-0.37635592,0.66407824,0.79547286,-0.35433158,-0.07601866,0.83366305,1.0,0.63951635,0.7413931,-0.28739035,-0.3107713,0.59161276,0.6823048,0.34651625,0.48570353,-0.29803377,-0.30356532,0.37025285,0.03792205,-0.5631617,-0.6807427,0.1512375,-0.35520744,0.4098258,0.5320997,0.5568792,0.46074274,0.7931404,0.7512396,0.6578917,0.4863485,-0.3160461,-0.31727013,-0.40932363,-0.34893692,-0.49790257,-0.42357028,0.39350796,0.49304175,0.2779366,0.5369537,0.67732763,0.50313777,0.11291546,0.3022586,0.39980513,0.5730951,0.44786927,0.4473411,-0.30488157,0.048581704,0.83826154,0.42410344,-0.1790672,0.3488433,0.47380066,-0.0052422457,0.7431472,0.3205748,0.2434964,0.2921023,0.19587286,0.45331246,0.0047966694,0.19929941,0.4930706,0.32520846,-0.18605796,0.36669347,-0.42682496,-0.039585333,0.2596677,0.38036475,0.5315255,0.45833737,0.31182632,0.7515411,-0.6353837,-0.51536393,0.08802054,0.5349987,-0.62691426,-0.644131,-0.6649833,0.58097064,0.44747174,0.2628513,0.72056174,0.019561857,-0.20317645,-0.18046035,0.036749452,0.020994995,0.16121447,0.4022951,0.14472225,-0.12824382,0.22463124,0.3893916,0.10255557,0.21865517,0.0133110685,0.42669374,-0.2975819,0.3503121,0.32931075,0.57075095,0.11642715,0.18196228,-0.011877876,-0.38958383
0.33142534,-0.011207901,0.43284765,0.5940416,-0.20810032,-0.21985516,0.7150559,0.70193624,0.08607095,0.2313646,0.8368925,0.63951635,1.0,0.889793,0.07089631,-0.20779374,0.81596285,0.7930294,-0.010659611,0.1872941,0.2321504,0.07279255,0.50415754,0.37440196,-0.17011654,-0.38669717,0.46723843,-0.23136888,0.82355154,0.7670973,0.64440656,0.71928656,0.56690603,0.6673158,0.5958043,0.6013665,-0.07439444,-0.11301707,-0.4669258,-0.48482862,-0.22248033,-0.039128974,0.16521116,-0.12103017,-0.33615553,0.109476365,0.38912022,0.024513733,-0.45453697,-0.06970285,-0.12484479,0.22162095,0.2766674,0.45657027,-0.5357199,-0.41451535,0.47563583,-0.09654713,-0.5806404,0.023809375,-0.01990033,-0.24623065,0.31432638,-0.20887488,-0.3056978,-0.23013146,-0.3680492,-0.12740758,-0.4714847,-0.11984501,0.82055867,0.79207385,0.44991612,0.66168183,0.18480204,0.3823403,0.6921444,0.718669,0.8250876,0.6246745,0.74196535,0.55604476,-0.55558264,-0.56554925,0.18979536,0.2824916,-0.69918156,-0.68334645,-0.6417835,0.36946052,-0.06610857,0.027453136,0.3381634,-0.010814582,-0.48443946,-0.55003786,-0.33935362,-0.32220316,-0.33007345,-0.14220649,-0.30435383,0.35146022,-0.27951202,-0.015131095,-0.3816574,-0.12963781,-0.47214875,-0.0031704542,-0.63276106,0.080049075,-0.107367136,0.05739888,-0.23602487,-0.3728453,-0.4975814,-0.7161407
0.4054027,0.13018198,0.34585398,0.59945786,-0.26698568,-0.24516991,0.6893756,0.72092134,0.06745365,0.19528918,0.8710406,0.7413931,0.889793,1.0,0.020679373,-0.16558453,0.8284522,0.85497713,0.06630271,0.26818314,0.09728111,-0.013594967,0.47896412,0.32153323,-0.26133227,-0.49252075,0.4364426,-0.27806392,0.7862559,0.8007344,0.6302332,0.692455,0.58691615,0.64926344,0.6278367,0.5995441,-0.020864232,-0.05201429,-0.36345798,-0.37109497,-0.23300853,-0.097794965,0.21976148,0.040008392,-0.2485302,0.16099128,0.53440714,0.21455677,-0.33578187,-0.018172922,-0.059412684,0.24603839,0.2984831,0.43427125,-0.4047744,-0.22005281,0.5780434,0.02550855,-0.4589039,0.17530343,0.0817599,-0.17349844,0.4186592,-0.08040452,-0.18476528,-0.1919747,-0.2785634,0.03070328,-0.36328992,-0.032636076,0.7667877,0.7226276,0.32747963,0.6732384,0.06571393,0.31466308,0.6798072,0.7481061,0.80039966,0.6498242,0.7014905,0.67041504,-0.6266059,-0.55914444,0.14413525,0.35758787,-0.6943339,-0.69181824,-0.6932355,0.4506459,0.09976916,0.11603132,0.44994023,0.060369674,-0.3438702,-0.4006599,-0.14610381,-0.13432334,-0.13364424,0.034892384,-0.24699849,0.25664496,-0.22261167,0.024613757,-0.23562369,-0.01096092,-0.31483772,0.0910945,-0.4728981,0.27396023,0.093150385,0.22923493,-0.106208414,-0.2672205,-0.40400353,-0.6040729
-0.05699179,-0.4314119,0.3278584,-0.16266479,0.6874261,0.71174777,-0.04916639,-0.13018474,0.7056421,0.7822633,-0.17979111,-0.28739035,0.07089631,0.020679373,1.0,0.7666042,0.08462489,-0.05985194,-0.08138582,-0.10967904,0.48842221,0.6062701,0.03630069,0.110026255,0.660335,0.46316823,0.53462654,0.6578538,0.34398872,0.33727708,0.019974584,0.12722169,-0.27034944,-0.25938684,-0.3858932,-0.3715267,0.72367656,0.72012436,0.5335523,0.49299172,0.6111028,0.6591412,-0.33733425,-0.560145,-0.49310666,-0.4870176,-0.16259128,-0.2724184,-0.4259271,-0.42806733,-0.44969472,-0.48475736,-0.016397411,-0.20434667,0.43066952,0.07778163,-0.114646785,-0.42055133,-0.0077620833,-0.083323285,-0.20325649,0.036220625,-0.2821072,-0.4584459,-0.18626043,-0.36083624,-0.45151648,-0.43818566,-0.14770782,0.050963566,0.19234408,0.25908914,0.62731487,0.38520825,0.6886321,0.33400783,0.26183847,0.22295526,0.04449438,0.026703168,0.5011444,-0.3382553,0.48862663,0.29306674,0.5612253,-0.31804886,0.17431155,0.1714121,0.34949124,-0.035034373,-0.2645848,-0.25508133,-0.3369944,0.11633484,0.32885444,0.21461503,0.25930378,0.21471123,-0.024794467,-0.24060889,-0.35802892,0.4798637,-0.40640858,-0.34447917,-0.3149873,-0.43056527,-0.28230426,-0.49204054,0.17054568,0.07847794,-0.13062248,-0.35839,0.02352878,-0.28253433,-0.26041105,-0.053426832
0.05182875,-0.1390414,0.14976005,-0.19029231,0.5767457,0.65202767,-0.20434575,-0.2005993,0.55315113,0.5735495,-0.3456854,-0.3107713,-0.20779374,-0.16558453,0.7666042,1.0,-0.15633455,-0.20336595,0.19330983,0.13715819,0.15009591,0.3042241,-0.08829177,-0.06025386,0.4960883,0.34051242,0.36745024,0.62260026,0.05431032,0.16371267,-0.09845207,-0.07327285,-0.3489059,-0.4224228,-0.444019,-0.47272795,0.68982905,0.7574336,0.7003733,0.71026695,0.5145324,0.47237444,-0.2925658,-0.19303858,-0.16559821,-0.37023255,-0.009444455,0.08072613,-0.10112426,-0.29217285,-0.15452245,-0.34992343,-0.0829716,-0.3255616,0.68318814,0.46066213,-0.02523189,-0.10495412,0.34966543,0.1680586,0.05758414,0.31793523,-0.14213082,-0.22841837,0.117238395,-0.1283834,-0.11133907,-0.08381147,0.18423994,0.3236846,-0.043954995,-0.06663564,0.2814845,0.17485832,0.35759065,0.009634761,0.022209162,0.06629918,-0.16770707,-0.07420793,0.19358084,-0.25001445,0.5759348,0.55827,0.5221156,-0.111667395,0.37811548,0.32947782,0.37849525,0.0063701686,0.010189203,-0.2035721,-0.2657715,0.024627967,0.6532141,0.53639555,0.6104886,0.5432807,0.3439828,0.09331058,-0.08118813,0.21758679,-0.1268892,-0.1303651,0.05891799,-0.22732566,0.045315545,-0.24592291,0.5305218,0.32268125,0.23433673,-0.082467444,0.23612307,-0.008864214,0.025306892,0.3549178
0.13693331,-0.07186292,0.19183034,0.42730573,-0.19340734,-0.16898309,0.5188725,0.5519321,0.12828039,0.24434283,0.78806794,0.59161276,0.81596285,0.8284522,0.08462489,-0.15633455,1.0,0.85923845,-0.17467347,0.012381141,0.29732955,0.22476327,0.2939725,0.35985652,-0.14637738,-0.26134896,0.3468374,-0.16455343,0.8562032,0.8132107,0.33351,0.4855247,0.46492225,0.5854263,0.6324396,0.6969645,0.10051833,0.107588306,-0.3200647,-0.28887105,-0.057295427,0.043792464,0.14428127,-0.08957522,-0.4597023,0.08525637,0.45551497,0.14898725,-0.47353303,-0.17435594,-0.24747565,0.13727085,0.13501963,0.47422948,-0.39493284,-0.22905365,0.35139817,-0.15157147,-0.4321834,0.026962033,-0.14089161,-0.27535164,0.15892616,-0.14144194,-0.35879248,-0.29607585,-0.3504784,-0.060725197,-0.42402413,-0.28697175,0.60996425,0.8225833,0.4719744,0.793827,0.2132489,0.5834633,0.7793758,0.81742704,0.87025785,0.8249344,0.7335429,0.6353876,-0.6682656,-0.63448393,0.14190203,0.2278909,-0.76463854,-0.74056023,-0.6161416,0.36783084,0.11743235,0.23628494,0.36331087,0.24354124,-0.3933621,-0.35933638,-0.16668709,-0.09044133,-0.09233052,0.017131694,-0.42534316,0.21043926,-0.3906231,-0.0731149,-0.2346926,0.09738189,-0.28337768,0.08059439,-0.5320958,0.23911919,0.04963635,0.23461387,-0.057395387,-0.28640294,-0.46870953,-0.60118175
0.2655699,0.11829354,0.19558915,0.47505778,-0.32496917,-0.18170622,0.56263113,0.60355604,-0.05625031,0.16104916,0.8188857,0.6823048,0.7930294,0.85497713,-0.05985194,-0.20336595,0.85923845,1.0,-0.0020567188,0.174716,0.12192934,-0.00547745,0.3036554,0.27411142,-0.27110964,-0.40901512,0.2917916,-0.22697198,0.7270856,0.7704403,0.38176453,0.492726,0.57565725,0.63110197,0.6738689,0.6446283,-0.014738331,-0.01459369,-0.32976818,-0.3381044,-0.26210305,-0.13533084,0.24902375,0.062395975,-0.26520598,0.19917099,0.52012694,0.23102708,-0.30883148,-0.09518898,-0.09816291,0.24507506,0.19004269,0.38144377,-0.40477654,-0.17809738,0.462581,0.070702426,-0.38850513,0.1179626,-0.0062104315,-0.2150691,0.36342686,0.030896686,-0.26698518,-0.14695561,-0.20394856,0.08537101,-0.33798277,-0.085252084,0.59272915,0.6907635,0.2660936,0.66477525,0.011571838,0.34276435,0.6975556,0.75387883,0.8258204,0.7805059,0.6907549,0.7573685,-0.6835186,-0.594226,0.09865493,0.31709123,-0.7108321,-0.68935513,-0.6478338,0.4958444,0.17329314,0.20910864,0.44635248,0.14250673,-0.38051334,-0.3920938,-0.15081531,-0.10538367,-0.07214146,0.06633585,-0.2594662,0.1458922,-0.24929197,-0.044074144,-0.17039551,0.14217792,-0.22408547,0.18908751,-0.47268093,0.2710237,0.102660865,0.30838585,-0.029814247,-0.19202872,-0.38540015,-0.55116737
0.6917771,0.7224157,0.2887176,0.37154898,-0.26570487,-0.010161575,0.26544064,0.30928707,-0.35652936,-0.06719098,0.070968196,0.34651625,-0.010659611,0.06630271,-0.08138582,0.19330983,-0.17467347,-0.0020567188,1.0,0.8899122,-0.5258634,-0.5504829,0.20629665,-0.22789113,-0.3951573,-0.4225128,0.07361883,-0.06777596,-0.14253287,0.06395945,0.24891739,0.04729988,0.4198146,0.2023474,0.12007048,-0.11795442,-0.2480364,-0.20338382,-0.09435366,-0.06169692,-0.45563507,-0.44018486,0.40900633,0.6313338,0.62061924,0.5065319,0.5670168,0.63678706,0.5918867,0.31899026,0.6815753,0.50869405,0.28543252,0.060918797,0.11661109,0.37597603,0.5686815,0.6629968,0.35752216,0.17421393,0.74940515,0.5539042,0.64668834,0.4496149,0.5670594,0.52679574,0.5933009,0.65109956,0.47266182,0.67838764,0.0533373,-0.3496822,-0.460132,-0.10754918,-0.5349372,-0.5707893,-0.30732203,-0.15626812,-0.10109109,-0.12093908,-0.11433697,0.31667086,0.09256118,0.22312176,0.21562967,0.51872855,-0.005164109,-0.0396662,-0.13584442,0.34364226,0.48425913,0.046789058,0.42427656,-0.27524558,0.33152515,0.17851818,0.329871,0.20646913,0.3526253,0.44710758,0.5871969,-0.29211804,0.6164828,0.5478881,0.3625438,0.19856682,0.27205095,0.35214332,0.25915504,0.43007302,0.59062886,0.46684548,0.2871929,0.42035523,0.33849406,0.13536942
0.7747492,0.68536144,0.41756272,0.58665615,-0.32242826,-0.08076695,0.48200274,0.5055618,-0.31633812,-0.035791855,0.26898545,0.48570353,0.1872941,0.26818314,-0.10967904,0.13715819,0.012381141,0.174716,0.8899122,1.0,-0.485612,-0.5502095,0.3721968,-0.052669387,-0.4013009,-0.5273289,0.20979811,-0.13436641,0.045132708,0.20244761,0.44889334,0.2722111,0.5350515,0.38633454,0.27479523,0.050276946,-0.30070153,-0.24817714,-0.2144387,-0.19269389,-0.53128815,-0.45923087,0.45511368,0.59554964,0.5290198,0.4965456,0.6557385,0.6290982,0.4510939,0.24949333,0.5936532,0.5746913,0.33145434,0.1369408,-0.043959282,0.24647757,0.6697136,0.62369776,0.15638696,0.22359528,0.7257556,0.46550107,0.70735145,0.36270037,0.46088323,0.43103895,0.46602312,0.6047001,0.32004362,0.6383253,0.29686794,-0.12701777,-0.33249488,0.021023761,-0.47306725,-0.48733884,-0.13748345,0.027079336,0.09649321,-0.013960401,0.026149828,0.39928564,-0.06803362,0.08783478,0.17915067,0.569015,-0.17882442,-0.20779337,-0.37346116,0.42185518,0.41374293,-0.019763878,0.42572707,-0.33335197,0.21859267,0.021075659,0.24381761,0.11855114,0.25332835,0.3743194,0.46622464,-0.17632858,0.49867028,0.509407,0.24099797,0.13216822,0.105793834,0.33294407,0.12827982,0.4064894,0.5616965,0.4395647,0.15410331,0.28318056,0.19380671,0.0110396845
-0.42607364,-0.71228355,0.1520465,-0.1125798,0.4702876,0.29897195,-0.02141838,-0.12261126,0.5823808,0.4047397,0.009045166,-0.29803377,0.2321504,0.09728111,0.48842221,0.15009591,0.29732955,0.12192934,-0.5258634,-0.485612,1.0,0.7150705,0.06195983,0.38667193,0.51014185,0.45451632,0.43284166,0.3033146,0.44487205,0.30388746,-0.044506583,0.18909097,-0.26000342,-0.10746616,-0.046665058,0.12196589,0.45507574,0.3955177,0.11886731,0.04483574,0.5318559,0.48216254,-0.34312877,-0.6717121,-0.7297742,-0.5213435,-0.23938508,-0.47994623,-0.63294613,-0.44151098,-0.6484615,-0.5054529,-0.19420509,0.034743834,-0.12256884,-0.38964927,-0.40370005,-0.630658,-0.44068187,-0.23843996,-0.64521086,-0.43922845,-0.52255696,-0.55723,-0.53964305,-0.61440474,-0.618388,-0.66013056,-0.47993457,-0.46772715,0.21978962,0.5134132,0.72572803,0.41227847,0.7067592,0.58075154,0.5212966,0.3974738,0.30174825,0.23502763,0.48245627,-0.19535595,0.025281737,-0.21582806,0.22994676,-0.39434788,-0.16636704,-0.11667385,0.102401294,-0.13975424,-0.44695088,-0.13140808,-0.3766067,0.15852225,-0.20191346,-0.21144383,-0.24228925,-0.23582387,-0.38627717,-0.5023359,-0.66713464,0.5081862,-0.654016,-0.57578427,-0.4397926,-0.21719392,-0.422472,-0.33105832,-0.26280087,-0.17890634,-0.39338583,-0.4472561,-0.32482424,-0.47534856,-0.431653,-0.39785933
-0.3728117,-0.6646357,0.03188131,-0.30781046,0.50029296,0.45366448,-0.18715283,-0.20987053,0.6227642,0.5074762,-0.106611796,-0.30356532,0.07279255,-0.013594967,0.6062701,0.3042241,0.22476327,-0.00547745,-0.5504829,-0.5502095,0.7150705,1.0,-0.15383877,0.14111076,0.65425617,0.62155396,0.31777626,0.47813347,0.3338525,0.2772483,-0.21645154,-0.017434236,-0.3143063,-0.19878775,-0.21363264,-0.072187655,0.64512986,0.61284786,0.3433514,0.2941147,0.6506674,0.56179094,-0.458435,-0.68772995,-0.67227757,-0.5554729,-0.28811103,-0.47965568,-0.5769233,-0.38245305,-0.6173779,-0.5767657,-0.122746095,-0.14186095,0.14469033,-0.2024702,-0.31092155,-0.7269006,-0.23412555,-0.13773672,-0.4702933,-0.29526928,-0.48090962,-0.6092885,-0.4752089,-0.56938136,-0.5953231,-0.62772393,-0.34837386,-0.39789295,0.04150894,0.41829652,0.6990736,0.44346002,0.7641359,0.6512534,0.43809396,0.34585705,0.15366282,0.20924461,0.40445924,-0.3371611,0.15478387,-0.17652553,0.3574069,-0.607612,-0.075010434,-0.11131404,0.251364,-0.14672434,-0.40483388,-0.15319264,-0.36139,0.25935888,0.00014776603,0.05569511,-0.012290665,0.026022041,-0.21320294,-0.36391369,-0.6417779,0.53001773,-0.62317955,-0.5177966,-0.35239708,-0.27710646,-0.28979915,-0.35480097,-0.116508216,-0.04964553,-0.33076936,-0.43465036,-0.089893825,-0.33498004,-0.32344338,-0.25872868
0.37028754,0.12763257,0.78110474,0.7345984,-0.035831776,-0.022786157,0.7610188,0.57125205,0.18462388,0.2606791,0.3980543,0.37025285,0.50415754,0.47896412,0.03630069,-0.08829177,0.2939725,0.3036554,0.20629665,0.3721968,0.06195983,-0.15383877,1.0,0.66303015,-0.14337127,-0.3489444,0.48395962,-0.11878336,0.42174193,0.25597197,0.736837,0.80329484,0.5327778,0.59598196,0.37896308,0.21631262,-0.13338077,-0.2381326,-0.29087403,-0.4042236,-0.26013765,-0.02479524,0.32952026,-0.06473154,-0.07981365,0.12902583,0.26706758,0.0050310628,-0.20555839,-0.03433444,-0.044765938,0.15027496,0.19500093,0.21761778,-0.4135741,-0.37404367,0.35010928,0.12529747,-0.5430527,-0.05960285,0.04194936,-0.06579397,0.23168544,0.04660271,-0.19191411,-0.08940061,-0.23344544,-0.11251378,-0.41830572,-0.004815434,0.6682038,0.40398932,0.21796952,0.12479741,0.078917064,-0.008419624,0.28843027,0.22076711,0.36359054,-0.044830304,0.28349885,0.18049997,-0.21857639,-0.14718886,-0.13361853,0.26597473,-0.4127029,-0.3262017,-0.5545794,0.23722804,-0.20413661,-0.27900088,0.100647375,-0.28536394,-0.15758348,-0.36791736,-0.19908234,-0.3588327,-0.3122822,-0.23445274,-0.13398716,0.41690838,-0.075166486,0.18825218,-0.3211219,-0.13991274,-0.4091931,-0.1390377,-0.20884635,0.060195234,-0.026454011,-0.095318906,-0.34301695,-0.37295055,-0.32505602,-0.40764156
-0.09747853,-0.31477964,0.57385135,0.55288297,0.17276402,0.07313082,0.52200323,0.3318072,0.40964484,0.33415,0.2714464,0.03792205,0.37440196,0.32153323,0.110026255,-0.06025386,0.35985652,0.27411142,-0.22789113,-0.052669387,0.38667193,0.14111076,0.66303015,1.0,0.048509415,0.008349818,0.40065208,0.07857042,0.44357416,0.17474447,0.37323934,0.6180904,0.18204965,0.391178,0.2551008,0.25343093,0.09612854,0.026991744,-0.13962388,-0.22137319,0.0151430685,0.1913762,-0.0069176173,-0.3322225,-0.4928812,-0.25568882,0.01685357,-0.19404851,-0.52304536,-0.36596292,-0.44541678,-0.12879254,-0.16902363,0.15243565,-0.38500232,-0.45520425,-0.08676637,-0.18776815,-0.6256702,-0.1860695,-0.5048983,-0.23595895,-0.22051585,-0.15746427,-0.5857827,-0.44801193,-0.50878453,-0.3827429,-0.6230736,-0.3844259,0.48855513,0.5151558,0.4293105,0.17176951,0.36450684,0.320301,0.428582,0.3414362,0.34244668,0.08028615,0.32486776,0.037833847,-0.28835487,-0.20439295,-0.20159376,0.022611847,-0.40448558,-0.28663808,-0.43667656,-0.022345573,-0.32925647,-0.2128982,-0.20598747,-0.11882283,-0.20441547,-0.32966718,-0.21607861,-0.28850842,-0.3309059,-0.41293335,-0.48708704,0.435222,-0.4398042,-0.116299406,-0.39273995,-0.09857541,-0.48858207,-0.29472423,-0.2177384,-0.041990984,-0.17293508,-0.2547896,-0.49356288,-0.5877683,-0.4906778,-0.36349186
-0.34976998,-0.63672215,0.09464782,-0.35719937,0.63523746,0.5518611,-0.27992457,-0.4073113,0.59741855,0.45906138,-0.40722734,-0.5631617,-0.17011654,-0.26133227,0.660335,0.4960883,-0.14637738,-0.27110964,-0.3951573,-0.4013009,0.51014185,0.65425617,-0.14337127,0.048509415,1.0,0.668883,0.28550574,0.50280684,0.061306436,-0.02673755,-0.17934445,-0.055609446,-0.50566965,-0.45389554,-0.45714337,-0.37430632,0.49977314,0.52750206,0.4395954,0.36176202,0.623591,0.6037934,-0.3654824,-0.6983433,-0.49138018,-0.62724245,-0.51244456,-0.55666786,-0.4293494,-0.43659493,-0.62990135,-0.59214836,-0.21098313,-0.42170638,0.2894777,-0.11398045,-0.43599936,-0.54851943,-0.08460761,-0.18004768,-0.40475115,-0.12583819,-0.5069061,-0.61307883,-0.34606424,-0.41842145,-0.5085605,-0.5966066,-0.1553294,-0.03896719,-0.0075397766,0.14950997,0.575552,0.12710992,0.7343364,0.33154836,0.10363151,0.008837469,-0.17070892,-0.14206754,0.23381262,-0.60109216,0.56089485,0.3229579,0.25151372,-0.5490592,0.3583202,0.3568105,0.46161407,-0.1594448,-0.49442086,-0.40019587,-0.6277883,0.06870901,0.16180186,0.09464446,0.023922935,-0.007526295,-0.21418668,-0.42218742,-0.40797937,0.50229657,-0.4553912,-0.5711952,-0.33552453,-0.47313976,-0.2830716,-0.443628,0.16339338,-0.25433597,-0.3852952,-0.59342074,-0.18079115,-0.2787028,-0.18244454,0.123685904
-0.5352821,-0.6240777,-0.13237582,-0.50109005,0.57414824,0.5290902,-0.4523095,-0.567771,0.39922637,0.28685522,-0.5603082,-0.6807427,-0.38669717,-0.49252075,0.46316823,0.34051242,-0.26134896,-0.40901512,-0.4225128,-0.5273289,0.45451632,0.62155396,-0.3489444,0.008349818,0.668883,1.0,-0.0031573088,0.50815994,-0.15792106,-0.21938647,-0.52694726,-0.36541182,-0.5268389,-0.46008343,-0.41494948,-0.3395525,0.48145285,0.48075455,0.4543548,0.41088063,0.6167567,0.49985817,-0.3443348,-0.545316,-0.41848788,-0.47951812,-0.5363091,-0.46228123,-0.31358102,-0.39857182,-0.5002879,-0.5442902,-0.3866735,-0.35929623,0.31829283,0.01420027,-0.6355016,-0.44015196,0.073966816,-0.30951753,-0.4555194,-0.2452512,-0.6159032,-0.4509877,-0.3167833,-0.41076824,-0.33058754,-0.45529562,-0.0882482,-0.2659154,-0.36105362,-0.060439896,0.35701162,-0.022730557,0.5767506,0.37006688,-0.029078789,-0.13183674,-0.230149,-0.12461884,-0.017621627,-0.59870523,0.5166627,0.25322878,0.0952715,-0.60333776,0.35506016,0.360043,0.60624164,-0.32213137,-0.3442719,-0.2814832,-0.5028118,0.19203894,0.19967559,0.20431212,0.052053604,0.0756788,-0.06594264,-0.28871387,-0.30388272,0.23249371,-0.32606626,-0.48341015,-0.1356378,-0.17314859,-0.041347925,-0.28561926,0.19951966,-0.24998589,-0.28994295,-0.4476949,0.042173527,-0.095825985,-0.0368186,0.10609628
0.26704788,-0.2076708,0.6065476,0.4081386,0.4510339,0.34430215,0.48320252,0.40996826,0.56041324,0.5457667,0.30316237,0.1512375,0.46723843,0.4364426,0.53462654,0.36745024,0.3468374,0.2917916,0.07361883,0.20979811,0.43284166,0.31777626,0.48395962,0.40065208,0.28550574,-0.0031573088,1.0,0.31923038,0.56527835,0.48088336,0.525485,0.63836676,0.13736321,0.22617337,0.09510695,0.053732548,0.38955674,0.33272868,0.12993822,0.05311639,0.19945991,0.26883265,-0.06168456,-0.3017868,-0.39203346,-0.18279268,0.19081812,-0.0785929,-0.4288227,-0.2205416,-0.29294145,-0.09540044,0.084055476,0.11840327,-0.024076063,-0.16928415,0.19583586,-0.15500818,-0.33451068,0.033131894,-0.09086859,-0.04228204,0.063543804,-0.3326197,-0.16679841,-0.40157938,-0.4313643,-0.28440446,-0.24502446,0.059487227,0.6017554,0.5104665,0.53961587,0.4321525,0.4217458,0.21302897,0.4469159,0.45957753,0.39388955,0.14886723,0.61325765,0.056096353,0.013619505,-0.07664654,0.42377746,0.04218975,-0.27181983,-0.26699933,-0.22125648,0.19628493,-0.2552058,-0.33204323,-0.08345242,-0.16892922,0.10550892,-0.10807119,0.08034817,-0.06347657,-0.16671346,-0.27049956,-0.40227807,0.5234257,-0.41348392,-0.21417345,-0.3830561,-0.24682544,-0.4600824,-0.29726297,-0.051872887,0.11325423,-0.045109536,-0.22911172,-0.3312872,-0.46102422,-0.42647383,-0.40892196
-0.07367861,-0.27074465,0.19073878,-0.19784601,0.55984014,0.7879727,-0.17722012,-0.17123765,0.4031305,0.7199687,-0.33105248,-0.35520744,-0.23136888,-0.27806392,0.6578538,0.62260026,-0.16455343,-0.22697198,-0.06777596,-0.13436641,0.3033146,0.47813347,-0.11878336,0.07857042,0.50280684,0.50815994,0.31923038,1.0,-0.014523215,0.011762466,-0.25568202,-0.1430563,-0.22309466,-0.22166076,-0.41065416,-0.43539426,0.5916821,0.59730536,0.59233296,0.53951645,0.516105,0.54238725,-0.34340885,-0.3427327,-0.22846508,-0.3626472,-0.1857634,-0.19926448,-0.20672163,-0.35719845,-0.3154214,-0.40866134,-0.11912321,-0.32348886,0.48872814,0.20044586,-0.18149398,-0.24204668,0.1233035,-0.04742822,-0.19094217,0.050243307,-0.23338625,-0.24481651,-0.106124505,-0.19853164,-0.18087442,-0.22441754,0.025588468,0.017465653,-0.13261569,-0.034414943,0.25949448,0.07965884,0.40719855,0.16365266,-0.05025417,-0.09249861,-0.20995669,-0.14578281,0.19294432,-0.36106014,0.48504347,0.2703188,0.43259794,-0.3891069,0.21588673,0.22433771,0.42019853,-0.08650198,-0.11684786,-0.2797586,-0.23136328,0.08588065,0.3968932,0.33800575,0.35124594,0.28319252,0.14779726,-0.09225516,-0.17941111,0.24439296,-0.19208752,-0.22114216,-0.074993566,-0.18476795,-0.07560472,-0.30109012,0.30406252,0.069796905,-0.031121412,-0.25458083,0.043710176,-0.051493645,0.027466264,0.18539408
0.100092515,-0.24228562,0.3817487,0.41524115,0.0453474,-0.019858662,0.5210968,0.4727836,0.37022087,0.42437235,0.6465552,0.4098258,0.82355154,0.7862559,0.34398872,0.05431032,0.8562032,0.7270856,-0.14253287,0.045132708,0.44487205,0.3338525,0.42174193,0.44357416,0.061306436,-0.15792106,0.56527835,-0.014523215,1.0,0.8472356,0.4242103,0.60027885,0.31296372,0.44632274,0.45744216,0.5757531,0.2562393,0.2343176,-0.23685612,-0.25640935,0.07814561,0.20873216,0.027434511,-0.3159358,-0.5921615,-0.054132104,0.35941917,-0.013554086,-0.5930941,-0.30719334,-0.35905418,-0.019300887,0.113868654,0.40352243,-0.35445768,-0.3435712,0.24992424,-0.3028521,-0.4940231,-0.04983858,-0.2034929,-0.2127327,0.012301203,-0.33188772,-0.42930055,-0.40502608,-0.5029692,-0.2706935,-0.4887919,-0.22551163,0.7367968,0.8851706,0.70293516,0.84377944,0.44923338,0.6049187,0.84130365,0.8403227,0.8354645,0.6982591,0.81467843,0.4357983,-0.43767926,-0.47868294,0.26910537,0.12498963,-0.6446477,-0.6280218,-0.5259075,0.23767379,-0.10554242,0.038555726,0.1749333,0.11161389,-0.33706638,-0.411441,-0.20362477,-0.18938987,-0.25992242,-0.19032124,-0.5062796,0.4428381,-0.49873644,-0.17038101,-0.38503596,-0.112621434,-0.45939416,-0.16882248,-0.5068393,0.17250192,-0.053415786,-0.023410805,-0.16886996,-0.48031065,-0.5842049,-0.627255
0.26996925,-0.028469635,0.24929914,0.33919773,-0.08119794,0.025300855,0.43650946,0.48820934,0.24572578,0.40346932,0.6536922,0.5320997,0.7670973,0.8007344,0.33727708,0.16371267,0.8132107,0.7704403,0.06395945,0.20244761,0.30388746,0.2772483,0.25597197,0.17474447,-0.02673755,-0.21938647,0.48088336,0.011762466,0.8472356,1.0,0.3695593,0.47589335,0.3736063,0.40278357,0.4222319,0.49385026,0.30374023,0.29481107,-0.118887745,-0.11960227,0.032196388,0.08694433,0.02735351,-0.11315174,-0.41329753,0.040647533,0.527658,0.20222943,-0.4031201,-0.17270568,-0.17182142,0.03150666,0.23120114,0.35587627,-0.17125049,-0.0920276,0.4439137,-0.16628277,-0.29982862,0.15555404,0.047309406,-0.07924695,0.23217656,-0.22749305,-0.20420462,-0.23207885,-0.31211215,-0.063361205,-0.31900093,-0.023968609,0.6347295,0.72984284,0.5190217,0.86692834,0.27676627,0.46120042,0.78000957,0.84597665,0.78809273,0.75994825,0.7835029,0.5818007,-0.42426023,-0.4758974,0.4196962,0.16078268,-0.6025982,-0.6292521,-0.46602413,0.38609645,0.1199383,0.1350036,0.37214085,0.13256806,-0.15259968,-0.21611616,0.020790067,0.054967567,-0.04112967,0.056275707,-0.31325853,0.31016898,-0.31781313,-0.11806166,-0.18567999,-0.03288709,-0.2683043,0.047869824,-0.37160674,0.39880338,0.16206011,0.18421853,0.077100284,-0.21544908,-0.3803271,-0.5357746
