1.0,0.3540937,0.61038977,0.5633727,-0.21909843,0.16079828,0.70114434,0.31574243,0.14164592,0.037018582,0.617201,0.4795112,0.5348025,0.41131553,0.4841853,0.3608022,0.35703644,0.39357314,0.73554045,0.63799757,-0.12563537,-0.1592844,0.52422553,0.42714965,0.23303224,-0.18768804,0.094406374,0.24081881,0.4691092,0.43251535,0.3307399,0.326782,0.52248466,0.21591833,0.48637033,0.294516,0.3568635,0.2213896,0.35934538,0.28679264,0.2043154,0.06365758,0.41159642,0.35384122,0.5874246,0.22459407,0.3736284,0.39621678,0.36421946,0.40961996,0.25915766,0.2629489,0.4050867,0.037745558,0.4541931,0.42674467,0.8142103,0.39581954,0.5335318,0.13697992,0.6967636,-0.06809896,0.7166216,0.23429689,0.6859366,0.11235329,0.5844222,0.58587843,0.49386838,0.49012205,0.48467845,0.32667193,0.2654046,0.4045879,0.16518688,0.0038754963,0.35600206,0.47276837,0.34481326,0.3617482,0.4810123,0.3432934,0.16011515,0.057212643,0.44520378,-0.031577416,-0.100116104,-0.371435,0.24473478,0.09740499,0.21602145,-0.08370794,-0.11807584,-0.18927294,0.34679744,0.30800208,0.35024747,0.32477006,0.25572297,0.25945973,-0.056273066,-0.08347121,0.20399208,0.195413,0.298656,0.40243524,0.25879106,0.5024202,0.2658878,0.34799853,0.38893822,0.25583154,0.2261549,0.30067572,0.17253214,0.19650799
0.3540937,1.0,-0.11013347,0.40136486,-0.32145503,-0.34945735,0.009393413,0.52562445,-0.07971043,-0.14480697,0.1910661,0.3694365,0.07510502,0.31382707,0.09926734,-0.009318445,0.041540757,0.11700852,0.28408453,0.3669913,-0.1398051,0.2979023,0.086550094,0.09672056,-0.13021256,-0.37169507,-0.44513547,0.05534454,0.14114082,0.17021304,-0.02885862,0.2231834,0.07726908,0.03141392,0.170473,0.25814584,0.28448012,0.22444645,0.12706853,0.22921841,0.15004337,0.023110403,0.12711939,0.22832675,0.26615867,0.36451474,0.12218761,0.19029708,0.2926495,0.19337173,0.19764684,0.16947147,0.047789283,0.107348435,0.14214523,0.17843385,0.2600919,0.66846406,0.51265746,0.5908861,0.25343758,0.388485,0.147653,0.62804645,0.23791632,0.3565513,0.38204592,0.5002816,0.45602137,0.35385746,-0.052745186,0.033077482,-0.17624892,0.049188286,-0.15687358,-0.18618594,0.07174325,0.1594583,0.26550248,0.08358802,-0.008347992,0.36294565,-0.3049016,-0.025904704,-0.0139853945,0.29919198,-0.3975942,-0.25314823,-0.24460699,0.107043795,-0.14080398,-0.16608717,-0.23494169,-0.18761334,0.0074110785,0.09827316,0.015859291,0.04211414,0.09406879,0.06891503,-0.35752276,-0.1845328,-0.17352715,0.02907868,-0.08484595,0.12561202,0.037536193,0.20265773,0.11656729,0.070948094,0.007312114,-0.016230687,0.009150262,0.061311085,-0.017438669,0.09002975
0.61038977,-0.11013347,1.0,0.4748622,-0.020601002,0.36438528,0.77313834,0.13090129,0.21143626,0.121283576,0.507147,0.37351465,0.5210203,0.3156184,0.42861483,0.34743544,0.3221853,0.416113,0.74294347,0.48740324,0.14677802,-0.086275674,0.7620618,0.6518616,0.35304257,-0.04219486,0.29331994,0.25507283,0.50220233,0.4211342,0.50246537,0.38595742,0.5673877,0.3712975,0.4758253,0.2408286,0.23356795,0.10064518,0.1721004,0.059472196,0.20186423,0.075260736,0.34932724,0.12470886,0.3168821,0.050568394,0.1935838,0.17924859,0.10995441,0.2854542,0.110857725,0.18087451,0.3949343,-0.095680594,0.25264135,0.21287356,0.5747592,-0.0021676351,0.2416038,-0.22409242,0.42034346,-0.29662678,0.51371664,-0.1368287,0.3829002,-0.14246643,0.31459296,0.21667832,0.21003824,0.26845208,0.4857085,0.32235917,0.39583734,0.44476342,0.32697195,0.16753004,0.34098378,0.3847505,0.3036825,0.43380275,0.5432586,0.22049221,0.25717118,-0.0043462194,0.42614734,-0.16218686,0.06256713,-0.22087547,0.28836095,0.031674452,0.15732415,-0.010811982,-0.055777542,-0.069404446,0.24670722,0.13751145,0.23834243,0.19493832,0.049833607,0.079560064,0.05476957,-0.016191931,0.19631378,0.1717917,0.26288205,0.25963232,0.31863904,0.4187641,0.06733999,0.16812895,0.25949654,0.11511777,0.124132,0.192449,0.07480107,0.09382302
0.5633727,0.40136486,0.4748622,1.0,-0.07127756,0.09580461,0.5991997,0.64002895,0.18991026,0.026383458,0.40229735,0.45458815,0.31751427,0.49002123,0.39811373,0.27240565,0.26117006,0.3740276,0.65166223,0.73003757,0.019851264,0.06970955,0.6150431,0.53443766,0.15702628,-0.1208097,-0.033543907,0.23222744,0.4218293,0.42453757,0.52055985,0.6007934,0.48513994,0.21207628,0.54653454,0.44678137,0.2479204,0.12005305,0.29388222,0.22916232,0.10716501,-0.0035045976,0.35769784,0.43812054,0.5489999,0.18654835,0.27385825,0.3719639,0.2066645,0.23826471,0.096702844,0.277135,0.28410158,-0.045465488,0.37880605,0.40984038,0.4952266,0.3684442,0.49404097,0.11695092,0.45037892,-0.05210408,0.46144006,0.41513398,0.3837912,0.15714772,0.5469067,0.68341196,0.5256907,0.38344038,0.4600706,0.40582177,0.22475934,0.35831538,0.2310023,0.10348691,0.39071327,0.46978122,0.37910345,0.45490742,0.44040784,0.37834767,0.08924227,-0.02914554,0.082288824,0.17817724,-0.09951725,-0.15855712,0.032331847,0.3093831,-0.07181696,-0.15435502,-0.21291797,-0.12834387,0.2291851,0.23850335,0.21243128,0.21328536,0.123331055,0.14842537,-0.10272337,0.050721694,0.1509949,0.18422206,0.335006,0.42038682,0.2723114,0.4536639,0.16874069,0.274011,0.21541417,0.12860215,0.08682123,0.2252402,0.120570496,0.1592556
-0.21909843,-0.32145503,-0.020601002,-0.07127756,1.0,0.435202,-0.14010043,-0.24846442,0.5869054,0.49909443,-0.36004245,-0.2674511,-0.17906207,-0.102229394,0.19258784,0.29727533,-0.2667134,-0.25266525,-0.112948835,-0.11106933,0.39575684,0.00025254188,0.098216094,0.09940623,0.47338134,0.76187885,0.5699065,0.3216582,-0.12874442,0.10205484,0.23596646,0.012087734,-0.07367133,-0.14947113,-0.15724982,-0.15869723,0.022778608,0.10181882,0.21523741,0.18513931,0.019819276,0.19805588,-0.063401006,-0.08334911,0.007030961,0.011723873,-0.042389758,-0.048397884,-0.060136005,-0.07624571,-0.13582055,-0.014535261,-0.09150743,-0.04703365,0.0059968163,0.08574212,-0.27703652,-0.2087666,-0.19458196,-0.36321393,-0.24412486,-0.0570421,-0.31631735,-0.32218373,-0.12326843,-0.04497005,-0.07118675,-0.24782757,-0.13979864,-0.032329727,-0.090715624,0.13609941,0.024300916,-0.04330797,-0.06820409,0.05809604,-0.11253677,-0.15580168,-0.25072938,0.027129527,0.06798955,-0.16285498,0.4776772,0.30128923,-0.00012567159,0.084344916,0.38181934,0.43544745,0.25905138,0.20397726,0.042030063,0.21220851,0.22184633,0.21271788,0.16932045,0.051408954,0.08854765,0.07401386,0.01190057,-0.0338832,0.35110968,0.37651405,0.17368722,0.16835785,0.12998934,0.01918831,0.033984628,-0.07438098,0.0030803292,0.15876025,0.038221806,-0.039230634,-0.03277573,0.0361356,0.07966772,-0.13089757
0.16079828,-0.34945735,0.36438528,0.09580461,0.435202,1.0,0.27015895,-0.24106786,0.4287463,0.5779096,0.108842924,-0.13985516,0.30638164,0.053124085,0.43835005,0.45158422,0.078080915,0.07031532,0.18477142,0.0900162,0.2929866,-0.23760644,0.37102222,0.28983137,0.66826344,0.56650764,0.6775138,0.4141925,0.26208347,0.25151765,0.42657408,0.059405964,0.1603039,-0.066690385,0.113933556,0.011529718,0.17817108,0.13587551,0.14271384,0.018359303,0.077588275,0.09307336,0.2165128,0.059016347,0.23209381,0.017536692,0.13451281,0.019349843,0.20670679,0.06446277,0.18542042,0.12982008,0.22811067,-0.01708505,0.16715007,0.1078174,0.14366724,-0.24771841,-0.02376906,-0.3796198,0.10963059,-0.13960288,0.16941266,-0.41777426,0.25171974,-0.089948475,0.19042557,-0.019894235,0.044026244,0.23032059,0.30511656,0.28351903,0.37841696,0.40420684,0.25600243,0.27963737,0.25248548,0.13860333,0.07614589,0.1943286,0.5207777,0.020259414,0.61263895,0.29458216,0.41236088,-0.07079396,0.4614204,0.17914563,0.4534704,0.046592306,0.2284653,0.1709141,0.19928841,0.12293912,0.22823037,0.08341893,0.27609116,0.18298055,0.13607982,0.06880269,0.32069403,0.10352873,0.23831792,0.21670422,0.20601788,0.13949603,0.09231377,0.046312157,0.028509311,0.22748162,0.19105852,0.07922347,0.1771095,0.2597843,0.13648811,0.07380988
0.70114434,0.009393413,0.77313834,0.5991997,-0.14010043,0.27015895,1.0,0.3191614,0.20037891,0.048086323,0.67270786,0.49000695,0.5541908,0.39061904,0.48382512,0.32809106,0.4485573,0.52863824,0.71314895,0.6183495,-0.07667637,-0.2173671,0.6802878,0.45976254,0.25743684,-0.13734847,0.1281986,0.23303126,0.5722019,0.44392344,0.51355433,0.48919183,0.6628949,0.33443847,0.5111362,0.2791585,0.24859926,0.06989724,0.2460382,0.11572633,0.1685535,-0.022787243,0.35958385,0.2618146,0.49116045,0.024310937,0.2710307,0.28461018,0.20692605,0.3862417,0.11348124,0.18246938,0.44654906,-0.05405943,0.41291472,0.3696177,0.67771757,0.0553045,0.29864645,-0.12304368,0.5233694,-0.31798422,0.69830024,0.06335605,0.52977985,-0.13811858,0.42682883,0.45808274,0.28283074,0.40475884,0.648643,0.4675527,0.46390784,0.45892385,0.34749693,0.10660812,0.5102727,0.60518926,0.45738864,0.49084425,0.5724716,0.19650626,0.21844095,-0.112078115,0.2746863,-0.19257031,-0.010375878,-0.3504901,0.23829529,0.11495673,0.06991582,-0.14749499,-0.21451673,-0.23412958,0.3496601,0.2094694,0.30234408,0.23425768,0.1386024,0.15534614,-0.03947091,-0.07507784,0.19262856,0.1325745,0.37420237,0.39643618,0.3744117,0.5720029,0.13157429,0.17692229,0.28958693,0.19577652,0.1304362,0.17899306,0.095851324,0.12366626
0.31574243,0.52562445,0.13090129,0.64002895,-0.24846442,-0.24106786,0.3191614,1.0,0.14810738,-0.010493679,0.37893695,0.5481058,0.32901925,0.6325621,0.27771813,0.16721423,0.268867,0.382103,0.39981872,0.5326668,-0.08992842,0.20371966,0.3880374,0.22118422,-0.17388299,-0.3026751,-0.3409951,0.046373274,0.33004123,0.4033377,0.23383372,0.54835045,0.29098293,0.2177932,0.24046002,0.41365215,0.1326146,0.143108,-0.038906027,0.08061422,0.056406915,0.0010164297,0.025630465,0.18531765,0.2955048,0.178895,-0.07572516,0.032536875,0.13429467,0.24517564,-0.08581307,0.20560533,-0.016378047,-0.13443583,0.018615907,0.18872045,0.23275176,0.30707046,0.37250003,0.18595068,0.20074828,0.053574156,0.25424597,0.5771918,0.18350862,0.17314008,0.20650786,0.4930632,0.3830286,0.1408492,0.22653478,0.31141776,0.08743225,0.1698363,0.05985733,-0.031335577,0.28186437,0.38820443,0.4036421,0.3630526,0.20271906,0.48509604,-0.17158306,-0.026802756,-0.07751134,0.3635646,-0.2959031,-0.0901159,-0.14374012,0.301321,-0.25747296,-0.23830786,-0.18164651,-0.032031987,-0.068604834,-0.06105273,-0.13845105,-0.11444335,-0.12095957,-0.11381789,-0.20240436,0.0878812,-0.06518688,0.09722854,0.06826429,0.1470617,0.2162549,0.3658636,-0.119273864,-0.108140044,-0.15727971,-0.17944846,-0.14558476,-0.0005326724,-0.17039944,-0.108131364
0.14164592,-0.07971043,0.21143626,0.18991026,0.5869054,0.4287463,0.20037891,0.14810738,1.0,0.72374713,0.031218885,0.20559226,0.32941172,0.38199574,0.72672844,0.7096917,-0.10451494,0.03339351,0.308153,0.32437944,0.2646683,0.048308883,0.44294417,0.26764244,0.61723816,0.57524467,0.44849932,0.5624695,0.32976773,0.51877797,0.43078923,0.3233235,0.2500933,0.044949394,0.018014124,0.05617106,0.36502868,0.27033016,0.31513578,0.33012235,0.2710334,0.20745651,-0.023957787,-0.07327812,0.26347157,0.057164818,-0.06309167,-0.059876632,0.18549263,0.3301635,-0.16396572,0.06030562,-0.012170104,-0.11950055,0.028617358,0.23095362,0.021068688,-0.0513252,0.11657733,-0.29434812,-0.076425776,-0.10410895,-0.06823274,-0.11090889,0.11084785,-0.08346496,0.07703572,0.022528881,0.12032262,0.25091073,0.20751517,0.38476843,0.2285439,0.22467507,-0.032733053,0.0028371897,0.23726888,0.25981677,0.018815339,0.25255972,0.27844083,0.29078025,0.5160552,0.42342448,0.23344313,0.28144228,0.10746708,0.22488822,0.29614475,0.3401264,-0.06155822,0.029663352,0.104410544,0.21195038,0.26638633,0.05901712,0.061138712,0.030719243,-0.07508704,-0.19810987,0.21195288,0.35167745,0.0982461,0.2818312,0.046460643,0.059656955,0.3076124,0.21174593,-0.057053335,0.17608875,-0.00030418189,-0.14979234,-0.06666914,0.055540364,-0.09950159,-0.18575174
0.037018582,-0.14480697,0.121283576,0.026383458,0.49909443,0.5779096,0.048086323,-0.010493679,0.72374713,1.0,-0.07167428,-0.02275865,0.27069667,0.27708793,0.608606,0.7240581,-0.16803522,-0.13510683,0.17886575,0.1815599,0.14757045,-0.10834734,0.3490831,0.26034656,0.6728169,0.6295154,0.5669646,0.44723004,0.18728998,0.29164094,0.2055119,0.16053164,0.027794847,-0.13161014,-0.07226578,8.52952e-05,0.15255332,0.19461481,0.17594367,0.1950748,0.10871158,0.12838659,-0.1030334,-0.19415657,0.14222421,-0.052717827,-0.1594784,-0.21628337,0.16058591,0.1493082,-0.06873325,0.052115474,0.0046276674,-0.17664981,-0.08540138,0.13536385,-0.0827897,-0.1460995,-0.037288282,-0.32690722,-0.15545467,-0.102448195,-0.18320936,-0.26292112,0.06226418,-0.04193059,-0.020525912,-0.14661013,0.10761499,0.22839244,0.2044459,0.38604507,0.21721281,0.14111845,-0.013181122,0.054753717,0.21948567,0.20044456,-0.018380925,0.012904775,0.22152919,0.24426948,0.5475658,0.645651,0.40094492,0.31736967,0.30881643,0.40393004,0.3473646,0.24201109,0.0080456585,0.13814263,0.17801766,0.28632,0.04810639,-0.12236801,-0.07325699,-0.071241796,-0.112409495,-0.22394912,0.2671886,0.28272554,0.106562816,0.34303302,-0.02706314,0.068255715,0.2581488,0.042571805,-0.16714418,0.07189568,-0.07495621,-0.1879668,-0.0049927495,0.08834504,-0.10989638,-0.14708333
0.617201,0.1910661,0.507147,0.40229735,-0.36004245,0.108842924,0.67270786,0.37893695,0.031218885,-0.07167428,1.0,0.6818041,0.7160167,0.5318763,0.32616925,0.16386645,0.7398637,0.70970464,0.5511979,0.43922445,-0.087523416,-0.08248453,0.47948885,0.33068588,0.09855807,-0.299218,-0.1091406,0.1636926,0.6915105,0.5171548,0.47336382,0.5112819,0.63172287,0.46390533,0.58112234,0.48797074,0.24535057,0.07436764,0.04664438,-0.05068807,0.10634217,-0.06987013,0.31424913,0.21724352,0.3772092,0.09799666,0.2199232,0.20056954,0.34247404,0.41909236,0.13452573,0.14214486,0.26596254,0.021857966,0.22299345,0.16685064,0.58582675,0.04689572,0.32075822,0.0982858,0.42260578,-0.18667802,0.55982304,0.17614546,0.33630306,-0.1231799,0.36486572,0.49109447,0.26517144,0.33974615,0.4911047,0.39054283,0.3807825,0.5425977,0.2671234,0.13607743,0.5026161,0.5484286,0.67970157,0.5195187,0.49987346,0.3833728,-0.09628508,-0.21617101,0.22755294,-0.06522888,-0.24877505,-0.38553745,0.05468712,0.03893603,0.09318321,-0.11071764,-0.1093148,-0.13520935,0.2043106,0.15017581,0.25837904,0.19671792,0.17742713,0.08128927,-0.084459595,-0.05621919,0.113984205,0.14513628,0.18979546,0.20894569,0.12950446,0.39038232,0.110819876,0.06199145,0.2198177,0.14931902,0.13234036,0.24930134,0.11685258,0.03657777
0.4795112,0.3694365,0.37351465,0.45458815,-0.2674511,-0.13985516,0.49000695,0.5481058,0.20559226,-0.02275865,0.6818041,1.0,0.6101661,0.71378666,0.37943098,0.26884466,0.45801944,0.6292802,0.55032206,0.475512,0.036578134,0.2290101,0.46113834,0.32309118,0.0034523306,-0.39176315,-0.24880794,0.26652944,0.6158143,0.6278138,0.44410837,0.59985644,0.62537533,0.5301996,0.47675815,0.44617796,0.3726584,0.20446084,0.087421946,0.12491136,0.2659303,0.064944014,0.102611974,0.03033884,0.2573002,0.13889524,0.0037397342,0.08788385,0.25094387,0.4130102,-0.12432466,0.07361874,0.012647595,-0.04318807,0.053632785,0.193904,0.41191605,0.18182918,0.26998672,0.26591176,0.19778617,-0.0979791,0.28042868,0.31245843,0.08234032,-0.15935342,0.16818114,0.37393823,0.18609203,0.33853614,0.28888,0.33380952,0.23995265,0.4466572,0.08573882,-0.042781815,0.35160136,0.5139976,0.5637762,0.51710844,0.25059497,0.53425723,-0.16995402,-0.11132668,0.083928935,0.06643864,-0.46923807,-0.42336133,-0.04622946,0.14480159,-0.22313155,-0.25487164,-0.28482333,-0.19939277,0.07971416,0.070041604,0.05627101,-0.0038833267,-0.05637314,-0.13380128,-0.29112127,-0.081577115,-0.15676665,0.05541521,-0.051136483,0.00956212,0.2696842,0.38313866,0.012801195,-0.013340837,0.008673847,-0.089741744,-0.08051317,0.011446937,-0.123776995,-0.1415468
0.5348025,0.07510502,0.5210203,0.31751427,-0.17906207,0.30638164,0.5541908,0.32901925,0.32941172,0.27069667,0.7160167,0.6101661,1.0,0.64765614,0.54686975,0.46477884,0.50399464,0.50633895,0.5763005,0.46080217,0.122341156,0.019818008,0.5652215,0.39282587,0.2723135,-0.113824055,0.12532294,0.3785785,0.65631294,0.6048335,0.48323584,0.41797313,0.41314068,0.2245238,0.39954197,0.37648818,0.38566688,0.2454484,-0.0076047634,0.022853885,0.2073789,0.09187036,0.12267761,0.008664095,0.2985641,0.09521355,-0.020709112,-0.043917734,0.3297109,0.39074337,-0.036370512,0.06864586,0.099833466,-0.17832348,0.046472963,0.1592826,0.45910674,-0.029942948,0.33803248,0.019610161,0.2785045,-0.16591531,0.36392453,0.002521093,0.2694018,-0.1814939,0.22458585,0.25875753,0.24279085,0.31540793,0.46403518,0.4221288,0.52290606,0.62021554,0.35097516,0.2885963,0.5462189,0.5592787,0.5050932,0.4597697,0.5211356,0.5216693,0.12531017,0.1052727,0.4456814,0.046590816,-0.14945945,-0.2539362,0.25672913,0.07379124,0.044433102,-0.055251446,-0.032678068,0.061938904,0.08659764,-0.010157246,0.07684724,-0.011995239,-0.0005627311,-0.11526994,-0.053195905,-0.016300803,0.03908123,0.22867756,-0.004242307,0.089096986,0.28523743,0.3884763,-0.07167774,-0.049413748,0.009866026,-0.07046712,0.04707016,0.20762335,-0.045828637,-0.11988103
0.41131553,0.31382707,0.3156184,0.49002123,-0.102229394,0.053124085,0.39061904,0.6325621,0.38199574,0.27708793,0.5318763,0.71378666,0.64765614,1.0,0.45035467,0.45417407,0.3751072,0.55182815,0.54902816,0.5142963,0.022668736,0.107074864,0.5322006,0.39533657,0.1574583,-0.1633466,-0.05547405,0.30450228,0.53766024,0.6404912,0.40026557,0.4892998,0.41080353,0.24495785,0.4257028,0.5745275,0.23794279,0.1841329,0.020683989,0.04934862,0.010798953,-0.070829004,-0.0050936155,-0.040429123,0.24757183,0.16455808,-0.14211902,-0.07741522,0.23724473,0.32620707,-0.16137262,0.19332808,-0.02010651,-0.1619838,-0.10948474,0.18217911,0.31767055,0.21809818,0.34039968,0.10256505,0.21504804,-0.07601013,0.21268359,0.24140552,0.16125223,-0.018482288,0.1864902,0.3340297,0.36795557,0.31635886,0.35844526,0.38215044,0.2681648,0.4487313,0.110085785,0.04411028,0.4317687,0.52559876,0.5410421,0.49616885,0.37552887,0.7174425,0.06333895,0.21333487,0.32236174,0.35327786,-0.15959705,-0.109041266,0.1646405,0.3432461,-0.18577194,-0.09088863,-0.010512577,0.024609063,-0.05355407,-0.064016506,-0.11215385,-0.14039016,-0.23557207,-0.25273827,-0.09246884,0.15528506,-0.1112769,0.13907301,-0.046975188,0.041254282,0.23699689,0.3052747,-0.16887394,-0.060883738,-0.10192466,-0.24753502,-0.21213685,-0.03972168,-0.22457434,-0.28272495
0.4841853,0.09926734,0.42861483,0.39811373,0.19258784,0.43835005,0.48382512,0.27771813,0.72672844,0.608606,0.32616925,0.37943098,0.54686975,0.45035467,1.0,0.78368866,0.06498122,0.16517411,0.57504576,0.5341693,0.1364242,-0.048437513,0.58907646,0.3841582,0.5292004,0.2573794,0.3696024,0.5930936,0.5916478,0.6498034,0.49570125,0.41275564,0.4348394,0.14872673,0.21126975,0.11558258,0.5084114,0.34877032,0.42469952,0.410656,0.44806486,0.25285175,0.18907917,0.11864744,0.46481758,0.025210295,0.14920142,0.12879115,0.32393458,0.4432417,0.0015983687,0.08248623,0.30467704,-0.06831512,0.24791083,0.36912775,0.34470582,0.09043873,0.3494311,-0.14821617,0.18293345,-0.18648636,0.2434013,-0.0063952045,0.3861335,0.022030717,0.31860614,0.24666952,0.34477037,0.45015866,0.36389586,0.46076897,0.30522853,0.3484121,0.044957727,-0.04364013,0.37911013,0.42822546,0.25561944,0.36980873,0.50517035,0.4047512,0.43999663,0.36087325,0.42178127,0.22602348,-0.008604894,-0.019604137,0.35310963,0.24359499,0.021389155,-0.09941657,-0.032900583,0.079003096,0.34917226,0.15200663,0.19431168,0.095817015,0.03294684,-0.0657799,0.123396724,0.21266331,0.20465945,0.35228783,0.13616334,0.27653122,0.40468994,0.4243136,0.02645816,0.29815263,0.13965248,-0.048155896,0.03414237,0.15322565,-0.04194259,-0.040609367
0.3608022,-0.009318445,0.34743544,0.27240565,0.29727533,0.45158422,0.32809106,0.16721423,0.7096917,0.7240581,0.16386645,0.26884466,0.46477884,0.45417407,0.78368866,1.0,-0.011032133,0.10343433,0.47474545,0.46319622,0.113714956,-0.052534636,0.4764158,0.36126876,0.53504294,0.3427963,0.42033377,0.5135564,0.45074207,0.5615,0.33811077,0.27928782,0.2473938,-0.02101728,0.12780398,0.09362376,0.362352,0.34285772,0.3724997,0.3549769,0.3088515,0.25848445,0.037249275,-0.0450086,0.29013628,-0.073047705,-0.03512113,-0.03861475,0.27767256,0.26145545,-0.0722634,0.07104156,0.14391562,-0.16408108,0.0940706,0.32198608,0.25596827,0.052216314,0.2792068,-0.17501564,0.13272958,-0.15250213,0.12304631,-0.09696347,0.25773942,0.039056227,0.21025443,0.09958908,0.31996223,0.37959984,0.34762844,0.42019182,0.3641215,0.307608,0.09787626,0.04125433,0.36462238,0.4041978,0.13926998,0.26769653,0.42104852,0.47249472,0.5880683,0.6173556,0.5130479,0.30516487,0.115821645,0.12887529,0.42225057,0.3252786,-0.026689742,-0.020962138,0.032144208,0.12754078,0.215763,0.059188224,0.06397671,0.008784309,-0.08830536,-0.14599508,0.1322399,0.24823284,0.11397229,0.3348281,0.050882727,0.09555496,0.3676759,0.24435368,-0.05836671,0.18102612,0.030807605,-0.12998949,-0.01608768,0.10019777,-0.1315155,-0.1393051
0.35703644,0.041540757,0.3221853,0.26117006,-0.2667134,0.078080915,0.4485573,0.268867,-0.10451494,-0.16803522,0.7398637,0.45801944,0.50399464,0.3751072,0.06498122,-0.011032133,1.0,0.7411624,0.30499533,0.21893884,-0.03167981,0.020522727,0.25032014,0.1916495,-0.04896795,-0.21540758,-0.097048365,-0.05415062,0.6344771,0.41179532,0.40478766,0.38159636,0.44494238,0.36234528,0.5538816,0.49869317,0.086562544,0.043765634,-0.09556682,-0.17600656,-0.04731693,-0.07455349,0.33910668,0.25449935,0.21852054,0.068401635,0.21742138,0.19738778,0.24808718,0.18839096,0.18070626,0.19441962,0.11047779,0.0064326734,0.12722678,0.03585833,0.40132844,-0.060035318,0.09891149,0.019716898,0.36222416,-0.1738138,0.440457,0.11628983,0.10851556,-0.12384425,0.31471825,0.418456,0.24291271,0.18200232,0.38426623,0.3776825,0.41582763,0.5077254,0.32808018,0.23314969,0.43429464,0.3927689,0.71208584,0.47907498,0.51986843,0.23293628,-0.1479338,-0.27258587,0.08254857,-0.09235403,-0.16392493,-0.24300487,-0.023617964,-0.058271866,0.1175314,-0.05201082,-0.025485411,-0.09974491,0.11510081,0.10472056,0.20167392,0.15858208,0.1939574,0.1577957,-0.0073152017,0.019936284,0.1351394,0.057955388,0.1993734,0.1470335,-0.097160324,0.19552971,0.04810817,-0.021477992,0.18474568,0.1609534,0.1167486,0.20480907,0.17520906,-0.002949643
0.39357314,0.11700852,0.416113,0.3740276,-0.25266525,0.07031532,0.52863824,0.382103,0.03339351,-0.13510683,0.70970464,0.6292802,0.50633895,0.55182815,0.16517411,0.10343433,0.7411624,1.0,0.42297834,0.31598544,-0.061290275,0.04060139,0.37429762,0.22604166,0.020290175,-0.3180417,-0.13979442,0.03212837,0.6236252,0.5498544,0.44748464,0.4381132,0.5526008,0.42563143,0.5304688,0.52525175,0.1279378,0.035458006,-0.13172822,-0.21559124,-0.03431087,-0.16667697,0.21800353,0.100382045,0.16336739,0.07242214,0.059437428,0.084478214,0.18482053,0.26366144,0.05026947,0.15095983,0.10367056,-0.0571976,0.011594384,0.07084691,0.39530414,-0.00022433084,0.15592486,0.084742114,0.30373773,-0.091749035,0.4393429,0.14161155,0.11386622,-0.22050771,0.24771674,0.36746484,0.21854125,0.26815596,0.45549628,0.3934074,0.42812744,0.576824,0.31135434,0.13553327,0.4740874,0.5007836,0.71035767,0.660702,0.55748594,0.39503944,-0.0018818923,-0.2223458,0.124530286,-0.120662294,-0.15386534,-0.334092,0.07112017,0.082206346,-0.037593704,-0.14700937,-0.097018845,-0.23020153,0.019552795,0.03502331,0.09271462,0.0519789,-0.0034413831,0.0034556105,-0.105850324,-0.03256247,-0.006105168,-0.016090922,0.16394961,0.09244816,0.10951821,0.29955992,-0.08222915,-0.10337423,0.08040122,-0.00737763,-0.0665624,0.050854072,0.0113152675,-0.10553322
0.73554045,0.28408453,0.74294347,0.65166223,-0.112948835,0.18477142,0.71314895,0.39981872,0.308153,0.17886575,0.5511979,0.55032206,0.5763005,0.54902816,0.57504576,0.47474545,0.30499533,0.42297834,1.0,0.7485713,0.120800845,0.03998742,0.7499074,0.6798826,0.33111125,-0.114486024,0.10284713,0.37071034,0.59836984,0.58790493,0.4958758,0.48253065,0.6019504,0.34215143,0.5798579,0.4307962,0.39294565,0.22147161,0.33313748,0.27705777,0.29602158,0.104636155,0.39165625,0.2358023,0.5009443,0.17545879,0.23611146,0.25409716,0.30864933,0.43142104,0.15132,0.3264848,0.38418454,-0.002813154,0.2871851,0.33719173,0.6540628,0.3142676,0.4952345,0.07035882,0.52808523,-0.15246966,0.52570844,0.19576444,0.5191543,0.12627175,0.5062266,0.50815314,0.5685237,0.5004352,0.39912745,0.2917549,0.2835493,0.44811153,0.20029905,0.077977516,0.34950864,0.44844294,0.43363714,0.54372084,0.56294775,0.51856124,0.1441408,0.12926066,0.46397296,0.1724417,-0.14413531,-0.2053912,0.24174654,0.2249894,0.05125612,-0.11523457,-0.07291953,-0.021148724,0.29527035,0.26640984,0.25621596,0.23381671,0.0017150439,0.0028843011,-0.048652206,0.07862669,0.12163885,0.23905417,0.15386511,0.2698241,0.2958025,0.3842687,0.13343564,0.26103744,0.25217316,0.04415789,0.053029306,0.21184994,0.03601199,0.06737847
0.63799757,0.3669913,0.48740324,0.73003757,-0.11106933,0.0900162,0.6183495,0.5326668,0.32437944,0.1815599,0.43922445,0.475512,0.46080217,0.5142963,0.5341693,0.46319622,0.21893884,0.31598544,0.7485713,1.0,-0.020186493,0.041697796,0.57045954,0.4581526,0.22942728,-0.07341278,0.018196523,0.2992288,0.49622533,0.47538802,0.40043133,0.49713993,0.44573164,0.1466725,0.45924503,0.3791752,0.30665666,0.14948119,0.31258136,0.23795307,0.25633574,0.030609487,0.32758787,0.36696854,0.585915,0.15548706,0.2277292,0.305356,0.33370155,0.37545222,0.11901223,0.36749193,0.31322765,-0.02466932,0.3245812,0.40710577,0.6142105,0.4581887,0.58403784,0.076013304,0.5398761,0.031331386,0.54173136,0.4358763,0.56584305,0.2191117,0.51772594,0.6531832,0.5861302,0.46359143,0.4754552,0.34483662,0.2991241,0.33000684,0.25132084,0.14289331,0.41406405,0.5222604,0.34259284,0.45261738,0.44943848,0.4898912,0.12571521,0.13106634,0.2583017,0.28784242,-0.18228205,-0.1561379,0.15307575,0.36981538,-0.021459222,-0.12621418,-0.19475533,-0.04923768,0.26769695,0.20933332,0.17213216,0.18249813,0.02801115,0.074574806,-0.14312078,0.07213401,0.09087563,0.17815216,0.19639644,0.304348,0.32802814,0.37794846,0.14436406,0.22914101,0.18702434,0.13472158,0.13214995,0.22665067,0.010680314,0.11485815
-0.12563537,-0.1398051,0.14677802,0.019851264,0.39575684,0.2929866,-0.07667637,-0.08992842,0.2646683,0.14757045,-0.087523416,0.036578134,0.122341156,0.022668736,0.1364242,0.113714956,-0.03167981,-0.061290275,0.120800845,-0.020186493,1.0,0.56722873,0.20231125,0.30364603,0.20239516,0.2445421,0.19210505,0.29602703,0.16210008,0.34175098,0.35338572,0.02353812,0.08368847,0.1887932,0.12036785,0.059854627,0.4735231,0.5368669,0.03774085,0.18918078,0.50678045,0.54930586,0.075037554,-0.10898022,-0.075684644,0.22286528,-0.070003636,-0.094540864,0.05393105,0.020249583,-0.10355936,-0.045044027,-0.1664449,0.08801535,-0.10650172,-0.070657775,-0.120512664,-0.16381137,0.011038896,-0.09178555,-0.20020257,-0.024273222,-0.22370456,-0.25986087,-0.20106393,0.033414114,-0.029569527,-0.106841326,-0.006682772,-0.017434223,-0.33366185,-0.22352664,0.0533792,0.2759719,0.080301,0.22860657,-0.14608774,-0.20783722,0.011690834,0.30602348,0.17436735,0.06555925,0.00040345135,0.084575295,0.0077365437,0.09185652,-0.17167453,0.061879728,0.13351332,-0.015784152,-0.005924948,0.03247456,0.08811091,0.26412123,0.08143951,0.055464037,0.08807108,-0.007964277,-0.08941364,-0.12425469,0.03527465,0.08177981,-0.04535843,0.005437917,-0.21529695,-0.25008267,-0.12524232,-0.12836225,0.023379114,0.14335728,-0.054851606,-0.190447,-0.09622319,0.042854995,-0.03064971,-0.08787284
-0.1592844,0.2979023,-0.086275674,0.06970955,0.00025254188,-0.23760644,-0.2173671,0.20371966,0.048308883,-0.10834734,-0.08248453,0.2290101,0.019818008,0.107074864,-0.048437513,-0.052534636,0.020522727,0.04060139,0.03998742,0.041697796,0.56722873,1.0,0.007177418,0.14618033,-0.13776743,-0.16157028,-0.29950997,0.037686657,0.14501226,0.25956815,0.090342775,0.13213754,-0.045068376,0.15121256,0.066524126,0.12607105,0.3804742,0.45408162,-0.16538075,0.06697905,0.4322102,0.4316691,-0.05963049,-0.14166735,-0.16169965,0.31242478,-0.18165569,-0.15343828,-0.029118953,0.046583787,-0.14384653,-0.042841572,-0.38977572,0.03442589,-0.27845293,-0.13924292,-0.17398569,0.11796952,0.11714654,0.24274245,-0.18853855,0.25637785,-0.27976826,0.20434326,-0.34188086,0.0915183,-0.010195796,0.002647649,0.09101892,-0.04983754,-0.29220137,-0.12470597,0.010288073,0.18120001,0.09279273,0.17038088,-0.029630577,-0.030612884,0.08000979,0.15575537,-0.061569963,0.18570659,-0.291311,-0.037289258,-0.20563476,0.21451898,-0.4341211,-0.08503132,-0.19494797,-0.049515534,-0.23138522,-0.11454555,-0.11070164,0.088838734,-0.1018754,-0.10097714,-0.19389285,-0.20814778,-0.14370465,-0.1862514,-0.2564121,-0.116644956,-0.2178551,-0.0674362,-0.2851782,-0.27757013,-0.13028798,-0.00956836,-0.062818594,-0.09359951,-0.22632352,-0.22264361,-0.11959904,-0.05776289,-0.17223829,-0.11613275
0.52422553,0.086550094,0.7620618,0.6150431,0.098216094,0.37102222,0.6802878,0.3880374,0.44294417,0.3490831,0.47948885,0.46113834,0.5652215,0.5322006,0.58907646,0.4764158,0.25032014,0.37429762,0.7499074,0.57045954,0.20231125,0.007177418,1.0,0.7540887,0.5041148,0.079020984,0.28005156,0.4464902,0.5553193,0.54231757,0.6266069,0.58431035,0.56855214,0.33390713,0.47599816,0.38990653,0.34919298,0.16962388,0.20322728,0.15268314,0.20395687,0.04327249,0.27065644,0.09776783,0.42188844,0.16839972,0.099817365,0.07773671,0.24794455,0.34385458,0.030185554,0.2305238,0.3280266,-0.116538845,0.16552414,0.18959086,0.43993902,0.06027794,0.30232322,-0.14643174,0.30280426,-0.16478477,0.36811465,0.03227605,0.31394365,-0.06539343,0.34642527,0.32187694,0.328129,0.35415152,0.49692756,0.4426863,0.35377964,0.4668885,0.25637257,0.16726601,0.4495479,0.48302352,0.37640464,0.4514112,0.53186285,0.4427078,0.2529072,0.13637042,0.3930075,0.12987079,-0.0071721454,-0.07190475,0.17196597,0.12593852,-0.031757843,-0.08475268,-0.029078761,0.04147005,0.1986217,0.12469352,0.14454685,0.11426291,-0.057802536,-0.12375851,0.037198763,0.09807924,0.108560376,0.28196305,0.1857389,0.25842392,0.386021,0.4539367,-0.017237622,0.12765685,0.12690172,-0.06546774,-0.03847515,0.15221316,-0.06889208,-0.02962314
0.42714965,0.09672056,0.6518616,0.53443766,0.09940623,0.28983137,0.45976254,0.22118422,0.26764244,0.26034656,0.33068588,0.32309118,0.39282587,0.39533657,0.3841582,0.36126876,0.1916495,0.22604166,0.6798826,0.4581526,0.30364603,0.14618033,0.7540887,1.0,0.42783156,0.06415415,0.21562834,0.3716778,0.46469355,0.4530344,0.51749164,0.44747508,0.44797212,0.30915743,0.5176734,0.41285884,0.26556522,0.16685487,0.1967841,0.1613469,0.104508586,0.041628394,0.23995446,0.0649677,0.31944114,0.15806931,0.07492358,0.066623956,0.1555986,0.2512444,0.05921529,0.18396384,0.20961508,-0.054803368,0.113056496,0.1479696,0.3938184,0.1048721,0.3097479,-0.08819467,0.29764906,-0.14664884,0.26663402,0.024081219,0.1822031,0.01785419,0.33697212,0.28804556,0.37411565,0.30705115,0.28074414,0.22732416,0.22751683,0.47076756,0.25802323,0.23055118,0.2544214,0.278101,0.29287383,0.35812268,0.42361858,0.41345868,0.16538031,0.23502271,0.39228308,0.21649912,0.004224105,-0.010235134,0.17815971,0.09175772,0.022724168,-0.050016657,0.022157626,0.095188744,0.1379318,0.16566925,0.11927728,0.11571255,-0.06378076,-0.07607766,0.013674254,0.079996936,0.07869062,0.22042839,0.03340205,0.15267375,0.21695638,0.24039029,-0.0036923462,0.19736391,0.11162641,-0.086869895,-0.05113976,0.12496556,-0.023617849,0.027346961
0.23303224,-0.13021256,0.35304257,0.15702628,0.47338134,0.66826344,0.25743684,-0.17388299,0.61723816,0.6728169,0.09855807,0.0034523306,0.2723135,0.1574583,0.5292004,0.53504294,-0.04896795,0.020290175,0.33111125,0.22942728,0.20239516,-0.13776743,0.5041148,0.42783156,1.0,0.58995503,0.5941094,0.5883823,0.26823482,0.27828783,0.40820616,0.19838569,0.25214896,0.009540456,0.18958531,0.09888592,0.30463085,0.11651716,0.25575918,0.1614837,0.09331545,-0.01588792,0.18670247,0.018604502,0.3235729,0.15938185,0.08595963,0.015774691,0.3601582,0.26191846,0.22373231,0.14961664,0.26241288,0.02979083,0.08771936,0.1440646,0.1618707,-0.073417835,0.13154824,-0.20712084,0.09551146,-0.081450716,0.07819625,-0.28342316,0.22287989,-0.069037676,0.29448837,0.0782132,0.16677415,0.40481287,0.3437456,0.3452944,0.24417754,0.31498298,0.0731756,0.09700447,0.32545498,0.2515357,0.019805262,0.14155768,0.38467085,0.21189702,0.5380587,0.43643922,0.47912425,0.12733324,0.27506676,0.15760598,0.32016888,0.09787643,0.15060742,0.17685905,0.1797837,0.19982393,0.21811941,0.08372985,0.15626477,0.1314593,0.01356998,-0.074536,0.26230055,0.17723197,0.14027427,0.3419341,0.08158594,0.109383374,0.21741197,0.12570246,0.0054364996,0.25456285,0.144241,-0.036442243,0.09459894,0.18092118,-0.019787734,-0.046825502
-0.18768804,-0.37169507,-0.04219486,-0.1208097,0.76187885,0.56650764,-0.13734847,-0.3026751,0.57524467,0.6295154,-0.299218,-0.39176315,-0.113824055,-0.1633466,0.2573794,0.3427963,-0.21540758,-0.3180417,-0.114486024,-0.07341278,0.2445421,-0.16157028,0.079020984,0.06415415,0.58995503,1.0,0.65449935,0.26838997,-0.08263915,0.018598804,0.19637154,0.015892275,-0.10304191,-0.1770671,-0.09137456,-0.070445314,-0.025175408,0.037290856,0.22104235,0.15243478,-0.027162604,0.10049431,0.06790505,0.06739068,0.116760634,0.011160537,0.07448087,0.0132984985,0.04912408,-0.037748806,0.08002695,0.108311124,0.06515668,0.003531281,0.07181158,0.114153296,-0.28572497,-0.23272547,-0.19699569,-0.45148757,-0.19160433,-0.075984225,-0.26128098,-0.3094236,0.0125927515,0.039818812,0.040095143,-0.1454374,-0.04412257,-0.065598406,-0.005276305,0.1582894,0.02382674,-0.0714627,-0.059146017,0.118572205,-0.05875531,-0.16459307,-0.26426375,-0.097651884,0.11478796,-0.13335079,0.5117057,0.4111273,0.13982642,0.24560323,0.4840588,0.6097669,0.2602853,0.27323797,0.2529049,0.43050793,0.4130888,0.4292335,0.23680578,0.06845481,0.16836716,0.19431145,0.13322368,0.045251,0.52586234,0.4920133,0.33862004,0.37373298,0.17730406,0.10891639,-0.11713296,-0.20150974,0.066925354,0.24559069,0.12893508,0.072204754,0.15782823,0.25030237,0.18767348,-0.013567924
0.094406374,-0.44513547,0.29331994,-0.033543907,0.5699065,0.6775138,0.1281986,-0.3409951,0.44849932,0.5669646,-0.1091406,-0.24880794,0.12532294,-0.05547405,0.3696024,0.42033377,-0.097048365,-0.13979442,0.10284713,0.018196523,0.19210505,-0.29950997,0.28005156,0.21562834,0.5941094,0.65449935,1.0,0.39985007,0.055364206,0.115732595,0.26920506,-0.043717258,0.058970828,-0.087917514,0.029607253,-0.122135125,0.037639633,0.02851065,0.22982267,0.13180883,0.039185066,0.056880664,0.16243753,0.023588197,0.23420082,-0.0078908065,0.122427516,0.052563805,0.09387548,-0.0013287696,0.103669465,0.07166073,0.23931925,-0.021187648,0.14818165,0.18997623,-0.010829647,-0.2146069,-0.14879735,-0.44418296,0.015325041,-0.22998796,0.007957164,-0.46630105,0.1827627,-0.038756244,0.10512322,-0.1791758,-0.019092865,0.052779116,0.17744151,0.23187517,0.1712844,0.080305,0.07596341,0.12972514,0.041294128,-0.028735753,-0.20103917,-0.014824311,0.3054016,-0.071839966,0.61181444,0.42105395,0.43022147,0.015890628,0.5269846,0.41147694,0.49322373,0.13893284,0.37276828,0.33605176,0.38359928,0.31613356,0.22060545,0.08431593,0.2106386,0.17550021,0.13894732,0.1207201,0.5594915,0.3259917,0.43451047,0.38335744,0.28013125,0.23849607,0.0956427,0.01883071,0.03739624,0.26533377,0.1923135,0.09317228,0.18584116,0.23850466,0.15767732,0.0156281
0.24081881,0.05534454,0.25507283,0.23222744,0.3216582,0.4141925,0.23303126,0.046373274,0.5624695,0.44723004,0.1636926,0.26652944,0.3785785,0.30450228,0.5930936,0.5135564,-0.05415062,0.03212837,0.37071034,0.2992288,0.29602703,0.037686657,0.4464902,0.3716778,0.5883823,0.26838997,0.39985007,1.0,0.3892267,0.47778532,0.4754362,0.24505708,0.34312823,0.124220364,0.13901632,-0.005201591,0.44788417,0.23555915,0.36270413,0.3617234,0.35993436,0.22260424,0.18086822,0.056297354,0.4024588,0.21487923,0.11502799,0.080421336,0.42184585,0.40191793,0.006185522,0.034265336,0.19482945,-0.029493593,0.14016871,0.20119421,0.19963044,0.10947455,0.2667676,0.05410169,0.097128354,-0.053784493,0.072870396,-0.05193492,0.18156238,0.030998442,0.21045287,0.1355507,0.19008763,0.43626648,0.1144102,0.19528118,0.11046424,0.33454034,0.0013997876,0.0065994537,0.15714692,0.18849346,0.10698537,0.3320956,0.308455,0.28515095,0.26540798,0.2384195,0.30658814,0.13861221,-0.03248848,-0.08208217,0.26650694,0.09254673,-0.014734943,-0.058212187,-0.007968955,0.07969185,0.29593143,0.20861483,0.22142118,0.10117451,-0.02441756,-0.12843058,0.08878808,0.07021816,0.018006785,0.2369178,0.027526768,0.017384753,0.34531638,0.18238327,0.12293478,0.27285093,0.1059681,-0.07592808,0.004801734,0.07184875,-0.027357789,-0.045727458
0.4691092,0.14114082,0.50220233,0.4218293,-0.12874442,0.26208347,0.5722019,0.33004123,0.32976773,0.18728998,0.6915105,0.6158143,0.65631294,0.53766024,0.5916478,0.45074207,0.6344771,0.6236252,0.59836984,0.49622533,0.16210008,0.14501226,0.5553193,0.46469355,0.26823482,-0.08263915,0.055364206,0.3892267,1.0,0.75668955,0.620974,0.55167925,0.6301531,0.44568485,0.555492,0.44300452,0.42916733,0.28532642,0.1992013,0.13859881,0.34097794,0.13464887,0.34110898,0.18360226,0.36242816,0.0962581,0.20400392,0.17475154,0.38017526,0.44133452,0.10297432,0.1441011,0.26202393,-0.018883822,0.19163571,0.19729915,0.4722326,0.05970764,0.32375008,-0.00039790475,0.33368605,-0.14314777,0.39389727,0.09405803,0.21000172,-0.048175905,0.3759825,0.42162925,0.37266728,0.44150767,0.4096434,0.44617346,0.46177647,0.62965214,0.2688287,0.16084674,0.5019365,0.51639044,0.7064726,0.6277389,0.6532598,0.4729199,0.084633954,0.010951289,0.2867255,0.09414241,-0.21860613,-0.24688648,0.16522323,0.090818726,0.006884629,-0.16321127,-0.11946359,-0.023524255,0.26180705,0.17494693,0.23000847,0.13719924,0.059001833,0.00202854,-0.031330056,0.073666714,0.10824459,0.16251957,0.07979426,0.11205504,0.18393463,0.3383737,0.029378477,0.15053192,0.15167148,-0.0022126546,0.0060096835,0.14713258,-0.0025028074,-0.03232707
0.43251535,0.17021304,0.4211342,0.42453757,0.10205484,0.25151765,0.44392344,0.4033377,0.51877797,0.29164094,0.5171548,0.6278138,0.6048335,0.6404912,0.6498034,0.5615,0.41179532,0.5498544,0.58790493,0.47538802,0.34175098,0.25956815,0.54231757,0.4530344,0.27828783,0.018598804,0.115732595,0.47778532,0.75668955,1.0,0.6423322,0.50328726,0.5722095,0.40545267,0.44955173,0.426482,0.5139065,0.46747643,0.23720291,0.28216508,0.4266357,0.26218736,0.23331542,0.064343974,0.3100847,0.21403398,0.071430266,0.07663206,0.2902913,0.40659285,0.005406763,0.1468644,0.12328172,-0.036633212,0.047539894,0.15614177,0.3546937,0.13717161,0.3627123,-0.038540523,0.24041584,-0.08337428,0.26479736,0.119903035,0.184454,0.04684005,0.3000488,0.3255637,0.41555622,0.39236793,0.20631386,0.35379633,0.2869864,0.6107086,0.10621498,0.069619134,0.29741544,0.3723454,0.5652034,0.7402021,0.6166453,0.5447148,0.1679685,0.16012892,0.30136397,0.21204996,-0.2171625,-0.12915306,0.24182217,0.16001791,-0.10069495,-0.16352485,-0.023196723,0.051287066,0.25564003,0.17830874,0.17636907,0.07606288,-0.09199969,-0.16382027,-0.00079078693,0.21993402,0.026069203,0.14247607,0.025379451,0.04653898,0.15016507,0.29304016,0.009412249,0.2151716,0.10599693,-0.1532561,-0.14817613,0.047220714,-0.071853995,-0.182272
0.3307399,-0.02885862,0.50246537,0.52055985,0.23596646,0.42657408,0.51355433,0.23383372,0.43078923,0.2055119,0.47336382,0.44410837,0.48323584,0.40026557,0.49570125,0.33811077,0.40478766,0.44748464,0.4958758,0.40043133,0.35338572,0.090342775,0.6266069,0.51749164,0.40820616,0.19637154,0.26920506,0.4754362,0.620974,0.6423322,1.0,0.6337993,0.65942174,0.43097785,0.5729832,0.42681816,0.41566315,0.17812128,0.32250887,0.22134988,0.19993912,0.058530383,0.40787202,0.28349707,0.42540777,0.16606912,0.2741722,0.27283233,0.32895768,0.33985463,0.059985604,0.14800136,0.22644548,-0.029921826,0.27693897,0.147183,0.30947918,-0.06656177,0.23162173,-0.1116231,0.1982624,-0.16442174,0.25173557,0.003959072,0.11308248,-0.1972741,0.40109462,0.3996257,0.22645827,0.3151439,0.33147442,0.37439835,0.3319655,0.6029687,0.2535347,0.21036226,0.37526992,0.33475763,0.43486285,0.5981107,0.56894743,0.2650025,0.17634268,-0.12553681,0.083615504,-0.022018446,-0.06206393,-0.118657224,0.05825442,0.08500112,-0.017192163,-0.06763179,-0.0954628,-0.011667443,0.385509,0.3207548,0.3672223,0.28685203,0.16106276,0.012178948,0.06452268,0.15460385,0.14117642,0.19325994,0.2293861,0.17244059,0.091857515,0.26659653,0.18481815,0.29726106,0.26288834,0.1003431,0.06983416,0.23429894,0.146156,0.012713982
