1.0,0.6460485,0.7500799,0.51053333,-0.094363384,0.14501415,0.78380746,0.39191592,-0.1499394,0.24800569,0.77839684,0.5185221,0.69255316,0.33835512,0.19665454,-0.31892794,0.5790093,0.3510166,0.7708554,0.7513254,-0.23004201,-0.39029795,0.34904364,0.22619884,-0.17625992,-0.11034685,-0.43873602,0.17591001,0.59394246,0.5926966,-0.04183704,0.1678859,0.66376406,0.4984208,0.61490947,0.16293539,0.28455138,0.2984652,0.34799302,0.30972534,0.17549944,0.05625276,0.70734257,0.7172004,0.5815763,-0.008601817,0.5916063,0.6157779,0.25318885,0.09565928,-0.14420103,0.06814213,0.14507101,0.03665138,0.5549154,0.39118433,0.905153,0.45733494,0.38837734,0.33703515,0.7514137,-0.2720328,0.6024267,0.4079341,0.5675514,-0.10560734,0.6942579,0.7395324,0.76861763,0.78492373,-0.28042027,-0.3932075,0.0759161,0.3388053,0.22469619,0.22880468,0.22065431,0.18819821,0.54956466,0.50229496,0.68631136,0.23960982,0.006402759,-0.30831593,0.65936816,-0.1713297,-0.28824607,-0.22251108,0.5526755,0.0023991785,0.53466475,-0.06474109,0.38994777,0.05189125,0.18314989,0.30614546,0.33222905,0.48142788,0.5546118,0.47381192,0.06080603,-0.025553608,0.1528538,0.13325548,-0.0012559204,0.11408001,-0.12898465,-0.12484848,0.1458797,0.3986393,0.44991568,0.397761,0.087521106,0.1304278,0.102143854,0.3405565
0.6460485,1.0,0.43064842,0.6662681,0.2718256,-0.063563704,0.37720037,0.65576243,-0.20031972,0.12058113,0.45173457,0.69208664,0.2769899,0.55753314,-0.13429384,-0.006662019,0.3538428,0.5830502,0.5249713,0.60380477,-0.2239013,-0.22791687,0.102058694,0.22671472,0.121062845,-0.20969251,-0.121850796,0.04857047,0.4782276,0.52414834,0.024202397,0.065542616,0.5230856,0.5277339,0.5272727,0.11588064,0.16676341,0.25050136,0.32433954,0.40404537,0.24272037,0.20327514,0.5587538,0.6691897,0.58602655,0.024524568,0.44583035,0.6137021,0.24674661,0.060499113,0.018428138,0.011798155,-0.02199114,0.10562036,0.42266977,0.53271306,0.59396756,0.8402354,0.22426464,0.41363698,0.5511806,-0.1411424,0.32598177,0.623009,0.24199289,0.088738084,0.63130033,0.7843278,0.59451276,0.7357915,-0.35459104,-0.17970619,0.042851374,0.111480355,0.14764325,0.13784656,0.20666379,0.16096409,0.39066905,0.3733528,0.31694987,0.6204737,-0.2615044,0.03678315,0.16127117,0.23111336,-0.4112187,0.042663753,0.38542202,0.23293075,0.21106987,0.119574524,0.3656053,0.025931833,0.057088148,0.19777529,0.24211808,0.40770075,0.42862603,0.542839,-0.002769322,-0.006733944,0.08950259,0.24665703,-0.015673619,0.12930669,-0.1220267,0.014688257,0.083637916,0.26445234,0.32497013,0.39270046,0.25332174,0.20809601,0.15407205,0.26482892
0.7500799,0.43064842,1.0,0.57913405,-0.1418703,0.19006068,0.8020885,0.409001,-0.1412238,0.11279861,0.5574524,0.32017264,0.5633725,0.24917413,0.15854286,-0.34412223,0.5122811,0.24650505,0.798623,0.6893949,-0.1156291,-0.34114787,0.60705036,0.4678585,-0.09663829,-0.083160296,-0.32979876,0.1915012,0.49788642,0.45524082,0.032490693,0.22170466,0.60832083,0.40994912,0.6357764,0.2874952,0.27876148,0.27613622,0.3254465,0.27163786,0.15208624,0.054161344,0.65495044,0.6557635,0.5847109,-0.016529944,0.55425566,0.512211,0.31779802,0.12503113,-0.115541026,0.047737297,0.12216368,0.010833352,0.49726215,0.3411052,0.7582252,0.3152978,0.37954488,0.31359366,0.6360123,-0.18331772,0.60276324,0.3064739,0.42776877,-0.11390968,0.717598,0.6369083,0.76968193,0.67894614,-0.082376175,-0.2419616,0.1849553,0.35414734,0.31109264,0.28639448,0.3282211,0.2871387,0.46774513,0.47987705,0.67398274,0.17620338,0.014055987,-0.3454958,0.62741643,-0.20809126,-0.30776295,-0.20745093,0.45723712,-0.019524934,0.49705178,-0.12364619,0.23261742,0.044896778,0.3356326,0.3321318,0.41291478,0.45400655,0.548484,0.41154143,0.15717404,0.09878247,0.2599809,0.17079517,0.12271742,0.25321546,0.12269638,0.16932917,0.13080269,0.4198294,0.46324608,0.41040623,0.11940955,0.13487059,0.18004417,0.45755604
0.51053333,0.6662681,0.57913405,1.0,0.28937438,0.066670164,0.33655703,0.6907362,-0.078610465,0.0038894557,0.22679572,0.34499362,0.14074373,0.39565712,-0.056284174,0.102161236,0.20769228,0.3639905,0.5841633,0.72038525,-0.2466296,-0.08242533,0.4189585,0.6766839,0.26240838,-0.020822901,-0.03424447,0.15762779,0.38794765,0.44150323,0.29546076,0.34057766,0.40233836,0.3208423,0.44522664,0.09346857,-0.021685554,0.029192505,0.14855981,0.21092547,0.089809746,0.11273769,0.43761295,0.5107241,0.48991588,0.04746033,0.29729676,0.38637814,0.24458009,0.13475588,0.012119547,-0.043652665,0.09096769,0.27153078,0.2813301,0.38151902,0.47403714,0.657264,0.20899932,0.35779658,0.5028119,-0.11384743,0.4003788,0.5851339,0.20658289,-0.09908285,0.62927073,0.5981009,0.58467895,0.6489439,-0.25116605,-0.114478104,-0.010065008,0.04322539,0.034390897,0.0035154351,0.13297276,0.13268971,0.20487237,0.25207198,0.29946283,0.614033,-0.056589928,0.18600418,0.18049505,0.39442137,-0.2637359,-0.016553124,0.2906116,0.27029416,0.3085925,-0.07111739,0.1107522,-0.021780772,0.095066234,0.03843062,0.17247555,0.19984826,0.40990123,0.50781727,0.25519958,0.07771672,0.32784078,0.4703357,0.29894295,0.38462868,0.20636861,0.1845427,-0.15312798,0.1409139,0.17519662,0.45766622,0.4234148,0.32447925,0.31223953,0.35096484
-0.094363384,0.2718256,-0.1418703,0.28937438,1.0,0.008219548,-0.2565058,0.2951062,0.43036982,0.26394862,-0.06780156,0.29899925,-0.09692777,0.4062501,0.024310878,0.54746443,-0.0260944,0.38385683,-0.15772778,-0.051897854,-0.03092407,0.19319583,-0.0030043384,0.307763,0.43506303,0.15712486,0.48255634,0.00095225824,0.18355879,0.28642792,0.37109995,0.17161603,-0.14466502,-0.105554976,-0.028444868,-0.17807251,-0.14744079,0.005327338,0.030062478,0.3044043,0.16097666,0.28333947,-0.12319739,0.044957586,0.0734022,0.18783766,-0.100348145,0.12417701,0.03558373,-0.030950312,0.23683028,-0.19765787,0.008339218,0.35674465,0.059848104,0.3111719,-0.11038487,0.3619322,-0.108633876,0.0944151,-0.033619408,0.21441364,-0.17998454,0.2506959,-0.13308156,-0.026137058,0.07044362,0.03447286,-0.0016000503,-0.015605947,-0.0001913871,0.24012712,-0.0017514242,-0.114948675,-0.14361592,-0.09182468,0.02297786,-0.01890186,-0.10843233,0.008484896,-0.101595856,0.6260263,0.026020182,0.5518199,-0.31011596,0.6565106,0.15429725,0.40358168,0.18451348,0.54542863,-0.064035594,0.11891673,0.023040982,-0.09121921,-0.12806149,-0.24270357,-0.069946416,0.04496314,0.14341535,0.33348793,0.046109054,0.085386895,0.05556893,0.16291934,0.19273579,0.16518351,0.111044124,0.09835911,-0.10773022,-0.07620012,-0.03268118,0.22834493,0.25029093,0.23224232,0.28066763,0.110069536
0.14501415,-0.063563704,0.19006068,0.066670164,0.008219548,1.0,0.08895077,-0.061747,0.4846463,0.5582246,0.30480418,-0.099082954,0.26800647,-0.034863144,0.65197253,0.32127887,0.14357266,0.066437244,-0.022690045,-0.066783994,0.3419734,0.33886656,0.3714978,0.39409018,-0.23464987,0.2367251,0.27441525,0.5652304,0.32220358,0.27889594,0.035114728,0.18357962,-0.0039555007,-0.065718845,0.16674373,-0.05945948,0.3372065,0.3502697,0.3782867,0.34383696,0.40648383,0.46856788,0.2245973,0.092660874,0.1004553,-0.058846626,0.20220666,0.15357578,-0.05584718,-0.21140923,0.10134546,0.18793613,0.064610615,0.1084208,0.3644793,0.21049829,0.13645747,-0.16286634,-0.24683836,0.064161465,0.026644496,0.2749985,-0.058893193,-0.2997186,-0.020002645,-0.15419845,0.27848166,-0.025849557,0.18491085,-0.060916487,0.119004436,0.033821665,0.0023997924,0.2605595,0.10477132,0.124168865,-0.0371414,-0.1612849,-0.07416287,0.19573912,0.26934978,-0.03243247,0.43568426,0.0136912875,0.38061485,0.012306176,0.17234525,0.041422218,0.43900266,0.086939976,0.3320104,-0.07079999,-0.08093947,-0.18141223,0.23496126,0.27017215,0.31168917,0.27973875,0.39168456,0.15086268,0.25727984,-0.069989026,0.38181406,-0.056993756,0.34016183,0.30752516,0.06253061,-0.145229,0.11776063,0.3071723,0.26674798,0.12537144,0.100845866,0.25274336,0.32906833,0.3756184
0.78380746,0.37720037,0.8020885,0.33655703,-0.2565058,0.08895077,1.0,0.34957469,-0.21583985,0.20759521,0.6704827,0.41952407,0.69798106,0.303974,0.17057423,-0.5431559,0.65223485,0.2641786,0.7354395,0.62827414,-0.1470416,-0.52472264,0.4671954,0.16159469,-0.22660197,-0.12782165,-0.45857412,0.1359653,0.5108228,0.45778567,-0.06692868,0.14784107,0.7088768,0.54367226,0.65764946,0.34241518,0.33990148,0.32401976,0.28624752,0.23183447,0.084683865,-0.07224952,0.6093629,0.6137847,0.4516625,-0.08040575,0.5278669,0.48570332,0.28637573,0.11379964,-0.21423382,0.004477099,0.16483054,-0.047974788,0.5010089,0.21926947,0.7990765,0.20170553,0.38678455,0.23166251,0.63197285,-0.3451842,0.64283866,0.23391522,0.57914335,-0.073762834,0.5592111,0.6074282,0.6717031,0.6674113,-0.014426455,-0.28368872,0.23527333,0.42981058,0.4343868,0.34660748,0.44277218,0.38527256,0.64191735,0.54821813,0.7837269,0.024988247,-0.050828267,-0.539695,0.7453895,-0.42366517,-0.33254158,-0.2422619,0.48103967,-0.19306445,0.42755485,-0.18249637,0.26299003,0.04724202,0.3264509,0.3302377,0.36363485,0.47261485,0.43904498,0.26432255,-0.0051681516,-0.041383725,0.0597274,-0.03747082,-0.11815142,0.009380798,0.033422463,-0.0022936342,0.21961367,0.3782908,0.44538176,0.24090758,-0.06641564,-0.04859757,-0.028352272,0.32074913
0.39191592,0.65576243,0.409001,0.6907362,0.2951062,-0.061747,0.34957469,1.0,-0.28254548,-0.05344693,0.26709357,0.6248914,0.24571438,0.7107004,-0.23928706,-0.06599772,0.43879512,0.63810503,0.40486237,0.5748677,-0.11076523,-0.16764577,0.2613096,0.42873016,0.26052207,-0.20289133,0.026379608,0.025326867,0.4905881,0.5050632,0.21168874,0.16775802,0.6256967,0.6269658,0.52196646,0.3190524,0.10042446,0.16408563,0.19824529,0.2802634,0.06439156,0.12067525,0.37972915,0.49018678,0.47519583,-0.04801832,0.30674618,0.43210953,0.32661846,0.27437255,0.0026031346,-0.079006135,-0.008975115,0.15530819,0.30990168,0.37740558,0.36442053,0.65198696,0.1022252,0.26524737,0.41651815,-0.16003317,0.36424395,0.57226175,0.10771275,-0.011106647,0.5480295,0.5817937,0.46276927,0.49583298,0.13684228,0.25598964,0.28284514,0.23821221,0.2774378,0.16622287,0.36950985,0.3275944,0.3308836,0.37682757,0.28791225,0.65630996,-0.30547047,-0.0021026994,0.09843202,0.30761522,-0.49347693,0.032681294,0.3401446,0.20067333,0.1608896,0.06778086,0.15782689,0.023958366,0.23243222,0.15719211,0.26105836,0.29943362,0.35282928,0.42315358,0.12178583,0.082588606,0.25203025,0.31220764,0.20460302,0.31542173,0.13238773,0.16782856,0.01817055,0.20180213,0.27606857,0.3741392,0.3285338,0.26614138,0.3020099,0.357282
-0.1499394,-0.20031972,-0.1412238,-0.078610465,0.43036982,0.4846463,-0.21583985,-0.28254548,1.0,0.6587531,0.028939702,-0.16773258,0.038764764,-0.0770086,0.65881276,0.6419026,-0.11723613,-0.059969,-0.24208866,-0.31974584,0.18248068,0.40661854,0.18969825,0.2542138,0.0034228757,0.51057535,0.5471505,0.5357603,0.09896404,0.098450296,0.32768396,0.24721494,-0.39480084,-0.44055757,-0.15298806,-0.30892405,0.030554354,0.10615703,0.09540144,0.24479997,0.3249948,0.34904853,-0.2300103,-0.19724433,-0.2703456,0.18964359,-0.15648799,-0.098052114,-0.1155791,-0.34678262,0.20382908,-0.13557519,0.15975347,0.22352456,0.13360947,0.15508969,-0.1220056,-0.24840268,-0.22090685,-0.006167722,-0.23781502,0.34668204,-0.33470055,-0.3690917,-0.210893,-0.12959582,-0.1245971,-0.29287487,-0.08970632,-0.23836261,0.033908006,-0.07000941,-0.15072702,-0.0711966,-0.11558731,0.018868187,-0.15539712,-0.16454227,-0.15269762,0.0007107002,0.009996238,0.0019624794,0.5659602,0.44167405,0.004229785,0.26174536,0.5534645,0.39763466,0.24561602,0.22787076,0.07090123,-0.053972054,-0.25224265,-0.24295875,-0.0962071,-0.17095014,-0.057287704,0.07006834,0.15883167,0.053474627,0.041008867,-0.016698629,0.052902464,-0.23146054,0.10586314,-0.00020557105,0.070062146,-0.086651474,-0.013463516,-0.038827103,-0.045061648,-0.046802178,-0.036351167,0.049000215,0.08733828,0.13246028
0.24800569,0.12058113,0.11279861,0.0038894557,0.26394862,0.5582246,0.20759521,-0.05344693,0.6587531,1.0,0.40704623,0.19073194,0.41647592,0.20666848,0.6332472,0.30652097,0.26014897,0.26957023,0.08382394,-0.015059613,0.10331572,0.0052309455,0.19992359,0.14968301,-0.16536143,0.26518425,0.22550473,0.52542216,0.40671915,0.3684453,0.17942986,0.2072903,-0.0064541847,-0.037523225,0.21395454,-0.087383926,0.3185724,0.4200447,0.2868593,0.43071815,0.45221898,0.41142797,0.06621926,0.09351075,-0.08835047,-0.040447112,0.09351564,0.17284337,-0.053911336,-0.32119912,-0.0059530674,-0.06029778,0.3039984,0.14891429,0.35933757,0.26007771,0.27068266,-0.053172834,-0.06529245,0.1791623,0.02828414,0.07418414,-0.047932517,-0.18184611,0.062575154,-0.14601128,0.0866465,0.07083398,0.18346529,0.13090329,0.032865714,-0.18882881,0.004234288,0.19686955,0.14896558,0.21706533,0.1769747,0.11963556,0.2197169,0.29866222,0.3263413,0.03596113,0.26363266,0.039202858,0.27425203,-0.052885763,0.24220268,0.20420177,0.46717536,0.08583004,0.09473017,-0.21195255,-0.12986615,-0.23304637,0.08431206,0.03362865,0.092007965,0.32005388,0.2783749,0.09682066,-0.16631979,-0.17362489,-0.061360434,-0.42076725,-0.07708888,-0.15485276,-0.056969196,-0.16518286,0.22122906,0.18872753,0.20323391,-0.045111235,-0.13277565,-0.086391754,-0.060515124,0.22396249
0.77839684,0.45173457,0.5574524,0.22679572,-0.06780156,0.30480418,0.6704827,0.26709357,0.028939702,0.40704623,1.0,0.6220604,0.83456486,0.4364448,0.41354975,-0.22533436,0.7445844,0.49088833,0.5382607,0.47786286,0.112827264,-0.283764,0.3580858,0.07333632,-0.38589975,-0.19392692,-0.24390782,0.24501888,0.7396008,0.68067527,-0.12279944,0.023030082,0.6129314,0.5065133,0.66051835,0.33201233,0.54598504,0.52925736,0.49973345,0.44059724,0.41429096,0.22738644,0.6252118,0.5923949,0.42284432,-0.01739918,0.5955322,0.6272653,0.24470465,0.037208803,-0.11148262,0.10006301,0.10178585,-0.07247696,0.696387,0.40671408,0.745618,0.20300819,0.09698634,0.11688221,0.5156501,-0.082262784,0.37907052,0.124304496,0.43744156,-0.049755227,0.5432367,0.5304733,0.6535167,0.51151335,-0.02667308,-0.21514004,0.21733202,0.55396205,0.33290783,0.37695307,0.27631593,0.21128647,0.61692196,0.63144565,0.72696066,0.1286459,0.09044345,-0.40738425,0.672854,-0.23386444,-0.24074444,-0.21254557,0.6846213,-0.0022438439,0.5370876,-0.08109635,0.3220284,-0.028046243,0.3131847,0.464296,0.4359695,0.6299855,0.6245543,0.46779326,-0.07564856,-0.048410546,0.122947186,-0.067976534,-0.00054772856,0.10603177,-0.17302485,-0.24411952,0.40252927,0.5182612,0.54253453,0.3057017,-0.051708054,0.09466663,0.09226472,0.421625
0.5185221,0.69208664,0.32017264,0.34499362,0.29899925,-0.099082954,0.41952407,0.6248914,-0.16773258,0.19073194,0.6220604,1.0,0.5033652,0.7731918,-0.05397344,-0.108275585,0.64087087,0.8020592,0.37979808,0.40567487,0.07591821,-0.24702242,0.08557322,-0.008268576,-0.07670434,-0.4244441,-0.028053595,-0.005849076,0.6649268,0.64322406,-0.079452895,-0.12527937,0.60818326,0.67424357,0.6236062,0.37954006,0.38044512,0.46820372,0.39941862,0.48326898,0.35701892,0.24543111,0.43649006,0.5872576,0.46321088,0.026467752,0.43960878,0.62498,0.30064836,0.1068854,-0.011582082,-0.037969176,-0.083766066,-0.03125483,0.5448571,0.51502556,0.49718753,0.5632534,0.0044432958,0.16930524,0.4104163,-0.089044936,0.1869583,0.4165617,0.20806615,0.09636505,0.45268688,0.6331401,0.47917783,0.48485392,-0.0031699922,0.061102152,0.31521988,0.3546998,0.2974494,0.31715062,0.39544234,0.33114505,0.5844642,0.5703371,0.42837963,0.51008487,-0.30509588,-0.17068975,0.16853935,0.058541507,-0.48150215,-0.016353566,0.50580317,0.19603656,0.19033286,0.052839797,0.33804926,-0.0011962734,0.23029327,0.33420452,0.32753104,0.5825508,0.44944528,0.51555204,-0.24517064,0.0043040565,-0.05053873,-0.008128349,-0.11502004,0.037779763,-0.14004545,-0.06320117,0.32959133,0.3354717,0.4030886,0.26513338,0.07513205,0.09315396,0.05353501,0.32894576
0.69255316,0.2769899,0.5633725,0.14074373,-0.09692777,0.26800647,0.69798106,0.24571438,0.038764764,0.41647592,0.83456486,0.5033652,1.0,0.44572863,0.354961,-0.34430176,0.81513965,0.45560107,0.5421168,0.45069918,0.033111747,-0.39041027,0.39788696,0.087409176,-0.3547219,-0.1421133,-0.2667692,0.21649589,0.74871725,0.6488865,-0.07783207,0.019050768,0.56688464,0.43055284,0.51789325,0.24356714,0.43584332,0.4156427,0.33856997,0.3030438,0.2260986,0.105702244,0.45806703,0.46025625,0.29969904,0.013052689,0.4630098,0.4733557,0.23963642,0.12579736,-0.15995276,0.11138506,0.14519286,-0.13600457,0.54977775,0.25026056,0.6960093,0.054334637,0.18608084,0.104364,0.51460946,-0.18037435,0.46299836,0.058445126,0.42661762,-0.045191966,0.41336325,0.39472115,0.6130597,0.457571,0.17080127,-0.077493995,0.39920408,0.6521166,0.44578835,0.47336507,0.362601,0.36538503,0.63214725,0.609373,0.74602586,0.06411899,0.01906114,-0.513246,0.68328345,-0.31667346,-0.21901877,-0.18380032,0.58828795,-0.12721676,0.43915644,-0.19566683,0.18412694,-0.029710064,0.3227982,0.32617754,0.3417195,0.49998918,0.48333433,0.31252205,-0.1298713,-0.09336803,0.02841161,-0.1493485,-0.05838006,0.0006165942,-0.121297576,-0.26965055,0.3351315,0.40501782,0.4512916,0.21693373,-0.09530018,0.015141259,0.0062436922,0.30449125
0.33835512,0.55753314,0.24917413,0.39565712,0.4062501,-0.034863144,0.303974,0.7107004,-0.0770086,0.20666848,0.4364448,0.7731918,0.44572863,1.0,-0.10535409,-0.020671323,0.64286125,0.8218555,0.32676637,0.37125266,0.013843811,-0.26131308,0.20517206,0.15623873,0.13736223,-0.25732985,0.08983757,0.028492952,0.6621682,0.6531526,0.13275178,0.018268611,0.51387906,0.56069034,0.54436266,0.3389922,0.22499096,0.35741392,0.28110737,0.41929045,0.17512943,0.21292207,0.3346171,0.42139652,0.30868876,0.091211125,0.30191445,0.4729397,0.3159627,0.16075984,-0.014046236,-0.02361612,0.027664708,0.008061074,0.4020481,0.4340009,0.3042627,0.45556876,0.049738836,0.18909304,0.24661885,-0.09416872,0.18246362,0.43702552,0.10868286,0.10572628,0.35602668,0.43354914,0.3841768,0.3689239,0.20225114,0.29863927,0.48115987,0.39607346,0.4055405,0.36443135,0.54452586,0.49250674,0.55706376,0.59200066,0.3787789,0.6263043,-0.26902106,-0.042037357,0.09215549,0.24406925,-0.41768932,0.041532118,0.40902907,0.24594808,0.08180398,-0.02856172,0.18300332,0.022231556,0.24723297,0.2275815,0.29772073,0.45039475,0.34864372,0.44003278,-0.13058797,-0.009623153,0.054742146,0.01617596,-0.0057135085,0.08698856,0.07227838,-0.02758125,0.24114297,0.26719975,0.3463536,0.17415264,0.10633203,0.07996035,0.1272753,0.3093738
0.19665454,-0.13429384,0.15854286,-0.056284174,0.024310878,0.65197253,0.17057423,-0.23928706,0.65881276,0.6332472,0.41354975,-0.05397344,0.354961,-0.10535409,1.0,0.40420213,0.1837598,-0.048231855,0.01949643,-0.08678144,0.32606715,0.3411486,0.38043207,0.22741202,-0.35161632,0.3641592,0.24854161,0.59672534,0.33998212,0.29471004,0.06154641,0.1438002,0.0066192853,-0.10200302,0.19491437,-0.05956253,0.4231277,0.40845478,0.43602824,0.4059252,0.54040855,0.46454644,0.15691416,0.10908776,0.009323525,0.010205867,0.25106332,0.1983671,-0.05264007,-0.26157323,-0.062094234,0.063529626,0.22036603,0.08722148,0.48674268,0.2774605,0.20805438,-0.2752844,-0.19393376,-0.07578204,0.055716667,0.2619772,-0.15394954,-0.4267827,0.0020997967,-0.24281666,0.17570634,-0.05885807,0.20136017,-0.043303676,0.02189207,-0.18036124,-0.04701884,0.2650866,0.088503316,0.19420616,-0.08231247,-0.12356576,0.10012121,0.28251582,0.3774815,-0.17041187,0.70287657,0.11859293,0.47345367,-0.08143077,0.37260324,0.12832919,0.52487487,0.11047424,0.44025666,-0.066370055,-0.07608963,-0.12019055,0.16860637,0.23370321,0.29479492,0.39152193,0.44798267,0.18475728,0.15460372,-0.007893694,0.24693713,-0.24428529,0.17356876,0.15518506,0.101965696,-0.18786962,0.2469651,0.29896715,0.26990777,0.035125047,-0.10286367,0.15062694,0.17620255,0.34722087
-0.31892794,-0.006662019,-0.34412223,0.102161236,0.54746443,0.32127887,-0.5431559,-0.06599772,0.6419026,0.30652097,-0.22533436,-0.108275585,-0.34430176,-0.020671323,0.40420213,1.0,-0.35311693,0.0025398065,-0.40181372,-0.33295625,0.20362794,0.6884674,0.013416714,0.31128296,0.1256773,0.36987847,0.66287744,0.37195522,-0.0042730374,0.044390857,0.25008175,0.101460606,-0.42448762,-0.36907905,-0.20418626,-0.33357793,-0.05397623,0.032938972,0.14881048,0.31610936,0.3733898,0.4924266,-0.20749542,-0.1281553,-0.11801646,0.08355148,-0.13945757,-0.0075936117,-0.14968485,-0.26301542,0.24295251,-0.030898003,-0.0016434292,0.32913184,0.08596182,0.3607732,-0.31925955,0.0939431,-0.35378668,0.040313806,-0.25791782,0.43271118,-0.5415794,-0.170618,-0.42854613,-0.08345599,-0.01923957,-0.20851131,-0.18273728,-0.2718806,-0.148648,0.08566623,-0.2647726,-0.26846275,-0.35086137,-0.21751356,-0.34044316,-0.38673565,-0.36933476,-0.13990186,-0.29246628,0.29385084,0.46657118,0.7728399,-0.34013218,0.6247354,0.3823382,0.39695093,0.10888685,0.5240815,0.07559706,0.21064399,-0.18559963,-0.11414871,-0.12785941,-0.10876291,-0.036237635,0.040242754,0.16572148,0.26763737,0.18708582,0.102957055,0.27164406,0.0712606,0.33638787,0.28890768,0.07482014,-0.002196487,-0.10752424,-0.08387493,-0.10902056,0.09810172,0.2281601,0.3147971,0.32126886,0.16857666
0.5790093,0.3538428,0.5122811,0.20769228,-0.0260944,0.14357266,0.65223485,0.43879512,-0.11723613,0.26014897,0.7445844,0.64087087,0.81513965,0.64286125,0.1837598,-0.35311693,1.0,0.6570162,0.513363,0.45915312,0.15493797,-0.37659103,0.3773252,0.0778893,-0.21857312,-0.30468348,-0.22272426,0.07479682,0.790032,0.7213904,-0.12660517,-0.08333424,0.6778748,0.602326,0.641467,0.445422,0.47825027,0.46101844,0.3883155,0.35907394,0.23976772,0.1425764,0.5023578,0.52123773,0.38062134,-0.021527205,0.5181052,0.5286723,0.2676157,0.20753056,-0.09354841,0.11108123,0.019354982,-0.15616503,0.5607209,0.28363857,0.5880716,0.14685188,0.088274896,0.10292752,0.42352393,-0.21598598,0.3915436,0.16869155,0.34800196,0.052634746,0.44114473,0.4409385,0.59635764,0.43066335,0.28109214,0.11899509,0.5546637,0.70903105,0.5632163,0.5098567,0.5179562,0.4955683,0.74399257,0.7582048,0.7582006,0.27293348,-0.12815459,-0.493069,0.60124195,-0.23232341,-0.4236897,-0.14277998,0.54124075,-0.09806136,0.33249524,-0.14783743,0.22767052,0.002008876,0.38821876,0.43843874,0.447904,0.56722456,0.46645355,0.35411993,-0.10683708,-0.08933202,0.035507668,-0.1211024,-0.09464573,0.032328106,-0.008977356,-0.15587263,0.40141112,0.4526269,0.5240355,0.18698178,-0.09634099,0.029545542,0.031136714,0.29489583
0.3510166,0.5830502,0.24650505,0.3639905,0.38385683,0.066437244,0.2641786,0.63810503,-0.059969,0.26957023,0.49088833,0.8020592,0.45560107,0.8218555,-0.048231855,0.0025398065,0.6570162,1.0,0.28134912,0.32023394,0.1519813,-0.18969838,0.14306751,0.1735138,0.037058197,-0.32971007,0.050509516,-0.019997718,0.7107119,0.7304154,0.055511925,-0.061073087,0.48114544,0.54005134,0.5448841,0.36570948,0.36731994,0.44212514,0.3713573,0.49201736,0.35668993,0.3545254,0.35216004,0.45965594,0.38392594,-0.04010177,0.3765212,0.5353684,0.26414493,0.12736322,0.09148726,0.010992578,-0.033127237,0.0062693963,0.45429844,0.44667798,0.35423923,0.4534946,-0.08261567,0.19812629,0.25553045,-0.0005039816,0.1398926,0.38523465,0.038418785,0.12134884,0.39846545,0.4593014,0.4071605,0.35741794,0.22924703,0.30191207,0.45344126,0.46169752,0.34912294,0.3916426,0.52015436,0.4554762,0.5191917,0.60876715,0.37808174,0.62713856,-0.33599284,-0.114182845,0.085761644,0.21073955,-0.46285132,0.06833234,0.4598698,0.2334586,0.05185465,-0.029280916,0.14672285,-0.14046168,0.32473916,0.2936649,0.35837162,0.47219813,0.39907268,0.45629638,-0.2091889,-0.071345575,0.02282437,-0.011913041,0.009257045,0.10087501,-0.074127845,-0.032002658,0.3274504,0.35793996,0.44225648,0.26138145,0.096375905,0.07244782,0.12569383,0.31183818
0.7708554,0.5249713,0.798623,0.5841633,-0.15772778,-0.022690045,0.7354395,0.40486237,-0.24208866,0.08382394,0.5382607,0.37979808,0.5421168,0.32676637,0.01949643,-0.40181372,0.513363,0.28134912,1.0,0.83023226,-0.26017314,-0.49562868,0.4008369,0.30889332,-0.058453843,-0.15993266,-0.46147978,0.06173184,0.46632335,0.44599545,-0.0115694245,0.1479866,0.60319847,0.4214413,0.55193764,0.20584898,0.19206534,0.19942574,0.22649735,0.1629446,0.05334735,-0.098610334,0.56942415,0.5879579,0.46545208,-0.018073695,0.4311084,0.44060263,0.27224904,0.11238519,-0.19076286,0.03892086,0.18623479,-0.06676501,0.37224975,0.2435921,0.74063605,0.3972748,0.5164907,0.3693113,0.60775506,-0.39275452,0.662775,0.4141177,0.44904938,-0.016919093,0.56775504,0.6542257,0.76033914,0.7920473,-0.23960698,-0.35404527,0.20156687,0.29576293,0.30992696,0.29830316,0.34090617,0.38395333,0.5387952,0.46927705,0.58149457,0.20873882,-0.14293034,-0.34240624,0.49256605,-0.18349853,-0.37674433,-0.24083906,0.32040998,-0.09782639,0.321947,-0.20815006,0.25778323,0.15965195,0.20042351,0.2115865,0.22471355,0.32510853,0.36592487,0.3174938,-0.015271646,0.0061144847,0.071359426,0.109748684,-0.07954885,0.022424182,0.08624702,0.052661404,0.092845224,0.2594635,0.28754672,0.20402673,-0.016885571,-0.034202367,-0.03058504,0.2526432
0.7513254,0.60380477,0.6893949,0.72038525,-0.051897854,-0.066783994,0.62827414,0.5748677,-0.31974584,-0.015059613,0.47786286,0.40567487,0.45069918,0.37125266,-0.08678144,-0.33295625,0.45915312,0.32023394,0.83023226,1.0,-0.34461305,-0.4231027,0.27962017,0.36719355,0.0864435,-0.13507847,-0.44847962,0.021993794,0.44566458,0.4718669,0.12843488,0.25719035,0.6151338,0.47243318,0.50455385,0.19754377,0.04304892,0.027590364,0.101708524,0.055184945,-0.058793843,-0.13276954,0.5049047,0.5291466,0.45963985,-0.025911348,0.36732617,0.3734238,0.23985857,0.21486606,-0.17481461,-0.018505499,0.18254454,0.09254927,0.29044324,0.20013334,0.68937904,0.51760274,0.43879727,0.3410618,0.6306433,-0.35678202,0.65387326,0.54478973,0.46078515,-0.09341941,0.5674905,0.65885496,0.68981355,0.790127,-0.22321883,-0.24794705,0.11194463,0.2339113,0.18044998,0.12196827,0.23281394,0.3007314,0.42969707,0.37172073,0.47613263,0.347909,-0.17076768,-0.21333684,0.40305722,-0.019131577,-0.37415534,-0.26031753,0.28772116,-0.022791268,0.36356187,-0.16856003,0.24464041,0.11490346,0.110303275,0.091578715,0.1406084,0.20220762,0.3578258,0.34836325,0.11125092,0.02667772,0.17400849,0.2902513,0.08936072,0.15248927,0.07603265,0.08117747,-0.0833018,0.18154462,0.21832588,0.30670094,0.1629585,0.10481621,0.083899945,0.23889485
-0.23004201,-0.2239013,-0.1156291,-0.2466296,-0.03092407,0.3419734,-0.1470416,-0.11076523,0.18248068,0.10331572,0.112827264,0.07591821,0.033111747,0.013843811,0.32606715,0.20362794,0.15493797,0.1519813,-0.26017314,-0.34461305,1.0,0.4647411,0.086776994,-0.014092808,-0.31381613,-0.22679967,0.28559676,0.07869236,0.18418393,0.1320814,-0.38218087,-0.3532031,-8.541429e-05,0.08051357,0.11683681,0.27048007,0.53993225,0.55315393,0.44038382,0.3157925,0.5325831,0.54903924,0.02930966,-0.08408344,-0.021728314,-0.071819566,0.11544568,0.1113381,-0.10909283,-0.114118285,0.13798907,-0.008156768,-0.22713725,-0.036141012,0.28919452,0.1059152,-0.22283766,-0.32294598,-0.565982,-0.2698058,-0.3440353,0.42968965,-0.35536447,-0.38377726,-0.24880278,0.032715205,-0.04559802,-0.24022482,-0.05837686,-0.3628519,0.30888805,0.25978258,0.27430183,0.38846865,0.21372838,0.32786193,-0.008171279,-0.07729522,-0.0016115182,0.25042945,0.10491253,-0.09124668,0.06482865,-0.14307036,0.06732613,-0.05429042,-0.13689484,-0.09896886,0.22546822,-0.035639722,0.05658932,0.100478925,-0.122116536,-0.16877425,0.330421,0.49068096,0.34176728,0.36491057,0.20478028,0.039160047,-0.11463951,-0.05672631,0.09526163,-0.27234653,0.01222749,0.111318044,-0.106657706,-0.10311932,0.41220903,0.30514774,0.26159504,-0.043490008,-0.15982646,0.0690233,0.046935644,0.22355305
-0.39029795,-0.22791687,-0.34114787,-0.08242533,0.19319583,0.33886656,-0.52472264,-0.16764577,0.40661854,0.0052309455,-0.283764,-0.24702242,-0.39041027,-0.26131308,0.3411486,0.6884674,-0.37659103,-0.18969838,-0.49562868,-0.4231027,0.4647411,1.0,-0.0059965733,0.21365888,0.018846069,0.20669653,0.56528956,0.2840506,-0.114905275,-0.09875753,-0.03381681,-0.07346299,-0.3489464,-0.28459704,-0.27010566,-0.21190636,-0.0028617776,0.023358515,0.13274185,0.145767,0.29556853,0.4805214,-0.18270051,-0.20231149,-0.06202106,0.063452095,-0.11329278,-0.10649304,-0.246394,-0.17904884,0.22176327,-0.05130335,-0.19435059,0.2230937,0.027460355,0.17985626,-0.41619852,-0.14097513,-0.47884944,-0.15128668,-0.29197788,0.4710639,-0.57526165,-0.33035222,-0.40123358,-0.08549907,-0.040165797,-0.30829123,-0.23704505,-0.43895456,-0.0032811891,0.18866456,-0.23855469,-0.18803187,-0.3403335,-0.23126929,-0.46497753,-0.5129162,-0.48179865,-0.16295192,-0.32510725,0.065801576,0.45468765,0.552929,-0.23060966,0.43201783,0.2864306,0.1370236,0.017872099,0.28794014,0.12991165,0.22733516,-0.17943847,-0.038305573,-0.051299855,0.07818338,0.06428316,0.024785252,0.13317023,0.13122985,0.27233982,0.13937978,0.29233065,0.10425781,0.33637044,0.34430474,-0.026537603,-0.053819053,-0.09685198,-0.02874424,-0.072693035,0.0796179,0.18665752,0.38744104,0.33920833,0.16246884
0.34904364,0.102058694,0.60705036,0.4189585,-0.0030043384,0.3714978,0.4671954,0.2613096,0.18969825,0.19992359,0.3580858,0.08557322,0.39788696,0.20517206,0.38043207,0.013416714,0.3773252,0.14306751,0.4008369,0.27962017,0.086776994,-0.0059965733,1.0,0.58068514,-0.08996317,0.1215802,0.092824414,0.3663369,0.44976988,0.35981873,0.17873244,0.24771687,0.4249528,0.28485233,0.5116951,0.27358803,0.30230156,0.27080896,0.3645074,0.3302466,0.23904051,0.18044488,0.47109053,0.43026417,0.3838032,0.09794577,0.45688903,0.41752753,0.30020303,0.11279211,-0.07570143,0.0282798,0.16025865,0.010317886,0.50819546,0.35891354,0.37598315,0.032079346,0.10081649,0.09333847,0.30670297,-0.0013059515,0.23807408,0.10091324,0.12039243,-0.2082051,0.550107,0.26399466,0.4951549,0.2838131,0.146965,0.031435095,0.20527346,0.33633533,0.30131796,0.22242205,0.2606231,0.14976431,0.3468056,0.41668943,0.5305452,0.15595832,0.34258032,-0.07898675,0.5481025,0.039878283,-0.058380444,-0.04835698,0.39832008,0.1666481,0.48828322,-0.05308673,0.06922931,0.039981395,0.35556138,0.34427422,0.47885153,0.45941263,0.57389027,0.4319507,0.30903685,0.07989991,0.3825465,0.11678186,0.28673884,0.3915321,0.31428257,0.09237931,0.14012465,0.40108374,0.42765412,0.35476655,0.16405177,0.28751168,0.33982262,0.49454254
0.22619884,0.22671472,0.4678585,0.6766839,0.307763,0.39409018,0.16159469,0.42873016,0.2542138,0.14968301,0.07333632,-0.008268576,0.087409176,0.15623873,0.22741202,0.31128296,0.0778893,0.1735138,0.30889332,0.36719355,-0.014092808,0.21365888,0.58068514,1.0,0.23473983,0.21037225,0.22934045,0.3640025,0.27679288,0.31957972,0.45246717,0.5012577,0.19054656,0.037106875,0.26256427,0.027619513,-0.0038748395,0.007582835,0.13886787,0.2205343,0.13951688,0.23602927,0.23248063,0.2528689,0.28553987,0.028025817,0.15030994,0.1861068,0.09572274,0.115680255,0.082375504,-0.04797387,0.103547186,0.32511434,0.2152081,0.27011326,0.22576542,0.24937624,0.035105176,0.25028524,0.2470873,0.09777268,0.20849317,0.20595355,-0.015997995,-0.2679425,0.5154919,0.20048642,0.41225517,0.2764401,0.060028713,0.11645221,-0.012881926,0.072252065,-0.027524164,-0.04661331,0.0712722,0.022939555,-0.056790836,0.14755876,0.22581314,0.42687482,0.25423434,0.27144563,0.1852206,0.40507776,0.017140042,0.08564822,0.28822577,0.31931692,0.3278041,-0.097349554,-0.16081771,-0.10416681,0.19890396,0.012119135,0.1735804,0.11363441,0.4043178,0.37121785,0.4093318,0.04134275,0.5318612,0.4092564,0.55998284,0.53953373,0.32629102,0.17493543,-0.19295281,0.13086188,0.13638945,0.41647387,0.38816166,0.36068997,0.49038938,0.45708424
-0.17625992,0.121062845,-0.09663829,0.26240838,0.43506303,-0.23464987,-0.22660197,0.26052207,0.0034228757,-0.16536143,-0.38589975,-0.07670434,-0.3547219,0.13736223,-0.35161632,0.1256773,-0.21857312,0.037058197,-0.058453843,0.0864435,-0.31381613,0.018846069,-0.08996317,0.23473983,1.0,0.2467214,0.15366875,-0.18392739,-0.24531671,-0.123063475,0.3333412,0.18905482,-0.13480926,-0.1561204,-0.22192022,-0.21417281,-0.54578763,-0.4476697,-0.37326854,-0.16946094,-0.3157328,-0.07768078,-0.14833641,-0.127705,-0.018198848,0.09429623,-0.28629965,-0.25011843,0.111950986,0.079780005,0.10636882,-0.2358264,-0.0113782715,0.15950061,-0.36618322,-0.1197842,-0.20184562,0.25441787,0.26735282,0.17752753,-0.06864776,-0.052942347,0.0800957,0.38633183,-0.02570671,0.11575659,-0.05988301,-0.043685485,-0.12909813,0.012587956,0.027808156,0.25708187,-0.051160123,-0.32263717,-0.118256085,-0.2277307,-0.028901739,-0.030084409,-0.23353939,-0.23369019,-0.27243057,0.42017913,-0.106996104,0.378068,-0.31548077,0.4665457,0.042024456,0.2091058,-0.30459034,0.20312749,-0.23660539,0.05327828,0.07666488,0.13779403,-0.28860497,-0.38423026,-0.26152015,-0.3654896,-0.21598876,-0.06570706,0.16921708,0.09373451,0.036617063,0.35215542,0.08693496,0.04942438,0.1504683,0.20678627,-0.39738658,-0.2729587,-0.22552714,0.071024865,0.34244603,0.033384774,0.10164225,-0.18336341
-0.11034685,-0.20969251,-0.083160296,-0.020822901,0.15712486,0.2367251,-0.12782165,-0.20289133,0.51057535,0.26518425,-0.19392692,-0.4244441,-0.1421133,-0.25732985,0.3641592,0.36987847,-0.30468348,-0.32971007,-0.15993266,-0.13507847,-0.22679967,0.20669653,0.1215802,0.21037225,0.2467214,1.0,0.2786883,0.29662442,-0.17306828,-0.11520267,0.43798408,0.35763183,-0.35463938,-0.46575508,-0.256662,-0.4227524,-0.34272888,-0.28960687,-0.22255349,-0.05936879,-0.08569071,-0.011578721,-0.1790532,-0.17014566,-0.16117431,0.06925993,-0.17905563,-0.20267051,0.013254029,-0.19955252,0.14618824,-0.19303095,0.29482836,0.19903708,-0.1268966,-0.05426726,-0.081378795,-0.15225196,0.18917881,0.11780899,-0.009901516,0.2073027,-0.02145614,-0.11267464,-0.028769728,-0.023689482,-0.07166765,-0.16814418,-0.14139159,-0.08828855,0.024619333,-0.009934597,-0.22224768,-0.23815967,-0.12566756,-0.1692911,-0.17736788,-0.16432,-0.2433059,-0.22266373,-0.11835518,-0.03209126,0.5358223,0.452241,0.024574041,0.2249356,0.513137,0.3351721,0.010344167,0.14413424,0.08235064,-0.00290085,-0.0811903,0.021863386,-0.27950454,-0.3660815,-0.21210682,-0.21749444,-0.004576043,-0.032500964,0.34224787,0.07765425,0.17531055,0.12171187,0.22177804,0.120678104,0.1519169,0.09184267,-0.37393677,-0.19679123,-0.1740056,0.061355226,0.14594853,0.12685424,0.209015,0.0050737606
-0.43873602,-0.121850796,-0.32979876,-0.03424447,0.48255634,0.27441525,-0.45857412,0.026379608,0.5471505,0.22550473,-0.24390782,-0.028053595,-0.2667692,0.08983757,0.24854161,0.66287744,-0.22272426,0.050509516,-0.46147978,-0.44847962,0.28559676,0.56528956,0.092824414,0.22934045,0.15366875,0.2786883,1.0,0.47814676,-0.0113821095,-0.0899444,0.26526764,0.06352081,-0.32919845,-0.20805001,-0.16630109,-0.14824638,-0.044265054,0.020598654,0.05390001,0.24144974,0.2484887,0.37436616,-0.31685194,-0.22805601,-0.1517588,0.11517154,-0.24199767,-0.11642075,-0.050412145,-0.21662182,0.26350012,-0.1212281,-0.11445732,0.15815714,0.046805505,0.18519507,-0.41924274,-0.027571457,-0.42942417,-0.13140726,-0.32084626,0.35727155,-0.4849607,-0.19315961,-0.39927548,-0.021865653,-0.11254155,-0.28241375,-0.22338206,-0.36376077,0.17845832,0.37593636,-0.09627165,-0.20723496,-0.08226927,-0.12425848,-0.16699894,-0.24018419,-0.3357465,-0.16364995,-0.28748083,0.15952551,0.2728647,0.48608205,-0.3325153,0.4187636,0.2892101,0.3406968,0.10021872,0.29829994,-0.039179992,0.15234973,-0.22295785,-0.1154493,-0.02565543,-0.07032046,-0.024142642,0.071429886,0.08708728,0.092450276,0.1550298,0.1367389,0.1947324,0.019213123,0.26848707,0.27546155,0.16354431,0.10764881,-0.11881038,-0.09941438,-0.13970919,0.020596135,0.24992427,0.2857384,0.31751722,0.23804301
0.17591001,0.04857047,0.1915012,0.15762779,0.00095225824,0.5652304,0.1359653,0.025326867,0.5357603,0.52542216,0.24501888,-0.005849076,0.21649589,0.028492952,0.59672534,0.37195522,0.07479682,-0.019997718,0.06173184,0.021993794,0.07869236,0.2840506,0.3663369,0.3640025,-0.18392739,0.29662442,0.47814676,1.0,0.23825671,0.12887174,0.2825182,0.36474103,0.02735857,0.0050664106,0.19868849,-0.034757167,0.16553706,0.16566475,0.2132559,0.27447546,0.2677794,0.29058146,0.0736716,0.10381237,-0.012231724,-0.03856717,0.06180365,0.07713513,-0.010655525,-0.2528456,0.010115939,0.0051811105,0.13502994,0.14375307,0.337384,0.27586812,0.18925618,-0.027406499,-0.13599133,0.11316847,0.08728619,0.10693256,-0.10966532,-0.18856809,-0.042590775,-0.22248739,0.22464435,0.055380493,0.23267171,0.10185058,-0.015915422,-0.11178664,-0.18660638,-0.023304967,0.03784323,0.0041556205,-0.074212916,-0.12506166,-0.00081725337,0.112508826,0.1743608,-0.06896102,0.4841,0.17576545,0.25394532,0.0017912434,0.25954044,0.10808726,0.38643065,0.13051413,0.34103987,-0.080518425,-0.19639722,-0.1257853,0.075083286,0.10462113,0.14520581,0.27189225,0.329679,0.12220877,0.11044241,-0.022229094,0.28988776,-0.112715475,0.227891,0.21575901,0.06541369,-0.116969556,-0.059170958,0.1292566,0.093158476,0.019270696,0.11962235,0.16521227,0.21257533,0.43141595
0.59394246,0.4782276,0.49788642,0.38794765,0.18355879,0.32220358,0.5108228,0.4905881,0.09896404,0.40671915,0.7396008,0.6649268,0.74871725,0.6621682,0.33998212,-0.0042730374,0.790032,0.7107119,0.46632335,0.44566458,0.18418393,-0.114905275,0.44976988,0.27679288,-0.24531671,-0.17306828,-0.0113821095,0.23825671,1.0,0.856746,-0.018622803,0.0077377395,0.5780695,0.5267271,0.6025251,0.28257623,0.49526218,0.5106046,0.5011746,0.5319527,0.42847812,0.37799862,0.5206799,0.5855593,0.43049264,0.067192905,0.5536983,0.64867616,0.22580756,0.14689943,-0.050032157,0.11732398,0.07648824,-0.010618795,0.66898495,0.50509477,0.57712835,0.26936933,-0.040302437,0.17489006,0.45751482,-0.026491394,0.24496278,0.17682791,0.25471058,-0.0038873367,0.555944,0.48911157,0.6230289,0.4274863,0.16739054,0.11521933,0.5150836,0.66201764,0.47760558,0.52469665,0.44517574,0.40973967,0.65325934,0.7538827,0.6797968,0.4395305,0.0058976035,-0.22549891,0.5061309,0.031265084,-0.33669177,-0.061990395,0.6589494,0.10137756,0.42368224,-0.072810754,0.16026194,-0.06509447,0.39918053,0.43290734,0.48851922,0.652259,0.62812454,0.55990803,-0.045304853,-0.072284415,0.18043686,-0.009664045,0.093468525,0.21964143,-0.03494499,-0.16421701,0.3433145,0.48420852,0.5528197,0.36199465,0.075950995,0.20196177,0.20249917,0.4345542
0.5926966,0.52414834,0.45524082,0.44150323,0.28642792,0.27889594,0.45778567,0.5050632,0.098450296,0.3684453,0.68067527,0.64322406,0.6488865,0.6531526,0.29471004,0.044390857,0.7213904,0.7304154,0.44599545,0.4718669,0.1320814,-0.09875753,0.35981873,0.31957972,-0.123063475,-0.11520267,-0.0899444,0.12887174,0.856746,1.0,0.059016135,0.088644005,0.53453046,0.46366617,0.56201214,0.22900043,0.44022995,0.4591891,0.49229187,0.52856076,0.3857627,0.34626815,0.56035846,0.58905005,0.45693246,0.005633413,0.58315057,0.6670662,0.2276037,0.12767136,0.05587158,0.050487395,0.10866606,0.12904699,0.62029076,0.50808114,0.57514113,0.3539721,-0.013817234,0.19080023,0.41551152,-0.002224536,0.2643307,0.26095548,0.22690672,-0.06977304,0.560951,0.46603724,0.5968524,0.4488003,0.120221056,0.10498375,0.45333868,0.610306,0.39053196,0.4464378,0.42090622,0.39406168,0.590264,0.7206698,0.6461681,0.57733727,-0.0017684544,-0.1064929,0.4602907,0.1904264,-0.31937099,-0.03500156,0.64268655,0.18647644,0.35644963,-0.10568195,0.15385874,-0.011505934,0.40959004,0.37213326,0.49356937,0.5689181,0.5884505,0.5774405,0.030320432,-0.05368919,0.20815553,0.061303012,0.14808947,0.24347398,-0.04498239,-0.14188024,0.30341673,0.47954205,0.57355314,0.4333868,0.08145652,0.18138829,0.2513435,0.404903
