1.0,0.74172956,0.84848344,0.85075504,0.5370254,0.5341598,0.81755257,0.84455556,0.28476503,0.21292222,0.7652976,0.75281805,0.74305815,0.5547699,0.6696728,0.59539825,0.6446127,0.72873163,0.81809425,0.6322559,0.19980426,-0.037006892,0.7827113,0.701681,0.51525515,0.56764644,0.37590355,0.5280741,0.74186766,0.6981397,0.39005587,0.4616669,0.74585897,0.5303078,0.6597768,0.5989983,0.54334927,0.53992105,0.55588436,0.55983216,0.35394278,0.42381248,0.69940245,0.7360899,0.7255422,0.7333424,0.6323864,0.6511159,0.5766179,0.6015761,0.7907534,0.4383879,0.56645983,0.31104618,0.60928565,0.5969388,0.84455556,0.6472523,0.7291692,0.45022395,0.8137296,0.76120496,0.77748156,0.45190674,0.67661256,0.70236045,0.7675264,0.79929584,0.79096943,0.8078041,0.56740063,0.695413,0.5743133,0.6814806,0.40331855,0.6673167,0.46030217,0.572038,0.5752125,0.57875973,0.7568747,0.60360384,0.5466571,0.47609463,0.775101,0.66085625,0.3856244,0.33015767,0.6637646,0.5857541,0.58198214,0.593038,0.5652584,0.07229177,0.34302506,0.5601947,0.51952916,0.56400585,0.5848286,0.5629728,0.52264285,0.33719942,0.5637732,0.495748,0.20585077,0.2902735,-0.23371665,0.3608124,0.19808446,0.32133198,0.6230341,0.55188113,0.4189319,0.15127371,0.1999462,0.3340601
0.74172956,1.0,0.6640231,0.64939195,0.37571296,0.25968277,0.58182484,0.78698325,0.28759852,-0.070452645,0.68588114,0.75459975,0.694975,0.53737557,0.38583708,0.321027,0.6861576,0.6796769,0.7703668,0.48080102,0.038670044,-0.09261653,0.67391104,0.5043216,0.35579288,0.53704196,0.14545618,0.30300695,0.61525065,0.42284417,0.31320533,0.3724281,0.75251853,0.39115041,0.61031514,0.584843,0.46892494,0.4462744,0.48209956,0.42165342,0.18273951,0.24282521,0.6309821,0.62100667,0.64298815,0.6520659,0.56500465,0.60635376,0.6333156,0.6092471,0.64063734,0.51924896,0.3971772,0.30933243,0.44365257,0.4573502,0.82353985,0.88209456,0.73966235,0.647669,0.7859262,0.7039014,0.7164726,0.6625322,0.5435695,0.6216455,0.75219405,0.7780107,0.75089526,0.7774065,0.2885804,0.5425265,0.5247885,0.5335572,0.35553285,0.521457,0.36710507,0.5354504,0.55991507,0.5505436,0.65296274,0.4939013,0.23436292,0.09801933,0.5075274,0.5391371,0.1624431,0.2407531,0.34529108,0.36942542,0.34312308,0.3073531,0.21662393,0.010648141,0.22219354,0.36557034,0.5106076,0.5522594,0.5273684,0.42532054,0.24166276,0.033262152,0.27282533,0.18623634,0.13496976,-0.0030318785,0.00036029896,0.21216464,0.15687358,0.22791591,0.5841183,0.47896767,0.2366593,-0.09500988,0.016960403,0.19528471
0.84848344,0.6640231,1.0,0.8277915,0.56652427,0.6242206,0.8316566,0.86073273,0.22239539,0.38202405,0.81921643,0.7459148,0.79148513,0.6413666,0.7440125,0.6863758,0.6791532,0.78286797,0.8521714,0.64284706,0.26787752,0.07349367,0.85840386,0.7438341,0.58685213,0.58136904,0.33273625,0.6151024,0.7990521,0.79319996,0.46755245,0.5878753,0.7591932,0.5120938,0.6893405,0.607637,0.6050373,0.50560117,0.64256996,0.589334,0.34907013,0.4601029,0.68426293,0.74207115,0.66434205,0.6225362,0.6766892,0.68812734,0.4164598,0.42158028,0.6890682,0.32294074,0.58173454,0.25119585,0.6491857,0.6258488,0.79114217,0.59355366,0.66599125,0.38537267,0.78260624,0.6498801,0.7213429,0.4070176,0.47086385,0.60118985,0.76364243,0.7484719,0.78560936,0.77633303,0.6827651,0.7892323,0.6239446,0.7534106,0.32497907,0.6932434,0.48280194,0.5947965,0.67932934,0.6044224,0.8224454,0.67290956,0.6826317,0.5912449,0.84060013,0.6842598,0.43604922,0.3358576,0.6990834,0.6041223,0.5990052,0.5737367,0.5913945,0.034540802,0.45893577,0.6295174,0.54578704,0.5868782,0.5976155,0.5693091,0.5120777,0.2620312,0.576896,0.52497447,0.22532062,0.27278522,-0.264924,0.43321443,0.28648436,0.36643937,0.64721286,0.5454836,0.41991454,0.20688425,0.19821951,0.32193685
0.85075504,0.64939195,0.8277915,1.0,0.47625324,0.55802834,0.8346956,0.77695847,0.19698244,0.18114637,0.6594138,0.64534956,0.63812643,0.42930377,0.6430427,0.5274063,0.5653609,0.6329268,0.8073208,0.75749093,0.19461028,0.018021652,0.69609755,0.7588052,0.5200961,0.53263265,0.44030452,0.4774541,0.6761351,0.66461086,0.44238335,0.51826197,0.6589009,0.555358,0.58420086,0.5649408,0.4575407,0.41054988,0.50681597,0.4684965,0.30595943,0.37223536,0.6372016,0.6323379,0.646016,0.62128156,0.547872,0.54962593,0.44623268,0.5384771,0.69672066,0.39951816,0.5125692,0.20837602,0.56928337,0.5399696,0.723827,0.5564606,0.61150783,0.35655832,0.6985631,0.68756205,0.66336876,0.37650323,0.6330896,0.69184405,0.6868828,0.7080193,0.6936509,0.72771615,0.6252363,0.70948637,0.5711563,0.6710598,0.33900288,0.65149283,0.4863841,0.5626558,0.5116159,0.5633385,0.6890453,0.5442612,0.5045489,0.48861352,0.7389344,0.60780615,0.33544797,0.35749346,0.6741401,0.5267259,0.5001624,0.4935577,0.4696489,0.08507164,0.36522108,0.52408105,0.47276378,0.49751666,0.5667825,0.5348794,0.5300955,0.28270862,0.5126725,0.4642463,0.2741827,0.35360134,-0.0850764,0.44833666,0.24465485,0.28502035,0.56526583,0.49015626,0.38523948,0.12994397,0.1880993,0.37946755
0.5370254,0.37571296,0.56652427,0.47625324,1.0,0.3168936,0.51824933,0.6052006,0.33857843,0.32943246,0.5105869,0.6129574,0.49877355,0.58224726,0.58879286,0.67956144,0.40605298,0.6125303,0.4962143,0.28034547,0.22778206,0.14009112,0.57983077,0.4687785,0.34646773,0.34074497,0.2257297,0.41808283,0.558902,0.57415015,0.28420588,0.46743402,0.47159392,0.2673871,0.375926,0.3106215,0.30793604,0.38262683,0.34197575,0.38923958,0.16376723,0.44117203,0.30410337,0.44126636,0.3621073,0.37934732,0.3255732,0.37399215,0.1536253,0.16050135,0.34358147,0.17039053,0.2436489,0.1540249,0.3439435,0.3575506,0.48488185,0.3849611,0.42781314,0.20667806,0.5073307,0.47192988,0.5522567,0.24755347,0.274415,0.3632633,0.43169037,0.45258456,0.49056324,0.487174,0.5084589,0.5003385,0.35893908,0.5292224,0.29002455,0.5075437,0.2623182,0.390427,0.4873667,0.34289372,0.5480387,0.5532967,0.61351335,0.55701345,0.5603039,0.5616008,0.3761435,0.2587597,0.40307567,0.50617564,0.36924797,0.52870595,0.50442696,-0.037663274,0.31444892,0.4181661,0.2380636,0.3057309,0.20298372,0.26845342,0.36927652,0.25916964,0.49438718,0.45037928,0.0822932,0.16834798,-0.43088955,0.2051576,0.1301237,0.2545808,0.349261,0.25922066,0.27350524,0.2090144,0.26428092,0.21944119
0.5341598,0.25968277,0.6242206,0.55802834,0.3168936,1.0,0.50427985,0.51618505,-0.010791316,0.39215726,0.61823577,0.32388675,0.52567714,0.17295401,0.5933554,0.48610228,0.39723158,0.41327965,0.5495972,0.46088025,0.16847312,-0.054807447,0.51616585,0.40566066,0.49273953,0.45164597,0.48941183,0.62725455,0.5016469,0.62908953,0.15738603,0.2167795,0.40433484,0.21099456,0.50286835,0.34102356,0.404657,0.26477817,0.49491784,0.42813492,0.5044343,0.34595966,0.53868884,0.5874454,0.5194986,0.46413493,0.5732611,0.51390153,0.36787716,0.2392306,0.6038014,0.008524651,0.6587612,0.17267856,0.58586115,0.46969104,0.57577753,0.26670367,0.5369846,0.26366892,0.5439638,0.38638377,0.48640907,-0.087615035,0.39613032,0.2956958,0.55188435,0.5284235,0.5042391,0.56389177,0.63977915,0.573912,0.40035638,0.5072607,0.2079155,0.4700022,0.43270695,0.42045784,0.35176516,0.36651972,0.5819503,0.26628545,0.4984443,0.5272996,0.650913,0.3350329,0.5027612,0.22517951,0.6918371,0.43918917,0.6298333,0.47794473,0.6361205,-0.03424721,0.25857088,0.47794092,0.38501084,0.41614953,0.5157191,0.51797855,0.58962613,0.34264296,0.62347203,0.63467413,0.22336659,0.4037909,-0.31538033,0.35301942,0.11920442,0.116288364,0.48727107,0.50164825,0.5018345,0.3861684,0.30855915,0.23857993
0.81755257,0.58182484,0.8316566,0.8346956,0.51824933,0.50427985,1.0,0.77210176,0.23950642,0.35131344,0.67017543,0.6880636,0.6878473,0.58198345,0.7219886,0.6398995,0.594229,0.7073177,0.72275424,0.6320007,0.19691317,-0.003716632,0.74022526,0.7855162,0.42743242,0.48893532,0.37631178,0.50779575,0.72894156,0.73948354,0.5063699,0.58991766,0.70101756,0.6258296,0.5985762,0.564388,0.5226874,0.5208527,0.55950147,0.5342131,0.2595191,0.386982,0.6191842,0.63990533,0.62192833,0.60329455,0.57431513,0.59442335,0.40368047,0.4851249,0.64791065,0.33707756,0.52548355,0.26237673,0.6454159,0.63368386,0.6731651,0.49855402,0.51959836,0.24885239,0.697336,0.6169744,0.64431447,0.39377388,0.48746192,0.5736339,0.656873,0.68018574,0.65701926,0.6449467,0.6519772,0.709887,0.5984154,0.7330178,0.35603133,0.71135354,0.49573994,0.5804981,0.5577105,0.5560069,0.7199041,0.62745345,0.6557784,0.5680217,0.7666916,0.6196471,0.3401608,0.31867597,0.70399565,0.5502954,0.57123804,0.55503887,0.5202331,0.19350466,0.43545333,0.58117235,0.51566666,0.5617517,0.58704096,0.6277944,0.538157,0.26174358,0.5400338,0.47283903,0.29593608,0.33525807,-0.1581138,0.47031316,0.3154763,0.3126414,0.58678323,0.52739996,0.40307814,0.14655869,0.20901015,0.38689664
0.84455556,0.78698325,0.86073273,0.77695847,0.6052006,0.51618505,0.77210176,1.0,0.2983728,0.20579627,0.82232827,0.83404773,0.80677307,0.6722097,0.663764,0.6294092,0.6938732,0.8130976,0.85093343,0.53420097,0.15936762,-0.011755812,0.8543296,0.6589043,0.548479,0.5702831,0.31303248,0.53840166,0.7777948,0.7162613,0.4155853,0.5015149,0.78399634,0.44003633,0.66749847,0.59446025,0.53838265,0.488948,0.5580728,0.5359724,0.268479,0.44623128,0.60944235,0.68142676,0.60376626,0.5997541,0.58232874,0.6195465,0.46339148,0.46077946,0.6804029,0.3555941,0.50682735,0.25768295,0.5554875,0.5700937,0.8370302,0.7127802,0.736867,0.49772045,0.78986907,0.6807848,0.74794763,0.5077275,0.51405126,0.6213992,0.7637771,0.7764853,0.78266746,0.7984041,0.54332966,0.73667824,0.5869734,0.7168287,0.31060544,0.65721047,0.40468675,0.56452113,0.71850735,0.62630415,0.8033883,0.6787847,0.5682108,0.47446018,0.76491123,0.7191986,0.35780874,0.29786476,0.5983789,0.5678009,0.5418867,0.55504036,0.5316863,-0.044434153,0.32898185,0.51262784,0.45510185,0.51617485,0.5364707,0.52515215,0.43647417,0.25431043,0.5255842,0.4631438,0.14876023,0.14964366,-0.22904043,0.33309555,0.17327505,0.23823752,0.5696227,0.4599069,0.34404394,0.12652606,0.15277895,0.26759598
0.28476503,0.28759852,0.22239539,0.19698244,0.33857843,-0.010791316,0.23950642,0.2983728,1.0,-0.004999646,0.15217331,0.3996968,0.16610177,0.42209736,0.27121776,0.28280458,0.1295135,0.29925743,0.2757395,0.15823127,0.13790284,0.16021204,0.32210714,0.17283273,0.115556486,0.12280835,0.35653323,-0.023442456,0.22563492,0.097318985,0.32020923,0.17693633,0.14789572,0.055668835,0.23767851,0.21429579,0.093530886,0.3736081,0.20019425,0.33370584,0.28051543,0.48413685,0.22028789,0.31584525,0.29614326,0.36526316,0.099944346,0.16152932,0.20336115,0.36578152,0.17097297,0.32286564,0.032850638,0.3074106,0.2513104,0.36535645,0.23363028,0.31086794,0.2823419,0.28121537,0.24742846,0.33397317,0.19403078,0.2466101,0.26896298,0.3084025,0.2842279,0.3477771,0.20711643,0.2097174,0.09501176,0.16840158,0.17572933,0.15354066,0.31236276,0.21576522,0.24525028,0.22663383,0.17627774,0.23770222,0.2520043,0.37569755,0.1332335,0.15365486,0.28652847,0.5470815,0.09927412,0.24976546,0.2760857,0.5430872,0.31539476,0.41477364,0.3268809,0.19240753,0.25368488,0.34127715,0.019651553,0.24363777,0.10171289,0.33036566,0.41614392,0.20382228,0.47141823,0.37667388,0.21590978,0.2981536,-0.13691896,0.2628905,0.2470683,0.07489299,0.03033405,0.12401686,0.3088825,0.26849812,0.48224002,0.1700345
0.21292222,-0.070452645,0.38202405,0.18114637,0.32943246,0.39215726,0.35131344,0.20579627,-0.004999646,1.0,0.27316102,0.18983503,0.25108966,0.37878877,0.51816887,0.5246212,0.13512361,0.27010903,0.120383374,0.1661845,0.15307595,0.13634463,0.31352976,0.26294976,0.28652287,0.024821375,0.009141394,0.41892618,0.32613114,0.4368753,0.16015212,0.37283546,0.20064889,0.1889472,0.2585276,0.15409999,0.24306808,0.1225556,0.28947723,0.23671503,0.17415117,0.19797723,0.22440521,0.29186788,0.2464848,0.21814471,0.28979993,0.27823812,0.032193772,-0.009714421,0.19927804,0.08543837,0.30754808,0.2401045,0.3766007,0.3218802,0.101805985,-0.047554616,-0.000705305,-0.20810732,0.19262768,0.032884676,0.21039712,0.0020691035,-0.05373958,0.10622185,0.16468635,0.122682035,0.1498664,0.076158576,0.42441472,0.31455928,0.1485001,0.294359,-0.037357762,0.24360614,0.17285797,0.16378881,0.2535648,0.07342199,0.2946729,0.38513547,0.5855149,0.5422519,0.38962102,0.23479536,0.38466525,0.040387057,0.40854317,0.3437359,0.47098798,0.3496323,0.5124957,0.3004137,0.14171219,0.31549212,0.23987508,0.22891657,0.26089656,0.3079497,0.33932343,0.10965244,0.36888674,0.4087907,0.12877642,0.23847279,-0.47073418,0.15493384,0.052098613,0.05993801,0.23908082,0.27248022,0.1990691,0.27149996,0.12005059,0.07060622
0.7652976,0.68588114,0.81921643,0.6594138,0.5105869,0.61823577,0.67017543,0.82232827,0.15217331,0.27316102,1.0,0.74877906,0.8873652,0.6348937,0.676357,0.6248051,0.81689715,0.80850273,0.7784309,0.39788958,0.24936008,0.031528994,0.81652683,0.62644523,0.56208086,0.5981191,0.2553572,0.6575246,0.8353284,0.7852062,0.41600287,0.52000546,0.77054876,0.41755518,0.730202,0.6624824,0.6783274,0.575658,0.6738547,0.6382853,0.33246067,0.40613374,0.7141302,0.77360207,0.6555074,0.62446505,0.7233011,0.744588,0.526435,0.4350829,0.73097616,0.29574513,0.6114159,0.19031975,0.61693096,0.60625064,0.8429421,0.68051994,0.78130287,0.5995376,0.8136183,0.6700252,0.78645056,0.41931096,0.48023608,0.52389264,0.80628914,0.78110784,0.8162261,0.81102014,0.61821085,0.79453725,0.6390013,0.74744725,0.309303,0.691872,0.46216097,0.61701924,0.772213,0.6480729,0.87807894,0.6454118,0.59193975,0.47627118,0.7899786,0.6035452,0.4395816,0.35466534,0.5786252,0.5200712,0.5820167,0.5481181,0.53393674,-0.13592805,0.3634767,0.5782593,0.54720956,0.60531247,0.5905284,0.5183875,0.41684583,0.1456867,0.50086385,0.44800287,0.21094748,0.17879714,-0.2557808,0.32422432,0.2364775,0.35040385,0.6697068,0.5383223,0.4222726,0.15783642,0.109978855,0.27704006
0.75281805,0.75459975,0.7459148,0.64534956,0.6129574,0.32388675,0.6880636,0.83404773,0.3996968,0.18983503,0.74877906,1.0,0.7435652,0.7499261,0.6553466,0.6747125,0.7188679,0.86792946,0.7299714,0.39829308,0.19736528,0.048594855,0.8356318,0.66919595,0.49016172,0.51875556,0.19764291,0.48427275,0.7758157,0.6837685,0.44640762,0.553208,0.708377,0.3543205,0.6014743,0.5954595,0.534125,0.58468103,0.5563328,0.58868253,0.25211766,0.490919,0.5736596,0.6538119,0.5711744,0.5858834,0.5323333,0.5798206,0.42304268,0.46411526,0.5858275,0.42591268,0.4134758,0.25093618,0.5184866,0.55626434,0.7504804,0.69987893,0.70650256,0.51482624,0.7365818,0.6439389,0.729055,0.53860044,0.4428181,0.6057403,0.7279581,0.73895335,0.74573135,0.7280129,0.49508536,0.6738899,0.58348465,0.67699665,0.38442922,0.680885,0.4237109,0.5917832,0.72368383,0.55828345,0.76529866,0.7412577,0.5667092,0.45279166,0.6910954,0.76469785,0.29417488,0.39360055,0.49466023,0.6072589,0.4966396,0.53899753,0.4488062,-0.0444384,0.4173942,0.57007104,0.43760952,0.53902096,0.43969837,0.47899765,0.3483826,0.19251667,0.48270795,0.38884732,0.18085237,0.108257525,-0.25085345,0.3150275,0.27440822,0.30269602,0.5174752,0.4043427,0.3284834,0.10061341,0.2013301,0.27639353
0.74305815,0.694975,0.79148513,0.63812643,0.49877355,0.52567714,0.6878473,0.80677307,0.16610177,0.25108966,0.8873652,0.7435652,1.0,0.7207917,0.68017423,0.63222814,0.8024722,0.81806993,0.7427703,0.3970462,0.17779204,-0.0236225,0.7902383,0.6229028,0.49357802,0.5252374,0.20221604,0.5992493,0.83140296,0.7433431,0.3901304,0.56269157,0.773679,0.41991976,0.75921875,0.69361556,0.6398546,0.5827798,0.6188771,0.5904918,0.28602797,0.32677013,0.6815779,0.70168597,0.634673,0.5975713,0.67513376,0.71123415,0.53166443,0.45676404,0.6973529,0.3905003,0.530492,0.2282269,0.5595668,0.5637785,0.7892268,0.6842767,0.6985877,0.5549342,0.8021428,0.6609556,0.7840851,0.51513594,0.43565026,0.57005423,0.7709587,0.7416988,0.811218,0.7735924,0.62174493,0.76099116,0.6638012,0.77717346,0.4007247,0.7025588,0.49397916,0.6419282,0.7403233,0.674725,0.87867874,0.69493234,0.61566764,0.45072597,0.78322226,0.6210396,0.36207223,0.29880345,0.51285547,0.46023673,0.49402478,0.46899787,0.43355325,-0.04019641,0.31020513,0.5315641,0.5157144,0.5935079,0.54222524,0.49334937,0.35619628,0.08277193,0.4295041,0.3506537,0.20205961,0.094490826,-0.21706359,0.3376088,0.2286595,0.29987192,0.65652275,0.50540084,0.33460745,0.05375895,0.048255768,0.23685087
0.5547699,0.53737557,0.6413666,0.42930377,0.58224726,0.17295401,0.58198345,0.6722097,0.42209736,0.37878877,0.6348937,0.7499261,0.7207917,1.0,0.5841108,0.6720149,0.58752346,0.759311,0.5615469,0.27334827,0.1762302,0.09468168,0.7187283,0.53597254,0.3545263,0.25754225,0.076542385,0.37724587,0.6856861,0.5931301,0.4267016,0.5967203,0.63115275,0.38461334,0.5984355,0.5638682,0.51412976,0.5581978,0.48912323,0.51273453,0.15725665,0.3688473,0.4473882,0.52983385,0.44423258,0.42346936,0.46562538,0.53831697,0.26502642,0.27315933,0.38080004,0.42532268,0.31880057,0.308901,0.45727637,0.53504324,0.5199274,0.53117704,0.43837,0.33761528,0.5826249,0.4771342,0.5900348,0.61017466,0.16519883,0.48261747,0.5644989,0.53400564,0.6285523,0.5268062,0.464452,0.5677903,0.5060736,0.62586594,0.39612672,0.5936761,0.3664092,0.5000182,0.6402516,0.5288532,0.70246947,0.8181615,0.63744056,0.44709578,0.6190038,0.71224123,0.2722513,0.2903161,0.3909815,0.53887665,0.42763114,0.46101862,0.37978625,0.08139418,0.3123477,0.46240786,0.39224693,0.50038147,0.3621485,0.40395948,0.2419334,0.04688122,0.3752632,0.27197424,0.17096284,0.043833952,-0.258543,0.30553362,0.2807549,0.29382032,0.44794783,0.32633013,0.22628789,0.056462545,0.11587507,0.19749115
0.6696728,0.38583708,0.7440125,0.6430427,0.58879286,0.5933554,0.7219886,0.663764,0.27121776,0.51816887,0.676357,0.6553466,0.68017423,0.5841108,1.0,0.8576893,0.5820609,0.7295188,0.5859794,0.44837892,0.27260438,0.13460149,0.73460037,0.6666306,0.54927146,0.50249463,0.24469265,0.6672947,0.8060096,0.83344644,0.42970452,0.6064744,0.57406163,0.36832723,0.60029197,0.51547754,0.5986452,0.5975397,0.6053579,0.6657853,0.42171642,0.5161775,0.5777329,0.6571858,0.56212723,0.52317286,0.57222575,0.59146726,0.32166758,0.34267494,0.6121846,0.27336803,0.54696983,0.23237784,0.6330743,0.6285055,0.5906285,0.3864535,0.4978817,0.25990793,0.66317254,0.56666523,0.65898466,0.22964618,0.38345003,0.48655933,0.60936546,0.57732487,0.6120045,0.58585185,0.73010874,0.78142124,0.6726679,0.7929884,0.36497658,0.76157016,0.5080303,0.6100312,0.6205884,0.5276875,0.7648771,0.7143247,0.81136024,0.7616325,0.8200054,0.700053,0.44931555,0.33753976,0.7156061,0.6709139,0.63990456,0.6332712,0.6385894,0.045858692,0.4866333,0.6891069,0.44855657,0.51521474,0.46030414,0.5387879,0.53102404,0.2604274,0.61871403,0.5809323,0.25723547,0.29999053,-0.35547572,0.45836362,0.31402692,0.31519848,0.53247845,0.43063435,0.38680077,0.24765085,0.2547552,0.33853075
0.59539825,0.321027,0.6863758,0.5274063,0.67956144,0.48610228,0.6398995,0.6294092,0.28280458,0.5246212,0.6248051,0.6747125,0.63222814,0.6720149,0.8576893,1.0,0.4989527,0.7287378,0.54020184,0.3524882,0.32910267,0.1920821,0.7270544,0.60668397,0.5257043,0.3588793,0.19919877,0.58894926,0.74034363,0.8164452,0.35228643,0.537011,0.4932083,0.28324285,0.50262916,0.40676233,0.52283925,0.5861437,0.52082694,0.62129265,0.37666506,0.5484708,0.43289936,0.5774228,0.45020494,0.42310637,0.4934854,0.5241307,0.18544322,0.18716551,0.48880747,0.18526568,0.4494802,0.21639264,0.55067676,0.5647315,0.51328576,0.299243,0.460041,0.22108857,0.5550188,0.460361,0.5861628,0.18526725,0.23976529,0.39640456,0.51882845,0.47958264,0.57189924,0.5297131,0.6674697,0.6793591,0.5693751,0.7306501,0.38156393,0.71340096,0.40384147,0.5299209,0.6077515,0.47003078,0.7004866,0.7256306,0.83643883,0.8127664,0.76128376,0.7142271,0.3953746,0.32772237,0.6130572,0.6731767,0.5772878,0.66321576,0.6543512,-0.028546948,0.47416708,0.64764017,0.3917122,0.45141935,0.36370727,0.45480213,0.44120997,0.3250287,0.6186324,0.5718748,0.15704009,0.21835735,-0.4866987,0.34746277,0.24594636,0.343542,0.46903008,0.34410256,0.38806924,0.29765597,0.28891653,0.27812678
0.6446127,0.6861576,0.6791532,0.5653609,0.40605298,0.39723158,0.594229,0.6938732,0.1295135,0.13512361,0.81689715,0.7188679,0.8024722,0.58752346,0.5820609,0.4989527,1.0,0.80174536,0.63686407,0.29237998,0.2621293,0.06701455,0.73560864,0.65507543,0.34347892,0.54954875,0.0015583193,0.5491474,0.82511026,0.6778848,0.45123425,0.6104782,0.8274027,0.51559466,0.74040276,0.75130445,0.7332064,0.6618755,0.63421756,0.6460613,0.2572497,0.30549708,0.74342537,0.72560036,0.6670316,0.60421777,0.71920735,0.75695485,0.5306459,0.49642938,0.65604734,0.44463766,0.55438274,0.13440262,0.5818748,0.617989,0.77203494,0.71335286,0.68454105,0.59559846,0.80089545,0.6291228,0.79963535,0.5738454,0.37462547,0.5284812,0.79906654,0.7423752,0.80628175,0.758242,0.5200007,0.69986016,0.68947965,0.714764,0.34818488,0.688264,0.5052374,0.6671683,0.7607164,0.556671,0.8350804,0.62782776,0.50163805,0.3224272,0.6397921,0.55228305,0.33566737,0.41094792,0.44151136,0.45809934,0.46658233,0.41480795,0.2707776,-0.030492099,0.3781726,0.5702955,0.5880886,0.64641047,0.5292254,0.46567968,0.30503726,-0.049512528,0.33055577,0.23891148,0.36452052,0.08881774,-0.092932,0.299248,0.32713744,0.47687238,0.66450584,0.5087523,0.3706701,-0.03766748,0.05173734,0.345135
0.72873163,0.6796769,0.78286797,0.6329268,0.6125303,0.41327965,0.7073177,0.8130976,0.29925743,0.27010903,0.80850273,0.86792946,0.81806993,0.759311,0.7295188,0.7287378,0.80174536,1.0,0.7127328,0.36448327,0.21494761,0.048194457,0.8457359,0.68451583,0.45737496,0.5811465,0.13459113,0.5674336,0.85234946,0.7870755,0.38952896,0.6411522,0.7418897,0.3798908,0.66976005,0.65376437,0.6081211,0.61490935,0.59239495,0.6099568,0.22545366,0.40678468,0.60994005,0.69782555,0.599875,0.56426525,0.61130035,0.6730795,0.38156608,0.41017157,0.59458274,0.40944034,0.4758256,0.2052781,0.56009775,0.5864369,0.74825317,0.6214628,0.66273236,0.47159234,0.7575438,0.6161524,0.7494558,0.5073444,0.3498799,0.5910236,0.74827147,0.7201845,0.7861175,0.7470828,0.6188195,0.7391728,0.7160202,0.78250134,0.4266783,0.7815177,0.5332578,0.7053405,0.7782095,0.6584553,0.8663761,0.78891677,0.6669766,0.54339755,0.7769864,0.7337343,0.37832785,0.42227325,0.5361412,0.58000326,0.49292123,0.51805925,0.4234437,-0.06944453,0.43756238,0.61255383,0.4834277,0.58382833,0.46905833,0.475666,0.347107,0.12307404,0.46504956,0.38776562,0.23450872,0.12436002,-0.21952435,0.3511111,0.2983457,0.32966545,0.58655465,0.4470205,0.32406503,0.08733591,0.16929936,0.27223864
0.81809425,0.7703668,0.8521714,0.8073208,0.4962143,0.5495972,0.72275424,0.85093343,0.2757395,0.120383374,0.7784309,0.7299714,0.7427703,0.5615469,0.5859794,0.54020184,0.63686407,0.7127328,1.0,0.7267737,0.14685085,-0.032345176,0.7915156,0.6328787,0.5455577,0.5565567,0.39710912,0.5189885,0.7082969,0.658414,0.41524968,0.43729255,0.71927786,0.3973095,0.67303157,0.6084309,0.47815636,0.43064296,0.58833194,0.5084429,0.33764336,0.4155406,0.6582521,0.69613284,0.64538735,0.61097145,0.62867004,0.62852436,0.49529466,0.45586333,0.67190576,0.30725932,0.5251982,0.25598606,0.5437655,0.54307306,0.820835,0.71350455,0.7532105,0.5529971,0.77085274,0.6957019,0.69360465,0.4304738,0.5298114,0.5894051,0.7787532,0.77738184,0.8080248,0.8407968,0.56728464,0.73834443,0.5833715,0.6460432,0.3589535,0.6307503,0.4854442,0.5944747,0.6380882,0.6828176,0.7477591,0.56512856,0.4843887,0.4301535,0.7257759,0.6698886,0.32729995,0.3447253,0.5869434,0.5596031,0.49726233,0.4784259,0.49588755,-0.08935905,0.3739537,0.54704,0.47903806,0.5243589,0.56455076,0.50895435,0.48066932,0.24809742,0.5444488,0.48960602,0.17735308,0.24236494,-0.17886817,0.3397868,0.24307127,0.2803591,0.60260403,0.5027274,0.42491314,0.20544271,0.23810278,0.2736989
0.6322559,0.48080102,0.64284706,0.75749093,0.28034547,0.46088025,0.6320007,0.53420097,0.15823127,0.1661845,0.39788958,0.39829308,0.3970462,0.27334827,0.44837892,0.3524882,0.29237998,0.36448327,0.7267737,1.0,-0.038607817,-0.15851083,0.48117024,0.51048166,0.3822821,0.32156563,0.40656164,0.28897762,0.42818,0.41234988,0.2065824,0.2673603,0.43381754,0.32680357,0.4505538,0.38964108,0.2132476,0.17516911,0.32553935,0.20571163,0.2528441,0.19389169,0.46015775,0.447778,0.47242838,0.4531243,0.4132379,0.37864214,0.33539554,0.35612231,0.49250412,0.2657763,0.39952785,0.3188834,0.3830264,0.33527985,0.4929565,0.41600847,0.36942577,0.1757682,0.48629886,0.4862226,0.428351,0.24861561,0.42949948,0.45511356,0.47166842,0.476248,0.5209514,0.5669238,0.503783,0.51776046,0.43237826,0.44620204,0.36743242,0.45351565,0.44505936,0.4532012,0.26426402,0.51077855,0.42942187,0.306185,0.3532148,0.30816233,0.49009207,0.42021233,0.20018955,0.19897102,0.48730758,0.350576,0.31857347,0.22890188,0.31645492,0.114144646,0.20098037,0.3226784,0.36041996,0.33370113,0.43009642,0.3610907,0.40700296,0.19500446,0.3894599,0.3480762,0.11748646,0.2442386,-0.09780066,0.2581226,0.099524155,0.08408395,0.44647145,0.38711333,0.2330657,0.0817604,0.16532792,0.22323361
0.19980426,0.038670044,0.26787752,0.19461028,0.22778206,0.16847312,0.19691317,0.15936762,0.13790284,0.15307595,0.24936008,0.19736528,0.17779204,0.1762302,0.27260438,0.32910267,0.2621293,0.21494761,0.14685085,-0.038607817,1.0,0.8372553,0.26743183,0.26231351,0.21292187,0.15863071,0.093830295,0.33137447,0.21831702,0.30654126,0.2889021,0.13607724,0.25371206,0.40620744,0.17613009,0.15060253,0.4455056,0.45383427,0.26386532,0.54008657,0.5183697,0.60229826,0.2818083,0.32374144,0.29601282,0.2408733,0.22819312,0.22505096,0.061218586,0.060931124,0.22489242,-0.054498993,0.25793928,-0.1285558,0.38260716,0.4321467,0.22681391,0.028948475,0.26968145,0.09658091,0.22107902,0.16438214,0.3019211,-0.014379717,0.13758656,0.10084749,0.24383868,0.19623868,0.25310954,0.19913983,0.12049373,0.13422368,-0.032220565,0.12127721,0.017114427,0.07120162,-0.05247307,-0.061441474,0.23898965,-0.12920192,0.27838457,0.21182895,0.25150016,0.3955907,0.29850414,0.31181163,0.1298061,0.26425678,0.3799312,0.47076455,0.4325115,0.53479093,0.4390079,-0.018211825,0.4976747,0.49513924,0.21338305,0.24888353,0.1349478,0.24724945,0.4034491,0.39745685,0.45729917,0.4574801,0.33065182,0.38952672,-0.22689578,0.2844354,0.3787705,0.653736,0.09836867,0.09148677,0.54715264,0.38777572,0.24682687,0.18373446
-0.037006892,-0.09261653,0.07349367,0.018021652,0.14009112,-0.054807447,-0.003716632,-0.011755812,0.16021204,0.13634463,0.031528994,0.048594855,-0.0236225,0.09468168,0.13460149,0.1920821,0.06701455,0.048194457,-0.032345176,-0.15851083,0.8372553,1.0,0.08773816,0.07576605,0.15425566,0.06000516,-0.04444618,0.18047738,0.016472116,0.10502126,0.27791038,0.109179944,0.075280845,0.25286764,0.02094709,0.03888943,0.30757052,0.27971935,0.19190452,0.41701806,0.37465233,0.5262889,0.08070015,0.11202519,0.09291824,0.059527054,0.044858247,0.052472416,-0.08959944,-0.094828404,-0.0044936556,-0.105730794,0.03868821,-0.1451646,0.22610405,0.29098335,-0.014354295,-0.07726685,0.06166611,-0.012297024,0.01472449,0.01737359,0.0732174,-0.046157103,-0.05442471,-0.0075162495,0.060967255,0.014700033,0.03708826,-0.012314662,-0.06266491,-0.0004036536,-0.17917538,-0.05909452,-0.19741379,-0.11398141,-0.20377173,-0.21408983,0.12195128,-0.23139624,0.07957532,0.12737213,0.07469681,0.30360535,0.103232555,0.19235419,-0.018597055,0.17271183,0.19474368,0.35697684,0.26495418,0.36561394,0.27506045,-0.012909815,0.4598173,0.36301595,0.11716579,0.13656157,0.024657141,0.13736217,0.23496358,0.24000782,0.28241012,0.309954,0.2685841,0.2772997,-0.11929864,0.20959298,0.38758844,0.546201,-0.05711189,-0.045721587,0.37812194,0.34542257,0.16849655,0.091924325
0.7827113,0.67391104,0.85840386,0.69609755,0.57983077,0.51616585,0.74022526,0.8543296,0.32210714,0.31352976,0.81652683,0.8356318,0.7902383,0.7187283,0.73460037,0.7270544,0.73560864,0.8457359,0.7915156,0.48117024,0.26743183,0.08773816,1.0,0.7218511,0.5509986,0.54867876,0.25337088,0.60925907,0.8341575,0.8116405,0.5067254,0.59276587,0.7738036,0.43884054,0.7022088,0.64727986,0.65569115,0.5916705,0.668095,0.65828997,0.33124492,0.49372664,0.65061796,0.7392981,0.63359725,0.59482425,0.6547494,0.6973051,0.40309602,0.37848046,0.63319576,0.33203897,0.594634,0.2503825,0.6626666,0.6682198,0.7764926,0.6293451,0.7157225,0.4576319,0.77543414,0.6193395,0.75421107,0.43511626,0.3789801,0.5292838,0.78621095,0.76895386,0.79149944,0.77106124,0.62172747,0.77491504,0.6356041,0.7669487,0.36822003,0.72535706,0.47387952,0.61505985,0.74647963,0.56289256,0.836907,0.7073452,0.67582244,0.5919382,0.781204,0.74485904,0.42290238,0.38425508,0.63163084,0.65806043,0.6087563,0.60630584,0.55660766,-0.051634293,0.46414462,0.6280753,0.53816116,0.6084254,0.5582837,0.56012195,0.45129895,0.27598384,0.57649845,0.50858724,0.22161199,0.22141415,-0.2785885,0.36344308,0.29165536,0.37843826,0.61841357,0.49899265,0.43746033,0.20506026,0.22822075,0.2926574
0.701681,0.5043216,0.7438341,0.7588052,0.4687785,0.40566066,0.7855162,0.6589043,0.17283273,0.26294976,0.62644523,0.66919595,0.6229028,0.53597254,0.6666306,0.60668397,0.65507543,0.68451583,0.6328787,0.51048166,0.26231351,0.07576605,0.7218511,1.0,0.35262415,0.3785926,0.18239,0.47708827,0.7295978,0.7214054,0.5715224,0.7062657,0.65544546,0.574442,0.5445832,0.5855916,0.524578,0.50900096,0.5105787,0.5225164,0.20969577,0.3804153,0.60258526,0.58625305,0.5865268,0.53983426,0.5481129,0.5639703,0.35285178,0.4733501,0.57115936,0.44176477,0.46518075,0.09940328,0.56723565,0.5722374,0.5991178,0.45656672,0.5089332,0.27939522,0.6186929,0.55999345,0.60889226,0.39963615,0.45531222,0.5855284,0.6273766,0.6271308,0.6262138,0.60027146,0.64534414,0.6915273,0.6049789,0.7245731,0.3637574,0.69595677,0.49308187,0.58763146,0.6315981,0.46234164,0.69904757,0.6272212,0.6398713,0.5295433,0.68656564,0.59172577,0.3223323,0.38896936,0.5574764,0.5308515,0.48304945,0.5180412,0.41159096,0.116341874,0.4523954,0.57787997,0.48518646,0.5200229,0.49781615,0.5125486,0.47839352,0.16166753,0.45555678,0.36567244,0.38965797,0.30534005,-0.12693791,0.38694635,0.37424114,0.43781406,0.56417364,0.47971803,0.39604038,0.07279097,0.20617536,0.5117986
0.51525515,0.35579288,0.58685213,0.5200961,0.34646773,0.49273953,0.42743242,0.548479,0.115556486,0.28652287,0.56208086,0.49016172,0.49357802,0.3545263,0.54927146,0.5257043,0.34347892,0.45737496,0.5455577,0.3822821,0.21292187,0.15425566,0.5509986,0.35262415,1.0,0.44918722,0.31102443,0.525775,0.49908713,0.54443157,0.23733543,0.287966,0.3280021,0.06161482,0.34205702,0.26125556,0.3304314,0.22262742,0.448712,0.45280346,0.24782683,0.41079822,0.33239967,0.41989332,0.3291412,0.36857414,0.31565177,0.31796932,0.2429574,0.22036123,0.48127845,0.10122138,0.32891804,0.2112956,0.4014445,0.37136525,0.48735633,0.29357237,0.50222,0.30299363,0.4499464,0.43489772,0.44714656,0.083144605,0.3724272,0.3867779,0.44648203,0.43578893,0.42629358,0.44556877,0.4418934,0.5667492,0.31018344,0.43065828,0.0063327546,0.4250719,0.14407666,0.24799629,0.4807829,0.3679859,0.4969453,0.44878927,0.39323992,0.5058698,0.5993664,0.4904733,0.23942295,0.12477886,0.47634372,0.44095615,0.4398728,0.5015346,0.54334813,-0.14517145,0.2966643,0.38639286,0.23172057,0.2715795,0.35404468,0.3974156,0.2968513,0.2362056,0.4439343,0.45776263,-0.06232243,0.11843311,-0.23345377,0.2672942,0.13361694,0.121932976,0.28046688,0.20506771,0.27321696,0.33099043,0.10299289,0.049235996
0.56764644,0.53704196,0.58136904,0.53263265,0.34074497,0.45164597,0.48893532,0.5702831,0.12280835,0.024821375,0.5981191,0.51875556,0.5252374,0.25754225,0.50249463,0.3588793,0.54954875,0.5811465,0.5565567,0.32156563,0.15863071,0.06000516,0.54867876,0.3785926,0.44918722,1.0,0.27433193,0.5075988,0.55229294,0.5299233,0.30554986,0.3919972,0.4785328,0.20124201,0.4025477,0.39963183,0.52798706,0.41015574,0.586278,0.5264413,0.21390714,0.33785945,0.5110357,0.527442,0.4621133,0.4606226,0.5069814,0.5056541,0.39614806,0.34892783,0.52885306,0.124018036,0.38801512,0.057593144,0.4743795,0.41142023,0.6298,0.45841455,0.5878302,0.42637357,0.6085841,0.5718123,0.5017037,0.16312689,0.44282869,0.35511306,0.5847645,0.5760871,0.5201559,0.5738442,0.40283066,0.6066506,0.5211046,0.5230873,0.12774476,0.5574114,0.3478229,0.48720482,0.44962794,0.4493408,0.5914237,0.34763548,0.27858105,0.33379078,0.5557036,0.3859236,0.35347745,0.32673904,0.48627508,0.3294902,0.33208755,0.31791595,0.28831086,-0.19670834,0.47845182,0.48113295,0.47218046,0.48817122,0.47172162,0.391013,0.23362018,0.14594828,0.321537,0.30826244,0.11233138,0.1318978,0.06728375,0.33964095,0.27904105,0.2958487,0.5052245,0.43825397,0.26297763,0.15802582,0.08419753,0.19967219
0.37590355,0.14545618,0.33273625,0.44030452,0.2257297,0.48941183,0.37631178,0.31303248,0.35653323,0.009141394,0.2553572,0.19764291,0.20221604,0.076542385,0.24469265,0.19919877,0.0015583193,0.13459113,0.39710912,0.40656164,0.093830295,-0.04444618,0.25337088,0.18239,0.31102443,0.27433193,1.0,0.2430988,0.15414762,0.2535902,0.23355536,0.010100007,0.05632136,0.05674835,0.20906566,0.15055569,0.042910475,0.121944845,0.27092886,0.21628152,0.29485554,0.34941852,0.27036214,0.30785975,0.3004339,0.3412104,0.17959137,0.1423895,0.2620204,0.28742427,0.33674732,-0.008553407,0.28100038,0.12843482,0.3344606,0.2704395,0.28864208,0.12463808,0.36500093,0.19408529,0.23801042,0.3318528,0.17113255,-0.15011229,0.45233014,0.2319102,0.29257,0.3589876,0.2092686,0.27573192,0.3335164,0.27903816,0.13273631,0.18873122,0.1727649,0.21721414,0.3577617,0.24747087,0.085353196,0.28504092,0.24747297,0.092333436,0.12778476,0.27761912,0.40048748,0.28966132,0.22228365,0.25537112,0.495402,0.39611462,0.3893492,0.39641452,0.47602415,0.055994958,0.22733812,0.28394628,0.11208298,0.20822127,0.32449862,0.41659823,0.53889227,0.45226455,0.56085,0.55874515,0.21949857,0.5426217,-0.023887854,0.3630095,0.1602216,-0.053424876,0.17275354,0.28376922,0.47448495,0.48363018,0.5008888,0.24206376
0.5280741,0.30300695,0.6151024,0.4774541,0.41808283,0.62725455,0.50779575,0.53840166,-0.023442456,0.41892618,0.6575246,0.48427275,0.5992493,0.37724587,0.6672947,0.58894926,0.5491474,0.5674336,0.5189885,0.28897762,0.33137447,0.18047738,0.60925907,0.47708827,0.525775,0.5075988,0.2430988,1.0,0.6025306,0.728572,0.39776057,0.46985883,0.51856834,0.26763496,0.52639407,0.43124682,0.55693406,0.40092528,0.62931997,0.5959462,0.39597476,0.42180076,0.5494913,0.559713,0.44372654,0.3896155,0.566859,0.55305374,0.3113143,0.17269565,0.5275456,-0.003385439,0.5586281,0.053152654,0.5521012,0.50132763,0.576207,0.336106,0.52894086,0.30577326,0.59052265,0.45265332,0.58248323,0.086051404,0.30422962,0.30609775,0.56243545,0.5111536,0.55874884,0.5518614,0.5484234,0.64841896,0.40886864,0.52771723,0.11892387,0.49320966,0.2949699,0.35072765,0.6115339,0.363833,0.66070604,0.43638963,0.5780404,0.66222703,0.6753481,0.41889292,0.294308,0.22565152,0.58839905,0.4625765,0.57198584,0.49575424,0.5552309,-0.104449406,0.4189224,0.60171497,0.43222114,0.46760604,0.43869734,0.44301707,0.38312855,0.2617478,0.48785675,0.5034073,0.21709812,0.2816564,-0.25016874,0.29374185,0.27123165,0.34462142,0.5209466,0.45075744,0.43857363,0.2886573,0.12515707,0.17802633
0.74186766,0.61525065,0.7990521,0.6761351,0.558902,0.5016469,0.72894156,0.7777948,0.22563492,0.32613114,0.8353284,0.7758157,0.83140296,0.6856861,0.8060096,0.74034363,0.82511026,0.85234946,0.7082969,0.42818,0.21831702,0.016472116,0.8341575,0.7295978,0.49908713,0.55229294,0.15414762,0.6025306,1.0,0.8368186,0.46498004,0.6807818,0.75932807,0.4594565,0.7384285,0.7058572,0.69530123,0.66182077,0.632875,0.65425444,0.2845008,0.38375822,0.68098336,0.7428168,0.6418538,0.5867048,0.67410094,0.7146982,0.42477304,0.4346609,0.6664442,0.39544016,0.5809852,0.1681063,0.61566705,0.63260466,0.75329596,0.5997137,0.6652759,0.49848068,0.77958405,0.63294935,0.7945927,0.4726317,0.4060739,0.56633747,0.7672659,0.72912467,0.7993259,0.75187016,0.73362815,0.8498528,0.8096479,0.8707873,0.4486921,0.83271194,0.5995889,0.74891794,0.80289334,0.61582434,0.8562198,0.7545424,0.7050074,0.5429156,0.77927554,0.6954047,0.47219312,0.42850545,0.5922837,0.59454614,0.5452618,0.5318896,0.46750158,-0.037883278,0.4158754,0.62642705,0.5114596,0.57939774,0.4996242,0.48688748,0.39496702,0.10483413,0.47922385,0.41074023,0.27674675,0.18801294,-0.22859481,0.38406911,0.31957084,0.38404673,0.62153614,0.4569849,0.34883106,0.0948423,0.16306153,0.36240646
0.6981397,0.42284417,0.79319996,0.66461086,0.57415015,0.62908953,0.73948354,0.7162613,0.097318985,0.4368753,0.7852062,0.6837685,0.7433431,0.5931301,0.83344644,0.8164452,0.6778848,0.7870755,0.658414,0.41234988,0.30654126,0.10502126,0.8116405,0.7214054,0.54443157,0.5299233,0.2535902,0.728572,0.8368186,1.0,0.46413645,0.62535393,0.642224,0.4426514,0.62628394,0.59510875,0.65040857,0.57049346,0.63494587,0.6551593,0.31478113,0.423604,0.5840503,0.6836129,0.5490346,0.4757177,0.64420456,0.6647954,0.27696818,0.24215107,0.58114123,0.15941505,0.61282283,0.14494057,0.64197767,0.62329865,0.66526926,0.38937968,0.5865638,0.3064559,0.6813127,0.5291677,0.7012362,0.21595864,0.31424326,0.4352234,0.6731005,0.6262378,0.70763665,0.668082,0.76792324,0.802064,0.6790027,0.8203138,0.3441513,0.79284394,0.5154555,0.6289727,0.70827556,0.56136096,0.8140624,0.6882871,0.80842966,0.7750438,0.82466316,0.6314983,0.47394362,0.40407896,0.6957542,0.60710937,0.60868424,0.60257167,0.5979279,-0.07559983,0.48715588,0.68888646,0.5015149,0.5480073,0.501418,0.5106189,0.4539497,0.2725047,0.56852716,0.53493404,0.2705549,0.30401412,-0.28378564,0.40867725,0.30281276,0.4053201,0.60581785,0.48163334,0.44982052,0.25193635,0.21474156,0.3593882
0.39005587,0.31320533,0.46755245,0.44238335,0.28420588,0.15738603,0.5063699,0.4155853,0.32020923,0.16015212,0.41600287,0.44640762,0.3901304,0.4267016,0.42970452,0.35228643,0.45123425,0.38952896,0.41524968,0.2065824,0.2889021,0.27791038,0.5067254,0.5715224,0.23733543,0.30554986,0.23355536,0.39776057,0.46498004,0.46413645,1.0,0.63578045,0.45061225,0.49268854,0.38082066,0.4675057,0.48601696,0.43902722,0.6319455,0.6055672,0.15983956,0.49057204,0.45785174,0.3954547,0.35249007,0.32524276,0.38096857,0.3890339,0.22386782,0.27600276,0.29497746,0.19161163,0.2573085,0.041848946,0.47552067,0.55720633,0.361702,0.40006357,0.38010097,0.35412237,0.41617402,0.40981627,0.35018727,0.2685035,0.23116964,0.32430813,0.47737193,0.46946836,0.38206777,0.3598954,0.34050664,0.5504465,0.31784505,0.40987787,-0.035337973,0.40177876,0.28090492,0.2990706,0.4957376,0.27665192,0.4801876,0.48158136,0.34890088,0.37147844,0.46895075,0.4811341,0.17530084,0.2989413,0.4157937,0.523829,0.39375243,0.42672765,0.332423,0.128763,0.58626866,0.59018046,0.3684797,0.45974216,0.38326886,0.47482544,0.37611848,0.15454265,0.3697689,0.3208453,0.4357908,0.37320787,0.06673092,0.46425784,0.5607071,0.5016071,0.3511213,0.3091415,0.44449437,0.28904858,0.30427498,0.47455084
0.4616669,0.3724281,0.5878753,0.51826197,0.46743402,0.2167795,0.58991766,0.5015149,0.17693633,0.37283546,0.52000546,0.553208,0.56269157,0.5967203,0.6064744,0.537011,0.6104782,0.6411522,0.43729255,0.2673603,0.13607724,0.109179944,0.59276587,0.7062657,0.287966,0.3919972,0.010100007,0.46985883,0.6807818,0.62535393,0.63578045,1.0,0.54416925,0.42934787,0.48405957,0.55752057,0.50825787,0.40821508,0.56019217,0.48169664,0.013901125,0.24467225,0.46602356,0.42929468,0.3903166,0.32570034,0.45771375,0.49572405,0.13662218,0.25031775,0.3077168,0.37662652,0.25845537,0.10487221,0.43196088,0.47694063,0.4091461,0.3889392,0.30073968,0.2085393,0.49618262,0.40652186,0.5018938,0.38308784,0.15580547,0.47790083,0.4955281,0.4601834,0.5076047,0.43991962,0.65738165,0.6991458,0.6138439,0.67892534,0.20078121,0.63760126,0.5105706,0.5800951,0.6555252,0.42114365,0.62817425,0.65268373,0.5955451,0.4827043,0.599561,0.47724858,0.3141946,0.37025067,0.3720686,0.43263894,0.31319425,0.31577867,0.22269543,0.10890023,0.46430033,0.5302912,0.42674088,0.5233813,0.407104,0.41339406,0.2238544,-0.10968392,0.23017476,0.17928468,0.33547667,0.19020844,0.0069681113,0.4202053,0.4694289,0.3997395,0.5051724,0.402853,0.20794916,0.044325165,0.11538776,0.39626953
