1.0,0.8266658,0.6882096,0.6950764,0.5091464,-0.6524184,0.7564336,0.65774256,0.48836526,0.0316861,0.5123168,0.2610846,0.1086661,0.41454694,0.36205772,0.31602216,0.2876455,0.08696473,0.8801335,0.7626166,-0.14867277,-0.30651054,0.5210997,0.52115685,-0.35650572,-0.06058772,-0.5056983,-0.55169827,0.044182863,0.16056694,0.20079039,-0.12947257,0.5560886,0.5169691,0.35213634,0.52700996,0.4199434,-0.10951397,0.22124125,-0.04444575,-0.13418153,-0.2557498,0.69765776,0.765887,0.2848899,0.010850445,0.6177621,0.6471517,0.26581696,0.19600715,0.6496867,-0.07088513,0.59117824,0.48463202,0.5462339,0.3704455,0.859078,0.79897714,0.25959682,-0.0393016,0.7473113,0.7188049,0.77885777,0.75650775,0.56396997,0.63477784,0.82658035,0.8042745,-0.19431917,0.79706955,-0.22325307,-0.46922356,-0.45745757,-0.51132524,-0.19005531,-0.5139477,0.08124973,-0.005217063,0.15470062,0.04415461,0.47226256,0.28303042,0.2972961,0.013653273,0.59306014,0.33413595,-0.59787196,-0.6772831,0.34133396,0.002328346,0.25103402,-0.030100962,-0.036115814,-0.16410035,0.33645743,0.39524058,0.43948397,0.36332685,0.45430914,0.41871917,0.41785842,-0.0012795649,0.06674927,-0.20525394,0.038317613,0.12018014,0.4168155,0.3708259,0.12193636,0.35966542,0.44185477,0.4516677,0.26281467,0.18032032,0.3501072,0.39331645
0.8266658,1.0,0.6532377,0.75044173,0.4415857,-0.7364912,0.697273,0.7496953,0.37122953,-0.12297147,0.5590653,0.27633446,-0.035070147,0.48164198,0.20451812,0.14535013,0.38223556,0.28308263,0.8416502,0.7602844,-0.2735229,-0.29858023,0.48147857,0.4373122,-0.5855212,-0.23262689,-0.7138162,-0.7137635,0.12570104,0.17161839,0.08916455,-0.1881939,0.5995221,0.5309487,0.4290544,0.5342582,0.35996267,-0.11572555,0.13243498,-0.15312187,-0.1837624,-0.32642338,0.7633213,0.76641434,0.27915147,0.01281793,0.6086636,0.69891775,0.073746644,0.088840194,0.55365443,-0.14452377,0.6792404,0.6442338,0.4642928,0.32983747,0.78933376,0.85207903,0.29113516,0.051813502,0.75323874,0.7316349,0.78235745,0.814836,0.5779177,0.74772066,0.73677605,0.8313446,-0.2376495,0.79122293,-0.07500893,-0.31774944,-0.26664895,-0.24753438,0.025316048,-0.34703112,0.14709866,0.0984036,0.2489665,0.10806359,0.430103,0.47668213,0.24208023,-0.073218346,0.5191453,0.5629736,-0.72561586,-0.7465083,0.19965282,0.038167246,0.18671952,0.2686371,-0.11022566,0.09366081,0.20968413,0.31393892,0.39464122,0.3304024,0.31828925,0.37902102,0.32822168,0.12960993,-0.0012482058,-0.054566056,-0.0365789,0.10973583,0.26312712,0.19489606,0.15195365,0.31664377,0.4584582,0.48449963,0.22709714,0.3442498,0.2712207,0.3396827
0.6882096,0.6532377,1.0,0.8723205,0.7498138,-0.44782802,0.881277,0.885123,0.69462126,0.3833839,0.7156201,0.7007555,0.47208905,0.7816192,0.61586,0.5789446,0.6664327,0.48380914,0.7640176,0.71081245,0.1409198,-0.020198744,0.8471335,0.8297142,-0.17504224,0.084987395,-0.30102152,-0.39848134,0.50844,0.613321,0.60071546,0.3561379,0.80188274,0.7876548,0.6008093,0.69175094,0.56504804,0.07110871,0.4786114,0.18798448,0.00063816796,-0.07776313,0.61796457,0.7423214,0.23606822,-0.08945562,0.707346,0.7716098,0.12561509,-0.068744466,0.55637974,-0.23866305,0.53820485,0.41468406,0.6589887,0.5572724,0.6205442,0.6369408,0.20106623,-0.036802083,0.50594586,0.46313667,0.5032182,0.5571157,0.36272642,0.44541436,0.75963885,0.75008243,-0.13393599,0.5764658,0.058908287,-0.20419773,-0.13309146,-0.21028428,-0.06705577,-0.43222186,0.50296015,0.40529737,0.51936764,0.47870162,0.7589251,0.6136224,0.630942,0.37223995,0.77193856,0.51635206,-0.4007582,-0.5120001,0.5956095,0.28770056,0.27064487,0.014231801,0.066513956,-0.059454747,0.5152101,0.57914716,0.6255863,0.48300868,0.5710747,0.53141654,0.54869336,0.15934393,0.33441538,0.049484596,0.26796377,0.37352654,0.5024759,0.4796568,0.31061652,0.53372693,0.67809606,0.68339276,0.44080618,0.3516169,0.5502258,0.56856525
0.6950764,0.75044173,0.8723205,1.0,0.67811203,-0.46860185,0.83778,0.9203474,0.6060738,0.26802295,0.61964095,0.611725,0.3408483,0.71523786,0.48345196,0.46041584,0.56031907,0.42212695,0.7915971,0.76038694,-0.011377895,-0.07823766,0.81130594,0.8111049,-0.28781173,0.023768373,-0.4612124,-0.4633222,0.41697365,0.5073173,0.49183613,0.24553838,0.8266438,0.79784733,0.5882483,0.6510805,0.5093599,0.06174178,0.40468583,0.1420336,-0.109042875,-0.1326091,0.6685286,0.7346296,0.13486314,-0.09755669,0.6937196,0.7766642,0.015440667,-0.16454232,0.5006399,-0.23608656,0.58618456,0.5015694,0.58465016,0.5097956,0.63551223,0.69490653,0.24146985,-0.013658172,0.56451917,0.52068925,0.5553616,0.6380772,0.36594585,0.5895864,0.75261766,0.76707,-0.15926962,0.58965796,0.036638126,-0.17856106,-0.1475165,-0.14041376,-0.02579675,-0.3779945,0.42903063,0.36826274,0.4236368,0.38000932,0.63209194,0.65659714,0.5290982,0.2955419,0.6426737,0.6282364,-0.5175109,-0.51369673,0.4187912,0.30575946,0.21493953,0.1321439,0.08116029,0.095337436,0.4392367,0.5271101,0.57626563,0.47883424,0.47972998,0.4826511,0.4626631,0.17878151,0.23228872,0.08716724,0.2406742,0.34810802,0.4613823,0.4055698,0.2889978,0.49556196,0.66562504,0.62625694,0.42380843,0.35175157,0.48852915,0.5289123
0.5091464,0.4415857,0.7498138,0.67811203,1.0,-0.21301977,0.6985174,0.68481535,0.8878798,0.6507952,0.54060173,0.6837314,0.64784735,0.74693334,0.82723874,0.8056496,0.5485573,0.43392467,0.63854647,0.60399455,0.4109158,0.3389894,0.5902584,0.73000616,0.052551225,0.27737567,-0.012482014,-0.055186365,0.5816827,0.6812316,0.54386705,0.3458612,0.63070166,0.6524578,0.49164572,0.5758328,0.6399026,0.15819092,0.6496431,0.40314305,0.17599371,0.08449305,0.39772978,0.6228384,0.27504614,0.10664752,0.64170915,0.7004073,0.29169804,0.1094112,0.52016217,0.071076505,0.38534462,0.2175964,0.6991603,0.68937254,0.45653597,0.5108614,0.0639185,-0.03950414,0.3031157,0.31810322,0.30002946,0.39022693,0.31700665,0.29692212,0.68770057,0.6469064,0.01210983,0.45060518,-0.077927895,-0.2406677,-0.08218842,-0.17785704,-0.26483122,-0.4982763,0.5320534,0.43563005,0.45788252,0.48466095,0.7478438,0.6557936,0.7743956,0.6440428,0.7153661,0.56547046,-0.19672148,-0.2791716,0.67251587,0.45454976,0.38890237,-0.063240975,0.100590155,-0.030547706,0.6211083,0.65261847,0.69726664,0.58709085,0.62209487,0.58872,0.4918858,0.20785517,0.409956,0.11672733,0.37429434,0.45868152,0.5803764,0.5883542,0.38474843,0.6235619,0.73018664,0.7163535,0.52844095,0.44863185,0.6178934,0.6413235
-0.6524184,-0.7364912,-0.44782802,-0.46860185,-0.21301977,1.0,-0.45942056,-0.47531742,-0.14770997,0.37946075,-0.41798088,-0.05559839,0.21240918,-0.26403552,0.03400788,0.10189408,-0.30539644,-0.19661377,-0.60741,-0.47536466,0.4203011,0.4137034,-0.35569653,-0.14426124,0.7563584,0.49146932,0.79069906,0.8367235,0.0064705405,0.003122459,0.013088602,0.2923422,-0.33447495,-0.25164664,-0.2335956,-0.29657647,-0.108321175,0.21804062,0.19775869,0.42766806,0.23224166,0.33710146,-0.7433773,-0.52716786,-0.30633077,-0.16579002,-0.42158294,-0.47897223,0.119280316,-0.20507249,-0.5670377,0.121655785,-0.5373103,-0.5926175,-0.15482682,0.014182446,-0.702991,-0.6253674,-0.24366863,-0.07604894,-0.60020316,-0.530026,-0.6907613,-0.60013264,-0.50132364,-0.59033483,-0.47184244,-0.66377485,0.16769674,-0.7303372,-0.06880148,0.18957265,0.2470893,0.21545823,-0.18954231,0.14858578,-0.029139835,0.017096836,-0.100832626,0.018438347,-0.24098219,-0.23186177,0.005070341,0.39057395,-0.38090882,-0.2691858,0.7867656,0.898121,0.04178028,0.3461695,0.045378797,-0.16992617,0.26803273,-0.0017121643,0.057667438,-0.029378567,-0.110287875,0.010336863,-0.036459524,-0.059551723,-0.20586504,-0.0671385,0.1591671,0.18297966,0.29228514,0.10585931,0.041178968,0.10843784,0.12068075,-0.077101715,-0.18415089,-0.3277237,-0.06854729,-0.24350281,0.0033852817,-0.048852067
0.7564336,0.697273,0.881277,0.83778,0.6985174,-0.45942056,1.0,0.8373141,0.6488515,0.31068572,0.6596616,0.6412631,0.45001897,0.69488835,0.5657396,0.53077954,0.5351572,0.34821945,0.8194234,0.72567713,0.1188718,-0.0727231,0.7982297,0.77268153,-0.203912,0.031919386,-0.30668446,-0.41484544,0.40505007,0.5135984,0.5344447,0.2649045,0.7743067,0.7648964,0.547326,0.64824396,0.5870845,0.123128794,0.47683746,0.20684871,-0.0050545675,-0.02028763,0.6114457,0.72478825,0.21578363,-0.11598869,0.7188775,0.75907636,0.15749177,-0.01547269,0.63759845,-0.15657356,0.46692944,0.41705364,0.6614668,0.53584963,0.6538749,0.63088435,0.21739967,-0.012605111,0.620876,0.48877943,0.5471392,0.61281365,0.38747087,0.47749624,0.8154439,0.7626225,-0.18273577,0.5892292,-0.004516255,-0.2358798,-0.2136123,-0.29758066,-0.09747077,-0.40993616,0.4805498,0.36836514,0.51690805,0.40366495,0.7190004,0.5433169,0.58176535,0.32154936,0.73176146,0.47295308,-0.4007286,-0.49442112,0.5577843,0.25709787,0.26344752,0.005507516,0.05902709,-0.108588316,0.58078736,0.611829,0.63931507,0.514603,0.6134873,0.5577966,0.5524803,0.14729017,0.37283397,0.069008596,0.33148944,0.38562775,0.56047744,0.5040309,0.31899974,0.5734818,0.66715646,0.6765726,0.43013355,0.31651753,0.60595626,0.6013757
0.65774256,0.7496953,0.885123,0.9203474,0.68481535,-0.47531742,0.8373141,1.0,0.6012649,0.29107288,0.7072065,0.6750246,0.3409453,0.7751825,0.49752238,0.45962524,0.6568354,0.54462177,0.76134616,0.7176285,0.013608459,-0.04467012,0.8115297,0.7952062,-0.32009208,-0.033561483,-0.44902763,-0.48036247,0.50766826,0.5616632,0.5168407,0.2921464,0.850511,0.8267453,0.6583867,0.68315905,0.54268277,0.09564243,0.430128,0.15174913,-0.05674386,-0.119771585,0.6540753,0.73321295,0.19723898,-0.11817119,0.7107656,0.80537087,0.00079516484,-0.18731368,0.4812908,-0.27114442,0.59803975,0.52838534,0.6152435,0.5266725,0.59477234,0.6795101,0.23698467,0.013419213,0.55357265,0.5092397,0.51394826,0.63138336,0.3584938,0.5698834,0.72727317,0.7533587,-0.21188086,0.5738547,0.13605313,-0.10025849,-0.035104457,-0.06148137,0.07477318,-0.3028246,0.49405587,0.42292783,0.5182498,0.46124282,0.6761851,0.7107801,0.572235,0.32308328,0.6866021,0.6742533,-0.49656466,-0.51386315,0.45445317,0.3311234,0.23468213,0.18131061,0.03950846,0.12412873,0.45815885,0.5378014,0.608772,0.4996557,0.48086542,0.52437425,0.443535,0.2529881,0.25935385,0.15809505,0.25650865,0.38323537,0.43315068,0.38064018,0.3375336,0.5156207,0.6937327,0.67025423,0.45634124,0.4360581,0.5107224,0.5436962
0.48836526,0.37122953,0.69462126,0.6060738,0.8878798,-0.14770997,0.6488515,0.6012649,1.0,0.6772614,0.4248239,0.6057446,0.64203256,0.6979241,0.8803303,0.8694788,0.47817585,0.3087253,0.6026622,0.6362334,0.32248434,0.22787035,0.52432466,0.7029539,0.14367864,0.35039026,0.02474829,-0.012141913,0.5504033,0.6856046,0.49640825,0.2514387,0.5610363,0.56788486,0.3919218,0.45361674,0.574076,0.07467333,0.6025329,0.3735207,0.11930931,0.024763672,0.31063646,0.57129484,0.2552198,0.066042855,0.5401561,0.6093186,0.33436325,0.15245786,0.4937004,0.052174795,0.33659333,0.1471505,0.637028,0.6041327,0.42672518,0.46221074,0.02189086,-0.062321436,0.2631574,0.31352007,0.28777528,0.36481297,0.33535162,0.24113752,0.6468319,0.5988561,-0.020469712,0.40349704,-0.17212649,-0.33105618,-0.073227,-0.18586731,-0.28156364,-0.53423953,0.47474098,0.39845487,0.44035205,0.4184482,0.7492576,0.5526539,0.7068909,0.6071023,0.67073286,0.42292395,-0.14558478,-0.24100934,0.64017934,0.37688416,0.29947188,-0.14660019,0.27668574,-0.101691514,0.5272389,0.5694695,0.59670776,0.46747917,0.5291192,0.5225098,0.56182545,0.18811268,0.41836154,0.05099568,0.3463106,0.39726907,0.5369935,0.59190756,0.24250777,0.50078106,0.62016517,0.5552531,0.58749294,0.3207091,0.5169802,0.51819867
0.0316861,-0.12297147,0.3833839,0.26802295,0.6507952,0.37946075,0.31068572,0.29107288,0.6772614,1.0,0.20059134,0.53879005,0.6453067,0.43475258,0.77066875,0.82281464,0.30849367,0.2821079,0.12662217,0.17621474,0.55860925,0.4649645,0.32277104,0.5405579,0.5090067,0.4577348,0.471542,0.42715666,0.51570696,0.60993165,0.52238095,0.49040857,0.35266003,0.4318383,0.36508465,0.3416347,0.55496454,0.34257835,0.66738826,0.6158624,0.36123013,0.3118756,-0.15046336,0.19782366,0.10681246,0.01001035,0.26171064,0.2872981,0.32284656,-0.033087023,0.11775499,0.11389564,-0.029862383,-0.18451627,0.5470099,0.6029167,-0.036494326,0.02456425,-0.11460813,-0.0880067,-0.19051981,-0.06988851,-0.17421855,-0.08391877,0.014654633,-0.16619974,0.28713378,0.118682794,0.088807575,-0.06293674,0.014500613,-0.011438878,0.17940006,0.014335418,-0.2136257,-0.23994799,0.4629922,0.40796682,0.3136689,0.45034805,0.48277184,0.37664574,0.67971766,0.8193016,0.43665728,0.24533471,0.35063684,0.28750867,0.65542585,0.5785409,0.3349907,-0.16186522,0.21812333,-0.1062228,0.56223166,0.5161465,0.50354105,0.45873034,0.49039087,0.47604823,0.3184564,0.10620709,0.48452383,0.2756566,0.5343654,0.48853335,0.44489124,0.50586915,0.3674907,0.46351424,0.49717844,0.3811974,0.48023403,0.27113158,0.526859,0.48393807
0.5123168,0.5590653,0.7156201,0.61964095,0.54060173,-0.41798088,0.6596616,0.7072065,0.4248239,0.20059134,1.0,0.71447986,0.4208196,0.7653874,0.3940862,0.34373757,0.7563644,0.67083806,0.5562785,0.41902733,0.13733713,0.039008368,0.601899,0.53521866,-0.26608714,-0.07190878,-0.284756,-0.36506736,0.59563726,0.5540541,0.49976936,0.37100235,0.63324183,0.6277836,0.5076372,0.5459428,0.40568224,-0.03070795,0.32223654,0.044564348,0.005158884,-0.17624073,0.55545133,0.5792723,0.21312034,-0.09616951,0.6528321,0.673807,0.1427048,-0.10280068,0.3774491,-0.28652948,0.58314997,0.4816702,0.540094,0.4272595,0.43287727,0.5297457,0.023835402,0.06909461,0.48424053,0.3758792,0.40418002,0.4916994,0.28840083,0.36679885,0.54816705,0.5583922,-0.17420244,0.48441482,0.2691131,-0.00983731,0.08684972,-0.030970965,0.12752815,-0.2122604,0.52343535,0.4115835,0.56277025,0.5427659,0.66548574,0.6130493,0.4946278,0.26360884,0.65595615,0.5704775,-0.41165456,-0.47694063,0.45518383,0.20344374,0.41850856,0.15325184,-0.123723246,0.06361376,0.3802385,0.5135838,0.5560734,0.4535759,0.49213904,0.4766804,0.32224685,0.16544361,0.14208472,0.00698759,0.1344035,0.2422273,0.38488185,0.27409747,0.33025822,0.49341905,0.57076424,0.62539893,0.3072658,0.36969253,0.45814422,0.5182266
0.2610846,0.27633446,0.7007555,0.611725,0.6837314,-0.05559839,0.6412631,0.6750246,0.6057446,0.53879005,0.71447986,1.0,0.74086,0.8551995,0.611539,0.5949585,0.7037014,0.6768905,0.38844943,0.3717825,0.41567713,0.33210966,0.6605674,0.701499,0.07488542,0.18485138,0.040581547,-0.027806658,0.7643837,0.7980834,0.6804111,0.64300984,0.69257164,0.7252645,0.5350275,0.52773786,0.5241589,0.21015456,0.5386893,0.35047877,0.13054658,0.11063295,0.28185785,0.4349305,0.069912,-0.14924802,0.53805476,0.6249779,0.11387407,-0.19316547,0.24060267,-0.19318485,0.3469426,0.23474194,0.5587392,0.56727636,0.13783157,0.24895549,-0.054582573,0.01837635,0.20032042,0.07669228,0.05692801,0.20761006,0.08924606,0.13897778,0.43840852,0.39250353,0.0145340115,0.18833902,0.2890787,0.12568434,0.23057558,0.13370435,0.0146582825,-0.18907274,0.7068119,0.6265269,0.64938474,0.6807139,0.7105572,0.68909216,0.6605341,0.58396536,0.57838327,0.5512129,-0.086236164,-0.10863903,0.54778624,0.4677774,0.39337263,0.06823215,0.077015564,0.10073236,0.5505792,0.6143563,0.62416524,0.52862424,0.5987658,0.59176886,0.3622236,0.23944573,0.46356714,0.3091978,0.46116653,0.5275813,0.51837283,0.480273,0.39121965,0.57086635,0.660045,0.69108045,0.49480397,0.42771614,0.6325861,0.62299716
0.1086661,-0.035070147,0.47208905,0.3408483,0.64784735,0.21240918,0.45001897,0.3409453,0.64203256,0.6453067,0.4208196,0.74086,1.0,0.64818645,0.6856356,0.6800393,0.42179966,0.34818557,0.21651174,0.24508448,0.5533085,0.45140785,0.42780298,0.5941653,0.41633174,0.44523448,0.38340935,0.32656795,0.6121561,0.6885232,0.64085734,0.6451004,0.3686384,0.43386403,0.29580528,0.3259954,0.34994975,0.07722655,0.5422746,0.37663898,0.12352673,0.14283876,0.038764786,0.25227535,0.064587824,0.0038504603,0.35411295,0.35460714,0.3597946,0.04865025,0.21854186,0.07189949,0.11353935,-0.028193207,0.44839355,0.46606195,-0.0023115897,0.057357498,-0.22304928,-0.066486195,-0.027774157,-0.093072996,-0.112142086,0.005758162,-0.02668701,-0.10682573,0.32651922,0.20223038,0.14558952,-0.0007896393,0.06911839,-0.008791833,0.10945034,0.0076648397,-0.23637813,-0.29073048,0.5426929,0.4858437,0.4127098,0.5020752,0.5700869,0.41003475,0.6088754,0.6640709,0.44183746,0.23171009,0.20280832,0.15779722,0.5591499,0.39773417,0.3985866,-0.22133435,0.25123027,-0.107525,0.52593255,0.53198487,0.5213464,0.40067148,0.55003923,0.4474609,0.33273464,0.13165759,0.5324364,0.20916165,0.5067905,0.49476388,0.55564743,0.55671906,0.3034141,0.48390356,0.527625,0.5300303,0.44478267,0.23853354,0.5705607,0.5477576
0.41454694,0.48164198,0.7816192,0.71523786,0.74693334,-0.26403552,0.69488835,0.7751825,0.6979241,0.43475258,0.7653874,0.8551995,0.64818645,1.0,0.62364054,0.6070236,0.7567651,0.65555155,0.54660565,0.5424872,0.23009285,0.18215263,0.670504,0.7121316,-0.088562,0.16389023,-0.18380831,-0.21559457,0.7343606,0.76729596,0.60684484,0.45640558,0.7128488,0.7018349,0.5201046,0.53667915,0.45669764,-0.013625041,0.46545956,0.17155606,-0.01294349,-0.12066858,0.4475788,0.60366404,0.16065185,-0.029158067,0.58425564,0.7017304,0.16540666,-0.0957441,0.36918706,-0.23322399,0.56057847,0.38091657,0.5639863,0.52766097,0.35408342,0.48543245,0.030754862,0.057888236,0.35094035,0.26551473,0.29550013,0.42570075,0.2519727,0.30232966,0.5549948,0.5820193,-0.04058468,0.40114036,0.17680025,-0.056428783,0.13910681,0.08093338,0.0061907894,-0.33403412,0.60174006,0.54092115,0.61701,0.59057355,0.77743435,0.74633425,0.64146745,0.46650228,0.6772076,0.6265473,-0.32274786,-0.3517695,0.50911826,0.3510662,0.35568842,0.08924305,0.10888579,0.10357098,0.43119377,0.54904836,0.5819491,0.44419134,0.50201577,0.540756,0.4385236,0.2508076,0.31947926,0.14630984,0.26903424,0.3863788,0.46165898,0.43137056,0.2969226,0.48901758,0.63320404,0.6603172,0.48655745,0.4207791,0.5006749,0.53562653
0.36205772,0.20451812,0.61586,0.48345196,0.82723874,0.03400788,0.5657396,0.49752238,0.8803303,0.77066875,0.3940862,0.611539,0.6856356,0.62364054,1.0,0.9189747,0.45479912,0.31670535,0.47469568,0.50159854,0.47444504,0.3206796,0.44767115,0.6707813,0.29683146,0.40688902,0.22907756,0.14234336,0.59438574,0.7069785,0.54156685,0.34904185,0.4969448,0.5347287,0.40613773,0.41995835,0.5951129,0.16517845,0.6648107,0.48636222,0.28317022,0.15464208,0.12578152,0.45934227,0.26136476,0.04339042,0.4233175,0.48221847,0.4212355,0.12548362,0.3956896,0.10023774,0.17306706,0.025992133,0.6529725,0.6382549,0.2823843,0.3314818,-0.057882767,-0.10307498,0.11642911,0.18512487,0.12917149,0.20609641,0.23160763,0.10479767,0.52227294,0.44084,0.002954615,0.25173727,-0.12295966,-0.2597841,0.035296153,-0.15480283,-0.29062653,-0.47474208,0.48336038,0.3999079,0.44061455,0.48714605,0.74072516,0.5306155,0.7798376,0.74895287,0.6632905,0.3624875,0.07705062,-0.0431703,0.74248254,0.4676036,0.3397377,-0.18926072,0.26780227,-0.1791308,0.5773393,0.58269244,0.5744386,0.4928342,0.5509688,0.52455455,0.48092207,0.14909084,0.46098465,0.1145653,0.4044139,0.4187258,0.5115616,0.59235895,0.31193316,0.49002647,0.5957311,0.51864684,0.569113,0.289718,0.5550234,0.5230973
0.31602216,0.14535013,0.5789446,0.46041584,0.8056496,0.10189408,0.53077954,0.45962524,0.8694788,0.82281464,0.34373757,0.5949585,0.6800393,0.6070236,0.9189747,1.0,0.40543014,0.27053294,0.40745652,0.45598996,0.46830565,0.3237287,0.4497793,0.66600263,0.35232565,0.45653936,0.27709454,0.21467568,0.5560818,0.6918478,0.5302498,0.34029788,0.49015126,0.5242947,0.32955214,0.36575204,0.5851278,0.17558733,0.6731232,0.52151287,0.24408257,0.16128445,0.07112559,0.42359385,0.19124477,0.06486876,0.3955286,0.45004746,0.40466323,0.07333057,0.36769968,0.0713705,0.15830073,-0.023785084,0.63228476,0.6385207,0.24245566,0.2782238,-0.042671695,-0.11071698,0.08150126,0.1366127,0.111890115,0.16614377,0.19691329,0.038531903,0.49481377,0.391608,0.032324973,0.20328732,-0.15434498,-0.26801687,0.009251667,-0.17002693,-0.3213286,-0.48284686,0.4677609,0.38831067,0.3935234,0.45419455,0.71201354,0.483919,0.75249076,0.7604514,0.63717586,0.3212315,0.109089136,0.0014814442,0.7285714,0.48485965,0.34614897,-0.1923485,0.30041546,-0.16687913,0.5586559,0.5676905,0.551338,0.46941918,0.52917993,0.50839525,0.51007575,0.12142701,0.44703814,0.085258335,0.3983388,0.38819048,0.510126,0.58628553,0.29316163,0.47783667,0.56277186,0.4643517,0.55605155,0.23361601,0.52099437,0.5011364
0.2876455,0.38223556,0.6664327,0.56031907,0.5485573,-0.30539644,0.5351572,0.6568354,0.47817585,0.30849367,0.7563644,0.7037014,0.42179966,0.7567651,0.45479912,0.40543014,1.0,0.7928429,0.37232417,0.3750817,0.15374847,0.13699235,0.60192657,0.51073146,-0.13614696,0.017088562,-0.23830499,-0.30055058,0.80550313,0.74299973,0.5841403,0.50736004,0.5616128,0.54212,0.52008075,0.49313012,0.40220264,0.10942666,0.2509919,0.055724055,0.1610703,-0.007947652,0.40663427,0.38776404,0.14806327,-0.029390505,0.46418232,0.49143898,-0.028745912,-0.22735088,0.23207206,-0.35772443,0.48035547,0.36446825,0.36260316,0.28432205,0.21564798,0.3405798,-0.016637154,-0.03777671,0.3027102,0.21088296,0.18547897,0.2754422,0.106711015,0.246963,0.34616783,0.36915338,-0.05498701,0.31246293,0.52115387,0.23537527,0.3814307,0.28108388,0.2889813,-0.05654281,0.66094524,0.6289698,0.7185077,0.72473395,0.7216122,0.67361027,0.5045822,0.32045683,0.66310203,0.5390953,-0.28354746,-0.37461397,0.3966709,0.17586784,0.27005044,0.11148451,-0.074841335,0.08592414,0.22639127,0.31395963,0.39235398,0.2323531,0.24149837,0.2754116,0.17695315,0.15888268,0.10945999,0.11043665,0.06864359,0.20776181,0.12568296,0.10400169,0.1664615,0.32251966,0.4678721,0.52831995,0.3246272,0.3649637,0.27131155,0.33473742
0.08696473,0.28308263,0.48380914,0.42212695,0.43392467,-0.19661377,0.34821945,0.54462177,0.3087253,0.2821079,0.67083806,0.6768905,0.34818557,0.65555155,0.31670535,0.27053294,0.7928429,1.0,0.18224393,0.18371321,0.19924814,0.27989274,0.43226874,0.35367888,-0.23222467,-0.17609324,-0.17048422,-0.22320932,0.76097405,0.6797635,0.40442994,0.48486346,0.5133305,0.5171965,0.5347334,0.48737943,0.42023796,0.26331496,0.24074987,0.14773588,0.18398887,0.047706474,0.29693314,0.274713,0.13478325,-0.02958764,0.39009956,0.47350445,-0.062192768,-0.23491341,0.09290949,-0.22467658,0.33180073,0.3110929,0.33735535,0.34570804,0.01404015,0.21681663,-0.11703318,0.121744365,0.12817043,0.027401242,0.060744725,0.088011004,0.034932166,0.20951673,0.18175231,0.25313357,-0.026028395,0.18005744,0.5758383,0.40925533,0.5146502,0.4414331,0.36234513,0.15284285,0.6330556,0.6261052,0.5905254,0.7307716,0.5119356,0.7276643,0.44042403,0.34772882,0.43428072,0.6036852,-0.2021224,-0.20878738,0.3041023,0.2925914,0.2788807,0.32843095,-0.18716335,0.22483344,0.2256813,0.29273668,0.38378543,0.30834326,0.25642988,0.31197593,0.012373076,0.23649313,0.18788947,0.33520368,0.17646724,0.31240535,0.10710289,0.064874806,0.29208153,0.35393077,0.47446018,0.5578205,0.32606298,0.52082276,0.3173586,0.34655097
0.8801335,0.8416502,0.7640176,0.7915971,0.63854647,-0.60741,0.8194234,0.76134616,0.6026622,0.12662217,0.5562785,0.38844943,0.21651174,0.54660565,0.47469568,0.40745652,0.37232417,0.18224393,1.0,0.8390621,-0.03735451,-0.17791258,0.5652056,0.601801,-0.34902146,-0.027879309,-0.47681767,-0.5150974,0.1919543,0.2975554,0.26526746,-0.059636213,0.61661744,0.5870181,0.458013,0.5997003,0.47445992,-0.052815598,0.35076463,0.055367038,-0.07730782,-0.18184389,0.7070657,0.7969917,0.30607304,0.002689895,0.6996799,0.73793375,0.19432972,0.17752722,0.6604019,-0.042761173,0.58478415,0.501645,0.61155313,0.488149,0.8352198,0.8240422,0.24923597,-0.01749307,0.74193895,0.70996904,0.72777176,0.768758,0.5654053,0.64372367,0.86512756,0.86401176,-0.20518398,0.77022284,-0.22183014,-0.4478889,-0.37706858,-0.4161802,-0.18623775,-0.52843827,0.22132786,0.129967,0.2978655,0.1498936,0.57654333,0.45735073,0.43987638,0.15730819,0.6313784,0.49935445,-0.5668598,-0.6230319,0.4136899,0.16116127,0.25352597,0.061667483,0.040786225,-0.07418707,0.44432577,0.51549894,0.5466718,0.47315383,0.51749486,0.50483054,0.48647815,0.06996683,0.17622338,-0.08565974,0.16112994,0.24223512,0.5164401,0.46961382,0.23637499,0.46090743,0.5778613,0.5687593,0.35487488,0.28655297,0.480206,0.50718725
0.7626166,0.7602844,0.71081245,0.76038694,0.60399455,-0.47536466,0.72567713,0.7176285,0.6362334,0.17621474,0.41902733,0.3717825,0.24508448,0.5424872,0.50159854,0.45598996,0.3750817,0.18371321,0.8390621,1.0,-0.11657097,-0.1840308,0.5011087,0.58292156,-0.2584631,0.067975335,-0.44319105,-0.45179844,0.27004412,0.40183517,0.19624513,-0.08894752,0.60088694,0.5403823,0.35227424,0.5165877,0.44946545,-0.043184686,0.3147171,0.07520895,-0.15791343,-0.21755618,0.6446046,0.7303807,0.24699484,0.011053007,0.53754234,0.6308055,0.16372368,0.12533198,0.5399743,-0.08186972,0.5865426,0.4139228,0.54099613,0.4373906,0.68837035,0.72370976,0.21749619,-0.04617335,0.62579733,0.63211375,0.6310107,0.65799195,0.45675454,0.5591444,0.7741852,0.7878461,-0.1724335,0.6595199,-0.19798817,-0.42146122,-0.23053384,-0.24560723,-0.17826103,-0.50717753,0.2762558,0.24800684,0.31328723,0.21650536,0.55933607,0.45788518,0.35632774,0.1481167,0.56570274,0.42623538,-0.44390526,-0.5285131,0.37181512,0.1416192,0.19210117,0.05573405,0.24203503,0.03764169,0.25572243,0.3394993,0.4086655,0.34072527,0.36875904,0.4294275,0.5057957,0.0957273,0.26080942,0.012689287,0.16379026,0.25876665,0.42386067,0.45469418,0.04581998,0.29314816,0.5094891,0.46886525,0.4192892,0.268487,0.34523457,0.3535368
-0.14867277,-0.2735229,0.1409198,-0.011377895,0.4109158,0.4203011,0.1188718,0.013608459,0.32248434,0.55860925,0.13733713,0.41567713,0.5533085,0.23009285,0.47444504,0.46830565,0.15374847,0.19924814,-0.03735451,-0.11657097,1.0,0.8199574,0.0998782,0.2399003,0.56005883,0.52284646,0.6733108,0.59783936,0.3648152,0.34629276,0.39338127,0.57149005,0.010383467,0.113037586,0.1899815,0.22438599,0.41541976,0.38217148,0.59998256,0.5763695,0.6486343,0.6288602,-0.26287934,-0.0007340388,0.04360914,-0.011388001,0.13065276,0.06631123,0.26799634,0.03494677,-0.04929313,0.17828682,-0.30422002,-0.30483243,0.31557,0.4872307,-0.24691449,-0.16420954,-0.12541594,-0.106254704,-0.16224581,-0.21397303,-0.35350877,-0.19756483,-0.11934704,-0.19960067,0.056356937,-0.063826114,0.10325193,-0.19280334,-0.05019822,-0.008300202,0.022487398,-0.105281375,-0.38664797,-0.2352119,0.29907158,0.23163933,0.24996072,0.33635125,0.28855428,0.2204815,0.6026621,0.69998336,0.20174097,0.16840413,0.45572492,0.43786195,0.5260229,0.5353457,0.37222528,-0.15515041,-0.10352241,-0.20540062,0.57025105,0.4984509,0.44656816,0.4757383,0.5239642,0.36207008,0.035431918,-0.018406983,0.35928226,0.18604064,0.4342923,0.41368324,0.44449332,0.45610282,0.5650616,0.4702999,0.37299308,0.4111472,-0.021759463,0.16737828,0.52819806,0.5555945
-0.30651054,-0.29858023,-0.020198744,-0.07823766,0.3389894,0.4137034,-0.0727231,-0.04467012,0.22787035,0.4649645,0.039008368,0.33210966,0.45140785,0.18215263,0.3206796,0.3237287,0.13699235,0.27989274,-0.17791258,-0.1840308,0.8199574,1.0,-0.04008126,0.106013134,0.44309506,0.43228152,0.5770178,0.6049392,0.37643176,0.3032931,0.24881877,0.5047003,-0.06348758,0.024880553,0.09983944,0.090521425,0.27269045,0.33607167,0.41881144,0.44187608,0.55951095,0.57723653,-0.2419838,-0.1158545,-0.026189214,0.11525815,0.026263881,-0.004053716,0.13004127,-0.005688726,-0.16030763,0.1939152,-0.25119683,-0.3094259,0.122414164,0.3415027,-0.35892013,-0.21410531,-0.1826179,-0.010800241,-0.23605429,-0.26965088,-0.4030444,-0.28587505,-0.1675163,-0.15766425,-0.10700643,-0.13318062,0.12814969,-0.24505015,0.06012359,0.14154902,0.16772364,0.14381024,-0.2315219,-0.053882115,0.27604744,0.25141844,0.19271429,0.29504722,0.15403003,0.26838514,0.45526075,0.5969006,0.060843296,0.24364753,0.37078616,0.4357928,0.27473143,0.44159713,0.36626896,-0.0073233014,-0.15419562,0.04019916,0.35970506,0.30374643,0.31228274,0.3646016,0.32436952,0.23561198,-0.19192766,-0.014548244,0.21655653,0.25148106,0.31775916,0.36604542,0.2594454,0.24089146,0.43913978,0.34270477,0.29857132,0.38872072,-0.051371016,0.26098093,0.35108545,0.42948225
0.5210997,0.48147857,0.8471335,0.81130594,0.5902584,-0.35569653,0.7982297,0.8115297,0.52432466,0.32277104,0.601899,0.6605674,0.42780298,0.670504,0.44767115,0.4497793,0.60192657,0.43226874,0.5652056,0.5011087,0.0998782,-0.04008126,1.0,0.8326835,-0.12614185,0.052460734,-0.24670205,-0.3352275,0.46578333,0.54983366,0.6949706,0.48435026,0.8002518,0.8013852,0.5255128,0.5568861,0.45725596,0.15669976,0.38013148,0.19168113,-0.06737281,0.02102486,0.50503373,0.54092,0.018581012,-0.23930201,0.6325902,0.6580322,-0.079900436,-0.30840814,0.46060368,-0.36801922,0.38882878,0.33133304,0.4751419,0.38679883,0.43555897,0.39211604,0.18798319,-0.03566535,0.37632647,0.2486241,0.31585437,0.402932,0.15214212,0.32401007,0.5737919,0.54691374,-0.1041164,0.35081688,0.21488747,0.020698747,-0.07876134,-0.11924896,0.035555948,-0.2324288,0.5218553,0.4274081,0.46800193,0.47152227,0.6287058,0.5046122,0.5061658,0.29544216,0.634536,0.38682473,-0.33700845,-0.38996947,0.43440476,0.23988922,0.13657874,-0.039396673,0.09858611,-0.012911565,0.45733616,0.48691958,0.5441153,0.39931345,0.4503202,0.36753136,0.4437993,0.17886744,0.2872831,0.061586447,0.26066646,0.33427393,0.39928374,0.34541798,0.2679948,0.48580185,0.60074806,0.5797484,0.38967887,0.22419396,0.46910954,0.48969474
0.52115685,0.4373122,0.8297142,0.8111049,0.73000616,-0.14426124,0.77268153,0.7952062,0.7029539,0.5405579,0.53521866,0.701499,0.5941653,0.7121316,0.6707813,0.66600263,0.51073146,0.35367888,0.601801,0.58292156,0.2399003,0.106013134,0.8326835,1.0,0.09532831,0.30143848,-0.07129734,-0.12523007,0.48515564,0.5996511,0.71395755,0.51052886,0.76591754,0.8028281,0.5741197,0.57968295,0.5238769,0.109951794,0.5744136,0.35209444,0.0075011575,-0.0132152885,0.4104414,0.6032877,0.07379698,-0.15886012,0.6244024,0.67096424,0.16664009,-0.19820921,0.4406044,-0.18364201,0.3658556,0.22711882,0.6165125,0.563799,0.43220437,0.4536362,0.109932855,-0.10655302,0.31483907,0.29710853,0.28017467,0.4101565,0.21755305,0.3293425,0.64507955,0.5781308,-0.093220875,0.33978534,0.00034792325,-0.14178097,-0.123228885,-0.16974118,-0.16804053,-0.40972242,0.4814154,0.3892186,0.43241537,0.44158748,0.66600287,0.56633997,0.6888774,0.56221724,0.6583725,0.45736364,-0.1785605,-0.19850226,0.5873436,0.4237725,0.2559333,-0.118663594,0.21152323,-0.06448693,0.59726983,0.6378901,0.6564794,0.5308574,0.5678635,0.51094806,0.47021157,0.20881197,0.39129594,0.14449519,0.42502555,0.4757274,0.5524797,0.5381079,0.3836605,0.5595261,0.69014436,0.6087244,0.5016348,0.30192018,0.5939921,0.6059473
-0.35650572,-0.5855212,-0.17504224,-0.28781173,0.052551225,0.7563584,-0.203912,-0.32009208,0.14367864,0.5090067,-0.26608714,0.07488542,0.41633174,-0.088562,0.29683146,0.35232565,-0.13614696,-0.23222467,-0.34902146,-0.2584631,0.56005883,0.44309506,-0.12614185,0.09532831,1.0,0.80595636,0.7621475,0.78306764,0.074649364,0.14128196,0.30472636,0.42441022,-0.2628575,-0.17565766,-0.15901288,-0.1421335,0.042157445,0.124570124,0.31470904,0.387472,0.36052755,0.3610313,-0.5898588,-0.28333244,-0.15639777,-0.085968405,-0.23917544,-0.33862787,0.31828928,-0.037696656,-0.3291292,0.051817358,-0.35404792,-0.52652216,0.015971156,0.11465195,-0.41651407,-0.4265129,-0.191519,-0.25715837,-0.43841758,-0.3856966,-0.5020221,-0.4094623,-0.3272526,-0.48230863,-0.22930835,-0.42692462,0.18074909,-0.5200966,-0.17602243,-0.049820233,0.016605012,-0.077451594,-0.40515056,-0.20574874,-0.022913069,-0.013097611,-0.06871628,0.00798085,0.012221615,-0.27792126,0.19954865,0.46696413,-0.06091596,-0.32628995,0.6914948,0.6692323,0.29583576,0.27083263,0.2044112,-0.39542013,0.2970614,-0.22469302,0.19945292,0.10421436,0.05173491,0.073014796,0.15966298,0.053769935,-0.01765543,-0.1873305,0.20994341,0.009679801,0.25227976,0.119528584,0.16796671,0.27708268,0.110317856,0.053472288,-0.04980253,-0.15120779,-0.049036663,-0.25619346,0.10327201,0.10652537
-0.06058772,-0.23262689,0.084987395,0.023768373,0.27737567,0.49146932,0.031919386,-0.033561483,0.35039026,0.4577348,-0.07190878,0.18485138,0.44523448,0.16389023,0.40688902,0.45653936,0.017088562,-0.17609324,-0.027879309,0.067975335,0.52284646,0.43228152,0.052460734,0.30143848,0.80595636,1.0,0.5199192,0.58438873,0.11275205,0.18675824,0.34118837,0.35846317,-0.09493737,-0.04790574,-0.07955417,0.006075431,0.13974743,-0.06944081,0.38946554,0.2876395,0.3037731,0.20369172,-0.27815464,0.043227732,-0.124897845,-0.059990283,-0.05848122,-0.12252046,0.36636123,-0.02958798,-0.13576649,-0.04202287,-0.03458175,-0.34615043,0.13667572,0.2062984,-0.10605589,-0.076689556,-0.04207974,-0.30019733,-0.1575678,-0.10990171,-0.20368274,-0.06984712,-0.06012061,-0.17017584,0.052694727,-0.08172623,0.13370603,-0.20175931,-0.35680953,-0.34227982,-0.2181837,-0.24542525,-0.5825328,-0.54865247,-0.04042258,-0.051843338,0.003981395,-0.012735206,0.21596913,-0.07763933,0.35449606,0.47120026,0.1673501,-0.091533266,0.3772072,0.368259,0.37346548,0.26952338,0.302807,-0.39285913,0.26004824,-0.2131909,0.21019913,0.2124803,0.17230262,0.12582815,0.25325465,0.14998516,0.1317523,-0.16287623,0.12351797,-0.10770653,0.16448572,0.12769464,0.2756318,0.3774248,0.118357986,0.10152045,0.08478667,0.0228845,-0.07171039,-0.15515074,0.13469826,0.22508632
-0.5056983,-0.7138162,-0.30102152,-0.4612124,-0.012482014,0.79069906,-0.30668446,-0.44902763,0.02474829,0.471542,-0.284756,0.040581547,0.38340935,-0.18380831,0.22907756,0.27709454,-0.23830499,-0.17048422,-0.47681767,-0.44319105,0.6733108,0.5770178,-0.24670205,-0.07129734,0.7621475,0.5199192,1.0,0.8710432,0.066425346,0.079501875,0.10916432,0.3714333,-0.33807012,-0.2309272,-0.25232092,-0.21258761,0.033003148,0.24192804,0.32083333,0.49782076,0.3665597,0.45012182,-0.6417705,-0.42612395,-0.17242879,-0.079794295,-0.28462276,-0.38469043,0.27956623,-0.03314609,-0.28986028,0.24333476,-0.5836787,-0.6307846,-0.03400206,0.118186675,-0.5659198,-0.5758224,-0.23843482,-0.104658484,-0.51620674,-0.5211115,-0.6228906,-0.5835438,-0.3432816,-0.61155903,-0.33195972,-0.522091,0.20169058,-0.6144274,-0.16109253,0.022257522,0.061921068,-0.065577835,-0.3844459,-0.046417788,0.046484437,0.019610438,-0.03807703,0.07868208,-0.044201944,-0.2362734,0.19901441,0.48803365,-0.15506169,-0.34470037,0.79672825,0.7785301,0.26965573,0.30893937,0.17604972,-0.3436957,0.17380573,-0.23337665,0.22498982,0.11117139,0.03022366,0.093895435,0.14860183,-0.0041708793,-0.067683525,-0.121189564,0.2707174,0.048681885,0.30037487,0.13561206,0.17164294,0.24158217,0.21930178,0.06650303,-0.05457952,-0.10575306,-0.07307244,-0.21296895,0.14484619,0.10797123
-0.55169827,-0.7137635,-0.39848134,-0.4633222,-0.055186365,0.8367235,-0.41484544,-0.48036247,-0.012141913,0.42715666,-0.36506736,-0.027806658,0.32656795,-0.21559457,0.14234336,0.21467568,-0.30055058,-0.22320932,-0.5150974,-0.45179844,0.59783936,0.6049392,-0.3352275,-0.12523007,0.78306764,0.58438873,0.8710432,1.0,0.020223456,0.014529797,0.06257502,0.30605265,-0.39230165,-0.2959082,-0.33100447,-0.28925222,-0.07156831,0.1604385,0.25557834,0.44146028,0.29723465,0.4243518,-0.6720598,-0.4835187,-0.25819218,-0.028204916,-0.3447313,-0.4343396,0.20601156,-0.07822149,-0.42809722,0.20220897,-0.5385106,-0.61795115,-0.14260055,0.05591106,-0.6034823,-0.5757157,-0.2518283,-0.0949614,-0.53188634,-0.48856086,-0.6404175,-0.5660045,-0.3944895,-0.55835795,-0.38150337,-0.56433266,0.18746747,-0.6303251,-0.1891559,0.050221957,0.056659278,0.016031368,-0.37915593,-0.033845983,-0.039731525,-0.023508228,-0.13275045,-0.020937946,-0.16104543,-0.2606167,0.09809281,0.43709278,-0.29014343,-0.2771613,0.73315597,0.81424665,0.10260795,0.32381964,0.16187435,-0.27615497,0.21747595,-0.080839306,0.13331524,0.024864107,-0.041399762,0.055634614,0.045852154,-0.03761518,-0.17159072,-0.13759889,0.12989596,0.007136113,0.22028062,0.072379775,0.1172528,0.17426957,0.1589255,0.008166219,-0.12341766,-0.19730179,-0.10096132,-0.26253098,0.04067494,0.055151872
0.044182863,0.12570104,0.50844,0.41697365,0.5816827,0.0064705405,0.40505007,0.50766826,0.5504033,0.51570696,0.59563726,0.7643837,0.6121561,0.7343606,0.59438574,0.5560818,0.80550313,0.76097405,0.1919543,0.27004412,0.3648152,0.37643176,0.46578333,0.48515564,0.074649364,0.11275205,0.066425346,0.020223456,1.0,0.87722075,0.5975447,0.608927,0.4781839,0.49466646,0.4358609,0.37264538,0.4607885,0.28477332,0.42209995,0.33228612,0.23241048,0.17873344,0.12294315,0.20119627,0.10845664,-0.0018430697,0.36737093,0.40566885,0.08167787,-0.1999359,0.1253883,-0.15652578,0.24247652,0.19439948,0.369142,0.3734303,-0.064874895,0.10334347,-0.12218966,0.043074373,0.08199286,4.4001677e-05,-0.07894448,0.066322684,-0.06119661,0.085875325,0.20771064,0.21635668,-0.0032755046,0.07318528,0.51362956,0.3392508,0.5816781,0.43771264,0.25271744,0.048370134,0.8002447,0.789226,0.7348925,0.8189436,0.70400834,0.70355266,0.58001286,0.54087186,0.52001745,0.5033776,0.00080521434,-0.037599683,0.4196912,0.34233785,0.24694592,0.08287854,0.08763595,0.12757865,0.32334316,0.35684407,0.42211476,0.3309959,0.26717997,0.2997331,0.15714252,0.21620414,0.2895109,0.23986392,0.25111678,0.33651665,0.22131364,0.21358046,0.24804942,0.38338014,0.5110078,0.5011102,0.4547784,0.3363694,0.37113756,0.38301894
0.16056694,0.17161839,0.613321,0.5073173,0.6812316,0.003122459,0.5135984,0.5616632,0.6856046,0.60993165,0.5540541,0.7980834,0.6885232,0.76729596,0.7069785,0.6918478,0.74299973,0.6797635,0.2975554,0.40183517,0.34629276,0.3032931,0.54983366,0.5996511,0.14128196,0.18675824,0.079501875,0.014529797,0.87722075,1.0,0.62543917,0.5616316,0.5817993,0.5822173,0.4211238,0.42036438,0.51287615,0.28265846,0.45814875,0.36694583,0.16952224,0.1450983,0.15409683,0.2979908,0.121867195,0.004552179,0.39711264,0.4664775,0.13399434,-0.13444656,0.20799458,-0.12989709,0.2641325,0.15912774,0.45697305,0.4535481,0.055835977,0.16192129,-0.10684474,0.022396633,0.096938506,0.019929351,0.02196243,0.084649645,-0.0057013645,0.08442309,0.33792636,0.30327138,0.061252777,0.12224675,0.3861228,0.20599355,0.4584987,0.33085272,0.13774012,-0.07611676,0.7817485,0.7830987,0.6586064,0.79757,0.7368675,0.66951215,0.59265125,0.576201,0.55721396,0.43806896,0.015720956,-0.06384507,0.49806172,0.3618986,0.26409703,0.007638909,0.21301027,0.06736088,0.36765635,0.38297313,0.4365599,0.33923674,0.363121,0.38054433,0.34511665,0.20368367,0.42080137,0.24474488,0.33261365,0.38818306,0.31636837,0.35768068,0.17005083,0.38459662,0.5449155,0.5104594,0.53270996,0.33299294,0.42682076,0.39744318
0.20079039,0.08916455,0.60071546,0.49183613,0.54386705,0.013088602,0.5344447,0.5168407,0.49640825,0.52238095,0.49976936,0.6804111,0.64085734,0.60684484,0.54156685,0.5302498,0.5841403,0.40442994,0.26526746,0.19624513,0.39338127,0.24881877,0.6949706,0.71395755,0.30472636,0.34118837,0.10916432,0.06257502,0.5975447,0.62543917,1.0,0.78069717,0.4931225,0.552925,0.49667063,0.4026777,0.39821008,0.18412027,0.4715352,0.30133298,0.21055745,0.22049518,0.13112468,0.28915668,0.09207193,-0.04247442,0.4583043,0.41271535,0.14871036,-0.2205159,0.21964857,-0.22161591,0.14453208,0.1123428,0.41389796,0.35508204,0.12830506,0.10379233,-0.038922995,-0.17614967,0.07322072,0.02863817,-0.020340549,0.11914204,-0.06133945,0.03547145,0.33133933,0.22578755,0.037862264,0.078022815,0.36047944,0.24888179,0.13826539,0.056228675,0.051043313,-0.11285702,0.568052,0.49405137,0.46763462,0.5571933,0.55050695,0.40172037,0.5921967,0.5300132,0.5350735,0.27558818,-0.0032658782,-0.019017832,0.4743911,0.29899558,0.19984406,-0.22908272,0.11483919,-0.09950491,0.5389285,0.526155,0.5365257,0.40939373,0.44217092,0.3393979,0.22249606,0.18375455,0.28775755,0.11410067,0.34643385,0.38792333,0.375125,0.34649497,0.36644202,0.50947905,0.5322111,0.4914272,0.36617568,0.17846699,0.5060316,0.52450097
