1.0,0.8713407,0.5750047,0.43635026,0.16741557,0.021058766,0.6576132,0.4631921,0.29470584,0.12318641,0.7157729,0.5201095,0.5918478,0.498729,0.38467312,0.3137525,0.48314938,0.5964771,0.69282115,0.7027095,0.250693,0.33967856,0.5782309,0.51945925,0.06602255,0.14224072,0.23499586,0.010694333,0.4828178,0.45348746,0.5756608,0.45205903,0.70597345,0.7087887,0.63786113,0.6404435,0.023993302,0.14440782,0.24869815,0.052924134,0.0002003801,0.25061357,0.60318476,0.64614534,0.33989537,0.5533924,0.5393473,0.553273,0.13524535,0.13092399,0.6488234,0.53578395,0.32554233,0.4327805,0.38777703,0.34250683,0.66113365,0.79265237,0.4418982,0.024469754,0.14569388,0.2639712,0.33026683,0.680644,0.5552775,0.106672294,0.6029435,0.5831005,-0.43081143,0.41889971,0.30287758,0.32265255,0.3606759,0.35470748,0.30355236,0.4000886,0.15874268,0.0008548334,0.26461956,0.39187568,0.5470931,0.5709292,0.39823574,0.17494105,0.61841637,0.58788717,0.1295194,-0.103027835,0.4152006,0.33043417,0.6118524,0.5731514,0.42419702,0.28418615,0.46454433,0.46597824,0.48433873,0.3888187,0.50979793,0.5080694,0.5171436,0.5513673,0.54954064,0.55022377,0.4971902,0.56829524,0.48104176,0.37243786,0.40840673,0.42537233,0.5241216,0.5679118,0.43876138,0.5249872,0.50880486,0.47428477
0.8713407,1.0,0.6149738,0.4486966,0.2345595,0.06763366,0.6896461,0.50137013,0.33201402,0.18853366,0.66319627,0.5355008,0.58703965,0.51510173,0.41760114,0.34331685,0.44639447,0.5599247,0.72011304,0.75190586,0.27187738,0.3496576,0.6007709,0.51778805,0.095973425,0.16309053,0.28067416,0.09207316,0.45675468,0.4377645,0.5615885,0.4374131,0.70883316,0.7103383,0.64504164,0.64886063,-0.01124055,0.13602401,0.2518217,0.041295193,0.011748889,0.2827559,0.617427,0.66329974,0.30579394,0.6089581,0.5346966,0.5482854,0.15475361,0.20827162,0.63588446,0.4158112,0.2766945,0.4510891,0.4184475,0.37917665,0.66239107,0.8041651,0.48463494,0.07691607,0.16671398,0.28371322,0.3525961,0.75382245,0.50573725,0.06537065,0.6155727,0.58534616,-0.45744452,0.37708357,0.29861814,0.3266648,0.33309752,0.34971783,0.319191,0.40795416,0.12939334,-0.03502812,0.2493759,0.39312324,0.5657624,0.5785695,0.4342623,0.2147701,0.6303448,0.59717304,0.18278073,-0.05727815,0.46795228,0.37439582,0.5783398,0.5132904,0.44759628,0.305282,0.45116514,0.43665722,0.46803606,0.3504893,0.50244457,0.5130801,0.4733487,0.5391194,0.53158766,0.5291666,0.4690695,0.5366249,0.49844742,0.4014161,0.3671686,0.42712286,0.52468675,0.55877984,0.4575666,0.50574285,0.49428648,0.42444438
0.5750047,0.6149738,1.0,0.77298343,0.7271377,0.47378063,0.8885954,0.899343,0.6499707,0.54666656,0.81023556,0.8342893,0.8577239,0.8067502,0.8532214,0.8084778,0.75026023,0.7755099,0.8532138,0.8530783,0.7444719,0.6886736,0.9175326,0.8615091,0.38256735,0.44697943,0.68897766,0.56151694,0.79282254,0.7875964,0.84058994,0.8115121,0.817758,0.85957545,0.867611,0.7676887,0.4258236,0.6190685,0.69484013,0.58472633,0.31805056,0.6759268,0.7841051,0.7138634,0.122995116,0.33160505,0.80168265,0.7854757,-0.136647,0.043630395,0.36317033,0.14603923,-0.0011165002,0.15883994,0.8169932,0.8167862,0.23794037,0.3951937,0.041952427,0.14004044,-0.15324983,-0.020449413,0.27548918,0.2953733,0.098416194,-0.16463925,0.77640927,0.78555405,-0.0829227,0.46658093,0.752836,0.74955314,0.78207964,0.80280507,0.694403,0.70892334,0.5152835,0.4016108,0.6797386,0.64704347,0.83505434,0.7771194,0.8593704,0.7214637,0.81645113,0.81274855,0.49075842,0.3807425,0.833247,0.70366645,0.51658577,0.54420435,0.4017453,0.12603982,0.7318353,0.6897604,0.71020776,0.7427265,0.6723114,0.7399644,0.49850875,0.5107737,0.61895245,0.6279217,0.5794038,0.62895477,0.75462943,0.71866983,0.6068211,0.70007414,0.781185,0.594755,0.70649666,0.6225127,0.5494638,0.4690773
0.43635026,0.4486966,0.77298343,1.0,0.5982014,0.3099413,0.7847582,0.82105976,0.37332925,0.36886692,0.5239057,0.6364369,0.55508995,0.53202647,0.6903003,0.71820015,0.4113108,0.46457916,0.7497677,0.75962013,0.63415474,0.7517463,0.7737364,0.75806093,0.07928905,0.201247,0.7720761,0.53313214,0.49969637,0.5119192,0.7335207,0.7800995,0.54849285,0.57016766,0.6416785,0.4620661,0.50199735,0.513843,0.44484445,0.48721966,0.50779724,0.51053065,0.42983016,0.3482344,-0.12052071,0.21387643,0.4483281,0.42638326,-0.3035707,-0.044795968,0.07626806,-0.033283852,-0.22288276,0.06795846,0.555296,0.63008404,0.33596876,0.20597577,0.10217501,-0.059024423,-0.053347595,0.08018699,0.47044328,0.13801183,-0.012569376,-0.05321068,0.4617234,0.5161883,-0.10479198,0.27241275,0.78318876,0.813,0.6613932,0.74704057,0.6797812,0.6931925,0.43951872,0.38847366,0.3773509,0.30394912,0.48488754,0.42472595,0.7053077,0.69493353,0.4809413,0.5640527,0.28780875,0.5144653,0.5259671,0.5731936,0.16503239,0.22920245,0.2696931,-0.02940973,0.43487114,0.3657035,0.40504658,0.4953279,0.30890712,0.39130637,0.26618737,0.25661412,0.25541386,0.30608293,0.24032208,0.3009117,0.48901868,0.5608057,0.38651654,0.4288526,0.4687825,0.19473287,0.34407726,0.24358864,0.19134538,0.096555434
0.16741557,0.2345595,0.7271377,0.5982014,1.0,0.8481901,0.53967434,0.7429767,0.8339813,0.8566695,0.6021364,0.76888937,0.7263117,0.7449158,0.8191514,0.76715565,0.70750993,0.62352043,0.5711934,0.56574196,0.82491654,0.5628127,0.7587696,0.8039124,0.68917805,0.7177268,0.6575343,0.86428326,0.66096777,0.6155635,0.65364265,0.721644,0.5968433,0.66544294,0.69753,0.6058331,0.34146583,0.5595653,0.62341523,0.5985876,0.23599562,0.5643265,0.62646025,0.4955392,0.08752202,0.1371671,0.6655038,0.6679274,-0.3385143,-0.08263468,0.121873565,-0.16870736,-0.1505257,-0.105440155,0.68217266,0.76771337,-0.12030059,-0.044011127,-0.33747616,0.19645087,-0.4142425,-0.23895358,0.06539363,-0.08181048,-0.16225535,-0.35092133,0.63074833,0.6359739,0.16194928,0.50648,0.681407,0.6919048,0.6217347,0.6745448,0.59838337,0.6152857,0.40382698,0.4268402,0.6677097,0.6199601,0.70304537,0.65841997,0.84063375,0.81808066,0.59891516,0.6712126,0.7682405,0.7015065,0.74228716,0.7861446,0.2805321,0.25706568,0.3116604,-0.041858908,0.64383274,0.5608458,0.6146127,0.6622761,0.51251566,0.5962856,0.30648175,0.29232848,0.4841799,0.47908846,0.4449718,0.42061082,0.5650897,0.5173806,0.5065609,0.6708577,0.6765326,0.40203366,0.68848395,0.48952577,0.4026986,0.30025578
0.021058766,0.06763366,0.47378063,0.3099413,0.8481901,1.0,0.23431218,0.4597243,0.856869,0.8829787,0.44164717,0.5705938,0.53066105,0.56619996,0.60885715,0.49713403,0.5907113,0.4544658,0.3543248,0.30558097,0.6959473,0.28436592,0.5381678,0.61693853,0.86487603,0.86340326,0.40170068,0.8457737,0.4536245,0.3910238,0.4012026,0.48853397,0.4667428,0.50590044,0.5124574,0.47456458,0.16131628,0.41944084,0.50952935,0.49429378,0.08452787,0.38050085,0.51835406,0.38126993,0.07859654,0.089355074,0.54692376,0.55410266,-0.2923811,-0.07794202,0.11994161,-0.19524702,-0.09652706,-0.22860746,0.49819714,0.595111,-0.26551667,-0.17425895,-0.47312015,0.18081386,-0.46310553,-0.35570392,-0.09402272,-0.12543,-0.14030628,-0.38955104,0.47348726,0.53205144,0.11032021,0.46206966,0.429264,0.42297068,0.3464456,0.40062445,0.3425542,0.3761506,0.25960767,0.30473638,0.50490874,0.5444572,0.54816324,0.5320074,0.6511561,0.6520482,0.43079785,0.4847878,0.83074284,0.6698461,0.58700174,0.6482658,0.18251313,0.09570075,0.30773452,0.00656608,0.535155,0.42567715,0.5167556,0.51020056,0.41291767,0.47888714,0.16579986,0.16494535,0.3827166,0.34730995,0.36386004,0.2994368,0.39698333,0.35848337,0.42926887,0.57301646,0.55038166,0.33133218,0.62436646,0.3935037,0.3274755,0.25385708
0.6576132,0.6896461,0.8885954,0.7847582,0.53967434,0.23431218,1.0,0.8495409,0.40357527,0.29322407,0.7524528,0.7443154,0.7511537,0.671384,0.7138671,0.6905158,0.6073787,0.67808026,0.8552491,0.839936,0.62509394,0.7372126,0.81316507,0.7092617,0.08776452,0.17045751,0.6901515,0.40548396,0.66764736,0.66308075,0.76342547,0.70897377,0.6980101,0.7475795,0.76055264,0.6405785,0.31481755,0.48857164,0.4850676,0.41648725,0.31077617,0.5576728,0.67261016,0.6339111,0.12180659,0.41950285,0.64296436,0.6268689,-0.074247815,0.13447496,0.3416691,0.22897632,0.070792995,0.18571588,0.6638195,0.6609713,0.4923924,0.5291721,0.17584309,0.040460765,0.041311197,0.12034721,0.47478887,0.39638174,0.15344323,0.013454723,0.68610233,0.6847178,-0.16901895,0.37524098,0.7187223,0.72072685,0.7092831,0.7335959,0.6248573,0.6494768,0.4103292,0.30368632,0.56478673,0.49409857,0.7026173,0.65248436,0.7184889,0.60513014,0.7108165,0.6925817,0.30462533,0.30493328,0.65647787,0.5466156,0.38334307,0.43496895,0.34451383,0.0869986,0.53159684,0.49937496,0.52753407,0.5688094,0.50682,0.5622612,0.39269146,0.43779096,0.46319863,0.49009508,0.40587983,0.47152323,0.6467045,0.6282256,0.40981504,0.5140308,0.6346124,0.46323666,0.5425588,0.46605635,0.3980037,0.3206968
0.4631921,0.50137013,0.899343,0.82105976,0.7429767,0.4597243,0.8495409,1.0,0.5501709,0.5180829,0.7233887,0.85941935,0.7984945,0.78566027,0.8541158,0.8412777,0.67203355,0.6878397,0.7672602,0.79143536,0.77065325,0.78082967,0.8351966,0.82815236,0.28363064,0.35993552,0.8013421,0.60588926,0.7454825,0.7323002,0.8275752,0.83127755,0.67555386,0.7474021,0.79783857,0.65207434,0.45630255,0.6211944,0.63739717,0.59241563,0.39074153,0.6519393,0.688382,0.5858863,0.062135704,0.25566816,0.68770146,0.68115056,-0.30214468,0.04233347,0.1807141,0.008419988,-0.09295121,0.07655389,0.76625115,0.8135503,0.19959438,0.2810879,-0.037568774,0.10170585,-0.20537247,-0.02708574,0.3236381,0.13555118,-0.0071385037,-0.12338206,0.6982512,0.7013722,-0.05550817,0.4677838,0.83300227,0.839934,0.80696744,0.8290632,0.72576404,0.7474322,0.50587606,0.4644371,0.6886436,0.5625364,0.76372945,0.6959633,0.8473374,0.8034157,0.6905186,0.7656909,0.48852026,0.51702315,0.7405362,0.72776514,0.34855035,0.40489352,0.36147228,0.01813752,0.60748994,0.5732985,0.5720486,0.69582796,0.529002,0.6179331,0.41364077,0.44410208,0.4896401,0.5060264,0.4400032,0.4705794,0.6706224,0.6656809,0.52612776,0.60718405,0.690389,0.42177558,0.6178799,0.4648613,0.37252924,0.28992257
0.29470584,0.33201402,0.6499707,0.37332925,0.8339813,0.856869,0.40357527,0.5501709,1.0,0.9046387,0.6742225,0.7154481,0.76188767,0.7560975,0.74174666,0.6312431,0.79087436,0.71447176,0.5576144,0.523728,0.73593307,0.3616696,0.7320472,0.76176196,0.8762931,0.89271384,0.3939246,0.7255966,0.6758576,0.6346533,0.57952493,0.6125848,0.7272853,0.7531314,0.72398794,0.7346765,0.21887961,0.5023729,0.6655719,0.5346531,0.05290763,0.5528313,0.7438754,0.6601977,0.2183633,0.23061402,0.77369374,0.7683349,-0.14055791,-0.05069301,0.37272316,-0.00304361,0.0641161,-0.039043933,0.67223877,0.70995086,-0.14397784,0.098387994,-0.27077335,0.28846154,-0.39172775,-0.275131,-0.08430095,0.10254884,0.044784393,-0.4134125,0.71588945,0.7310487,-0.023264604,0.5411669,0.45391247,0.44542083,0.5038029,0.5130974,0.4467343,0.47784585,0.3522241,0.30150634,0.6041519,0.7127343,0.7720784,0.76305073,0.7593153,0.6460331,0.71854186,0.719344,0.7760657,0.44924992,0.78521514,0.74396706,0.5086135,0.44099715,0.44420552,0.13616072,0.7677239,0.70077723,0.7713245,0.6854023,0.6900617,0.7385029,0.44984388,0.3963534,0.6764168,0.6368063,0.6659726,0.6343295,0.60376644,0.4899047,0.6538007,0.77811974,0.76040226,0.640076,0.79118603,0.7136063,0.6511305,0.58406925
0.12318641,0.18853366,0.54666656,0.36886692,0.8566695,0.8829787,0.29322407,0.5180829,0.9046387,1.0,0.5101011,0.6370364,0.64088416,0.70286834,0.6643049,0.60987073,0.66079414,0.5546106,0.42288774,0.42419162,0.68621945,0.30754972,0.6252925,0.7235785,0.841031,0.8604159,0.39596537,0.7581458,0.55023706,0.5104495,0.4895539,0.581332,0.56052196,0.5935712,0.58575517,0.58290666,0.22530745,0.44461894,0.5447727,0.47867417,0.08038777,0.48290655,0.5562225,0.44162095,0.114758246,0.162162,0.6102274,0.60536444,-0.29951936,-0.09557753,0.23340192,-0.1335133,-0.052227072,-0.10336907,0.5558147,0.6166262,-0.21399869,-0.10259194,-0.31957752,0.19338699,-0.37813914,-0.28669968,-0.070342064,-0.028436817,-0.08805042,-0.40031412,0.5400112,0.56852186,0.028970417,0.52263695,0.42843798,0.45255747,0.41274312,0.44364884,0.4026533,0.45227712,0.31654269,0.31369907,0.48916534,0.5865764,0.6288051,0.6048299,0.6788686,0.6449972,0.56139255,0.6083478,0.724839,0.52451056,0.6601924,0.7244022,0.3213097,0.26829138,0.33019584,0.031259794,0.6554771,0.54587924,0.6320653,0.5546046,0.5098631,0.5761333,0.27103764,0.26560342,0.48823553,0.45685497,0.4983763,0.4560904,0.45616192,0.37977552,0.56793934,0.6810702,0.6190939,0.4550428,0.6678175,0.53464496,0.49424186,0.41145104
0.7157729,0.66319627,0.81023556,0.5239057,0.6021364,0.44164717,0.7524528,0.7233887,0.6742225,0.5101011,1.0,0.86099905,0.9035388,0.82200974,0.73529136,0.63923615,0.84902453,0.8799944,0.7832139,0.76279426,0.65886503,0.5527496,0.8338408,0.76261336,0.4700446,0.51986605,0.5017382,0.43163425,0.80678225,0.76940805,0.754221,0.6682512,0.8561014,0.90351933,0.8323637,0.8134176,0.23765044,0.4795474,0.61769813,0.43388483,0.09458005,0.548926,0.8542788,0.80892235,0.2987474,0.38563007,0.8437598,0.8427437,-0.027437625,0.0019202874,0.4578272,0.27812862,0.13116318,0.19506672,0.74352396,0.7328784,0.2717426,0.51882905,0.06551751,0.22219035,-0.2570016,-0.123117626,0.089023165,0.32319552,0.26520616,-0.2354652,0.83515996,0.76609385,-0.15461613,0.5660399,0.58999383,0.5659244,0.70554054,0.67487174,0.55281353,0.57315236,0.43995914,0.30731377,0.70007116,0.70545536,0.85654444,0.84910053,0.7629474,0.5795893,0.8828994,0.8121106,0.5333994,0.24366133,0.8029967,0.6762484,0.66576886,0.656243,0.45649168,0.193606,0.72419274,0.7331356,0.7481804,0.70540845,0.76442516,0.7993124,0.63098073,0.6716913,0.76790684,0.76419127,0.684703,0.7201424,0.7347225,0.6382669,0.6108191,0.7241461,0.82373804,0.7309084,0.79196477,0.7698698,0.66553974,0.6318731
0.5201095,0.5355008,0.8342893,0.6364369,0.76888937,0.5705938,0.7443154,0.85941935,0.7154481,0.6370364,0.86099905,1.0,0.90855294,0.89812076,0.8559801,0.7785306,0.83161384,0.83527064,0.7292148,0.7315325,0.7760586,0.67775553,0.84339684,0.8364009,0.4856596,0.54513186,0.6643988,0.61015934,0.8401751,0.7888538,0.7815824,0.77797836,0.75669587,0.8346119,0.8056356,0.72887516,0.34263515,0.584942,0.64399695,0.5325735,0.19238766,0.6021416,0.7832763,0.70065343,0.16207634,0.32611838,0.7788558,0.79481894,-0.22329773,0.022658965,0.2616443,0.042554263,-0.024918208,0.10151474,0.77010244,0.8346999,0.14947854,0.3107603,-0.085430644,0.2797278,-0.32709065,-0.15925533,0.15353352,0.12350842,0.09025838,-0.26319045,0.81022775,0.7425325,-0.056309715,0.61854845,0.7455945,0.746955,0.77850753,0.7774737,0.6631365,0.68052727,0.5006591,0.44258386,0.7880064,0.71539307,0.87241507,0.82990813,0.8794574,0.7952784,0.80087346,0.84414923,0.6426156,0.49611038,0.82274896,0.8251525,0.5271858,0.5314187,0.4693048,0.13659035,0.68746257,0.6710435,0.68272215,0.7159201,0.65170616,0.7290003,0.5656719,0.58289856,0.6719923,0.6762268,0.5900338,0.61482614,0.70411795,0.636298,0.6040754,0.7267713,0.7877433,0.55685323,0.74040276,0.6304647,0.536592,0.46114498
0.5918478,0.58703965,0.8577239,0.55508995,0.7263117,0.53066105,0.7511537,0.7984945,0.76188767,0.64088416,0.9035388,0.90855294,1.0,0.91610384,0.8459316,0.76062745,0.867288,0.8765462,0.7543973,0.75593585,0.74705654,0.604379,0.85891265,0.83242834,0.5420035,0.58920527,0.57252085,0.5232661,0.8780989,0.84334105,0.784557,0.75057894,0.83199054,0.890953,0.8551984,0.8197703,0.35262936,0.6051738,0.7041278,0.5493692,0.16540857,0.6673969,0.8583239,0.79640853,0.25284246,0.37249562,0.8656782,0.8577192,-0.1316797,0.03007944,0.42249677,0.17092474,0.12171832,0.12254843,0.8086211,0.81041044,0.12689729,0.3924574,-0.04656924,0.27614498,-0.2973027,-0.14838478,0.08289994,0.22806668,0.15088168,-0.27153498,0.85008824,0.78457695,-0.090830594,0.59265614,0.669784,0.64426976,0.772941,0.74585074,0.6430673,0.6597984,0.5151376,0.40879136,0.7576322,0.75387114,0.91900223,0.8908493,0.84576106,0.6985961,0.90903896,0.8780922,0.5651915,0.3109921,0.8656914,0.7648996,0.6338676,0.6545526,0.46219692,0.20973513,0.77700615,0.76910806,0.7871425,0.77625537,0.7520629,0.8073943,0.61599255,0.61843574,0.7610197,0.7542651,0.70032924,0.7413716,0.7554577,0.6602889,0.6803212,0.7871483,0.84036213,0.6906216,0.80025965,0.7561429,0.662097,0.603491
0.498729,0.51510173,0.8067502,0.53202647,0.7449158,0.56619996,0.671384,0.78566027,0.7560975,0.70286834,0.82200974,0.89812076,0.91610384,1.0,0.8221476,0.7459682,0.84518903,0.8447112,0.6845223,0.6845474,0.7127221,0.53525805,0.8009223,0.8194383,0.55544263,0.59886205,0.5289914,0.54162914,0.84594107,0.8282048,0.7102557,0.71634054,0.75311553,0.82279915,0.7852046,0.76717806,0.29029083,0.56877536,0.63885677,0.50320417,0.09853139,0.64132124,0.7966464,0.7191831,0.20443422,0.36116973,0.81775135,0.8198827,-0.17044652,0.082053676,0.3954563,0.13115294,0.056148816,0.12608942,0.7472447,0.79210305,0.06464327,0.30070868,-0.1159045,0.25837606,-0.26784492,-0.12680769,0.07639324,0.17185944,0.107062496,-0.24869174,0.8046652,0.7307711,-0.056652516,0.6223953,0.6301509,0.6479931,0.71924114,0.7016625,0.57398146,0.6263551,0.49796838,0.4377212,0.75240827,0.73223746,0.8903086,0.85427195,0.80895257,0.7119331,0.8367072,0.8491175,0.5783245,0.3333279,0.8192083,0.7826755,0.58192754,0.5984983,0.44916415,0.18453215,0.7638542,0.74425393,0.7513714,0.73682666,0.6763923,0.7479068,0.506989,0.5419881,0.69605887,0.68022174,0.6368829,0.658689,0.6872574,0.6123114,0.69792134,0.79935455,0.81053096,0.634367,0.7749786,0.695243,0.61224806,0.54959685
0.38467312,0.41760114,0.8532214,0.6903003,0.8191514,0.60885715,0.7138671,0.8541158,0.74174666,0.6643049,0.73529136,0.8559801,0.8459316,0.8221476,1.0,0.92328584,0.7594119,0.74665415,0.74227554,0.73357785,0.880163,0.77917975,0.82043415,0.8449241,0.49211836,0.57182306,0.7684502,0.69727266,0.85563636,0.8402048,0.8014429,0.82284147,0.7404422,0.79245824,0.814718,0.70329416,0.5060131,0.72847956,0.7853073,0.7232198,0.38021925,0.7704153,0.7389504,0.6647565,0.05988555,0.2299897,0.7841318,0.75686514,-0.24923941,-0.029265119,0.20114946,-0.051168833,-0.12040593,0.017494349,0.8556948,0.91012317,0.0067965784,0.15854648,-0.14318527,0.27172154,-0.32501134,-0.17664059,0.14745037,0.021179667,-0.053008903,-0.32057598,0.77474767,0.7537578,0.01887233,0.48546508,0.7772162,0.75946796,0.84475917,0.85528445,0.7792841,0.78181666,0.5323935,0.48871168,0.70901674,0.6475643,0.84517634,0.7694255,0.93597156,0.87643105,0.76770884,0.82516736,0.57814825,0.53034306,0.84917253,0.80706,0.45196563,0.49062568,0.36798695,0.04716604,0.76349705,0.7328219,0.7117749,0.79611516,0.6637685,0.7492354,0.49279982,0.478063,0.60751957,0.6115607,0.582381,0.58805305,0.76942676,0.71970767,0.7002947,0.7571601,0.79004383,0.5198336,0.70632595,0.6084155,0.5149936,0.43756583
0.3137525,0.34331685,0.8084778,0.71820015,0.76715565,0.49713403,0.6905158,0.8412777,0.6312431,0.60987073,0.63923615,0.7785306,0.76062745,0.7459682,0.92328584,1.0,0.65895236,0.6472899,0.69653124,0.714332,0.83614624,0.82683814,0.75617707,0.7909489,0.3676743,0.4659199,0.8224567,0.6436789,0.8065653,0.8198518,0.7824881,0.8249986,0.6396982,0.6943357,0.7373896,0.6114514,0.5865491,0.7395703,0.7349862,0.73952186,0.47966233,0.8103084,0.6341266,0.5426236,0.0002315606,0.16416009,0.6809543,0.64069206,-0.30011922,-0.07473377,0.12519026,-0.1303288,-0.1985618,-0.011183387,0.79456127,0.8407094,-0.013911184,0.112202056,-0.1416624,0.18716523,-0.22904314,-0.13305178,0.13584287,-0.011948328,-0.14965871,-0.28596836,0.678674,0.66237867,0.009255412,0.38218525,0.7744595,0.7761189,0.8442781,0.8532213,0.80108887,0.77902347,0.54384404,0.5019886,0.6345801,0.5474389,0.75367546,0.66776603,0.8580531,0.83085424,0.6768369,0.75109166,0.41500053,0.47144687,0.7512254,0.70723206,0.3292119,0.42369327,0.25461048,-0.023710605,0.68508506,0.65164334,0.6288268,0.73144317,0.55632263,0.65323585,0.3891586,0.39602458,0.47883102,0.4880399,0.4700988,0.48946527,0.7007638,0.68313473,0.64769393,0.67189467,0.6781615,0.41119024,0.601078,0.51096314,0.42478147,0.3418074
0.48314938,0.44639447,0.75026023,0.4113108,0.70750993,0.5907113,0.6073787,0.67203355,0.79087436,0.66079414,0.84902453,0.83161384,0.867288,0.84518903,0.7594119,0.65895236,1.0,0.9114508,0.6640553,0.6045607,0.70941985,0.46967456,0.76484406,0.724505,0.64129937,0.65286934,0.43597406,0.53131175,0.8355839,0.79666156,0.6396375,0.61258537,0.7742713,0.8178934,0.78649724,0.7982647,0.19597535,0.4921769,0.69682795,0.52097076,0.015900917,0.60837644,0.8475216,0.82372373,0.3299271,0.31531796,0.8849027,0.877025,-0.016601015,-0.010775838,0.40224883,0.18746753,0.13053165,0.035054047,0.7721557,0.7638805,0.0432865,0.30781624,-0.15077655,0.3287437,-0.2749519,-0.13527171,0.035120457,0.20871873,0.13145599,-0.24892914,0.85890377,0.79874974,-0.022788102,0.53999037,0.54062015,0.52724123,0.6883753,0.61972356,0.4788881,0.4776661,0.43118063,0.35070637,0.8145446,0.85570556,0.8893949,0.9105301,0.7750942,0.6440787,0.83710366,0.80415285,0.63737124,0.3296004,0.835303,0.70424587,0.63414186,0.6385514,0.39960372,0.16101123,0.8180897,0.8024735,0.8278525,0.77721244,0.80453664,0.83165735,0.53904396,0.5743746,0.75875056,0.7406433,0.74391603,0.71615463,0.7469358,0.5763602,0.6855435,0.81695175,0.86964107,0.76368284,0.84509706,0.7962392,0.7060401,0.69151044
0.5964771,0.5599247,0.7755099,0.46457916,0.62352043,0.4544658,0.67808026,0.6878397,0.71447176,0.5546106,0.8799944,0.83527064,0.8765462,0.8447112,0.74665415,0.6472899,0.9114508,1.0,0.73700905,0.6697727,0.648595,0.51710296,0.7965829,0.74208254,0.51248753,0.54363555,0.43040505,0.42798346,0.85820234,0.8423051,0.70020086,0.64596575,0.83118963,0.8653066,0.8180651,0.8161064,0.21260674,0.49533474,0.64309335,0.4485872,0.037899368,0.59110445,0.85208815,0.84498113,0.33796343,0.3597726,0.85851604,0.85901767,0.046266634,0.0392535,0.46783957,0.26414937,0.12947656,0.21075758,0.7376066,0.7349896,0.18268552,0.4400862,-0.012879328,0.2985534,-0.21619639,-0.07027723,0.1273897,0.28527883,0.2620937,-0.2065366,0.879906,0.8056787,-0.054677498,0.5059409,0.5448916,0.5500777,0.7123627,0.6628333,0.52948457,0.5377516,0.47375235,0.37944818,0.7373391,0.8203016,0.8704957,0.90836316,0.75270253,0.6021712,0.85367316,0.8552291,0.53439826,0.23758085,0.80696064,0.6888101,0.6946295,0.71480745,0.43701133,0.22252582,0.80266464,0.81655276,0.8124917,0.7477848,0.8056462,0.82693917,0.6573596,0.6341562,0.80744207,0.78930724,0.78526473,0.7869009,0.7665708,0.5743059,0.6611585,0.7675578,0.86097723,0.7677377,0.7728098,0.8017226,0.7368306,0.7202443
0.69282115,0.72011304,0.8532138,0.7497677,0.5711934,0.3543248,0.8552491,0.7672602,0.5576144,0.42288774,0.7832139,0.7292148,0.7543973,0.6845223,0.74227554,0.69653124,0.6640553,0.73700905,1.0,0.9098486,0.6587926,0.6800958,0.81189245,0.7363102,0.2521391,0.3431302,0.6442822,0.4728701,0.68232447,0.6863056,0.698846,0.6608912,0.79748875,0.823467,0.8338106,0.7351265,0.21841271,0.44001147,0.5294068,0.42620432,0.2342932,0.5742389,0.77011347,0.74158645,0.2007152,0.509381,0.7231081,0.6881389,-0.046884205,0.14972134,0.4290229,0.24823782,0.05956056,0.16826728,0.69668645,0.70914453,0.43967408,0.5202954,0.19302955,-0.0122098485,0.04295743,0.14694032,0.39284024,0.45242468,0.24307781,-0.0026914873,0.7701112,0.7795452,-0.23356096,0.32115123,0.59472036,0.6201624,0.6603018,0.68394196,0.58471423,0.6215431,0.3079711,0.1880072,0.50982404,0.58446336,0.72589636,0.7281773,0.7671321,0.63604844,0.73986185,0.74344164,0.41839027,0.3440446,0.7027722,0.6066826,0.4413695,0.48334864,0.4134214,0.06733623,0.67044777,0.64300704,0.65365815,0.6256317,0.6172858,0.67392164,0.4602764,0.49455386,0.5575176,0.567683,0.5214879,0.5557577,0.6885202,0.63122123,0.5547357,0.65769774,0.7366109,0.5925367,0.65479976,0.5874565,0.5099974,0.42954302
0.7027095,0.75190586,0.8530783,0.75962013,0.56574196,0.30558097,0.839936,0.79143536,0.523728,0.42419162,0.76279426,0.7315325,0.75593585,0.6845474,0.73357785,0.714332,0.6045607,0.6697727,0.9098486,1.0,0.59050274,0.65400964,0.82270783,0.7635071,0.22422981,0.33451197,0.6733744,0.45888382,0.6441161,0.66208386,0.76316625,0.708402,0.7821424,0.813278,0.845772,0.74107635,0.32513624,0.46261746,0.5298359,0.41259456,0.26418447,0.5627644,0.71972704,0.67539847,0.14854507,0.46795133,0.7027386,0.6640298,-0.1309862,0.10882587,0.37891424,0.1815457,0.048069812,0.26080817,0.71609676,0.71236074,0.42184496,0.52386725,0.25243315,0.0056160595,0.0149760125,0.119664885,0.33544213,0.44750705,0.2121014,-0.043723084,0.7263379,0.705483,-0.2847209,0.38060868,0.6513071,0.6579065,0.65670985,0.6982255,0.6219552,0.6533209,0.37529942,0.2255921,0.4725246,0.49990013,0.70656806,0.6655108,0.7572357,0.60296154,0.74614847,0.7197527,0.38952884,0.3020749,0.72019064,0.6244813,0.46199727,0.5061169,0.38662872,0.073434256,0.628629,0.60315317,0.6261341,0.6272011,0.6060143,0.6713061,0.46881402,0.51532793,0.57265997,0.58499223,0.50128055,0.56468016,0.66308886,0.6551486,0.5321131,0.630941,0.7052072,0.5695335,0.638275,0.5837573,0.47559497,0.3849321
0.250693,0.27187738,0.7444719,0.63415474,0.82491654,0.6959473,0.62509394,0.77065325,0.73593307,0.68621945,0.65886503,0.7760586,0.74705654,0.7127221,0.880163,0.83614624,0.70941985,0.648595,0.6587926,0.59050274,1.0,0.78598076,0.73766416,0.77045834,0.55123657,0.6163594,0.7771584,0.78646064,0.75392914,0.71707714,0.6844059,0.7438425,0.6373826,0.68642086,0.70182073,0.57924604,0.47815976,0.68857914,0.72000253,0.7396672,0.41955087,0.7306857,0.65175503,0.55401224,0.07490168,0.16389208,0.68333113,0.664067,-0.27484474,-0.061468005,0.10086815,-0.1255903,-0.18937902,-0.14991528,0.75181156,0.81922954,-0.038517185,0.039211668,-0.28936595,0.22847183,-0.38122457,-0.21045567,0.14575593,-0.07734864,-0.17179868,-0.3134767,0.6604167,0.7061803,0.11135399,0.42156768,0.71857196,0.6848323,0.7660669,0.77606696,0.731732,0.69725,0.44998163,0.45452106,0.6759821,0.6044476,0.75624704,0.68796587,0.8597105,0.86245,0.6425728,0.70939475,0.62492204,0.63120705,0.7419938,0.72231907,0.26139006,0.3073707,0.31745777,-0.04261628,0.6405093,0.5803419,0.59429055,0.68334687,0.5302073,0.6144554,0.33896652,0.32490727,0.4463137,0.45954904,0.43602473,0.41176137,0.6244673,0.5713489,0.5658975,0.64205486,0.67180854,0.37316677,0.64320177,0.46167746,0.35586226,0.29432017
0.33967856,0.3496576,0.6886736,0.7517463,0.5628127,0.28436592,0.7372126,0.78082967,0.3616696,0.30754972,0.5527496,0.67775553,0.604379,0.53525805,0.77917975,0.82683814,0.46967456,0.51710296,0.6800958,0.65400964,0.78598076,1.0,0.6342516,0.64474475,0.07490023,0.19009325,0.88192296,0.5415832,0.6667823,0.6687716,0.7135238,0.7595042,0.5066569,0.56252533,0.60808784,0.43180817,0.5499557,0.63808984,0.5219698,0.61340374,0.5840197,0.6817857,0.47624248,0.3972608,-0.07470936,0.17036793,0.45882723,0.4252922,-0.2468435,-0.027033376,-0.038808417,-0.16280836,-0.2510287,-0.025255315,0.616602,0.6831275,0.21661377,0.17736773,-0.045984227,0.07192085,-0.16333207,-0.063089594,0.35171172,-0.0058937743,-0.1404487,-0.12214507,0.5383593,0.55762315,-0.03038746,0.26708883,0.78233385,0.7654695,0.7918058,0.8324043,0.8132893,0.7539202,0.4518773,0.4523949,0.5051391,0.3660587,0.5730911,0.48843235,0.7204411,0.7549878,0.4794375,0.5889905,0.26527026,0.4971579,0.52872723,0.5250304,0.10001198,0.22641449,0.2174516,-0.12335069,0.4265887,0.41947356,0.35380733,0.5257209,0.32512417,0.41258913,0.305004,0.30316377,0.26591247,0.29324442,0.2517097,0.28148174,0.57330227,0.5717651,0.3958027,0.39710227,0.47307593,0.16576737,0.36786675,0.2621192,0.16794585,0.09346521
0.5782309,0.6007709,0.9175326,0.7737364,0.7587696,0.5381678,0.81316507,0.8351966,0.7320472,0.6252925,0.8338408,0.84339684,0.85891265,0.8009223,0.82043415,0.75617707,0.76484406,0.7965829,0.81189245,0.82270783,0.73766416,0.6342516,1.0,0.9177771,0.48234645,0.5533038,0.6363039,0.5917378,0.76279026,0.74544793,0.8789762,0.8499802,0.8560539,0.88075703,0.8765886,0.7987348,0.42702925,0.5875939,0.6702621,0.547967,0.2647371,0.6100489,0.76731217,0.6857806,0.10109782,0.27247015,0.7999478,0.7954349,-0.16127867,-0.08745588,0.34316966,0.115601026,0.0077706575,0.18441024,0.76877475,0.7921731,0.21812683,0.34056845,0.008813017,0.21719822,-0.28466114,-0.119032465,0.20668545,0.23760937,0.08310053,-0.3129918,0.7723174,0.7679006,-0.07353758,0.54451853,0.7637183,0.757577,0.74777585,0.77598464,0.67367154,0.70097196,0.5469449,0.42756176,0.65625274,0.6489985,0.81000954,0.770032,0.85111856,0.7043248,0.82338244,0.79833835,0.56288964,0.41817003,0.83303547,0.75311893,0.5663971,0.55883425,0.44310185,0.15781124,0.7441389,0.6940495,0.75983924,0.7389964,0.6982123,0.7554943,0.5601702,0.49942622,0.6831783,0.69225943,0.6503346,0.6828423,0.72412664,0.66749185,0.616871,0.73278123,0.79130816,0.61459655,0.71416295,0.68760556,0.6156191,0.5296669
0.51945925,0.51778805,0.8615091,0.75806093,0.8039124,0.61693853,0.7092617,0.82815236,0.76176196,0.7235785,0.76261336,0.8364009,0.83242834,0.8194383,0.8449241,0.7909489,0.724505,0.74208254,0.7363102,0.7635071,0.77045834,0.64474475,0.9177771,1.0,0.5431669,0.62703985,0.64747226,0.63718235,0.7581153,0.7302017,0.86636746,0.8987236,0.818973,0.84471947,0.8440416,0.77537334,0.47650796,0.59750634,0.66470176,0.56243616,0.31003445,0.6152247,0.702225,0.59405917,0.056005806,0.20635214,0.74917537,0.7438499,-0.25504667,-0.13234371,0.3036852,0.017668584,-0.04666674,0.16646041,0.73613226,0.7741749,0.12417499,0.21568356,-0.056147564,0.18354747,-0.36652315,-0.17736949,0.16726664,0.13322109,0.05633612,-0.33479986,0.70868,0.7363463,-0.07108075,0.601879,0.75391954,0.7664406,0.7291252,0.7689275,0.7063289,0.73792535,0.5535194,0.48072657,0.6120332,0.58177865,0.7881615,0.72157085,0.8441578,0.73950756,0.76655716,0.8102706,0.5575153,0.45960563,0.78852326,0.7791074,0.52064294,0.5067111,0.4433512,0.104721315,0.7462385,0.68968976,0.7209697,0.73007053,0.6371406,0.7078855,0.53322506,0.44906262,0.62436277,0.6282587,0.6268088,0.6526303,0.69310296,0.63932604,0.65243006,0.7292052,0.7507569,0.529822,0.6671633,0.62704885,0.5701779,0.47990614
0.06602255,0.095973425,0.38256735,0.07928905,0.68917805,0.86487603,0.08776452,0.28363064,0.8762931,0.841031,0.4700446,0.4856596,0.5420035,0.55544263,0.49211836,0.3676743,0.64129937,0.51248753,0.2521391,0.22422981,0.55123657,0.07490023,0.48234645,0.5431669,1.0,0.9529255,0.15235782,0.6445835,0.47014567,0.41771182,0.32832667,0.3763741,0.5428642,0.5386515,0.4825577,0.5599881,0.13827416,0.3650008,0.5581489,0.43920785,-0.063352756,0.3739858,0.56959796,0.48241538,0.19677192,0.05858028,0.62078524,0.62206477,-0.088914834,-0.14275499,0.2806506,-0.08861836,0.06769508,-0.11505037,0.4910856,0.51074487,-0.3640766,-0.069976196,-0.403753,0.29389045,-0.46263662,-0.4131975,-0.3017186,-0.010307201,-0.019327823,-0.4336901,0.49660763,0.53155535,0.053028394,0.4587748,0.24549772,0.21027434,0.28289887,0.2709123,0.21999612,0.21487446,0.28909078,0.26506737,0.48065588,0.593054,0.5864695,0.58897805,0.52213705,0.43512744,0.515305,0.49831283,0.7347429,0.35042414,0.60415095,0.5507621,0.4100573,0.32800934,0.32447276,0.18542098,0.6055628,0.5390919,0.6245228,0.5347201,0.57065564,0.58337456,0.31614143,0.27441823,0.55085146,0.50220174,0.5493291,0.49712214,0.41483667,0.34428468,0.5186608,0.6234186,0.5905484,0.5213321,0.67456514,0.5793952,0.5100636,0.4926018
0.14224072,0.16309053,0.44697943,0.201247,0.7177268,0.86340326,0.17045751,0.35993552,0.89271384,0.8604159,0.51986605,0.54513186,0.58920527,0.59886205,0.57182306,0.4659199,0.65286934,0.54363555,0.3431302,0.33451197,0.6163594,0.19009325,0.5533038,0.62703985,0.9529255,1.0,0.2619803,0.6894629,0.52600396,0.48614842,0.41690207,0.47353983,0.605285,0.59821624,0.54703873,0.6013829,0.24052672,0.45589876,0.5960421,0.48457462,0.03890118,0.46199635,0.5993479,0.49809983,0.13665664,0.0873353,0.6587253,0.64016306,-0.15560737,-0.15278,0.26993263,-0.10662597,0.04773424,-0.07715597,0.5488638,0.58508915,-0.2934227,-0.041497726,-0.364321,0.26315746,-0.4317832,-0.40020853,-0.25863865,0.005122559,-0.027377518,-0.44867066,0.53016996,0.56983,-0.0007530869,0.48476917,0.3438944,0.3161909,0.37409303,0.3762849,0.33649227,0.33663705,0.37915426,0.34532562,0.4666733,0.5881584,0.6241532,0.61494017,0.5940294,0.5077783,0.56791526,0.5651417,0.7144807,0.38710776,0.64969444,0.61863077,0.42575115,0.36375183,0.3548731,0.19338886,0.64863,0.56967384,0.66526407,0.5758239,0.59372014,0.61989295,0.3416006,0.31092668,0.5806504,0.5369361,0.56932503,0.5311248,0.46405792,0.42227456,0.58910054,0.6793648,0.6370392,0.5226699,0.6873057,0.60126925,0.5196363,0.49202532
0.23499586,0.28067416,0.68897766,0.7720761,0.6575343,0.40170068,0.6901515,0.8013421,0.3939246,0.39596537,0.5017382,0.6643988,0.57252085,0.5289914,0.7684502,0.8224567,0.43597406,0.43040505,0.6442822,0.6733744,0.7771584,0.88192296,0.6363039,0.64747226,0.15235782,0.2619803,1.0,0.6866829,0.5669763,0.5745418,0.6852454,0.7411569,0.43844414,0.49895835,0.6058059,0.41573104,0.56171817,0.6386218,0.51553947,0.6509875,0.6306194,0.6609808,0.46415302,0.31973013,-0.13367887,0.11277408,0.46306628,0.40350106,-0.42425168,-0.011365361,-0.119950615,-0.26270327,-0.28826153,-0.12404673,0.6378341,0.7241989,0.09126853,0.056091614,-0.17388865,0.00020193998,-0.19575407,-0.10720521,0.30054325,-0.0916636,-0.23833242,-0.15430404,0.47897574,0.4904064,-0.027829831,0.2740902,0.8069051,0.78008616,0.73239326,0.7772115,0.74321467,0.6871215,0.46340388,0.45976615,0.51442796,0.30175602,0.5430081,0.42539525,0.75570726,0.8054226,0.4646783,0.53788644,0.35280874,0.6022213,0.55784404,0.56124955,0.0083884,0.14613535,0.155088,-0.17815243,0.37813523,0.33794013,0.33333796,0.5213442,0.274795,0.39004198,0.16232698,0.23840077,0.21283188,0.2473564,0.16508639,0.19815345,0.51316535,0.5817471,0.35224622,0.4323449,0.46799773,0.11990539,0.41515112,0.21856403,0.067392014,-0.014504375
0.010694333,0.09207316,0.56151694,0.53313214,0.86428326,0.8457737,0.40548396,0.60588926,0.7255966,0.7581458,0.43163425,0.61015934,0.5232661,0.54162914,0.69727266,0.6436789,0.53131175,0.42798346,0.4728701,0.45888382,0.78646064,0.5415832,0.5917378,0.63718235,0.6445835,0.6894629,0.6866829,1.0,0.46484968,0.4439604,0.4884706,0.5903462,0.43531027,0.49427897,0.53487575,0.42616966,0.29627872,0.49432683,0.483458,0.55503166,0.3073927,0.47785538,0.4913794,0.32846996,-0.034494344,0.09500555,0.5004991,0.46197286,-0.40243277,-0.027934022,-0.04827203,-0.2975197,-0.2827384,-0.2709295,0.52687955,0.6689596,-0.1733924,-0.18775822,-0.41458434,0.11470755,-0.3787087,-0.25967988,0.07307715,-0.15828112,-0.26566988,-0.2904222,0.4554322,0.502202,0.13870789,0.37960967,0.6179903,0.60257804,0.4993337,0.57929385,0.54466814,0.5356222,0.30807325,0.37754524,0.5073003,0.45020822,0.52561146,0.47282708,0.73861945,0.7785126,0.40738976,0.48887616,0.7535531,0.77738696,0.58682126,0.6655914,0.017144896,0.0364021,0.25150838,-0.1462288,0.4472898,0.34711933,0.4110871,0.48952678,0.31258407,0.4112987,0.09990614,0.14597273,0.2789325,0.2797421,0.22831169,0.19574267,0.37888384,0.42366317,0.34191042,0.5113815,0.5136802,0.19848473,0.56273,0.2743065,0.14780775,0.061765585
0.4828178,0.45675468,0.79282254,0.49969637,0.66096777,0.4536245,0.66764736,0.7454825,0.6758576,0.55023706,0.80678225,0.8401751,0.8780989,0.84594107,0.85563636,0.8065653,0.8355839,0.85820234,0.68232447,0.6441161,0.75392914,0.6667823,0.76279026,0.7581153,0.47014567,0.52600396,0.5669763,0.46484968,1.0,0.9462842,0.75976247,0.74427426,0.7717069,0.8270879,0.79014206,0.74968994,0.4458334,0.69555956,0.75679564,0.634279,0.2030597,0.74230814,0.7831611,0.74491453,0.19632798,0.30683133,0.8254132,0.8234709,-0.047362078,-0.019173894,0.3153646,0.093312874,0.06504951,0.11810214,0.801056,0.80622923,0.021682858,0.2921795,-0.10338841,0.31083104,-0.2840071,-0.16142908,0.026431644,0.13331527,0.042340964,-0.28866595,0.8137527,0.77525955,-0.016005613,0.49445826,0.6844534,0.6709163,0.8635547,0.81287545,0.71456903,0.7054034,0.63163763,0.56272906,0.79935473,0.78667116,0.90122765,0.871992,0.8012113,0.69068897,0.8077438,0.8392219,0.45937395,0.2680726,0.7930848,0.6758238,0.5871238,0.63324267,0.40909913,0.18602458,0.82186496,0.8201624,0.78067136,0.81550825,0.7299085,0.7843297,0.5842596,0.59310555,0.7006144,0.67295694,0.675188,0.6936942,0.77754056,0.67700875,0.75686485,0.7792646,0.81407887,0.6447172,0.7159198,0.69338936,0.6284642,0.60453475
0.45348746,0.4377645,0.7875964,0.5119192,0.6155635,0.3910238,0.66308075,0.7323002,0.6346533,0.5104495,0.76940805,0.7888538,0.84334105,0.8282048,0.8402048,0.8198518,0.79666156,0.8423051,0.6863056,0.66208386,0.71707714,0.6687716,0.74544793,0.7302017,0.41771182,0.48614842,0.5745418,0.4439604,0.9462842,1.0,0.7510509,0.7244514,0.75494206,0.79921496,0.7818683,0.73953897,0.48361146,0.73065674,0.74790204,0.64542764,0.2734468,0.7895195,0.7601408,0.7226085,0.14694571,0.28152156,0.80682635,0.7870198,-0.053032868,-0.008535611,0.3019459,0.07790713,0.023790168,0.15303828,0.7955072,0.8038118,-0.005336161,0.29821193,-0.057789285,0.26913765,-0.21777537,-0.118992776,0.033492368,0.15117705,0.035541724,-0.26991683,0.782664,0.75109607,-0.033558324,0.4308416,0.6658303,0.6589928,0.87270033,0.8314459,0.721474,0.7062949,0.63559186,0.56439686,0.74392694,0.7557622,0.8644368,0.84028363,0.76522475,0.6629319,0.79390854,0.821302,0.36908346,0.19817269,0.7824227,0.63118315,0.5663493,0.6430107,0.38093987,0.16462465,0.8091902,0.80973226,0.7632037,0.8008631,0.7198574,0.7708506,0.5578548,0.5441564,0.67276835,0.6456359,0.6420706,0.6735434,0.77028155,0.685352,0.7357071,0.7562622,0.78514636,0.6269174,0.6846479,0.68441975,0.60223925,0.5825575
0.5756608,0.5615885,0.84058994,0.7335207,0.65364265,0.4012026,0.76342547,0.8275752,0.57952493,0.4895539,0.754221,0.7815824,0.784557,0.7102557,0.8014429,0.7824881,0.6396375,0.70020086,0.698846,0.76316625,0.6844059,0.7135238,0.8789762,0.86636746,0.32832667,0.41690207,0.6852454,0.4884706,0.75976247,0.7510509,1.0,0.9271031,0.7857129,0.81579506,0.8380719,0.74062824,0.5409091,0.6303534,0.63384616,0.54115146,0.36555246,0.5964222,0.66330546,0.5705949,0.006604121,0.16032754,0.69189906,0.6921888,-0.2083537,-0.17347555,0.2504561,0.029447641,-0.030105881,0.29205543,0.70150477,0.7206746,0.20743653,0.3253917,0.044984844,0.22532965,-0.32550815,-0.15735772,0.17374085,0.16067244,0.06590084,-0.33386242,0.6871394,0.6886376,-0.099525,0.51426184,0.84064156,0.8243742,0.7951377,0.82591575,0.766038,0.7944672,0.6113154,0.5134035,0.60826904,0.5262255,0.7376039,0.66219026,0.76894,0.63903934,0.7034525,0.7167943,0.39039436,0.3313618,0.70979327,0.6449483,0.48900458,0.5134382,0.38469514,0.09236927,0.65121806,0.6218972,0.63075197,0.68836856,0.6038833,0.662683,0.5596688,0.44410986,0.5968555,0.5893858,0.57364607,0.60842186,0.70185477,0.637357,0.57426184,0.5951041,0.6865494,0.49284178,0.5587008,0.58193463,0.5159912,0.4434908
0.45205903,0.4374131,0.8115121,0.7800995,0.721644,0.48853397,0.70897377,0.83127755,0.6125848,0.581332,0.6682512,0.77797836,0.75057894,0.71634054,0.82284147,0.8249986,0.61258537,0.64596575,0.6608912,0.708402,0.7438425,0.7595042,0.8499802,0.8987236,0.3763741,0.47353983,0.7411569,0.5903462,0.74427426,0.7244514,0.9271031,1.0,0.71417594,0.74731684,0.7887692,0.68654484,0.5927676,0.64398485,0.6255582,0.5922126,0.4309191,0.6153169,0.58516926,0.4617164,-0.07369782,0.118663505,0.6354062,0.61959225,-0.29884028,-0.17962429,0.144323,-0.07947187,-0.12882686,0.15180115,0.6643609,0.72044563,0.13355942,0.1609816,-0.067183144,0.16974443,-0.35327953,-0.23061308,0.20071572,0.051140536,-0.017977955,-0.31128296,0.6269833,0.65518886,-0.05888986,0.5125632,0.8624117,0.86583376,0.78965425,0.8333948,0.79331076,0.8032042,0.6264551,0.5704684,0.6019809,0.49239573,0.7040665,0.61714953,0.78620136,0.71589774,0.62590784,0.69974995,0.41726407,0.44428584,0.6688344,0.6724954,0.36607188,0.41530186,0.36737767,0.017966643,0.64783317,0.5939736,0.6028634,0.68042,0.5130862,0.5835111,0.46503803,0.35631475,0.4919268,0.4823743,0.4971053,0.5336687,0.63770753,0.61538357,0.59756297,0.6088553,0.6488321,0.37201858,0.51353496,0.4839895,0.43099236,0.34945455
