1.0,0.8690644,0.28667626,0.013621063,0.12460992,-0.48368147,0.43749422,0.066937156,0.19442388,-0.022681786,0.4125206,-0.051405832,0.27607355,0.10830628,0.27317676,0.3713649,-0.27832088,0.081876636,0.54145753,0.81431764,0.18153697,-0.06904364,-0.08619682,0.084879726,-0.7237405,-0.6433649,-0.5725767,-0.45844087,-0.025548134,-0.0070172613,0.015062874,-0.10290512,0.65132344,0.5306086,0.31060818,0.26989758,0.12681198,0.24327676,-0.031844433,0.118444465,-0.2308723,-0.38461578,0.75820154,0.7352493,0.74765563,0.52712494,0.5579634,0.14238635,0.42023966,0.69015807,0.69549805,0.6861242,0.45167732,0.68009675,0.110071205,-0.2398003,0.8856246,0.8608685,0.5908894,0.50415397,0.7633267,0.7834473,0.86153466,0.85700965,0.73100275,0.7537755,0.8004892,0.7849032,0.5920025,0.53467476,-0.023722997,-0.044410985,-0.28919038,-0.33041272,-0.201694,-0.14892904,0.15939556,0.15610406,0.25985336,0.3152792,0.23422927,0.33347905,-0.092635915,0.021014197,0.054414883,0.34364995,0.13495302,-0.2384002,0.06913879,-0.01394686,0.28471118,0.10347545,-0.2021113,-0.2871966,0.08832668,-0.036794905,0.06399114,0.0856422,0.44297093,0.3698592,-0.18452325,0.02256325,0.18027486,0.11285307,0.020721454,0.13398913,0.29254863,0.32993203,0.2171481,0.12808311,0.07502858,0.46894094,0.4609009,0.24297567,0.13589498,0.080479205
0.8690644,1.0,0.44672012,0.26446593,0.34310994,-0.3476254,0.5671042,0.27631512,0.33378866,0.08344475,0.47265953,0.12662199,0.42576465,0.30620426,0.40351644,0.46413526,-0.14607337,0.19809113,0.6456567,0.88256717,0.2935292,0.03716428,0.05042363,0.25910887,-0.6280322,-0.5849254,-0.41832557,-0.28347477,0.1596237,0.15031245,0.13505247,0.055899665,0.691038,0.6448381,0.37182364,0.3679514,0.25297213,0.37294233,0.12573095,0.26519233,-0.060096927,-0.24509749,0.7673552,0.7285377,0.7105706,0.49708745,0.6082025,0.2506674,0.40037912,0.6286991,0.5910138,0.60951793,0.39155275,0.64465195,0.24558575,-0.051062286,0.83170366,0.86646307,0.5480488,0.4047052,0.6720578,0.7532226,0.7760949,0.8297612,0.67866373,0.65394694,0.78103346,0.8169187,0.6319215,0.5703614,0.12872945,0.11643659,-0.15011887,-0.14368998,-0.061755188,-0.0036845768,0.24886757,0.27850354,0.29393512,0.41725105,0.33092546,0.4780303,0.043836627,0.16079794,0.14614199,0.4881002,0.24265532,-0.11449899,0.18577492,0.13494372,0.33556184,0.23288693,-0.18959571,-0.18412049,0.19381419,0.09011431,0.23438656,0.24321967,0.5287346,0.4783024,-0.05155986,0.04380718,0.2472037,0.18604405,0.1083453,0.26884124,0.2795775,0.3596109,0.26494822,0.27414244,0.22233996,0.6105597,0.53241044,0.313687,0.24097309,0.16649273
0.28667626,0.44672012,1.0,0.8143303,0.5907903,0.24373558,0.83727354,0.8459249,0.68874097,0.5538812,0.75574356,0.75454605,0.774575,0.7760955,0.68042886,0.67657673,0.63679546,0.75202495,0.579869,0.46961492,0.649164,0.49644822,0.77118504,0.8028402,-0.12730676,-0.08322789,0.14265347,0.2164597,0.67110795,0.6684001,0.6814692,0.6560711,0.7086485,0.7667585,0.66588175,0.6762936,0.69882476,0.71989954,0.6196425,0.6802192,0.42110562,0.37496516,0.4613479,0.30828413,0.18952201,0.18940072,0.3398837,0.53392243,0.1299722,0.22884251,-0.019803008,0.13387617,-0.07645898,0.10124753,0.66144407,0.553129,0.31162345,0.27346185,0.20369686,-0.09979799,0.05295878,0.17279254,0.16667895,0.20644283,0.115272395,-0.00062927505,0.44994432,0.5863816,0.3491154,0.3785757,0.73741573,0.6726073,0.49080482,0.5277526,0.4962109,0.47305024,0.6418627,0.7584154,0.6625832,0.76781166,0.72678536,0.755182,0.5869461,0.55731547,0.541508,0.712985,0.5532681,0.35413924,0.6050603,0.56478935,0.26175788,0.36301413,-0.12761223,0.25268093,0.5193013,0.52748716,0.6251797,0.71702623,0.66100585,0.5561512,0.3582334,0.1414161,0.4310405,0.29159033,0.55434036,0.4655353,0.54074794,0.26446414,0.43161058,0.52244836,0.4673539,0.5358946,0.36807886,0.46275806,0.61814237,0.66060215
0.013621063,0.26446593,0.8143303,1.0,0.67644167,0.45745572,0.665642,0.8522781,0.6862062,0.5864001,0.541735,0.7842141,0.6735468,0.78276217,0.60744786,0.5622428,0.64098376,0.66799957,0.4963155,0.30296397,0.6145969,0.5485742,0.77502984,0.82673043,0.15480779,0.16365448,0.3778718,0.48462746,0.6206534,0.6246931,0.6457448,0.6741814,0.5191377,0.6286091,0.5113864,0.5976832,0.6144082,0.6347119,0.63035095,0.69212484,0.47512254,0.49896306,0.22807246,0.1562879,-0.04691091,0.05426773,0.20788243,0.52772015,-0.021628723,0.015321215,-0.21713497,-0.07916532,-0.25450563,-0.055369623,0.62683934,0.7139282,0.035047647,0.07138736,0.023686215,-0.2491509,-0.14966525,-0.024002,-0.068137504,-0.01625213,-0.08015388,-0.22555122,0.17818572,0.3474964,0.23585477,0.24052721,0.70074975,0.6978397,0.49214882,0.6416428,0.5499484,0.56115675,0.50635237,0.66967666,0.51660085,0.64357084,0.56721234,0.64521927,0.6286677,0.59293705,0.4972804,0.6538074,0.5645494,0.51720744,0.6173612,0.6730611,0.27008566,0.46222544,0.009593594,0.3573736,0.5322503,0.60995764,0.6043735,0.69751817,0.5531081,0.52280533,0.4767134,0.13712053,0.36501902,0.3034992,0.50086266,0.41755876,0.3669254,0.25479358,0.4391081,0.6108991,0.54606265,0.48300105,0.276059,0.36716306,0.56022286,0.6021598
0.12460992,0.34310994,0.5907903,0.67644167,1.0,0.34800887,0.5130158,0.6195012,0.7772749,0.61977416,0.46074393,0.57319224,0.5694842,0.691705,0.70093095,0.66062516,0.50979006,0.55003476,0.4740547,0.30674404,0.67110705,0.6411788,0.45206806,0.6117795,0.03928404,0.021789357,0.2758325,0.53772545,0.5133622,0.5371661,0.5135082,0.5563498,0.5009963,0.5819917,0.46259153,0.55204254,0.5361213,0.6059264,0.6640402,0.72439325,0.43867755,0.5397382,0.2560265,0.22650574,0.06250954,0.25999776,0.40155232,0.5279028,0.118700065,0.15790226,0.002898577,0.02549652,-0.046215788,0.11295994,0.55576944,0.64945316,0.121069066,0.14245678,0.13352183,-0.23036836,0.10636757,0.11151067,0.056816816,0.14344922,0.15281795,-0.04226491,0.2293162,0.429441,0.25458202,0.3408582,0.5488128,0.6101273,0.2436284,0.4705772,0.44611606,0.47094142,0.3370155,0.54149485,0.367345,0.58363235,0.47417066,0.61109245,0.65443254,0.7307753,0.48713246,0.67519814,0.6710231,0.6047127,0.4881014,0.6706685,0.36892042,0.6053235,0.05380205,0.45623,0.37707254,0.39291003,0.51578367,0.57305384,0.55516607,0.6217174,0.39377856,0.26572204,0.46969,0.4770689,0.44561967,0.5377219,0.24160102,0.3336042,0.27532148,0.48490143,0.40421882,0.6137801,0.52430546,0.45783508,0.5561637,0.44126272
-0.48368147,-0.3476254,0.24373558,0.45745572,0.34800887,1.0,0.18797317,0.42890957,0.42357337,0.57259154,0.1566368,0.47812817,0.23127942,0.39468127,0.34031978,0.22996132,0.5794391,0.32873267,-0.048444122,-0.24971597,0.2987896,0.36631674,0.5046148,0.3402806,0.73418844,0.725095,0.8074444,0.6804626,0.45207682,0.4317867,0.337434,0.35023335,-0.03314084,0.02580756,0.18148273,0.2493223,0.41948134,0.32743576,0.5330524,0.42150992,0.5334116,0.6459868,-0.26424742,-0.3766093,-0.3819685,-0.33067665,-0.2143845,0.12608004,-0.24965292,-0.42780015,-0.5323211,-0.46726975,-0.5381661,-0.41364473,0.5098679,0.6658183,-0.41300926,-0.50285715,-0.24632838,-0.32006696,-0.50098467,-0.41308513,-0.4514184,-0.5193137,-0.54453135,-0.55595624,-0.28531516,-0.18684198,-0.05918294,-0.18760331,0.41890058,0.37376285,0.48411426,0.5500024,0.4711632,0.36520916,0.11998818,0.28643754,0.25571364,0.22664829,0.20964652,0.17545079,0.6500022,0.45916185,0.3862521,0.26047042,0.31622505,0.4854826,0.51275176,0.4891541,0.053201206,0.22225913,0.13485828,0.4098091,0.27064943,0.4201095,0.42699394,0.44064653,0.17550838,0.1565422,0.5002391,0.087518394,0.1522965,0.12805586,0.38373822,0.11185205,0.22417893,0.039381556,0.1719758,0.2520222,0.25924808,-0.0067139287,-0.15299466,0.05487402,0.2201718,0.37183547
0.43749422,0.5671042,0.83727354,0.665642,0.5130158,0.18797317,1.0,0.77816564,0.6543975,0.55614483,0.8541671,0.68850285,0.8566575,0.7737532,0.7276622,0.7344839,0.5603327,0.7106783,0.5490237,0.55962926,0.6081226,0.4127347,0.6386159,0.6689984,-0.23962428,-0.18165585,0.028640263,0.065718435,0.7156504,0.6718448,0.61534935,0.5393244,0.72493887,0.77041733,0.66951376,0.61573863,0.6879927,0.7119292,0.5813059,0.59943694,0.36894366,0.3069756,0.6022954,0.41377643,0.3559251,0.21189076,0.49700797,0.4531698,0.15744759,0.32575154,0.08440455,0.266185,-0.043394472,0.18130852,0.7084773,0.46767235,0.4754213,0.3813382,0.2852685,0.019949133,0.16158044,0.2929474,0.31876674,0.3168461,0.23601559,0.15068093,0.58594316,0.6639169,0.45519087,0.48316857,0.64610124,0.53452957,0.45409098,0.41061473,0.39033234,0.34534332,0.6528197,0.7242948,0.7365928,0.7618457,0.7670815,0.76339895,0.56237566,0.55265564,0.5861834,0.7583775,0.5192573,0.29617226,0.5980857,0.52768385,0.284658,0.26282933,-0.17022052,0.17464784,0.4069002,0.40989533,0.62433505,0.70984215,0.6516956,0.53471184,0.29411948,0.12954454,0.3886204,0.25599238,0.54024315,0.43654963,0.6114893,0.32869786,0.31641358,0.40150598,0.3981739,0.55621916,0.36705348,0.43000177,0.50043875,0.58767736
0.066937156,0.27631512,0.8459249,0.8522781,0.6195012,0.42890957,0.77816564,1.0,0.70976335,0.69359726,0.6729551,0.8486577,0.76226175,0.8562511,0.70870155,0.6787745,0.71581435,0.7770164,0.45625085,0.2853932,0.6185229,0.54817265,0.755414,0.78116435,0.061869033,0.070256494,0.28511658,0.34927985,0.7217288,0.7542657,0.6797097,0.6780598,0.56442106,0.7055162,0.6387965,0.647732,0.696146,0.7010102,0.6402318,0.6632136,0.5035159,0.49949163,0.34247497,0.1266885,0.022963867,0.02355528,0.30767342,0.4937968,-0.049224444,0.067678474,-0.17420225,-0.013619033,-0.22622679,-0.063725576,0.6596968,0.6340064,0.13882565,0.08153164,0.05880055,-0.21097042,-0.14896186,-0.009688043,-0.017905142,0.01110549,-0.014768417,-0.18111256,0.29968882,0.43304208,0.224984,0.27281824,0.7432993,0.66840976,0.5732744,0.63491434,0.5479742,0.5038416,0.6650774,0.7715745,0.63427395,0.7134017,0.68968594,0.7444024,0.6872476,0.64186823,0.5690814,0.70968324,0.58035755,0.48907134,0.6054399,0.608128,0.14906327,0.33571172,-0.071312204,0.3369055,0.45565608,0.50189465,0.6100989,0.7461938,0.5023351,0.4783418,0.42024547,0.12407346,0.42109868,0.3102098,0.61148465,0.4752729,0.50364125,0.20449857,0.29941258,0.4356538,0.4205031,0.46318024,0.2603126,0.4351672,0.59509665,0.6697336
0.19442388,0.33378866,0.68874097,0.6862062,0.7772749,0.42357337,0.6543975,0.70976335,1.0,0.82832676,0.5891028,0.6364797,0.6893256,0.7400894,0.84427994,0.8172474,0.5556655,0.65374595,0.46994454,0.31671607,0.6505789,0.6312503,0.5538501,0.6929313,0.00018996916,0.014063086,0.27375323,0.52040553,0.5930261,0.63180894,0.62778276,0.6548389,0.584232,0.6357206,0.5794393,0.5700778,0.6237288,0.7098623,0.719651,0.79928553,0.3615245,0.51535493,0.34853625,0.20237057,0.17602977,0.24055304,0.32133496,0.46792704,0.09806713,0.21512097,0.024621148,0.13569441,-0.11900854,0.117137596,0.6548086,0.6640189,0.2528073,0.13509618,0.17928407,-0.16209362,0.08485915,0.14334758,0.12227771,0.14697242,0.15910216,-0.0029235317,0.3546588,0.51311237,0.36574578,0.42260498,0.6620457,0.69374955,0.32254782,0.5276153,0.46400854,0.5292564,0.42620534,0.6490853,0.5110467,0.6578181,0.59761536,0.72531325,0.7383184,0.8093264,0.5191859,0.7622476,0.62612027,0.57916576,0.59671617,0.72770476,0.33697897,0.5383519,0.02064724,0.43090037,0.47547376,0.5301621,0.537823,0.68769294,0.6448613,0.619352,0.3077721,0.20872942,0.44608456,0.40059313,0.53673786,0.45415568,0.43723685,0.3200475,0.41050044,0.50257367,0.3915927,0.48647362,0.43620926,0.45093176,0.58310235,0.6169626
-0.022681786,0.08344475,0.5538812,0.5864001,0.61977416,0.57259154,0.55614483,0.69359726,0.82832676,1.0,0.52690905,0.6722226,0.6406289,0.69633126,0.7735738,0.7237804,0.6234955,0.64825445,0.30600408,0.074492075,0.57759917,0.6831811,0.5288942,0.6313826,0.15140831,0.18226795,0.34008318,0.5382212,0.6020644,0.6311557,0.590159,0.64654696,0.42675513,0.5276658,0.56791556,0.50562036,0.5946103,0.63950604,0.66959167,0.7017275,0.33654156,0.6307633,0.17490342,-0.0037522046,0.07039211,0.0862899,0.19354366,0.3335251,-0.07255422,0.05395444,-0.11845252,0.033809967,-0.19198033,-0.097944774,0.595394,0.6434451,0.081603386,-0.08751951,-0.003594574,-0.22447695,-0.10198252,-0.07614204,-0.070036076,-0.073514715,-0.017395655,-0.1456621,0.19173601,0.3034471,0.17235073,0.2703348,0.66559815,0.6449032,0.3708736,0.57419866,0.42375222,0.507094,0.38668716,0.60073,0.47302115,0.56001693,0.55388844,0.6322983,0.78418344,0.7900758,0.48213002,0.6571383,0.556687,0.65414196,0.5053854,0.68093383,0.14276586,0.38433015,0.13729236,0.4907824,0.27376786,0.45774236,0.3999109,0.60291475,0.47199994,0.44759515,0.31645757,0.22670807,0.43434855,0.38747725,0.6115544,0.41588345,0.5126046,0.26165104,0.28183344,0.3059441,0.23181841,0.25902838,0.25347528,0.4109752,0.55601674,0.6075764
0.4125206,0.47265953,0.75574356,0.541735,0.46074393,0.1566368,0.8541671,0.6729551,0.5891028,0.52690905,1.0,0.7080909,0.83728945,0.70666623,0.6750442,0.6994952,0.61762977,0.7874799,0.55572313,0.4620159,0.6255417,0.4175438,0.64593,0.6502692,-0.2798557,-0.1925384,0.032628298,0.047157243,0.68217576,0.6532201,0.6450384,0.54174984,0.71628875,0.7356562,0.6943044,0.6651272,0.70399165,0.6713441,0.60179293,0.5998793,0.32924697,0.3425678,0.56729436,0.4147741,0.29681402,0.27031094,0.48880795,0.512841,0.15244189,0.32222104,0.094790675,0.24909836,0.06972394,0.16395856,0.65745914,0.4335033,0.4090087,0.33399808,0.23283911,-0.046406243,0.14788793,0.19378935,0.2617563,0.2707861,0.18387221,0.11152549,0.5316593,0.6130537,0.353862,0.41507754,0.6846439,0.5567138,0.42683285,0.37489986,0.3926878,0.32116368,0.6863727,0.7209709,0.7372518,0.79223245,0.7958982,0.75005823,0.5744589,0.52761954,0.6394688,0.72620374,0.51545686,0.30987558,0.5783522,0.48410994,0.31205654,0.23617938,-0.089034,0.24837784,0.26996973,0.2529293,0.5083132,0.5934288,0.6296556,0.52988625,0.28219745,0.2578378,0.5443464,0.35912618,0.646831,0.5377169,0.6647282,0.31023917,0.24498361,0.34979838,0.28304884,0.5508256,0.41812077,0.48750338,0.58961254,0.55561745
-0.051405832,0.12662199,0.75454605,0.7842141,0.57319224,0.47812817,0.68850285,0.8486577,0.6364797,0.6722226,0.7080909,1.0,0.7385486,0.8390822,0.61759585,0.5802132,0.78174275,0.86708736,0.3906582,0.13865404,0.62512296,0.56788105,0.7903763,0.7564694,0.12539749,0.18776777,0.3404903,0.42712796,0.72097075,0.77369714,0.6674709,0.65851283,0.47571072,0.59619445,0.6071859,0.6086561,0.6508273,0.6300353,0.6511561,0.63665026,0.49312797,0.6077473,0.24780823,0.06527965,-0.08371137,-0.0055615245,0.29401192,0.579409,-0.06284037,0.013755279,-0.2927272,-0.08011835,-0.17136279,-0.20936985,0.6516594,0.6805051,-0.030905988,-0.037010662,-0.032733038,-0.3016554,-0.22708824,-0.12370684,-0.18518555,-0.116422795,-0.1746342,-0.2841624,0.21285233,0.31520095,0.124366775,0.2207538,0.7414505,0.673092,0.5788364,0.65838826,0.52883786,0.4722737,0.64889604,0.76906055,0.61551905,0.73448,0.66434497,0.71704,0.6936989,0.6200584,0.5908602,0.67705405,0.5977414,0.59647167,0.6109546,0.65771604,0.14014965,0.34028572,0.009189752,0.47904384,0.35311717,0.4315922,0.51763123,0.64314276,0.47524133,0.5008853,0.493692,0.25954947,0.5448229,0.42382738,0.72549397,0.55717355,0.4728661,0.16140883,0.2896965,0.47020844,0.40925226,0.44151115,0.28483698,0.50140464,0.66909856,0.65775806
0.27607355,0.42576465,0.774575,0.6735468,0.5694842,0.23127942,0.8566575,0.76226175,0.6893256,0.6406289,0.83728945,0.7385486,1.0,0.7947754,0.78281915,0.7573131,0.648793,0.77260435,0.5472955,0.40592164,0.66305715,0.58052844,0.6172473,0.72107226,-0.21348816,-0.17417759,0.119303755,0.21335778,0.78901553,0.74419034,0.6967707,0.67895305,0.6419939,0.70885116,0.5926358,0.5769386,0.7521685,0.78109854,0.71404594,0.7376408,0.3986196,0.4521944,0.47608346,0.33880508,0.24306996,0.22227,0.44043416,0.5427041,0.13561536,0.29064474,0.05123637,0.2268821,-0.060076676,0.08250513,0.6989801,0.5919629,0.32994056,0.2500723,0.1658369,-0.102867186,0.06913476,0.14515354,0.16035002,0.1725047,0.12583138,0.036631033,0.40419835,0.54733163,0.39360014,0.43980485,0.7590601,0.6899547,0.5175573,0.5571767,0.49350035,0.50720954,0.6822763,0.73567426,0.6974348,0.78036326,0.83046895,0.8278268,0.6604883,0.6765879,0.64287466,0.7671611,0.5323809,0.44203186,0.6095124,0.61156255,0.24856381,0.33386594,-0.041155927,0.3227233,0.35487935,0.40534386,0.55691767,0.672015,0.6097979,0.5278376,0.29386568,0.22769049,0.49437177,0.3717768,0.64449906,0.5424768,0.5742546,0.34186596,0.28110996,0.42590308,0.32690445,0.49983054,0.40389013,0.45642886,0.60459054,0.6080813
0.10830628,0.30620426,0.7760955,0.78276217,0.691705,0.39468127,0.7737532,0.8562511,0.7400894,0.69633126,0.70666623,0.8390822,0.7947754,1.0,0.7409062,0.75014144,0.689787,0.79683644,0.3948658,0.28970307,0.72292364,0.61786383,0.72767574,0.7301052,0.05104025,0.07251871,0.27557847,0.36219054,0.728974,0.8193187,0.7068926,0.6880293,0.5453115,0.6247684,0.55831057,0.6321131,0.7309363,0.7524639,0.7047808,0.6974643,0.5387291,0.548115,0.36457205,0.16454293,0.091733396,0.062637545,0.38698345,0.549712,0.010693964,0.12350323,-0.13684075,0.0010454012,-0.19097844,-0.04530077,0.74793875,0.676655,0.16002989,0.06199511,0.110384256,-0.15863004,-0.06800914,0.047467116,0.0037978527,0.04280843,-0.016892087,-0.14253417,0.30421546,0.44697958,0.25351274,0.3293954,0.70915985,0.68343735,0.5291986,0.61933494,0.58859193,0.50391656,0.6039404,0.7545326,0.62438786,0.7375489,0.68985045,0.7541698,0.70959884,0.7385976,0.6481871,0.729255,0.6405367,0.5346992,0.6563742,0.6477557,0.25322983,0.38281366,-0.07387464,0.36965838,0.47569022,0.4635179,0.63958275,0.7318091,0.55261755,0.5733075,0.3977294,0.18304983,0.49517038,0.384285,0.5975864,0.5205565,0.47370422,0.2214783,0.27957013,0.47646797,0.38528094,0.56214005,0.3370206,0.46072808,0.62810326,0.6338126
0.27317676,0.40351644,0.68042886,0.60744786,0.70093095,0.34031978,0.7276622,0.70870155,0.84427994,0.7735738,0.6750442,0.61759585,0.78281915,0.7409062,1.0,0.89697146,0.59496933,0.692322,0.5118465,0.36791757,0.6591241,0.5941573,0.49734706,0.66759974,-0.13396144,-0.13109025,0.1807616,0.3591332,0.6780969,0.6411225,0.6640759,0.6539256,0.6470172,0.7132934,0.60952216,0.59138376,0.7169565,0.7541596,0.74242806,0.780546,0.3933648,0.5055152,0.43546715,0.30976304,0.2646525,0.28952885,0.42876282,0.48044434,0.09441715,0.27452052,0.15058938,0.2432407,-0.0010660036,0.16613309,0.5997229,0.55530035,0.36813396,0.19165374,0.19051592,-0.0609906,0.090458095,0.15667313,0.18373674,0.19532862,0.21008517,0.052714124,0.39651203,0.56565547,0.36153647,0.4006122,0.6984405,0.6693985,0.33700925,0.44304457,0.48323157,0.50485367,0.49949512,0.60201865,0.58621675,0.6602617,0.753445,0.7768218,0.78365946,0.85209364,0.65904146,0.7714854,0.5080305,0.47503394,0.54195553,0.63064444,0.31865567,0.39645335,-0.010361333,0.47607818,0.30843794,0.379576,0.4793847,0.6368813,0.53960043,0.5595604,0.32906073,0.12009458,0.53250027,0.4372203,0.6262685,0.5340977,0.5464738,0.37468398,0.19367109,0.29589263,0.22898097,0.51062304,0.4396701,0.5101036,0.6369957,0.627898
0.3713649,0.46413526,0.67657673,0.5622428,0.66062516,0.22996132,0.7344839,0.6787745,0.8172474,0.7237804,0.6994952,0.5802132,0.7573131,0.75014144,0.89697146,1.0,0.51323307,0.67297846,0.5245852,0.43614817,0.67086583,0.5649038,0.48694935,0.62643284,-0.20595723,-0.22089007,0.098195374,0.23139694,0.6157925,0.6459287,0.66942626,0.621993,0.6822229,0.70199835,0.5645429,0.5852831,0.72348094,0.75457555,0.6895807,0.7546142,0.36530557,0.3979517,0.51296777,0.35523668,0.36338234,0.332015,0.4615902,0.4801998,0.18461457,0.3578326,0.22152518,0.27583903,0.056820046,0.23133494,0.62451786,0.5110925,0.44486102,0.2557292,0.26094618,0.009144828,0.1986838,0.23106287,0.29084107,0.27421674,0.28067943,0.14455292,0.4653747,0.6291865,0.4309556,0.45493048,0.6730816,0.6503149,0.30539364,0.39120153,0.49398214,0.47746205,0.5163947,0.60449415,0.59394747,0.67385626,0.72450584,0.7673987,0.715031,0.8228822,0.66267604,0.7727504,0.49481317,0.39993843,0.55160934,0.5938426,0.36080235,0.3965072,-0.08660412,0.35360348,0.36060768,0.3594769,0.49828735,0.64410096,0.5881972,0.6203014,0.2561042,0.11819635,0.5471613,0.4383401,0.59264994,0.53695863,0.5508182,0.37485835,0.2294891,0.32486683,0.23294733,0.5890166,0.47457612,0.51981825,0.6473876,0.61354864
-0.27832088,-0.14607337,0.63679546,0.64098376,0.50979006,0.5794391,0.5603327,0.71581435,0.5556655,0.6234955,0.61762977,0.78174275,0.648793,0.689787,0.59496933,0.51323307,1.0,0.8005348,0.2278214,-0.09941493,0.5412801,0.53415054,0.75297564,0.67902815,0.28800377,0.2962517,0.5132601,0.4559711,0.7652568,0.67916965,0.6932043,0.6862628,0.3093508,0.42024097,0.53703946,0.5737457,0.6728087,0.5614529,0.7105432,0.6088741,0.60886663,0.70167726,0.015759269,-0.13362613,-0.26753953,-0.10477708,0.08717463,0.46113417,-0.1374629,-0.21219288,-0.42493257,-0.28474662,-0.30145973,-0.2964046,0.57570666,0.66934353,-0.2294565,-0.2998786,-0.18756577,-0.43959528,-0.4338391,-0.39196563,-0.38986006,-0.3768651,-0.35985464,-0.4726647,-0.047134258,0.096411064,-0.052509475,0.030563878,0.77766114,0.67873293,0.6570723,0.65764505,0.623643,0.5208572,0.5974015,0.6524774,0.6270975,0.6440212,0.7093542,0.58387727,0.75879586,0.6433149,0.67661196,0.5387662,0.47023368,0.54772973,0.562613,0.57297224,0.094632685,0.19607885,0.031451494,0.5323084,0.2890612,0.36644924,0.4996545,0.5939801,0.28566885,0.27489626,0.48737577,0.24110444,0.42845818,0.27561805,0.6823362,0.46234027,0.49367356,0.11368857,0.0787541,0.27811944,0.29926842,0.24140376,0.072713934,0.34692356,0.57729924,0.61156344
0.081876636,0.19809113,0.75202495,0.66799957,0.55003476,0.32873267,0.7106783,0.7770164,0.65374595,0.64825445,0.7874799,0.86708736,0.77260435,0.79683644,0.692322,0.67297846,0.8005348,1.0,0.42896512,0.19050899,0.6492251,0.54793876,0.71878815,0.7203744,-0.043914232,-0.0016735902,0.2339848,0.29377365,0.72725827,0.75215954,0.68826944,0.65398675,0.55927867,0.6308183,0.6663112,0.6815662,0.67641944,0.6412292,0.6638057,0.6499358,0.46739712,0.53210074,0.35264164,0.18170163,0.025101533,0.11668826,0.33569142,0.62957495,0.059162356,0.13214034,-0.13588779,0.012943105,-0.014193255,-0.08329024,0.5852473,0.57664675,0.086835474,0.08208644,0.040391304,-0.2519072,-0.13614798,-0.06167577,-0.0808205,-0.00598211,-0.07498673,-0.1426383,0.32629216,0.44286457,0.18843356,0.31000385,0.7558819,0.6830286,0.508636,0.5395009,0.48037735,0.4264491,0.7051064,0.79145426,0.6889738,0.83506614,0.77288,0.79517186,0.6872948,0.64608157,0.6492918,0.6969763,0.5602469,0.5187919,0.5463287,0.5730672,0.17165408,0.27253398,-0.019064607,0.45938522,0.31178296,0.35074246,0.45302057,0.58911526,0.4842455,0.50443614,0.3762279,0.29053944,0.6011316,0.4289868,0.760373,0.6122602,0.5781818,0.17980394,0.24030204,0.3888557,0.3306921,0.4541735,0.33267096,0.5295273,0.7186432,0.67325693
0.54145753,0.6456567,0.579869,0.4963155,0.4740547,-0.048444122,0.5490237,0.45625085,0.46994454,0.30600408,0.55572313,0.3906582,0.5472955,0.3948658,0.5118465,0.5245852,0.2278214,0.42896512,1.0,0.71342677,0.38931915,0.25669545,0.30930638,0.59532964,-0.42622018,-0.41528082,-0.09742042,0.04450736,0.25354865,0.20517561,0.4435426,0.40948012,0.79614747,0.7638008,0.4732805,0.55619025,0.3586343,0.40329885,0.38007644,0.5542711,-0.028897721,0.02760375,0.5610117,0.62560916,0.49359939,0.6351392,0.45833376,0.46552524,0.28849053,0.49638417,0.41659483,0.518651,0.31884566,0.4981426,0.2409818,0.24585573,0.5164118,0.575736,0.37638193,0.106468454,0.4124752,0.37361938,0.48454762,0.51748675,0.42471594,0.34109053,0.48972479,0.6670958,0.45505816,0.42601416,0.4981877,0.48246086,-0.01823302,0.16584763,0.18969034,0.3903015,0.33472118,0.3231418,0.35737672,0.5318525,0.5101302,0.60008377,0.35894695,0.3824426,0.34632894,0.58939916,0.35964474,0.13717674,0.35043952,0.4007125,0.477652,0.4362682,0.060181525,0.2116273,0.12746452,0.16723093,0.18068096,0.29850417,0.5131,0.5583723,0.25920075,0.21964839,0.51440156,0.42451715,0.44694522,0.44596508,0.47827324,0.63296014,0.24105024,0.29148275,0.20828938,0.573684,0.5913639,0.4764943,0.5193701,0.34797913
0.81431764,0.88256717,0.46961492,0.30296397,0.30674404,-0.24971597,0.55962926,0.2853932,0.31671607,0.074492075,0.4620159,0.13865404,0.40592164,0.28970307,0.36791757,0.43614817,-0.09941493,0.19050899,0.71342677,1.0,0.29399237,0.05142801,0.10803372,0.28310946,-0.5551436,-0.522244,-0.32123396,-0.25736916,0.16143975,0.15284856,0.16062619,0.08635818,0.70978206,0.6228606,0.34208193,0.36206084,0.25051463,0.35582283,0.131532,0.28131548,-0.05187548,-0.21964338,0.7368552,0.6862864,0.7264167,0.51219296,0.5339088,0.27436927,0.43485856,0.5812786,0.5422159,0.5952965,0.29288882,0.6013179,0.26677367,0.016336245,0.7873531,0.8066321,0.5483141,0.45080602,0.66054887,0.72165835,0.7506063,0.76453984,0.5931004,0.6093872,0.7537204,0.79265547,0.68680465,0.56463903,0.18062712,0.15400153,-0.12857208,-0.071070805,-0.0017589075,0.06584127,0.23258716,0.2529916,0.3085782,0.42810753,0.32668886,0.45420498,0.087268636,0.16492763,0.14412475,0.4706941,0.23043615,-0.09752145,0.21762782,0.1561668,0.371122,0.27335012,-0.19512548,-0.18434216,0.22435404,0.13707398,0.2646089,0.26249138,0.5482096,0.486256,0.007851794,0.0567925,0.25160792,0.18817523,0.12111786,0.23915768,0.315185,0.39164436,0.32883665,0.31878388,0.29302412,0.59696615,0.46472302,0.32473648,0.25322747,0.19748382
0.18153697,0.2935292,0.649164,0.6145969,0.67110705,0.2987896,0.6081226,0.6185229,0.6505789,0.57759917,0.6255417,0.62512296,0.66305715,0.72292364,0.6591241,0.67086583,0.5412801,0.6492251,0.38931915,0.29399237,1.0,0.7464836,0.61136174,0.60170305,0.02275131,0.08236357,0.2994233,0.38880402,0.5713605,0.6388538,0.5875644,0.5517598,0.5722173,0.5378075,0.47971767,0.633002,0.66470593,0.6502661,0.6370009,0.6486557,0.45576906,0.49344814,0.33088776,0.2899346,0.104820155,0.21713334,0.31160063,0.5220853,0.06423643,0.19565742,0.048282396,0.036591504,-0.0014389637,0.07909067,0.6247365,0.5816788,0.2030683,0.10293417,0.1292012,-0.090957955,0.09934257,0.078811504,0.11202296,0.11883281,0.07330267,-0.020004593,0.28116927,0.47720024,0.21685207,0.31041175,0.5510426,0.5426844,0.36795244,0.41164327,0.5171957,0.35531297,0.46774024,0.6428098,0.49250314,0.67177856,0.5943692,0.59327936,0.67146057,0.6502013,0.6317711,0.5600822,0.6606094,0.54702693,0.57849663,0.5288976,0.39525223,0.40389025,0.04665832,0.3175496,0.4202748,0.38785353,0.51591253,0.5326267,0.5784965,0.5883632,0.37402764,0.36118564,0.50374675,0.39238876,0.4866328,0.45872754,0.44167137,0.26202643,0.32256606,0.494574,0.30664447,0.56582314,0.40413624,0.33028787,0.5352003,0.49154058
-0.06904364,0.03716428,0.49644822,0.5485742,0.6411788,0.36631674,0.4127347,0.54817265,0.6312503,0.6831811,0.4175438,0.56788105,0.58052844,0.61786383,0.5941573,0.5649038,0.53415054,0.54793876,0.25669545,0.05142801,0.7464836,1.0,0.4688215,0.57394165,0.16231638,0.20096524,0.2582653,0.5692552,0.49049187,0.5768771,0.5601034,0.6600536,0.33707666,0.40118253,0.33016834,0.3783461,0.5428645,0.6075614,0.59945744,0.6623141,0.28507546,0.6289356,0.08800067,0.027751997,0.03562576,0.17171681,0.21305044,0.42804182,0.010790185,0.11318098,-0.048026346,0.012470392,-0.11023077,-0.103024945,0.53860545,0.6661088,0.007354918,-0.12034125,-0.04761741,-0.17648369,0.023930257,-0.047635645,-0.079180956,-0.053813104,0.024675578,-0.10648881,0.06490014,0.23602694,0.084358476,0.29325342,0.5835805,0.64615613,0.30333167,0.5913012,0.46758324,0.5764954,0.2787465,0.5221476,0.37698457,0.55362093,0.4463946,0.54412264,0.6441494,0.7083256,0.44128603,0.52471364,0.6211835,0.762003,0.39323995,0.6545905,0.2517287,0.5272135,0.15324503,0.48755655,0.2726136,0.4450038,0.39131835,0.48673755,0.4751699,0.52990717,0.2213896,0.2871744,0.47319153,0.51162547,0.48442358,0.46327206,0.30404565,0.21574286,0.3445038,0.41584033,0.28086638,0.37395307,0.34724686,0.40935674,0.5378766,0.45973915
-0.08619682,0.05042363,0.77118504,0.77502984,0.45206806,0.5046148,0.6386159,0.755414,0.5538501,0.5288942,0.64593,0.7903763,0.6172473,0.72767574,0.49734706,0.48694935,0.75297564,0.71878815,0.30930638,0.10803372,0.61136174,0.4688215,1.0,0.78236943,0.27615812,0.31938607,0.4809981,0.39910537,0.6084202,0.6474181,0.7395701,0.65280867,0.4675329,0.49291474,0.51489884,0.6568296,0.67574096,0.5784933,0.6119962,0.5832932,0.55285776,0.5044734,0.15575123,0.012879935,-0.14993373,-0.07792769,0.054075774,0.43549758,-0.10879623,-0.12784569,-0.3771773,-0.2525688,-0.30055064,-0.14232819,0.6736897,0.64659846,-0.09095593,-0.12786075,-0.05207487,-0.28894714,-0.31183875,-0.20436391,-0.202522,-0.18956053,-0.29537156,-0.36878604,0.06606698,0.21635266,0.027390422,0.071983404,0.7105077,0.64769125,0.58843476,0.5917119,0.6422982,0.47307822,0.545077,0.6611882,0.6108592,0.6237248,0.6152255,0.5164151,0.6509576,0.5100495,0.623661,0.49465078,0.51974213,0.44660223,0.7104731,0.53519934,0.22142068,0.24069735,-0.03544583,0.3105158,0.50972277,0.47116125,0.5955192,0.62951314,0.4432256,0.3798869,0.4654927,0.19421151,0.3809499,0.21391863,0.5285499,0.3475588,0.46093214,0.10814947,0.31903282,0.47454295,0.3638389,0.36334404,0.10280419,0.27350312,0.51356584,0.5775824
0.084879726,0.25910887,0.8028402,0.82673043,0.6117795,0.3402806,0.6689984,0.78116435,0.6929313,0.6313826,0.6502692,0.7564694,0.72107226,0.7301052,0.66759974,0.62643284,0.67902815,0.7203744,0.59532964,0.28310946,0.60170305,0.57394165,0.78236943,1.0,-0.012873295,0.024806961,0.27301612,0.4157128,0.54647106,0.52395093,0.81978923,0.8296309,0.63214546,0.71692306,0.5584766,0.67395836,0.64588916,0.63522834,0.66806495,0.7607168,0.3275502,0.45825014,0.256167,0.24302477,0.05551849,0.23020111,0.17982532,0.5071102,0.007622002,0.101252936,-0.098971605,0.07674791,-0.077079676,0.08286645,0.55626655,0.62754047,0.0831061,0.09601723,-0.0027268329,-0.2828747,-0.094231494,-0.08474614,-0.013261637,0.036173508,-0.015379006,-0.18646967,0.14658764,0.35315886,0.10981751,0.1988711,0.80351746,0.80703235,0.35732263,0.573513,0.5712358,0.65834916,0.4611383,0.5788886,0.5049309,0.63899744,0.67952776,0.66199416,0.67824054,0.64896744,0.5683288,0.6399017,0.48739442,0.4821918,0.59812653,0.654335,0.30460098,0.42472404,0.042692687,0.40680972,0.3549373,0.42979494,0.41995052,0.5614932,0.50028574,0.49196163,0.38808712,0.23834977,0.508904,0.38084483,0.58817077,0.46669713,0.54976493,0.3685873,0.28588635,0.41744658,0.30889267,0.4322673,0.3145982,0.41686845,0.65538424,0.6024157
-0.7237405,-0.6280322,-0.12730676,0.15480779,0.03928404,0.73418844,-0.23962428,0.061869033,0.00018996916,0.15140831,-0.2798557,0.12539749,-0.21348816,0.05104025,-0.13396144,-0.20595723,0.28800377,-0.043914232,-0.42622018,-0.5551436,0.02275131,0.16231638,0.27615812,-0.012873295,1.0,0.88760287,0.7546118,0.591543,0.092363276,0.13114485,0.054698333,0.06369506,-0.45154464,-0.42432132,-0.26036957,-0.09566097,0.08906872,-0.044579152,0.16681018,0.010135695,0.4013695,0.4183872,-0.5347828,-0.60189974,-0.57531255,-0.51235896,-0.42348808,-0.11856604,-0.33910772,-0.6193136,-0.6390844,-0.7202664,-0.5462323,-0.507374,0.1880829,0.3858297,-0.66633904,-0.70420337,-0.3573212,-0.29300538,-0.6110342,-0.53427035,-0.6158357,-0.6624076,-0.64510864,-0.6176565,-0.57317233,-0.5302857,-0.3548747,-0.43225756,0.035235927,0.05716728,0.33650628,0.35633543,0.3180587,0.15554588,-0.15313438,-0.02694132,-0.081466466,-0.13179213,-0.19599983,-0.2655078,0.2547177,0.08728646,0.10808521,-0.19063291,0.09244018,0.32756,0.21532238,0.15881099,-0.056637783,0.021489626,0.13384126,0.23133276,0.19790407,0.26113734,0.22502077,0.1373039,-0.17720427,-0.11908579,0.30589452,-0.032580435,-0.11672546,-0.060612522,0.0040350095,-0.13773055,-0.18448576,-0.24269229,0.039123785,0.10974227,0.113852665,-0.22113745,-0.370805,-0.2233912,-0.12324821,0.021819254
-0.6433649,-0.5849254,-0.08322789,0.16365448,0.021789357,0.725095,-0.18165585,0.070256494,0.014063086,0.18226795,-0.1925384,0.18776777,-0.17417759,0.07251871,-0.13109025,-0.22089007,0.2962517,-0.0016735902,-0.41528082,-0.522244,0.08236357,0.20096524,0.31938607,0.024806961,0.88760287,1.0,0.7028547,0.59612614,0.09911219,0.1375897,0.03764041,0.039275873,-0.40923774,-0.3745928,-0.16465952,-0.05214714,0.098888904,-0.021896912,0.17430839,0.016581468,0.36518252,0.44720495,-0.49961504,-0.5277539,-0.546157,-0.49773303,-0.40978262,-0.100378,-0.3401457,-0.58259296,-0.6365082,-0.6610941,-0.5105585,-0.49201578,0.23791955,0.3892121,-0.60851824,-0.65881497,-0.37504378,-0.3024437,-0.5378878,-0.49633652,-0.57710624,-0.62729615,-0.6323457,-0.59150684,-0.50170916,-0.50589585,-0.35089445,-0.42227158,0.015601034,0.032269873,0.30771387,0.30594584,0.25025383,0.090411,-0.1395555,0.026738387,-0.04956123,-0.09659297,-0.1929447,-0.25446072,0.26547474,0.06429431,0.09104161,-0.17272076,0.13060834,0.37085855,0.24263021,0.18700798,-0.038751703,0.039064705,0.16278283,0.23228641,0.17136165,0.26750064,0.2037819,0.11668389,-0.10216495,-0.07328877,0.31450558,0.07213912,-0.05999216,-0.030247241,0.07153814,-0.11077178,-0.10176032,-0.24954495,0.10620675,0.15333486,0.13949871,-0.20109679,-0.33924606,-0.17958122,-0.081111066,0.05561924
-0.5725767,-0.41832557,0.14265347,0.3778718,0.2758325,0.8074444,0.028640263,0.28511658,0.27375323,0.34008318,0.032628298,0.3404903,0.119303755,0.27557847,0.1807616,0.098195374,0.5132601,0.2339848,-0.09742042,-0.32123396,0.2994233,0.2582653,0.4809981,0.27301612,0.7546118,0.7028547,1.0,0.66894394,0.35105157,0.3352339,0.31357765,0.2939025,-0.15128481,-0.153679,-0.024799626,0.20678052,0.3501706,0.19729628,0.47634977,0.34443033,0.59086126,0.5390777,-0.37911707,-0.39141834,-0.5000399,-0.32214335,-0.40073395,0.076377474,-0.22210045,-0.49296072,-0.5561254,-0.602375,-0.51421887,-0.3924615,0.37668544,0.5842184,-0.54276156,-0.54580986,-0.28927687,-0.40757236,-0.567269,-0.50601554,-0.5319242,-0.5967773,-0.6320017,-0.65284675,-0.46648416,-0.30738324,-0.15505195,-0.2859518,0.35775268,0.34312853,0.4733367,0.4612195,0.54513997,0.32709557,0.08653955,0.17099935,0.12296058,0.12302279,0.14074832,0.023695815,0.53511506,0.3242026,0.40620646,0.0624154,0.18057044,0.36128926,0.50890845,0.3475227,0.08097006,0.14387548,0.197273,0.3070594,0.3191994,0.31892154,0.34150755,0.25470948,0.018128574,0.0375587,0.48124814,0.20495565,0.109653,0.049915697,0.25147763,0.062118873,0.06476542,-0.04861925,0.08005473,0.27846363,0.18100631,-0.025160415,-0.19946724,-0.12703128,0.13277581,0.22040242
-0.45844087,-0.28347477,0.2164597,0.48462746,0.53772545,0.6804626,0.065718435,0.34927985,0.52040553,0.5382212,0.047157243,0.42712796,0.21335778,0.36219054,0.3591332,0.23139694,0.4559711,0.29377365,0.04450736,-0.25736916,0.38880402,0.5692552,0.39910537,0.4157128,0.591543,0.59612614,0.66894394,1.0,0.31749,0.31311795,0.35565633,0.46183628,-0.030677103,0.06108529,0.12594411,0.18971284,0.25409392,0.2656107,0.50224704,0.48839402,0.31471452,0.6571163,-0.25531998,-0.22997293,-0.37643677,-0.088466786,-0.12581381,0.20130272,-0.14537749,-0.22038667,-0.35152036,-0.30529568,-0.28146005,-0.30547398,0.3360985,0.64157474,-0.41922334,-0.4033181,-0.26688156,-0.38303968,-0.31425664,-0.2950427,-0.4058307,-0.36608255,-0.31799254,-0.45591772,-0.29154557,-0.13755612,-0.13360904,-0.04616094,0.41569117,0.50811976,0.28526783,0.56358665,0.36469513,0.47720888,0.023132252,0.26795718,0.09956574,0.21893616,0.09503581,0.20167217,0.58105767,0.54458576,0.24743801,0.282351,0.3904693,0.6887735,0.34813115,0.60053474,0.19839558,0.50220454,0.3268842,0.606896,0.27440843,0.45507914,0.2666856,0.31715533,0.21876864,0.31350738,0.44034216,0.2609649,0.2730005,0.3725433,0.33590856,0.26588848,-0.0027835907,0.10726652,0.28784955,0.4062355,0.3156719,0.12778589,0.13084103,0.19306527,0.30900946,0.28632614
-0.025548134,0.1596237,0.67110795,0.6206534,0.5133622,0.45207682,0.7156504,0.7217288,0.5930261,0.6020644,0.68217576,0.72097075,0.78901553,0.728974,0.6780969,0.6157925,0.7652568,0.72725827,0.25354865,0.16143975,0.5713605,0.49049187,0.6084202,0.54647106,0.092363276,0.09911219,0.35105157,0.31749,1.0,0.82172287,0.5345109,0.55004644,0.35138,0.47489023,0.54480296,0.4399634,0.7443447,0.72392076,0.693998,0.6130278,0.61375505,0.63281965,0.28405753,0.017885178,-0.030078216,-0.09423842,0.30877373,0.43946227,0.04093094,-0.0151007995,-0.2443943,-0.118203156,-0.2769509,-0.22111465,0.6972537,0.63071495,0.07132433,-0.017436927,0.037386212,-0.17780763,-0.1957412,-0.06981732,-0.15639137,-0.10823015,-0.15340394,-0.21606496,0.25830716,0.30863342,0.25076377,0.28771296,0.67706144,0.55500394,0.77456385,0.64844036,0.5404365,0.4004603,0.7004512,0.7633804,0.6405499,0.68990046,0.76730233,0.7106959,0.6873036,0.6260435,0.6145621,0.6764,0.4652217,0.46739915,0.5420987,0.5632279,0.042092986,0.19994369,-0.0631607,0.3685666,0.4104905,0.4945407,0.6475131,0.72143996,0.45033118,0.34392616,0.41528225,0.16230932,0.32298875,0.21476941,0.60888046,0.45118827,0.3877456,0.07020362,0.23596647,0.41818213,0.43810228,0.33170268,0.1512425,0.35574034,0.4808635,0.6000717
-0.0070172613,0.15031245,0.6684001,0.6246931,0.5371661,0.4317867,0.6718448,0.7542657,0.63180894,0.6311557,0.6532201,0.77369714,0.74419034,0.8193187,0.6411225,0.6459287,0.67916965,0.75215954,0.20517561,0.15284856,0.6388538,0.5768771,0.6474181,0.52395093,0.13114485,0.1375897,0.3352339,0.31311795,0.82172287,1.0,0.557766,0.55214906,0.35176605,0.42971963,0.4481303,0.450198,0.72857535,0.763821,0.6634581,0.6232999,0.6126602,0.5947808,0.29596633,-0.009439419,0.0074324217,-0.08282798,0.32475814,0.49587557,0.06261784,0.05219855,-0.23317409,-0.1496217,-0.29286376,-0.21698277,0.76815325,0.69451135,0.07144517,-0.05018327,0.0936749,-0.09719719,-0.14006218,0.01142558,-0.111159734,-0.089978784,-0.13771659,-0.18652217,0.28239217,0.36495808,0.30962163,0.33894503,0.62597555,0.56909806,0.72599953,0.69547564,0.6106402,0.42931822,0.68078464,0.7816169,0.6182971,0.7179877,0.6811726,0.73951626,0.66781616,0.6473993,0.60978985,0.6716586,0.59874386,0.5413309,0.6191684,0.5766611,0.056598336,0.26342916,-0.13612957,0.31635585,0.5056994,0.51440793,0.70143074,0.75261575,0.4889513,0.44522095,0.29158843,0.18984832,0.3808418,0.2919487,0.5891069,0.4612205,0.33729154,0.0063550947,0.3353218,0.5052214,0.41655588,0.42276955,0.20969248,0.4115132,0.5229861,0.60475934
0.015062874,0.13505247,0.6814692,0.6457448,0.5135082,0.337434,0.61534935,0.6797097,0.62778276,0.590159,0.6450384,0.6674709,0.6967707,0.7068926,0.6640759,0.66942626,0.6932043,0.68826944,0.4435426,0.16062619,0.5875644,0.5601034,0.7395701,0.81978923,0.054698333,0.03764041,0.31357765,0.35565633,0.5345109,0.557766,1.0,0.86859876,0.5342381,0.5660001,0.41845423,0.6040251,0.720351,0.6436039,0.7170291,0.73015344,0.37994,0.45953515,0.22238007,0.16217896,0.07147645,0.23046799,0.17692322,0.4756509,-0.048770994,0.08485186,-0.06572054,0.030412186,-0.06787748,0.07896992,0.5748993,0.5764851,0.06350521,-0.070275694,0.019913727,-0.23725216,-0.1284564,-0.14485343,-0.039774355,-0.0646314,-0.038011767,-0.20863321,0.045017503,0.2868985,0.066971995,0.14204052,0.81668705,0.81801075,0.39248335,0.5834137,0.67112416,0.6968435,0.47021008,0.5113778,0.57743627,0.6039136,0.69885904,0.59663635,0.6974993,0.6944217,0.6936719,0.5484699,0.41172773,0.3987999,0.6090333,0.58508795,0.3602672,0.34387252,-0.008578753,0.41003087,0.33340356,0.3294695,0.4710315,0.5544956,0.4044131,0.46561414,0.3366323,0.14165862,0.5212521,0.36556444,0.5617244,0.4440079,0.5572663,0.3485944,0.13007264,0.29076073,0.18801817,0.423163,0.2683034,0.33238235,0.60643625,0.54885775
-0.10290512,0.055899665,0.6560711,0.6741814,0.5563498,0.35023335,0.5393244,0.6780598,0.6548389,0.64654696,0.54174984,0.65851283,0.67895305,0.6880293,0.6539256,0.621993,0.6862628,0.65398675,0.40948012,0.08635818,0.5517598,0.6600536,0.65280867,0.8296309,0.06369506,0.039275873,0.2939025,0.46183628,0.55004644,0.55214906,0.86859876,1.0,0.42777708,0.52371335,0.3776396,0.47617152,0.6204994,0.63818985,0.6871762,0.75513476,0.2778154,0.5574028,0.11025941,0.046550877,0.023499522,0.20160957,0.11670979,0.4152668,-0.020984102,0.06859225,-0.112027824,0.04396667,-0.12800124,-0.013033856,0.51789075,0.6256832,-0.02399423,-0.1164133,-0.06484911,-0.26343104,-0.16753396,-0.15856315,-0.11332393,-0.092078865,-0.033392593,-0.22499622,-0.0075363847,0.21240994,0.040758938,0.18107696,0.8456735,0.887184,0.40190744,0.718551,0.61851925,0.80444944,0.39872697,0.5031007,0.44522882,0.56150895,0.6172757,0.6204029,0.6642894,0.7211959,0.51844805,0.57431006,0.38438952,0.4946496,0.4772671,0.6507535,0.26246995,0.4245874,0.09168597,0.5074328,0.28783786,0.42157537,0.40480867,0.5447612,0.4073834,0.449746,0.31300732,0.17532076,0.4944514,0.4259075,0.5503377,0.47885135,0.47905472,0.3427474,0.20529509,0.33856872,0.23895667,0.33213353,0.2682982,0.41402552,0.6358581,0.5614827
