1.0,0.43783087,0.57113004,0.5057033,-0.2847663,0.29191813,0.66394264,0.385991,-0.024261829,-0.17863388,0.66733015,0.34313488,0.62066877,-0.12745695,-0.0022046159,-0.1297993,0.43640333,0.077808246,0.6950834,0.660754,-0.14474604,-0.43096307,0.5868245,-0.19453056,0.19266647,-0.40166909,-0.14179939,0.045644272,0.17128494,0.18474297,0.30456433,-0.21310885,0.73918974,0.4930643,0.47021714,0.24363717,0.06996811,-0.24409333,0.16227837,-0.12106414,0.07778933,-0.17679751,0.28625998,0.19621877,0.3954929,0.035861697,0.16973291,0.0040972913,0.10736407,0.029181335,0.32707888,-0.0668725,0.14371765,-0.21206503,0.028438812,-0.27350858,0.8001741,0.12015544,0.19971198,-0.17099826,0.5966104,-0.115123056,0.6954576,-0.21407162,0.43139616,-0.15608248,0.41761875,0.40654492,0.34179533,0.28261513,0.12700272,-0.1339361,-0.16084245,0.11147551,0.26444384,-0.22561046,-0.17473538,0.0030298622,0.46322012,0.25706303,0.59362376,-0.17213893,0.08802072,-0.38274115,0.43217984,-0.44538668,0.07422187,-0.5317206,0.24275555,-0.49144864,0.098331265,-0.15382232,-0.028008677,-0.2559975,0.18304133,0.10735899,0.1589254,-0.032344922,0.02207737,-0.3187467,0.14230184,-0.26568624,0.0073721507,-0.26269755,-0.08204518,0.0902177,0.11925957,-0.103113055,0.10041066,0.057688773,0.026695697,-0.112371124,-0.4986375,-0.0024326385,0.118085004,0.041057557
0.43783087,1.0,0.19042291,0.59543556,-0.08233301,-0.26121825,0.46693382,0.51464945,-0.083512396,-0.03462534,0.16417867,0.60319847,0.31315938,0.42210764,-0.16296051,0.06827364,0.42153335,0.387729,0.615832,0.5720073,-0.35341564,-0.21254383,0.069201894,0.43721208,-0.23278087,-0.17042385,0.03922121,-0.16809592,0.16817833,0.23196653,-0.080794856,0.13569893,0.35293818,0.5353157,0.083237864,0.19877358,0.042207453,-0.01301396,0.008652647,-0.066081345,-0.17633416,-0.18844771,0.22799203,0.20482878,0.32830536,0.216711,-0.02819526,0.024366891,0.057191372,0.31846803,0.10553636,0.18815152,0.104878016,-0.14089178,-0.2981791,-0.16000296,0.45033562,0.7548816,0.19595201,0.2574258,0.14950182,0.3386083,0.17917432,0.4983284,0.118867666,0.4268101,0.45415872,0.4458896,0.547273,0.5920033,-0.118423425,0.08685617,-0.10516454,-0.020491397,-0.17442203,0.014251799,0.07619713,0.01609695,0.333767,0.20641457,0.063134685,0.50287515,-0.3917792,0.03337325,-0.21874884,0.24576451,-0.41559958,-0.16458297,-0.13784325,0.098267995,-0.15953153,-0.011426592,-0.02392741,0.1011503,-0.004845267,-0.08182954,-0.09235685,-0.2176941,-0.3012661,-0.23699446,-0.02146003,0.04637269,-0.08357134,-0.08556545,-0.22459264,-0.063825525,-0.10708803,-0.30628207,0.08766339,-0.15320653,-0.15132721,-0.21261156,-0.19662608,-0.32495356,-0.17087008,-0.0052181077
0.57113004,0.19042291,1.0,0.6022209,0.18429959,0.42563578,0.6537702,0.45152792,0.47329944,0.20157903,0.5754426,0.25896087,0.46645603,-0.06750834,0.25776488,0.12796135,0.45737576,0.21647806,0.5524081,0.49681073,0.12986898,-0.06671625,0.6902139,0.079329394,0.37725168,0.026241798,0.15454966,0.2700001,0.18636186,0.19298925,0.50360537,0.13228361,0.6286059,0.38242856,0.56210434,0.30749738,0.14007688,-0.057101294,0.29110923,0.096203655,0.25043494,0.0432322,0.02745967,-0.011866318,0.1589041,-0.20434499,0.0700168,0.002546675,-0.14794227,-0.16367888,-0.07964926,-0.28587043,-0.1825466,-0.41600087,0.27676123,0.045943208,0.40552297,-0.10368245,-0.1323507,-0.50424325,0.2734997,-0.21338393,0.25843474,-0.36361,0.08492771,-0.35347176,0.0874658,0.13933751,0.28244102,-0.015871083,0.07882608,-0.09938396,-0.057942268,0.011830988,0.18851219,-0.13620807,-0.15175089,-0.0730779,0.3805505,0.2880511,0.6753975,-0.10428127,0.44580352,-0.08797068,0.44431883,-0.3170247,0.41154608,-0.17419426,0.27604008,-0.16276228,-0.05089075,-0.05354061,-0.27225724,-0.0371314,0.2978862,0.20016219,0.21242175,0.057869818,0.055328622,-0.15412982,0.15245923,-0.20452848,-0.1908216,-0.083703086,0.12963682,0.015466467,0.15984151,0.19876347,-0.09075418,0.25551593,0.1188482,0.02168131,-0.20481054,0.3420806,0.24745163,-0.04594621
0.5057033,0.59543556,0.6022209,1.0,0.009364648,0.01655099,0.59023964,0.6454066,0.14967585,0.086795114,0.22317733,0.42022824,0.31060043,0.21738699,-0.12220334,-0.025177235,0.35410595,0.27668437,0.7341878,0.7007294,-0.21906449,-0.2208778,0.40706143,0.44053936,0.01984752,-0.089234024,0.023344342,-0.05872166,0.03908299,0.10109389,0.08296123,0.14363694,0.47520316,0.48574948,0.28542402,0.28038165,0.017119288,-0.11767572,0.08421755,-0.028478848,-0.104657486,-0.18212906,0.19157062,0.14745088,0.3450381,0.03289041,0.09389093,0.061619014,0.0012193471,0.1213499,0.027089782,-0.005945136,-0.085520305,-0.27794355,-0.011858868,0.036792025,0.4335808,0.41969207,0.092954576,-0.0752637,0.2222347,0.19702344,0.23683804,0.20055233,0.1795365,0.14017178,0.36819297,0.37346914,0.46454653,0.4059692,-0.06759497,-0.053472888,-0.18791023,-0.13035193,-0.111605495,-0.12331827,-0.09557852,-0.095793165,0.3361025,0.20987003,0.30978912,0.30126616,-0.1218363,-0.07508095,0.05457388,0.07960316,-0.11352322,-0.18275431,0.12604505,0.024903309,-0.13398565,-0.115196824,-0.084558,0.074166626,0.09856904,0.0194657,0.0959854,-0.059328333,-0.035785694,-0.06014613,0.074867524,0.03195765,-0.1239632,-0.15315957,0.0027034893,-0.04064169,0.07396766,-0.084614374,-0.019780328,0.085799195,0.06404838,0.04082245,-0.14136864,0.017352173,0.12874192,0.023108896
-0.2847663,-0.08233301,0.18429959,0.009364648,1.0,0.11997019,0.010050986,0.051948078,0.75754464,0.73793596,-0.01484498,0.040420126,-0.08413941,0.19418071,0.5965257,0.63874215,0.2594241,0.34917054,-0.04015361,-0.036985543,0.4461559,0.66915023,0.038440943,0.35468602,0.22221385,0.70090026,0.5884539,0.47891784,0.35497984,0.33408228,0.34039226,0.54074347,-0.0730052,0.07231803,-0.0020221504,0.08047099,0.3235044,0.5203803,0.35374314,0.5375814,0.38978863,0.53374827,-0.17966424,-0.07265006,-0.34443092,-0.05870425,-0.05240573,0.19831784,-0.08479936,0.022590643,-0.38486788,-0.17336269,-0.21574412,-0.22368462,0.29378924,0.48359948,-0.3483247,-0.033819564,-0.4533599,-0.22372569,-0.42194748,-0.029924579,-0.458049,0.0008797497,-0.32547748,-0.06681639,-0.24066561,-0.1608404,0.15321717,-0.22713472,0.18397541,0.35427064,0.40948507,0.16634636,0.08145625,0.41963074,0.3051047,0.19037884,-0.0010600215,0.1779345,0.010804359,0.32901168,0.42416206,0.6367806,-0.11645957,0.33996257,0.406783,0.6359469,0.056355204,0.47577798,-0.110512935,0.21180308,-0.22586806,0.3436164,0.2802408,0.269836,0.22423309,0.28140685,0.033277363,0.3216752,-0.09980632,0.15228999,-0.11562272,0.3192071,0.31290907,0.086840555,0.14983088,0.31072965,-0.056389898,0.3312654,0.26031992,0.21577325,0.38100368,0.3314195,0.23400803,0.18584374
0.29191813,-0.26121825,0.42563578,0.01655099,0.11997019,1.0,0.12681034,-0.09251294,0.42541087,0.32078514,0.41094333,-0.23126328,0.22697128,-0.4747237,0.45865378,0.13613437,0.11411534,-0.08663856,0.1968073,0.2572215,0.49243742,0.08670358,0.5716092,-0.39780483,0.7045146,0.059938326,0.17696376,0.5695743,0.11261273,0.07710073,0.58099085,-0.083617926,0.2509079,-0.059522927,0.14912538,-0.03556439,0.18582235,0.029669827,0.33936936,0.26212543,0.5254338,0.3144944,-0.20174184,-0.2288484,-0.07996207,-0.28974253,-0.023408731,-0.09485405,0.049973086,-0.18344672,-0.1470102,-0.4756339,-0.25311556,-0.39120305,0.47948036,0.17174788,0.2013713,-0.4604322,-0.1150323,-0.4858063,0.21703848,-0.44407633,0.21494226,-0.66116506,0.07987713,-0.49665716,-0.17107888,-0.19078122,-0.0010512341,-0.20652501,0.353378,-0.07142955,0.051358595,0.08288495,0.5210281,-0.05369562,-0.17980078,-0.037620958,0.040347047,0.16850618,0.5506697,-0.44514775,0.71473396,-0.06531282,0.612554,-0.5301015,0.7166712,-0.07117969,0.51009923,-0.29263064,0.12383503,0.049590535,-0.13215573,-0.45961148,0.22028656,0.21539006,0.24335796,0.26950228,0.3530973,0.08115819,0.20559387,-0.1936753,0.008840728,-0.14139766,0.2746788,0.1511517,0.2856121,0.36600786,-0.24045114,0.2915284,0.22069271,0.23985896,-0.05921075,0.47961912,0.38928017,0.03751852
0.66394264,0.46693382,0.6537702,0.59023964,0.010050986,0.12681034,1.0,0.77857673,0.2057481,0.075113915,0.64979595,0.62991047,0.7046329,0.3254698,0.13412727,0.1273191,0.590629,0.43370113,0.59075326,0.51434004,0.023276975,-0.029244388,0.5395782,0.2100527,0.018918036,-0.20943469,0.11930705,0.12024178,0.37295792,0.3836585,0.35751337,0.25333983,0.7008703,0.6874858,0.5563172,0.4432615,0.18698697,0.029832507,0.21723677,0.113342054,0.14478461,0.06623626,0.15437098,0.20914017,0.23040509,-0.028270058,0.12010268,0.108462185,-0.086439475,-0.10523748,0.083587326,-0.052618835,-0.055358548,-0.29823592,0.05587573,-0.007882886,0.4941739,0.20894368,-0.0050166673,-0.22393589,0.37527606,-0.111307524,0.3008401,0.02025423,0.07736426,-0.16145256,0.30940363,0.37447742,0.36722603,0.11096605,0.24929959,0.22483785,0.09635384,0.2432384,0.17683993,0.079225376,0.086100824,0.19033119,0.48209357,0.38822722,0.4397101,0.15055428,0.11209128,-0.08831207,0.20240442,-0.099586315,0.033227023,-0.2365893,0.19789428,-0.108801186,-0.08068446,-0.015708692,-0.09884189,-0.013522187,0.17195289,0.11476641,0.16009912,0.0024755516,-0.04413439,-0.16718923,0.1261267,-0.05575371,-0.07654966,-0.09289937,-0.026390443,0.003170169,0.017495936,-0.09502018,-0.01507117,0.18931374,0.13083045,-0.03395995,-0.25390047,0.009145101,0.108254015,-0.011764041
0.385991,0.51464945,0.45152792,0.6454066,0.051948078,-0.09251294,0.77857673,1.0,0.17438498,0.16440281,0.39838588,0.7143422,0.58805835,0.6021694,0.042356435,0.16159776,0.5487356,0.5500586,0.44307405,0.38955456,-0.024338158,0.088924214,0.35069087,0.4757123,-0.14278996,-0.10329798,0.089459345,-0.033449844,0.37482935,0.3915741,0.18506077,0.4213491,0.45886678,0.6254856,0.40945148,0.49133965,0.21983883,0.16537505,0.1071815,0.19343306,0.054834813,0.069059834,0.1402609,0.24181633,0.15763783,0.07802249,0.10923881,0.18597786,-0.106432304,-0.0574714,-0.043050732,0.05773097,-0.18423386,-0.2387484,-0.02124857,0.16008537,0.28367206,0.368367,-0.018973403,-0.045613352,0.20181023,0.08020337,0.057862267,0.29602084,-0.101585984,0.044561397,0.3249624,0.38024956,0.37905258,0.14462125,0.20711671,0.359498,0.20060869,0.26265806,0.0069056135,0.24035652,0.24668731,0.2780106,0.42777807,0.4227865,0.22931577,0.41345805,-0.078177534,0.042345118,-0.07558689,0.20787144,-0.18111937,-0.10997042,0.12634045,0.17857948,-0.21868268,-0.09922877,-0.06933149,0.14407766,0.14683996,0.06710704,0.18296227,0.011564268,-0.13506775,-0.05878406,0.004701689,0.14570121,-0.1092051,-0.08961488,0.0060226684,-0.11380253,-0.009635632,-0.13867547,0.00042749025,0.23935518,0.18003324,0.03740985,-0.079095535,-0.13224518,0.0017318567,-0.011005422
-0.024261829,-0.083512396,0.47329944,0.14967585,0.75754464,0.42541087,0.2057481,0.17438498,1.0,0.745017,0.24534751,0.10642826,0.16383265,0.09894605,0.6520185,0.59053105,0.3831466,0.3791863,0.123129174,0.13891779,0.569085,0.5730106,0.3392108,0.21308887,0.40835708,0.5320665,0.5334069,0.5222755,0.4099065,0.40348193,0.54069614,0.44800693,0.097065255,0.081190646,0.18588635,0.14430453,0.3829061,0.44927102,0.46374378,0.5615519,0.5698517,0.5521144,-0.25485972,-0.15920094,-0.29944357,-0.19737874,-0.08319389,0.095124006,-0.12485757,-0.045350783,-0.42429778,-0.41481692,-0.3968447,-0.46585646,0.4490497,0.48488936,-0.12910812,-0.20508085,-0.405547,-0.4449316,-0.1416797,-0.13936767,-0.25335762,-0.2864024,-0.23185475,-0.26900524,-0.17550851,-0.14037758,0.23042132,-0.21184844,0.30821416,0.30901682,0.38696766,0.20683077,0.28090283,0.34209788,0.2074137,0.17415935,0.112323746,0.31741074,0.34790298,0.13626942,0.6332709,0.4303343,0.14872406,0.030801244,0.58910036,0.40308866,0.33679968,0.27702865,-0.16839102,0.10477334,-0.36293784,0.0948444,0.41499153,0.33449128,0.33654654,0.33417755,0.080532484,0.21046464,-0.028147241,-0.022064311,-0.25824106,0.04997269,0.2494671,-0.0008632187,0.27673197,0.3951761,-0.17845096,0.47774747,0.3126184,0.20573018,0.189865,0.41098905,0.27377957,0.016011076
-0.17863388,-0.03462534,0.20157903,0.086795114,0.73793596,0.32078514,0.075113915,0.16440281,0.745017,1.0,0.068951696,0.097909644,0.05216365,0.2310341,0.63878036,0.72949296,0.37427956,0.41202882,0.005221884,0.045604236,0.47748935,0.6661519,0.13922124,0.37120423,0.3826253,0.7166507,0.468751,0.5218666,0.38031805,0.41339937,0.4140283,0.60800886,-0.0488294,0.09378649,-0.012830888,0.13904575,0.40329364,0.5762028,0.41701707,0.6144996,0.43926427,0.61990166,-0.12512358,-0.07099605,-0.2295982,-0.05567603,0.007469155,0.25622204,-0.00415151,0.05724005,-0.3710682,-0.17572612,-0.2792603,-0.27411464,0.40534842,0.6379595,-0.24030821,-0.016889434,-0.42447728,-0.20561323,-0.3352073,-0.053724386,-0.3667767,0.002663166,-0.34693527,-0.05223458,-0.1789783,-0.13154206,0.19088748,-0.1333526,0.27042556,0.3914042,0.41954198,0.22332358,0.17555766,0.46122682,0.2729886,0.21259136,0.09694806,0.30143577,0.096798465,0.37314984,0.46182904,0.68142205,-0.04241577,0.38293886,0.3790401,0.6335632,0.23959173,0.5158963,-0.053918928,0.2548748,-0.14270742,0.21124473,0.37038636,0.35882,0.39096087,0.4372958,0.14888999,0.4222538,-0.083668664,0.16577704,-0.062331982,0.1713874,0.36648166,0.11212712,0.2495562,0.37435606,0.00018524143,0.4586159,0.36350057,0.35105854,0.4164468,0.34297544,0.24746443,0.2699582
0.66733015,0.16417867,0.5754426,0.22317733,-0.01484498,0.41094333,0.64979595,0.39838588,0.24534751,0.068951696,1.0,0.4461515,0.7955229,0.0350944,0.37367603,0.19871418,0.6418127,0.3332212,0.35853633,0.33742037,0.18043502,-0.0736615,0.6257765,-0.17804986,0.34364673,-0.11086559,0.11200724,0.2647978,0.49807525,0.487237,0.6034167,0.12749937,0.6382287,0.43569642,0.5804237,0.34178665,0.31069583,0.07898042,0.3177756,0.14752558,0.37638682,0.17951502,0.19779146,0.19598275,0.2049272,-0.06760192,0.21914357,0.121272855,-0.024183324,-0.1582377,0.19820072,-0.15868367,0.062409822,-0.21903016,0.21267235,-0.09309865,0.58402526,-0.13974003,0.000905894,-0.30355313,0.44060093,-0.2725095,0.47826964,-0.389781,0.20263506,-0.35084128,0.24007024,0.28120077,0.14764164,-0.08127901,0.35989004,0.13971178,0.20120744,0.4154567,0.4412913,0.024075449,0.07675821,0.25634897,0.51939327,0.5235273,0.71728414,-0.14037132,0.41496536,-0.104492515,0.51292485,-0.4196214,0.2809138,-0.3191466,0.27229238,-0.35875505,0.113188885,-0.07910101,-0.07372601,-0.13299406,0.35797927,0.26553202,0.33000535,0.12671289,0.052800473,-0.263457,0.12942527,-0.2631286,0.00088841986,-0.1278478,-0.008431519,0.08181187,0.1521986,0.048998732,0.11547802,0.2890173,0.17570858,-0.098400325,-0.36765563,0.0418973,0.014691975,0.041688878
0.34313488,0.60319847,0.25896087,0.42022824,0.040420126,-0.23126328,0.62991047,0.7143422,0.10642826,0.097909644,0.4461515,1.0,0.63134944,0.7251505,0.07669733,0.24618712,0.6649053,0.6998342,0.3551291,0.29713896,-0.05805092,0.11945444,0.16554572,0.46649206,-0.24181452,-0.08897233,0.16902627,-0.04560193,0.5309749,0.56217337,0.15400761,0.4719803,0.39003086,0.61670566,0.32576188,0.4152885,0.24284306,0.2440243,0.08963197,0.15066858,0.07579496,0.110549554,0.16762589,0.2625765,0.07306738,0.17508063,-0.0034772141,0.110328116,-0.19880301,0.093437605,0.0007827264,0.09796151,-0.047643565,-0.20868504,-0.18362315,-0.015759334,0.27803314,0.46441278,0.023230994,0.08164091,0.18665741,0.2120299,0.0280198,0.36442548,-0.1633597,0.19483717,0.32296163,0.36492565,0.33688244,0.18152598,0.18668798,0.43662488,0.27153245,0.36958098,-0.025219161,0.29737616,0.39721793,0.3975233,0.40378654,0.47669026,0.18101887,0.52468854,-0.16420978,0.15049046,-0.18700308,0.24036372,-0.2629935,-0.09103872,-0.0076978416,0.16983415,-0.19838424,-0.050080817,-0.07037409,0.1836336,0.100328125,0.0079416325,0.057392333,-0.12876706,-0.29141453,-0.21431154,0.027820304,0.032401714,-0.079328254,-0.064653374,-0.16852465,-0.10927546,-0.03961518,-0.20821723,0.037523784,0.052736573,-0.014806155,-0.2288173,-0.1190318,-0.34713867,-0.24310514,-0.04318369
0.62066877,0.31315938,0.46645603,0.31060043,-0.08413941,0.22697128,0.7046329,0.58805835,0.16383265,0.05216365,0.7955229,0.63134944,1.0,0.3376354,0.26943198,0.21411625,0.7152197,0.49301398,0.36863133,0.32302353,0.12575816,0.009275909,0.5215995,0.03367682,0.110703565,-0.21516305,0.07686438,0.13988325,0.5847086,0.5856671,0.45315894,0.25518024,0.5719081,0.5264656,0.54085445,0.42706499,0.33328298,0.17782958,0.27154982,0.18315136,0.3103742,0.16341707,0.260186,0.31180662,0.21348365,0.08394114,0.21806836,0.19734924,-0.02633215,-0.10013356,0.14261512,-0.04730448,-0.0009046733,-0.290122,0.16201392,-0.009267377,0.5372362,0.062447973,0.13641769,-0.14398535,0.43078518,-0.05525176,0.39547268,-0.1252716,0.08395646,-0.14813393,0.37070695,0.3887596,0.16856782,0.039355017,0.3693855,0.27996832,0.29259977,0.50171167,0.319743,0.10588056,0.21255772,0.36735696,0.5235735,0.5509591,0.57593304,0.07503932,0.2011033,-0.065718,0.29095268,-0.21933077,0.05371745,-0.32703602,0.28785315,-0.21040691,0.022732755,-0.04645108,-0.05798031,-0.06314149,0.3586517,0.21606793,0.37677306,0.13021575,0.0035625957,-0.19744082,0.14865173,-0.14073972,-0.010992986,-0.20245111,-0.035499077,0.038960285,0.19742085,0.06367126,0.14454834,0.31810525,0.22455199,-0.06485833,-0.27040052,-0.13316034,-0.021134263,0.07947034
-0.12745695,0.42210764,-0.06750834,0.21738699,0.19418071,-0.4747237,0.3254698,0.6021694,0.09894605,0.2310341,0.0350944,0.7251505,0.3376354,1.0,0.03531683,0.34965315,0.427213,0.66272485,0.0034173,-0.038837347,-0.013461974,0.37941146,-0.18224865,0.673606,-0.45131463,0.11689883,0.20353039,-0.15572721,0.43900493,0.48743886,-0.08103807,0.63380516,-0.038155843,0.3846045,0.029089235,0.27746087,0.20808123,0.40252987,-0.027340971,0.2264489,-0.01603094,0.18267304,0.07167904,0.19546731,-0.08077057,0.2424451,-0.032517347,0.16675068,-0.13722579,0.12618212,-0.19412753,0.24047711,-0.119673416,-0.116716474,-0.20394902,0.2103252,-0.14655831,0.5001599,-0.05025621,0.22670045,-0.13570198,0.3960979,-0.35387248,0.59102464,-0.34098682,0.3640411,0.17006955,0.19427943,0.1631185,0.12133488,0.1184506,0.55054086,0.38215372,0.3355886,-0.20105344,0.45663482,0.47953972,0.386988,0.19943611,0.293717,-0.21484756,0.7010056,-0.32887617,0.36702818,-0.5130994,0.57954293,-0.42532694,0.20534252,-0.11138,0.48206887,-0.27619272,0.03392447,-0.049629197,0.36584356,0.024358064,-0.051034335,0.05256164,-0.04304793,-0.29177102,0.020601824,-0.11178777,0.30359894,-0.10864618,0.045993853,-0.12960498,-0.1507297,-0.09034502,-0.1605999,0.0385266,0.06731169,0.033020273,-0.10658359,0.12482353,-0.3901629,-0.25137347,-0.0011210116
-0.0022046159,-0.16296051,0.25776488,-0.12220334,0.5965257,0.45865378,0.13412727,0.042356435,0.6520185,0.63878036,0.37367603,0.07669733,0.26943198,0.03531683,1.0,0.7796457,0.44608662,0.40614945,-0.03196326,0.015918028,0.7027419,0.6234373,0.3334226,0.0068518547,0.48440108,0.4848656,0.45550925,0.6306537,0.64929134,0.6383661,0.6741886,0.46767446,0.16471665,0.13231227,0.21588123,0.21416219,0.6531031,0.6426446,0.65538543,0.6587089,0.7017365,0.76079476,-0.010272627,0.085980505,-0.17737626,0.10567758,0.1421139,0.3000021,0.07809083,-0.020997835,-0.15440309,-0.12650375,-0.07860965,-0.22449797,0.60573053,0.5214703,-0.015432513,-0.1442276,-0.23304313,-0.280712,0.028611133,-0.19401908,-0.048320167,-0.24737251,-0.1577679,-0.21972834,-0.075939365,0.01274093,0.11577985,-0.26246092,0.5314417,0.46666226,0.5760425,0.5251421,0.50149125,0.40667236,0.3819111,0.43010134,0.08734677,0.45760736,0.3545458,0.09601858,0.71121454,0.49796337,0.3110081,0.04176725,0.5340917,0.31864622,0.3402965,0.17687547,0.14104548,0.24868134,-0.039008863,0.036233395,0.48495916,0.49712512,0.4870355,0.48173955,0.24047598,0.30247387,0.09643252,-0.08281414,0.07993729,0.23764414,0.44542634,0.2618603,0.24343131,0.36970714,0.11538735,0.4743922,0.3202138,0.24565832,0.3226408,0.32108083,0.23870493,0.3247209
-0.1297993,0.06827364,0.12796135,-0.025177235,0.63874215,0.13613437,0.1273191,0.16159776,0.59053105,0.72949296,0.19871418,0.24618712,0.21411625,0.34965315,0.7796457,1.0,0.51317406,0.5614944,-0.054564595,-0.022781605,0.49713796,0.6846953,0.068305336,0.35641542,0.2258113,0.60312676,0.45770577,0.46523234,0.6253005,0.697036,0.43408266,0.6801094,0.03736841,0.22130731,0.07429868,0.22347221,0.59431446,0.71534544,0.58720046,0.6323947,0.5100533,0.7243042,0.057709776,0.15020478,-0.10707867,0.18509981,0.14934796,0.38890332,0.045297433,0.10829461,-0.1874789,0.04794693,0.0052630026,-0.13680522,0.48269722,0.5855808,-0.107730225,0.1376504,-0.2303246,-0.060723957,-0.18203528,0.08988536,-0.21782653,0.10520071,-0.26501733,0.09983241,-0.022299303,0.09428141,0.20364425,-0.058447428,0.3456205,0.5291966,0.55856824,0.47020683,0.242562,0.4857463,0.3969774,0.37277454,0.14295074,0.45437658,0.11597428,0.45960328,0.39986792,0.72524273,-0.019355105,0.42128164,0.22725376,0.5011297,0.18658796,0.4361038,0.05886878,0.35560676,-0.034628395,0.2756689,0.49344322,0.5012803,0.48115924,0.48253614,0.12692483,0.36676487,-0.006261534,0.059139155,0.045382142,0.2889371,0.35942793,0.22941498,0.22279246,0.34222537,0.24747482,0.46786213,0.3064376,0.23191302,0.4159373,0.1718357,0.14134946,0.362265
0.43640333,0.42153335,0.45737576,0.35410595,0.2594241,0.11411534,0.590629,0.5487356,0.3831466,0.37427956,0.6418127,0.6649053,0.7152197,0.427213,0.44608662,0.51317406,1.0,0.74564904,0.32289007,0.30764496,0.20893379,0.28169513,0.35585237,0.28919834,0.10765425,0.16022488,0.29248312,0.28665122,0.6960041,0.72758836,0.44573665,0.5112628,0.48114234,0.55291474,0.5487084,0.5717232,0.49708402,0.4639018,0.40645772,0.40002912,0.40968236,0.39125556,0.28350574,0.39529255,0.16585477,0.09804507,0.18786773,0.34771493,-0.08756083,0.06592387,0.016110154,0.024908481,-0.03267883,-0.26158723,0.22731663,0.21614476,0.39442518,0.2275403,0.0068145944,-0.062966734,0.17473145,0.06348455,0.19677313,0.073148325,-0.09128111,0.003728177,0.40855265,0.46336547,0.37991583,0.091550075,0.318693,0.43632963,0.4160244,0.52394086,0.2673728,0.3315709,0.43179423,0.49062684,0.5348352,0.6823498,0.49042776,0.403524,0.2597355,0.33953255,0.10576869,0.11983762,0.07113748,0.043278143,0.2519335,0.13204618,-0.014312488,0.092797734,-0.11031125,0.18287493,0.49505255,0.35822207,0.43580174,0.2181833,-0.075370505,-0.07172085,0.03502718,-0.03779633,-0.018364921,0.017955562,0.08691241,0.1306479,0.26837367,0.16887781,0.239199,0.37041697,0.24397562,-0.015192866,-0.017245173,-0.04516148,0.11834968,0.25781566
0.077808246,0.387729,0.21647806,0.27668437,0.34917054,-0.08663856,0.43370113,0.5500586,0.3791863,0.41202882,0.3332212,0.6998342,0.49301398,0.66272485,0.40614945,0.5614944,0.74564904,1.0,0.1585161,0.18384643,0.29935852,0.48864517,0.121438965,0.511924,-0.1313779,0.2059346,0.43745467,0.2513664,0.68351096,0.75926095,0.31572154,0.676944,0.20910189,0.4600154,0.34475523,0.46560782,0.4909939,0.58606863,0.29749125,0.46280327,0.3536098,0.48168164,0.15592171,0.33226624,0.019778462,0.21350414,0.02601804,0.25770882,-0.13636579,0.18208444,-0.14092839,0.12663761,-0.15268654,-0.2909914,0.10188635,0.28326526,0.09399452,0.3750823,-0.017869635,0.0012400036,0.055534516,0.2094217,-0.118334524,0.32648715,-0.23536599,0.19341421,0.337033,0.39403948,0.31185487,0.06525817,0.3692009,0.63559467,0.48344007,0.4856929,0.116980925,0.48750624,0.6070238,0.5592892,0.25986314,0.6381453,0.19546257,0.627141,0.13791989,0.47952756,-0.1354898,0.36552528,-0.019945722,0.21808156,0.12438689,0.3757339,-0.16017555,0.11931051,-0.09953746,0.2804998,0.26203084,0.16520807,0.21595395,0.07016606,-0.17879081,-0.023309557,0.11256784,0.12416997,-0.022958495,0.14851281,0.1027479,0.061341427,0.13946112,0.04769902,0.028105976,0.21906902,0.1523238,-0.08281478,0.18650544,-0.20815559,0.0014664184,0.15337175
0.6950834,0.615832,0.5524081,0.7341878,-0.04015361,0.1968073,0.59075326,0.44307405,0.123129174,0.005221884,0.35853633,0.3551291,0.36863133,0.0034173,-0.03196326,-0.054564595,0.32289007,0.1585161,1.0,0.86787325,-0.17169121,-0.29299504,0.46246693,0.16189454,0.103671744,-0.23140758,0.034559824,0.090439945,0.0887041,0.1058345,0.16474767,-0.057187404,0.63042897,0.5512369,0.23053096,0.13173862,-0.011733498,-0.16220996,0.16274957,-0.047868468,-0.012923922,-0.13606916,0.19466202,0.13915785,0.36455,0.03445784,0.02852518,-0.012619631,0.067823835,0.17780681,0.1162261,-0.07569907,0.019845556,-0.3312474,-0.053233333,-0.15744011,0.59517676,0.37462154,0.12208118,-0.12374641,0.32141304,0.10656128,0.4072406,0.054670148,0.29769492,0.08370213,0.364861,0.36082593,0.546852,0.41355437,0.033587515,-0.08144783,-0.21652924,-0.0596049,0.06395242,-0.17828,-0.14675827,-0.086659186,0.3091204,0.13684246,0.36002216,0.0910358,-0.043102566,-0.18150687,0.19605003,-0.17914361,0.024303105,-0.29526415,0.089215875,-0.22223012,-0.050593,-0.07588315,-0.022049788,-0.11540696,0.045844153,0.012922667,0.003962287,-0.0900174,-0.030374514,-0.15898602,0.19392736,-0.18673289,-0.03807421,-0.13492307,-0.052163433,0.048990633,0.006061352,-0.15432908,-0.06337842,-0.023221854,0.012051118,-0.04102321,-0.29117942,-0.012283189,0.11666653,0.0038273872
0.660754,0.5720073,0.49681073,0.7007294,-0.036985543,0.2572215,0.51434004,0.38955456,0.13891779,0.045604236,0.33742037,0.29713896,0.32302353,-0.038837347,0.015918028,-0.022781605,0.30764496,0.18384643,0.86787325,1.0,-0.091700725,-0.27534977,0.49305186,0.10659606,0.16985835,-0.18477842,0.09232276,0.15989882,0.09357152,0.15028109,0.24583316,-0.08282993,0.5453594,0.43017912,0.19314973,0.109243505,0.0653765,-0.10504089,0.19984603,0.012064378,0.047366362,-0.08306781,0.21521434,0.13869077,0.36041453,0.05932172,0.07913765,0.0048859757,0.1176058,0.2941985,0.15445168,-0.08679901,0.045400638,-0.38443944,0.017734256,-0.09630173,0.64190894,0.35236233,0.16132744,-0.08914601,0.39810008,0.074145906,0.44772243,0.011844223,0.39314392,0.11447451,0.4306739,0.38937482,0.56490135,0.4910778,0.12740257,-0.03811159,-0.22434625,-0.06263771,0.11668035,-0.1555664,-0.10824122,-0.044625998,0.22248603,0.15192325,0.40993097,0.08457537,0.010894606,-0.17039496,0.27102622,-0.19938609,0.056588817,-0.29700056,0.1685902,-0.21676156,-0.02635246,-0.103365205,0.020631475,-0.1834498,0.06807945,0.030182485,0.063950494,-0.04698372,0.04993237,-0.10070963,0.23568057,-0.19480947,0.0029462774,-0.12537304,0.005729857,0.09076936,0.015040311,-0.17141356,-0.06760289,0.012994354,0.06843337,0.039905455,-0.21729955,0.018712293,0.17925212,0.06403291
-0.14474604,-0.35341564,0.12986898,-0.21906449,0.4461559,0.49243742,0.023276975,-0.024338158,0.569085,0.47748935,0.18043502,-0.05805092,0.12575816,-0.013461974,0.7027419,0.49713796,0.20893379,0.29935852,-0.17169121,-0.091700725,1.0,0.6962379,0.20150831,-0.099438936,0.26443538,0.23654911,0.49189264,0.5835497,0.49141246,0.4383877,0.47771895,0.30860144,-0.055789005,-0.05753968,0.13420367,0.13210452,0.5164278,0.54872054,0.48827937,0.64093125,0.7731518,0.7454082,-0.31078357,-0.10385631,-0.33420265,-0.08167532,-0.09318504,0.06582884,-0.0072764517,-0.14877653,-0.3506178,-0.23641843,-0.346143,-0.35613176,0.5606978,0.533142,-0.21342947,-0.30823135,-0.11172541,-0.27772513,0.07368701,-0.2360417,-0.16782086,-0.30967045,-0.20315717,-0.32294568,-0.16863763,-0.13770187,-0.023231724,-0.31977668,0.5983313,0.48114833,0.57008445,0.4764243,0.5419936,0.48247692,0.4038352,0.42702585,-0.11303891,0.27546552,0.19634289,-0.049299046,0.67132115,0.309414,0.20007373,-0.088154666,0.56221277,0.25354344,0.49865612,0.12518454,-0.06437629,0.1622111,-0.21937166,-0.18042389,0.2049287,0.2822264,0.27601984,0.35868308,0.2235666,0.27734217,0.06442174,0.04074963,-0.08902218,0.05369471,0.34569433,0.15186667,0.32659197,0.44861397,-0.24137948,0.3628637,0.25832376,0.20805365,0.24258773,0.27504948,0.36256537,0.09983374
-0.43096307,-0.21254383,-0.06671625,-0.2208778,0.66915023,0.08670358,-0.029244388,0.088924214,0.5730106,0.6661519,-0.0736615,0.11945444,0.009275909,0.37941146,0.6234373,0.6846953,0.28169513,0.48864517,-0.29299504,-0.27534977,0.6962379,1.0,-0.1452275,0.31644374,-0.011219607,0.49702376,0.5597959,0.46667364,0.54132897,0.4963157,0.22635287,0.6419095,-0.19522247,0.08790376,-0.0024363282,0.20077573,0.4716467,0.74760264,0.4203191,0.71177614,0.57163143,0.79148096,-0.24214558,0.023404872,-0.41288573,-0.012502056,-0.09161062,0.2703048,-0.12945762,-0.066322565,-0.45972863,-0.031274594,-0.33476162,-0.24938452,0.4004585,0.6873697,-0.50070286,-0.02367014,-0.31012022,-0.09636467,-0.34469512,0.0620808,-0.5218173,0.13473617,-0.52149546,-0.051371515,-0.19091585,-0.10975401,0.0320939,-0.28031403,0.42728585,0.6622504,0.6747994,0.46760097,0.26348886,0.6930473,0.5619803,0.48115852,-0.0693348,0.27731207,-0.16969544,0.3929306,0.3805051,0.6712098,-0.2533211,0.4487481,0.27796036,0.6382134,0.22789459,0.5811751,-0.14553614,0.3469414,-0.18813944,0.2513914,0.2351729,0.3009476,0.28270623,0.41599223,0.08186668,0.44782323,-0.09873933,0.2639863,-0.061432324,0.27004945,0.3393459,0.11605038,0.23061444,0.38725996,-0.08398101,0.3925931,0.31852913,0.28778434,0.5073455,0.21902652,0.26598063,0.21934651
0.5868245,0.069201894,0.6902139,0.40706143,0.038440943,0.5716092,0.5395782,0.35069087,0.3392108,0.13922124,0.6257765,0.16554572,0.5215995,-0.18224865,0.3334226,0.068305336,0.35585237,0.121438965,0.46246693,0.49305186,0.20150831,-0.1452275,1.0,-0.15058728,0.60634434,-0.03013304,0.04077347,0.35312602,0.20853147,0.23091768,0.7335212,0.022563208,0.5933267,0.27315482,0.5127023,0.22045974,0.30354604,-0.041556556,0.2420812,0.12826738,0.27431622,0.041499875,0.17022671,0.097253636,0.17035738,-0.10055838,0.2381208,0.09182081,0.09184822,-0.09718674,0.15997714,-0.26674154,-0.07822846,-0.3080437,0.26158094,0.022534812,0.5051674,-0.21131386,0.0004366478,-0.46551105,0.4981204,-0.39741027,0.4385846,-0.44403267,0.26349467,-0.35003918,0.19084091,0.19274679,0.13107209,-0.107593164,0.28644413,-0.0692244,-0.063765034,0.0872488,0.27827036,-0.18174095,-0.0862174,0.06207788,0.18585688,0.26498,0.74808353,-0.28842834,0.4927718,-0.24186009,0.64214957,-0.46784434,0.3966647,-0.36782643,0.30494055,-0.31901088,0.11161367,-0.22242992,-0.005631595,-0.23979943,0.31752098,0.17422631,0.32695088,0.12365346,0.20994088,-0.096658766,0.25594422,-0.23758855,0.016502278,-0.088431485,0.20412312,0.038104743,0.004839298,0.008095724,-0.013766416,0.29885724,0.2426946,0.1327193,-0.107307024,0.23336384,0.14539142,0.051612608
-0.19453056,0.43721208,0.079329394,0.44053936,0.35468602,-0.39780483,0.2100527,0.4757123,0.21308887,0.37120423,-0.17804986,0.46649206,0.03367682,0.673606,0.0068518547,0.35641542,0.28919834,0.511924,0.16189454,0.10659606,-0.099438936,0.31644374,-0.15058728,1.0,-0.27905303,0.37098235,0.28332046,-0.0027673473,0.15979537,0.24647088,-0.12178554,0.6854658,-0.071838215,0.3574711,-0.031098604,0.21085918,0.02026565,0.26829976,-0.05290013,0.0938256,-0.14208455,0.107592955,0.15063663,0.1947804,0.10560636,0.1969245,0.04055077,0.19745332,-0.01600269,0.23547338,-0.17620435,0.22292952,-0.022068199,-0.12311796,-0.116388924,0.21146433,-0.20556225,0.50734675,-0.09033008,0.1664018,-0.2765885,0.45074645,-0.36296645,0.6065012,-0.28703937,0.47313222,0.14204705,0.20723705,0.24350637,0.22423981,-0.13077,0.28447145,0.08989365,-0.02718644,-0.42936584,0.18226431,0.22449264,0.072310105,0.12302837,0.21038936,-0.2060256,0.8005269,-0.28223532,0.5446424,-0.44113156,0.6980581,-0.30511367,0.41207692,-0.095015116,0.49504495,-0.09720136,0.20377114,0.031967055,0.53457814,0.026244037,-0.089004844,0.040977415,-0.055248436,-0.11357749,0.17834762,0.036954988,0.40393403,0.013439189,0.24028482,0.0056032822,0.06487299,-0.065056026,-0.0880046,0.035752416,0.05042801,0.05160368,0.021666868,0.2943118,-0.23203988,-0.083287254,0.11020879
0.19266647,-0.23278087,0.37725168,0.01984752,0.22221385,0.7045146,0.018918036,-0.14278996,0.40835708,0.3826253,0.34364673,-0.24181452,0.110703565,-0.45131463,0.48440108,0.2258113,0.10765425,-0.1313779,0.103671744,0.16985835,0.26443538,-0.011219607,0.60634434,-0.27905303,1.0,0.3851647,0.055370457,0.46973172,0.033258967,0.056106426,0.676388,-0.0029932235,0.23752475,-0.092073426,0.1455782,-0.020024372,0.22444813,0.027754735,0.24263574,0.14567962,0.28658238,0.1812239,0.05941503,-0.07379481,0.00401133,-0.18109567,0.24071868,0.12291852,0.17426953,-0.012160057,0.07400642,-0.31835857,0.0034932191,-0.098564655,0.4005711,0.18052332,0.21096015,-0.39592585,-0.14360912,-0.42856294,0.1452866,-0.4599341,0.22619028,-0.56975627,0.13462897,-0.34729832,-0.12434465,-0.11021306,-0.03419446,-0.16927013,0.1491468,-0.20424148,-0.08085031,-0.041029572,0.25849196,-0.18152164,-0.21638058,-0.09874848,-0.0005953133,0.15227075,0.5571498,-0.35695165,0.64831555,0.040462263,0.6430644,-0.34146777,0.5903979,0.00013527733,0.24897811,-0.19688271,0.3213055,-0.03877761,0.09088157,-0.22081453,0.3567562,0.2705296,0.38712198,0.30535302,0.4181845,0.19586582,0.18681327,-0.24141753,0.1652502,0.069270894,0.36244196,0.17418948,0.11056435,0.21869746,0.09410119,0.3267948,0.28085375,0.32616374,0.11633673,0.46539578,0.1877681,0.21591073
-0.40166909,-0.17042385,0.026241798,-0.089234024,0.70090026,0.059938326,-0.20943469,-0.10329798,0.5320665,0.7166507,-0.11086559,-0.08897233,-0.21516305,0.11689883,0.4848656,0.60312676,0.16022488,0.2059346,-0.23140758,-0.18477842,0.23654911,0.49702376,-0.03013304,0.37098235,0.3851647,1.0,0.32600355,0.3854026,0.14610319,0.17965183,0.29104453,0.5231831,-0.19386923,-0.07499053,-0.06358882,0.0826378,0.23536012,0.46536073,0.18642294,0.32861966,0.14378552,0.392285,0.08419063,0.059538953,-0.124587454,-0.00441942,0.20797312,0.35915494,0.031256244,0.10793005,-0.15130578,-0.040281035,0.024492057,0.069206014,0.25012708,0.458937,-0.3394065,-0.060558137,-0.40272385,-0.11782251,-0.48027533,-0.05243257,-0.41635934,0.02704276,-0.2948058,0.06365844,-0.19987062,-0.111908376,-0.0038748358,-0.16550955,-0.032092,0.15402089,0.20531073,0.013223211,-0.094908305,0.23603998,0.16013798,0.07506481,-0.053448614,0.11544482,-0.031000936,0.321361,0.28902814,0.7038537,-0.07104398,0.4600144,0.22197805,0.68157196,-0.083409764,0.48144007,0.14579655,0.2532851,0.07062167,0.41835,0.33928683,0.29452986,0.3414859,0.3352687,0.1954796,0.4484645,-0.073293395,0.15612866,0.13480605,0.45211396,0.3670026,0.21154651,0.048081305,0.220873,0.24991435,0.31935817,0.32097554,0.35227257,0.5261489,0.28756744,0.096487485,0.35235307
-0.14179939,0.03922121,0.15454966,0.023344342,0.5884539,0.17696376,0.11930705,0.089459345,0.5334069,0.468751,0.11200724,0.16902627,0.07686438,0.20353039,0.45550925,0.45770577,0.29248312,0.43745467,0.034559824,0.09232276,0.49189264,0.5597959,0.04077347,0.28332046,0.055370457,0.32600355,1.0,0.5550067,0.39398745,0.36731488,0.31398678,0.44056693,-0.011544846,0.12919267,0.049276832,0.07899279,0.23904619,0.44382542,0.22782063,0.43774688,0.46849877,0.47929287,-0.20807482,-0.054501094,-0.25479925,-0.0634212,-0.1514981,0.036016755,-0.13857862,0.06899415,-0.33655426,-0.15825641,-0.2501389,-0.45426422,0.14592564,0.27595645,-0.22775216,0.06735918,-0.3347029,-0.18726707,-0.16437495,-0.02297616,-0.3127607,0.015220465,-0.25326282,-0.036640625,-0.1117729,-0.071919635,0.18726668,-0.10997504,0.3099716,0.42976925,0.36384377,0.19287364,0.1261482,0.37566158,0.36858207,0.2700534,-0.081864946,0.19193184,0.045120157,0.3230503,0.36316875,0.46972314,-0.091461875,0.18216501,0.39093155,0.43130708,0.09983305,0.3090688,-0.12527671,0.24975275,-0.30277863,0.1709485,0.05633872,-0.002897293,0.050052546,0.07644971,-0.04050225,0.13841684,0.04593085,0.24546987,-0.11174545,0.2025709,0.16321552,0.07038032,0.21754944,0.2540469,-0.29410022,0.16288503,0.15134373,0.030470466,0.22526576,0.19484502,0.22568426,0.08141387
0.045644272,-0.16809592,0.2700001,-0.05872166,0.47891784,0.5695743,0.12024178,-0.033449844,0.5222755,0.5218666,0.2647978,-0.04560193,0.13988325,-0.15572721,0.6306537,0.46523234,0.28665122,0.2513664,0.090439945,0.15989882,0.5835497,0.46667364,0.35312602,-0.0027673473,0.46973172,0.3854026,0.5550067,1.0,0.33228347,0.32047737,0.5988129,0.32845512,0.19570504,0.16464695,0.18895517,0.15665415,0.33450073,0.38121,0.44438937,0.46568564,0.5439215,0.55391216,-0.059233107,0.025185281,-0.14664668,-0.15484583,0.05039974,0.16153084,0.04680359,0.029272342,-0.17935939,-0.226639,-0.09369703,-0.28615648,0.4393397,0.30087084,-0.028652295,-0.2406334,-0.26908636,-0.39784285,0.016072424,-0.29260108,-0.035862055,-0.29210898,-0.16459072,-0.2053308,-0.12916599,-0.047512084,0.1152697,-0.26790142,0.38918233,0.28329784,0.24919255,0.22605708,0.36166826,0.17060927,0.1909404,0.24028149,-0.06664652,0.2623006,0.3136435,0.0051065492,0.6636205,0.39753193,0.3509749,-0.06896158,0.6313697,0.3512503,0.33089256,0.0305983,0.19378157,0.23429854,-0.023560077,-0.042502087,0.2636969,0.2675136,0.29612222,0.31581002,0.28595275,0.26783377,0.23771593,0.071145885,0.20796396,0.284686,0.44146717,0.34196225,0.21074378,0.31371906,-0.11103339,0.32229993,0.3256306,0.24219549,0.29782832,0.38135478,0.41336384,0.30131269
0.17128494,0.16817833,0.18636186,0.03908299,0.35497984,0.11261273,0.37295792,0.37482935,0.4099065,0.38031805,0.49807525,0.5309749,0.5847086,0.43900493,0.64929134,0.6253005,0.6960041,0.68351096,0.0887041,0.09357152,0.49141246,0.54132897,0.20853147,0.15979537,0.033258967,0.14610319,0.39398745,0.33228347,1.0,0.85140824,0.44255805,0.51580316,0.30254307,0.4419264,0.39846343,0.4696536,0.69081527,0.7010308,0.5747141,0.6487931,0.62639177,0.65321314,0.11643639,0.317076,-0.07598044,0.23549299,0.117060326,0.36271405,-0.053311884,0.029395016,-0.094774336,0.033056717,-0.120692044,-0.27073437,0.30637094,0.364519,0.15116467,0.17573576,-0.027699787,-0.060475692,0.1723827,0.114724174,0.05177973,0.063375816,-0.1571494,-0.015576793,0.30391505,0.34261227,0.26851362,-0.05533242,0.6486245,0.7299061,0.770209,0.7944122,0.5197138,0.60969764,0.6844911,0.72742856,0.33684152,0.63846785,0.287329,0.35293517,0.32136586,0.37569132,0.011641042,0.14984877,0.13572213,0.12755166,0.2252427,0.20787813,-0.08958353,0.13752683,-0.11464801,0.10142459,0.44865307,0.38706335,0.45187658,0.3471134,-0.07215264,0.06697447,-0.0072170724,-0.04098313,-0.014785567,0.07172148,0.16189682,0.110521525,0.20103927,0.13873178,0.17108762,0.45636126,0.33098784,0.046701882,0.102565594,-0.035988934,0.049381256,0.24026263
0.18474297,0.23196653,0.19298925,0.10109389,0.33408228,0.07710073,0.3836585,0.3915741,0.40348193,0.41339937,0.487237,0.56217337,0.5856671,0.48743886,0.6383661,0.697036,0.72758836,0.75926095,0.1058345,0.15028109,0.4383877,0.4963157,0.23091768,0.24647088,0.056106426,0.17965183,0.36731488,0.32047737,0.85140824,1.0,0.46980223,0.5626846,0.25602162,0.40597785,0.340072,0.42252538,0.68036115,0.6679287,0.53716606,0.5764349,0.54304314,0.6249044,0.18164963,0.32893124,0.0079299435,0.26724938,0.17005643,0.35108885,0.030654017,0.15976578,-0.019356942,0.10054058,-0.0050131963,-0.2628925,0.32842886,0.36575326,0.22526136,0.22251105,0.049900487,-0.02033874,0.21321207,0.14531878,0.08965553,0.11509698,-0.045681186,0.09078583,0.32814378,0.3854934,0.25567967,0.047125135,0.585463,0.6967556,0.6382288,0.7255453,0.39054838,0.5149958,0.6040681,0.6542802,0.34038314,0.6734514,0.32277694,0.4233567,0.30046377,0.41681847,0.07769103,0.19264317,0.10719895,0.09859725,0.24783437,0.19139001,-0.018086638,0.104195766,-0.018546112,0.12624373,0.4558731,0.3737648,0.4612327,0.32862222,-0.011199825,0.083197884,0.09417486,-0.040673982,0.036869437,0.09378955,0.17456605,0.16353387,0.1856548,0.12541828,0.1937638,0.4120076,0.265439,0.0209875,0.1258067,-0.11362596,0.031679634,0.26672614
