1.0,0.7080078,0.6085591,0.5645948,0.022661408,-0.029587926,0.4584655,0.32426655,0.15125136,-0.10628146,0.49937096,0.5590991,0.43576804,0.42820427,0.17004655,0.0504026,0.43808126,0.37785077,0.7655847,0.6807555,0.19752146,0.1863485,0.424324,0.12766528,-0.05797517,0.0013419832,-0.0162354,0.08156741,0.4113954,0.28059697,0.45851004,0.4039758,0.6221178,0.5662135,0.3159782,0.24852152,0.20821436,0.18101363,0.23933671,0.2783309,0.3213475,0.020003565,0.5476537,0.4507626,0.3013393,0.125554,0.36977658,0.35852468,0.095522396,-0.05573249,0.46914786,0.17294092,0.19421521,0.15235534,0.23550498,0.20518176,0.80492914,0.50934076,0.31274703,0.088777415,0.7232107,0.18309733,0.62768024,0.42703676,0.3758992,0.19242649,0.6041668,0.5506528,0.6333097,0.6222961,0.31758365,0.11687843,-0.043599885,0.22038013,0.127327,0.055922218,0.0007586154,-0.084936336,0.13140589,0.08273272,0.32987002,0.28374103,0.077289924,0.020548226,0.392909,0.18696555,-0.06470299,-0.08809826,0.2932946,-0.03944229,0.26920173,0.23742382,-0.24543455,0.17064756,0.19816598,0.27379987,0.29223785,0.28615853,0.17275977,0.22853723,-0.19279145,0.24099894,0.23397751,0.27514073,0.20541644,0.30279693,-0.057772618,0.14762302,0.25663862,0.23877393,0.2727228,0.1212111,-0.12628989,0.022938907,-0.08462123,0.1284717
0.7080078,1.0,0.46392378,0.47236526,-0.13536939,-0.076219805,0.08745894,0.14744425,0.06405807,-0.06234088,0.35676748,0.4328676,0.23313254,0.34791464,0.10298283,0.09837973,0.27445984,0.37970102,0.65893954,0.5979241,0.10669316,0.120237246,0.25270393,-0.048215274,-0.103564605,-0.065525256,-0.17820421,0.055464476,0.18072173,0.18236926,0.2975388,0.29912457,0.4390085,0.40060914,0.10784614,0.04757724,-0.038767524,0.0020300439,0.15031312,0.14688222,0.1954528,-0.043687027,0.5481423,0.4615115,0.39572155,0.29568917,0.29534498,0.26490363,0.07151247,0.05448777,0.5539819,0.28629583,0.18012434,0.30446067,0.06060934,0.17800406,0.70163065,0.78124243,0.50399286,0.33070922,0.72135216,0.3735032,0.3844241,0.65485734,0.36895064,0.4780377,0.62524664,0.61228323,0.707477,0.7229728,-0.028709022,-0.16466396,-0.29560107,0.03386727,-0.07036505,-0.11879192,-0.26357278,-0.26691768,-0.037117165,0.004736664,0.09985007,0.30463272,0.030989138,0.047894444,0.17818373,0.32575628,-0.16406798,-0.10526993,0.114370644,-0.038024083,0.15385783,0.14197083,-0.24121547,0.062091872,-0.00962715,0.2073897,0.1043971,0.1579374,-0.008810789,0.14991118,-0.06911737,0.11963445,0.17201605,0.2751571,0.15463501,0.26807755,-0.17494944,-0.08146065,0.12699768,0.0038834948,0.09641225,-0.028222509,-0.14157774,-0.14119819,-0.13076606,0.009235822
0.6085591,0.46392378,1.0,0.72857004,0.23670523,0.1470405,0.59296876,0.38425168,0.18579285,0.016606111,0.63211817,0.5230572,0.525565,0.44801885,0.3206311,0.3313736,0.61928034,0.4569783,0.5875987,0.62197334,0.21593966,0.23446167,0.6548481,0.5359526,0.0720493,0.21168344,-0.008031221,0.22302385,0.54944766,0.47517607,0.5227342,0.7087527,0.6717067,0.6733804,0.506571,0.4386739,0.24930437,0.24246211,0.34444314,0.21914196,0.15645686,0.08681359,0.5260467,0.40748873,0.3826144,0.17143999,0.42087778,0.25456002,0.1294774,-0.16410364,0.38624063,0.15420805,0.17699043,0.17182119,0.19598694,0.23507081,0.68530023,0.30328715,0.09611876,0.040041063,0.5304558,-0.012021314,0.50375867,0.26811424,0.292375,0.07283049,0.55661684,0.43130618,0.5364339,0.47956717,0.42595935,0.2118749,0.08020925,0.35933128,0.18546347,0.059688736,0.23856835,0.23953848,0.43636793,0.33755192,0.5279539,0.3902188,0.2708834,0.27270043,0.44896805,0.36949196,-0.08792925,-0.012851614,0.27571866,0.101897836,0.15964814,0.17251357,-0.23276035,0.24894501,0.089663245,0.16690251,0.21357602,0.28527078,0.060337175,0.14047883,-0.07356433,0.19163266,0.36087394,0.3316717,0.3340171,0.47654882,0.017964311,0.23548526,0.054894377,-0.026069371,0.16988872,-0.025539262,-0.15673168,0.04224565,0.01914358,0.033131853
0.5645948,0.47236526,0.72857004,1.0,0.18792722,0.06463668,0.5748751,0.64802164,0.08483432,0.06613805,0.661379,0.6478786,0.57237434,0.6515544,0.1899709,0.2132548,0.56217116,0.5793091,0.6005086,0.6184285,0.19035561,0.28559536,0.6401503,0.46951032,-0.040301498,0.09810522,0.14822303,0.16018353,0.5916779,0.60144585,0.44133967,0.6340512,0.683472,0.6125314,0.5529993,0.59807956,0.37947115,0.35576928,0.3543247,0.32241854,0.1973164,0.05043375,0.56646657,0.43430516,0.46580216,0.172018,0.40274233,0.2782998,0.16520602,-0.16370727,0.3388905,0.16577476,0.034791812,0.09436782,0.21417275,0.17561409,0.58697426,0.38347235,0.2075117,0.17801973,0.5186358,0.018379752,0.5670567,0.40132242,0.3460174,0.12087828,0.64048773,0.54464996,0.5672944,0.52834886,0.4605631,0.37802443,0.22894043,0.47487795,0.32262006,0.23964989,0.32096404,0.33438557,0.33829078,0.41610438,0.46937844,0.531838,0.0055182828,0.047806714,0.27353743,0.34049562,-0.17130141,-0.18360825,0.21137579,0.18167865,-0.025762042,0.16414969,0.014842891,0.054439653,0.17564583,0.27446014,0.3049089,0.2956091,0.056124564,0.0035938697,0.10426729,0.2347347,0.08062022,0.0411316,0.06104389,0.17378727,0.061323978,0.13583843,0.07007044,0.1400494,0.25830254,-0.05563373,-0.28078422,-0.14573763,-0.21362717,0.06659756
0.022661408,-0.13536939,0.23670523,0.18792722,1.0,0.633698,0.26275313,0.289236,0.6339878,0.53462875,0.34962457,0.33447596,0.4158056,0.20728546,0.6432302,0.59799904,0.39390805,0.15946567,0.06055379,0.13000005,0.2696388,0.3506814,0.3033468,0.3944365,0.43425605,0.5501447,0.5091634,0.632072,0.4333615,0.4074884,0.08597731,0.2521727,0.16668525,0.14860779,0.26478243,0.3793891,0.18284863,0.23771021,0.39042634,0.21617174,0.039538186,0.47245598,0.133903,0.0045166314,-0.08783769,0.0063475613,0.12991852,0.09908774,-0.11504215,-0.16685608,-0.10009088,-0.1962478,0.12426268,-0.11992251,0.16590413,0.113340355,0.075473234,-0.23280047,-0.25323796,-0.19787599,-0.21051686,-0.17467946,0.1577035,-0.2739081,-0.018496586,-0.2071317,-0.040777706,-0.06791572,-0.036423236,-0.03679216,0.32582623,0.08831105,0.13723244,0.31633773,0.2394745,-0.04514721,0.2972661,0.29900697,0.48560184,0.345103,0.4196849,0.08486833,0.4874267,0.34401283,0.34457642,0.0486099,0.22602177,0.32011214,0.3310073,0.05087574,0.12478407,0.04058292,0.03425986,-0.020976422,0.027082024,0.029716153,0.031336464,0.04217088,0.10733631,0.08882815,0.16604511,0.26763692,0.021543363,0.0381863,-0.083977304,-5.3161664e-05,0.0063453172,0.25599876,-0.0377403,0.041792717,0.2012684,-0.0049156817,-0.07388794,-0.10522184,-0.022039818,0.10114798
-0.029587926,-0.076219805,0.1470405,0.06463668,0.633698,1.0,0.08488526,0.26487634,0.5703553,0.6750225,0.22590396,0.31224734,0.39461407,0.20902437,0.73640555,0.7752397,0.33684987,0.14637671,0.023068914,0.12238682,0.33311918,0.3690763,0.3207498,0.32527965,0.6858726,0.7172327,0.3098097,0.66173476,0.3227989,0.4027216,0.047769126,0.20499635,0.16316903,0.04881932,0.14008099,0.27271807,0.18109475,0.25104737,0.49455,0.37593198,0.17856945,0.6398228,0.27223438,0.14474644,-0.023010034,-0.08106658,0.26471987,0.21900679,-0.23069154,-0.15522498,-0.083915114,-0.23137328,0.28331715,-0.024265578,0.2910337,0.31177518,0.012350119,-0.20624353,-0.20616622,-0.17860198,-0.32251835,-0.09445178,0.0933544,-0.21605116,0.06418501,-0.08563078,0.015319617,0.056747343,0.013489774,-0.112422526,0.2326481,-0.110763796,-0.12904204,0.31217274,-0.039021004,-0.24035066,0.11347019,0.06680093,0.42429096,0.32560673,0.35520098,0.13172172,0.66958064,0.54156274,0.33296287,0.20910323,0.5147451,0.61593616,0.53400797,0.28766203,0.3359434,0.18280657,-0.13160825,-0.060179513,0.049416468,0.19313887,0.11963676,0.09349011,0.18706521,0.26102167,0.19646424,0.17348547,0.11721429,0.057047635,0.024441767,-0.06745284,-0.030710295,0.19407988,0.060063906,0.07147218,0.28694728,0.011399245,-0.018973343,0.0891963,0.16890018,0.15487027
0.4584655,0.08745894,0.59296876,0.5748751,0.26275313,0.08488526,1.0,0.5964413,0.25547293,0.029567828,0.49300325,0.53576016,0.59743744,0.4617476,0.16320288,0.16481206,0.50092256,0.2230034,0.35960516,0.42007577,0.28742087,0.21534558,0.6354322,0.61828876,-0.021605687,0.104810014,0.28415453,0.16587603,0.607578,0.47486937,0.48949915,0.6195414,0.58572364,0.59458715,0.6572681,0.5416379,0.42011297,0.33371356,0.28484067,0.18799347,0.21750037,0.12739955,0.34419906,0.21205439,0.15758166,-0.045628,0.3560474,0.2429346,0.055980783,-0.2645794,0.03592247,-0.023057394,-0.048946608,-0.1393947,0.2522722,0.061839018,0.4135891,-0.14228998,-0.22707361,-0.1854575,0.1747869,-0.2130654,0.5214653,-0.03830855,0.263505,-0.16009146,0.23236598,0.1333041,0.13282867,0.123265944,0.576938,0.40456432,0.3508889,0.38555086,0.4204366,0.34455273,0.5029489,0.35426062,0.37052876,0.29155675,0.5501778,0.3793753,0.11720343,0.18552443,0.4849749,0.26646966,-0.02587179,-0.053859327,0.24772762,0.04104989,0.07365228,0.19234145,-0.11429167,0.20072794,0.19236961,0.21450229,0.35520396,0.21856283,0.17184064,0.07461964,-0.1566927,0.1740603,0.13767534,0.16043033,0.07083175,0.1800286,0.18541875,0.35124192,0.1577518,0.23517643,0.39305124,0.09124591,-0.08199683,0.08849633,-0.15251212,0.027828025
0.32426655,0.14744425,0.38425168,0.64802164,0.289236,0.26487634,0.5964413,1.0,0.25165832,0.305947,0.5160036,0.6849183,0.66725284,0.6589109,0.2612323,0.28612712,0.50589293,0.3470719,0.32225248,0.3280548,0.38581988,0.4489274,0.53129554,0.43898204,0.11710073,0.16293629,0.3759232,0.25429896,0.61346096,0.6369913,0.2662073,0.45068187,0.48701808,0.35363424,0.51370704,0.6940165,0.5024085,0.5436527,0.3748917,0.47413015,0.37296405,0.34593827,0.46397018,0.4049656,0.23633075,0.0346704,0.40175915,0.36151877,0.01689921,-0.118014164,0.07745769,0.03495869,0.082137115,-0.13075602,0.37745714,0.24395,0.25132772,0.05755711,0.051741958,-0.010107978,0.12375728,-0.043831352,0.61083543,0.20082678,0.25993487,0.023027366,0.40067127,0.40067953,0.28873634,0.1743809,0.50907624,0.43630368,0.31633633,0.56079954,0.34034407,0.26503846,0.4506125,0.3939018,0.362445,0.4947151,0.5380616,0.5202937,0.044234414,0.09497869,0.30335703,0.3401295,0.0055843624,0.0071300343,0.38920066,0.3012495,0.056615137,0.21333264,0.114508905,-0.04376224,0.22000162,0.38911098,0.3963122,0.3086742,0.2083942,0.09750834,0.103953555,0.1831797,-0.053056825,-0.09814603,-0.083469965,-0.1277353,0.20211865,0.20910513,0.14551297,0.3645142,0.42976138,-0.012353245,-0.22329222,-0.07451797,-0.2039421,0.14606251
0.15125136,0.06405807,0.18579285,0.08483432,0.6339878,0.5703553,0.25547293,0.25165832,1.0,0.5452296,0.28861648,0.37926733,0.4561907,0.26178676,0.617839,0.5727424,0.37297928,0.12984715,0.111219384,0.11926899,0.4206431,0.3418445,0.2741887,0.29229575,0.32214212,0.38830638,0.335717,0.54736286,0.432535,0.42570168,0.04644857,0.27293915,0.20566052,0.12380422,0.21555111,0.2677342,0.15671445,0.1659421,0.40432283,0.21535958,0.21130739,0.45732513,0.23999482,0.0845728,-0.2544969,-0.020032933,0.2458782,0.1727392,-0.2399009,-0.15586022,-0.13838412,-0.16570489,0.11764682,-0.14175545,0.2268988,0.1726857,0.14102921,-0.14565629,-0.1039704,-0.18039475,-0.17153153,0.014447713,0.18729606,-0.12578847,0.046016775,-0.08363113,0.048848018,-0.032550566,0.035320237,-0.0007016127,0.28137255,0.031792205,0.057269637,0.27496147,0.09118191,-0.15962823,0.28743663,0.082254566,0.375364,0.29004025,0.4900578,0.16550174,0.521486,0.4911852,0.49833292,0.22599418,0.29231432,0.33749485,0.40899858,0.031512693,0.24309437,0.13036196,-0.08790143,0.10354349,-0.043788027,0.09133046,0.12240365,0.07394951,0.11686998,0.18774655,-0.01765077,0.1243418,0.16538785,0.2633174,-0.029975977,0.11246231,-0.008340481,0.28023332,0.02224057,0.058791388,0.27734628,0.04679818,-0.0040529105,0.13849057,0.07930178,0.056566864
-0.10628146,-0.06234088,0.016606111,0.06613805,0.53462875,0.6750225,0.029567828,0.305947,0.5452296,1.0,0.28293496,0.32624784,0.40558648,0.32367063,0.52681255,0.6377526,0.3049201,0.2207679,0.044539448,0.032200348,0.2510647,0.35174012,0.2231452,0.115238294,0.38333786,0.4771938,0.45183295,0.5340157,0.32812583,0.47530064,-0.050959326,0.09325429,0.097611845,-0.088824235,0.16830388,0.20306921,0.2726302,0.22208805,0.4611507,0.2965441,0.13765089,0.47422892,0.14321092,-0.043442238,-0.07052445,-0.01085884,0.1677537,-0.01746355,-0.1685323,-0.042801954,-0.1844883,-0.08997885,0.014262735,-0.07932644,0.12162421,0.091092035,-0.040749423,-0.09307601,-0.060892493,0.008758313,-0.28292048,-0.094413295,0.15066402,-0.08840112,0.11888431,-0.095817424,0.032722276,-0.02497505,0.08735584,0.012304501,0.13289335,0.015337148,0.030180288,0.34128642,0.02883113,-0.12057296,0.21955012,0.18731685,0.38467145,0.36209822,0.43806309,0.24950357,0.39623895,0.3029721,0.35841107,0.13026486,0.30701253,0.38107377,0.29724163,0.27752498,-0.030605962,0.1312797,0.15839045,-0.22528419,-0.042674433,0.096681066,0.11207617,-0.008361513,-0.05222056,-0.04949789,0.3593146,0.1644147,-0.16913609,-0.18507592,-0.27233225,-0.21443622,-0.104539536,0.078875706,-0.12103754,-0.012403587,0.23447637,-0.13829279,-0.19364168,-0.094011866,-0.10665648,-0.018488968
0.49937096,0.35676748,0.63211817,0.661379,0.34962457,0.22590396,0.49300325,0.5160036,0.28861648,0.28293496,1.0,0.7047533,0.7333847,0.6641753,0.34042072,0.35493177,0.7872149,0.67099816,0.5591338,0.55517906,0.22339617,0.3331792,0.6180389,0.4249384,0.091273874,0.21681504,0.31763887,0.34067494,0.69333965,0.7449042,0.35799533,0.55338705,0.64694726,0.5544422,0.42720652,0.48347437,0.4240828,0.3232885,0.43170106,0.2504767,0.16257402,0.11731501,0.33403525,0.20555294,0.10614024,0.098806135,0.3312052,0.10467422,-0.009141467,-0.049494747,0.16422309,0.060823496,-0.006680056,-0.011358949,0.10710176,0.042522475,0.6087643,0.21093222,0.034190938,-0.034456264,0.38385817,-0.017939596,0.5216732,0.21335016,0.123358086,-0.053584967,0.40383312,0.26463515,0.46955743,0.4014778,0.4309236,0.4153275,0.23358257,0.6143457,0.32021397,0.15467882,0.4141373,0.462423,0.6026503,0.5601436,0.65140635,0.4449911,0.15606114,0.074067935,0.38618863,0.17057352,-0.096450604,-0.09401358,0.20180747,0.06621728,-0.12850471,0.10369159,0.03865926,-0.01780414,-0.002167267,0.093642525,0.2095454,0.21009684,-0.11344077,-0.14859413,0.025089823,0.28785393,0.02657542,-0.0123399375,-0.04426575,0.18156725,-0.16024368,0.04339065,-0.07165357,-0.030760886,0.2469897,-0.21711347,-0.38282755,-0.099580556,-0.14311822,-0.06826447
0.5590991,0.4328676,0.5230572,0.6478786,0.33447596,0.31224734,0.53576016,0.6849183,0.37926733,0.32624784,0.7047533,1.0,0.7073817,0.6587669,0.36168215,0.36710745,0.6181214,0.52687657,0.53844905,0.5247766,0.3004961,0.39497727,0.51152164,0.34443313,0.1491363,0.25125757,0.3449621,0.43439025,0.70351845,0.68279195,0.3469052,0.5020375,0.5811118,0.48341915,0.42239895,0.61153865,0.4857468,0.52897286,0.48447028,0.5189225,0.3160772,0.3066524,0.48892227,0.43759722,0.2335044,0.07574873,0.4592451,0.39991885,0.0044890465,-0.10935756,0.15491098,0.0055154716,0.12367038,-0.13432498,0.40948516,0.31802922,0.57951593,0.23405148,0.06699885,-0.048936877,0.33220533,-0.014077231,0.5809861,0.2426408,0.21449646,-0.021117328,0.46444973,0.46001896,0.46567842,0.3404173,0.49476346,0.39246467,0.2310817,0.6059486,0.4010197,0.24042936,0.32543597,0.32726413,0.47405982,0.4175362,0.55835646,0.39737767,0.20388184,0.122424014,0.3727114,0.25938773,0.08852379,0.0065150983,0.46953174,0.2422081,0.12191056,0.2757088,-0.0086208135,-0.037262663,0.18755965,0.34880796,0.39749095,0.37012696,0.18300764,0.13596202,0.09521092,0.2612414,0.012178051,0.0067081233,-0.07720376,0.041412026,0.04375907,0.1821215,0.1463288,0.2768044,0.43252787,-0.009195989,-0.17310706,-0.07896041,-0.19865902,0.1497704
0.43576804,0.23313254,0.525565,0.57237434,0.4158056,0.39461407,0.59743744,0.66725284,0.4561907,0.40558648,0.7333847,0.7073817,1.0,0.6297689,0.41128036,0.43832764,0.7298335,0.42618546,0.46356472,0.4194729,0.4094277,0.41844362,0.61740553,0.47598907,0.22579676,0.29217663,0.30429888,0.3713527,0.7657457,0.7678174,0.29576296,0.59576803,0.5411218,0.3984978,0.4052951,0.5511822,0.48328286,0.43600944,0.53513825,0.3945199,0.33088756,0.32930043,0.4016737,0.25073278,0.0142867165,-0.006760477,0.44555798,0.28542393,-0.09603089,-0.11944727,0.062520675,-0.05004552,0.15258174,-0.11948953,0.3222692,0.21419232,0.42600182,0.05727391,0.066461384,-0.002490819,0.18387319,0.00826302,0.55726856,0.08163246,0.1973943,-0.058854774,0.39709407,0.2512013,0.39160833,0.26204324,0.5846276,0.40643904,0.28933334,0.6638048,0.34008148,0.15368874,0.50096965,0.4316807,0.55032724,0.60048646,0.76546586,0.45907867,0.29909664,0.24861573,0.54768854,0.28522655,0.15257892,0.13297637,0.43430173,0.19303769,0.11116059,0.30485827,0.0061939307,0.039870474,0.08887582,0.23826113,0.35623652,0.30472463,0.09174437,0.065690376,0.060681436,0.24371967,0.100868076,0.048928905,-0.0228172,0.08674388,0.069446474,0.28397205,0.031692006,0.2094634,0.472663,-0.08504651,-0.20746875,-0.012541176,-0.05256402,0.0870832
0.42820427,0.34791464,0.44801885,0.6515544,0.20728546,0.20902437,0.4617476,0.6589109,0.26178676,0.32367063,0.6641753,0.6587669,0.6297689,1.0,0.22949785,0.28230426,0.5463362,0.72836095,0.5610726,0.6085566,0.26384467,0.30905488,0.6370617,0.39479733,-0.031704478,0.07890515,0.32568604,0.18563175,0.54821086,0.6969184,0.3864654,0.4911247,0.69815063,0.5432742,0.45212883,0.46056527,0.367106,0.21121295,0.4413336,0.2758316,0.1741314,0.059320193,0.40900034,0.18280788,0.18336824,0.006571418,0.28948346,0.085133776,0.03650642,-0.1470503,-0.0057982574,0.07476381,-0.1350645,-0.042296845,0.082968555,0.028585885,0.47537422,0.23742606,0.12190325,0.041846137,0.30879152,-0.014014435,0.54253846,0.39786014,0.22400843,0.12461938,0.4211486,0.3084387,0.40626168,0.3265458,0.3511023,0.35074446,0.12374018,0.46368128,0.15644623,0.07968645,0.31781077,0.25940984,0.38509518,0.4830036,0.5151157,0.68022233,0.04909138,0.15319324,0.22360249,0.34465572,-0.08739821,-0.09293209,0.15275201,0.13495,-0.15575925,0.14042918,0.006813558,-0.09622472,-0.045389604,0.16116542,0.28598732,0.114548765,-0.13037202,-0.1556038,-0.005095578,0.21192122,-0.13655989,-0.117286764,-0.17199077,-0.0558806,-0.14808457,0.007932806,-0.09620903,0.046792563,0.32604843,-0.23621477,-0.4245802,-0.08390493,-0.31090465,-0.12089843
0.17004655,0.10298283,0.3206311,0.1899709,0.6432302,0.73640555,0.16320288,0.2612323,0.617839,0.52681255,0.34042072,0.36168215,0.41128036,0.22949785,1.0,0.7896447,0.46628487,0.22263567,0.14538908,0.19859114,0.4533361,0.48026714,0.34793046,0.38154158,0.6548086,0.6986517,0.17342147,0.62522715,0.39588878,0.4477596,0.23925786,0.3463411,0.22249907,0.13781677,0.20362341,0.316131,0.18717998,0.23208521,0.5244037,0.37727374,0.21576674,0.6056982,0.33415532,0.19700146,0.042368572,0.037750438,0.31454554,0.25129664,-0.101377994,-0.014284778,0.13452595,-0.07045293,0.42300493,0.19732092,0.32964686,0.32647792,0.19445793,-0.06746987,-0.035628017,-0.08481715,-0.060638603,-0.048140705,0.2100766,-0.11652213,0.20150176,-0.015616339,0.18952623,0.14545645,0.17636792,0.120404266,0.27983552,-0.10914914,-0.15247633,0.30052933,-0.013775064,-0.23336723,0.11120229,0.06635342,0.49275622,0.35564545,0.4866221,0.10477545,0.7326191,0.58977866,0.5046877,0.26612416,0.28726423,0.5584443,0.54349315,0.15124564,0.36509237,0.1351858,-0.23124748,0.030948915,0.08766907,0.2410571,0.11891511,0.20765358,0.19639124,0.30089334,0.1373163,0.30423713,0.25028682,0.24404483,0.21489377,0.1933703,-0.0871601,0.29328102,0.10456386,0.056219008,0.23390701,0.012134458,-0.0076125637,0.06893227,0.1401718,0.20578119
0.0504026,0.09837973,0.3313736,0.2132548,0.59799904,0.7752397,0.16481206,0.28612712,0.5727424,0.6377526,0.35493177,0.36710745,0.43832764,0.28230426,0.7896447,1.0,0.45947182,0.2695759,0.124355525,0.24014744,0.29315472,0.3564603,0.3881311,0.4006848,0.623721,0.7131123,0.18573214,0.5771953,0.3610246,0.50214124,0.20692419,0.37072605,0.23675326,0.1734441,0.20750915,0.24339531,0.17539275,0.19822074,0.5574831,0.3416468,0.11285189,0.597164,0.3270156,0.15896213,0.04650163,0.05307855,0.28768095,0.17428939,-0.15879592,-0.053601775,0.11544269,-0.10030956,0.2758303,0.15532555,0.22986539,0.2794582,0.16205323,-0.04030074,-0.10226466,-0.045110244,-0.1326767,-0.0047755763,0.09627229,-0.078758,0.15452313,0.0132246185,0.14429979,0.12446019,0.1608397,0.06863359,0.18224896,-0.14867896,-0.22439122,0.27191368,-0.08385766,-0.28989872,0.077546224,0.059778374,0.5037567,0.4017212,0.4655689,0.25382802,0.69107085,0.6298321,0.43157783,0.3572446,0.3508249,0.61112726,0.47798684,0.24897341,0.27797177,0.17011437,-0.21385819,-0.04980017,-0.055558674,0.16577858,0.06189868,0.087495096,0.066199996,0.20323935,0.23062085,0.19417594,0.19746114,0.20383455,0.09919711,0.116904914,-0.09359545,0.2059841,-0.015312807,-0.0701412,0.22012714,-0.09429732,-0.08190907,0.026678955,0.13282862,0.08451945
0.43808126,0.27445984,0.61928034,0.56217116,0.39390805,0.33684987,0.50092256,0.50589293,0.37297928,0.3049201,0.7872149,0.6181214,0.7298335,0.5463362,0.46628487,0.45947182,1.0,0.55204487,0.42644227,0.4197183,0.40887514,0.45494956,0.5897877,0.5005735,0.20443934,0.3038824,0.25207946,0.4162189,0.7667359,0.7268862,0.27654722,0.6086441,0.5729477,0.49697182,0.4635612,0.5080733,0.42940554,0.37407336,0.41581553,0.2777325,0.2868991,0.26353312,0.39368975,0.28228727,0.08200845,0.03221765,0.4548289,0.21368249,-0.02990333,0.046666265,0.22070758,0.0793955,0.19098058,0.058027767,0.22125973,0.15955977,0.49458474,0.102022156,0.020034267,-0.009934027,0.25077662,-0.023768378,0.44727632,0.046253778,0.19602244,-0.039960854,0.39097372,0.24481681,0.38861275,0.29271153,0.5066892,0.40720582,0.27781367,0.6694931,0.36614424,0.15335739,0.48442394,0.45733163,0.6658819,0.6224038,0.7399373,0.38596487,0.3214227,0.24532853,0.5143837,0.27761546,-0.048067864,0.062473323,0.3317495,0.1301585,0.021132072,0.13765803,-0.016243175,0.10771181,0.017991817,0.1669845,0.2677982,0.31478712,0.0139737725,0.0047783614,-0.0007979886,0.32395902,0.17913778,0.11271036,0.088333055,0.23624656,-0.0733458,0.1067296,0.013924068,0.010684036,0.34034204,-0.12338001,-0.26953676,-0.045630258,-0.02945179,0.0101179145
0.37785077,0.37970102,0.4569783,0.5793091,0.15946567,0.14637671,0.2230034,0.3470719,0.12984715,0.2207679,0.67099816,0.52687657,0.42618546,0.72836095,0.22263567,0.2695759,0.55204487,1.0,0.5169638,0.6093518,0.08543651,0.13753729,0.47688815,0.2518038,-0.036186047,0.096283585,0.22242121,0.18349195,0.47489133,0.6082294,0.2471292,0.37221995,0.63396645,0.5749211,0.2998584,0.28290787,0.21267979,0.06933782,0.339612,0.12864093,0.019383729,-0.076251574,0.23978224,0.101668976,0.19092007,0.020637402,0.13294205,-0.088913925,0.0011861654,-0.06056778,0.07273441,0.09233709,-0.15408175,0.11279957,-0.08703217,-0.032780666,0.5469249,0.32039666,0.079592325,0.02574506,0.37521842,0.0007936122,0.33403462,0.37542236,0.025730377,0.056545053,0.3283086,0.23149912,0.40132532,0.30154407,0.22316974,0.31337956,0.02906455,0.4084638,0.07157877,0.0066027655,0.15583883,0.18849409,0.44587955,0.44949853,0.38899148,0.5639573,0.044116557,0.07984026,0.050636593,0.20795839,-0.14184096,-0.12626493,0.026005134,0.073116235,-0.27705577,-0.038448732,-0.008968149,-0.17329979,-0.13765517,0.01280165,0.0997685,-0.0017419873,-0.2737487,-0.26706538,0.01882635,0.26256818,-0.15013954,-0.15013029,-0.13198823,0.013848122,-0.27848876,-0.15875983,-0.18929976,-0.19136423,0.086791836,-0.326042,-0.50018376,-0.20978428,-0.29351068,-0.21650742
0.7655847,0.65893954,0.5875987,0.6005086,0.06055379,0.023068914,0.35960516,0.32225248,0.111219384,0.044539448,0.5591338,0.53844905,0.46356472,0.5610726,0.14538908,0.124355525,0.42644227,0.5169638,1.0,0.8204962,0.16541,0.1676708,0.5359187,0.14134425,-0.041971155,0.06267985,0.042478975,0.1506364,0.35824466,0.37718835,0.4710672,0.38849202,0.64988494,0.52785957,0.2791587,0.18567991,0.19664441,0.011576855,0.38811275,0.26782823,0.22370462,-0.12196993,0.54106,0.29084402,0.30240867,0.15410137,0.30075237,0.1931608,0.11727283,0.0072403424,0.43095985,0.14612901,0.044481814,0.11195259,0.079903424,0.08776789,0.7205108,0.542012,0.29249978,0.106673315,0.6751467,0.1289601,0.62308645,0.5481327,0.38856575,0.23115225,0.61002904,0.51903564,0.7196662,0.6559681,0.25774214,0.1088961,-0.089902,0.21730205,0.03801167,-0.015328513,0.029442973,-0.072812654,0.17764717,0.15598558,0.31942603,0.43680358,0.033600867,0.036900967,0.2760805,0.24940231,-0.11681688,-0.13351803,0.12682809,-0.015920827,0.099150404,0.20211561,-0.22748391,0.09564483,0.13616507,0.23940577,0.28140414,0.1802828,-0.018625349,0.05077389,-0.12015515,0.1700071,0.15222721,0.15438193,0.16612162,0.2896489,-0.16204768,0.0906283,0.16095386,0.19864985,0.27147725,-0.011780547,-0.20415618,0.0012813606,-0.1496702,0.030653877
0.6807555,0.5979241,0.62197334,0.6184285,0.13000005,0.12238682,0.42007577,0.3280548,0.11926899,0.032200348,0.55517906,0.5247766,0.4194729,0.6085566,0.19859114,0.24014744,0.4197183,0.6093518,0.8204962,1.0,0.11263059,0.054481257,0.59673446,0.2930064,0.004090812,0.13835905,0.06911864,0.16782077,0.34650677,0.39770606,0.51349974,0.46224985,0.7049647,0.68919545,0.3194793,0.20283109,0.08893591,-0.06370033,0.3711875,0.17661963,0.09762863,-0.09585727,0.4988674,0.2480738,0.32951882,0.054308135,0.2043678,0.11211364,0.09571087,-0.09550704,0.33614644,0.09547052,-0.036716703,0.17880364,-0.02398911,0.04550849,0.7104517,0.45966744,0.10361559,0.0024551218,0.5871973,0.03276619,0.50352114,0.5171614,0.28848097,0.23361923,0.48885748,0.43608686,0.57860285,0.50937337,0.19752093,0.03583249,-0.1983837,0.16040292,-0.029638665,-0.10655355,-0.029312832,-0.09819888,0.23720928,0.20432274,0.280623,0.55240625,0.107407935,0.19718708,0.16903858,0.34373403,-0.0660441,-0.03368466,0.09486471,0.011313504,0.068146385,0.17738251,-0.35454157,0.110345304,-0.01522122,0.11708558,0.14053091,0.016599558,-0.11612331,0.0196517,-0.1678661,0.20429944,0.1496225,0.18014039,0.18490735,0.25662324,-0.17777708,0.08413942,0.05112089,0.025437368,0.17352037,-0.15341985,-0.27035636,0.005581487,-0.17626366,-0.10265015
0.19752146,0.10669316,0.21593966,0.19035561,0.2696388,0.33311918,0.28742087,0.38581988,0.4206431,0.2510647,0.22339617,0.3004961,0.4094277,0.26384467,0.4533361,0.29315472,0.40887514,0.08543651,0.16541,0.11263059,1.0,0.66640246,0.39707538,0.34280142,0.25567186,0.20945935,0.13085707,0.3072581,0.4004283,0.29583633,0.23226006,0.36489585,0.28197464,0.05696858,0.31907803,0.3311698,0.2133861,0.30433583,0.13001323,0.26432177,0.5802464,0.4824022,0.34853315,0.28082922,0.061366826,-0.035598088,0.30765027,0.26587218,-0.15515132,-0.01300435,0.032217547,-0.10127529,0.20670888,0.043161366,0.28204766,0.27472538,0.11328707,0.016717674,0.12391386,-0.0049387505,-0.034965906,0.022724394,0.3163102,0.038395613,0.25049314,0.06703402,0.26695207,0.23243006,0.20783287,0.11975835,0.38538736,0.10769813,0.09049325,0.29956198,0.07111147,-0.110399306,0.31059146,0.11305365,0.2817393,0.24027008,0.37276047,0.15222539,0.26891577,0.3191478,0.33606195,0.31075543,0.14322022,0.21368419,0.32532072,0.14349838,0.22606419,0.09547926,-0.008122658,0.15896882,0.14403306,0.29855198,0.25043663,0.25456277,0.22047308,0.24405251,-0.109671354,0.08157064,0.19591217,0.120084964,0.11254177,0.02610551,0.17705776,0.25535092,0.26917917,0.14906155,0.24061845,0.041711263,-0.051059052,0.22334227,0.0958527,0.14611349
0.1863485,0.120237246,0.23446167,0.28559536,0.3506814,0.3690763,0.21534558,0.4489274,0.3418445,0.35174012,0.3331792,0.39497727,0.41844362,0.30905488,0.48026714,0.3564603,0.45494956,0.13753729,0.1676708,0.054481257,0.66640246,1.0,0.33778563,0.26616818,0.28892812,0.25817037,0.19754371,0.37008974,0.38077557,0.35058954,0.17463024,0.25407055,0.20774332,0.008289814,0.3527339,0.41880536,0.29593393,0.45752266,0.17416205,0.35490912,0.5120051,0.5272014,0.3676717,0.3823659,0.15879494,0.16136943,0.33298397,0.30198836,-0.022488628,0.08500505,0.18371013,0.087331675,0.27423796,0.10274281,0.29773334,0.3182941,0.10147769,0.09758251,0.1904311,0.022445872,0.023964627,0.026225084,0.33783337,0.058306083,0.24244392,0.080044426,0.31997833,0.32159498,0.28376612,0.18552588,0.3239554,0.12366923,0.13129891,0.3277267,0.17857195,0.009799045,0.3485359,0.23876573,0.30070943,0.28423557,0.39804515,0.07207499,0.26869142,0.1581869,0.36321864,0.25305134,0.033891838,0.12732117,0.38895056,0.22339302,0.172883,0.058528338,0.1588768,0.03232711,0.24512205,0.36904573,0.2234437,0.3645686,0.25416294,0.19191329,0.05024785,0.105451986,0.084827,0.028119192,0.0073619797,-0.011629213,0.12119259,0.15053114,0.22563899,0.19745952,0.28471678,0.057834182,-0.06233318,0.043436974,0.056477915,0.20013669
0.424324,0.25270393,0.6548481,0.6401503,0.3033468,0.3207498,0.6354322,0.53129554,0.2741887,0.2231452,0.6180389,0.51152164,0.61740553,0.6370617,0.34793046,0.3881311,0.5897877,0.47688815,0.5359187,0.59673446,0.39707538,0.33778563,1.0,0.7109122,0.16999638,0.337425,0.24644548,0.29799074,0.5271065,0.60793483,0.606716,0.6765517,0.7667055,0.6006746,0.604389,0.4311515,0.32105526,0.14498523,0.40127036,0.15181321,0.1435573,0.16436464,0.4999684,0.16758144,0.22193417,0.058471,0.35370117,0.11916366,0.058735475,-0.22571121,0.11676672,-0.05846739,-0.023089264,-0.010948085,0.103749804,0.0060934,0.49405688,0.050798643,-0.11095566,-0.102433935,0.23002045,-0.16489074,0.46194288,0.13710374,0.31322962,0.018536808,0.34616417,0.18246971,0.3093262,0.28494433,0.44375524,0.18708996,0.07913509,0.3753238,0.156814,0.030835345,0.33867556,0.24270107,0.47474325,0.360893,0.4948516,0.5122347,0.20377266,0.33047915,0.38383597,0.37219492,-0.010341127,0.057501588,0.15598202,0.025657702,-0.0055874344,0.09835102,-0.17403252,0.14202966,0.0403162,0.14672843,0.28457275,0.1465815,-0.01881507,-0.03479393,-0.13482137,0.24697973,0.15498945,0.123799205,0.10166037,0.22133106,-0.11390514,0.16100451,0.030319037,0.06642974,0.35514402,-0.05092586,-0.27158883,0.061491746,-0.07087015,-0.08492033
0.12766528,-0.048215274,0.5359526,0.46951032,0.3944365,0.32527965,0.61828876,0.43898204,0.29229575,0.115238294,0.4249384,0.34443313,0.47598907,0.39479733,0.38154158,0.4006848,0.5005735,0.2518038,0.14134425,0.2930064,0.34280142,0.26616818,0.7109122,1.0,0.31160575,0.39343613,0.1555333,0.32084292,0.48555645,0.51149875,0.49863422,0.69786245,0.4905215,0.4594307,0.5533412,0.4670702,0.16476668,0.15562508,0.25350916,0.05268852,-0.061989166,0.23246385,0.28470832,0.12076285,0.08124365,0.0093275225,0.27832016,0.12904927,0.048251122,-0.1914036,-0.02852208,-0.14141572,0.097254135,-0.027510656,0.14723587,0.064057805,0.2222188,-0.26468414,-0.34201512,-0.1974699,-0.06043782,-0.2219863,0.19169417,-0.19205566,0.19487743,-0.1496949,0.10404233,-0.048877917,-0.026628174,-0.020691752,0.48370364,0.21823207,0.18931393,0.34845617,0.2706694,0.1224155,0.3969977,0.36407486,0.49419472,0.3883698,0.49145457,0.34916115,0.37398636,0.4896179,0.36872968,0.3775443,0.03129757,0.169593,0.19262005,0.041824233,0.046522673,0.070486784,-0.22369462,0.18113986,0.00031782014,0.03885951,0.13161932,0.13049255,0.057847165,0.049043596,-0.16205211,0.17473584,0.24837817,0.2250557,0.21215114,0.31225544,0.055566285,0.28651825,-0.02664184,-0.016931618,0.24269322,-0.0048161144,-0.07118534,0.101690225,0.030632991,-0.019426223
-0.05797517,-0.103564605,0.0720493,-0.040301498,0.43425605,0.6858726,-0.021605687,0.11710073,0.32214212,0.38333786,0.091273874,0.1491363,0.22579676,-0.031704478,0.6548086,0.623721,0.20443934,-0.036186047,-0.041971155,0.004090812,0.25567186,0.28892812,0.16999638,0.31160575,1.0,0.7576104,0.06502373,0.5508954,0.13427489,0.22815144,0.1347017,0.1402766,-0.0036015837,-0.08793956,0.01926045,0.15581511,0.07608979,0.1551993,0.35730338,0.32540578,0.06652995,0.5825532,0.17768274,0.1763993,-0.050775547,-0.049793836,0.21942179,0.26496273,-0.13490485,-0.026945658,0.020210542,-0.26560408,0.42180914,0.13371028,0.29080963,0.27927688,-0.036892146,-0.2294704,-0.19475171,-0.16286556,-0.26013964,-0.048261218,-0.038235676,-0.30768088,0.0819885,-0.1673742,0.023842646,0.043271124,-0.028936129,-0.07687323,0.1819922,-0.1922841,-0.22227107,0.19876772,-0.090701796,-0.21832643,-0.02564227,-0.0029040624,0.3855719,0.19477504,0.2635418,-0.10059119,0.6979664,0.4790403,0.33014506,0.10549073,0.46446347,0.6501189,0.4666876,0.12843166,0.40058175,0.10052823,-0.28013304,-0.13349664,0.14331825,0.19508584,0.07148385,0.13633329,0.24644032,0.3353652,0.045042876,0.13420509,0.23374954,0.17177756,0.22368625,0.11745233,0.01582965,0.30680418,0.15650098,0.103202924,0.19723901,0.10658214,0.16338584,0.095916316,0.25013047,0.294301
0.0013419832,-0.065525256,0.21168344,0.09810522,0.5501447,0.7172327,0.104810014,0.16293629,0.38830638,0.4771938,0.21681504,0.25125757,0.29217663,0.07890515,0.6986517,0.7131123,0.3038824,0.096283585,0.06267985,0.13835905,0.20945935,0.25817037,0.337425,0.39343613,0.7576104,1.0,0.21330842,0.63640404,0.25141302,0.31147903,0.22780655,0.28096342,0.13958287,0.068171054,0.14768356,0.2044975,0.08137767,0.116394475,0.43729392,0.26265225,-0.060979016,0.5363356,0.16021581,0.040726498,-0.013323113,-0.024613688,0.14206229,0.12033384,0.009072113,-0.13991514,0.035095617,-0.23367049,0.2735227,0.05339642,0.21111704,0.16464582,0.09421214,-0.2125666,-0.29892954,-0.20118943,-0.19971801,-0.22353767,0.029150775,-0.31485745,0.09919714,-0.2116223,-0.018731443,-0.03540893,-0.010007623,-0.019364988,0.1667998,-0.14492683,-0.15617327,0.21621834,-0.0107892305,-0.17829949,-0.03556198,0.01757721,0.49831012,0.22119704,0.27636105,-0.019158818,0.6509775,0.51777565,0.32543048,0.10680733,0.43641382,0.6016013,0.37980038,0.065069735,0.28309643,0.09328256,-0.22099224,-0.065448895,0.060678367,0.116772845,0.046103295,0.06947879,0.11332562,0.18442568,0.15595971,0.27542,0.13295065,0.105185255,0.13629365,0.07894715,-0.08352876,0.2936058,0.024751252,0.05871359,0.17435963,-0.003216483,0.006181711,-0.018107658,0.14363582,0.15041779
-0.0162354,-0.17820421,-0.008031221,0.14822303,0.5091634,0.3098097,0.28415453,0.3759232,0.335717,0.45183295,0.31763887,0.3449621,0.30429888,0.32568604,0.17342147,0.18573214,0.25207946,0.22242121,0.042478975,0.06911864,0.13085707,0.19754371,0.24644548,0.1555333,0.06502373,0.21330842,1.0,0.46231633,0.36639395,0.3591309,-0.0013237343,0.030216692,0.21593645,0.13997903,0.31822276,0.32945877,0.3125535,0.2193146,0.25577587,0.09818097,0.007231098,0.16770595,-0.058324926,-0.1946416,-0.16605054,-0.111372955,-0.04178795,-0.102411315,-0.12225199,-0.2491801,-0.30571324,-0.17188576,-0.31344843,-0.38348687,0.0025285438,-0.23317344,0.040957592,-0.27509508,-0.3535853,-0.16034842,-0.23069201,-0.31810242,0.19716686,-0.22171211,-0.18995917,-0.28028762,-0.25885808,-0.21140505,-0.19812971,-0.12460444,0.20631567,0.32279834,0.3849866,0.32089788,0.44149363,0.25957903,0.30726275,0.3348599,0.3687855,0.20824292,0.21554504,0.11138407,-0.08561182,-0.15201767,0.046224654,-0.23327866,0.01101259,-0.13051559,0.0012447033,-0.18595944,-0.31454495,-0.07221307,0.33591253,-0.2916977,0.0049183234,0.009247862,0.13024634,-0.091204666,-0.051584214,-0.27933443,0.23109978,0.29270962,-0.44809008,-0.3889027,-0.5161066,-0.39125666,-0.11055974,-0.03685637,-0.109784596,0.07357996,0.23643574,-0.07257154,-0.2515974,-0.2859489,-0.39392394,-0.16571812
0.08156741,0.055464476,0.22302385,0.16018353,0.632072,0.66173476,0.16587603,0.25429896,0.54736286,0.5340157,0.34067494,0.43439025,0.3713527,0.18563175,0.62522715,0.5771953,0.4162189,0.18349195,0.1506364,0.16782077,0.3072581,0.37008974,0.29799074,0.32084292,0.5508954,0.63640404,0.46231633,1.0,0.4246223,0.42590612,0.028881097,0.20596737,0.19574337,0.09727873,0.25863764,0.31435513,0.16444062,0.22469033,0.42921403,0.2983499,0.105649374,0.45075414,0.21048836,0.1350395,-0.024482427,0.003257002,0.24460901,0.1815952,-0.11607262,-0.06712245,0.0054272525,-0.19603477,0.24225344,-0.09869234,0.23529859,0.15509911,0.15712062,-0.13570589,-0.24863887,-0.16848017,-0.16642019,-0.14916666,0.17142637,-0.2141844,0.045188714,-0.1774525,0.043105643,0.029188782,0.077791974,0.053505544,0.28450143,0.06838644,0.12421858,0.4073475,0.3125383,0.081972286,0.17937075,0.17073812,0.5089228,0.27990562,0.33745477,0.024900306,0.5179126,0.3326969,0.35748097,0.115072615,0.2273819,0.28217292,0.36854592,0.045389537,0.15945427,0.077448025,-0.09124968,-0.11775764,0.08667661,0.17683887,0.11091987,0.12731706,0.14028518,0.13305955,0.16615544,0.29399356,0.054511756,0.045818392,0.03319959,0.082382165,-0.07582127,0.12884462,0.062494904,0.07059308,0.2358777,0.04878419,0.07398227,-0.13082996,-0.04657081,0.14633515
0.4113954,0.18072173,0.54944766,0.5916779,0.4333615,0.3227989,0.607578,0.61346096,0.432535,0.32812583,0.69333965,0.70351845,0.7657457,0.54821086,0.39588878,0.3610246,0.7667359,0.47489133,0.35824466,0.34650677,0.4004283,0.38077557,0.5271065,0.48555645,0.13427489,0.25141302,0.36639395,0.4246223,1.0,0.75365245,0.20477174,0.60405827,0.55732036,0.4871245,0.5090416,0.63107514,0.5183653,0.4819799,0.49499854,0.39538127,0.2762381,0.25578192,0.35927078,0.26608506,0.049171288,-0.038325273,0.49824578,0.31868717,-0.068967864,-0.12083315,0.02347052,-0.021698346,0.15763818,-0.15245911,0.3818288,0.2428075,0.44192982,-0.0022325316,-0.03795367,-0.03154303,0.18698366,-0.08446296,0.5007237,-0.009733348,0.13148765,-0.13969739,0.34869468,0.21348555,0.30574137,0.17934468,0.6655202,0.59158665,0.50313205,0.775674,0.5319678,0.37650135,0.5893861,0.53018355,0.60058576,0.6139873,0.7439734,0.41965225,0.24211152,0.19508879,0.47802922,0.23361917,0.05085993,0.0524835,0.4248912,0.21365619,0.049141962,0.26299128,0.045053165,0.06480909,0.19771928,0.27253658,0.424819,0.38326997,0.16295531,0.068404205,0.07369797,0.33840808,0.11926347,0.04675141,0.022259818,0.13936608,0.095948786,0.22786121,0.08620762,0.2217238,0.46702573,0.0120334225,-0.15481962,-0.09274083,-0.12592728,0.112349615
0.28059697,0.18236926,0.47517607,0.60144585,0.4074884,0.4027216,0.47486937,0.6369913,0.42570168,0.47530064,0.7449042,0.68279195,0.7678174,0.6969184,0.4477596,0.50214124,0.7268862,0.6082294,0.37718835,0.39770606,0.29583633,0.35058954,0.60793483,0.51149875,0.22815144,0.31147903,0.3591309,0.42590612,0.75365245,1.0,0.22941093,0.5540414,0.5691546,0.4493034,0.44353148,0.5375438,0.47048518,0.34890953,0.592984,0.3353887,0.1291179,0.2053154,0.34823737,0.14386094,0.045040406,0.03659315,0.40706524,0.14306925,-0.054342482,-0.04483539,-0.0043626754,-0.033363365,0.060507294,-0.10369896,0.22854605,0.09713817,0.35684258,0.016400833,-0.024250554,-0.0022871003,0.09963258,-0.0024461304,0.44331554,0.09674959,0.15274619,-0.06457362,0.3302891,0.15390573,0.3100287,0.1749087,0.4814108,0.42489022,0.3068697,0.7422606,0.3439196,0.19401333,0.5077727,0.50116265,0.616243,0.7160286,0.7565036,0.56744295,0.26966408,0.26354328,0.45271623,0.30748126,0.029293813,0.10067104,0.2999153,0.22663982,-0.10367118,0.16960378,0.037361134,-0.08737994,-0.009422892,0.16456312,0.3157866,0.253815,-0.057728175,-0.11605729,0.12606908,0.28172964,0.03849311,0.0034577274,-0.051654648,0.105780825,-0.099518746,0.12261074,-0.10051696,0.07297231,0.42507088,-0.20308025,-0.27745682,-0.073849164,-0.13509764,-0.034615498
0.45851004,0.2975388,0.5227342,0.44133967,0.08597731,0.047769126,0.48949915,0.2662073,0.04644857,-0.050959326,0.35799533,0.3469052,0.29576296,0.3864654,0.23925786,0.20692419,0.27654722,0.2471292,0.4710672,0.51349974,0.23226006,0.17463024,0.606716,0.49863422,0.1347017,0.22780655,-0.0013237343,0.028881097,0.20477174,0.22941093,1.0,0.59112304,0.50907356,0.43364644,0.4200897,0.32211918,0.1294459,0.03495392,0.23793665,0.1563687,0.018747967,0.051979244,0.34474277,0.13209744,0.2081943,0.09720574,0.15736812,0.12727888,0.12784506,-0.07746642,0.18336314,-0.10267764,0.007200222,0.047040746,0.15209582,0.10566919,0.48651603,0.114047684,-0.051040895,-0.07545117,0.35494706,-0.20131035,0.29538316,0.13393414,0.35244453,0.024500383,0.30511516,0.22349599,0.28369385,0.3540968,0.3319384,0.016624514,-0.119063854,0.016798347,-0.009258998,-0.023011541,0.024705637,0.058179297,0.27571937,-0.02753232,0.2558893,0.24595776,0.22369286,0.24427825,0.23702626,0.2030814,0.024270665,0.026251378,0.14800568,-0.02835568,0.16306506,0.14899997,-0.38825068,0.16429622,0.14532538,0.12677164,0.15502335,0.1514687,0.069285266,0.15198195,-0.22070539,0.1716301,0.21560714,0.19597504,0.22031501,0.3461905,-0.003481598,0.33134705,0.11427894,0.052620202,0.12578306,0.03859459,-0.084232986,0.15181133,-0.04685671,0.046137433
