1.0,-0.028932633,0.13096395,-0.45388427,-0.42059118,-0.4892243,0.48876643,0.05524496,0.3272535,0.56707734,0.6101696,0.070297234,0.70667803,-0.021540152,0.61137223,0.5074008,0.40367305,0.3723313,0.6374691,0.28800246,0.11432955,-0.567305,0.2709365,0.036823068,0.22522654,-0.44437853,0.19678189,-0.61275977,0.45136568,0.3172211,0.6377265,0.39041758,0.5203565,0.44025633,0.65301967,0.5220897,0.34903017,0.22966768,0.6387191,0.47501776,0.46369907,-0.13335727,0.24131303,0.13251364,-0.05780445,0.1350038,0.528039,0.30431554,0.22275893,-0.09151483,0.03606934,0.11331444,0.23979625,-0.3019177,0.5820624,0.3542515,0.8191187,0.022560148,0.054715578,0.08241402,0.2965118,-0.06485703,0.47330427,-0.33981952,0.33815354,-0.2748243,0.4032577,0.45703247,-0.18646774,0.03955028,-0.044061,-0.3289494,-0.29173857,-0.4591061,0.3148772,-0.29817215,0.05202965,-0.063239515,0.122981064,0.116804264,0.7736887,-0.042376153,0.21035224,0.2898549,0.743835,-0.43797174,0.28311783,0.1452478,0.79472387,-0.17144726,0.03297488,-0.5333486,-0.14565086,-0.26339427,0.6215943,0.53341055,0.50579953,0.46159112,0.114726804,-0.098759234,0.46582204,-0.2951883,-0.39622253,-0.428333,-0.12994498,-0.19677965,0.4617683,0.48631576,0.455641,0.31442085,0.39429754,0.1387875,0.25702178,-0.14073305,0.12446024,0.50673383
-0.028932633,1.0,0.46403033,0.62181175,0.4064661,0.2647784,0.2891253,0.49483174,0.14016211,0.07275024,-0.14666519,0.49010178,-0.14030492,0.44604588,-0.061006304,0.21569085,-0.23443852,0.18598004,0.3435839,0.61519074,0.034996603,0.2871931,0.26406196,0.460946,-0.11134209,0.43387344,-0.3660004,0.30645314,0.047068395,0.04539421,-0.06713839,0.15352552,0.17526592,0.29773745,-0.05056556,0.1868662,-0.0015599102,0.017037317,0.045511484,-0.0071531325,-0.06878658,0.18302853,-0.14341371,0.48071682,0.16847995,0.06600286,0.2506793,0.30901766,0.08391421,0.10677958,0.06405467,0.2175042,-0.057174385,0.108018026,0.13179538,0.29230374,-0.070376135,0.6279475,0.10494224,0.015539055,0.18197082,0.3701399,-0.13151982,0.56430364,0.029668855,0.38581347,0.39729917,0.20133504,0.07156458,-0.35204703,-0.0053970725,0.10793557,0.2504509,0.18833804,-0.0310545,0.17475384,-0.07890445,0.04888575,0.01598887,-0.20822732,-0.07697632,0.3565909,0.26013443,0.28740954,-0.15910032,0.5259428,-0.049582854,0.06160339,-0.07693348,0.35662413,0.33419457,0.23669352,0.21798344,0.071885675,0.0350352,-0.11691779,0.1827687,0.047698844,0.4901699,0.50110936,-0.013626293,0.24628161,0.3510062,0.3490876,0.27839985,0.37018698,0.16336921,0.18385652,0.053892072,0.07720807,0.34108418,0.47112975,0.10532075,0.39549178,0.25224093,0.021460492
0.13096395,0.46403033,1.0,0.4952805,0.33410046,0.29426712,0.723404,0.7259794,0.39732,0.29572305,-0.0309988,0.4382075,0.015779495,0.30383885,-0.007787093,0.16059265,0.07176891,0.10563177,0.4620398,0.63789785,0.2760351,0.12504086,0.7980697,0.7356534,0.39250803,0.3981687,-0.008284666,0.09792317,0.11918931,0.10922305,0.3240016,0.33570322,0.35172445,0.42526868,0.2593971,0.46027088,0.16568813,0.35477063,0.2180165,0.26768062,-0.022791166,0.12937629,-0.014580756,0.18054992,-0.006103947,0.20146427,0.32272676,0.3257041,0.053563885,-0.045663886,0.055322915,0.32910046,-0.07407563,0.012110952,0.23893218,0.2951184,0.12163806,0.35975102,-0.06350778,0.17359488,0.16153571,0.17247075,0.011516518,0.18083376,0.08590753,0.0033573902,0.5269411,0.27485624,0.046239004,-0.28158373,0.32101226,0.23395933,0.2006929,0.16828343,0.2668003,0.23452398,0.2843217,0.28819987,0.5174921,-0.13224584,0.28677705,0.1315217,0.2611845,0.16482194,0.15605141,0.14721763,0.36787754,0.12813772,0.1323313,0.018375665,0.23468973,-0.05764033,0.061991617,-0.08032392,0.19325444,0.07733098,0.4174305,0.17434576,0.40403226,0.3604383,0.3141275,0.16870257,0.17165574,0.1822856,0.33406177,0.32869843,0.2195894,0.13359058,0.11041723,0.36739904,0.55202895,0.3452804,0.28953516,0.23525769,0.28519273,0.16784525
-0.45388427,0.62181175,0.4952805,1.0,0.6471639,0.5197397,0.1227478,0.6031528,0.15340452,-0.13452248,-0.33255407,0.4609498,-0.38313186,0.5447548,-0.31228265,0.037106957,-0.2585042,0.071928285,0.06621942,0.4548095,0.17363963,0.6136163,0.31073207,0.61154974,-0.0009824875,0.75155336,-0.4303926,0.56790274,-0.06478659,0.0077524693,-0.19307508,0.21300949,0.101318724,0.2456683,-0.21342225,0.023843566,-0.056564815,0.14643463,-0.1857794,-0.051943965,-0.227233,0.3563528,-0.24011682,0.2517127,0.03837526,0.017517257,-0.008790446,0.17565802,-0.111761965,0.052161396,0.04917403,0.1382576,-0.14622833,0.26871333,-0.14894372,0.12430807,-0.52018,0.3760322,-0.14202474,0.043843646,-0.04636699,0.27226412,-0.44199407,0.5064984,-0.2827071,0.29907316,0.13009511,-0.021679522,0.23633273,-0.21679181,0.23111874,0.47104502,0.40695816,0.49655506,-0.050057527,0.39655954,0.09215799,0.30419528,0.17505617,-0.06916678,-0.36409763,0.40746716,0.14803407,0.19771008,-0.50545925,0.7174405,-0.13202696,0.09843883,-0.45240209,0.44259453,0.30066845,0.43335313,0.28513706,0.09503335,-0.18992941,-0.2690462,-0.02576806,-0.08649147,0.35077885,0.47802433,-0.16135947,0.3626698,0.46197748,0.44862106,0.34970197,0.44012585,-0.078769125,-0.11038333,-0.14569828,0.024185779,0.21496938,0.41676104,0.16387343,0.44103235,0.217266,-0.17954704
-0.42059118,0.4064661,0.33410046,0.6471639,1.0,0.726425,-0.0058657033,0.44558194,0.19049875,-0.007018032,-0.31201607,0.36246535,-0.26441407,0.4083474,-0.17565931,0.20013769,-0.15760694,-0.031077143,-0.157175,0.25305286,0.17025758,0.52704,0.09862293,0.33359024,0.03344657,0.6168072,-0.2506295,0.57572687,-0.004039854,0.05606561,-0.23139794,0.06744685,-0.07124041,0.10546055,-0.28495547,-0.13014176,-0.018232692,0.08918261,-0.18050076,-0.052947897,-0.21645024,0.35822472,-0.1548477,0.06769195,-0.027395273,0.05004087,-0.024837578,0.04934565,-0.15931714,0.14691852,-0.033887997,0.03532506,-0.24817537,0.2052606,-0.10137257,0.123032905,-0.40434113,0.31476155,-0.059605867,-0.021946847,-0.0918076,0.30880865,-0.45232487,0.47310743,-0.28705147,0.3674706,-0.084966764,-0.18623368,0.1572688,-0.2240391,0.27583763,0.4299873,0.4705845,0.49093363,-0.04481835,0.26742768,0.081404634,0.30962646,0.13782497,-0.099272475,-0.3517732,0.36759454,0.08290333,0.12087363,-0.4376927,0.59688187,-0.09761055,-0.029751714,-0.39089584,0.33776644,0.08346965,0.41142493,0.19242485,0.18701167,-0.20800991,-0.2589377,-0.018950015,-0.12013352,0.17932233,0.34719172,-0.21415156,0.13151082,0.30411124,0.37636158,0.21523798,0.30982652,-0.07680639,-0.07627896,-0.15042529,-0.009752326,0.06282365,0.18578969,0.0049047736,0.22346306,0.11844019,-0.2288162
-0.4892243,0.2647784,0.29426712,0.5197397,0.726425,1.0,-0.03825464,0.3756985,-0.031762894,-0.2191477,-0.42237106,0.22413808,-0.4189364,0.20492922,-0.34401995,-0.08219899,-0.24970575,-0.16112751,-0.24655423,0.18821967,0.19843136,0.5988343,0.103836834,0.2485359,0.15778787,0.58857554,-0.030761097,0.6472128,-0.13092676,0.02894802,-0.32122228,-0.117524184,-0.24865206,-0.092490494,-0.33442292,-0.17665878,-0.0768585,0.10993839,-0.24825722,-0.08392163,-0.2861376,0.32019454,-0.1841126,-0.031719297,0.04347937,0.049920153,-0.18537758,-0.015033598,-0.14037454,0.09452454,-0.014304603,-0.044116057,-0.13418277,0.13934219,-0.19202921,0.022862153,-0.47855908,0.24962397,-0.0004873078,-0.036206957,-0.018737188,0.23933043,-0.313518,0.41556627,-0.16345797,0.32631838,-0.15092216,-0.14449911,0.14312264,-0.21971029,0.2991992,0.3356344,0.40367892,0.57635754,-0.11726878,0.2977997,0.1880026,0.347822,0.07153082,-0.13249674,-0.45651898,0.17868406,-0.030551232,-0.05912291,-0.47454852,0.4668725,-0.10448646,-0.08361106,-0.4656395,0.20926121,-0.003746113,0.33124343,0.116618894,0.15360606,-0.3317876,-0.29797444,-0.08603687,-0.1939843,0.07180175,0.27053738,-0.16097882,0.0807429,0.30447286,0.37848398,0.22581042,0.28948823,-0.1575041,-0.16370352,-0.17472118,0.02076043,0.0007915015,0.02723341,-0.18112588,0.2464676,0.076707326,-0.28169352
0.48876643,0.2891253,0.723404,0.1227478,-0.0058657033,-0.03825464,1.0,0.54485685,0.4513173,0.431286,0.27461278,0.38640794,0.35679337,0.2260823,0.2187551,0.2607289,0.3342389,0.27650914,0.62392926,0.61683,0.21862872,-0.18413888,0.78730094,0.6312959,0.36163336,0.086067416,0.081074275,-0.24107493,0.39373213,0.30896926,0.57223433,0.4271105,0.4751498,0.5005019,0.48218742,0.59997225,0.33052832,0.42476457,0.45046753,0.42700043,0.23170249,0.087432824,0.1170914,0.1630116,0.022922289,0.1415294,0.38943154,0.26774794,0.13625593,-0.08158823,0.041543245,0.24904415,0.032692626,-0.14045368,0.43400243,0.36400634,0.43611848,0.18933469,-0.05950992,0.19126824,0.31785202,0.034739446,0.25101984,-0.05795091,0.29093418,-0.07306871,0.5479053,0.43740413,-0.0013684836,-0.109047845,0.3248807,0.0800143,0.084514976,-0.021364274,0.41713136,0.100692995,0.39954305,0.2411586,0.5587184,0.024374878,0.6321943,0.029933032,0.39693785,0.21175966,0.52424675,-0.16466233,0.42995235,0.1933853,0.45128945,-0.09788484,0.03037976,-0.36947897,-0.17580622,-0.26606154,0.4165366,0.29754016,0.53723735,0.29132906,0.3076794,0.14457756,0.4752963,0.002917786,-0.110896476,-0.113113165,0.19725567,0.124139346,0.35142994,0.29539153,0.32750592,0.42403707,0.57181746,0.26727256,0.3191631,0.038496975,0.2606883,0.39964178
0.05524496,0.49483174,0.7259794,0.6031528,0.44558194,0.3756985,0.54485685,1.0,0.23444849,0.21614504,-0.07285279,0.4206295,-0.014063196,0.55074936,-0.07330358,0.21168844,0.10159417,0.244443,0.41206554,0.5923175,0.185432,0.22408266,0.5605458,0.7003257,0.17489035,0.46655282,-0.28083858,0.16203769,0.18049246,0.18602811,0.259918,0.3965192,0.28738526,0.4009654,0.2526454,0.50640625,0.13896073,0.33631766,0.117071494,0.16032581,-0.037755813,0.250568,-0.050057873,0.22603528,0.028995324,0.123230495,0.21174142,0.31185943,-0.004654966,0.025219416,0.0619139,0.25071767,-0.03449197,0.007229604,0.13655332,0.20013814,0.019748522,0.38636157,-0.18623309,0.19597515,0.20387642,0.22447097,-0.0183164,0.3034107,0.08410427,0.124652594,0.433,0.36486113,0.100380495,-0.31751177,0.37773848,0.37666082,0.34147775,0.3553935,0.23813902,0.3529351,0.3140186,0.4992995,0.42119893,0.06542017,0.16370797,0.4741093,0.13069013,0.16125067,0.044354334,0.35029334,0.17443384,0.028492507,0.035017587,0.2882389,0.1789567,0.025821656,0.119309574,-0.14114507,0.13548884,0.015851058,0.2647186,0.073231906,0.27171487,0.28457597,0.2087744,0.12991309,0.12013914,0.12881082,0.23265156,0.21539445,0.10671552,0.057835665,0.0352119,0.3152811,0.4751872,0.3940277,0.22482225,0.31892902,0.1649193,0.014753732
0.3272535,0.14016211,0.39732,0.15340452,0.19049875,-0.031762894,0.4513173,0.23444849,1.0,0.5635288,0.42122135,0.42022657,0.40640432,0.32392615,0.58652955,0.526441,0.27139896,0.2860126,0.30695742,0.4391835,0.3213617,0.003966245,0.4622361,0.43160018,0.41822508,0.25473157,0.18452227,0.03649712,0.4071005,0.30013037,0.3329213,0.44438258,0.55126655,0.5596551,0.33111233,0.33651224,0.32457027,0.37219617,0.49977225,0.46946502,0.35413897,0.07257963,0.058692146,0.034305695,-0.34414288,-0.12777188,0.33854502,0.2605127,0.066929825,0.1060359,-0.015004608,0.10700291,-0.107904606,-0.040320467,0.4499178,0.39277732,0.19998406,-0.004507015,-0.13427393,0.05667747,-0.11821165,-0.07928262,-0.13961388,-0.23196062,-0.11804445,-0.25303316,0.26391873,0.20493518,0.00073206675,0.17289004,0.18366094,0.16301198,0.14897414,-0.07989369,0.31755385,-0.012598501,0.18072444,0.17551813,0.3465691,0.009149463,0.40089557,0.034193005,0.5988811,0.5666849,0.3096242,0.060196906,0.50943816,0.50277704,0.41134086,0.043984663,0.19081664,-0.19641331,-0.004973587,-0.13118799,0.4548699,0.38953444,0.46282828,0.35372493,0.3809111,0.22253875,0.23878369,0.13688973,0.037504595,0.08477905,0.3196077,0.30529854,0.3388829,0.33790848,0.25302744,0.4163288,0.47708732,0.29154637,0.47398362,0.1338735,0.44302982,0.38874194
0.56707734,0.07275024,0.29572305,-0.13452248,-0.007018032,-0.2191477,0.431286,0.21614504,0.5635288,1.0,0.3669327,0.120497495,0.4559691,0.101861686,0.57370305,0.5192191,0.38316706,0.1952611,0.48292273,0.31956318,0.19339977,-0.32283404,0.2833357,0.20315206,0.20146905,-0.16326171,0.20648503,-0.27240115,0.3525746,0.1611331,0.40913293,0.34112844,0.43276983,0.379253,0.53497946,0.4943055,0.2637515,0.17936483,0.4698556,0.36751753,0.402084,0.007596734,0.29911566,0.15442193,-0.20962304,0.09171891,0.43054932,0.22789973,0.075648986,0.10544121,-0.0696311,0.2828986,0.119710326,-0.15590903,0.45376495,0.25514528,0.578592,0.110836074,-0.037945084,0.15026726,0.2144136,-0.0026248705,0.20842162,-0.2086361,0.18228863,-0.21576461,0.41155303,0.40929863,0.07424551,0.11571729,0.031303417,-0.109894074,0.053207308,-0.24962176,0.42309424,-0.042294852,0.056307495,0.077332176,0.3341482,0.02164088,0.55759907,0.20101465,0.25355592,0.3833654,0.5501406,-0.15516269,0.4942282,0.1646734,0.61610085,-0.006296968,-0.038050767,-0.37542248,-0.058869563,-0.17375074,0.39927542,0.267703,0.3709187,0.25581,0.17014153,-0.0023957216,0.36759937,0.07357587,-0.22724362,-0.18965316,0.026634669,-0.040052693,0.33156705,0.36371225,0.17598298,0.2304168,0.46603262,0.16289559,0.35412887,-0.066104196,0.0962837,0.2514447
0.6101696,-0.14666519,-0.0309988,-0.33255407,-0.31201607,-0.42237106,0.27461278,-0.07285279,0.42122135,0.3669327,1.0,0.38007176,0.8472406,0.29964676,0.7378862,0.58203614,0.6274777,0.64823204,0.39472106,0.16131122,0.15519318,-0.26103738,0.083970256,0.028338993,0.18780914,-0.17414488,0.07374473,-0.4393289,0.70551807,0.612231,0.632381,0.6235945,0.6276285,0.53401536,0.5126032,0.3433443,0.46602216,0.27132833,0.60500807,0.47099414,0.51334625,0.08389822,0.024735661,0.097183906,-0.11508896,0.01736103,0.42746332,0.23465072,0.07523115,-0.118722096,0.0016915519,0.1481147,0.17937128,-0.33281025,0.4444319,0.3426285,0.4385597,-0.2843976,-0.045172397,0.14921974,0.046321426,-0.30718574,0.1336638,-0.5180423,0.10771569,-0.48929462,0.11478753,0.25323945,-0.075798884,0.30961478,0.16849013,0.021121949,-0.03936025,-0.238801,0.36168972,-0.17804891,0.21549562,0.16129231,0.14669386,0.4097582,0.6587575,0.036155242,0.37662417,0.5896072,0.5120726,-0.23699635,0.12852597,0.32316184,0.5903381,-0.083845645,0.024188377,-0.45307475,0.059184786,-0.1802843,0.6043211,0.5994096,0.43182465,0.513346,0.1403879,-0.05555044,0.41412827,-0.3008005,-0.36122665,-0.35517058,-0.12410352,-0.116197385,0.33477357,0.44775334,0.378362,0.34038147,0.24220414,0.16613297,0.44868612,-0.042319883,0.18311751,0.47208977
0.070297234,0.49010178,0.4382075,0.4609498,0.36246535,0.22413808,0.38640794,0.4206295,0.42022657,0.120497495,0.38007176,1.0,0.2864624,0.71240395,0.3265562,0.43453687,0.11451183,0.56785107,0.224419,0.54356235,0.14140804,0.32199913,0.39992875,0.4720079,0.26150873,0.52380395,-0.2212064,0.19807687,0.40536222,0.53301585,0.27250746,0.5023677,0.5109533,0.6410581,0.06696273,0.17575347,0.29563496,0.3217981,0.34663844,0.3952327,0.13673908,0.32778394,-0.13563178,0.24228215,-0.0370016,-0.0584259,0.398366,0.40743497,0.07459957,-0.024607942,0.08029889,0.18806286,-0.091240704,0.00927254,0.33410272,0.46842638,-0.10076811,0.13588329,-0.12305145,0.17524706,-0.0783534,-0.045956403,-0.27569714,0.031248529,-0.052946575,-0.061890747,0.23641138,0.17401977,0.0738815,0.035698187,0.34792033,0.33244458,0.33274522,0.24921677,0.12479585,0.11673629,0.190202,0.28758436,0.19168307,0.15776777,0.18979621,0.18676884,0.54535574,0.6239934,-0.013727623,0.41878694,0.025242921,0.3964971,0.113672815,0.14997746,0.34828556,0.045935877,0.26264924,0.022216791,0.42549255,0.33098546,0.4929675,0.41607943,0.5563824,0.46358344,0.16734923,0.06422822,0.20621833,0.20468733,0.25855878,0.38347566,0.31598845,0.39818627,0.24053262,0.45110506,0.39310092,0.42715415,0.36163616,0.38307425,0.46365318,0.31158
0.70667803,-0.14030492,0.015779495,-0.38313186,-0.26441407,-0.4189364,0.35679337,-0.014063196,0.40640432,0.4559691,0.8472406,0.2864624,1.0,0.25174433,0.7194265,0.65651953,0.63855875,0.54170805,0.42573574,0.1455381,0.13265553,-0.36114502,0.13698673,0.03928831,0.1706908,-0.2735075,0.05965859,-0.5391347,0.6806201,0.5525399,0.6713628,0.59812737,0.59633267,0.5322679,0.55834144,0.41277477,0.46898556,0.26673642,0.6147686,0.4479031,0.51480824,0.059250467,0.14868316,0.054479793,-0.07152332,0.038856596,0.48939556,0.22178805,0.13626385,-0.13747336,0.0011942704,0.16995777,0.16893323,-0.30589485,0.4823443,0.328777,0.60618895,-0.21909697,-0.06329252,0.20199865,0.06827261,-0.25719097,0.22362249,-0.5186812,0.19089933,-0.42143157,0.18960439,0.2909167,-0.13527162,0.24259646,0.15374698,-0.053036835,-0.05139212,-0.29283792,0.38962355,-0.18408817,0.17573594,0.12116495,0.1703546,0.3202302,0.7337847,0.093385816,0.30377808,0.48350617,0.6246078,-0.30112,0.18595015,0.1981208,0.66877353,-0.116240494,-0.036819726,-0.50986665,-0.0027833486,-0.16248651,0.613762,0.5627694,0.45123625,0.4894052,0.08025621,-0.1220758,0.42591777,-0.33290485,-0.4149562,-0.41449925,-0.14740653,-0.18402523,0.36705428,0.4383853,0.41908792,0.28220654,0.27878767,0.117891826,0.36352685,-0.11591672,0.12796608,0.46731296
-0.021540152,0.44604588,0.30383885,0.5447548,0.4083474,0.20492922,0.2260823,0.55074936,0.32392615,0.101861686,0.29964676,0.71240395,0.25174433,1.0,0.23024035,0.4666945,0.22564659,0.62715185,0.17893384,0.42313394,0.18314122,0.40878397,0.20577568,0.46757746,0.03438332,0.5659558,-0.45107883,0.24094668,0.4797603,0.52885807,0.22162455,0.5909528,0.443043,0.55786896,0.07538103,0.20759168,0.23888661,0.28356323,0.19189462,0.22141464,0.0950576,0.4459663,-0.16730468,0.268548,-0.071487226,-0.024060952,0.3030088,0.3687991,-0.048521362,0.07086049,0.08984578,0.12641478,0.06420462,0.015898477,0.14685309,0.31918776,-0.19339238,0.11174583,-0.10259226,0.19086488,-0.11202973,0.043504063,-0.35446984,0.09285945,-0.0881771,-0.022893403,0.12620375,0.17438516,0.07270587,-0.009575,0.3399376,0.4942735,0.43641847,0.38466066,0.1607179,0.3211234,0.20009926,0.42430437,0.21633445,0.3754348,0.054274045,0.55291855,0.3365103,0.61707526,-0.15030524,0.5908154,-0.0781267,0.26385382,0.003954906,0.47068834,0.27965134,0.1438908,0.30299836,-0.047220282,0.28138828,0.19452338,0.271371,0.27918142,0.33967993,0.34680912,0.06441508,0.14899962,0.09577278,0.13633433,0.14360118,0.22566831,0.22921473,0.2857431,0.12952822,0.29234084,0.32559392,0.48209867,0.37858567,0.35457468,0.27630317,0.1409766
0.61137223,-0.061006304,-0.007787093,-0.31228265,-0.17565931,-0.34401995,0.2187551,-0.07330358,0.58652955,0.57370305,0.7378862,0.3265562,0.7194265,0.23024035,1.0,0.63548005,0.35333437,0.44417706,0.2673954,0.19309917,0.17451742,-0.26211962,0.095795974,-0.06619519,0.2516429,-0.15666436,0.20821199,-0.31536692,0.51264244,0.407121,0.47115192,0.4409578,0.5543933,0.48689127,0.42099968,0.2918843,0.4316365,0.25571105,0.6932466,0.56156844,0.59785587,0.04162949,0.20560497,0.101373434,-0.2939961,-0.14117768,0.52887064,0.331268,0.1096293,-0.013399777,-0.031761628,0.041334774,0.1478366,-0.19111137,0.6317904,0.46166354,0.47046912,-0.16185722,-0.07337727,0.06711873,0.0060394495,-0.22375481,0.10429394,-0.45409364,0.10446473,-0.44886148,0.26010618,0.3082549,-0.12395087,0.23293535,0.015935725,-0.10811629,-0.03906387,-0.31036967,0.28221163,-0.26870233,-0.027342238,0.032353904,-0.042583063,0.12224041,0.5883723,-0.056040637,0.5041738,0.67810255,0.5683777,-0.15467602,0.3607813,0.43393257,0.7155974,-0.03203012,0.16302808,-0.37863672,-0.018009605,-0.12972069,0.72029865,0.6780291,0.5812636,0.5916248,0.31791335,0.06460357,0.33667397,-0.16303852,-0.18892628,-0.22001687,0.053427767,0.08062518,0.49629125,0.510703,0.44298634,0.46695587,0.37217245,0.18345602,0.42007935,0.11676299,0.33212718,0.514104
0.5074008,0.21569085,0.16059265,0.037106957,0.20013769,-0.08219899,0.2607289,0.21168844,0.526441,0.5192191,0.58203614,0.43453687,0.65651953,0.4666945,0.63548005,1.0,0.367171,0.52402246,0.44547093,0.363364,0.17516926,-0.08948308,0.10048042,0.18942356,0.12534952,0.05970079,-0.14728758,-0.19960773,0.5709037,0.5441737,0.37976503,0.53104144,0.55248296,0.5737225,0.36622345,0.30742088,0.3677274,0.24207638,0.54351294,0.4578789,0.4198381,0.21496573,0.056964144,0.31128648,-0.14416222,0.080177076,0.44609708,0.37273562,0.046463113,0.07100081,0.015416822,0.17693008,0.073927,-0.15989415,0.492409,0.45912856,0.39002076,0.13438295,-0.002325942,0.15091427,0.06322166,0.08986329,0.062735066,-0.09164249,0.118261404,-0.12690829,0.29796243,0.20909189,0.003350287,0.025613753,0.054101333,0.0022735689,0.07814007,-0.10222595,0.27717078,-0.07837239,0.04742254,0.14206468,0.11417799,0.2166459,0.4627231,0.36185858,0.31846383,0.64788043,0.32687652,0.12900914,0.1704173,0.217718,0.4706578,0.12320345,0.1324428,-0.23026116,0.11995075,-0.20128551,0.4858295,0.39428082,0.39431903,0.42093274,0.27591082,0.14527169,0.31565416,-0.18107867,-0.15376844,-0.144785,0.032912128,0.056367397,0.41127515,0.46963918,0.29934117,0.21920194,0.33454907,0.24647394,0.41938972,0.027027233,0.26023272,0.32462013
0.40367305,-0.23443852,0.07176891,-0.2585042,-0.15760694,-0.24970575,0.3342389,0.10159417,0.27139896,0.38316706,0.6274777,0.11451183,0.63855875,0.22564659,0.35333437,0.367171,1.0,0.52046067,0.37593558,0.023612974,0.115593396,-0.21564434,0.08172287,0.16080877,0.020192076,-0.18565579,-0.026595557,-0.39599875,0.68075377,0.5091847,0.61498016,0.5948489,0.4399922,0.34237927,0.5771901,0.43822312,0.36008722,0.22713475,0.29249057,0.1780248,0.29821354,0.15040407,-0.01417885,-0.050334558,-0.060954344,0.12565915,0.19497174,-0.018600168,-0.05901044,-0.080765605,-0.050459597,0.25834084,0.21253298,-0.35196143,0.12129044,0.03416466,0.3691846,-0.2674875,0.10206481,0.19753602,0.06009559,-0.26010948,0.15763396,-0.4449647,0.06574224,-0.36577246,0.0038333575,0.27166933,-0.031153549,0.2624587,0.41726944,0.30601045,0.16304922,-0.00035295653,0.48527548,0.17625718,0.45127553,0.3746709,0.51058614,0.6182073,0.5523919,0.34966433,0.05911761,0.25034752,0.35869315,-0.24641189,0.09456945,-0.045379102,0.3713372,-0.024048662,-0.29049712,-0.4140413,-0.012485254,-0.21360274,0.21510795,0.18654801,0.12918216,0.13634744,-0.22424325,-0.26260713,0.30566254,-0.16322276,-0.51636744,-0.35130242,-0.24058568,-0.31574515,0.0358927,0.1603942,0.15370783,0.048228126,0.10993491,0.046519276,0.28521898,-0.25474814,-0.1615104,0.1267945
0.3723313,0.18598004,0.10563177,0.071928285,-0.031077143,-0.16112751,0.27650914,0.244443,0.2860126,0.1952611,0.64823204,0.56785107,0.54170805,0.62715185,0.44417706,0.52402246,0.52046067,1.0,0.41811192,0.37999144,0.098445825,0.03949654,0.09137452,0.20063399,0.015353625,0.110744275,-0.27004948,-0.19121626,0.7152193,0.7076368,0.4866496,0.67432666,0.5810185,0.6068657,0.32123032,0.2686748,0.40397412,0.26089084,0.35758945,0.34143034,0.2979482,0.26946154,-0.07434779,0.20477249,-0.15620331,0.060950413,0.36449206,0.3450967,-0.02378276,-0.061881516,0.11088643,0.10807797,0.042875282,-0.11747328,0.2827192,0.36043787,0.15946725,0.005013785,0.05694659,0.0723984,0.05711832,-0.042244665,-0.013215276,-0.17831454,0.0021730103,-0.23360413,0.08426734,0.29698977,-0.089654155,0.08207662,0.3186171,0.32061192,0.16307044,0.09674292,0.18733303,0.027964732,0.23643857,0.25311562,0.19889417,0.6019214,0.38413998,0.34996477,0.3072198,0.6313132,0.11544179,0.1711001,-0.15122978,0.22915618,0.26164284,0.14648971,0.12590921,-0.08597499,0.19033974,-0.13224413,0.44317222,0.37301618,0.35530013,0.39868084,0.21507934,0.14853628,0.23401146,-0.13642752,-0.19534035,-0.12286796,-0.09212757,-0.028751062,0.30206755,0.44756815,0.2242401,0.3049585,0.24142425,0.323963,0.36446598,0.13994999,0.17348422,0.2912249
0.6374691,0.3435839,0.4620398,0.06621942,-0.157175,-0.24655423,0.62392926,0.41206554,0.30695742,0.48292273,0.39472106,0.224419,0.42573574,0.17893384,0.2673954,0.44547093,0.37593558,0.41811192,1.0,0.60088813,0.15551458,-0.27085555,0.44945335,0.4881642,0.13403052,-0.08021411,-0.123353705,-0.37938097,0.4568455,0.2860288,0.5858381,0.5353767,0.57043594,0.54049176,0.66328555,0.6521633,0.2948176,0.24127504,0.44278985,0.37396818,0.3075241,0.04203973,0.06364347,0.37796926,0.045331165,0.30553558,0.41011995,0.32919776,0.11138185,-0.04991362,0.030938838,0.34399316,0.18354405,-0.2110505,0.39437306,0.3280595,0.5379887,0.27085796,-0.0009943024,0.14398576,0.46244463,0.12698534,0.4012949,0.024689494,0.2721914,-0.08753585,0.5826652,0.4975215,0.05851015,-0.09552084,0.094459616,-0.027069645,-0.09184958,-0.17516778,0.4012366,0.04538861,0.24968076,0.16046597,0.33881366,0.1584534,0.6061552,0.25771505,0.16682594,0.27568597,0.44637433,-0.12418343,0.20517203,0.07744094,0.4427838,0.066213414,0.088498004,-0.3121131,-0.00835992,-0.35973334,0.35370976,0.2288483,0.34323135,0.2768084,0.2167877,0.096386045,0.42576334,-0.05352355,-0.20623337,-0.2392129,0.018513843,-0.037139725,0.28533643,0.33458915,0.2840934,0.17576128,0.45391104,0.31055835,0.33514726,-0.015550178,0.111634515,0.29693952
0.28800246,0.61519074,0.63789785,0.4548095,0.25305286,0.18821967,0.61683,0.5923175,0.4391835,0.31956318,0.16131122,0.54356235,0.1455381,0.42313394,0.19309917,0.363364,0.023612974,0.37999144,0.60088813,1.0,0.23845153,0.112605534,0.5667373,0.5488299,0.27809677,0.31268218,-0.16862923,0.060360853,0.35948592,0.3583232,0.24980935,0.39807487,0.42934567,0.5670886,0.30154836,0.44732714,0.2214438,0.31532297,0.36580667,0.40757397,0.10341647,0.23918507,0.014999155,0.35681355,-0.012691637,0.1828199,0.4382464,0.5283155,0.11998887,-0.09793791,0.048504893,0.08243454,-0.063402645,0.10141037,0.47271055,0.5419895,0.13966551,0.5468853,-0.07163625,0.060576484,0.3189712,0.35449493,0.071085885,0.36437634,0.07154272,0.14540794,0.5643559,0.38971516,-0.011468928,-0.31757218,0.19382952,0.1036457,0.2040489,0.11875518,0.15159984,0.052696537,0.19417244,0.25004104,0.19895722,-0.03566724,0.25932997,0.20061857,0.3732751,0.46460736,0.12169851,0.3014379,0.15027548,0.2609873,0.19731273,0.1612894,0.2687017,-0.045222566,0.014747256,-0.12968704,0.3778627,0.24000701,0.50975794,0.3835947,0.5238182,0.553223,0.26715842,0.065392755,0.23118025,0.22436947,0.38226798,0.40485233,0.37058157,0.4432596,0.31491357,0.4379259,0.6133458,0.47410902,0.31038326,0.37468553,0.4636896,0.31123143
0.11432955,0.034996603,0.2760351,0.17363963,0.17025758,0.19843136,0.21862872,0.185432,0.3213617,0.19339977,0.15519318,0.14140804,0.13265553,0.18314122,0.17451742,0.17516926,0.115593396,0.098445825,0.15551458,0.23845153,1.0,0.4399987,0.308214,0.3063455,0.5029694,0.35165522,0.1963807,0.19735457,0.24357297,0.17329475,0.25583038,0.34318933,0.22859344,0.18271452,0.16036317,0.16570617,0.2826185,0.4271689,0.2871383,0.42179263,0.32602113,0.5063872,-0.021308962,0.00546903,-0.11671452,0.20182154,0.24064405,0.22277431,0.06791168,0.021041065,0.11406427,0.038884897,0.12887742,-0.12206695,0.12898,0.3466224,0.011863027,-0.07956658,-0.100065276,0.015108162,-0.0006634052,0.043164946,-0.18642016,-0.07512413,-0.30366677,-0.18346497,0.11306569,0.10793156,0.12034948,0.0937944,0.18469945,0.113394864,0.12808768,0.17030312,0.09208379,0.039195463,0.20788042,0.28895095,0.22171795,0.08136858,0.05535802,0.041682992,0.1966943,0.32786053,0.016362399,0.076385036,0.16456959,0.2621677,0.10632588,0.11941029,0.09447312,-0.05012957,0.16375375,0.02954102,0.13143952,0.2614061,0.26973876,0.3304937,0.19861215,0.23589444,0.3087369,0.1336932,0.17156549,0.15066013,0.24582282,0.25221702,0.2732324,0.2636395,0.25307518,0.2474694,0.36433995,0.0770151,0.2176113,0.16263051,0.24883637,0.2897731
-0.567305,0.2871931,0.12504086,0.6136163,0.52704,0.5988343,-0.18413888,0.22408266,0.003966245,-0.32283404,-0.26103738,0.32199913,-0.36114502,0.40878397,-0.26211962,-0.08948308,-0.21564434,0.03949654,-0.27085555,0.112605534,0.4399987,1.0,-0.010369619,0.28605455,0.10064037,0.74752265,-0.19926146,0.69602144,0.0015927525,0.09583385,-0.28109708,0.08369823,-0.1268453,-0.06153742,-0.424968,-0.27479067,0.104309514,0.26834777,-0.23236379,0.018324396,-0.0234985,0.59670484,-0.31892613,0.009725006,-0.0073440536,-0.019605022,-0.14219849,0.0021169563,-0.039608978,0.060872365,0.15735285,-0.08724942,-0.040733602,0.16853103,-0.3331216,-0.005659008,-0.63648534,0.086445436,-0.17737336,-0.013354675,-0.14871521,0.14412431,-0.5430037,0.2666617,-0.43133166,0.19894814,-0.22680207,-0.25243986,0.21535435,-0.046195164,0.23081681,0.45992413,0.46924892,0.623493,-0.13392007,0.37353668,0.15437223,0.33034888,0.05184552,0.06849646,-0.50588626,0.24077258,0.12310934,0.2043435,-0.62109596,0.59265846,-0.27538416,0.046586115,-0.57565814,0.34148127,0.13433802,0.45230106,0.4152899,0.24385369,-0.30363122,-0.22640514,-0.13835756,-0.10797555,0.1375293,0.3096515,-0.23770005,0.28167284,0.3844564,0.3884088,0.17337918,0.29890347,-0.157602,-0.058124032,-0.15346867,-0.004006481,-0.035264067,0.13614027,0.07901681,0.35042864,0.0694065,-0.24231654
0.2709365,0.26406196,0.7980697,0.31073207,0.09862293,0.103836834,0.78730094,0.5605458,0.4622361,0.2833357,0.083970256,0.39992875,0.13698673,0.20577568,0.095795974,0.10048042,0.08172287,0.09137452,0.44945335,0.5667373,0.308214,-0.010369619,1.0,0.6969893,0.55946475,0.29040334,0.11571724,-0.0525556,0.14485091,0.12472553,0.47157905,0.36682576,0.4450139,0.49312338,0.34468025,0.48965937,0.20812747,0.41103378,0.3258567,0.38821408,0.06915974,0.047586996,0.094266884,0.103574626,-0.08422533,0.08316124,0.33060822,0.29589704,0.076482154,-0.057589,0.030741353,0.25738144,-0.046197623,0.05707273,0.33851466,0.36007056,0.2149779,0.117936745,-0.18144636,0.20108053,0.12700436,-0.042867575,0.030782953,-0.061582766,0.12073483,-0.13863257,0.50010324,0.33413282,0.037574466,-0.06593675,0.35263425,0.14778642,0.10066185,0.060434908,0.29625005,0.11814486,0.3334685,0.24259755,0.4817546,-0.10235396,0.39508423,-0.10566605,0.40235403,0.16391592,0.3304129,-0.057800878,0.44292837,0.30805677,0.28585044,-0.08900611,0.24772286,-0.18395397,-0.06884089,-0.143545,0.33563653,0.24463734,0.5019362,0.30187896,0.39999822,0.26745442,0.34227684,0.12637316,0.1641694,0.11424714,0.36449203,0.3321497,0.28019303,0.17604442,0.27070612,0.44538915,0.5762496,0.27069873,0.2625035,0.16784148,0.37348104,0.36162946
0.036823068,0.460946,0.7356534,0.61154974,0.33359024,0.2485359,0.6312959,0.7003257,0.43160018,0.20315206,0.028338993,0.4720079,0.03928831,0.46757746,-0.06619519,0.18942356,0.16080877,0.20063399,0.4881642,0.5488299,0.3063455,0.28605455,0.6969893,1.0,0.27948865,0.59053224,-0.19941096,0.18038969,0.23459868,0.16543916,0.3653112,0.51029235,0.44112357,0.48399195,0.23120102,0.42922267,0.29008943,0.41605705,0.1826504,0.25920358,0.117810614,0.27744433,-0.08130919,0.22257408,0.024655914,0.11212043,0.17671737,0.21783099,0.102926314,0.044033695,0.03717402,0.3447044,0.04325304,-0.0689905,0.09802883,0.18698958,-0.024782032,0.15108956,-0.18725012,0.23379959,0.099722594,0.0025536139,-0.10697945,0.1101066,0.03536533,0.025951877,0.40957865,0.2187752,0.23938528,-0.078043364,0.42041048,0.43791184,0.2439311,0.28251386,0.359984,0.41894212,0.43803325,0.4123782,0.5704265,0.036095284,0.23247574,0.28503925,0.31889343,0.18798748,0.020807825,0.24976824,0.20704417,0.1302691,-0.011678737,0.17746481,0.21190302,-0.008750114,0.13370132,-0.19165933,0.08433789,-0.036385592,0.23410045,0.061941393,0.3453061,0.25557837,0.22705267,0.2502801,0.106938675,0.09012901,0.26705307,0.25326934,0.0812278,0.052814472,0.05618796,0.2031151,0.4393858,0.3866636,0.33890238,0.22616804,0.22755098,0.098215766
0.22522654,-0.11134209,0.39250803,-0.0009824875,0.03344657,0.15778787,0.36163336,0.17489035,0.41822508,0.20146905,0.18780914,0.26150873,0.1706908,0.03438332,0.2516429,0.12534952,0.020192076,0.015353625,0.13403052,0.27809677,0.5029694,0.10064037,0.55946475,0.27948865,1.0,0.2332718,0.41275355,0.075515956,0.13606866,0.2146501,0.3449133,0.19755837,0.27073288,0.27048033,0.16620119,0.16760613,0.21086055,0.44198018,0.3860297,0.52077776,0.18415521,0.1347111,0.017525483,-0.1420153,-0.1939267,0.041201103,0.28005692,0.23870483,0.0684217,0.024334485,0.114559226,0.040728994,0.007432379,-0.06307577,0.35450566,0.35838628,0.14706883,-0.13174796,-0.13632363,0.09242091,-0.047214363,-0.19875292,-0.066442005,-0.22743715,-0.055263877,-0.28541875,0.23764846,0.09495024,0.020342024,0.107065536,0.25025448,0.009525499,0.043002125,0.06538021,0.16920383,-0.05829474,0.3310171,0.22057597,0.21926463,-0.016246192,0.20457493,-0.3320608,0.28139228,0.21131156,0.24867563,-0.12761746,0.4196231,0.39562052,0.25856754,-0.26312277,0.1440979,-0.15166202,-0.026031887,-0.065096594,0.3297042,0.41670278,0.40736344,0.4208962,0.25754216,0.18666014,0.18706132,-0.01615826,0.12128786,0.06305188,0.25918582,0.25293913,0.2913236,0.29170802,0.35872993,0.5160679,0.36909133,-0.017375262,0.15709136,0.011588276,0.36777607,0.38320583
-0.44437853,0.43387344,0.3981687,0.75155336,0.6168072,0.58857554,0.086067416,0.46655282,0.25473157,-0.16326171,-0.17414488,0.52380395,-0.2735075,0.5659558,-0.15666436,0.05970079,-0.18565579,0.110744275,-0.08021411,0.31268218,0.35165522,0.74752265,0.29040334,0.59053224,0.2332718,1.0,-0.21599323,0.6883468,0.065623395,0.14706409,-0.08577253,0.24599667,0.12857375,0.23353228,-0.31149825,-0.09944329,0.123944476,0.33020243,-0.07237582,0.10659562,-0.045366656,0.4924426,-0.29567057,0.1491564,-0.068233676,-0.038266327,-0.015010732,0.13480735,-0.0036934318,0.17142776,0.09937848,0.0932453,-0.09591913,0.13445513,-0.14837767,0.10216372,-0.5642778,0.13617074,-0.18728116,0.017404065,-0.20595224,0.0806446,-0.54470545,0.25389537,-0.29014367,0.1480277,-0.024343029,-0.14837746,0.24923095,-0.050209094,0.3374109,0.55826306,0.4388904,0.5523158,0.0019596126,0.38492632,0.27337772,0.40285042,0.21385896,-0.012822491,-0.3164572,0.22683075,0.32975015,0.3080082,-0.4488784,0.62442863,-0.0528553,0.23347731,-0.42006475,0.34180006,0.25399613,0.3710464,0.3334397,0.084837765,-0.12052834,-0.11040657,0.04132246,-0.014151985,0.34456494,0.3912088,-0.10025101,0.26497567,0.38993317,0.3867466,0.31151527,0.42275763,-0.035388052,0.0037107219,-0.10553339,0.17398812,0.1575972,0.32884416,0.2022142,0.39936236,0.25220975,-0.098568544
0.19678189,-0.3660004,-0.008284666,-0.4303926,-0.2506295,-0.030761097,0.081074275,-0.28083858,0.18452227,0.20648503,0.07374473,-0.2212064,0.05965859,-0.45107883,0.20821199,-0.14728758,-0.026595557,-0.27004948,-0.123353705,-0.16862923,0.1963807,-0.19926146,0.11571724,-0.19941096,0.41275355,-0.21599323,1.0,0.06300022,-0.15749536,-0.22662431,-0.0063986494,-0.288586,-0.033643786,-0.13492835,0.080369465,0.007875955,-0.062875815,-0.056434777,0.14491819,0.13899584,0.05552376,-0.29817194,0.26368165,-0.20979185,-0.1696701,0.011374336,0.064240314,-0.12582025,0.11619507,-0.046563588,0.07736552,-0.11887866,0.02911887,-0.14522725,0.077790976,-0.062931776,0.21443345,-0.18442756,0.07450389,-0.104457825,-0.10331857,-0.13687783,0.14991888,-0.32756504,0.09404746,-0.2042294,-0.006945199,-0.006465825,-0.11285192,0.14281636,-0.17367785,-0.39234442,-0.3476734,-0.37932393,-0.18298504,-0.46664208,-0.08685901,-0.21637653,0.0057122353,-0.26338872,0.14658394,-0.4671037,-0.001670189,-0.108525716,0.36410546,-0.43853077,0.37392238,0.22342661,0.29209623,-0.2884793,-0.14026932,-0.23313121,-0.13568185,0.097349495,0.10227265,0.17002694,0.09354641,0.045294687,-0.09361039,-0.19644977,0.14318815,0.019174108,-0.12130075,-0.06581341,-0.03137759,-0.075771175,0.013976553,0.02539644,0.030471927,0.19169652,0.07676673,-0.30631548,-0.063483685,-0.18038933,-0.038993526,0.13951132
-0.61275977,0.30645314,0.09792317,0.56790274,0.57572687,0.6472128,-0.24107493,0.16203769,0.03649712,-0.27240115,-0.4393289,0.19807687,-0.5391347,0.24094668,-0.31536692,-0.19960773,-0.39599875,-0.19121626,-0.37938097,0.060360853,0.19735457,0.69602144,-0.0525556,0.18038969,0.075515956,0.6883468,0.06300022,1.0,-0.21700393,-0.15180413,-0.52067745,-0.22507912,-0.2625035,-0.14231944,-0.517648,-0.34656247,-0.23131073,-0.026668537,-0.3281658,-0.1704047,-0.3217871,0.24064939,-0.20057458,0.021832021,-0.092114955,-0.06285413,-0.2576531,-0.10200895,-0.107522845,0.20828706,0.114008665,-0.19821213,-0.14623351,0.2323763,-0.31860483,-0.072943375,-0.6962696,0.20692621,0.03760139,-0.19607668,-0.20673686,0.23112907,-0.5335016,0.37630287,-0.3002823,0.30980754,-0.2514273,-0.29251987,0.122059636,-0.10804414,0.07372363,0.33067632,0.3394801,0.46553347,-0.32802355,0.18127213,0.0162197,0.19079234,-0.055867143,-0.21274343,-0.6263587,0.10022866,0.05815157,0.051186763,-0.5931556,0.58820504,-0.10186976,0.15066285,-0.5612918,0.41264388,0.09307962,0.5539821,0.16732015,0.27205718,-0.35350502,-0.32564446,-0.22136676,-0.23507454,0.10963495,0.2853982,-0.37868416,0.3635129,0.39801374,0.4966651,0.21599784,0.3296352,-0.22516124,-0.14034878,-0.24460383,0.007511189,-0.06324064,0.107002094,-0.088566616,0.2470572,0.05962986,-0.28404233
0.45136568,0.047068395,0.11918931,-0.06478659,-0.004039854,-0.13092676,0.39373213,0.18049246,0.4071005,0.3525746,0.70551807,0.40536222,0.6806201,0.4797603,0.51264244,0.5709037,0.68075377,0.7152193,0.4568455,0.35948592,0.24357297,0.0015927525,0.14485091,0.23459868,0.13606866,0.065623395,-0.15749536,-0.21700393,1.0,0.7721737,0.57039505,0.69513214,0.56205857,0.54825896,0.4399041,0.3820614,0.48594204,0.37625942,0.4931545,0.41937724,0.3916411,0.359784,-0.023628417,0.0918948,-0.19429396,0.12578624,0.31562865,0.18776022,-0.033589333,-0.06383456,-0.012106017,0.09673089,0.17369722,-0.23270401,0.37588692,0.38806283,0.25814033,-0.082112804,-0.026064113,0.04059633,0.13130367,-0.09051169,0.023224786,-0.23673807,0.034923345,-0.22739688,0.08987129,0.26487285,-0.040037185,0.18710777,0.38367623,0.30319518,0.30598456,0.11988305,0.46157756,0.10706748,0.47553435,0.41874948,0.34336492,0.5033592,0.5444811,0.31779432,0.40291718,0.6023007,0.30406836,0.047841724,0.05697059,0.25551865,0.3645502,0.14712928,-0.105418056,-0.26101106,0.015583032,-0.18552096,0.43980065,0.4178407,0.38975242,0.4010854,0.1291182,0.09397088,0.31797916,-0.16236348,-0.2531285,-0.14684959,-0.013372348,-0.0027293218,0.321415,0.46180043,0.3749697,0.33950293,0.32727215,0.31074733,0.42129037,0.023907315,0.19289272,0.36169067
0.3172211,0.04539421,0.10922305,0.0077524693,0.05606561,0.02894802,0.30896926,0.18602811,0.30013037,0.1611331,0.612231,0.53301585,0.5525399,0.52885807,0.407121,0.5441737,0.5091847,0.7076368,0.2860288,0.3583232,0.17329475,0.09583385,0.12472553,0.16543916,0.2146501,0.14706409,-0.22662431,-0.15180413,0.7721737,1.0,0.42875123,0.57697135,0.4688619,0.511432,0.24480158,0.2054201,0.4325758,0.4646426,0.4227808,0.44345802,0.29911968,0.38140357,-0.10432851,0.05247371,-0.18243973,0.0044813138,0.2556019,0.26547235,-0.060956545,-0.047421552,0.1090286,-0.0055499044,0.0631941,-0.20340249,0.37022167,0.4260494,0.11961651,-0.0607616,0.010674364,0.058290653,0.08027631,-0.063376315,0.036988854,-0.1639364,-0.015984133,-0.17765152,0.034953263,0.17144008,0.01595668,0.13157764,0.39481094,0.26822558,0.3551632,0.26526725,0.3379855,0.1270426,0.5007594,0.45163727,0.2693684,0.5430215,0.39651886,0.22952043,0.33768457,0.58786786,0.13347323,0.13867843,-0.013885793,0.2768544,0.26068696,0.025775667,-0.044473372,-0.19203557,0.041323327,-0.15344517,0.42350084,0.45308846,0.3984044,0.42803225,0.15159014,0.15223281,0.24189988,-0.25103778,-0.15955071,-0.0727111,-0.0053343354,0.062092323,0.32174295,0.5112486,0.3589518,0.40542573,0.26137686,0.22781004,0.34414947,0.06372777,0.26686943,0.31748962
0.6377265,-0.06713839,0.3240016,-0.19307508,-0.23139794,-0.32122228,0.57223433,0.259918,0.3329213,0.40913293,0.632381,0.27250746,0.6713628,0.22162455,0.47115192,0.37976503,0.61498016,0.4866496,0.5858381,0.24980935,0.25583038,-0.28109708,0.47157905,0.3653112,0.3449133,-0.08577253,-0.0063986494,-0.52067745,0.57039505,0.42875123,1.0,0.7298567,0.6367343,0.5579566,0.63416153,0.55949557,0.48688865,0.43544385,0.5187659,0.46648026,0.4562668,0.115377836,0.077655055,0.048022863,-0.061783947,0.124504104,0.45709184,0.25585487,0.038108844,-0.097109824,-0.028262548,0.3105513,0.24320108,-0.3089013,0.3869082,0.27304003,0.57537603,-0.24193326,-0.10065433,0.26023063,0.12712014,-0.31125733,0.22464275,-0.45262334,0.15794258,-0.4342086,0.38019073,0.41893595,-0.04269396,0.13447125,0.42412862,0.21630818,0.01742061,-0.0932377,0.5613311,0.097296506,0.45193645,0.31572244,0.4061329,0.37967452,0.73103726,0.027487779,0.21871917,0.28122807,0.5628448,-0.35228914,0.23094636,0.09939179,0.57583326,-0.16696067,0.037043624,-0.44801575,0.0013000824,-0.26429182,0.5239737,0.4666033,0.47843122,0.4309689,0.1356479,-0.08109283,0.40341765,-0.24767321,-0.3502192,-0.4158841,-0.080076955,-0.13595147,0.3244245,0.31077057,0.42050904,0.3368402,0.3492916,0.1891542,0.32881406,-0.036226355,0.11835173,0.43935248
