1.0,0.5960185,0.5757557,0.34776804,-0.06889005,0.026453827,0.618051,0.35071975,0.048318572,-0.003950892,0.51898104,0.34806958,0.2512414,0.03625119,-0.46579766,-0.5690384,0.13490757,0.09570567,0.7779031,0.7223032,-0.081602104,-0.2179546,0.13100879,-0.01720663,-0.562016,0.051706687,0.31765747,0.1546959,0.12669243,-0.33061856,0.3832875,-0.20884402,0.6747991,0.6228328,0.64113617,0.53328085,0.026058864,-0.034260362,-0.03628276,0.099241234,0.13039029,-0.041930106,0.36544746,0.3468437,0.33837995,0.29224437,0.36684665,0.1847272,-0.009253782,0.21136226,0.061969858,0.26728854,0.3561056,0.019205963,0.11644991,-0.04211652,0.8652692,0.43670517,0.591445,0.3537037,0.71688235,0.2928301,0.7112258,0.20270763,0.43624854,0.11202316,0.5935522,0.50632715,0.76087195,0.6531411,0.29599822,0.08978276,0.10669545,0.04085883,-0.11442445,0.3485682,0.019595964,0.030341795,0.28982946,-0.19980313,0.16281335,-0.11210087,-0.42735925,-0.68658984,0.07819949,-0.15134649,-0.0493924,0.092488706,0.031786576,-0.18808906,-0.06382601,0.050039083,-0.037103023,-0.19363047,0.32537076,-0.23777533,0.20731851,0.010908325,-0.17774975,-0.10284407,-0.42062536,0.024569785,-0.30208668,-0.21026137,-0.29054838,-0.2571082,0.10119657,-0.49104312,0.22651222,0.15320717,0.08215011,0.05747407,0.18167314,-0.050430946,-0.4095674,-0.34892613
0.5960185,1.0,0.27786765,0.5395249,0.05757095,-0.44661212,0.23407376,0.5423452,0.3274373,-0.09249945,0.09108581,0.5990125,0.04336731,0.48806384,-0.6084334,-0.2962122,-0.20689164,0.42717677,0.60441685,0.6829229,-0.07744607,-0.4169685,0.26049954,0.04557973,-0.53135425,-0.41172582,0.13009825,-0.15322821,0.14813687,-0.22609958,0.28902775,0.10502275,0.51702416,0.50303805,0.33041316,0.41649082,-0.20150526,-0.059116755,-0.22390325,0.018808939,0.11602302,0.084773704,0.105514355,0.5359025,0.3421172,0.18628229,0.15484335,0.15364785,-0.21156962,0.33881906,0.0035539877,0.16722345,0.016619755,-0.11281787,-0.0052658245,-0.15487437,0.6140392,0.8728165,0.46315947,0.51243585,0.35171044,0.69368386,0.16762425,0.6915784,0.27193847,0.60892546,0.49791107,0.51198053,0.53417355,0.5393697,0.089098595,0.040141143,-0.024469677,-0.077370055,-0.2928503,0.23228535,-0.19646913,-0.048038207,0.25940973,-0.19608004,-0.3405779,0.35938305,-0.6088883,-0.37411872,-0.3958421,0.10008462,0.062475827,-0.22090982,-0.22868764,-0.04675924,-0.23235404,-0.011143824,-0.009245175,-0.3158455,0.22587015,-0.26297694,0.023246238,-0.14110732,-0.36992937,-0.20436245,-0.3474281,-0.25398183,-0.52992284,-0.40978184,-0.5348074,-0.13015324,0.07990902,-0.5229885,0.24788499,-0.11323829,-0.02002539,0.2328463,0.40468544,0.109510064,-0.3808661,-0.33189383
0.5757557,0.27786765,1.0,0.62278956,0.33848354,0.20819736,0.7541296,0.43324733,0.27647203,0.3724678,0.428351,0.36524197,0.4604592,0.18847609,0.08976858,-0.10803496,0.33628824,0.0152136395,0.63171965,0.5986904,0.124536835,0.11895459,0.5554645,0.43104523,-0.10752884,0.15404718,0.38586006,0.3542625,0.36909968,0.045513775,0.4044675,0.08139267,0.6206664,0.5895778,0.45425093,0.47031367,0.335799,0.16727054,0.23727234,0.23586918,0.238671,0.14808539,-0.06528919,-0.1497292,0.3037927,0.13402131,0.010473221,-0.12312849,0.190898,-0.021874757,0.055920783,0.18286546,-0.031168792,0.073551886,0.12464524,-0.07058646,0.5440242,0.07599715,0.19729392,-0.02410936,0.30689436,-0.0701069,0.34046215,-0.101592824,-0.00851862,-0.11962022,0.024157196,0.012189184,0.34052557,0.22137712,0.5224112,0.34464788,0.39237422,0.28949532,0.28916138,0.3864751,0.24347967,0.14109738,0.35045984,-0.121728934,0.29134148,-0.22224554,0.055215474,-0.330147,0.12499634,-0.36058024,0.15942611,-0.04370762,0.13359015,-0.19087319,-0.20603721,-0.15748274,-0.22923714,-0.25232032,0.39166373,-0.02496996,0.20482954,0.22299242,-0.16741511,-0.25633842,-0.3266423,-0.010178208,-0.23076122,-0.08527265,-0.14161216,-0.053678147,0.039465852,-0.2382002,0.24885751,0.3132853,0.089806326,-0.116906404,0.15162025,-0.07162038,-0.30610937,-0.16165924
0.34776804,0.5395249,0.62278956,1.0,0.47953707,-0.19529834,0.5445731,0.7735711,0.55880934,0.2557258,0.23505683,0.66474503,0.47095934,0.6823927,-0.03861908,0.16962695,0.2279791,0.40179214,0.41823608,0.48401588,0.21792051,-0.026654763,0.7737332,0.5536326,-0.15386347,-0.21335347,0.21201962,0.06080354,0.5391852,0.31076652,0.46142417,0.5579376,0.62418103,0.5989654,0.3666709,0.5012975,0.202291,0.24874479,0.1254763,0.18416862,0.26350737,0.22363548,-0.11980815,0.100008465,0.30569735,0.21210708,-0.0593098,0.035801813,0.09637732,0.22292235,0.119815715,0.08718065,-0.23236226,0.022819472,0.15289181,-0.13608144,0.41327107,0.43065828,0.06866396,-0.017107517,0.0074471706,0.3147183,-0.036160972,0.33841145,-0.071433775,0.30323076,0.055598248,0.18156242,0.15736018,0.13274199,0.47959238,0.41840756,0.41833842,0.3061168,0.15770918,0.25381696,0.21356457,0.2870619,0.42524078,0.020455616,0.020000082,0.27468774,-0.04989021,-0.017680204,-0.096629776,-0.11410051,0.3759777,-0.33553457,0.103151076,-0.11458708,-0.20870869,-0.24347569,-0.15034501,-0.28046203,0.38126406,0.082502834,0.11104855,0.15076776,-0.30447122,-0.28842,-0.17862864,-0.11321917,-0.40734047,-0.13780122,-0.32355958,0.26916265,0.04735911,-0.15153463,0.26071933,0.09609834,0.20123588,0.22487077,0.43951765,0.16095981,-0.12645942,-0.0010464714
-0.06889005,0.05757095,0.33848354,0.47953707,1.0,0.056023166,0.057405878,0.43558794,0.7043618,0.5962032,-0.09963594,0.37281403,0.28960383,0.51380724,0.5482739,0.5965876,0.17101867,0.25973898,0.0438921,-0.018146213,0.3280927,0.3139907,0.6133266,0.36918306,0.33539012,0.030164579,0.49085692,0.4823326,0.4772708,0.6114672,0.21537335,0.5542102,0.18598726,0.052301336,0.0685876,-0.0156055,0.45476523,0.3876489,0.5692452,0.3745192,0.3399915,0.40806824,-0.27309835,-0.29453823,0.099212125,-0.09206859,-0.34479246,-0.19835113,0.2621711,0.015939375,-0.09072874,0.020953273,-0.4588345,0.08568766,0.25288543,-0.00760859,0.022917561,0.022706168,-0.15578352,-0.16735294,-0.28301463,0.006944042,-0.20563458,0.03590748,-0.19009258,0.049687598,-0.32932794,-0.057351086,-0.11953398,-0.1451192,0.32521662,0.3291102,0.4161041,0.3730105,0.44146237,0.1242855,0.2986105,0.15334757,0.0025588719,0.25669774,0.14617372,0.24552651,0.5120832,0.39729393,0.15674166,0.008731446,0.6999768,-0.24597274,0.341639,0.10999934,-0.028796213,-0.29868552,-0.14462611,-0.019002244,0.35822302,0.41666067,0.27210677,0.3251874,-0.041810255,-0.19418335,0.12853388,0.044940293,-0.09387697,0.19915159,-0.060261786,0.36584866,-0.15377167,0.22267237,0.13283075,0.28709322,0.37740582,0.18324137,0.27102703,0.19748938,0.10973113,0.3181564
0.026453827,-0.44661212,0.20819736,-0.19529834,0.056023166,1.0,0.25390238,-0.1410754,-0.13540365,0.50899947,0.3266556,-0.19440083,0.22966328,-0.4066761,0.43905157,-0.0018614233,0.3113458,-0.300227,-0.017050376,-0.15421934,0.16873032,0.5422312,-0.07361169,-0.0669657,0.12650594,0.72646314,0.49273792,0.68849516,-0.024305891,0.15746918,0.16173165,-0.23716879,0.01497807,-0.07678164,0.12532188,0.027069794,0.3656133,0.26337516,0.42079595,0.39817736,0.066536896,0.18648002,0.13920276,-0.41058478,-0.16390568,0.11607699,-0.046584334,-0.13794066,0.22595882,-0.19128118,0.0499635,0.15912102,-0.030063743,0.33703557,0.15007676,0.32625923,-0.012688054,-0.53486276,-0.08813633,-0.3309848,0.09507235,-0.42207187,0.27527094,-0.46137437,0.042246684,-0.40135399,-0.14862315,-0.058952138,0.016586851,0.013684734,0.24875782,0.09749979,0.10766413,0.19715531,0.3080196,0.07619994,0.2906699,0.11349799,-0.1409019,0.12407757,0.45829332,-0.34910658,0.53805643,-0.04797193,0.46671426,-0.07508429,0.13667656,0.5371531,0.36970758,0.039776165,0.16246672,0.11409288,-0.061477136,0.29284602,0.054128915,0.2941294,0.29301313,0.34384787,0.40662146,0.14327596,0.047055185,0.51066214,0.46235073,0.3888881,0.44949573,-0.24561018,-0.07091832,0.20097612,-0.037577417,0.3203576,0.024053786,-0.3756768,-0.4103178,-0.24190035,0.04280621,0.10897838
0.618051,0.23407376,0.7541296,0.5445731,0.057405878,0.25390238,1.0,0.4723266,0.09432022,0.16949664,0.73479474,0.3238982,0.61035126,0.0625479,-0.13098751,-0.32388192,0.49092624,0.057708744,0.52167106,0.46954805,0.11701231,0.06823186,0.3906146,0.2648794,-0.32761744,0.23652379,0.33682135,0.25499144,0.34944618,-0.046741873,0.5080458,0.029642599,0.64649856,0.7194089,0.5354498,0.5719449,0.18307802,0.085626006,0.05588148,0.13658404,0.15563269,0.05357159,0.12793458,-0.037580613,0.25874177,0.33467424,0.11815434,0.03209425,0.19226593,0.07258363,0.2086136,0.31580853,0.06318619,0.20058951,0.004254099,-0.044441316,0.53256726,0.041063655,0.19022186,-0.090252884,0.3577688,-0.023314252,0.43487942,-0.040195227,0.13253534,-0.06999609,0.16717869,0.16728401,0.34708285,0.26280212,0.55340064,0.3639597,0.36176378,0.22435012,0.16782042,0.33098108,0.31725276,0.30392444,0.38712022,-0.056951202,0.3758944,-0.17632684,-0.090299465,-0.4401269,0.16519673,-0.23749356,0.039979473,0.100626715,0.052886993,-0.16767295,-0.15355,-0.049911562,-0.16042975,-0.13326314,0.19605412,-0.11806748,0.09738996,0.082250565,-0.16188957,-0.17183709,-0.3210482,0.12031426,-0.17081097,-0.030815303,-0.107116036,-0.09727103,-0.017510084,-0.23490636,0.08545306,0.1067627,0.040450815,-0.15296568,0.06481228,-0.16722377,-0.22846255,-0.19020578
0.35071975,0.5423452,0.43324733,0.7735711,0.43558794,-0.1410754,0.4723266,1.0,0.60475117,0.1728953,0.33352217,0.7951023,0.5584021,0.71753454,-0.12328742,0.080985986,0.2981744,0.6491814,0.3068539,0.30201855,0.17852849,-0.076895766,0.69971156,0.25900668,-0.21611658,-0.18489711,0.3641848,0.1314959,0.55102855,0.359429,0.6901274,0.59643483,0.6250526,0.5504395,0.47218767,0.48638618,0.1442809,0.17902233,0.111507304,0.20880759,0.14934602,0.1808659,0.01738141,0.16815369,0.3157407,0.24840277,-0.0095045855,0.15786693,0.08632882,0.32974988,0.10091509,0.30174878,-0.27369416,0.23267701,0.105927035,-0.0028476114,0.41789514,0.45282167,0.12898798,-0.022537228,0.027009128,0.35237896,0.013060411,0.438254,0.088499404,0.36894763,0.18406323,0.37842208,0.22764724,0.21174453,0.56135786,0.4525302,0.38144216,0.2621508,0.1331879,0.20125079,0.3294144,0.36703467,0.2708915,0.26652867,0.109124444,0.48070407,-0.09497541,-0.02032344,-0.019665344,0.15384553,0.445246,-0.1634915,0.083089195,0.061735675,-0.13340335,-0.08945952,-0.034391966,-0.09789186,0.31676242,0.07447036,0.2296262,0.10025771,-0.17902066,-0.14393273,-0.1334177,0.081671424,-0.27471602,-0.042053383,-0.20811866,0.16524953,-0.046661906,-0.11227083,0.22437102,0.09531721,0.31309298,0.23609416,0.33796647,0.113518886,-0.09366996,-0.05120578
0.048318572,0.3274373,0.27647203,0.55880934,0.7043618,-0.13540365,0.09432022,0.60475117,1.0,0.4059331,0.024713011,0.55456483,0.37663206,0.7139301,0.23079859,0.41693813,0.18858105,0.51857734,0.16657919,0.15068462,0.4160247,0.11457643,0.5976256,0.12568337,-0.042315397,-0.32412517,0.44704136,0.20484273,0.5530986,0.5642322,0.36761108,0.605655,0.30232337,0.21486321,0.1482482,0.03844312,0.38536918,0.31679875,0.4072303,0.2883537,0.32188806,0.26312834,-0.17959858,-0.05310441,0.19871607,0.009550277,-0.21535029,0.013831562,0.019494109,0.15530454,-0.0013572628,0.14023872,-0.48805356,0.15258443,0.17335226,0.046749756,0.15349077,0.2943494,0.022412386,0.033264004,-0.10492131,0.22980237,-0.18557385,0.34352332,0.013974955,0.36102644,-0.088949725,0.194254,0.06565145,0.06579103,0.35320356,0.32412383,0.3946209,0.3847878,0.30726337,0.16473643,0.2666438,0.20433384,0.021346005,0.30545986,0.11264445,0.5066927,0.187853,0.23877156,0.09542266,0.12224929,0.6735902,-0.3152315,0.24025825,0.24969734,-0.005143188,-0.0868711,-0.0050943806,-0.029473688,0.3314886,0.3529174,0.23529005,0.23477691,-0.021316813,-0.110607356,0.06488985,0.021810269,-0.24743977,0.14105755,-0.14761545,0.3366912,-0.24744655,0.11441953,0.14652993,0.23549834,0.44875005,0.25967634,0.33560973,0.16829817,0.19806284,0.22940868
-0.003950892,-0.09249945,0.3724678,0.2557258,0.5962032,0.50899947,0.16949664,0.1728953,0.4059331,1.0,0.03251137,0.1338342,0.23232846,0.11074177,0.5645082,0.42192784,0.19890437,-0.041772455,0.047487423,0.034041725,0.33176187,0.5385726,0.34743762,0.29221556,0.2912786,0.31621048,0.5189414,0.64796495,0.2523507,0.40405986,0.1518388,0.18907702,0.09774993,-0.0036329203,0.03836089,0.03288038,0.5068661,0.55912113,0.63043886,0.59917456,0.37859944,0.5597092,-0.18298389,-0.38598737,-0.03781385,0.05509309,-0.24678507,-0.2305492,0.16938354,-0.11710589,-0.04858623,0.038340982,-0.35907626,0.2568865,0.30195352,0.16948523,0.035840135,-0.14967993,-0.11041081,-0.17196746,-0.115669906,-0.18226108,-0.04991505,-0.15907335,-0.19290712,-0.13334157,-0.31676257,-0.10805481,-0.0739004,-0.079966374,0.2705598,0.20110889,0.25848982,0.32700413,0.37987912,0.167942,0.24507575,0.07333687,-0.027889008,0.099311486,0.20148379,-0.020427128,0.5650832,0.21031715,0.19552325,-0.095596954,0.5114222,0.10122673,0.32891122,0.009248892,-0.04612918,-0.1695686,-0.18636988,-0.009988116,0.29692036,0.4399579,0.32405207,0.4763586,0.13317302,-0.11367657,-0.038002264,0.16585706,0.057234965,0.16052641,0.070596404,-0.014193585,-0.04411514,0.086306386,0.22160584,0.32602674,0.115810394,-0.12394892,-0.05896007,0.054959,-0.030410357,0.11865851
0.51898104,0.09108581,0.428351,0.23505683,-0.09963594,0.3266556,0.73479474,0.33352217,0.024713011,0.03251137,1.0,0.2569151,0.6243292,-0.049974587,-0.20305388,-0.3912675,0.60896003,0.11806022,0.34026387,0.21377717,0.08458337,0.04379849,0.12330953,-0.076463185,-0.4273702,0.24984951,0.3722826,0.23774485,0.2669315,-0.0619594,0.49824414,-0.05255623,0.48399818,0.53901553,0.4766698,0.45518836,0.11118946,0.0125141535,0.077076934,0.07565461,0.03464154,-0.12003448,0.31138688,0.026195744,0.20934957,0.33500865,0.24380481,0.17339297,0.12982346,0.055260368,0.22539434,0.34686908,0.1699383,0.23365062,-0.012347473,0.053268507,0.4397375,-0.041299,0.15686913,-0.028771866,0.33918756,-0.058973197,0.49445933,-0.026127012,0.30825445,-0.09536116,0.24581942,0.3151419,0.31765833,0.3252472,0.46680072,0.23804122,0.22864133,0.117971815,0.07652209,0.14374836,0.29652205,0.2952443,0.27922836,0.042099476,0.48309162,-0.08556888,-0.10486374,-0.4192038,0.3174996,-0.058540642,-0.025610607,0.24831763,0.108488485,0.02136384,0.072985224,0.104815915,-0.016015481,0.037388638,0.09082943,-0.016377876,0.11593156,0.018566951,0.058751326,0.025760017,-0.17994,0.24728385,-0.06834122,0.07838872,0.047539525,-0.15388294,-0.12466275,-0.122970894,-0.024184864,0.08474229,0.13903402,-0.0847821,-0.05805004,-0.17230023,-0.02074551,-0.056729347
0.34806958,0.5990125,0.36524197,0.66474503,0.37281403,-0.19440083,0.3238982,0.7951023,0.55456483,0.1338342,0.2569151,1.0,0.4603176,0.74919266,-0.22112422,0.088216156,0.21712251,0.6880067,0.33603948,0.34008777,0.056389567,-0.17503318,0.59231716,0.19731088,-0.26956287,-0.31244174,0.2750518,0.06988032,0.4928391,0.27152327,0.6032474,0.5271367,0.58281577,0.44745,0.43452525,0.46159202,0.10609207,0.16544314,0.12332825,0.22807261,0.10883242,0.090461545,0.052495275,0.25566825,0.39551547,0.16825874,0.09433512,0.20319635,0.0026746283,0.31636065,0.042494442,0.22176327,-0.19048607,0.03623349,0.14253704,0.019621791,0.43973237,0.5482945,0.12731396,0.04289229,0.007914977,0.3998206,-0.005949359,0.48936185,0.10020124,0.3603621,0.20033084,0.38258478,0.25745693,0.28123638,0.4541413,0.39805382,0.27730933,0.18733834,0.07349379,0.2223398,0.17474675,0.2446623,0.2752782,0.17003834,-0.03163085,0.5055133,-0.19531815,-0.023136197,-0.14395733,0.2156894,0.35075796,-0.13862346,0.025100764,0.09015955,-0.16094178,-0.10831095,-0.04923674,-0.16945858,0.38790405,0.07395007,0.29279727,0.15170026,-0.17083544,-0.09771315,-0.1957662,-0.060539696,-0.3343587,-0.15607475,-0.20844986,0.10027243,0.07565642,-0.18019922,0.29561597,0.18560705,0.31371593,0.27202764,0.38642454,0.18456611,-0.19303182,-0.12254382
0.2512414,0.04336731,0.4604592,0.47095934,0.28960383,0.22966328,0.61035126,0.5584021,0.37663206,0.23232846,0.6243292,0.4603176,1.0,0.35800505,0.115583606,0.022480734,0.74785656,0.4136962,0.16874774,0.0638993,0.3364958,0.24036236,0.46508604,0.18215054,-0.17218116,0.102969706,0.39449108,0.26758823,0.75255126,0.45733327,0.5713734,0.45642966,0.38353112,0.33346394,0.36689892,0.43895066,0.38728654,0.34479198,0.31307542,0.28981352,0.21986191,0.044284903,0.035456445,-0.16525951,0.100070074,0.14679945,0.07886235,0.1569757,0.140347,0.012949936,0.19946702,0.2563643,-0.13769543,0.32409057,0.14922324,0.030873775,0.31863546,-0.059412926,0.011341045,-0.20314728,0.032546297,-0.11814083,0.099693336,-0.04630273,-0.017693931,-0.07158198,-0.039184544,0.19190572,0.10066532,0.07768635,0.7679436,0.7164717,0.67923146,0.54283124,0.4796505,0.3817363,0.6507244,0.652141,0.42878312,0.41264996,0.5673682,0.12702481,0.14524822,-0.094279416,0.27527124,-0.071355365,0.26608002,0.018164806,0.17989872,-0.04985935,-0.13437696,-0.09147284,-0.18163058,-0.08549791,0.17594163,0.16579486,0.21168667,0.21620755,-0.04701972,-0.12341847,-0.12962855,0.15652718,-0.14449725,0.03236983,-0.036163185,0.094058335,-0.04633161,-0.010968812,0.17327978,0.20639713,0.3816744,-0.03750199,0.16092205,-0.007777182,-0.025875825,-0.010955687
0.03625119,0.48806384,0.18847609,0.6823927,0.51380724,-0.4066761,0.0625479,0.71753454,0.7139301,0.11074177,-0.049974587,0.74919266,0.35800505,1.0,-0.03135446,0.381812,0.098263085,0.6774647,0.13770978,0.18938576,0.2736734,-0.08695791,0.6464138,0.30819434,-0.083078675,-0.51139456,0.10461076,-0.12105338,0.5718951,0.531543,0.3934978,0.7578509,0.34078854,0.23892245,0.14629309,0.2241891,0.16510405,0.27026802,0.17011796,0.17492965,0.1803199,0.11113932,-0.188673,0.21537195,0.19881377,0.047495067,-0.04989491,0.20548297,-0.05390754,0.27479863,0.06781294,-0.009455374,-0.32010844,-0.0055698683,0.21023594,-0.031051157,0.20494248,0.5129847,-0.0402204,0.06469486,-0.18857676,0.40658876,-0.29847682,0.51785165,-0.047901176,0.46412075,0.023026766,0.23831624,0.012466846,0.043807987,0.31701288,0.40077478,0.36873266,0.34308624,0.15779798,0.18735978,0.16451117,0.27548832,0.2498983,0.2502321,-0.08789017,0.626253,-0.0667226,0.25461298,-0.14941703,0.1854941,0.45550883,-0.41462997,0.092485815,0.0985335,-0.11538761,-0.16682257,-0.0015353978,-0.14938074,0.30968803,0.21480529,0.15851147,0.15646848,-0.17669386,-0.10672316,0.0032601696,-0.152579,-0.37179694,-0.12002049,-0.26048592,0.3967238,0.043676086,0.020302815,0.25512847,0.13265419,0.38726333,0.43093878,0.4975851,0.2705483,0.068788506,0.08848796
-0.46579766,-0.6084334,0.08976858,-0.03861908,0.5482739,0.43905157,-0.13098751,-0.12328742,0.23079859,0.5645082,-0.20305388,-0.22112422,0.115583606,-0.03135446,1.0,0.5839493,0.21006736,-0.21858679,-0.37483388,-0.42617634,0.37724257,0.58919764,0.23440687,0.2619898,0.6252257,0.38290694,0.23654895,0.43705383,0.18396297,0.5411609,-0.07365827,0.22866856,-0.22519049,-0.31492895,-0.2157807,-0.25268582,0.57236254,0.42007056,0.5829792,0.37347704,0.22109081,0.31298292,-0.288318,-0.57841164,-0.18319903,-0.17040482,-0.29915214,-0.24396425,0.31514633,-0.27171993,-0.03822256,-0.18663551,-0.31566757,0.15045616,0.2724977,0.22245851,-0.41440395,-0.61586016,-0.36057186,-0.49801013,-0.36235046,-0.51461303,-0.261913,-0.5253801,-0.35712805,-0.40882194,-0.5642154,-0.39832947,-0.42156944,-0.4745926,0.16213998,0.18616837,0.28074697,0.36767188,0.5475756,0.00568837,0.29089186,0.12941892,-0.22252615,0.18021932,0.2988934,-0.12618645,0.8397947,0.46420738,0.39089033,-0.11843722,0.3938396,0.025314659,0.4438126,0.113650285,0.13774306,-0.1332686,-0.09851475,0.2061921,0.14052401,0.48042226,0.24739924,0.40335175,0.3003647,0.0583107,0.31638524,0.2281508,0.39507908,0.39227298,0.414639,0.28137887,-0.054814845,0.49883455,0.015998436,0.35924852,0.20105115,-0.10183481,-0.19669472,-0.036729634,0.29932663,0.39896846
-0.5690384,-0.2962122,-0.10803496,0.16962695,0.5965876,-0.0018614233,-0.32388192,0.080985986,0.41693813,0.42192784,-0.3912675,0.088216156,0.022480734,0.381812,0.5839493,1.0,0.011274838,0.07477601,-0.41947362,-0.4068626,0.24647464,0.37130493,0.42672375,0.44861546,0.6435488,-0.09719047,-0.046970006,0.10488208,0.20975503,0.6748769,-0.12298947,0.5810581,-0.23074132,-0.33148673,-0.32710463,-0.26977968,0.22362697,0.35422456,0.39246297,0.1266766,0.13574195,0.2226401,-0.40833685,-0.36235228,-0.12099812,-0.25051412,-0.42824635,-0.22330363,0.059249155,-0.094899096,-0.056064457,-0.28044203,-0.43600485,0.026399562,0.2079379,-0.056914177,-0.41874507,-0.20529069,-0.57440704,-0.38394243,-0.6239195,-0.20965093,-0.57490975,-0.10346343,-0.4397737,-0.042627346,-0.5885739,-0.37807056,-0.5991152,-0.4818633,-0.037540033,0.10053963,0.14028198,0.16205503,0.23012787,-0.2452553,0.0780117,-0.02928057,-0.051811032,0.22642232,-0.10527463,0.23383372,0.5734262,0.8471296,-0.020837098,0.074003085,0.44931448,-0.3707261,0.29704407,0.003421844,0.038279522,-0.3822682,-0.13959558,0.031004751,0.17901719,0.4814337,0.08479567,0.27029637,0.022734396,-0.10461654,0.35657436,-0.05149727,0.06756078,0.2195531,0.076207004,0.59362984,0.014586296,0.4980053,0.063488856,0.0928589,0.18255176,0.191299,0.22836934,0.3664975,0.34709492,0.3950483
0.13490757,-0.20689164,0.33628824,0.2279791,0.17101867,0.3113458,0.49092624,0.2981744,0.18858105,0.19890437,0.60896003,0.21712251,0.74785656,0.098263085,0.21006736,0.011274838,1.0,0.24715091,0.0374301,-0.062200673,0.2782778,0.29639784,0.27277824,0.08261886,-0.041430674,0.21864913,0.3239789,0.27954605,0.56450546,0.3620184,0.43157014,0.28903764,0.18665527,0.16964057,0.32466912,0.33504018,0.36328727,0.27686712,0.32618514,0.2271815,0.23611054,0.055754058,0.037825715,-0.3266629,-0.035616376,0.037648905,0.031892613,0.09082806,0.16468792,-0.082453564,0.073503435,0.24074893,-0.035108913,0.33675092,0.111443706,0.02385311,0.1847512,-0.28550324,-0.13235304,-0.28097352,-0.03523059,-0.33044624,0.13464132,-0.28170833,-0.05921817,-0.2988107,-0.083953485,0.062180296,0.048261564,-0.03520181,0.6306553,0.52244025,0.53225636,0.3618976,0.36348602,0.20130019,0.59741455,0.5313338,0.37084273,0.40893614,0.6720526,-0.047765043,0.28252017,-0.032440368,0.36956343,-0.17397167,0.20933759,0.17084911,0.17683682,-0.027388884,-0.06121278,-0.113387845,-0.15923639,0.019257745,0.0663112,0.23206677,0.17230907,0.124176495,0.040916473,-0.082398884,-0.07892379,0.19081657,0.029227234,0.17080528,0.09071186,0.028884966,-0.14698055,0.07348573,0.044215474,0.20709962,0.3372453,-0.121641025,0.015594642,-0.052851696,0.09316122,0.040718906
0.09570567,0.42717677,0.0152136395,0.40179214,0.25973898,-0.300227,0.057708744,0.6491814,0.51857734,-0.041772455,0.11806022,0.6880067,0.4136962,0.6774647,-0.21858679,0.07477601,0.24715091,1.0,0.05902579,0.05880619,0.09524877,-0.23133323,0.35105777,-0.10559267,-0.31025246,-0.40635294,0.18523647,-0.06860753,0.4975136,0.36165285,0.53321034,0.5618435,0.31942177,0.17832945,0.31865597,0.30044827,0.07523941,0.14013769,0.10109736,0.20077239,0.044315882,0.03304277,0.10202333,0.33770636,0.26965985,0.14269459,0.14589694,0.40821263,-0.063821204,0.30646458,0.070697315,0.25666943,-0.18823294,0.16141044,0.08701027,0.15338972,0.2117831,0.49752143,0.111718096,0.055555366,-0.034768898,0.3991856,-0.12983012,0.53414065,0.23007901,0.40319526,0.28427228,0.44457376,0.17234464,0.21236889,0.39437586,0.46950528,0.28764018,0.20602173,0.13805202,0.18033315,0.32358244,0.43284538,0.18250625,0.51985836,0.05653697,0.70590913,-0.2261329,0.07220865,-0.11436193,0.39923233,0.32695186,-0.078193784,-0.05462115,0.26687652,-0.073181584,0.13564089,0.09292364,-0.010407597,0.17524464,0.074261,0.26488325,0.046420466,-0.048309445,0.11262929,-0.059785556,0.028401043,-0.25206348,-0.093044765,-0.12915038,0.08901272,0.015241067,-0.058791794,0.22066279,0.10936651,0.4037993,0.2625622,0.20001048,0.11951807,-0.03345347,-0.037363198
0.7779031,0.60441685,0.63171965,0.41823608,0.0438921,-0.017050376,0.52167106,0.3068539,0.16657919,0.047487423,0.34026387,0.33603948,0.16874774,0.13770978,-0.37483388,-0.41947362,0.0374301,0.05902579,1.0,0.83632374,-0.05629342,-0.17376743,0.17510433,0.021004304,-0.4874531,-0.03707145,0.3261304,0.19571678,0.093304284,-0.24537733,0.20101687,-0.20486723,0.5945797,0.5220449,0.4946747,0.39738753,0.07103712,-0.00883412,-0.003921093,0.09295308,0.15607713,0.04928798,0.12918442,0.27321786,0.23785202,0.15621027,0.21788809,0.07572017,-0.11047291,0.14423455,-0.014711127,0.17270125,0.18252692,-0.032842968,0.03168093,-0.052046694,0.7381726,0.4695273,0.45885333,0.41906548,0.6144365,0.3188981,0.5300898,0.26476088,0.35125294,0.1838791,0.47577012,0.38158816,0.7262421,0.62214583,0.18060984,0.03918648,0.09214657,0.06283606,-0.06398199,0.3599725,-0.06668807,-0.10087509,0.2363047,-0.22536422,0.08578085,-0.07410758,-0.3489387,-0.53975016,0.014959956,-0.17783909,0.017298236,0.0019655954,-0.009723752,-0.08611029,-0.09589938,0.07556531,-0.028120147,-0.13581304,0.26908246,-0.1307675,0.16220784,0.04002617,-0.14446667,-0.1292053,-0.3493736,-0.01887349,-0.3020344,-0.17635852,-0.24690561,-0.16974375,-0.037874606,-0.3736329,0.22283322,0.16925216,0.035453327,0.034503248,0.1841203,-0.077300705,-0.34577844,-0.2603166
0.7223032,0.6829229,0.5986904,0.48401588,-0.018146213,-0.15421934,0.46954805,0.30201855,0.15068462,0.034041725,0.21377717,0.34008777,0.0638993,0.18938576,-0.42617634,-0.4068626,-0.062200673,0.05880619,0.83632374,1.0,-0.06511705,-0.25003648,0.19287954,0.12387549,-0.47698742,-0.1592331,0.17154272,0.016228141,0.07275905,-0.30393773,0.19051902,-0.15389739,0.5485769,0.5116694,0.42001843,0.43029508,-0.0030826135,-0.0342895,-0.113858275,0.057116922,0.12616159,0.05657907,0.09703814,0.3482979,0.2150446,0.21571966,0.23537458,0.082668655,-0.1299325,0.14177427,0.008741468,0.08460113,0.16874072,-0.109180875,0.048632037,-0.09721821,0.69819635,0.5607188,0.45713794,0.43866152,0.56473327,0.359396,0.4350674,0.32530046,0.24774383,0.2470457,0.47222674,0.34221435,0.65370274,0.5129726,0.1324165,0.0111971,0.037941154,0.008202139,-0.15272789,0.3399317,-0.14093526,-0.09846197,0.31101704,-0.32144636,-0.05539075,-0.054111537,-0.4317112,-0.5379598,-0.13926952,-0.21439749,-0.022365946,-0.069076605,-0.10452798,-0.14362577,-0.16251908,0.043816194,-0.034578647,-0.23840462,0.26865748,-0.213047,0.072356656,-0.024261303,-0.22887522,-0.16524193,-0.3953227,-0.13835154,-0.40370578,-0.32809782,-0.37844974,-0.19197705,0.11353317,-0.49028993,0.26039436,0.0846414,-0.044430077,0.061266985,0.20181543,0.000639657,-0.41101718,-0.3155976
-0.081602104,-0.07744607,0.124536835,0.21792051,0.3280927,0.16873032,0.11701231,0.17852849,0.4160247,0.33176187,0.08458337,0.056389567,0.3364958,0.2736734,0.37724257,0.24647464,0.2782778,0.09524877,-0.05629342,-0.06511705,1.0,0.625589,0.2238458,0.15370883,0.07714292,0.030277308,0.32026032,0.18248583,0.47957322,0.43599698,0.17782654,0.29443532,0.04367962,-0.0015168862,-0.026137087,0.050670106,0.5545067,0.5478085,0.46411648,0.44654262,0.58817184,0.355506,-0.32670167,-0.2673663,-0.19177406,0.005429431,-0.10983732,-0.02724903,0.023216926,-0.075754926,0.08226924,-0.040335216,-0.38908637,0.21546173,0.31072426,0.09295393,0.010170243,-0.086667515,-0.108154915,-0.07232791,-0.03773075,-0.053720362,-0.15932433,-0.055270493,-0.068098135,0.11040213,-0.21456781,0.001543358,-0.12730072,-0.10035356,0.29281053,0.36020663,0.4982561,0.5148721,0.46256325,0.37975755,0.3600465,0.32985985,0.12401612,0.20555252,0.25610358,0.12800659,0.26442704,0.103556044,0.14288533,-0.13451223,0.29476237,0.030747704,0.2517684,0.0051435693,-0.21090978,-0.15923631,-0.21981946,-0.08437173,0.14976987,0.29489115,0.17404775,0.26862144,-0.006379317,-0.13903216,-0.08583309,0.01523137,-0.1078335,0.022299318,-0.1006248,0.07930781,-0.061956264,0.0014174144,0.09379555,0.2341369,0.16841587,-0.12263071,0.1208356,-0.12871695,0.14464536,0.09501383
-0.2179546,-0.4169685,0.11895459,-0.026654763,0.3139907,0.5422312,0.06823186,-0.076895766,0.11457643,0.5385726,0.04379849,-0.17503318,0.24036236,-0.08695791,0.58919764,0.37130493,0.29639784,-0.23133323,-0.17376743,-0.25003648,0.625589,1.0,0.12387057,0.25873405,0.41851804,0.44486198,0.37754303,0.5041298,0.26010522,0.43356276,-0.0051044677,0.094136946,-0.19168699,-0.26382738,-0.15714315,-0.04684906,0.5084083,0.6022218,0.5367527,0.48130104,0.49275765,0.4983025,-0.3760462,-0.56009597,-0.32485497,-0.16282162,-0.2790847,-0.3087503,0.068001,-0.32366762,-0.006484139,-0.089793816,-0.3204872,0.28735453,0.28744528,0.031074394,-0.1596386,-0.44151422,-0.34468952,-0.2921762,-0.23523995,-0.39071864,-0.17071375,-0.4316358,-0.29367784,-0.21438977,-0.47356704,-0.29462802,-0.303919,-0.25561652,0.22381032,0.25202045,0.3556624,0.40340072,0.4064157,0.2499166,0.31529164,0.13101813,0.08456083,0.17836024,0.3100603,-0.19884273,0.5829219,0.25960502,0.23175335,-0.25072536,0.2124196,0.17216362,0.31099367,-0.17892215,-0.17241912,-0.2748719,-0.3578355,-0.018739581,0.105009645,0.4369253,0.17118965,0.32743603,0.07400483,-0.21471068,0.00842605,0.14619322,0.15689047,0.17327894,0.07884195,-0.015559073,-0.053923104,0.11425637,0.08752689,0.26044273,-0.022497429,-0.3512347,-0.031544913,-0.009234186,0.041532926,0.029389124
0.13100879,0.26049954,0.5554645,0.7737332,0.6133266,-0.07361169,0.3906146,0.69971156,0.5976256,0.34743762,0.12330953,0.59231716,0.46508604,0.6464138,0.23440687,0.42672375,0.27277824,0.35105777,0.17510433,0.19287954,0.2238458,0.12387057,1.0,0.6192544,0.20318311,-0.15313339,0.2548181,0.15988487,0.5540722,0.48770753,0.4823544,0.6743402,0.50365245,0.38378,0.26597977,0.29313147,0.2802554,0.21906853,0.30876938,0.13877536,0.21173838,0.1745442,-0.19568424,-0.14300236,0.29052943,0.044183116,-0.19740249,-0.12791167,0.0875413,0.1882977,0.038171947,0.06789077,-0.30272058,0.07842658,0.23664819,-0.17885184,0.24875814,0.16479991,-0.12144625,-0.26592025,-0.1972323,0.071537666,-0.14109112,0.10462277,-0.21028784,0.11860409,-0.19639352,-0.025207926,-0.07481823,-0.054484848,0.4961835,0.40089178,0.457868,0.30045125,0.256764,0.09564837,0.30567002,0.2460204,0.31649625,0.15150325,0.10982096,0.21444385,0.21816128,0.24178219,0.04698285,-0.14897338,0.44478303,-0.42402864,0.3014295,-0.16972037,-0.13186367,-0.3161501,-0.18950962,-0.23234883,0.46950334,0.19959174,0.19999148,0.21612868,-0.23951744,-0.28952017,-0.017665666,-0.05450465,-0.27437937,-0.01586353,-0.18161722,0.40033293,0.053469885,0.037099738,0.27051732,0.23943101,0.31654903,0.20137677,0.4485353,0.2310216,0.0022115812,0.09579711
-0.01720663,0.04557973,0.43104523,0.5536326,0.36918306,-0.0669657,0.2648794,0.25900668,0.12568337,0.29221556,-0.076463185,0.19731088,0.18215054,0.30819434,0.2619898,0.44861546,0.08261886,-0.10559267,0.021004304,0.12387549,0.15370883,0.25873405,0.6192544,1.0,0.44069743,0.037002422,-0.14327857,-0.0187112,0.34034255,0.2783956,0.046832763,0.4174513,0.18546985,0.15835549,-0.018645018,0.31295902,0.17390618,0.29984373,0.16160126,0.10936651,0.29304513,0.24653383,-0.37869394,-0.2222788,0.110053726,-0.09761561,-0.20681237,-0.2792032,0.103559144,-0.07720563,0.022562273,-0.358148,-0.1653479,-0.14951015,0.30126944,-0.3395818,0.07597335,-0.014629337,-0.3264775,-0.28594688,-0.2955972,-0.14814186,-0.25274554,-0.16859354,-0.50124335,-0.09975115,-0.3990369,-0.34126192,-0.29183906,-0.30292505,0.24266888,0.27945068,0.32430118,0.24397703,0.15375243,0.14625971,0.067053,0.06186719,0.4635141,-0.1385774,-0.11635997,-0.14563325,0.21234846,0.28057918,-0.20254178,-0.3669726,0.065266326,-0.39646414,0.13663763,-0.5047719,-0.3373755,-0.584214,-0.4314665,-0.4537066,0.34802336,0.09234831,-0.0253317,0.13834116,-0.42292333,-0.4763426,-0.083492965,-0.30176282,-0.28033656,-0.22848004,-0.3229549,0.32579312,0.31015238,-0.080910616,0.26223344,0.05686395,-0.10388827,0.02470105,0.4148293,0.2834306,-0.20510058,-0.076018
-0.562016,-0.53135425,-0.10752884,-0.15386347,0.33539012,0.12650594,-0.32761744,-0.21611658,-0.042315397,0.2912786,-0.4273702,-0.26956287,-0.17218116,-0.083078675,0.6252257,0.6435488,-0.041430674,-0.31025246,-0.4874531,-0.47698742,0.07714292,0.41851804,0.20318311,0.44069743,1.0,0.20940414,-0.12859738,0.14120154,-0.059637584,0.29991496,-0.23752919,0.16883364,-0.39114508,-0.46181837,-0.41177553,-0.33596402,0.09399204,0.114105,0.22218733,-0.013827078,0.055254232,0.17976566,-0.44631928,-0.56443274,-0.2483035,-0.41747037,-0.468724,-0.49817264,0.13688084,-0.27838513,-0.15995605,-0.3151536,-0.31838372,-0.00024185907,0.062209744,-0.20240392,-0.49650314,-0.48359254,-0.52876365,-0.41647878,-0.58022696,-0.47424862,-0.49401587,-0.4780635,-0.6045771,-0.33095598,-0.6868801,-0.645814,-0.65029526,-0.5794883,-0.1309347,-0.087522,0.019715238,-0.03675412,0.15113898,-0.24980415,0.002480138,-0.20800278,-0.090757094,0.03765743,-0.07364592,-0.20374224,0.5753149,0.6519155,-0.05377703,-0.16900168,0.09294885,-0.188459,0.10955171,-0.20504345,-0.115930445,-0.38547534,-0.27578902,-0.025725162,-0.011070821,0.1714748,-0.06332753,0.03083159,-0.09911507,-0.23577124,0.24366923,-0.08993804,0.22567335,0.12212008,0.122700915,0.26392967,0.027402747,0.31198543,-0.049587008,0.004729561,-0.13667317,-0.19962414,0.015453968,0.15052007,0.11171374,0.12316428
0.051706687,-0.41172582,0.15404718,-0.21335347,0.030164579,0.72646314,0.23652379,-0.18489711,-0.32412517,0.31621048,0.24984951,-0.31244174,0.102969706,-0.51139456,0.38290694,-0.09719047,0.21864913,-0.40635294,-0.03707145,-0.1592331,0.030277308,0.44486198,-0.15313339,0.037002422,0.20940414,1.0,0.3788295,0.61574584,-0.12605233,0.022439944,0.014131705,-0.30642998,-0.038999848,-0.06577867,0.16557057,0.05625198,0.23730934,0.12261152,0.20242155,0.24331707,0.088644795,0.27046922,0.16160871,-0.37187424,-0.22018112,0.12665771,-0.07563192,-0.22353856,0.342558,-0.20481661,0.051709667,-0.01520628,0.025116626,0.26803997,0.028652139,0.17280163,-0.049104076,-0.4855461,-0.049969018,-0.2952917,0.10342742,-0.3439393,0.31012127,-0.4447615,-0.0011759425,-0.38720497,-0.10852159,-0.065920725,0.044300504,-0.13224731,0.17340969,0.018098969,0.035119247,0.115847304,0.22687367,0.085043974,0.22727454,0.08023255,-0.16026956,0.043333925,0.37109464,-0.38325813,0.46503112,-0.07024277,0.3656308,-0.049662948,0.039058045,0.53865594,0.20932096,0.0059351544,0.098558575,0.01762512,-0.06979509,0.26219723,-0.06186795,0.11342811,0.13729826,0.10899418,0.20793346,0.018494863,0.1616304,0.43258363,0.5057069,0.3811303,0.34159273,-0.19636051,-0.07168586,0.16893414,-0.16513555,0.1384039,-0.10657443,-0.36476827,-0.40813187,-0.21599117,-0.03432339,0.08161808
0.31765747,0.13009825,0.38586006,0.21201962,0.49085692,0.49273792,0.33682135,0.3641848,0.44704136,0.5189414,0.3722826,0.2750518,0.39449108,0.10461076,0.23654895,-0.046970006,0.3239789,0.18523647,0.3261304,0.17154272,0.32026032,0.37754303,0.2548181,-0.14327857,-0.12859738,0.3788295,1.0,0.7836896,0.30887252,0.25198042,0.42125645,0.045231868,0.30835623,0.19903424,0.34695536,0.1179204,0.45510292,0.27636895,0.5232182,0.4712615,0.33905384,0.40279818,0.064684756,-0.21528481,0.026765378,0.13706529,-0.12703273,-0.1116108,0.13965948,0.01948308,-0.06067442,0.36943445,-0.28048787,0.33657715,0.12707967,0.16689157,0.30846083,0.018461475,0.20710899,0.040112413,0.20165214,0.06957186,0.28667203,0.049230188,0.2301417,0.100304335,0.058998235,0.30970284,0.31860468,0.24730934,0.4199893,0.23487495,0.33528703,0.3164686,0.35128868,0.29927152,0.3950967,0.215426,-0.08016422,0.2680187,0.42582044,0.088253915,0.30565274,-0.16937241,0.36207762,0.04760483,0.50070703,0.29003644,0.30549708,0.21568915,0.016953055,0.07633399,-0.03316896,0.16613969,0.23965351,0.27875143,0.37301448,0.24036202,0.16671304,-0.061968606,-0.013309842,0.3748591,0.07117898,0.27562022,0.041860137,-0.21495596,-0.35596475,-0.05648131,0.047176998,0.3610906,0.30441573,-0.12603453,-0.05852183,-0.130299,-0.039290763,0.08678933
0.1546959,-0.15322821,0.3542625,0.06080354,0.4823326,0.68849516,0.25499144,0.1314959,0.20484273,0.64796495,0.23774485,0.06988032,0.26758823,-0.12105338,0.43705383,0.10488208,0.27954605,-0.06860753,0.19571678,0.016228141,0.18248583,0.5041298,0.15988487,-0.0187112,0.14120154,0.61574584,0.7836896,1.0,0.1284233,0.26780424,0.21555574,-0.057863586,0.16598587,0.028430656,0.24287899,0.009622586,0.43214974,0.30178136,0.5742546,0.49506468,0.24311483,0.4559435,0.01261766,-0.3983186,-0.07175498,0.072838865,-0.20622674,-0.2498056,0.25443268,-0.07597227,-0.12508388,0.24182297,-0.23126823,0.324207,0.12010022,0.19290589,0.12798539,-0.24691874,0.031173514,-0.1284558,0.043890893,-0.17984673,0.24290164,-0.20857781,0.049989812,-0.1647985,-0.13919845,0.042779572,0.14195542,0.08494172,0.32627764,0.16698723,0.22195894,0.25196493,0.39158675,0.1866747,0.35396934,0.08702838,-0.14346889,0.20084868,0.40720752,-0.15283076,0.5391624,-0.005195019,0.3841782,-0.027802296,0.42948088,0.37570432,0.33129868,0.107984595,0.06891031,-0.020942358,-0.10966039,0.20805427,0.1985597,0.36376825,0.36364958,0.33090857,0.23761523,-0.043096747,0.017462272,0.41786268,0.2558966,0.36590192,0.23107669,-0.18858682,-0.2668024,0.11647228,0.045827918,0.3425027,0.15107262,-0.24383536,-0.20396912,-0.110870264,-0.054598488,0.13916902
0.12669243,0.14813687,0.36909968,0.5391852,0.4772708,-0.024305891,0.34944618,0.55102855,0.5530986,0.2523507,0.2669315,0.4928391,0.75255126,0.5718951,0.18396297,0.20975503,0.56450546,0.4975136,0.093304284,0.07275905,0.47957322,0.26010522,0.5540722,0.34034255,-0.059637584,-0.12605233,0.30887252,0.1284233,1.0,0.5957706,0.45161605,0.64517057,0.29861575,0.19447339,0.22877431,0.36511675,0.51715225,0.47012368,0.39946443,0.32025087,0.4157387,0.122592874,-0.17102224,-0.13768862,0.093801565,-0.0337331,0.025811119,0.1236524,0.05702575,0.04416139,0.011154378,0.0826271,-0.26765764,0.1607716,0.33507895,-0.11968644,0.2907486,0.07822427,-0.017802259,-0.11311078,-0.07558141,-0.013708074,-0.0959109,0.034616884,-0.14055902,0.02883972,-0.119811684,0.14313424,0.031910855,-0.012908891,0.75155675,0.8072548,0.83609444,0.7005083,0.5774191,0.4988574,0.67055345,0.67161715,0.54808635,0.46925887,0.44536844,0.2058619,0.1132986,0.01207488,0.16400163,-0.1921184,0.34927613,-0.22223409,0.22561562,-0.18400349,-0.26547053,-0.26901206,-0.2921997,-0.32293493,0.3138094,0.21087784,0.2020687,0.24864188,-0.22289495,-0.2964342,-0.18502271,-0.0755279,-0.37743908,-0.14506902,-0.29287517,0.18893403,0.055267133,-0.1308893,0.3042493,0.29516745,0.45100942,0.08126685,0.4075023,0.09887373,-0.09521084,-0.038073216
-0.33061856,-0.22609958,0.045513775,0.31076652,0.6114672,0.15746918,-0.046741873,0.359429,0.5642322,0.40405986,-0.0619594,0.27152327,0.45733327,0.531543,0.5411609,0.6748769,0.3620184,0.36165285,-0.24537733,-0.30393773,0.43599698,0.43356276,0.48770753,0.2783956,0.29991496,0.022439944,0.25198042,0.26780424,0.5957706,1.0,0.22250435,0.7266483,-0.024793627,-0.16678596,-0.0042921654,-0.021012243,0.5142118,0.52233624,0.5445933,0.3360728,0.2192792,0.19260342,-0.2306177,-0.2846606,-0.12491253,-0.06835003,-0.17994389,0.08644422,0.11717021,0.025939966,0.009808369,-0.10529304,-0.38299963,0.26476774,0.35714152,0.13171886,-0.1500626,-0.18101527,-0.35362536,-0.31076068,-0.36978143,-0.16512805,-0.3031044,-0.048634525,-0.19768877,-0.011046131,-0.31896868,-0.023030236,-0.2804457,-0.2928883,0.411113,0.49437967,0.53286666,0.6019024,0.54253924,0.10423185,0.52038944,0.46087593,0.1001315,0.599278,0.3650245,0.3498605,0.5572051,0.55150765,0.35200053,0.098938316,0.60851616,-0.17623006,0.4695297,0.08130302,0.13767174,-0.16413407,-0.030236268,0.13477013,0.20991479,0.59154356,0.26452804,0.41516685,0.17957598,0.0032475642,0.29929194,0.2046848,0.080645114,0.31923014,0.13852985,0.51049596,-0.04656195,0.46318492,0.1201302,0.32605252,0.5357278,0.23706004,0.18160264,0.22033562,0.39839777,0.42444107
