1.0,0.39531013,0.7419977,0.42795998,0.051460214,0.16882145,0.78254646,0.24909139,0.22506584,-0.2719305,0.5203239,0.02042046,0.6645136,0.13311964,0.3969331,0.042373575,0.23846303,0.13434318,0.7742891,0.79032314,0.4915539,0.12851742,0.6436231,0.11369485,-0.4531186,-0.54170156,-0.41047812,-0.57145816,0.40864405,0.3427468,0.49837694,-0.023063345,0.4698349,0.2793307,0.46434727,0.5026514,0.35764852,0.18028584,0.5232383,0.37676597,0.36282736,0.12646084,0.6034476,0.30478355,0.27163517,0.12523189,0.56042415,0.3325675,0.105921075,0.14167522,0.56014556,0.31004462,0.48959973,0.15071172,0.65214133,0.43676835,0.8776762,0.5316086,0.37150657,0.06415826,0.6360705,0.38871667,0.7779046,-0.13384382,0.26102176,0.068704136,0.7504419,0.5868633,0.48543274,0.6482407,0.20275378,0.027889589,0.12877952,0.3532332,0.3218148,0.1542082,0.13563034,-0.12089809,0.08655323,-0.035230175,0.57333076,0.09261222,0.45897013,0.20154452,0.58704835,-0.23758586,-0.016999379,-0.5499155,0.6081638,0.052887682,0.23179512,-0.26484296,0.17668349,0.25291795,0.4225535,0.30767336,0.4186125,0.44358554,0.2465211,0.26653677,0.2764343,0.41251254,0.44197455,0.12983415,0.33508736,0.3203795,0.34774253,0.09404256,0.512313,0.29290304,0.45450184,0.112350784,0.13175927,0.19010663,0.1974395,0.2617715
0.39531013,1.0,0.37641177,0.5724083,0.46870494,-0.44874743,0.2828485,0.6992549,0.09936416,0.056890216,0.20772196,0.5479003,0.09056922,0.37057412,0.019366767,0.4609838,0.14978531,0.44554868,0.55240613,0.5606958,0.04460006,0.3619919,0.024985556,0.41277105,-0.4195576,-0.23788713,-0.3616767,-0.12388496,0.26543286,0.35948116,0.032370917,0.43202576,0.27916482,0.28539455,0.46585307,0.48197845,0.11628142,0.15204841,0.37103927,0.29680783,0.301749,0.28478867,0.44957292,0.48748088,0.43323147,0.2705893,0.30030003,0.39147678,-0.12302905,0.19242984,0.2868639,0.5288102,0.12797138,0.33133,0.27788046,0.45742244,0.32794708,0.77518916,0.38312724,0.2050832,0.38061714,0.6743732,0.18127137,0.38616568,-0.0010216091,0.35442483,0.5998549,0.65057564,0.45811656,0.4139552,-0.03140685,0.19867375,0.11348736,0.23133966,-0.09658436,0.14914201,0.088487886,-0.13450813,0.068718635,0.2940517,0.066981085,0.46503538,0.18395798,0.48748514,-0.0048966436,0.48038548,-0.26850352,-0.10038358,0.12473616,0.56244516,0.01319754,0.152304,-0.041534014,0.4118149,0.37540105,0.41827002,0.37393782,0.46027622,0.14196338,0.3382997,-0.09692234,0.36194366,0.18890858,0.15566494,0.13459003,0.3070919,0.19763306,0.26127583,0.44816092,0.3072473,0.3877589,0.2781332,0.19588852,0.101672515,0.28333843,0.30749345
0.7419977,0.37641177,1.0,0.65410864,0.26825348,0.11948605,0.8971975,0.49660763,0.3419505,-0.0043190834,0.5086994,0.277311,0.74116385,0.46450886,0.43292344,0.25273597,0.32507128,0.22231027,0.71216226,0.73975813,0.44910204,0.32631457,0.8212406,0.50504696,-0.1939992,-0.27631572,-0.2853677,-0.35777336,0.42243794,0.4488081,0.7235158,0.32212156,0.5946727,0.45763135,0.64324737,0.58894163,0.40856856,0.26921502,0.58067703,0.43320504,0.3796065,0.26083797,0.6674061,0.5128277,0.12519243,0.16498633,0.6751457,0.53977925,-0.045395914,0.0014948878,0.34335238,0.18672185,0.40836066,0.12492558,0.68890107,0.53749186,0.6891678,0.4120792,0.19070108,0.014818853,0.45129868,0.30322212,0.65793866,-0.020544752,0.16774821,-0.03340884,0.7068728,0.6279943,0.33845437,0.6542267,0.49240696,0.39476493,0.23678112,0.4945139,0.37760755,0.31148827,0.31595597,0.09256176,0.18817697,0.16147645,0.5829432,0.27335662,0.47379053,0.36807838,0.60342944,-0.010527706,0.11657194,-0.2912716,0.57171,0.30188534,0.43353406,0.039490048,0.29851288,0.31802478,0.5399411,0.48139098,0.53986186,0.49124193,0.4336718,0.4909943,0.42977887,0.54688185,0.59662807,0.4288626,0.59411454,0.57152665,0.45371622,0.34917447,0.59348613,0.46268487,0.60295194,0.313279,0.3623849,0.49360862,0.44413772,0.37410957
0.42795998,0.5724083,0.65410864,1.0,0.54992366,-0.10442148,0.5944099,0.8570043,0.3626528,0.21387832,0.20428827,0.6507281,0.29167193,0.6245667,0.27154985,0.48572052,0.27365845,0.31735203,0.64224404,0.5622202,0.29514325,0.49142605,0.382265,0.7826325,-0.24752906,-0.1193978,-0.32634363,-0.18274905,0.40680858,0.4878895,0.3717653,0.64549506,0.4249089,0.53495926,0.72594756,0.6252011,0.366877,0.3572485,0.49982482,0.44445845,0.513044,0.47712886,0.60463107,0.60878253,0.11595202,0.38518548,0.5464157,0.57695216,-0.14289741,0.110287204,0.17599235,0.23917252,0.21609908,0.18050148,0.43822825,0.5615578,0.45843357,0.53437614,0.21943839,0.108019106,0.34399953,0.45126775,0.22014692,0.15221922,0.013099303,0.13968872,0.72644657,0.7374356,0.39112088,0.43616906,0.40052083,0.61355335,0.3079287,0.4689686,0.16645588,0.3515405,0.3189433,0.14037068,0.21027464,0.42876095,0.374527,0.51555693,0.25104287,0.5604961,0.36941004,0.40450546,-0.23939097,-0.00850903,0.36138788,0.517265,0.25496954,0.077197894,0.255806,0.36431146,0.43295044,0.43386534,0.4946182,0.4659801,0.3635558,0.42853755,0.15701832,0.60101056,0.51401496,0.27026826,0.40982842,0.5574634,0.5026458,0.5005607,0.5418974,0.4572766,0.54650587,0.29746398,0.29683733,0.30321378,0.39854914,0.38239342
0.051460214,0.46870494,0.26825348,0.54992366,1.0,-0.08233968,0.19716689,0.66742843,0.57807994,0.6661612,0.3353446,0.743797,0.07420591,0.6696045,0.441914,0.8774966,0.5171434,0.63881606,0.36442488,0.351899,0.14360443,0.70817167,0.033324722,0.5996975,0.19108003,0.3695414,0.16856773,0.39389116,0.49179798,0.6168485,0.24700317,0.63825494,0.42843232,0.5128446,0.59087425,0.49477848,0.33525395,0.4817457,0.49839926,0.47630912,0.35961843,0.6339644,0.41964927,0.5671922,0.18754171,0.27358317,0.47177297,0.620153,-0.12137159,0.041391175,-0.15405582,0.07290281,-0.19415875,0.24991459,0.3320301,0.66527885,-0.00701189,0.3356499,0.053177424,0.12149486,0.060558368,0.22366749,-0.14422286,0.3172038,-0.13715096,0.020665104,0.37774834,0.58517927,0.41557878,0.28553084,0.36710286,0.6786679,0.51173174,0.5034765,0.20836201,0.4316333,0.41089362,0.30559084,0.47684613,0.6397872,0.3130439,0.76549006,0.40083018,0.8167952,0.12329455,0.74938935,-0.030063022,0.36550787,0.21998528,0.7732126,0.31737658,0.4808013,0.21391375,0.28149307,0.42329594,0.5533993,0.5090307,0.52041733,0.41973191,0.60318846,0.15255901,0.46108744,0.37513432,0.41902456,0.41211924,0.5327063,0.42571762,0.6346208,0.36083078,0.47171822,0.48370615,0.49405104,0.44139448,0.345749,0.5090731,0.44750452
0.16882145,-0.44874743,0.11948605,-0.10442148,-0.08233968,1.0,0.2626023,-0.34670582,0.49413717,0.28585064,0.33182526,-0.3344075,0.39374807,-0.0041235224,0.6084735,0.026105963,0.27260783,-0.13607758,0.08923494,0.09708157,0.42909774,0.07171252,0.36225256,-0.16790482,0.4335308,0.21187432,0.43949136,0.11289326,0.21909478,0.16322057,0.47613645,-0.2971727,0.10635378,-0.069048986,0.007242765,-0.078401394,0.3307113,0.32084897,0.24287347,0.2744171,0.14402348,0.12612058,-0.008643088,-0.18423937,-0.09267593,-0.21162951,0.27091673,0.13501802,0.25038016,0.115191765,-0.038577672,-0.39507353,0.19738844,-0.28150296,0.34266236,0.19395542,0.16788472,-0.3344417,-0.048591465,-0.17563733,0.10078835,-0.3683227,0.22015366,-0.36347428,0.11166377,-0.33912417,-0.07205191,-0.09278002,0.15395114,0.05603071,0.31335765,0.08454249,0.27735192,0.28809172,0.54285437,0.28057557,0.20584826,0.22265373,0.30137888,-0.06039131,0.5348807,-0.010088397,0.41134322,0.02715265,0.49703258,-0.3498444,0.45118055,-0.053155795,0.48078462,-0.1638071,0.3871833,-0.104536206,0.29264644,-0.17075294,0.20311931,0.13609242,0.1979227,0.17123531,0.33159333,0.19458999,0.34900424,-0.010029102,0.27357265,0.13705161,0.31789935,0.12344265,0.19277807,0.025177047,0.08160602,0.19398522,0.19740726,0.09560105,0.1914393,0.27660388,0.125713,0.12223362
0.78254646,0.2828485,0.8971975,0.5944099,0.19716689,0.2626023,1.0,0.3752443,0.43107104,-0.03824868,0.5766634,0.1810413,0.81594354,0.37667492,0.53090495,0.19722123,0.36449915,0.15178917,0.7349969,0.7408189,0.5832511,0.3188048,0.8325149,0.3863289,-0.23525333,-0.3539414,-0.32482645,-0.46839482,0.53855133,0.4965919,0.7309361,0.1945121,0.5218236,0.38616338,0.63127774,0.58175486,0.5198759,0.336592,0.65561783,0.517172,0.48590368,0.305791,0.602041,0.37190855,0.1725309,0.104972854,0.68168545,0.49269915,-0.03938794,0.019853096,0.34461692,0.12650205,0.47801945,0.06090235,0.7539188,0.55755574,0.7103998,0.3590469,0.2291405,-0.003154508,0.47725424,0.26931882,0.7064253,-0.14786959,0.10235008,-0.05437153,0.7274167,0.5987735,0.4299719,0.6220599,0.5229298,0.34953216,0.33543104,0.55893904,0.52216154,0.38260332,0.40925685,0.14326392,0.2793079,0.14128368,0.7116698,0.21341741,0.49923527,0.30882052,0.7207631,-0.13061988,0.05791646,-0.42356926,0.6842722,0.19024089,0.40172982,-0.14351594,0.29361528,0.2377335,0.55072427,0.46482468,0.5531605,0.5165874,0.39851308,0.44148517,0.41776758,0.5044822,0.6065361,0.28723532,0.53645676,0.5019993,0.46665892,0.29412127,0.6338721,0.48272777,0.6012207,0.24634671,0.27310377,0.42606097,0.37044337,0.34109625
0.24909139,0.6992549,0.49660763,0.8570043,0.66742843,-0.34670582,0.3752443,1.0,0.25875956,0.26673418,0.15323362,0.8005573,0.108704224,0.6668467,0.14047483,0.588291,0.29918212,0.47974434,0.5131997,0.4772272,0.08116208,0.48556682,0.17532316,0.8119211,-0.22827154,-0.03936549,-0.28232,-0.013308642,0.3484912,0.47228315,0.19902362,0.7752354,0.4456687,0.6026258,0.70355296,0.65392464,0.2138861,0.24299543,0.40350989,0.3441772,0.34188625,0.4533732,0.5775146,0.71438503,0.11697901,0.3923425,0.47158754,0.5972255,-0.19335704,0.054741837,0.12208944,0.339055,0.091340706,0.27657223,0.31281245,0.5308722,0.25133047,0.6074463,0.1429841,0.12918828,0.16788414,0.5053333,0.04075106,0.38097262,-0.042719424,0.22147858,0.60495895,0.7134208,0.30518246,0.39576375,0.25804096,0.5981671,0.23890771,0.37537903,-0.04359496,0.24765101,0.2615803,0.10873601,0.20617388,0.5460333,0.19651261,0.64417577,0.20015733,0.6525039,0.12813175,0.6511418,-0.23524113,0.19267376,0.18299632,0.66908354,0.21472032,0.2724548,0.20437859,0.48013648,0.40357316,0.4437973,0.46577665,0.43999112,0.33437565,0.44968876,0.098854125,0.57636374,0.4445626,0.3518584,0.3787673,0.5590796,0.41518044,0.5531223,0.46631145,0.41211882,0.5050279,0.35704523,0.31674588,0.26621237,0.41120216,0.42564297
0.22506584,0.09936416,0.3419505,0.3626528,0.57807994,0.49413717,0.43107104,0.25875956,1.0,0.6227582,0.49713105,0.293547,0.46592048,0.49968845,0.80206436,0.6584352,0.5313598,0.3076449,0.3651396,0.36025116,0.5831647,0.60991246,0.33326563,0.31098267,0.26126876,0.25173965,0.20298429,0.13764009,0.65001225,0.6312795,0.5508705,0.33863327,0.32378364,0.26175904,0.4563027,0.36105645,0.5873173,0.63707346,0.6421554,0.6464885,0.567639,0.67004496,0.27112058,0.21191095,0.059705526,-0.021676421,0.4981558,0.5070291,0.00843102,0.035542823,-0.1377754,-0.21665165,0.09288419,-0.012859323,0.5566397,0.67616445,0.13369481,0.075448,0.067275904,0.036666505,0.16777323,-0.04289839,0.09541067,-0.060969077,-0.05948901,-0.12947461,0.32062402,0.40034616,0.47227404,0.28996396,0.561834,0.5528396,0.69152766,0.67394245,0.61272395,0.622553,0.56031257,0.41402963,0.5313919,0.43173227,0.6509199,0.48342198,0.5793517,0.63068056,0.5633608,0.23735242,0.102462776,0.09914375,0.59620965,0.400654,0.44999635,0.124503784,0.30009055,0.13318254,0.54734594,0.56281155,0.5494417,0.5684857,0.4884156,0.58209,0.29299414,0.39237362,0.4525095,0.27543592,0.47085753,0.46721068,0.4860372,0.46020734,0.4995909,0.5361713,0.5167023,0.35968432,0.38849097,0.41410184,0.46138498,0.43535432
-0.2719305,0.056890216,-0.0043190834,0.21387832,0.6661612,0.28585064,-0.03824868,0.26673418,0.6227582,1.0,0.20839117,0.40848494,0.025483044,0.56726146,0.46290433,0.74196595,0.4713582,0.4121656,-0.02054591,-0.0012609318,0.102009386,0.5915412,-0.05820688,0.41979674,0.6194367,0.7026349,0.5772188,0.68122655,0.3151523,0.48633012,0.2760399,0.38473314,0.12945366,0.15728839,0.24730125,0.07547969,0.23693676,0.5105143,0.2754569,0.3434391,0.20392068,0.5259874,0.13305037,0.2743895,0.065526985,0.12441416,0.27477774,0.45678583,0.031411473,0.08619101,-0.39309755,-0.23845968,-0.2840579,-0.093426555,0.123432755,0.4686583,-0.275874,-0.18230778,-0.009291091,-0.04241132,-0.11101335,-0.115213566,-0.33769584,0.21865955,-0.12496314,-0.12343986,-0.07178288,0.18252294,0.1619016,0.021488406,0.46324456,0.6087993,0.5179574,0.4380932,0.31323537,0.47439528,0.4368619,0.53085285,0.51885504,0.5402955,0.27797797,0.60095274,0.30056158,0.5723581,0.1204238,0.55282396,0.26268327,0.48636928,0.098149456,0.5367116,0.34486604,0.5302886,0.170502,-0.09799323,0.24029146,0.42454088,0.3121822,0.29644296,0.37495655,0.4851026,0.16791959,0.19236265,0.19676061,0.36869767,0.3725031,0.3252433,0.24961567,0.42304,0.079760954,0.39437968,0.31840634,0.41457853,0.40348518,0.43267417,0.39180258,0.25158742
0.5203239,0.20772196,0.5086994,0.20428827,0.3353446,0.33182526,0.5766634,0.15323362,0.49713105,0.20839117,1.0,0.27951032,0.6639841,0.4442185,0.59537417,0.382305,0.75226194,0.63349295,0.5409325,0.57881606,0.2802122,0.28283152,0.5574008,0.19345179,0.08775529,-0.024936594,0.09921582,-0.050772708,0.7136868,0.6048133,0.67039275,0.17744648,0.7038991,0.53023964,0.56919664,0.57310617,0.3964401,0.27514887,0.5647833,0.34140173,0.18990554,0.20962624,0.4159493,0.28131792,0.13837747,-0.06755361,0.6546205,0.5831039,0.012912704,-0.020180685,0.1755757,0.017075343,0.15249278,0.15322421,0.6464409,0.5507056,0.3672423,0.25886083,0.033232205,-0.019574244,0.19471902,0.006865134,0.45834762,0.07104104,0.03245926,-0.09837701,0.4033588,0.49459022,0.35965246,0.48721638,0.48290262,0.31932035,0.48788428,0.5671558,0.46535295,0.3718076,0.51726395,0.340081,0.57047683,0.35579374,0.7102666,0.4476815,0.56907666,0.44674227,0.4710165,0.10202427,0.2516391,-0.13872118,0.4893918,0.30954012,0.44041455,0.186965,0.24440987,0.234149,0.59075683,0.5400759,0.6361717,0.580874,0.4897109,0.5913589,0.33269826,0.23139223,0.41302758,0.36767256,0.4910594,0.40424004,0.3641855,0.24688429,0.4634879,0.5435589,0.61969805,0.5018991,0.4069237,0.39837435,0.3833938,0.44251359
0.02042046,0.5479003,0.277311,0.6507281,0.743797,-0.3344075,0.1810413,0.8005573,0.293547,0.40848494,0.27951032,1.0,0.0038111457,0.6848877,0.16974193,0.66952705,0.48449358,0.7021444,0.37386093,0.34230286,-0.06891116,0.46879098,0.008435103,0.7743621,-0.0002725619,0.22156484,-0.052575417,0.23370467,0.41829267,0.5263224,0.17326847,0.8062792,0.52708536,0.6945652,0.6673856,0.626086,0.11459846,0.16088222,0.33392876,0.21330665,0.2177851,0.42595506,0.4380343,0.61756635,0.09659368,0.35684335,0.44797388,0.62527084,-0.17736122,0.051497363,0.016662015,0.2740278,-0.06919404,0.36045387,0.23324183,0.48802507,0.0061901454,0.45716617,0.050082132,0.09742605,-0.02934959,0.29870522,-0.12600477,0.46569166,-0.13939841,0.16152951,0.3860057,0.55422336,0.15077466,0.21209963,0.31977406,0.6491747,0.32654154,0.36584255,-0.027199859,0.2566363,0.38036036,0.28270423,0.31933704,0.689282,0.2137033,0.7395624,0.18192716,0.6752304,0.04909644,0.78662765,-0.18448135,0.4153204,0.074515626,0.6873165,0.28740096,0.4138204,0.18708616,0.4353885,0.3869093,0.5083854,0.5078122,0.43126756,0.39656094,0.52041996,0.07640914,0.40367147,0.36278617,0.3589233,0.33995944,0.5520338,0.37038442,0.56500983,0.3867606,0.4557035,0.49963507,0.5266174,0.41110536,0.31127533,0.46900395,0.45778552
0.6645136,0.09056922,0.74116385,0.29167193,0.07420591,0.39374807,0.81594354,0.108704224,0.46592048,0.025483044,0.6639841,0.0038111457,1.0,0.3456662,0.5917705,0.13095394,0.47122207,0.18079771,0.5515147,0.55600804,0.5981917,0.27939793,0.8158435,0.2202737,-0.08306679,-0.275743,-0.17181559,-0.39442343,0.6172285,0.53997153,0.8203385,0.09377204,0.48576742,0.28739762,0.43569735,0.42001113,0.52140975,0.35120127,0.5734972,0.40099964,0.35889474,0.2107142,0.43983752,0.21888968,0.040936295,-0.08560756,0.6069075,0.43364915,-0.02898544,-0.076748386,0.20673868,-0.074659735,0.39979625,0.025330845,0.68738765,0.45234725,0.5634664,0.13930811,0.073704876,-0.05914656,0.35750866,0.050520346,0.669739,-0.25751832,0.19451587,-0.103602864,0.49371094,0.4301793,0.32010022,0.58370435,0.61463165,0.2878871,0.45540833,0.63981205,0.65805906,0.48389798,0.48991486,0.31004673,0.37636188,0.20708893,0.76443905,0.13932596,0.5098278,0.18103902,0.7251903,-0.26380464,0.22092772,-0.437864,0.63914967,0.03269394,0.37400365,-0.13649006,0.19647124,0.081805825,0.49295855,0.3978165,0.47681373,0.44130343,0.36511725,0.39246136,0.41322067,0.2806175,0.44702342,0.23712829,0.44619,0.3165013,0.32350728,0.09901449,0.47272924,0.445273,0.54447776,0.23125067,0.20945527,0.36278254,0.25211686,0.22512779
0.13311964,0.37057412,0.46450886,0.6245667,0.6696045,-0.0041235224,0.37667492,0.6668467,0.49968845,0.56726146,0.4442185,0.6848877,0.3456662,1.0,0.41540173,0.702138,0.5865584,0.6592282,0.3817015,0.37766647,0.094032824,0.54662174,0.33772898,0.74631065,0.23463789,0.25663543,0.12628809,0.25087503,0.5006219,0.6603789,0.5645723,0.728875,0.5557348,0.5893948,0.62663203,0.5250036,0.31615573,0.4123567,0.4252448,0.32902345,0.21009286,0.4061589,0.490973,0.6190583,0.043233328,0.30047664,0.5552609,0.72092307,-0.090117045,0.023157492,-0.06559218,0.045449696,-0.025675602,0.1793349,0.3320652,0.5690408,0.11098769,0.27216274,0.030732187,0.007881411,0.044623252,0.17855845,0.0022214854,0.33565035,-0.05478978,0.061010037,0.35985667,0.5974121,0.2424843,0.36036974,0.5791104,0.7359597,0.4413091,0.5984101,0.28220263,0.46918947,0.47227407,0.4685367,0.47985047,0.6499371,0.4237282,0.7283615,0.30344224,0.6419815,0.2217627,0.535508,0.106583074,0.26698372,0.1802115,0.6373109,0.38241273,0.51109606,0.23540945,0.2106589,0.46968874,0.528654,0.5139523,0.47397488,0.44969755,0.6103725,0.24216904,0.42694786,0.37585416,0.4975595,0.50022405,0.5151805,0.38488287,0.49797437,0.33976743,0.56767714,0.5967816,0.50757915,0.48378202,0.48942128,0.46834356,0.39567888
0.3969331,0.019366767,0.43292344,0.27154985,0.441914,0.6084735,0.53090495,0.14047483,0.80206436,0.46290433,0.59537417,0.16974193,0.5917705,0.41540173,1.0,0.55414724,0.5458338,0.27730072,0.5099226,0.505866,0.6743544,0.5666751,0.46488792,0.21075204,0.23055841,0.12876856,0.28721285,0.11422986,0.63741606,0.6173798,0.6514513,0.109086156,0.40395474,0.27369222,0.41616312,0.37293234,0.5858121,0.54104644,0.6933683,0.61528397,0.47046408,0.5422799,0.30196017,0.16776471,0.060788017,-0.036632355,0.6053522,0.47740114,0.09214455,0.1685774,0.057397816,-0.21785113,0.15660213,-0.09284587,0.6891684,0.6694474,0.32762423,0.058872808,0.027260328,0.024451114,0.24923843,-0.06278926,0.27140668,-0.17720495,0.020112742,-0.22682564,0.3606969,0.375454,0.48124164,0.42774194,0.5106796,0.43421397,0.5639658,0.63480186,0.6875335,0.53949624,0.47411463,0.31239307,0.51743,0.33200708,0.79346365,0.44155312,0.79357123,0.5634734,0.64789736,0.060129274,0.32377568,0.005401258,0.76851845,0.31691182,0.5419802,0.041158464,0.44061267,0.1456407,0.54304516,0.5154385,0.5419598,0.5528345,0.52186626,0.5654593,0.45882726,0.31649476,0.5989188,0.36534697,0.55626684,0.47655264,0.5460302,0.3895615,0.45939574,0.4914511,0.51556593,0.32315657,0.35318536,0.45253295,0.42954433,0.41008058
0.042373575,0.4609838,0.25273597,0.48572052,0.8774966,0.026105963,0.19722123,0.588291,0.6584352,0.74196595,0.382305,0.66952705,0.13095394,0.702138,0.55414724,1.0,0.53569543,0.63740206,0.34411258,0.35787106,0.19785653,0.7454393,0.053645976,0.5375316,0.23262534,0.35999674,0.24972175,0.4351637,0.50522566,0.6656445,0.328505,0.5736446,0.3725932,0.41860935,0.54258835,0.47103214,0.35934868,0.5343937,0.5640287,0.55533284,0.36856344,0.66302615,0.3514551,0.4881132,0.18068618,0.19172145,0.48054367,0.62505716,-0.081144676,0.07746474,-0.1555716,0.046032082,-0.17838848,0.13162573,0.38815796,0.7375802,-0.014447444,0.28535694,0.040696617,0.11443047,0.0673039,0.18421824,-0.13410273,0.36755723,-0.11076317,0.060195014,0.32357934,0.5389769,0.43963382,0.30566522,0.3798298,0.63767534,0.5274093,0.5578987,0.27660725,0.4937837,0.42824143,0.3187249,0.49580935,0.63038903,0.3661515,0.80434144,0.49553612,0.8523093,0.13570279,0.6926136,0.08579018,0.3248177,0.285707,0.7888678,0.35393637,0.49739423,0.18793078,0.26997826,0.52676225,0.6687663,0.56006014,0.60843533,0.43642324,0.676514,0.17002761,0.40470713,0.38021764,0.4503564,0.45852667,0.53698623,0.43561357,0.5873385,0.43316925,0.55985737,0.5347569,0.5178459,0.47330132,0.44251993,0.5856301,0.50802875
0.23846303,0.14978531,0.32507128,0.27365845,0.5171434,0.27260783,0.36449915,0.29918212,0.5313598,0.4713582,0.75226194,0.48449358,0.47122207,0.5865584,0.5458338,0.53569543,1.0,0.67934316,0.34775412,0.37183985,0.20242211,0.43223524,0.3220159,0.44082716,0.27727404,0.23426473,0.21385369,0.21737856,0.74639195,0.6993752,0.5550036,0.41968042,0.6279754,0.6232022,0.5996588,0.5552892,0.3598454,0.31963134,0.43529117,0.25892663,0.1442614,0.32986736,0.45088047,0.47610053,0.043684397,0.020513434,0.6491047,0.6926531,-0.07519621,-0.028529719,0.005024786,-0.041303255,0.077880904,0.20691127,0.45845866,0.54487693,0.17108816,0.1186828,0.012799341,-0.033754133,-0.0042112367,-0.061827112,0.20146419,0.12907499,0.0023069596,-0.08896351,0.2993169,0.53218997,0.24511471,0.3037191,0.62042403,0.5946386,0.6028516,0.615803,0.41877866,0.43330067,0.62783986,0.5545218,0.7776616,0.64139956,0.68372816,0.6321031,0.3855295,0.51944196,0.3988043,0.3562255,0.13409252,0.17433783,0.36346722,0.38253585,0.431091,0.31066343,0.27175704,0.18433374,0.47875917,0.4959942,0.60646653,0.50338787,0.52298194,0.55630404,0.28027797,0.2321142,0.3652709,0.33102077,0.4703238,0.42567664,0.4032516,0.38205734,0.30069172,0.5485915,0.6044711,0.55670744,0.39225388,0.3817861,0.393292,0.42715114
0.13434318,0.44554868,0.22231027,0.31735203,0.63881606,-0.13607758,0.15178917,0.47974434,0.3076449,0.4121656,0.63349295,0.7021444,0.18079771,0.6592282,0.27730072,0.63740206,0.67934316,1.0,0.36236858,0.37812012,-0.10680941,0.40403828,0.12820597,0.4491278,0.16866168,0.22125888,0.16791528,0.30129766,0.49990243,0.6063106,0.33517408,0.5378759,0.6669156,0.66837895,0.5897522,0.57721025,0.070822656,0.14804557,0.3214507,0.13466059,-0.004942794,0.24209623,0.4378787,0.5433054,0.09661539,0.09950712,0.5173514,0.6544519,-0.09117053,-0.030589657,-0.04510977,0.23404652,-0.1321107,0.3121995,0.27724573,0.4858902,0.014889387,0.36194015,-0.015965395,0.050285406,-0.022080759,0.16557257,0.015561654,0.48618034,-0.101564065,0.11495862,0.2936092,0.51831686,0.20715293,0.31459916,0.33310977,0.47531152,0.34946868,0.44023964,0.07276261,0.26346448,0.40039703,0.34501266,0.43198946,0.6650526,0.31651434,0.7655944,0.297331,0.6122538,0.0231928,0.631932,0.12373692,0.2642632,0.038315207,0.6346691,0.28038424,0.5265452,0.04878722,0.32137862,0.4618754,0.5260413,0.54717493,0.479366,0.39472726,0.58046186,0.12351732,0.18555021,0.2123254,0.4371614,0.36872804,0.3924049,0.22931801,0.31296724,0.27789617,0.48215973,0.54835534,0.597841,0.4690755,0.33515328,0.3896105,0.4572324
0.7742891,0.55240613,0.71216226,0.64224404,0.36442488,0.08923494,0.7349969,0.5131997,0.3651396,-0.02054591,0.5409325,0.37386093,0.5515147,0.3817015,0.5099226,0.34411258,0.34775412,0.36236858,1.0,0.88117135,0.47518855,0.38097787,0.52268153,0.39684963,-0.3662134,-0.36718866,-0.31830874,-0.3506564,0.5143788,0.49277422,0.478739,0.22727418,0.5605998,0.4474545,0.6171055,0.61653966,0.3573654,0.24287462,0.6242598,0.4656495,0.4409623,0.3202552,0.59692776,0.44040054,0.29938343,0.1914108,0.6414787,0.48321748,0.081538066,0.32023117,0.43621317,0.36517757,0.3196908,0.2526832,0.6863773,0.59178966,0.7367798,0.611428,0.3684694,0.15852074,0.61300343,0.44774327,0.5729508,0.020116393,0.09934354,0.039531924,0.8152455,0.6933195,0.56697786,0.5691643,0.30258036,0.2960165,0.23768301,0.43213978,0.31556517,0.23928641,0.2575664,-0.021307936,0.20283093,0.22021094,0.5951971,0.36892003,0.56746584,0.48252848,0.5526805,0.09177869,-0.05130567,-0.29379234,0.6355046,0.35609812,0.33100036,-0.13840546,0.2795782,0.3051877,0.517207,0.45244408,0.56007147,0.53515244,0.36755338,0.4245447,0.25845072,0.47055107,0.5944283,0.20766495,0.44604534,0.5045564,0.5568338,0.3225131,0.62127435,0.41075963,0.578983,0.26389375,0.23730816,0.29893374,0.39663687,0.395013
0.79032314,0.5606958,0.73975813,0.5622202,0.351899,0.09708157,0.7408189,0.4772272,0.36025116,-0.0012609318,0.57881606,0.34230286,0.55600804,0.37766647,0.505866,0.35787106,0.37183985,0.37812012,0.88117135,1.0,0.43573755,0.3517329,0.5293529,0.34132963,-0.2980946,-0.33583927,-0.27692875,-0.29854605,0.47828448,0.50748384,0.5054825,0.21985263,0.5888385,0.4424614,0.59327334,0.61386347,0.3153594,0.2081422,0.60603905,0.456713,0.3714298,0.2910803,0.61559844,0.43725184,0.35165954,0.2095449,0.6430154,0.49569607,0.048114024,0.292682,0.46096388,0.39978206,0.34018004,0.2042962,0.6876461,0.5909946,0.72280306,0.61910707,0.43005264,0.1166919,0.60629344,0.4408769,0.61692137,0.14208877,0.11106694,0.071939066,0.73703194,0.65340436,0.5352058,0.5595106,0.28508016,0.26657474,0.21596876,0.43868348,0.29354203,0.21491571,0.22038133,-0.03997365,0.1797426,0.19386958,0.58614415,0.41392887,0.57772726,0.48284745,0.5182096,0.07921214,0.04023367,-0.2815513,0.59865934,0.35586846,0.38794982,-0.013594309,0.25962293,0.35017705,0.54019094,0.49603012,0.5661167,0.5583142,0.39860272,0.4763088,0.30729163,0.47549936,0.58451056,0.30322728,0.49752933,0.53577685,0.49938926,0.342058,0.6244777,0.42722943,0.58135045,0.32000017,0.31225815,0.38439962,0.43090236,0.43262962
0.4915539,0.04460006,0.44910204,0.29514325,0.14360443,0.42909774,0.5832511,0.08116208,0.5831647,0.102009386,0.2802122,-0.06891116,0.5981917,0.094032824,0.6743544,0.19785653,0.20242211,-0.10680941,0.47518855,0.43573755,1.0,0.5554056,0.45503214,0.10666648,-0.15563849,-0.22790991,-0.14193287,-0.3093352,0.51585895,0.47298214,0.46683204,-0.015912117,0.12132098,0.04617375,0.2719169,0.2359119,0.57205606,0.50511277,0.5413858,0.5784729,0.6837516,0.5418651,0.25419655,0.038209982,-0.032344196,-0.10254454,0.427242,0.19548663,-0.026411554,0.04320221,0.06085961,-0.19465744,0.37609783,-0.14621146,0.54343444,0.4584318,0.46364743,0.0522836,0.1423254,0.13876535,0.38488835,0.047007363,0.4056411,-0.39990798,0.09787997,-0.07828598,0.46237284,0.30334508,0.47568685,0.403471,0.41577712,0.24421974,0.47449872,0.57024646,0.67113173,0.5113601,0.36541834,0.13177465,0.26107377,0.106359355,0.6221467,0.09239136,0.49927038,0.23906429,0.7263886,-0.20403579,0.017577955,-0.3180429,0.6955612,0.003910319,0.25402325,-0.37256762,0.22845683,0.09557932,0.32358664,0.26234418,0.30675763,0.35681495,0.25725695,0.21660766,0.29417485,0.2849252,0.43865624,0.0073097353,0.2591504,0.23461336,0.39715543,0.16340713,0.44228765,0.27656695,0.3251979,-0.019725084,0.06535011,0.17829575,0.130416,0.14475086
0.12851742,0.3619919,0.32631457,0.49142605,0.70817167,0.07171252,0.3188048,0.48556682,0.60991246,0.5915412,0.28283152,0.46879098,0.27939793,0.54662174,0.5666751,0.7454393,0.43223524,0.40403828,0.38097787,0.3517329,0.5554056,1.0,0.16233656,0.4907829,0.12176966,0.22563267,0.1458439,0.26464254,0.5652334,0.69336677,0.3624824,0.43020952,0.207785,0.2726642,0.43392378,0.32569852,0.49038622,0.63760537,0.54271454,0.6193469,0.5555749,0.74344337,0.29724386,0.35368595,0.039232142,0.08910658,0.44784173,0.46180877,-0.10621135,0.0121764485,-0.24069372,-0.07787339,-0.099497244,0.03534521,0.36404553,0.6611224,0.10389292,0.15418123,0.08199883,0.25451767,0.19508548,0.16499057,-0.030134693,0.11661571,-0.06388575,0.06621106,0.37600604,0.492148,0.5420028,0.3341147,0.483622,0.64479953,0.64148104,0.6656182,0.5160203,0.64687747,0.4966706,0.32725447,0.49289826,0.53087157,0.42330182,0.622505,0.43567628,0.66077393,0.31976846,0.4738606,0.039836075,0.16691521,0.3442733,0.6013376,0.21894906,0.23778756,0.14265218,0.17894855,0.39533252,0.5123235,0.41898105,0.48762667,0.3131111,0.4555272,0.11594229,0.3598025,0.30591077,0.27158332,0.30802524,0.34209692,0.41287166,0.4509315,0.35660017,0.47006223,0.44441098,0.27847436,0.27599803,0.31423306,0.3347244,0.25193152
0.6436231,0.024985556,0.8212406,0.382265,0.033324722,0.36225256,0.8325149,0.17532316,0.33326563,-0.05820688,0.5574008,0.008435103,0.8158435,0.33772898,0.46488792,0.053645976,0.3220159,0.12820597,0.52268153,0.5293529,0.45503214,0.16233656,1.0,0.2771619,-0.018317295,-0.27155578,-0.1203578,-0.36483124,0.35970268,0.33667555,0.79662335,0.076518625,0.5694978,0.38689208,0.47760457,0.42751616,0.3453699,0.20914331,0.46339118,0.34557158,0.22423066,0.1367684,0.49479267,0.2878331,-0.0840027,-0.07181817,0.5880368,0.39968404,-0.066688634,-0.13387896,0.21609262,-0.031558007,0.41892514,-0.015411012,0.62931025,0.3906493,0.5471788,0.10871533,-0.02362866,-0.08323721,0.25307015,0.004121419,0.66709656,-0.17928441,0.16350597,-0.14843981,0.47135633,0.38593277,0.20453513,0.567693,0.46914813,0.23981981,0.19903003,0.44903228,0.43481165,0.26322466,0.29115555,0.09687711,0.19882768,0.03371409,0.60095876,0.11645006,0.4647851,0.19486582,0.6150016,-0.24172774,0.3294632,-0.35078317,0.55321753,0.12702248,0.41688856,-0.0127324965,0.31011245,0.22374022,0.45405373,0.34735066,0.42419186,0.36032888,0.36477986,0.38181955,0.47888374,0.3845501,0.5159034,0.43729937,0.6018769,0.43643117,0.34721938,0.15561804,0.44795334,0.3602038,0.5027813,0.19461127,0.2795798,0.44451815,0.31266627,0.26132572
0.11369485,0.41277105,0.50504696,0.7826325,0.5996975,-0.16790482,0.3863289,0.8119211,0.31098267,0.41979674,0.19345179,0.7743621,0.2202737,0.74631065,0.21075204,0.5375316,0.44082716,0.4491278,0.39684963,0.34132963,0.10666648,0.4907829,0.2771619,1.0,0.045134127,0.1920226,-0.08800029,0.12180619,0.38627246,0.508129,0.3743793,0.78627324,0.48263276,0.62235725,0.6626391,0.5496199,0.2373581,0.26244447,0.34577927,0.26244822,0.30588967,0.43953776,0.54105765,0.66967034,-0.02699216,0.37905842,0.53504217,0.6570025,-0.18824777,0.035323005,0.048030213,0.15745036,0.09657045,0.26712936,0.28041667,0.47897947,0.16582029,0.3071758,0.06267918,-0.007854592,0.058662046,0.26438072,0.014551939,0.26983687,0.023332799,0.06384278,0.4451856,0.579034,0.104897015,0.28719544,0.5445656,0.76048666,0.34141782,0.4523997,0.1459491,0.3383811,0.41680562,0.37364605,0.3341013,0.6165847,0.32538295,0.5880379,0.18155089,0.5684505,0.27569416,0.57658356,-0.09742119,0.3215798,0.19471616,0.5556473,0.36367136,0.3221642,0.30925488,0.3127214,0.34450227,0.42696747,0.46248633,0.345408,0.43818918,0.45479816,0.2019989,0.48602554,0.47476634,0.38330832,0.44998538,0.57400733,0.42234913,0.5534624,0.37976038,0.47968218,0.5423044,0.41559857,0.36568734,0.40448326,0.44759488,0.36058283
-0.4531186,-0.4195576,-0.1939992,-0.24752906,0.19108003,0.4335308,-0.23525333,-0.22827154,0.26126876,0.6194367,0.08775529,-0.0002725619,-0.08306679,0.23463789,0.23055841,0.23262534,0.27727404,0.16866168,-0.3662134,-0.2980946,-0.15563849,0.12176966,-0.018317295,0.045134127,1.0,0.8412984,0.85801953,0.76368517,-0.08239708,0.07750125,0.22262801,0.014299499,0.0045930594,-0.04014421,-0.089002505,-0.27627277,-0.07765658,0.11385799,-0.15679346,-0.109854855,-0.30329338,-0.0019555038,-0.12887184,-0.026538365,-0.09634813,-0.14627768,0.06951759,0.17212977,0.09765671,-0.054863866,-0.42126197,-0.37879172,-0.272006,-0.23594983,-0.13272798,-0.0018287249,-0.4157334,-0.51017326,-0.22030556,-0.16848722,-0.33758724,-0.49764454,-0.36303607,0.044890754,-0.17996937,-0.30342093,-0.4858801,-0.2596257,-0.17772026,-0.18011722,0.29041535,0.2880272,0.15857396,0.0949074,0.21010423,0.17611423,0.1757362,0.38792583,0.2564493,0.16452408,0.05794178,0.22566226,0.09978806,0.09913896,-0.059330348,0.14435707,0.61408085,0.54704887,-0.13808022,0.13295414,0.3251472,0.57002723,0.19004206,-0.23327765,-0.031255703,0.04135612,0.025571782,-0.10227953,0.26008126,0.23012559,0.21323803,-0.12082289,-0.030826433,0.3947239,0.28143933,0.076913506,0.015892014,0.12142543,-0.31175917,0.12817837,0.027136149,0.27756196,0.35087675,0.37992018,0.13877004,0.015595427
-0.54170156,-0.23788713,-0.27631572,-0.1193978,0.3695414,0.21187432,-0.3539414,-0.03936549,0.25173965,0.7026349,-0.024936594,0.22156484,-0.275743,0.25663543,0.12876856,0.35999674,0.23426473,0.22125888,-0.36718866,-0.33583927,-0.22790991,0.22563267,-0.27155578,0.1920226,0.8412984,1.0,0.78730744,0.830474,-0.04800877,0.085831866,0.042521343,0.2103332,-0.064933605,-0.027547898,-0.04014773,-0.23915535,-0.08785431,0.11750703,-0.16123316,-0.116163895,-0.19743837,0.1073073,-0.09940907,0.042104416,-0.0073859785,0.03491925,0.024129186,0.2022908,0.1213066,0.020602448,-0.4302785,-0.3011072,-0.35902223,-0.106538735,-0.20484251,0.028927978,-0.48023984,-0.36904144,-0.13654928,-0.13292359,-0.30731225,-0.3698242,-0.5455482,0.13210611,-0.17056125,-0.25774303,-0.45404008,-0.20298736,-0.15238483,-0.1932504,0.27747482,0.40525326,0.22676045,0.06441911,0.124892406,0.20447552,0.178127,0.3948364,0.24100503,0.25868753,-0.057261996,0.28420034,0.007376009,0.2012145,-0.15233794,0.3913246,0.3638216,0.7176289,-0.23635651,0.24566351,0.25832975,0.5792675,0.14959131,-0.16787975,-0.069372326,0.056460187,0.03315363,-0.105030596,0.2481802,0.22626966,0.0457319,-0.08705749,-0.09037035,0.27748272,0.12547606,0.07446757,0.0144646745,0.2394787,-0.29280972,0.14103003,0.017090036,0.32037854,0.3509256,0.29133818,0.15646549,0.032942552
-0.41047812,-0.3616767,-0.2853677,-0.32634363,0.16856773,0.43949136,-0.32482645,-0.28232,0.20298429,0.5772188,0.09921582,-0.052575417,-0.17181559,0.12628809,0.28721285,0.24972175,0.21385369,0.16791528,-0.31830874,-0.27692875,-0.14193287,0.1458439,-0.1203578,-0.08800029,0.85801953,0.78730744,1.0,0.8303184,-0.12139315,0.010584295,0.11980124,-0.12996796,-0.023076467,-0.09449007,-0.17438214,-0.29839513,-0.09332742,0.08553018,-0.1337957,-0.07373097,-0.30317703,-0.014824569,-0.21362668,-0.12768057,-0.08533353,-0.14822623,-0.0021394205,0.061104216,0.20534657,0.094496794,-0.32506537,-0.33275414,-0.30473617,-0.25462264,-0.1474018,0.008649453,-0.3793927,-0.43858227,-0.2556104,-0.092995,-0.28543714,-0.44392687,-0.38479877,0.032095537,-0.0939747,-0.29126513,-0.49454147,-0.29505712,-0.13083898,-0.12041226,0.08973191,0.14063,0.07892542,-0.00853588,0.15175557,0.103097156,0.031193983,0.2269825,0.2520935,0.085533045,0.022556808,0.20949923,0.22808333,0.14062282,-0.13595816,0.15343043,0.6718327,0.5649694,-0.106562756,0.17892438,0.24039961,0.50920814,0.19472146,-0.18140024,-0.059339706,0.017766187,-0.037877224,-0.08739852,0.18415362,0.1674087,0.11847462,-0.21525228,-0.066638686,0.37253684,0.20508504,-0.0025684615,-0.0018603648,0.050722517,-0.35110906,0.043626554,-0.049090777,0.19612718,0.26390025,0.25212637,0.08381967,-0.008161232
-0.57145816,-0.12388496,-0.35777336,-0.18274905,0.39389116,0.11289326,-0.46839482,-0.013308642,0.13764009,0.68122655,-0.050772708,0.23370467,-0.39442343,0.25087503,0.11422986,0.4351637,0.21737856,0.30129766,-0.3506564,-0.29854605,-0.3093352,0.26464254,-0.36483124,0.12180619,0.76368517,0.830474,0.8303184,1.0,-0.144508,0.054010555,-0.07287518,0.14280201,-0.042484734,0.010061592,-0.10213995,-0.22131538,-0.16783921,0.083761655,-0.18049915,-0.099188775,-0.26427007,0.11058368,-0.1653603,0.08486979,-0.014883795,0.02924405,-0.054725397,0.12628406,0.10856867,0.10413679,-0.36525124,-0.18773204,-0.44737014,-0.13337553,-0.2764733,0.04219869,-0.5037556,-0.3159831,-0.18110508,-0.022189239,-0.36179665,-0.2569311,-0.5349056,0.29603848,-0.19908488,-0.09560554,-0.4623465,-0.18394843,-0.13603264,-0.23388745,0.04027493,0.2896068,0.08362913,-0.05272873,-0.057601128,0.058496986,0.02038157,0.2287056,0.24915461,0.27178645,-0.15788071,0.38873526,0.073031105,0.27358532,-0.3226149,0.48622867,0.41929775,0.75084984,-0.27488878,0.37612206,0.16663161,0.6483998,0.11681256,-0.118675694,-0.08693783,0.071090005,-0.03750528,-0.06534592,0.16280897,0.20135434,-0.00915703,-0.16940019,-0.1174332,0.33478045,0.12854284,0.06150228,-0.0072649587,0.21196608,-0.34490865,0.04999345,-0.05905641,0.2745374,0.27562365,0.21844879,0.16097727,0.033034023
0.40864405,0.26543286,0.42243794,0.40680858,0.49179798,0.21909478,0.53855133,0.3484912,0.65001225,0.3151523,0.7136868,0.41829267,0.6172285,0.5006219,0.63741606,0.50522566,0.74639195,0.49990243,0.5143788,0.47828448,0.51585895,0.5652334,0.35970268,0.38627246,-0.08239708,-0.04800877,-0.12139315,-0.144508,1.0,0.8106113,0.55188,0.4127974,0.4824029,0.49410632,0.6087113,0.58345306,0.6381614,0.524717,0.6681263,0.5123639,0.50557077,0.5212097,0.3879451,0.2951944,0.11130995,0.024710352,0.62033963,0.60175437,-0.11140787,-0.010092198,-0.0036380447,-0.08381486,0.12368688,0.18121645,0.6151232,0.6396428,0.3085674,0.27524996,0.084908314,0.04719571,0.19709733,0.13086204,0.26027045,-0.040738054,0.046999004,0.018482545,0.50492257,0.60704136,0.50546694,0.42149505,0.64348006,0.5446824,0.8113543,0.7825852,0.6289467,0.64434844,0.73737967,0.5243256,0.6929818,0.56134695,0.7738885,0.5127688,0.42663455,0.51904833,0.58605087,0.24664678,-0.1447181,-0.10043508,0.53343797,0.2942817,0.29581037,-0.026461734,0.18775721,0.20455255,0.5454385,0.53524333,0.61976737,0.6079854,0.421223,0.48718125,0.20673697,0.33255047,0.38694572,0.098167695,0.29495603,0.34253892,0.4442129,0.36544356,0.5099462,0.61783856,0.6097925,0.39482054,0.24678044,0.21788757,0.2517449,0.3374293
0.3427468,0.35948116,0.4488081,0.4878895,0.6168485,0.16322057,0.4965919,0.47228315,0.6312795,0.48633012,0.6048133,0.5263224,0.53997153,0.6603789,0.6173798,0.6656445,0.6993752,0.6063106,0.49277422,0.50748384,0.47298214,0.69336677,0.33667555,0.508129,0.07750125,0.085831866,0.010584295,0.054010555,0.8106113,1.0,0.5859952,0.51620203,0.4499161,0.48144504,0.62254965,0.5672114,0.5215964,0.63710356,0.5925682,0.5295466,0.4414212,0.5878723,0.46187523,0.4133775,0.13111058,0.12274089,0.63553506,0.6691803,-0.1558998,-0.038156237,-0.10608676,-0.059688766,0.03039618,0.08187714,0.51752067,0.6936448,0.25391313,0.24744092,0.123346314,0.1729794,0.19878851,0.24002592,0.19944188,0.15580091,0.02531508,0.10823171,0.48100457,0.622248,0.5161741,0.42846337,0.66473603,0.67969,0.7543671,0.8893271,0.60827833,0.7232174,0.677632,0.5733555,0.59590036,0.70346975,0.7134266,0.71478474,0.48175377,0.5957177,0.50043225,0.36799648,0.073925704,-0.0588331,0.42334315,0.44177055,0.29665592,0.18157348,0.098798014,0.122476496,0.50955683,0.5963084,0.5742885,0.5916069,0.4053549,0.55112916,0.24699357,0.3705211,0.39136952,0.29435855,0.40595502,0.39582118,0.4325256,0.3724456,0.4399041,0.63186145,0.6086994,0.41053224,0.31595418,0.33858493,0.29598525,0.31655252
0.49837694,0.032370917,0.7235158,0.3717653,0.24700317,0.47613645,0.7309361,0.19902362,0.5508705,0.2760399,0.67039275,0.17326847,0.8203385,0.5645723,0.6514513,0.328505,0.5550036,0.33517408,0.478739,0.5054825,0.46683204,0.3624824,0.79662335,0.3743793,0.22262801,0.042521343,0.11980124,-0.07287518,0.55188,0.5859952,1.0,0.28902882,0.60186595,0.4373322,0.49833214,0.4022481,0.42427862,0.3493423,0.51673937,0.3500221,0.25231928,0.22806062,0.46419317,0.3201704,-0.024026066,0.014214048,0.670663,0.56977534,-0.016994976,-0.040939476,0.07779413,-0.16163789,0.24726939,0.004106,0.6337554,0.48855284,0.42009583,0.034809537,0.011845775,-0.09225453,0.19101779,-0.074388996,0.52477396,-0.08849313,0.1198637,-0.17027372,0.35520253,0.42924452,0.22774279,0.511398,0.7036906,0.48483625,0.441192,0.6678455,0.5914619,0.5046873,0.452626,0.35770777,0.39756447,0.29655755,0.7162366,0.33739817,0.5018846,0.32541493,0.60205084,-0.09481577,0.38333753,-0.13287884,0.5198518,0.22769225,0.51134014,0.16573448,0.25981626,0.102210104,0.5212703,0.47608718,0.5315538,0.4447056,0.4944472,0.552436,0.45063117,0.32042733,0.45765305,0.4529033,0.5901905,0.43889233,0.3873112,0.23316154,0.4333351,0.5343415,0.60819167,0.39879492,0.4414552,0.5672291,0.40806153,0.31028792
