1.0,0.6266289,0.5469538,0.51881486,0.43500453,0.36186314,0.6772312,0.59354293,0.6047277,0.22327273,0.5786734,0.55140686,0.6086687,0.57413256,0.57926434,0.47670096,0.50222117,0.41905937,0.8111151,0.8565019,0.3144326,0.24646273,0.4651906,0.22342058,0.1538419,-0.17692862,0.31563318,0.20467612,0.2947097,0.28786072,0.41690198,0.3079506,0.75490165,0.6039883,0.43344206,0.62960523,0.32481983,0.32247883,0.41334927,0.43600112,0.28754288,0.27681324,0.57771057,0.33916998,0.21477245,0.28065315,0.7043539,0.44354972,0.26645628,0.3395124,0.019648613,0.28588068,0.22585548,0.21312077,0.6357821,0.4764347,0.7188047,0.23542316,0.17992985,-0.12883523,0.41779602,0.2198617,0.50250125,-0.065063074,0.3698558,0.2418167,0.40766114,0.61503816,0.06333307,0.19388562,0.42696384,0.28153214,0.2163033,0.13396522,0.080009624,0.10673879,0.31145135,0.14537269,0.07915025,0.44166136,0.536561,0.44803408,0.57424337,0.5273484,0.54090214,0.44210768,0.5215935,0.3715105,0.5004134,0.49440172,0.14379738,-0.1598745,-0.13563636,0.13196954,0.52454925,0.3432498,0.56832194,0.41125607,0.5180537,0.38652113,0.07900133,-0.26019207,0.11632454,0.09062493,0.43020496,0.24833563,0.3282824,0.2622335,0.4334583,0.46136647,0.48323154,0.010132692,0.32785174,0.05082136,0.22496189,0.38862514
0.6266289,1.0,0.33188894,0.41868955,0.13297512,0.044014,0.32093012,0.53052515,0.3460192,0.062161855,0.16226107,0.47679132,0.26688603,0.42858636,0.22835997,0.23397855,0.10314116,0.45045498,0.6269385,0.63311,0.02176285,-0.0642907,0.22847836,0.22838104,-0.11025636,-0.30040333,0.09606832,-0.03906246,-0.11973908,-0.02920672,0.11783828,0.22096935,0.4122392,0.50111103,0.29900327,0.35984707,0.017574616,-0.041495293,0.13171843,0.13938542,-0.030836396,0.012044627,0.43928552,0.28579944,0.2739256,0.23635219,0.37024677,0.2146031,0.32775116,0.18200125,0.09901618,0.2843618,0.21733455,0.25215825,0.34625468,0.23159905,0.6244725,0.46113217,0.16088991,0.010401935,0.36050025,0.2060156,0.43523553,0.12782693,0.3614976,0.19391789,0.16211198,0.49103665,0.1134479,0.21403123,-0.002971668,-0.056816205,-0.22225721,-0.21602395,-0.29585508,-0.22664718,-0.10522058,-0.21693167,-0.22938591,0.2755358,0.06835276,0.36455122,0.2579337,0.2848363,0.15384576,0.3777565,0.29406053,0.28927854,0.18917465,0.38121098,0.013432874,-0.18106742,-0.14166054,0.07767813,0.22495842,0.086773776,0.26775092,0.24628572,0.34241793,0.21135871,-0.0528171,-0.08752975,-0.0701482,-0.08901544,0.11107853,-0.009470283,0.10819516,0.059533816,0.16601907,0.124975964,0.28127527,0.0064175394,0.21106435,-0.13051514,0.1041076,0.21565318
0.5469538,0.33188894,1.0,0.8402191,0.46253556,0.45524913,0.8256311,0.8022116,0.5929764,0.51528656,0.5569772,0.58489054,0.75498444,0.71185654,0.48752737,0.52613133,0.47064453,0.552637,0.682786,0.6005127,0.42202547,0.43108115,0.8335449,0.7445852,0.43481565,0.2614048,0.26448688,0.24294102,0.40210864,0.46697378,0.64495087,0.6873509,0.7231844,0.7221203,0.61188537,0.2972496,0.40501875,0.40759537,0.37138173,0.42158556,0.2798888,0.35524026,0.34514725,0.35689077,0.24606487,0.24835779,0.5096318,0.32082444,0.36714473,0.38866916,0.018020073,0.16532245,0.07551251,0.11983902,0.48933408,0.5761983,0.34626156,0.17833726,0.08250535,-0.16882382,0.078348845,0.1468364,0.29657945,0.0027639358,0.15712146,0.17754366,0.37457317,0.49790582,0.14900137,0.06413863,0.53257495,0.52487296,0.30797446,0.3075614,0.1814569,0.23543493,0.4373876,0.33176833,0.33219683,0.50366247,0.3507806,0.4634961,0.54079664,0.6254422,0.5478447,0.6085882,0.52709115,0.63736516,0.48058292,0.5537311,-0.20516357,-0.14254408,0.12513272,0.060910575,0.44375533,0.45400512,0.5475932,0.498867,0.4549525,0.457284,0.029708814,-0.17629784,0.2849362,0.19901003,0.5218962,0.35303363,0.54189646,0.33699873,0.43094617,0.35541657,0.34361207,0.20664722,0.26304042,-0.15294738,0.211168,0.60288113
0.51881486,0.41868955,0.8402191,1.0,0.4923183,0.4507955,0.74936616,0.8770324,0.5970635,0.51142865,0.36508113,0.5918109,0.6539521,0.7492595,0.49228197,0.50013363,0.38673404,0.5141604,0.7055327,0.5610421,0.44638523,0.42409983,0.66992897,0.8238974,0.38852516,0.32265943,0.21593943,0.23453802,0.32518035,0.4205437,0.5252602,0.753841,0.65909755,0.66130567,0.5988153,0.27172428,0.46553403,0.45623985,0.45929775,0.45913103,0.31947672,0.4110253,0.4196369,0.20313773,0.23820993,0.28775033,0.47755924,0.3544471,0.44062966,0.31729576,-0.069052726,0.1666664,0.1691739,0.19438857,0.49419847,0.6330221,0.32845122,0.17355461,0.23228706,-0.044783726,0.049368884,0.17367418,0.39617428,0.1056072,0.19263755,0.22070412,0.3319326,0.5293583,0.22916253,0.06801243,0.41840175,0.48058847,0.23554817,0.29314226,0.19016987,0.24808595,0.40094545,0.28304985,0.27225468,0.5550706,0.28329393,0.5299392,0.56707597,0.64937407,0.5200104,0.64125764,0.6035356,0.64794403,0.52622867,0.5824667,-0.21017909,-0.10934475,0.12217465,0.033946134,0.49096665,0.4112293,0.5948909,0.5827714,0.4375119,0.4954612,0.14548582,-0.095402256,0.2824079,0.21020989,0.53396225,0.40420035,0.5266653,0.4227737,0.40292132,0.42488563,0.44021994,0.22456679,0.29751837,-0.11973956,0.36292332,0.66149336
0.43500453,0.13297512,0.46253556,0.4923183,1.0,0.823282,0.596122,0.43567833,0.80195576,0.56282693,0.50282955,0.27750897,0.5745375,0.4588728,0.80408454,0.70852524,0.6271431,0.11105438,0.5277464,0.450515,0.7696328,0.7106314,0.30562845,0.26941177,0.5134481,0.35347837,0.7267794,0.7905168,0.7033596,0.55294067,0.4055154,0.34063968,0.5705041,0.23613632,0.47329316,0.44830823,0.70829904,0.71241045,0.73125297,0.7523808,0.6175383,0.6803342,0.36702693,0.038563453,-0.13332872,-0.016524479,0.4630293,0.54659665,0.09264898,0.07099271,-0.13904965,-0.028118497,-0.12690723,-0.0011849831,0.58328974,0.62964284,0.10163962,-0.0008619981,0.15135983,-0.03420847,0.02312455,-0.100882374,0.14368606,0.14549342,0.14139417,0.029793821,0.45604458,0.40907398,0.0565153,-0.10172566,0.5168836,0.49977815,0.60592246,0.55365825,0.58093613,0.59825444,0.60608536,0.56862766,0.4124491,0.39168945,0.68864703,0.36703384,0.6626765,0.624232,0.58123344,0.2319624,0.64670205,0.44730425,0.5181219,0.40635604,0.21994218,0.13788083,0.10684979,0.13348605,0.5845928,0.4889109,0.6702087,0.5463043,0.5284234,0.44663888,0.3541081,-0.09521763,0.436176,0.4035139,0.6305354,0.6396197,0.5188235,0.5412659,0.4378439,0.67043006,0.62346715,0.18478727,0.15083617,0.14435011,0.4905783,0.44854215
0.36186314,0.044014,0.45524913,0.4507955,0.823282,1.0,0.6244945,0.39924514,0.7454256,0.70089227,0.5339516,0.19002311,0.60054606,0.35068274,0.7796505,0.7388265,0.59847534,0.13962512,0.44726276,0.37171647,0.68326163,0.6904144,0.3856436,0.23944499,0.6080047,0.4803239,0.74036914,0.7838311,0.6635707,0.64005214,0.46110278,0.3285574,0.5341797,0.19877653,0.6155646,0.34638157,0.717979,0.7191391,0.7440055,0.74393475,0.622693,0.71060187,0.22999762,0.14533964,-0.097265124,0.051371604,0.33391604,0.34332857,0.1101164,0.08320088,-0.19975851,-0.040741466,-0.23777047,-0.07986204,0.5550624,0.628679,0.07095999,-0.034839414,0.10598471,-0.037568446,-0.055057365,-0.17032357,0.15349293,0.058218587,0.0037522477,0.06095855,0.49085718,0.23254758,-0.025896467,-0.056522157,0.45752442,0.4592729,0.54797214,0.56383413,0.568458,0.6182014,0.64668286,0.64435655,0.46143967,0.3997224,0.60862744,0.32467204,0.6567744,0.63095933,0.56838953,0.21140152,0.6203764,0.49501732,0.44815326,0.35909247,0.020474795,-0.008668196,0.11740477,0.02065374,0.5267536,0.62442875,0.67532974,0.5183392,0.48536524,0.385625,0.30865708,-0.19321802,0.43640897,0.43043038,0.7058765,0.62544686,0.6199209,0.51166254,0.56944716,0.6853187,0.42666695,0.0865706,0.14919032,-0.07025287,0.2541992,0.53449595
0.6772312,0.32093012,0.8256311,0.74936616,0.596122,0.6244945,1.0,0.7476556,0.703279,0.59226704,0.66886365,0.4722901,0.86559236,0.6706489,0.6782334,0.6606414,0.5534196,0.4183257,0.7173679,0.6943783,0.49399054,0.5086541,0.791026,0.5236387,0.4951158,0.2850434,0.39359558,0.36847618,0.5059985,0.5503264,0.68853116,0.572468,0.79817927,0.60574126,0.6704438,0.37428018,0.5448281,0.54531467,0.52791226,0.536081,0.439033,0.48096338,0.4507694,0.34451258,0.1989991,0.29058492,0.6176565,0.39320698,0.32694194,0.3873305,-0.04225056,0.17750026,-0.03639741,0.13662885,0.6279308,0.62211835,0.41263777,0.14938642,0.11878015,-0.13218279,0.12910469,0.089252464,0.3709328,-0.09132266,0.09454881,0.14103363,0.48330206,0.44210634,0.11484954,0.13889866,0.5859526,0.5144804,0.43582085,0.4171366,0.36780262,0.3796523,0.5680856,0.41024894,0.32960156,0.49668145,0.57128984,0.4215518,0.6729155,0.64443964,0.69698566,0.5228618,0.61988896,0.55952364,0.5919077,0.49196935,-0.05999211,-0.23384172,0.045459256,-0.010753278,0.557911,0.54166967,0.648342,0.5042605,0.508878,0.5003246,0.09084966,-0.3234161,0.26044217,0.23820488,0.6098077,0.3811904,0.56669223,0.34963167,0.55040693,0.5616282,0.40659592,0.10119327,0.30974582,-0.16333486,0.17682678,0.6066333
0.59354293,0.53052515,0.8022116,0.8770324,0.43567833,0.39924514,0.7476556,1.0,0.6009684,0.507872,0.4097259,0.69965637,0.6854599,0.83554155,0.49339226,0.52661777,0.400921,0.62503475,0.7496807,0.65643924,0.37445158,0.38378465,0.67883086,0.76102155,0.35487914,0.25584713,0.1930157,0.20191504,0.24274532,0.39753753,0.56012726,0.7718327,0.718186,0.730649,0.6331474,0.3087928,0.35483995,0.34856734,0.36876446,0.38912728,0.20836782,0.29303166,0.42268464,0.31608084,0.29155827,0.37986556,0.47218332,0.3414043,0.4460595,0.29386884,0.022716325,0.24225885,0.12822238,0.19378953,0.49709567,0.5742067,0.46597508,0.25159448,0.24049826,-0.025342984,0.14160009,0.27996603,0.39484724,0.07917848,0.19950898,0.24067509,0.3988728,0.5325542,0.17596763,0.18447064,0.3654045,0.38218886,0.11335413,0.19015598,0.078741185,0.1186438,0.31792906,0.21849528,0.19312946,0.6410759,0.293722,0.6352168,0.55942494,0.6444802,0.46489108,0.6667187,0.5658481,0.6508324,0.43539596,0.6159422,-0.2179703,-0.19261977,0.12980779,0.061118484,0.47286472,0.40081823,0.58169353,0.5476457,0.45355037,0.49776775,0.08570947,-0.116802745,0.27227467,0.19705313,0.49726722,0.36006102,0.4981554,0.3293118,0.4234339,0.43636674,0.44926414,0.1618157,0.25538477,-0.1251623,0.29896113,0.61083794
0.6047277,0.3460192,0.5929764,0.5970635,0.80195576,0.7454256,0.703279,0.6009684,1.0,0.5986598,0.594132,0.4856553,0.69021016,0.5865205,0.8482652,0.7998947,0.55850303,0.26851556,0.7049967,0.64444387,0.6724048,0.5884552,0.45214564,0.39420125,0.41437313,0.21386974,0.56680965,0.5868146,0.61267877,0.5738142,0.51805156,0.48859078,0.69407445,0.46017134,0.5369064,0.4817988,0.68345326,0.63304436,0.6842016,0.6870661,0.6015775,0.6420555,0.43171474,0.17203474,0.038346656,0.20214656,0.556132,0.4355683,0.14452036,0.20928681,-0.057465713,0.09313612,-0.008267157,0.11509406,0.5733568,0.5926802,0.28093514,0.116383135,0.18172984,-0.04516112,0.1574433,-0.0044396603,0.25997493,0.16423461,0.14225198,0.14305283,0.50832146,0.49105784,0.16757771,0.100554414,0.5388897,0.5434276,0.53474724,0.5076673,0.48532242,0.51149416,0.54417974,0.49394342,0.33469212,0.49743482,0.67664176,0.50973547,0.73022336,0.7180239,0.67490745,0.40911284,0.64357835,0.5033432,0.55823463,0.5040707,0.017986635,-0.020491201,0.007958283,0.06358662,0.58921236,0.50118864,0.65319014,0.5085179,0.47735593,0.4085935,0.2546172,-0.2907464,0.24080813,0.23375072,0.57734704,0.49825776,0.5018543,0.4779868,0.43193296,0.60034776,0.5451626,0.15461592,0.22867806,0.047307614,0.36538094,0.49165425
0.22327273,0.062161855,0.51528656,0.51142865,0.56282693,0.70089227,0.59226704,0.507872,0.5986598,1.0,0.4444082,0.19132133,0.59992665,0.39440867,0.597573,0.6713927,0.41308972,0.32982016,0.32393894,0.28164208,0.44964883,0.5002101,0.5427932,0.3784109,0.710848,0.6167771,0.5140582,0.49631852,0.4081557,0.5647378,0.5227061,0.44311523,0.4873313,0.26185974,0.65706927,0.0028917429,0.48374566,0.4828075,0.41198948,0.42766225,0.27318993,0.41420153,0.09665841,0.20429987,0.104535766,0.23141089,0.11924884,0.12591147,0.13820085,0.2305916,-0.05653889,0.053534243,-0.21887018,0.013397045,0.36669275,0.43596363,0.08912986,0.004064234,0.15838909,0.073891334,-0.16086787,0.033176545,0.071427055,-0.011689389,-0.041666705,0.064662285,0.35200062,-0.021286057,-0.043571487,0.04720922,0.305626,0.32304192,0.23834573,0.31828788,0.304022,0.31325176,0.4400468,0.42721748,0.33594483,0.4194592,0.3377757,0.4011338,0.50006294,0.54463035,0.44337577,0.26530796,0.46631202,0.5533415,0.27775246,0.26883245,-0.26517403,-0.28813797,0.24734381,-0.038116705,0.36530513,0.58650416,0.49188557,0.42299354,0.32591435,0.32085705,0.17459673,-0.12625982,0.4126808,0.39104208,0.616766,0.5097704,0.6090801,0.3537735,0.48320854,0.47203687,0.19006073,0.052926205,0.0010819993,-0.26786935,0.056599062,0.53276145
0.5786734,0.16226107,0.5569772,0.36508113,0.50282955,0.5339516,0.66886365,0.4097259,0.594132,0.4444082,1.0,0.4912481,0.76461107,0.5035106,0.642244,0.6479265,0.8130692,0.37634912,0.46106082,0.5474921,0.45101663,0.431959,0.57676184,0.18092053,0.38640004,0.1363204,0.37881637,0.38009393,0.6749008,0.6704296,0.6449062,0.35508332,0.7430988,0.554043,0.48913828,0.5776841,0.53727657,0.53856766,0.4562537,0.49667925,0.3653955,0.3777959,0.23886341,0.3041445,0.0445276,0.2717788,0.5401447,0.44084054,0.121885605,0.23217796,-0.00989493,0.16779378,-0.12602817,-0.024409924,0.57317525,0.5061207,0.29617834,0.08131791,0.07336819,-0.09948858,0.08743385,0.004672776,0.11128225,-0.16410437,0.17603916,-0.023342226,0.5025673,0.3962697,-0.057364535,0.10173757,0.6959435,0.5119945,0.5352474,0.47794965,0.4303218,0.36776993,0.68308043,0.6108465,0.5530788,0.47408247,0.70017546,0.4106524,0.6479312,0.6249543,0.6554322,0.35895124,0.46483016,0.44002208,0.459762,0.3782739,0.07443882,-0.21122192,0.12991765,0.19175878,0.479932,0.5452064,0.5922697,0.44341016,0.50932163,0.3644664,0.25850874,-0.27612105,0.30624893,0.22578304,0.5190208,0.36886144,0.5174307,0.2888072,0.5227049,0.54044056,0.44527605,0.14391467,0.3039294,-0.03759521,0.16859978,0.45929843
0.55140686,0.47679132,0.58489054,0.5918109,0.27750897,0.19002311,0.4722901,0.69965637,0.4856553,0.19132133,0.4912481,1.0,0.51973754,0.7283798,0.40852493,0.5043874,0.48114386,0.7545339,0.6218997,0.5850887,0.24072357,0.21740995,0.42504272,0.56916374,0.03661837,-0.046772517,0.033314403,0.10235113,0.33551958,0.5043872,0.41024578,0.63808525,0.64602286,0.8362574,0.41056415,0.5516699,0.24186474,0.25078884,0.23982736,0.28986627,0.1679246,0.23229869,0.42446604,0.34524223,0.17388566,0.3678562,0.45074666,0.380829,0.39283508,0.16203797,0.040974334,0.19359222,0.26789024,0.10431181,0.39987978,0.46571487,0.44772053,0.26106888,0.14693534,-0.021227587,0.24425472,0.25882533,0.33740434,0.18930858,0.28133243,0.14459181,0.32641733,0.6493457,0.2041427,0.23231177,0.41719273,0.4287828,0.17142998,0.24115457,0.059760448,0.09979004,0.29685274,0.28495696,0.2873704,0.7218484,0.2872636,0.77034974,0.46599624,0.6624733,0.35936114,0.7029319,0.4243571,0.5309899,0.29928508,0.65354466,-0.14997813,-0.027227895,-0.0072597396,0.27867877,0.2580218,0.25563323,0.416797,0.5017716,0.3857303,0.45716304,0.076709725,-0.08824118,0.09644384,0.04459165,0.2695665,0.1930461,0.35892567,0.2521841,0.2791628,0.27210805,0.43623254,0.071816675,0.23154351,-0.026174113,0.26489502,0.45333028
0.6086687,0.26688603,0.75498444,0.6539521,0.5745375,0.60054606,0.86559236,0.6854599,0.69021016,0.59992665,0.76461107,0.51973754,1.0,0.70311826,0.70622796,0.72816205,0.6636453,0.41332352,0.62240684,0.6268012,0.5079501,0.53407466,0.74763215,0.45974794,0.47444427,0.29228228,0.37220293,0.3845157,0.59576446,0.65543735,0.7194005,0.5442375,0.7726773,0.59141415,0.58586603,0.40763256,0.5903964,0.5974166,0.5253439,0.5456116,0.45469758,0.4777189,0.31109428,0.2728303,0.13970955,0.2960583,0.58986807,0.4008409,0.19349097,0.33171147,0.025887117,0.14197265,-0.052093852,0.06792372,0.621542,0.57199126,0.35307655,0.07870211,0.10233723,-0.09234576,0.088260055,0.10875221,0.25171864,-0.06761681,0.025766218,0.080662854,0.53945744,0.4311358,0.14598162,0.15654081,0.61242807,0.55046284,0.4761413,0.48599228,0.43698564,0.42197782,0.63582194,0.52038926,0.46180472,0.574261,0.65130496,0.49683675,0.7050452,0.6983259,0.754429,0.52965266,0.5777941,0.5917592,0.579474,0.5042447,-0.019040827,-0.27870023,0.07655541,0.014251778,0.54413855,0.537923,0.6340593,0.5054513,0.49190784,0.44338253,0.21510471,-0.31951296,0.29656962,0.22003366,0.57411563,0.38886744,0.5265059,0.34489566,0.57504886,0.5622896,0.4440876,0.105444506,0.33421355,-0.10767641,0.17529897,0.5595896
0.57413256,0.42858636,0.71185654,0.7492595,0.4588728,0.35068274,0.6706489,0.83554155,0.5865205,0.39440867,0.5035106,0.7283798,0.70311826,1.0,0.48514548,0.5342855,0.5188661,0.51808727,0.6679025,0.6483555,0.41969645,0.39744398,0.6190713,0.66793215,0.25168142,0.15123469,0.15028311,0.18189311,0.38088682,0.46345708,0.58558106,0.71562666,0.7030921,0.6818001,0.44658586,0.43588844,0.39925316,0.40810877,0.3704519,0.4209083,0.25641116,0.25889748,0.40484,0.21341588,0.21635582,0.33251777,0.5740429,0.46877134,0.28934163,0.22422709,0.080908604,0.19594626,0.21455024,0.1221714,0.48395422,0.5073904,0.39666647,0.21184842,0.16786213,-0.019739324,0.1827698,0.24430248,0.24785319,0.09231986,0.22158179,0.15618882,0.42001244,0.61286545,0.19991045,0.21407093,0.5246843,0.50983846,0.29124895,0.35707548,0.2328248,0.22186589,0.44447523,0.33209297,0.31972888,0.6893726,0.46379793,0.6420165,0.5721983,0.63800246,0.53432924,0.6735292,0.51820636,0.5733749,0.46715552,0.6065825,-0.026138633,-0.1313309,0.08896526,0.053479273,0.55385,0.27416608,0.5584647,0.48167765,0.3935365,0.41837913,0.15697724,-0.09810863,0.19788417,0.09010263,0.40433168,0.2854477,0.357367,0.28159952,0.37328377,0.46968713,0.54021716,0.20388396,0.3182733,0.030900424,0.41915694,0.4410573
0.57926434,0.22835997,0.48752737,0.49228197,0.80408454,0.7796505,0.6782334,0.49339226,0.8482652,0.597573,0.642244,0.40852493,0.70622796,0.48514548,1.0,0.8639324,0.6566306,0.24350752,0.5874598,0.54416984,0.65842813,0.6540979,0.3833276,0.2256654,0.4669159,0.2941989,0.60382265,0.68038744,0.6847474,0.67040735,0.5108586,0.36934966,0.6961613,0.37591347,0.51756173,0.46572658,0.734892,0.7186521,0.73588,0.72215706,0.6567816,0.71891624,0.41776887,0.12516752,-0.087280214,0.14439806,0.52559775,0.48053008,0.080382,0.16225803,-0.19662368,0.02138438,-0.08970621,0.0120624015,0.62688315,0.62488997,0.2720402,0.013452621,0.21948858,-0.020732803,0.11525762,-0.05380902,0.20745464,0.16034806,0.04231046,0.06642794,0.5257935,0.3862963,0.10804737,0.106649466,0.54290825,0.49487704,0.5837745,0.5572738,0.58047837,0.5930395,0.5998642,0.55406463,0.39466038,0.47007906,0.74773175,0.46361655,0.7869689,0.74096423,0.7127927,0.33515677,0.66301537,0.4879216,0.5749777,0.43365684,0.1190328,-0.05854768,0.08812684,0.102025904,0.5425089,0.57150847,0.68171626,0.5709861,0.54094046,0.4223695,0.3744246,-0.24370648,0.36001036,0.32934946,0.61857903,0.5698562,0.5579656,0.5147252,0.5393831,0.68516093,0.60354275,0.13674071,0.24085076,0.08064441,0.3555777,0.5354844
0.47670096,0.23397855,0.52613133,0.50013363,0.70852524,0.7388265,0.6606414,0.52661777,0.7998947,0.6713927,0.6479265,0.5043874,0.72816205,0.5342855,0.8639324,1.0,0.61233085,0.39744377,0.513106,0.49890965,0.5939277,0.6084528,0.46338284,0.29121947,0.4920836,0.35890016,0.5209424,0.5851482,0.66981477,0.77651256,0.5838034,0.4697375,0.6742932,0.44431186,0.5652741,0.4196608,0.6621311,0.6476961,0.6073141,0.6358445,0.56962335,0.6812202,0.35003528,0.24921568,-0.097634606,0.22252776,0.39644483,0.41667494,0.116668515,0.18843594,-0.091744624,0.041358948,-0.05893205,0.027374063,0.53733754,0.55007505,0.2316339,0.045427103,0.18469131,0.018764516,0.026930407,-0.0013917179,0.121730484,0.19138154,0.059266534,0.055938825,0.5092548,0.35288885,0.100213416,0.18544649,0.557584,0.5668933,0.535128,0.58522254,0.55413383,0.56816816,0.59905815,0.5891147,0.45013937,0.57844913,0.63421524,0.5794475,0.7278418,0.8003949,0.6461481,0.44755092,0.6044469,0.5938281,0.46313974,0.466455,-0.05500266,-0.14990678,0.064574346,0.11883285,0.39338225,0.5905864,0.580059,0.56385237,0.44814995,0.41719624,0.32704383,-0.26949704,0.28635496,0.26846397,0.5530941,0.4701616,0.57554036,0.46346432,0.50355583,0.5799191,0.48587,0.10345075,0.19427954,-0.11372142,0.21800417,0.5359281
0.50222117,0.10314116,0.47064453,0.38673404,0.6271431,0.59847534,0.5534196,0.400921,0.55850303,0.41308972,0.8130692,0.48114386,0.6636453,0.5188661,0.6566306,0.61233085,1.0,0.337401,0.43939346,0.43888718,0.5825086,0.5499348,0.38272923,0.19120508,0.40093315,0.20980948,0.50013447,0.5685763,0.77210784,0.6809788,0.50234187,0.31456295,0.67426133,0.45702684,0.4594733,0.6455282,0.6023195,0.6376995,0.5531853,0.5953844,0.4068293,0.42639878,0.23342456,0.19295514,-0.03476961,0.13059865,0.46276316,0.5652418,0.15848388,0.09332933,-0.08669552,0.08990968,-0.14721377,-0.09309261,0.59997594,0.60063565,0.2055716,-0.058891993,0.08182198,-0.03742796,0.035830643,-0.07773274,0.057363417,-0.09589723,0.14433694,-0.062553175,0.5406687,0.44325924,-0.12509918,-0.072570466,0.63814145,0.50598186,0.567368,0.5152827,0.4716164,0.45229533,0.7291239,0.69135296,0.6901512,0.54911506,0.7528888,0.47564524,0.63945705,0.6260598,0.5931557,0.29376176,0.50573915,0.40940765,0.42138195,0.3843114,0.20264131,-0.0032948272,0.20364076,0.24483265,0.502258,0.5054339,0.6586543,0.54712296,0.5390083,0.40570667,0.40031144,-0.050138697,0.49102783,0.36915046,0.57006836,0.52229637,0.52200836,0.38065743,0.5034073,0.6260809,0.60474086,0.15335163,0.26882842,0.10937965,0.36104307,0.43394554
0.41905937,0.45045498,0.552637,0.5141604,0.11105438,0.13962512,0.4183257,0.62503475,0.26851556,0.32982016,0.37634912,0.7545339,0.41332352,0.51808727,0.24350752,0.39744377,0.337401,1.0,0.47150022,0.4357118,0.123461194,0.11292237,0.4613802,0.47636825,0.19723038,0.10682524,0.06614409,0.050660424,0.12845352,0.41981223,0.35067147,0.5222578,0.5389417,0.7391989,0.56914115,0.293936,0.022664389,0.01978366,0.048532084,0.08087341,-0.0634532,0.0447519,0.27627137,0.4724766,0.2374624,0.3796116,0.19921675,0.1962665,0.4239164,0.22381501,0.039867993,0.23780003,0.19120876,0.16124296,0.3426651,0.3748257,0.49692932,0.30667302,0.10920842,-0.043737162,0.08467887,0.24005568,0.31372473,0.07028812,0.194293,0.13385133,0.21140586,0.3667311,-0.0051951353,0.21321923,0.21806133,0.21187913,-0.12678495,-0.021911815,-0.19951034,-0.14234373,0.09746609,0.09337552,0.119343564,0.5834491,0.013316459,0.6758075,0.31735995,0.5507851,0.18913212,0.61157215,0.33705977,0.5662112,0.14390974,0.54931766,-0.3567105,-0.14122844,0.08923407,0.26883358,0.041139696,0.3298106,0.30672818,0.4478084,0.3760629,0.46336898,-0.009016745,-0.08116916,0.20573348,0.119502686,0.3137915,0.18552832,0.47996095,0.17329954,0.31248266,0.09313463,0.17031421,-0.07487319,0.067165405,-0.29624775,-0.007773613,0.4950839
0.8111151,0.6269385,0.682786,0.7055327,0.5277464,0.44726276,0.7173679,0.7496807,0.7049967,0.32393894,0.46106082,0.6218997,0.62240684,0.6679025,0.5874598,0.513106,0.43939346,0.47150022,1.0,0.856972,0.40849647,0.32593954,0.49324417,0.48643333,0.23650667,-0.010097581,0.32788897,0.25620097,0.31246877,0.29545736,0.42538768,0.5005146,0.73132443,0.6452373,0.58230084,0.5226786,0.40087453,0.38689741,0.49698758,0.5232058,0.35032445,0.37691846,0.5934593,0.33456156,0.23579039,0.25999957,0.6423421,0.40131614,0.33026356,0.29787892,-0.018359875,0.2725333,0.15253592,0.25512597,0.61177355,0.5989245,0.6125329,0.31519696,0.1422149,-0.101706974,0.32316673,0.10933159,0.52870846,0.056365684,0.28259072,0.3051336,0.4477687,0.6597437,0.1700642,0.14530623,0.39083573,0.36102906,0.20768517,0.16134071,0.0663209,0.15795869,0.29497603,0.18847506,0.095891945,0.52438384,0.4353426,0.5292449,0.5904909,0.6090692,0.5020222,0.5393581,0.59207106,0.50205827,0.51570576,0.6172515,0.0027416002,-0.10465212,-0.07694816,0.13767241,0.5720362,0.40714374,0.6310297,0.50893855,0.52574617,0.46717528,0.08678942,-0.20187114,0.2101824,0.17813073,0.5073197,0.37802416,0.44181183,0.39724678,0.44304833,0.48232406,0.5163881,0.09737166,0.28665918,0.006695737,0.30535725,0.47118977
0.8565019,0.63311,0.6005127,0.5610421,0.450515,0.37171647,0.6943783,0.65643924,0.64444387,0.28164208,0.5474921,0.5850887,0.6268012,0.6483555,0.54416984,0.49890965,0.43888718,0.4357118,0.856972,1.0,0.33272165,0.25769705,0.5039804,0.32632738,0.17351349,-0.12298468,0.3054101,0.18996051,0.2771405,0.26886287,0.44522762,0.39746466,0.7147004,0.5834881,0.4393964,0.53301233,0.31418303,0.29233196,0.37481627,0.4079701,0.2482918,0.2636539,0.542542,0.38186935,0.2671818,0.27891538,0.6467652,0.4165705,0.26183,0.25672662,0.07580956,0.2907642,0.19075315,0.2149001,0.55046433,0.4227596,0.68505496,0.3717604,0.122656666,-0.14930736,0.41728994,0.16353197,0.45870674,-0.083557226,0.34445128,0.26665285,0.4494021,0.6288337,0.15778638,0.2286297,0.40971658,0.32014424,0.17958573,0.114387706,0.03809391,0.0783521,0.26633242,0.12682043,0.026274942,0.46959054,0.49281707,0.48404783,0.53089267,0.520869,0.49909553,0.48987266,0.48193732,0.41748995,0.44619432,0.5022518,0.113641776,-0.16627747,-0.17244402,0.099321745,0.52654487,0.2987419,0.52134895,0.38678965,0.46391255,0.35112602,0.068077676,-0.2831625,0.076907106,0.029219275,0.36203915,0.19666469,0.3096198,0.2186783,0.39187562,0.40816742,0.48531553,0.090292685,0.27321082,0.037960734,0.20661737,0.32130232
0.3144326,0.02176285,0.42202547,0.44638523,0.7696328,0.68326163,0.49399054,0.37445158,0.6724048,0.44964883,0.45101663,0.24072357,0.5079501,0.41969645,0.65842813,0.5939277,0.5825086,0.123461194,0.40849647,0.33272165,1.0,0.82202554,0.2654441,0.2708057,0.5486938,0.46104926,0.5698757,0.6629268,0.7028635,0.54755086,0.4580189,0.3911636,0.5039965,0.1879555,0.40935814,0.38015887,0.67567164,0.63881177,0.67398554,0.7132338,0.65458316,0.64709,0.2557527,-0.031196974,-0.13330334,0.06851325,0.35797393,0.5034385,0.15098861,0.111198284,-0.09500071,0.10111733,-0.026882926,0.108693406,0.54451853,0.59612924,-0.018741593,-0.006689765,0.12061727,-0.09572029,0.0028291903,-0.09951167,0.042234723,0.0685318,-0.07117286,0.014441031,0.4842909,0.30782568,0.07600412,-0.039817862,0.58129,0.6191925,0.62220156,0.60322005,0.58544636,0.61849964,0.5918603,0.58743125,0.463766,0.36153868,0.5826554,0.292492,0.6146509,0.63504803,0.5172808,0.23787303,0.6057503,0.5063382,0.5264106,0.49729478,0.097919226,0.072539575,0.1828557,0.06011004,0.4818401,0.4869836,0.63776034,0.5737575,0.44510034,0.4688255,0.45456144,-0.050683808,0.5292471,0.4014834,0.63448125,0.64784133,0.5586411,0.5960195,0.34979707,0.5391912,0.57893246,0.26120576,0.10855919,0.17230026,0.49151835,0.46672672
0.24646273,-0.0642907,0.43108115,0.42409983,0.7106314,0.6904144,0.5086541,0.38378465,0.5884552,0.5002101,0.431959,0.21740995,0.53407466,0.39744398,0.6540979,0.6084528,0.5499348,0.11292237,0.32593954,0.25769705,0.82202554,1.0,0.32488403,0.2524202,0.5630866,0.5246987,0.54991436,0.68016136,0.6659692,0.57467556,0.46911532,0.3742146,0.4643864,0.18205196,0.3913352,0.2562279,0.6402237,0.65933126,0.63694906,0.6809313,0.6021879,0.6843516,0.16625823,0.021207863,-0.19071236,0.0018383769,0.28448963,0.41857383,0.12680173,0.10647031,-0.065268345,0.0063918107,-0.15458705,-0.06712681,0.5224219,0.5892134,-0.02963445,-0.039552618,0.15141095,-0.042187203,-0.05183247,-0.04854643,0.04915195,0.044908144,-0.10410426,0.0897455,0.45337617,0.22052546,0.13333313,-0.07786721,0.56390005,0.55506706,0.59592825,0.6213875,0.5960606,0.64045393,0.579885,0.6062323,0.48248005,0.34606612,0.524691,0.2953062,0.56360435,0.58889407,0.47161022,0.2567032,0.54419404,0.5338515,0.44090217,0.44625208,0.08243464,0.028991548,0.24778382,0.037602335,0.4334982,0.5535278,0.62513304,0.5773801,0.48668727,0.46195748,0.4273668,0.029285232,0.5750435,0.50891113,0.6368171,0.66895664,0.5612524,0.5742957,0.46341383,0.5573094,0.4896553,0.18931745,0.017271847,0.14040871,0.38012895,0.4810091
0.4651906,0.22847836,0.8335449,0.66992897,0.30562845,0.3856436,0.791026,0.67883086,0.45214564,0.5427932,0.57676184,0.42504272,0.74763215,0.6190713,0.3833276,0.46338284,0.38272923,0.4613802,0.49324417,0.5039804,0.2654441,0.32488403,1.0,0.6001525,0.48917916,0.3109516,0.18375976,0.11430962,0.28606617,0.4274256,0.77080095,0.62009424,0.68466306,0.63002527,0.5597606,0.1601556,0.32850862,0.32895285,0.2764328,0.31135237,0.20022242,0.22582527,0.2451419,0.31238598,0.25508994,0.33799797,0.46727052,0.197976,0.32547417,0.4306054,0.035934716,0.18170391,0.0037971237,0.054765463,0.42810485,0.41838136,0.30707222,0.11083186,0.09081384,-0.2325019,0.035410956,0.23880325,0.1315751,-0.17556068,0.09022047,0.15636714,0.31117952,0.3107614,0.12741657,0.08225317,0.5285393,0.44947666,0.24632964,0.26894888,0.19980979,0.16402398,0.44775677,0.305387,0.2892685,0.4529962,0.30462697,0.34371197,0.49726862,0.5124122,0.5595229,0.5482291,0.4505383,0.586426,0.44331357,0.4214382,-0.20291246,-0.3606273,0.06834637,-0.078483626,0.44978568,0.43887144,0.46872932,0.392537,0.35463536,0.36177504,-0.009964791,-0.22423871,0.21633777,0.19344445,0.47588873,0.24329469,0.45022967,0.24201484,0.49611998,0.34170488,0.1727392,0.13951814,0.24361046,-0.2802802,0.049046766,0.53304064
0.22342058,0.22838104,0.7445852,0.8238974,0.26941177,0.23944499,0.5236387,0.76102155,0.39420125,0.3784109,0.18092053,0.56916374,0.45974794,0.66793215,0.2256654,0.29121947,0.19120508,0.47636825,0.48643333,0.32632738,0.2708057,0.2524202,0.6001525,1.0,0.25642747,0.32931274,-0.014912584,0.06558358,0.17610541,0.32117328,0.41167507,0.7751358,0.42576858,0.609125,0.43741128,0.07735676,0.2710396,0.26608235,0.23727398,0.23685004,0.15296903,0.23506057,0.20569378,0.12836343,0.25521374,0.23200561,0.2890806,0.19143437,0.41440958,0.16069384,-0.021757683,0.07810565,0.18331942,0.13416857,0.20839112,0.43943346,0.09277925,0.17048967,0.12908633,-0.06713829,-0.047860555,0.17930828,0.22263378,0.14509387,0.06701592,0.17255233,0.21497113,0.42694587,0.24534234,0.042548563,0.28080863,0.4032393,0.1081715,0.21188575,0.08324134,0.12775423,0.2652927,0.22463644,0.24142238,0.5281136,0.058492437,0.49434584,0.32329413,0.4886515,0.30596843,0.6321604,0.3597784,0.52493423,0.3285397,0.4944647,-0.3708194,-0.021983486,0.15320434,0.030651383,0.31617764,0.24095407,0.36653304,0.4158747,0.23491551,0.3145029,-0.045684032,-0.0078696115,0.1874119,0.07840778,0.30750254,0.24470577,0.3691988,0.28984597,0.21199971,0.17367628,0.26260793,0.27455702,0.18915422,-0.06239451,0.32144475,0.5184634
0.1538419,-0.11025636,0.43481565,0.38852516,0.5134481,0.6080047,0.4951158,0.35487914,0.41437313,0.710848,0.38640004,0.03661837,0.47444427,0.25168142,0.4669159,0.4920836,0.40093315,0.19723038,0.23650667,0.17351349,0.5486938,0.5630866,0.48917916,0.25642747,1.0,0.80624926,0.48114526,0.47624364,0.37678644,0.43067104,0.61135244,0.41064394,0.48010072,0.14722474,0.5731415,-0.009867608,0.45924452,0.43366674,0.45877334,0.4900012,0.3539319,0.39673427,0.042057704,0.06291731,-0.021665048,0.22559139,0.068013996,0.13397536,0.15412554,0.30805233,-0.13130909,0.18524522,-0.23297653,0.04970522,0.4623173,0.50368375,0.032486252,-0.012062472,0.15791708,-0.097848505,-0.18456535,0.054655127,-0.04840234,-0.1380257,-0.051377576,0.08848463,0.3657263,-0.07307891,-0.09765932,0.033689264,0.38058776,0.36225918,0.26962024,0.29824147,0.3502402,0.29625645,0.4413716,0.4306151,0.31042105,0.28337732,0.26844534,0.16275078,0.554585,0.5219238,0.4009697,0.22284988,0.5963093,0.6242015,0.44299185,0.34776944,-0.20219123,-0.24637528,0.24248219,-0.05698389,0.38025877,0.62872493,0.53984463,0.5188814,0.35422045,0.3787429,0.27946943,-0.12702502,0.61996925,0.5156145,0.6904961,0.63500464,0.62595576,0.51197934,0.45531908,0.45150807,0.23332065,0.08605357,-0.006673939,-0.16042891,0.14584275,0.57443404
-0.17692862,-0.30040333,0.2614048,0.32265943,0.35347837,0.4803239,0.2850434,0.25584713,0.21386974,0.6167771,0.1363204,-0.046772517,0.29228228,0.15123469,0.2941989,0.35890016,0.20980948,0.10682524,-0.010097581,-0.12298468,0.46104926,0.5246987,0.3109516,0.32931274,0.80624926,1.0,0.23408505,0.3644243,0.2781894,0.39450532,0.46226406,0.41749012,0.23916523,0.014292101,0.42991287,-0.24056675,0.3647041,0.3771163,0.35474142,0.3336062,0.3077196,0.38564467,-0.13449255,-0.08081696,-0.11073382,0.16396211,-0.17165238,0.016222123,0.11295033,0.08578087,-0.21907155,0.06760757,-0.2506492,0.0019364073,0.22891732,0.38736898,-0.21748434,-0.09630255,0.20897783,-0.016374536,-0.35935014,-0.011384476,-0.10800838,0.02767835,-0.23642246,0.09077951,0.21498309,-0.23532516,0.009593635,0.023086838,0.22468473,0.2993404,0.18777382,0.32063493,0.36049786,0.33036172,0.34050724,0.40236416,0.28795573,0.22073333,0.047510948,0.115204565,0.38563982,0.41198605,0.20343444,0.17676033,0.42697316,0.52288896,0.31231755,0.23831604,-0.3098468,-0.17948289,0.30912185,-0.057970405,0.19933254,0.51574886,0.3758242,0.46741727,0.18111394,0.30688664,0.24573691,-0.009801521,0.5694866,0.44379228,0.5149651,0.5370219,0.54859453,0.48363352,0.3512004,0.31716952,0.1369763,0.16095805,-0.055359352,-0.10271464,0.15440157,0.5304783
0.31563318,0.09606832,0.26448688,0.21593943,0.7267794,0.74036914,0.39359558,0.1930157,0.56680965,0.5140582,0.37881637,0.033314403,0.37220293,0.15028311,0.60382265,0.5209424,0.50013447,0.06614409,0.32788897,0.3054101,0.5698757,0.54991436,0.18375976,-0.014912584,0.48114526,0.23408505,1.0,0.8488866,0.48313582,0.3795177,0.17870705,0.0068960083,0.32887954,0.04545329,0.37461135,0.27236244,0.49225503,0.4864182,0.5575235,0.5842221,0.3697002,0.4737214,0.19083804,0.09537653,-0.10408023,-0.07068274,0.22620824,0.2816758,0.032348674,0.06287061,-0.059553515,-0.03640652,-0.20011388,-0.10537458,0.49448106,0.46688533,0.10339272,-0.07042408,0.02540619,-0.047745947,0.024325976,-0.18022089,0.027598515,-0.10916617,0.04682088,-0.053670246,0.3362132,0.14410466,-0.08935537,-0.15985915,0.26500022,0.2107663,0.3571177,0.28765193,0.33371094,0.35664675,0.40510926,0.39200008,0.20218028,0.16014846,0.48609462,0.13716199,0.47615227,0.38888887,0.3976837,-0.026144667,0.48610625,0.3302291,0.3021693,0.25094628,0.19159107,0.10338245,0.10655404,0.017522234,0.40922713,0.45270976,0.49887022,0.3264959,0.4629235,0.27007726,0.2642267,-0.08872586,0.40428957,0.44500786,0.55909246,0.57630616,0.40705627,0.34547696,0.41329306,0.5047796,0.33113843,-0.059464004,0.056388646,-0.047986336,0.19944713,0.28534588
0.20467612,-0.03906246,0.24294102,0.23453802,0.7905168,0.7838311,0.36847618,0.20191504,0.5868146,0.49631852,0.38009393,0.10235113,0.3845157,0.18189311,0.68038744,0.5851482,0.5685763,0.050660424,0.25620097,0.18996051,0.6629268,0.68016136,0.11430962,0.06558358,0.47624364,0.3644243,0.8488866,1.0,0.61180615,0.5117672,0.19144094,0.09915436,0.31735447,0.031020897,0.34751484,0.28640434,0.5756372,0.60902005,0.6245883,0.63349396,0.47963765,0.59448045,0.13055637,-0.015542664,-0.17877078,-0.116504826,0.18858674,0.3846724,0.02272983,-0.050949868,-0.18071635,-0.11653141,-0.22323956,-0.16762394,0.46520597,0.54204494,-0.024521194,-0.12586576,0.068789214,0.0041527334,-0.03811877,-0.2255729,-0.007352045,0.05670716,-0.06345601,-0.045693457,0.39182022,0.18355907,-0.030914104,-0.1764125,0.31001604,0.28805533,0.4744828,0.45286718,0.49822462,0.52163917,0.50046194,0.5282729,0.35422748,0.21489215,0.5438422,0.21429916,0.5103463,0.46086347,0.41204852,0.023343602,0.49822468,0.32942787,0.32151395,0.2732923,0.19244368,0.22186786,0.15252164,0.060660813,0.37107837,0.47556397,0.52719307,0.43963414,0.48404375,0.3369458,0.31136012,-0.0115896035,0.48253247,0.45389366,0.53871804,0.60615206,0.45807096,0.4298274,0.40230167,0.54275286,0.44402695,0.07184198,0.056654435,0.09698615,0.34410074,0.344268
0.2947097,-0.11973908,0.40210864,0.32518035,0.7033596,0.6635707,0.5059985,0.24274532,0.61267877,0.4081557,0.6749008,0.33551958,0.59576446,0.38088682,0.6847474,0.66981477,0.77210784,0.12845352,0.31246877,0.2771405,0.7028635,0.6659692,0.28606617,0.17610541,0.37678644,0.2781894,0.48313582,0.61180615,1.0,0.79713315,0.44732073,0.31210807,0.5167791,0.2714511,0.3589167,0.54166603,0.73817253,0.75258994,0.6341108,0.656867,0.6353946,0.63591534,0.2364741,0.09280164,-0.22284722,0.058418237,0.45143172,0.5761847,0.06898648,0.07199406,-0.19241112,-0.07968426,-0.11758357,-0.054544546,0.507032,0.579605,-0.10985694,-0.1643888,0.06784783,-0.015708907,-0.068230115,-0.19491717,0.009794961,0.07926992,0.0045362855,-0.13945243,0.4594662,0.34864637,0.03437926,-0.12564586,0.7481825,0.7370633,0.847228,0.8105681,0.7590187,0.76008457,0.8157442,0.82706326,0.7557545,0.4372484,0.759618,0.36222884,0.59727335,0.61145127,0.6171754,0.2234742,0.49614355,0.3582581,0.46979526,0.34689575,0.21247602,0.11404781,0.06997941,0.15554692,0.42871293,0.4521046,0.58300084,0.4981208,0.42518654,0.39705777,0.40724647,-0.14560165,0.37845054,0.29615763,0.546247,0.51198184,0.52786183,0.4581819,0.3682033,0.57666606,0.52043176,0.151202,0.2056605,0.10571658,0.35032362,0.42811793
0.28786072,-0.02920672,0.46697378,0.4205437,0.55294067,0.64005214,0.5503264,0.39753753,0.5738142,0.5647378,0.6704296,0.5043872,0.65543735,0.46345708,0.67040735,0.77651256,0.6809788,0.41981223,0.29545736,0.26886287,0.54755086,0.57467556,0.4274256,0.32117328,0.43067104,0.39450532,0.3795177,0.5117672,0.79713315,1.0,0.52814007,0.47271973,0.5608302,0.44963542,0.51337,0.45528778,0.66593516,0.69670975,0.5565577,0.5740833,0.5548913,0.61584365,0.20467043,0.23899911,-0.18686996,0.25499704,0.35913873,0.449467,0.15164357,0.1022792,-0.13897814,-0.07663914,-0.05158671,-0.046542358,0.49357095,0.5958891,0.010508159,-0.10924942,0.08801229,0.041896276,-0.13854292,-0.041303165,0.09393993,0.1344144,-0.02927903,-0.06875661,0.4609359,0.31153888,0.050278164,0.027015697,0.6507209,0.689703,0.66301054,0.77620184,0.6723809,0.68082815,0.7671015,0.80016094,0.70019394,0.632498,0.5960478,0.55591524,0.6232627,0.73581576,0.60122186,0.42366207,0.5286316,0.5322265,0.4453627,0.45252764,-0.10416949,-0.10050559,0.09266292,0.104237825,0.31827348,0.57616156,0.5595305,0.5609999,0.3784647,0.42313814,0.31256732,-0.20824203,0.31752157,0.25708947,0.5541721,0.4480051,0.6419679,0.47221118,0.47740093,0.51695216,0.38210514,0.04175564,0.23119965,-0.16158257,0.18482897,0.58179426
0.41690198,0.11783828,0.64495087,0.5252602,0.4055154,0.46110278,0.68853116,0.56012726,0.51805156,0.5227061,0.6449062,0.41024578,0.7194005,0.58558106,0.5108586,0.5838034,0.50234187,0.35067147,0.42538768,0.44522762,0.4580189,0.46911532,0.77080095,0.41167507,0.61135244,0.46226406,0.17870705,0.19144094,0.44732073,0.52814007,1.0,0.6907666,0.7390011,0.51282406,0.48823312,0.26282907,0.45540032,0.43157068,0.3904318,0.43423897,0.39913186,0.33925337,0.24133986,0.18850566,0.09677966,0.4149348,0.43739322,0.26911303,0.17042902,0.40029362,-0.056806017,0.26055902,-0.030522084,0.10491089,0.46819815,0.42721298,0.25846475,0.04149964,0.19233078,-0.24246812,0.041704513,0.18227497,0.07951786,-0.09487091,0.052893523,0.14183713,0.3961542,0.30219433,0.099655,0.22467841,0.6771695,0.6161023,0.425965,0.43632957,0.402178,0.3090015,0.53747934,0.46958858,0.4295655,0.48163387,0.42168966,0.35406733,0.64519346,0.6257194,0.6121433,0.49320105,0.5733428,0.6156284,0.52870804,0.4436326,-0.10612096,-0.40220955,0.050334003,-0.07961418,0.49527615,0.48403808,0.5424637,0.5119705,0.37331098,0.38008898,0.24894106,-0.2777408,0.32789892,0.28014436,0.53702325,0.37928486,0.48972026,0.38813195,0.48499206,0.47169226,0.31546646,0.19407657,0.17342873,-0.14276725,0.19580245,0.5646607
0.3079506,0.22096935,0.6873509,0.753841,0.34063968,0.3285574,0.572468,0.7718327,0.48859078,0.44311523,0.35508332,0.63808525,0.5442375,0.71562666,0.36934966,0.4697375,0.31456295,0.5222578,0.5005146,0.39746466,0.3911636,0.3742146,0.62009424,0.7751358,0.41064394,0.41749012,0.0068960083,0.09915436,0.31210807,0.47271973,0.6907666,1.0,0.6062215,0.63320035,0.50393957,0.21106263,0.373982,0.3483422,0.30989787,0.34465897,0.2815961,0.31590164,0.2557925,0.13826245,0.15146513,0.3964429,0.33886257,0.24925472,0.3361692,0.29884353,-0.0842669,0.2333612,0.12626919,0.18773028,0.31985083,0.4903536,0.16495691,0.11555792,0.20303304,-0.059221655,-0.009809224,0.29243985,0.20653455,0.12798917,0.13522652,0.23433758,0.31569436,0.4189944,0.21871759,0.21864317,0.4936469,0.59794,0.25936732,0.36223128,0.24002336,0.21352336,0.38431808,0.37682506,0.35680678,0.62097853,0.17598046,0.57343,0.50441515,0.6376363,0.4042144,0.6756166,0.50809234,0.66046166,0.41752508,0.6022272,-0.33861044,-0.20968601,0.09366412,0.011843596,0.38014415,0.3583131,0.4756172,0.54817325,0.31801265,0.42306215,0.14235647,-0.155897,0.26052004,0.18020706,0.4177526,0.34431478,0.45865268,0.4185768,0.28463504,0.3422215,0.33520442,0.22501251,0.13495472,-0.10298833,0.33141547,0.6338009
