1.0,0.7945653,0.64887774,0.6428845,0.17049661,-0.047840316,0.7943055,0.752314,0.09867383,0.07588088,0.75177735,0.7688418,0.65627736,0.7087499,0.46779665,0.46514824,0.6379859,0.6267787,0.67083925,0.7320482,0.22940686,0.18972594,0.42567575,0.42420563,-0.06068226,-0.18217821,0.27387682,0.12253692,0.53371876,0.6089175,0.3585211,0.49109992,0.8468518,0.75345665,0.70995694,0.44201416,0.4478072,0.48365042,0.36028418,0.34601107,0.31378546,0.33078653,0.7684017,0.67379797,0.078389764,0.46565288,0.58580285,0.47253856,-0.0882686,0.010410412,0.37587136,0.28980866,0.33083797,0.22872457,0.58116966,0.4967807,0.82738966,0.6658047,-0.028840102,0.1524561,0.76181537,0.35483095,0.7942919,0.48138034,0.6282635,0.36833903,0.7484849,0.7290524,0.7622553,0.6916455,0.36310798,0.44028375,0.2836003,0.36409232,0.19883966,0.14744917,0.33908153,0.27253193,0.2851689,0.5481647,0.74352384,0.63941634,0.49723718,0.5027964,0.61504954,0.48247284,-0.23324801,0.061765227,0.42354918,0.4004404,0.46426827,0.33696857,0.46748638,0.11848703,0.45164287,0.4333217,0.4281201,0.36972573,0.45722905,0.33113846,0.5105527,0.2448098,0.43928978,0.4720022,0.36213613,0.45316544,0.3742244,0.4411886,0.24691829,0.21097131,0.34416503,0.3457254,0.15147477,0.4433967,0.34876168,0.3332545
0.7945653,1.0,0.56402767,0.6115451,0.20745745,-0.18764026,0.6632296,0.6919478,0.06166232,-0.056031972,0.54249144,0.7889571,0.38660926,0.74337435,0.39514196,0.41709864,0.48187956,0.57987803,0.74155587,0.8154193,0.14116,0.15191147,0.32849059,0.38443705,-0.08076786,-0.21736409,0.48634824,0.08966884,0.42740375,0.48928452,0.20125625,0.53112346,0.8029363,0.67705995,0.64306515,0.35801652,0.4556817,0.39037597,0.33881944,0.26337266,0.24765739,0.2942285,0.6862009,0.6575642,-0.046772152,0.4053379,0.46383506,0.3185275,-0.30384386,0.12651975,0.32114127,0.21825366,0.26341057,0.17131391,0.5487074,0.37655255,0.7853479,0.69832104,0.08477883,0.1949609,0.7329419,0.40190035,0.7064019,0.53977054,0.64116454,0.51094073,0.67367697,0.7178046,0.74567044,0.79136664,0.2921304,0.440425,0.27892426,0.25557983,0.26121598,0.2130995,0.31282917,0.2785075,0.24451035,0.5780893,0.62599754,0.69736487,0.46742547,0.36939216,0.49884206,0.51833934,-0.31327474,-0.14561673,0.20185502,0.408516,0.3360603,0.3567574,0.41075584,0.2045756,0.374488,0.41619873,0.39365268,0.26116973,0.36986807,0.27377003,0.42768818,0.120581485,0.30940992,0.33061856,0.3579232,0.33232272,0.35436612,0.3621945,0.20363948,0.18925682,0.34077483,0.23519237,0.083196476,0.29764074,0.32800502,0.28584933
0.64887774,0.56402767,1.0,0.80773616,0.32763332,0.001604852,0.76498103,0.64679205,0.21690427,0.048097737,0.4351129,0.51907283,0.5300936,0.57261014,0.36465856,0.28195834,0.2893651,0.27135265,0.6195354,0.65572244,0.4138812,0.2651054,0.79231143,0.62795526,0.112337016,0.006917299,0.4294688,0.17455176,0.29863492,0.36294344,0.48230195,0.5919074,0.5818223,0.47734544,0.61499614,0.30586886,0.45967653,0.5009994,0.43058902,0.36388698,0.3200711,0.34551585,0.5334651,0.44207314,-0.09188991,0.23053862,0.4131397,0.20057005,-0.1134491,-0.15402515,0.43923128,0.22603765,0.35690814,0.25074512,0.50480515,0.23310131,0.48615924,0.30036196,-0.018080113,-0.03123848,0.46971834,0.2519051,0.50115573,0.18470883,0.4865015,0.37333527,0.5506789,0.49260068,0.5390698,0.35781613,0.3897477,0.41050428,0.28895602,0.23319042,0.26059172,0.12439838,0.33638543,0.21435682,0.16344136,0.41309792,0.5131802,0.42602473,0.38573536,0.31887916,0.6350546,0.3921803,-0.073566705,-0.025528114,0.28886777,0.2928034,0.32794353,0.3849178,0.43461695,0.23923726,0.3233399,0.39651057,0.44053134,0.21937594,0.31101996,0.17513114,0.42532465,0.0323067,0.280489,0.26441687,0.3836764,0.3463213,0.24454838,0.28548035,0.2331049,0.29257903,0.35752955,0.122856304,-0.0057212543,0.25327098,0.37984222,0.26637924
0.6428845,0.6115451,0.80773616,1.0,0.3848517,0.10901293,0.7036839,0.74608773,0.36104524,0.2225248,0.42975074,0.6091713,0.5589061,0.66793686,0.42503417,0.4159963,0.35306394,0.38438895,0.6187869,0.6908359,0.4113124,0.2449856,0.73625094,0.78640443,0.09720818,0.124095775,0.35246724,0.21341512,0.36370668,0.44949135,0.49366188,0.5232928,0.6136377,0.56606686,0.646446,0.39917123,0.49331632,0.588915,0.39888746,0.39323512,0.41522294,0.4570201,0.6514104,0.5726536,-0.10792231,0.28564098,0.5341184,0.3258553,-0.17195795,-0.21593973,0.4229733,0.27579835,0.4806198,0.32020402,0.5293738,0.3607966,0.5317821,0.42543283,-0.07580315,0.030800274,0.4741746,0.25995806,0.5742256,0.33124623,0.516576,0.47551167,0.61317736,0.5855999,0.63267297,0.45195562,0.36380842,0.42742023,0.2807913,0.26748097,0.25347382,0.1684151,0.35238028,0.20588924,0.17445847,0.41495907,0.50294566,0.5569594,0.375414,0.4424289,0.64413387,0.57966644,-0.13616861,0.09206171,0.29463628,0.36848906,0.467783,0.43673474,0.4728191,0.122419454,0.38669136,0.45866972,0.5063159,0.3032169,0.40613988,0.3051563,0.5158532,0.068088405,0.3090382,0.34276655,0.3255458,0.36262265,0.27252027,0.3254742,0.23818783,0.3768194,0.43074778,0.18563323,-0.047239088,0.29745048,0.3923313,0.2781277
0.17049661,0.20745745,0.32763332,0.3848517,1.0,0.30407873,0.1679762,0.25652185,0.67274475,0.30724135,0.13196073,0.28423333,0.21998405,0.36316565,0.5894611,0.5141307,0.24269873,0.2794252,0.34364992,0.39062938,0.48478273,0.5037598,0.42245132,0.49165553,0.29557958,0.53533715,0.30006835,0.19341803,0.17004377,0.33860984,0.6529511,0.31189448,0.2050232,0.21460728,0.22984913,0.1344667,0.35556176,0.40593278,0.5309495,0.4527354,0.28430608,0.39044803,0.3941811,0.28009778,-0.1040761,0.08759778,0.41360933,0.2745197,-0.16076824,-0.29912657,0.032026675,0.1727353,0.24789768,0.28866103,0.4445209,0.37942985,0.20826614,0.21565312,-0.19524853,0.10187109,0.14519769,0.19834104,0.36130366,0.14151156,0.29457334,0.27046892,0.28120825,0.2995489,0.37998,0.26641908,0.055897918,0.12539802,0.024110219,-0.031303313,-0.023196667,-0.05372677,-0.018335221,-0.073866725,-0.11110466,0.14833765,0.38981682,0.46077305,0.49466297,0.4617967,0.4371198,0.5003249,0.29891834,0.30489752,0.34088302,0.35246608,0.47847137,0.5578301,0.44149128,0.3550988,0.32254577,0.25311628,0.37376815,0.24524705,0.4205458,0.40083936,0.42881143,0.117153056,0.2315972,0.32158515,0.12814161,0.18756947,0.23947462,0.26562226,0.10491405,0.18146962,0.27109087,0.25682202,0.0821944,0.30784714,0.29364833,0.100195065
-0.047840316,-0.18764026,0.001604852,0.10901293,0.30407873,1.0,-0.14249687,-0.07814959,0.4179584,0.783265,0.023565756,-0.16050518,0.13038823,-0.05958503,0.28270337,0.40590927,0.118337005,0.0916958,-0.07975377,0.005500329,0.4853596,0.25279653,0.24963737,0.39956114,0.38212577,0.7725775,-0.09360874,0.24644394,0.13302006,0.21136196,0.55221295,0.15991636,0.021973424,0.056728985,-0.0061196242,0.21227624,0.18446377,0.30535123,0.16785228,0.35200408,0.1193494,0.26067907,0.20106104,0.09153566,-0.075903915,-0.011839651,0.33533874,0.2572062,0.02716509,-0.055873603,-0.11283112,0.09610954,0.3857375,0.28279737,0.093800485,0.2069235,0.072746925,0.009867214,-0.15194441,0.007088832,0.03579424,0.02303085,0.15686479,-0.07147097,-0.079149865,0.1742547,0.089069545,-0.036741484,-0.020249475,-0.089505516,0.11421313,-0.02213841,-0.011737168,0.18478985,-0.20270458,-0.13311231,0.04593897,-0.016291631,-0.17400205,-0.027283516,-0.027375959,0.11392549,0.042779643,0.41000724,0.17666173,0.23260225,0.22343636,0.564743,0.0490297,0.17152517,0.38899237,0.37951097,0.39037097,-0.10957731,0.15589744,0.08002255,0.16335519,0.21819615,0.26691487,0.26847044,0.40655094,0.06599412,0.03732468,0.17222755,-0.14345996,-0.09839213,0.08758945,0.2370716,-0.14591493,0.120679826,0.092817746,0.14679629,-0.0861517,0.16822428,-0.0668112,-0.1472374
0.7943055,0.6632296,0.76498103,0.7036839,0.1679762,-0.14249687,1.0,0.83095396,0.042449757,-0.015043994,0.655922,0.70508564,0.6873269,0.7141886,0.34913838,0.25677723,0.48070997,0.47704086,0.66086125,0.6360731,0.16911888,0.13584651,0.56220126,0.4283455,-0.07784105,-0.20873435,0.27431357,0.08661578,0.49815676,0.5181375,0.3740084,0.49029064,0.728079,0.66747826,0.72431666,0.41845533,0.35524064,0.41811407,0.29954714,0.23860896,0.26357085,0.27938613,0.63903034,0.55677,0.045082122,0.31777117,0.4568589,0.26297802,-0.1201961,-0.09920312,0.3342845,0.18938287,0.27928343,0.13722709,0.4362996,0.31949565,0.603206,0.430358,0.04148125,0.049503237,0.57304823,0.27737573,0.59510595,0.27935228,0.60572135,0.27393958,0.6579784,0.6288191,0.65580785,0.467094,0.34706846,0.45589158,0.3014367,0.27500618,0.22516939,0.14668508,0.30438542,0.20879814,0.40457776,0.59692144,0.71650124,0.5420745,0.32762975,0.26199996,0.58031434,0.34355146,-0.28250927,-0.13195065,0.26872256,0.22148,0.26340005,0.24890843,0.31352633,0.05315871,0.28902173,0.35408127,0.33741567,0.2521507,0.28256005,0.13362505,0.37094668,0.1771082,0.32537374,0.3327109,0.39010707,0.49309185,0.23436025,0.29836568,0.25404185,0.18428628,0.35021022,0.14932378,0.097527534,0.34909347,0.41720554,0.31208697
0.752314,0.6919478,0.64679205,0.74608773,0.25652185,-0.07814959,0.83095396,1.0,0.14888085,0.11514591,0.6903458,0.82274234,0.6954904,0.81388825,0.38689303,0.3366656,0.59062576,0.6272172,0.6298807,0.62818044,0.164609,0.11287255,0.4556842,0.49118927,-0.093249775,-0.108398534,0.27782327,0.15145552,0.5718838,0.62416345,0.41238993,0.39081857,0.7283952,0.7637615,0.74412465,0.5440952,0.32477847,0.43985087,0.32703054,0.2677518,0.3014087,0.27348545,0.6895024,0.6564482,0.11157683,0.3959613,0.53909767,0.42422968,-0.15242599,-0.17492878,0.22242136,0.16872133,0.26744938,0.20525676,0.48556802,0.468561,0.6488093,0.54541993,0.027511945,0.13004139,0.5622067,0.24107501,0.6680018,0.39138636,0.6085223,0.33999947,0.6811448,0.7224871,0.6736683,0.5219347,0.21577322,0.39320353,0.19159006,0.26089886,0.10834756,0.067248285,0.22498523,0.113262236,0.36239266,0.5830989,0.71499836,0.6533609,0.32459795,0.32539546,0.55928135,0.47235224,-0.24122731,0.037886012,0.24520303,0.27594897,0.41162407,0.260808,0.35854796,0.08452516,0.36952454,0.37712282,0.37713897,0.37314412,0.41884518,0.28889486,0.45789996,0.27806067,0.38377202,0.4160842,0.31891587,0.4823799,0.3184754,0.3738137,0.26790056,0.22124776,0.43071148,0.2873767,0.15784137,0.4097472,0.39499095,0.30458176
0.09867383,0.06166232,0.21690427,0.36104524,0.67274475,0.4179584,0.042449757,0.14888085,1.0,0.57101786,0.07809054,0.17228392,0.3474419,0.2965704,0.6294692,0.59986204,0.23987837,0.21463555,0.22175004,0.23198187,0.457885,0.44519407,0.43591195,0.59695303,0.24503462,0.5431798,0.050682623,0.22578196,0.2799878,0.4173607,0.5363674,0.13756125,0.133868,0.15323712,0.2665633,0.29108086,0.383007,0.46785244,0.38479295,0.46089858,0.30559725,0.46107593,0.30061057,0.21402976,-0.046632737,0.059504025,0.36952934,0.30779442,-0.0130893355,-0.2719532,0.0864843,0.08170524,0.38123336,0.3151331,0.32363084,0.37762588,0.14904688,0.24147797,-0.22550271,0.025127336,0.1375546,0.11749826,0.33014917,0.11401143,0.16680004,0.22385319,0.21342756,0.25235668,0.3091765,0.19093649,0.16233042,0.19141369,0.19077913,0.18636775,0.10402175,0.0618959,0.11204631,0.09694526,-0.14816408,0.14788356,0.22820427,0.38765657,0.40608442,0.55564415,0.47770652,0.46870118,0.20149966,0.2889335,0.37091395,0.2620663,0.47302833,0.40922803,0.35755226,0.12175661,0.30025482,0.21378589,0.32487956,0.30584872,0.39817905,0.4454118,0.37653062,0.15863307,0.1451282,0.2718326,-0.0039531337,0.056682236,0.18525523,0.34254462,0.032791305,0.22780891,0.15447928,0.2582194,-0.0016251015,0.1692684,0.12025654,0.0024365662
0.07588088,-0.056031972,0.048097737,0.2225248,0.30724135,0.783265,-0.015043994,0.11514591,0.57101786,1.0,0.2099902,0.09591328,0.37321553,0.18965462,0.44403586,0.5416804,0.35592327,0.32908374,0.087146595,0.08083041,0.37221017,0.1539032,0.3031201,0.48544133,0.3372451,0.69872594,-0.123937935,0.35154215,0.4089825,0.460976,0.5582948,0.17019868,0.18508439,0.25425804,0.19382553,0.42499104,0.20371255,0.3882254,0.16824654,0.3343742,0.20460822,0.35146764,0.3378612,0.284944,0.085189715,0.07100648,0.47789994,0.4665194,0.07327538,-0.10569588,-0.0820792,0.12670222,0.4236173,0.31166747,0.24342573,0.4279652,0.19888163,0.22595714,-0.07307436,-0.0076771635,0.13482529,-0.012640528,0.32722926,0.055140488,-0.010262801,0.2398322,0.25232792,0.17762402,0.20061442,0.06082596,0.19550519,0.116954744,0.140226,0.3640777,-0.080851234,-0.035274543,0.125411,0.09643234,-0.030427726,0.13738011,0.14891386,0.32368135,0.16962357,0.5349711,0.3304165,0.36986026,0.105415896,0.56461996,0.18922715,0.17959166,0.53635466,0.41979256,0.42113307,-0.092992134,0.31138736,0.20199294,0.30123836,0.4407994,0.4657772,0.44906896,0.50875854,0.21292716,0.21150458,0.36209196,-0.025768086,0.116398215,0.21484034,0.4363701,-0.039813876,0.19483502,0.24795614,0.31047156,0.06195356,0.33467102,0.10898931,0.044014268
0.75177735,0.54249144,0.4351129,0.42975074,0.13196073,0.023565756,0.655922,0.6903458,0.07809054,0.2099902,1.0,0.7193087,0.71169037,0.59676176,0.3834455,0.38791937,0.78017765,0.732965,0.41288707,0.40699455,0.075204246,0.035338063,0.2244298,0.213711,-0.10622531,-0.11524507,0.033754934,0.03162787,0.6472519,0.6730389,0.38552165,0.28180808,0.7161731,0.7558148,0.5877705,0.5017444,0.16447002,0.3225384,0.23018812,0.23783414,0.17123133,0.1471542,0.6247622,0.5503706,0.27067044,0.43405598,0.56808645,0.5897427,0.01727756,-0.02534426,0.10755755,0.22256833,0.21768321,0.13034615,0.4707672,0.5579261,0.73070675,0.6002983,0.015484575,0.1217225,0.5325,0.19208789,0.7069547,0.32947072,0.47256956,0.11062829,0.58508974,0.6062198,0.5773192,0.45799917,0.26939943,0.33943772,0.22241654,0.39031824,-0.008118842,0.033665698,0.20900294,0.13435867,0.40408325,0.5109067,0.6951573,0.51328784,0.318626,0.42862388,0.42770478,0.28370342,-0.013855338,0.20287052,0.37147316,0.25149137,0.46334836,0.25376573,0.39910552,0.015937328,0.4420618,0.29166773,0.31649894,0.4774625,0.48078564,0.37777284,0.50765306,0.29420575,0.47511774,0.46885645,0.2431042,0.41520044,0.3305152,0.46007302,0.16987792,0.08361185,0.30329743,0.47999167,0.30924183,0.5004391,0.2551789,0.24902524
0.7688418,0.7889571,0.51907283,0.6091713,0.28423333,-0.16050518,0.70508564,0.82274234,0.17228392,0.09591328,0.7193087,1.0,0.6499511,0.87270945,0.5042493,0.44719338,0.688703,0.7868033,0.7046878,0.69768566,0.0643366,0.08815232,0.3169715,0.38510418,-0.08719254,-0.14096761,0.26939076,0.15194716,0.6237362,0.6864796,0.33584628,0.36702487,0.76551026,0.7811023,0.733678,0.5313921,0.3652865,0.45067656,0.40223077,0.32465085,0.2646714,0.28266618,0.73154765,0.71691674,0.123128496,0.42909333,0.5860235,0.5298888,-0.16149014,-0.071460694,0.20205249,0.18842241,0.21268274,0.12294224,0.6058182,0.5957194,0.7798702,0.72946113,0.07434077,0.16744405,0.6292255,0.34901717,0.7703601,0.5462708,0.6795303,0.3866107,0.7207235,0.8096902,0.77754164,0.70745474,0.14860713,0.3519616,0.2122503,0.2818247,0.09094603,0.061974186,0.18714167,0.1301509,0.3882987,0.66657805,0.7630693,0.79269916,0.49383512,0.43936092,0.5802526,0.54467887,-0.24681132,0.00944771,0.35091358,0.31270888,0.4773954,0.3406949,0.44507933,0.17041937,0.51865476,0.46717134,0.47620177,0.47830504,0.5724479,0.45507124,0.5308501,0.28982776,0.48340923,0.5050241,0.41890204,0.5142458,0.4780829,0.490555,0.31985608,0.24664623,0.46037623,0.4316075,0.25472942,0.5178257,0.4646062,0.39128116
0.65627736,0.38660926,0.5300936,0.5589061,0.21998405,0.13038823,0.6873269,0.6954904,0.3474419,0.37321553,0.71169037,0.6499511,1.0,0.6805825,0.51376843,0.42211774,0.60720277,0.5897279,0.4669201,0.39050332,0.22908965,0.20618926,0.45950264,0.44871068,-0.013070671,0.031794593,-0.0058464627,0.22547387,0.63239545,0.67785966,0.47664478,0.17222038,0.5521052,0.6095201,0.62369514,0.54293007,0.2987909,0.50772953,0.27696225,0.3705001,0.3396368,0.37255034,0.59353405,0.49811837,0.18725729,0.25319996,0.497022,0.4971146,0.09061778,-0.23459852,0.14985564,0.22495025,0.2086085,0.16314591,0.37105778,0.5094726,0.51929563,0.45666122,-0.032000504,0.060844827,0.41478592,0.19440176,0.59265953,0.2663815,0.43383643,0.17119539,0.5787352,0.5600602,0.5753489,0.31922004,0.22322944,0.29059035,0.26857147,0.37272295,0.06815136,0.053725615,0.18255843,0.11848893,0.3198753,0.44537282,0.64432037,0.5274788,0.3321305,0.45331168,0.60234916,0.38985276,-0.1632636,0.17058583,0.38863698,0.16702068,0.463887,0.24637602,0.39521515,-0.042163353,0.3856343,0.29358304,0.31547236,0.42672393,0.46045056,0.38940075,0.47053567,0.3733542,0.40045577,0.43303475,0.24073784,0.45145923,0.31562072,0.46110705,0.18030432,0.15486662,0.27319813,0.368854,0.15900457,0.43071565,0.3383019,0.25245196
0.7087499,0.74337435,0.57261014,0.66793686,0.36316565,-0.05958503,0.7141886,0.81388825,0.2965704,0.18965462,0.59676176,0.87270945,0.6805825,1.0,0.5832876,0.5190204,0.60168964,0.69616497,0.72336495,0.7589476,0.17963192,0.20754422,0.453093,0.5135379,-0.05011012,-0.037589163,0.32693458,0.17923948,0.6198322,0.72077686,0.3926352,0.42166457,0.74100214,0.7335096,0.7956162,0.61138886,0.5103423,0.58374417,0.4683037,0.41100204,0.38116822,0.4087155,0.7196952,0.69916075,0.042275883,0.33444756,0.5773873,0.47096613,-0.16468304,-0.12106344,0.26693207,0.20713212,0.23859565,0.19095002,0.60199916,0.5299672,0.70144004,0.66963524,0.06294078,0.14443652,0.6428436,0.40602934,0.7285803,0.46125394,0.6936195,0.47183982,0.7241891,0.8082083,0.7615888,0.68606055,0.21466507,0.4002454,0.2948641,0.31638888,0.1679495,0.12221693,0.26619154,0.21213728,0.35313198,0.6888267,0.74984574,0.8288551,0.48367208,0.4432994,0.62600785,0.566805,-0.31621698,-0.06978812,0.30737227,0.25928056,0.45937994,0.4004375,0.48015466,0.16052726,0.46559423,0.47579452,0.48146278,0.43648753,0.5442015,0.4244062,0.53951174,0.2545852,0.40112507,0.4265446,0.38985547,0.46000648,0.41589046,0.50889033,0.26766753,0.24667552,0.4595707,0.32818854,0.101654805,0.43807402,0.45060658,0.3465915
0.46779665,0.39514196,0.36465856,0.42503417,0.5894611,0.28270337,0.34913838,0.38689303,0.6294692,0.44403586,0.3834455,0.5042493,0.51376843,0.5832876,1.0,0.86238134,0.49094337,0.47638378,0.5157345,0.57233065,0.4046749,0.5465502,0.43866536,0.5252498,0.10289142,0.33231208,0.103681676,0.18511507,0.58985686,0.73169035,0.57941866,0.26144794,0.4598679,0.47167587,0.4935606,0.39640024,0.53370404,0.60760415,0.6682858,0.6250009,0.32928628,0.5388115,0.57053953,0.4848279,0.09529407,0.26198167,0.62414426,0.5341144,0.057033967,-0.09688002,0.23822267,0.25407687,0.37588015,0.35365105,0.6032897,0.61615926,0.5022508,0.5374717,-0.19497126,0.21884511,0.5401166,0.32825682,0.61832184,0.32131684,0.473065,0.36595082,0.5623398,0.537168,0.6490452,0.5321329,0.2286496,0.3498791,0.15327704,0.26599374,0.050159566,0.02425392,0.22743401,0.1770214,0.018127324,0.36220703,0.62411195,0.69640523,0.74548656,0.7710057,0.6913787,0.6167951,0.10609713,0.30925617,0.6103872,0.39039505,0.5551648,0.46838957,0.55359596,0.23438822,0.5155913,0.46660143,0.51870763,0.43370354,0.59257525,0.5058759,0.52419263,0.28394333,0.37486142,0.5689357,0.2254615,0.40249607,0.4209239,0.5597289,0.20280127,0.31093797,0.37709785,0.4220527,0.2397962,0.5036064,0.32517517,0.19971432
0.46514824,0.41709864,0.28195834,0.4159963,0.5141307,0.40590927,0.25677723,0.3366656,0.59986204,0.5416804,0.38791937,0.44719338,0.42211774,0.5190204,0.86238134,1.0,0.49944106,0.476171,0.42055476,0.5768455,0.46520433,0.49599767,0.38590592,0.54245865,0.07618,0.38261896,0.060458645,0.13772729,0.5589328,0.717753,0.54586,0.31986874,0.5290229,0.5113692,0.4224468,0.36667523,0.53518295,0.5890835,0.5448526,0.57776386,0.3642332,0.56030875,0.57150674,0.44212186,0.04386154,0.31287965,0.62576777,0.5552984,0.028874163,-0.046216022,0.27738446,0.30647245,0.4725648,0.38937786,0.5524606,0.5678466,0.57169956,0.59169024,-0.21889164,0.1954243,0.5864705,0.30975497,0.6667133,0.37586826,0.3911307,0.3681346,0.52295166,0.4871501,0.6443316,0.56674844,0.33942646,0.37330273,0.20281737,0.3515988,0.065212555,0.10461184,0.3365758,0.27892518,-0.032584194,0.3122828,0.53375936,0.68774575,0.6971797,0.84505004,0.5934394,0.63161117,0.15664633,0.40792492,0.5547128,0.47827676,0.6223411,0.53105223,0.5781147,0.20095606,0.48283392,0.41367117,0.49790224,0.41662455,0.5909867,0.5218846,0.56502926,0.23509917,0.3301719,0.5345905,0.1276229,0.26789823,0.3723654,0.53927714,0.08750657,0.22843686,0.32607275,0.42184773,0.11188523,0.44831905,0.18414877,0.12650673
0.6379859,0.48187956,0.2893651,0.35306394,0.24269873,0.118337005,0.48070997,0.59062576,0.23987837,0.35592327,0.78017765,0.688703,0.60720277,0.60168964,0.49094337,0.49944106,1.0,0.87392336,0.4396103,0.3967728,0.04523599,0.0011587027,0.1868912,0.24398215,-0.059942767,0.024053767,0.07352951,0.18076819,0.7592182,0.7852993,0.422477,0.26160535,0.6897143,0.765001,0.63322926,0.6871016,0.26217458,0.43899626,0.33501625,0.34688422,0.19663519,0.2684608,0.67084664,0.6648614,0.37541798,0.53211397,0.6926245,0.7647149,-0.05075811,-0.05450039,0.054105148,0.16973726,0.36465013,0.15043165,0.5805986,0.7532839,0.732395,0.72905976,-0.015557188,0.18792425,0.5583592,0.24851647,0.7261587,0.48007625,0.49377355,0.2007163,0.69382316,0.73764414,0.61707866,0.5533641,0.22731954,0.3434813,0.22091493,0.46639735,0.0017563626,0.014942712,0.20324098,0.17132014,0.3414042,0.52353865,0.63370615,0.6163248,0.38840154,0.5497295,0.37586862,0.39283225,-0.089514986,0.31443763,0.42435303,0.24809359,0.59764695,0.31185973,0.44945168,0.07353316,0.60497314,0.4231747,0.4965965,0.63220686,0.656297,0.5870382,0.55252296,0.33064425,0.5599633,0.6147572,0.27860922,0.5004313,0.45100233,0.5669031,0.33334035,0.2596071,0.42961273,0.6038159,0.37716675,0.61764634,0.34413555,0.32748112
0.6267787,0.57987803,0.27135265,0.38438895,0.2794252,0.0916958,0.47704086,0.6272172,0.21463555,0.32908374,0.732965,0.7868033,0.5897279,0.69616497,0.47638378,0.476171,0.87392336,1.0,0.50199276,0.4789427,0.027734324,-0.013958005,0.13369375,0.258232,-0.013188217,0.031407665,0.13853724,0.16459611,0.6854028,0.75481224,0.4048433,0.2580493,0.692545,0.76112604,0.627371,0.6597608,0.29899067,0.4668519,0.36742133,0.38876888,0.23570834,0.29604003,0.7274416,0.72576016,0.2857203,0.49278438,0.6952663,0.74283224,-0.12319325,-0.05830869,0.014485432,0.19894741,0.2868974,0.11093463,0.5875522,0.7720099,0.7748918,0.80244404,0.07863367,0.19228432,0.546342,0.3243755,0.75034463,0.5806713,0.56246746,0.32405877,0.71247154,0.78191346,0.6507538,0.63723016,0.076146714,0.21908663,0.1383104,0.37565076,-0.06908318,-0.04544649,0.10943147,0.0741308,0.38522175,0.58242655,0.6588264,0.73204124,0.38390526,0.5137337,0.38874775,0.47043872,-0.17543164,0.26623452,0.341157,0.2484941,0.64030015,0.39763927,0.5153225,0.06847582,0.6311538,0.4686392,0.51240116,0.64866614,0.7232853,0.6718332,0.6277613,0.32334885,0.6042472,0.6254609,0.34503505,0.50796336,0.5514288,0.5673923,0.31861672,0.25472876,0.46331513,0.6485487,0.34702176,0.65137774,0.4180809,0.38135985
0.67083925,0.74155587,0.6195354,0.6187869,0.34364992,-0.07975377,0.66086125,0.6298807,0.22175004,0.087146595,0.41288707,0.7046878,0.4669201,0.72336495,0.5157345,0.42055476,0.4396103,0.50199276,1.0,0.81320775,0.088792585,0.118812606,0.54908824,0.50267446,0.14402935,0.02155244,0.37531298,0.19379209,0.43627703,0.50126696,0.35554117,0.5190089,0.6729085,0.61290723,0.61202806,0.38263655,0.36617792,0.36360702,0.3594877,0.22470592,0.1384088,0.26211253,0.60357267,0.60152394,-0.024600154,0.2528139,0.5128316,0.35399997,-0.17385025,0.02739899,0.28169492,0.21584456,0.29432228,0.17027132,0.57908356,0.44005087,0.61193216,0.53575134,0.1535519,0.16077557,0.6156467,0.38312823,0.5825223,0.3888185,0.5464371,0.5055668,0.6652482,0.6637924,0.7828267,0.61835027,0.2888825,0.4714628,0.27807823,0.2540052,0.27571338,0.14653453,0.27881643,0.26579195,0.18019159,0.5892561,0.6237768,0.7036247,0.5530474,0.40750822,0.6600418,0.57998675,-0.30918103,-0.09446871,0.29211065,0.36211362,0.33924586,0.3563466,0.41240683,0.24342126,0.36678347,0.41980562,0.43664062,0.30529487,0.44718358,0.32934025,0.45792282,0.18125673,0.35378936,0.46840096,0.4300595,0.5241174,0.4001916,0.4436675,0.29866832,0.24251804,0.4209208,0.25596315,0.23978241,0.4253003,0.50042284,0.39609137
0.7320482,0.8154193,0.65572244,0.6908359,0.39062938,0.005500329,0.6360731,0.62818044,0.23198187,0.08083041,0.40699455,0.69768566,0.39050332,0.7589476,0.57233065,0.5768455,0.3967728,0.4789427,0.81320775,1.0,0.3303663,0.32707447,0.57279027,0.5910787,0.109714456,0.0379005,0.43882614,0.11327776,0.36715102,0.50983727,0.4068171,0.6324021,0.7801306,0.65857655,0.6511211,0.3697339,0.5854341,0.5364224,0.49625134,0.42248443,0.35820287,0.42359903,0.6952106,0.60005575,-0.10428219,0.28715536,0.55754554,0.33839583,-0.24246886,0.011375878,0.39616516,0.28209367,0.37598312,0.26412028,0.6277205,0.39143467,0.7257234,0.6011953,-0.006671323,0.12709862,0.740071,0.4430464,0.6884698,0.472148,0.6322416,0.5494635,0.67674863,0.6788776,0.77468026,0.7449424,0.3617307,0.4467203,0.27624992,0.25231197,0.24677773,0.19744462,0.37063405,0.3112587,0.11437974,0.5533153,0.6458856,0.76475096,0.6269532,0.5306638,0.67819566,0.6779797,-0.16918498,-0.018620359,0.3637056,0.48592654,0.469625,0.52148587,0.5739463,0.3439136,0.39900288,0.50320375,0.5134561,0.2774521,0.47476003,0.34943765,0.5653296,0.104970336,0.34405234,0.41364074,0.3817173,0.3476675,0.4207313,0.4304413,0.20334795,0.23242484,0.4120102,0.24141066,0.030836571,0.37639612,0.38060006,0.31338587
0.22940686,0.14116,0.4138812,0.4113124,0.48478273,0.4853596,0.16911888,0.164609,0.457885,0.37221017,0.075204246,0.0643366,0.22908965,0.17963192,0.4046749,0.46520433,0.04523599,0.027734324,0.088792585,0.3303663,1.0,0.7458248,0.5285413,0.5564095,0.23284048,0.448077,0.18987958,0.14711212,0.017214661,0.21160406,0.5091424,0.22834115,0.2485573,0.14096227,0.2066201,0.058231816,0.56986165,0.5937974,0.45196858,0.6395426,0.63813424,0.63162744,0.38110784,0.09994057,-0.14642932,0.06643794,0.29568407,0.07962445,-0.028159313,-0.26398897,0.24379547,0.09465633,0.25949332,0.29849252,0.20887983,0.11703326,0.20070994,0.11377353,-0.32888502,-0.052030563,0.264627,0.116025046,0.31248263,0.10149314,0.16984528,0.25335148,0.21720958,0.15096042,0.20885916,0.18710147,0.17167278,0.022240192,0.13946201,0.06716149,0.055623274,0.10270491,0.069613434,-0.020914473,-0.32936367,-0.018525688,0.17983402,0.24403445,0.340885,0.49988994,0.4540079,0.41512644,0.24938941,0.38332123,0.29814374,0.44643006,0.4529381,0.517386,0.53573024,0.28048706,0.22441252,0.295023,0.3118846,0.12302017,0.21384735,0.2511314,0.43175375,0.17901541,0.13344042,0.14798169,0.09745217,-0.013746063,0.18771277,0.22623062,0.007097712,0.1545596,0.16448724,0.11309059,-0.27292037,0.17024007,0.10845157,-0.0046946662
0.18972594,0.15191147,0.2651054,0.2449856,0.5037598,0.25279653,0.13584651,0.11287255,0.44519407,0.1539032,0.035338063,0.08815232,0.20618926,0.20754422,0.5465502,0.49599767,0.0011587027,-0.013958005,0.118812606,0.32707447,0.7458248,1.0,0.34585455,0.3941192,0.1345483,0.29894093,0.17675039,-0.0014703997,0.026144931,0.21020214,0.35496035,0.059687458,0.1624976,0.06537639,0.14202005,-0.02087055,0.5111939,0.48877898,0.5280134,0.60547036,0.4761668,0.52196795,0.22931449,-0.0063125836,-0.11102309,0.057185385,0.15970378,-0.020561757,-0.032370813,-0.15075551,0.20277286,0.06090999,0.07949763,0.16518372,0.11754543,0.07649049,0.14784071,0.103822835,-0.343915,0.049692627,0.31339332,0.13196442,0.24322248,0.09428055,0.2293833,0.12250288,0.16411336,0.12237109,0.23682854,0.24269219,0.058749758,0.03424391,0.0266403,-0.10548968,-0.009008057,0.012532835,-0.037667885,-0.090274476,-0.33684745,-0.039153036,0.26348236,0.27349365,0.41968074,0.48208523,0.44149244,0.40292782,0.20692223,0.23246752,0.33633798,0.47135147,0.2529495,0.33215767,0.41649982,0.3964328,0.09305584,0.20535694,0.15744269,-0.044149823,0.07602874,0.13406341,0.23402299,0.21622065,0.038315717,0.13769543,-0.004663238,-0.008210746,0.08453482,0.19377294,-0.030371398,0.022388376,-0.00653466,0.040733792,-0.15562545,0.111836575,0.023529284,-0.11108645
0.42567575,0.32849059,0.79231143,0.73625094,0.42245132,0.24963737,0.56220126,0.4556842,0.43591195,0.3031201,0.2244298,0.3169715,0.45950264,0.453093,0.43866536,0.38590592,0.1868912,0.13369375,0.54908824,0.57279027,0.5285413,0.34585455,1.0,0.80714667,0.26049283,0.31772962,0.25786528,0.25022277,0.29962805,0.36700144,0.60770804,0.58942246,0.4401232,0.34972918,0.51293933,0.29173973,0.5376753,0.5744729,0.39883414,0.44267964,0.39267185,0.49597198,0.45428216,0.30935457,-0.05886257,0.032102335,0.42139873,0.1623876,-0.07313748,-0.24852332,0.4591201,0.13412575,0.47068232,0.3139006,0.43347836,0.1776312,0.3086574,0.14897326,-0.11624508,-0.08257052,0.37495652,0.18087278,0.34912804,0.051177807,0.38881487,0.36234307,0.43671903,0.36838293,0.46770677,0.24209529,0.51377916,0.4441903,0.4156138,0.31243375,0.3450597,0.2475417,0.4252894,0.32745865,0.055547856,0.32444823,0.35591492,0.37778518,0.3989847,0.43564454,0.6900955,0.45005447,0.00964861,0.089616045,0.30957225,0.27518332,0.36358878,0.4245705,0.4485632,0.20869859,0.2991503,0.39155078,0.47669297,0.2085945,0.30555344,0.17806394,0.41650486,0.050482832,0.17427349,0.21345098,0.298034,0.28866366,0.18184155,0.2837415,0.18569165,0.36319357,0.35000163,0.014756558,-0.14964642,0.23275642,0.36950994,0.21577398
0.42420563,0.38443705,0.62795526,0.78640443,0.49165553,0.39956114,0.4283455,0.49118927,0.59695303,0.48544133,0.213711,0.38510418,0.44871068,0.5135379,0.5252498,0.54245865,0.24398215,0.258232,0.50267446,0.5910787,0.5564095,0.3941192,0.80714667,1.0,0.26552624,0.44064933,0.25276986,0.27935714,0.32195622,0.41864192,0.6089745,0.4846093,0.4472499,0.39102754,0.5047278,0.34403956,0.5905359,0.6413574,0.41756743,0.50469255,0.4722981,0.5913572,0.55212146,0.433124,-0.1271697,0.09325067,0.5082947,0.30576554,-0.14001316,-0.22943255,0.39728326,0.20407596,0.57506835,0.42112035,0.47674516,0.31554365,0.38082337,0.30000764,-0.1210944,-0.019008243,0.39441657,0.20506239,0.44776997,0.16714694,0.39232668,0.48145145,0.4779625,0.44877133,0.4991165,0.35644132,0.39252618,0.38124484,0.32347003,0.29878473,0.24265735,0.19595231,0.38512006,0.27832794,0.013518397,0.29354233,0.33330372,0.5101424,0.44893888,0.5895173,0.68907696,0.65392727,-0.0026493038,0.24391802,0.32373142,0.41418833,0.5170327,0.4569439,0.51266533,0.089488894,0.36033106,0.42430428,0.51119536,0.28687492,0.4114362,0.3235981,0.5008367,0.08681699,0.18575954,0.29692113,0.1715288,0.22304212,0.20969085,0.32747075,0.16078696,0.43792775,0.378273,0.11156094,-0.14801915,0.242364,0.30287623,0.19177438
-0.06068226,-0.08076786,0.112337016,0.09720818,0.29557958,0.38212577,-0.07784105,-0.093249775,0.24503462,0.3372451,-0.10622531,-0.08719254,-0.013070671,-0.05011012,0.10289142,0.07618,-0.059942767,-0.013188217,0.14402935,0.109714456,0.23284048,0.1345483,0.26049283,0.26552624,1.0,0.49448875,0.1137545,0.11978905,-0.1185312,-0.03469653,0.34745878,0.21612275,-0.020275628,0.0048645525,-0.008545299,0.07321065,0.010475671,0.029239813,0.08733045,0.11380365,-0.10318662,-0.020375384,0.06933559,0.032024942,-0.031893704,-0.053929944,0.14900316,0.076852925,0.002387599,0.14534537,-0.11377317,0.007441232,0.22422743,0.13137572,0.081543796,0.09395873,-0.019711476,-0.107733384,0.09866422,-0.09868296,-0.042905852,0.041080553,0.016877577,-0.032153938,-0.087443866,0.11326256,0.012657397,-0.068627596,0.06872688,-0.11282067,0.030837907,-0.071368515,-0.00042753224,-0.035896663,0.00020495254,-0.16357805,-0.08046993,-0.10034885,-0.23010275,0.009681622,0.059287403,0.06562614,0.11553103,0.15326184,0.20706892,0.19379416,0.20087618,0.28526992,0.11997181,0.28465483,0.23725057,0.31537297,0.27066585,0.16586165,0.023476705,0.08249561,0.111520566,0.08236625,0.16407368,0.15404055,0.27582985,0.067685254,0.11549931,0.17121522,0.05756915,0.036483653,0.18081826,0.13229157,-0.015454921,0.013204589,0.10130322,0.096111216,0.10625356,0.14493148,0.054441348,-0.022488594
-0.18217821,-0.21736409,0.006917299,0.124095775,0.53533715,0.7725775,-0.20873435,-0.108398534,0.5431798,0.69872594,-0.11524507,-0.14096761,0.031794593,-0.037589163,0.33231208,0.38261896,0.024053767,0.031407665,0.02155244,0.0379005,0.448077,0.29894093,0.31772962,0.44064933,0.49448875,1.0,-0.044741236,0.27947554,0.07406059,0.15326667,0.56759596,0.1827386,-0.047965366,0.013682344,-0.09435195,0.091174394,0.17938508,0.2657658,0.16924104,0.29282638,0.16263798,0.27245212,0.1057268,0.033145882,-0.12937278,-0.123347655,0.25004134,0.17151073,-0.02929806,-0.11694564,-0.102463484,0.04426872,0.34045258,0.23985787,0.1122487,0.18671717,-0.045961823,-0.06307251,-0.1744481,-0.045847684,-0.07408277,-0.0780583,0.057015184,-0.09082785,-0.110601045,0.18329014,0.009329829,-0.06614652,0.031643644,-0.0846179,0.105750084,0.014376517,0.049550775,0.10393796,-0.07719764,-0.04483358,0.035555374,-0.0024267922,-0.1867825,-0.062445223,-0.04752947,0.122857176,0.15549688,0.37931666,0.1745129,0.29977292,0.27909368,0.5283101,0.03134616,0.14543007,0.36442655,0.3964999,0.31324312,0.07610039,0.11666422,0.07912318,0.17605613,0.16471422,0.25420028,0.2500589,0.3250483,0.026546327,-0.017438564,0.1549814,-0.16878876,-0.06434361,0.048152056,0.1632113,-0.13961291,0.15191147,0.14264727,0.08771297,-0.10886658,0.14969802,0.023509542,-0.11149033
0.27387682,0.48634824,0.4294688,0.35246724,0.30006835,-0.09360874,0.27431357,0.27782327,0.050682623,-0.123937935,0.033754934,0.26939076,-0.0058464627,0.32693458,0.103681676,0.060458645,0.07352951,0.13853724,0.37531298,0.43882614,0.18987958,0.17675039,0.25786528,0.25276986,0.1137545,-0.044741236,1.0,0.3203059,0.022092303,0.057897728,0.14251353,0.42409018,0.3002589,0.17148972,0.3483822,0.14461654,0.30058345,0.24394406,0.30729434,0.17144102,0.095506,0.123142436,0.290449,0.3652906,-0.19866994,0.17637287,0.16383903,0.043497782,-0.40958378,-0.012789951,0.14548749,0.028278735,0.12533048,0.1648045,0.32981157,0.077660054,0.2625037,0.19365367,0.0056381375,-0.009309216,0.25831762,0.13998826,0.25270182,0.1886575,0.40840188,0.38427442,0.3011755,0.31389526,0.23692521,0.27881527,0.0793835,0.14538655,0.11173719,-0.04960436,0.11000737,-0.027438065,0.035608113,0.01695068,0.0028958924,0.19310284,0.2376002,0.27138838,0.1522237,0.010434983,0.22853377,0.16431695,-0.16801155,-0.1400597,0.015531503,0.21988739,0.11987504,0.2401982,0.23633759,0.2142974,0.11517788,0.19613421,0.21574375,0.038437564,0.12820745,0.08100901,0.22105648,0.0091753155,0.13096641,0.07372721,0.20539114,0.086244896,0.12731767,0.118007585,0.053789675,0.10352531,0.21234643,0.009269922,-0.057739843,0.034005105,0.18279438,0.09620352
0.12253692,0.08966884,0.17455176,0.21341512,0.19341803,0.24644394,0.08661578,0.15145552,0.22578196,0.35154215,0.03162787,0.15194716,0.22547387,0.17923948,0.18511507,0.13772729,0.18076819,0.16459611,0.19379209,0.11327776,0.14711212,-0.0014703997,0.25022277,0.27935714,0.11978905,0.27947554,0.3203059,1.0,0.30712685,0.22473425,0.34443966,0.24282454,0.113778554,0.1551003,0.28434238,0.28692976,0.21892548,0.3005351,0.14510414,0.14271714,0.17995265,0.2910988,0.30774808,0.37504625,0.025767297,0.17064834,0.2619858,0.27185407,-0.091957055,-0.22836635,0.04405199,0.023985874,0.25788233,0.14059964,0.2752732,0.25982368,0.083256476,0.101862274,0.0058034053,0.08216509,0.049169563,-0.06893126,0.18607706,0.079728395,0.1612833,0.24565992,0.2941005,0.25639665,0.1724603,0.037309535,0.15043962,0.15294342,0.26903737,0.248067,0.12563723,0.043658912,0.1006777,0.091957815,0.1320849,0.16834283,0.095878914,0.1627737,0.098948546,0.12736836,0.19873884,0.15427148,-0.18459286,0.06972561,0.003487979,-0.047098733,0.23019075,0.27083424,0.19747488,0.059844945,0.25294283,0.20552476,0.27699062,0.2547071,0.2810121,0.23664638,0.21623142,0.106939636,0.1290047,0.14049684,0.09921821,0.197385,0.11932742,0.23035876,0.1256114,0.34500054,0.31921425,0.07816315,0.023537958,0.1831174,0.2962476,0.15203889
0.53371876,0.42740375,0.29863492,0.36370668,0.17004377,0.13302006,0.49815676,0.5718838,0.2799878,0.4089825,0.6472519,0.6237362,0.63239545,0.6198322,0.58985686,0.5589328,0.7592182,0.6854028,0.43627703,0.36715102,0.017214661,0.026144931,0.29962805,0.32195622,-0.1185312,0.07406059,0.022092303,0.30712685,1.0,0.8631564,0.41953167,0.26123998,0.59148306,0.6687792,0.66394186,0.6885503,0.3444301,0.4935751,0.31807542,0.332715,0.17603199,0.32622367,0.59236956,0.61847216,0.30013505,0.34599966,0.63377964,0.6329305,0.07204755,0.020183088,0.21268399,0.14759412,0.3867868,0.21680035,0.5102088,0.61516255,0.6017155,0.60905707,-0.00029727785,0.23038885,0.5439558,0.20660493,0.6195396,0.31063437,0.5241975,0.20552272,0.66426486,0.67683077,0.5935123,0.45336285,0.39865556,0.5245965,0.4312102,0.6164544,0.17832309,0.16718432,0.41107154,0.36688462,0.48946917,0.58511287,0.5850521,0.6049511,0.39790854,0.51013553,0.4296778,0.32335603,-0.22506852,0.11039064,0.2897699,0.06623681,0.4191098,0.24511316,0.32709652,-0.037134804,0.56098735,0.44793347,0.505172,0.58282554,0.54410976,0.4096751,0.4276042,0.27908185,0.39512673,0.48589313,0.30238792,0.53542745,0.34855214,0.5181642,0.33148465,0.41223678,0.49364072,0.41515404,0.28133819,0.5397759,0.3757179,0.3213046
0.6089175,0.48928452,0.36294344,0.44949135,0.33860984,0.21136196,0.5181375,0.62416345,0.4173607,0.460976,0.6730389,0.6864796,0.67785966,0.72077686,0.73169035,0.717753,0.7852993,0.75481224,0.50126696,0.50983727,0.21160406,0.21020214,0.36700144,0.41864192,-0.03469653,0.15326667,0.057897728,0.22473425,0.8631564,1.0,0.51057553,0.27831692,0.665011,0.7407265,0.6961751,0.7000171,0.45961693,0.613464,0.4734709,0.49755743,0.30266336,0.43347672,0.69688237,0.64564633,0.27430508,0.4417902,0.715005,0.70063287,0.06109033,-0.058639646,0.24749732,0.23086962,0.40665895,0.28681266,0.5941215,0.71584284,0.6934469,0.71323067,-0.035991956,0.16893509,0.6375786,0.31505638,0.7195169,0.39499995,0.5657284,0.2959424,0.71509635,0.73114604,0.7034395,0.5754741,0.3157716,0.44620836,0.32817984,0.53738797,0.10142763,0.11469394,0.3365457,0.27603436,0.31009147,0.588716,0.69161296,0.7515235,0.5304232,0.6647652,0.5652032,0.47604477,-0.120980375,0.25352487,0.44069046,0.26307824,0.58979857,0.3940496,0.4977083,0.07585486,0.593185,0.4981618,0.54327303,0.6033575,0.6622306,0.55245954,0.5673576,0.3784892,0.4925378,0.60047823,0.31240472,0.524909,0.46317303,0.64229256,0.2969002,0.3176541,0.47959808,0.53314525,0.2702916,0.61230445,0.37360284,0.30338982
0.3585211,0.20125625,0.48230195,0.49366188,0.6529511,0.55221295,0.3740084,0.41238993,0.5363674,0.5582948,0.38552165,0.33584628,0.47664478,0.3926352,0.57941866,0.54586,0.422477,0.4048433,0.35554117,0.4068171,0.5091424,0.35496035,0.60770804,0.6089745,0.34745878,0.56759596,0.14251353,0.34443966,0.41953167,0.51057553,1.0,0.5035646,0.36168855,0.41914028,0.4229627,0.39392102,0.37124044,0.53837734,0.53613424,0.55651474,0.24852489,0.436456,0.56326795,0.41392162,0.00209802,0.1362711,0.6301751,0.44268784,-0.09217425,-0.24351996,0.043888405,0.16141018,0.49560997,0.3733452,0.4718236,0.46192986,0.3741571,0.23633955,-0.24394064,0.01051278,0.3043624,0.111118786,0.47979513,0.12606442,0.35713172,0.29229355,0.46674228,0.3855644,0.4154398,0.21646307,0.22029446,0.20103759,0.059636123,0.15387996,-0.1363264,-0.16089873,0.07696831,-0.025104318,0.0813777,0.32808033,0.44432312,0.43988785,0.348164,0.5262957,0.52491975,0.4455816,0.20626687,0.4295932,0.30745736,0.26589844,0.58300906,0.5709454,0.57394826,0.1876179,0.38475752,0.27743846,0.4462285,0.38639465,0.54023594,0.42004845,0.58525,0.15865897,0.26897377,0.39389086,0.10043365,0.25109398,0.2944107,0.33577248,0.0815213,0.28869283,0.3517905,0.35279644,0.085432746,0.4309704,0.2721637,0.046265222
