1.0,0.672552,0.72713995,0.66263473,-0.17840697,-0.17326081,0.68995905,0.6659156,-0.35883626,-0.2735168,0.5341849,0.5040124,0.15817352,0.21451437,-0.22564335,-0.263486,0.23407257,-0.07368425,0.6582118,0.5962047,0.050762247,0.15052226,0.5183666,0.2892094,-0.32125416,-0.40686423,0.005543925,0.030775217,-0.13544744,0.2224073,0.22324383,0.0494728,0.7234043,0.63791645,0.5621239,0.29272994,0.35284704,0.17442061,0.09205157,-0.03862353,0.23876357,-0.1970311,0.62621343,0.5977845,0.61925477,0.59856933,0.5444564,0.49571788,0.12167241,0.30078277,0.01880817,0.11470967,0.23214665,0.09270825,0.23588817,0.12671933,0.77517855,0.5417117,-0.014558707,0.034231685,0.30069622,-0.07934413,0.75475353,0.33222228,0.34580898,0.18135394,0.6617806,0.5356037,0.31466645,0.29502213,0.26968846,0.065502785,0.26205596,0.08945926,-0.33261213,0.03302435,0.11916171,-0.050760206,-0.0600301,0.47186488,0.3535016,0.0560623,-0.22148399,-0.4052773,0.39354694,-0.15583041,0.14299272,-0.39017034,0.1203952,-0.18316638,-0.23278107,0.12374713,0.22694588,0.004885981,0.34914973,0.29034507,0.45825845,0.19729969,0.11012764,-0.17727876,0.091230966,-0.011334781,0.07590154,0.04249763,-0.24590695,-0.24939692,-0.11068933,-0.20205693,0.1670174,0.3415837,0.44677728,0.5316767,-0.023105603,-0.13466112,-0.108146004,0.21189499
0.672552,1.0,0.6342071,0.6451268,0.11302522,-0.40348312,0.6091477,0.6076776,-0.10295993,-0.35627246,0.32966137,0.60279286,0.016252162,0.35535663,-0.18538119,-0.13519494,0.064425014,-0.07015668,0.6932097,0.67115045,-0.033042703,0.24613862,0.20882088,0.25847974,-0.4008913,-0.48809785,0.20047788,0.16999121,-0.098548,0.058991875,-0.07754696,0.0750065,0.5972948,0.58150506,0.51841617,0.25034353,0.2562403,0.06903291,0.15489614,-0.0039968127,0.23701005,-0.014887212,0.57067406,0.577105,0.51083064,0.5782621,0.35079423,0.45651427,0.2983945,0.486339,-0.041077573,-0.0342982,-0.07129131,-0.0027070309,0.17469017,0.24580842,0.5233158,0.84475255,-0.0004969678,0.06965365,0.35096157,0.23766398,0.5779041,0.7058925,0.34359622,0.10810166,0.6600563,0.6438124,0.17957725,0.18946216,0.06132732,0.008835422,0.106088586,-0.1477856,-0.3064689,-0.017340304,0.019115167,-0.1764198,-0.20582004,0.16593957,0.21551265,0.2615729,-0.12838621,-0.18652847,0.09940098,0.15970007,0.20654212,-0.10851314,-0.043315735,0.12911095,-0.3383542,0.12766187,0.17759575,-0.089154705,0.32406235,0.33361924,0.40747854,0.21712992,0.018013464,0.048435874,0.14423268,-0.06968856,-0.051987257,-0.114714265,-0.17177665,-0.15609777,-0.016680988,-0.080013804,0.24155103,0.288913,0.42781,0.42414132,0.10362028,-0.060675886,-0.12935753,0.2786306
0.72713995,0.6342071,1.0,0.8658432,0.05655791,-0.13060433,0.8175137,0.7987919,-0.124503,-0.18420227,0.66392666,0.698523,0.359269,0.46296704,-0.035424553,-0.05406024,0.38368854,0.13909882,0.767906,0.5448474,0.09171273,0.26352558,0.6765649,0.5481224,-0.27477694,-0.32739034,0.154822,0.13845529,0.10342465,0.3488678,0.41969925,0.39689866,0.8389936,0.8307267,0.7090827,0.5195851,0.3894223,0.20731585,0.24669874,0.055911705,0.3229378,-0.022062764,0.64542156,0.59657896,0.39671803,0.46389055,0.57775,0.5514704,0.12655894,0.43543842,0.007933003,0.113481075,0.034672998,0.030205803,0.30175626,0.30500272,0.52721256,0.5090812,-0.23197722,-0.04207111,0.06998278,0.08532248,0.5706786,0.3668295,0.3425932,0.30163613,0.72509354,0.52349263,0.10628649,0.12823458,0.42659718,0.30633673,0.29529214,0.18615626,-0.11190042,0.0918842,0.30750164,0.1605063,0.1459734,0.43454444,0.44485673,0.22217514,-0.0038342483,-0.11397607,0.3951128,0.08507303,0.2074192,-0.19037308,0.19760364,0.11320984,-0.08231425,0.24469689,0.17225298,0.15360051,0.34835124,0.26365626,0.48957014,0.28185213,0.28893584,0.1487644,0.3851463,0.07689441,0.30278364,0.20258912,0.060971837,0.0748309,0.21714969,0.05389587,0.26369107,0.28849646,0.58087957,0.4841492,0.19601376,0.07941923,0.17364763,0.42848772
0.66263473,0.6451268,0.8658432,1.0,0.10996743,-0.11446022,0.843012,0.84114635,-0.10436702,-0.12154962,0.6537573,0.7059445,0.3928898,0.4916265,-0.051296253,0.0060284496,0.47076392,0.23211652,0.8011046,0.591305,0.14252013,0.27887195,0.60425913,0.56483334,-0.31459203,-0.32270128,0.20952481,0.19858858,0.13181731,0.36950013,0.37772897,0.373562,0.80692285,0.8167139,0.6919117,0.5235896,0.36165982,0.16274998,0.18999973,0.055808134,0.29213053,0.008853986,0.6198597,0.55651087,0.34522256,0.38107413,0.55048853,0.5128248,0.19770378,0.30744377,-0.019861206,-0.021072987,-0.098031476,-0.09028136,0.2238866,0.3133341,0.50482994,0.5053446,-0.18653774,-0.02313764,0.19314608,0.17088915,0.55735457,0.41333637,0.3344632,0.13265969,0.7532703,0.5564115,0.11672235,-0.007705701,0.42139766,0.28287408,0.28187084,0.15460694,-0.117343605,0.024084892,0.31945843,0.14507572,0.16992112,0.3472887,0.49588677,0.29745805,0.0028715525,-0.031258542,0.38302577,0.1766556,0.19906639,-0.119924866,0.16189821,0.18495412,-0.008218037,0.24252269,0.14972922,0.18213044,0.33729258,0.28133765,0.45362294,0.2754967,0.27673817,0.21315664,0.5046922,0.19670144,0.38595366,0.2984386,0.18687324,0.20154205,0.22754945,0.16350825,0.29171118,0.29507297,0.55392414,0.44070417,0.28334647,0.19837068,0.28635558,0.4905911
-0.17840697,0.11302522,0.05655791,0.10996743,1.0,0.26826212,-0.020458309,0.06511978,0.76594883,0.4609654,0.08735688,0.22678217,0.22335064,0.3161582,0.7416744,0.7139761,0.18269333,0.28432024,0.1498969,0.13668017,0.47698736,0.57893234,-0.025499485,0.3060068,0.4153563,0.39864257,0.7687372,0.7083203,0.53221524,0.30796885,-0.0633509,0.20597027,0.013581407,0.013736375,0.17541027,0.22173877,0.37919015,0.4020278,0.5745687,0.513175,0.46516007,0.43953112,0.16490611,0.068746746,-0.30824232,-0.19060531,0.09406741,0.24692264,0.21315,0.0958128,0.15342326,0.027712835,-0.40988606,-0.14850052,0.3624558,0.55667734,-0.18088467,0.16721345,0.06371503,0.077558994,-0.026313234,0.2253129,-0.19800638,0.12708542,0.13965712,-0.016746916,0.21471971,0.16407971,0.05292033,-0.05790607,0.18585797,0.26805136,0.104962885,0.21096966,0.40674457,0.15122925,0.26345628,0.1571237,0.12893206,-0.21066342,0.19220255,0.48609212,0.6173394,0.6416599,0.15462625,0.686735,0.45652005,0.56658584,0.27398494,0.69205886,0.03850447,0.068961054,-0.16584735,0.21749023,0.38158017,0.37423965,0.3412524,0.3688089,0.1824839,0.568685,0.34366125,0.18570587,0.15313277,0.24729328,0.30388466,0.39506257,0.23168042,0.3851339,0.45980456,0.32801598,0.33720317,-0.035118636,0.37197283,0.34834558,0.27143595,0.4046601
-0.17326081,-0.40348312,-0.13060433,-0.11446022,0.26826212,1.0,-0.24098742,-0.25208035,0.3487241,0.80010647,-0.08672122,-0.37862432,0.026112711,-0.42323533,0.650997,0.57367676,0.044779435,-0.08491339,-0.005263765,-0.017166523,0.3704136,0.21036346,0.26118293,0.03655377,0.5361677,0.706815,0.25452325,0.3789127,0.11980867,0.09657567,0.1866542,-0.21554182,-0.05569633,-0.15161325,0.057165317,0.13930784,0.22842254,0.3575901,0.45442805,0.53858024,0.36172336,0.52186626,-0.004432927,-0.21600367,-0.2318382,-0.2887792,0.19294396,0.04433149,0.02854498,-0.32653677,0.118209556,0.031861253,0.111987635,-0.02331124,0.43742248,0.34404597,-0.023986252,-0.49696356,0.19904621,-0.03247174,-0.0030172132,-0.06273373,-0.08370305,-0.5093191,-0.015747549,0.025468076,0.049093463,-0.15716928,0.11235367,0.042527948,0.13420568,0.04078768,0.014628318,0.27716443,0.25955066,-0.122251526,0.07230876,0.06483897,0.011865709,-0.22483884,0.074606806,-0.29872462,0.6626915,0.34629285,0.63073343,-0.06837516,0.34696132,0.3185012,0.68932885,0.21871491,0.52437913,0.2534538,-0.067880705,0.1986243,0.10870432,0.04826132,0.1140993,0.32159114,0.50833654,0.255296,0.18914989,0.2865411,0.25180802,0.3631875,0.23824711,0.34154236,0.18409263,0.23595236,0.17226046,0.04758074,0.15325293,-0.034181874,0.32919312,0.29842263,0.3833648,0.14578825
0.68995905,0.6091477,0.8175137,0.843012,-0.020458309,-0.24098742,1.0,0.8633525,-0.25384396,-0.22849508,0.76136136,0.78651476,0.49529797,0.56024235,-0.18591456,-0.10073524,0.53683454,0.23508245,0.6605025,0.4026754,0.1494576,0.26376876,0.58315897,0.49825418,-0.39239755,-0.48041824,0.18761508,0.16079263,0.17332216,0.41817018,0.45157984,0.44671044,0.7923816,0.8234925,0.6231939,0.43814173,0.37610328,0.11342695,0.09681146,-0.07064885,0.296682,-0.12406195,0.5822595,0.5425153,0.35539246,0.41361016,0.5255778,0.47366863,0.09421116,0.30956182,0.05001142,-0.07046928,-0.061727248,-0.099110864,0.10072328,0.11581059,0.48918188,0.47067848,-0.3426494,-0.050039325,0.13734724,0.024861656,0.5762943,0.34171715,0.34105968,0.09189293,0.6291938,0.46914446,0.029871795,-0.022913795,0.43061224,0.3420714,0.42267504,0.20533344,-0.12322819,0.15781794,0.38879022,0.18705256,0.18842618,0.41528374,0.5385168,0.3436839,-0.15026838,-0.16128689,0.2631678,0.076049894,0.09260595,-0.29715163,-0.02923296,-0.02687028,-0.12659866,0.18675043,0.115031704,0.16737239,0.39255714,0.32307515,0.44999847,0.1885118,0.075835384,0.0007200757,0.37397173,0.18391268,0.32585642,0.24106596,0.059266046,0.025095453,0.046773583,0.021131383,0.31557953,0.3466922,0.49655142,0.4242313,0.09993366,0.042862497,0.102385625,0.4113067
0.6659156,0.6076776,0.7987919,0.84114635,0.06511978,-0.25208035,0.8633525,1.0,-0.21607538,-0.19625415,0.7663482,0.8006446,0.518118,0.67268384,-0.15377961,-0.075595796,0.59751505,0.41684645,0.65406245,0.45471513,0.18416709,0.29093087,0.47642148,0.53050464,-0.37934658,-0.43895695,0.22174355,0.18055457,0.22008468,0.47973144,0.4284862,0.501574,0.7651754,0.7818456,0.6967016,0.57663894,0.40773156,0.18909779,0.14906982,0.0157401,0.278346,-0.14644082,0.66341525,0.63421935,0.36321107,0.40034136,0.59492034,0.5497233,0.18388578,0.2855468,-0.049106345,-0.04949089,-0.09258236,-0.15698254,0.18386063,0.21479793,0.51179594,0.5253466,-0.23038629,0.0053060544,0.123054266,0.042413246,0.5206169,0.44435924,0.248911,0.09011191,0.6958237,0.563457,0.149387,0.009607045,0.4912655,0.37077448,0.38227287,0.21344477,-0.10263978,0.17792633,0.41801566,0.25840247,0.27449974,0.47876284,0.57652926,0.44227257,-0.1281134,-0.071712226,0.26914087,0.19032265,0.16615896,-0.23599042,0.04269257,0.08152466,-0.11087145,0.19103688,0.16454236,0.13041353,0.42453086,0.29780427,0.5329441,0.26624796,0.16339585,0.11959205,0.41469005,0.14665878,0.270661,0.19810297,0.092040196,0.09372813,0.12829714,0.13786349,0.31472713,0.37678856,0.58218914,0.4614264,0.18263556,0.124640204,0.18543611,0.521667
-0.35883626,-0.10295993,-0.124503,-0.10436702,0.76594883,0.3487241,-0.25384396,-0.21607538,1.0,0.5164418,-0.109222755,-0.006811892,0.12932639,0.12989707,0.73747265,0.6982063,-0.05172036,0.18752268,-0.010970833,-0.027728975,0.25129822,0.3699628,-0.0482529,0.28016257,0.5703353,0.5565525,0.4854957,0.41399187,0.47193322,0.117130674,-0.091762826,0.16870897,-0.18767138,-0.15954572,-0.06609851,0.056507114,0.13245495,0.29129767,0.4271738,0.454861,0.288434,0.5334073,-0.08537171,-0.11902015,-0.4783893,-0.38551486,-0.16577908,0.06385397,0.028194722,0.057459604,0.10951153,0.107858814,-0.38829505,-0.110223204,0.2884357,0.51223624,-0.43315718,-0.07480939,0.035670407,-0.07288183,-0.15596575,0.32411802,-0.44204032,-0.062279664,-0.05366567,0.037432313,-0.047571387,-0.07028825,-0.17507762,-0.101280995,0.035649575,0.18536219,-0.105600536,0.089838095,0.40066478,0.070055135,0.07082705,0.039515566,0.002196215,-0.39954603,-0.100727804,0.24682996,0.6235344,0.65135425,0.069639035,0.58075786,0.27978367,0.6951167,0.2557108,0.6906365,0.18598182,-0.07939961,-0.24625368,0.26365036,0.19828512,0.16299757,0.0913632,0.21687739,0.23683573,0.62457967,0.23179609,0.11341237,0.070243016,0.2108758,0.31517628,0.46188107,0.2932238,0.40906417,0.3092033,0.115020074,0.08147345,-0.24189201,0.31846178,0.4066177,0.2931254,0.2519895
-0.2735168,-0.35627246,-0.18420227,-0.12154962,0.4609654,0.80010647,-0.22849508,-0.19625415,0.5164418,1.0,-0.004354774,-0.27408975,0.19887584,-0.16056448,0.7461386,0.7502831,0.14475997,0.14800224,-0.03939732,-0.041598886,0.5289215,0.42453748,0.095585406,0.09890102,0.52845436,0.6329949,0.42797616,0.5462351,0.39897427,0.31244144,0.18411991,-0.04236608,-0.11937673,-0.18019444,0.06997824,0.22713523,0.3395887,0.4580916,0.49884748,0.5614826,0.43117446,0.54856396,0.013974207,-0.1730482,-0.3637338,-0.36556473,0.19399244,0.10350761,0.05729398,-0.31512767,0.14127295,-0.017052459,0.009740606,-0.21005371,0.4249296,0.393895,-0.13823216,-0.41646466,0.16860166,0.007431613,-0.057366896,-0.0065056793,-0.257333,-0.43916002,-0.089577705,-0.07913724,0.049682375,-0.11018615,0.08321985,-0.031540908,0.26593104,0.24385561,0.19758645,0.39312345,0.44749653,0.1013908,0.25831667,0.25706208,0.10482382,-0.19771953,0.21756858,0.030479643,0.6345246,0.47362465,0.515419,0.20127882,0.32678878,0.37174875,0.5286211,0.31762105,0.35577953,0.11085339,-0.07234177,0.17381468,0.1973389,0.13324931,0.19805372,0.38454106,0.36967674,0.31001636,0.18316111,0.27229136,0.26403928,0.3787365,0.22467257,0.3494501,0.171187,0.2539868,0.25981712,0.14696781,0.22831467,-0.05507102,0.27177948,0.2864051,0.32933617,0.23797137
0.5341849,0.32966137,0.66392666,0.6537573,0.08735688,-0.08672122,0.76136136,0.7663482,-0.109222755,-0.004354774,1.0,0.7655166,0.7633408,0.6702774,0.04159757,0.08504493,0.74642336,0.48738486,0.4553436,0.21201815,0.37841085,0.43107435,0.5708587,0.5088854,-0.23796985,-0.3043903,0.25676456,0.25180906,0.48735964,0.71071446,0.64457804,0.5975062,0.6807582,0.69782525,0.65407765,0.52761614,0.48854527,0.2951089,0.22016858,0.06161094,0.34337324,-0.0727503,0.6068092,0.4802007,0.15116975,0.19519591,0.58550483,0.50685173,-0.017269056,0.1403886,0.061005477,0.025535341,0.0009792633,-0.07743799,0.2240623,0.20673946,0.3711064,0.2402798,-0.32829094,-0.049030457,-0.096205525,-0.11604018,0.34848925,0.06435382,0.13797711,0.07437103,0.5509278,0.30468914,0.037941225,-0.04361595,0.6934709,0.5825308,0.5878466,0.48565862,0.14581837,0.3772664,0.6423602,0.47168684,0.46308747,0.5486267,0.71605974,0.4961808,-0.045214627,-0.0013165104,0.34709495,0.18645048,0.09791929,-0.22865568,0.06567623,0.046642296,-0.12234597,0.05506442,0.14840578,0.22507259,0.43448135,0.3048586,0.5241904,0.23075633,0.1615631,0.096734256,0.33392388,0.20932847,0.35410678,0.29423776,0.04787677,0.0855621,0.13504617,0.08247536,0.33906844,0.38725558,0.5241984,0.4327356,0.09341956,0.061184563,0.15207613,0.4757336
0.5040124,0.60279286,0.698523,0.7059445,0.22678217,-0.37862432,0.78651476,0.8006446,-0.006811892,-0.27408975,0.7655166,1.0,0.5720877,0.7798385,-0.068982124,0.025714055,0.5481874,0.4121525,0.5130291,0.25950155,0.16482462,0.3651284,0.38841638,0.5507327,-0.3410093,-0.4306749,0.28943416,0.21835366,0.34535167,0.49317315,0.3865157,0.61604416,0.65787446,0.7468576,0.5683316,0.39992306,0.31310415,0.11030441,0.13248852,-0.07529241,0.24962904,-0.09527347,0.521998,0.46145102,0.1404481,0.26893887,0.37759602,0.4201657,0.036397327,0.3775067,-0.026875235,-0.04683488,-0.24034847,-0.067483746,0.06022864,0.20221238,0.23986845,0.5332425,-0.39451653,-0.06529089,-0.04373862,0.052880522,0.33752915,0.40625188,0.18677169,0.08933389,0.51554835,0.3754736,-0.06885039,-0.12658888,0.41308942,0.40762848,0.34485918,0.17472817,0.0186028,0.2557746,0.43536243,0.2617129,0.29584882,0.3726948,0.5008471,0.607902,-0.102433205,0.0708269,0.047352534,0.37493554,0.06002968,-0.10227001,-0.13316248,0.21401116,-0.21141943,0.09353563,0.096188545,0.17813852,0.34069532,0.29292324,0.4062433,0.1469905,0.01956465,0.206994,0.38011247,0.045264598,0.21163936,0.148466,0.08574439,0.12587842,0.15504766,0.14095373,0.2928323,0.2936618,0.43663815,0.32033405,0.11397342,0.11680459,0.10552631,0.45888492
0.15817352,0.016252162,0.359269,0.3928898,0.22335064,0.026112711,0.49529797,0.518118,0.12932639,0.19887584,0.7633408,0.5720877,1.0,0.687182,0.21577792,0.24573949,0.7749781,0.66866213,0.2054306,-0.007649519,0.39273235,0.42124736,0.37989128,0.47479573,-0.094581544,-0.13299248,0.3035193,0.31580618,0.7169783,0.80784726,0.68856287,0.7055425,0.36356544,0.39458987,0.4378992,0.48717842,0.35593262,0.24004842,0.17783947,0.09206919,0.20741954,-0.033175293,0.3827113,0.23906283,-0.19410612,-0.13296728,0.40136483,0.31684375,-0.098704234,-0.021616453,0.008089278,0.036419522,-0.10027095,-0.22764269,0.11256381,0.16036798,0.07455683,-0.022043241,-0.2788288,-0.0568847,-0.21817948,-0.07413539,-0.011225375,-0.10524849,-0.056437157,0.0325739,0.27376932,0.11702826,-0.009832046,-0.083976656,0.73720247,0.69341034,0.61206424,0.5927336,0.42041108,0.47646046,0.6808498,0.6096474,0.58761847,0.38246438,0.64833933,0.5612842,0.05766277,0.19992675,0.23588462,0.26600093,0.055422556,-0.0077932193,-0.008990482,0.14456634,-0.010894659,-0.03999617,0.038459163,0.24299154,0.33306104,0.16834806,0.36924535,0.11885894,0.10834008,0.1737003,0.37069112,0.2629274,0.35123447,0.34960034,0.23064344,0.2459766,0.23749052,0.19403537,0.24247986,0.2541791,0.3817899,0.17099984,0.09816054,0.22175941,0.22083479,0.41562864
0.21451437,0.35535663,0.46296704,0.4916265,0.3161582,-0.42323533,0.56024235,0.67268384,0.12989707,-0.16056448,0.6702774,0.7798385,0.687182,1.0,0.006197305,0.081925325,0.57992226,0.70973337,0.29275042,0.108171016,0.19025332,0.3772525,0.13833566,0.5122084,-0.29325336,-0.34825635,0.30947948,0.20495477,0.58240193,0.59204465,0.34484476,0.7505875,0.40632874,0.50504655,0.40692016,0.4508656,0.26247513,0.11693471,0.09033691,-0.025455432,0.14595225,-0.10725072,0.3781316,0.399969,-0.06681857,0.078119814,0.2519306,0.32837737,0.045302212,0.2324416,-0.08780902,-0.040079243,-0.35046995,-0.26914912,-0.004912766,0.17142999,0.010591412,0.40375486,-0.32761195,-0.038230214,-0.1328136,0.08518468,-0.017276663,0.37334743,-0.011434211,0.016802054,0.32304403,0.29315722,-0.09943497,-0.12936781,0.50702965,0.5920248,0.424019,0.29433432,0.25347263,0.4591309,0.5153449,0.44483063,0.44135723,0.31257528,0.45451596,0.7381997,-0.09655146,0.20910564,-0.124194935,0.5011297,0.027814021,0.012682053,-0.23810846,0.26748297,-0.2150526,-0.08128413,-0.0018627974,0.16176085,0.31144965,0.21219309,0.35036662,0.08827611,-0.06600459,0.27265096,0.35843256,0.06365516,0.1638966,0.12477794,0.18656492,0.203923,0.19975606,0.25704193,0.26881897,0.26409164,0.3494951,0.14613016,0.12611848,0.16076057,0.13676736,0.42971405
-0.22564335,-0.18538119,-0.035424553,-0.051296253,0.7416744,0.650997,-0.18591456,-0.15377961,0.73747265,0.7461386,0.04159757,-0.068982124,0.21577792,0.006197305,1.0,0.8095865,0.13099644,0.14902598,0.06782337,0.02757077,0.54870754,0.57694983,0.2070096,0.2523077,0.6309768,0.656115,0.61365056,0.6477521,0.53574824,0.34498873,0.15406181,0.053850885,0.0075752554,-0.05308022,0.15351196,0.2449524,0.4352321,0.5469665,0.67138463,0.65336156,0.53111863,0.5757695,0.11368466,-0.082695,-0.35497648,-0.30652717,0.16520698,0.19026236,0.09375711,-0.12948227,0.21043652,0.11402142,-0.14475687,-0.047505904,0.54303986,0.5658838,-0.17316048,-0.20750788,0.10164089,-0.024885908,-0.08379488,0.08115518,-0.22022772,-0.2693628,-0.016855964,0.012504877,0.13259427,-0.0407734,0.039882377,0.008266775,0.27457145,0.32307526,0.19208935,0.4189219,0.55161494,0.19345573,0.29085732,0.24030088,0.1353944,-0.14979973,0.20063585,0.16915743,0.73997176,0.5867163,0.46333036,0.3742128,0.41171527,0.5144972,0.5406966,0.5506987,0.19620629,0.0495546,-0.16186889,0.17411067,0.2931424,0.30341065,0.30178377,0.43078396,0.38340232,0.48018,0.21894301,0.1948746,0.17265525,0.27434257,0.1989577,0.3615481,0.28302824,0.33541346,0.36142263,0.27406397,0.29557163,-0.06510345,0.32674357,0.27906248,0.29763943,0.28184277
-0.263486,-0.13519494,-0.05406024,0.0060284496,0.7139761,0.57367676,-0.10073524,-0.075595796,0.6982063,0.7502831,0.08504493,0.025714055,0.24573949,0.081925325,0.8095865,1.0,0.17989284,0.24869354,0.075105876,0.012593216,0.49831045,0.5276903,0.113744296,0.3097151,0.5821293,0.5959114,0.5863815,0.59187627,0.51022863,0.36189252,0.12528373,0.14190292,-0.035078473,-0.048162345,0.16412893,0.22681247,0.35390112,0.5050221,0.6092357,0.6211359,0.47039238,0.63688874,0.05346889,-0.092371546,-0.40528032,-0.39797756,0.112139635,0.16402857,0.1044111,-0.13889168,0.20951732,0.043896772,-0.26782885,-0.15217352,0.43038538,0.5849549,-0.26826748,-0.20191763,0.023234785,0.014901804,-0.066808686,0.116872005,-0.27174702,-0.20962536,0.020947423,0.00636241,0.1232072,-0.040747035,0.035414644,-0.09054201,0.2176536,0.31175226,0.15305647,0.34969842,0.5115325,0.15771028,0.3594958,0.2637009,0.19200273,-0.20711312,0.25960454,0.3641487,0.7058693,0.76729554,0.40452275,0.58624566,0.32849512,0.528641,0.47478303,0.6509122,0.3192379,0.07769531,-0.23099937,0.25844857,0.21958528,0.25983328,0.24786587,0.45421514,0.37265313,0.5748787,0.3326979,0.27633852,0.28170344,0.4039754,0.3197151,0.5174519,0.35191983,0.4437236,0.3716694,0.2023823,0.26665774,-0.09370453,0.4323857,0.39120534,0.44124112,0.3910911
0.23407257,0.064425014,0.38368854,0.47076392,0.18269333,0.044779435,0.53683454,0.59751505,-0.05172036,0.14475997,0.74642336,0.5481874,0.7749781,0.57992226,0.13099644,0.17989284,1.0,0.6306037,0.26259798,0.082786545,0.3959316,0.318004,0.4375703,0.4280054,-0.16198865,-0.16862376,0.33261478,0.3211599,0.56425697,0.77106005,0.5979937,0.5365352,0.45258403,0.45455647,0.5440933,0.54322976,0.39343145,0.22189741,0.14568998,0.06314102,0.21480238,-0.10356809,0.46070707,0.2980589,0.009983656,-0.019897854,0.49927187,0.3682766,-0.027198423,-0.06191746,0.013182695,-0.10777616,-0.03149009,-0.10333101,0.11155391,0.12014477,0.25330845,0.006449452,-0.26648444,-0.056550704,-0.13176645,-0.13258664,0.20889898,-0.052827626,0.00014464465,-0.06306416,0.4039059,0.19763625,0.01659818,-0.187757,0.65755945,0.55495244,0.5553127,0.5641021,0.2632759,0.35547248,0.7399483,0.620906,0.67418957,0.5157993,0.8035128,0.5511476,0.027829615,0.13382463,0.30307275,0.20838965,0.050409548,-0.134502,0.07113081,0.09666892,0.010376173,0.08002361,0.036060207,0.24726653,0.2904644,0.21427794,0.3797083,0.148855,0.13801119,0.1267535,0.3832535,0.30265045,0.37088963,0.31139198,0.16847166,0.21477449,0.17996916,0.20618992,0.21582845,0.30626994,0.4087599,0.27317515,0.15331572,0.18554445,0.22608842,0.42263305
-0.07368425,-0.07015668,0.13909882,0.23211652,0.28432024,-0.08491339,0.23508245,0.41684645,0.18752268,0.14800224,0.48738486,0.4121525,0.66866213,0.70973337,0.14902598,0.24869354,0.6306037,1.0,0.06409428,-0.060553897,0.22359854,0.26723403,0.019459555,0.42561945,-0.08352242,-0.06534345,0.2617251,0.2075377,0.6015848,0.59189594,0.3086386,0.6027867,0.1356481,0.19345063,0.28518355,0.50884855,0.15097247,0.1555605,0.104542546,0.15432438,0.012881028,-0.023114026,0.20243403,0.21456528,-0.27293998,-0.25512162,0.18674129,0.18002853,0.037778992,-0.16253388,-0.10748565,-0.1308154,-0.29382122,-0.33437604,0.036983937,0.18993025,-0.14754172,0.035542026,-0.21745664,-0.09693327,-0.15963227,0.03726609,-0.25783667,0.105484374,-0.22243318,-0.12906626,0.14914563,0.09610319,-0.024642253,-0.23414461,0.49130258,0.55605227,0.28322837,0.36533254,0.33538634,0.3666413,0.5070153,0.5103185,0.56862706,0.20198691,0.41556635,0.60315746,0.07884002,0.40352476,-0.020390838,0.46621397,0.021432487,0.14951986,-0.045406535,0.32725397,0.05093321,-0.1302444,-0.09839166,0.12371696,0.19394316,0.072767384,0.25306222,0.12613557,0.10636197,0.37287837,0.36682436,0.10700655,0.1923435,0.19512747,0.37009713,0.4088702,0.30942297,0.4618392,0.21798623,0.1496639,0.2288528,-0.0037338838,0.22454515,0.34677175,0.37915695,0.47363785
0.6582118,0.6932097,0.767906,0.8011046,0.1498969,-0.005263765,0.6605025,0.65406245,-0.010970833,-0.03939732,0.4553436,0.5130291,0.2054306,0.29275042,0.06782337,0.075105876,0.26259798,0.06409428,1.0,0.8150333,0.10007398,0.2805008,0.56360555,0.44830057,-0.17899881,-0.18153024,0.19420755,0.1950888,0.093899265,0.25932854,0.22109954,0.13833717,0.77134365,0.6903942,0.6863915,0.517224,0.39030752,0.28493822,0.34047535,0.26749432,0.33456358,0.145088,0.68891674,0.5830918,0.39437643,0.37559605,0.59106976,0.5936897,0.31410292,0.27208903,0.029798234,0.07099154,-0.0008173968,-0.015071046,0.41468164,0.48123845,0.53244144,0.53874075,0.060420044,0.04440739,0.3633237,0.256712,0.501613,0.38096052,0.3498912,0.1614496,0.8065522,0.64318866,0.2906514,0.16307084,0.3475328,0.24245836,0.27075964,0.15366606,-0.038621366,0.06231531,0.2281395,0.066625915,0.034417327,0.21469624,0.39467174,0.15775998,0.10910613,-0.023932923,0.48900172,0.1318562,0.27766573,0.017284239,0.35858575,0.2772262,0.031999674,0.27471712,0.15656975,0.116489306,0.34741494,0.35582063,0.5249755,0.42937163,0.40250278,0.2824774,0.36920267,0.15231411,0.24401668,0.20864756,0.1141679,0.16658363,0.2996877,0.13827015,0.32200503,0.3509398,0.61155576,0.4454347,0.31794962,0.2098221,0.2754891,0.48887622
0.5962047,0.67115045,0.5448474,0.591305,0.13668017,-0.017166523,0.4026754,0.45471513,-0.027728975,-0.041598886,0.21201815,0.25950155,-0.007649519,0.108171016,0.02757077,0.012593216,0.082786545,-0.060553897,0.8150333,1.0,0.095247656,0.22675656,0.30779576,0.19610113,-0.12609522,-0.12109187,0.123469725,0.15740095,-0.035552,0.12367802,-0.045896135,-0.12883551,0.5187336,0.3786987,0.5678756,0.4044602,0.3463911,0.33982134,0.30379534,0.34001848,0.25970703,0.15027699,0.6281205,0.59127563,0.5033298,0.39446267,0.50131565,0.5698389,0.38903728,0.23702969,0.11259649,0.21919182,0.15607773,-0.028154561,0.46795422,0.50280434,0.626712,0.61080545,0.42146143,0.3034497,0.478843,0.2793404,0.46767628,0.4399037,0.35134378,0.18464412,0.7529984,0.74497473,0.533533,0.37862736,0.2002894,0.06644266,0.16563492,0.07140425,-0.12557015,0.00837784,0.056298517,-0.059458442,-0.10825689,0.17002356,0.26433617,0.06804232,0.07666738,-0.09979978,0.46162045,0.08571655,0.35800585,0.04894983,0.3716428,0.21347229,-0.0942479,0.1642928,0.24443403,0.010203689,0.3207621,0.3287663,0.48492134,0.44973257,0.33830512,0.18603975,0.15781394,0.12078564,0.10327986,0.055060703,-0.07680722,-0.04811729,0.12602259,-0.0634017,0.23470211,0.3087443,0.5304018,0.50395954,0.22292542,0.101763025,0.1037518,0.34813005
0.050762247,-0.033042703,0.09171273,0.14252013,0.47698736,0.3704136,0.1494576,0.18416709,0.25129822,0.5289215,0.37841085,0.16482462,0.39273235,0.19025332,0.54870754,0.49831045,0.3959316,0.22359854,0.10007398,0.095247656,1.0,0.7904057,0.19641998,0.13426507,0.25336683,0.23657157,0.5927312,0.69055605,0.52423805,0.5336737,0.306247,0.10083451,0.1472907,0.07453374,0.29385427,0.25733545,0.62981933,0.58660454,0.4575641,0.41954267,0.60050756,0.31367028,0.30523863,0.15918674,-0.13644762,-0.073165976,0.42297253,0.40019304,0.13176626,-0.0431636,0.23455228,0.10546119,0.032782175,-0.21799026,0.4435656,0.33567443,0.17452198,-0.023997229,0.21159394,0.20289189,0.06373687,-0.063134365,0.0504203,-0.16217168,0.14708231,-0.0016467717,0.28440186,0.1982634,0.26270992,0.08669082,0.4347516,0.3532636,0.46384373,0.49664375,0.36527988,0.3111257,0.40186438,0.27774814,0.21055253,0.21453908,0.4881618,0.33492622,0.3109222,0.20620443,0.4287321,0.24475065,0.2992102,0.065916725,0.28591377,0.1370128,-0.01867289,0.083891064,0.054939732,0.08065282,0.5324325,0.45779863,0.48821464,0.4435766,0.1845662,0.15894942,0.12492157,0.3765125,0.25764418,0.29929927,0.016495556,0.049936447,-0.059151847,0.00971828,0.49498236,0.5095761,0.45917886,0.2426473,0.08425163,0.081529595,0.09816929,0.38759083
0.15052226,0.24613862,0.26352558,0.27887195,0.57893234,0.21036346,0.26376876,0.29093087,0.3699628,0.42453748,0.43107435,0.3651284,0.42124736,0.3772525,0.57694983,0.5276903,0.318004,0.26723403,0.2805008,0.22675656,0.7904057,1.0,0.19741082,0.25420624,0.17098324,0.14336605,0.6222769,0.711839,0.58799815,0.51852286,0.22919644,0.18547592,0.29253498,0.25167298,0.3755368,0.33070302,0.58689356,0.57158643,0.5152488,0.44661278,0.6024495,0.4340607,0.39957023,0.25735492,-0.1254704,0.045452107,0.39546883,0.44687384,0.17909373,0.10876173,0.16783178,0.064958386,-0.11242723,-0.2622584,0.45942864,0.44246924,0.13748394,0.21697488,0.11993489,0.08555692,0.10136948,0.025810754,0.06039908,0.081140794,0.14793827,-0.042342216,0.38855702,0.2607453,0.20019227,0.12375555,0.45267707,0.4666554,0.47709075,0.4334898,0.37788674,0.37425786,0.35775608,0.22689338,0.12165638,0.13775931,0.43641177,0.43952098,0.3138695,0.2413699,0.35167754,0.3483485,0.35509542,0.17170049,0.21861587,0.30203465,-0.11449002,0.0799543,0.057354126,0.04203485,0.5153624,0.4636291,0.5144589,0.44855908,0.1567086,0.25504714,0.17992628,0.2436882,0.15323141,0.19033824,0.0012091311,0.062437866,0.044911038,0.091731116,0.49177688,0.47684047,0.5023644,0.21410955,0.12811576,0.06526616,0.061884478,0.43454733
0.5183666,0.20882088,0.6765649,0.60425913,-0.025499485,0.26118293,0.58315897,0.47642148,-0.0482529,0.095585406,0.5708587,0.38841638,0.37989128,0.13833566,0.2070096,0.113744296,0.4375703,0.019459555,0.56360555,0.30779576,0.19641998,0.19741082,1.0,0.5687486,0.050587665,0.05451961,0.09019914,0.10699717,0.1963998,0.40102822,0.6206059,0.27566665,0.7124369,0.67103535,0.53305864,0.37241623,0.38952088,0.28746966,0.27014342,0.14319937,0.33826467,0.07592338,0.46879077,0.30998126,0.25172994,0.18712445,0.5505337,0.4356339,-0.12557375,0.122834064,0.115417056,0.19031405,0.19147572,0.25094807,0.36414284,0.26131448,0.3883907,0.0048234058,-0.24662572,-0.121258415,-0.044437144,-0.02066717,0.46399182,-0.15860543,0.18018633,0.27511296,0.494488,0.20254953,-0.046378676,0.0068938006,0.44470897,0.32169443,0.3471253,0.4138976,0.0962113,0.11867429,0.40254152,0.2645382,0.2662846,0.41211426,0.46574745,0.001014367,0.13080175,-0.059741717,0.59676343,-0.12518688,0.07114398,-0.17996506,0.40467322,0.03682212,0.17053,0.1989956,0.058549445,0.2651692,0.2318135,0.23915227,0.36523867,0.28031015,0.4608272,0.14696744,0.29997167,0.17138827,0.36794963,0.26607302,0.038423218,0.12898934,0.21831106,0.06130686,0.17865698,0.28161225,0.425869,0.37388527,0.21358146,0.13928542,0.2478875,0.2907711
0.2892094,0.25847974,0.5481224,0.56483334,0.3060068,0.03655377,0.49825418,0.53050464,0.28016257,0.09890102,0.5088854,0.5507327,0.47479573,0.5122084,0.2523077,0.3097151,0.4280054,0.42561945,0.44830057,0.19610113,0.13426507,0.25420624,0.5687486,1.0,0.0669214,0.07209053,0.2268967,0.13965474,0.39765096,0.44561946,0.3691452,0.5539421,0.5025537,0.58955425,0.40694487,0.35710314,0.31365922,0.21467821,0.30421707,0.15629438,0.28554973,0.1411093,0.36703548,0.3446477,-0.051649626,-0.04650074,0.33922327,0.38503438,-0.1125635,0.12904535,0.022493547,0.085896045,-0.18482877,-0.009585417,0.20171005,0.33442992,-0.009621242,0.17097574,-0.35368454,-0.1036402,-0.24645036,0.20182693,0.06661962,0.11354776,-0.039701402,0.25849518,0.40291584,0.21195287,-0.1386244,-0.18144262,0.36991286,0.4085507,0.22309111,0.31467164,0.22930002,0.2289119,0.4394281,0.2914695,0.27732155,0.17197846,0.32173276,0.44199777,0.19635049,0.3609091,0.25409457,0.41800433,0.1183293,0.12385276,0.21507208,0.3832612,0.16075869,0.04154277,-0.16497836,0.39750662,0.28420275,0.2101651,0.3649843,0.21786587,0.30704853,0.4254923,0.42477465,0.16059417,0.3569967,0.34249714,0.31546232,0.4586798,0.32491866,0.39696497,0.27649194,0.29422328,0.38695413,0.15427221,0.34169188,0.35744095,0.4178313,0.4582233
-0.32125416,-0.4008913,-0.27477694,-0.31459203,0.4153563,0.5361677,-0.39239755,-0.37934658,0.5703353,0.52845436,-0.23796985,-0.3410093,-0.094581544,-0.29325336,0.6309768,0.5821293,-0.16198865,-0.08352242,-0.17899881,-0.12609522,0.25336683,0.17098324,0.050587665,0.0669214,1.0,0.7690178,0.21065885,0.21393922,0.26343688,-0.001821045,0.02890697,-0.1239219,-0.28493738,-0.3399345,-0.16851681,-0.09466291,0.116881564,0.4207829,0.38017198,0.47676897,0.20407169,0.44016108,-0.21539113,-0.15667288,-0.2935829,-0.33946282,-0.08966628,-0.0038124805,-0.093794994,-0.20427988,0.27936646,0.29413584,-0.06305557,0.08934949,0.35762283,0.3811364,-0.29185104,-0.3752522,0.16176993,0.06771471,-0.085725285,0.05398894,-0.2902799,-0.40856212,-0.069905326,0.086806245,-0.18486884,-0.19802704,0.07440757,0.026055291,0.011466497,0.080824696,-0.042909056,0.16747262,0.34371626,0.041629624,-0.027071226,-0.016725287,-0.041011915,-0.18772249,-0.12684873,-0.11152658,0.47367215,0.4091701,0.25734985,0.18625546,0.18655129,0.42652905,0.42726856,0.3251042,0.36205804,-0.1010129,-0.14674269,0.2348729,0.1094627,0.119312964,0.06059193,0.32667702,0.35039657,0.33421126,0.0053399275,0.22620681,0.14219062,0.17714341,0.09273714,0.20185384,0.1210024,0.14858007,0.13848719,0.11957352,0.015188622,-0.15361021,0.18264018,0.19764423,0.23995155,0.065796204
-0.40686423,-0.48809785,-0.32739034,-0.32270128,0.39864257,0.706815,-0.48041824,-0.43895695,0.5565525,0.6329949,-0.3043903,-0.4306749,-0.13299248,-0.34825635,0.656115,0.5959114,-0.16862376,-0.06534345,-0.18153024,-0.12109187,0.23657157,0.14336605,0.05451961,0.07209053,0.7690178,1.0,0.12568781,0.1589619,0.21494801,-0.041338168,-0.040583406,-0.20892832,-0.2822889,-0.33454266,-0.19787657,-0.09455366,0.0458271,0.3848583,0.3409357,0.5168968,0.21661927,0.53863215,-0.24023539,-0.28198183,-0.35705936,-0.45733455,-0.085155524,-0.0481425,-0.079670265,-0.27686784,0.25177452,0.29850525,-0.02691914,0.06222837,0.36473662,0.39416555,-0.35541493,-0.47493938,0.21076265,0.049483523,-0.09492264,0.04726294,-0.3730294,-0.46366772,-0.11187709,0.14007257,-0.19456251,-0.25512013,0.04066912,-0.028880412,-0.02561766,0.07820175,-0.116609044,0.18861178,0.35724407,0.0021832995,-0.066716105,0.036109183,-0.037560083,-0.2992697,-0.17973144,-0.20830834,0.5512729,0.48023066,0.33938402,0.15222824,0.20885716,0.46060348,0.55340284,0.37884143,0.4964941,0.014256425,-0.11216805,0.25617784,-0.01236695,-0.00789174,-0.01991164,0.29108474,0.47646466,0.44094303,0.05290632,0.21607251,0.14786407,0.24312091,0.19508688,0.3353502,0.2362033,0.25059533,0.037777066,-0.008134148,-0.040921435,-0.17909585,0.28533208,0.3396145,0.38512093,0.0981682
0.005543925,0.20047788,0.154822,0.20952481,0.7687372,0.25452325,0.18761508,0.22174355,0.4854957,0.42797616,0.25676456,0.28943416,0.3035193,0.30947948,0.61365056,0.5863815,0.33261478,0.2617251,0.19420755,0.123469725,0.5927312,0.6222769,0.09019914,0.2268967,0.21065885,0.12568781,1.0,0.87097675,0.45015037,0.39499035,0.057865307,0.18989608,0.14937727,0.12350575,0.29739428,0.28102896,0.5213153,0.34380436,0.56407917,0.4058621,0.5227476,0.2592927,0.30754092,0.13109702,-0.13395284,-0.03906173,0.2625879,0.32339445,0.29274324,0.072433144,0.10716511,-0.19124599,-0.2929309,-0.14849429,0.35125583,0.36820424,0.070146546,0.1657869,-0.022563647,-0.012137939,0.0416943,0.03620061,0.07384505,0.14230867,0.15772668,-0.13162471,0.334459,0.20696573,0.036373988,-0.033939477,0.24688655,0.21514267,0.22360942,0.27722085,0.2559573,0.14007905,0.34548923,0.12231503,0.12962933,-0.05206823,0.36571985,0.46478087,0.51857305,0.42448595,0.23744854,0.47141966,0.44045985,0.27966315,0.20034392,0.4594465,-0.11280175,0.19145429,-0.091675155,0.03811933,0.51442873,0.4707945,0.46344128,0.3428127,0.075929746,0.2925742,0.2776456,0.17154531,0.09289428,0.1511167,0.14769718,0.21759361,0.012437595,0.27847442,0.5673793,0.46541727,0.436406,0.096183635,0.2606481,0.13515645,0.10001467,0.3833336
0.030775217,0.16999121,0.13845529,0.19858858,0.7083203,0.3789127,0.16079263,0.18055457,0.41399187,0.5462351,0.25180906,0.21835366,0.31580618,0.20495477,0.6477521,0.59187627,0.3211599,0.2075377,0.1950888,0.15740095,0.69055605,0.711839,0.10699717,0.13965474,0.21393922,0.1589619,0.87097675,1.0,0.4331121,0.41825855,0.12023449,0.08651555,0.15346952,0.10463559,0.30411726,0.29367706,0.51302874,0.40628785,0.5491405,0.43220496,0.5467493,0.3113836,0.28781885,0.091419116,-0.13160829,-0.004284825,0.3173644,0.2901105,0.26996103,0.040581454,0.14073612,-0.16098887,-0.15167822,-0.20068519,0.3900697,0.35918856,0.15057342,0.12757255,0.09801959,0.04272241,0.12780386,-0.017216038,0.11602389,0.07365855,0.20036812,-0.14071779,0.3239322,0.21509472,0.1387765,0.05007987,0.29242003,0.22209932,0.2873167,0.31302992,0.26660317,0.12724605,0.31121904,0.14248917,0.10070432,-0.014853746,0.39256084,0.36087614,0.50236833,0.3270924,0.34500217,0.34514192,0.45577562,0.24482733,0.25469795,0.34354603,-0.08909006,0.18933609,0.038060613,-0.020966073,0.47615525,0.4103957,0.43908903,0.3962607,0.11537365,0.22451542,0.2539602,0.20579258,0.12392025,0.19434264,0.11801972,0.15610626,-0.0120602315,0.15817544,0.5154696,0.40385067,0.44367018,0.16237798,0.22522657,0.10710126,0.09636447,0.3673843
-0.13544744,-0.098548,0.10342465,0.13181731,0.53221524,0.11980867,0.17332216,0.22008468,0.47193322,0.39897427,0.48735964,0.34535167,0.7169783,0.58240193,0.53574824,0.51022863,0.56425697,0.6015848,0.093899265,-0.035552,0.52423805,0.58799815,0.1963998,0.39765096,0.26343688,0.21494801,0.45015037,0.4331121,1.0,0.70738137,0.43642563,0.51912665,0.13654393,0.14593066,0.26341057,0.37537572,0.43653575,0.462711,0.3726312,0.33473095,0.3257306,0.24701157,0.2594791,0.15275677,-0.39171082,-0.25209442,0.29053438,0.31524134,0.018334692,-0.104883514,0.14544605,0.11991464,-0.24591506,-0.22137775,0.25456816,0.3240029,-0.21569896,-0.0466586,-0.1530243,0.023035677,-0.156437,0.05238765,-0.292943,-0.15803637,-0.099149354,-0.028406337,0.1379856,0.04153147,-0.016725747,-0.095295556,0.6284517,0.78063375,0.62228376,0.6881313,0.68818533,0.66984755,0.64633733,0.61106265,0.5296646,0.1658501,0.5437984,0.5852894,0.25082168,0.41595367,0.17207642,0.46516502,0.12190285,0.2669825,0.09970276,0.3589315,0.047538515,-0.12489252,-0.0892132,0.2418739,0.39422655,0.28454044,0.40940112,0.2934351,0.18910097,0.37750673,0.2567673,0.2857492,0.30435038,0.27887493,0.22904256,0.29121706,0.28523302,0.25433058,0.3667638,0.38305643,0.3810586,0.015887558,0.17584221,0.2738103,0.2596187,0.44525743
0.2224073,0.058991875,0.3488678,0.36950013,0.30796885,0.09657567,0.41817018,0.47973144,0.117130674,0.31244144,0.71071446,0.49317315,0.80784726,0.59204465,0.34498873,0.36189252,0.77106005,0.59189594,0.25932854,0.12367802,0.5336737,0.51852286,0.40102822,0.44561946,-0.001821045,-0.041338168,0.39499035,0.41825855,0.70738137,1.0,0.63427204,0.53201264,0.40749738,0.37900898,0.5432879,0.5499052,0.54832125,0.43373072,0.3172623,0.19890115,0.30785206,-0.021414356,0.49092418,0.30363637,-0.03136679,-0.07538603,0.55215555,0.45881754,-0.0012407003,-0.051729128,0.08125187,0.10055852,0.057429675,-0.10317146,0.26593685,0.26052195,0.22043188,0.014134658,-0.14915556,0.01877072,-0.14542666,-0.11816985,0.10565919,-0.110658765,-0.07026696,0.04609854,0.40474293,0.205947,0.17298174,-0.01490087,0.78425866,0.7113786,0.71301776,0.7753422,0.48893368,0.5948815,0.8028597,0.73633057,0.6545358,0.56613207,0.77507997,0.6382022,0.0900657,0.1993189,0.38644186,0.27004546,0.12792009,-0.0709145,0.11237193,0.15585072,-0.121874005,-0.0031227737,0.10056672,0.2135114,0.36485878,0.3118251,0.48809394,0.24921528,0.12341093,0.12587965,0.24385658,0.23490657,0.32120728,0.30636826,0.031521313,0.112941355,0.19221571,0.09177329,0.22530006,0.39961052,0.50083625,0.2995447,0.07190402,0.091055416,0.1318376,0.38172844
0.22324383,-0.07754696,0.41969925,0.37772897,-0.0633509,0.1866542,0.45157984,0.4284862,-0.091762826,0.18411991,0.64457804,0.3865157,0.68856287,0.34484476,0.15406181,0.12528373,0.5979937,0.3086386,0.22109954,-0.045896135,0.306247,0.22919644,0.6206059,0.3691452,0.02890697,-0.040583406,0.057865307,0.12023449,0.43642563,0.63427204,1.0,0.6245612,0.465095,0.47041318,0.42298132,0.4266831,0.33279967,0.22454625,0.12321565,0.0020592287,0.19215469,-0.06923333,0.32858506,0.18801953,-0.047211893,0.0072761234,0.4661628,0.27415502,-0.19932581,0.014357484,-0.0485398,0.07637448,0.09264049,-0.018429037,0.13569178,0.064209476,0.18843885,-0.1996571,-0.29451212,-0.07926397,-0.19515735,-0.09269926,0.1806107,-0.30772898,-0.043478526,0.111052565,0.24662682,0.01499826,-0.011032623,-0.038812052,0.67833287,0.53879374,0.55859375,0.567372,0.32419008,0.3555415,0.5366659,0.5114471,0.5246255,0.4733248,0.57253915,0.17588855,-0.017189153,-0.03267977,0.3870556,-0.08714168,-0.068109736,-0.22124596,0.14767542,-0.11999645,0.13731334,0.11562202,0.112624,0.2207298,0.21339507,0.12945849,0.29475605,0.14223573,0.26463553,0.034000684,0.35728422,0.27164713,0.41887096,0.32372114,0.12980653,0.13654119,0.270724,0.05664575,0.10156851,0.21860147,0.3826045,0.22247222,0.11365666,0.12850972,0.21155782,0.27125716
