1.0,0.390466,0.5225584,0.29851258,0.18514268,0.542444,0.58006907,0.34848258,0.013343458,0.54658586,0.5207632,0.39053336,0.3754834,0.23131856,0.26969278,0.58352035,0.57359785,0.30265665,0.3612002,0.6461717,0.30980235,0.18381299,0.51409066,-0.10088835,0.040958215,-0.42873982,0.19905469,0.3445064,0.46666414,0.49188858,0.52338856,0.0976832,0.5056305,0.5094887,0.36470178,0.34363884,0.16438918,0.15613616,0.18789095,0.07348057,0.027079737,0.25471225,0.12354986,0.23255493,0.023100164,0.028721415,0.2118409,0.07934306,0.036455214,0.104150176,0.35572144,0.23651838,0.4098197,-0.2892064,0.2504951,-0.07088176,0.7121732,0.22391589,0.18101503,-0.08007743,0.41515765,0.09505057,0.29048926,-0.11808716,0.12672393,0.08564299,0.4132787,0.13128547,-0.21151803,0.30959842,0.41380748,0.14370698,0.34593374,0.27870232,0.0484025,0.16033019,0.40264982,0.2314865,0.43670064,0.28139108,0.6108899,0.29505655,0.34790578,0.21220532,0.4681936,0.07984803,0.018573077,-0.10678076,0.3189029,-0.06863666,0.21103723,0.008212574,0.13571128,-0.1631532,0.14939353,0.09267889,0.21848363,0.1642905,0.19310334,-0.21905509,0.09903748,0.023803256,0.22129986,0.039970867,0.06146137,-0.22434025,-0.12541404,0.021864329,0.24863586,0.29658493,0.22876205,0.44205096,0.04095731,0.31394485,-0.31906092,0.01698517
0.390466,1.0,0.3161578,0.50325584,0.41743174,0.1673509,0.4705004,0.32809588,0.48931453,0.22533707,0.36778915,0.3884609,0.25998136,0.33338425,0.5442133,0.27426085,0.35637018,0.62926114,0.63763446,0.49847016,0.3521938,0.32840165,-0.081269294,0.36425823,-0.3446648,-0.20254824,-0.20148227,0.40656772,0.5368212,0.4042711,0.30822083,0.36281645,0.36487043,0.47379085,0.45252222,0.557363,-0.19972351,0.18644196,0.17396604,-0.20113102,-0.15431519,0.376116,0.1000223,0.26397303,0.038067326,0.095076285,-0.07591628,0.3401734,0.03786204,0.14829452,0.13492997,0.27223805,-0.23272309,-0.066827126,-0.025273072,0.15354837,0.53303546,0.7385464,0.1445194,0.046536572,0.13586985,0.5112512,-0.033733048,0.49831823,0.32670662,0.31327072,0.38385278,0.5623774,-0.11335233,0.15053412,0.4121877,0.3952321,0.29170716,0.38903174,0.17870843,0.34359264,0.32965335,0.3347503,0.13207473,0.16621953,0.29582405,0.57359385,0.24119855,0.2027474,0.13184553,0.4628017,-0.025004506,-0.029394219,-0.009515118,0.09691624,-0.047298696,0.24210873,-0.25979584,0.17356065,-0.048536945,-0.014784307,-0.05040956,0.26875383,0.005125181,0.23401761,-0.045997936,0.13011098,0.060860194,0.34693846,-0.20779613,0.19371456,-0.09897842,-0.040163368,0.18007484,0.25353792,0.41390222,0.1711978,0.14833266,0.41872025,-0.043143623,0.10711039
0.5225584,0.3161578,1.0,0.72085565,0.4367166,0.54149663,0.8268944,0.58610666,0.33335423,0.5467182,0.65756196,0.48964995,0.61733955,0.4205619,0.5086774,0.5540933,0.5444477,0.3717509,0.5606432,0.66975856,0.37472576,0.25279558,0.57800674,0.3343222,-0.17388453,-0.268083,0.18615347,0.40086406,0.53590804,0.52686423,0.6293239,0.42559817,0.49958,0.599653,0.2865449,0.48239827,0.34130853,0.4116956,0.3817648,0.2589052,0.1367185,0.23894565,0.31899676,0.20686238,-0.06448528,-0.054862726,0.18344122,0.3842069,0.061396018,0.19908932,0.17054719,0.21601883,0.080506474,-0.1240977,0.4026558,0.23991895,0.4118291,0.34257612,0.29977822,-0.10897024,0.24718727,0.19123593,0.13335836,0.019264665,0.13591637,0.21025042,0.4276857,0.34049186,-0.069846556,0.33906376,0.4879271,0.3306876,0.38975888,0.31001753,0.078542225,0.2697684,0.46771884,0.25095075,0.6035882,0.32998195,0.6554909,0.46206054,0.5392993,0.42176405,0.63066643,0.30559647,0.23551446,0.23570499,0.41591462,0.22866978,0.08719743,0.12001853,0.027148841,-0.18609701,0.33423483,0.22601858,0.19888934,0.36947334,-0.015013586,0.036799546,0.13508743,-0.010188055,0.37717247,0.19091667,-0.018307833,0.18708229,-0.03430081,0.26392487,0.1748411,0.48791438,0.4976945,0.36624977,-0.023058582,0.36077714,-0.121803224,0.05620309
0.29851258,0.50325584,0.72085565,1.0,0.5222875,0.26173246,0.73352116,0.7020469,0.61694,0.27948144,0.5527691,0.54255855,0.4946357,0.5357739,0.6752547,0.26727012,0.38843906,0.5778028,0.7141814,0.43437743,0.41931498,0.3552547,0.16591942,0.6702898,-0.42397907,-0.13677368,-0.080152035,0.48043406,0.64080137,0.42234865,0.48531896,0.64795256,0.4391056,0.5703259,0.29410058,0.5916181,0.079390176,0.3941704,0.29773182,0.06995947,0.050242376,0.24354963,0.23299913,0.24115351,-0.0792493,0.021496825,-0.022911424,0.6220154,0.1144896,0.13346443,0.11910893,0.26277316,-0.2956664,-0.043833088,0.14843227,0.38577035,0.22661717,0.60000885,0.16233058,0.018804835,0.0010360237,0.3641718,-0.0816782,0.3910469,0.26246944,0.3326415,0.40877137,0.5579143,-0.010742138,0.15412974,0.55213237,0.5625709,0.42167416,0.39046454,0.22110371,0.37753433,0.35946456,0.35026148,0.31622303,0.25748092,0.42226923,0.6647137,0.38301748,0.36007047,0.35852545,0.5914992,0.12374784,0.26358083,0.13907422,0.4173168,-0.0683069,0.3681284,-0.3169798,0.08143314,0.21340702,0.16891706,0.017802754,0.48848802,-0.18027598,0.33961847,0.03459589,0.102306515,0.13468684,0.32058096,-0.29648098,0.3450651,-0.09705318,0.15604767,0.15515181,0.4781125,0.61040944,0.22517115,0.00858971,0.38673702,-0.005500023,0.107770786
0.18514268,0.41743174,0.4367166,0.5222875,1.0,0.1998067,0.4141994,0.47731954,0.62124896,0.23233129,0.406924,0.3880267,0.41954723,0.49500826,0.69350404,0.31832036,0.3012573,0.45307267,0.53296316,0.45900425,0.46042374,0.48451582,0.10542713,0.5658661,-0.025457807,0.2699412,0.3282615,0.5108186,0.51536864,0.42623124,0.3746097,0.38527116,0.28649795,0.4313638,0.1780936,0.33601573,0.11934242,0.39575154,0.48055854,0.10143879,0.29312417,0.26268846,0.12639974,0.33445004,0.074829124,-0.09880867,0.021093892,0.40640163,0.16966948,-0.08844264,0.112778485,0.2381629,-0.25489733,0.014790229,0.141761,0.31832218,0.17834964,0.49174705,0.0075393827,0.08273419,-0.07445107,0.3569983,-0.103117146,0.3650178,0.119316235,0.30256867,0.17542665,0.43466872,0.09514586,-0.110931315,0.31938058,0.33364493,0.22211835,0.24852529,0.0034232745,0.25916642,0.34774682,0.24404201,0.090021126,0.28654936,0.29556262,0.5612475,0.591734,0.5178017,0.26454172,0.4423029,0.11851464,0.12121418,0.09542201,0.28394753,0.018883595,0.21239173,0.008163852,0.09931792,0.07913306,0.10644087,-0.010992889,0.28758407,-0.03181252,0.2968352,-0.07599916,0.16374184,0.25027278,0.40127802,-0.07387905,0.4213387,0.18302523,0.13862424,-0.00731493,0.33950102,0.5182072,0.3470867,0.10675859,0.13224879,0.013715074,-0.042856965
0.542444,0.1673509,0.54149663,0.26173246,0.1998067,1.0,0.57121295,0.34747934,0.09998921,0.8610631,0.4245495,0.30968744,0.45880297,0.15352601,0.3718228,0.78617185,0.34578222,0.13865627,0.28470913,0.5771125,0.5142456,0.36421627,0.54830414,-0.14593327,-0.062322058,-0.5105978,0.2930374,0.5237494,0.36096337,0.5604745,0.5565958,0.09157951,0.2821027,0.28379416,0.26986483,0.31408277,0.40816274,0.24390328,0.3409202,0.36716396,0.33818823,0.36568037,0.26102042,0.08627739,-0.1155182,0.005676915,0.13482438,0.09912247,-0.02699474,0.23609164,0.09990517,0.22187154,0.39588684,-0.103583075,0.42979187,0.021527544,0.5779923,0.16343325,0.305982,-0.10590452,0.5670918,0.15214553,0.29183608,-0.21788003,0.1008947,0.23493432,0.54476917,0.15421921,-0.1778521,0.50787574,0.3678723,0.21209669,0.4580102,0.31727958,0.15377234,0.112446435,0.51824945,0.25466365,0.61147606,0.15621793,0.67941934,0.2336973,0.49857453,0.2929431,0.5467428,0.053059377,0.15880974,-0.026879136,0.453936,-0.067389734,0.13948691,-0.11273748,0.242306,-0.29571632,0.26963255,0.34039778,0.29012787,0.19511081,0.18091454,-0.286434,0.10813215,-0.02512216,0.37204626,0.022265691,0.07501543,-0.2506914,-0.17231606,0.23777105,0.12961483,0.23759311,0.1885528,0.46816623,-0.13889761,0.36700186,-0.1779767,-0.06609006
0.58006907,0.4705004,0.8268944,0.73352116,0.4141994,0.57121295,1.0,0.6830394,0.44312322,0.5626012,0.7169711,0.5899031,0.72605354,0.51733273,0.60142624,0.5538076,0.5219665,0.46380997,0.629987,0.64485127,0.45892984,0.37840322,0.45696315,0.3543356,-0.32622397,-0.37417442,0.013957919,0.47394782,0.65586513,0.5885797,0.68312514,0.5159412,0.5179242,0.6354591,0.43355036,0.6019536,0.24162565,0.40052375,0.3344625,0.17268932,0.04552611,0.30259967,0.2848414,0.24585785,-0.17579353,0.07248284,0.15294726,0.47722912,0.05527761,0.2501526,0.23774987,0.27009547,0.03183985,-0.087466866,0.3516773,0.26586235,0.4831011,0.4335764,0.29994366,-0.04453575,0.30715212,0.28936216,0.03698993,0.07814932,0.18859406,0.32967857,0.5811321,0.48514414,-0.11972135,0.36977124,0.59843016,0.46871316,0.4952625,0.46937287,0.24361423,0.36647108,0.5590668,0.43305388,0.5987127,0.33955383,0.7164294,0.6155168,0.46112564,0.3552134,0.6104647,0.40228808,0.21702479,0.21862763,0.38228005,0.23617297,0.020156594,0.24400738,-0.097404554,-0.04250827,0.27108422,0.18845357,0.16266468,0.4375269,-0.04012402,0.07636747,0.13931993,0.019053468,0.29137394,0.31884187,-0.157772,0.14157395,-0.16206066,0.25068408,0.16078074,0.47502938,0.5501523,0.34887984,-0.055271864,0.47842717,-0.0077753463,0.047028735
0.34848258,0.32809588,0.58610666,0.7020469,0.47731954,0.34747934,0.6830394,1.0,0.49631587,0.4163932,0.6088821,0.7495316,0.6600071,0.79742837,0.5332789,0.4482057,0.32299688,0.51538724,0.5387894,0.4328634,0.31690186,0.401993,0.42206678,0.5011114,-0.1806719,-0.0755069,0.136171,0.32571867,0.5456058,0.59946793,0.7150761,0.6940331,0.5124194,0.633915,0.33612955,0.45152864,0.20498222,0.46540275,0.29188192,0.1706332,0.09782145,0.3577898,0.2517264,0.28756273,-0.066022426,0.04189809,0.15755327,0.49110115,0.13154952,0.16846818,0.15438753,0.14737402,-0.051486135,-0.027747622,0.16839199,0.32607794,0.17942342,0.28923365,0.01450392,0.052249417,0.055499624,0.23741284,0.005093348,0.059882935,0.095529996,0.16525234,0.37935427,0.36518407,0.0057074768,-0.005616832,0.5837617,0.5126733,0.34686968,0.5332191,0.32677048,0.5042793,0.49362415,0.53181,0.30685455,0.36492816,0.49554113,0.6292332,0.39191797,0.42940897,0.43198866,0.5199967,0.12573758,0.24252672,0.20843121,0.3703019,-0.12229747,0.3035751,-0.06557204,-0.021661755,0.2419218,0.13865252,0.10112779,0.40932977,-0.0142687755,0.21793309,0.006290321,0.16601595,0.19357583,0.34759682,-0.111720406,0.18227138,-0.083395764,0.20521362,-0.009083526,0.43047085,0.44822064,0.28961885,-0.080225594,0.31227446,0.031212693,-0.07586747
0.013343458,0.48931453,0.33335423,0.61694,0.62124896,0.09998921,0.44312322,0.49631587,1.0,0.12570287,0.36521223,0.41514283,0.37932846,0.5070008,0.8189677,0.11920524,0.21397002,0.53297627,0.7002062,0.21680099,0.44466078,0.5894606,-0.17584455,0.7835973,-0.40851724,0.14910053,-0.14364266,0.49818516,0.5757728,0.26376584,0.2926863,0.58753115,0.33546942,0.4343188,0.4252117,0.5954556,0.012521563,0.2821457,0.35384548,-0.036927294,0.16106243,0.23865993,0.20606053,0.2984256,-0.06495745,0.10853775,-0.037832983,0.68608266,0.07195352,0.10154495,0.048963133,0.15984973,-0.5495002,0.22887011,0.05050231,0.5627364,0.025236053,0.6393965,-0.011576401,0.19550298,-0.059213758,0.48770955,-0.35748303,0.58729786,0.2531948,0.4429616,0.37484592,0.6704695,0.1703481,-0.041597623,0.36780694,0.4434364,0.21852107,0.26993227,0.2780368,0.3171679,0.30296326,0.4476044,0.00029383527,0.11178457,0.21030311,0.71984816,0.4000491,0.44790903,0.07263772,0.70461017,0.11566839,0.316534,-0.04218304,0.52626055,-0.29543695,0.47077516,-0.3852125,0.42953667,0.1863854,0.21307626,0.062664516,0.5906201,-0.038672075,0.5899644,-0.033673666,0.19065249,0.036980692,0.45469493,-0.25960743,0.51186526,-0.053211115,0.22794136,0.18897718,0.4004718,0.57993543,0.11956789,-0.093400165,0.25246492,0.29844773,0.1751481
0.54658586,0.22533707,0.5467182,0.27948144,0.23233129,0.8610631,0.5626012,0.4163932,0.12570287,1.0,0.45312333,0.40020993,0.4514778,0.2810204,0.388023,0.86403286,0.38727233,0.22453688,0.34026742,0.66185915,0.5349257,0.40518713,0.6015175,-0.100621134,-0.002659057,-0.45415622,0.33984298,0.46958295,0.35263175,0.6483087,0.5983792,0.13895603,0.34052446,0.3445107,0.2885375,0.34809548,0.40499085,0.2778218,0.35716256,0.32724452,0.3390298,0.4294348,0.3439338,0.100288674,-0.08252217,0.017410362,0.1613938,0.098936245,-0.021472972,0.2939431,0.0970881,0.14073975,0.37243542,-0.07053852,0.40957052,0.031647485,0.5635047,0.16722964,0.2760243,-0.085554525,0.53320485,0.16092023,0.3077484,-0.1980627,0.11337597,0.2142701,0.526777,0.18197982,-0.20748585,0.4412042,0.34786084,0.18944821,0.38466713,0.3769148,0.10091471,0.19221467,0.5626914,0.31415883,0.59986633,0.21505201,0.67193604,0.26779586,0.5201777,0.34700176,0.55814075,0.13871601,0.1722524,-0.02169278,0.43170932,-0.03659713,0.09634692,-0.13112701,0.29326427,-0.29856354,0.29932234,0.31555915,0.29957485,0.19910575,0.23426658,-0.23342507,0.15182307,0.014896766,0.47372082,0.070139356,0.1789981,-0.14765391,-0.06685967,0.27066612,0.14310591,0.24256025,0.2191586,0.46523145,-0.073988564,0.2835643,-0.13620421,-0.05116062
0.5207632,0.36778915,0.65756196,0.5527691,0.406924,0.4245495,0.7169711,0.6088821,0.36521223,0.45312333,1.0,0.5981843,0.7710795,0.536754,0.48418364,0.5316244,0.66472673,0.4765599,0.46363264,0.64906853,0.3671728,0.44135213,0.49682567,0.2801424,-0.054529306,-0.09195703,0.2021033,0.32114306,0.6156996,0.65387255,0.7166844,0.54732955,0.5049738,0.64680785,0.37072682,0.44724944,0.35479996,0.403194,0.36872512,0.13869092,0.14194095,0.31730497,0.17030957,0.14319877,-0.013667371,0.04194236,0.26677695,0.3987818,0.22731371,0.25873753,0.26641485,0.26146042,0.08593926,0.009236102,0.36909246,0.27173474,0.39767832,0.2624232,0.15438281,-0.08516227,0.15312827,0.19808239,-0.04196542,-0.039309777,0.08684729,0.14143378,0.33229774,0.30251557,-0.1397741,0.24905385,0.56827754,0.42689788,0.37172312,0.53248465,0.21968351,0.45185092,0.6304571,0.5340828,0.52241385,0.37617818,0.6933052,0.5135605,0.4944691,0.41380927,0.58360857,0.37361428,0.22426836,0.16141671,0.40840217,0.26645944,-0.0069497707,0.16212942,0.01493666,0.0040311147,0.29648885,0.067820504,0.23619159,0.35169452,0.08761492,0.10693632,0.11191316,0.16138391,0.31284323,0.3287305,-0.0071589556,0.11463579,0.028217115,0.2295856,0.03274868,0.43910402,0.40100846,0.38074178,-0.04019155,0.27047384,0.014692799,-0.03872335
0.39053336,0.3884609,0.48964995,0.54255855,0.3880267,0.30968744,0.5899031,0.7495316,0.41514283,0.40020993,0.5981843,1.0,0.54221684,0.81511927,0.4652389,0.46377978,0.34394002,0.6875191,0.53288627,0.44405502,0.26330656,0.39738968,0.37666065,0.41559976,-0.11880696,-0.055009745,0.17252518,0.33946744,0.4860559,0.65184647,0.66945285,0.6512789,0.6246654,0.7149029,0.33545783,0.4271055,0.055902414,0.30398074,0.18247534,0.06998837,-0.018033233,0.23425767,0.1778041,0.272905,-0.06242946,0.114496596,0.0933626,0.43019983,0.05454873,0.16917329,0.20883822,0.12282317,-0.040209852,-0.009328837,0.08571712,0.22389628,0.25575188,0.26107478,0.005077141,-0.009661296,0.14694908,0.1979719,0.09786236,-0.038485713,0.037097704,0.16326265,0.31288773,0.289717,-0.10247524,-0.033956066,0.62780976,0.55874556,0.3001662,0.5690337,0.20316383,0.51324755,0.5184777,0.553641,0.30064994,0.4852943,0.40211836,0.60929036,0.34938642,0.4953944,0.34177813,0.3984759,-0.0058508697,0.17047343,0.107338265,0.23635988,-0.07444129,0.22481933,-0.011708528,-0.05780443,0.18329939,0.19538428,0.07134123,0.37142894,0.037525624,0.22382745,0.109096795,0.0668465,0.21470597,0.36709303,-0.06304249,0.18172556,-0.09012178,0.24763767,0.10575111,0.41970724,0.41576892,0.35834545,-0.17274693,0.28153637,-0.012113831,-0.014919924
0.3754834,0.25998136,0.61733955,0.4946357,0.41954723,0.45880297,0.72605354,0.6600071,0.37932846,0.4514778,0.7710795,0.54221684,1.0,0.57753026,0.4487825,0.50751525,0.5092613,0.34649846,0.32593843,0.50586414,0.29927814,0.34724745,0.47269645,0.23782831,-0.11186625,-0.11499096,0.15914463,0.27727747,0.58988625,0.6272752,0.7135899,0.50806004,0.33817628,0.5102792,0.29831174,0.33718115,0.41038612,0.4885762,0.3606958,0.24247961,0.16486228,0.33041173,0.17316529,0.2120677,-0.18759216,0.059525374,0.21783727,0.34846613,0.11747721,0.18006574,0.15101653,0.18675895,0.091159545,-0.026070444,0.36071968,0.21723408,0.30188212,0.17609094,0.15486193,0.010981105,0.13254195,0.15098916,-0.07272185,-0.10975815,0.09680769,0.14758344,0.32779694,0.2838765,-0.029257247,0.22801666,0.5417049,0.39008275,0.42255053,0.52481854,0.35720506,0.42575234,0.5912812,0.483475,0.53885645,0.3918719,0.6859484,0.46801484,0.42550147,0.38196433,0.54756707,0.27289322,0.23896746,0.16008605,0.3691858,0.16929628,0.016423594,0.16627918,0.076970555,-0.038517218,0.19983414,0.06076001,0.1666277,0.29987666,-0.027513927,0.035972323,0.038770635,0.08993494,0.34070727,0.3576454,-0.023642544,0.104295656,-0.071280815,0.27201787,-0.049606718,0.33840138,0.33883378,0.29511264,-0.06765325,0.36652467,0.12550469,-0.10279315
0.23131856,0.33338425,0.4205619,0.5357739,0.49500826,0.15352601,0.51733273,0.79742837,0.5070008,0.2810204,0.536754,0.81511927,0.57753026,1.0,0.48978993,0.3953508,0.23870003,0.58655405,0.5085997,0.38410848,0.22583356,0.40146744,0.2986134,0.51342803,-0.09405936,0.11683,0.17277181,0.20443973,0.43674347,0.605119,0.62072724,0.659597,0.5053623,0.62920064,0.31719393,0.36817455,0.1293231,0.43179297,0.2862729,0.09920959,0.0374538,0.27903765,0.18400407,0.25759673,-0.008871852,0.045889527,0.13799861,0.4529571,0.11403197,0.15114473,0.12683314,0.054063473,-0.14268404,0.03716698,0.11030271,0.29383188,0.122179285,0.22897188,-0.105979465,0.007921193,0.009779723,0.22960672,-0.064775676,0.0754783,0.05490442,0.14780635,0.22518604,0.341918,0.015750986,-0.16451707,0.4813535,0.43140766,0.1862299,0.5250265,0.23195566,0.52080613,0.45719895,0.5163316,0.19347201,0.45364377,0.34940472,0.6329248,0.37719542,0.5257222,0.33776653,0.5044924,0.08951725,0.2331568,0.12639605,0.33717385,-0.14737302,0.25615478,-0.044696607,0.037411712,0.1892204,0.12265436,0.048736222,0.35350853,-0.015012575,0.2879022,0.048203878,0.09754115,0.24755521,0.44924968,-0.07082377,0.32007727,0.019102518,0.2603103,-0.014553507,0.37319386,0.41999754,0.24593778,-0.055977527,0.17462587,0.1283088,-0.08977766
0.26969278,0.5442133,0.5086774,0.6752547,0.69350404,0.3718228,0.60142624,0.5332789,0.8189677,0.388023,0.48418364,0.4652389,0.4487825,0.48978993,1.0,0.38383734,0.35145086,0.5531308,0.7828778,0.4366659,0.65910614,0.6460157,0.021532504,0.65876627,-0.4085073,-0.082950175,0.003996424,0.69422156,0.6667224,0.4327166,0.41651922,0.4940381,0.4100173,0.48349434,0.43592244,0.6223329,0.12598504,0.31389138,0.44479167,0.052815266,0.29094037,0.26795977,0.25915593,0.30556396,-0.10159368,0.11440594,-0.026250685,0.63303274,0.046211056,0.1587845,0.09282751,0.2609551,-0.35916737,0.19878061,0.15926951,0.4770752,0.25952303,0.6688718,0.15312755,0.10252666,0.1582759,0.54168034,-0.15952134,0.5000321,0.23719925,0.5251047,0.5256577,0.6726567,0.019563463,0.14151655,0.42164555,0.44959006,0.3206329,0.30559197,0.1562506,0.2872834,0.37202752,0.42350757,0.23632085,0.18557908,0.4094668,0.744368,0.5844018,0.49773815,0.27194098,0.6425588,0.14437379,0.25791925,0.11836334,0.44689244,-0.16870011,0.37257257,-0.28658962,0.29560158,0.21104923,0.29111245,0.09952205,0.555975,-0.0057454575,0.4096965,0.01587694,0.17596647,0.17205499,0.39319187,-0.23348576,0.3724521,-0.051215127,0.27854308,0.22037108,0.42519432,0.5975701,0.33904526,-0.10361245,0.28278026,0.0884431,0.10518326
0.58352035,0.27426085,0.5540933,0.26727012,0.31832036,0.78617185,0.5538076,0.4482057,0.11920524,0.86403286,0.5316244,0.46377978,0.50751525,0.3953508,0.38383734,1.0,0.43710807,0.28292373,0.34674385,0.7370526,0.46263874,0.38942376,0.6446436,-0.08198944,0.08337981,-0.34653023,0.41869387,0.3827377,0.3613131,0.7425993,0.6569391,0.14560781,0.3985697,0.43753663,0.32427064,0.31484696,0.45631498,0.41456184,0.45604476,0.38496238,0.33382314,0.5063343,0.31255972,0.13988087,-0.035965096,-0.025876284,0.24501972,0.09122462,0.0472784,0.2910155,0.10467376,0.13672684,0.40538305,-0.08442582,0.46152857,0.060615864,0.5957735,0.1321167,0.21641664,-0.15123303,0.47828957,0.18114014,0.2656889,-0.21859749,0.11889505,0.1509569,0.47829047,0.16727223,-0.213155,0.367675,0.33933645,0.14255822,0.3292497,0.41988137,0.06672036,0.26586846,0.6021003,0.34527782,0.5749597,0.31847733,0.68821955,0.31787685,0.5942965,0.47689486,0.6050815,0.15922754,0.19532381,-0.003994791,0.5103207,0.008973638,0.13119425,-0.1362857,0.36306897,-0.3399591,0.3074853,0.31646892,0.33207566,0.18746473,0.27104095,-0.21504185,0.15667738,0.026261324,0.54190356,0.1336419,0.24128371,-0.06752688,0.070692495,0.28704712,0.10975944,0.29812604,0.23145828,0.53790253,-0.019119132,0.28489643,-0.15141849,-0.091355644
0.57359785,0.35637018,0.5444477,0.38843906,0.3012573,0.34578222,0.5219665,0.32299688,0.21397002,0.38727233,0.66472673,0.34394002,0.5092613,0.23870003,0.35145086,0.43710807,1.0,0.52003276,0.29512408,0.5799058,0.31813622,0.24611533,0.38873354,0.0939825,0.090580516,-0.08564448,0.24663049,0.31190836,0.60371375,0.5061379,0.4620466,0.30146238,0.3659739,0.43536943,0.33881494,0.4623591,0.31457692,0.2616331,0.3742105,0.07460568,0.251211,0.31197828,0.16036789,0.26585594,-0.019025253,-0.01913289,0.23890612,0.21502511,0.17678553,0.0978185,0.109012894,0.2262829,0.028467864,-0.09938438,0.33868137,0.17729953,0.44018567,0.26842114,0.17254382,-0.0346408,0.09433652,0.0788041,0.12719703,0.026481355,0.1439454,0.12640002,0.28644833,0.22664158,-0.121778525,0.27395183,0.48779145,0.29275292,0.41897303,0.32347384,0.22038612,0.35018265,0.5055922,0.39075717,0.49608198,0.47712725,0.58848625,0.30082956,0.40990293,0.28977263,0.3803764,0.19342671,0.16567457,0.04342142,0.31968188,0.120767176,0.1605077,0.04759412,0.11047988,0.045310117,0.25515783,0.10222783,0.295371,0.28200436,0.25064886,0.1366523,0.099142924,0.15138538,0.28361818,0.15371,0.1448588,0.1310278,0.054489307,0.17792626,0.24682672,0.34209105,0.29744774,0.2901902,-0.059758022,0.20764643,-0.09757026,0.1076257
0.30265665,0.62926114,0.3717509,0.5778028,0.45307267,0.13865627,0.46380997,0.51538724,0.53297627,0.22453688,0.4765599,0.6875191,0.34649846,0.58655405,0.5531308,0.28292373,0.52003276,1.0,0.55931044,0.38122633,0.40334556,0.38309303,0.013152948,0.48868996,-0.20332901,0.018138232,0.022063345,0.45439035,0.5957358,0.5676008,0.40695328,0.59708095,0.44423142,0.5419768,0.3296489,0.5478418,-0.12731738,0.20701836,0.18873662,-0.13437662,-0.015365583,0.26475236,0.07139666,0.2888141,-0.026325842,0.039340943,-0.118819356,0.42270455,0.058776367,0.0544346,0.03739299,0.20086597,-0.3742574,-0.031481825,-0.054411683,0.23916757,0.2811578,0.5117686,0.031178074,0.047362503,0.019812023,0.28294387,0.00963246,0.3054718,0.17111348,0.31871286,0.27306786,0.4669328,-0.14496644,-0.058598123,0.6020959,0.62407815,0.37332484,0.5234212,0.22268511,0.5226666,0.4225567,0.5025395,0.19859765,0.5475131,0.2515761,0.61097145,0.24497667,0.3573405,0.09701318,0.4624689,-0.07192725,0.087616354,-0.05239045,0.23081402,-0.018065214,0.28766045,-0.16740605,0.08786217,0.061953943,0.09642375,-0.034669906,0.35824904,0.026589936,0.4185634,0.09773744,0.13395694,0.06466519,0.33451152,-0.15370572,0.33757666,-0.09707703,0.1569028,0.20998256,0.34510744,0.44866434,0.23128287,-0.09918276,0.25353277,-0.006624039,0.11009339
0.3612002,0.63763446,0.5606432,0.7141814,0.53296316,0.28470913,0.629987,0.5387894,0.7002062,0.34026742,0.46363264,0.53288627,0.32593843,0.5085997,0.7828778,0.34674385,0.29512408,0.55931044,1.0,0.5156836,0.48141667,0.57872844,0.102072455,0.6624949,-0.399978,-0.13746597,-0.064563215,0.5633644,0.5538147,0.350205,0.40520775,0.5123948,0.6000176,0.6094444,0.5200661,0.6596945,0.012464811,0.2314343,0.31303608,-0.028033897,0.08133457,0.26158085,0.2604643,0.2685833,0.015338111,0.058270726,0.04266409,0.6069155,0.013325326,0.28675807,0.24094436,0.20395125,-0.30265656,0.1810876,0.10765406,0.42687908,0.34025887,0.6965308,0.09310704,-0.009692114,0.26890057,0.58076584,-0.07072925,0.5066467,0.18654428,0.41738993,0.56713897,0.62815344,-0.020658994,0.070157,0.4202684,0.42488196,0.20051599,0.28934526,0.09570819,0.32903975,0.3223836,0.36405146,0.20038565,0.08183758,0.37345526,0.728998,0.49804166,0.48050898,0.3449837,0.6926271,0.077813774,0.2986941,0.11801967,0.49184045,-0.2654989,0.37483835,-0.3631691,0.25709033,0.2754548,0.2902217,0.1285361,0.54137313,0.0052662864,0.38860533,-0.007339785,0.1320008,0.2070851,0.44402894,-0.19804348,0.34068224,0.01481189,0.21420957,0.2541206,0.47498304,0.5752952,0.31199506,-0.038245223,0.27716053,-0.010602778,0.13937117
0.6461717,0.49847016,0.66975856,0.43437743,0.45900425,0.5771125,0.64485127,0.4328634,0.21680099,0.66185915,0.64906853,0.44405502,0.50586414,0.38410848,0.4366659,0.7370526,0.5799058,0.38122633,0.5156836,1.0,0.4226778,0.389315,0.5910487,0.10396921,0.050013173,-0.22829063,0.32322428,0.3680564,0.41832116,0.6215042,0.61712706,0.23746535,0.43519428,0.5597431,0.33266997,0.45007262,0.28745016,0.3511543,0.39132044,0.14242488,0.15948892,0.4177011,0.21177112,0.13358624,0.019218778,-0.11237157,0.22232144,0.21073501,0.1911671,0.27211982,0.24025966,0.2168447,0.24735291,-0.14287198,0.4043968,0.06183451,0.6840714,0.3731166,0.20444672,-0.11449805,0.3640353,0.24331586,0.14333665,0.022211786,0.14305054,0.123016484,0.4444075,0.32396144,-0.2090018,0.32564628,0.34539667,0.1582765,0.2936653,0.34976393,0.004947641,0.23160228,0.54913837,0.22409886,0.5337028,0.31060666,0.6621878,0.38615116,0.581115,0.40310374,0.60124993,0.27641657,0.22680087,-0.0745073,0.45765054,0.03926648,0.10295023,-0.056772593,0.17998867,-0.20945783,0.20703988,0.09313724,0.18613872,0.17736764,0.15345207,-0.10632233,0.10213993,0.038995102,0.44930625,0.20997775,0.10889285,0.051475275,0.1258469,0.17384557,0.04288111,0.31515113,0.3989155,0.41597986,0.1856527,0.30095565,-0.13956302,-0.088690795
0.30980235,0.3521938,0.37472576,0.41931498,0.46042374,0.5142456,0.45892984,0.31690186,0.44466078,0.5349257,0.3671728,0.26330656,0.29927814,0.22583356,0.65910614,0.46263874,0.31813622,0.40334556,0.48141667,0.4226778,1.0,0.589619,0.10365205,0.22600242,-0.19783306,-0.22634941,0.12727553,0.6707902,0.46449247,0.45337614,0.3038866,0.15199241,0.14650151,0.18439916,0.28278252,0.4723507,0.18690109,0.20469606,0.37870905,0.13144411,0.40263355,0.26668662,0.23416747,0.10112411,-0.014704521,0.011144746,-0.064273246,0.273752,0.020190598,0.05306607,-0.0038589316,0.16842146,-0.102844454,-0.0030693652,0.16877665,0.20145024,0.35009745,0.392789,0.27591282,-0.03843581,0.28584114,0.2768543,-0.026465833,0.26839542,0.1956608,0.41674653,0.3950039,0.4585237,-0.12937467,0.25283942,0.24156909,0.29298064,0.34136677,0.27067143,0.0074060285,0.10230275,0.33071315,0.28336197,0.34445485,0.20264387,0.4111584,0.45688337,0.461134,0.26806653,0.2977485,0.32942167,0.14749227,0.06410268,0.22282936,0.18321042,0.053392373,0.06409295,-0.07341484,0.09599098,0.18078728,0.16490099,0.09668387,0.29755515,0.073068395,0.07555415,0.103470065,0.049128424,0.12527916,0.063005045,-0.12815486,0.11817982,-0.07474029,0.16795841,0.12971477,0.2463213,0.40676376,0.24863382,-0.06290916,0.0703168,0.009214704,0.09131956
0.18381299,0.32840165,0.25279558,0.3552547,0.48451582,0.36421627,0.37840322,0.401993,0.5894606,0.40518713,0.44135213,0.39738968,0.34724745,0.40146744,0.6460157,0.38942376,0.24611533,0.38309303,0.57872844,0.389315,0.589619,1.0,0.1253696,0.4189056,-0.1272725,0.07115944,0.21215835,0.6231238,0.45838484,0.40237823,0.39187595,0.40525746,0.38018623,0.3979022,0.49322417,0.5266043,0.1628785,0.1918329,0.34833074,0.006830901,0.3111038,0.3429911,0.2664908,0.24577948,0.0043516103,0.03522444,0.1311778,0.4552371,0.1927755,0.17324938,0.25086868,0.13757841,-0.24121752,0.28470358,0.16180341,0.39807668,0.19524854,0.38463765,0.027732868,-0.079767145,0.22567427,0.38606897,-0.1648217,0.24893251,-0.020209892,0.35337415,0.41372132,0.39818424,-0.105740316,0.034028005,0.28960845,0.3858854,0.21049206,0.38966614,0.2001109,0.3271419,0.41018867,0.5153069,0.09677617,0.10550375,0.35010016,0.558195,0.49842143,0.47210371,0.2918061,0.563894,0.106714346,0.18895705,0.15875882,0.44204038,-0.30753613,0.21962312,-0.12884848,0.27221137,0.31050548,0.29577172,0.2407448,0.4260386,0.18286756,0.3057211,-0.07130402,0.2929942,0.19077086,0.32644534,-0.01955371,0.20662837,0.074017905,0.23323476,0.09573651,0.36249325,0.38172254,0.14273411,-0.10903612,0.0899109,0.22103447,0.069582075
0.51409066,-0.081269294,0.57800674,0.16591942,0.10542713,0.54830414,0.45696315,0.42206678,-0.17584455,0.6015175,0.49682567,0.37666065,0.47269645,0.2986134,0.021532504,0.6446436,0.38873354,0.013152948,0.102072455,0.5910487,0.10365205,0.1253696,1.0,-0.15410401,0.37578598,-0.14731014,0.5462064,0.08159678,0.10739423,0.4687373,0.66837704,0.1559071,0.44277754,0.44212908,0.13558295,0.05590111,0.4685219,0.2452946,0.21717076,0.31950948,0.22950982,0.24515222,0.21245334,0.09544901,0.05221207,-0.11477543,0.41764987,-0.09470223,0.08163206,0.21062383,0.26689154,0.011706377,0.5232578,-0.13095261,0.38835964,-0.06606038,0.32202122,-0.17742766,0.097058415,-0.22066215,0.279468,-0.15875663,0.34620985,-0.49868035,-0.18029192,-0.19861156,0.1925555,-0.22784024,-0.10482174,0.1341822,0.24552171,-0.018168664,0.097049795,0.17354816,-0.044364076,0.124514095,0.36236545,0.12949075,0.46629682,0.2457041,0.5525803,-0.015000783,0.41551504,0.3409262,0.5771053,-0.10749096,0.13295697,0.03181694,0.45810467,-0.031019052,0.15732896,-0.18656348,0.44290686,-0.4180436,0.2717153,0.1377778,0.30736333,0.022300156,0.28963634,-0.28309336,0.10799719,0.07820413,0.4489792,-0.009662528,0.39226002,-0.1785785,0.13039,0.15580897,-0.014375485,0.18387419,-0.007764196,0.32679445,0.014853381,0.08337649,-0.22854352,-0.1257935
-0.10088835,0.36425823,0.3343222,0.6702898,0.5658661,-0.14593327,0.3543356,0.5011114,0.7835973,-0.100621134,0.2801424,0.41559976,0.23782831,0.51342803,0.65876627,-0.08198944,0.0939825,0.48868996,0.6624949,0.10396921,0.22600242,0.4189056,-0.15410401,1.0,-0.33629608,0.31347364,-0.10043247,0.37534782,0.40192205,0.095762864,0.22214045,0.6553268,0.3960259,0.4715349,0.24363944,0.47679216,-0.089667864,0.21933398,0.20438473,-0.0859577,0.054977804,0.07234185,0.09226045,0.28152415,-0.05426262,-0.014632084,-0.09576968,0.68333983,0.104749486,0.04109736,0.10183306,0.13302827,-0.6336844,0.28234625,-0.095273115,0.5179316,-0.18488698,0.554702,-0.0728339,0.1623957,-0.25479433,0.40100592,-0.2649744,0.56421244,0.0894718,0.33233884,0.19302094,0.5311231,0.16834447,-0.25273833,0.32900068,0.45324612,0.069883965,0.16295125,0.13639762,0.31549576,0.13130096,0.30269232,-0.10513709,0.08800647,0.020096092,0.6208856,0.26128322,0.44256887,-0.04106563,0.6673151,-0.02786821,0.34726018,-0.19734243,0.5627575,-0.30988967,0.5172015,-0.41096783,0.3367301,0.11796937,0.17588192,-0.07143276,0.49666965,-0.1721576,0.662184,-0.070853904,0.16217335,-0.020937454,0.43948972,-0.29109287,0.5729429,0.039217375,0.13712856,0.09814616,0.4017157,0.5281035,0.026499802,-0.013166343,0.090058,0.16685757,0.110992216
0.040958215,-0.3446648,-0.17388453,-0.42397907,-0.025457807,-0.062322058,-0.32622397,-0.1806719,-0.40851724,-0.002659057,-0.054529306,-0.11880696,-0.11186625,-0.09405936,-0.4085073,0.08337981,0.090580516,-0.20332901,-0.399978,0.050013173,-0.19783306,-0.1272725,0.37578598,-0.33629608,1.0,0.52118516,0.6636403,-0.22554493,-0.3421727,-0.011221371,0.0348902,-0.21515986,0.04805595,-0.02489001,-0.15850867,-0.41017655,0.23667082,-0.016827917,0.062999144,0.20533928,0.22888538,0.08017886,-0.108203225,-0.0124118,0.33417645,-0.27913052,0.38132253,-0.4810798,0.057840206,-0.24791287,0.10972707,-0.1837126,0.32224286,-0.14136367,0.112127125,-0.17705826,-0.11466451,-0.40914464,-0.32025266,-0.22014682,-0.19934708,-0.42381507,0.24493638,-0.42496002,-0.31186444,-0.479899,-0.46749732,-0.60096234,0.07949969,-0.34407592,-0.20600411,-0.34851733,-0.3242701,-0.24243815,-0.26508564,-0.14278853,-0.03506022,-0.16430962,-0.21997213,0.06262451,-0.081311576,-0.43307033,0.04172339,0.17505842,0.034622513,-0.39880762,-0.14605384,-0.08031514,0.10760734,-0.15482041,0.29639918,-0.29882172,0.60278666,-0.20585585,0.049246237,-0.034728114,0.22249354,-0.24049816,0.40880412,-0.14144114,-0.02763407,0.14784648,0.25651816,-0.07793065,0.60363084,-0.034464452,0.43599257,-0.111636795,-0.09919803,-0.15528473,-0.359198,0.016651455,0.09195459,-0.46551538,-0.16900867,-0.045176692
-0.42873982,-0.20254824,-0.268083,-0.13677368,0.2699412,-0.5105978,-0.37417442,-0.0755069,0.14910053,-0.45415622,-0.09195703,-0.055009745,-0.11499096,0.11683,-0.082950175,-0.34653023,-0.08564448,0.018138232,-0.13746597,-0.22829063,-0.22634941,0.07115944,-0.14731014,0.31347364,0.52118516,1.0,0.347719,-0.18972644,-0.18189842,-0.19215293,-0.15402122,0.14970258,-0.020448131,0.0025592977,-0.12589537,-0.22268555,0.009343651,0.07317421,0.09718003,0.009565453,0.10153746,-0.029125828,-0.16300264,0.09154034,0.26238415,-0.23552418,0.20345032,-0.0049150516,0.19517553,-0.28790662,0.03245276,-0.18038121,-0.35768002,0.16548373,-0.071534716,0.2334785,-0.5182063,-0.10686691,-0.4749616,-0.04213259,-0.5692743,-0.16017367,-0.22884558,0.0899506,-0.24958666,-0.26849058,-0.51500076,-0.21469334,0.24177839,-0.60712904,-0.17164682,-0.07767123,-0.37629616,-0.2040936,-0.14335662,0.030594273,-0.14530945,-0.031333447,-0.5352095,0.0046985275,-0.40512797,-0.09693952,0.0010831301,0.2945861,-0.25063598,0.074895985,-0.09045995,0.18369745,-0.16942897,0.25638816,-0.04785785,0.046866957,0.17741768,0.19714023,0.006608295,-0.05064546,0.033458732,0.0335346,0.13454367,0.43875566,-0.14638641,0.2150922,0.046414573,0.23284249,0.26642197,0.46323547,0.4762954,-0.041764952,-0.17502348,-0.038844034,-0.07147965,-0.22440794,0.08378165,-0.46316573,0.17051636,0.016001685
0.19905469,-0.20148227,0.18615347,-0.080152035,0.3282615,0.2930374,0.013957919,0.136171,-0.14364266,0.33984298,0.2021033,0.17252518,0.15914463,0.17277181,0.003996424,0.41869387,0.24663049,0.022063345,-0.064563215,0.32322428,0.12727553,0.21215835,0.5462064,-0.10043247,0.6636403,0.347719,1.0,0.18239151,-0.04868194,0.2744926,0.3235483,0.0482852,0.25300348,0.19744311,-0.09628853,-0.19158004,0.41077077,0.15456165,0.30136186,0.32255325,0.474244,0.18350236,-0.020834964,0.103476375,0.22944789,-0.28247806,0.31528363,-0.19817881,0.1375254,-0.07139241,0.16150208,0.010488273,0.25449362,-0.06139834,0.26055673,-0.028164981,0.041846186,-0.23358968,-0.09281654,-0.2401816,0.011269427,-0.23160177,0.32199362,-0.3960043,-0.28432935,-0.16574955,-0.16902454,-0.37965775,-0.088810615,-0.20188636,0.08019265,-0.023667276,-0.035851628,0.007797073,-0.21506828,0.09006332,0.17993972,-0.0028737327,0.10816574,0.21082161,0.21489264,-0.12567465,0.44253188,0.42863372,0.25003257,-0.15476754,0.049929403,0.015525276,0.24007733,-0.016610276,0.20912354,-0.2741868,0.53165066,-0.31977123,0.19493611,0.17478861,0.24570443,-0.054141946,0.33451042,-0.11177631,-0.020172428,0.12190279,0.38778108,0.03677274,0.4269285,0.01887887,0.34026808,0.06469806,-0.06115509,0.07239306,-0.11374234,0.29779774,0.010287219,-0.29360875,-0.31204307,-0.14250065
0.3445064,0.40656772,0.40086406,0.48043406,0.5108186,0.5237494,0.47394782,0.32571867,0.49818516,0.46958295,0.32114306,0.33946744,0.27727747,0.20443973,0.69422156,0.3827377,0.31190836,0.45439035,0.5633644,0.3680564,0.6707902,0.6231238,0.08159678,0.37534782,-0.22554493,-0.18972644,0.18239151,1.0,0.5210804,0.3407547,0.31269318,0.2897035,0.3956939,0.3754783,0.33261982,0.49946523,0.04155651,0.07455689,0.23270099,0.0428704,0.29940638,0.19493057,0.10647124,0.318033,-0.10614847,0.10459327,-0.1406914,0.39840198,-0.017842088,-0.013494621,0.116776586,0.3067198,-0.17635314,0.089246176,-0.00053775316,0.20833398,0.3229452,0.54055125,0.23237571,0.0140446955,0.2896926,0.36603528,0.17700785,0.27685398,0.07190666,0.47544134,0.4411679,0.3817388,-0.09070144,0.19253299,0.39287686,0.44298255,0.37858006,0.23919955,0.07285572,0.17080456,0.28790417,0.294707,0.23690262,0.19466364,0.35444057,0.51014805,0.44972342,0.37904322,0.186877,0.32516155,-0.13249843,0.054386195,-0.025800202,0.20268711,-0.029667025,0.26074016,-0.12307865,0.1054079,0.07950355,0.32108712,0.029641343,0.3453925,0.0014779271,0.19101217,-0.008806722,0.18980283,0.095342614,0.19130868,-0.16312723,0.11530185,-0.19307443,0.08627479,0.27415788,0.29349613,0.37321642,0.30379874,-0.17075376,0.19897524,-0.14752878,0.11114906
0.46666414,0.5368212,0.53590804,0.64080137,0.51536864,0.36096337,0.65586513,0.5456058,0.5757728,0.35263175,0.6156996,0.4860559,0.58988625,0.43674347,0.6667224,0.3613131,0.60371375,0.5957358,0.5538147,0.41832116,0.46449247,0.45838484,0.10739423,0.40192205,-0.3421727,-0.18189842,-0.04868194,0.5210804,1.0,0.5730525,0.48017046,0.5118617,0.41461593,0.51342505,0.48588163,0.592188,0.12885493,0.35123846,0.35384437,-0.013972177,0.11286749,0.34911534,0.2540788,0.34809124,-0.08680359,0.13461803,0.027410218,0.47777107,0.15219206,0.0063745235,0.18096732,0.25468013,-0.16627568,-0.015218623,0.18124077,0.28283218,0.3837041,0.5100386,0.13834542,0.021284707,0.124581814,0.34404033,-0.042415626,0.31757984,0.2538264,0.3915256,0.47230327,0.5214307,-0.059294973,0.23307869,0.67792445,0.5860037,0.65325856,0.5519871,0.46291432,0.4986991,0.57915425,0.60356086,0.37105608,0.3926174,0.5767056,0.6495255,0.41628018,0.342946,0.37100497,0.46445265,0.07938607,0.11259665,0.14023992,0.24258292,-0.046628423,0.3532663,-0.19012335,0.20941426,0.22361705,0.17515108,0.14666061,0.42717296,-0.03790328,0.2110703,-0.014517388,0.13217925,0.20247734,0.33064327,-0.1795543,0.18727644,-0.13907377,0.13865039,0.24670264,0.44208822,0.49497667,0.2750605,-0.09201911,0.45849654,0.072276436,0.11437629
0.49188858,0.4042711,0.52686423,0.42234865,0.42623124,0.5604745,0.5885797,0.59946793,0.26376584,0.6483087,0.65387255,0.65184647,0.6272752,0.605119,0.4327166,0.7425993,0.5061379,0.5676008,0.350205,0.6215042,0.45337614,0.40237823,0.4687373,0.095762864,-0.011221371,-0.19215293,0.2744926,0.3407547,0.5730525,1.0,0.6934289,0.37952968,0.3662856,0.49011186,0.33098847,0.38473746,0.30423638,0.5091704,0.43271482,0.23699567,0.14148057,0.4612651,0.31694922,0.2559405,0.0018234228,-0.048457965,0.18014301,0.23954429,0.17711852,0.15799122,0.054977506,0.15146448,0.18006407,-0.08234634,0.34332493,0.12024374,0.5150684,0.17728108,0.10871734,-0.06723773,0.25836712,0.16139176,0.12641405,-0.12928759,0.14048065,0.18222108,0.37360913,0.30759323,-0.22255015,0.23674366,0.5093313,0.37685478,0.46022418,0.7015137,0.23535062,0.5157849,0.71840155,0.60064435,0.5176139,0.57580525,0.632786,0.48249114,0.46702722,0.41769043,0.5218363,0.24349697,0.12825562,0.0026778588,0.36233106,0.040926017,0.14447546,0.017776826,0.23005393,-0.23970051,0.23171175,0.16847524,0.21075666,0.23484305,0.13930166,-0.048601028,0.13795741,0.087754674,0.40967426,0.20956093,0.08892674,0.045829967,0.020170331,0.27682224,0.07985449,0.39385673,0.36705333,0.4304466,0.030063324,0.34874868,-0.014185814,-0.06562021
0.52338856,0.30822083,0.6293239,0.48531896,0.3746097,0.5565958,0.68312514,0.7150761,0.2926863,0.5983792,0.7166844,0.66945285,0.7135899,0.62072724,0.41651922,0.6569391,0.4620466,0.40695328,0.40520775,0.61712706,0.3038866,0.39187595,0.66837704,0.22214045,0.0348902,-0.15402122,0.3235483,0.31269318,0.48017046,0.6934289,1.0,0.58750564,0.5575976,0.676446,0.3922211,0.40414798,0.31540084,0.34493992,0.32987916,0.15769911,0.14163348,0.35747656,0.24559654,0.25209135,-0.06970946,0.02073757,0.24169365,0.26160577,0.12027859,0.21574806,0.26653832,0.24250665,0.2017261,-0.08568227,0.3258615,0.14079553,0.3842269,0.19583948,0.08523577,-0.046448354,0.17963746,0.12036415,0.104747385,-0.17809886,0.0048939995,0.1284329,0.40522504,0.15701757,-0.12066264,0.11808987,0.5866284,0.40257266,0.34928697,0.52326304,0.26193517,0.4130933,0.59485817,0.50510955,0.43226945,0.35777736,0.63248974,0.42979667,0.49096727,0.47115347,0.5139196,0.2313222,0.13516946,0.11358241,0.3545867,0.10523666,0.032241613,0.08749001,0.1442545,-0.22602831,0.25824863,0.15797809,0.23910286,0.29426137,0.18771863,-0.020856904,0.08853326,0.11565914,0.33295196,0.23981898,0.073564865,0.012331376,-0.050210934,0.1998559,0.07337909,0.411732,0.31708908,0.32555994,-0.04930558,0.3739832,-0.022131674,-0.07242356
