1.0,0.7708934,0.5710476,0.69586587,0.24530277,0.15857856,0.7299729,0.6947028,0.20554374,0.14463699,0.47825444,0.48260435,0.531942,0.5336061,0.38536516,0.33068913,0.43869212,0.41523173,0.7551823,0.77435905,0.2989965,0.26805073,0.2215011,0.35851207,0.33142367,0.20474567,0.21196373,0.2025844,0.30742934,0.3052714,0.28090787,0.28574845,0.56749845,0.54939204,0.55201346,0.64014065,0.5751285,0.45151982,0.4126474,0.43542212,0.36689916,0.40752864,0.677827,0.4788737,0.29535258,0.16130479,0.67767984,0.6279637,-0.010056314,0.32333237,0.105643384,-0.025595143,0.3639201,0.19487488,0.5287911,0.54635876,0.80839765,0.7386558,-0.15687238,0.069827884,0.33621094,0.13848478,0.33282766,0.4337922,-0.21006207,0.027034702,0.5559912,0.6453281,0.44912252,0.44925404,0.42704877,0.4231609,0.4838871,0.2695484,0.26124242,0.2410874,0.5408233,0.60003906,0.1291664,0.3290264,0.5694041,0.51040745,0.30019745,0.36221582,0.54775155,0.62157816,0.31183615,-0.24373138,0.4734537,0.14658323,-0.015127121,0.28540444,0.15561771,0.15849556,0.5440753,0.24105898,0.63873583,0.5497711,0.4478586,0.4135821,0.15603852,0.04663532,0.05632931,0.14623605,0.11431903,0.15894087,0.37813348,0.12066331,0.40765086,0.5896337,0.646594,0.3964088,0.0016710095,0.11661147,0.40488786,0.2517842
0.7708934,1.0,0.45458204,0.63984007,0.033188462,0.16471931,0.67056054,0.67428684,0.10422657,0.112596475,0.48579383,0.52162445,0.50821334,0.5188639,0.31006953,0.19830503,0.4919535,0.5167751,0.69677544,0.6437765,0.24448572,0.3349283,0.23309505,0.22662848,0.14434609,0.14120507,0.17925285,0.2063772,0.28621477,0.25789338,0.17631966,0.18080583,0.49262547,0.46771836,0.49539924,0.6106014,0.6464864,0.5489504,0.4289596,0.44162565,0.3576152,0.4563632,0.52401495,0.3537105,0.22727492,-0.03485219,0.6373652,0.59580505,-0.04093988,0.22243282,0.13271485,-0.093239725,0.31689218,-0.004198856,0.59061885,0.5571143,0.8012203,0.7937091,-0.068897724,0.07631441,0.38487473,0.14702448,0.2789337,0.405047,-0.13211168,-0.05328811,0.62630904,0.58573174,0.52123755,0.5359105,0.5114005,0.50755644,0.39516735,0.40617704,0.2669898,0.2975087,0.6035886,0.61722845,0.16141303,0.29770577,0.5064151,0.41377962,0.23739417,0.21272978,0.4251418,0.51506346,0.20170428,-0.20817631,0.4144454,0.1521782,-0.12034831,0.11882793,0.016297584,-0.039828293,0.6084555,0.3361435,0.6508335,0.65711814,0.4438125,0.32262567,-0.02695428,-0.12871097,-0.14163113,-0.039984066,-0.011069997,-0.018278904,0.40966284,0.14094353,0.48123214,0.5291263,0.5101515,0.23016782,-0.08044827,0.07802008,0.28633776,0.1017188
0.5710476,0.45458204,1.0,0.8429119,0.45472565,0.41245785,0.70041955,0.6701676,0.58643246,0.49150246,0.5193386,0.3831974,0.55106544,0.6570264,0.7029919,0.65637666,0.5008236,0.36682838,0.71908295,0.76237863,0.5842347,0.51452136,0.5890733,0.75078714,0.3791203,0.15117025,0.12811568,0.32555997,0.61640155,0.6448632,0.6196463,0.68991333,0.4483385,0.55431503,0.44698173,0.44574064,0.6431738,0.45791447,0.6461508,0.588757,0.61375356,0.5790044,0.49684894,0.3475889,0.20504725,-0.03989396,0.5142163,0.47420427,-0.1920966,0.18560813,-0.06831843,-0.19124803,0.27392143,0.19008072,0.69665587,0.64242107,0.5063748,0.46551827,-0.36984506,-0.12444487,0.12725747,-0.04644055,0.247891,0.3666592,-0.18899897,-0.10501094,0.42753264,0.3844215,0.30645126,0.24930236,0.4450849,0.5148095,0.60509473,0.37465036,0.4812319,0.39140195,0.30317062,0.40310684,0.083177455,0.2610765,0.5078539,0.57638645,0.70018655,0.6364647,0.6458087,0.45597422,0.494605,-0.018660987,0.6619607,0.4872778,0.21324909,0.47822306,0.4911367,0.3341342,0.4996773,0.3377027,0.56764555,0.51305485,0.59591407,0.5511565,0.34789106,0.19377379,0.35417792,0.3118284,0.27468076,0.32463932,0.62492913,0.37798163,0.40283996,0.40811276,0.55382544,0.261355,-0.04079694,-0.031223185,0.4800779,0.5389213
0.69586587,0.63984007,0.8429119,1.0,0.37045372,0.38183582,0.78051996,0.7551577,0.4208673,0.36358708,0.54778105,0.4879684,0.6201155,0.69127697,0.6577244,0.59511083,0.5366773,0.42545918,0.7356789,0.86732477,0.5297526,0.48836648,0.44114426,0.64863354,0.3936688,0.21217687,0.21195799,0.38812885,0.54667515,0.6039787,0.52640194,0.5673077,0.556443,0.6498013,0.53823394,0.614337,0.70498675,0.51416457,0.6245058,0.59293574,0.5740598,0.5845016,0.57708347,0.45426685,0.23955528,0.045248892,0.61159134,0.6107805,-0.2136942,0.19692165,-0.10800606,-0.15266444,0.35492232,0.23821412,0.72754276,0.6907036,0.6233334,0.643349,-0.3838236,-0.12633164,0.12247943,-0.013740785,0.20550385,0.41471487,-0.24783695,-0.077961884,0.4934414,0.52670985,0.31310505,0.27249876,0.44647396,0.51761925,0.6043982,0.39198443,0.407199,0.34895933,0.41193792,0.5073169,0.10951882,0.325912,0.5699826,0.642903,0.6083714,0.61528426,0.67658037,0.5949111,0.5116268,-0.10727423,0.6810714,0.40741125,0.14081128,0.47830746,0.39524496,0.33452168,0.5431012,0.28834802,0.6293805,0.5626498,0.6090552,0.60185575,0.31111082,0.0755464,0.28635412,0.30674586,0.27441832,0.33451843,0.5737277,0.2724607,0.3638757,0.47125015,0.6252762,0.36566702,-0.039974827,0.051234998,0.5546705,0.47710106
0.24530277,0.033188462,0.45472565,0.37045372,1.0,0.36106607,0.27316442,0.33549485,0.55316174,0.44428635,0.305335,0.090991735,0.28094473,0.3800517,0.5703516,0.5774728,0.20703757,-0.036053557,0.23721021,0.3628645,0.35357153,0.37233236,0.17310525,0.4673688,0.43404657,0.23831104,0.32956755,0.41483238,0.38748488,0.48905855,0.41000763,0.44653106,0.19822358,0.25055888,0.25724894,0.24557395,0.269228,0.25354263,0.44333887,0.4148723,0.46047685,0.35444853,0.36735725,0.22334237,0.0703242,0.042108778,0.29091108,0.2095308,-0.10679654,0.027537564,-0.21730693,-0.17930381,0.21944432,0.0068858964,0.3235336,0.3872482,0.13019569,0.08579715,-0.3953124,-0.0966122,-0.065029696,-0.19298887,0.066858225,0.045419816,-0.14989805,-0.12626359,0.16418798,0.13331395,-0.007613785,-0.018943708,0.14883141,0.18804063,0.3269545,0.13033387,0.19340451,0.07176734,0.05093248,0.043486558,-0.022053476,0.11986414,0.24355829,0.41690555,0.5748957,0.5704826,0.43677184,0.325701,0.6304177,0.16064596,0.45621815,0.44463274,0.15052724,0.45474452,0.3462998,0.4685251,0.30526417,0.066623665,0.35754192,0.19852138,0.35968694,0.3981566,0.4138801,0.37143376,0.4479358,0.3851764,0.3368446,0.40588117,0.40028152,0.17274556,0.069787525,0.26467216,0.35355547,0.27492005,0.17609473,0.23931842,0.46742764,0.5720549
0.15857856,0.16471931,0.41245785,0.38183582,0.36106607,1.0,0.39601114,0.48649612,0.5584881,0.7265049,0.42518502,0.24693432,0.4834395,0.5438822,0.7038063,0.60929525,0.5163545,0.29109886,0.29783514,0.31459272,0.6504095,0.53411394,0.49773595,0.4134784,0.57512414,0.5333409,0.33156234,0.6300542,0.48049676,0.6375744,0.6221914,0.5542006,0.35533032,0.5227687,0.3771882,0.33699027,0.37071517,0.1835152,0.5449018,0.5049422,0.55276984,0.4342415,0.30310822,-0.015014623,0.060575727,-0.1964301,0.25925028,0.16311607,-0.00084440986,0.11189448,-0.3980286,-0.39824098,0.2958704,-0.11166099,0.43048808,0.38658327,0.2220601,0.1361015,-0.37937135,-0.25355706,-0.01987711,-0.36091322,0.20389289,0.13270701,-0.11255112,-0.37766102,0.2738502,0.111120336,0.119004175,-0.023760878,0.44268677,0.47645628,0.4603706,0.45549834,0.5149049,0.09907436,0.16761202,0.12872565,-0.0822404,0.31936836,0.43850404,0.44905037,0.67407453,0.640146,0.52016145,0.18989721,0.4544636,0.41772315,0.64994174,0.61124367,0.24384551,0.26901007,0.3471527,0.31545925,0.38251105,0.04351211,0.3507127,0.13781735,0.40014404,0.40825808,0.40060782,0.2330862,0.29339018,0.18617292,0.28033227,0.33318773,0.33634755,0.05087387,0.16422866,0.18267256,0.09243444,-0.034933846,0.23593538,0.19554333,0.5510901,0.38052744
0.7299729,0.67056054,0.70041955,0.78051996,0.27316442,0.39601114,1.0,0.8567563,0.34172165,0.33837172,0.66690665,0.559529,0.6947542,0.7016739,0.56957114,0.43985116,0.61901337,0.5113889,0.73469454,0.7767846,0.5308592,0.5212349,0.39326015,0.47727334,0.38867497,0.23933339,0.2923959,0.41368014,0.5651818,0.55298126,0.5185024,0.50268346,0.6053981,0.65487015,0.528235,0.6146119,0.6305969,0.5212051,0.5911741,0.5861125,0.5574614,0.5898245,0.5550687,0.33100352,0.18448739,0.006057867,0.60047454,0.54570055,-0.09809263,0.27605188,-0.089409634,-0.23737846,0.37947908,0.10379747,0.70238763,0.64508146,0.73127156,0.6309816,-0.3186986,-0.044530686,0.2823209,-0.086671405,0.41827783,0.34726325,-0.17728433,-0.14232376,0.45784086,0.47894666,0.33226547,0.27091622,0.64500093,0.6521378,0.68529785,0.49146235,0.46364677,0.2994698,0.46925774,0.46969205,0.18697965,0.4579247,0.71283835,0.5932342,0.5088508,0.48838738,0.66121894,0.52987206,0.46413198,-0.02189365,0.6852291,0.33458772,0.035438083,0.27974513,0.2230855,0.16957057,0.51178426,0.21327662,0.5785647,0.51098585,0.53327113,0.4730067,0.15998003,0.04759341,0.090650074,0.13654761,0.14759828,0.17454524,0.4396911,0.09016676,0.36621565,0.47675848,0.5251532,0.20692107,0.06025115,0.11203964,0.4871786,0.2910947
0.6947028,0.67428684,0.6701676,0.7551577,0.33549485,0.48649612,0.8567563,1.0,0.4299342,0.47115245,0.6150158,0.5671099,0.71415603,0.8040623,0.6246687,0.54416,0.65541476,0.60114765,0.7075934,0.77693546,0.577557,0.57438296,0.4292841,0.46862534,0.49282926,0.31557083,0.26499313,0.43506533,0.5094619,0.63161606,0.63072455,0.5753476,0.59029174,0.7396155,0.49626395,0.65781844,0.5833568,0.5354378,0.56657827,0.59925157,0.5897143,0.58527386,0.602415,0.23367238,0.13961995,-0.12030114,0.6127765,0.51989025,-0.050349817,0.24354187,-0.19396436,-0.32311228,0.40930098,0.08791189,0.66074914,0.64406794,0.66867346,0.65879554,-0.33726883,-0.12642862,0.23712316,-0.13580248,0.40224054,0.4361811,-0.21355116,-0.20493896,0.43729234,0.43160304,0.33795604,0.25362918,0.6833086,0.72853607,0.71685475,0.63123184,0.55433756,0.30164936,0.47057194,0.48780397,0.0401416,0.5515699,0.68233514,0.7195857,0.557496,0.5994981,0.68603164,0.57796717,0.4573808,0.045290515,0.6997348,0.43246645,0.061998308,0.28849,0.22864167,0.18581788,0.61198294,0.19440998,0.6066205,0.504106,0.5470946,0.46605787,0.19744241,0.059412654,0.083485395,0.08838304,0.13548724,0.17102723,0.4300379,0.077907756,0.37128186,0.52431846,0.48726857,0.18449622,0.07989326,0.1472543,0.51532036,0.29608586
0.20554374,0.10422657,0.58643246,0.4208673,0.55316174,0.5584881,0.34172165,0.4299342,1.0,0.8311433,0.22866513,0.09203061,0.23583964,0.4440396,0.7274643,0.76351404,0.28199902,0.13057001,0.31776977,0.39078504,0.51614565,0.46150127,0.5108812,0.6093336,0.41737908,0.1804171,0.055313442,0.2438841,0.46265322,0.63650197,0.59580237,0.6445719,0.07062663,0.2555595,0.18966492,0.22593388,0.3715755,0.3066282,0.57803065,0.5279688,0.5186044,0.4719559,0.42656863,0.20224683,0.03845254,-0.13197593,0.30404755,0.3145823,-0.1601025,-0.0064900354,-0.106224746,-0.1387854,0.1347214,-0.0040559587,0.48632348,0.5012413,0.0448265,0.021614218,-0.36164814,-0.20600528,-0.092947744,-0.17957726,0.012166581,0.087105274,-0.1616435,-0.1216976,0.19246235,0.08168062,0.09073591,-0.051793512,0.29613557,0.2936342,0.29886386,0.29425582,0.42506027,0.21904488,0.046735883,0.102824114,-0.13628897,0.06148633,0.16609374,0.4421765,0.7257763,0.6565038,0.45612228,0.20489702,0.36166874,0.23599875,0.55954784,0.6561905,0.26812875,0.40211278,0.47576377,0.42060935,0.42892694,0.28195706,0.42262387,0.33393082,0.5014356,0.4506988,0.40936643,0.29501453,0.32738164,0.21557802,0.15341234,0.25493076,0.4371964,0.3262995,0.29908526,0.29794094,0.26533744,0.026013467,0.0777294,-0.07614974,0.40365386,0.46967128
0.14463699,0.112596475,0.49150246,0.36358708,0.44428635,0.7265049,0.33837172,0.47115245,0.8311433,1.0,0.30032718,0.120588474,0.33035758,0.51156956,0.73261374,0.76248544,0.39689812,0.26810834,0.29324684,0.29987577,0.60386217,0.52091825,0.54509246,0.5442699,0.4988296,0.3480986,0.13221878,0.38205653,0.47629893,0.67495775,0.6562072,0.6661166,0.15656051,0.37407243,0.2425267,0.29442042,0.35048997,0.27527297,0.55469066,0.51037234,0.5143443,0.44368157,0.35696036,0.018978493,-0.078820504,-0.29162106,0.25302804,0.20935322,-0.108887136,0.015669774,-0.2899354,-0.38771698,0.13100924,-0.055755734,0.4078499,0.40478915,0.092365496,0.0323161,-0.40375903,-0.3136855,-0.13931207,-0.29881477,0.09015702,0.13942035,-0.23594682,-0.34801283,0.18381184,0.020016428,0.07736734,-0.08612054,0.3817906,0.42564607,0.3508935,0.41207522,0.5080317,0.17286076,0.077290185,0.107588835,-0.15155661,0.23391415,0.2622021,0.45949087,0.7291845,0.67731124,0.42502043,0.12081776,0.37341365,0.37967858,0.5942925,0.66957206,0.26791337,0.2941643,0.3839525,0.3618636,0.432347,0.16950977,0.37739652,0.23570006,0.42255503,0.38201252,0.37985456,0.28799418,0.2986323,0.19064428,0.2168212,0.28624746,0.41029638,0.26372832,0.24205749,0.25294295,0.13796295,-0.04079898,0.13135587,-0.018425338,0.47478357,0.37042716
0.47825444,0.48579383,0.5193386,0.54778105,0.305335,0.42518502,0.66690665,0.6150158,0.22866513,0.30032718,1.0,0.6654165,0.7997195,0.65523314,0.4937826,0.36576942,0.746804,0.5679981,0.64012563,0.51760757,0.54678255,0.425694,0.5434942,0.4610601,0.37781018,0.30258656,0.17257024,0.3470544,0.6010285,0.45778432,0.54771477,0.51916546,0.6214181,0.58741474,0.45123354,0.37166172,0.43682727,0.26080793,0.37362176,0.33965597,0.35716078,0.3090297,0.2939106,0.030262826,0.044923287,-0.19357248,0.35611022,0.23624675,-0.08438935,0.121173196,-0.105596244,-0.23280363,0.4007361,0.046261825,0.49444547,0.38754553,0.5871927,0.43356094,-0.22576421,-0.070755795,0.24306265,-0.101049595,0.3439594,0.4173927,-0.141834,-0.3143915,0.4091564,0.24175654,0.46852553,0.35613832,0.606485,0.6070092,0.56709087,0.36717388,0.56653637,0.38054678,0.43551716,0.39607817,0.15926622,0.43043727,0.6325085,0.4573427,0.46838158,0.42208976,0.48817053,0.32970232,0.37448612,-0.11570419,0.5769191,0.28567058,0.18671916,0.28654948,0.24433887,0.14775634,0.33066323,0.0469643,0.38155532,0.3655093,0.47102648,0.4138488,0.26990947,0.11664255,0.18736911,0.29132977,0.3009455,0.31911388,0.52563727,0.3147333,0.14577465,0.19049843,0.3299305,0.14696433,-0.07647173,0.117789626,0.446061,0.3421226
0.48260435,0.52162445,0.3831974,0.4879684,0.090991735,0.24693432,0.559529,0.5671099,0.09203061,0.120588474,0.6654165,1.0,0.74602425,0.6820998,0.33505735,0.19225101,0.670398,0.7561318,0.5778344,0.45605633,0.40820634,0.23697951,0.39551148,0.27734002,0.36523947,0.36045155,0.120221004,0.2375423,0.40869993,0.3029871,0.33054152,0.27791554,0.55952114,0.5463936,0.31755808,0.36819664,0.3626732,0.27735516,0.21758306,0.25031802,0.27143246,0.271108,0.3065212,0.118951455,0.21388192,-0.0053309286,0.3968435,0.31531295,-0.043801587,0.23783086,0.064171515,-0.01666485,0.4306482,0.26639137,0.46215996,0.36177576,0.5732732,0.6224005,0.09304522,0.06315748,0.3110977,0.08893255,0.29695433,0.64262366,-0.055118322,0.028001921,0.42970136,0.4619471,0.5330034,0.5659115,0.45199847,0.5104996,0.59479964,0.4180708,0.52085453,0.44279495,0.45955828,0.5532916,0.2589327,0.52524143,0.6374576,0.56346315,0.21991679,0.2719346,0.48973596,0.51195323,0.18277344,-0.23663491,0.44993114,0.12958592,0.15381452,0.19088349,0.14487109,-0.044068787,0.3141411,0.13690755,0.3522028,0.33493516,0.3641481,0.32605064,0.19418606,-0.11905929,0.0040989285,0.093562484,0.08070915,0.066004984,0.255873,0.13498388,0.08508957,0.18427312,0.37847966,0.14539526,-0.19380523,0.099915564,0.25645277,0.17854796
0.531942,0.50821334,0.55106544,0.6201155,0.28094473,0.4834395,0.6947542,0.71415603,0.23583964,0.33035758,0.7997195,0.74602425,1.0,0.8230608,0.569083,0.46405128,0.82410455,0.61970556,0.6177095,0.5856682,0.5571648,0.32359454,0.5411826,0.4978862,0.55237335,0.42022225,0.18170425,0.4001341,0.5100285,0.48124287,0.61386025,0.5188295,0.64614844,0.71228254,0.41335052,0.43356222,0.4350118,0.1947987,0.31896016,0.2853618,0.39802453,0.29022667,0.36841804,0.06147014,0.16103238,-0.10765809,0.40535364,0.25227836,-0.023708362,0.24040507,-0.13395022,-0.27260274,0.5043525,0.25862116,0.50181043,0.4045933,0.6468478,0.5769941,-0.21533597,-0.05127297,0.24814144,-0.09536266,0.32932442,0.5884225,-0.15841411,-0.18591632,0.40657634,0.3277637,0.44875073,0.3633276,0.48341504,0.5823732,0.6688056,0.38684776,0.65810126,0.33820787,0.40405735,0.4172366,0.13087422,0.56246954,0.7449983,0.65187275,0.4930708,0.5578047,0.6638394,0.4967514,0.40812013,-0.11463859,0.66907424,0.28322446,0.22644623,0.3551213,0.32096204,0.19190952,0.32703266,0.052287284,0.37684697,0.31796697,0.50782865,0.48435795,0.30240306,0.03483457,0.22354507,0.24528898,0.32868302,0.32822603,0.40664363,0.14841782,0.060244605,0.16011369,0.34249273,0.22947763,-0.060700946,0.1777124,0.47617713,0.41812122
0.5336061,0.5188639,0.6570264,0.69127697,0.3800517,0.5438822,0.7016739,0.8040623,0.4440396,0.51156956,0.65523314,0.6820998,0.8230608,1.0,0.67815745,0.6153464,0.7519991,0.66910374,0.6156378,0.63928205,0.659753,0.49697474,0.5543921,0.6090514,0.593822,0.37520596,0.24515036,0.4408503,0.61966634,0.69695294,0.73019314,0.6988262,0.53426933,0.70162785,0.43819192,0.50971705,0.50616103,0.39720574,0.5100382,0.5095525,0.5978015,0.48741394,0.43057126,0.11504488,0.09597005,-0.094133325,0.469678,0.36895972,-0.11373716,0.20589024,-0.2052004,-0.3273465,0.44667485,0.19308221,0.6098924,0.54747075,0.5404422,0.5794825,-0.2429707,-0.15362613,0.14230582,-0.13797802,0.24941865,0.53246033,-0.27306017,-0.1647017,0.40200362,0.33867472,0.3943355,0.29050052,0.5655401,0.6822753,0.7444778,0.59167516,0.72532064,0.4325154,0.4200582,0.45569637,0.18151753,0.61520404,0.7263443,0.82318544,0.59561867,0.69486403,0.7026373,0.5881276,0.4390354,0.075569466,0.7107755,0.44102702,0.20455536,0.35663423,0.3235613,0.21930113,0.4738434,0.21467637,0.4888816,0.41226816,0.5286516,0.49780595,0.3032424,0.10956352,0.18093172,0.16976322,0.21822436,0.24570553,0.4261052,0.10851197,0.23953494,0.35408115,0.40638798,0.17442033,-0.043409996,0.23475218,0.54358846,0.42103064
0.38536516,0.31006953,0.7029919,0.6577244,0.5703516,0.7038063,0.56957114,0.6246687,0.7274643,0.73261374,0.4937826,0.33505735,0.569083,0.67815745,1.0,0.8738123,0.5625302,0.30112526,0.44374487,0.565128,0.61968005,0.48493803,0.5370022,0.70454663,0.6567166,0.45554385,0.2357068,0.48343572,0.6444416,0.7776795,0.6865105,0.7064103,0.35431057,0.49435353,0.43199906,0.38523972,0.57396734,0.32619068,0.6312205,0.5965277,0.6089608,0.48612374,0.4935255,0.32434455,0.20271038,0.017385747,0.47407424,0.44379497,-0.15311608,0.15690765,-0.20036484,-0.3005733,0.34172884,0.102037184,0.6599569,0.65983194,0.3541488,0.3105663,-0.39862114,-0.21089798,0.057657577,-0.16731203,0.17740266,0.26472706,-0.20100544,-0.18187588,0.41225636,0.32110095,0.19911535,0.07971425,0.3540633,0.42075247,0.54694533,0.35521296,0.5257434,0.23212253,0.19322999,0.25609165,0.06067086,0.2853018,0.5643937,0.68797493,0.8899642,0.86147785,0.75570345,0.49222112,0.7047341,0.2533222,0.82202613,0.7458474,0.3936002,0.58715343,0.6332196,0.5232409,0.49266458,0.16558804,0.551555,0.40945986,0.70481014,0.6972795,0.6226738,0.25852725,0.5584013,0.4716677,0.43466818,0.50718045,0.61634266,0.28544074,0.20116013,0.34963384,0.46356302,0.27307495,0.12531464,0.063762754,0.656392,0.67482394
0.33068913,0.19830503,0.65637666,0.59511083,0.5774728,0.60929525,0.43985116,0.54416,0.76351404,0.76248544,0.36576942,0.19225101,0.46405128,0.6153464,0.8738123,1.0,0.40878984,0.18748735,0.35970446,0.5234743,0.5442081,0.39981025,0.5429727,0.7692261,0.6317654,0.3896415,0.09591147,0.39691314,0.5601063,0.7713856,0.69468427,0.73353606,0.26205817,0.44272712,0.37006006,0.36154395,0.48285413,0.23143736,0.542054,0.50166947,0.49832326,0.40153372,0.47927943,0.30412441,0.169304,-0.03286074,0.40840027,0.4025317,-0.18426509,0.06502021,-0.19336568,-0.248043,0.25033948,0.15754041,0.5535418,0.57846093,0.20137253,0.20879123,-0.41572943,-0.26163635,-0.07433182,-0.10350455,0.04414821,0.2674716,-0.26306203,-0.12257244,0.31773052,0.20943113,0.13331635,-0.05062435,0.20676088,0.29236796,0.4298039,0.25047052,0.502007,0.25077456,0.08452393,0.16461551,-0.05443166,0.20063189,0.374472,0.6585164,0.86562836,0.9064177,0.64687216,0.4392682,0.63073725,0.2137769,0.7491753,0.74711233,0.39460492,0.6421164,0.6689733,0.6105397,0.4102267,0.11952674,0.47354758,0.3483878,0.68014276,0.6930219,0.6065618,0.32306197,0.5968852,0.51218754,0.45100936,0.56697124,0.6054312,0.33760858,0.13033292,0.28673866,0.41514346,0.32195243,0.13920006,-0.011215021,0.6359138,0.72205114
0.43869212,0.4919535,0.5008236,0.5366773,0.20703757,0.5163545,0.61901337,0.65541476,0.28199902,0.39689812,0.746804,0.670398,0.82410455,0.7519991,0.5625302,0.40878984,1.0,0.711914,0.6059043,0.48924243,0.5342661,0.41573805,0.5158452,0.4162502,0.5375833,0.44779527,0.24644738,0.39362994,0.45001072,0.43851683,0.5802666,0.50469595,0.6315401,0.679545,0.40154496,0.39475247,0.4045478,0.20346525,0.3401982,0.32447028,0.39575332,0.32272997,0.319517,-0.019862687,0.043191988,-0.1852804,0.37378642,0.19322553,-0.093654335,0.258934,-0.113407075,-0.3177236,0.43603736,0.106699064,0.46267954,0.3881434,0.59120524,0.50816715,-0.19303794,-0.12952848,0.30837792,-0.13566513,0.4703551,0.5470447,-0.17160013,-0.23963381,0.40789336,0.2573725,0.48406568,0.38099185,0.5718676,0.59040767,0.5820439,0.430367,0.60893846,0.2695093,0.40717286,0.3991093,0.14717585,0.58916456,0.77241623,0.62210345,0.47908854,0.48444524,0.6075029,0.40074027,0.31249034,-0.02040997,0.60316336,0.28556144,0.17446199,0.1397998,0.2049076,0.043892775,0.35527417,0.11197712,0.35914546,0.34910694,0.42881134,0.364326,0.24912375,0.022748057,0.09924697,0.11691166,0.14731579,0.16872062,0.36243656,0.119627796,0.1193558,0.18556634,0.24916443,0.06083416,-0.13273019,0.26034826,0.47965562,0.25874472
0.41523173,0.5167751,0.36682838,0.42545918,-0.036053557,0.29109886,0.5113889,0.60114765,0.13057001,0.26810834,0.5679981,0.7561318,0.61970556,0.66910374,0.30112526,0.18748735,0.711914,1.0,0.5734552,0.38685644,0.46326318,0.36384395,0.38032857,0.19137245,0.31339756,0.35187373,0.16048986,0.25070947,0.34311405,0.35825107,0.38601598,0.36294866,0.5658519,0.62597835,0.34784776,0.4570287,0.31201482,0.3435022,0.25629655,0.3148919,0.31736717,0.32607165,0.24694762,0.014762341,0.020856673,-0.22384878,0.3773608,0.27855664,-0.090978116,0.21028972,-0.045363788,-0.17874727,0.24115208,0.076562285,0.414543,0.3206184,0.50549394,0.5881329,0.07801023,-0.053042945,0.21903005,0.0071466044,0.40421912,0.62667686,-0.15932012,-0.126203,0.39922825,0.3646054,0.52334875,0.45676148,0.5961468,0.649311,0.5589009,0.55678064,0.50010157,0.3881924,0.46683335,0.58542174,0.2183167,0.6779131,0.62961537,0.57533616,0.17597039,0.23123586,0.3779113,0.38577422,0.052534435,-0.070826456,0.38035685,0.13511951,0.04463728,-0.060738754,0.00029312968,-0.21261734,0.3805712,0.2087565,0.35470945,0.36403808,0.26091015,0.1695557,0.032042824,-0.10983421,-0.18309237,-0.1058872,-0.1354552,-0.1072729,0.16912934,0.08247574,0.21468017,0.27752697,0.26316816,-0.0807686,-0.16585578,0.13602567,0.28932083,-0.031343542
0.7551823,0.69677544,0.71908295,0.7356789,0.23721021,0.29783514,0.73469454,0.7075934,0.31776977,0.29324684,0.64012563,0.5778344,0.6177095,0.6156378,0.44374487,0.35970446,0.6059043,0.5734552,1.0,0.7465651,0.5257829,0.4706609,0.53746766,0.51075083,0.2793993,0.16073039,0.19376905,0.2888577,0.46902183,0.40553546,0.45944753,0.47212365,0.6494783,0.638192,0.5383424,0.53316313,0.6116878,0.46670467,0.49424273,0.49023584,0.4596263,0.49360302,0.52453935,0.256949,0.19828975,-0.11433979,0.58431154,0.49328846,-0.101467475,0.28116387,0.113730125,-0.07169506,0.346133,0.1465406,0.59734505,0.56662685,0.729066,0.6593606,-0.11479398,0.052346546,0.38057363,0.13429476,0.45611522,0.555312,-0.099023946,-0.05193084,0.5942581,0.50252384,0.64355546,0.58372873,0.6173209,0.5792665,0.5873917,0.44146666,0.45766336,0.46077517,0.5381214,0.5900608,0.12558661,0.39426184,0.5932849,0.4703012,0.39264724,0.35973924,0.52561194,0.4675573,0.27536425,-0.15476246,0.5402119,0.29638702,0.13955574,0.2752506,0.21866663,0.0874372,0.54614913,0.29255712,0.6030458,0.5630964,0.49852243,0.4350096,0.15939945,0.025754884,0.06637317,0.13983156,0.17211771,0.18555862,0.50412714,0.33258966,0.47858262,0.47223437,0.57044387,0.23541842,-0.08078419,0.019310186,0.3779921,0.29025495
0.77435905,0.6437765,0.76237863,0.86732477,0.3628645,0.31459272,0.7767846,0.77693546,0.39078504,0.29987577,0.51760757,0.45605633,0.5856682,0.63928205,0.565128,0.5234743,0.48924243,0.38685644,0.7465651,1.0,0.41479167,0.39326915,0.3423704,0.5286352,0.39662257,0.19682445,0.18885222,0.2889404,0.43288177,0.48419267,0.47733867,0.47669417,0.56393886,0.6660952,0.47001088,0.586186,0.6034568,0.43169788,0.4960146,0.49071282,0.47978085,0.48409718,0.61717916,0.483209,0.22730897,0.033650793,0.64169157,0.60634315,-0.14125204,0.20355517,-0.091388896,-0.17110963,0.4072797,0.189492,0.65112257,0.6630953,0.6173746,0.6229185,-0.39682528,-0.09684652,0.13522297,-0.016642734,0.230434,0.38426417,-0.2702963,-0.038444087,0.4180172,0.49253118,0.292138,0.24243316,0.40795815,0.4348126,0.5447576,0.32531124,0.36550686,0.26896268,0.3970592,0.4791942,0.044933792,0.33344883,0.5507982,0.6325839,0.5071034,0.56011647,0.64182377,0.6145162,0.428708,-0.18476464,0.5938158,0.33265284,0.13864502,0.43688524,0.33808467,0.28996044,0.5222557,0.2589318,0.60322213,0.5644714,0.59043664,0.56964093,0.29928893,0.013872245,0.2185501,0.24522503,0.18947928,0.28050295,0.45902076,0.18208057,0.32851604,0.5079913,0.6257083,0.35732594,-0.004098162,0.06280628,0.4991963,0.4240964
0.2989965,0.24448572,0.5842347,0.5297526,0.35357153,0.6504095,0.5308592,0.577557,0.51614565,0.60386217,0.54678255,0.40820634,0.5571648,0.659753,0.61968005,0.5442081,0.5342661,0.46326318,0.5257829,0.41479167,1.0,0.7110398,0.67441905,0.5915804,0.44461468,0.29290694,0.2796303,0.4508299,0.64630556,0.71876097,0.7155108,0.71294147,0.46883103,0.5799857,0.41516295,0.42047212,0.467651,0.42989555,0.6954406,0.6461342,0.695567,0.63486236,0.24816027,-0.013002013,-0.015121007,-0.20998415,0.30075788,0.23806897,-0.098886736,0.14495859,-0.3066664,-0.30768043,0.21934076,0.08962529,0.52998984,0.44353202,0.33927202,0.2449332,-0.26031798,-0.23657602,0.087256186,-0.2483042,0.30688417,0.26698172,-0.09177252,-0.26513484,0.29850486,0.17361659,0.30718982,0.15675236,0.6526704,0.6764952,0.6922255,0.65394586,0.64050573,0.42465535,0.26405036,0.23939791,-0.010260276,0.3983115,0.5072892,0.5082131,0.6091999,0.58367944,0.5371429,0.2862907,0.37779832,0.2690227,0.67489755,0.5302266,0.20782597,0.29350978,0.30994952,0.22929119,0.4570512,0.18766062,0.432961,0.25840092,0.3787695,0.37165877,0.28227687,0.17142253,0.19029117,0.16636209,0.29109132,0.3070201,0.4322259,0.28588325,0.34568933,0.30562362,0.25747293,-0.0034828645,0.035852283,0.046699908,0.5169661,0.3622854
0.26805073,0.3349283,0.51452136,0.48836648,0.37233236,0.53411394,0.5212349,0.57438296,0.46150127,0.52091825,0.425694,0.23697951,0.32359454,0.49697474,0.48493803,0.39981025,0.41573805,0.36384395,0.4706609,0.39326915,0.7110398,1.0,0.42935982,0.4118911,0.22872059,0.16254194,0.4664915,0.5474478,0.48850644,0.6036114,0.5200997,0.5386287,0.3863071,0.47951892,0.36118194,0.5009907,0.47694206,0.582322,0.7750582,0.71197987,0.655381,0.78403604,0.24078923,-0.01991762,-0.10296207,-0.30550715,0.3200814,0.26157585,-0.17115489,0.076446764,-0.31554446,-0.341812,0.13612016,-0.12934913,0.52810764,0.47166178,0.29167098,0.24013747,-0.37123418,-0.35849607,0.06516633,-0.2911445,0.39916953,0.05587732,-0.117602594,-0.29556236,0.24835761,0.114023,0.17289902,0.089081176,0.6931613,0.6394296,0.57159036,0.70130754,0.38305706,0.2961088,0.26054668,0.1862852,-0.04498007,0.32992443,0.37978086,0.36355153,0.51066273,0.41058385,0.34418252,0.19698232,0.34101105,0.29343843,0.51676786,0.44203988,-0.09644192,0.041349806,0.033374682,0.10358793,0.52099997,0.1415723,0.4298427,0.2993828,0.2635002,0.21023385,-0.01606055,0.19045395,-0.046891805,-0.044603672,0.043468982,0.054639917,0.36644304,0.16626991,0.4006607,0.3528093,0.18357816,-0.10067412,0.10614071,0.11734416,0.48942727,0.13045862
0.2215011,0.23309505,0.5890733,0.44114426,0.17310525,0.49773595,0.39326015,0.4292841,0.5108812,0.54509246,0.5434942,0.39551148,0.5411826,0.5543921,0.5370022,0.5429727,0.5158452,0.38032857,0.53746766,0.3423704,0.67441905,0.42935982,1.0,0.7055659,0.3484045,0.1719183,-0.14078496,0.19435076,0.5768749,0.5849895,0.7213549,0.7249517,0.39913115,0.47127098,0.28593192,0.20152338,0.3739179,0.1621522,0.44100836,0.33232605,0.40079215,0.36939055,0.12992866,-0.13487314,-0.046381686,-0.38227096,0.13895603,0.10298093,-0.124270365,0.014667892,-0.06598346,-0.19461936,0.22695965,0.09520442,0.41085818,0.3008823,0.27041474,0.16371188,-0.18088034,-0.09170737,0.046329543,-0.14631325,0.18752454,0.33207166,-0.093698785,-0.2786592,0.25775993,0.020250492,0.37338117,0.23673642,0.4608729,0.50055915,0.49686012,0.414082,0.6945462,0.5096798,0.19848444,0.19837113,-0.061892815,0.22542152,0.29896516,0.30295116,0.59378666,0.5154257,0.37951794,0.084423296,0.23963399,0.09579201,0.55435985,0.51981765,0.30151138,0.3425954,0.4702498,0.25707838,0.2552676,0.1346431,0.25237772,0.19984068,0.42384163,0.38791972,0.27218574,0.1466479,0.2659759,0.24489687,0.38194644,0.35451677,0.5659963,0.55606204,0.21963346,0.0008951777,0.123399734,-0.011868887,-0.10066659,-0.26818314,0.2955288,0.40479168
0.35851207,0.22662848,0.75078714,0.64863354,0.4673688,0.4134784,0.47727334,0.46862534,0.6093336,0.5442699,0.4610601,0.27734002,0.4978862,0.6090514,0.70454663,0.7692261,0.4162502,0.19137245,0.51075083,0.5286352,0.5915804,0.4118911,0.7055659,1.0,0.44852224,0.15221874,-0.013933414,0.2631859,0.6596459,0.72673184,0.69362,0.7810954,0.30792937,0.4166418,0.39509362,0.33802608,0.5141524,0.27190334,0.54275954,0.44142973,0.48856354,0.45176965,0.33065102,0.19857593,0.118681684,-0.06557695,0.30559376,0.32470208,-0.3019426,0.060954027,-0.053401146,-0.13030596,0.19706695,0.2845692,0.52729714,0.48413312,0.24983063,0.20668383,-0.28872573,-0.15920931,-0.01542725,-0.018300688,0.030634264,0.3200728,-0.1938836,-0.05897043,0.3197806,0.17394246,0.29131585,0.12285538,0.26682317,0.32459387,0.5015209,0.25768876,0.52955776,0.4218714,0.1602979,0.20359968,0.09805321,0.18266405,0.36427346,0.55085146,0.75031435,0.75408685,0.5547755,0.34321648,0.49725834,0.044728383,0.67071736,0.5828721,0.327178,0.6237444,0.62114024,0.5430512,0.260576,0.19216803,0.3828139,0.3271216,0.6068705,0.6206768,0.42292184,0.28130004,0.5018,0.50915974,0.4816766,0.527859,0.69230026,0.51352143,0.19246888,0.15604885,0.41959566,0.3134818,-0.06917813,-0.13810118,0.5037635,0.6911075
0.33142367,0.14434609,0.3791203,0.3936688,0.43404657,0.57512414,0.38867497,0.49282926,0.41737908,0.4988296,0.37781018,0.36523947,0.55237335,0.593822,0.6567166,0.6317654,0.5375833,0.31339756,0.2793993,0.39662257,0.44461468,0.22872059,0.3484045,0.44852224,1.0,0.6610026,0.27627316,0.39777815,0.3507342,0.5077381,0.600525,0.514095,0.39359626,0.49900314,0.33942717,0.30530787,0.2625664,0.06809495,0.3140086,0.3726072,0.40732417,0.24953759,0.4103248,0.1773687,0.17999761,0.06538912,0.3430838,0.25062484,-0.027673703,0.26853058,-0.2591524,-0.29577094,0.38109452,0.19094327,0.34202397,0.40581697,0.304162,0.25912553,-0.24072243,-0.117588274,0.10293078,-0.20237708,0.20512442,0.32434946,-0.19610193,-0.16569486,0.23467852,0.25760192,0.12577924,0.08401212,0.21686888,0.29148626,0.47003448,0.237048,0.48543072,0.06097515,0.12762435,0.18737574,-0.11163955,0.38647145,0.54619163,0.66000116,0.61188996,0.73487043,0.7019094,0.4615723,0.531727,0.20148413,0.6386873,0.49337876,0.38040844,0.4246244,0.46155936,0.41689235,0.24751587,-0.040411282,0.30468556,0.13416657,0.44509453,0.51714176,0.61087,0.23851019,0.47747198,0.37048945,0.3416913,0.44888335,0.25124106,0.0026549795,-0.028569994,0.24096155,0.31666186,0.17166045,0.16238347,0.26876965,0.6311329,0.50911754
0.20474567,0.14120507,0.15117025,0.21217687,0.23831104,0.5333409,0.23933339,0.31557083,0.1804171,0.3480986,0.30258656,0.36045155,0.42022225,0.37520596,0.45554385,0.3896415,0.44779527,0.35187373,0.16073039,0.19682445,0.29290694,0.16254194,0.1719183,0.15221874,0.6610026,1.0,0.41825187,0.54092455,0.10423375,0.29954785,0.30657157,0.19872451,0.3798881,0.43208614,0.31396,0.2324696,0.16488142,-0.021797221,0.21155001,0.30897027,0.22330433,0.14563364,0.30114272,0.21873884,0.3112115,0.058788326,0.32592094,0.20379004,-0.04650309,0.25218424,-0.16489838,-0.18288524,0.24294133,0.08474316,0.28840584,0.32369363,0.29254928,0.26490697,-0.09302076,-0.08959208,0.22050853,-0.06404297,0.30644765,0.3255228,-0.040264454,-0.077212945,0.31893647,0.32244208,0.122855574,0.10567977,0.10143597,0.15217502,0.23997289,0.105801314,0.21955514,-0.12901436,0.05052855,0.13443652,-0.14669861,0.2585369,0.43935707,0.44446594,0.39001518,0.44811943,0.5375231,0.34673992,0.365461,0.2420085,0.5263826,0.37911868,0.32541606,0.22961478,0.28868037,0.11964367,0.1879343,-0.059703182,0.2409183,0.076525435,0.312878,0.3454253,0.43359745,0.08159353,0.2915095,0.22333911,0.16664614,0.23244469,0.11272345,-0.11341843,-0.14875664,0.14966415,0.19069828,0.015235196,0.23213716,0.28024328,0.5602663,0.2818262
0.21196373,0.17925285,0.12811568,0.21195799,0.32956755,0.33156234,0.2923959,0.26499313,0.055313442,0.13221878,0.17257024,0.120221004,0.18170425,0.24515036,0.2357068,0.09591147,0.24644738,0.16048986,0.19376905,0.18885222,0.2796303,0.4664915,-0.14078496,-0.013933414,0.27627316,0.41825187,1.0,0.63267547,0.061547037,0.18399343,0.043863233,0.0026205503,0.33540457,0.2718169,0.33515343,0.35443115,0.32232898,0.28224593,0.43337527,0.47159562,0.43590915,0.42167982,0.17072925,0.18940865,0.14156263,0.14588365,0.3631887,0.25181133,-0.020491771,0.23481788,-0.29888615,-0.25014758,0.12892498,-0.047878984,0.31398702,0.3503888,0.2853619,0.29072893,-0.1276189,-0.11911423,0.22863735,-0.101414576,0.29835165,0.01215604,-0.012142015,-0.027786035,0.3015229,0.3570036,0.07363348,0.11556513,0.2566999,0.21093772,0.25921062,0.2636634,-0.037764627,-0.112665966,0.18358041,0.15537412,0.05403196,0.18751873,0.37089753,0.23572041,0.14010535,0.15224133,0.32804948,0.33365297,0.34531966,0.3210124,0.3018763,0.14800602,-0.038133573,-0.02844452,-0.11377204,-0.07499606,0.33808026,0.11847426,0.35637617,0.22437334,0.13121088,0.1177769,0.05581045,0.037512105,-0.0147729,-0.12700173,0.004251175,-0.016394837,-0.023595933,-0.3260142,0.14334233,0.3936431,0.18716733,-0.0672739,0.2651848,0.5569421,0.40925586,0.047275133
0.2025844,0.2063772,0.32555997,0.38812885,0.41483238,0.6300542,0.41368014,0.43506533,0.2438841,0.38205653,0.3470544,0.2375423,0.4001341,0.4408503,0.48343572,0.39691314,0.39362994,0.25070947,0.2888577,0.2889404,0.4508299,0.5474478,0.19435076,0.2631859,0.39777815,0.54092455,0.63267547,1.0,0.2912966,0.45794356,0.3560241,0.31299222,0.41418165,0.46159685,0.4219493,0.46735188,0.36864465,0.2534029,0.52249646,0.5079952,0.50238186,0.444208,0.31590423,0.13793121,0.1554626,-0.06960393,0.3516105,0.24043493,-0.15848137,0.11623376,-0.36789933,-0.3466848,0.17499511,-0.16052581,0.466358,0.42987493,0.31935677,0.27748466,-0.3325469,-0.20301718,0.07997295,-0.21647549,0.2869925,0.12002894,-0.101949655,-0.23738405,0.34799293,0.27149954,0.04581178,-0.022698734,0.3569353,0.3818087,0.42833266,0.33098236,0.24652505,0.0070552696,0.18912132,0.13422588,0.0004513681,0.26841787,0.42217937,0.36521563,0.46855313,0.45907465,0.45984894,0.26580745,0.5059356,0.40105274,0.5614585,0.4458073,0.19630764,0.211235,0.21351379,0.24299753,0.32406583,-0.038722828,0.34940776,0.14616708,0.33012345,0.3654174,0.24418053,0.14582485,0.23363452,0.13292827,0.2550658,0.27734447,0.25399423,-0.11435766,0.07537283,0.22346759,0.1838831,0.019555341,0.2936083,0.34697035,0.61278534,0.31647646
0.30742934,0.28621477,0.61640155,0.54667515,0.38748488,0.48049676,0.5651818,0.5094619,0.46265322,0.47629893,0.6010285,0.40869993,0.5100285,0.61966634,0.6444416,0.5601063,0.45001072,0.34311405,0.46902183,0.43288177,0.64630556,0.48850644,0.5768749,0.6596459,0.3507342,0.10423375,0.061547037,0.2912966,1.0,0.76189417,0.62100244,0.7162378,0.26890296,0.38883263,0.3112214,0.267679,0.4890553,0.4505511,0.56498927,0.52298146,0.60869324,0.50546724,0.23487754,0.103031754,-0.034033097,-0.04085136,0.23648392,0.24944504,-0.18579216,0.030739712,-0.1534753,-0.2671347,0.19977717,0.049706407,0.5790527,0.49118736,0.3221159,0.22674532,-0.20921467,-0.11378381,0.011535873,-0.104873784,0.09785976,0.16631849,-0.14116,-0.18283918,0.27662927,0.17532201,0.27876514,0.14674678,0.48631993,0.58234763,0.57815856,0.42693216,0.56817067,0.4584052,0.21228561,0.18029897,0.34620196,0.37389624,0.49868116,0.4931711,0.63180286,0.56991166,0.5081418,0.29105672,0.5095527,0.20695597,0.6287855,0.54234934,0.1912355,0.40637657,0.42714775,0.3506627,0.26475236,0.20330477,0.35293877,0.31561324,0.48276642,0.4855529,0.4089169,0.17178024,0.30138496,0.35503963,0.33727348,0.35027498,0.5553856,0.30884406,0.23527437,0.19027464,0.3224322,0.12062167,0.0155586535,-0.027362872,0.3994334,0.46030053
0.3052714,0.25789338,0.6448632,0.6039787,0.48905855,0.6375744,0.55298126,0.63161606,0.63650197,0.67495775,0.45778432,0.3029871,0.48124287,0.69695294,0.7776795,0.7713856,0.43851683,0.35825107,0.40553546,0.48419267,0.71876097,0.6036114,0.5849895,0.72673184,0.5077381,0.29954785,0.18399343,0.45794356,0.76189417,1.0,0.7489837,0.79884607,0.2942184,0.5066219,0.4132977,0.4621099,0.54034305,0.5158455,0.6941403,0.6726458,0.6907706,0.6285617,0.36243057,0.18884258,0.0387035,-0.07093306,0.37113994,0.41237247,-0.21608807,0.020856578,-0.33221197,-0.27280658,0.18472593,0.042456374,0.6173317,0.60174143,0.24352957,0.2527794,-0.3339777,-0.24664576,-0.11195767,-0.23172066,0.07979281,0.18497789,-0.17117247,-0.21815413,0.32414672,0.22176804,0.16489209,-0.009427142,0.48713997,0.5829456,0.6077445,0.551561,0.5639185,0.3377727,0.22806828,0.22851878,0.13162015,0.42326444,0.47601646,0.6767361,0.7637651,0.7774947,0.61895597,0.42434558,0.57209617,0.32508945,0.74639654,0.7152507,0.18978243,0.4739989,0.50862014,0.46642008,0.4252208,0.20718956,0.4834075,0.3378756,0.5778411,0.57526296,0.42701066,0.32352576,0.3712691,0.35382912,0.34312496,0.39537415,0.57954717,0.26415637,0.27957463,0.31786376,0.37821648,0.14701992,0.168742,0.007976412,0.58938193,0.5339659
0.28090787,0.17631966,0.6196463,0.52640194,0.41000763,0.6221914,0.5185024,0.63072455,0.59580237,0.6562072,0.54771477,0.33054152,0.61386025,0.73019314,0.6865105,0.69468427,0.5802666,0.38601598,0.45944753,0.47733867,0.7155108,0.5200997,0.7213549,0.69362,0.600525,0.30657157,0.043863233,0.3560241,0.62100244,0.7489837,1.0,0.895056,0.36519226,0.6090022,0.27169764,0.28823084,0.27532288,0.23434593,0.47504595,0.44205475,0.53022724,0.39891335,0.28930324,-0.08780814,-0.10559736,-0.2635198,0.19818945,0.1703779,-0.099149145,0.09603724,-0.2906372,-0.37291574,0.3265215,0.11182389,0.41510835,0.3990202,0.2667124,0.15531723,-0.40218985,-0.21314156,-0.05107973,-0.33787253,0.20650014,0.27461046,-0.27967244,-0.357679,0.12076463,-0.0025855391,0.15594618,-0.014285823,0.54129225,0.63429075,0.6579953,0.5378481,0.71193016,0.31541678,0.11193283,0.10824284,-0.071452886,0.44571462,0.4851966,0.605671,0.700606,0.7439676,0.596395,0.23995945,0.3985927,0.2171176,0.66909885,0.5655204,0.31025994,0.38050583,0.4726875,0.38813332,0.27500656,0.0059455885,0.26302,0.14326221,0.43586594,0.44518906,0.36430117,0.24816951,0.3289228,0.28972366,0.35715467,0.4073203,0.43841875,0.27568093,0.1725905,0.1589811,0.20133804,0.038374513,0.03909826,0.0021173712,0.56830686,0.4613777
