1.0,0.4424082,0.10889612,-0.034787543,-0.27171466,-0.22161575,0.5981437,0.23767257,-0.2702652,-0.13926716,0.48369232,0.027322933,0.3785619,0.014719162,-0.29978535,-0.33955127,0.32909802,0.054527927,0.5874741,0.573365,0.31977096,0.06435347,0.15236367,-0.44681165,-0.57408375,-0.6018936,-0.060139533,-0.2675665,0.21787632,0.22571278,-0.20533177,-0.68475074,0.5363187,0.43462655,0.11076572,0.2544189,0.024708657,0.087821685,0.15900774,0.03668229,0.31134588,-0.012481509,0.62051517,0.5787574,0.24510731,0.3747094,0.5842229,0.51327264,0.37869775,0.12360065,0.21797329,0.4024848,-0.07414829,0.19509266,0.40177062,0.16046625,0.76710516,0.4860549,0.40059745,0.3922958,0.5445804,0.33970925,0.36235905,0.48798832,0.3982617,0.39802027,0.640987,0.63856804,0.55815834,0.28003252,-0.17228256,-0.5027694,0.07005288,-0.34656808,-0.2663838,-0.50497866,0.19440763,-0.1810231,0.30270082,-0.12332627,0.6572133,0.25497052,-0.30406207,-0.47849524,0.40135273,0.28180084,-0.36222768,-0.5660921,0.24479738,0.35059467,0.033120606,0.37964204,0.1813084,0.005266,0.1255782,-0.007993531,-0.089843854,0.14357686,0.47558972,0.344028,-0.013160699,0.03278983,0.0111279925,0.057839226,0.03663943,0.05446708,-0.20476493,-0.12231457,0.036373362,0.04372676,0.16694722,0.57296413,0.20705856,0.1625758,0.15276714,0.2104524
0.4424082,1.0,0.40519834,0.51107806,-0.12571287,-0.4896764,0.56722707,0.5638176,-0.268527,-0.32614872,0.17997393,0.27018848,0.18721187,0.49752927,-0.42689037,-0.110099785,0.114133395,0.08660108,0.6374957,0.7875965,0.23414515,0.068325885,0.08686443,0.14401129,-0.5131811,-0.33039445,0.049727343,-0.3266098,0.07496467,0.23876013,-0.16257401,-0.22234052,0.45406818,0.63425225,0.059096057,0.29235876,-0.051558197,0.12832472,0.028821744,0.12963831,0.3099263,0.08151153,0.2891328,0.5185121,0.012939977,0.33365217,0.36876458,0.47677034,-0.04453788,0.05253669,-0.0019892794,0.49796456,0.028565165,0.23013665,0.06473185,0.10605919,0.17742683,0.8089948,0.25601634,0.3404768,0.33747864,0.38591126,0.005299639,0.7485492,0.03697907,0.55827695,0.60849416,0.5369497,0.53696984,0.54915786,-0.41764814,-0.050007556,0.20063402,-0.08190808,-0.36389387,-0.3355886,0.003025891,-0.18168472,-0.15009792,-0.20721096,0.030687388,0.51056176,-0.5735985,-0.32507578,-0.2677983,0.6191186,-0.5638034,-0.47005168,-0.16376735,0.4963902,-0.030351112,0.45095536,0.153184,0.23406163,0.098821506,-0.039508384,0.033135943,0.14208446,0.11182287,0.43613905,-0.30433756,0.1742056,-0.25809297,0.10380811,-0.09946817,0.008665168,-0.26389334,-0.12810676,0.054655623,-0.05115547,0.19707339,0.4877624,0.31117994,0.319609,0.28298038,0.16784899
0.10889612,0.40519834,1.0,0.7227645,-0.20200755,-0.34535044,0.61107975,0.6566431,-0.331149,-0.31982666,0.2202557,0.25849253,0.33432144,0.42733783,-0.18422179,0.071271226,0.22722958,0.29142028,0.5969672,0.43999714,-0.16382112,-0.11500025,0.627223,0.48524863,0.08314657,0.20954043,-0.12340667,-0.28451902,0.07632227,0.06498922,0.46238658,0.2887387,0.26766965,0.3857721,0.18284066,0.21044587,-0.22563295,0.06323245,-0.21713927,-0.024660472,-0.09219534,-0.11899357,0.09880731,0.13062644,0.08608092,0.05215263,0.2255131,0.22763361,-0.11478343,0.16388719,-0.27794793,0.05247658,0.112450756,0.124967694,-0.1344711,-0.14289036,0.023433702,0.4506839,-0.034439478,0.117469594,0.10584624,0.10665204,0.16075653,0.44039372,-0.031009588,0.078177154,0.29968503,0.109659925,0.25319606,0.35021013,-0.043925986,0.09846427,0.07131181,0.123650305,-0.229153,-0.15046363,0.057967544,-0.10865203,-0.12432492,0.19675457,-0.18633136,0.23519544,-0.1346462,-0.24973091,-0.1809448,0.22603339,-0.24791853,-0.21481235,-0.18209766,0.23798822,0.2354755,0.3071901,-0.053437553,0.2913597,0.13300703,-0.0023813965,0.17615485,0.17904054,0.056708824,0.25968707,-0.14283153,0.26446915,-0.10025896,-0.11614514,-0.14798166,-0.12791742,-0.19139148,-0.085180804,-0.0035447697,0.019139498,0.30908534,0.3349236,0.27660438,0.3525058,0.36940798,-0.06517621
-0.034787543,0.51107806,0.7227645,1.0,-0.106806986,-0.26523906,0.5039294,0.6874767,-0.15269694,-0.10769256,0.11859267,0.33421254,0.2803532,0.5545107,-0.083662815,0.24254802,0.2185595,0.25712037,0.48669294,0.41535673,-0.034626693,0.047141913,0.49189633,0.6667433,0.047889892,0.20683151,0.015912307,-0.12121061,0.14853925,0.16627875,0.38308406,0.42471215,0.28163022,0.49759656,0.19331206,0.30508962,-0.074857265,0.17373511,-0.06659981,0.13021536,0.041497834,0.06081292,-0.108757354,0.08610732,-0.08882845,-0.012032958,0.12280146,0.2423451,-0.19650915,-0.010100389,-0.17838998,0.049690805,0.053441558,0.10014849,-0.124647416,-0.01405603,-0.19424698,0.4331976,-0.1645294,0.0058822925,-0.0033033974,0.079815604,-0.04505126,0.38709903,-0.21780711,0.06796358,0.17071337,0.06779028,0.15958574,0.35329676,-0.026621034,0.37217873,0.18724267,0.2620349,-0.096402064,0.095620446,0.0788024,0.1264987,-0.18465294,0.15780608,-0.25508794,0.29069632,-0.23481637,-0.0044429763,-0.2952243,0.33956772,-0.3211559,-0.070573375,-0.17064488,0.2627292,0.15053192,0.30071422,0.08930531,0.30516502,0.21311827,0.09740119,0.14730011,0.2848819,-0.06298233,0.26565725,-0.13819459,0.26495776,-0.12594901,0.0006274245,-0.13446954,-0.074205115,-0.19086869,0.00575911,0.15671174,0.10101268,0.32509997,0.15037292,0.24097489,0.3302801,0.35478073,0.1093067
-0.27171466,-0.12571287,-0.20200755,-0.106806986,1.0,-0.022301827,-0.22200057,-0.050891597,0.736149,-0.03305702,-0.14216496,0.004059481,-0.20787181,0.0805222,0.24610305,-0.14773096,-0.2976894,-0.21616748,-0.15259564,-0.15880236,-0.12273328,0.004366881,-0.4162905,-0.023817798,0.02378305,0.1331022,0.6912535,0.35390496,-0.18365316,-0.14459315,-0.24358603,0.020162413,-0.23996925,-0.29076478,-0.12877515,-0.16954528,0.1312764,-0.17069727,0.093561575,0.022546731,0.045294344,0.024455706,-0.26025346,-0.16305903,0.16965382,-0.011733855,-0.17618454,-0.0815831,-0.069678165,-0.077345714,0.050762437,-0.113810554,0.012471581,-0.058381144,0.08428443,0.23281084,-0.3167135,-0.31364742,0.09431058,-0.014394842,-0.17996079,-0.1504311,-0.12507346,-0.2951337,-0.07903318,0.019745935,-0.26392668,-0.16619292,-0.05200425,-0.27432343,0.1577833,0.20063713,-0.019185217,-0.0069583636,0.17095612,0.19308513,-0.092681535,0.16381565,-0.024922255,-0.20574373,-0.15487294,-0.060268436,0.2969266,0.1473957,-0.08380391,-0.021812446,0.5241843,0.20919025,0.12344694,-0.19539146,-0.13454513,-0.3841654,0.11393407,-0.30445236,-0.24643824,0.16137092,-0.0017835911,0.0050365007,-0.39990148,-0.36019763,-0.16056606,-0.40759042,-0.13820744,-0.08757611,-0.19317995,-0.0015474651,0.36564937,0.08142296,0.07502744,0.13542475,0.043289453,-0.45089284,-0.43300512,-0.5592549,-0.46893537,-0.10452148
-0.22161575,-0.4896764,-0.34535044,-0.26523906,-0.022301827,1.0,-0.2879335,-0.3826004,0.21510237,0.6545148,-0.09021433,-0.28537902,-0.071208075,-0.3582498,0.3980878,0.32258403,-0.07524901,-0.08588555,-0.36425993,-0.41676304,-0.14791435,-0.0069930376,-0.031855285,-0.026558066,0.26482618,0.1345965,0.16637017,0.50502914,-0.002184837,-0.10924864,0.145643,0.18669663,-0.18025817,-0.2164446,0.086908944,-0.036362737,0.009563199,-0.0847372,0.00053938146,-0.0005178897,-0.16258466,-0.11111416,-0.17601286,-0.3360889,-0.10376548,-0.35328084,-0.21118155,-0.27986234,-0.060097475,-0.24675152,0.019458057,-0.24490836,-0.029277606,-0.12568367,0.016735848,0.038956407,-0.14576568,-0.5649947,-0.25852302,-0.38309598,-0.34781897,-0.25641575,0.064289816,-0.5281786,-0.008940392,-0.35401654,-0.3647427,-0.35263345,-0.29297808,-0.27627227,0.38183177,0.16871119,-0.14628254,0.023601642,0.29602602,0.32247308,-0.04392633,0.29621106,0.18341799,0.16016509,0.10136037,-0.29309106,0.30525085,0.54600936,0.33258072,-0.40489194,0.31590378,0.5164622,0.39107734,-0.23603943,-0.063879006,-0.34571972,0.03148341,-0.26098984,-0.015294558,0.052468907,-0.07533783,-0.05858112,0.08540998,-0.3695381,0.3981201,-0.27173,0.44305697,0.24848053,0.24020706,0.25949916,0.16122952,0.17605123,0.20268989,-0.053094972,-0.040007528,-0.3598295,-0.326787,-0.16515537,-0.28160152,0.046415403
0.5981437,0.56722707,0.61107975,0.5039294,-0.22200057,-0.2879335,1.0,0.6769683,-0.2808468,-0.21849948,0.53896165,0.2830453,0.60057944,0.39385632,-0.2630962,-0.19535345,0.43763587,0.25420445,0.73456144,0.6213986,0.09549305,0.059850506,0.4578344,0.07600368,-0.40021494,-0.28378108,0.02798568,-0.20635623,0.3557805,0.26507366,0.1695074,-0.19885355,0.5917475,0.63825333,0.23211634,0.3450529,0.0688669,0.12359404,0.07429973,0.031587295,0.23925835,-0.036393493,0.34926102,0.41112086,0.19067602,0.2233726,0.48868394,0.48625422,0.12438636,0.07061082,-0.06908218,0.3265578,0.116778046,0.20192435,0.22447185,0.0032562865,0.41956916,0.53527933,0.27041999,0.26466143,0.38986635,0.1689898,0.21493213,0.53336096,0.16790667,0.28316593,0.52951324,0.4296049,0.48236552,0.32099858,0.03479553,-0.052625474,0.2793211,-0.043638013,-0.16479869,-0.27337092,0.33738515,0.020366414,0.17157324,0.08797866,0.38368466,0.41038886,-0.30585116,-0.38827112,0.16506231,0.3211408,-0.33554086,-0.44287312,0.13815734,0.2770263,0.11657688,0.3027674,0.18377203,0.030782532,0.239922,0.076110415,0.15492535,0.26218238,0.2600012,0.24069212,-0.118180946,0.06548972,-0.10854801,-0.021171063,-0.1380309,-0.03911311,-0.27971643,-0.16653545,0.118612,0.16371109,0.36286324,0.43931007,0.20896189,0.15560664,0.2641384,0.15159877
0.23767257,0.5638176,0.6566431,0.6874767,-0.050891597,-0.3826004,0.6769683,1.0,-0.18967302,-0.21693207,0.44118744,0.5990023,0.5676288,0.74926996,-0.17351812,-0.08927032,0.3283445,0.48195213,0.57326335,0.4755951,0.13757078,0.07088496,0.5266249,0.3395894,-0.23055714,-0.087342344,0.12735635,-0.18347074,0.356427,0.48395276,0.37834468,0.14908843,0.40838456,0.5331501,0.17672282,0.32471853,0.14748901,0.3315762,0.12759449,0.18358608,0.21124844,0.16507524,0.07719096,0.29038537,0.08358639,0.07142342,0.33623785,0.424462,0.04624873,0.011260916,-0.24023464,0.18545653,-0.012409239,0.11270379,0.1297414,0.1500735,0.08762009,0.5134118,0.056047287,0.110912435,0.12480683,0.0701231,0.0883672,0.45675412,-0.004730819,0.20024602,0.36313617,0.28457177,0.25808778,0.25677973,0.11591073,0.29083228,0.41925144,0.34647095,0.024665844,0.025418084,0.3393552,0.2268293,0.04961564,0.269123,0.0865599,0.6080978,-0.2002055,-0.2773893,-0.037383,0.4852054,-0.28263345,-0.33529618,-0.051423926,0.3809544,0.17280206,0.34959674,0.099854164,0.14940922,0.28275415,0.21923962,0.35856017,0.38907173,0.032833926,0.31292617,-0.11381069,0.0742567,-0.27302507,-0.1357303,-0.19147898,-0.041584004,-0.12721528,-0.1086986,0.22510114,0.28086442,0.42675292,0.35529354,0.21214567,0.21544428,0.4083462,0.1220915
-0.2702652,-0.268527,-0.331149,-0.15269694,0.736149,0.21510237,-0.2808468,-0.18967302,1.0,0.3214898,-0.17096959,-0.09430812,-0.16697276,-0.0068884515,0.54195744,0.17170806,-0.17934683,-0.17972362,-0.22786622,-0.2801077,-0.02842889,0.25031906,-0.36599237,0.036697738,0.19915296,0.18819125,0.61412007,0.48141655,-0.05500575,-0.07378555,-0.23267037,0.061510347,-0.20492424,-0.26667684,-0.06567359,-0.15381677,0.1894593,-0.015197154,0.2470336,0.16754234,0.1280107,0.1727188,-0.24799578,-0.30526683,0.04393279,-0.1365777,-0.20021895,-0.20348424,-0.13660973,-0.17413302,0.1376622,-0.24682668,-0.09189738,-0.079158984,0.16895851,0.31893972,-0.26735362,-0.45420942,-0.012372397,-0.19653738,-0.24556243,-0.24949285,-0.12836073,-0.42564338,-0.11168995,-0.15615611,-0.37913537,-0.26203778,-0.17197989,-0.34372348,0.32081774,0.23154528,-0.04010595,0.08839732,0.31049874,0.3471092,0.0030253374,0.27447122,0.058816724,-0.02584871,-0.018256044,-0.11460239,0.33769575,0.4183209,0.100114346,-0.15545474,0.5480307,0.33342558,0.32100338,-0.21532072,-0.16725585,-0.43444332,0.17657152,-0.36803144,-0.06081954,0.28377405,0.0017469142,0.09763057,-0.22154762,-0.35836777,0.09325426,-0.377137,0.017813604,-0.046764094,-0.06163477,-0.022120742,0.34084204,0.107140265,0.20699859,0.17620106,-0.038878784,-0.518142,-0.43871543,-0.4831399,-0.39835986,0.11929811
-0.13926716,-0.32614872,-0.31982666,-0.10769256,-0.03305702,0.6545148,-0.21849948,-0.21693207,0.3214898,1.0,0.040112622,-0.12702322,0.066561796,-0.15267594,0.5363114,0.4816916,0.07954273,-0.013849693,-0.21991438,-0.3253834,0.14991441,0.24800265,0.07587229,0.015289275,0.24656168,0.11745125,0.11886054,0.46820438,0.19064619,0.09928268,0.11859928,0.10766128,0.017466785,-0.023105066,0.14547235,0.15427408,0.18784292,0.14818536,0.2237273,0.20014411,0.017776547,0.1715318,-0.18161659,-0.31901404,-0.19464868,-0.2766145,-0.09356273,-0.1057896,-0.1421685,-0.29778644,0.014914628,-0.15869324,-0.15727378,-0.091066815,0.16436532,0.198826,-0.07739607,-0.40254295,-0.26662204,-0.3641039,-0.23736313,-0.22414301,0.019383838,-0.40166932,-0.025771739,-0.37500083,-0.27525616,-0.23912701,-0.20133644,-0.2518961,0.4450579,0.2765325,-0.00038153597,0.18198451,0.31962302,0.4102123,0.16911165,0.4665294,0.30033356,0.20921953,0.17553516,-0.14679599,0.31217706,0.521508,0.37059638,-0.13710536,0.20306234,0.40659654,0.3270149,-0.009246153,-0.07395677,-0.20279165,0.18931802,-0.092976086,0.09656973,0.23517793,0.020746542,0.1742177,0.10553977,-0.18682857,0.4709152,-0.12657249,0.31762567,0.117214575,0.18319854,0.26020634,0.10841621,0.14127555,0.29605317,0.08858409,0.078845605,-0.23630516,-0.24783823,-0.050724078,-0.08635276,0.20305765
0.48369232,0.17997393,0.2202557,0.11859267,-0.14216496,-0.09021433,0.53896165,0.44118744,-0.17096959,0.040112622,1.0,0.40603012,0.7928405,0.3319973,0.072707735,-0.14575304,0.7192139,0.5185858,0.35732302,0.22972786,0.31082383,0.17986396,0.47935146,-0.12075673,-0.2885145,-0.22044784,0.05675781,-0.07619134,0.6898518,0.46599787,0.37276036,-0.13000032,0.47561726,0.41165805,0.35804,0.42614448,0.36960116,0.29701066,0.35591856,0.17597966,0.25661168,0.14595924,0.22167954,0.28814894,0.08664271,0.040184926,0.5323276,0.450602,0.2263555,-0.09986509,-0.07997467,0.17151791,-0.037611824,0.08085667,0.46803194,0.17710172,0.37643567,0.22663325,0.12161986,0.064961016,0.24950226,-0.0430721,0.12548408,0.18163572,0.20162971,0.06741608,0.3056942,0.3052887,0.1294235,-0.032112952,0.33379248,0.103104785,0.5245353,0.16306739,0.22082062,-0.04398668,0.62304014,0.41485888,0.534089,0.41614035,0.57701707,0.39060807,0.07496619,-0.32322222,0.48059136,0.18391673,-0.16571547,-0.3231247,0.15355001,0.25855574,-0.010000586,0.33311117,0.2074577,0.0016125983,0.35113764,0.26456302,0.3852915,0.4461549,0.20816596,0.23410788,0.053298198,-0.0033096909,-0.10748066,-0.17111146,-0.0646763,0.053356778,-0.10377096,-0.0014931853,0.28888166,0.42276046,0.44517517,0.33039477,0.16915368,0.059388276,0.30740392,0.16454645
0.027322933,0.27018848,0.25849253,0.33421254,0.004059481,-0.28537902,0.2830453,0.5990023,-0.09430812,-0.12702322,0.40603012,1.0,0.4070051,0.69560266,-0.12474644,-0.07310679,0.43437058,0.72577,0.06817433,0.08719774,0.15475668,-0.028648125,0.23220947,0.10586967,-0.24398981,-0.19585754,0.10500184,-0.14659578,0.42663926,0.6662984,0.25852475,0.15123248,0.24793509,0.3193129,0.13220924,0.23202643,0.26060033,0.41606182,0.17095806,0.11971243,0.1602874,0.20841558,-0.054986425,0.16683137,-0.08209936,-0.05389576,0.16273254,0.28084365,0.04774303,-0.005257552,-0.14344014,0.03945033,-0.013716738,-0.14942548,0.11173098,0.11998378,-0.10466515,0.3299005,-0.05315026,-0.060365036,-0.034584645,-0.079576395,-0.15577921,0.23851968,-0.051820695,-0.012164795,0.08503074,0.11132484,-0.08610757,0.10603118,0.10561176,0.40289006,0.5546106,0.57256657,0.2822572,0.21268812,0.47636575,0.3600604,0.062067296,0.44326386,0.07686101,0.6847614,-0.1281423,-0.2377046,-0.036175597,0.3859211,-0.19490218,-0.29412076,-0.1020513,0.2407325,0.09796813,0.16505736,0.072059676,0.005072222,0.2759403,0.072147645,0.40295336,0.28250554,-0.10080436,0.25969622,-0.15227808,-0.06833103,-0.34129557,-0.37624934,-0.20886782,-0.17621478,-0.034420382,-0.056613415,0.09740226,0.26022938,0.21379372,0.1760678,0.21736528,0.029932873,0.21528564,0.012927675
0.3785619,0.18721187,0.33432144,0.2803532,-0.20787181,-0.071208075,0.60057944,0.5676288,-0.16697276,0.066561796,0.7928405,0.4070051,1.0,0.4596087,0.14056954,-0.04595202,0.67015034,0.52788675,0.42145732,0.2560825,0.29415712,0.30473763,0.5623267,0.07134687,-0.16876692,-0.13029206,0.07999444,0.002426583,0.71815336,0.51668036,0.4665824,0.0091740005,0.46141934,0.43385866,0.38368666,0.42290023,0.38622752,0.38003656,0.39867562,0.24462831,0.2421413,0.17429891,0.18528421,0.20436542,0.061722826,-0.030864833,0.48522457,0.37042528,0.17307058,-0.13377051,-0.14299707,0.17345595,-0.04810636,0.07496327,0.4621644,0.20118976,0.36043185,0.22110352,0.039222375,-0.019149475,0.20229356,-0.05367675,0.17595723,0.16799608,0.14846951,-0.015316957,0.28928187,0.24133305,0.14514467,-0.06315544,0.45094088,0.19432911,0.5277507,0.27184662,0.29484376,0.085627794,0.6357954,0.44051507,0.4332582,0.50312585,0.5489278,0.41729653,0.10236807,-0.17907281,0.4825999,0.17375505,-0.122710116,-0.21729568,0.2728107,0.23805547,0.08424003,0.28342986,0.26325166,-0.011251054,0.4142837,0.36617267,0.46549067,0.5004815,0.30511543,0.2333359,0.10375215,-0.023150252,-0.055548247,-0.14528385,-0.05023551,0.033735454,-0.13210045,0.004492655,0.35511884,0.5227051,0.4732764,0.29270586,0.16844508,0.123449616,0.396542,0.2844629
0.014719162,0.49752927,0.42733783,0.5545107,0.0805222,-0.3582498,0.39385632,0.74926996,-0.0068884515,-0.15267594,0.3319973,0.69560266,0.4596087,1.0,-0.03212189,0.09629033,0.3223404,0.57580775,0.3370892,0.36935207,0.18072058,0.1826421,0.31338197,0.4045268,-0.14980207,-0.014409618,0.21158443,-0.10634974,0.41741014,0.63661164,0.30009198,0.26580077,0.28368783,0.4638188,0.19038191,0.32194945,0.18295214,0.45059603,0.21570757,0.30287242,0.20930773,0.24022001,-0.04056296,0.23209167,-0.12008828,0.0092989495,0.22180475,0.3159654,-0.08701952,-0.112919495,-0.21457028,0.17707974,-0.08189091,0.011606419,0.12232508,0.22944735,-0.12674056,0.4499284,-0.0124322735,-0.025668072,0.034931894,0.008863571,-0.15923533,0.3489103,-0.11350381,0.153725,0.24022204,0.21534297,0.13655119,0.25932178,0.10159286,0.4842257,0.53138095,0.55503315,0.21707074,0.23200557,0.34467822,0.31341422,-0.03064248,0.35225686,-0.012928641,0.701187,-0.18409912,-0.087033175,-0.14786816,0.5134244,-0.22031061,-0.22394322,-0.1304033,0.41573754,0.088160776,0.28619957,0.23889495,0.12671742,0.32012445,0.2564594,0.42648223,0.39899778,-0.002077802,0.34253472,-0.113027394,0.06634628,-0.35282212,-0.18562861,-0.21255527,-0.08305599,-0.09389271,-0.063902356,0.26202002,0.30377924,0.31571034,0.2519481,0.23611246,0.19981173,0.4011395,0.19642708
-0.29978535,-0.42689037,-0.18422179,-0.083662815,0.24610305,0.3980878,-0.2630962,-0.17351812,0.54195744,0.5363114,0.072707735,-0.12474644,0.14056954,-0.03212189,1.0,0.60138047,0.1500127,0.13076021,-0.2771813,-0.36185762,0.13410054,0.40591386,0.100739844,0.20412813,0.4043595,0.3512815,0.2732908,0.44295982,0.25452608,0.09097822,0.25845277,0.28922883,-0.11791635,-0.17009519,0.3280597,0.17432939,0.26307592,0.26048994,0.4410758,0.3459551,0.03465398,0.24600708,-0.21944758,-0.34965897,-0.16664332,-0.30495363,-0.029255468,-0.15918678,-0.1699391,-0.22061688,-0.08659513,-0.2743648,-0.21681793,-0.09756761,0.3392709,0.36967215,-0.21193473,-0.48677048,-0.20107162,-0.3072361,-0.2943003,-0.30967268,-0.046494722,-0.4352346,-0.0794669,-0.282979,-0.28484812,-0.25032577,-0.32807907,-0.38174897,0.5144906,0.3310592,0.013021329,0.24000062,0.38674566,0.42443523,0.14741042,0.4435429,0.2211234,0.38090754,0.03825666,-0.12991498,0.5858373,0.57018936,0.33507583,-0.14783047,0.47152248,0.48865962,0.37287652,0.038428742,-0.2056,-0.20122436,0.15175986,0.0036334924,0.20193274,0.4357075,0.2623655,0.28052267,0.023084374,-0.16761476,0.4167858,-0.057022512,0.27053747,0.12112941,0.20626576,0.17421292,0.3704234,0.3712719,0.4053184,0.2678553,0.119529665,-0.3303459,-0.29410672,-0.21413279,-0.11604685,0.17321102
-0.33955127,-0.110099785,0.071271226,0.24254802,-0.14773096,0.32258403,-0.19535345,-0.08927032,0.17170806,0.4816916,-0.14575304,-0.07310679,-0.04595202,0.09629033,0.60138047,1.0,0.14262486,0.14996792,-0.16619243,-0.11898943,0.13443412,0.39101645,0.20695078,0.50996876,0.42413822,0.39693365,-0.01963133,0.26763415,0.15690519,0.12538558,0.30047733,0.4970522,-0.06335119,0.08671095,0.26871875,0.21430095,-0.02743263,0.3330888,0.24148528,0.41784495,-0.03904046,0.27748317,-0.21108773,-0.24320804,-0.3635875,-0.24546085,-0.073730834,-0.16028404,-0.3542144,-0.13604835,-0.14685667,-0.21075922,-0.1615519,-0.070760176,0.020928329,0.23907073,-0.34677753,-0.14615618,-0.2815877,-0.31446135,-0.23914161,-0.1028212,-0.17278562,-0.15880887,-0.21967721,-0.23634939,-0.16394715,-0.20429106,-0.2511492,0.022474997,0.16628775,0.39759538,-0.035478078,0.3085458,0.19474667,0.38812762,-0.09280546,0.2043021,-0.1043856,0.26708,-0.2737543,-0.042572133,0.21853621,0.65235424,-0.01216708,0.051671676,0.08598705,0.43939108,0.04826108,0.25731313,-0.19038892,0.098946065,0.083175056,0.33779988,0.21594965,0.2639406,0.17175432,0.176652,0.08260913,0.10735657,0.33483604,0.2874811,0.26605776,0.23216325,0.29918966,0.18929087,0.1716052,0.33075446,0.3201204,0.0049996185,0.008677579,-0.13553575,0.026740087,0.18488441,0.15676285,0.24162713
0.32909802,0.114133395,0.22722958,0.2185595,-0.2976894,-0.07524901,0.43763587,0.3283445,-0.17934683,0.07954273,0.7192139,0.43437058,0.67015034,0.3223404,0.1500127,0.14262486,1.0,0.612416,0.23618191,0.13283208,0.3425351,0.29382434,0.4735066,0.053032756,-0.120850466,-0.114340425,-0.090469815,-0.12060281,0.7853043,0.5202996,0.39829218,0.033357542,0.52056694,0.4739216,0.510689,0.5231143,0.2936202,0.4300511,0.36991674,0.31562215,0.19635394,0.22147244,0.1487506,0.24861902,-0.19209403,-0.11589054,0.44808358,0.34098864,0.059321977,-0.1825926,-0.04108283,0.064997226,-0.039933942,0.068099186,0.36554864,0.15297377,0.25900468,0.22842053,-0.044542767,-0.0807839,0.15443902,-0.07826445,0.005964121,0.20703577,0.040821522,-0.098468445,0.19545309,0.23504263,-0.01304222,0.065652825,0.29111233,0.1844099,0.5394823,0.29902723,0.28303343,0.13802435,0.6554654,0.40187976,0.42518038,0.5373008,0.47784433,0.36906955,0.031270973,-0.14552717,0.352401,0.15170015,-0.24963003,-0.26710692,0.070157684,0.26284203,-0.058537528,0.33234876,0.17116381,0.09475432,0.56392246,0.24953733,0.39147884,0.48198476,0.2751046,0.306356,0.104120575,0.18777446,-0.052370146,-0.13548,-0.01874686,-0.037997615,-0.17296931,0.13404897,0.33075643,0.4300723,0.38494933,0.2245414,0.3579896,0.16319415,0.39441228,0.3238687
0.054527927,0.08660108,0.29142028,0.25712037,-0.21616748,-0.08588555,0.25420445,0.48195213,-0.17972362,-0.013849693,0.5185858,0.72577,0.52788675,0.57580775,0.13076021,0.14996792,0.612416,1.0,0.037075933,0.029392326,0.21042581,0.09780907,0.41522026,0.15377577,-0.08972775,-0.077196084,-0.033651296,-0.12952773,0.6210773,0.729302,0.4738027,0.23664916,0.26150143,0.30392137,0.40248847,0.39532065,0.27226597,0.5866654,0.2615407,0.25252795,0.15919007,0.23905858,0.015950924,0.14957327,-0.098393604,-0.057258096,0.24909136,0.2353831,0.053569295,-0.03456204,-0.1408596,-0.034057878,-0.014688948,-0.11176776,0.2070948,0.1669468,0.00011207241,0.23394479,-0.14234468,-0.13991101,-0.052231718,-0.12308201,-0.02610354,0.1705532,0.020131825,-0.08825169,0.13885032,0.16990142,-0.15945151,0.052513365,0.22774957,0.32829538,0.5576984,0.6122782,0.37283897,0.25394773,0.55822474,0.42295614,0.2318826,0.7306645,0.20926863,0.6400834,-0.035309646,-0.11401272,0.18601601,0.25862202,-0.20599219,-0.23013964,-0.0022972848,0.30074543,0.043399,0.24038865,0.03228479,0.13434811,0.46436554,0.157886,0.44973803,0.35731092,0.10600623,0.2695488,-0.0085243285,0.09382764,-0.1716509,-0.261213,-0.08782736,-0.16085953,-0.034139838,0.06810846,0.21926084,0.29432863,0.2295179,0.2252868,0.28659654,0.14663687,0.37770164,0.16021688
0.5874741,0.6374957,0.5969672,0.48669294,-0.15259564,-0.36425993,0.73456144,0.57326335,-0.22786622,-0.21991438,0.35732302,0.06817433,0.42145732,0.3370892,-0.2771813,-0.16619243,0.23618191,0.037075933,1.0,0.7324215,0.046273235,0.051463824,0.4467522,0.077948324,-0.23323886,-0.1769867,-0.0066113523,-0.33257124,0.13681291,0.12198904,0.089730434,-0.27788293,0.5668026,0.5714257,0.10946365,0.2718209,-0.11482974,0.045726407,-0.02828752,0.060297918,0.1350019,-0.084748425,0.40236688,0.3848626,0.13868853,0.2697331,0.44418696,0.40879515,0.049954038,0.06520788,-0.043647114,0.40332347,-0.024493543,0.32388526,0.13995703,0.0025766734,0.4498591,0.6074055,0.24926427,0.28185928,0.41026053,0.28426576,0.26938823,0.6194856,0.16183728,0.40139017,0.5421393,0.39698938,0.6752364,0.3993498,-0.09817021,-0.19948182,0.049187176,-0.1872795,-0.32191867,-0.35211462,0.12083169,-0.1665197,0.09755292,-0.07683405,0.25760043,0.24166058,-0.25802162,-0.3843185,0.076812826,0.31089613,-0.36025417,-0.45236003,0.002998314,0.34928486,0.07960136,0.40182793,0.17815903,0.14816938,0.13330822,0.051563714,0.027441282,0.21731049,0.28797415,0.27765083,-0.049799968,0.14565784,-0.08386237,-0.010731089,-0.16813204,-0.0015570967,-0.34426618,-0.20773423,0.08545522,0.063625894,0.32175317,0.48391807,0.2824237,0.31549168,0.3262102,0.13293187
0.573365,0.7875965,0.43999714,0.41535673,-0.15880236,-0.41676304,0.6213986,0.4755951,-0.2801077,-0.3253834,0.22972786,0.08719774,0.2560825,0.36935207,-0.36185762,-0.11898943,0.13283208,0.029392326,0.7324215,1.0,0.1865656,-0.0043001818,0.14286073,0.08509202,-0.4493449,-0.31505528,0.0019782912,-0.31710216,0.06560769,0.15843508,-0.1970753,-0.33223096,0.3969544,0.5522072,0.1351744,0.3057575,-0.16729556,0.104292445,0.013767099,0.13091877,0.21994263,-0.0648809,0.5204429,0.57032895,0.153389,0.35918802,0.47668633,0.5335016,0.05475847,0.15343343,0.035125874,0.54879206,0.02048754,0.26902184,0.18635754,0.16521399,0.39495963,0.7340798,0.35165787,0.4408176,0.44045272,0.4955943,0.20831867,0.6879977,0.17104076,0.59429777,0.7275765,0.6554379,0.65133566,0.5991505,-0.41282776,-0.25401184,0.041722476,-0.24480358,-0.4614741,-0.47037077,-0.026718238,-0.2809296,-0.12222555,-0.21539798,0.16923645,0.347731,-0.5082094,-0.33510166,-0.070605375,0.5021471,-0.47103032,-0.42150185,-0.04832383,0.4768458,-0.025357077,0.45184207,0.19663416,0.22026971,0.15296423,0.009489217,-0.0014730011,0.21344075,0.33198023,0.47766176,-0.18731965,0.1780148,-0.10983628,0.11196556,-0.03689587,0.005826856,-0.19783916,-0.040850967,0.07931841,0.041562296,0.27918103,0.55271953,0.24770403,0.3441979,0.29746285,0.2317349
0.31977096,0.23414515,-0.16382112,-0.034626693,-0.12273328,-0.14791435,0.09549305,0.13757078,-0.02842889,0.14991441,0.31082383,0.15475668,0.29415712,0.18072058,0.13410054,0.13443412,0.3425351,0.21042581,0.046273235,0.1865656,1.0,0.57203585,-0.0067239995,-0.179145,-0.36800715,-0.38427022,-0.02481897,-0.030848786,0.49635512,0.45265624,-0.10672183,-0.23575057,0.20819944,0.2096776,0.17088306,0.28757432,0.25086737,0.40625954,0.49477118,0.47163257,0.4932091,0.49582955,0.20753889,0.3426974,-0.02305144,0.13920256,0.3976208,0.31583184,0.08583823,-0.022752238,0.1430928,0.27057973,-0.1713246,0.05270456,0.39054948,0.37453783,0.3279362,0.29990417,0.2073429,0.16385683,0.18338802,0.15182535,-0.013356337,0.2437837,0.083606794,0.18736216,0.39592466,0.513475,0.084181815,0.17365661,0.06333755,0.044031557,0.40008506,0.15582182,0.18333012,-0.025131984,0.20918684,0.14715521,0.15408902,0.043621957,0.34274548,0.2958983,-0.17502998,-0.06418961,0.14808396,0.37136802,-0.30724156,-0.29190272,0.022047365,0.43887657,-0.14975506,0.36548278,0.07305397,0.21406862,0.20536484,0.19251975,0.1686264,0.26719984,0.2672809,0.40105954,0.020401774,0.1812432,-0.10748753,0.06673277,0.17053406,0.08490274,0.07784277,0.19909076,0.24018714,0.12637815,0.12703577,0.31180802,0.24851607,0.20503008,0.32388023,0.4057481
0.06435347,0.068325885,-0.11500025,0.047141913,0.004366881,-0.0069930376,0.059850506,0.07088496,0.25031906,0.24800265,0.17986396,-0.028648125,0.30473763,0.1826421,0.40591386,0.39101645,0.29382434,0.09780907,0.051463824,-0.0043001818,0.57203585,1.0,0.08601633,0.12334229,0.019497517,-0.0029559627,0.13017607,0.22954434,0.48468792,0.3154815,0.082183905,0.047560785,0.13949871,0.12581877,0.1689042,0.17549986,0.31895927,0.3569479,0.51890093,0.53966206,0.39469776,0.5641574,-0.045773357,0.029183188,-0.123410195,0.0030274899,0.18521386,0.028103065,-0.106453136,-0.15873283,0.002760369,0.05084462,-0.14443202,0.18211061,0.3053009,0.30932525,0.093446575,0.029745903,0.0177929,-0.115257286,0.009325589,-0.07354594,-0.16599211,0.017370315,-0.12618828,-0.0020965391,0.09484409,0.108941175,0.049492437,-0.10201855,0.3574744,0.22538072,0.3208994,0.21487102,0.3419273,0.28508323,0.20219748,0.2941903,0.15819263,0.19184417,0.25432453,0.17695622,0.09863238,0.22054765,0.19518189,0.12766017,0.00921315,0.0017771327,0.14270703,0.23679869,-0.20685877,0.21039309,0.15274927,0.11512683,0.22529034,0.37556466,0.19165623,0.24972282,0.1519036,0.07570013,0.19495213,0.15969726,-0.033523943,0.08817269,0.09664606,0.060605925,-0.0074658063,0.13729203,0.3238434,0.18637377,0.04655224,-0.0534909,0.07368394,0.016025415,0.2829573,0.46196714
0.15236367,0.08686443,0.627223,0.49189633,-0.4162905,-0.031855285,0.4578344,0.5266249,-0.36599237,0.07587229,0.47935146,0.23220947,0.5623267,0.31338197,0.100739844,0.20695078,0.4735066,0.41522026,0.4467522,0.14286073,-0.0067239995,0.08601633,1.0,0.36164147,0.2591508,0.22510451,-0.26510465,-0.18081468,0.36535004,0.25788146,0.75108963,0.29104394,0.43316004,0.419829,0.34981006,0.37319723,-0.051612176,0.20244245,0.003910247,0.10856326,-0.1900826,-0.033276465,0.019032475,-0.00022649879,-0.13399017,-0.16990992,0.3075486,0.17633395,-0.0072714123,-0.067449346,-0.3302354,-0.010924782,-0.09536601,0.15633264,0.033016615,-0.08181786,0.110465035,0.17111723,-0.2211473,-0.16053784,0.04985686,-0.124462955,0.13527958,0.18622899,0.016372351,-0.16013819,0.12029805,-0.035701495,0.06438668,0.031785786,0.30069947,0.17993358,0.10924415,0.22018835,0.017411029,0.071259774,0.3136808,0.22649622,0.2178532,0.49218822,0.109060906,0.14972341,0.19953334,-0.09583401,0.24492955,0.036892172,-0.1743858,-0.09915526,-0.054115772,0.23776768,0.17896685,0.40556082,0.03912438,0.3346857,0.27437964,0.17437303,0.3287367,0.32759404,0.20740698,0.22958566,0.3005414,0.3168809,0.12880826,-0.054423448,0.059665546,0.15362935,-0.16554688,0.0038610976,0.22710535,0.24184383,0.39525932,0.3060391,0.28049186,0.41017452,0.5078948,0.045220595
-0.44681165,0.14401129,0.48524863,0.6667433,-0.023817798,-0.026558066,0.07600368,0.3395894,0.036697738,0.015289275,-0.12075673,0.10586967,0.07134687,0.4045268,0.20412813,0.50996876,0.053032756,0.15377577,0.077948324,0.08509202,-0.179145,0.12334229,0.36164147,1.0,0.46193486,0.63100827,0.027797978,0.15031259,0.03568012,-0.003106444,0.45370844,0.7627004,-0.05134228,0.21310017,0.20849964,0.13289617,-0.05973671,0.13918848,-0.02229897,0.18127613,-0.13851151,0.0007709731,-0.3543201,-0.28185824,-0.28573027,-0.31866735,-0.11076528,-0.1300078,-0.35565215,-0.18906696,-0.2792811,-0.16365817,0.03272027,0.00372512,-0.20075442,-0.009730948,-0.5243376,0.0069751577,-0.33083114,-0.22799295,-0.26104796,-0.17039528,-0.22087023,-0.04397388,-0.41076067,-0.1475189,-0.13812527,-0.27421817,-0.19306603,0.11391479,0.10082843,0.5155773,0.047754336,0.33760273,0.07949998,0.3644307,-0.0016532092,0.22380827,-0.3086496,0.25824612,-0.49736702,0.05913351,0.005278448,0.41752037,-0.3165193,0.01654068,-0.00011089935,0.349026,-0.16643271,0.022993833,0.06317624,0.11178215,0.037382837,0.2637929,0.1917567,0.20041952,0.23050728,0.20427395,-0.08661213,0.050609738,0.080951504,0.2664223,0.082303435,0.11359604,0.05400061,-0.0675308,-0.02304943,0.09445257,0.23500946,0.19051762,0.17874002,-0.20851263,0.12275653,0.24411759,0.26597345,0.12974611
-0.57408375,-0.5131811,0.08314657,0.047889892,0.02378305,0.26482618,-0.40021494,-0.23055714,0.19915296,0.24656168,-0.2885145,-0.24398981,-0.16876692,-0.14980207,0.4043595,0.42413822,-0.120850466,-0.08972775,-0.23323886,-0.4493449,-0.36800715,0.019497517,0.2591508,0.46193486,1.0,0.7836464,-0.14158548,0.19887026,-0.15732428,-0.29288763,0.41469097,0.5675069,-0.28515956,-0.28959116,-0.015784707,-0.18907489,-0.21698968,-0.09662093,-0.18213338,-0.020754624,-0.48339155,-0.13764852,-0.39358175,-0.5959566,-0.25651798,-0.4104626,-0.37772918,-0.5260402,-0.34701726,-0.14836118,-0.14924124,-0.4638026,-0.06435717,-0.043216173,-0.28002036,-0.17336898,-0.3978516,-0.52244437,-0.39331162,-0.45144558,-0.42798275,-0.41067192,-0.106615424,-0.4934266,-0.25474313,-0.4759881,-0.5471903,-0.6363131,-0.37612486,-0.30984372,0.29218808,0.22243404,-0.30372673,0.15739828,0.14246342,0.3934144,-0.11608608,0.1016567,-0.1437529,0.2528759,-0.4197816,-0.43344477,0.54286057,0.49333075,-0.025328118,-0.49939755,0.4266784,0.57071,-0.07578292,-0.31715888,0.071688555,-0.14970016,-0.11861914,0.15398009,-0.018621389,0.15278909,0.056505397,0.006501677,-0.09935065,-0.247359,0.4592128,0.20827387,0.36461088,0.06344994,0.16463697,0.07777117,0.14077996,0.16744466,0.070931576,0.07466186,-0.07610177,-0.40033656,-0.0730077,0.06803713,0.04541212,-0.084851354
-0.6018936,-0.33039445,0.20954043,0.20683151,0.1331022,0.1345965,-0.28378108,-0.087342344,0.18819125,0.11745125,-0.22044784,-0.19585754,-0.13029206,-0.014409618,0.3512815,0.39693365,-0.114340425,-0.077196084,-0.1769867,-0.31505528,-0.38427022,-0.0029559627,0.22510451,0.63100827,0.7836464,1.0,-0.010225531,0.2057362,-0.14815767,-0.31055972,0.3951732,0.66086227,-0.30019462,-0.19192855,0.074699335,-0.13054205,-0.11941788,-0.054999936,-0.14228922,0.0260817,-0.35180596,-0.12066317,-0.44309935,-0.59066844,-0.20554753,-0.40624228,-0.32163697,-0.4528987,-0.32710356,-0.14840008,-0.2495273,-0.46599296,0.017869873,-0.076023385,-0.2865408,-0.13044578,-0.49952337,-0.41186792,-0.3457471,-0.4125274,-0.43379602,-0.38999853,-0.14633116,-0.4048687,-0.29848176,-0.37676537,-0.4435074,-0.57131153,-0.38448343,-0.2440828,0.23930405,0.31122392,-0.19250779,0.18802723,0.11676988,0.41507727,-0.08886184,0.15623203,-0.18891017,0.23600768,-0.52638686,-0.3511438,0.4117384,0.4599466,-0.19054513,-0.39716363,0.3580099,0.5089037,-0.1681254,-0.3010386,0.044873387,-0.14635393,-0.08280373,0.20211375,-0.0015332946,0.17026006,0.12659307,0.025217624,-0.20721574,-0.25281817,0.23963164,0.19472484,0.22618797,0.05003006,0.07429174,-0.038883228,0.10712631,0.11922126,0.07182742,0.12358988,0.035679694,-0.45612335,-0.05080569,0.049011417,0.071065396,-0.07121491
-0.060139533,0.049727343,-0.12340667,0.015912307,0.6912535,0.16637017,0.02798568,0.12735635,0.61412007,0.11886054,0.05675781,0.10500184,0.07999444,0.21158443,0.2732908,-0.01963133,-0.090469815,-0.033651296,-0.0066113523,0.0019782912,-0.02481897,0.13017607,-0.26510465,0.027797978,-0.14158548,-0.010225531,1.0,0.5277352,0.04165676,0.11069407,-0.09997423,0.014947309,-0.01256504,-0.0090936655,0.046507508,0.008956964,0.19369204,-0.037650317,0.20628141,0.0997976,0.14631161,0.06679295,-0.20704056,-0.08519027,0.17043088,-0.042390235,-0.014735874,0.008367872,-0.06539159,-0.13855125,0.024312332,-0.017626412,0.042905133,-0.0826496,0.20341076,0.282264,-0.17129911,-0.1976739,0.092839755,-0.06789779,-0.09393164,-0.14646083,-0.0813377,-0.23384246,0.027021965,0.072702885,-0.10713639,-0.061298292,0.03833853,-0.25843403,0.30439678,0.26182017,0.1332301,0.074503034,0.24015075,0.26649973,0.04631457,0.31036782,0.102280855,-0.083690815,0.07535141,0.13592654,0.21331829,0.23858818,0.15156174,0.0644011,0.41050687,0.16415378,0.37398762,-0.085406296,-0.13083503,-0.32939312,0.17568867,-0.33338898,-0.1345667,0.18842791,0.04916383,0.04843403,-0.19422355,-0.33909145,-0.12718916,-0.51627535,-0.06195047,-0.0048097987,-0.11095275,0.101796895,0.2771572,0.050008707,0.23425446,0.17993514,0.07037877,-0.33827376,-0.47140348,-0.5013045,-0.39034396,0.06374298
-0.2675665,-0.3266098,-0.28451902,-0.12121061,0.35390496,0.50502914,-0.20635623,-0.18347074,0.48141655,0.46820438,-0.07619134,-0.14659578,0.002426583,-0.10634974,0.44295982,0.26763415,-0.12060281,-0.12952773,-0.33257124,-0.31710216,-0.030848786,0.22954434,-0.18081468,0.15031259,0.19887026,0.2057362,0.5277352,1.0,0.05519739,-0.055563442,0.07644243,0.24651688,-0.18540917,-0.17329787,0.012255748,-0.086309984,0.13643076,-0.10776476,0.17524886,0.06649813,-0.043059316,0.06831264,-0.31045124,-0.3782622,-0.010981265,-0.27521905,-0.17768534,-0.26585904,-0.052679587,-0.1834233,0.05134286,-0.17297967,0.014911493,-0.12966722,0.12555867,0.15222105,-0.21723363,-0.5487336,-0.16007005,-0.22593115,-0.2800937,-0.2580472,-0.08339728,-0.6155861,-0.031872407,-0.33379456,-0.28560653,-0.29331452,-0.22143735,-0.39236662,0.4354568,0.31865555,-0.011038174,0.053189218,0.32239625,0.3730504,0.003537159,0.3664214,0.05074375,0.03939112,0.08876451,-0.15881465,0.3274608,0.6241199,0.28596207,-0.2852968,0.49607992,0.5364778,0.5074211,-0.2971238,0.05345467,-0.3757758,0.21862693,-0.26133028,-0.17500454,0.16783231,0.0062880698,-0.0500247,-0.06397642,-0.40438125,0.22283739,-0.3497165,0.35102352,0.17295967,0.24270435,0.19767825,0.4025118,0.1550104,0.21643968,0.18639536,-0.109292224,-0.49053437,-0.48226967,-0.4097581,-0.4138784,0.07685257
0.21787632,0.07496467,0.07632227,0.14853925,-0.18365316,-0.002184837,0.3557805,0.356427,-0.05500575,0.19064619,0.6898518,0.42663926,0.71815336,0.41741014,0.25452608,0.15690519,0.7853043,0.6210773,0.13681291,0.06560769,0.49635512,0.48468792,0.36535004,0.03568012,-0.15732428,-0.14815767,0.04165676,0.05519739,1.0,0.65462244,0.36340037,0.06173234,0.4161845,0.3844874,0.46197966,0.48923093,0.4643403,0.5384761,0.513585,0.4430424,0.33081073,0.34851784,0.08336031,0.20926552,-0.11950942,-0.04931921,0.3864362,0.29160228,0.10044102,-0.16061331,-0.006129552,0.09768693,0.0243439,0.08372831,0.43086052,0.25626063,0.22379616,0.14329049,0.029202402,-0.07057235,0.08160244,-0.10450169,0.007294306,0.08930525,0.06842484,-0.042740896,0.19416887,0.26866075,-0.030684773,-0.06857526,0.48253307,0.35694528,0.7267592,0.4704037,0.4994266,0.32109872,0.69691634,0.56530243,0.4584168,0.56937224,0.521128,0.45544696,0.03489659,-0.022141242,0.39197594,0.19711685,-0.17949592,-0.19254053,0.1613175,0.2706232,-0.08335544,0.25208804,0.18900254,0.03154497,0.55308384,0.3605911,0.45676678,0.49808517,0.24428324,0.2191831,0.11677439,0.06897461,-0.09414936,-0.095925644,-0.0050437055,0.020156303,-0.08885365,0.14236708,0.40639627,0.47088122,0.358063,0.16399433,0.27065897,0.08427454,0.42960414,0.44245455
0.22571278,0.23876013,0.06498922,0.16627875,-0.14459315,-0.10924864,0.26507366,0.48395276,-0.07378555,0.09928268,0.46599787,0.6662984,0.51668036,0.63661164,0.09097822,0.12538558,0.5202996,0.729302,0.12198904,0.15843508,0.45265624,0.3154815,0.25788146,-0.003106444,-0.29288763,-0.31055972,0.11069407,-0.055563442,0.65462244,1.0,0.2505738,-0.0015030196,0.37069854,0.40759078,0.3234057,0.41742274,0.34971312,0.67991483,0.4377708,0.43758762,0.32184285,0.38805962,0.1008238,0.26345724,-0.11060395,0.011324095,0.32833496,0.35089236,0.12581897,-0.10766731,-0.008340179,0.14894553,-0.12464074,-0.0016415931,0.35407442,0.36712435,0.17685601,0.30848268,-0.027366005,-0.10080734,0.051459014,-0.018065197,0.016644647,0.23167503,0.055887625,0.04028347,0.2594044,0.3336105,0.035880886,0.10715221,0.26337695,0.3483452,0.62264144,0.59681827,0.41443375,0.28136343,0.5503296,0.43995985,0.24414733,0.51439357,0.4018331,0.72396195,-0.099671945,-0.07969217,0.28340062,0.44337845,-0.25950888,-0.35922927,0.10771502,0.47600967,-0.04718262,0.32304177,0.1149786,0.08633123,0.454161,0.22017707,0.37538013,0.38908678,0.28834888,0.34736586,0.047629684,0.05340442,-0.1697019,-0.15801707,-0.013075782,-0.015363214,-0.041933857,0.017897364,0.31956932,0.33273777,0.23591915,0.28346074,0.25988555,0.15540034,0.38117543,0.341657
