1.0,0.839066,0.7792902,0.73127365,0.36524048,0.29342324,0.7459182,0.64705354,0.60532707,0.61880547,0.68743306,0.5501723,0.5544764,0.47725648,0.59755933,0.56544036,0.78311527,0.71946377,0.7465674,0.81330496,0.21424983,0.0767152,0.6978928,0.66827095,0.37729698,0.51640177,0.40262675,0.4078617,0.75268257,0.5650328,0.6254164,0.5901345,0.76090425,0.7702426,0.5868745,0.5753035,0.41181713,0.34580386,0.20861715,0.51124233,0.2522804,0.15954791,0.678375,0.722636,0.5904564,0.63978785,0.63906,0.7056765,0.0012224085,0.12685049,-0.09844641,0.057463363,-0.0027166267,0.44997093,0.59847504,0.63088363,0.7545115,0.7285401,0.20867546,0.41071022,0.42956662,0.6408888,0.021864712,0.44384667,0.14571068,0.57851976,0.73126656,0.7693725,0.76176775,0.7104284,0.3651504,0.40390354,0.2860545,-0.004209677,-0.16239394,0.23378389,0.27182853,0.2864798,0.5019378,0.7414975,0.69155407,0.6251088,0.5799264,0.5181546,0.63510007,0.63953257,0.43153176,0.38777286,0.34510174,0.63228244,0.35421154,0.60775405,0.289777,0.338807,0.5567228,-0.16940953,0.7175125,0.6650647,0.555156,0.7032001,0.08026509,0.30955443,0.4398792,0.63115525,0.48144385,0.6253041,-0.26211563,-0.113955095,0.15056932,0.60207504,0.71229905,0.60393715,0.47756675,0.5551521,0.20450555,0.4487656
0.839066,1.0,0.78967094,0.829951,0.4343039,0.31294206,0.7542007,0.6847088,0.7339407,0.69365716,0.5404931,0.42905402,0.39750904,0.37249166,0.7203565,0.6596225,0.82227343,0.78118515,0.8478786,0.8801703,0.2817097,0.04425896,0.70037425,0.753007,0.49668562,0.6233663,0.4504333,0.4397582,0.7476267,0.5239977,0.6992596,0.6743119,0.81001174,0.8562452,0.61233234,0.6868591,0.45608798,0.39677477,0.18528752,0.5073481,0.32294384,0.20980577,0.77929866,0.82460046,0.6486037,0.70053273,0.72099584,0.7936139,-0.07288136,0.1981625,-0.17569777,0.10533061,-0.047821786,0.49593738,0.5934793,0.65534747,0.63968927,0.8107555,0.22166537,0.529056,0.32657483,0.75492233,-0.094413996,0.61030537,0.054686025,0.69642824,0.7898401,0.8379567,0.8287747,0.75700533,0.2780215,0.43369815,0.18238656,-0.09875314,-0.2743385,0.17520122,0.25970805,0.23877496,0.6593612,0.7816693,0.6964581,0.7419166,0.6799282,0.63117445,0.6506431,0.77662504,0.5467956,0.5743105,0.38413918,0.71463996,0.38307223,0.65775144,0.29172486,0.40754026,0.5996644,-0.24351452,0.77379644,0.6873286,0.58605665,0.7442033,0.029313205,0.37273303,0.56724256,0.72587645,0.5386363,0.6476551,-0.32742462,-0.2794956,0.12695718,0.6574861,0.7988929,0.6795583,0.59379095,0.6269774,0.17327048,0.47547874
0.7792902,0.78967094,1.0,0.85413855,0.583134,0.41195732,0.70700586,0.7144576,0.70825076,0.70554733,0.498791,0.3131946,0.34412467,0.2948937,0.71369976,0.6963042,0.79649097,0.67730206,0.812222,0.8111567,0.37593028,0.14173283,0.8142104,0.75453943,0.5126215,0.6289116,0.45412445,0.5215738,0.7218586,0.6078884,0.7920323,0.74486285,0.8364577,0.8428823,0.73986584,0.7113581,0.4557928,0.1951347,0.17290384,0.43631038,0.34512883,0.20989114,0.79185814,0.77994573,0.6223422,0.6703724,0.7732003,0.8090188,0.00561875,0.18838109,-0.14738753,0.046092197,0.013757645,0.5004194,0.67879486,0.626199,0.68966806,0.7180137,0.26467445,0.49824283,0.5008628,0.7564559,0.03097912,0.574631,0.03167768,0.65531653,0.82637787,0.8304025,0.83735436,0.83851224,0.5055661,0.6209293,0.32078084,0.054812737,-0.16574268,0.1188586,0.41493616,0.33083984,0.44124424,0.77432853,0.64102924,0.7046161,0.6905788,0.5823963,0.71732396,0.75384355,0.59325576,0.5829693,0.51543957,0.72157407,0.5290711,0.7760855,0.27676114,0.525609,0.4265913,-0.18997219,0.6954757,0.71548516,0.71841013,0.81978595,0.14834455,0.3458482,0.6749452,0.7959735,0.7280702,0.77958286,-0.17471182,-0.13962604,0.22545384,0.6216268,0.756921,0.7787399,0.6488972,0.74439996,0.43392,0.6409119
0.73127365,0.829951,0.85413855,1.0,0.521139,0.42312342,0.69809306,0.7469565,0.7324049,0.7300639,0.46473762,0.3201724,0.33615428,0.3523088,0.73701674,0.70180756,0.81200117,0.7467789,0.85608894,0.8379502,0.36030394,0.13379821,0.7861246,0.81961745,0.5122991,0.6072314,0.42633042,0.4815693,0.7215426,0.5761372,0.78404003,0.7483068,0.815125,0.8608831,0.73001856,0.7120202,0.45259133,0.25310752,0.17589214,0.45184153,0.39252657,0.22192296,0.8041132,0.8149412,0.6024067,0.6844739,0.7808271,0.8239063,-0.04669488,0.16787793,-0.1543365,0.09476045,-0.03448275,0.5187117,0.62055165,0.6363531,0.6042153,0.7578404,0.25442505,0.53308254,0.4228806,0.79008585,-0.04881373,0.7113187,0.009818695,0.72406447,0.815547,0.83499914,0.8283227,0.80894214,0.44520608,0.61821014,0.28715998,0.02064401,-0.20100208,0.1596797,0.36546397,0.30637798,0.48892903,0.7815665,0.615185,0.78747684,0.68372977,0.63611054,0.6541265,0.7943283,0.5850622,0.6442031,0.48637718,0.73223674,0.49090603,0.7384214,0.29456553,0.515325,0.4637342,-0.224904,0.73032904,0.70619565,0.69159985,0.8080629,0.098188065,0.3434093,0.6862031,0.7979882,0.69335794,0.7403686,-0.23747778,-0.22887129,0.22912832,0.65151733,0.78682446,0.7759326,0.6739506,0.7183163,0.3316909,0.62117755
0.36524048,0.4343039,0.583134,0.521139,1.0,0.5179056,0.4125581,0.37227476,0.60342026,0.5113311,0.027303543,-0.06761852,-0.038361654,-0.032563128,0.5731795,0.5858102,0.48422644,0.3388953,0.5354865,0.48420775,0.359977,0.28268257,0.54841584,0.5218396,0.53513265,0.6347845,0.566367,0.51150817,0.31458333,0.30450395,0.6018313,0.60279876,0.52656907,0.56280214,0.48199835,0.5467392,0.22047405,-0.03281522,0.02524508,0.2360947,0.2846924,0.2233593,0.57936263,0.53360283,0.51881015,0.3421168,0.49752676,0.5509071,-0.0038483092,0.17108025,-0.1359023,-0.1943576,0.031188421,0.36487356,0.34140754,0.3594063,0.3214852,0.33444545,0.24025853,0.31321502,0.2755886,0.4822805,-0.12416139,0.38066834,-0.20632637,0.36198175,0.5434984,0.54502195,0.49308485,0.52504915,0.46942386,0.55490875,0.09380669,-0.017808525,0.00021091982,-0.0365314,0.4816841,0.27475274,0.2917646,0.52240336,0.31519547,0.41762853,0.5096775,0.41184866,0.47591206,0.471395,0.40104198,0.47107127,0.41453248,0.49134737,0.37754104,0.51121,0.24560864,0.45641825,0.15321682,-0.1438007,0.39943364,0.4686069,0.43744844,0.5451923,0.23646952,0.37616384,0.47206134,0.5446246,0.6073428,0.6073097,-0.0711804,0.0025809405,0.10035251,0.3036662,0.52893573,0.60382205,0.49744105,0.5672425,0.40472823,0.5862714
0.29342324,0.31294206,0.41195732,0.42312342,0.5179056,1.0,0.23602326,0.20912275,0.50483876,0.59385043,0.011909568,-0.2024187,0.03761304,-0.05496474,0.5107706,0.60810065,0.4082629,0.20900874,0.43754458,0.41648766,0.11196177,0.20277338,0.45471597,0.4434996,0.54824114,0.52227813,0.5472745,0.60604864,0.23200826,0.13998054,0.50423807,0.45575628,0.37610286,0.39993277,0.3280765,0.33393034,0.11300944,0.0090698805,0.0094935605,0.11800058,0.15016244,0.16883087,0.5053118,0.47842526,0.45851818,0.38702747,0.4642722,0.47037676,0.10383013,0.13431726,-0.1479797,-0.20824024,-0.01164678,0.23518358,0.34875038,0.29418185,0.31802154,0.24446297,0.32391182,0.29746732,0.2327375,0.40988365,-0.029476257,0.24882764,-0.07123754,0.2993507,0.4837582,0.4352232,0.47402266,0.42808607,0.22086331,0.39157772,-0.037690595,-0.11118269,-0.10016692,-0.05885101,0.20237683,0.16984746,0.07890542,0.3528817,0.32415107,0.3033897,0.39113602,0.3472439,0.49479622,0.29725316,0.36952236,0.36817852,0.44606423,0.43810126,0.37755537,0.3710633,0.09728979,0.43409252,0.09209716,-0.34734166,0.37315893,0.34920454,0.3656486,0.37805083,0.2801589,0.05846809,0.30260897,0.40429145,0.45238587,0.47846565,-0.14880842,-0.017265586,-0.05775428,0.12557158,0.48637694,0.46764955,0.38464573,0.3881811,0.14405371,0.37878266
0.7459182,0.7542007,0.70700586,0.69809306,0.4125581,0.23602326,1.0,0.74658746,0.5586557,0.5362273,0.55214477,0.48457688,0.500786,0.39773273,0.5304605,0.4633374,0.71536237,0.6467543,0.68051904,0.70652413,0.20148715,0.19644512,0.744833,0.6899925,0.2922615,0.40989712,0.3373709,0.2883933,0.6603484,0.5779748,0.5170126,0.5341029,0.6866538,0.7413656,0.5783292,0.6673772,0.5242574,0.44557765,0.2935359,0.5127774,0.3382305,0.27700698,0.5734014,0.6126176,0.51085126,0.53717875,0.50699925,0.60151905,0.026884243,0.13718434,-0.10499348,0.066589706,-0.11073802,0.27414533,0.48807573,0.56329304,0.535686,0.61208475,0.08443302,0.34351012,0.374089,0.5928745,0.051340647,0.5025774,0.10077608,0.5301134,0.6368949,0.6783424,0.5885424,0.56331575,0.38695458,0.47230008,0.34000435,0.12201868,-0.012486367,0.26647887,0.28139052,0.3990308,0.5717325,0.6563712,0.7114403,0.6162144,0.49859902,0.51166844,0.5761727,0.58804935,0.34338048,0.32014036,0.25306973,0.5059096,0.2774615,0.45551157,0.23563354,0.27096713,0.4755075,-0.10306736,0.6138451,0.5327084,0.38462698,0.59945834,0.059926227,0.36645937,0.39828935,0.5402249,0.44413468,0.5478166,-0.15500896,-0.08972542,0.13291627,0.5872093,0.6314138,0.5162466,0.39544496,0.45015422,0.16977017,0.40310165
0.64705354,0.6847088,0.7144576,0.7469565,0.37227476,0.20912275,0.74658746,1.0,0.48451167,0.4947923,0.54639834,0.5369915,0.4000279,0.47313276,0.5394817,0.46954972,0.6966429,0.70162076,0.640463,0.6341372,0.15893622,0.15424538,0.715952,0.66015875,0.24273218,0.36182198,0.26886493,0.24802531,0.6484899,0.66952926,0.5151404,0.5234748,0.6877533,0.7018691,0.63898677,0.60487646,0.52625954,0.30554327,0.31926242,0.46267352,0.35077795,0.28385735,0.542211,0.549652,0.39783302,0.4550626,0.5173053,0.5824558,-0.06909079,-0.032475535,-0.10878004,0.08410639,-0.03810375,0.31614116,0.52807933,0.55051273,0.49224514,0.6346887,0.09874928,0.28023198,0.35533962,0.5659765,0.04884958,0.6304926,0.02760234,0.55200773,0.5938017,0.63311356,0.57645947,0.61475414,0.466943,0.53239495,0.46062538,0.27468547,0.064444266,0.26532403,0.37249824,0.42557767,0.397072,0.6973597,0.59435,0.71009606,0.4517326,0.5311706,0.48790175,0.60191727,0.29262468,0.3661498,0.34605914,0.48355147,0.32791865,0.5253093,0.28229436,0.29846945,0.42127037,-0.06961413,0.5841098,0.59138036,0.51083094,0.636462,0.12683249,0.31419268,0.4570832,0.5400248,0.5276785,0.56605047,0.061864004,0.0063665346,0.28126907,0.5673515,0.5635085,0.5316088,0.37621394,0.47180355,0.29196787,0.48869425
0.60532707,0.7339407,0.70825076,0.7324049,0.60342026,0.50483876,0.5586557,0.48451167,1.0,0.79857355,0.27476603,0.065451495,0.14011908,0.18820035,0.82525146,0.8027678,0.73695725,0.61122197,0.74669933,0.7337199,0.39832357,0.14166938,0.67384946,0.7534271,0.66746736,0.77049416,0.59965587,0.6286569,0.6064571,0.36086795,0.77716875,0.7384452,0.68430257,0.7891323,0.6069756,0.6582932,0.3100296,0.18275301,0.023240903,0.40005863,0.26963684,0.17729118,0.83259326,0.8249582,0.61985713,0.6480322,0.75422597,0.8042428,-0.04436899,0.3328512,-0.28174946,-0.020746024,-0.03630296,0.38472453,0.50658864,0.53776824,0.5355875,0.6474382,0.31874108,0.60349405,0.3546066,0.72040635,-0.105414465,0.60395294,-0.08221505,0.5896576,0.7737472,0.7943438,0.7878931,0.6984376,0.28829202,0.5486914,0.007018571,-0.23827414,-0.24680974,0.039364275,0.26173726,0.09384043,0.53098255,0.6787909,0.54983896,0.6768908,0.6940415,0.56296617,0.6293192,0.70975655,0.61543715,0.6580472,0.47715005,0.7016615,0.3705281,0.61994916,0.25891104,0.485242,0.4471951,-0.29605073,0.6801202,0.6231213,0.5590168,0.6653658,0.08052934,0.268321,0.58910775,0.72171795,0.587357,0.6283132,-0.38055235,-0.2858171,0.06985155,0.5406304,0.79444027,0.7533742,0.65483946,0.6318929,0.14980508,0.49822336
0.61880547,0.69365716,0.70554733,0.7300639,0.5113311,0.59385043,0.5362273,0.4947923,0.79857355,1.0,0.37559056,0.12662928,0.25055197,0.2320153,0.77185744,0.8160117,0.74521005,0.59210753,0.7303735,0.7478696,0.35952368,0.2563494,0.70638204,0.75467324,0.6030234,0.68698174,0.56345606,0.57069826,0.6297182,0.43659353,0.7285297,0.6865596,0.6858312,0.77369,0.5859428,0.6191206,0.3576355,0.22051078,0.12806939,0.4051565,0.36773288,0.26197118,0.7818689,0.7802093,0.6079189,0.60204387,0.7398135,0.78885317,0.009199515,0.18663257,-0.3127808,-0.15026411,0.005330576,0.48703933,0.60725665,0.58504057,0.54843616,0.5856769,0.27780265,0.58509994,0.33470678,0.67494226,-0.11412302,0.5312614,-0.05887204,0.538341,0.7673357,0.781568,0.77992475,0.7379736,0.34757024,0.57744765,0.123410895,-0.102223404,-0.20764063,0.091945656,0.29014227,0.24581254,0.3913284,0.70094913,0.5773549,0.657269,0.6768565,0.5811379,0.6637493,0.6398881,0.6473951,0.6435186,0.5562511,0.71911275,0.39895752,0.66227096,0.21397957,0.5257223,0.4560155,-0.28852627,0.690126,0.6574729,0.6377573,0.706727,0.15040308,0.3048532,0.6061213,0.72311556,0.64606184,0.68629235,-0.28934717,-0.16648632,0.09159418,0.55528057,0.7958706,0.7454573,0.61586255,0.6404929,0.22726393,0.58770555
0.68743306,0.5404931,0.498791,0.46473762,0.027303543,0.011909568,0.55214477,0.54639834,0.27476603,0.37559056,1.0,0.7527828,0.7754231,0.7326268,0.32219002,0.2788112,0.5945558,0.6811589,0.4013188,0.5220648,0.13872176,0.09073465,0.52205414,0.48659688,0.06457215,0.13952006,0.12917575,0.11543855,0.7025112,0.630936,0.31715772,0.30643,0.4643534,0.49964643,0.44006765,0.31680655,0.33418265,0.31795096,0.2605253,0.4601595,0.22796944,0.13201554,0.3179006,0.36691764,0.23200522,0.34822297,0.37012324,0.38523713,0.033084378,-0.10282845,0.10526755,0.13847499,0.024746232,0.3230671,0.4148456,0.43399245,0.60985214,0.4760089,-0.0061717383,0.15307857,0.36271548,0.26530987,0.16370046,0.24587853,0.2666383,0.31273207,0.38479215,0.45428222,0.43411714,0.44493687,0.37555125,0.32466146,0.4611619,0.2883064,0.10893419,0.38159204,0.24664412,0.3357397,0.2514343,0.5195631,0.5002326,0.4924426,0.25066072,0.32493776,0.3574362,0.31151903,0.22090007,0.07936994,0.1386739,0.28093535,0.11451446,0.36755717,0.18914527,0.04494503,0.4030626,0.10520153,0.4874711,0.49730596,0.3707668,0.46745524,0.013900986,0.19707249,0.26461944,0.3776091,0.2973984,0.40060943,-0.022420634,0.038900327,0.34316218,0.5101122,0.39651027,0.3039856,0.122919746,0.2832296,0.22610687,0.28894064
0.5501723,0.42905402,0.3131946,0.3201724,-0.06761852,-0.2024187,0.48457688,0.5369915,0.065451495,0.12662928,0.7527828,1.0,0.59356076,0.70854044,0.13583878,0.049542077,0.38613287,0.5654135,0.23526998,0.34977958,-0.06119779,0.09096957,0.30645505,0.29688346,-0.1717099,-6.9247144e-05,-0.015178275,-0.1057239,0.538416,0.5721941,0.09241801,0.10686276,0.32706282,0.3334639,0.2413728,0.23153012,0.3112181,0.352115,0.32611066,0.44791946,0.17234708,0.10966241,0.12635267,0.19105019,0.073766954,0.20943886,0.18655686,0.21007167,-0.0036820609,-0.20823656,0.10209015,0.07042887,0.011023522,0.23363793,0.2627915,0.38868293,0.3434197,0.36753052,-0.08754948,-0.027955865,0.14613646,0.15318967,0.0062435046,0.20358633,0.1497687,0.23292106,0.19592111,0.29214087,0.21947977,0.26984516,0.29809538,0.15608238,0.46277073,0.43804094,0.21936092,0.34158632,0.22629802,0.36724725,0.19526985,0.4112021,0.36170948,0.38300005,0.073115036,0.24693045,0.07588476,0.2196678,-0.07656061,-0.08479924,-0.075440064,0.15655771,0.0043176846,0.23381342,0.24565867,-0.085744165,0.40364873,0.15202504,0.33917424,0.37965542,0.21731971,0.31451932,-0.10879523,0.20356964,0.039014176,0.17471623,0.08182633,0.17259483,0.09463223,0.09222703,0.25600287,0.4100702,0.21921432,0.09930016,-0.066394985,0.10011683,0.10628635,0.13721068
0.5544764,0.39750904,0.34412467,0.33615428,-0.038361654,0.03761304,0.500786,0.4000279,0.14011908,0.25055197,0.7754231,0.59356076,1.0,0.73280615,0.18347476,0.14867674,0.4778229,0.5111913,0.27731404,0.4049301,-0.019148113,0.037281413,0.45397064,0.41350737,-0.0059105633,-0.016541105,0.046249084,0.055394188,0.60123414,0.54128873,0.15334733,0.20164438,0.2821689,0.3533952,0.29561713,0.19522287,0.26354346,0.3086664,0.21409217,0.39440802,0.14678347,0.035784584,0.17840281,0.253117,0.18826884,0.2281342,0.21729016,0.23776464,0.10786283,-0.13636313,0.17957649,0.12729487,-0.079565234,0.20109785,0.27219406,0.32177135,0.5639395,0.38215,-0.04299533,0.13221522,0.37625095,0.13281697,0.26972422,0.13105607,0.420877,0.15119623,0.26403552,0.30440623,0.28104913,0.24394411,0.28071618,0.24627317,0.41940826,0.26623416,0.107836284,0.36265635,0.13672788,0.29390994,0.17888027,0.34861642,0.4477639,0.34419397,0.1471408,0.24973796,0.30051205,0.16999985,0.115567945,-0.02987117,0.009209427,0.15255766,0.024576021,0.16525452,0.1707877,-0.012101567,0.25728068,0.12209359,0.36722997,0.33854267,0.15966128,0.30143952,-0.017037895,0.15206797,0.14084293,0.21385558,0.19426045,0.29794005,-0.031725954,0.08485897,0.24916668,0.38795897,0.2902337,0.16384937,0.008834351,0.10037936,0.14477287,0.19917075
0.47725648,0.37249166,0.2948937,0.3523088,-0.032563128,-0.05496474,0.39773273,0.47313276,0.18820035,0.2320153,0.7326268,0.70854044,0.73280615,1.0,0.25130713,0.16994864,0.45644346,0.587947,0.24047455,0.35601783,-0.034519125,0.1327818,0.35894272,0.42556918,-0.0069906716,0.05953199,0.070466615,0.029543255,0.5976169,0.5766447,0.16834445,0.19878055,0.24333787,0.344062,0.35193035,0.20705362,0.28069282,0.2650196,0.2738251,0.48510933,0.21460097,0.067336105,0.2273145,0.2832738,0.14807652,0.22183725,0.2780931,0.29099575,0.07089379,-0.102720186,0.14739238,0.13311553,-0.0078444155,0.2766992,0.2649513,0.3721282,0.48244417,0.4174082,-0.009467687,0.107588895,0.26505485,0.16753717,0.14819154,0.3244592,0.2713168,0.1921929,0.27431375,0.33593836,0.27206442,0.260275,0.32402974,0.30597323,0.39265817,0.39377263,0.24343325,0.44728127,0.29898027,0.3423035,0.10674635,0.4342383,0.3078902,0.42723486,0.1309182,0.28012237,0.11787858,0.25135466,-0.0050270064,0.04255999,0.017271547,0.20307703,-0.0101514915,0.20066428,0.22893947,-0.051510368,0.33712262,0.02050121,0.38883922,0.39360288,0.2140705,0.31661808,-0.08420341,0.13325448,0.08588557,0.17150961,0.13314955,0.19168034,0.03450918,0.11209463,0.16930419,0.40094513,0.31221464,0.20495209,0.0067542656,0.08370476,0.07338693,0.20439595
0.59755933,0.7203565,0.71369976,0.73701674,0.5731795,0.5107706,0.5304605,0.5394817,0.82525146,0.77185744,0.32219002,0.13583878,0.18347476,0.25130713,1.0,0.86248076,0.76222956,0.6453528,0.7626974,0.75133985,0.41406912,0.16874564,0.6728467,0.76919496,0.66446954,0.74963045,0.52633065,0.55251753,0.6776455,0.47511896,0.745019,0.70557153,0.705452,0.7757227,0.5726167,0.6428942,0.38842905,0.2765573,0.10356869,0.42457828,0.40342912,0.31417274,0.80717224,0.7962821,0.5702153,0.63797766,0.7591587,0.7752706,-0.006859873,0.25270647,-0.23729049,0.019257015,0.001293634,0.44824255,0.5894317,0.5802925,0.50580317,0.62415314,0.2768096,0.50351095,0.27995336,0.66807324,-0.13914807,0.57278967,-0.07281896,0.57725644,0.73773134,0.7626839,0.77384955,0.6896414,0.30777785,0.5382516,0.12764937,-0.11151253,-0.22259384,0.06622199,0.37399238,0.20728853,0.481797,0.68887585,0.527379,0.6854793,0.75737554,0.6767643,0.6319031,0.7132235,0.6605313,0.70640194,0.48154035,0.75034875,0.4409999,0.6377806,0.27763534,0.49622083,0.4331869,-0.27676913,0.6829333,0.64587593,0.6002155,0.67416704,0.11850634,0.25002053,0.6261101,0.71664757,0.6073273,0.640452,-0.26722836,-0.19612306,0.10388236,0.50322753,0.769044,0.7365942,0.65973806,0.6081377,0.15853909,0.4858977
0.56544036,0.6596225,0.6963042,0.70180756,0.5858102,0.60810065,0.4633374,0.46954972,0.8027678,0.8160117,0.2788112,0.049542077,0.14867674,0.16994864,0.86248076,1.0,0.73049295,0.5842089,0.7296158,0.71582735,0.39883593,0.21086273,0.6878834,0.73605704,0.71210176,0.7610793,0.56143767,0.5915925,0.6274203,0.43208483,0.7563979,0.7367723,0.67901814,0.740843,0.581193,0.6038196,0.3946832,0.22439787,0.12712006,0.42300093,0.38212347,0.31221798,0.79131263,0.7761222,0.5736678,0.5964365,0.7386538,0.7464019,0.019525047,0.2333702,-0.26111087,-0.066285715,0.0021127868,0.4234373,0.6237997,0.5723428,0.5073195,0.5818502,0.3014665,0.5372185,0.32089162,0.6424689,-0.17515138,0.54226995,-0.10785976,0.5692682,0.73236585,0.73960894,0.7626204,0.6849089,0.33403856,0.58090085,0.06911636,-0.13735673,-0.24028277,0.070335664,0.3600459,0.21253665,0.3824231,0.66448855,0.50159866,0.6356578,0.7246127,0.66783416,0.63349897,0.6702466,0.6499614,0.6736856,0.533397,0.758306,0.45342293,0.6246052,0.26029173,0.58154553,0.4069651,-0.26729923,0.6750685,0.64626056,0.619733,0.6746514,0.1804162,0.2291421,0.61427563,0.70207125,0.6477776,0.6794088,-0.23424512,-0.12108279,0.12793885,0.43862817,0.7484952,0.7304313,0.65809673,0.60320747,0.21321079,0.5277956
0.78311527,0.82227343,0.79649097,0.81200117,0.48422644,0.4082629,0.71536237,0.6966429,0.73695725,0.74521005,0.5945558,0.38613287,0.4778229,0.45644346,0.76222956,0.73049295,1.0,0.8058512,0.79370594,0.82386607,0.31380725,0.13303284,0.7912089,0.81779706,0.5502634,0.6124748,0.4546062,0.47071162,0.79544026,0.6232041,0.7235804,0.7128953,0.7823926,0.8521012,0.6624536,0.6481902,0.4442324,0.31118333,0.1357908,0.5032316,0.380649,0.23982859,0.76024354,0.77610904,0.612816,0.630539,0.7117392,0.7655896,-0.016735652,0.17034516,-0.15033278,0.05658128,-0.020976344,0.469683,0.58256376,0.6113537,0.67680526,0.7204671,0.184411,0.5198039,0.39940172,0.6528528,0.0063106106,0.5947949,0.08473518,0.5922973,0.7612369,0.7959056,0.7937654,0.7160886,0.38236523,0.57851595,0.26323068,-0.028973412,-0.15680236,0.17249858,0.41253102,0.32115084,0.53709173,0.78558916,0.69852114,0.7535374,0.6904555,0.6309773,0.6519409,0.70371157,0.57361674,0.5833373,0.4029032,0.65334135,0.36231387,0.6205371,0.30926645,0.40530705,0.50586474,-0.17090796,0.7492764,0.69717157,0.5864758,0.7323334,0.11773219,0.302374,0.6147207,0.7110322,0.6350071,0.6959461,-0.2530541,-0.17461042,0.22586603,0.6240092,0.7701876,0.7006457,0.5804652,0.6291139,0.2663587,0.5636723
0.71946377,0.78118515,0.67730206,0.7467789,0.3388953,0.20900874,0.6467543,0.70162076,0.61122197,0.59210753,0.6811589,0.5654135,0.5111913,0.587947,0.6453528,0.5842089,0.8058512,1.0,0.68871874,0.7468818,0.25223157,0.09151814,0.66017944,0.7223133,0.37417004,0.45620397,0.345206,0.32761908,0.76557314,0.62465364,0.61075073,0.614129,0.70253676,0.7619243,0.60876703,0.5811506,0.4746875,0.38677543,0.18624489,0.53646296,0.3698574,0.20998313,0.6449277,0.6847185,0.4459465,0.5700369,0.626824,0.6677535,-0.08218125,0.07597571,-0.05406834,0.14425433,-0.009495456,0.443559,0.51959944,0.58305407,0.5819801,0.71791583,0.2138795,0.46446115,0.3386971,0.56528866,-0.020094384,0.61981785,0.13531984,0.643917,0.65345716,0.730323,0.68237436,0.65238184,0.33923528,0.4776296,0.2774623,0.059845358,-0.106673054,0.21324614,0.37242517,0.32097194,0.5129994,0.71943086,0.6051853,0.7772128,0.57148343,0.6332569,0.48788744,0.6846961,0.46745932,0.4834637,0.2519883,0.5701548,0.29568648,0.5759424,0.32952425,0.29094157,0.55480134,-0.08010671,0.69377446,0.65894556,0.54875773,0.6857166,0.026531225,0.29924572,0.54812896,0.62164843,0.51858807,0.5802387,-0.18193664,-0.17009878,0.3034088,0.63818336,0.6692087,0.5879037,0.4924967,0.5628198,0.24993926,0.4905071
0.7465674,0.8478786,0.812222,0.85608894,0.5354865,0.43754458,0.68051904,0.640463,0.74669933,0.7303735,0.4013188,0.23526998,0.27731404,0.24047455,0.7626974,0.7296158,0.79370594,0.68871874,1.0,0.8910044,0.3495206,0.10810304,0.73363644,0.79812187,0.563487,0.6643633,0.47114727,0.48907563,0.66942006,0.4581121,0.79671085,0.7470529,0.8411337,0.85870147,0.663861,0.70439494,0.42012525,0.2868238,0.14931765,0.4382105,0.3698454,0.23001765,0.8138658,0.8331832,0.6337682,0.70158756,0.75529534,0.81128955,-0.08657789,0.22054705,-0.21323223,0.08040741,-0.072987705,0.49826518,0.5796286,0.59252584,0.6052428,0.7356353,0.27298453,0.5440384,0.3446717,0.7704618,-0.110998005,0.65431607,-0.025400337,0.70763224,0.81139314,0.8224313,0.8351681,0.7776433,0.3345954,0.5415308,0.16492699,-0.13405372,-0.2714245,0.13767502,0.30706233,0.21423751,0.55642885,0.7414031,0.59778106,0.714557,0.7602202,0.63573676,0.7082439,0.7696234,0.64207155,0.6773412,0.47193986,0.74271953,0.5118346,0.69157,0.27182516,0.4756303,0.4406789,-0.30452245,0.7267697,0.65007275,0.6188411,0.7544524,0.08451875,0.36182675,0.6936242,0.80523044,0.6502798,0.73370194,-0.3619064,-0.2957983,0.109158784,0.5916652,0.79952407,0.74899757,0.7054709,0.70025474,0.26291957,0.5645551
0.81330496,0.8801703,0.8111567,0.8379502,0.48420775,0.41648766,0.70652413,0.6341372,0.7337199,0.7478696,0.5220648,0.34977958,0.4049301,0.35601783,0.75133985,0.71582735,0.82386607,0.7468818,0.8910044,1.0,0.29058638,0.08986181,0.7315346,0.79665715,0.54712737,0.6444693,0.4708242,0.48629102,0.7383635,0.50386125,0.76951444,0.725919,0.82740235,0.8705611,0.6465985,0.70934635,0.4273466,0.3375731,0.18285464,0.4961552,0.35366622,0.2010159,0.80770266,0.8421613,0.66238093,0.70805776,0.7669726,0.81419784,-0.06542046,0.19838807,-0.1950633,0.077321745,-0.066272356,0.52876085,0.6141357,0.6322146,0.64585817,0.76346296,0.24788679,0.5402534,0.34464413,0.75504035,-0.0970084,0.6027731,0.057961006,0.6873878,0.8204708,0.84755456,0.85439056,0.8023292,0.29265496,0.49206698,0.17613025,-0.11460179,-0.27025405,0.16548736,0.31688777,0.24703121,0.5833456,0.7656991,0.6468174,0.74307245,0.7237323,0.64678144,0.69472456,0.7668966,0.60707045,0.63312835,0.4267341,0.74831563,0.47026756,0.7116202,0.27859935,0.48584807,0.5150976,-0.27731612,0.77278054,0.694344,0.61518323,0.77369535,0.05262329,0.41711482,0.6649425,0.7953,0.63139385,0.7359314,-0.34527472,-0.29577205,0.105225936,0.6289448,0.8239791,0.72353035,0.6519143,0.67585176,0.26953292,0.5690336
0.21424983,0.2817097,0.37593028,0.36030394,0.359977,0.11196177,0.20148715,0.15893622,0.39832357,0.35952368,0.13872176,-0.06119779,-0.019148113,-0.034519125,0.41406912,0.39883593,0.31380725,0.25223157,0.3495206,0.29058638,1.0,0.24917494,0.34714282,0.3923499,0.30857468,0.35251573,0.21838823,0.119402125,0.28648326,0.21930571,0.36897227,0.29272646,0.35014516,0.38172075,0.3675553,0.33042696,0.22727756,0.12215632,-0.04296501,0.1299069,0.4996619,0.29130653,0.37643588,0.3292586,0.20913923,0.26637718,0.34637222,0.36571333,-0.0390238,0.084197134,-0.13715948,0.023230456,-0.007821704,0.3926837,0.2519313,0.26239264,0.2194298,0.19625932,-0.014422929,0.24262272,0.13543719,0.32109973,-0.073873416,0.24103951,-0.14020519,0.33458656,0.33939195,0.34504944,0.32573,0.33064097,0.29059717,0.3674958,0.024780063,-0.07207667,-0.050689343,0.11223207,0.15321463,0.07077652,0.1229377,0.26968166,0.10393741,0.243871,0.4449093,0.3124532,0.33273348,0.39530322,0.416311,0.41066733,0.30343848,0.34568405,0.29131484,0.37881255,-0.04619486,0.2853319,0.14578009,0.103874534,0.22625147,0.24674869,0.36876884,0.35798365,0.028416859,0.041363366,0.39497665,0.43068027,0.35349914,0.3387518,-0.14027585,-0.15503536,0.20588584,0.37327462,0.2971418,0.4163055,0.46031627,0.41773513,0.1711202,0.33506006
0.0767152,0.04425896,0.14173283,0.13379821,0.28268257,0.20277338,0.19644512,0.15424538,0.14166938,0.2563494,0.09073465,0.09096957,0.037281413,0.1327818,0.16874564,0.21086273,0.13303284,0.09151814,0.10810304,0.08986181,0.24917494,1.0,0.17316379,0.15826996,-0.021793293,0.10028316,0.18824705,0.13707751,0.11623501,0.2473513,0.103553645,0.106166594,0.061861295,0.12282164,0.15676293,0.19920306,0.24657077,0.1727633,0.41362423,0.2468213,0.3859746,0.4719095,0.05942428,0.05178843,0.02471861,-0.015434754,0.076764695,0.14489155,0.04493865,-0.024085756,-0.00081072416,-0.26861164,-0.046299968,0.21837953,0.19508213,0.23789966,0.04432303,-0.029377766,-0.050728787,0.033028584,0.0046961377,0.06733253,-0.07815157,0.072967194,-0.19480292,-0.0064454433,0.08636677,0.13743357,0.032140836,0.108645655,0.3761897,0.37820297,0.31506303,0.41622326,0.3164667,0.36749503,0.28078187,0.37866884,-0.088533014,0.26039255,0.1146367,0.052916225,0.1185352,0.2349241,0.061010446,0.038984403,0.017744118,0.07876058,0.19541422,0.13753843,0.1427334,0.14573072,-0.031074645,0.10810021,0.058962386,-0.09448598,0.073386654,0.1281279,0.13795902,0.17887758,0.15737867,0.26789975,0.07404195,0.12452388,0.17661697,0.17910898,0.17916505,0.2717135,-0.06395464,0.16179267,0.15797882,0.19049025,0.08789202,0.13683043,0.17414214,0.28180748
0.6978928,0.70037425,0.8142104,0.7861246,0.54841584,0.45471597,0.744833,0.715952,0.67384946,0.70638204,0.52205414,0.30645505,0.45397064,0.35894272,0.6728467,0.6878834,0.7912089,0.66017944,0.73363644,0.7315346,0.34714282,0.17316379,1.0,0.8192207,0.50954616,0.53983355,0.40040025,0.47006434,0.7114037,0.67226386,0.71362484,0.7047745,0.7474754,0.7942298,0.71301275,0.7021934,0.45519885,0.19631986,0.22132225,0.4508849,0.3707527,0.23094705,0.6798582,0.67804784,0.51021934,0.61946654,0.65675604,0.6902911,0.054569744,0.09624984,-0.105548196,0.028752781,-0.07714744,0.36893958,0.5849194,0.53357804,0.6068779,0.5970711,0.17341635,0.42322525,0.4660257,0.62166613,0.068093024,0.5311634,0.078114346,0.52104366,0.70992184,0.7174344,0.70648277,0.6907303,0.54381603,0.6985847,0.35315064,0.0874285,-0.0282341,0.1842887,0.42842367,0.38472983,0.36005133,0.67496026,0.66168326,0.668122,0.64020896,0.56594974,0.68226343,0.6061954,0.5112429,0.47385427,0.47835997,0.6046565,0.4397467,0.6096114,0.2737495,0.45331535,0.33841348,-0.120361395,0.6228002,0.6131228,0.5809531,0.7137098,0.08267455,0.30409175,0.63596123,0.7135112,0.6807337,0.74015534,-0.12896213,-0.06534527,0.22361691,0.56146663,0.6701568,0.6709049,0.55564487,0.5957008,0.38318568,0.61271334
0.66827095,0.753007,0.75453943,0.81961745,0.5218396,0.4434996,0.6899925,0.66015875,0.7534271,0.75467324,0.48659688,0.29688346,0.41350737,0.42556918,0.76919496,0.73605704,0.81779706,0.7223133,0.79812187,0.79665715,0.3923499,0.15826996,0.8192207,1.0,0.5499349,0.6267965,0.4477699,0.43633768,0.7517349,0.5868952,0.7503216,0.71673334,0.7477154,0.84321755,0.7035336,0.72902954,0.41760954,0.25519535,0.15967992,0.48537704,0.4603728,0.2567462,0.7608714,0.76956624,0.5694374,0.6680435,0.729063,0.7672383,-0.015995879,0.17408334,-0.18876493,0.034974758,-0.08848562,0.4693193,0.5294956,0.56342685,0.5506656,0.63672125,0.2170751,0.44038635,0.3500569,0.6761409,-0.044306014,0.64642674,0.04263497,0.6022873,0.7536478,0.77875674,0.75255084,0.6951077,0.430796,0.68897027,0.24782962,0.008204693,-0.10468267,0.20256712,0.38044077,0.3210224,0.4599087,0.6821938,0.57780504,0.77145743,0.67762697,0.64432055,0.6218632,0.7042519,0.56358874,0.58801883,0.41015804,0.6651482,0.38744873,0.6134335,0.27076647,0.42656845,0.42863134,-0.16742395,0.7002938,0.6387902,0.5735944,0.71456456,0.015645236,0.30941486,0.64308894,0.7315573,0.63809216,0.6790078,-0.29638705,-0.24431975,0.19511312,0.6243689,0.7642116,0.7220156,0.64010084,0.60266495,0.23496032,0.5930746
0.37729698,0.49668562,0.5126215,0.5122991,0.53513265,0.54824114,0.2922615,0.24273218,0.66746736,0.6030234,0.06457215,-0.1717099,-0.0059105633,-0.0069906716,0.66446954,0.71210176,0.5502634,0.37417004,0.563487,0.54712737,0.30857468,-0.021793293,0.50954616,0.5499349,1.0,0.7349245,0.4943645,0.5707877,0.38260102,0.1998299,0.63517886,0.6164112,0.47210568,0.54384553,0.40522346,0.41913536,0.15655231,-0.021440241,-0.10376959,0.18862636,0.19116499,0.0529401,0.66959196,0.6481645,0.5343546,0.46094802,0.6256661,0.57950884,0.001972521,0.2335308,-0.12812875,-0.07349949,0.10024241,0.3738351,0.3924369,0.35281602,0.38069937,0.47608632,0.26482394,0.4801037,0.24763432,0.5536288,-0.11167786,0.4714032,-0.025234755,0.41541615,0.5762606,0.5429985,0.615342,0.49869782,0.18277676,0.4116128,-0.17899515,-0.330253,-0.24966882,-0.07038634,0.2903617,0.02188427,0.34354714,0.49798203,0.41247883,0.46916428,0.58360463,0.38285625,0.54621565,0.5111526,0.5409169,0.5652401,0.445369,0.5931118,0.3882857,0.42078444,0.17821537,0.48420691,0.21663406,-0.37127268,0.50702196,0.4068712,0.41378874,0.45730454,0.22564203,0.15801805,0.50858796,0.5597206,0.550067,0.5547956,-0.2311955,-0.18346289,-0.06695524,0.21368225,0.5721241,0.5856153,0.5105848,0.43377575,0.19044712,0.3835808
0.51640177,0.6233663,0.6289116,0.6072314,0.6347845,0.52227813,0.40989712,0.36182198,0.77049416,0.68698174,0.13952006,-6.9247144e-05,-0.016541105,0.05953199,0.74963045,0.7610793,0.6124748,0.45620397,0.6643633,0.6444693,0.35251573,0.10028316,0.53983355,0.6267965,0.7349245,1.0,0.5870661,0.55946124,0.48018372,0.3003571,0.7222228,0.65651613,0.5992382,0.65777403,0.4292231,0.5161592,0.1916142,0.046844758,-0.07558247,0.24815841,0.19701077,0.13538687,0.7618047,0.74616486,0.5689904,0.513298,0.68052363,0.68683153,0.023359869,0.27469915,-0.24200918,-0.15491347,0.14782877,0.42588004,0.43824118,0.45423463,0.44702607,0.50852907,0.28466204,0.4465921,0.23911382,0.582699,-0.23522621,0.44923902,-0.13155033,0.4733607,0.6522172,0.673196,0.702973,0.5845655,0.2937966,0.45758206,-0.093249835,-0.24010032,-0.24826755,-0.07149167,0.3719544,0.10669869,0.43150654,0.63596433,0.40942973,0.514668,0.5975385,0.43787688,0.55083925,0.6029787,0.5562581,0.6030603,0.46297345,0.65811336,0.33114645,0.5182946,0.2216966,0.43209124,0.34593418,-0.33120415,0.5555666,0.510856,0.47133002,0.53480744,0.14561066,0.22134875,0.4791488,0.5973702,0.50036764,0.53924334,-0.30035472,-0.22552265,-0.030914793,0.33892578,0.68018407,0.6368684,0.53924084,0.5268231,0.117968224,0.4136558
0.40262675,0.4504333,0.45412445,0.42633042,0.566367,0.5472745,0.3373709,0.26886493,0.59965587,0.56345606,0.12917575,-0.015178275,0.046249084,0.070466615,0.52633065,0.56143767,0.4546062,0.345206,0.47114727,0.4708242,0.21838823,0.18824705,0.40040025,0.4477699,0.4943645,0.5870661,1.0,0.6052609,0.35934603,0.17309432,0.504194,0.4766983,0.43342942,0.5003111,0.32327577,0.40263334,0.09580401,0.06299988,0.010854974,0.25655222,0.14126064,0.21275665,0.56731844,0.5759536,0.49902675,0.36756095,0.508263,0.5441176,-0.04151515,0.13797934,-0.27108732,-0.12645994,0.051907893,0.33260855,0.29758796,0.40241158,0.33721185,0.33520648,0.1915259,0.31215373,0.10527843,0.41551873,-0.2455097,0.26871392,-0.13628237,0.37938467,0.5512196,0.54736817,0.5109868,0.4620828,0.22787073,0.33279008,-0.05580634,-0.13267413,-0.038556423,-0.026761975,0.27980146,0.17545691,0.35531273,0.49318537,0.32454562,0.40960437,0.40639237,0.36165223,0.44038665,0.4202112,0.36173004,0.42223886,0.3755257,0.49805835,0.18677156,0.39478877,0.1500897,0.33744466,0.29814953,-0.3310876,0.40970045,0.42763758,0.35452566,0.43916497,0.21576847,0.31404945,0.22436526,0.4079452,0.38128594,0.43097037,-0.25487772,-0.101093784,-0.117821194,0.25025973,0.5700796,0.52696437,0.38895577,0.43337587,0.05589908,0.3755846
0.4078617,0.4397582,0.5215738,0.4815693,0.51150817,0.60604864,0.2883933,0.24802531,0.6286569,0.57069826,0.11543855,-0.1057239,0.055394188,0.029543255,0.55251753,0.5915925,0.47071162,0.32761908,0.48907563,0.48629102,0.119402125,0.13707751,0.47006434,0.43633768,0.5707877,0.55946124,0.6052609,1.0,0.3789629,0.23594023,0.6022565,0.5693664,0.3933866,0.4751989,0.33018795,0.36008498,0.024550753,-0.07410162,0.018279813,0.17203902,-0.075195804,0.056019954,0.57588005,0.5630089,0.5274079,0.44450846,0.5754377,0.5457696,-0.053124044,0.26024067,-0.087781616,-0.038546685,-0.0033455067,0.24314447,0.38459837,0.30788696,0.4065773,0.38816518,0.38493714,0.40123734,0.31125417,0.48954558,-0.078923196,0.27073506,-0.0549577,0.34977475,0.5571324,0.5089825,0.5811292,0.54444176,0.2633605,0.42644808,0.056032058,-0.1261103,-0.17236611,-0.07372311,0.30003017,0.10440335,0.2583005,0.4972216,0.3842505,0.362442,0.42518505,0.3054005,0.4542687,0.4176238,0.38287395,0.40257937,0.45258766,0.51576,0.3604813,0.49413922,0.18155617,0.44675595,0.13401069,-0.4813565,0.4070816,0.38808224,0.41534954,0.4674529,0.24599975,0.20532604,0.3668884,0.5072925,0.43379432,0.5259413,-0.18976349,-0.06921877,-0.14436239,0.16801518,0.51679873,0.56423956,0.4484034,0.4848131,0.20939258,0.3955738
0.75268257,0.7476267,0.7218586,0.7215426,0.31458333,0.23200826,0.6603484,0.6484899,0.6064571,0.6297182,0.7025112,0.538416,0.60123414,0.5976169,0.6776455,0.6274203,0.79544026,0.76557314,0.66942006,0.7383635,0.28648326,0.11623501,0.7114037,0.7517349,0.38260102,0.48018372,0.35934603,0.3789629,1.0,0.7265862,0.5668781,0.54761857,0.6623504,0.7554505,0.5516885,0.5808778,0.4859136,0.41324762,0.2981196,0.59593356,0.40575588,0.28614923,0.6505986,0.68514514,0.50359005,0.57700574,0.6817384,0.7019028,-0.018651174,0.07040557,-0.032626424,0.06100626,-0.020825686,0.47645554,0.6355687,0.66905594,0.6207912,0.67035204,0.08890922,0.37631136,0.34929007,0.5680791,-0.017994385,0.47929463,0.11169927,0.49601102,0.6769658,0.72646236,0.7158985,0.6706696,0.4067279,0.5210647,0.4325418,0.16235267,-0.029600717,0.3189785,0.3153623,0.35972124,0.4624692,0.7193462,0.65324533,0.700915,0.6002746,0.6370294,0.5759974,0.6540115,0.48001748,0.45281863,0.3755785,0.6445009,0.35111117,0.6242533,0.30868,0.34401453,0.5578606,-0.053885978,0.7130491,0.6949771,0.59772056,0.71822625,0.100466296,0.33320573,0.49883944,0.63807553,0.51822627,0.6063398,-0.14779292,-0.098300524,0.24944715,0.67766666,0.6856051,0.62949705,0.51151353,0.5338581,0.22542381,0.47457245
0.5650328,0.5239977,0.6078884,0.5761372,0.30450395,0.13998054,0.5779748,0.66952926,0.36086795,0.43659353,0.630936,0.5721941,0.54128873,0.5766447,0.47511896,0.43208483,0.6232041,0.62465364,0.4581121,0.50386125,0.21930571,0.2473513,0.67226386,0.5868952,0.1998299,0.3003571,0.17309432,0.23594023,0.7265862,1.0,0.41877145,0.45183438,0.5159646,0.5682939,0.44307974,0.49508372,0.5068483,0.30361202,0.3976743,0.45408562,0.37549385,0.2914576,0.39783874,0.42305735,0.2789516,0.39013243,0.47411707,0.4932451,-0.036427986,-0.093481615,0.16036357,-0.010145888,-0.019436449,0.3830605,0.55119187,0.52359325,0.49432442,0.486629,0.0077506863,0.14511634,0.35324907,0.36541578,0.075941,0.35963988,0.080883004,0.30257404,0.4556932,0.50931424,0.48600882,0.5024775,0.6256673,0.6160029,0.65801346,0.4833566,0.18983492,0.2867296,0.5007733,0.56891507,0.1874046,0.620386,0.546661,0.54149383,0.4219745,0.48395565,0.43733692,0.44511962,0.28210223,0.265453,0.33762804,0.3958212,0.3127445,0.48287162,0.21777447,0.26219514,0.3497984,0.06298078,0.4818848,0.54695183,0.5059571,0.6013548,0.057936482,0.2864274,0.40048766,0.46248275,0.47891715,0.5031787,0.18303753,0.17588349,0.30167055,0.5579742,0.44951236,0.46948928,0.31759328,0.41496882,0.3689012,0.4874147
0.6254164,0.6992596,0.7920323,0.78404003,0.6018313,0.50423807,0.5170126,0.5151404,0.77716875,0.7285297,0.31715772,0.09241801,0.15334733,0.16834445,0.745019,0.7563979,0.7235804,0.61075073,0.79671085,0.76951444,0.36897227,0.103553645,0.71362484,0.7503216,0.63517886,0.7222228,0.504194,0.6022565,0.5668781,0.41877145,1.0,0.8573423,0.75006694,0.78525376,0.64206827,0.6280373,0.24553847,-0.0057814918,-0.029276926,0.31479827,0.204132,0.048029833,0.7833432,0.77230704,0.581701,0.6544496,0.7550207,0.76037234,-0.022572193,0.23898055,-0.17656516,0.033316933,0.019686047,0.37516874,0.51105106,0.44082424,0.58418316,0.6189163,0.37333333,0.49820384,0.43639293,0.7022834,-0.0704103,0.5904634,-0.014663856,0.62975174,0.76422405,0.7595495,0.8107472,0.75412744,0.4023531,0.6485694,0.10636852,-0.15196797,-0.25593078,0.006225547,0.38393965,0.13270569,0.4312126,0.6525519,0.48807886,0.675398,0.67308223,0.49753892,0.6234528,0.6842274,0.64678776,0.6344163,0.45286688,0.6653147,0.48205855,0.68168545,0.19098945,0.53035355,0.28807768,-0.28059912,0.63042253,0.6065397,0.5944727,0.6985319,0.04357193,0.32133615,0.7116355,0.77950054,0.70991653,0.7351504,-0.3397674,-0.29786384,0.15239279,0.4768664,0.7295298,0.7449844,0.69423914,0.69565594,0.3766574,0.6418448
0.5901345,0.6743119,0.74486285,0.7483068,0.60279876,0.45575628,0.5341029,0.5234748,0.7384452,0.6865596,0.30643,0.10686276,0.20164438,0.19878055,0.70557153,0.7367723,0.7128953,0.614129,0.7470529,0.725919,0.29272646,0.106166594,0.7047745,0.71673334,0.6164112,0.65651613,0.4766983,0.5693664,0.54761857,0.45183438,0.8573423,1.0,0.6989279,0.74982464,0.61462903,0.59018534,0.23001768,-0.0064272475,-0.029803935,0.33583185,0.1626369,0.017006397,0.7265616,0.733662,0.55292594,0.63074994,0.69037646,0.7009238,-0.06136357,0.2533763,-0.15702188,0.032795537,-0.03637112,0.360089,0.44272864,0.42030972,0.5558222,0.6148726,0.372458,0.4988402,0.48283467,0.66426015,-0.112497576,0.61275387,0.011560443,0.627135,0.7152287,0.71225375,0.7507703,0.683404,0.3863707,0.6340415,0.12884456,-0.13120705,-0.27699623,-0.019767467,0.40543976,0.1536966,0.4500028,0.63052595,0.49333522,0.6795999,0.62621266,0.488817,0.56211144,0.6493836,0.579426,0.6021903,0.41265646,0.60754263,0.3912773,0.6042725,0.18273742,0.52920175,0.29923603,-0.21522295,0.6291538,0.5899206,0.52647454,0.669283,0.054361623,0.34122333,0.66852903,0.71264184,0.71060073,0.7139762,-0.29560015,-0.24087065,0.1934165,0.46219417,0.69967806,0.68463874,0.63065195,0.63387066,0.4132024,0.64271253
