1.0,0.34210148,0.38072386,0.37604916,-0.014411139,-0.04600699,0.5285469,0.29582986,0.13204803,0.04352408,0.40319753,0.09640504,0.26272103,0.05696948,-0.047150522,0.056146607,0.3621151,0.25143057,0.630974,0.5799024,0.21823989,0.022863014,-0.05488986,0.2879869,-0.2531909,-0.17073868,0.23216045,0.25640312,0.15020716,-0.029430512,0.5298317,0.3730381,0.41492298,0.64364314,-0.08362148,0.10154731,-0.06463572,0.22518492,0.11378551,0.09477636,-0.23373707,-0.3440921,-0.06987462,0.18001622,0.044663586,0.14319165,0.2938912,0.291718,-0.09840448,0.00070908153,0.025608333,-0.26855868,0.3338151,-0.26358023,0.090940885,-0.23622283,0.8343733,0.29126775,0.19172144,-0.033019874,0.7586523,0.11245086,0.7754927,-0.0052415263,0.3701493,-0.07407744,0.1285065,0.32932854,0.5982629,0.7261663,0.3613318,0.0029271254,0.41531506,-0.4533537,0.14783151,-0.26093045,0.037946794,0.2897934,0.49425897,0.090366766,0.5902049,0.008422617,-0.42845014,-0.3277478,0.1450826,-0.41838682,0.010274847,-0.44339827,0.46573886,-0.5598682,-0.35721385,-0.44799328,-0.26260278,-0.15420233,-0.07582927,-0.07597053,-0.09597928,0.06508284,-0.12991926,-0.10356452,0.3571887,-0.31186536,-0.29348856,-0.2688928,-0.43187022,0.19021162,-0.24687013,-0.075694576,0.5161373,0.026724959,0.1699172,0.035853323,0.07029584,-0.17245759,-0.3186409,0.23540995
0.34210148,1.0,0.65450877,0.6096171,0.37411872,-0.5714852,0.34101573,0.7191897,0.40329432,-0.5728226,0.23008558,0.33544895,0.16121323,0.26741987,0.048098665,-0.1870188,0.30341163,0.24546047,0.48254022,0.6342592,-0.21491078,-0.05808479,-0.3503309,0.39283893,-0.23925097,0.12843539,-0.014119609,-0.15258235,0.52038264,-0.16754958,0.12744801,0.1092236,0.68763936,0.6075867,0.124258116,0.2707078,0.1390614,0.1159326,0.1721087,0.24539076,0.064966634,-0.17898516,0.14599277,0.47716975,0.023415428,0.28289366,0.3326614,0.5909503,-0.30615976,0.1659816,-0.29985654,0.10386405,-0.254125,0.368445,0.033036105,0.39068058,0.23172097,0.67499685,0.042594463,0.083820894,0.19502212,0.46194226,0.013886713,0.73601174,-0.239606,0.5228504,0.41692105,0.5788005,0.5210232,0.47267786,-0.12008255,0.44597718,0.23194593,0.09118431,0.0064422404,0.13166054,0.094057195,-0.052175026,0.09999777,0.4552029,-0.083220564,0.46703938,-0.41224936,0.17080434,-0.53754526,0.3068734,-0.38131928,-0.063709125,-0.20810302,-0.07024477,-0.42683014,0.098301515,-0.46771514,0.30333602,0.25406823,0.16448472,0.21544199,0.31845465,0.09115777,0.50298625,-0.28529128,0.2435855,-0.26455778,0.31248352,-0.023268647,0.34069273,-0.065967456,0.029052258,0.39602968,0.21035129,0.4390946,0.50756496,0.22977522,-0.111170046,-0.15745576,0.30581072
0.38072386,0.65450877,1.0,0.7013032,0.5449358,-0.45308667,0.65213925,0.763192,0.71041954,-0.49328113,0.37552947,0.22563964,0.37761593,0.27410933,0.32613158,-0.049336396,0.5217657,0.25396875,0.44976214,0.5399841,-0.03952251,0.16992871,-0.047957193,0.7125776,-0.061693773,0.24888368,0.12382857,-0.1011303,0.71052516,-0.15274112,0.32701826,0.34186557,0.5744549,0.66419816,0.19476067,0.38299555,0.32012668,0.36729792,0.25752637,0.30674353,0.14254819,-0.07941538,-0.14260517,0.3389846,-0.19000171,0.025569314,0.110900536,0.5608273,-0.3105168,-0.03820975,-0.46171936,-0.078649804,-0.18807253,0.13910227,0.18332835,0.3731612,0.33089307,0.2878377,-0.20216861,-0.045295097,0.18700041,0.097715564,0.17922215,0.41548362,-0.3536958,0.24501254,0.23271732,0.44249082,0.37625295,0.48399854,0.18818243,0.4393754,0.53472865,-0.05755632,0.27355197,0.11592859,0.027702728,-0.014632355,0.30293903,0.46711296,0.28453153,0.4740427,-0.2717156,0.22486304,-0.38822818,0.3495988,-0.043869473,0.01663727,0.048614845,-0.14688525,-0.43788284,0.10861207,-0.34062126,0.29461262,0.27979985,0.2138167,0.26609996,0.4078335,-0.03709726,0.444813,-0.07616168,0.1596611,-0.42445067,0.25200546,-0.21125652,0.4003347,-0.04823817,0.1372152,0.43934453,0.27637416,0.36261487,0.2011363,0.18612666,-0.12801473,-0.11967556,0.46994102
0.37604916,0.6096171,0.7013032,1.0,0.2953575,-0.35559216,0.5721043,0.7673844,0.4207967,-0.3460125,0.3999429,0.2953803,0.3694142,0.2885581,0.2110447,-0.010659181,0.4776372,0.2490242,0.44799495,0.64275146,-0.10504473,-0.081138544,0.09193114,0.7010877,-0.15319633,0.1977845,-0.09254754,-0.12230228,0.606082,-0.017042018,0.40145552,0.42249182,0.6500718,0.5958181,0.23493686,0.39146933,0.3090001,0.2704286,0.2781559,0.3192421,0.13080499,0.03140879,0.05351595,0.28373644,-0.000603196,0.14005326,0.26847237,0.52401066,-0.15806435,-0.0033189643,-0.32441708,-0.079648845,-0.14507884,0.10074791,0.30973682,0.46258464,0.28189048,0.35777256,-0.058899116,-0.048984017,0.20771956,0.14146508,0.22992128,0.5631045,-0.19088389,0.267153,0.3683351,0.46638772,0.46002465,0.4254514,0.11763175,0.41357535,0.33574528,0.07613462,0.15784624,0.21326022,0.19817755,0.043200027,0.22375548,0.4293847,0.14674252,0.54596573,-0.28435764,0.24535531,-0.3909977,0.37283227,-0.22057505,0.10470872,-0.07496068,0.0033610347,-0.35266078,0.10844269,-0.43607002,0.3778908,0.35426214,0.21867947,0.35749808,0.38280025,0.14041767,0.45140794,-0.09226575,0.28746068,-0.013092897,0.3345479,0.06841217,0.35972396,0.072912134,0.12819459,0.42259735,0.34283286,0.5117694,0.33957,0.34896722,-0.026869753,-0.03221318,0.45158792
-0.014411139,0.37411872,0.5449358,0.2953575,1.0,-0.3482085,0.2554916,0.40676767,0.7321183,-0.5788869,0.09975671,0.10672468,0.22288135,0.15731823,0.50329334,-0.11350807,0.27616495,0.14796855,0.07347901,0.07949355,0.090986624,0.19398281,-0.2714877,0.36325172,0.05792243,0.22006673,0.2899879,0.1300672,0.5976907,-0.28119454,0.13477051,0.08657616,0.25166845,0.19891764,0.025291026,0.18426545,0.2855642,0.22580825,0.31527314,0.40508506,0.20558962,-0.053137954,-0.15262626,0.2478932,-0.1034213,0.013245804,-0.010932216,0.47973448,-0.13420765,-0.20193505,-0.42811796,0.08453622,-0.313082,0.31172714,0.10632993,0.33276236,0.00387582,0.057980396,-0.2775839,-0.021714043,-0.094203256,-0.015924647,-0.16282398,0.22111848,-0.42288694,0.19112903,0.016902689,0.30986017,0.10135783,0.20502819,0.10397123,0.50025934,0.32367226,-0.11735605,0.091819614,-0.08558822,0.012454051,0.009962795,0.13403974,0.4406034,0.056977417,0.29573068,0.005221812,0.28055423,-0.29161638,0.4199719,0.16900499,0.15967874,-0.046224754,-0.052688003,-0.1666575,0.265779,-0.023205185,0.45185015,0.14939651,0.07984234,0.13922903,0.22187968,0.019859925,0.47432673,-0.06287536,0.26135954,-0.17884822,0.5275118,-0.114426255,0.4789163,0.105806835,0.23863068,0.25680548,0.20277363,0.12804765,0.13012722,-0.051609643,0.27086893,0.1365784,0.37948275
-0.04600699,-0.5714852,-0.45308667,-0.35559216,-0.3482085,1.0,-0.11576855,-0.4279459,-0.29637083,0.6202305,-0.06833179,-0.1128369,-0.00602989,-0.08698581,-0.08721412,0.28511995,-0.19385602,-0.0606631,-0.24775176,-0.32451153,0.14538348,-0.005407578,0.30013227,-0.2162655,0.14027023,-0.1509631,-0.008115095,0.26314604,-0.3824867,0.25877288,-0.014331,-0.019195313,-0.29655463,-0.29290068,0.04788118,-0.013882302,-0.1563595,-0.007861692,-0.19154087,-0.14863397,-0.23660208,0.098841876,-0.18246563,-0.3771551,-0.051743876,-0.18585932,-0.19948761,-0.39608532,0.04290625,-0.23120058,0.1458049,-0.14408568,0.2157147,-0.3878437,-0.023342587,-0.3492197,-0.035054132,-0.45400873,0.022771569,-0.083091065,-0.054596283,-0.5260951,0.17040475,-0.5009635,0.18542606,-0.5445285,-0.32429928,-0.4272821,-0.25306228,-0.26734254,0.18268807,-0.30613405,-0.045009997,-0.08916673,0.13455302,-0.02266358,-0.144325,0.013395985,-0.057262845,-0.34422588,0.20328687,-0.23824114,0.17469905,-0.13564633,0.4024039,-0.2886519,0.29508218,0.071999274,0.26756552,-0.06474683,0.3116721,-0.21109302,0.25189173,-0.3516734,-0.15161093,-0.05842767,-0.15615073,-0.22408052,-0.13122356,-0.47734818,0.31768474,-0.21981129,0.22429496,-0.3002665,-0.058647167,-0.2711821,0.028616741,-0.10659354,-0.22768682,-0.12849116,-0.23465143,-0.5051164,-0.14413954,0.05145258,0.0011463797,-0.1414673
0.5285469,0.34101573,0.65213925,0.5721043,0.2554916,-0.11576855,1.0,0.67788726,0.50078684,-0.01979008,0.66282356,0.44570395,0.68235725,0.46458584,0.4613545,0.16078717,0.73845255,0.47213295,0.28880948,0.42145175,0.13858233,0.2460564,0.366321,0.5977762,-0.02261867,0.038579646,0.19851412,-0.022015156,0.64965695,0.17962712,0.4924271,0.4440749,0.34397802,0.5386128,0.4369033,0.57564604,0.49385276,0.47570488,0.4410048,0.39924353,0.22714375,0.1383268,0.013981704,0.16104771,-0.061553955,-0.07214965,0.24799661,0.45711985,-0.17856002,-0.100035004,-0.23081428,-0.14549036,0.082098,-0.19233929,0.49539754,0.27991384,0.4050089,0.20044492,-0.16480692,-0.10462338,0.19899304,-0.16303107,0.46817324,0.16786073,-0.11277903,-0.045711808,0.2595255,0.25088555,0.27350456,0.37631845,0.4924314,0.34269714,0.5665904,-0.102049194,0.35809454,0.21379918,0.13017689,0.14486183,0.4833349,0.44063652,0.5681658,0.4770116,0.025727104,0.08702048,0.032321423,0.13117328,0.110643,-0.11419272,0.27782175,-0.06573802,-0.14780897,0.059529074,-0.27363235,0.22997025,0.4216562,0.34803623,0.4618161,0.48741823,0.1346321,0.3093231,0.010926003,0.15924942,-0.18693808,0.09654764,-0.0578407,0.15099327,0.19706087,0.27402696,0.5115491,0.45347872,0.5249285,0.043899298,0.1936344,0.027735662,-0.116088375,0.52302605
0.29582986,0.7191897,0.763192,0.7673844,0.40676767,-0.4279459,0.67788726,1.0,0.57411337,-0.39519465,0.4875718,0.5433733,0.5324383,0.52092016,0.3974063,0.016243305,0.55853397,0.43944323,0.30641016,0.5780122,-0.08005279,0.12397923,0.09682094,0.6547051,-0.04726341,0.24869914,-0.006787089,-0.17746405,0.76509386,0.11388022,0.27676493,0.3110979,0.60801,0.604167,0.40167457,0.52678216,0.4593391,0.37479118,0.4077586,0.45770139,0.30577832,0.15150028,0.05216883,0.3137027,-0.07169493,0.05089153,0.27497208,0.58169717,-0.29430115,-0.04295967,-0.40462175,-0.028655741,-0.25954244,0.13663991,0.38117164,0.5539229,0.17812361,0.45658177,-0.15589042,-0.026299069,0.00931638,0.08892679,0.09589363,0.6180254,-0.3884122,0.28657284,0.35639432,0.4434961,0.31085697,0.33842498,0.22074398,0.57631385,0.44794995,0.2000104,0.27075827,0.35546917,0.1803956,0.03765386,0.20482159,0.55755,0.13012941,0.659387,-0.11723023,0.37631747,-0.4084529,0.46157488,-0.16422842,0.14513187,-0.07906676,0.0945662,-0.29113165,0.22357175,-0.4039689,0.43447918,0.5044866,0.38991192,0.51339537,0.5468695,0.22544251,0.56166583,-0.25486523,0.36752167,-0.12804417,0.39091375,0.11714183,0.34307736,0.19702794,0.2522207,0.42148447,0.45227587,0.6075191,0.36491135,0.28611046,0.0010706201,-0.025481747,0.5405453
0.13204803,0.40329432,0.71041954,0.4207967,0.7321183,-0.29637083,0.50078684,0.57411337,1.0,-0.4370715,0.2609818,0.21665992,0.3648608,0.21164161,0.6823357,0.07130004,0.4329363,0.28978372,0.16025741,0.2255333,0.07761636,0.35038903,0.0027316592,0.63738817,0.1666723,0.29355127,0.19150251,-0.042669564,0.6786672,-0.07837928,0.25737268,0.32819647,0.29256538,0.4583497,0.13325933,0.32471278,0.3565127,0.3776246,0.32508913,0.32129228,0.26714134,0.050575238,-0.31980997,0.23501244,-0.2986403,-0.1348197,-0.09451223,0.424539,-0.27204245,-0.26027897,-0.51662236,-0.11256851,-0.2335277,0.07476844,0.27565646,0.30926326,0.1809646,0.0767384,-0.3695111,-0.043522738,-0.0068205115,-0.13689774,0.038031757,0.19268365,-0.49386716,0.05324211,-0.06728567,0.28086987,0.042473763,0.26743817,0.3484245,0.43699086,0.6258872,-0.08484991,0.43763012,0.07299105,-0.105192155,0.031526398,0.23437914,0.43749785,0.31815842,0.33568293,0.07406808,0.32758626,-0.17631856,0.33112967,0.32507488,0.13254344,0.20021325,-0.15307467,-0.1618428,0.17415363,-0.039011043,0.31379542,0.23205982,0.22484697,0.22840276,0.39076325,-0.015373791,0.39885545,0.02060339,0.17283258,-0.3373454,0.33035305,-0.23869447,0.48600382,0.085086085,0.23229352,0.42302242,0.31628665,0.17595938,-0.029067034,0.06791646,0.11748173,0.13020562,0.5124419
0.04352408,-0.5728226,-0.49328113,-0.3460125,-0.5788869,0.6202305,-0.01979008,-0.39519465,-0.4370715,1.0,0.051126268,-0.031677105,0.026358595,0.0041038753,-0.116047814,0.5760907,-0.055876058,0.024720363,-0.23789106,-0.30415574,0.263372,0.11462137,0.5016453,-0.18156265,-0.010990726,-0.27746767,-0.05140808,0.13409203,-0.355288,0.44120368,0.15903941,0.19907631,-0.30006272,-0.26216787,0.1349885,0.015325127,0.008857078,0.07246542,-0.05505904,-0.08027031,-0.13093121,0.31600246,-0.0039393078,-0.40335166,0.0038683154,-0.24248411,-0.10599013,-0.4048682,0.060206316,-0.11850706,0.25970456,-0.25993082,0.32703596,-0.52806973,0.10057429,-0.25759277,0.0014954881,-0.3594597,0.12289087,-0.17936057,0.035196446,-0.39086914,0.2620447,-0.4419499,0.21157347,-0.51578146,-0.16214341,-0.4630145,-0.22359253,-0.24871424,0.28836474,-0.32758394,-0.08585236,-0.095403954,0.052268784,0.06222965,0.0011607924,0.084850445,0.08441052,-0.26727074,0.20734163,-0.22388583,0.18310349,-0.12287842,0.4502656,-0.42389148,0.16832024,-0.03534997,0.3061112,0.08762106,0.3267901,-0.20696548,0.10219039,-0.2881871,-0.035146076,0.04186922,0.01097117,-0.14609568,0.054369226,-0.40901196,0.22761668,-0.25240353,0.20357005,-0.4509035,0.027717978,-0.5174927,0.038776826,-0.104884274,-0.22800432,-0.032397263,-0.10784068,-0.3405588,-0.09373175,-0.00070172513,-0.09151302,-0.18797073
0.40319753,0.23008558,0.37552947,0.3999429,0.09975671,-0.06833179,0.66282356,0.4875718,0.2609818,0.051126268,1.0,0.62600815,0.7514568,0.56239414,0.2963649,0.023482084,0.715757,0.63240594,0.049925573,0.25270495,0.022871714,0.025324598,0.37442636,0.4149061,0.008345489,0.08477005,0.022864651,-0.11496176,0.5436014,0.38852978,0.40432817,0.42142826,0.16742991,0.33720312,0.4908348,0.59368914,0.43538997,0.33810997,0.43073833,0.3467306,0.17066546,0.19431818,0.03637071,0.062417824,0.018271465,-0.10872637,0.48303634,0.37665707,-0.11293288,-0.091885045,-0.15196818,-0.07862703,-0.034252606,-0.17565718,0.4506517,0.3379691,0.30222923,0.21409339,-0.08655008,-0.100091204,0.123985425,-0.14635654,0.33715582,0.16909187,-0.041690983,-0.011307782,0.24507073,0.11519324,0.16827406,0.17425245,0.50342584,0.3398916,0.4973827,0.1873084,0.319663,0.33343357,0.39836362,0.37745827,0.49637702,0.51588774,0.43989217,0.56861764,-0.00453666,0.035482306,0.06230184,0.12524223,0.003638794,-0.07131483,0.16518675,0.01636464,-0.07246896,0.09291065,-0.25116432,0.20426542,0.3829588,0.3109398,0.53181905,0.44204065,0.3125511,0.29196966,0.019680921,0.18905436,-0.010251817,0.079771325,0.06939801,-0.01169035,0.19637538,0.11803501,0.4553161,0.54223394,0.5303097,0.0086604385,0.17745277,-0.028519817,-0.07272273,0.3361811
0.09640504,0.33544895,0.22563964,0.2953803,0.10672468,-0.1128369,0.44570395,0.5433733,0.21665992,-0.031677105,0.62600815,1.0,0.6031281,0.7275102,0.3238186,0.05346199,0.45867738,0.7602276,-0.16064247,0.17173862,-0.06263668,0.08314532,0.35237753,0.27699152,0.024876188,0.1418379,-0.12578136,-0.25830978,0.5011555,0.57142025,0.14305599,0.20265925,0.12684299,0.19234768,0.5193692,0.51129526,0.4236504,0.30380306,0.38994774,0.42014122,0.28306895,0.3253648,0.15817425,0.11724631,0.015857367,-0.054650728,0.42883295,0.35694396,-0.15332386,-0.04822432,-0.14330754,0.010217952,-0.14790455,-0.04825041,0.38891158,0.46918532,-0.0056146807,0.44994596,-0.061532628,-0.1730943,-0.1521999,-0.08503456,-0.040478382,0.40848473,-0.22378197,0.067582056,0.28147238,0.16798374,0.0055973358,-0.0052995277,0.35437292,0.492096,0.337562,0.44472563,0.28870928,0.48035127,0.30445805,0.25677872,0.1102467,0.5671692,0.05421463,0.6313415,0.20100899,0.29102987,-0.07268298,0.2541088,-0.09071416,0.09797022,-0.053296257,0.24190454,0.08597294,0.20113246,-0.24709855,0.34377003,0.47105077,0.4537013,0.5428189,0.52090675,0.38898838,0.37069744,-0.2381153,0.2907618,0.14414196,0.3411803,0.29558137,0.062959954,0.28926852,0.20806342,0.31236404,0.5905228,0.6314017,0.1577805,0.17379405,0.0840356,0.043657627,0.32377377
0.26272103,0.16121323,0.37761593,0.3694142,0.22288135,-0.00602989,0.68235725,0.5324383,0.3648608,0.026358595,0.7514568,0.6031281,1.0,0.68906325,0.48928308,0.17193681,0.5766882,0.5568935,0.018928114,0.26909497,0.117707066,0.1865278,0.3547955,0.38746858,0.09381051,0.08498299,0.058866546,-0.0010854111,0.621663,0.44179946,0.19368711,0.20272484,0.0904978,0.24149896,0.44418877,0.5154559,0.54198045,0.4993345,0.5595803,0.5526795,0.39277002,0.34221354,0.031320248,0.07415618,-0.024686435,-0.13358392,0.27709174,0.28321186,-0.13423051,-0.20383137,-0.21725574,-0.061834928,-0.13895178,-0.189754,0.56219643,0.38949755,0.19843633,0.090343565,-0.09472123,-0.14488876,-0.029901236,-0.26650932,0.26310736,0.13788313,-0.115197964,-0.106501296,0.21805666,0.17263949,0.10361534,0.17796095,0.481203,0.33915207,0.4994812,0.22948231,0.4242801,0.4362018,0.14705347,0.14826126,0.26658624,0.39764816,0.35104814,0.5153872,0.17618391,0.20645945,0.056576163,0.20653313,0.14853941,0.045695115,0.1712539,0.08376238,5.1742783e-05,0.15171792,-0.13742545,0.28084508,0.5579688,0.48261583,0.5667448,0.5045117,0.3098367,0.28619635,-0.0012162477,0.2624774,0.09003989,0.19588786,0.114481986,0.09139918,0.31623593,0.28449646,0.37382635,0.5583464,0.5218817,0.034116328,0.16158453,0.112492196,0.0637728,0.48057252
0.05696948,0.26741987,0.27410933,0.2885581,0.15731823,-0.08698581,0.46458584,0.52092016,0.21164161,0.0041038753,0.56239414,0.7275102,0.68906325,1.0,0.25120628,0.19644275,0.39073408,0.67772114,-0.13769753,0.19191885,0.0072396607,0.18874852,0.35854447,0.3424309,0.07889818,0.24628839,0.017512685,-0.039075997,0.57436067,0.60309076,0.11858378,0.1401225,0.0505573,0.14535634,0.41083008,0.44981262,0.5470381,0.51831436,0.4684017,0.58133006,0.2932049,0.40550575,0.02316398,-0.062172927,-0.11105756,-0.1532168,0.23284562,0.2585939,-0.25130567,-0.106853716,-0.29398265,-0.062302195,-0.25821096,-0.12799159,0.35435417,0.51441664,-0.001688763,0.27834326,-0.10717585,-0.15455751,-0.15415542,-0.17794004,-0.019390875,0.3113222,-0.3014572,-0.07402185,0.256903,0.055136632,0.053767312,0.016091738,0.40186825,0.5032368,0.36408842,0.4974136,0.35772598,0.6144378,0.1919842,0.0945176,0.08081565,0.52101314,0.037155233,0.6468943,0.073671974,0.42414263,-0.16998719,0.2636738,-0.0372113,0.11976461,-0.06257558,0.2413928,-0.117225744,0.13112873,-0.30275616,0.31693068,0.62056714,0.5957654,0.592288,0.52644736,0.32527724,0.34702477,-0.22854437,0.2975876,0.03008583,0.21683285,0.17978406,-0.04063347,0.21832411,0.16714102,0.22382098,0.5612693,0.5221334,0.1133671,0.0797432,-0.05075384,-0.10436049,0.33397388
-0.047150522,0.048098665,0.32613158,0.2110447,0.50329334,-0.08721412,0.4613545,0.3974063,0.6823357,-0.116047814,0.2963649,0.3238186,0.48928308,0.25120628,1.0,0.2754374,0.45211163,0.2880566,-0.18338045,-0.0064777564,0.22757739,0.37235266,0.28743365,0.38020274,0.17748554,0.13825256,0.12561534,-0.06809814,0.5736357,0.12325434,0.18489045,0.26421943,0.035258107,0.15357278,0.31074494,0.37080336,0.48759127,0.25345495,0.46856007,0.36513868,0.4959773,0.32480395,-0.039239977,0.1224511,-0.058249086,-0.15170707,-0.016146539,0.266573,-0.054960124,-0.3418011,-0.23982045,-0.07074132,-0.13579825,-0.027926773,0.5358228,0.31229115,-0.06436859,-0.0657654,-0.31597856,-0.07090029,-0.26995,-0.28836527,-0.0059076594,0.06310432,-0.3671253,-0.024215877,-0.03583764,0.10086182,-0.24412473,-0.03524016,0.40924525,0.37048337,0.3838645,-0.023622226,0.3201923,0.16360644,0.029300213,0.0690532,0.19316742,0.27523646,0.24131599,0.22989528,0.5319082,0.35881868,0.09377867,0.32533786,0.4295953,0.24260803,0.14586364,0.16007525,0.23493673,0.36541173,0.156938,0.41621736,0.32050166,0.2243188,0.39105043,0.3319355,0.26670465,0.3620423,-0.02281495,0.34039542,0.099950254,0.40532687,0.1719522,0.29258037,0.45467266,0.442414,0.22258689,0.3105039,0.26847202,0.0032255496,0.03668936,0.40455547,0.36025092,0.4612368
0.056146607,-0.1870188,-0.049336396,-0.010659181,-0.11350807,0.28511995,0.16078717,0.016243305,0.07130004,0.5760907,0.023482084,0.05346199,0.17193681,0.19644275,0.2754374,1.0,0.055180058,0.1003484,-0.100676805,-0.06414293,0.3031066,0.33657864,0.38407174,0.20251569,-0.05974836,-0.085247114,-0.10043163,0.044352412,0.10666681,0.43094355,0.18940543,0.32014996,0.029474417,-0.004480658,0.074789196,0.075200215,0.26144987,0.3339292,0.20572372,0.31320792,0.15824915,0.4937726,-0.09348957,-0.21684468,-0.06571501,-0.18223044,-0.2089019,-0.12383502,-0.16313677,-0.196217,-0.07947643,-0.37768057,0.07035368,-0.31882355,0.18309268,0.11649486,-0.0059385505,-0.19394673,0.030426335,-0.15504926,0.009189115,-0.31030706,0.14862148,-0.08859374,-0.15145859,-0.29512966,-0.06576477,-0.2046192,-0.081734955,-0.019612966,0.34463137,0.0995465,0.110177204,-0.06338683,0.16531938,0.18781152,-0.046834283,-0.010459576,0.0357692,-0.00488982,0.07760708,-0.04766846,0.14437598,0.41172794,0.08781545,-0.06893606,0.24207288,0.25046965,0.22037211,0.18289933,0.17438695,-0.002261177,0.022942772,0.118926845,0.19716349,0.2234723,0.12903948,0.10009729,0.15320091,-0.023698898,0.090033874,-0.009887585,0.16657084,-0.040957972,0.042723615,-0.08761745,0.105626784,0.12711926,-0.057248116,0.029662887,0.018927503,-0.042769272,-0.046366993,0.10371385,0.035223972,0.108445436
0.3621151,0.30341163,0.5217657,0.4776372,0.27616495,-0.19385602,0.73845255,0.55853397,0.4329363,-0.055876058,0.715757,0.45867738,0.5766882,0.39073408,0.45211163,0.055180058,1.0,0.46993345,0.017126665,0.22908008,0.009710321,0.098322764,0.29695326,0.5270725,-0.07309924,0.022402294,0.12871669,-0.13897702,0.6762293,0.080092356,0.5316674,0.5454033,0.30554414,0.4363716,0.4809144,0.6064509,0.50607765,0.25269654,0.45717126,0.33320615,0.13324954,0.05916155,0.16649343,0.2005094,0.08896336,-0.026940258,0.4283434,0.60504586,-0.18496111,-0.107315846,-0.17386325,-0.009457495,0.13202208,-0.0054068477,0.48509625,0.36817634,0.2091918,0.17502616,-0.07844296,-0.08158478,0.06339922,-0.077095374,0.28210342,0.26284078,-0.19366312,0.09661369,0.26788828,0.1788487,0.13140523,0.1889571,0.40927202,0.40588054,0.38707957,-0.09059203,0.1151344,0.16912708,0.43168053,0.27669483,0.71859956,0.59936136,0.44998243,0.57540226,0.05774211,0.043780494,-0.029782826,0.2309872,-0.025349146,-0.081126735,0.05116434,0.082738884,-0.09630282,0.23224868,-0.31651825,0.37265927,0.33152965,0.15860711,0.52632266,0.4175743,0.29337776,0.49584535,-0.047257554,0.36635733,-0.07963606,0.21099666,0.12581165,0.028199255,0.27311018,0.24945582,0.46640348,0.44133973,0.54107493,0.10595999,0.19614448,0.043699067,-0.10460743,0.30769342
0.25143057,0.24546047,0.25396875,0.2490242,0.14796855,-0.0606631,0.47213295,0.43944323,0.28978372,0.024720363,0.63240594,0.7602276,0.5568935,0.67772114,0.2880566,0.1003484,0.46993345,1.0,-0.093079306,0.0939638,0.042070013,0.1321591,0.3713224,0.37978858,0.09746555,0.22387725,0.054372292,-0.08268476,0.45245472,0.5800841,0.36473212,0.33772904,0.07507277,0.21294577,0.3941833,0.50647616,0.41144642,0.45915982,0.34117228,0.39732188,0.11189287,0.18529306,-0.06739974,-0.032814145,-0.08103288,-0.1379024,0.3798024,0.34418806,-0.19054541,-0.10267972,-0.19491418,-0.1198942,-0.08008122,-0.22301097,0.3164867,0.3042301,0.19644551,0.39665848,-0.08939649,-0.17742941,0.051342905,-0.17094025,0.12547757,0.21848598,-0.19609764,-0.08354963,0.119838804,0.1046632,0.04326842,0.091073565,0.56021035,0.5139564,0.5460855,0.2858434,0.43515584,0.3361435,0.2744786,0.43033522,0.28174946,0.61341506,0.2787525,0.5823498,0.07842052,0.14777014,0.058672823,0.053340532,0.035298154,-0.08713385,0.1780828,-0.026418092,-0.09358789,-0.05681543,-0.2517976,0.18023226,0.35107452,0.4275003,0.42825708,0.46404022,0.20431972,0.21601522,-0.0048007877,0.12878433,-0.059956603,0.14804105,-0.00047010588,0.06726165,0.10793419,0.1096007,0.4609552,0.5672116,0.48668435,-0.06267513,0.08687716,-0.0032001464,-0.11530939,0.3595119
0.630974,0.48254022,0.44976214,0.44799495,0.07347901,-0.24775176,0.28880948,0.30641016,0.16025741,-0.23789106,0.049925573,-0.16064247,0.018928114,-0.13769753,-0.18338045,-0.100676805,0.017126665,-0.093079306,1.0,0.71931523,0.06156054,-0.09101146,-0.33900684,0.23606482,-0.33911896,-0.1798305,0.15370588,0.21228904,0.036857862,-0.26783556,0.18081607,0.07549332,0.5043092,0.5734638,-0.23863314,-0.06285478,-0.19668904,0.15593395,-0.036704805,-0.0025574444,-0.12042925,-0.36358526,-0.050627787,0.3545555,0.025443526,0.30425557,0.12031696,0.1916063,0.06893598,0.18174809,-0.03577094,-0.08369691,0.11323016,-0.014771787,-0.067616984,-0.16669153,0.6257642,0.31970572,0.11131796,0.09323358,0.655968,0.36292547,0.52280605,0.16393735,0.320567,0.15378428,0.23991252,0.5343193,0.7078604,0.76269025,-0.04567523,-0.12619163,0.22385791,-0.32174018,0.050184138,-0.302988,-0.23648246,-0.024208752,0.10914603,-0.09686514,0.30216208,-0.08553645,-0.5131068,-0.3065476,-0.02869485,-0.2361172,-0.0923706,-0.43180528,0.28359708,-0.53303343,-0.37392256,-0.35600343,-0.128095,-0.18385376,-0.120854236,-0.07065486,-0.25354576,-0.027352868,-0.23092245,-0.09865036,0.21153185,-0.23969723,-0.33282274,-0.17563498,-0.4573902,0.3399443,-0.30602103,-0.073394485,0.36858913,-0.117246844,0.029365636,0.18025942,0.19651341,-0.14700449,-0.16866331,0.20436268
0.5799024,0.6342592,0.5399841,0.64275146,0.07949355,-0.32451153,0.42145175,0.5780122,0.2255333,-0.30415574,0.25270495,0.17173862,0.26909497,0.19191885,-0.0064777564,-0.06414293,0.22908008,0.0939638,0.71931523,1.0,-0.059428234,-0.051023852,-0.13899109,0.40312365,-0.27018616,0.010523503,0.004470315,0.030808048,0.31400216,-0.067940354,0.16708983,0.13808899,0.54454505,0.69495827,0.010755054,0.12800343,-0.032412726,0.14458416,0.14936987,0.16303092,0.025267854,-0.2154983,0.042048126,0.38879228,0.021961106,0.23594913,0.24274105,0.3155626,-0.14077745,0.092802286,-0.12179251,-0.124598704,-0.007960426,0.023604224,0.12216018,0.122930676,0.5252631,0.42572322,0.09577358,0.012691449,0.46612704,0.27892298,0.44565192,0.4050023,0.16019598,0.19741526,0.35677636,0.5752757,0.63349044,0.68900687,0.053099833,0.087598205,0.25225234,-0.044415396,0.1180178,0.08329944,-0.06968176,-0.041279618,0.13715418,0.10253343,0.18329278,0.21578035,-0.36936224,-0.0023959859,-0.20950271,-0.011875766,-0.1565223,-0.20206685,0.110876806,-0.24696562,-0.418394,-0.13347813,-0.25057805,0.0770981,0.13193572,0.09987247,0.08156397,0.20543687,0.05378661,0.17238607,-0.012173636,0.044596653,-0.17382105,0.018750956,-0.13778605,0.3510296,-0.062846795,0.06566347,0.35469487,0.06826034,0.34810245,0.4042248,0.29678458,-0.20376521,-0.111060336,0.35356206
0.21823989,-0.21491078,-0.03952251,-0.10504473,0.090986624,0.14538348,0.13858233,-0.08005279,0.07761636,0.263372,0.022871714,-0.06263668,0.117707066,0.0072396607,0.22757739,0.3031066,0.009710321,0.042070013,0.06156054,-0.059428234,1.0,0.45556214,0.1714629,-0.004179696,-0.018650273,-0.15313376,0.41125804,0.3277284,-0.013117982,0.021878364,0.14702624,0.029083366,-0.10618066,-0.00031079462,-0.12141667,-0.14310272,0.1280896,0.26388443,0.38114923,0.32356885,0.23086789,0.13414843,-0.13660014,-0.21950518,-0.006301238,-0.11296544,-0.15873298,-0.12295649,0.029470446,-0.228004,0.039858595,-0.20008607,0.11037141,-0.2675145,0.100798,-0.3021026,0.1722098,-0.19098102,-0.03969918,-0.201227,0.12493927,-0.26280805,0.21948993,-0.35468417,0.09073919,-0.29949564,-0.083901785,-0.091614015,-0.03915593,0.1310578,0.30098698,-0.11485877,0.073655896,-0.38917887,-0.011687185,-0.3162806,-0.2751521,-0.11689535,0.080206566,-0.1794072,0.2895012,-0.27914992,0.13115199,-0.08275277,0.33249778,-0.26953033,0.33549023,-0.12515394,0.3449949,-0.15308388,0.027072227,-0.26876643,0.2192533,-0.08745016,0.05536683,0.06915836,-0.023596803,-0.06848932,-0.09913901,-0.2606648,0.34277964,-0.21725328,0.010478474,-0.08189252,-0.15851186,0.035571165,0.08844278,0.23461154,-0.017789215,-0.106765755,-0.119413726,-0.1848906,-0.22572003,0.10476214,-0.037489604,0.24298097
0.022863014,-0.05808479,0.16992871,-0.081138544,0.19398281,-0.005407578,0.2460564,0.12397923,0.35038903,0.11462137,0.025324598,0.08314532,0.1865278,0.18874852,0.37235266,0.33657864,0.098322764,0.1321591,-0.09101146,-0.051023852,0.45556214,1.0,0.2396318,0.13951269,0.22505468,0.09912363,0.33920494,0.12440419,0.18607566,0.13445146,0.005708245,0.0497601,-0.14873157,0.03979801,0.088030465,0.013102793,0.2772731,0.3392433,0.38035345,0.32409686,0.37290922,0.25803185,-0.21929193,-0.17868923,-0.24272023,-0.32163766,-0.36215168,-0.20504461,-0.12978935,-0.24984743,-0.20799986,-0.16526026,-0.08805977,-0.17299409,0.2042823,-0.04874089,0.00075043656,-0.13554953,-0.27618513,-0.08236816,-0.11735536,-0.28267643,0.050302457,-0.20944744,-0.2453829,-0.19889714,-0.18559207,-0.12002889,-0.187855,0.04108615,0.34680173,0.019655468,0.20309639,-0.10728749,0.22186522,0.049207747,-0.33464313,-0.24183366,0.025679978,0.04378026,0.2133153,-0.033796296,0.2910801,0.18911147,0.14540006,0.021431493,0.32799712,0.0953307,0.26074374,0.06495281,-0.0049879765,-0.01339292,0.09641827,0.08027167,0.20824218,0.26921004,0.14028998,0.14188005,-0.030504264,-0.036287624,0.034508776,-0.048528206,-0.17773363,-0.042944398,-0.047061045,0.11480505,0.15749244,0.27802452,0.019943254,0.08248744,-0.06538782,-0.12683165,-0.11782741,0.01790004,0.095043205,0.3773851
-0.05488986,-0.3503309,-0.047957193,0.09193114,-0.2714877,0.30013227,0.366321,0.09682094,0.0027316592,0.5016453,0.37442636,0.35237753,0.3547955,0.35854447,0.28743365,0.38407174,0.29695326,0.3713224,-0.33900684,-0.13899109,0.1714629,0.2396318,1.0,0.33815688,0.30580714,0.22804144,-0.08501034,-0.18044595,0.13805343,0.605121,0.2652979,0.36686784,-0.26063025,-0.038737502,0.4274336,0.32291025,0.3353552,0.25960982,0.21114549,0.11958801,0.22715846,0.50176454,-0.13358805,-0.42541778,-0.20733182,-0.41471785,-0.05755662,-0.19035605,-0.057791308,-0.16300851,-0.047283165,-0.27374184,0.06667535,-0.51660407,0.36389652,0.11946243,-0.0866455,-0.1658118,-0.21643901,-0.27731174,-0.20200099,-0.48008245,0.12895009,-0.20312873,-0.12698941,-0.44192216,-0.045867722,-0.35427117,-0.34337622,-0.30442917,0.5039974,0.023197811,0.24655853,0.24187516,0.40324804,0.43517277,0.06308279,0.076489516,0.102267005,0.10806736,0.28163153,0.224766,0.4203543,0.23348956,0.2764324,-0.008798284,0.2427114,0.19328795,0.20955397,0.28150898,0.18145156,0.02747771,0.050097007,0.021864539,0.33806056,0.3698998,0.40851718,0.296277,0.15277441,-0.09678666,0.051270965,0.01846128,0.18303983,-0.11532707,0.20132709,-0.23383893,0.27969018,0.17372097,0.0023434628,0.36626652,0.27748165,-0.3031255,0.05142673,-0.08687721,-0.018711636,0.1962087
0.2879869,0.39283893,0.7125776,0.7010877,0.36325172,-0.2162655,0.5977762,0.6547051,0.63738817,-0.18156265,0.4149061,0.27699152,0.38746858,0.3424309,0.38020274,0.20251569,0.5270725,0.37978858,0.23606482,0.40312365,-0.004179696,0.13951269,0.33815688,1.0,0.10475579,0.38157418,-0.015307486,-0.13645288,0.64219755,0.17370167,0.47008842,0.5953448,0.4015569,0.58974135,0.27030843,0.45671126,0.35816926,0.4370744,0.27426332,0.31632742,0.094466165,0.112594545,-0.32131305,0.084828876,-0.3270885,-0.17153919,0.05050395,0.41717628,-0.32096815,-0.13826181,-0.47865066,-0.31878945,-0.10229511,-0.14417182,0.26848876,0.36317742,0.30864963,0.123601936,-0.17647684,-0.21388677,0.16204128,-0.1768428,0.24228908,0.27466294,-0.3978693,-0.059862908,0.093057215,0.22356407,0.20381203,0.31395197,0.42820132,0.38315222,0.62964845,0.04701281,0.48311242,0.27198464,0.05663635,0.088677436,0.3409966,0.47087064,0.36133078,0.49291903,-0.18122643,0.34815833,-0.25055397,0.24104498,0.08194091,0.11861211,0.15978052,-0.11716614,-0.38942483,-0.03408999,-0.27995637,0.26474002,0.3399435,0.32327816,0.36267364,0.44922712,0.03208011,0.32083702,0.061680622,0.11851437,-0.23183978,0.17121536,-0.18084604,0.32411274,-0.027962383,0.050251804,0.41647577,0.4005788,0.36535296,-0.011860969,0.15612473,-0.2023501,-0.11223767,0.4401768
-0.2531909,-0.23925097,-0.061693773,-0.15319633,0.05792243,0.14027023,-0.02261867,-0.04726341,0.1666723,-0.010990726,0.008345489,0.024876188,0.09381051,0.07889818,0.17748554,-0.05974836,-0.07309924,0.09746555,-0.33911896,-0.27018616,-0.018650273,0.22505468,0.30580714,0.10475579,1.0,0.5348198,0.03995415,-0.064858034,0.04825158,0.26704195,-0.094534025,-0.024919193,-0.30366415,-0.18590821,-0.0056485864,-0.016350472,0.114445366,0.16439927,0.06907548,0.018229786,0.20025215,0.20003818,-0.4010047,-0.4195115,-0.44104174,-0.5675855,-0.34166893,-0.33025125,-0.20123881,-0.34146208,-0.27637234,-0.06497986,-0.07208238,-0.23814712,0.1351572,-0.011961041,-0.13400784,-0.19085519,-0.2035727,-0.05146893,-0.29055458,-0.4189915,-0.1631661,-0.24153465,-0.30418453,-0.3974193,-0.33369613,-0.4055082,-0.4392608,-0.31898576,0.22525196,-0.012342373,0.29099098,0.2394757,0.4336233,0.25972944,-0.16498344,-0.04759529,-0.17565736,-0.027790222,0.015383629,0.021659136,0.22308615,0.26553786,0.008754276,0.03872586,0.3444462,0.2418652,0.11778223,0.011175692,-0.045013368,-0.04727513,0.09294476,-0.12638012,0.21071805,0.25029364,0.15280996,0.20982069,-0.09519438,-0.117847964,0.030786531,-0.11898791,-0.023450445,-0.03684141,-0.04437156,0.018537113,-0.006901466,-0.06391325,-0.014146965,0.17867666,-0.14552823,-0.40305832,-0.21898602,-0.07157824,0.040411573,0.15671872
-0.17073868,0.12843539,0.24888368,0.1977845,0.22006673,-0.1509631,0.038579646,0.24869914,0.29355127,-0.27746767,0.08477005,0.1418379,0.08498299,0.24628839,0.13825256,-0.085247114,0.022402294,0.22387725,-0.1798305,0.010523503,-0.15313376,0.09912363,0.22804144,0.38157418,0.5348198,1.0,0.013426044,-0.16687478,0.2660854,0.21376686,0.049692348,0.06636149,-0.02418112,0.087944366,0.08091078,0.091376014,0.10235642,0.111088276,0.029580202,0.103010535,0.041820887,0.048451733,-0.42225718,-0.2911369,-0.4681942,-0.46020207,-0.13287534,-0.039269887,-0.37346634,-0.23651278,-0.5064642,-0.06950748,-0.31838208,-0.06889788,-0.015651526,0.20880562,-0.068640456,0.06053982,-0.22474445,-0.024807097,-0.235727,-0.21777698,-0.2045613,0.09162011,-0.5008749,-0.11865258,-0.16608949,-0.18760249,-0.22034806,-0.1731727,0.19775629,0.3303264,0.33984852,0.40296233,0.43921423,0.4071399,0.027443495,-0.0033197333,-0.15703683,0.18511383,-0.10562978,0.27328432,0.009034466,0.45457906,-0.3224096,0.23053254,0.13376094,0.37684596,-0.11242323,0.04275317,-0.34695023,-0.03789275,-0.16716927,0.08141146,0.20243303,0.22438824,0.20955174,0.2207031,-0.10627983,0.043208614,-0.06824947,0.07524568,-0.0787951,0.12314483,-0.02920409,0.1448322,-0.1052337,-0.1602852,-0.026053492,0.22471665,0.06173212,-0.08987155,-0.06153005,-0.2645042,-0.17149372,0.16814366
0.23216045,-0.014119609,0.12382857,-0.09254754,0.2899879,-0.008115095,0.19851412,-0.006787089,0.19150251,-0.05140808,0.022864651,-0.12578136,0.058866546,0.017512685,0.12561534,-0.10043163,0.12871669,0.054372292,0.15370588,0.004470315,0.41125804,0.33920494,-0.08501034,-0.015307486,0.03995415,0.013426044,1.0,0.62059885,0.07675887,-0.18939596,0.23555563,0.007447531,-0.08792976,0.13040392,-0.078255706,-0.016574262,0.14855048,0.260477,0.2860688,0.16577804,-0.021128496,-0.15950452,-0.19899261,-0.08505132,-0.09132853,-0.112838425,-0.12403365,0.0017786341,-0.036310196,-0.2517081,-0.19842072,-0.082487896,0.06049201,-0.1283047,0.10532953,-0.2656734,0.22101004,-0.11709663,-0.17991757,0.026387233,0.15524556,-0.17081538,0.25376362,-0.31339726,-0.0415851,-0.21275458,-0.102200374,-0.030126413,0.041062843,0.17248216,0.2636595,-0.01305737,0.21990949,-0.31289986,0.1044527,-0.2789902,-0.109918155,0.033790156,0.24436826,-0.018502345,0.37311056,-0.06238897,0.012439656,-0.27544096,0.26161352,-0.24528679,0.3325623,-0.33035487,0.3078043,-0.30767688,-0.20119634,-0.30999306,-0.03185714,-0.18822801,0.025981452,0.07462006,0.009088171,0.004624108,-0.1944147,-0.16301641,0.23892082,-0.18764365,-0.3839357,-0.26105234,-0.34840512,-0.043263815,-0.018547662,-0.0056353807,0.13543984,0.040471397,-0.13923341,-0.16345818,-0.19794394,0.05383845,-0.13839859,0.26065874
0.25640312,-0.15258235,-0.1011303,-0.12230228,0.1300672,0.26314604,-0.022015156,-0.17746405,-0.042669564,0.13409203,-0.11496176,-0.25830978,-0.0010854111,-0.039075997,-0.06809814,0.044352412,-0.13897702,-0.08268476,0.21228904,0.030808048,0.3277284,0.12440419,-0.18044595,-0.13645288,-0.064858034,-0.16687478,0.62059885,1.0,-0.13192771,-0.11543377,0.1458771,-0.009196513,-0.019868422,0.023627786,-0.29339325,-0.2200361,-0.06945176,0.21818928,0.1309054,0.13387392,-0.2096718,-0.13158828,-0.18538539,-0.121980526,0.027655285,-0.05316481,-0.18057933,-0.106455825,0.11745229,-0.3166779,-0.053732194,-0.19657867,0.044434212,-0.21532133,0.023168484,-0.3145914,0.2581853,-0.2920695,-0.035414632,0.08545461,0.24487133,-0.19120967,0.34174645,-0.3712452,0.1865169,-0.33618152,-0.18476085,-0.009046546,0.13618512,0.2221982,0.2185585,-0.15423912,0.06942886,-0.37059268,0.016655544,-0.38793513,-0.11404216,0.10351142,0.13616417,-0.17388736,0.2680772,-0.20806246,-0.106297515,-0.24801672,0.29232058,-0.31939515,0.2816009,-0.1940507,0.36521927,-0.33251238,-0.052447103,-0.36391824,0.112681046,-0.24104309,-0.111430295,-0.061716516,-0.17191501,-0.16902947,-0.1368548,-0.25175422,0.38285267,-0.2448014,-0.11835541,-0.27099067,-0.3511498,0.027158277,-0.029297596,-0.030076427,0.066605255,-0.12049866,-0.25868282,-0.21865296,-0.16727626,0.08633161,0.0038925074,0.16391249
0.15020716,0.52038264,0.71052516,0.606082,0.5976907,-0.3824867,0.64965695,0.76509386,0.6786672,-0.355288,0.5436014,0.5011555,0.621663,0.57436067,0.5736357,0.10666681,0.6762293,0.45245472,0.036857862,0.31400216,-0.013117982,0.18607566,0.13805343,0.64219755,0.04825158,0.2660854,0.07675887,-0.13192771,1.0,0.1298373,0.29010344,0.35234183,0.40929767,0.42789024,0.40896997,0.55197406,0.66389245,0.4595476,0.5656418,0.59432703,0.36853087,0.23764192,0.0041549704,0.21825531,-0.086498044,-0.049584854,0.24177055,0.6288297,-0.3036482,-0.20106708,-0.46382183,-0.0040460834,-0.22482632,0.19412228,0.4707161,0.66715765,0.052739218,0.24344476,-0.23689483,-0.102922656,-0.118493855,-0.06797765,0.0009907972,0.47687465,-0.5215055,0.18230878,0.23995113,0.2663333,0.12603989,0.16803262,0.31834847,0.6530077,0.47490275,0.17603171,0.25171882,0.38273737,0.281798,0.08253559,0.33402547,0.6818562,0.1464983,0.7057175,0.031435177,0.47821406,-0.3724538,0.5464825,-0.0044511845,0.20560263,-0.10377226,0.20208865,-0.20290303,0.37492388,-0.3431813,0.5583864,0.5770083,0.42569804,0.6203321,0.5970288,0.33522406,0.6861057,-0.20594276,0.4452679,-0.088258855,0.48404542,0.13890937,0.27311063,0.27320996,0.28933212,0.37193716,0.5165559,0.5570975,0.2683008,0.13013045,0.08273432,0.059028376,0.5180006
-0.029430512,-0.16754958,-0.15274112,-0.017042018,-0.28119454,0.25877288,0.17962712,0.11388022,-0.07837928,0.44120368,0.38852978,0.57142025,0.44179946,0.60309076,0.12325434,0.43094355,0.080092356,0.5800841,-0.26783556,-0.067940354,0.021878364,0.13445146,0.605121,0.17370167,0.26704195,0.21376686,-0.18939596,-0.11543377,0.1298373,1.0,0.06522094,0.19267148,-0.21456544,-0.045635168,0.32380474,0.28173038,0.34657645,0.489495,0.24780303,0.30892533,0.23395708,0.5385149,-0.1886758,-0.32987222,-0.23278996,-0.36349013,0.08482027,-0.156059,-0.1174526,-0.1672036,-0.09215624,-0.2495702,0.0017547959,-0.44943413,0.33731392,0.25229105,-0.0056244084,0.065485515,-0.051481698,-0.19377373,-0.09793128,-0.39499092,0.07624373,-0.05258838,-0.10880176,-0.40311176,-0.08061312,-0.24876991,-0.23545898,-0.23392782,0.5113746,0.1620978,0.36199826,0.51179045,0.530307,0.5620902,0.10529744,0.27603763,-0.08288913,0.21919446,0.10854034,0.3170825,0.20345189,0.34747353,0.20032221,-0.0666755,0.17331736,0.14368203,0.24315803,0.15667279,0.15026629,-0.11735977,0.0041409917,-0.062387485,0.42054445,0.5572805,0.38016984,0.4376458,0.29075608,-0.07763259,0.045237396,-0.040922213,0.22224557,-0.09235616,0.095445976,-0.122980654,0.1079889,-0.027563754,0.11589126,0.46465224,0.2873603,-0.1837278,0.07003567,-0.108710065,0.029454553,0.17246772
