1.0,0.6581464,0.6772583,0.621392,0.2342091,0.02661009,0.76285833,0.716799,0.20328698,0.09051192,0.6611031,0.6248252,0.53228056,0.46043658,0.15717067,0.2831532,0.5570558,0.6330611,0.7671781,0.79920626,-0.2079967,-0.054981306,0.15127382,0.50751185,-0.00527671,0.22570464,-0.016973473,-0.045648303,0.4465421,0.47657892,0.36416024,0.43904543,0.7779846,0.66679025,0.5666923,0.45073405,0.14143191,0.34041667,0.26238334,0.3316243,0.085299976,-0.007268034,0.3530318,0.4169306,0.19526757,0.24605334,0.38511953,0.3319526,0.25962174,0.030825043,0.20138714,0.07142093,0.29100326,0.17934953,0.3745811,0.42992008,0.8759137,0.6361106,0.12070429,-0.10173394,0.5653442,0.0022401314,0.4137352,0.4887451,0.5030879,0.26662925,0.4030123,0.600009,0.5656153,0.68271893,0.035637178,0.16907518,0.08396459,0.060350135,0.057950296,0.09028188,0.19499262,0.24460143,0.41139996,0.4053707,0.3943717,0.54223895,-0.010791975,0.34089673,0.10659346,0.41348433,-0.13887955,0.29297283,0.30579594,0.21852477,0.4114364,0.19196922,0.21233445,0.043982603,0.26055655,0.35479504,0.42588684,0.3757647,0.33158055,0.22799881,0.0406834,0.20322661,0.18743214,0.3159875,0.1526309,0.23802307,0.34276408,0.30023628,0.30344316,0.15222885,0.3148182,0.36849567,0.25006983,0.23560143,0.15291312,0.36228105
0.6581464,1.0,0.570051,0.8498639,0.45896363,-0.47150382,0.6541166,0.7541418,-0.07211373,-0.34682292,0.78679603,0.72080684,0.5124114,0.70890945,-0.16718307,0.32054353,0.64937145,0.67778766,0.46899024,0.6844869,-0.44020852,0.25990275,-0.3780704,0.88567483,-0.4055496,0.11276324,-0.2828596,-0.0750713,0.62758124,0.4879915,0.15698709,0.45117226,0.66906285,0.86160105,0.6403944,0.6380048,0.021753803,0.3439798,0.22530717,0.4201997,0.12555787,-0.1948447,0.6721863,0.7641144,0.602675,0.6466814,0.49940082,0.59649646,0.34964988,0.31730884,0.44872263,0.47704062,0.33176652,0.20985226,0.21037681,0.42879766,0.52870834,0.9272442,0.4093208,-0.023489987,0.69993204,0.52013123,-0.010716271,0.8387067,0.49540582,0.69384646,0.66899633,0.82583404,0.72800237,0.61636007,-0.40644878,0.035222594,-0.09828885,-0.20104183,-0.29794377,0.09177781,-0.050660703,0.05164751,0.56343704,0.18958203,0.104933195,0.7452199,-0.40138826,0.29653618,-0.34869826,0.7704315,-0.5943023,0.33927897,0.18897721,0.22499035,0.45385504,0.54702055,0.15557417,0.46940985,0.2624793,0.46370158,0.45239726,0.48665956,0.37631512,0.42374948,-0.1392411,0.40956703,0.06351416,0.26703802,-0.019368581,0.15858376,0.040304907,0.032034565,0.48590866,0.25255966,0.3400121,0.42497602,0.33086964,0.1547603,0.11340741,0.29754132
0.6772583,0.570051,1.0,0.77325594,0.10127794,-0.08485879,0.7662202,0.76774,-0.03609349,-0.07907308,0.56880146,0.6081594,0.5159737,0.41434038,0.037063427,0.21142815,0.61614954,0.5754281,0.55660427,0.5706343,-0.23074177,0.031013016,0.12622103,0.5587759,-0.12391131,0.1276058,-0.041205004,-0.1924954,0.5165443,0.5048352,0.46152046,0.5400769,0.7149981,0.72341937,0.6808605,0.60240203,0.23426142,0.4606931,0.41513413,0.47297752,0.21610114,0.12716308,0.45316538,0.5354119,0.26811662,0.36782587,0.55328447,0.5086773,0.25231656,0.11843695,0.113944374,0.18090953,0.43618813,0.02093323,0.4417567,0.5523756,0.6255384,0.50547355,0.11959542,-0.13287441,0.39616585,-0.05664486,0.34540954,0.43264368,0.37562343,0.26412967,0.5241273,0.62324584,0.54358816,0.59234375,0.017905204,0.23667762,0.15910198,0.19695264,0.17078592,0.24257216,0.20723073,0.22618683,0.48293146,0.4498921,0.3593652,0.52722317,-0.10715594,0.33568814,0.08352314,0.43083823,-0.2391372,0.28243917,0.4258805,0.3231857,0.55245733,0.35596633,0.2908474,0.1963298,0.3054389,0.5549393,0.5693705,0.5343788,0.48671314,0.44307142,0.08208059,0.10103602,0.23952495,0.27473295,0.13844399,0.18251352,0.26808527,0.28616044,0.39693528,0.28080803,0.42393622,0.40976962,0.38573802,0.30549622,0.24966156,0.4831271
0.621392,0.8498639,0.77325594,1.0,0.29197603,-0.41889754,0.7120617,0.8210396,-0.15049942,-0.34659904,0.6855062,0.69008267,0.5371091,0.6491048,-0.15810774,0.28502557,0.6341073,0.6249775,0.47858045,0.6286618,-0.4104548,0.22278737,-0.25725824,0.83517766,-0.40430078,0.05878625,-0.2854408,-0.18579654,0.60383415,0.5014745,0.3024285,0.5533806,0.6804548,0.8320003,0.68996894,0.68327576,0.1601879,0.4639568,0.36723822,0.5368626,0.22474976,-0.041002017,0.6764567,0.78519905,0.6079005,0.66885287,0.6092446,0.6507495,0.40812653,0.29620853,0.4139409,0.43461618,0.5006491,0.15139243,0.36707786,0.5942912,0.522513,0.81151146,0.4238462,-0.017107375,0.666283,0.383228,0.10675937,0.76748776,0.4879543,0.624749,0.7135794,0.83755416,0.7672525,0.64157134,-0.30483285,0.13775864,-0.020568093,-0.07251327,-0.1382571,0.19591676,0.031704087,0.10295715,0.5467743,0.26483777,0.14673696,0.7379395,-0.3767706,0.3344747,-0.26170242,0.7105155,-0.54112625,0.2594794,0.365232,0.37657934,0.5963385,0.57961607,0.23382202,0.42102697,0.37328783,0.601077,0.5794339,0.602432,0.5178067,0.5629897,-0.06046534,0.26681384,0.17168596,0.28946978,0.0920481,0.24887541,0.2044754,0.21535836,0.58549863,0.29307696,0.41650742,0.49870905,0.43121198,0.25971067,0.21639971,0.46718976
0.2342091,0.45896363,0.10127794,0.29197603,1.0,0.13078761,0.31368318,0.22322008,0.56249946,0.32712772,0.40917954,0.3639675,0.20529817,0.28199407,0.4546623,0.6763122,0.22803238,0.25463548,0.3675485,0.4474925,0.17482854,0.5223042,-0.14168778,0.45801243,0.33909547,0.7347123,0.34015384,0.49341172,0.52430815,0.5014457,-0.07575244,-0.026909739,0.2017142,0.34051573,0.2705327,0.17172505,0.34495676,0.41587782,0.4354286,0.49006012,0.38086236,0.22736432,0.45616755,0.31813553,0.049182493,0.15337338,0.30717272,0.33247256,-0.1742241,0.16380234,-0.13910201,-0.1018947,-0.0437372,0.03324069,0.44827232,0.45041308,0.11718982,0.36215732,-0.1593329,-0.07326905,0.10404651,0.084292546,-0.33455175,0.15737475,-0.011053396,0.14547428,0.4679184,0.3800434,0.52912676,0.4824591,-0.022303142,0.22083515,0.33554745,0.16555072,0.1492184,0.36825186,0.113535054,0.0039165807,0.21255273,-0.085525975,0.13204326,0.3440682,0.3207669,0.6706287,-0.010532171,0.6423026,-0.048314814,0.7281286,0.30870852,0.49756178,0.4230825,0.5500843,0.40130624,0.47687033,0.5099459,0.3770424,0.35467064,0.37432194,0.42430523,0.46803308,0.4040637,0.589511,0.51516336,0.66915846,0.49195603,0.5417186,0.25809255,0.2731606,0.35424554,0.5199409,0.35147238,0.42862567,0.5313166,0.56768495,0.56221825,0.35877365
0.02661009,-0.47150382,-0.08485879,-0.41889754,0.13078761,1.0,-0.0054820636,-0.23291245,0.6472264,0.8533467,-0.24704361,-0.19190322,-0.082572035,-0.4651542,0.7446058,0.27094528,-0.24321607,-0.23167972,0.3017299,0.068136096,0.5786904,-0.15745494,0.6874866,-0.5091823,0.87513596,0.54891217,0.6740201,0.47849974,-0.18688637,0.061174065,0.12881774,-0.21938111,-0.090245284,-0.37250072,-0.118212484,-0.34700006,0.31771666,0.09228052,0.19850788,-0.0022949618,0.13776684,0.49204057,-0.2972011,-0.47484496,-0.7474637,-0.6312906,-0.15100528,-0.32897067,-0.46867734,-0.461077,-0.6560534,-0.6453017,-0.26827252,-0.046308074,0.36520916,0.07997664,0.1253518,-0.5717619,-0.66871715,-0.042769983,-0.52876955,-0.7770823,0.26868662,-0.6897049,-0.30628678,-0.72593176,-0.25077105,-0.34958273,-0.193319,0.047270104,0.7206393,0.36506552,0.51773906,0.52740335,0.7268266,0.32904983,0.32481733,0.14913882,-0.30408028,0.050462924,0.39271617,-0.35687482,0.8875194,0.42468956,0.6711225,-0.30933577,0.8184124,0.3462087,0.24631199,0.29082042,0.039730348,-0.27476406,0.27995056,-0.32204494,0.23651567,-0.10801132,-0.020327376,-0.09507255,0.04980227,-0.043761313,0.5940601,-0.07636132,0.4827989,0.3457521,0.54740375,0.3973304,0.40423596,0.37650305,-0.27358904,0.15706293,0.09020283,0.02607022,0.16219297,0.4603903,0.46101323,0.21132949
0.76285833,0.6541166,0.7662202,0.7120617,0.31368318,-0.0054820636,1.0,0.879642,0.25309405,0.13133614,0.75268334,0.81694645,0.74862695,0.6512544,0.20453808,0.3750625,0.77166617,0.73498785,0.7208621,0.7505645,-0.12885948,0.14141159,0.26241457,0.62846977,-0.024660701,0.25277838,-0.03082333,0.077000156,0.69031537,0.7031413,0.5964576,0.64913297,0.7809425,0.73482764,0.77038854,0.6499634,0.302418,0.49686763,0.37786794,0.41971555,0.1374867,0.017130014,0.48771867,0.5084751,0.13072962,0.23270963,0.6128917,0.538289,0.13792624,-0.0030816311,-0.008588869,0.07951179,0.23316766,0.13548425,0.44711295,0.5277566,0.7486476,0.55581164,-0.0014166395,0.03594699,0.34856784,-0.06458975,0.46574765,0.51126766,0.2755109,0.2809666,0.47428286,0.7123534,0.53137314,0.578165,0.19393077,0.4862894,0.3162238,0.24227354,0.19145152,0.2887404,0.3893567,0.45036367,0.6115278,0.5897371,0.63420594,0.70904887,0.029572979,0.43947455,0.20840332,0.5169757,-0.1594424,0.32747412,0.40771055,0.38206446,0.46329919,0.2829352,0.17128932,0.13026308,0.3427381,0.4639406,0.49721572,0.5090106,0.42686233,0.38574255,0.06943427,0.2719365,0.21866123,0.35153404,0.2003122,0.28045544,0.33573154,0.31900978,0.35866538,0.35757867,0.5712757,0.48876932,0.34194875,0.32870013,0.2565732,0.42339572
0.716799,0.7541418,0.76774,0.8210396,0.22322008,-0.23291245,0.879642,1.0,0.00889653,-0.112511896,0.777129,0.8118909,0.70715684,0.7299798,-0.056733,0.21289112,0.784806,0.75766814,0.5958344,0.69018227,-0.32441002,0.08085875,0.08849773,0.7247495,-0.27582225,0.03346393,-0.23833458,-0.092667416,0.6197885,0.59755176,0.52504843,0.70638114,0.78780174,0.80414224,0.8004338,0.7408867,0.121136256,0.4129752,0.28507963,0.3679879,0.009878483,-0.1347082,0.5572944,0.62975395,0.3374501,0.41659698,0.59032464,0.57896066,0.28858984,0.13496178,0.22127663,0.27587777,0.2827988,0.18804646,0.28504387,0.44875142,0.6897078,0.67943066,0.20734729,0.050616723,0.49966964,0.15289754,0.42687285,0.69682163,0.41423553,0.4591869,0.552424,0.7997104,0.5754858,0.5457045,0.0076437327,0.3882116,0.07644859,0.039326377,-0.035255324,0.15923329,0.23656967,0.3679105,0.64366794,0.54028594,0.48525393,0.76599437,-0.20667982,0.2944784,-0.018680401,0.55388695,-0.32164484,0.21904592,0.26785582,0.28584224,0.43689814,0.36333606,0.14749166,0.20716688,0.2526181,0.45719856,0.4371172,0.4780393,0.34750098,0.3781023,-0.016100612,0.25775003,0.13680166,0.26437473,0.07391022,0.1781968,0.21755953,0.19619852,0.3819619,0.2548495,0.4969098,0.46741533,0.3082002,0.22357027,0.16436349,0.369599
0.20328698,-0.07211373,-0.03609349,-0.15049942,0.56249946,0.6472264,0.25309405,0.00889653,1.0,0.85134685,0.12135695,0.14776796,0.22005394,-0.012472565,0.8371279,0.6446928,-0.0132668475,0.013798354,0.43596965,0.32708925,0.52191246,0.28702193,0.4696693,-0.08811715,0.7367416,0.7530378,0.5999834,0.5663656,0.27847853,0.44764706,0.2282348,-0.025723372,-0.010017851,-0.12658618,0.020951819,-0.21679372,0.5314051,0.33587673,0.42816278,0.2751622,0.3618649,0.4287284,0.004378841,-0.20311134,-0.47974914,-0.34782496,0.111999325,-0.037195716,-0.2997534,-0.2865616,-0.5187416,-0.51006395,-0.096827425,-0.13166648,0.5224119,0.32783574,0.1775401,-0.1794067,-0.47004312,0.021302093,-0.25749463,-0.40534762,0.10929387,-0.3617296,-0.15711498,-0.43335974,-0.02142114,-0.07814492,0.1401207,0.2240471,0.5732389,0.4444425,0.62703437,0.46457663,0.57716,0.36920235,0.42410845,0.22776797,-0.07590856,0.13117966,0.53023386,0.0697166,0.7232653,0.6306462,0.5983022,0.12790138,0.41945648,0.45956004,0.46864715,0.40303835,0.1929727,-0.056572463,0.18910718,-0.17277625,0.41244355,0.12649241,0.22015908,0.17906915,0.2936374,0.17228946,0.42490825,0.24695322,0.49124318,0.54069114,0.58491325,0.5489525,0.51076794,0.4724048,0.15047434,0.4466652,0.30522105,0.28762922,0.32773498,0.5450444,0.49994996,0.33638152
0.09051192,-0.34682292,-0.07907308,-0.34659904,0.32712772,0.8533467,0.13133614,-0.112511896,0.85134685,1.0,-0.08177106,-0.02995768,0.06254474,-0.25389105,0.83914155,0.4492585,-0.11853922,-0.1179324,0.34393305,0.1506178,0.5726213,0.01626299,0.6384354,-0.3650859,0.8601933,0.66481835,0.6289061,0.53295964,0.036291014,0.26547313,0.22542976,-0.085788414,-0.078292534,-0.29555002,-0.043626055,-0.27228087,0.43179053,0.19703305,0.33416408,0.13063684,0.22533192,0.44088295,-0.19257677,-0.39339256,-0.70096415,-0.57125264,-0.034146514,-0.21329547,-0.38783258,-0.4170113,-0.6818336,-0.6406159,-0.27272773,-0.0888294,0.43387815,0.18372376,0.13204023,-0.4557901,-0.6427455,-0.04167693,-0.49090144,-0.68539035,0.20332867,-0.58553267,-0.2994628,-0.6650423,-0.18596497,-0.24307336,-0.093608044,0.07861851,0.7450567,0.48215187,0.594067,0.50365627,0.67970276,0.33960226,0.43651646,0.24522728,-0.22412793,0.13947529,0.5141536,-0.16637678,0.8549184,0.52010345,0.6929346,-0.1357235,0.6621204,0.38373256,0.3443976,0.360967,0.07718933,-0.19972312,0.19212231,-0.2915799,0.32645106,0.01789201,0.07502579,0.040074993,0.1539255,0.04409332,0.54858345,0.08993013,0.4950866,0.44466934,0.5705144,0.45088613,0.45805728,0.42962602,-0.09378324,0.3311179,0.20383908,0.14914022,0.22631302,0.49054578,0.47907045,0.28022966
0.6611031,0.78679603,0.56880146,0.6855062,0.40917954,-0.24704361,0.75268334,0.777129,0.12135695,-0.08177106,1.0,0.9015048,0.7682319,0.8112164,0.041469384,0.3625079,0.8402495,0.867152,0.45211643,0.60811526,-0.30529988,0.15945108,-0.058070052,0.7397638,-0.2545009,0.1342977,-0.19909538,-0.009348758,0.77639616,0.74836093,0.4361461,0.64729637,0.6061421,0.7552281,0.7404904,0.7002094,0.18141735,0.42144957,0.30033708,0.4047809,0.1034211,-0.12874527,0.6332862,0.6623741,0.33943614,0.40678564,0.6070003,0.64629954,0.2273782,0.11873665,0.18007794,0.31052724,0.16979033,0.11885278,0.29116762,0.45547214,0.57631534,0.7218523,0.15269747,-0.04593315,0.4327241,0.22249895,0.16276272,0.6372398,0.29465747,0.40828842,0.59076387,0.7488728,0.5463236,0.539923,-0.006905439,0.3644007,0.17521407,0.11048272,-0.046203557,0.27894664,0.2782556,0.36282793,0.71430653,0.5281125,0.4694557,0.8304508,-0.17141254,0.36532322,-0.036482684,0.63027996,-0.38210863,0.29309025,0.27032107,0.26567104,0.41653126,0.40534353,0.11379561,0.25022104,0.28357002,0.434261,0.5087365,0.5387923,0.38705918,0.39060542,-0.06819965,0.27996215,0.0830112,0.23263606,-0.0049563246,0.10780463,0.074479274,0.03752278,0.40009516,0.4287568,0.5428737,0.51646924,0.34527236,0.18191367,0.14358783,0.30792668
0.6248252,0.72080684,0.6081594,0.69008267,0.3639675,-0.19190322,0.81694645,0.8118909,0.14776796,-0.02995768,0.9015048,1.0,0.79711664,0.79362094,0.068047404,0.33674455,0.8586259,0.84680986,0.48373967,0.60509866,-0.20645653,0.22640164,0.061034728,0.6990624,-0.20352846,0.13845557,-0.1400109,0.044090062,0.78650856,0.78813344,0.5291208,0.6924652,0.62134266,0.7349761,0.7689355,0.72508043,0.2738503,0.524021,0.35876885,0.42825627,0.11868509,-0.07037343,0.5852402,0.62149864,0.25089797,0.34780017,0.6857552,0.6707424,0.16498142,0.030362133,0.08318325,0.2184637,0.19006994,0.05664038,0.35071358,0.5160626,0.5762881,0.61629885,0.061519757,0.012926899,0.35460028,0.12871976,0.2655956,0.59801334,0.21363921,0.3301003,0.5706337,0.74858785,0.54906577,0.5195197,0.108054616,0.5085291,0.2535116,0.20529248,0.06464052,0.33922112,0.38457948,0.4804614,0.73639166,0.6168093,0.55007184,0.8119588,-0.13132693,0.35768083,0.027098587,0.57948405,-0.31615368,0.25844908,0.32991135,0.3490409,0.45085117,0.382099,0.13948107,0.24441764,0.3063653,0.4706939,0.5266616,0.5555551,0.42956242,0.43726274,-0.0022106734,0.26629457,0.1483271,0.2642096,0.0900028,0.15469024,0.16036327,0.14703804,0.40160573,0.4491816,0.62171507,0.5409345,0.37734905,0.2506245,0.19228952,0.33558837
0.53228056,0.5124114,0.5159737,0.5371091,0.20529817,-0.082572035,0.74862695,0.70715684,0.22005394,0.06254474,0.7682319,0.79711664,1.0,0.8204386,0.18049526,0.37639123,0.7937362,0.76396805,0.4976168,0.51731205,-0.02787844,0.19520359,0.27049237,0.50070816,-0.1725713,0.045849267,-0.11565112,0.06181759,0.74450254,0.7954209,0.7110438,0.70474154,0.50147825,0.51727086,0.7240297,0.60000634,0.4100104,0.5246207,0.24426137,0.28202564,0.1339652,0.042460665,0.5362521,0.49558246,0.16413416,0.2073457,0.66131717,0.6173339,0.106051944,-0.12204635,0.02177141,0.08112585,0.162906,0.05936117,0.36553815,0.4640676,0.5769745,0.4457556,0.06535863,0.138784,0.2919835,0.05328613,0.40946507,0.4407299,0.19986002,0.20518178,0.43310258,0.6280011,0.39519185,0.41929218,0.28453928,0.57846355,0.46171328,0.42132905,0.25420284,0.44288224,0.47455922,0.5288813,0.7188743,0.62395686,0.7278912,0.7890331,-0.005500933,0.3437159,0.23133205,0.39226973,-0.14720716,0.12472387,0.4309155,0.35462293,0.36688346,0.1883931,0.03455314,0.02827486,0.3103662,0.31325656,0.4498792,0.47645307,0.3822331,0.36888126,-0.03462866,0.102801025,0.10684573,0.12965892,0.072284356,0.1294754,0.22934733,0.19378254,0.37022868,0.47856095,0.6645455,0.5356954,0.350004,0.24937066,0.17610191,0.2573342
0.46043658,0.70890945,0.41434038,0.6491048,0.28199407,-0.4651542,0.6512544,0.7299798,-0.012472565,-0.25389105,0.8112164,0.79362094,0.8204386,1.0,-0.12000506,0.26810697,0.7850864,0.7782134,0.31304577,0.47493142,-0.2907716,0.2823984,-0.14708638,0.7012878,-0.46545598,-0.08455106,-0.36601102,-0.09562323,0.7472623,0.66093516,0.46617618,0.65719086,0.4768488,0.64797777,0.6623547,0.6598469,0.17228071,0.3992805,0.15837137,0.28388783,0.041596297,-0.22160774,0.6160939,0.6484139,0.44341588,0.45424953,0.60147244,0.6613904,0.26788005,0.13835596,0.29310638,0.37122637,0.17727195,0.08960867,0.1601619,0.36198494,0.44699523,0.6899789,0.3515741,0.12521571,0.5066721,0.41929474,0.15246809,0.7287813,0.32339668,0.5268986,0.51090914,0.73393506,0.48747063,0.3769292,-0.10753381,0.35277557,0.13784133,0.045992892,-0.1621589,0.18749219,0.21897864,0.35047904,0.73541987,0.44755122,0.41124508,0.84953874,-0.34491217,0.18605874,-0.1683565,0.551834,-0.4867777,0.05924568,0.24034391,0.2313903,0.30951315,0.3502871,-0.046170164,0.26692283,0.21203454,0.3411824,0.38093182,0.4361383,0.29840767,0.348481,-0.2306339,0.25836986,-0.05905887,0.06330731,-0.116347834,0.015707346,0.028161012,0.013558451,0.4366153,0.36368394,0.5153116,0.47560722,0.24989268,0.05740593,0.0054463986,0.15061927
0.15717067,-0.16718307,0.037063427,-0.15810774,0.4546623,0.7446058,0.20453808,-0.056733,0.8371279,0.83914155,0.041469384,0.068047404,0.18049526,-0.12000506,1.0,0.73185074,-0.031544648,-0.0476118,0.38213146,0.24145904,0.59466213,0.22107176,0.49185112,-0.1958923,0.77647054,0.7270003,0.6612992,0.5080923,0.26756242,0.4548786,0.24926844,-0.038567092,-0.04863282,-0.17046893,0.05003282,-0.16999958,0.63668144,0.4364352,0.5075995,0.37167567,0.51573193,0.63125134,0.044377983,-0.16410515,-0.50239223,-0.41903052,0.16179931,0.012537223,-0.350139,-0.30815482,-0.60459083,-0.5013789,-0.027488496,-0.15728064,0.64629024,0.4209418,0.16642685,-0.27230456,-0.53993845,-0.010657188,-0.31828827,-0.5141696,0.0998745,-0.46427554,-0.1792085,-0.54395217,0.01099978,-0.07506626,0.095512375,0.22443457,0.6390992,0.43085146,0.72386026,0.6071625,0.7285867,0.49851182,0.4498416,0.22547431,-0.13563116,0.086559,0.49866736,-0.0009465785,0.8067526,0.72461843,0.66008145,0.07864664,0.48949525,0.43799838,0.58565766,0.531557,0.32722655,0.0017759948,0.28071973,-0.170724,0.53994745,0.21257864,0.33628204,0.2611126,0.41881007,0.29502288,0.5146404,0.09233298,0.53015506,0.47338298,0.5850594,0.53280187,0.4790142,0.47522244,0.17299826,0.5305328,0.34125438,0.32644704,0.39685956,0.62204856,0.58179814,0.431341
0.2831532,0.32054353,0.21142815,0.28502557,0.6763122,0.27094528,0.3750625,0.21289112,0.6446928,0.4492585,0.3625079,0.33674455,0.37639123,0.26810697,0.73185074,1.0,0.20027466,0.17515676,0.4375151,0.47391993,0.27765167,0.4491128,0.054096527,0.3425325,0.36813012,0.7026946,0.31574208,0.40699527,0.6012161,0.65744716,0.26014125,0.15342917,0.10379607,0.20268773,0.27884057,0.124038085,0.69965726,0.6490341,0.6033805,0.6294354,0.6833347,0.5574688,0.4414364,0.2985196,0.0005093565,0.040119536,0.44668335,0.38781133,-0.112185255,-0.011682878,-0.29556993,-0.1748681,0.19607705,-0.06343127,0.74007875,0.6731679,0.20511359,0.24266022,-0.16489464,-0.039337493,0.06964135,-0.029742185,-0.14417009,0.02184732,0.016077187,-0.017173884,0.39472702,0.33481985,0.49722686,0.48548862,0.22662726,0.30894154,0.67199326,0.45908695,0.46295887,0.5770271,0.37633458,0.18360783,0.12060767,0.04223295,0.34868208,0.3949383,0.41865766,0.853158,0.29128352,0.5715714,-0.01864485,0.5114737,0.6734546,0.67247075,0.56713957,0.37964168,0.25862837,0.16349939,0.71777284,0.4709263,0.6078233,0.57383084,0.6726255,0.6060188,0.30725634,0.23282823,0.48365512,0.54195446,0.5068843,0.60644776,0.4249244,0.42354137,0.52403235,0.6715149,0.49274078,0.54343927,0.5740393,0.6479791,0.6211774,0.59606403
0.5570558,0.64937145,0.61614954,0.6341073,0.22803238,-0.24321607,0.77166617,0.784806,-0.0132668475,-0.11853922,0.8402495,0.8586259,0.7937362,0.7850864,-0.031544648,0.20027466,1.0,0.8986185,0.381293,0.48566362,-0.252043,0.104221575,0.046705175,0.6000494,-0.29801127,-0.025856143,-0.2581989,-0.06718298,0.7583736,0.7264186,0.5465092,0.7143106,0.6172788,0.7199592,0.8134144,0.7982311,0.18700923,0.43873006,0.29712823,0.35901698,0.03935041,-0.1411727,0.5886898,0.65797704,0.26943696,0.3490641,0.67832327,0.6957332,0.1377407,0.06385078,0.120564416,0.26132447,0.15879908,0.102578,0.25647834,0.424663,0.59398603,0.5705171,0.096376255,-0.008077613,0.3463856,0.107763015,0.29176235,0.5933042,0.21633215,0.3131634,0.56406206,0.7511045,0.4247573,0.478839,0.08622404,0.46906996,0.20031133,0.17370617,0.015451446,0.27855775,0.33801094,0.46130526,0.74199563,0.63261384,0.5617783,0.7919593,-0.17700334,0.2194939,0.037377015,0.46533132,-0.31054008,0.18123397,0.28213322,0.26511288,0.41940933,0.38388187,0.15248534,0.24703622,0.23733477,0.4579915,0.4865337,0.54617345,0.375928,0.40998986,-0.021719122,0.23607235,0.061451245,0.15008527,-0.056910977,-0.0170061,0.031968545,0.022663068,0.36801398,0.41166747,0.6057091,0.51106936,0.3384989,0.1633236,0.11632485,0.24986534
0.6330611,0.67778766,0.5754281,0.6249775,0.25463548,-0.23167972,0.73498785,0.75766814,0.013798354,-0.1179324,0.867152,0.84680986,0.76396805,0.7782134,-0.0476118,0.17515676,0.8986185,1.0,0.39849082,0.521568,-0.25974232,0.07579577,0.047264554,0.59964836,-0.28135175,-0.025415765,-0.25308254,-0.04065826,0.70978117,0.69171304,0.44481817,0.63792664,0.65238667,0.71998435,0.7693424,0.7380826,0.11242511,0.3709544,0.2538574,0.33127978,-0.024219695,-0.18257752,0.5915537,0.6635005,0.28504926,0.3757122,0.6466267,0.6603571,0.15105848,0.08637702,0.19137949,0.2941758,0.12858604,0.12852445,0.22321288,0.4058367,0.65604055,0.6265412,0.1616923,-0.069943555,0.42464343,0.129,0.2973154,0.60425377,0.28125706,0.3182338,0.575553,0.74664897,0.44786283,0.5471118,0.042199004,0.4018408,0.11293818,0.10451839,-0.042907864,0.21669778,0.2592166,0.3959816,0.753168,0.5882996,0.5040573,0.7794828,-0.17559084,0.19623275,-0.022101786,0.43143567,-0.29529622,0.17329663,0.23993693,0.23366259,0.40836966,0.37436652,0.1551671,0.21962093,0.19938199,0.43933347,0.4460883,0.5001247,0.34383515,0.37149087,-0.045660276,0.24665779,0.04531025,0.13860182,-0.06948546,-0.029526128,0.025693825,-0.0058228835,0.33087972,0.3705371,0.57911277,0.5453691,0.3301915,0.12981263,0.08911713,0.23361468
0.7671781,0.46899024,0.55660427,0.47858045,0.3675485,0.3017299,0.7208621,0.5958344,0.43596965,0.34393305,0.45211643,0.48373967,0.4976168,0.31304577,0.38213146,0.4375151,0.381293,0.39849082,1.0,0.8765365,0.13551268,0.14170098,0.3913635,0.3791302,0.31836423,0.49453652,0.28277075,0.30044344,0.37230125,0.45269,0.38962787,0.25523335,0.69483554,0.49746,0.48304728,0.25033075,0.29920667,0.39722142,0.23647031,0.25089508,0.18753366,0.21826804,0.27748904,0.22747682,-0.076279946,0.013202864,0.3157476,0.20432124,0.014852611,-0.13566925,-0.099597245,-0.2317925,0.09230216,0.14941801,0.4629163,0.43966013,0.7530224,0.3662986,-0.19638883,-0.004421905,0.2899117,-0.22377329,0.42285258,0.23162405,0.23158784,0.07154491,0.28631845,0.4622241,0.5399982,0.6202554,0.20661527,0.28241393,0.3449191,0.26492476,0.3413294,0.2920944,0.21404283,0.18679813,0.35139826,0.27199113,0.5289506,0.40358976,0.31051993,0.5014741,0.29055586,0.3460864,0.16703022,0.49940494,0.36764258,0.389112,0.36970767,0.11108624,0.25838003,0.041452903,0.34146672,0.25191706,0.30446142,0.288923,0.31769365,0.24902238,0.26091728,0.23760901,0.38886252,0.47348216,0.44789353,0.47559303,0.5272186,0.4860687,0.23254634,0.19132173,0.37381637,0.37001806,0.33817232,0.46827686,0.3870402,0.37576967
0.79920626,0.6844869,0.5706343,0.6286618,0.4474925,0.068136096,0.7505645,0.69018227,0.32708925,0.1506178,0.60811526,0.60509866,0.51731205,0.47493142,0.24145904,0.47391993,0.48566362,0.521568,0.8765365,1.0,-0.09474325,0.18408582,0.13117993,0.6139628,0.093779385,0.42121422,0.09206337,0.22722223,0.49540076,0.5079673,0.32275686,0.34506804,0.7143907,0.65868974,0.5300736,0.37197208,0.23602147,0.40915576,0.28115737,0.33909252,0.19670053,0.09161863,0.39783666,0.43071723,0.15373755,0.23028652,0.39749923,0.34070018,0.12531792,0.03668296,0.052675378,-0.0015681718,0.13932733,0.19747743,0.4303644,0.4804704,0.74701136,0.6070926,0.0064251428,-0.02559417,0.4625335,0.033109456,0.32321993,0.47440767,0.31719208,0.30986655,0.42265415,0.61874706,0.66209525,0.6871519,0.016814526,0.22873817,0.22191538,0.09996593,0.13909976,0.24070282,0.17217141,0.18273981,0.41237435,0.2766088,0.41639894,0.5662604,0.08478138,0.4828194,0.059561282,0.5385527,-0.11602244,0.4809911,0.3594921,0.38114494,0.43895128,0.25242987,0.21067326,0.152937,0.36101294,0.35691684,0.39362046,0.38683617,0.38422266,0.34051234,0.10193289,0.28751588,0.2727211,0.43122107,0.31443593,0.41825852,0.4197828,0.37019688,0.35599273,0.21243262,0.4023468,0.44438925,0.37597227,0.40972605,0.3335458,0.4327245
-0.2079967,-0.44020852,-0.23074177,-0.4104548,0.17482854,0.5786904,-0.12885948,-0.32441002,0.52191246,0.5726213,-0.30529988,-0.20645653,-0.02787844,-0.2907716,0.59466213,0.27765167,-0.252043,-0.25974232,0.13551268,-0.09474325,1.0,0.45612276,0.51084083,-0.47137058,0.65616643,0.4008415,0.7164856,0.63550335,-0.06366899,0.09732992,-0.04831739,-0.39301914,-0.21688962,-0.4253936,-0.20897391,-0.38326338,0.42451128,0.24283358,0.15030551,0.030692566,0.34482545,0.59843624,-0.12154541,-0.40456966,-0.5466204,-0.5306751,-0.07793659,-0.1850136,-0.4729534,-0.3638875,-0.50242484,-0.58051014,-0.24680173,-0.09628905,0.22604106,0.05987741,-0.10843557,-0.55510485,-0.57554615,-0.013709613,-0.44363427,-0.4688733,0.092671946,-0.59395283,-0.21772043,-0.615293,-0.2376066,-0.33272123,-0.17810975,-0.07780901,0.48237175,0.2570543,0.4700249,0.5217209,0.59412193,0.2991226,0.10036681,-0.030476503,-0.13396402,-0.108319305,0.32306573,-0.2931996,0.6640203,0.25057223,0.5010648,-0.31886357,0.5667535,0.14092153,0.24269594,0.20070475,-0.014609339,-0.22170132,0.19201094,-0.23921134,0.11982262,-0.08352329,-0.08961273,-0.08582333,0.08171264,0.036532603,0.35807288,-0.014126047,0.305802,0.17917031,0.40324512,0.20243767,0.22460692,0.20938969,-0.11838138,0.25275505,0.1381167,0.07026147,0.16475283,0.36017776,0.34093654,0.026685523
-0.054981306,0.25990275,0.031013016,0.22278737,0.5223042,-0.15745494,0.14141159,0.08085875,0.28702193,0.01626299,0.15945108,0.22640164,0.19520359,0.2823984,0.22107176,0.4491128,0.104221575,0.07579577,0.14170098,0.18408582,0.45612276,1.0,-0.15033849,0.31688425,0.09413551,0.39445287,0.3205773,0.4791026,0.44159296,0.3597599,-0.111714214,-0.10672197,0.042341165,0.17100318,0.092385255,0.02137914,0.41347757,0.4786956,0.3404785,0.40225276,0.5480364,0.34628466,0.35632738,0.20437884,0.11472949,0.155627,0.27180922,0.30424294,-0.1484591,0.042360436,-0.065458946,-0.025649399,0.060544483,-0.10775725,0.260343,0.3483174,-0.12621692,0.15218227,-0.0514422,0.005346794,0.064018026,0.18992318,-0.24730584,0.12099839,0.029495075,0.120491445,0.25703532,0.20709477,0.34570324,0.1854555,-0.12942286,0.1388083,0.2746799,0.18165511,0.11904271,0.28747895,-0.054649357,-0.11772314,0.22123,-0.14370011,0.09623986,0.25176582,0.030388806,0.29370978,-0.07270747,0.34430698,-0.24347514,0.23221602,0.27736473,0.28686276,0.24600455,0.299471,0.14159676,0.28764826,0.18899307,0.30495864,0.22670096,0.30779073,0.36185876,0.40233016,-0.002514796,0.2984452,0.15809342,0.28988814,0.24053477,0.21353602,0.101182126,0.1468361,0.35644752,0.38555202,0.28663182,0.2915254,0.33847278,0.31276557,0.27004427,0.18127492
0.15127382,-0.3780704,0.12622103,-0.25725824,-0.14168778,0.6874866,0.26241457,0.08849773,0.4696693,0.6384354,-0.058070052,0.061034728,0.27049237,-0.14708638,0.49185112,0.054096527,0.046705175,0.047264554,0.3913635,0.13117993,0.51084083,-0.15033849,1.0,-0.39233795,0.58090794,0.19016866,0.4399797,0.34729615,-0.06988637,0.2067049,0.48876,0.14324038,0.16525453,-0.23876525,0.12796432,-0.14862512,0.29912472,0.095601015,0.019399755,-0.180203,-0.080896035,0.31166852,-0.23508598,-0.38064432,-0.63349396,-0.5854045,0.023267472,-0.19934532,-0.29648826,-0.42124975,-0.46995115,-0.56301117,-0.22842863,0.022172783,0.177513,0.007662845,0.34227893,-0.48134008,-0.5691497,0.18927167,-0.40436846,-0.6881358,0.6877999,-0.49169084,-0.17519838,-0.6117712,-0.28535995,-0.20254926,-0.28242055,-0.057620414,0.8017112,0.51795465,0.4610952,0.54487693,0.65402627,0.2824362,0.47738284,0.42092276,0.06209443,0.39244974,0.6853298,-0.13631395,0.6459411,0.16540006,0.74052244,-0.44520047,0.72502625,0.015031895,0.1721902,0.09738769,-0.083441205,-0.43453658,0.054948375,-0.52803963,0.012196527,-0.17427303,-0.11841608,-0.14436686,-0.09306338,-0.15352325,0.33811012,-0.21838231,0.24095733,0.10740548,0.32799196,0.16195694,0.36692452,0.32626346,-0.27158388,0.058904313,0.23901264,0.05072713,0.003104203,0.24999756,0.2397331,0.0627084
0.50751185,0.88567483,0.5587759,0.83517766,0.45801243,-0.5091823,0.62846977,0.7247495,-0.08811715,-0.3650859,0.7397638,0.6990624,0.50070816,0.7012878,-0.1958923,0.3425325,0.6000494,0.59964836,0.3791302,0.6139628,-0.47137058,0.31688425,-0.39233795,1.0,-0.4183027,0.1462002,-0.3464431,-0.057613555,0.67004746,0.51084036,0.1962274,0.48780516,0.5770282,0.8187483,0.62836194,0.63731617,0.06571763,0.3569433,0.27572575,0.45103857,0.17068215,-0.18425974,0.6563649,0.7529173,0.5795095,0.6461794,0.5545737,0.6375963,0.32060152,0.337933,0.36115533,0.45342535,0.3044276,0.14460297,0.23884057,0.45616612,0.3741655,0.8546603,0.39571077,-0.045781802,0.596355,0.49724892,-0.078081526,0.79874647,0.34386066,0.73277885,0.6729917,0.7855113,0.7066781,0.5468728,-0.38751084,0.10785763,-0.005543857,-0.13151796,-0.26114696,0.17058872,0.011053428,0.0914724,0.5752219,0.18942969,0.07896856,0.738787,-0.43046415,0.30840963,-0.36261687,0.822896,-0.6394563,0.34126687,0.20259304,0.2764672,0.45048016,0.57501787,0.10267621,0.50879276,0.2852215,0.4795125,0.4793767,0.5230726,0.41593373,0.47168434,-0.17295828,0.37169057,0.06387522,0.2961231,0.028731665,0.21041125,0.046963748,0.059124365,0.50690734,0.27470502,0.40841782,0.44161338,0.36783803,0.18681918,0.1455142,0.33957863
-0.00527671,-0.4055496,-0.12391131,-0.40430078,0.33909547,0.87513596,-0.024660701,-0.27582225,0.7367416,0.8601933,-0.2545009,-0.20352846,-0.1725713,-0.46545598,0.77647054,0.36813012,-0.29801127,-0.28135175,0.31836423,0.093779385,0.65616643,0.09413551,0.58090794,-0.4183027,1.0,0.7460533,0.7557796,0.59345603,-0.12927051,0.0697523,-0.011631971,-0.35620877,-0.090170495,-0.33523223,-0.17555042,-0.40451074,0.3379013,0.11362959,0.24744372,0.06842918,0.2468103,0.51576245,-0.2550577,-0.4593338,-0.70921254,-0.59029466,-0.17714456,-0.34090525,-0.4784453,-0.37325767,-0.65905297,-0.6519047,-0.28285426,-0.0852781,0.36969844,0.10760047,0.048777755,-0.5204777,-0.7108725,-0.06969589,-0.5253434,-0.71808016,0.09660582,-0.6847895,-0.3242761,-0.67391944,-0.22470798,-0.34861067,-0.12064574,0.07063109,0.5890751,0.2764207,0.49358365,0.4403154,0.65548295,0.3009792,0.21146144,-0.0025173852,-0.29271513,-0.08972557,0.3033823,-0.37567025,0.87797225,0.47939068,0.59777737,-0.20664175,0.74345136,0.47532266,0.23903604,0.31132343,0.051374067,-0.16664046,0.3117668,-0.1742791,0.2443647,-0.047387466,-0.048159264,-0.08875498,0.0714989,0.0010492451,0.6033842,0.1122923,0.52292913,0.47255468,0.60598534,0.44921643,0.42448747,0.42592314,-0.19017617,0.187543,0.05161818,0.03015799,0.19262032,0.50396174,0.5053815,0.21384208
0.22570464,0.11276324,0.1276058,0.05878625,0.7347123,0.54891217,0.25277838,0.03346393,0.7530378,0.66481835,0.1342977,0.13845557,0.045849267,-0.08455106,0.7270003,0.7026946,-0.025856143,-0.025415765,0.49453652,0.42121422,0.4008415,0.39445287,0.19016866,0.1462002,0.7460533,1.0,0.5833959,0.5644754,0.28785166,0.3723677,0.016309654,-0.16569258,0.11456611,0.09573854,0.074682415,-0.12090772,0.46816814,0.38074893,0.48304176,0.42348102,0.5118386,0.4898215,0.13369738,-0.025954176,-0.32199246,-0.16946705,0.11135635,0.025786689,-0.28478733,-0.14246985,-0.47188014,-0.40620524,-0.06391358,-0.057333633,0.5790258,0.43939567,0.13713762,-0.006284559,-0.4552398,-0.16356866,-0.18324195,-0.35326046,-0.17525546,-0.25180578,-0.17637174,-0.23341371,0.18433209,0.06677265,0.35851812,0.39925605,0.27185217,0.25882143,0.5497798,0.37130135,0.49978876,0.4345338,0.20113799,-0.023243329,-0.06162057,-0.09009863,0.22389999,0.026605714,0.6243457,0.7359484,0.3154337,0.35784084,0.29901654,0.7457782,0.41058317,0.5176546,0.35342747,0.23828617,0.37220302,0.1974257,0.48453265,0.27155218,0.29766724,0.27827016,0.4013433,0.34849456,0.5084753,0.38236877,0.60989016,0.7054229,0.66432893,0.6540253,0.48444474,0.4990495,0.19613296,0.40797868,0.22684959,0.27374482,0.4551127,0.65682054,0.6427174,0.4563547
-0.016973473,-0.2828596,-0.041205004,-0.2854408,0.34015384,0.6740201,-0.03082333,-0.23833458,0.5999834,0.6289061,-0.19909538,-0.1400109,-0.11565112,-0.36601102,0.6612992,0.31574208,-0.2581989,-0.25308254,0.28277075,0.09206337,0.7164856,0.3205773,0.4399797,-0.3464431,0.7557796,0.5833959,1.0,0.54340345,-0.06864949,0.098219305,-0.12641811,-0.3896657,-0.071175255,-0.22639194,-0.20952772,-0.39032277,0.3072406,0.17196614,0.22324975,0.08474119,0.29485288,0.517986,-0.16325901,-0.40081093,-0.5396034,-0.46340293,-0.16572942,-0.2666937,-0.45837164,-0.32428914,-0.53348213,-0.5313301,-0.15361616,-0.18333733,0.2822176,0.08029594,-0.033591285,-0.41091457,-0.6296714,-0.021099588,-0.40874487,-0.53159165,0.04937841,-0.57130396,-0.212165,-0.6062498,-0.1963999,-0.32686538,-0.057973716,0.07969209,0.4220918,0.15847614,0.40939304,0.44496956,0.5927274,0.29787377,0.10364713,-0.08046605,-0.16139923,-0.11242399,0.23246351,-0.32796133,0.6906881,0.36307213,0.43650636,-0.17291442,0.5436301,0.444753,0.22490194,0.19197778,0.047163088,-0.12648803,0.33639368,-0.10336209,0.1579203,-0.03769408,-0.032595538,-0.099308886,0.08073636,-0.005608702,0.48072043,0.084235474,0.42864847,0.34382042,0.46635988,0.3018591,0.2580559,0.25369048,-0.10407509,0.20452066,0.021529393,0.0029396643,0.21494167,0.43099236,0.39539227,0.10807455
-0.045648303,-0.0750713,-0.1924954,-0.18579654,0.49341172,0.47849974,0.077000156,-0.092667416,0.5663656,0.53295964,-0.009348758,0.044090062,0.06181759,-0.09562323,0.5080923,0.40699527,-0.06718298,-0.04065826,0.30044344,0.22722223,0.63550335,0.4791026,0.34729615,-0.057613555,0.59345603,0.5644754,0.54340345,1.0,0.12628303,0.22043954,-0.1508058,-0.31702334,0.05243275,-0.095067866,0.0456105,-0.16532448,0.3434466,0.24945262,0.16311298,0.09998887,0.25489685,0.37769932,0.073678896,-0.15385927,-0.40301195,-0.34687546,0.010886305,-0.068794236,-0.4975783,-0.25176024,-0.40020087,-0.46796644,-0.41374016,0.081620015,0.21472882,0.12507316,0.023608048,-0.22515832,-0.5253768,0.010340225,-0.33522728,-0.3466833,0.041742463,-0.2958773,-0.23746021,-0.30003905,-0.011400457,-0.049003128,0.02689005,0.15412001,0.30690953,0.29298455,0.4026285,0.33788,0.43185154,0.38715562,0.061748438,-0.054740675,0.020923346,-0.136875,0.29722843,-0.06630416,0.5941621,0.38617373,0.31738767,0.028109029,0.4056512,0.41831288,0.08659242,0.30252916,0.037341896,-0.0031618627,0.21832165,-0.008385097,0.21564882,0.03773587,-0.032276556,0.066531025,0.112353474,0.14651616,0.35216862,0.22049731,0.31870928,0.3580964,0.40910846,0.29267654,0.19405964,0.18670993,-0.07687484,0.30254516,0.2372979,0.18479092,0.27691856,0.41523978,0.43390736,0.15437742
0.4465421,0.62758124,0.5165443,0.60383415,0.52430815,-0.18688637,0.69031537,0.6197885,0.27847853,0.036291014,0.77639616,0.78650856,0.74450254,0.7472623,0.26756242,0.6012161,0.7583736,0.70978117,0.37230125,0.49540076,-0.06366899,0.44159296,-0.06988637,0.67004746,-0.12927051,0.28785166,-0.06864949,0.12628303,1.0,0.87407404,0.44434994,0.56348175,0.45179507,0.6435256,0.69902366,0.64415234,0.49237704,0.6495284,0.5619159,0.6409174,0.4235716,0.115127556,0.6731534,0.65322506,0.2608381,0.31613123,0.7680484,0.7842297,0.07850724,0.056599095,-0.046422377,0.19570804,0.24705411,-0.09774782,0.53609145,0.6430931,0.39420208,0.5402289,0.053727176,-0.09808518,0.2820827,0.15515259,0.011634335,0.47702837,0.13384776,0.29422596,0.61962265,0.68689305,0.5635272,0.54479796,0.061824933,0.4492574,0.46786404,0.32991573,0.14959541,0.43399227,0.3750526,0.36532784,0.63859946,0.451013,0.51099414,0.8222554,-0.035706714,0.5312268,0.099017985,0.68751675,-0.39625856,0.3373031,0.5332728,0.49822778,0.5691299,0.517176,0.18882756,0.35654047,0.5109831,0.6349366,0.7079867,0.7279551,0.6483531,0.61884356,0.031605534,0.33841646,0.19973557,0.33457062,0.14776963,0.21969064,0.13449307,0.15909956,0.6081561,0.69832546,0.72853893,0.6673593,0.5363477,0.39561832,0.3186099,0.44941044
0.47657892,0.4879915,0.5048352,0.5014745,0.5014457,0.061174065,0.7031413,0.59755176,0.44764706,0.26547313,0.74836093,0.78813344,0.7954209,0.66093516,0.4548786,0.65744716,0.7264186,0.69171304,0.45269,0.5079673,0.09732992,0.3597599,0.2067049,0.51084036,0.0697523,0.3723677,0.098219305,0.22043954,0.87407404,1.0,0.56973547,0.5957515,0.3986901,0.48894966,0.6717584,0.5359206,0.6419616,0.72020394,0.5991042,0.5918124,0.44983673,0.29062995,0.60974854,0.5209737,0.08972253,0.15803137,0.7506357,0.68905425,-0.024868624,-0.053729285,-0.1777569,-0.018103972,0.20895496,-0.06366928,0.6352483,0.6994499,0.45959884,0.38112754,-0.10472829,-0.04682734,0.1589104,-0.040549718,0.16601762,0.26814452,0.06720921,0.04803326,0.5671414,0.594811,0.51550996,0.56632406,0.35273784,0.6259688,0.6311395,0.5554282,0.40538833,0.619054,0.5951132,0.53233826,0.6092649,0.56122506,0.6700213,0.74407446,0.20067653,0.6227584,0.32574296,0.55572927,-0.13365996,0.34615633,0.62046087,0.5705495,0.5839398,0.4181695,0.2508592,0.16116814,0.57707477,0.5652925,0.688035,0.69490284,0.6539821,0.6185739,0.21153319,0.20981066,0.36528435,0.39873546,0.30264392,0.33631825,0.30197486,0.29146674,0.5540494,0.7258987,0.7658327,0.69271576,0.6037281,0.5213926,0.46223664,0.49589545
0.36416024,0.15698709,0.46152046,0.3024285,-0.07575244,0.12881774,0.5964576,0.52504843,0.2282348,0.22542976,0.4361461,0.5291208,0.7110438,0.46617618,0.24926844,0.26014125,0.5465092,0.44481817,0.38962787,0.32275686,-0.04831739,-0.111714214,0.48876,0.1962274,-0.011631971,0.016309654,-0.12641811,-0.1508058,0.44434994,0.56973547,1.0,0.7990767,0.2775497,0.19360708,0.52790993,0.39063555,0.43151784,0.4044742,0.23740114,0.17834537,0.04309135,0.08889513,0.21904573,0.2084817,-0.06548974,-0.021494078,0.5214613,0.37308413,0.15753591,-0.185912,-0.15358342,-0.1042307,0.21679646,0.017092185,0.3826835,0.38275158,0.47803935,0.12019138,-0.07593332,0.18804255,0.05253976,-0.15406933,0.5520836,0.15607826,0.0485592,-0.020867484,0.18603507,0.34460512,0.159919,0.15544643,0.56130445,0.65016055,0.48428676,0.45086747,0.39374948,0.3698945,0.68794394,0.71756,0.39207473,0.6807496,0.7209182,0.47514609,0.1252352,0.27375507,0.44900236,0.11612857,0.08037378,-0.064659595,0.43451405,0.28872108,0.24565193,-0.07962638,-0.0454948,-0.21396415,0.24718449,0.14863999,0.35314772,0.33189753,0.2667597,0.2272185,0.09564161,-0.1323346,0.19240873,0.15585464,0.2062605,0.2538612,0.3964911,0.37024975,0.20289165,0.3012479,0.5249642,0.34204414,0.16827662,0.24112394,0.20204079,0.30995739
