1.0,0.6109568,0.21361277,0.34130877,-0.3720817,-0.12386232,0.2375084,0.33342808,-0.06683836,0.058099918,0.3256019,0.47223672,0.48269203,0.322344,-0.08783799,0.030131677,0.26651812,0.5006821,0.82058233,0.7664611,0.18773808,-0.22529131,0.16791813,-0.07570333,-0.23190433,-0.26465434,-0.503185,-0.25137633,0.20063789,0.26637593,-0.17065684,-0.049911935,0.71878564,0.40792602,0.43686166,0.23845421,0.12975039,0.36860424,0.17131524,0.417414,0.36494905,0.09113223,0.69034183,0.6713288,0.41937655,0.37389538,0.56665236,0.5333745,0.22525972,0.40411943,0.29635924,0.14958218,0.34533376,0.21239945,0.2585939,0.4627789,0.8860268,0.6010934,0.37164852,0.16827801,0.76133615,0.07984437,0.6908619,0.5032517,0.42434546,0.17068474,0.6857625,0.6605061,0.56405824,0.6693936,0.22263443,-0.09175378,-0.23027056,0.11662489,0.029233603,0.012179888,0.061803963,0.33459118,0.42935818,0.066921994,0.2525338,0.3406419,-0.025863046,0.1315534,0.4307581,0.3283954,-0.025625702,0.13694865,0.34990698,0.14553934,0.39563707,0.20959046,0.07670519,0.22059968,0.09539601,0.13393438,0.11646263,0.31331763,0.2883359,0.3524403,0.21505724,0.16839443,0.2924477,0.24028991,0.36512855,0.40678775,0.09752288,0.2814165,0.2722661,0.13486536,0.17456864,0.5063424,0.40307984,0.46183547,0.29659075,0.3274153
0.6109568,1.0,-0.18819273,0.050729915,-0.099442914,-0.33518007,-0.13321961,0.09234803,-0.025982035,-0.1651992,0.18299401,0.6279978,0.17046025,0.13090552,-0.015468358,0.019141832,-0.04054408,0.47210434,0.6596641,0.6823103,0.14595468,-0.14938362,-0.15070294,-0.118646145,-0.18825608,-0.23735088,-0.35484773,-0.26489422,0.08556414,0.1755792,-0.38661563,-0.10686532,0.32052985,0.13262154,0.21663861,-0.10634896,0.10741035,0.37047306,0.16012566,0.47203067,0.43112263,0.11288949,0.6523031,0.6550882,0.4598143,0.37698928,0.39005584,0.49129868,0.22102813,0.38500646,0.31563216,0.33509862,0.35587376,0.21592042,0.20376848,0.47496888,0.63841957,0.8479906,0.55000293,0.37630484,0.70264643,0.36070868,0.46094862,0.8037349,0.47699097,0.43863785,0.6806456,0.6057864,0.6497869,0.69227314,-0.07079304,-0.16872674,-0.4949176,-0.17785074,-0.04796509,-0.06923973,-0.11926285,0.035646927,0.30886415,-0.03007245,-0.028339356,0.3934203,0.03726896,0.24085394,0.23445305,0.5141024,-0.061463453,0.21960466,0.26112157,0.42194742,0.40216258,0.38810465,0.057202816,0.34530827,0.022676624,0.09672602,0.057084177,0.26126984,0.23670508,0.41051388,0.16093285,0.1513397,0.2917769,0.3003967,0.30350193,0.4127637,0.17169464,0.3204864,0.29898846,0.12667942,0.10618311,0.4350435,0.4433684,0.47609404,0.313891,0.344959
0.21361277,-0.18819273,1.0,0.7746954,-0.102314465,0.18529257,0.8195704,0.7139488,0.15920384,-0.00927832,-0.023179948,-0.06523238,0.14853078,0.44881564,-0.128371,0.1083308,0.030920561,-0.2693643,0.27172896,0.2743723,-0.063310914,-0.39278352,0.4240578,0.51927435,-0.4132334,-0.01497967,-0.1039045,-0.057536244,-0.059772875,-0.046037097,0.18405415,0.46694008,0.4213996,0.42981908,0.20323724,0.26628506,-0.004402487,-0.16507128,-0.23561543,-0.020884523,-0.009059488,-0.07840182,-0.10254573,-0.20373395,-0.08286729,0.102632105,0.019637771,-0.28869206,-0.26585045,-0.15424596,-0.25784856,-0.34738865,-0.4703621,0.10340878,-0.23974878,-0.14159665,0.11962207,-0.22258185,-0.20018768,-0.094709635,-0.054543562,-0.2792923,-0.06119566,-0.3242183,-0.11024464,-0.44059396,0.024740113,-0.037145738,0.076431796,-0.0378405,0.15840498,0.14833148,0.37715453,0.1333941,0.15079504,0.061644856,0.30185524,0.1892335,0.013749806,-0.14280787,0.112333275,-0.41235444,-0.15492502,-0.10886148,0.015469364,-0.46032733,0.008743244,-0.21767223,-0.22221869,-0.09781308,-0.3657512,-0.45870072,-0.33819333,-0.39753082,0.0482673,0.047948327,-0.09422961,-0.17226827,-0.2610152,-0.3946924,-0.11441407,-0.2762704,-0.17355362,-0.39296725,-0.06933597,-0.24402837,-0.21156709,-0.038657572,-0.2740228,-0.16598216,-0.21850814,-0.19727096,-0.4809266,-0.3216107,-0.0017995771,-0.018991364
0.34130877,0.050729915,0.7746954,1.0,-0.21680793,0.046868686,0.7794386,0.77260137,0.2184923,-0.098770924,0.020905012,0.15291119,0.19630577,0.62223446,0.094086125,0.24682747,-0.04447645,-0.13651064,0.37830535,0.41809618,0.17756446,-0.30243507,0.5756918,0.6280325,-0.40311897,0.07044515,-0.3021757,0.039846506,0.008465334,0.1673988,0.1825848,0.52906936,0.5206821,0.37716928,0.4307756,0.2604006,0.13090405,0.095230326,-0.10583795,0.18565834,0.2101577,0.1771026,0.033266053,-0.028673053,-0.10936142,0.09105841,0.10690456,-0.18005449,-0.24761423,-0.054066043,-0.27541897,-0.35970235,-0.43485934,0.19811207,-0.08698196,0.07271592,0.31260812,0.035789393,-0.123103224,-0.12050993,0.06401741,-0.18417114,0.13598569,-0.080953576,-0.13502799,-0.37559667,0.20546234,0.13755666,0.08877631,0.1632957,0.3368626,0.21548466,0.25254697,0.14459713,0.3562678,0.12430992,0.29961905,0.14338051,-0.04929186,-0.0016376224,0.16505456,-0.28566152,0.06576063,0.14016737,0.16669844,-0.23037174,0.20657764,0.010092932,-0.09343625,0.054286264,-0.25011754,-0.34487498,-0.37726828,-0.27403557,0.11253858,0.2435354,0.06536743,0.03528018,-0.17617816,-0.23857449,0.00076298707,-0.22383757,-0.047103487,-0.26123363,-0.007264528,-0.14710772,-0.23858635,0.02877028,-0.02230386,0.0700236,-0.12113719,-0.027062697,-0.4230019,-0.16975151,0.06399984,0.014648145
-0.3720817,-0.099442914,-0.102314465,-0.21680793,1.0,-0.026881516,-0.08690437,-0.1223633,0.43694472,-0.12563354,-0.09455264,0.017415874,-0.476171,-0.20852284,-0.004480243,-0.08595481,-0.10606558,-0.20044772,-0.2285708,-0.19944762,-0.29505023,0.18548414,-0.29068753,0.18564233,0.18840751,0.26237932,0.6264623,0.14053655,-0.1320048,-0.3751202,-0.0025818357,0.12325615,-0.2563443,0.044507515,-0.25674018,-0.12259299,-0.119125165,-0.22867227,-0.045489755,-0.18254451,-0.15901613,-0.17468485,-0.18049026,-0.26981258,-0.18927735,-0.14663342,-0.283139,-0.22762722,-0.074837446,-0.19585718,-0.1687006,0.00052798836,-0.124305196,-0.18837613,-0.33234614,-0.2153749,-0.35005903,-0.053860016,-0.29627287,-0.0006471111,-0.2752924,0.11273789,-0.55202466,-0.092233725,-0.22486877,-0.0036923804,-0.22058488,-0.27177283,-0.05359889,-0.29818577,-0.4286921,0.2947775,0.04540676,-0.38408843,-0.19256462,-0.050307307,-0.04133841,-0.20140304,-0.05942372,-0.1771083,-0.25489587,-0.12741,0.04534246,-0.012053651,-0.4222242,-0.11071389,0.024726221,0.036405116,-0.37472224,0.35430336,-0.2976561,0.075184464,0.043439742,-0.006337877,-0.18788846,-0.32644787,-0.23356304,-0.32504922,-0.32904387,-0.16132237,-0.14667422,-0.06431578,-0.108254135,-0.004687815,-0.07287852,-0.049338486,0.03955547,0.050943404,-0.30271587,-0.311934,-0.20344679,-0.30658913,-0.19936825,-0.2017533,-0.05979911,-0.10104894
-0.12386232,-0.33518007,0.18529257,0.046868686,-0.026881516,1.0,0.0677177,-0.009142838,-0.31895152,0.3410254,-0.34970662,-0.4518296,-0.08250322,-0.15090531,-0.021973168,0.29577324,-0.07452432,-0.34945294,-0.19551069,-0.16019209,-0.11326548,-0.12369212,-0.0062425635,-0.05892939,-0.16633439,-0.055030305,0.2551171,0.1348693,-0.10428555,0.027571786,0.009374771,-0.058770716,-0.03641835,-0.068335235,0.056524493,0.044497874,-0.08448451,-0.16209227,-0.03585043,-0.111861855,-0.26032904,-0.00062585913,-0.17785951,-0.1865121,0.08076638,0.1433021,-0.054553006,-0.11369635,-0.023382239,0.024038427,0.056024276,-0.21844037,0.007747009,-0.11450224,-0.029409453,-0.11918072,-0.19312768,-0.4277887,-0.033760726,-0.16448073,-0.15127724,-0.008937662,0.077634394,-0.29042512,0.07140618,-0.05055122,-0.116452806,0.007779609,-0.030600892,-0.19602257,0.022468697,-0.15105836,0.09824031,0.22003688,-0.03548877,0.12616171,0.019983513,-0.09189559,-0.19970934,0.018830381,0.073467344,-0.2591317,-0.26061884,-0.36151037,0.08212397,-0.356628,-0.34146056,-0.46087077,0.048465833,-0.16356604,-0.18800765,-0.37429726,-0.20172526,-0.31892124,0.08425814,0.0876082,0.082524695,-0.053961556,-0.039757814,-0.31746033,-0.13658996,-0.23952644,-0.13353519,-0.33426097,-0.22213931,-0.38079062,0.14872535,-0.30396372,-0.21543022,0.10673958,0.05649504,-0.11469209,-0.2173058,-0.2477806,-0.13623117,-0.01846973
0.2375084,-0.13321961,0.8195704,0.7794386,-0.08690437,0.0677177,1.0,0.8525466,0.21713369,-0.08561542,0.19595501,0.1501379,0.3104695,0.60816896,-0.08267093,0.11980681,0.13671863,-0.11713384,0.23465474,0.2351518,0.01424478,-0.36828887,0.49194455,0.592092,-0.40742853,-0.012853247,-0.15986559,-0.033222646,0.06489202,0.050008375,0.2677234,0.51815104,0.43393707,0.47162807,0.34754068,0.26119867,0.08774269,-0.03601113,-0.15670383,0.060532816,0.12360714,0.0310766,-0.04454257,-0.14631961,-0.18577808,0.07326601,0.055052754,-0.2268255,-0.31399563,-0.16690621,-0.33788282,-0.37730318,-0.5100946,0.115789205,-0.23121701,-0.14244175,0.14666644,-0.15402232,-0.2102186,-0.09750315,-0.081827365,-0.30739048,-0.028480897,-0.29014817,-0.20428431,-0.4433794,0.06040143,-0.059933342,0.010926859,-0.0720635,0.25017807,0.29941103,0.42361137,0.16375177,0.21406052,0.15408187,0.40820763,0.26119903,0.12298475,-0.065520026,0.26432773,-0.31335405,-0.03318513,0.040334996,0.10893238,-0.3550618,0.11879478,-0.09772598,-0.2610965,-0.07974525,-0.42695063,-0.42710367,-0.29888314,-0.364713,0.027819674,0.045961265,-0.07279837,-0.12437002,-0.31097886,-0.39051855,-0.13216588,-0.3192934,-0.24149767,-0.37544245,-0.13699977,-0.22765811,-0.2501137,-0.024631422,-0.23621899,-0.10644771,-0.1702975,-0.2087072,-0.4882563,-0.35491753,-0.0601159,-0.12420739
0.33342808,0.09234803,0.7139488,0.77260137,-0.1223633,-0.009142838,0.8525466,1.0,0.22651342,-0.16322502,0.15565348,0.29324904,0.32958126,0.6965856,-0.04316452,0.12763363,0.032617383,-0.043820597,0.32031006,0.36950195,0.081433356,-0.4087065,0.47532097,0.56368726,-0.4707519,-0.06571803,-0.23949799,-0.060590643,0.049488742,0.12059671,0.13221854,0.48997775,0.43629205,0.41230932,0.33815032,0.13683288,0.06599749,0.075465776,-0.16354407,0.16965003,0.2503393,0.06821388,0.08833126,0.03602047,-0.06616301,0.15166993,0.1526023,-0.09551059,-0.20811889,0.0037317523,-0.19742829,-0.2670121,-0.40899912,0.17883374,-0.18076086,0.009604006,0.24929234,0.022046655,-0.037522405,-0.023594156,0.07189998,-0.18432568,0.12039639,-0.06916422,-0.09448967,-0.31173155,0.2117454,0.1037637,0.122156866,0.07796048,0.2516423,0.2216498,0.25588584,0.12158776,0.19716114,0.1667367,0.295804,0.17542651,0.06103788,-0.065411866,0.2203446,-0.20836596,-0.0075926054,0.09707405,0.15186094,-0.19082236,0.11684004,-0.062045086,-0.22037204,0.035227634,-0.32520664,-0.34547946,-0.35685894,-0.30515036,0.015470576,0.15453428,-0.023076547,-0.007932864,-0.24168248,-0.26581353,-0.06818575,-0.26956946,-0.15767199,-0.3252171,-0.116102755,-0.16907634,-0.238175,0.025538003,-0.1317139,-0.008449725,-0.122569844,-0.061702114,-0.386883,-0.21809588,0.01703015,-0.05009103
-0.06683836,-0.025982035,0.15920384,0.2184923,0.43694472,-0.31895152,0.21713369,0.22651342,1.0,0.00978554,0.19437169,0.27214763,-0.18379636,0.32324055,0.29470906,0.14616941,-0.0825234,-0.044576097,-0.075626604,-0.06001245,0.12713797,0.25940466,0.26056692,0.44802272,0.17700295,0.40075046,0.19954294,0.26247674,0.002985096,-0.061155997,0.22419283,0.39884743,-0.039368443,-0.02625423,-0.026547857,0.100207105,0.120645516,0.14588486,0.049862113,0.14496855,0.3419195,0.18129162,-0.07724188,-0.21591116,-0.462455,-0.3005455,-0.04932217,-0.11929566,-0.34147176,-0.11608564,-0.40302688,-0.12529399,-0.3196566,-0.1587231,-0.20424789,0.015641857,0.020344177,0.06933053,-0.2880762,-0.046143472,-0.1803221,-0.13289647,-0.3141486,-0.09764702,-0.4212952,-0.28788272,-0.052388,-0.2064555,-0.16576508,-0.1403814,0.09923929,0.47126123,0.29536375,-0.08520564,0.26812938,0.010186794,0.16389881,0.100313365,-0.10933568,-0.0022430937,-0.037466772,-0.050541785,0.39289373,0.2972962,-0.1486393,-0.05318457,0.49703863,0.34490913,-0.19323537,0.12768334,-0.23199832,-0.17123033,-0.082908176,0.007144007,-0.067452736,0.05979533,-0.058233347,0.0036729993,-0.25350705,-0.07613955,0.12735717,-0.0019794304,0.004618604,-0.0029984997,0.058135424,0.047654487,-0.23791276,0.22671181,-0.052175954,-0.088953294,-0.08177448,-0.09703839,-0.32290757,-0.10663365,-0.022986908,-0.015013952
0.058099918,-0.1651992,-0.00927832,-0.098770924,-0.12563354,0.3410254,-0.08561542,-0.16322502,0.00978554,1.0,0.20353587,-0.17163195,0.1962668,0.0015045989,0.16200526,0.440896,0.15238148,-0.018517738,-0.08141251,-0.14919218,0.08601184,0.29312232,0.0589179,-0.2797523,0.110716656,0.10539601,-0.08601114,0.23418976,0.20016517,0.26323268,0.21953265,-0.22298543,-0.021306679,-0.2099117,0.19455488,0.30912942,0.33461472,0.24525505,0.37682852,0.24513595,0.119423166,0.24175125,0.07734335,-0.038650196,-0.008994885,0.11606368,0.21532457,0.22503188,-0.023796137,0.0018438325,-0.009626879,-0.042976003,0.12893605,-0.33731213,0.3033821,0.18436521,0.044660393,-0.14474574,0.07128652,-0.18333599,-0.0132455,-0.17608662,0.056737285,-0.284213,-0.05623279,-0.19914414,0.04742715,-0.017226882,0.026075615,-0.0816324,0.2799775,0.09996628,0.29733935,0.4706975,0.18745866,0.15450191,0.25160614,0.3539638,0.13925827,0.2733935,0.23241237,0.16777962,0.08810307,0.10455179,0.24176696,-0.04435098,0.03449675,0.06310623,0.34539816,-0.13251711,0.1460818,-0.17860003,0.18979457,0.102295645,0.3013456,0.26827464,0.28071854,0.26332456,0.22832966,0.12217841,0.10827725,0.123080924,0.1164424,0.02789537,0.1751629,0.13865732,0.13638519,0.1365352,0.15940082,0.22703739,0.31320107,0.13986544,0.026336571,0.03521602,0.1675806,0.20962602
0.3256019,0.18299401,-0.023179948,0.020905012,-0.09455264,-0.34970662,0.19595501,0.15565348,0.19437169,0.20353587,1.0,0.587104,0.5823838,0.37075815,0.11112956,0.070189126,0.58890426,0.5745409,0.14841938,0.035450652,0.15058194,0.18330921,0.19863547,-0.06112751,0.12193337,0.007982007,-0.282064,0.053680383,0.59171706,0.35179126,0.19704576,-0.016253214,0.16206573,0.15773676,0.30301213,0.33028716,0.43760282,0.4038752,0.42356664,0.35050562,0.4396251,0.2553542,0.23380595,0.1494412,-0.1561485,-0.034623496,0.3481634,0.33365846,-0.09023379,-0.06705,-0.21334383,-0.013309375,0.042858005,-0.067200445,0.3377658,0.15075064,0.3085073,0.24929425,0.047178928,0.027375065,0.066962875,-0.26881137,0.032809034,-0.042463314,-0.206883,-0.1261181,0.16345511,-0.0061528883,-0.0016788052,0.059743725,0.3766476,0.4733502,0.40716138,0.3632343,0.270667,0.2670412,0.46624815,0.624106,0.55433756,0.28398025,0.48750925,0.41187647,0.32526383,0.46073142,0.28170413,0.22684911,0.34390214,0.48125288,0.2323356,-0.07279126,0.21524431,0.080248885,0.39343977,0.2875823,0.10324202,0.025838304,0.20633738,0.22219703,0.23381601,0.27135882,0.16257404,0.20541833,0.16870707,0.30950892,0.35419512,0.4268299,0.056942694,0.3323592,0.21582356,0.14515905,0.30318406,0.23628499,0.16781084,0.1509691,0.19041012,0.0744907
0.47223672,0.6279978,-0.06523238,0.15291119,0.017415874,-0.4518296,0.1501379,0.29324904,0.27214763,-0.17163195,0.587104,1.0,0.43749958,0.4811938,0.0416267,0.024069238,0.2384998,0.6250516,0.38301742,0.39896092,0.21276401,-0.05504167,0.053440426,0.063608855,-0.15881856,-0.15621336,-0.30802774,-0.11864573,0.3817699,0.3525524,-0.1764749,-0.0049422025,0.27191344,0.2746846,0.27801952,0.050764028,0.2615969,0.39856738,0.23164983,0.43133605,0.5216115,0.1928583,0.38526633,0.39098018,0.038573414,0.03368983,0.32779068,0.34062442,0.029263066,0.15006763,-0.06608267,0.16395743,0.1756579,0.20771337,0.19472535,0.33021146,0.48271072,0.6499714,0.18559347,0.2437006,0.3425068,0.041352086,0.21475244,0.47559404,0.067320555,0.056710973,0.41767743,0.292672,0.26672646,0.36064407,0.14689824,0.29054356,-0.025455127,0.051029127,0.1871099,0.22412585,0.18733059,0.27927265,0.36832726,0.1429175,0.17917311,0.37695307,0.21965571,0.39882237,0.1661665,0.37153384,0.2423555,0.36761835,0.16411941,0.32868835,0.19471829,0.15743257,0.12144464,0.30536503,0.019905344,0.08233702,0.13286501,0.23701546,0.13988695,0.2680884,0.18683645,0.14004877,0.21154206,0.24453694,0.27986747,0.33381465,0.017409889,0.3005008,0.23064184,0.13637988,0.16558202,0.27906737,0.18684147,0.28593138,0.19774702,0.1239521
0.48269203,0.17046025,0.14853078,0.19630577,-0.476171,-0.08250322,0.3104695,0.32958126,-0.18379636,0.1962668,0.5823838,0.43749958,1.0,0.52632827,-0.11235377,0.053026497,0.5344396,0.54984754,0.30735555,0.2523969,0.18182594,-0.15841486,0.15662941,-0.16856435,-0.27254874,-0.3508903,-0.43114343,-0.18581149,0.56625533,0.5186233,-0.061422955,-0.15526195,0.3292723,0.2176905,0.35737193,0.23711804,0.3549817,0.36358348,0.279504,0.34047627,0.28732973,0.09315978,0.32136622,0.38090077,0.19696945,0.18833512,0.55234617,0.4186392,0.20136997,0.067685045,0.14662781,-0.0164626,0.22365905,0.20243998,0.38927096,0.3007431,0.38570485,0.16565329,0.2630794,0.14561822,0.26704404,-0.19514541,0.37376764,0.035975963,0.1194454,-0.14415488,0.38582474,0.3183507,0.16567023,0.24540247,0.34849936,0.1099366,0.27004707,0.51062775,0.19439974,0.38977793,0.40143016,0.59822106,0.48338753,0.2711713,0.4801222,0.36909804,-0.07411912,0.08340675,0.44415945,0.162891,-0.03221862,0.046321068,0.36827293,-0.1014879,0.34227493,-0.011677767,0.29436222,0.23588888,0.33342314,0.20481473,0.28538996,0.3278561,0.3555555,0.2491471,0.18039274,0.17319475,0.21232232,0.12997845,0.2829559,0.27450782,-0.0093291635,0.11513016,0.30373788,0.1933346,0.2997244,0.35414788,0.29039592,0.3009939,0.24225937,0.15767978
0.322344,0.13090552,0.44881564,0.62223446,-0.20852284,-0.15090531,0.60816896,0.6965856,0.32324055,0.0015045989,0.37075815,0.4811938,0.52632827,1.0,0.1089068,0.16571207,0.16703025,0.2446696,0.23448896,0.23909411,0.20624864,-0.1830417,0.53026885,0.44448206,-0.3618256,0.03632158,-0.30775598,0.06862811,0.26921067,0.37832847,0.14104635,0.39464614,0.37387994,0.2554683,0.39828852,0.18258937,0.22860157,0.2797323,0.076752484,0.32964748,0.3809608,0.21556559,0.10471542,0.085408635,-0.1603785,-0.051939473,0.24605998,0.026127506,-0.17596759,-0.056273818,-0.3113546,-0.22896226,-0.29368815,0.16673754,0.09768751,0.18477106,0.30351722,0.11711547,0.019047085,-0.0017110874,0.04009994,-0.26233152,0.14188354,-0.044600468,-0.22518633,-0.41251042,0.24120593,0.113353305,0.011794883,0.07045738,0.43618906,0.41620207,0.38896504,0.36310604,0.37408942,0.30036604,0.3539002,0.31354797,0.080396906,0.18611693,0.2815767,0.07344005,0.16301477,0.25817236,0.19626842,0.0043654363,0.3133073,0.19334987,0.021099849,0.041763023,-0.073327035,-0.29852408,-0.13106282,-0.030508729,0.20678999,0.32234946,0.223218,0.2138393,-0.007582724,-0.002832517,0.16832091,-0.048973266,0.11656569,-0.07413082,0.14171124,0.040246096,-0.17415234,0.115450695,0.19718422,0.21840686,0.09663534,0.11495909,-0.21524419,-0.02483372,0.17884302,0.069998205
-0.08783799,-0.015468358,-0.128371,0.094086125,-0.004480243,-0.021973168,-0.08267093,-0.04316452,0.29470906,0.16200526,0.11112956,0.0416267,-0.11235377,0.1089068,1.0,0.61574405,-0.10769692,-0.023531634,-0.21698026,-0.16605432,0.6040857,0.58411604,0.52814806,0.34887496,0.38691598,0.5725247,-0.14858666,0.562191,0.30743515,0.50422084,0.46404356,0.2646889,-0.057121746,-0.36008975,0.25364634,0.116680786,0.59177494,0.5855666,0.58159417,0.5029692,0.55835027,0.70815784,-0.07701219,-0.07325979,-0.41939119,-0.2799928,0.12758,0.093957484,-0.29595023,-0.09531218,-0.3551628,-0.2805857,-0.029546462,-0.33985898,0.447917,0.3490375,0.044134133,-0.03256763,-0.14105836,-0.2665978,-0.25417092,-0.08773046,0.060668603,-0.037863716,-0.39537936,-0.122027665,-0.0775702,-0.10978873,-0.2985205,-0.0282278,0.5714959,0.45537087,0.24411792,0.35757297,0.62384397,0.2446393,0.27814695,0.08978031,-0.3069116,0.4769856,0.32979882,0.20325041,0.7829636,0.61097825,0.3764836,0.31547508,0.59395456,0.5014213,0.38940114,0.07397971,0.15729292,0.09834091,-0.10276478,0.15333015,0.026859479,0.48476598,0.45813006,0.49149415,0.26783305,0.32879034,0.35787725,0.14018473,0.30142456,0.31703132,0.23238653,0.23260437,0.05291551,0.29114747,0.35316724,0.53510714,0.3413577,0.30006775,-0.0541008,0.13192861,0.21491835,0.28141412
0.030131677,0.019141832,0.1083308,0.24682747,-0.08595481,0.29577324,0.11980681,0.12763363,0.14616941,0.440896,0.070189126,0.024069238,0.053026497,0.16571207,0.61574405,1.0,-0.04785385,-0.073151775,-0.038696233,-0.014879541,0.52039474,0.27775064,0.34884772,0.25874782,0.017036747,0.23249492,-0.13226005,0.35811734,0.32709384,0.5617437,0.31579277,0.17336673,0.04736738,-0.24433778,0.37163934,0.11085085,0.5748586,0.5124952,0.45844907,0.48068696,0.4705052,0.66965127,0.0035778102,-0.054339655,-0.19955471,0.078848,0.19570148,0.100330286,-0.24740833,-0.081493385,-0.26138443,-0.26470995,-0.049451005,-0.27195555,0.34995088,0.35953185,0.08725595,-0.028677117,0.010917363,-0.12954462,-0.072635606,0.011126553,0.1321324,-0.08630532,-0.25071844,-0.13848124,0.07912814,0.053011313,-0.015024155,0.020434588,0.42710814,0.25805226,0.28861374,0.43650004,0.55293006,0.41544724,0.3585546,0.13569598,-0.104781084,0.38174292,0.35549894,0.07177382,0.43080363,0.38540104,0.42966518,0.033604994,0.2337603,0.13760462,0.37530348,0.074126236,-0.015421468,-0.25871,-0.15996642,-0.08394912,0.25433874,0.5350866,0.3857781,0.41524756,0.18872242,0.07797363,0.07217286,-0.07389981,0.058872778,-0.06970461,-0.012824361,-0.010984375,0.15475744,0.17922771,0.24121872,0.39312926,0.28963664,0.17485854,-0.16642478,-0.05228916,0.10825543,0.2620085
0.26651812,-0.04054408,0.030920561,-0.04447645,-0.10606558,-0.07452432,0.13671863,0.032617383,-0.0825234,0.15238148,0.58890426,0.2384998,0.5344396,0.16703025,-0.10769692,-0.04785385,1.0,0.5661877,0.14472759,0.025326103,-0.004933648,0.09331461,-0.005824,-0.13239615,0.0921351,-0.10040479,-0.027015328,-0.11745462,0.59480613,0.30249628,0.13906959,-0.07748525,0.28066248,0.37420118,0.3654307,0.56107306,0.26694685,0.20908716,0.26424,0.032433063,0.024530822,0.043246437,0.22545433,0.20212859,0.12431947,0.078387745,0.34992227,0.3555121,0.014287415,-0.040094797,0.010398932,-0.01839479,0.20017348,0.063766636,0.34694856,0.14230543,0.22278577,0.0019228028,-0.0064664916,-0.0487373,0.088706546,-0.21736014,0.16650781,-0.073470965,-0.009291976,-0.06313185,0.17151193,0.2172797,-0.0009483775,0.03234683,0.17552891,0.29227915,0.30865392,0.36289176,0.032643262,0.34792,0.37487036,0.6747827,0.61501086,0.41109493,0.6067581,0.36059067,-0.045988444,0.009419291,0.33873862,0.09942714,-0.08820322,-0.029736925,0.32696718,-0.123495184,0.2828633,0.08739766,0.4726889,0.10628537,0.30129045,0.035002887,0.24192043,0.2143259,0.35702917,0.25797278,-0.010905034,0.13499683,0.03929738,0.09530413,0.1048076,0.16414024,0.12785666,0.008641503,0.100221545,0.056018293,0.4116215,0.30461675,0.31165218,0.07992621,0.00976692,-0.04775112
0.5006821,0.47210434,-0.2693643,-0.13651064,-0.20044772,-0.34945294,-0.11713384,-0.043820597,-0.044576097,-0.018517738,0.5745409,0.6250516,0.54984754,0.2446696,-0.023531634,-0.073151775,0.5661877,1.0,0.37145182,0.34636092,0.1735681,0.03374959,-0.037158076,-0.25415656,0.023365702,-0.17656207,-0.30399778,-0.20564143,0.55584484,0.44191018,-0.15218836,-0.1685627,0.27825287,0.20451212,0.24861236,0.15764739,0.22838354,0.43573004,0.33223456,0.31507888,0.31912628,0.17270139,0.51103276,0.53498393,0.23725723,0.112694904,0.4885019,0.5851518,0.27926442,0.18967074,0.20584251,0.27085373,0.42694548,0.19729267,0.4720154,0.43923417,0.4855384,0.54449046,0.2565027,0.20839234,0.43860787,-0.05276614,0.37514433,0.45123643,0.22728617,0.16928218,0.48128375,0.45743614,0.25146425,0.4330353,0.18289205,0.12978221,-0.11121232,0.25174043,0.06285587,0.24155211,0.1548541,0.45375192,0.58351,0.36819512,0.36178035,0.67649144,0.037912622,0.16608635,0.3322439,0.495972,5.576555e-05,0.18038976,0.45481712,0.120805226,0.54454213,0.32696605,0.46520364,0.42651287,0.17384215,0.10193324,0.262008,0.39029825,0.48431244,0.55161256,0.14834414,0.2874093,0.25610885,0.34205633,0.29995462,0.42517123,0.2045611,0.21351299,0.40240622,0.22934055,0.42641518,0.54489696,0.5936507,0.41782147,0.16488144,0.12829106
0.82058233,0.6596641,0.27172896,0.37830535,-0.2285708,-0.19551069,0.23465474,0.32031006,-0.075626604,-0.08141251,0.14841938,0.38301742,0.30735555,0.23448896,-0.21698026,-0.038696233,0.14472759,0.37145182,1.0,0.8560394,0.042175833,-0.32266736,0.037704498,0.0007088605,-0.30902603,-0.28838095,-0.35765392,-0.34426492,0.08115224,0.11349544,-0.22701149,0.019136274,0.71406835,0.43966207,0.3348656,0.12870933,0.040108927,0.23295686,0.05517693,0.30843976,0.23255771,-0.0124569135,0.6799611,0.6421817,0.5280621,0.48071122,0.46675876,0.44280455,0.2772658,0.3527479,0.33316734,0.21781029,0.25494725,0.2544112,0.118439265,0.38424876,0.7684994,0.63798606,0.37779608,0.26933384,0.780664,0.2114737,0.51772887,0.55526453,0.5000987,0.2686334,0.7075329,0.67940944,0.71536154,0.7031791,-0.0145438295,-0.1380362,-0.31809688,-0.05745336,-0.10869843,-0.058907527,-0.004797882,0.23337436,0.41086653,-0.029597428,0.07891475,0.2583325,-0.15146258,0.054707404,0.29590148,0.2922661,-0.1683189,0.06682612,0.1891408,0.24718328,0.31677222,0.22309095,0.03412726,0.19776896,0.10867542,0.029132653,-0.0025629995,0.17693532,0.18277466,0.2871206,0.012239183,0.05123968,0.20829631,0.18256794,0.30480745,0.3860185,0.12027618,0.28138265,0.19610912,-0.015970163,0.0667087,0.41026193,0.37246355,0.38567075,0.28911027,0.2600645
0.7664611,0.6823103,0.2743723,0.41809618,-0.19944762,-0.16019209,0.2351518,0.36950195,-0.06001245,-0.14919218,0.035450652,0.39896092,0.2523969,0.23909411,-0.16605432,-0.014879541,0.025326103,0.34636092,0.8560394,1.0,0.086920746,-0.3713044,0.0151766995,0.042158604,-0.34063935,-0.3221226,-0.39144433,-0.3913001,0.049827382,0.1321397,-0.31251395,0.040334973,0.63364625,0.43895572,0.25690836,0.03412594,-0.017761353,0.19603443,-0.014023893,0.27254507,0.2578864,-0.038321834,0.6320221,0.6195041,0.5010416,0.48471123,0.4141888,0.37324497,0.258763,0.35771722,0.33760035,0.19584112,0.21456112,0.3122457,0.0997049,0.40028822,0.7299161,0.6507906,0.35029972,0.21096249,0.7557701,0.25458246,0.5269696,0.6035093,0.49886823,0.24002081,0.6925923,0.6899464,0.6809459,0.76380837,-0.025499616,-0.21012746,-0.3890313,-0.10705517,-0.061650135,-0.06518704,-0.04217548,0.11451316,0.30344996,-0.08366016,0.0027948515,0.17793648,-0.17608313,0.0133103095,0.24722852,0.26686248,-0.17850085,-0.027164029,0.18718405,0.26423374,0.3019824,0.18494137,-0.054183803,0.16236202,0.0478381,0.08284271,-0.0260095,0.16186608,0.14908457,0.26207843,0.045943897,0.04240196,0.20853145,0.11079396,0.23448798,0.29084662,0.115535975,0.26037875,0.1560985,-0.008871662,-0.02700967,0.40491638,0.3191692,0.382744,0.23588593,0.2516664
0.18773808,0.14595468,-0.063310914,0.17756446,-0.29505023,-0.11326548,0.01424478,0.081433356,0.12713797,0.08601184,0.15058194,0.21276401,0.18182594,0.20624864,0.6040857,0.52039474,-0.004933648,0.1735681,0.042175833,0.086920746,1.0,0.40147007,0.46495897,0.21486978,0.13658006,0.22321111,-0.3625924,0.1689811,0.37187955,0.6395735,0.28415105,0.02760913,0.15388347,-0.18379802,0.32507557,0.09771151,0.48777577,0.58308256,0.3614675,0.45805803,0.6174539,0.6006498,0.09663791,0.18681668,-0.21466182,-0.0745596,0.283706,0.23135479,-0.18004413,0.089967445,-0.17020069,-0.21200933,0.09461715,-0.099567376,0.44014528,0.44941652,0.2803392,0.1274827,0.059160795,-0.112826854,0.013103769,-0.0807561,0.3353308,0.09318583,-0.20323299,-0.061418917,0.19303507,0.15854912,-0.12845853,0.19198626,0.5288516,0.22812623,0.121343195,0.38596058,0.6366111,0.36697316,0.17784956,0.066577606,-0.12938994,0.3626999,0.40100265,0.18687631,0.5556008,0.44574112,0.49331734,0.31707954,0.41253072,0.26842394,0.45011133,0.018681986,0.2396031,0.05579246,-0.061560113,0.14734085,0.16878341,0.51692003,0.44500872,0.55800015,0.32650512,0.34270507,0.32605425,0.09836723,0.23719855,0.21249188,0.13876244,0.18190056,0.094477944,0.25231373,0.43681058,0.4206748,0.34298453,0.3392315,0.089171745,0.25598118,0.13398765,0.26253107
-0.22529131,-0.14938362,-0.39278352,-0.30243507,0.18548414,-0.12369212,-0.36828887,-0.4087065,0.25940466,0.29312232,0.18330921,-0.05504167,-0.15841486,-0.1830417,0.58411604,0.27775064,0.09331461,0.03374959,-0.32266736,-0.3713044,0.40147007,1.0,0.21120653,0.055882715,0.5920892,0.58247346,0.12026841,0.5084813,0.23522262,0.27733576,0.44316566,-0.09097311,-0.18658224,-0.31910586,0.07438078,0.14158519,0.41535625,0.387919,0.49279758,0.20496774,0.20509964,0.3640968,-0.14073075,-0.11842169,-0.3312349,-0.36055017,0.015779052,0.13321036,-0.11566096,-0.09678277,-0.21191414,-0.10103213,0.1282872,-0.37191835,0.32194644,0.18129289,-0.118949264,-0.12665546,-0.21153755,-0.32865846,-0.31494743,-0.079302266,-0.1258095,-0.15963322,-0.4018462,-0.058075134,-0.21744905,-0.18975227,-0.37588525,-0.26718014,0.23570389,0.42811656,0.17546307,0.20401062,0.31859034,0.09885767,0.13879144,0.12158633,-0.16160668,0.4211497,0.22670086,0.31755874,0.6238093,0.46069172,0.16596343,0.39260462,0.48822057,0.5061988,0.32381356,0.10581075,0.23471016,0.2664646,0.20623079,0.38314113,0.09919828,0.124868676,0.26529825,0.28356418,0.21399581,0.3558669,0.4233894,0.29111385,0.42145976,0.5054909,0.31229633,0.3263233,0.07940308,0.26410237,0.2305982,0.22556657,0.31773773,0.22228692,0.13624857,0.21929045,0.19160035,0.14184117
0.16791813,-0.15070294,0.4240578,0.5756918,-0.29068753,-0.0062425635,0.49194455,0.47532097,0.26056692,0.0589179,0.19863547,0.053440426,0.15662941,0.53026885,0.52814806,0.34884772,-0.005824,-0.037158076,0.037704498,0.0151766995,0.46495897,0.21120653,1.0,0.6335633,0.08400835,0.4752891,-0.30391815,0.4241444,0.20343862,0.40716678,0.6094251,0.54387283,0.3608592,0.04686477,0.40078676,0.23402512,0.388271,0.41566595,0.23385072,0.34374517,0.38856497,0.50098807,-0.09924971,-0.11409515,-0.42164698,-0.29513463,0.12554196,-0.04124639,-0.37753123,-0.044121165,-0.43760282,-0.44129983,-0.32536677,-0.1572033,0.20940286,0.113841824,0.20886108,-0.15726179,-0.23215602,-0.27565682,-0.20981202,-0.37562656,0.13888831,-0.2575813,-0.40126488,-0.40066674,-0.061016288,-0.12738648,-0.3462468,-0.090782925,0.7338293,0.45884055,0.3905664,0.45680556,0.591522,0.21626638,0.38365528,0.22242135,-0.21290928,0.36045828,0.4355984,0.036406584,0.557146,0.47815356,0.38990918,0.09884008,0.5802526,0.38384542,0.10746908,-0.11310216,-0.07808067,-0.19308649,-0.31133488,-0.079181686,-0.030547833,0.35654694,0.29927728,0.30311185,0.04913661,0.037580803,0.23970473,-0.020874264,0.12089461,0.0764181,0.14334106,0.047143225,-0.19913514,0.1400135,0.18785742,0.41053918,0.20895566,0.15775241,-0.28797507,-0.09915991,0.08031145,0.06276042
-0.07570333,-0.118646145,0.51927435,0.6280325,0.18564233,-0.05892939,0.592092,0.56368726,0.44802272,-0.2797523,-0.06112751,0.063608855,-0.16856435,0.44448206,0.34887496,0.25874782,-0.13239615,-0.25415656,0.0007088605,0.042158604,0.21486978,0.055882715,0.6335633,1.0,-0.026923856,0.48437983,0.05700791,0.28504765,0.0384057,0.1058817,0.4620576,0.75528836,0.25357202,0.21644996,0.25098297,0.087890245,0.21181323,0.14534365,-0.02054398,0.153451,0.21959975,0.29377955,-0.21655293,-0.26501796,-0.41232592,-0.21627428,-0.1240185,-0.29913154,-0.48777336,-0.17897572,-0.5301197,-0.46145067,-0.50828785,-0.047889344,-0.18018554,-0.0753644,-0.030289542,-0.14985134,-0.3410096,-0.23571064,-0.30833894,-0.15501447,-0.20094755,-0.18660349,-0.4375439,-0.33895025,-0.15732819,-0.20741418,-0.25282758,-0.19966502,0.26507473,0.5047927,0.3368023,0.046153363,0.3790312,0.14536847,0.3134464,0.019952243,-0.23355696,0.1408701,0.19131285,-0.21502692,0.35520658,0.32421845,0.080859214,-0.09662969,0.38952243,0.17166081,-0.26644915,0.098814785,-0.444219,-0.2993221,-0.42596194,-0.31841764,-0.0945702,0.13712221,0.01789994,-0.02835065,-0.29952908,-0.24251595,-0.023968682,-0.28966597,-0.14742939,-0.2058242,-0.1421773,-0.21799906,-0.24733643,0.024005175,-0.1807179,0.059660003,-0.09099199,-0.12765919,-0.5277329,-0.37697527,-0.10146494,-0.13979407
-0.23190433,-0.18825608,-0.4132334,-0.40311897,0.18840751,-0.16633439,-0.40742853,-0.4707519,0.17700295,0.110716656,0.12193337,-0.15881856,-0.27254874,-0.3618256,0.38691598,0.017036747,0.0921351,0.023365702,-0.30902603,-0.34063935,0.13658006,0.5920892,0.08400835,-0.026923856,1.0,0.52691376,0.15326345,0.3624973,0.087259404,-0.022315122,0.31048173,-0.06437816,-0.20317425,-0.31338674,-0.077290535,0.057830103,0.17400895,0.18497968,0.235323,0.0071614175,0.11350511,0.27500546,-0.06635765,-0.06318988,-0.26292259,-0.37521064,-0.10630931,0.093702026,-0.08696104,-0.03728389,-0.112677686,-0.022239812,0.08810147,-0.29834768,0.13941412,-0.009083141,-0.10947553,-0.08944841,-0.17040369,-0.2993998,-0.23106241,0.037333183,-0.09662339,-0.05947838,-0.2530072,0.061011422,-0.2830079,-0.22882463,-0.40095246,-0.21697752,0.16877377,0.1906755,0.018604208,-0.008416188,0.106524356,-0.1396566,-0.008510117,0.03915642,-0.070153415,0.21924877,0.09774029,0.18552116,0.43577757,0.24752472,0.028934564,0.26066512,0.34392244,0.39384866,0.10317824,-0.007292837,0.11882497,0.26364514,0.068068445,0.26268047,-0.25761646,-0.094059855,0.052912313,0.06718728,0.067641646,0.22015673,0.07713717,0.27322522,0.101311475,0.3420891,0.12087886,0.2150844,-0.09435738,0.043946013,0.034529388,0.11661057,0.1729314,0.0912689,0.13830175,0.077462256,-0.04200174,-0.044492994
-0.26465434,-0.23735088,-0.01497967,0.07044515,0.26237932,-0.055030305,-0.012853247,-0.06571803,0.40075046,0.10539601,0.007982007,-0.15621336,-0.3508903,0.03632158,0.5725247,0.23249492,-0.10040479,-0.17656207,-0.28838095,-0.3221226,0.22321111,0.58247346,0.4752891,0.48437983,0.52691376,1.0,0.17012098,0.6011314,0.04869187,0.064658456,0.57779807,0.409003,-0.036006715,-0.13432442,0.14597462,0.13818948,0.29845703,0.2288583,0.267067,0.17075214,0.18959928,0.4169756,-0.18178284,-0.23376764,-0.4982667,-0.40123606,-0.1524825,-0.10977042,-0.2577269,-0.19016877,-0.44386756,-0.33726743,-0.25292936,-0.3810572,0.06563012,-0.053837538,-0.15003483,-0.20105098,-0.3174118,-0.33602175,-0.38977817,-0.23664705,-0.2732635,-0.27312055,-0.45656848,-0.24490653,-0.28148633,-0.31461933,-0.38951957,-0.337941,0.31437734,0.53959703,0.26587117,0.1251647,0.34878066,0.025750997,0.1776036,0.018292418,-0.23870902,0.27694672,0.13572885,0.034434907,0.5782894,0.4324373,0.07433295,0.14339848,0.538076,0.44834006,-0.008807103,0.08170868,-0.12542309,-0.024674106,-0.10281771,0.05855322,-0.10223013,0.07328809,0.16428716,0.075563416,-0.08285956,0.035142966,0.16702016,0.012826104,0.1312348,0.1913357,0.1468804,0.084706396,-0.061571375,0.14154337,0.024628375,0.24878955,0.13936372,-0.014993165,-0.21999218,-0.18087867,0.06440066,-0.009418027
-0.503185,-0.35484773,-0.1039045,-0.3021757,0.6264623,0.2551171,-0.15986559,-0.23949799,0.19954294,-0.08601114,-0.282064,-0.30802774,-0.43114343,-0.30775598,-0.14858666,-0.13226005,-0.027015328,-0.30399778,-0.35765392,-0.39144433,-0.3625924,0.12026841,-0.30391815,0.05700791,0.15326345,0.17012098,1.0,0.1487547,-0.23044385,-0.3811562,-0.029016681,0.012328838,-0.30046433,-0.06544818,-0.31219047,-0.094223276,-0.24664119,-0.3688266,-0.22870204,-0.4038649,-0.40013772,-0.28647622,-0.34994507,-0.3532308,-0.1178202,-0.15539655,-0.3563212,-0.27832952,-0.09773906,-0.13411565,-0.06724744,-0.0040840385,-0.102787726,-0.2579821,-0.3835086,-0.35256186,-0.47847798,-0.36681673,-0.20808975,0.064113595,-0.35575476,0.08894264,-0.41744858,-0.27823123,-0.14184539,0.021261895,-0.32647213,-0.23898855,-0.17647518,-0.4251676,-0.45649394,0.09987641,0.078862645,-0.27597466,-0.3085177,-0.022623,-0.17004569,-0.22101371,-0.2173007,-0.114278816,-0.202246,-0.20340456,-0.1953084,-0.36658335,-0.37630138,-0.32964003,-0.21424215,-0.30543977,-0.3601536,0.060131162,-0.3441958,-0.10941102,-0.014266113,-0.22804795,-0.15042347,-0.33661532,-0.24743105,-0.34967253,-0.3294847,-0.30587828,-0.28563288,-0.16405167,-0.25635898,-0.21352848,-0.3000199,-0.32861578,-0.007882542,-0.28346267,-0.42314777,-0.3228361,-0.121842705,-0.32234263,-0.27184343,-0.33560765,-0.28902417,-0.2346596
-0.25137633,-0.26489422,-0.057536244,0.039846506,0.14053655,0.1348693,-0.033222646,-0.060590643,0.26247674,0.23418976,0.053680383,-0.11864573,-0.18581149,0.06862811,0.562191,0.35811734,-0.11745462,-0.20564143,-0.34426492,-0.3913001,0.1689811,0.5084813,0.4241444,0.28504765,0.3624973,0.6011314,0.1487547,1.0,0.04016593,0.12618242,0.42546427,0.25085407,-0.17510368,-0.34030458,0.15032233,0.06262876,0.3203349,0.25404897,0.35980234,0.18310091,0.2341596,0.43544748,-0.26965177,-0.33384964,-0.47876838,-0.44023427,-0.12435006,-0.14938322,-0.13298117,-0.23313183,-0.3380211,-0.30426693,-0.13211627,-0.35498372,0.12257153,-0.040842563,-0.18062691,-0.25482553,-0.18033256,-0.2786679,-0.44073725,-0.12740768,-0.17503844,-0.2978692,-0.4107094,-0.25775543,-0.264632,-0.33660564,-0.37337488,-0.39252287,0.43100497,0.43833894,0.30575112,0.2507931,0.4170294,0.0932404,0.24454974,0.037889186,-0.34230635,0.31972343,0.09416869,0.036605444,0.5721523,0.44986558,0.089854866,0.09849479,0.5365691,0.4563134,0.078155555,0.09271885,-0.11583144,-0.03449522,-0.13291597,0.09034696,-0.1357167,0.08396371,0.18936697,0.10556803,-0.0481137,-0.0035835684,0.24807142,0.09552921,0.230622,0.25919914,0.18713179,0.102163054,-0.16270998,0.03555619,0.14696927,0.28486612,0.16091496,0.0019491137,-0.25451192,-0.04973574,0.14302298,0.06254418
0.20063789,0.08556414,-0.059772875,0.008465334,-0.1320048,-0.10428555,0.06489202,0.049488742,0.002985096,0.20016517,0.59171706,0.3817699,0.56625533,0.26921067,0.30743515,0.32709384,0.59480613,0.55584484,0.08115224,0.049827382,0.37187955,0.23522262,0.20343862,0.0384057,0.087259404,0.04869187,-0.23044385,0.04016593,1.0,0.70974964,0.20161936,-0.042242777,0.21284087,0.13062707,0.38304606,0.32485926,0.62836313,0.5685741,0.538902,0.38365537,0.42645442,0.42525423,0.22525077,0.22660902,0.012639266,0.03422965,0.49842644,0.4683635,0.0040823617,-0.035108317,-0.110047914,-0.034691975,0.24930213,0.015739676,0.5890912,0.35994613,0.17102382,0.11180742,-0.012608494,-0.04903339,0.008219001,-0.26005146,0.112593725,0.0020120877,-0.1663914,-0.06301874,0.20642872,0.1633816,-0.07012299,0.08167428,0.38717088,0.44640893,0.4043892,0.6437941,0.4710149,0.68250996,0.57000405,0.6276384,0.4657598,0.649886,0.6911864,0.53493553,0.28782973,0.40101367,0.53188753,0.34085274,0.13526171,0.22940347,0.47914898,-0.031993426,0.34837407,0.08549241,0.41860703,0.22731008,0.34356695,0.32217073,0.50874966,0.4822062,0.49935073,0.42534783,0.046068974,0.11391592,0.13702492,0.21380177,0.21639709,0.30935645,0.19696592,0.21507385,0.33411464,0.4127748,0.58918905,0.42452815,0.32848,0.18034586,0.14203657,0.090159096
0.26637593,0.1755792,-0.046037097,0.1673988,-0.3751202,0.027571786,0.050008375,0.12059671,-0.061155997,0.26323268,0.35179126,0.3525524,0.5186233,0.37832847,0.50422084,0.5617437,0.30249628,0.44191018,0.11349544,0.1321397,0.6395735,0.27733576,0.40716678,0.1058817,-0.022315122,0.064658456,-0.3811562,0.12618242,0.70974964,1.0,0.23037133,-0.03017689,0.26127228,-0.039259516,0.48377672,0.2256135,0.67124265,0.7306655,0.58408064,0.5746253,0.5200826,0.60252106,0.19198552,0.29833263,0.0076215174,0.016826618,0.52498513,0.47154385,-0.03159711,0.09546953,-0.072920166,-0.13988242,0.28698605,0.00580575,0.68576825,0.5605906,0.28106996,0.110992044,0.099324964,-0.104440555,0.08471537,-0.15061674,0.39034417,0.09374354,-0.09250736,-0.05421213,0.2933223,0.31170827,-0.026716156,0.21842325,0.57575434,0.3395514,0.28463957,0.73689234,0.60046095,0.6172176,0.44610032,0.44797593,0.1283892,0.71348447,0.6642769,0.5269941,0.3978218,0.4282039,0.6754008,0.3959878,0.21445532,0.20464902,0.63055396,0.008410601,0.3946508,0.0041304124,0.137841,0.21112053,0.36885333,0.6127554,0.6378585,0.6926278,0.5655315,0.46916553,0.2560425,0.13347115,0.27635562,0.21787065,0.21792875,0.2581285,0.18451366,0.23303632,0.482724,0.614859,0.64239657,0.5451675,0.25289577,0.27619585,0.22820504,0.25256687
