1.0,0.83574337,0.83011436,0.7538094,0.008491972,-0.55867577,0.80878437,0.74479425,-0.59751123,-0.52158415,0.67058927,0.72991747,0.52974427,0.52071255,-0.1334792,-0.33509192,0.4911385,0.32373834,0.7810635,0.7606435,-0.4066742,0.16887406,0.7363151,0.6686882,-0.6978756,-0.5179993,-0.3736121,-0.4381726,0.5502134,0.4877734,0.25779948,0.29579893,0.6785549,0.6270443,0.52970505,0.17705873,-0.15687822,-0.13950087,-0.29867065,-0.33876893,-0.44037282,-0.26475564,0.6580144,0.72778356,0.70169973,0.53227836,0.5620789,0.5010517,0.46350822,0.19994017,0.3247421,0.38566145,0.13205083,0.27624887,0.19119102,0.165123,0.78255516,0.7993413,-0.13052694,0.09014252,0.40030637,0.21105692,0.6717873,0.78519726,0.28437135,0.6065482,0.6504341,0.72547734,0.6125008,0.726242,0.13277024,0.010630998,-0.25156197,-0.19818692,-0.3405196,-0.03949373,-0.12027962,-0.106791064,-0.16774452,-0.24536978,0.42933938,0.5574529,-0.5049519,-0.32284018,0.42084494,0.576576,-0.55801594,-0.44470745,-0.13258083,0.11248032,0.38834006,0.43904445,0.44361198,0.15802991,0.36002678,0.30457014,0.35362202,0.3410413,0.32273766,0.15330671,0.25721124,0.01582732,0.38122,0.39835402,0.42067662,0.4083326,0.17049417,0.30794713,0.19093491,0.3256561,0.37472957,0.37483993,0.3022466,0.26725203,0.176574,0.40866047
0.83574337,1.0,0.7274767,0.6925057,0.056970272,-0.6755885,0.6564361,0.68053085,-0.63098544,-0.6146185,0.41795844,0.5912821,0.36228007,0.46315622,-0.19419457,-0.32714298,0.34737366,0.13352308,0.73500603,0.73778325,-0.5099791,0.15966901,0.5381261,0.6401826,-0.7091381,-0.5304131,-0.5300876,-0.5327652,0.4417379,0.4339845,0.015928509,0.14277528,0.4906418,0.46180803,0.33918294,0.005593197,-0.18912628,-0.14542738,-0.3074739,-0.35983652,-0.4300564,-0.3039979,0.6373302,0.71508765,0.65136033,0.6190403,0.51896054,0.49433774,0.415513,0.21161032,0.40033883,0.50006413,0.17704812,0.4119791,0.13771361,0.17774916,0.73433495,0.90319014,-0.15939182,-0.029480053,0.53482467,0.31909126,0.70945555,0.8950882,0.35660568,0.6774944,0.620013,0.73007524,0.60831726,0.79658437,-0.13809773,-0.14598772,-0.3644623,-0.3466565,-0.46015283,-0.09691976,-0.3007179,-0.23128301,-0.22971176,-0.40893418,0.2484606,0.49521264,-0.62616843,-0.403743,0.26299623,0.5964498,-0.69922835,-0.5752971,-0.31017092,0.03048435,0.36302984,0.5325888,0.27242768,0.02009995,0.36756682,0.29601374,0.34287378,0.3131317,0.29466468,0.19765851,0.059560042,-0.159022,0.20747167,0.22629425,0.34696916,0.32860172,0.10306194,0.2566412,0.23447892,0.31660196,0.27957475,0.3775294,0.3017598,0.14759609,0.07414416,0.37531868
0.83011436,0.7274767,1.0,0.8976437,0.2095782,-0.39376163,0.8773611,0.8342415,-0.49775502,-0.36671025,0.65700656,0.73539513,0.5951206,0.57935685,-0.13331455,-0.32862204,0.49430993,0.27584723,0.77320915,0.75430626,-0.32959747,0.20127127,0.827555,0.7562679,-0.5940303,-0.4329118,-0.23338877,-0.2081694,0.5839949,0.47649938,0.42091662,0.4363323,0.6319289,0.58074355,0.4746442,0.1782967,-0.034956675,-0.03645644,-0.19361426,-0.21927406,-0.40912178,-0.18175094,0.56658214,0.6767397,0.5581475,0.42586297,0.54373544,0.5011957,0.44669282,0.12282607,0.17316362,0.34370914,0.0726972,0.1963609,0.28091088,0.23228426,0.6671894,0.689249,-0.18179518,0.15905048,0.32640973,0.23177466,0.5732895,0.70888263,0.16005449,0.52042073,0.5980414,0.66887635,0.5503285,0.67957824,0.2741517,0.1919269,-0.08150721,-0.08859369,-0.19530821,0.014123082,0.0022131072,-0.02067798,-0.0476602,-0.22050689,0.49347848,0.55757785,-0.42388362,-0.28994998,0.41465396,0.5296405,-0.44335362,-0.3083498,-0.029275022,0.2847087,0.33004987,0.30746812,0.4033017,0.1464631,0.34375545,0.24774593,0.3737833,0.37465248,0.39362645,0.19440696,0.28136697,0.17243382,0.46013254,0.46487403,0.5166734,0.5242718,0.21140605,0.40163174,0.19928774,0.285328,0.47146022,0.37724635,0.19815524,0.3085383,0.26490065,0.4107322
0.7538094,0.6925057,0.8976437,1.0,0.24281445,-0.3715656,0.84312934,0.866513,-0.51039946,-0.3511515,0.61195046,0.72984093,0.57946044,0.60808074,-0.13228494,-0.31202847,0.5180548,0.2850709,0.74804556,0.7343026,-0.31009382,0.17670096,0.7884676,0.7909366,-0.58436203,-0.41756105,-0.2180477,-0.15505022,0.5778332,0.45192155,0.43543437,0.5025345,0.5979587,0.5703249,0.4568487,0.2102033,-0.044871073,-0.06028442,-0.17476875,-0.21074583,-0.42748097,-0.19199114,0.5429501,0.62397635,0.51573676,0.3368245,0.54217654,0.49564022,0.38029963,0.07586669,0.08608581,0.29678854,0.039539944,0.20031452,0.294392,0.24039976,0.6095074,0.66252506,-0.13289446,0.14905056,0.31237322,0.2325179,0.5295877,0.70842874,0.089578904,0.50764006,0.5676547,0.63657254,0.5296033,0.65825725,0.25920242,0.20671473,-0.07776474,-0.105425976,-0.21547885,-0.011968066,0.035535526,-0.026591115,-0.037262686,-0.21358748,0.49917033,0.60052836,-0.44911897,-0.29793507,0.34522212,0.5481574,-0.45199257,-0.305616,-0.091969155,0.34433776,0.30510882,0.29523787,0.3821474,0.11858009,0.33297002,0.27015686,0.3952091,0.38547394,0.40895954,0.20612651,0.24338533,0.18095534,0.43526578,0.4380601,0.5316932,0.48997355,0.25318027,0.39300296,0.23687796,0.2810631,0.50025755,0.39451408,0.1832955,0.27988744,0.25129586,0.4158885
0.008491972,0.056970272,0.2095782,0.24281445,1.0,0.25670296,0.17037027,0.262117,0.17034729,0.25268394,-0.07367039,0.044959087,0.0062232753,-0.0062389635,0.13820487,0.13832842,1.48989e-05,-0.10248002,0.21266297,0.24137048,0.029028628,0.07497828,0.00987261,0.13061747,0.11352928,0.20838486,0.23784006,0.31734353,0.02163483,-0.08474195,0.1145565,0.17616285,0.066842906,0.051828533,-0.08587825,-0.05740729,-0.06613462,-0.09694247,0.08961204,0.15604201,0.06659596,0.10895374,0.06908221,0.049046163,0.03330414,0.09402015,0.06530995,0.07713624,0.18336532,-0.06184773,-0.15463005,0.0766447,-0.031630825,-0.12561779,0.23300412,0.20213595,-0.025155501,0.030435633,-0.013479075,0.036106467,0.055988755,0.19111423,0.015045053,0.1275939,-0.09090361,0.0859611,0.12780817,0.120450646,0.16270809,0.16327667,-0.0031075068,0.035639606,0.017707529,-0.037159484,-0.050777182,-0.20102946,0.020821314,-0.113454595,0.021994205,-0.15287246,0.15481704,0.058765672,0.17757718,0.09541551,-0.1645915,-0.031013513,0.12777983,0.28820318,0.16767776,0.42250013,0.03134827,-0.14804356,0.08269012,0.19181573,0.04972819,0.031630572,0.09858142,0.11904764,0.29141992,0.19887552,0.15816161,0.30051777,0.23845005,0.19558094,0.40367115,0.3770967,0.32232648,0.36005396,0.107897304,-0.10551628,0.2293039,0.18912947,0.049119473,0.3207514,0.3047822,0.23108706
-0.55867577,-0.6755885,-0.39376163,-0.3715656,0.25670296,1.0,-0.40531927,-0.41874596,0.7210435,0.88858026,-0.37640446,-0.48824176,-0.3398177,-0.39687085,0.26179576,0.42499667,-0.31122282,-0.175994,-0.26514468,-0.26383334,0.39963624,-0.23748699,-0.35214722,-0.37453264,0.81474406,0.77924335,0.7585506,0.7560941,-0.46363038,-0.5378891,0.11660576,0.08408202,-0.124439515,-0.14698432,-0.11090943,0.06184723,0.0060408395,-0.101450995,0.23044072,0.31753904,0.391054,0.3756285,-0.41768813,-0.5566527,-0.43413725,-0.50141996,-0.39640144,-0.41202998,-0.254211,-0.17722903,-0.44257003,-0.4518605,-0.103403196,-0.3860998,-0.005127742,-0.08746331,-0.58058673,-0.7213262,-0.035400838,0.12311001,-0.367661,-0.26613787,-0.5271043,-0.6330321,-0.36763093,-0.51135993,-0.34134832,-0.5216797,-0.23627785,-0.4535342,0.052168936,0.05691827,0.2478221,0.2940469,0.36361519,-0.05684554,0.1483832,-0.011399006,-0.008135405,0.12203052,-0.14312778,-0.3704084,0.7294814,0.59542763,-0.18350644,-0.400752,0.8236642,0.83233386,0.48226893,0.3621097,-0.17405406,-0.47405988,0.07514221,0.3407808,-0.24815771,-0.11508546,-0.21266778,-0.19165449,-0.1179436,-0.06268461,0.22298563,0.40445647,0.16683379,0.20462243,0.082907155,0.06376434,0.24245112,0.0689116,-0.10951595,-0.34254432,-0.12530437,-0.20035405,-0.13865498,0.09545411,0.16964552,-0.16814893
0.80878437,0.6564361,0.8773611,0.84312934,0.17037027,-0.40531927,1.0,0.862187,-0.5157379,-0.3975573,0.7585131,0.8085746,0.71139073,0.63201255,-0.052121636,-0.31129423,0.5922107,0.41746297,0.7131727,0.69910043,-0.2174705,0.28002658,0.8193113,0.6856702,-0.6392898,-0.4966538,-0.23210813,-0.2274026,0.7154168,0.58409816,0.55836725,0.52787215,0.63254106,0.5709992,0.50156045,0.22410065,0.07145031,0.0588039,-0.07670101,-0.12973689,-0.35990074,-0.12062497,0.5717086,0.62643427,0.582181,0.37745953,0.58017176,0.5081717,0.4790261,0.13281107,0.13612044,0.29652494,0.062178332,0.13441718,0.35538346,0.28608862,0.65991986,0.6183387,-0.091144785,0.17381656,0.31959364,0.14875379,0.531453,0.6393216,0.16748358,0.47605506,0.5894732,0.65716004,0.530452,0.6256451,0.43647766,0.28785908,0.08092694,0.038526174,-0.06859304,0.119989306,0.16195557,0.09967623,0.026206251,-0.07032312,0.6446084,0.67003185,-0.3549118,-0.26149908,0.47151133,0.5286875,-0.42616767,-0.31674466,0.038305663,0.29011068,0.31273574,0.25517046,0.4218312,0.15256198,0.38831404,0.29868895,0.43648353,0.46314335,0.42711404,0.19875152,0.29657316,0.21651298,0.44343585,0.4213329,0.4862259,0.45034766,0.20157012,0.36760554,0.2338836,0.3788404,0.5480765,0.41242608,0.19875951,0.38654628,0.33864927,0.4697901
0.74479425,0.68053085,0.8342415,0.866513,0.262117,-0.41874596,0.862187,1.0,-0.54593253,-0.4013381,0.65838546,0.80704963,0.6623828,0.708643,-0.07112078,-0.26930904,0.59674054,0.40220255,0.70956445,0.70494777,-0.28659055,0.24699523,0.7249995,0.73069525,-0.64924514,-0.49432,-0.2784322,-0.16257621,0.6953217,0.56756365,0.49171728,0.58000124,0.53136927,0.5018618,0.4332424,0.18527858,-0.0028886606,0.0067380704,-0.08867182,-0.12543772,-0.42593408,-0.18794213,0.5807093,0.6102686,0.5926307,0.35001448,0.582856,0.5357053,0.49284738,0.116046086,0.11382071,0.24573678,0.072747506,0.14438225,0.38155535,0.34383327,0.5769375,0.6549441,-0.02739907,0.14081642,0.35605487,0.17036855,0.4969273,0.71778494,0.10971402,0.5117564,0.5870688,0.6739789,0.5706575,0.67811066,0.31206444,0.25300518,0.05516469,-0.02164986,-0.1796861,0.04902598,0.117041744,0.04745792,0.05589265,-0.1229238,0.5857206,0.72530335,-0.4217458,-0.2784801,0.29436105,0.5507643,-0.49877915,-0.31467682,-0.11909362,0.36230347,0.31700948,0.2803454,0.3679686,0.118016176,0.37346184,0.33104917,0.44223464,0.46463066,0.45623696,0.23403648,0.25816688,0.20010808,0.43961632,0.43798292,0.5592897,0.4786639,0.29642496,0.4303094,0.31572834,0.3464432,0.55845726,0.43529403,0.20545398,0.3928569,0.33578235,0.5197201
-0.59751123,-0.63098544,-0.49775502,-0.51039946,0.17034729,0.7210435,-0.5157379,-0.54593253,1.0,0.8201995,-0.4162526,-0.5453669,-0.30928046,-0.30434847,0.5409221,0.72163796,-0.26893634,-0.09719185,-0.33436388,-0.36469087,0.52720183,-0.066281885,-0.43502802,-0.33330116,0.82584316,0.8264382,0.4268855,0.5608429,-0.3783306,-0.3123561,-0.037653722,-0.036917455,-0.25251105,-0.2916393,-0.19819248,-0.064742886,0.14125331,0.12222279,0.44559804,0.53532207,0.6248255,0.59549695,-0.32621172,-0.5092591,-0.47185543,-0.3668867,-0.27973843,-0.2774309,-0.18263999,-0.047708437,-0.21832119,-0.36612198,-0.031781964,-0.26549828,0.022964304,0.12972899,-0.51695794,-0.6399603,0.00855243,-0.13339823,-0.22988151,-0.20936534,-0.36186135,-0.5952163,-0.25445673,-0.49662125,-0.29745492,-0.48021057,-0.1933847,-0.43964785,-0.08299729,-0.07263307,0.2406122,0.35516545,0.41514555,0.13569255,0.07100931,-0.06511858,0.10269972,0.1634272,-0.14522196,-0.3177451,0.75454247,0.74033606,-0.020312034,-0.19520669,0.5730603,0.6522558,0.5219929,0.1758224,-0.019580321,-0.22506782,-0.05583051,0.13083053,-0.027489273,0.06708499,-0.02733247,-0.016898468,-0.04698582,0.15229356,-0.013200229,0.050203282,-0.054087657,0.013815649,-0.1136092,-0.108551055,0.0869526,0.019361038,0.09622527,-0.052300308,-0.12680222,-0.10933813,0.0046209176,0.06718042,0.07284314,-0.12449211
-0.52158415,-0.6146185,-0.36671025,-0.3511515,0.25268394,0.88858026,-0.3975573,-0.4013381,0.8201995,1.0,-0.35128245,-0.4757103,-0.28351608,-0.29819527,0.40364,0.5874004,-0.27872106,-0.14325224,-0.19409657,-0.20374894,0.4591238,-0.18262872,-0.32009354,-0.26444665,0.82323503,0.8358162,0.64370656,0.7278516,-0.41541016,-0.46426082,0.107979886,0.12106128,-0.111418866,-0.1584742,-0.118763536,-0.0024617426,0.019221306,-0.070848964,0.29738557,0.38830075,0.45428285,0.4746052,-0.34230217,-0.51466995,-0.39988655,-0.4301414,-0.34737316,-0.37607035,-0.18302386,-0.10904755,-0.36747238,-0.4338645,-0.09912033,-0.3177505,0.013274706,0.026247391,-0.5552168,-0.6548437,-0.053622644,0.06102624,-0.28986827,-0.20801365,-0.45995814,-0.5716032,-0.33156765,-0.46429744,-0.30631292,-0.4758043,-0.12978478,-0.38380432,-0.013583763,-0.018394465,0.23587629,0.30813804,0.37791207,-0.017748248,0.086969495,-0.09580596,-0.010878701,0.07832134,-0.10579101,-0.30440328,0.76774967,0.7118175,-0.07193638,-0.23402062,0.74364215,0.83753765,0.54422873,0.40580747,-0.09568329,-0.36807382,0.10721772,0.3346804,-0.16044874,-0.018711206,-0.12367957,-0.12520169,-0.09163618,0.016808385,0.20061821,0.3344852,0.14791667,0.21925266,0.05866718,0.029305737,0.2512539,0.09621364,0.00028489003,-0.21824393,-0.108380675,-0.16146931,-0.08061366,0.10440595,0.1527456,-0.118541524
0.67058927,0.41795844,0.65700656,0.61195046,-0.07367039,-0.37640446,0.7585131,0.65838546,-0.4162526,-0.35128245,1.0,0.8262617,0.8262423,0.6605596,0.03536563,-0.25157335,0.7035447,0.6454452,0.49538183,0.46256083,-0.06809102,0.2106758,0.8197244,0.61005044,-0.57318336,-0.4750857,-0.18890025,-0.1785186,0.74746084,0.6258952,0.62899053,0.57258356,0.5879888,0.5299723,0.52487004,0.29616463,0.050764732,0.029494492,-0.08854169,-0.12615322,-0.3109967,-0.13368063,0.46340147,0.4335423,0.5291274,0.23242584,0.46495786,0.37080765,0.38403,0.079295896,0.081994005,0.07002202,0.0840862,0.059297778,0.20109966,0.16637652,0.5239424,0.3961211,0.0064997473,0.27526736,0.08523525,0.08793893,0.33641952,0.36789134,0.16059764,0.2147154,0.38990372,0.45793602,0.3321398,0.3233119,0.5844704,0.32789648,0.20568025,0.22576217,0.043410387,0.2500859,0.37422854,0.22638302,0.21553183,0.22070067,0.74575347,0.6891899,-0.22276342,-0.14782107,0.62339276,0.5309863,-0.29606003,-0.21315391,0.11484155,0.29314917,0.20114537,0.14328761,0.4302442,0.21582763,0.31640267,0.2600967,0.32828733,0.34433615,0.2402315,0.041237988,0.31535938,0.25972185,0.34954128,0.35537738,0.22686376,0.15353611,0.028109191,0.1398106,0.16504763,0.39993066,0.4694407,0.24869587,0.14499617,0.32281145,0.24457632,0.2957113
0.72991747,0.5912821,0.73539513,0.72984093,0.044959087,-0.48824176,0.8085746,0.80704963,-0.5453669,-0.4757103,0.8262617,1.0,0.7701245,0.7521264,-0.10971313,-0.33542514,0.71042323,0.579955,0.5461311,0.53557354,-0.2859579,0.17909424,0.788454,0.70573926,-0.66814005,-0.5550703,-0.29623303,-0.2268742,0.7340803,0.62857884,0.5077198,0.5461753,0.5123944,0.5116614,0.46629116,0.2514093,-0.019872613,-0.006419513,-0.15151116,-0.20414396,-0.47309744,-0.24950966,0.505756,0.53301036,0.5489885,0.29640672,0.5102769,0.46316606,0.3819803,0.020168483,0.08225826,0.13541135,0.118499786,0.11012618,0.23348339,0.21535885,0.58739555,0.5695902,0.00093113404,0.19553667,0.2110113,0.16459407,0.4393087,0.57395935,0.07859603,0.37922227,0.45136166,0.569959,0.38691407,0.46604168,0.41430637,0.29433474,0.08763082,0.04515229,-0.1507501,0.12614709,0.2545839,0.18231754,0.19538726,0.10548895,0.6376436,0.73730326,-0.43278256,-0.32148272,0.4155976,0.5529229,-0.47998646,-0.3736231,-0.11448336,0.27903798,0.2624593,0.2631865,0.34274825,0.14160445,0.3106268,0.24859354,0.33627635,0.35235244,0.31795898,0.12560162,0.2550236,0.16755283,0.3542805,0.35933626,0.34019443,0.29486507,0.08206423,0.25353312,0.17064236,0.3496374,0.46717417,0.31682104,0.16518697,0.2885804,0.21101762,0.3539599
0.52974427,0.36228007,0.5951206,0.57946044,0.0062232753,-0.3398177,0.71139073,0.6623828,-0.30928046,-0.28351608,0.8262423,0.7701245,1.0,0.76857835,0.15110564,-0.1250217,0.6016953,0.5327882,0.41570106,0.3971486,0.036873437,0.28445363,0.72899115,0.5589216,-0.5423993,-0.4705893,-0.2334475,-0.07007315,0.7649143,0.6493696,0.6316815,0.60155255,0.36128688,0.2761654,0.29968908,0.07652257,0.1675273,0.16723152,0.0936582,0.05372016,-0.1825797,0.030756976,0.3795836,0.34507102,0.39789945,0.21508718,0.38958648,0.3249025,0.4398244,0.07277315,0.02054903,0.05188885,0.043990623,-0.029415375,0.31147304,0.30722046,0.3840061,0.33323735,0.015406328,0.27825817,0.17846718,0.15969098,0.26021555,0.34123296,0.18525164,0.18745492,0.25916806,0.35997114,0.25008437,0.29063565,0.55213517,0.3019266,0.36900398,0.2577896,0.15939073,0.3374001,0.32415238,0.13455468,0.27273506,0.14042425,0.79138505,0.68405867,-0.15576711,-0.08448636,0.62753975,0.55987185,-0.32335126,-0.19980752,0.17246899,0.31762415,0.17288122,0.09361553,0.3374386,0.09831453,0.32892925,0.25820586,0.3836852,0.4431925,0.30854174,0.11272325,0.2855959,0.25831428,0.31519684,0.27531958,0.20563732,0.13911054,0.016762484,0.1422791,0.2486767,0.44006652,0.46465257,0.20982023,-0.023112047,0.3321821,0.27339068,0.36592016
0.52071255,0.46315622,0.57935685,0.60808074,-0.0062389635,-0.39687085,0.63201255,0.708643,-0.30434847,-0.29819527,0.6605596,0.7521264,0.76857835,1.0,0.11732973,-0.019700684,0.6241046,0.5297237,0.45491037,0.4080295,-0.1150936,0.28824738,0.656382,0.73333937,-0.48926735,-0.3742266,-0.37553063,-0.12427463,0.7239339,0.70360464,0.5158658,0.64862335,0.28129265,0.26118666,0.29412696,0.06428632,0.17017749,0.20138979,0.08720117,0.04190214,-0.26167038,-0.020153567,0.4386525,0.40528387,0.39751294,0.2549127,0.5137436,0.46727523,0.4168062,0.03567806,0.16074054,0.095014155,0.12476038,0.11282158,0.29071727,0.4021009,0.37757692,0.4631205,0.064690165,0.056483578,0.37313387,0.16603768,0.34736112,0.49647003,0.09394866,0.33707,0.3667451,0.43367052,0.432555,0.46473938,0.32453543,0.2856034,0.26001427,0.1953157,0.0035116791,0.2929219,0.24595396,0.17052154,0.2097966,0.05465645,0.56102246,0.7566128,-0.3049645,-0.08608891,0.4607797,0.6896817,-0.49518532,-0.30232954,-0.067522235,0.28116962,0.29273468,0.36615923,0.25673863,0.022319844,0.3923215,0.39183354,0.45687255,0.48877203,0.3248824,0.24431103,0.105813645,0.023898335,0.24105074,0.29138508,0.24170803,0.18801649,0.04132796,0.25125253,0.37156805,0.52722967,0.4723976,0.34367156,0.17841387,0.2409209,0.1781565,0.40641567
-0.1334792,-0.19419457,-0.13331455,-0.13228494,0.13820487,0.26179576,-0.052121636,-0.07112078,0.5409221,0.40364,0.03536563,-0.10971313,0.15110564,0.11732973,1.0,0.833298,0.055444703,0.13302276,0.09808916,0.091195635,0.7003631,0.39729184,-0.08436674,0.032425858,0.23115627,0.38569802,0.06666949,0.30470994,0.21237071,0.20665991,0.30169445,0.34365037,0.023646357,-0.08748482,-0.020789564,-0.18090871,0.2746906,0.20126604,0.5865475,0.61855114,0.6233796,0.7133169,0.13885507,-0.25448853,-0.0030764171,-0.0030246538,0.10421776,-0.004990853,0.20274453,0.114901945,0.055962946,-0.20268817,0.15353109,-0.11863516,0.41239935,0.49932954,-0.16557448,-0.19931777,0.08970573,-0.0706101,0.15229098,-0.10572263,-0.0612906,-0.1640285,0.13918081,-0.07701366,0.034210887,-0.082886204,0.2575978,0.03172315,0.17108336,-0.011043578,0.3848817,0.4652609,0.4515397,0.3688926,0.066987485,-0.19055271,-0.0873079,-0.06197242,0.29229838,0.21137075,0.6179286,0.7599416,0.35070792,0.31910807,0.09363664,0.37052894,0.5849862,0.24537446,0.21663614,0.0017340285,0.18298176,0.088763215,0.36844748,0.46056712,0.39007732,0.42723218,0.27246258,0.26316062,0.058324516,0.023557203,0.07519446,0.08197931,0.16200899,0.0035082214,0.29903847,0.19134127,0.45844585,0.3423645,0.20804012,0.15942289,0.14755909,0.32941416,0.27336675,0.39412206
-0.33509192,-0.32714298,-0.32862204,-0.31202847,0.13832842,0.42499667,-0.31129423,-0.26930904,0.72163796,0.5874004,-0.25157335,-0.33542514,-0.1250217,-0.019700684,0.833298,1.0,-0.09323198,-0.013673479,-0.046454236,-0.06686378,0.62959975,0.24622977,-0.3330518,-0.091031216,0.5103348,0.616564,0.117404796,0.40185288,-0.047555033,0.0155983,0.08869614,0.19206357,-0.1261799,-0.19052647,-0.094137006,-0.15853637,0.23215006,0.19530849,0.56033635,0.6269257,0.6707963,0.7317538,-0.0052670497,-0.36560804,-0.17159301,-0.12697639,-0.014138673,-0.0864826,0.016023614,0.09151861,0.035853703,-0.2774336,0.1252008,-0.17271468,0.2821704,0.43378004,-0.34472838,-0.33939362,0.07889416,-0.1861708,0.096353844,-0.14193147,-0.16084464,-0.2781946,-0.049278807,-0.17725751,-0.04760146,-0.22494067,0.16996813,-0.071731225,-0.062879205,-0.0779496,0.29441428,0.4277308,0.38854176,0.2668774,-0.011162354,-0.17146206,-0.084280804,-0.076558836,-3.933883e-05,0.022212015,0.6529434,0.82837075,0.118422315,0.18076624,0.2191523,0.4618428,0.50363326,0.2198905,0.1590699,0.013246601,0.04774431,0.08253867,0.21707125,0.37602422,0.25742313,0.28084636,0.14451857,0.2642584,-0.052423216,-0.074710995,-0.022390494,0.06510544,0.047281574,-0.04034703,0.28529397,0.17861734,0.40114316,0.22104037,0.057070713,0.06952554,0.17231758,0.18570809,0.13268079,0.20850842
0.4911385,0.34737366,0.49430993,0.5180548,1.48989e-05,-0.31122282,0.5922107,0.59674054,-0.26893634,-0.27872106,0.7035447,0.71042323,0.6016953,0.6241046,0.055444703,-0.09323198,1.0,0.8438186,0.3786253,0.32278806,-0.093607,0.1761727,0.57086897,0.58770037,-0.36454618,-0.25528955,-0.26016843,-0.21041729,0.75670666,0.7185709,0.51007336,0.57108366,0.5217537,0.5415706,0.64926636,0.56443584,0.16224848,0.21948038,0.07404585,0.06933675,-0.1853298,-0.08916922,0.59789765,0.481272,0.51625407,0.20686424,0.6873587,0.6674981,0.24449217,0.1641554,0.13073574,-0.019671394,0.0939752,0.13826355,0.3716274,0.37594453,0.56172156,0.3927606,0.11042617,0.03507693,0.1519598,-0.050520223,0.5039959,0.38199377,-0.06090814,0.16664927,0.57426244,0.61049867,0.46846095,0.35136023,0.4177289,0.38251552,0.2552143,0.32464707,0.009311935,0.23650819,0.45964158,0.41084906,0.46234506,0.4475318,0.61364204,0.76731706,-0.25368774,-0.10613299,0.30910355,0.48830476,-0.30433604,-0.22003679,-0.09624135,0.2731962,0.43792933,0.37835303,0.38744852,0.20621689,0.47969538,0.47668886,0.5419456,0.47213784,0.44789776,0.40290803,0.18399826,0.074492544,0.36382386,0.33831564,0.25195804,0.18294393,0.19792654,0.3152636,0.41900283,0.5773962,0.59223366,0.54286927,0.4624805,0.41740978,0.3173056,0.34858313
0.32373834,0.13352308,0.27584723,0.2850709,-0.10248002,-0.175994,0.41746297,0.40220255,-0.09719185,-0.14325224,0.6454452,0.579955,0.5327882,0.5297237,0.13302276,-0.013673479,0.8438186,1.0,0.20864938,0.13862693,0.029811718,0.12805179,0.44633102,0.41618845,-0.21958365,-0.12454858,-0.15084685,-0.11433457,0.6287266,0.6108986,0.5322727,0.56260484,0.44307384,0.42914134,0.5884908,0.53267235,0.1120299,0.15769418,0.13486548,0.12372538,-0.06737108,-0.007346073,0.4970794,0.30281153,0.38222253,0.09496421,0.5766515,0.53888005,0.2714312,0.15834188,0.036940537,-0.15027158,0.070643,0.07365611,0.29389971,0.30188987,0.40986642,0.18939386,0.2067413,0.018612012,0.035721604,-0.1648802,0.34549162,0.1536788,-0.074087106,-0.0060455897,0.4352996,0.4412611,0.36733145,0.14468305,0.4247514,0.3140212,0.27981594,0.3591245,0.06210893,0.18214624,0.5586135,0.40829957,0.45538184,0.5732217,0.6136654,0.6646178,-0.08877381,0.008039211,0.29965025,0.36780658,-0.13945141,-0.085503384,-0.005043903,0.24902633,0.36493587,0.26471466,0.38647965,0.24443594,0.45635274,0.47942907,0.49158454,0.41985902,0.36417,0.3529362,0.2031866,0.10462697,0.31263575,0.27427617,0.16054368,0.03202424,0.155235,0.21405983,0.3938514,0.54044193,0.5537974,0.48041886,0.4164765,0.43470567,0.34233332,0.31810355
0.7810635,0.73500603,0.77320915,0.74804556,0.21266297,-0.26514468,0.7131727,0.70956445,-0.33436388,-0.19409657,0.49538183,0.5461311,0.41570106,0.45491037,0.09808916,-0.046454236,0.3786253,0.20864938,1.0,0.91926444,-0.23095605,0.16104023,0.60452634,0.68009585,-0.46032035,-0.22013037,-0.2094653,-0.1507515,0.431192,0.35266772,0.29448345,0.41466218,0.7226332,0.63538575,0.46408516,0.09639606,-0.15658765,-0.21507469,-0.14318214,-0.17506044,-0.24549791,-0.0131409755,0.5981695,0.56601393,0.65008664,0.46523604,0.48113623,0.37779322,0.468456,0.22387974,0.24004233,0.30056262,0.13158506,0.2590479,0.27414706,0.24954595,0.6037952,0.68409514,-0.2900872,0.15312788,0.3801388,0.20324,0.5574438,0.7117753,0.22604014,0.5117744,0.6235198,0.6264098,0.7544016,0.78634554,0.037073296,-0.07486538,-0.1816327,-0.1202318,-0.27644128,-0.105804026,-0.16230747,-0.25947228,-0.24873655,-0.36577016,0.44494706,0.5338231,-0.23642243,0.0038688192,0.40576854,0.62395084,-0.3668144,-0.12647605,0.051135834,0.36114344,0.36895233,0.3309575,0.505601,0.30027962,0.36956456,0.3923511,0.37722534,0.35772476,0.34868988,0.21823157,0.291631,0.15000187,0.45780075,0.5296873,0.58400184,0.5345074,0.37290868,0.45357257,0.3425519,0.26443762,0.36838934,0.37490124,0.29106835,0.35679203,0.30762866,0.47884986
0.7606435,0.73778325,0.75430626,0.7343026,0.24137048,-0.26383334,0.69910043,0.70494777,-0.36469087,-0.20374894,0.46256083,0.53557354,0.3971486,0.4080295,0.091195635,-0.06686378,0.32278806,0.13862693,0.91926444,1.0,-0.22757299,0.14888623,0.56585,0.6323404,-0.49072802,-0.26072222,-0.16358227,-0.121987276,0.40439954,0.29376,0.26472467,0.37824953,0.6826982,0.5992542,0.4006846,0.034813542,-0.20378466,-0.26503146,-0.14726344,-0.18198411,-0.25025755,-0.021527853,0.5636341,0.51465195,0.63699377,0.46605617,0.40244448,0.29761267,0.4644075,0.21038015,0.20652854,0.28778884,0.1308139,0.21823463,0.27355906,0.22900969,0.57252187,0.6718075,-0.30804905,0.1900648,0.39001474,0.24384362,0.51115525,0.7113697,0.2635849,0.51415634,0.5691017,0.6059588,0.70317656,0.7700894,0.01254493,-0.109634236,-0.19209927,-0.15885772,-0.2688159,-0.10309446,-0.21319701,-0.33715454,-0.30726153,-0.4279668,0.4353814,0.5067133,-0.23554711,-0.013929219,0.3692891,0.5766733,-0.3527801,-0.11267512,0.06292858,0.36726776,0.2996336,0.25292498,0.47018278,0.29780093,0.3373381,0.35830024,0.34035954,0.33231205,0.3122225,0.1424815,0.29501176,0.17377219,0.4388844,0.49427503,0.5943496,0.52166116,0.4033813,0.42547372,0.31824905,0.21320887,0.32481748,0.3036117,0.21052781,0.33672416,0.29507342,0.46950004
-0.4066742,-0.5099791,-0.32959747,-0.31009382,0.029028628,0.39963624,-0.2174705,-0.28659055,0.52720183,0.4591238,-0.06809102,-0.2859579,0.036873437,-0.1150936,0.7003631,0.62959975,-0.093607,0.029811718,-0.23095605,-0.22757299,1.0,0.49321383,-0.20292298,-0.26463154,0.35428968,0.3506607,0.22877386,0.39046848,0.086605646,0.07110996,0.36470684,0.22427212,-0.1860557,-0.27872097,-0.1498615,-0.16203876,0.45207942,0.32916865,0.5980902,0.5811269,0.7056949,0.7263728,-0.2082608,-0.4710891,-0.26111427,-0.28164172,-0.1623545,-0.26276764,0.003168225,-0.09863338,-0.074667275,-0.26819566,0.07902875,-0.29930857,0.26992282,0.26255342,-0.40161878,-0.5269662,0.08410888,-0.07313787,-0.09433459,-0.22299947,-0.35773334,-0.5229022,-0.02587321,-0.37120923,-0.24559586,-0.36880141,-0.09499475,-0.32033405,0.39674166,0.23342107,0.5295877,0.5758356,0.58123076,0.31001282,0.28363946,0.08360272,0.034962095,0.197378,0.16169293,-0.038921814,0.7002362,0.625627,0.22347252,-0.06659339,0.39700764,0.4614602,0.625064,0.16587508,-0.10865025,-0.32022333,0.017922716,0.05618075,0.07015243,0.10302969,0.12659511,0.19220749,0.0074574244,0.032412034,0.02123006,0.18809158,-0.08242012,-0.12958905,-0.14176725,-0.22414444,0.11707445,-0.054443613,0.12730065,0.124277025,0.06690989,-0.12317059,-0.15335411,0.13054399,0.16283147,0.05320191
0.16887406,0.15966901,0.20127127,0.17670096,0.07497828,-0.23748699,0.28002658,0.24699523,-0.066281885,-0.18262872,0.2106758,0.17909424,0.28445363,0.28824738,0.39729184,0.24622977,0.1761727,0.12805179,0.16104023,0.14888623,0.49321383,1.0,0.19356199,0.18502815,-0.23882198,-0.1549603,-0.29487884,-0.10830163,0.5167847,0.51995075,0.38227493,0.3098922,0.029330177,-0.010865611,0.08971624,-0.10266712,0.5370051,0.5380243,0.46442387,0.45025858,0.30728686,0.46074006,0.23410499,0.114961684,0.1602716,0.081972666,0.32512155,0.21865922,0.3533923,0.027382495,0.2758039,0.19913308,0.22080357,-0.0080104815,0.41481566,0.45856476,0.07662835,0.13703513,0.061535772,-0.19260913,0.2970544,0.02571456,0.10797128,0.16535121,0.12757744,0.13498372,0.26012185,0.19086164,0.28335312,0.2567546,0.4263828,0.47497937,0.3653211,0.4085704,0.32202834,0.34537676,0.16592509,0.21282396,-0.061166856,0.0013164503,0.19321193,0.35298705,0.11062887,0.16049792,0.22899826,0.26794663,-0.22398451,-0.13611783,0.24496634,0.06780486,0.1297212,0.13562568,0.09813102,0.020555248,0.32030997,0.25119284,0.36914974,0.48277515,0.2578849,0.21105364,-0.01010918,0.015315681,0.019847576,0.026995413,0.09609259,0.036051653,0.06672343,0.1244235,0.24472205,0.4118108,0.31711364,0.21515593,0.09935618,0.27029604,0.22294411,0.3383516
0.7363151,0.5381261,0.827555,0.7884676,0.00987261,-0.35214722,0.8193113,0.7249995,-0.43502802,-0.32009354,0.8197244,0.788454,0.72899115,0.656382,-0.08436674,-0.3330518,0.57086897,0.44633102,0.60452634,0.56585,-0.20292298,0.19356199,1.0,0.7530262,-0.5542808,-0.4199201,-0.17552534,-0.15711519,0.6411521,0.5093351,0.5668811,0.5353955,0.60313106,0.56112677,0.5003168,0.24786909,-0.001400847,-0.02416457,-0.16991584,-0.20786588,-0.42052937,-0.19006233,0.45462513,0.5439145,0.4752726,0.27733934,0.47679535,0.40710288,0.39748293,0.03701752,0.08411538,0.17673962,0.065623805,0.18100369,0.1745429,0.13661909,0.5691455,0.511129,-0.09688408,0.2345341,0.17698793,0.1834751,0.41340098,0.51539665,0.08455308,0.36060032,0.42498744,0.50431573,0.39264578,0.45426825,0.47556522,0.30671558,0.037655585,0.04526154,-0.0698208,0.11642918,0.21762255,0.124545254,0.07453736,0.0068035517,0.59174347,0.59957767,-0.33155522,-0.23408331,0.55137295,0.5408964,-0.35036656,-0.24839018,0.044153728,0.28703547,0.2550875,0.2331559,0.43790254,0.18328911,0.29707885,0.20470263,0.3091734,0.3124886,0.27803558,0.08308749,0.3227808,0.22524147,0.41744137,0.45018858,0.3673041,0.3312376,0.06976384,0.24095087,0.10887536,0.31623504,0.4425932,0.2826298,0.1241883,0.26176825,0.21170649,0.32737374
0.6686882,0.6401826,0.7562679,0.7909366,0.13061747,-0.37453264,0.6856702,0.73069525,-0.33330116,-0.26444665,0.61005044,0.70573926,0.5589216,0.73333937,0.032425858,-0.091031216,0.58770037,0.41618845,0.68009585,0.6323404,-0.26463154,0.18502815,0.7530262,1.0,-0.45606738,-0.22542931,-0.33505526,-0.17089531,0.58108,0.5271993,0.38634327,0.58689094,0.55935663,0.5710486,0.46125585,0.19885297,-0.07059719,-0.06793737,-0.13683449,-0.1603112,-0.33859435,-0.12937845,0.6043238,0.56339514,0.4807162,0.3362488,0.60099995,0.53640807,0.34801373,0.067608416,0.1328774,0.22511561,0.15426679,0.31740615,0.20353359,0.29084852,0.51892793,0.6358397,-0.10531836,0.09090509,0.37160236,0.28209347,0.50607777,0.67125267,0.046687335,0.4741592,0.52926636,0.5826041,0.59102756,0.62719333,0.14068353,0.140968,-0.0841023,-0.010861262,-0.23583966,0.048937846,0.075498156,-0.0020348665,-0.023620399,-0.17357695,0.42234665,0.6608571,-0.39182314,-0.11975582,0.4014552,0.7341975,-0.5108891,-0.2771121,-0.110482275,0.37137493,0.40059552,0.48175603,0.39897573,0.17001128,0.44151565,0.4228842,0.47167954,0.4018264,0.3582584,0.29773986,0.15582065,0.018856246,0.34013757,0.416358,0.4093657,0.33295697,0.15664297,0.32460925,0.35771796,0.44853607,0.48783293,0.42931616,0.34568745,0.24122731,0.18288577,0.42236233
-0.6978756,-0.7091381,-0.5940303,-0.58436203,0.11352928,0.81474406,-0.6392898,-0.64924514,0.82584316,0.82323503,-0.57318336,-0.66814005,-0.5423993,-0.48926735,0.23115627,0.5103348,-0.36454618,-0.21958365,-0.46032035,-0.49072802,0.35428968,-0.23882198,-0.5542808,-0.45606738,1.0,0.87025535,0.53309065,0.5623812,-0.57310313,-0.51710343,-0.14457206,-0.14689559,-0.30005053,-0.28418124,-0.20527673,0.0356646,0.05226893,0.02510922,0.26618984,0.3612457,0.48640293,0.38591328,-0.443358,-0.5494511,-0.56504214,-0.50780976,-0.38768998,-0.3540595,-0.38632327,-0.099368684,-0.30518597,-0.401579,-0.08092763,-0.2581945,-0.12462433,-0.078838274,-0.6072486,-0.7263408,-0.0024148955,-0.12183204,-0.3378393,-0.24534598,-0.464946,-0.66513807,-0.38392735,-0.5582259,-0.36410585,-0.5640613,-0.309727,-0.519667,-0.17070428,-0.03390063,0.15136935,0.27154207,0.32255313,-0.01807926,0.046362236,0.027815579,0.0835901,0.18038584,-0.39136118,-0.49378437,0.6538637,0.58323914,-0.28461748,-0.41944617,0.7064015,0.66573894,0.33772162,0.123135656,-0.1342175,-0.279815,-0.1272271,0.1748116,-0.23144518,-0.10145684,-0.22353989,-0.24020468,-0.19961995,0.025801966,-0.05561266,0.06751717,-0.090298705,-0.0026127924,-0.18220094,-0.132518,0.057509102,-0.036261372,-0.082792096,-0.25959256,-0.25608405,-0.19334324,-0.023540312,-0.07933052,-0.03490521,-0.30817154
-0.5179993,-0.5304131,-0.4329118,-0.41756105,0.20838486,0.77924335,-0.4966538,-0.49432,0.8264382,0.8358162,-0.4750857,-0.5550703,-0.4705893,-0.3742266,0.38569802,0.616564,-0.25528955,-0.12454858,-0.22013037,-0.26072222,0.3506607,-0.1549603,-0.4199201,-0.22542931,0.87025535,1.0,0.4747286,0.55593157,-0.45616645,-0.42610526,-0.079754554,0.009435684,-0.09533961,-0.09919786,-0.0691358,0.05219465,-0.0049229013,-0.055814933,0.277355,0.37874344,0.48348957,0.44151667,-0.21168238,-0.43123734,-0.4038891,-0.36447766,-0.20463476,-0.21572366,-0.24916862,-0.045935143,-0.26810443,-0.36022905,-0.0076882904,-0.16476771,0.0013992124,0.07083823,-0.47657365,-0.5486309,-0.00088629394,-0.11060795,-0.18128304,-0.20426051,-0.3163096,-0.4773039,-0.322595,-0.38558462,-0.17997503,-0.38844022,-0.045955036,-0.31014735,-0.1997506,-0.0896898,0.078375705,0.25888658,0.25000063,-0.052050218,0.021153668,-0.079637654,-0.03892812,0.06096285,-0.2897842,-0.33241984,0.653746,0.6841527,-0.19116454,-0.20406196,0.6009402,0.69335514,0.38363266,0.28790784,0.056090645,-0.122226015,0.09304581,0.3211021,-0.02574371,0.111581855,-0.031482305,-0.07576615,-0.03000305,0.18631215,0.06631217,0.11114205,0.064369865,0.1711404,0.017715106,-0.00076063606,0.21700884,0.10619457,0.08567076,-0.115946,-0.10324159,-0.013936683,0.14988083,0.089083046,0.101258904,-0.09887956
-0.3736121,-0.5300876,-0.23338877,-0.2180477,0.23784006,0.7585506,-0.23210813,-0.2784322,0.4268855,0.64370656,-0.18890025,-0.29623303,-0.2334475,-0.37553063,0.06666949,0.117404796,-0.26016843,-0.15084685,-0.2094653,-0.16358227,0.22877386,-0.29487884,-0.17552534,-0.33505526,0.53309065,0.4747286,1.0,0.6858852,-0.37780362,-0.526351,0.14824508,0.029427752,0.0049905144,-0.018355573,0.001803118,0.15468498,-0.09258501,-0.21671519,0.05589156,0.14038184,0.17852996,0.1286536,-0.4187355,-0.48749793,-0.25099996,-0.39458907,-0.41054353,-0.44163197,-0.21110317,-0.24755049,-0.36277598,-0.27869353,-0.13405257,-0.36870375,-0.022832861,-0.20383075,-0.41713455,-0.5824578,-0.09559353,0.2679371,-0.42930427,-0.11624322,-0.49816215,-0.521991,-0.2919452,-0.44909364,-0.3166266,-0.4006612,-0.30641744,-0.46123156,0.15214355,0.07638219,0.15872091,0.19530699,0.32120863,-0.052505534,0.15014997,-0.029361412,-0.08262227,0.10403323,-0.004726833,-0.27751938,0.5676919,0.35147807,-0.092572674,-0.40074587,0.77097976,0.69614637,0.45404512,0.35163063,-0.30569527,-0.5761427,0.10341817,0.31939238,-0.2570025,-0.20562008,-0.26854202,-0.23416881,-0.16314353,-0.27657127,0.32414955,0.5008036,0.22803153,0.17578684,0.10484005,0.019190649,0.20741482,-0.08257767,-0.25471786,-0.38105837,-0.10296643,-0.2519231,-0.25763997,0.0631844,0.1299483,-0.20987573
-0.4381726,-0.5327652,-0.2081694,-0.15505022,0.31734353,0.7560941,-0.2274026,-0.16257621,0.5608429,0.7278516,-0.1785186,-0.2268742,-0.07007315,-0.12427463,0.30470994,0.40185288,-0.21041729,-0.11433457,-0.1507515,-0.121987276,0.39046848,-0.10830163,-0.15711519,-0.17089531,0.5623812,0.55593157,0.6858852,1.0,-0.22929469,-0.38154098,0.23498234,0.2633382,-0.11920942,-0.16783437,-0.14823136,-0.06505744,0.009107461,-0.10320924,0.26991034,0.37489894,0.24972856,0.378138,-0.37952805,-0.5943467,-0.3445171,-0.36720106,-0.3535956,-0.39963675,-0.055752676,-0.11010685,-0.45917627,-0.41037726,-0.05751389,-0.43325144,0.13149087,0.08330468,-0.5976266,-0.61637324,0.008432407,0.2245952,-0.38210812,-0.1564873,-0.59409964,-0.50072885,-0.35387176,-0.43681464,-0.37628853,-0.46855414,-0.2147254,-0.36543214,0.15098618,0.1116593,0.35674444,0.28968126,0.35667405,0.036247693,0.18874939,-0.08209286,0.014916755,0.027592283,0.05290636,-0.14706495,0.61447966,0.5383833,-0.089099936,-0.22043207,0.6399482,0.75873095,0.4976288,0.5672012,-0.2741449,-0.56233805,0.06600969,0.26884967,-0.13913181,-0.04909601,-0.11320892,-0.02997632,-0.016158156,-0.1245672,0.20644046,0.51280624,0.1975674,0.25998282,0.20544387,0.08456772,0.2812693,0.057012353,0.00025875913,-0.2544315,0.017045915,-0.19892298,-0.27621332,0.18013582,0.23728672,-0.028908486
0.5502134,0.4417379,0.5839949,0.5778332,0.02163483,-0.46363038,0.7154168,0.6953217,-0.3783306,-0.41541016,0.74746084,0.7340803,0.7649143,0.7239339,0.21237071,-0.047555033,0.75670666,0.6287266,0.431192,0.40439954,0.086605646,0.5167847,0.6411521,0.58108,-0.57310313,-0.45616645,-0.37780362,-0.22929469,1.0,0.87049234,0.6115112,0.5944944,0.41326207,0.3853232,0.45632514,0.22858605,0.38648626,0.41784537,0.2674478,0.23381762,-0.10768742,0.0833086,0.57235295,0.4415615,0.50034666,0.2967034,0.6607706,0.58312196,0.4258296,0.14614967,0.22339399,0.13064998,0.17471926,0.11822961,0.533424,0.55216223,0.50003594,0.44696864,0.17659153,0.008537273,0.32737842,0.034187537,0.41516772,0.44429702,0.15440695,0.30066904,0.51630664,0.5616458,0.4761739,0.45518595,0.5623429,0.45046481,0.4455117,0.42866883,0.21671088,0.45873776,0.41667402,0.35173628,0.27640107,0.2179224,0.68129784,0.8200492,-0.20894872,-0.07018082,0.51073587,0.5971399,-0.44330707,-0.30417734,0.092087135,0.25011995,0.33334026,0.28307134,0.31762075,0.041458897,0.5635693,0.4799885,0.61507696,0.65062255,0.46207777,0.30730653,0.15376638,0.11202143,0.27676636,0.24941938,0.25962847,0.16505344,0.11245325,0.25168288,0.44470647,0.6797124,0.63270944,0.4679088,0.28049928,0.44101316,0.33251294,0.4780307
0.4877734,0.4339845,0.47649938,0.45192155,-0.08474195,-0.5378891,0.58409816,0.56756365,-0.3123561,-0.46426082,0.6258952,0.62857884,0.6493696,0.70360464,0.20665991,0.0155983,0.7185709,0.6108986,0.35266772,0.29376,0.07110996,0.51995075,0.5093351,0.5271993,-0.51710343,-0.42610526,-0.526351,-0.38154098,0.87049234,1.0,0.47375068,0.4626088,0.29964224,0.29223493,0.39489573,0.17683294,0.42545727,0.51251453,0.27678072,0.23312643,-0.009678468,0.13956,0.56215954,0.48430672,0.4394974,0.34605557,0.6820207,0.63808084,0.37234062,0.17319006,0.3445347,0.2061093,0.22102472,0.1426361,0.43965295,0.52406335,0.52589947,0.4723866,0.1877912,-0.16404651,0.4161427,0.022932466,0.50744087,0.43444982,0.15698656,0.29639438,0.5276079,0.5270754,0.47254655,0.44340155,0.4159029,0.35388577,0.36989817,0.42344633,0.15257074,0.4613713,0.37937906,0.39229545,0.30226973,0.25111726,0.5498413,0.7475014,-0.2609655,-0.07713578,0.50459725,0.60761553,-0.5214345,-0.43367684,-0.009239419,0.048192404,0.3864075,0.4443381,0.19838239,-0.073272526,0.58121604,0.5029831,0.6130254,0.6346472,0.4001633,0.3804017,-0.013838412,-0.10286699,0.123956144,0.097797036,0.07180423,0.049638063,-0.030752514,0.18544851,0.48477593,0.7356849,0.56436783,0.4753495,0.38199037,0.31876385,0.20458141,0.38334474
0.25779948,0.015928509,0.42091662,0.43543437,0.1145565,0.11660576,0.55836725,0.49171728,-0.037653722,0.107979886,0.62899053,0.5077198,0.6316815,0.5158658,0.30169445,0.08869614,0.51007336,0.5322727,0.29448345,0.26472467,0.36470684,0.38227493,0.5668811,0.38634327,-0.14457206,-0.079754554,0.14824508,0.23498234,0.6115112,0.47375068,1.0,0.8157958,0.3876732,0.31142744,0.3810628,0.22295736,0.2588085,0.19298136,0.2661458,0.25283775,0.08424438,0.28413156,0.29618323,0.14147888,0.20632815,-0.048221577,0.36711863,0.26306096,0.26379234,-0.020363413,-0.1080899,-0.119001664,0.10028949,-0.15806903,0.41083816,0.30492696,0.12823708,-0.012264762,0.13905814,0.16358817,0.054544866,-0.080051914,0.030532802,0.019662973,-0.030238707,0.016761994,0.25760585,0.17058408,0.2853332,0.1272979,0.7204064,0.5238115,0.49845934,0.53061765,0.3897064,0.28542355,0.54581106,0.2993364,0.1581682,0.24565454,0.6758885,0.5634814,0.21511425,0.19495562,0.45065403,0.28146616,0.10422375,0.18601972,0.38877913,0.47229365,0.15922797,-0.041744217,0.45039362,0.32221293,0.29014513,0.32512054,0.3881961,0.44875997,0.31665513,0.14388114,0.39491,0.49294633,0.44979927,0.38423213,0.29880133,0.15763022,0.25766382,0.26560396,0.2786071,0.3615354,0.5986181,0.30391732,0.10511071,0.46970665,0.47981426,0.3715397
