1.0,0.79334384,0.6318148,0.6152104,-0.17704669,0.3567816,0.5270372,0.5034696,0.014573855,0.1421848,0.6246443,0.48220742,0.6063391,0.33447197,0.28405333,-0.019140443,0.389147,0.49053243,0.7558657,0.7791117,0.17645724,0.26478538,0.5323295,0.31292173,0.23175123,0.24759448,0.24540575,-0.16639498,0.42402273,0.31485727,0.29208902,0.40438744,0.4158629,0.3607014,0.58990043,0.6629199,0.4883068,0.58850205,0.43512893,0.5541686,0.21270281,0.336026,0.567642,0.6377235,0.25952172,0.12538481,0.5935607,0.51263857,0.4114769,0.390376,0.3037991,0.26530436,0.2829269,0.07925694,0.38699186,0.2855544,0.8237164,0.6852814,0.24796894,-0.05589516,0.55376357,0.16605711,0.61030096,0.26896647,0.36889508,0.13331859,0.701962,0.65386724,0.7387334,0.6084339,0.45598206,0.36089957,0.45134404,0.3876211,0.27732402,0.46137553,0.55573934,0.5498727,0.2986796,0.3961416,0.6082671,0.21434292,-0.039466437,-0.02873244,0.37230876,0.4136008,0.37742907,0.197563,0.0856035,-0.024952415,0.421248,-0.032770675,-0.15455356,-0.27987644,0.583736,0.557306,0.56110924,0.59887785,0.22366509,0.17541015,0.28095594,-0.018257927,0.27111024,0.24042384,0.12621756,0.04736905,-0.1673574,-0.09772761,0.33237466,0.39411053,0.40238905,-0.23219319,-0.324478,-0.026546733,0.16507506,0.09957678
0.79334384,1.0,0.51465136,0.59304553,-0.26278526,0.16154483,0.51413417,0.61229444,-0.14451616,0.024785776,0.57072604,0.6242842,0.50611264,0.50006187,-0.004847947,-0.07893057,0.2084482,0.27166513,0.647189,0.68891054,-0.060770042,0.06055516,0.39796224,0.26601818,0.096882574,0.08927145,0.18338361,-0.1576671,0.22177993,0.28649977,0.16619506,0.2520704,0.37026876,0.31278732,0.48276553,0.47592163,0.2624129,0.38867763,0.14121203,0.29694882,-0.049843837,0.3512359,0.39775288,0.46912986,0.3411745,0.2505536,0.4015327,0.3062357,0.35038877,0.33766946,0.19854677,0.19550022,0.17824872,0.18046781,0.17765252,0.18927667,0.710603,0.73939687,0.31441957,0.10506463,0.47118962,0.36849862,0.40043443,0.28527352,0.35462818,0.26452354,0.6154338,0.48201376,0.6736909,0.5083527,0.3491271,0.34200057,0.395148,0.37103742,0.32295898,0.4622587,0.50918365,0.5192044,0.22209933,0.23627375,0.3667084,0.13214551,-0.011584062,0.05395893,0.23175688,0.4193647,0.2448286,0.15943806,0.0050032,-0.071031705,0.28017744,-0.050724953,-0.13262632,-0.26839843,0.37103102,0.31482497,0.3683448,0.36861047,0.05935424,0.10339566,0.13708062,-0.060486846,0.0654278,0.12947477,-0.09971978,-0.15638392,-0.23561525,-0.19946861,0.25944492,0.33915156,0.19824253,-0.07894072,-0.39238533,-0.018182155,0.11656262,-0.0037373959
0.6318148,0.51465136,1.0,0.8304576,0.111802764,0.17974475,0.75162107,0.6631207,0.38466558,0.33264086,0.59424734,0.475006,0.5833139,0.46240026,0.42616487,0.19075012,0.49576163,0.5018041,0.7263154,0.69645506,0.18102455,0.20475282,0.6898373,0.6301429,0.108367905,0.12988809,0.1856309,0.16014312,0.5527982,0.44716543,0.49618915,0.46959072,0.5834774,0.603471,0.46458218,0.47110337,0.32221484,0.43254384,0.3433701,0.43269143,0.20513417,0.088568345,0.258405,0.37254298,0.24809161,0.19508098,0.32169685,0.31910646,0.3819673,0.1760855,0.27962238,0.053771228,0.02461311,-0.08882387,0.4621928,0.3478947,0.49209797,0.39948857,-0.055951536,-0.32146615,0.37488016,-0.06803257,0.3495539,0.2164488,0.19362293,-0.09100015,0.40764403,0.4929216,0.38559026,0.34757072,0.5108548,0.5017458,0.32984194,0.44594246,-0.047868665,0.22702788,0.26044357,0.31415188,0.41310126,0.45375854,0.59278876,0.40377375,-0.054106675,0.18601532,0.2802654,0.24209039,0.14065863,0.03858245,0.21906258,0.16392131,0.22170365,-0.0371474,0.10066881,-0.09636429,0.44912398,0.48097205,0.41211045,0.4437403,0.2774855,0.25088707,0.0842415,0.11042398,0.37814695,0.36382186,0.19756274,0.19859064,0.12783709,0.17256695,0.090656824,0.17185657,0.21807224,-0.0904696,-0.17864078,0.11513979,0.23316288,0.13386774
0.6152104,0.59304553,0.8304576,1.0,0.03728144,0.11553464,0.7893417,0.7507777,0.20837735,0.2444766,0.62735146,0.59417033,0.5665124,0.5289667,0.21163952,0.06450238,0.42239788,0.427702,0.7727877,0.7498046,0.050269384,0.1446844,0.6201333,0.5742377,0.01634674,0.08084998,0.22113998,0.19795053,0.43320096,0.42888856,0.32716477,0.3643538,0.5475003,0.5492589,0.4629117,0.42257223,0.24792342,0.3623552,0.22811227,0.31612176,0.061696704,0.25407395,0.14591825,0.23016167,0.25731453,0.2259762,0.19844668,0.16426073,0.24662392,0.12242739,0.17177407,0.018503683,0.03700605,-0.08296736,0.28813007,0.17392614,0.48136678,0.41041297,-0.036242824,-0.27283508,0.31578693,-0.040330395,0.27891985,0.19412471,0.15316644,-0.09803629,0.37139884,0.38134417,0.43078518,0.34984928,0.46508276,0.52607,0.3330685,0.48156556,0.049849804,0.30811718,0.27392808,0.31754702,0.37359464,0.38356665,0.45796573,0.3430926,0.033153057,0.17505452,0.20202191,0.28621802,0.08556797,0.029739726,0.07231248,0.13302377,0.20138323,-0.02800815,0.12345031,-0.26422742,0.34910256,0.34528747,0.3047957,0.2833627,0.118468,0.03805109,0.10336303,0.001286525,0.3674905,0.36213213,0.10885673,0.00734845,-0.018858157,-0.03192448,0.035720643,0.18111925,0.08835355,-0.11719972,-0.14377406,0.11550714,0.08907183,-0.039952423
-0.17704669,-0.26278526,0.111802764,0.03728144,1.0,-0.043613877,0.15645362,0.019591218,0.4923042,0.092542075,-0.15746957,-0.09290796,-0.3053697,-0.1584966,0.13373274,0.056956008,-0.090958685,-0.0043812753,-0.026933502,-0.08554748,0.14802323,-0.00862985,0.10514534,0.11304263,0.22135276,0.20558874,-0.07421463,0.5136357,0.110692956,-0.18796964,0.21255176,0.027296195,0.2109415,0.2626279,-0.1977582,-0.21158478,-0.2339174,-0.28277358,0.12573968,-0.08888191,0.016259957,-0.14662291,-0.40289214,-0.29673645,0.115928724,-0.035474766,-0.3994141,-0.33090243,-0.16538104,-0.1392089,-0.17691034,-0.11906792,-0.17617428,-0.19963165,0.07555794,-0.10314584,-0.27565297,-0.2536196,-0.39723313,-0.12961754,-0.17026702,-0.27644065,-0.30846712,-0.13346972,-0.34056985,-0.20662305,-0.40793842,-0.19544178,-0.32670063,-0.21452282,-0.022171112,-0.122999,-0.24751152,-0.05839463,-0.47919133,-0.43072122,-0.41534588,-0.39373887,-0.0028055098,-0.13449605,-0.03773115,0.008006126,0.07636456,0.060466453,0.025056545,-0.26975188,-0.047912177,0.09931494,0.0854494,0.30259308,-0.34560534,-0.37297794,0.10782594,0.14097753,-0.122870736,-0.11813878,-0.21464,-0.19754888,-0.17956267,-0.18334587,-0.21661021,0.09855542,-0.11654954,-0.0041780747,0.044358946,0.07260627,0.29858616,0.32442817,-0.32097366,-0.27289972,-0.13523078,0.15567712,0.12229497,0.07834484,0.10577022,0.018451938
0.3567816,0.16154483,0.17974475,0.11553464,-0.043613877,1.0,0.067377,0.06293084,0.18461268,0.3063745,0.31244218,-0.11112864,0.40774214,-0.0545235,0.4990152,0.16151682,0.40696275,0.32074723,0.18675168,0.1356758,0.44366243,0.45510638,0.32008272,0.082637645,0.47123522,0.5008303,0.15225644,-0.06586551,0.41978538,0.2302552,0.3043506,0.4388492,0.095646106,0.006337215,0.2839835,0.29661638,0.4927203,0.460381,0.49134383,0.55901694,0.40684563,0.2327645,0.42854404,0.36946708,0.019114845,-0.08977919,0.4473917,0.40022078,0.004777378,0.018949721,0.118283644,0.0061043617,0.23433445,0.029936207,0.48463795,0.36566406,0.400464,0.20780551,-0.016394151,-0.17224996,0.23051403,0.00043220542,0.3757654,0.0026221017,0.026787844,-0.007388501,0.4020122,0.30234075,0.2752761,0.25388783,0.43133444,0.28719938,0.41024217,0.36095303,0.20310698,0.35233647,0.32913807,0.24920817,0.11724342,0.34670368,0.45928988,0.14805447,-0.059309706,0.032261923,0.31028673,0.19316223,0.42159495,0.22678518,0.15537457,0.20276405,0.26181343,0.034454096,-0.15076627,-0.15104404,0.45779666,0.45075613,0.49339035,0.48183784,0.27211174,0.12032632,0.22783625,0.04654441,0.048236437,-0.10246122,0.094343126,-0.045937996,0.14859153,-0.009119489,0.14375004,0.33375174,0.3405249,-0.17590287,-0.06741642,-0.20636949,-0.154345,-0.090663545
0.5270372,0.51413417,0.75162107,0.7893417,0.15645362,0.067377,1.0,0.80205727,0.19714482,0.1070216,0.49772143,0.6201486,0.42763287,0.50704515,0.12002803,-0.015925376,0.23737216,0.4116944,0.5939998,0.6122848,-0.07081382,-0.056350037,0.4674585,0.56511277,0.033342037,0.09148418,0.055790026,0.19662046,0.33494905,0.3029805,0.2619374,0.30679145,0.58965796,0.6235777,0.41446587,0.33589658,0.046219043,0.18717487,0.13561006,0.15584822,-0.10915342,0.04460813,0.0621189,0.13293031,0.45598158,0.29607004,0.11219249,0.08503687,0.33236548,0.08818536,0.098018624,0.024807345,0.064236395,-0.09720624,0.19171631,0.07674436,0.3882764,0.4121784,-0.036464512,-0.14242142,0.28930318,0.005032505,0.18615767,0.25660843,0.0847856,-0.11017482,0.30660117,0.31689173,0.3481055,0.33374646,0.43841413,0.49248135,0.19378811,0.46304598,-0.107802525,0.17195061,0.21140485,0.27916288,0.34854898,0.35136312,0.37935326,0.31403917,-0.020573769,0.10785193,0.0612664,0.20201269,0.09565155,0.1373525,0.09702253,0.13172515,0.054663423,-0.049095742,0.11947711,-0.27564025,0.23769072,0.22837809,0.19143274,0.22880468,0.022451006,0.05981097,-0.025878334,0.025203105,0.2863933,0.28807917,0.09316366,-0.033034503,-0.0902631,-0.046667144,-0.04339195,0.0122330515,0.06941606,0.024607552,-0.18385911,0.16932023,0.13425703,-0.03457084
0.5034696,0.61229444,0.6631207,0.7507777,0.019591218,0.06293084,0.80205727,1.0,0.08564146,0.121537,0.6545292,0.7236413,0.5608442,0.61451024,0.00625949,-0.12602314,0.3164084,0.17782708,0.6113614,0.5835813,-0.20543414,-0.09382482,0.49163067,0.40364102,-0.066582225,0.025179671,0.23437473,0.19603975,0.21760882,0.35405013,0.15464896,0.26978996,0.43384734,0.4386839,0.30726093,0.24427669,-0.013633234,0.123531014,-0.107598804,0.06129511,-0.2938315,0.25788736,0.033131503,0.10137821,0.4492632,0.31202435,0.07745414,-0.027476138,0.21270218,0.05127678,0.18499278,-0.0034333335,-0.009061962,-0.055676173,0.105453916,0.03911503,0.4719589,0.35475206,0.035418052,-0.15284623,0.37406087,0.031133011,0.24198952,-0.0070043975,0.174741,-0.061285872,0.26631558,0.23179942,0.3009104,0.345653,0.3605274,0.4567928,0.2565754,0.4310727,0.08142445,0.2720716,0.28958634,0.3186651,0.3388597,0.23899114,0.39151642,0.025466008,0.09617907,0.12726095,0.18535921,0.15084293,-0.045594946,0.027054397,0.11360663,-0.047540486,0.102546535,-0.08582802,0.22064579,-0.24384688,0.07545281,0.10431683,0.12300504,0.110074185,-0.012632842,-0.05196409,-0.0212016,0.054064736,0.28302866,0.25966778,-0.027529228,-0.23002358,-0.015403093,-0.17211111,-0.054521848,0.1461738,-0.001877634,0.15988962,-0.2538259,0.0141998315,0.089627035,-0.22179183
0.014573855,-0.14451616,0.38466558,0.20837735,0.4923042,0.18461268,0.19714482,0.08564146,1.0,0.6378938,0.015155612,-0.01718755,0.14233482,0.19613282,0.65028465,0.65642273,0.25907028,0.32130116,0.058864202,0.015265072,0.3505805,0.18179347,0.32065427,0.48709506,-0.05237845,-0.06938277,0.044784725,0.17246653,0.51821744,0.3715973,0.51566356,0.39067444,0.21437854,0.27355683,0.064785935,0.07379434,0.23255037,0.16491444,0.29776004,0.26742893,0.34972227,-0.23077583,-0.101962395,-0.024986383,-0.080714494,0.04575192,-0.111875735,-0.039004274,-0.11851244,0.091750994,-0.14642479,-0.112507045,-0.17567475,-0.24219327,0.3341833,0.31535253,-0.21462391,-0.0780015,-0.5119556,-0.44866067,-0.18924065,-0.25455093,-0.20502765,0.079386234,-0.37200916,-0.15803549,-0.23316948,-0.020960776,-0.26416978,-0.20393854,0.4757662,0.3804493,0.2052522,0.2864759,-0.09080946,-0.11943551,-0.081089705,-0.104027115,0.31530166,0.23003554,0.18266326,0.3609812,-0.22371612,0.4239627,-0.0070407637,-0.32171863,0.14658321,0.030327179,0.3432782,0.51833177,0.025488412,0.059657257,0.0045062634,0.37898323,0.27830338,0.23930462,0.15043955,0.13761571,0.13865034,0.22430864,0.0762714,0.33568168,0.09575417,0.16320395,0.28542954,0.41909772,0.52412194,0.607357,0.08946376,0.07117272,0.1488296,0.013156946,0.11689494,-0.04402337,0.22173725,0.36114594
0.1421848,0.024785776,0.33264086,0.2444766,0.092542075,0.3063745,0.1070216,0.121537,0.6378938,1.0,0.2610327,0.1168414,0.43333885,0.48493183,0.5990151,0.7734956,0.45577568,0.36879945,0.10693212,0.02779734,0.23671666,0.19528274,0.5249765,0.5902986,-0.16860576,-0.062381294,0.20184705,0.09878977,0.4017401,0.7734073,0.4697952,0.57922465,0.09636526,0.08024626,0.12809952,0.18957965,0.39476916,0.3845194,0.22332694,0.38200313,0.3178518,-0.011791993,0.10537663,0.1585699,-0.1980245,-0.061630893,0.16303593,0.17111878,-0.0703686,0.11156659,-0.05174982,-0.13170668,-0.2235653,-0.10996309,0.39849597,0.5218397,0.03946409,0.068924844,-0.39808926,-0.39465618,-0.18925993,-0.09983692,-0.07259487,0.05636178,-0.24748226,-0.068304144,-0.03139433,0.008437362,-0.039960288,-0.14421026,0.47189218,0.47968468,0.33996117,0.4660427,0.20307627,0.16491494,0.15536699,0.10600042,0.3153504,0.48348203,0.2550589,0.4634339,-0.18436922,0.6054333,0.0676397,-0.12720339,0.13703185,-0.26650244,0.33031648,0.3914385,0.14351687,0.17334531,-0.06115808,0.32468098,0.34453145,0.33987144,0.30418837,0.29975486,0.23520574,0.29237902,0.24074689,0.28687087,0.26423606,0.22047734,0.28339952,0.30906004,0.45770854,0.39655203,0.20982833,0.35006195,0.23311704,-0.09210879,-0.09172608,-0.21327174,0.18722734,0.27969766
0.6246443,0.57072604,0.59424734,0.62735146,-0.15746957,0.31244218,0.49772143,0.6545292,0.015155612,0.2610327,1.0,0.512941,0.83368325,0.49593225,0.27839172,-0.033531677,0.7137545,0.26662824,0.69623,0.591086,-0.062625065,0.10076329,0.59230286,0.32882628,0.08305725,0.27340728,0.24063177,0.07800215,0.42693454,0.5187828,0.22675498,0.42285657,0.4346874,0.3573252,0.44643044,0.50217146,0.3199032,0.4169025,0.08905244,0.30722165,-0.028945407,0.34498516,0.39627248,0.4279109,0.19638301,0.23564196,0.4457483,0.3471993,0.354504,0.16574495,0.2820952,0.055242863,0.08377813,0.027377754,0.3163667,0.24157043,0.68600106,0.31802604,0.15270028,-0.23786509,0.5572716,-0.11499934,0.5873128,-0.078072995,0.34003434,-0.08813867,0.5105368,0.44265488,0.39610565,0.38154706,0.40004593,0.43177968,0.3988993,0.41154745,0.29673508,0.50949126,0.48831838,0.50034916,0.3171478,0.3947196,0.6422792,0.05245947,0.17015702,0.026452046,0.43552053,0.33616325,0.065006,-0.15725462,0.11377446,-0.14328958,0.22396025,-0.04301388,0.14534828,-0.23214231,0.2547329,0.32016665,0.37971956,0.34397364,0.30852678,0.10565447,0.19940063,0.10418372,0.38910797,0.38266978,0.11331084,-0.073944256,0.081564695,-0.1533252,0.04584477,0.3354119,0.2728405,0.0046743536,-0.21913257,-0.052718867,0.08340959,-0.20801872
0.48220742,0.6242842,0.475006,0.59417033,-0.09290796,-0.11112864,0.6201486,0.7236413,-0.01718755,0.1168414,0.512941,1.0,0.41003537,0.7581889,-0.19999488,-0.067895606,0.12472638,0.31884456,0.4461297,0.509018,-0.15631534,-0.05255788,0.3639289,0.414592,-0.14321084,-0.09862763,0.15370409,0.0526539,0.12252457,0.36922196,0.2006683,0.29190043,0.47291043,0.45386967,0.45612925,0.39637554,0.06424089,0.20374815,-0.06584236,0.058877144,-0.22196326,0.347196,0.06502213,0.1644051,0.3319,0.22315766,0.07683836,0.04950546,0.16402148,0.16760707,-0.027384304,0.06943976,-0.012192711,-0.0847942,-0.00038520218,0.042183883,0.44149688,0.53311956,-0.0056573385,0.03811785,0.2802418,0.22760649,0.1496535,0.23839645,0.13850519,0.14895146,0.35032004,0.27321437,0.4672376,0.40717447,0.37711686,0.49101362,0.37967974,0.46389124,0.19521357,0.40124968,0.36313194,0.4245125,0.28084335,0.29080883,0.23693231,0.20538388,0.16537373,0.17612669,0.08210992,0.20816472,0.17574303,0.09982238,0.049280103,-0.07523532,0.0982563,-0.06154403,-0.0094035,-0.14354803,0.10316658,0.10651162,0.15713218,0.14317364,-0.089867376,-0.03241428,-0.058668237,-0.0033399106,0.11672275,0.13223575,-0.1473377,-0.202405,-0.19531107,-0.17919327,0.008093421,0.2492198,0.13085696,0.05638726,-0.29678312,-0.030845791,0.11677449,-0.06295295
0.6063391,0.50611264,0.5833139,0.5665124,-0.3053697,0.40774214,0.42763287,0.5608442,0.14233482,0.43333885,0.83368325,0.41003537,1.0,0.533835,0.46839392,0.1848962,0.7335489,0.33744162,0.5688407,0.47714722,0.026894093,0.17775117,0.60541236,0.39632627,-0.012170349,0.14265056,0.25402176,-0.05238014,0.55751437,0.6511349,0.28390563,0.5398253,0.30275512,0.24084242,0.46672958,0.53904295,0.4860354,0.568132,0.19308491,0.4727027,0.12218263,0.3010116,0.49609885,0.47859013,0.1460241,0.2235173,0.5048495,0.4171714,0.2818729,0.23080307,0.28082648,0.036842596,0.10324001,0.0038692898,0.4106315,0.40116733,0.6324533,0.30953705,0.09108078,-0.29216293,0.4593428,-0.109762065,0.56900287,-0.066679604,0.2552327,-0.1186498,0.49477154,0.4424842,0.35732687,0.37764043,0.56268704,0.55891263,0.5501026,0.5190464,0.45045808,0.5804152,0.5999608,0.56668836,0.4266939,0.46171212,0.658718,0.13312988,0.07621746,0.1553091,0.40982592,0.23800829,0.1490104,-0.122695014,0.29562846,-0.038580384,0.32785064,0.1448668,0.112816714,-0.14092416,0.38485727,0.44739163,0.50911486,0.46401507,0.38143012,0.22182755,0.30227166,0.17216434,0.4096719,0.3527277,0.14670654,0.011482769,0.15405527,-0.08002752,0.22516823,0.44534278,0.364992,-0.032912783,-0.2442814,-0.13567519,0.112488106,-0.06450781
0.33447197,0.50006187,0.46240026,0.5289667,-0.1584966,-0.0545235,0.50704515,0.61451024,0.19613282,0.48493183,0.49593225,0.7581889,0.533835,1.0,0.035885606,0.34157208,0.26110733,0.32910097,0.31434742,0.32203132,-0.18241583,-0.09932374,0.45663422,0.6285294,-0.30853355,-0.18647055,0.10237788,0.03504577,0.23223275,0.67744166,0.2992651,0.4356328,0.39000505,0.37320748,0.36754555,0.33913264,0.1464485,0.24764207,-0.08944773,0.09297182,-0.13366051,0.19510713,0.03757041,0.11776661,0.16395603,0.25105646,0.06863515,0.04658939,0.09358498,0.19773823,-0.14276657,-0.056666166,-0.16117315,-0.07077517,0.067055315,0.2389716,0.25840527,0.4442542,-0.14057264,-0.089996256,0.068996884,0.14181127,-0.007667391,0.22601314,-0.042994205,0.10057099,0.2025595,0.095432006,0.27389967,0.16485603,0.5217232,0.6664911,0.42440465,0.600134,0.2916946,0.4135479,0.37037295,0.40101683,0.35172784,0.40763286,0.18501301,0.37213373,0.029436877,0.46567944,-0.020330809,0.08584314,0.097664155,-0.12765847,0.21370308,0.10985133,0.004281683,0.14176677,-0.054081388,0.043083023,0.13734548,0.1411311,0.16373198,0.14868444,-0.002671052,0.16111282,-0.004984883,0.11277737,0.14017554,0.22112471,-0.051987257,-0.07952427,0.010850812,0.005751837,0.10021049,0.2972114,0.14207317,0.033096053,-0.28765854,-0.07996335,0.15979518,0.0626303
0.28405333,-0.004847947,0.42616487,0.21163952,0.13373274,0.4990152,0.12002803,0.00625949,0.65028465,0.5990151,0.27839172,-0.19999488,0.46839392,0.035885606,1.0,0.62115884,0.59534246,0.42375824,0.21229437,0.13468719,0.4692148,0.36753902,0.42205396,0.37938052,0.089121394,0.15277046,0.06297772,-0.06870732,0.724866,0.4691655,0.4539893,0.45978123,0.18692593,0.18401608,0.25515342,0.33816764,0.5648286,0.5301931,0.53663033,0.6089636,0.5914114,-0.15553947,0.40295288,0.4032858,-0.13290617,0.0015095335,0.39835992,0.40666735,0.17332108,0.24700639,0.17867853,-0.0068813236,0.026280036,-0.025663976,0.606722,0.585395,0.13952687,0.043430187,-0.2242257,-0.44635484,0.10452306,-0.22104473,0.28921783,0.09118518,-0.016032793,-0.14323461,0.17245501,0.3197569,-0.012832447,0.016037496,0.56327486,0.39499202,0.37003306,0.36741337,0.11774455,0.15214978,0.25572997,0.2135825,0.4104692,0.43850568,0.49806803,0.36851317,-0.26554465,0.2188269,0.24040256,-0.030936545,0.28733692,0.023861853,0.39535105,0.44025916,0.21163838,0.19158284,-0.06577556,0.29267228,0.54704916,0.53087425,0.50143886,0.5001408,0.49845946,0.487894,0.39747787,0.2833872,0.2748558,0.25809866,0.4681319,0.5086307,0.5215733,0.5244795,0.3273376,0.19788061,0.40383863,-0.16426793,-0.020220475,-0.08247442,0.21669914,0.36411428
-0.019140443,-0.07893057,0.19075012,0.06450238,0.056956008,0.16151682,-0.015925376,-0.12602314,0.65642273,0.7734956,-0.033531677,-0.067895606,0.1848962,0.34157208,0.62115884,1.0,0.2567065,0.3831644,-0.10801475,-0.11125335,0.3416297,0.21894014,0.23929933,0.5294236,-0.20979376,-0.19399323,0.041847724,-0.05317308,0.43268126,0.6456223,0.44544503,0.38869143,0.10628345,0.10793684,0.135289,0.1672306,0.39632052,0.34324932,0.2704315,0.3292648,0.46806917,-0.26922604,0.12298115,0.1615761,-0.30133379,-0.038982075,0.12582529,0.1930043,-0.023102846,0.18918723,-0.15441357,-0.13166209,-0.26181474,-0.0060031903,0.34680617,0.5590641,-0.21853286,0.08644165,-0.39696896,-0.2851981,-0.29310706,0.0666986,-0.21311675,0.33277258,-0.2421946,0.09609323,-0.06041834,0.012060881,-0.1436992,-0.2664405,0.4924225,0.4649822,0.30221546,0.39808932,0.14628753,0.053856935,0.12107798,0.08940706,0.29492298,0.43935686,0.046519727,0.608271,-0.33406216,0.55618006,-0.1493591,-0.16348444,0.19051577,-0.13305579,0.3129372,0.53213453,0.073823534,0.2988522,-0.25882894,0.4916461,0.3733849,0.28108934,0.28335467,0.25689796,0.27449024,0.48954427,0.28260168,0.23176849,0.058924068,0.13312906,0.30935243,0.48174098,0.48077148,0.60176957,0.29193726,0.21698064,0.2815623,-0.112431824,-0.01642002,-0.13145325,0.22326414,0.5075339
0.389147,0.2084482,0.49576163,0.42239788,-0.090958685,0.40696275,0.23737216,0.3164084,0.25907028,0.45577568,0.7137545,0.12472638,0.7335489,0.26110733,0.59534246,0.2567065,1.0,0.28864455,0.44586605,0.30627412,0.114701286,0.17870769,0.49899897,0.27805176,0.036727257,0.22393917,0.14437512,0.05278283,0.5517455,0.5817585,0.29880786,0.4309741,0.33745494,0.23467958,0.38285956,0.4260317,0.39851964,0.47296935,0.18066983,0.3979147,0.19785045,0.13172841,0.47172382,0.42064863,-0.011440973,0.1295119,0.4607751,0.4111789,0.28380075,0.1364768,0.31813586,-0.09421761,-0.04271864,-0.04029074,0.4250203,0.4323566,0.43362844,0.022112794,0.0061238683,-0.43069705,0.39517692,-0.33235732,0.5599475,-0.12668237,0.24691617,-0.20739055,0.37069485,0.38057506,0.13910769,0.1683016,0.39543235,0.38098237,0.31632844,0.3808431,0.21811062,0.3711691,0.390499,0.38698274,0.37382373,0.50748974,0.63356805,0.18335207,0.02112555,0.14474766,0.4192428,0.21374688,0.099573724,-0.15741582,0.25183553,0.063332684,0.26985848,0.03858083,0.18307209,0.0062687807,0.28351504,0.37730944,0.42788336,0.35446027,0.5257764,0.26344112,0.29077524,0.20548065,0.44700363,0.4054687,0.33482757,0.21171953,0.35711914,0.16168304,0.12598024,0.24877155,0.3035045,-0.050326124,-0.0865623,-0.12059563,0.10853935,-0.04488317
0.49053243,0.27166513,0.5018041,0.427702,-0.0043812753,0.32074723,0.4116944,0.17782708,0.32130116,0.36879945,0.26662824,0.31884456,0.33744162,0.32910097,0.42375824,0.3831644,0.28864455,1.0,0.38142622,0.45389947,0.45756507,0.4520753,0.45197538,0.5521077,0.21555333,0.14244449,0.067520104,-0.1107879,0.5370508,0.4254912,0.52576613,0.5335039,0.48769578,0.5120651,0.67244554,0.7004976,0.6075683,0.644185,0.67773205,0.622845,0.51387423,0.10131256,0.3693456,0.46899348,0.052122656,-0.030350406,0.40071464,0.47598776,0.32363948,0.2874401,0.033742305,0.17098348,0.19338946,-0.14739302,0.45795533,0.391416,0.33291346,0.54752254,-0.13150656,-0.060672678,0.19095297,0.09426911,0.30681255,0.61228245,0.004275331,0.21247001,0.5221234,0.5613533,0.5104742,0.40381962,0.6550113,0.5662134,0.53065836,0.5176237,0.16231939,0.40610498,0.3869421,0.4155593,0.31038508,0.6814995,0.42757547,0.69809777,-0.1089947,0.1910744,0.08646679,0.24087465,0.5116431,0.27219477,0.13454694,0.32979038,0.29489765,0.1292045,-0.418805,-0.05053011,0.66634035,0.59633416,0.5547734,0.5969736,0.18009281,0.27098158,0.18203071,-0.021124808,0.25332975,0.12163339,0.16520666,0.22440149,-0.11178231,0.2143122,0.25000674,0.27805296,0.44484368,-0.39900634,-0.07451048,0.07431099,0.07215038,0.31707937
0.7558657,0.647189,0.7263154,0.7727877,-0.026933502,0.18675168,0.5939998,0.6113614,0.058864202,0.10693212,0.69623,0.4461297,0.5688407,0.31434742,0.21229437,-0.10801475,0.44586605,0.38142622,1.0,0.89522135,0.1312873,0.26036865,0.6279421,0.36119908,0.17269333,0.2826873,0.28006226,0.13227387,0.3729467,0.27895176,0.30452782,0.34119657,0.46788073,0.43975237,0.43390673,0.49998975,0.34033346,0.39595655,0.307123,0.3872143,0.1443517,0.32982767,0.28382325,0.4243893,0.18821795,0.1632134,0.35232696,0.29163793,0.31811604,0.2176186,0.32369292,0.18691002,0.18743803,0.018311674,0.34674352,0.11647801,0.6756348,0.44265497,0.13923416,-0.2534235,0.5027674,-0.071043536,0.503261,0.112803794,0.3148686,-0.080872096,0.49355274,0.5168267,0.5839312,0.43964696,0.30160046,0.27634996,0.26328033,0.23995389,0.029154155,0.29599336,0.26734254,0.29206365,0.17342433,0.30949962,0.61072093,0.14670087,0.11157391,0.010671072,0.3767415,0.39247185,0.06631719,-0.051805645,0.0005321157,-0.12361203,0.2913054,-0.15778632,0.069128394,-0.32051075,0.38511622,0.39541274,0.32395738,0.3372971,0.16951853,-0.001854391,0.14477871,-0.041986804,0.37580606,0.38018507,0.102778405,-0.013772827,-0.11615618,-0.13630216,-0.012086503,0.22686441,0.16756564,-0.17146611,-0.15320775,0.1432991,0.12324541,-0.065141976
0.7791117,0.68891054,0.69645506,0.7498046,-0.08554748,0.1356758,0.6122848,0.5835813,0.015265072,0.02779734,0.591086,0.509018,0.47714722,0.32203132,0.13468719,-0.11125335,0.30627412,0.45389947,0.89522135,1.0,0.1752749,0.28904948,0.52835673,0.34621614,0.19208772,0.20336083,0.27209082,0.042214513,0.33939412,0.23458609,0.29173106,0.28197962,0.49471995,0.47385225,0.48413494,0.54948246,0.3406674,0.40153885,0.33020657,0.38376147,0.16519766,0.29369745,0.2991524,0.46777782,0.21733037,0.1775482,0.3647576,0.32953173,0.3650395,0.2717344,0.30614907,0.21919104,0.25144196,0.03477101,0.33154437,0.11958012,0.6524201,0.55182034,0.14774707,-0.1543372,0.5084816,0.07266518,0.4880809,0.27071857,0.36279857,0.06693543,0.5514881,0.5938845,0.6805736,0.5073606,0.31339046,0.28345424,0.31681725,0.23265435,0.0409518,0.30512705,0.27624646,0.31396547,0.15058522,0.33914632,0.5476419,0.21851982,0.07924258,0.010904048,0.31153876,0.37740207,0.15683177,0.062682614,-0.00687203,-0.11578357,0.31951562,-0.09884517,-0.04154322,-0.29329085,0.4168794,0.40566918,0.3508783,0.38358372,0.13401702,0.037578233,0.1305354,-0.093989976,0.27026013,0.31295198,0.042446874,-0.0039665056,-0.20600305,-0.115957946,0.051214118,0.23732069,0.23515484,-0.18095273,-0.15298393,0.14783406,0.13983649,0.034310214
0.17645724,-0.060770042,0.18102455,0.050269384,0.14802323,0.44366243,-0.07081382,-0.20543414,0.3505805,0.23671666,-0.062625065,-0.15631534,0.026894093,-0.18241583,0.4692148,0.3416297,0.114701286,0.45756507,0.1312873,0.1752749,1.0,0.86378425,0.23310193,0.07422045,0.39810187,0.3221645,0.35042766,0.08922151,0.4234274,0.0737104,0.48890793,0.29368755,0.14359942,0.09871502,0.16600601,0.26911908,0.58869565,0.4471925,0.696873,0.58345544,0.8227425,0.2408425,0.2095292,0.31805155,-0.3292104,-0.3370918,0.21055412,0.3036991,-0.11484237,0.10552588,0.007223602,0.023200432,-0.001403561,0.0005149155,0.59238166,0.3147299,0.10931707,0.19969779,-0.2278926,-0.1981466,0.0076282667,0.10553564,0.08321158,0.27014336,-0.049260814,0.115115434,0.17828713,0.2987916,0.24714544,0.12819621,0.35912907,0.17794536,0.36571684,0.139238,-0.08609911,0.06904406,0.006768026,-0.053263966,0.033656955,0.23759507,0.27850428,0.33116227,0.046356488,0.017089033,0.19656077,0.03583107,0.33756682,0.17133151,0.100056134,0.313959,0.11639901,-0.07777969,-0.34399092,0.14532663,0.47727165,0.40006423,0.40057936,0.38586208,0.22538549,0.10845828,0.19798248,-0.032518458,-0.10941493,-0.14514859,0.045786284,0.15993932,0.19361767,0.27246204,-0.017662643,0.21608071,0.33351693,-0.2313202,0.17629458,0.020982457,-0.030976184,0.21080838
0.26478538,0.06055516,0.20475282,0.1446844,-0.00862985,0.45510638,-0.056350037,-0.09382482,0.18179347,0.19528274,0.10076329,-0.05255788,0.17775117,-0.09932374,0.36753902,0.21894014,0.17870769,0.4520753,0.26036865,0.28904948,0.86378425,1.0,0.27674282,0.019244088,0.39084318,0.3218929,0.52436143,0.1375304,0.36038435,0.11583923,0.41397354,0.29682916,0.09717774,0.032292943,0.20062068,0.319225,0.6419126,0.5129622,0.6519388,0.6091974,0.7588633,0.43886775,0.2630633,0.35293382,-0.33880806,-0.34817886,0.26236323,0.30806208,-0.11692559,0.08898075,0.07223803,0.07275228,0.038616717,0.06638324,0.571814,0.27148148,0.26449072,0.25806364,-0.1099573,-0.17644738,0.11847372,0.12558833,0.21690087,0.19702764,0.071140535,0.15435787,0.29937747,0.36155036,0.37333518,0.27263895,0.3378615,0.2087665,0.47028702,0.15404022,0.0701962,0.23310827,0.1167044,0.04210765,0.015325346,0.25398308,0.32035238,0.2469799,0.18694513,-0.033948753,0.26663908,0.13097396,0.2612489,0.103659086,0.02198858,0.18167374,0.2054443,-0.017853066,-0.33512118,-0.0010281772,0.46157986,0.4188489,0.43750522,0.3746429,0.23147006,0.014256115,0.25131267,-0.08241862,-0.04159627,-0.0996277,-0.039443117,-0.0013488379,0.09785498,0.09015597,-0.023344725,0.3215195,0.31616968,-0.25279635,0.121570334,-0.020619534,-0.08087219,0.04624084
0.5323295,0.39796224,0.6898373,0.6201333,0.10514534,0.32008272,0.4674585,0.49163067,0.32065427,0.5249765,0.59230286,0.3639289,0.60541236,0.45663422,0.42205396,0.23929933,0.49899897,0.45197538,0.6279421,0.52835673,0.23310193,0.27674282,1.0,0.64257663,0.13638946,0.21386436,0.21515924,0.18159382,0.48302898,0.51270247,0.596209,0.6613618,0.4087158,0.41207036,0.38107562,0.42218778,0.44031066,0.48212618,0.38153723,0.52811736,0.258285,0.27085343,0.22734258,0.36122218,0.1442308,0.0172724,0.32547453,0.32556778,0.1609569,0.093463786,0.22921076,0.14086315,0.021382492,-0.08929532,0.49440747,0.39221033,0.5130508,0.3300255,-0.088326454,-0.35241267,0.2998852,-0.12076744,0.298876,0.06250941,0.08330042,-0.05113001,0.32168478,0.32770833,0.34147808,0.24980052,0.45567766,0.39671972,0.39765802,0.4797408,0.06261907,0.33817944,0.2662215,0.26777166,0.31758398,0.4157601,0.61939496,0.2882426,-0.025337053,0.29872897,0.35101223,0.24463317,0.15635173,-0.11861066,0.17280176,0.15295991,0.18150704,-0.13759463,0.012651521,-0.09717373,0.44019228,0.5037184,0.40743047,0.47697955,0.13624401,0.11161407,0.04331122,0.160767,0.4164156,0.35061425,0.21065754,0.07812309,0.14008021,0.08477628,0.05416205,0.33597657,0.22132461,-0.22168449,-0.16150928,-0.063135065,0.04956955,0.0017582277
0.31292173,0.26601818,0.6301429,0.5742377,0.11304263,0.082637645,0.56511277,0.40364102,0.48709506,0.5902986,0.32882628,0.414592,0.39632627,0.6285294,0.37938052,0.5294236,0.27805176,0.5521077,0.36119908,0.34621614,0.07422045,0.019244088,0.64257663,1.0,-0.13278098,-0.06540387,-0.11534502,0.0696046,0.47795844,0.6048579,0.5670448,0.5838406,0.5158649,0.5841327,0.41909766,0.3780589,0.2956282,0.36034796,0.27895626,0.2887893,0.18527077,-0.13664605,0.079555154,0.18095562,0.109493054,0.19439922,0.15175709,0.23342599,0.17145093,0.12598248,-0.07259546,0.035509825,-0.01568911,-0.21070261,0.28674155,0.35058188,0.120674305,0.33043537,-0.30947107,-0.293666,-0.04456783,-0.039080407,-0.058123264,0.39341757,-0.16147411,-0.012381186,0.15116744,0.17144056,0.16004165,0.008533996,0.58170843,0.59951025,0.33241305,0.5495222,0.009984683,0.2607025,0.16807349,0.23939277,0.35567072,0.46963674,0.29884753,0.62028706,-0.25877896,0.46530995,-0.06519554,0.0726954,0.19081327,-0.051495813,0.2261281,0.38617826,0.052104868,0.15229589,-0.03996461,0.08738686,0.34321493,0.33968297,0.23506175,0.31309023,0.040202007,0.2750227,-0.03010572,0.18970473,0.30834967,0.30426174,0.28445148,0.3146008,0.07700633,0.24006414,0.047792297,0.1106792,0.19018671,-0.24388668,-0.084188625,0.12178217,0.14495072,0.27976573
0.23175123,0.096882574,0.108367905,0.01634674,0.22135276,0.47123522,0.033342037,-0.066582225,-0.05237845,-0.16860576,0.08305725,-0.14321084,-0.012170349,-0.30853355,0.089121394,-0.20979376,0.036727257,0.21555333,0.17269333,0.19208772,0.39810187,0.39084318,0.13638946,-0.13278098,1.0,0.5985838,0.109670855,0.051532883,0.18385008,-0.23599932,0.17261079,0.09426144,0.22013436,0.16043144,0.18212302,0.1976914,0.29121125,0.22625665,0.48139518,0.3515342,0.34606308,0.21582037,0.18934184,0.23583435,0.047080323,-0.18551421,0.25274006,0.28794006,0.123460345,-0.12848958,0.1299311,0.10292663,0.30731735,0.10513183,0.3455255,0.10904026,0.2749799,0.20486313,0.11250897,0.088357575,0.30047393,0.106096596,0.2668107,0.11232401,0.19703318,0.13522954,0.34415635,0.32304013,0.2697457,0.20346989,0.060882494,-0.08712659,0.12036748,0.006716931,-0.06134647,0.13107626,0.0023594878,0.0145314615,-0.089897715,0.079093136,0.2991663,0.027227141,0.2036379,-0.19725928,0.26932245,0.2549308,0.25715452,0.30038315,-0.061796352,0.007905868,0.04468472,-0.22438699,-0.21541694,-0.26211518,0.31058154,0.25106955,0.28170872,0.3025999,0.05807818,-0.043558042,-0.0929891,-0.23845817,-0.23926115,-0.23028414,-0.24325694,-0.19338258,-0.13392742,-0.09441571,-0.11096758,0.10817413,0.19643572,-0.08505055,-0.04476725,0.08590515,-0.04571587,-0.11810169
0.24759448,0.08927145,0.12988809,0.08084998,0.20558874,0.5008303,0.09148418,0.025179671,-0.06938277,-0.062381294,0.27340728,-0.09862763,0.14265056,-0.18647055,0.15277046,-0.19399323,0.22393917,0.14244449,0.2826873,0.20336083,0.3221645,0.3218929,0.21386436,-0.06540387,0.5985838,1.0,0.07466827,0.23516226,0.21570864,-0.053854525,0.18399553,0.20541236,0.26714385,0.1684277,0.13217567,0.16396324,0.19830713,0.13647175,0.3305506,0.20998645,0.2491123,0.24764207,0.13964882,0.14740579,-0.00486604,-0.13923581,0.21324137,0.20193426,-0.012812418,-0.115298234,-0.03599831,-0.04896451,0.15145558,0.14493653,0.30715242,0.01911572,0.35071948,0.10228605,-0.033131126,-0.118557595,0.26278728,-0.1503041,0.28028473,-0.051075183,0.036032036,-0.15954566,0.2285388,0.14444827,0.26802406,0.12343788,0.12134749,0.027329708,0.032808743,0.08674563,-0.12020972,0.15026905,0.013311259,0.019167183,-0.074791215,0.17789102,0.34107348,-0.058190458,0.36257666,-0.17248406,0.25519925,0.25573117,0.15438046,0.08521012,-0.04906735,-0.0012719177,-0.10430865,-0.3750918,-0.05821301,-0.3477823,0.12096687,0.09330332,0.13018313,0.15516573,0.102649435,-0.14340778,-0.045077726,-0.16622154,-0.16584398,-0.14740957,-0.18943757,-0.26780024,-0.06189707,-0.23392022,-0.34103787,-0.03964228,0.13571353,-0.04542136,-0.0080173435,0.16476174,-0.04239813,-0.2797841
0.24540575,0.18338361,0.1856309,0.22113998,-0.07421463,0.15225644,0.055790026,0.23437473,0.044784725,0.20184705,0.24063177,0.15370409,0.25402176,0.10237788,0.06297772,0.041847724,0.14437512,0.067520104,0.28006226,0.27209082,0.35042766,0.52436143,0.21515924,-0.11534502,0.109670855,0.07466827,1.0,0.3591993,-0.024241293,0.20065118,-0.0038510675,0.020495052,-0.14836381,-0.2418523,-0.07837135,0.042871382,0.25701857,0.1992807,0.09089906,0.23474798,0.17970774,0.46164286,0.005024522,0.076940686,-0.27013516,-0.37122685,0.07763093,-0.00889313,-0.16341603,-0.079954594,0.16352876,0.03932974,-0.18442923,0.04893103,0.22010548,0.025668595,0.29108092,0.13972598,0.03301608,-0.13652831,0.08107113,0.07081654,0.1204979,-0.12865767,0.14035027,0.07821282,0.113345385,0.08492681,0.22955997,0.15093979,0.0489455,0.07863267,0.21449217,0.026140057,0.17472456,0.10858215,0.110369645,-0.006075591,0.003379227,0.10215362,0.16776131,-0.09342415,0.32758346,0.031061927,0.20583354,0.053581946,-0.19928518,-0.19829285,-0.10037371,-0.087276444,0.22056584,-0.014126844,-0.17297693,-0.12190707,0.1491085,0.114705876,0.18490902,0.05704837,0.04692885,-0.22476614,0.22524771,-0.07524274,0.06079382,0.029969508,-0.21189585,-0.2917726,0.075200826,-0.16314839,0.016596988,0.3721591,0.029386355,0.107792586,0.0053418917,-0.16602078,0.073520966,-0.2313859
-0.16639498,-0.1576671,0.16014312,0.19795053,0.5136357,-0.06586551,0.19662046,0.19603975,0.17246653,0.09878977,0.07800215,0.0526539,-0.05238014,0.03504577,-0.06870732,-0.05317308,0.05278283,-0.1107879,0.13227387,0.042214513,0.08922151,0.1375304,0.18159382,0.0696046,0.051532883,0.23516226,0.3591993,1.0,-0.096725866,0.021241628,0.07241702,-0.041902147,0.08432187,0.043660946,-0.3236217,-0.2993308,-0.23864904,-0.30068618,-0.09371375,-0.16805902,-0.10536835,0.109752536,-0.44808462,-0.36918715,-0.06498122,-0.18974666,-0.40121013,-0.38476393,-0.26254442,-0.32659748,-0.1091551,-0.19893876,-0.352523,-0.11074967,0.046501886,-0.19576098,-0.11481317,-0.25211164,-0.27162728,-0.2108315,-0.15780498,-0.28124866,-0.27320045,-0.2814218,-0.22032304,-0.26098007,-0.3249988,-0.26281956,-0.17225482,-0.1951886,-0.13977452,-0.10501482,-0.26488426,-0.12096049,-0.4080844,-0.3007891,-0.3880063,-0.41114748,-0.13173987,-0.07993424,-0.037581738,-0.028915793,0.4646265,0.14994599,0.0003521254,-0.045386247,-0.35484964,-0.34930453,-0.1258287,0.019197391,-0.3564407,-0.35874528,0.14248037,-0.09505401,-0.3022396,-0.25137198,-0.2760542,-0.34434846,-0.18540241,-0.38061452,-0.20432816,0.07607638,-0.019268459,0.12737302,-0.173396,-0.2782148,0.1739053,-0.047725756,-0.5583078,-0.20902379,-0.29870304,0.24018876,0.2117367,0.05482176,0.021811849,-0.37584254
0.42402273,0.22177993,0.5527982,0.43320096,0.110692956,0.41978538,0.33494905,0.21760882,0.51821744,0.4017401,0.42693454,0.12252457,0.55751437,0.23223275,0.724866,0.43268126,0.5517455,0.5370508,0.3729467,0.33939412,0.4234274,0.36038435,0.48302898,0.47795844,0.18385008,0.21570864,-0.024241293,-0.096725866,1.0,0.4470103,0.5393835,0.5258409,0.5573874,0.5431764,0.5724208,0.5952123,0.645252,0.634964,0.6147564,0.6451099,0.5571507,0.07462146,0.42811775,0.46725228,0.020042986,0.25202665,0.40529823,0.45731604,0.16191325,0.21926321,0.0435767,0.0011971206,0.06313543,-0.093438126,0.6469294,0.55407053,0.29463267,0.243718,-0.29733685,-0.3630423,0.31731692,-0.08609429,0.3793909,0.23585632,0.05580243,-0.083498135,0.3273944,0.48368374,0.1524629,0.21337283,0.75580394,0.6043835,0.62254494,0.54767984,0.26752758,0.43590954,0.43687072,0.42156962,0.6040684,0.43142718,0.61981755,0.38286915,-0.05588089,0.123038545,0.3741103,0.04949235,0.4571057,0.26401705,0.49273673,0.3998761,0.15626147,0.11820647,-0.09706766,0.094949394,0.5451821,0.5361793,0.59905815,0.5451968,0.43471637,0.38514552,0.27462173,0.10775714,0.12486432,0.18756472,0.2524214,0.32103103,0.3522775,0.38352337,0.25208724,0.29717958,0.5378565,-0.13085106,-0.07390332,0.0717875,0.1700636,0.31066805
0.31485727,0.28649977,0.44716543,0.42888856,-0.18796964,0.2302552,0.3029805,0.35405013,0.3715973,0.7734073,0.5187828,0.36922196,0.6511349,0.67744166,0.4691655,0.6456223,0.5817585,0.4254912,0.27895176,0.23458609,0.0737104,0.11583923,0.51270247,0.6048579,-0.23599932,-0.053854525,0.20065118,0.021241628,0.4470103,1.0,0.38098505,0.53067106,0.27812323,0.22402623,0.31852657,0.35468102,0.40128583,0.46697193,0.09965813,0.34060472,0.18699782,0.0413329,0.29368082,0.34776857,-0.08745066,0.088809274,0.36293918,0.35514823,0.14230564,0.17933999,0.08496658,-0.12771246,-0.17552254,-0.038826548,0.38992724,0.56376475,0.2526204,0.24323879,-0.21891621,-0.30490515,0.058304437,0.04205478,0.16634402,0.17657126,0.039861355,0.01538473,0.23313649,0.2206223,0.17667432,0.05584088,0.5428379,0.6157182,0.4261273,0.5792912,0.32323214,0.36514482,0.3712019,0.35261744,0.42661303,0.6769295,0.3863039,0.5065149,-0.062221155,0.5613838,0.16662148,0.094799355,0.18106858,-0.27357122,0.36288393,0.2183817,0.18353473,0.15848178,-0.017268913,0.1993909,0.3106316,0.32859224,0.4108298,0.37061474,0.37199962,0.38979766,0.26750267,0.1734122,0.27400625,0.26005268,0.20768751,0.20212378,0.3261473,0.24058284,0.21787313,0.4245941,0.37117,0.006748798,-0.22726421,-0.18866703,0.24662957,0.25873423
0.29208902,0.16619506,0.49618915,0.32716477,0.21255176,0.3043506,0.2619374,0.15464896,0.51566356,0.4697952,0.22675498,0.2006683,0.28390563,0.2992651,0.4539893,0.44544503,0.29880786,0.52576613,0.30452782,0.29173106,0.48890793,0.41397354,0.596209,0.5670448,0.17261079,0.18399553,-0.0038510675,0.07241702,0.5393835,0.38098505,1.0,0.7708638,0.42827645,0.46523264,0.37785637,0.4208805,0.4564617,0.41854218,0.48562765,0.47836676,0.48515034,0.037213597,0.26907682,0.39742753,0.0046353294,0.03036488,0.253505,0.37497205,0.05111829,0.11615837,0.05034167,0.045293655,0.007201065,-0.1038223,0.50958705,0.38946584,0.25428024,0.34848264,-0.30596352,-0.30742407,0.14446922,0.056550212,0.12579073,0.3314509,-0.018596917,0.04186368,0.21726519,0.3331829,0.24723339,0.17401022,0.5158832,0.40172553,0.42253006,0.35944718,-0.14441945,0.1409546,0.059833866,0.08249411,0.1456729,0.3847126,0.4228798,0.44994038,-0.11957154,0.25808004,0.20545036,0.03851694,0.31320056,0.08497222,0.2689789,0.2706466,0.113688424,-0.14778033,-0.07017175,0.20157325,0.40621203,0.369357,0.34643933,0.4003346,0.17929685,0.2391395,-0.015980093,0.18391483,0.04623463,0.043553736,0.19985543,0.28625548,0.19214062,0.2847444,-0.050337628,0.18462642,0.37424368,-0.14584811,-0.022836685,0.05957177,0.035777397,0.33074918
