1.0,0.831213,0.6963113,0.76843035,-0.0021646735,-0.13202623,0.79106253,0.74023163,-0.20914064,-0.262523,0.23196563,0.6561604,0.10336079,0.34919286,-0.21175165,-0.13042937,0.4554938,0.60880905,0.7718269,0.7764726,-0.06098117,-0.19230473,0.33249962,0.46927682,0.5701709,0.3480637,0.21156912,0.024754237,-0.035947397,-0.13691206,0.033864528,0.17774591,0.8040483,0.75032425,0.6128271,0.64901054,-0.15864997,-0.028002111,-0.07953022,-0.20785865,-0.31562033,0.008418766,0.554493,0.43280092,0.5015325,0.44913745,0.28226388,0.30578262,0.33230516,0.079362154,0.2847113,-0.11228739,-0.09066799,-0.095558144,-0.15807824,-0.12980081,0.90879035,0.8448994,0.4041136,0.351472,0.83412707,0.7266174,0.5306522,0.694083,0.44918296,0.4389295,0.6969807,0.78767467,0.717064,0.65116936,0.20954877,0.13262078,-0.056177538,-0.12662001,-0.25151432,-0.0050370786,0.3786331,0.37844783,0.26288003,0.35530505,0.13564913,0.3457433,-0.34849048,-0.12298496,0.018232726,0.13487998,0.24170706,0.10776303,-0.22115126,-0.018406285,0.17105001,0.10967764,-0.15040411,-0.07122336,-0.22598279,-0.20383708,0.008645118,0.11643506,-0.17782691,-0.06687553,0.09829675,0.05622331,-0.15554218,-0.05397813,0.054962028,-0.010914212,0.008092297,-0.09354747,-0.11128844,0.09322023,0.31113964,-0.2806011,-0.08808289,0.32211688,0.14292015,0.03737975
0.831213,1.0,0.67685455,0.7471734,-0.038420226,-0.14529565,0.6605563,0.6443874,-0.1423842,-0.19845344,0.03452237,0.5121352,-0.02785229,0.20868973,-0.10995039,-0.05014969,0.24669938,0.4466605,0.75452745,0.8173547,-0.08927095,-0.22663717,0.2715006,0.39652795,0.48335695,0.36288485,0.1490308,0.09554565,-0.14340402,-0.24748757,0.048329607,0.12657076,0.70821136,0.66453,0.51420766,0.58037084,-0.10737081,-0.061469253,-0.06675203,-0.15331504,-0.24554865,0.032870553,0.55337167,0.43231225,0.5639914,0.55257916,0.30136648,0.3267468,0.40111026,0.26932895,0.41996717,0.080797076,0.054337215,-0.09514097,-0.049039118,0.0070560025,0.8201954,0.8746142,0.51316214,0.4674773,0.7661116,0.7562037,0.33092138,0.5713297,0.37676433,0.44928482,0.698106,0.7551969,0.75503546,0.69688493,-0.019994484,-0.045263376,-0.20427614,-0.22493345,-0.35503146,-0.14192894,0.22651038,0.23726517,0.043955058,0.19179967,0.009468472,0.21954633,-0.22939885,-0.049655348,0.03262111,0.141231,0.22785157,0.10148848,-0.09292354,0.0886724,0.16601695,0.16192037,-0.12887488,0.02437892,-0.22076902,-0.24180749,0.074672624,0.20113733,-0.026138013,0.08424403,0.12879778,0.10725253,-0.10668089,-0.031945445,0.11270158,0.029904157,0.032263886,-0.025794337,-0.16455908,-0.0064049354,0.36488178,-0.19446392,-0.14435515,0.27769697,0.1667883,0.10104167
0.6963113,0.67685455,1.0,0.82041574,-0.05287658,-0.11043967,0.5871491,0.5082239,-0.00214245,-0.16398053,-0.033734705,0.33452842,-0.11979103,0.0846708,-0.0027254187,-0.027121866,0.1726918,0.35212559,0.796425,0.7542415,-0.114868924,-0.21549857,0.36773485,0.34910324,0.3862322,0.22163251,0.16355275,0.1346629,-0.10935398,-0.20729774,0.05097946,0.14227854,0.6378673,0.53261876,0.4080419,0.44736588,-0.07257345,0.0024983138,0.013281823,-0.054184053,-0.087478645,0.0674042,0.40995705,0.26024163,0.43657988,0.35002142,0.17147331,0.20110624,0.37910783,-0.0052380892,0.3394921,-0.011683205,-0.014631054,-0.052304633,-0.0025445628,0.07558434,0.6549312,0.64275753,0.4312548,0.35109,0.68163013,0.59985185,0.3005441,0.40059876,0.45237592,0.33855015,0.5996573,0.6452752,0.65405875,0.5814418,0.07697416,0.0077765095,-0.21636987,-0.21331827,-0.2690281,-0.13144867,0.15565471,0.16665334,0.0178985,0.085581504,0.0063806837,0.13435574,-0.079873085,-0.035688825,0.02988411,0.07660603,0.26170692,0.11175914,-0.035138555,0.13274126,0.12720804,0.1966342,0.0011634006,0.12746207,-0.041584276,-0.12788627,0.14989054,0.21357866,0.09186051,0.16106793,0.08369101,0.17766316,0.032812156,0.15820801,0.1726762,0.1767836,0.2514217,0.18927355,-0.13195454,-0.059010852,0.24433005,-0.084612295,-0.16216224,0.2740202,0.22428091,0.24503505
0.76843035,0.7471734,0.82041574,1.0,-0.067050055,-0.24419989,0.6380605,0.5529211,-0.034152627,-0.17309225,-0.074938305,0.39271832,-0.14769833,0.15271938,-0.049298637,0.060479403,0.16900261,0.3778351,0.7826953,0.8344366,-0.12953863,-0.2639765,0.22961348,0.4783511,0.43641955,0.29762962,0.109173805,0.10662095,-0.12940626,-0.19369918,-0.006454591,0.1941411,0.6346277,0.5731249,0.4498626,0.54057527,-0.12152734,-0.030983724,-0.061306845,-0.15620908,-0.23054022,-0.05279372,0.4913215,0.40139815,0.44579178,0.4399818,0.2762984,0.34051305,0.34333348,0.093883626,0.30598286,0.059316188,-0.1812663,0.0031970819,-0.02172478,0.058332138,0.7214425,0.737104,0.46395686,0.36638653,0.72576624,0.7125136,0.2746934,0.534557,0.461543,0.4983845,0.6651477,0.73920906,0.68945354,0.5966658,0.0052439696,-0.018584728,-0.18692914,-0.20622101,-0.33359393,-0.17251071,0.19152926,0.22351636,0.012157575,0.08087554,-0.044582777,0.31940284,-0.15802954,0.071334265,0.04967247,0.27269262,0.26396856,0.121380106,-0.054473344,0.10604359,0.16735809,0.123367265,-0.021329107,0.108674884,-0.12286262,-0.2079844,0.10101906,0.2516924,0.011787944,0.13251969,0.115639314,0.18439701,-0.0038513294,0.096619815,0.1428927,0.19249465,0.20160933,0.056967173,-0.121330515,0.03955611,0.36220428,-0.057667837,-0.1435059,0.4264474,0.31687307,0.244943
-0.0021646735,-0.038420226,-0.05287658,-0.067050055,1.0,0.29132748,0.06096181,0.1629557,-0.015703222,-0.27675986,0.116619594,0.110591315,-0.079715714,-0.022725258,-0.26905537,-0.308835,-0.051759817,0.049452376,-0.0004690476,0.024116058,0.44662791,0.42335436,-0.26598406,-0.21918751,0.14610663,0.11812015,0.51472825,0.401473,-0.09696773,-0.095618695,-0.31872913,-0.24010554,-0.037057478,0.01923512,-0.15050009,-0.07691701,0.047158167,-0.014575058,0.12296208,0.18214439,0.0408803,0.3842277,-0.15832898,-0.1855387,-0.22111759,-0.104566336,-0.14207895,-0.12940669,-0.004638778,-0.11660583,-0.1984719,-0.006624282,-0.12619132,-0.17497022,-0.015865011,-0.0060394313,-0.05868928,-0.06632697,-0.1183183,-0.012355997,-0.09911165,-0.0510453,-0.053288974,-0.0016719261,-0.19641878,-0.11961244,-0.058947343,-0.042122893,-0.101096734,0.011575095,0.0767121,0.051839784,0.14826216,0.02376313,0.123930275,0.17963292,-0.07550382,-0.10810757,0.014799965,0.044129476,-0.18722162,-0.06799956,-0.04627926,-0.32401627,-0.1997494,-0.048264444,0.20516089,-0.11028075,0.042119216,-0.026898049,-0.23190202,-0.3862294,-0.38291773,-0.4834695,0.13901554,0.2190144,0.03359457,-0.050537743,-0.21248926,-0.206811,0.375584,-0.11298981,-0.22049569,-0.41179144,-0.42638046,-0.32276273,0.1405388,0.23567748,0.22824198,-0.17167519,-0.11465153,-0.20441501,0.22885261,-0.37354854,-0.4237611,-0.23034047
-0.13202623,-0.14529565,-0.11043967,-0.24419989,0.29132748,1.0,-0.04197508,0.016523108,0.29426375,0.273561,0.28556523,0.09621848,0.44040608,0.2305788,0.20086953,0.07505567,0.18122017,0.19028874,-0.0011893059,-0.050639343,0.43389612,0.4647559,0.2729566,0.12394382,0.10418716,0.057857066,0.43603477,0.37020424,0.33462355,0.30413896,0.2798786,0.16635816,-0.008425955,-0.051242266,0.11949685,0.03206771,0.4143339,0.3822297,0.4445759,0.48890162,0.40610087,0.47662506,0.104713134,0.025483005,0.10337969,-0.106047235,0.19678745,0.09045624,0.1529599,-0.09796329,-0.042971756,-0.21077396,0.098199725,-0.023741737,0.33781803,0.24540882,-0.07709333,-0.14667848,0.09875142,-0.07116376,-0.15425436,-0.2893045,0.1250718,-0.089842916,-0.05916599,-0.28473505,0.12320385,0.014957714,0.043444403,0.11585768,0.25474495,0.26465926,0.37119287,0.31918582,0.38730952,0.36323854,0.16085471,0.10499042,0.086540446,0.19989671,0.4404738,0.11520379,0.20756386,0.019813482,0.38737002,-0.065499246,0.33868328,0.055274993,0.31990424,0.20382223,-0.07699533,-0.018660607,-0.11092542,-0.16335359,0.25707003,0.30756357,0.36179674,0.2506415,0.23763976,0.17781395,0.035097867,-0.12214238,-0.15227279,-0.18496501,-0.16691622,-0.16763185,0.25372815,0.2538859,0.23847876,0.048758082,0.13429224,0.028949052,0.08784595,-0.26944774,-0.10845631,0.14093173
0.79106253,0.6605563,0.5871491,0.6380605,0.06096181,-0.04197508,1.0,0.83358806,-0.23036072,-0.2922994,0.4814329,0.77994674,0.2797061,0.53752065,-0.3297828,-0.2231514,0.61723804,0.6554596,0.65266794,0.6136139,0.11431288,0.004716141,0.39255396,0.47845963,0.5917822,0.22036386,0.36035722,0.12281838,0.08600071,0.0017843123,0.10031819,0.18686001,0.7101205,0.7039286,0.56822175,0.5779325,-0.07492387,0.08794569,0.030136092,-0.061085355,-0.3032853,0.18730778,0.47659367,0.35120732,0.3890763,0.25831965,0.30858746,0.3009919,0.22673927,-0.05327964,0.116942406,-0.18629889,-0.23078492,-0.15573032,-0.09401033,-0.08195979,0.7948257,0.7002957,0.32078966,0.21711022,0.7140181,0.53547305,0.5840085,0.63503593,0.350807,0.30663526,0.61260766,0.6492067,0.55366886,0.47694242,0.42812797,0.37103733,0.1772651,0.08706952,-0.03236867,0.23791076,0.468361,0.45128545,0.41689047,0.4711086,0.2881569,0.38615364,-0.3303401,-0.22469369,0.046189655,0.15721294,0.38410738,0.09386824,-0.15678826,-0.0045008105,0.023134604,-0.05211727,-0.33150917,-0.25672376,-0.022595542,0.049322717,0.10937753,0.16012229,-0.22309548,-0.11640291,0.16094898,-0.105502985,-0.32341227,-0.20438655,-0.13001305,-0.12799658,-0.017578142,-0.036021676,-0.012818394,0.16248289,0.30399978,-0.32935193,-0.040837005,0.14770323,-0.044538468,-0.040612705
0.74023163,0.6443874,0.5082239,0.5529211,0.1629557,0.016523108,0.83358806,1.0,-0.39213562,-0.38544443,0.45000342,0.7673042,0.22163583,0.47261736,-0.43612385,-0.39317134,0.5396963,0.69477284,0.5663142,0.55954105,0.1316935,0.088646606,0.36886248,0.35330042,0.5776724,0.31760204,0.42495325,0.10667933,-0.013876273,-0.09205286,0.05858159,0.06353742,0.76664454,0.80476403,0.5093194,0.48449075,-0.20215045,-0.022159936,-0.10528659,-0.15827774,-0.3510575,0.20025538,0.36378863,0.2798073,0.3708988,0.24057038,0.17423783,0.20218927,0.16831861,0.014074104,0.09672795,-0.2375059,-0.20853135,-0.22298443,-0.19714779,-0.194302,0.7527851,0.6942675,0.22067904,0.20341669,0.6623362,0.533271,0.52545524,0.687922,0.31837246,0.2769923,0.52066004,0.576443,0.48858762,0.44859776,0.33279556,0.2845188,0.12238612,0.003181874,-0.10647598,0.20693512,0.34194827,0.31706825,0.36762726,0.5448718,0.23489879,0.2757888,-0.4240772,-0.36548692,-0.022776613,-0.004012413,0.37422052,-0.0053310534,-0.2483622,-0.076575674,0.012437914,-0.09526032,-0.4026794,-0.3831106,-0.14716117,-0.055502467,-0.007848582,0.041309945,-0.3029557,-0.26849473,0.25683156,-0.18835397,-0.34676033,-0.24007177,-0.16432956,-0.21893527,-0.058925696,-0.11390967,-0.12571661,0.029822275,0.19096248,-0.4350586,-0.059178896,0.028632673,-0.14988476,-0.19462015
-0.20914064,-0.1423842,-0.00214245,-0.034152627,-0.015703222,0.29426375,-0.23036072,-0.39213562,1.0,0.6512057,-0.14420006,-0.22516766,0.14837329,0.013330364,0.8082797,0.74553335,-0.17700961,-0.18439129,-0.015722338,-0.022870008,-0.0075995154,-0.011463746,0.1617491,0.30131757,-0.006457113,0.05754937,-0.13839199,0.21735917,0.28743285,0.33963066,0.3403565,0.45479372,-0.2563622,-0.3248411,-0.017365951,-0.03919675,0.38022014,0.30240008,0.4472785,0.48657256,0.50940263,-0.036363605,0.08849985,0.041224647,0.037922326,-0.14907953,0.26634473,0.2891967,0.05424814,-0.17329367,-0.029805075,0.15627271,0.14892726,0.06738928,0.631335,0.634544,-0.17410746,-0.16626778,0.16202684,-0.110596426,-0.21788171,-0.2563531,-0.18476267,-0.24370147,-0.16079642,-0.216116,0.09797292,-0.03952117,0.0835632,0.053398848,-0.10466021,-0.06456347,0.057433054,0.11915413,0.13790178,-0.109157875,-0.1068825,-0.075371616,-0.2899233,-0.22027001,0.16599698,0.19542229,0.7201957,0.5938025,0.3954441,0.278499,0.2015431,0.2880546,0.65037274,0.50095433,0.22880118,0.24192625,0.33708397,0.43571815,0.23844291,0.07753661,0.39845398,0.4648817,0.6223427,0.67910004,-0.06038955,0.22877435,0.39525676,0.24669817,0.38254017,0.46791866,0.38005307,0.18708484,0.15311937,0.098541886,0.25992337,0.64591485,-0.017523667,0.09072737,0.4475089,0.64743894
-0.262523,-0.19845344,-0.16398053,-0.17309225,-0.27675986,0.273561,-0.2922994,-0.38544443,0.6512057,1.0,-0.08097442,-0.1483925,0.31215775,0.15188201,0.7089807,0.7445552,-0.015493941,-0.082652785,-0.18615451,-0.1814957,-0.05625341,-0.040189542,0.34271318,0.38979125,-0.19600894,0.043846104,-0.21026994,0.035960693,0.35537955,0.46924168,0.4868236,0.61588067,-0.22820672,-0.26127562,0.14712904,0.031104622,0.34996054,0.33157262,0.32733276,0.33911324,0.30495062,-0.021076908,0.1708463,0.18992159,0.056490455,-0.14560784,0.34344202,0.32873943,-0.054120418,-0.17611109,-0.093468465,0.063807264,0.09346814,0.07060882,0.5312876,0.4971963,-0.20520972,-0.22674832,0.009771417,-0.23772289,-0.23806636,-0.33825514,-0.06192731,-0.20195818,-0.1932063,-0.2425481,0.044430487,-0.115025274,-0.055779286,-0.09574189,-0.009924106,0.07592534,0.19224189,0.25074753,0.24915299,0.028447054,0.0028562394,0.05643891,-0.045061626,-0.0797231,0.40281087,0.27028757,0.49068516,0.7383678,0.44752756,0.20615278,0.067390345,0.24897514,0.46872663,0.33194783,0.23794763,0.34958282,0.45946813,0.44926816,0.15151934,0.071224146,0.37875935,0.4901544,0.51122266,0.49781308,-0.2090913,0.1714318,0.43726188,0.403921,0.38264325,0.49113882,0.11446445,-4.976962e-06,0.17630005,0.38110355,0.38641408,0.41789398,-0.028541839,0.04929736,0.49451938,0.55803436
0.23196563,0.03452237,-0.033734705,-0.074938305,0.116619594,0.28556523,0.4814329,0.45000342,-0.14420006,-0.08097442,1.0,0.68808705,0.7411524,0.7314149,-0.27051476,-0.21981473,0.787463,0.6113621,0.069796644,0.006269244,0.24629954,0.19836852,0.37980917,0.2677982,0.34954587,-0.084921435,0.28636906,-0.0030205,0.5292862,0.4793824,0.28062582,0.23913586,0.25451392,0.25788218,0.35296273,0.29548043,0.1983948,0.37402675,0.18095902,0.13795686,-0.103307255,0.29173005,0.22229438,0.1826125,0.09768102,-0.089761205,0.33434135,0.285149,0.053587366,-0.2102443,-0.16752897,-0.26441225,-0.14276142,-0.07910646,0.028454803,-0.04535517,0.31054127,0.15366967,0.0033208313,-0.10473377,0.16836661,-0.084803075,0.48993644,0.2606721,0.032487083,-0.09475807,0.2169901,0.15805162,0.111921765,0.107969016,0.66313535,0.67231524,0.57950383,0.57008034,0.448991,0.6031323,0.57395786,0.5300665,0.7126682,0.64284897,0.6135309,0.37047073,-0.30017236,-0.22908472,0.24092592,0.07115369,0.24289617,0.13928698,-0.111525856,-0.011330931,0.03824261,-0.10122656,-0.4241161,-0.37972903,0.058667995,0.20452142,0.13123189,0.071831405,-0.17879727,-0.18963133,0.07604442,-0.29565468,-0.36560592,-0.30017972,-0.26173437,-0.31797135,-0.12917434,-0.15259148,0.12860745,0.31902313,0.20172252,-0.24742652,0.089843005,-0.13985462,-0.34016675,-0.24071509
0.6561604,0.5121352,0.33452842,0.39271832,0.110591315,0.09621848,0.77994674,0.7673042,-0.22516766,-0.1483925,0.68808705,1.0,0.5353025,0.7482085,-0.29590103,-0.17071165,0.7501996,0.77446723,0.41174302,0.44516003,0.1728974,0.08132043,0.37245914,0.4820322,0.5167148,0.20919523,0.36204717,0.07049381,0.30243632,0.24178389,0.14418049,0.2780558,0.5768574,0.61461437,0.5639233,0.56778294,0.06051646,0.2526717,0.10831317,0.028307104,-0.29898158,0.2679717,0.5141402,0.45696738,0.30282718,0.22815923,0.4387137,0.43431664,0.19496307,-0.0065224585,-0.02630398,-0.19750433,-0.2275233,-0.22200939,-0.0014322086,-0.025409194,0.7048407,0.607955,0.26979187,0.19174314,0.52304167,0.3379801,0.51532984,0.570338,0.13460581,0.190915,0.5625685,0.54980135,0.46709722,0.41417181,0.5185562,0.5125098,0.34743595,0.3187398,0.1399094,0.39933115,0.5595364,0.54166716,0.57208115,0.6367938,0.4244693,0.49133435,-0.43778646,-0.15799487,0.12536772,0.19722289,0.37087402,0.13919611,-0.1415539,0.03358334,0.03791437,-0.0949028,-0.3581882,-0.32493174,-0.078147255,0.049676068,0.14903803,0.21168832,-0.21902066,-0.15871574,0.15402237,-0.16804172,-0.348157,-0.26624775,-0.1818037,-0.18771134,-0.096761875,-0.19916424,0.039168876,0.34803048,0.43385658,-0.32675326,-0.013310856,-0.016575357,-0.14134592,-0.09180052
0.10336079,-0.02785229,-0.11979103,-0.14769833,-0.079715714,0.44040608,0.2797061,0.22163583,0.14837329,0.31215775,0.7411524,0.5353025,1.0,0.7919959,0.09523059,0.17230451,0.6429956,0.4472294,-0.0010184112,-0.027228821,0.23621371,0.24600366,0.43998012,0.44886002,0.26268116,-0.037560225,0.14313702,-0.05199691,0.6683059,0.6653147,0.52405167,0.47608545,0.08759405,0.097866885,0.27310437,0.18214867,0.4667885,0.58298117,0.38293225,0.35420078,0.15083778,0.27604112,0.24211518,0.19538793,0.15280269,-0.14265846,0.3989193,0.33023757,-0.029674837,-0.1344293,-0.26238903,-0.288077,-0.085622855,-0.025201503,0.24645466,0.1477069,0.22248435,0.08518357,0.09479335,-0.07554354,0.031541847,-0.1997182,0.30689493,0.108434655,-0.09677643,-0.17864485,0.19084741,0.096859656,0.14295939,0.087783135,0.5261927,0.5816052,0.59294635,0.6662875,0.5765174,0.5714433,0.45921093,0.4443841,0.49498186,0.464456,0.6567174,0.461027,-0.059723526,0.16658804,0.42828995,0.19791794,0.24178752,0.115944006,0.11347695,0.2042808,0.064873435,-0.037426367,-0.2610207,-0.18152952,0.11790456,0.22167847,0.2665377,0.22428359,0.04155032,0.05190509,-0.096875586,-0.24627568,-0.28630763,-0.21665928,-0.1262093,-0.18915874,-0.117404364,-0.1823742,0.2177709,0.40132213,0.30857292,-0.025610136,-0.00251129,-0.08718299,-0.08863462,0.10680677
0.34919286,0.20868973,0.0846708,0.15271938,-0.022725258,0.2305788,0.53752065,0.47261736,0.013330364,0.15188201,0.7314149,0.7482085,0.7919959,1.0,-0.10840563,0.13508973,0.7562041,0.6086245,0.16218318,0.21943927,0.25967237,0.23807314,0.3727799,0.589174,0.42573735,0.15333742,0.23360811,0.040027346,0.59866023,0.5554802,0.41623622,0.5319136,0.25998998,0.3240385,0.42433003,0.39244965,0.36364132,0.5428967,0.31338894,0.25893968,-0.091655016,0.30812156,0.4088265,0.40901455,0.19627513,0.033905663,0.48094893,0.4812764,0.023158845,0.0043385467,-0.255273,-0.18241473,-0.34372967,-0.11671169,0.14571342,0.15143305,0.46640527,0.3542382,0.22480154,0.08373987,0.27457005,0.12402358,0.35778898,0.3681353,0.00708291,0.097977236,0.39799702,0.33878937,0.30626512,0.1754596,0.57109445,0.6107604,0.5605794,0.6445576,0.41353863,0.54958415,0.5907827,0.600663,0.57872903,0.5650815,0.5688095,0.6737584,-0.26437697,0.15790105,0.2829626,0.40405965,0.3864014,0.14664565,0.012890152,0.26039502,-0.07765944,-0.10678838,-0.3319169,-0.22054933,0.10494659,0.17013355,0.296876,0.30585822,-0.09151439,-0.007678637,0.008081616,-0.2604092,-0.41366273,-0.26010603,-0.1561276,-0.17448092,-0.12829596,-0.2411417,0.19172122,0.48386014,0.45612285,-0.14405753,-0.054077532,-0.026120434,-0.07458215,0.049591564
-0.21175165,-0.10995039,-0.0027254187,-0.049298637,-0.26905537,0.20086953,-0.3297828,-0.43612385,0.8082797,0.7089807,-0.27051476,-0.29590103,0.09523059,-0.10840563,1.0,0.7887334,-0.26569772,-0.22820641,-0.03436294,-0.03969734,-0.2036842,-0.17365953,0.19953045,0.24023338,-0.066088036,0.100933604,-0.221086,0.061136514,0.19514659,0.27486467,0.40624636,0.3944883,-0.20226523,-0.26716793,-0.0098887915,-0.08813239,0.25937393,0.193376,0.33542207,0.34498447,0.45891252,-0.253755,0.10545986,0.040719017,0.14316699,-0.08090264,0.24353676,0.24178651,0.055351466,-0.07845689,0.09090971,0.098467626,0.3086147,0.08475767,0.5879315,0.56945616,-0.16718598,-0.11786675,0.2027332,-0.04265645,-0.184511,-0.21770982,-0.23396277,-0.23528802,-0.08234485,-0.17580476,0.08180257,-0.039374113,0.1088288,0.10928956,-0.28162497,-0.22967625,-0.15574917,-0.06226527,-0.0515974,-0.27602467,-0.25382888,-0.19343528,-0.3847594,-0.27599406,0.11130088,0.084976576,0.70116633,0.664439,0.4019716,0.17252599,0.081956305,0.23730345,0.5932556,0.42615578,0.36723652,0.36124137,0.49678615,0.62363046,0.13913532,-0.051731564,0.32009107,0.43891647,0.6664495,0.70922565,-0.10534424,0.33223563,0.5385702,0.4667024,0.54632473,0.6220159,0.2843546,0.054060888,0.051138926,0.09741071,0.267775,0.67540413,-0.12592362,0.18725897,0.5957387,0.7005094
-0.13042937,-0.05014969,-0.027121866,0.060479403,-0.308835,0.07505567,-0.2231514,-0.39317134,0.74553335,0.7445552,-0.21981473,-0.17071165,0.17230451,0.13508973,0.7887334,1.0,-0.107594684,-0.16178916,-0.06428899,0.038744085,-0.09184961,-0.09530969,0.08997945,0.4512392,-0.058146585,0.15622595,-0.26874042,0.07644745,0.3810234,0.449469,0.37364423,0.5795428,-0.21891017,-0.22511725,0.072189,0.065535404,0.41667196,0.38558596,0.4189539,0.4069687,0.36757836,-0.17796965,0.26748404,0.2856094,0.1405512,0.068372294,0.4357719,0.4539191,0.046240807,0.06442301,-0.027297078,0.22638962,0.02364829,0.1288784,0.6154968,0.66203463,-0.065519415,-0.01509069,0.26721048,0.02483551,-0.11561081,-0.060893256,-0.22569981,-0.093070604,-0.11835143,0.013491599,0.19227207,0.08007339,0.15078048,0.051133,-0.17573395,-0.09724279,0.051817134,0.1936923,0.08705334,-0.13547319,-0.040579934,0.044598147,-0.24645233,-0.20816296,0.14276001,0.42673996,0.51461357,0.86710125,0.43110368,0.5160806,0.17994086,0.32440013,0.5905783,0.53023916,0.23911083,0.28837198,0.44696173,0.56258273,0.20525098,0.02452337,0.4245477,0.5854258,0.59748125,0.7063576,-0.14500105,0.28545457,0.38856426,0.3570836,0.45169386,0.5920276,0.23243439,-0.00856477,0.14960463,0.34755924,0.48223898,0.65869546,-0.10002897,0.24463366,0.6708992,0.71130323
0.4554938,0.24669938,0.1726918,0.16900261,-0.051759817,0.18122017,0.61723804,0.5396963,-0.17700961,-0.015493941,0.787463,0.7501996,0.6429956,0.7562041,-0.26569772,-0.107594684,1.0,0.7461102,0.20996182,0.17855258,0.19691697,0.14063899,0.46826342,0.49642032,0.40205562,0.07701405,0.26145217,-0.03542419,0.52774215,0.4400246,0.33467543,0.41637155,0.47003946,0.47578076,0.5517346,0.50834846,0.14481455,0.37052172,0.14397612,0.06195103,-0.21165656,0.21205851,0.42382476,0.41894454,0.29451904,0.07282802,0.41438714,0.40840304,0.13264437,-0.070898436,-0.07869417,-0.22429147,-0.21513046,-0.11132208,-0.024987571,-0.033175707,0.529226,0.366607,0.08306456,-0.0032547363,0.40713128,0.17497537,0.65465194,0.493622,0.21793474,0.14327197,0.40425217,0.36733764,0.2765926,0.240646,0.68861014,0.68677413,0.5004079,0.52341783,0.34532836,0.5355374,0.6737685,0.6597747,0.7619957,0.7339755,0.66308594,0.5464145,-0.40490368,-0.07147913,0.25302738,0.17317095,0.31562346,0.17177473,-0.19825952,-0.03742594,0.047220018,0.05679396,-0.21943663,-0.26715472,-0.0034189369,0.10126516,0.14238723,0.18792786,-0.1676813,-0.14907438,0.021854885,-0.20481417,-0.307018,-0.11816911,-0.08086581,-0.12996507,-0.16241792,-0.23361519,0.042913135,0.4165016,0.35513568,-0.27664372,0.110154286,0.05245686,-0.10226551,-0.122579046
0.60880905,0.4466605,0.35212559,0.3778351,0.049452376,0.19028874,0.6554596,0.69477284,-0.18439129,-0.082652785,0.6113621,0.77446723,0.4472294,0.6086245,-0.22820641,-0.16178916,0.7461102,1.0,0.438407,0.428224,0.105030656,0.07687102,0.47188205,0.4450344,0.5401508,0.17732199,0.33090046,-0.02744293,0.2551516,0.22117002,0.17196341,0.27114788,0.6406706,0.6115546,0.6820167,0.6195586,-0.027890166,0.19424684,0.008441296,-0.039352152,-0.27032134,0.1534428,0.49796972,0.46391952,0.3812249,0.2438821,0.38209936,0.40837398,0.25520587,-0.01212141,0.13008888,-0.19559468,-0.122952536,-0.1266622,-0.059847213,-0.07541266,0.66420245,0.5625111,0.25052047,0.15164922,0.52300376,0.32949036,0.6368854,0.599876,0.33726987,0.23429322,0.5841181,0.56172353,0.4774719,0.4758174,0.4353658,0.43282124,0.29223633,0.25739878,0.09044308,0.33258352,0.55698746,0.53742987,0.5617083,0.7188753,0.5464193,0.47151202,-0.39093307,-0.15305378,0.2528394,0.090368286,0.27342847,0.17231092,-0.20975769,-0.08068166,0.15844128,0.11060381,-0.18197063,-0.21041107,-0.19802862,-0.076683,0.06925107,0.16876137,-0.1700389,-0.14721093,0.08143166,-0.1214796,-0.24031512,-0.06117477,0.0002355699,-0.05329885,-0.058606006,-0.21000908,-0.14714508,0.24425828,0.37626436,-0.32885322,0.010156678,0.08955229,-0.06634278,-0.11741801
0.7718269,0.75452745,0.796425,0.7826953,-0.0004690476,-0.0011893059,0.65266794,0.5663142,-0.015722338,-0.18615451,0.069796644,0.41174302,-0.0010184112,0.16218318,-0.03436294,-0.06428899,0.20996182,0.438407,1.0,0.86471814,-0.09709654,-0.20438449,0.34967548,0.3596186,0.49484944,0.22503589,0.23712394,0.16198243,-0.16773847,-0.23642713,0.03899777,0.0808041,0.65095735,0.5150849,0.50065756,0.51085246,-0.078379884,-0.05894766,-0.02032142,-0.096404314,-0.14640325,0.10774087,0.44236633,0.22961695,0.50288314,0.3752699,0.20654482,0.19356748,0.40534222,-0.02140422,0.38994968,-0.10123019,0.020230468,-0.02622462,-0.04121454,-0.017278504,0.73260075,0.70226747,0.5267193,0.37220573,0.71127975,0.58159125,0.36874163,0.40780786,0.4262877,0.2864712,0.6778881,0.7201235,0.75812864,0.6980039,0.046080228,-0.026484255,-0.16192931,-0.21375862,-0.26610592,-0.118228704,0.21242341,0.20863563,0.02321348,0.104570664,0.09979048,0.15233345,-0.08901558,-0.104246855,0.0707158,0.054163765,0.2225043,0.09131149,-0.062213443,0.08981003,0.111313745,0.11957365,-0.13355403,0.030546585,-0.12925783,-0.16436665,0.10263749,0.1345779,0.006772885,0.103772245,0.014161453,0.12591977,-0.08576884,-0.01114001,0.05643666,-0.015205563,0.2688416,0.1543798,-0.09766314,-0.09899108,0.22628383,-0.19362612,-0.11402226,0.32573134,0.119954035,0.13035372
0.7764726,0.8173547,0.7542415,0.8344366,0.024116058,-0.050639343,0.6136139,0.55954105,-0.022870008,-0.1814957,0.006269244,0.44516003,-0.027228821,0.21943927,-0.03969734,0.038744085,0.17855258,0.428224,0.86471814,1.0,-0.08004925,-0.19894402,0.2104769,0.42436224,0.46906877,0.30040216,0.19733101,0.15407768,-0.13805485,-0.20732023,-0.02686501,0.09969843,0.62226576,0.55146956,0.4613219,0.5339353,-0.035878718,-0.0046741413,0.010189171,-0.073268585,-0.17832538,0.06477397,0.52101564,0.37153664,0.5208392,0.5193242,0.31001106,0.33329087,0.41380835,0.17321976,0.35763636,0.071069874,-0.06210604,-0.026261283,0.015392478,0.0850959,0.761334,0.80150354,0.6031035,0.4938249,0.68407416,0.7059993,0.23627545,0.4827443,0.36383292,0.42060295,0.7313879,0.7789515,0.82630765,0.7351185,-0.045184486,-0.07678752,-0.18759915,-0.18845423,-0.29950106,-0.14492948,0.20146148,0.20846036,-0.05144436,0.113693535,-0.013432703,0.30247265,-0.1620624,0.015931634,0.06517128,0.22863735,0.27214405,0.08789177,-0.0010433216,0.19254349,0.13920389,0.053306203,-0.16091108,0.04431455,-0.12463409,-0.17267181,0.15487836,0.2384617,0.025454633,0.16100042,0.119748734,0.18884893,-0.08470823,-0.03995073,0.050546084,0.048218008,0.20705324,0.0815823,-0.047109973,0.002158467,0.36773747,-0.11119529,-0.12457581,0.34705827,0.17788367,0.2049694
-0.06098117,-0.08927095,-0.114868924,-0.12953863,0.44662791,0.43389612,0.11431288,0.1316935,-0.0075995154,-0.05625341,0.24629954,0.1728974,0.23621371,0.25967237,-0.2036842,-0.09184961,0.19691697,0.105030656,-0.09709654,-0.08004925,1.0,0.7470735,-0.09344166,0.026472634,0.08320611,0.07348834,0.5325056,0.39814797,0.33236408,0.23005505,-0.0071113203,0.044537563,-0.045727853,-0.010019369,-0.026225293,0.03579456,0.4877351,0.40407294,0.49350166,0.53282535,0.36956453,0.6716634,0.06636443,0.06843022,-0.07004314,-0.035701565,0.1405602,0.092053436,0.043489933,0.036795855,-0.21384251,0.06530449,-0.21745007,-0.15318993,0.25487468,0.191244,-0.028028654,-0.06720757,0.06066143,0.052780874,-0.04297281,-0.08748042,0.04805023,-0.019854821,-0.1139726,-0.072746865,0.053157344,0.0050079273,-0.07034633,-0.00071790325,0.31437328,0.35168633,0.4559616,0.41648313,0.43432942,0.4444322,0.14926411,0.14515896,0.22121026,0.14811192,0.14627196,0.17567061,-0.07789748,-0.08519491,0.08540413,0.18940419,0.321631,-0.061201144,0.17549698,0.20378096,-0.39146727,-0.2514717,-0.3174314,-0.4613695,0.4913549,0.55081916,0.39160568,0.23312119,-0.024433281,-0.0010007024,0.27853084,-0.24068616,-0.4235768,-0.40777937,-0.47160178,-0.27540937,0.12542856,0.21875823,0.4177239,0.13967516,0.15894817,-0.19400086,0.2866372,-0.34281388,-0.30063125,-0.0677626
-0.19230473,-0.22663717,-0.21549857,-0.2639765,0.42335436,0.4647559,0.004716141,0.088646606,-0.011463746,-0.040189542,0.19836852,0.08132043,0.24600366,0.23807314,-0.17365953,-0.09530969,0.14063899,0.07687102,-0.20438449,-0.19894402,0.7470735,1.0,-0.080787115,0.006398341,0.1448513,0.16722111,0.5019736,0.39187992,0.27698052,0.24910143,0.06983944,0.019427806,-0.10249611,-0.027536035,-0.14134304,-0.16593923,0.39391845,0.36590323,0.4196112,0.47171605,0.3367761,0.55562496,-0.11972271,-0.11302361,-0.22312619,-0.22486703,-0.035155408,-0.075372994,-0.114535704,-0.029564954,-0.37719494,-0.070858784,-0.23024079,-0.15991892,0.15617302,0.10421878,-0.14566343,-0.18667473,-0.107504025,-0.07631883,-0.22150224,-0.23319241,-0.05055113,-0.0799427,-0.21025904,-0.19953029,-0.1342136,-0.18754642,-0.18929961,-0.16372262,0.23857643,0.27742842,0.43520558,0.403849,0.3599757,0.38288566,0.00936117,0.026729839,0.14444968,0.1635392,0.09972597,0.06745601,-0.065012716,-0.08237192,0.0013124192,0.066473015,0.33804634,-0.20151924,0.1448912,0.07355281,-0.42100012,-0.32916385,-0.32951748,-0.49143535,0.30928144,0.43848744,0.19600388,0.09040033,-0.07699244,-0.094923854,0.27074653,-0.2679417,-0.39077878,-0.37224144,-0.44261026,-0.29921567,0.00044679624,0.0970529,0.24503891,-0.031372335,-0.0008098076,-0.11252379,0.26594466,-0.3250036,-0.27582562,-0.07116485
0.33249962,0.2715006,0.36773485,0.22961348,-0.26598406,0.2729566,0.39255396,0.36886248,0.1617491,0.34271318,0.37980917,0.37245914,0.43998012,0.3727799,0.19953045,0.08997945,0.46826342,0.47188205,0.34967548,0.2104769,-0.09344166,-0.080787115,1.0,0.55117685,0.2798497,0.15308592,0.0783069,0.005104163,0.25534877,0.24593283,0.63188034,0.52807325,0.50715715,0.41582185,0.5488877,0.36731175,0.08342731,0.19779593,0.102785595,0.08792871,0.07163894,0.10131353,0.26651943,0.1517671,0.42226923,-0.07781162,0.27030963,0.23097292,0.16301788,-0.2935327,0.14297323,-0.30611953,0.104133256,0.034944467,0.18939808,0.11404047,0.3895858,0.23825136,0.11687998,-0.120036945,0.31338012,-0.022630507,0.53217256,0.26032183,0.24997172,-0.095608115,0.3732638,0.28736478,0.30809125,0.3127904,0.35062787,0.35609412,0.22933494,0.17423122,0.09107042,0.25960436,0.34067184,0.32146236,0.3277082,0.3108826,0.64174694,0.20057896,0.13080117,0.117308185,0.39628613,-0.102793984,0.17196226,0.25993797,0.08726963,0.039121088,0.3387161,0.33154482,0.07498619,0.10106612,-0.07308153,-0.0073965625,0.22565255,0.23913792,0.25752124,0.19119413,-0.051869377,-0.012868071,0.18058236,0.24430682,0.28800797,0.20529594,0.011374983,-0.00606355,-0.09925597,0.16165411,0.23121734,-0.022106636,-0.071166046,0.104671784,0.20681882,0.19054809
0.46927682,0.39652795,0.34910324,0.4783511,-0.21918751,0.12394382,0.47845963,0.35330042,0.30131757,0.38979125,0.2677982,0.4820322,0.44886002,0.589174,0.24023338,0.4512392,0.49642032,0.4450344,0.3596186,0.42436224,0.026472634,0.006398341,0.55117685,1.0,0.41408062,0.42135933,0.049233638,0.080494344,0.44782335,0.40374035,0.5318769,0.73802006,0.4516149,0.45822915,0.5444955,0.5291837,0.24139562,0.36767602,0.22513707,0.15280572,0.011085096,0.042353097,0.5172322,0.48530152,0.44288704,0.15506567,0.49430016,0.52610993,0.11421882,-0.04280561,-0.02229233,-0.07221879,-0.22862174,0.031285733,0.2543883,0.3060304,0.53827167,0.45072082,0.2773414,0.07769856,0.41208702,0.28766826,0.40350905,0.48875973,0.21588483,0.2693611,0.55128396,0.526068,0.45601767,0.36002856,0.302076,0.3384822,0.3118147,0.3142812,0.1348031,0.2240694,0.41560706,0.45102862,0.3055023,0.26403293,0.4955811,0.7042359,0.021499906,0.49944437,0.44175458,0.49480388,0.39030573,0.326354,0.18770264,0.27141234,0.2620538,0.20421521,0.10235677,0.15145528,-0.01660648,-0.03603149,0.27135518,0.43580064,0.18246296,0.29903543,0.020008013,0.13496675,0.081495345,0.1653994,0.26116678,0.2736497,0.014663957,-0.1589655,0.095752954,0.38308612,0.5423769,0.17229453,-0.09823411,0.33577132,0.4489146,0.43987274
0.5701709,0.48335695,0.3862322,0.43641955,0.14610663,0.10418716,0.5917822,0.5776724,-0.006457113,-0.19600894,0.34954587,0.5167148,0.26268116,0.42573735,-0.066088036,-0.058146585,0.40205562,0.5401508,0.49484944,0.46906877,0.08320611,0.1448513,0.2798497,0.41408062,1.0,0.41521662,0.35237336,0.24165738,0.10436292,0.046960935,0.29945594,0.19503948,0.5177377,0.52621174,0.3222249,0.32770425,-0.06187021,0.042272106,0.064885,0.0027719978,-0.11738768,0.030615706,0.2647786,0.18367788,0.33735168,0.0721133,0.17060167,0.21498735,0.08528751,0.037240963,0.051391177,-0.24596995,-0.08723385,-0.13039874,-0.10522166,-0.027176492,0.6314915,0.5715897,0.32682124,0.2719404,0.5350868,0.42210746,0.3510029,0.52524775,0.3695706,0.30490202,0.42907357,0.49095863,0.4747064,0.43232358,0.1578773,0.08736044,0.003806321,0.0026762844,-0.18542719,0.03894555,0.17453267,0.19298188,0.23429607,0.351061,0.16666453,0.29524326,-0.06906574,-0.11022373,0.08605946,0.1814724,0.3640857,0.14720592,-0.1074846,0.12777624,0.018275054,-0.079897635,-0.32757267,-0.1828387,-0.11005999,-0.17224464,-0.03363779,0.06786432,-0.15764035,0.007651251,0.1403423,-0.043770634,-0.27976274,-0.0881661,0.071824655,-0.103545085,-0.11523193,-0.16969854,-0.13917236,-0.09153822,0.17102386,-0.15880999,-0.16269678,0.28647158,0.050518863,0.105411984
0.3480637,0.36288485,0.22163251,0.29762962,0.11812015,0.057857066,0.22036386,0.31760204,0.05754937,0.043846104,-0.084921435,0.20919523,-0.037560225,0.15333742,0.100933604,0.15622595,0.07701405,0.17732199,0.22503589,0.30040216,0.07348834,0.16722111,0.15308592,0.42135933,0.41521662,1.0,0.21535927,0.36117464,-0.005191964,-0.03799545,0.27133062,0.28030038,0.38821834,0.47217044,0.2673845,0.27284628,-0.023126137,0.030660018,0.05806868,0.02664181,-0.031732608,0.03650016,0.2902472,0.2882672,0.31433898,0.16227561,0.14091063,0.19021122,0.13810895,0.15822059,0.11206235,-0.05281799,-0.09049642,-0.16977082,0.07844675,0.1495928,0.37918186,0.4134694,0.24068174,0.24902637,0.3698098,0.38433164,0.16344826,0.48623088,0.22600813,0.33154732,0.33973387,0.3943399,0.29294562,0.29919362,-0.020559214,-0.088003784,-0.087059885,-0.12627062,-0.3229356,-0.10215061,0.035413347,0.07453698,0.0026437026,0.11068425,0.045881864,0.28759733,-0.020718127,0.16716881,0.16073151,0.25563073,0.36174726,0.15656488,0.1076184,0.1362041,0.011414544,0.075651616,0.022279175,0.022163298,-0.15408711,-0.124378644,0.07923979,0.23823547,0.05034063,0.13711703,0.22723669,0.17534329,0.06553681,0.15339464,0.21561612,0.18309416,-0.0006242321,-0.15259086,-0.037589453,-0.049877778,0.23917598,0.06504648,-0.15253033,0.18433174,0.2855094,0.170222
0.21156912,0.1490308,0.16355275,0.109173805,0.51472825,0.43603477,0.36035722,0.42495325,-0.13839199,-0.21026994,0.28636906,0.36204717,0.14313702,0.23360811,-0.221086,-0.26874042,0.26145217,0.33090046,0.23712394,0.19733101,0.5325056,0.5019736,0.0783069,0.049233638,0.35237336,0.21535927,1.0,0.41404578,0.092108965,0.051168706,0.0023318923,-0.037830368,0.31585073,0.3368038,0.15953186,0.11308405,0.12204757,0.15637049,0.30195487,0.3080283,0.03127599,0.50691974,0.12412665,-0.0043386975,0.14211637,-0.026872,0.08467914,0.012701159,0.14000359,-0.026480397,-0.020668266,-0.18645442,-0.09349287,-0.2751935,0.07961658,0.042806234,0.23370421,0.15617865,0.14264758,0.15669608,0.21160051,0.10599743,0.26186207,0.21305099,0.11473328,0.026944326,0.25842816,0.23583877,0.16681282,0.25228778,0.3065906,0.2719906,0.2568215,0.12848099,0.16812228,0.34926647,0.14961909,0.13205135,0.23465213,0.31229186,0.15201107,0.09706624,-0.14424482,-0.28660962,0.0022856533,-0.018850107,0.3933339,-0.12827857,0.05446148,0.04034852,-0.26269192,-0.26418114,-0.3453533,-0.4346671,0.279918,0.402566,0.27489954,0.13220584,-0.09270452,-0.100750834,0.25702083,-0.15564749,-0.3764311,-0.38472128,-0.40979505,-0.27441612,0.12533326,0.2077776,0.14704828,0.05006728,0.1058521,-0.25995007,0.06871746,-0.34784442,-0.26464632,-0.07631634
0.024754237,0.09554565,0.1346629,0.10662095,0.401473,0.37020424,0.12281838,0.10667933,0.21735917,0.035960693,-0.0030205,0.07049381,-0.05199691,0.040027346,0.061136514,0.07644745,-0.03542419,-0.02744293,0.16198243,0.15407768,0.39814797,0.39187992,0.005104163,0.080494344,0.24165738,0.36117464,0.41404578,1.0,0.023596672,-0.012682788,0.09663496,0.062241547,-0.020124855,0.020722572,-0.004794748,0.03761729,0.22241686,0.14246882,0.38946608,0.4119468,0.19880462,0.42833087,0.089166604,0.023477796,0.0100889355,-0.030658012,0.15511166,0.1187389,0.14685787,0.033971295,0.016585931,0.08017417,-0.10891355,-0.15642437,0.33180735,0.39617535,0.042174388,0.06637984,0.23315786,0.10785828,0.019568514,-0.0037276414,-0.042393398,0.021297693,-0.08363723,-0.03518488,0.15072307,0.09489282,0.1041094,0.108365506,0.005620531,0.0051144133,0.04538101,0.010700415,-0.07765467,-0.016131653,-0.11810515,-0.08759234,-0.09483087,-0.020416288,-0.013543137,0.05282689,0.13657293,0.0013274745,0.12550823,0.13685615,0.4872908,0.11931487,0.38079453,0.30431026,-0.30905208,-0.19144243,-0.2549674,-0.1515254,0.3331453,0.3431542,0.3888855,0.34550965,0.20349286,0.2661199,0.29609394,-0.0025929087,-0.10078046,-0.12606306,-0.18325461,-0.008564785,0.31029728,0.3292935,0.18287192,-0.10575567,0.20589697,0.047061548,0.09761895,-0.11651686,-0.002111645,0.1643969
-0.035947397,-0.14340402,-0.10935398,-0.12940626,-0.09696773,0.33462355,0.08600071,-0.013876273,0.28743285,0.35537955,0.5292862,0.30243632,0.6683059,0.59866023,0.19514659,0.3810234,0.52774215,0.2551516,-0.16773847,-0.13805485,0.33236408,0.27698052,0.25534877,0.44782335,0.10436292,-0.005191964,0.092108965,0.023596672,1.0,0.818162,0.46380702,0.5812672,0.012740438,0.025729014,0.22713609,0.24483952,0.6087642,0.74396104,0.53940827,0.5155347,0.32386166,0.24100687,0.3409443,0.3840661,0.14821413,0.029487506,0.5413308,0.54056144,0.09943244,-0.04549594,-0.14180318,0.07069693,-0.0749447,0.00030222253,0.485711,0.45530963,0.069314964,-0.02760848,0.08280943,-0.08877663,-0.0015603538,-0.14620249,0.2540771,0.12206116,0.027675105,0.04595833,0.22140904,0.123577826,0.0623924,0.03396753,0.52966124,0.63194793,0.6660927,0.7615754,0.6173394,0.60831046,0.4950768,0.5339336,0.4701207,0.3522916,0.5546564,0.60134435,0.063517846,0.37657526,0.57515335,0.51269335,0.33806646,0.32299775,0.31572098,0.36110002,0.06339184,0.10593988,0.00244283,-0.03291041,0.29775512,0.26091886,0.4641985,0.4828348,0.31464794,0.31349432,-0.039723545,-0.09966494,-0.12915207,-0.0765128,0.00857578,0.07905729,0.0115027325,-0.025706517,0.2306121,0.524944,0.47523963,0.29178643,0.070943,-0.04766974,0.13638571,0.2462538
-0.13691206,-0.24748757,-0.20729774,-0.19369918,-0.095618695,0.30413896,0.0017843123,-0.09205286,0.33963066,0.46924168,0.4793824,0.24178389,0.6653147,0.5554802,0.27486467,0.449469,0.4400246,0.22117002,-0.23642713,-0.20732023,0.23005505,0.24910143,0.24593283,0.40374035,0.046960935,-0.03799545,0.051168706,-0.012682788,0.818162,1.0,0.41217715,0.53378546,-0.08034964,-0.0631941,0.17104636,0.13785493,0.54391384,0.696639,0.49311876,0.50661284,0.32456872,0.12252148,0.25307664,0.32739902,0.0907598,-0.08004384,0.50212467,0.49674052,0.025521522,-0.18695606,-0.25342596,0.03679413,-0.0301146,0.038474433,0.5310687,0.46988407,-0.05368911,-0.14191633,-0.011760957,-0.21129088,-0.1744685,-0.3225,0.1578577,0.022259528,-0.15453671,-0.15208372,0.11757554,-0.01237501,-0.024306128,-0.0190492,0.39302048,0.5263099,0.6486689,0.7431489,0.6411147,0.5402574,0.38121232,0.42902035,0.37537438,0.34425586,0.5350506,0.5159045,0.16543661,0.4505688,0.52353305,0.40822008,0.24793065,0.24146856,0.4155928,0.29349247,0.10039311,0.07200954,0.039241035,-0.06594808,0.2275694,0.28310665,0.39690575,0.46734476,0.32657367,0.3007547,-0.0663911,-0.056998733,-0.023213005,-0.07446255,-0.0077745225,0.16899648,-0.014153706,-0.06303388,0.16707239,0.5533349,0.4553974,0.38139024,0.04972008,-0.09711112,0.16655076,0.28454152
