1.0,0.44075352,0.41118827,0.30328974,-0.13780366,0.07637411,0.43541336,0.23064288,0.060881987,0.25942865,0.28036648,0.5131047,0.27762017,0.43274805,0.1454462,-0.11094166,0.18012802,0.48818386,0.59087765,0.5570578,0.11063508,-0.057392783,0.6269186,0.1615686,0.18540819,-0.17641044,-0.062875204,0.040718134,0.10885236,0.35904443,0.45668465,0.5603325,0.57534724,0.27972192,0.38217616,0.066541865,0.34078,0.25391212,0.14394332,0.24183847,0.22014925,0.36679506,0.32250264,0.11741718,0.3467538,0.066615246,0.18277648,0.06849853,0.18303429,0.056380365,0.2496015,0.08669205,0.23310873,-0.18840797,0.29956707,0.07343599,0.5083923,0.53973216,0.12690379,0.45918357,0.22055073,0.13963057,0.532899,0.4694578,0.16462603,0.1238596,0.21345936,0.37279564,0.60403144,0.59005684,0.44488242,0.019555988,0.15741195,0.036044706,0.32763988,0.20063646,0.23632152,0.3734677,0.104361676,0.26167604,0.49036834,0.1586713,0.32763547,0.061607786,0.47675672,-0.0360608,0.31060323,-0.31500304,0.42831036,0.12764971,0.31271446,0.091579914,0.51940614,0.029509531,0.3315251,0.1712664,0.22142166,0.061019402,0.33351237,-0.0016602573,0.336238,0.28229338,0.27437085,0.15392494,0.3783818,0.16908334,-0.03187061,-0.06340198,0.41746408,0.33869395,0.10687149,0.095005274,-0.15083744,-0.049130075,0.39819014,0.014719689
0.44075352,1.0,0.10587916,0.46215582,0.13607398,0.20991555,0.24887186,0.34953338,0.46554986,0.31581473,0.36467427,0.32672304,0.3020967,0.13817042,0.105346546,0.12451878,0.48063812,0.4310104,0.49555272,0.5662176,0.047169134,0.29138914,0.1259619,0.65406626,0.09038592,0.2657486,0.21037921,-0.11792447,0.37184957,0.31566438,0.40216762,0.14782989,0.35206375,0.6255096,0.24538338,0.3040373,0.3227376,0.4021673,0.21019539,0.27122986,0.11278483,0.048201412,0.2747179,-0.0049430244,0.25354794,0.22550647,0.1276839,0.22920977,0.32219586,0.1601896,0.0022551084,-0.1339801,-0.057263654,-0.18492976,-0.0065249377,0.18202186,0.6320849,0.67095655,0.4121401,0.07166074,0.57138413,0.2564434,0.7050171,0.77693653,-0.11720261,0.46965584,0.48514095,0.12857302,0.4551577,0.3375545,0.48435944,0.59123373,0.27960864,0.28595477,0.28885376,0.47270545,0.47468498,0.5372943,0.5109319,0.43788633,0.44306427,0.6195482,0.04323727,0.30592176,0.21654478,0.49147013,-0.013178425,0.3375257,-0.013243575,0.3518319,-0.04528184,0.35033205,0.5112808,0.2951283,0.0092329215,0.17129739,0.025916243,-0.08765133,-0.016597249,0.06876335,0.0046772063,-0.17262672,-0.28143618,-0.2237994,-0.13938819,-0.2721537,-0.10874597,-0.23570529,0.31980333,0.17277795,0.20698525,0.014148034,0.25799707,0.24501976,-0.09237072,-0.14532974
0.41118827,0.10587916,1.0,0.6606293,-0.41014543,-0.30151555,0.8142382,0.69685185,-0.17580308,-0.09039708,0.054921236,0.5052737,0.20235993,0.5014085,-0.10592599,-0.1483634,-0.10450189,0.28212374,0.6072987,0.35421202,-0.013989428,-0.269266,0.68775475,0.2705814,-0.11499631,-0.42649046,-0.43449172,-0.10525718,-0.18091395,0.12515868,0.41350147,0.5976475,0.7062713,0.39313176,0.671861,0.3747587,0.011192151,0.025691811,-0.23898517,-0.04266325,-0.11374702,0.05621673,0.45698032,0.3578136,0.18451628,0.06277325,0.40301102,0.14068289,0.005998527,-0.0599974,0.018686539,0.21743514,0.5156797,-0.20006292,0.22580738,0.04331642,-0.00096194434,-0.028157722,-0.32113126,0.25819787,-0.18300746,-0.5296019,0.07215816,0.06150337,0.26301935,-0.20447408,0.14811923,0.32789752,0.27014565,0.098144025,0.25546908,-0.090400554,-0.110695645,-0.0875267,0.16878146,-0.08145912,-0.010825244,0.09843378,-0.14727174,0.09745663,0.20239629,0.0020355636,0.14124377,0.15550251,0.37233433,-0.017927898,0.24258314,-0.105803505,0.36110356,0.10153502,0.20993827,-0.18521361,0.09769097,-0.30037755,0.37744707,0.05785333,0.20875984,0.14433736,0.328543,-0.0025449789,0.22051786,0.22603673,0.43817464,0.32979783,0.4335,0.22510742,-0.19913158,-0.06964879,0.1893867,0.31228688,0.27571586,0.18868522,-0.0664525,-0.18596767,0.33112618,0.024233134
0.30328974,0.46215582,0.6606293,1.0,-0.30774295,-0.31067774,0.66850173,0.75896525,-0.015930027,-0.1793711,-0.0122957565,0.2597005,0.14195035,0.24638097,-0.3011091,-0.115559734,-0.06574149,0.13486184,0.70847285,0.5465564,-0.16415736,-0.13786782,0.39664784,0.63665605,-0.27027214,-0.14743139,-0.26141095,-0.30481324,-0.19055808,-0.08208682,0.33731323,0.4426661,0.4801589,0.5431201,0.617834,0.55044836,-0.04415379,0.04265757,-0.24755003,-0.056430306,-0.19040984,-0.19520523,0.5538749,0.40194622,0.22349955,0.26692942,0.35401767,0.24947524,0.24837814,0.13365187,0.06878166,0.15555733,0.3008755,-0.20306405,-0.0033689465,0.00904763,0.06476979,0.07525375,-0.1264522,0.24309881,-0.013864094,-0.28346312,0.22348978,0.31323865,0.09871352,0.2755895,0.25873375,0.25462395,0.36363307,0.015046994,0.16064127,0.14855133,-0.18872559,-0.13118346,-0.0047431067,-0.009902045,0.05059857,0.15341467,0.012058683,0.075027734,0.09204381,0.18155743,-0.15779924,0.1462939,0.15179902,0.26936594,-0.0068540857,0.2764632,0.04684027,0.21414843,-0.05003304,0.0055626403,0.13291846,-0.08128338,0.16621582,0.047627494,0.08436697,0.018438894,0.04698689,-0.068916775,0.042209316,0.053950436,0.16539212,0.13167597,0.17982541,0.022611419,-0.11780551,-0.14904071,0.13343443,0.1670685,0.26085916,0.13964817,0.16355002,-0.14822216,0.06990701,-0.057559844
-0.13780366,0.13607398,-0.41014543,-0.30774295,1.0,0.81513256,-0.5150877,-0.47198376,0.574823,0.4584151,-0.15682557,-0.4017962,-0.38942587,-0.40217432,0.4022519,0.42957836,0.1541351,-0.08581887,-0.06289601,0.17849585,0.044385407,0.1851922,-0.30121768,0.122085534,0.5763628,0.7242449,0.6974452,0.2642523,0.22559106,0.00078564853,0.02363231,-0.51953393,-0.14127493,0.010289278,-0.16057485,0.13631848,0.20289487,0.24923633,0.5600877,0.44434577,0.23646967,-0.02411554,0.0038552398,-0.14938527,0.060365666,0.069134474,0.15503745,0.40409717,0.061517294,-0.11816403,-0.07727021,-0.26621306,-0.26995295,0.052340325,0.29664955,0.50657797,0.24911971,0.17716283,0.16582361,-0.2918415,0.477441,0.4139941,0.14658812,0.23483,-0.2335919,0.041161224,0.47833458,0.18543252,0.14352994,0.23297228,0.031070502,0.26227874,0.22139509,0.22375898,0.15962519,0.23100601,0.15040956,0.118962765,0.21984255,0.09146465,0.10867761,0.3410496,0.36237186,0.32702354,0.09533354,0.36413845,0.36850867,0.3863146,0.0359276,0.3106061,0.26654488,0.44622403,0.3104794,0.53581476,-0.045229953,0.3716527,0.21752942,0.25580722,0.123867884,0.44664955,0.14073966,0.08598409,-0.26397026,-0.118530415,-0.15826514,-0.23356271,0.3315468,0.2483728,0.049315687,-0.012104626,0.31216785,0.21374327,0.29019192,0.5207376,-0.13255122,0.13874689
0.07637411,0.20991555,-0.30151555,-0.31067774,0.81513256,1.0,-0.3908057,-0.43812403,0.56833965,0.6564191,0.023879228,-0.19802102,-0.16251299,-0.2185687,0.5786733,0.5008578,0.25984767,0.063980386,0.027618755,0.24296981,0.24422586,0.28166044,-0.086987235,0.13889724,0.69128686,0.662668,0.7154763,0.40784925,0.3910928,0.22091201,0.18937956,-0.34810483,-0.016632114,0.010619385,-0.051856384,0.09638349,0.43281752,0.4274792,0.6708052,0.5776724,0.4084816,0.21227391,0.013099758,-0.18175744,0.11970496,0.09478966,0.14626986,0.38183892,0.06437752,-0.034553066,-0.09035971,-0.22313897,-0.20740397,-0.013002558,0.37707025,0.52948034,0.42907742,0.3623631,0.18648079,-0.19923924,0.595824,0.42645916,0.29078898,0.38207525,-0.10211918,0.0013422722,0.56933516,0.28468674,0.23718904,0.38566357,0.2818263,0.34338135,0.41571578,0.3825688,0.3571103,0.389628,0.24489483,0.22933073,0.2834914,0.17910407,0.31668514,0.43759406,0.5310323,0.42262045,0.2778817,0.38897765,0.45408228,0.30411103,0.15973672,0.3761068,0.32917765,0.4360275,0.46112505,0.49312782,0.06398876,0.43518865,0.28277996,0.26441377,0.23550604,0.43417844,0.22472022,0.08579515,-0.25099462,-0.16017546,-0.119420975,-0.24267392,0.21961172,0.1690802,0.21877867,0.13381596,0.3600917,0.17245387,0.22767858,0.5219669,-0.06464747,0.1264427
0.43541336,0.24887186,0.8142382,0.66850173,-0.5150877,-0.3908057,1.0,0.8465602,-0.16284505,-0.12625365,0.2518074,0.65518546,0.4385346,0.66401136,-0.13569483,-0.12520106,0.06288921,0.4264496,0.55429107,0.2845273,0.06293351,-0.18622503,0.7317154,0.3717696,-0.15903445,-0.44574267,-0.44837108,-0.2482393,-0.03609774,0.253986,0.50971925,0.7250814,0.6461888,0.39538464,0.6640509,0.36329195,0.15929516,0.17706132,-0.21521088,0.03193578,-0.037919957,0.14630596,0.45250586,0.39144796,0.24064946,0.14699264,0.3332403,0.076794185,0.15339516,0.15321743,0.11595747,0.22495641,0.5048669,-0.21365038,0.12797289,-0.027649498,0.052306473,0.042040404,-0.15168695,0.26615453,-0.18051575,-0.46161565,0.13113134,0.17485844,0.2750306,-0.020734318,0.11577437,0.31441474,0.2431735,0.04735666,0.4116086,0.06744862,-0.008126689,0.038033336,0.24370721,0.04514029,0.20254956,0.3179965,-0.022299582,0.24144068,0.32890227,0.14177759,0.06396295,0.19479169,0.42937544,0.0805868,0.09886745,-0.09224451,0.37174058,0.20564446,0.11102136,-0.21764757,0.0888624,-0.3588942,0.35171923,0.047761954,0.14627476,0.055578057,0.24506369,-0.09631364,0.10083865,0.14920866,0.32631838,0.18600786,0.3577971,0.112475954,-0.24845394,-0.21498752,0.24159472,0.43057606,0.2337428,0.03994059,-0.093510576,-0.2900017,0.2162179,-0.031509973
0.23064288,0.34953338,0.69685185,0.75896525,-0.47198376,-0.43812403,0.8465602,1.0,-0.08659579,-0.19506654,0.14275819,0.5435484,0.36586374,0.565457,-0.23034646,-0.07038801,0.033425074,0.3372424,0.5350441,0.2993032,0.008934533,-0.15665622,0.5392941,0.50566214,-0.26893955,-0.3614372,-0.3980841,-0.31405407,-0.09121966,0.15429483,0.4329357,0.5968752,0.5402413,0.4711783,0.62299216,0.4832738,0.029529268,0.10984395,-0.29653198,-0.025232561,-0.16150022,-0.047465727,0.477482,0.45289576,0.24017255,0.22405256,0.37367022,0.16594481,0.14757799,0.17524542,0.08271032,0.19100356,0.43022883,-0.1888233,0.011085314,-0.0010389058,-0.033240516,-0.03914679,-0.14362748,0.20244575,-0.16696411,-0.5006972,0.08511715,0.17477445,0.23258789,0.122166015,0.1471199,0.23572387,0.19343494,-0.11217867,0.30433196,0.15235789,-0.12947696,-0.012423788,0.13209887,0.0079617975,0.14950174,0.2752598,-0.01695556,0.25458452,0.20081362,0.22345786,-0.06476074,0.25119054,0.24841294,0.22132248,-0.026300149,0.13041024,0.20132823,0.2461617,-0.016506067,-0.16299886,0.0092065595,-0.3176317,0.18046615,0.0031686695,0.037554827,0.0075370525,0.1260905,-0.0772271,0.022610247,0.057509147,0.2600072,0.15924177,0.25969198,0.045195095,-0.22601007,-0.2191921,0.11772111,0.31125,0.26242194,0.0719444,0.07117632,-0.2519156,0.08504875,-0.058932766
0.060881987,0.46554986,-0.17580308,-0.015930027,0.574823,0.56833965,-0.16284505,-0.08659579,1.0,0.6750269,0.223473,-0.000716607,0.16383,0.016128715,0.63711077,0.63786155,0.4017983,0.20097028,0.20599349,0.39628494,0.40794948,0.5695062,-0.09394309,0.3934349,0.37196115,0.44876313,0.50925845,0.24361473,0.55481833,0.42553538,0.25749585,-0.29758888,0.13075054,0.2846193,-0.03592698,0.11829085,0.44635582,0.49275732,0.5537767,0.5322442,0.39447042,0.21504055,-0.007906098,-0.1852739,0.20628986,0.1979971,0.10860026,0.26130608,0.15091124,-0.030877126,-0.20655064,-0.18996736,-0.13848111,-0.07310798,0.137263,0.40108153,0.44033715,0.3672915,0.11193368,-0.1486018,0.5218199,0.2763883,0.34228593,0.519214,-0.22281241,0.09627516,0.50239956,0.17265263,0.35041964,0.28800353,0.3965025,0.53684586,0.4699247,0.4698717,0.3888018,0.49373588,0.37275058,0.3136052,0.41485372,0.3014696,0.43754694,0.658671,0.47880894,0.6072231,0.3462776,0.6239186,0.2933552,0.46215352,0.14687686,0.57686216,0.104150444,0.4664528,0.39717373,0.37920114,0.048545044,0.276022,0.1149302,0.0138087105,0.024081932,0.2842862,0.09539415,-0.025511773,-0.23795411,-0.09816128,-0.024327809,-0.19114132,0.26151845,0.16212639,0.31136566,0.13265754,0.27274424,0.078578115,0.25303206,0.39430198,-0.11610213,-0.005070756
0.25942865,0.31581473,-0.09039708,-0.1793711,0.4584151,0.6564191,-0.12625365,-0.19506654,0.6750269,1.0,0.23130113,0.1767156,0.24959955,0.19137761,0.7661568,0.5770771,0.33968356,0.28000695,0.20159443,0.38948926,0.49816775,0.49502748,0.15940729,0.16155054,0.57576114,0.34445307,0.5389891,0.54326344,0.52320623,0.55103606,0.3017046,-0.12876517,0.21774016,0.1516721,0.08035635,0.066876926,0.5611451,0.49408966,0.5846569,0.54667073,0.5060895,0.44189683,0.009090885,-0.16254348,0.32914612,0.15986921,0.11286974,0.21575484,0.04773047,0.010131234,-0.055088677,-0.13318875,-0.043572813,-0.07948988,0.2764814,0.36690283,0.45656177,0.40513843,0.08445642,-0.00299177,0.46934667,0.26659867,0.33898255,0.44008887,0.010497761,0.06814183,0.5417753,0.38377365,0.38782728,0.506105,0.46254465,0.33547822,0.49712855,0.46643764,0.5147638,0.50840515,0.2606839,0.22414394,0.32309553,0.37563413,0.5093141,0.5346021,0.6448749,0.48227036,0.46448627,0.41734543,0.43601444,0.10706256,0.2943716,0.48997483,0.24725077,0.36149818,0.5356951,0.3165976,0.14949426,0.28213492,0.16326034,0.025535133,0.20679234,0.2947209,0.26419616,0.09554071,-0.14805104,-0.07512459,0.041110013,-0.17313801,0.10606611,0.18335603,0.4414482,0.25730738,0.26678625,0.025250599,0.13458914,0.319009,-0.011125675,-0.024507578
0.28036648,0.36467427,0.054921236,-0.0122957565,-0.15682557,0.023879228,0.2518074,0.14275819,0.223473,0.23130113,1.0,0.6619186,0.70978546,0.454188,0.19899589,0.035002135,0.8119802,0.68632257,-0.0647703,-0.12730025,0.29865375,0.4232466,0.22867145,0.20417018,0.13663746,-0.022405192,-0.10772349,-0.057152104,0.74028677,0.6923965,0.4184527,0.17221785,0.24331458,0.25884324,-0.043500952,-0.16015653,0.45173773,0.5156186,0.29079548,0.25259927,0.338894,0.50390923,-0.28795442,-0.44737557,0.07338702,-0.11802316,-0.29723698,-0.24220566,0.16094108,0.13051157,-0.17657168,-0.14915751,-0.22687633,-0.07979033,-0.16213447,-0.09667571,0.60659605,0.55731213,0.30510864,-0.049361207,0.35556698,0.171733,0.5021719,0.44013035,-0.1271992,-0.0024932553,0.15186144,-0.0790521,0.10636693,0.11985153,0.6864103,0.59548753,0.71977216,0.654378,0.59651375,0.65208274,0.6691317,0.5908288,0.6882906,0.5307047,0.6415413,0.5329894,0.060212955,0.19975802,0.29906768,0.117274955,-0.20357883,-0.11155587,0.041811664,0.14830458,-0.12832096,-0.12480529,0.17909469,-0.09597701,0.17594405,0.060192686,0.010891547,-0.13690777,-0.07593994,-0.15483528,-0.24313968,-0.33932045,-0.35585535,-0.4001817,-0.16598344,-0.273025,-0.3114803,-0.3807652,0.28264314,0.22226007,-0.07454128,-0.3001285,-0.24760014,0.13979444,-0.036696818,-0.24723095
0.5131047,0.32672304,0.5052737,0.2597005,-0.4017962,-0.19802102,0.65518546,0.5435484,-0.000716607,0.1767156,0.6619186,1.0,0.6541409,0.79699814,0.13437401,-0.06379868,0.49720314,0.80065167,0.2766519,0.088762365,0.2552163,0.09396748,0.64994204,0.15812725,0.094122775,-0.3744875,-0.3313503,-0.0028107937,0.37626588,0.6863469,0.5766411,0.57928985,0.6013567,0.3422772,0.36068854,0.095732555,0.35830197,0.37880757,0.03207672,0.197822,0.19294925,0.48203757,0.07429497,-0.029856674,0.25656313,-0.03860282,0.08473289,-0.07270754,0.04589282,0.07323195,0.048316397,0.065461256,0.21681827,-0.11718725,0.09917871,-0.0071439706,0.36950782,0.36732036,0.052827362,0.16878861,0.064643264,-0.23516066,0.34688902,0.28679463,0.17579405,-0.04318667,0.17875612,0.20657183,0.2408363,0.1836321,0.64293253,0.25100052,0.34468684,0.36742437,0.515274,0.3592668,0.44847068,0.5235987,0.32094344,0.6053712,0.6008037,0.3844021,0.22656262,0.2333295,0.47742167,0.025134165,0.058739875,-0.31965175,0.38243163,0.20001459,0.121157244,-0.1963315,0.19825453,-0.31942767,0.3485151,0.07789748,0.12221776,0.011840167,0.26147294,-0.03932452,0.062207967,0.024288386,0.14025064,0.0002723275,0.2768101,0.013079981,-0.32574287,-0.28083667,0.3713388,0.43291304,0.11919299,-0.09511304,-0.23897514,-0.069941595,0.25626147,-0.13657089
0.27762017,0.3020967,0.20235993,0.14195035,-0.38942587,-0.16251299,0.4385346,0.36586374,0.16383,0.24959955,0.70978546,0.6541409,1.0,0.6614065,0.26441202,0.22143456,0.51644385,0.51824135,0.061248433,-0.008694932,0.557498,0.52660877,0.36674792,0.25389516,-0.093131565,-0.28398997,-0.12339413,0.039288178,0.62742746,0.706511,0.35145375,0.34641856,0.20042056,0.1487309,0.11463744,-0.061903533,0.49435622,0.5309639,0.19799648,0.25920123,0.4236531,0.57860965,-0.04840788,-0.10732808,0.23623383,0.034725275,-0.113366224,-0.15480205,0.07071317,0.18917981,0.019795656,0.0543309,-0.022599693,-0.11281805,-0.118905924,-0.110401,0.33253556,0.32088357,0.09941324,0.11309717,0.12849925,-0.02602548,0.29664034,0.31339535,0.107436806,0.09718941,0.11766342,0.074363954,0.21987538,0.09824719,0.62320834,0.43878478,0.57402056,0.5776928,0.567862,0.56841254,0.4913293,0.38606924,0.3830143,0.40699726,0.578569,0.4575822,0.12320621,0.2922359,0.39401236,0.26798627,-0.1629635,-0.08486697,0.18639052,0.34141028,-0.14059973,-0.07573294,0.15397508,-0.21450906,0.25613695,0.061639197,0.020915393,-0.14118285,-0.03674707,-0.1823735,-0.17619301,-0.21544722,-0.08548108,-0.20549761,0.08087182,-0.079052985,-0.21176508,-0.24890704,0.47353065,0.4008961,0.0009168664,-0.23459429,-0.06936463,-0.087424316,0.04604043,-0.120340586
0.43274805,0.13817042,0.5014085,0.24638097,-0.40217432,-0.2185687,0.66401136,0.565457,0.016128715,0.19137761,0.454188,0.79699814,0.6614065,1.0,0.18581827,0.10543899,0.24546427,0.6290582,0.2962263,0.13038544,0.41640207,0.07067545,0.7195153,0.13077149,0.084234565,-0.45528883,-0.2960817,0.09665657,0.26853728,0.65147156,0.52696663,0.6006345,0.52066004,0.15602744,0.4328686,0.113012545,0.39868292,0.39404753,0.03109174,0.22798899,0.27469495,0.5366155,0.20018469,0.18359455,0.30432674,0.03977498,0.21366946,0.029270388,0.06631545,0.028208273,0.14681856,0.14923714,0.32893708,-0.0923108,0.1270787,0.0068051293,0.08968873,0.065785035,-0.179375,0.26039392,-0.1535504,-0.36657166,0.075168446,0.09473698,0.26990062,-0.09860451,0.098056436,0.30811614,0.24544002,0.10987661,0.51509994,0.07435815,0.27166787,0.30767503,0.5206701,0.26615107,0.3230406,0.36017504,0.07448901,0.43540406,0.5507794,0.31780708,0.29951817,0.33943188,0.58497584,0.10888166,0.13807885,-0.3014534,0.52350426,0.32884276,0.14740139,-0.24847724,0.023588922,-0.46871236,0.41820326,0.12279051,0.17190066,0.063888155,0.32176456,-0.010070389,0.028573934,0.09586759,0.2594496,0.06782779,0.41199073,0.09587431,-0.21241519,-0.17170013,0.42078623,0.5383628,0.21022698,-0.018827649,-0.22797695,-0.2135484,0.28874904,-0.03952577
0.1454462,0.105346546,-0.10592599,-0.3011091,0.4022519,0.5786733,-0.13569483,-0.23034646,0.63711077,0.7661568,0.19899589,0.13437401,0.26441202,0.18581827,1.0,0.75688183,0.27023456,0.20594984,0.04445395,0.15732913,0.696006,0.5909127,0.085459545,-0.022486217,0.51209956,0.2698695,0.5018258,0.49707747,0.5441603,0.56400746,0.22276546,-0.20191006,0.1282996,-0.002073495,-0.051584188,-0.053424776,0.55005574,0.516679,0.6518417,0.6245611,0.572496,0.5782449,-0.12643756,-0.20349143,0.1683483,0.08266394,0.106559865,0.15504552,-0.13427526,-0.0060920864,-0.09284337,-0.13653556,-0.07801265,-0.07046794,0.3829817,0.46982834,0.3645104,0.2947371,-0.01088237,-0.066705465,0.40198624,0.21097101,0.21603282,0.27079612,0.027761212,-0.15920763,0.44028652,0.325579,0.24647833,0.35753658,0.4133163,0.2629212,0.5264021,0.49137264,0.44158888,0.37810266,0.15213248,0.10553109,0.20656918,0.26558387,0.40667245,0.41618448,0.76065,0.58199084,0.45048094,0.3614859,0.46656987,0.10706172,0.4359326,0.522496,0.35962534,0.4181285,0.4674107,0.30832514,0.22114998,0.31636652,0.24605282,0.1476433,0.30041894,0.38827184,0.35682264,0.2184898,0.0065667345,0.115175456,0.19689086,0.00047157606,0.31007668,0.32111514,0.43285918,0.27744764,0.27200064,0.14021757,0.20202714,0.40350646,0.11857187,0.20874316
-0.11094166,0.12451878,-0.1483634,-0.115559734,0.42957836,0.5008578,-0.12520106,-0.07038801,0.63786155,0.5770771,0.035002135,-0.06379868,0.22143456,0.10543899,0.75688183,1.0,0.13660724,-0.030655256,0.039506193,0.1424179,0.66871136,0.58050257,-0.0396292,0.22592354,0.3691363,0.37675843,0.5193536,0.35643604,0.40981668,0.35941514,0.22307791,-0.26355422,-0.057332464,-0.016345024,-0.014014061,0.118027575,0.43951032,0.49203566,0.5764072,0.5810373,0.50367296,0.40709093,-0.012817804,-0.027489915,0.17204995,0.201492,0.20567416,0.2920434,-0.058491226,0.10855019,-0.07043613,-0.10391722,-0.05154369,-0.15144299,0.26982325,0.50497067,0.17155862,0.06477425,-0.08103058,-0.11300799,0.32196566,0.1304212,0.09336547,0.21622638,0.06781161,0.023567816,0.4589051,0.31399968,0.19517009,0.12548949,0.25110066,0.33121863,0.3591114,0.39998764,0.2834463,0.2944412,0.07068674,-0.01725517,0.11827942,0.10685746,0.22267877,0.43556976,0.55932575,0.71273994,0.31162816,0.58568954,0.31447828,0.4582376,0.29958278,0.6652263,0.2507894,0.5007228,0.33163124,0.3788344,0.14947352,0.31533214,0.217894,0.18007772,0.18418756,0.4213099,0.27084517,0.12906857,0.0039650514,0.12375804,0.15164071,-0.019297719,0.4056497,0.33626163,0.3632025,0.24850753,0.38642502,0.23915923,0.48960868,0.44321322,0.019003475,0.29121402
0.18012802,0.48063812,-0.10450189,-0.06574149,0.1541351,0.25984767,0.06288921,0.033425074,0.4017983,0.33968356,0.8119802,0.49720314,0.51644385,0.24546427,0.27023456,0.13660724,1.0,0.65742785,-0.05585634,-0.036101464,0.24076821,0.49517784,0.002999842,0.2742114,0.21988855,0.22568421,0.1559059,-0.036171142,0.8033933,0.6604718,0.3585813,-0.057986874,0.19616994,0.37034374,-0.10299941,-0.016410803,0.42165098,0.5278273,0.39813486,0.31846553,0.26465777,0.36899546,-0.258486,-0.46769232,0.045469478,-0.14881308,-0.22174536,-0.04515337,0.14972425,0.08289632,-0.28737673,-0.34518075,-0.31819776,-0.068561986,-0.14405093,0.048880793,0.67402536,0.58132035,0.4221793,-0.15171494,0.53663194,0.3011922,0.58530354,0.51042,-0.30123103,0.10764539,0.32912442,-0.06624396,0.11145025,0.1486151,0.6869933,0.75162464,0.73845714,0.6945358,0.56682366,0.7003244,0.72992295,0.6666497,0.84548885,0.67855126,0.6784789,0.7101175,0.13431129,0.30428833,0.2651731,0.30176148,-0.094352834,0.1285394,-0.07655313,0.20045495,-0.16965632,-0.029310258,0.23241252,0.09225781,0.036158208,0.10245846,-0.011166391,-0.1265686,-0.13025367,-0.048142746,-0.2307466,-0.37176934,-0.47371817,-0.45592216,-0.30005777,-0.4312592,-0.24588154,-0.35042357,0.18388073,0.14872386,0.07974098,-0.232929,-0.10818824,0.32349673,-0.20402105,-0.29415482
0.48818386,0.4310104,0.28212374,0.13486184,-0.08581887,0.063980386,0.4264496,0.3372424,0.20097028,0.28000695,0.68632257,0.80065167,0.51824135,0.6290582,0.20594984,-0.030655256,0.65742785,1.0,0.23156893,0.14908837,0.23663084,0.17875797,0.47660878,0.17028062,0.21871604,-0.17038998,-0.10141164,0.064279556,0.5271757,0.7375697,0.5262197,0.38583136,0.54158294,0.37475836,0.23905294,0.08939144,0.41488037,0.47173515,0.22108321,0.33657798,0.28178644,0.4637751,0.073311396,-0.15124327,0.21353795,-0.09796542,0.06417387,0.03631892,0.13887756,-0.08988402,-0.04578253,-0.09177438,0.0038794202,-0.04616759,0.11260475,0.08891792,0.51400596,0.51796955,0.15521988,0.11786804,0.24576907,-0.025339497,0.42759952,0.41486612,-0.010350413,0.013679223,0.29635924,0.19472326,0.28051648,0.23649743,0.6802399,0.39024693,0.48837903,0.5045895,0.6402413,0.53148955,0.60595596,0.67523384,0.501594,0.7625538,0.6987314,0.55014336,0.30018932,0.2848694,0.49962258,0.114216685,0.17090993,-0.20325644,0.32001302,0.24593593,0.12045141,-0.10097943,0.23603344,-0.1920693,0.34320647,0.20628081,0.19906597,0.08042964,0.23858602,0.038473822,-0.031778384,-0.02172587,-0.0206776,-0.13295904,0.15878731,-0.07365303,-0.22749758,-0.24557725,0.34806067,0.3993714,0.16397154,-0.07125056,-0.2725394,0.0620586,0.19420977,-0.15636392
0.59087765,0.49555272,0.6072987,0.70847285,-0.06289601,0.027618755,0.55429107,0.5350441,0.20599349,0.20159443,-0.0647703,0.2766519,0.061248433,0.2962263,0.04445395,0.039506193,-0.05585634,0.23156893,1.0,0.8248249,-0.051536553,-0.15309891,0.53252125,0.49615124,0.12137346,-1.9768457e-05,-0.04022229,-0.07700665,-0.123067066,0.09280333,0.43891042,0.42704177,0.66995585,0.53443795,0.71212196,0.5404156,0.15301232,0.13893002,-0.058212988,0.12749067,-0.08601486,-0.028894644,0.62878954,0.4205029,0.40524745,0.2972997,0.46233207,0.36344457,0.13470498,0.029754248,0.094179705,0.092423335,0.39295727,-0.255071,0.26569626,0.24156873,0.23697558,0.23666988,-0.10153099,0.3304043,0.1057651,-0.15822719,0.32580352,0.45470098,0.17951481,0.17065786,0.39634854,0.48164698,0.62570757,0.3890986,0.27582574,0.0560365,-0.08534673,-0.10030987,0.15283743,0.05840059,0.027535874,0.1898116,-0.024332276,0.14624514,0.28225222,0.26939157,0.25224596,0.31641966,0.43023387,0.30806202,0.399263,0.20387304,0.31185657,0.3221165,0.22664185,0.10994593,0.43915907,0.033243172,0.26969117,0.14399448,0.20436019,0.085995235,0.3027148,0.13087383,0.33489072,0.26860482,0.28410533,0.25455743,0.32429937,0.10041203,0.018545592,0.07130989,0.28003937,0.28141728,0.3531466,0.23638943,0.1269037,-0.04587575,0.18081896,0.021709459
0.5570578,0.5662176,0.35421202,0.5465564,0.17849585,0.24296981,0.2845273,0.2993032,0.39628494,0.38948926,-0.12730025,0.088762365,-0.008694932,0.13038544,0.15732913,0.1424179,-0.036101464,0.14908837,0.8248249,1.0,-0.015256449,-0.01129914,0.3161377,0.48662326,0.15633745,0.15977636,0.22007717,0.09203063,-0.03674611,0.07691026,0.2513187,0.20709302,0.50373447,0.4864615,0.53230333,0.44529447,0.18250449,0.16138099,0.08790523,0.21369645,0.028253825,-0.03016464,0.56251705,0.3253481,0.4015645,0.33346933,0.40291175,0.40355054,0.16375807,-0.07967001,0.08878974,-0.027668973,0.21117038,-0.23713128,0.23889759,0.25772312,0.31397578,0.30578637,-0.034143705,0.26315194,0.2599503,0.039212883,0.40720138,0.5292952,0.04967651,0.2655349,0.42411458,0.42518592,0.6748584,0.5092089,0.2113668,0.111549884,-0.030971577,-0.042486098,0.16824493,0.15855415,0.042986136,0.15180226,0.007879756,0.11785749,0.27948046,0.33154777,0.31598955,0.31039447,0.37108177,0.39529598,0.43071923,0.26683387,0.24114507,0.35801125,0.17586274,0.25281304,0.5140391,0.19668388,0.14759699,0.19549263,0.17419687,0.054698057,0.19488387,0.12506695,0.27076074,0.20999299,0.15413786,0.13697234,0.20861639,0.0038392744,0.13062577,0.14969048,0.33058462,0.22246027,0.3445645,0.22360522,0.17709883,0.018991949,0.100570165,-0.001270537
0.11063508,0.047169134,-0.013989428,-0.16415736,0.044385407,0.24422586,0.06293351,0.008934533,0.40794948,0.49816775,0.29865375,0.2552163,0.557498,0.41640207,0.696006,0.66871136,0.24076821,0.23663084,-0.051536553,-0.015256449,1.0,0.6748254,0.17619748,0.022427857,0.19552568,-0.04670599,0.28892654,0.37561697,0.5490919,0.6215527,0.21824889,0.02099696,0.014252645,-0.11741616,-0.04526303,-0.089505345,0.5698355,0.57259274,0.5142639,0.5474335,0.65719044,0.69545585,-0.059624627,-0.053633533,0.18961017,0.010881368,0.11297361,0.088327564,-0.07478323,0.090130374,0.026899217,-0.023835301,-0.06436985,-0.16380827,0.22431542,0.27278265,0.19409074,0.14324987,-0.088809386,0.111922905,0.16691558,0.09370623,0.079590775,0.113374464,0.12340878,-0.08508148,0.24811888,0.2561381,0.1372918,0.13973784,0.4244076,0.25594938,0.51585543,0.52895236,0.47712204,0.3806484,0.21421699,0.11984355,0.14209586,0.25310063,0.41332778,0.35938287,0.5445257,0.5274717,0.46928623,0.39120057,0.2735362,0.058052197,0.41601187,0.5550244,0.18532151,0.2779654,0.21757585,0.1095628,0.30230448,0.27798453,0.23839606,0.12416996,0.18088922,0.18185943,0.19056472,0.12740229,0.08181843,0.11202469,0.25968212,0.09242716,0.20889963,0.1206262,0.46876317,0.41745982,0.2512147,0.08173296,0.17961963,0.19013405,0.16691041,0.20981653
-0.057392783,0.29138914,-0.269266,-0.13786782,0.1851922,0.28166044,-0.18622503,-0.15665622,0.5695062,0.49502748,0.4232466,0.09396748,0.52660877,0.07067545,0.5909127,0.58050257,0.49517784,0.17875797,-0.15309891,-0.01129914,0.6748254,1.0,-0.2311691,0.19517037,0.03411242,0.19050293,0.42397144,0.22767794,0.71433336,0.5322566,0.043346543,-0.2816801,-0.14760512,0.095478766,-0.31203666,-0.14927267,0.44322535,0.50905645,0.5331326,0.41658062,0.5509582,0.4770094,-0.3080574,-0.4067001,0.0567869,-0.064925194,-0.20398995,-0.05438339,0.008308445,0.09095881,-0.18804002,-0.17328717,-0.42183393,-0.12028581,-0.09005182,0.108967364,0.41064745,0.370364,0.17467809,-0.15493843,0.44381592,0.33661026,0.3136681,0.344228,-0.21579424,0.1142208,0.26855427,-0.05325232,0.11877515,0.16340195,0.37492934,0.53605825,0.61569595,0.6068321,0.35572875,0.5755725,0.35155874,0.1859464,0.4970861,0.28573352,0.3622567,0.5082116,0.2610302,0.36645234,0.17419161,0.47430775,-0.020012226,0.25393555,-0.04645695,0.4228345,-0.18079817,0.34881684,0.24867675,0.32199222,0.010444044,0.11818065,-0.0062212064,-0.13164985,-0.23463234,-0.008373594,-0.05892923,-0.19462296,-0.31426445,-0.2035954,-0.14530382,-0.19244249,0.16710714,0.029165672,0.3331801,0.10625118,0.03649374,-0.16553712,0.17903155,0.27380213,-0.18245806,-0.05678915
0.6269186,0.1259619,0.68775475,0.39664784,-0.30121768,-0.086987235,0.7317154,0.5392941,-0.09394309,0.15940729,0.22867145,0.64994204,0.36674792,0.7195153,0.085459545,-0.0396292,0.002999842,0.47660878,0.53252125,0.3161377,0.17619748,-0.2311691,1.0,0.23194525,0.24565609,-0.3378607,-0.29314488,0.028664112,-0.0058780494,0.3742419,0.66198087,0.7529492,0.6675316,0.1754725,0.63058794,0.25376275,0.36725947,0.28855824,0.020579403,0.24847187,0.2016187,0.39249167,0.4227273,0.3357489,0.38220596,0.10710461,0.4051018,0.17136706,0.1367317,0.0887764,0.26236138,0.2867525,0.5140108,-0.13910955,0.3668775,0.14153455,0.1331455,0.13672912,-0.17124066,0.35960662,-0.11419581,-0.32245836,0.10671968,0.16410275,0.3390241,-0.1035955,0.21866702,0.50516653,0.39237422,0.2878276,0.42560166,-0.095871605,0.072185226,0.05691353,0.39549625,0.09437942,0.17434514,0.29135886,-0.072725266,0.23842639,0.43431386,0.12193896,0.3190765,0.23211226,0.60489976,-0.0060854666,0.32196313,-0.3141144,0.60650474,0.26148877,0.41907057,-0.1394324,0.25365037,-0.27484694,0.5261092,0.2647448,0.35498852,0.23463805,0.5239848,0.10857102,0.31178808,0.31545058,0.4162377,0.22126393,0.52656585,0.23062584,-0.13264565,-0.06709305,0.41776714,0.5597377,0.3006314,0.1282444,-0.14987832,-0.17572731,0.44288206,0.09340761
0.1615686,0.65406626,0.2705814,0.63665605,0.122085534,0.13889724,0.3717696,0.50566214,0.3934349,0.16155054,0.20417018,0.15812725,0.25389516,0.13077149,-0.022486217,0.22592354,0.2742114,0.17028062,0.49615124,0.48662326,0.022427857,0.19517037,0.23194525,1.0,0.043846987,0.32376447,0.12875462,-0.20501336,0.21418509,0.106403664,0.48029783,0.16044725,0.29524624,0.5532306,0.38081825,0.5463823,0.2635598,0.36196163,0.19623332,0.26592028,0.08824759,-0.050601464,0.38528293,0.17542051,0.25054058,0.28868198,0.31515393,0.40528253,0.3379021,0.24590144,-0.055188287,-0.057096373,0.05868452,-0.23532087,0.044633936,0.27317268,0.3615444,0.28293896,0.1506025,-0.02082366,0.38050756,0.013233264,0.3739927,0.5530558,-0.11092087,0.35740432,0.5021532,0.2421503,0.36170498,0.10944218,0.29066372,0.5073309,0.17951904,0.21809983,0.21888311,0.3752383,0.34221858,0.33581442,0.37962127,0.21223602,0.28069228,0.56199723,-0.09342429,0.38857326,0.1835956,0.595797,-0.065152176,0.56002444,-0.033336874,0.4665355,-0.034022026,0.23847304,0.30240923,0.2262647,0.071242705,0.25591597,0.13605276,0.055723038,-0.008526047,0.110851854,-0.03310982,-0.2292255,-0.18420653,-0.17130938,-0.06960798,-0.19647226,0.047523804,-0.08366557,0.23790732,0.18983427,0.36905903,0.10999602,0.34960195,0.2060648,-0.12141692,-0.044716906
0.18540819,0.09038592,-0.11499631,-0.27027214,0.5763628,0.69128686,-0.15903445,-0.26893955,0.37196115,0.57576114,0.13663746,0.094122775,-0.093131565,0.084234565,0.51209956,0.3691363,0.21988855,0.21871604,0.12137346,0.15633745,0.19552568,0.03411242,0.24565609,0.043846987,1.0,0.5910659,0.37643275,0.25643837,0.26964363,0.29041734,0.40847734,-0.15512261,0.21833405,0.02349908,0.11955901,0.12698585,0.48076105,0.42831156,0.5440132,0.54538274,0.30900493,0.3597626,0.015647499,-0.097185485,0.23162676,0.046912193,0.23250684,0.33505204,-0.016763521,0.06737784,0.03123881,-0.15238461,0.0005416152,0.0022244256,0.4664421,0.5842739,0.36862907,0.283904,0.15857224,-0.08812065,0.38538542,0.26688612,0.23331933,0.26686215,0.04905995,-0.07293568,0.5212444,0.4214906,0.20427127,0.3651391,0.2898022,0.14908767,0.35341075,0.30770215,0.3701643,0.26559705,0.18497133,0.21768346,0.24971017,0.23630992,0.3386789,0.371138,0.5078908,0.4075057,0.3948749,0.2035657,0.43590665,0.057576116,0.3785382,0.34770074,0.55088663,0.2520748,0.45042416,0.30869868,0.2535837,0.42684048,0.37982956,0.34470916,0.51073825,0.5731019,0.31273523,0.1580679,-0.16502891,-0.11312916,0.052350454,-0.15561618,0.0873468,0.13407041,0.27532986,0.26250198,0.36972997,0.21790093,0.1450344,0.5039986,0.13722137,0.21939719
-0.17641044,0.2657486,-0.42649046,-0.14743139,0.7242449,0.662668,-0.44574267,-0.3614372,0.44876313,0.34445307,-0.022405192,-0.3744875,-0.28398997,-0.45528883,0.2698695,0.37675843,0.22568421,-0.17038998,-1.9768457e-05,0.15977636,-0.04670599,0.19050293,-0.3378607,0.32376447,0.5910659,1.0,0.5644002,0.016317569,0.21749647,-0.12798305,0.09862746,-0.52062875,-0.19140019,0.12544717,-0.11690352,0.23043713,0.18535525,0.24183221,0.46449998,0.33755654,0.096328855,-0.070098735,-0.0521358,-0.18468119,0.05356589,0.13320695,0.04622917,0.3336079,0.08542759,0.15042856,-0.1406619,-0.35184035,-0.3281855,-0.07170129,0.12984776,0.4846745,0.36681336,0.258894,0.35908023,-0.30419812,0.5729633,0.50306547,0.3176423,0.36871216,-0.25731596,0.21699895,0.5114738,0.14885563,0.08309096,0.16925421,0.015795559,0.38106596,0.2238735,0.19098249,0.013644467,0.21961479,0.10067707,0.066510946,0.38992077,0.018321216,0.011960455,0.37685543,0.06941494,0.28388134,-0.09334548,0.37732664,0.09849009,0.54733866,-0.16523288,0.25166005,0.15021512,0.4230555,0.3807233,0.6193803,-0.179335,0.23721327,0.09251465,0.11809307,0.01714631,0.41312146,0.07150396,-0.12894598,-0.49017465,-0.27963275,-0.38026795,-0.365244,0.22505565,0.1790087,-0.0074029407,-0.122573666,0.23715559,0.15064429,0.3924023,0.5959314,-0.30024362,0.10435154
-0.062875204,0.21037921,-0.43449172,-0.26141095,0.6974452,0.7154763,-0.44837108,-0.3980841,0.50925845,0.5389891,-0.10772349,-0.3313503,-0.12339413,-0.2960817,0.5018258,0.5193536,0.1559059,-0.10141164,-0.04022229,0.22007717,0.28892654,0.42397144,-0.29314488,0.12875462,0.37643275,0.5644002,1.0,0.3982546,0.3254948,0.10205004,-0.05999118,-0.39667407,-0.21912149,-0.041968707,-0.12176946,0.10468967,0.29225007,0.3151378,0.5469949,0.46345583,0.39411488,0.12536053,-0.012172957,-0.12046378,0.07104368,0.12436931,0.05015907,0.30627495,-0.060475715,0.0043260423,-0.03756783,-0.22278139,-0.31791034,-0.106100716,0.15453152,0.32377174,0.2866417,0.22580329,0.21875374,-0.12757,0.4980731,0.4588416,0.22147615,0.30456913,-0.15573564,0.21802564,0.42870405,0.20877844,0.17459556,0.29177105,0.11020579,0.31302413,0.2806626,0.27767813,0.14758864,0.2662188,0.12730691,0.0729052,0.19258633,0.13316913,0.1863341,0.37421483,0.3871146,0.3554401,0.12525764,0.47327054,0.3408419,0.38765603,-0.022078637,0.35166687,-0.00035029353,0.40336704,0.3519838,0.51647145,-0.10132597,0.31247884,0.07894536,0.06668965,-0.0574033,0.1852029,0.1328675,0.057142153,-0.26801276,-0.14925313,-0.18404137,-0.27541628,0.3201198,0.21542352,0.14346825,0.05508087,0.24997543,0.035108957,0.3011936,0.33939853,-0.22973828,0.074204
0.040718134,-0.11792447,-0.10525718,-0.30481324,0.2642523,0.40784925,-0.2482393,-0.31405407,0.24361473,0.54326344,-0.057152104,-0.0028107937,0.039288178,0.09665657,0.49707747,0.35643604,-0.036171142,0.064279556,-0.07700665,0.09203063,0.37561697,0.22767794,0.028664112,-0.20501336,0.25643837,0.016317569,0.3982546,1.0,0.18642893,0.2843531,-0.019643461,-0.10652772,-0.10581292,-0.29148614,-0.05519604,-0.09970903,0.23082829,0.22555797,0.33349493,0.35899276,0.43051603,0.29825836,0.0441874,-0.008694895,0.1974005,0.01713235,0.06449093,0.115862824,-0.11399978,-0.27582008,0.09814204,0.036899853,-0.07193043,-0.048410192,0.30095094,0.18632977,-0.049043328,-0.037438132,-0.1796819,0.015586004,0.031000549,0.007907459,-0.12446707,-0.09121224,0.056722872,-0.095519796,0.14199248,0.16999754,0.12249743,0.19474374,0.09260938,-0.055395883,0.20602956,0.24634123,0.34213495,0.1987085,0.0028204296,-0.072835185,-0.1002271,0.13653451,0.21518458,0.11554394,0.51134115,0.26819497,0.26684582,0.16086197,0.45508617,-0.05911372,0.29273742,0.26188207,0.17738603,0.1597024,0.13592327,0.032257207,0.2010497,0.25033912,0.19238225,0.15934478,0.18414983,0.19582656,0.1679301,0.18435241,0.15597856,0.11936475,0.2135219,0.15524529,0.1613627,0.29719892,0.32140583,0.24087363,0.12810664,0.038003094,0.022453072,0.08688637,0.18267225,0.10758965
0.10885236,0.37184957,-0.18091395,-0.19055808,0.22559106,0.3910928,-0.03609774,-0.09121966,0.55481833,0.52320623,0.74028677,0.37626588,0.62742746,0.26853728,0.5441603,0.40981668,0.8033933,0.5271757,-0.123067066,-0.03674611,0.5490919,0.71433336,-0.0058780494,0.21418509,0.26964363,0.21749647,0.3254948,0.18642893,1.0,0.7483142,0.2672808,-0.14813758,0.07085735,0.17570066,-0.16917968,-0.1342568,0.5898189,0.6804206,0.5542361,0.48667395,0.52027327,0.5464383,-0.27087098,-0.45358828,0.06898779,-0.08043567,-0.20398167,-0.035439882,0.11407101,0.048693825,-0.22517481,-0.26712784,-0.33574736,-0.08098501,-0.06679361,0.10957964,0.5965834,0.51125455,0.31733233,-0.14186455,0.52444005,0.33315894,0.45886382,0.45513952,-0.22356302,0.038322512,0.33908883,-0.017299922,0.13295639,0.15705694,0.7097881,0.7352161,0.8830723,0.8465882,0.6997695,0.80884415,0.6763404,0.5406504,0.7251847,0.56928205,0.68964773,0.71538657,0.32938114,0.44105726,0.38157815,0.4301569,0.035618212,0.15241702,0.039009277,0.3723442,-0.09769297,0.11264975,0.2756385,0.12422961,0.10567903,0.1989543,0.052739523,-0.10012507,-0.09602655,0.018977765,-0.1859395,-0.29617146,-0.44321528,-0.42012006,-0.2344578,-0.374321,-0.12715167,-0.2188101,0.36119,0.23990634,0.08418854,-0.23560517,-0.02224855,0.3191902,-0.15863588,-0.18888398
0.35904443,0.31566438,0.12515868,-0.08208682,0.00078564853,0.22091201,0.253986,0.15429483,0.42553538,0.55103606,0.6923965,0.6863469,0.706511,0.65147156,0.56400746,0.35941514,0.6604718,0.7375697,0.09280333,0.07691026,0.6215527,0.5322566,0.3742419,0.106403664,0.29041734,-0.12798305,0.10205004,0.2843531,0.7483142,1.0,0.43530667,0.1610563,0.38622352,0.21386273,0.07070432,-0.08044101,0.6105158,0.6426638,0.440971,0.48032802,0.5098595,0.69240415,-0.07738233,-0.23071393,0.2532255,-0.03425159,0.017038487,0.022392666,0.017483294,-0.00982264,-0.07051525,-0.061210737,-0.028849032,-0.085180834,0.12746271,0.15832998,0.48197857,0.4288995,0.06200449,0.036025777,0.29757893,0.04668893,0.35463732,0.33902705,0.056431778,-0.07207261,0.32998374,0.1976836,0.30901214,0.2741971,0.7312061,0.45547616,0.7052368,0.7176031,0.75761247,0.69013876,0.5868153,0.5474251,0.48412892,0.6684452,0.76507384,0.6423847,0.516206,0.5019346,0.6041839,0.32871816,0.19625053,-0.12566777,0.38237965,0.4317908,0.1332209,0.03651586,0.2807073,-0.10218065,0.35023457,0.23937294,0.18131407,0.031659484,0.21656425,0.11066867,0.023274729,-0.051727496,-0.04296255,-0.12808803,0.17910378,-0.09984948,-0.12899147,-0.17031425,0.5064691,0.44395503,0.19327872,-0.0964071,-0.09435745,0.1758308,0.16438052,-0.071935914
0.45668465,0.40216762,0.41350147,0.33731323,0.02363231,0.18937956,0.50971925,0.4329357,0.25749585,0.3017046,0.4184527,0.5766411,0.35145375,0.52696663,0.22276546,0.22307791,0.3585813,0.5262197,0.43891042,0.2513187,0.21824889,0.043346543,0.66198087,0.48029783,0.40847734,0.09862746,-0.05999118,-0.019643461,0.2672808,0.43530667,1.0,0.5458267,0.5489655,0.34734944,0.5009414,0.3998701,0.48307055,0.51965874,0.2842848,0.4420135,0.31226733,0.37210315,0.2665221,0.12517858,0.3625989,0.15615466,0.30215904,0.2479202,0.24509075,0.24844606,0.046354663,0.052153178,0.26296738,-0.18718149,0.31373352,0.36919594,0.380452,0.34920463,0.087349534,0.15064742,0.26112455,-0.0877904,0.34534377,0.4441739,0.078928314,0.08172967,0.47601414,0.44727716,0.36187485,0.2386602,0.5798614,0.3412706,0.29074976,0.25186366,0.41023058,0.27314958,0.41963333,0.5304641,0.337734,0.43322256,0.53584254,0.4817924,0.2857931,0.4618352,0.5033109,0.27824166,0.22713873,0.090221584,0.42668852,0.46039042,0.3813033,0.11891175,0.34969953,0.054415286,0.35131836,0.289116,0.28018972,0.18828437,0.38790938,0.24890225,0.2905749,0.1415466,0.11215474,0.09356023,0.28048718,0.03617722,-0.06492479,-0.09647341,0.36812055,0.46672636,0.38331205,0.10545152,0.02763513,0.18619353,0.1778645,0.029530607
