1.0,0.6809509,0.5391599,0.7146989,-0.08408342,0.027292041,0.7122929,0.66967845,0.245122,-0.076510586,0.3863559,0.4736594,0.48284864,0.484091,0.40885863,0.22584397,0.1961146,0.29905245,0.7203563,0.7656541,0.619129,0.17930084,0.4907764,0.22028299,-0.15832315,-0.19173743,-0.07778121,-0.09550579,0.43684283,0.42715463,0.23759365,0.3119481,0.5459883,0.6069553,0.64645255,0.30966038,0.27765033,0.30038676,0.18595514,0.27740234,0.3459763,0.31868288,0.28132302,0.45535684,0.029153315,0.25073883,0.39812985,0.3321495,0.27514663,0.28274822,0.3091276,0.25213593,0.19270618,0.27602944,0.3288401,0.18582061,0.76323617,0.57468104,0.06873941,-0.05614051,0.35320064,0.20607151,0.49700126,0.5541198,0.34873343,0.4381779,0.63021874,0.5257036,0.48917544,0.4507019,0.24829124,0.32261118,0.09337206,0.22494738,0.22255026,0.20879012,-0.07341943,0.017463068,0.1326057,0.093728185,0.46948537,0.27092618,0.103525996,-0.0496437,0.24344614,0.21936554,0.002268198,-0.18506794,0.36090702,0.31612766,0.13238226,0.0056006606,0.0021507004,0.124597326,0.2068686,0.32445368,0.2909498,0.2899902,0.29871973,0.14040689,0.062101994,-0.09655425,0.18826449,0.06431123,0.064119324,-0.010592248,-0.02220223,0.08640033,0.11760362,0.27338222,0.24630593,0.25509802,0.27336323,-0.062991165,0.008550086,0.022579335
0.6809509,1.0,0.30535448,0.47096795,-0.42512193,-0.4039335,0.52405125,0.5864206,-0.14353871,-0.45988634,-0.036229916,0.16582812,0.100047015,0.15158151,0.012671602,-0.21124485,-0.2566558,-0.088579185,0.48460352,0.82295746,0.2621302,-0.2381162,0.23751335,-0.012328608,-0.4498104,-0.44357052,-0.42900845,-0.49027103,0.01337635,-0.007872647,-0.12654838,-0.05086955,0.14948548,0.32754016,0.5414016,-0.010545335,-0.12369469,-0.09070944,-0.23591703,-0.1284564,0.018664053,-0.05080709,0.40424922,0.5860191,0.18405652,0.533842,0.09351826,0.03250343,0.3419611,0.33786872,0.3854007,0.25051928,0.2205337,0.22980343,-0.052554317,-0.2312778,0.77484095,0.81048405,0.21753955,0.0682178,0.66770893,0.54112977,0.49425033,0.7441832,0.48545122,0.7300079,0.6799486,0.59705114,0.70993054,0.46694455,-0.14730585,-0.076059185,-0.28167567,-0.21412595,-0.10384303,-0.05425701,-0.39362478,-0.3375511,-0.2591363,-0.25864628,0.16489653,0.27500936,-0.31756157,-0.4017216,0.010524803,0.24525245,-0.35317275,-0.5355085,-0.078862935,0.2134753,-0.03591949,-0.17762299,-0.102747604,-0.08816168,-0.058321275,0.040323813,-0.06350514,-0.043770954,0.026043167,-0.18176469,-0.16458142,-0.25034624,-0.11285028,-0.20038109,-0.14683975,-0.3429768,-0.25031263,-0.07113232,-0.25450513,-0.066383265,-0.073977225,-0.0902588,-0.0035037398,-0.31181434,-0.36965498,-0.22138818
0.5391599,0.30535448,1.0,0.80722284,0.115040876,0.28874803,0.8033117,0.60496247,0.51506394,0.25189364,0.3710165,0.45288792,0.6786027,0.59609246,0.5004781,0.43270248,0.46660805,0.46586588,0.652049,0.50721055,0.45685345,0.42393494,0.866441,0.6648938,0.25096112,0.2027318,0.29018682,0.17467026,0.50493896,0.5389422,0.5335902,0.5360368,0.70757836,0.65886605,0.49845162,0.4721604,0.44281456,0.4538009,0.41066974,0.3774205,0.29947442,0.36846447,0.10908994,0.3001854,-0.07519635,-0.07621937,0.49914503,0.47182202,-0.0007229414,0.16180792,0.16567902,0.101495944,0.16128416,-0.01138212,0.5365221,0.37659883,0.40801215,0.16956209,-0.118717656,-0.21307224,0.03414591,-0.03719158,0.3858186,0.20822276,0.17899592,0.14022878,0.46850523,0.37788802,0.24683571,0.326283,0.57416207,0.44213808,0.34644762,0.49307144,0.50357515,0.3787318,0.38312423,0.3075905,0.37699774,0.47685248,0.6265432,0.3510539,0.36289787,0.24096647,0.5103148,0.16065817,0.1672671,0.09071733,0.4885741,0.43569782,0.04711845,0.056177687,-0.13001402,0.075845584,0.23722051,0.36239734,0.4180711,0.40836075,0.36296368,0.21117668,0.05893516,-0.14475028,0.2219249,0.07359746,0.08038188,0.041013204,0.30656472,0.3832778,0.21256602,0.39168438,0.41769117,0.31362462,0.2734186,0.0864523,0.13894518,0.090445735
0.7146989,0.47096795,0.80722284,1.0,0.14644952,0.28349304,0.82994837,0.70588917,0.4980668,0.21528228,0.35317355,0.48932546,0.6154831,0.65522784,0.57611436,0.4744866,0.40014127,0.48707065,0.7340609,0.65488255,0.59655,0.3138888,0.73624873,0.6088939,0.17790838,0.1563201,0.23829271,0.15958479,0.52444077,0.54373765,0.44634876,0.59351856,0.6924404,0.71415687,0.53528243,0.43081927,0.3948687,0.42869902,0.32468578,0.32540125,0.34614596,0.38583446,0.14677921,0.4240895,-0.1761691,0.041339446,0.46494392,0.46685886,0.09065541,0.3253753,0.24601996,0.2808762,0.22867346,0.18677443,0.47527945,0.3446874,0.57534736,0.32740337,-0.034616705,-0.20031688,0.16703299,0.06879537,0.39750448,0.39740294,0.23447035,0.30945966,0.54348177,0.45719576,0.3644248,0.37248087,0.5015342,0.43960184,0.25376981,0.43597487,0.36620873,0.30213013,0.24074115,0.23809649,0.3126491,0.43953657,0.5809516,0.43509027,0.34259772,0.2371128,0.48869166,0.2988344,0.17643154,0.0896798,0.46575582,0.46032757,0.15457802,0.15645044,0.03495861,0.21499419,0.16458488,0.3040826,0.34525496,0.3485554,0.43792728,0.27913463,0.14515728,-0.1137803,0.31620428,0.17464642,0.112765275,0.094987705,0.19472367,0.27776134,0.12133845,0.3249329,0.34741637,0.43295714,0.37376884,0.106445886,0.13248105,-0.0021235114
-0.08408342,-0.42512193,0.115040876,0.14644952,1.0,0.7715766,-0.036557846,-0.0691465,0.6174854,0.75919664,0.2947848,0.25459126,0.22884925,0.33569038,0.5836675,0.6833722,0.50985384,0.35317335,-0.016315918,-0.30010715,0.1114794,0.29747316,0.07673873,0.31906444,0.73355186,0.6807539,0.64669096,0.75133014,0.41539457,0.44178995,0.3607856,0.4188592,0.22106625,0.1604831,-0.2547727,0.21650797,0.3687198,0.44920903,0.4477882,0.37079087,0.36917678,0.4756152,-0.27762917,-0.20458016,-0.3552739,-0.32804155,0.090768635,0.23177433,-0.019568956,0.08205746,-0.10523084,0.09852897,-0.042166848,0.10045072,0.32404906,0.48365593,-0.335766,-0.5032563,-0.11653052,-0.10236225,-0.5157981,-0.2797933,-0.3474984,-0.3487462,-0.22098175,-0.42033473,-0.2889712,-0.26655045,-0.3037638,-0.18753994,0.31697682,0.3577734,0.4333301,0.4870153,0.23738344,0.20671584,0.4699218,0.56716865,0.48071006,0.3679136,0.13721436,0.095415846,0.65743065,0.63529366,0.34453452,0.080995016,0.588726,0.6459007,0.42971823,0.30284837,0.14376868,0.44505945,0.18079348,0.26251072,0.12962314,0.26234272,0.31121552,0.3513958,0.25986567,0.37163362,0.29530737,0.24106656,0.36600298,0.40065753,0.22790736,0.3569058,0.41673884,0.25069317,0.24391311,0.2679498,0.21610598,0.34834704,0.19826458,0.35847843,0.3523868,0.1270025
0.027292041,-0.4039335,0.28874803,0.28349304,0.7715766,1.0,0.14545494,0.089603856,0.7652524,0.8703258,0.4516908,0.37324822,0.38317505,0.48041117,0.7216621,0.8368007,0.6446272,0.5433125,0.18066083,-0.2141598,0.2934685,0.5816092,0.2661433,0.4715936,0.74178934,0.7140689,0.8499779,0.87462705,0.55133367,0.59344304,0.43321583,0.5453427,0.43350375,0.30607304,-0.119424105,0.4382939,0.5602061,0.6441252,0.6223861,0.5105358,0.50081193,0.590676,-0.39083377,-0.17007616,-0.40433568,-0.49057433,0.3013201,0.3901202,-0.10235603,0.07105013,-0.10016478,0.19544865,-0.07128526,0.06931941,0.534935,0.6583116,-0.33238983,-0.507619,-0.17067087,-0.121101476,-0.60739595,-0.4874775,-0.29495403,-0.34639904,-0.3215626,-0.5125403,-0.17533481,-0.17716414,-0.2947397,-0.01801112,0.56439495,0.52407086,0.5328924,0.6951185,0.39010775,0.3436425,0.6200714,0.68662,0.61610353,0.5879841,0.3030483,0.17700714,0.83108425,0.81605154,0.48885405,0.09031887,0.72503227,0.78336316,0.6075273,0.3704676,0.24493627,0.4548631,0.1974731,0.42053536,0.19178192,0.34764138,0.44126442,0.44423145,0.40223452,0.50816953,0.42081773,0.2980796,0.601784,0.5242306,0.3565562,0.5012123,0.48818323,0.33346203,0.40781587,0.403484,0.38895714,0.43516582,0.36535996,0.43071866,0.49850354,0.22987632
0.7122929,0.52405125,0.8033117,0.82994837,-0.036557846,0.14545494,1.0,0.82110465,0.45186788,0.10826879,0.40194148,0.512795,0.67317843,0.6008597,0.4865924,0.34719267,0.4368674,0.50076044,0.7773403,0.6779069,0.6383256,0.42506632,0.7791606,0.480199,0.0043065487,-0.04978837,0.109046146,0.023390802,0.584738,0.56068665,0.39380732,0.4663654,0.6962332,0.6516962,0.64481014,0.5213643,0.5043346,0.48583555,0.43567783,0.44774395,0.4499324,0.44563943,0.09580737,0.34437755,-0.064469,8.803977e-05,0.5479509,0.5007473,0.101937994,0.19247603,0.12926438,0.12402013,0.09045462,0.097162075,0.5807862,0.38615355,0.5719234,0.37905404,-0.05919678,-0.14141357,0.1624092,0.08465248,0.45448184,0.46063495,0.18444872,0.25919688,0.6408667,0.51256996,0.40874836,0.41874287,0.58006376,0.5197653,0.35906062,0.46754912,0.5290268,0.46984982,0.3208396,0.2777271,0.4301743,0.40222284,0.73029095,0.35766533,0.2677549,0.11652365,0.44864425,0.15777236,0.05980215,-0.07207613,0.54371625,0.48939368,-0.009224725,-0.025157722,-0.17101587,0.03623592,0.33803168,0.44891506,0.5059775,0.47349098,0.36010036,0.21209908,-0.019283697,-0.2001459,0.15935847,-0.029271083,0.01716552,-0.04204923,0.27102625,0.4122805,0.2998423,0.4779999,0.471875,0.25468844,0.30193603,0.019161208,0.096175626,0.17011487
0.66967845,0.5864206,0.60496247,0.70588917,-0.0691465,0.089603856,0.82110465,1.0,0.36745596,0.12400051,0.32979506,0.5678632,0.5094537,0.63332075,0.41630206,0.29445994,0.34497616,0.4769097,0.72763115,0.69255155,0.57670987,0.30874276,0.62323093,0.47069836,-0.087846145,-0.115071476,0.015639031,-0.03822286,0.56331766,0.5329616,0.28015748,0.39797404,0.6429733,0.60916203,0.48955962,0.4098068,0.43941537,0.45669785,0.3775348,0.4084497,0.53824294,0.504047,-0.009367926,0.3007691,0.060121242,0.015588843,0.40237528,0.34909508,0.03279063,0.12239522,0.025673743,0.07213334,-0.0084958635,0.122813284,0.47979403,0.31885898,0.54757047,0.45817304,-0.03760789,-0.0027684632,0.1342495,0.19325024,0.32091397,0.49413085,0.11953746,0.31115547,0.5701808,0.48960268,0.4254598,0.38196597,0.45737642,0.46554494,0.29874796,0.37344202,0.43934298,0.41014418,0.21263139,0.238269,0.35032514,0.26842386,0.5987888,0.4413532,0.16548015,0.10245877,0.283577,0.19582763,-0.07635663,-0.102461964,0.4829835,0.5412102,-0.15495546,-0.08468445,-0.23126979,-0.071145274,0.2781754,0.44907406,0.45036727,0.45193446,0.21485561,0.12503354,-0.05933277,-0.23661016,0.06549747,-0.08296371,-0.1370552,-0.19211137,0.23652636,0.3898862,0.26260772,0.40433922,0.36952496,0.093339995,0.20046467,-0.09867359,-0.05129817,0.12995479
0.245122,-0.14353871,0.51506394,0.4980668,0.6174854,0.7652524,0.45186788,0.36745596,1.0,0.7310468,0.52701986,0.50215113,0.6598485,0.64990914,0.81598586,0.8219007,0.683339,0.64331025,0.3809333,0.03797364,0.51214117,0.6390432,0.4602842,0.5911452,0.6218811,0.60994524,0.6123826,0.6581825,0.682505,0.69505244,0.4652738,0.6625859,0.5944639,0.5295547,0.07911154,0.48108885,0.5954309,0.681309,0.62614655,0.57020086,0.5812787,0.6183814,-0.18214366,0.0065869996,-0.21398401,-0.32003766,0.39215356,0.4739693,-0.07930047,0.14483455,-0.049499363,0.0942819,0.04089849,0.12492028,0.62564427,0.6320601,-0.06444927,-0.22474302,-0.117977746,-0.2000386,-0.41893673,-0.26230347,-0.010278597,-0.07684808,-0.11755424,-0.2334045,0.07389037,0.101162545,-0.07967671,0.106431775,0.66562974,0.61915267,0.59996474,0.7255436,0.5025715,0.44015634,0.61091685,0.64798903,0.6521413,0.652023,0.5448391,0.3218837,0.722257,0.65475154,0.56914,0.16229907,0.5252631,0.5575702,0.66046804,0.49569437,0.17861436,0.3879362,0.0385651,0.2669121,0.29475024,0.43729156,0.517116,0.52179,0.4166137,0.44266552,0.24301982,0.1321951,0.45295346,0.37865442,0.17297326,0.30264843,0.50598377,0.49389166,0.3834324,0.4682185,0.43238798,0.4444316,0.39268464,0.3650217,0.3705722,0.18938147
-0.076510586,-0.45988634,0.25189364,0.21528228,0.75919664,0.8703258,0.10826879,0.12400051,0.7310468,1.0,0.4104953,0.42983553,0.31519568,0.51899153,0.6840572,0.8252842,0.66262186,0.5813223,0.19484738,-0.22981693,0.20916149,0.55426484,0.30402774,0.515006,0.7653227,0.7063221,0.8261282,0.8512223,0.54782045,0.62774223,0.46961033,0.52142876,0.4598261,0.26625022,-0.19226404,0.40248016,0.50975853,0.6179247,0.61469907,0.46565092,0.51278305,0.6497575,-0.5081755,-0.3060372,-0.3845545,-0.5696232,0.20393921,0.29419002,-0.20010664,-0.045084093,-0.25390607,0.06412397,-0.15930349,0.06920479,0.49269563,0.6188255,-0.40582678,-0.5634499,-0.21082094,-0.04077494,-0.72359055,-0.47035939,-0.37946078,-0.41729364,-0.43215036,-0.54549325,-0.2353506,-0.2857718,-0.34760293,-0.10496851,0.5758303,0.5207529,0.5532996,0.68139714,0.43552396,0.35547507,0.6270237,0.67646945,0.6590535,0.56523395,0.3120739,0.17107658,0.79254156,0.81943625,0.4028402,0.04723113,0.62362516,0.80412257,0.593717,0.34840763,0.08355073,0.36436534,0.08943681,0.29904273,0.20294245,0.36281607,0.4304064,0.44372943,0.2425401,0.4268363,0.35637543,0.24533673,0.4718991,0.42824104,0.21121699,0.40497464,0.5090207,0.42689687,0.46966103,0.3917188,0.33135605,0.33699575,0.37248826,0.3964044,0.499304,0.25429782
0.3863559,-0.036229916,0.3710165,0.35317355,0.2947848,0.4516908,0.40194148,0.32979506,0.52701986,0.4104953,1.0,0.7699802,0.6456936,0.5642265,0.4939123,0.50310934,0.6502082,0.5788429,0.43640512,0.06976874,0.4982287,0.611981,0.39277238,0.2992772,0.20748085,0.2199494,0.30547202,0.3860702,0.696501,0.6734537,0.45997244,0.57880056,0.58761984,0.41158766,0.16622019,0.5193155,0.6941022,0.7130872,0.659453,0.6878218,0.60847735,0.6248397,-0.24475755,-0.1281792,-0.088168636,-0.39194012,0.471485,0.49966463,-0.10007612,-0.07466334,-0.24161457,-0.11981058,-0.25385004,-0.10513804,0.6446135,0.6296017,-0.039618958,-0.20162758,-0.07441877,-0.030236915,-0.33925048,-0.39301878,0.07371903,-0.052747823,-0.21490583,-0.2689947,0.005261207,0.10606523,-0.11652003,0.011771298,0.6397353,0.7099576,0.6773553,0.7079231,0.6340737,0.60901254,0.5291449,0.5887127,0.6327969,0.39099577,0.51002556,0.03259887,0.50465566,0.3616158,0.20459582,-0.13750055,0.24846078,0.31164238,0.66246784,0.36733133,-0.12163612,-0.013778204,-0.2531892,-0.02526238,0.5990704,0.5992888,0.66027504,0.61703414,0.13217287,0.18967462,-0.044313964,-0.067598,0.18167442,0.055086885,0.046833508,0.1483633,0.43828627,0.40106717,0.652332,0.6005599,0.5373689,0.2106599,0.2616804,0.14997911,0.3396844,0.46193758
0.4736594,0.16582812,0.45288792,0.48932546,0.25459126,0.37324822,0.512795,0.5678632,0.50215113,0.42983553,0.7699802,1.0,0.59687656,0.7592915,0.5416835,0.56072646,0.61456,0.63387066,0.5381001,0.30762434,0.46062073,0.5220279,0.50737023,0.50232863,0.23624615,0.23954366,0.26805982,0.28767416,0.7376404,0.75054383,0.5080149,0.67188716,0.7066363,0.58944565,0.2142123,0.53324926,0.5740809,0.6778747,0.5822307,0.5715403,0.6127953,0.6451202,-0.17170815,0.0050415834,-0.046434797,-0.2452789,0.4062427,0.4975995,-0.10020729,0.066704676,-0.12978032,-0.032225516,-0.09169509,0.05785829,0.6065837,0.5692432,0.11737398,0.017973509,-0.117256254,0.034620423,-0.27396044,-0.12659422,0.054854102,0.19038439,-0.16027474,-0.029804109,0.19496873,0.22840075,-0.030367121,0.1012414,0.59355915,0.6436595,0.5465048,0.6542714,0.56210524,0.51358354,0.40798953,0.4815832,0.5273833,0.37268972,0.5061997,0.35412636,0.4409218,0.40319332,0.22070616,0.16151038,0.12845968,0.30525988,0.61833674,0.5589265,-0.13721621,0.021233708,-0.22093642,0.016574316,0.48379233,0.58907247,0.57990825,0.56968683,0.14993952,0.25659084,-0.027080296,-0.058508784,0.17719187,0.08888787,-0.095884755,0.017965203,0.36621633,0.38043058,0.5279089,0.5363793,0.4347548,0.21050733,0.32251564,0.063067496,0.14969975,0.2669557
0.48284864,0.100047015,0.6786027,0.6154831,0.22884925,0.38317505,0.67317843,0.5094537,0.6598485,0.31519568,0.6456936,0.59687656,1.0,0.71212125,0.6029228,0.5338999,0.7136232,0.6741271,0.4776357,0.2410652,0.61313426,0.64908403,0.6558458,0.52292347,0.25620958,0.24464297,0.24657772,0.24627502,0.7244188,0.7060407,0.6122735,0.6976145,0.70158684,0.65183675,0.37990722,0.55861664,0.6175229,0.6300803,0.58240587,0.62571084,0.5326535,0.54243094,0.09788071,0.1974426,0.012985145,-0.18295011,0.54400575,0.6035546,-0.03974332,0.07599453,0.011336654,-0.06316949,0.099468015,-0.06400952,0.68657297,0.5710917,0.2726856,0.023501694,-0.1429551,-0.25557134,-0.12823293,-0.20609583,0.3594813,0.15607172,0.13278693,-0.033781208,0.29675603,0.39381742,0.04658811,0.20515944,0.6758117,0.6520269,0.6151351,0.6635041,0.5893389,0.5783555,0.484175,0.5029402,0.55231225,0.5712757,0.71455956,0.31993932,0.42964458,0.28159887,0.46745652,0.17795871,0.21256004,0.17862074,0.64090455,0.5493129,0.04265499,0.13813794,-0.1445276,0.09246873,0.45687062,0.4918242,0.5672126,0.5596213,0.3602785,0.32104066,0.02944065,-0.12775163,0.17779946,0.08665949,0.047572784,0.07997666,0.43429932,0.39992455,0.4060589,0.506331,0.5026981,0.3237285,0.29781032,0.083696544,0.1601147,0.20714861
0.484091,0.15158151,0.59609246,0.65522784,0.33569038,0.48041117,0.6008597,0.63332075,0.64990914,0.51899153,0.5642265,0.7592915,0.71212125,1.0,0.66486686,0.68082863,0.6687351,0.76254076,0.5354392,0.35133186,0.51898503,0.54524976,0.6442634,0.7067432,0.39176777,0.41379002,0.40190637,0.3533622,0.71547586,0.77000093,0.60457444,0.75945204,0.7579344,0.69569355,0.25640827,0.5059459,0.48694438,0.62558496,0.5019369,0.46548197,0.56003714,0.6178736,-0.00042768926,0.19706462,-0.0901324,-0.16643597,0.43359634,0.51870143,-0.08784008,0.18071988,0.038698133,0.100752495,0.13647008,0.113882914,0.59133446,0.54154104,0.25083494,0.05535089,-0.17361462,-0.07732171,-0.21852194,-0.13843682,0.15552232,0.17033842,0.0018444692,0.017108347,0.2903953,0.32557762,0.0057526133,0.20680346,0.6070869,0.5895899,0.45763204,0.64576596,0.47301388,0.42268974,0.382992,0.47103542,0.4891108,0.56344014,0.5525309,0.5238292,0.5084666,0.50355077,0.44054574,0.4007758,0.2576304,0.39648625,0.61607534,0.59983605,0.081285894,0.26417714,-0.021722585,0.23840758,0.27036175,0.4405053,0.43652475,0.43576464,0.37553415,0.42833897,0.17708188,-0.009806026,0.30140477,0.28445646,0.0028981976,0.15406042,0.38990694,0.35302827,0.31795135,0.4110099,0.3625748,0.3901826,0.42894828,0.17811489,0.18587688,0.08847319
0.40885863,0.012671602,0.5004781,0.57611436,0.5836675,0.7216621,0.4865924,0.41630206,0.81598586,0.6840572,0.4939123,0.5416835,0.6029228,0.66486686,1.0,0.87946296,0.68553096,0.67754525,0.5168641,0.22307219,0.635551,0.60754585,0.45400685,0.5085967,0.49147087,0.46568137,0.60506636,0.6548116,0.74181443,0.76606655,0.46325973,0.6610858,0.67383486,0.6214525,0.22634484,0.57218707,0.5857609,0.69127434,0.6552317,0.56759864,0.58014756,0.64291614,-0.18046409,0.037190497,-0.28871244,-0.2667641,0.4036179,0.47854012,0.06712722,0.22060609,0.0389905,0.250113,0.14986621,0.32673493,0.64373606,0.67259127,0.10007832,-0.08911031,-0.120084666,-0.1761455,-0.3525533,-0.23350847,0.0062247026,-0.0028388961,-0.16894694,-0.13874722,0.19150645,0.14788596,0.0079275165,0.24121414,0.66701865,0.6407714,0.5449216,0.73151,0.4538117,0.4344922,0.50697947,0.6126037,0.62926114,0.654327,0.601572,0.34134296,0.7662843,0.637263,0.5753447,0.22573847,0.6037172,0.5344807,0.7418707,0.57478887,0.30659306,0.45466086,0.12802006,0.3958004,0.22418828,0.44808695,0.50942254,0.52478284,0.50602,0.5494499,0.27006796,0.18475382,0.49708024,0.4272885,0.2281155,0.32456937,0.5047376,0.49441925,0.4130702,0.4668302,0.42028466,0.502929,0.4965294,0.4169152,0.38216195,0.20662485
0.22584397,-0.21124485,0.43270248,0.4744866,0.6833722,0.8368007,0.34719267,0.29445994,0.8219007,0.8252842,0.50310934,0.56072646,0.5338999,0.68082863,0.87946296,1.0,0.73499227,0.6826507,0.36694652,0.02792621,0.49109244,0.6570074,0.43553677,0.59039176,0.6629562,0.6430804,0.76441383,0.77077913,0.7034104,0.76448405,0.5650502,0.71467906,0.61803895,0.514339,0.053919777,0.59054476,0.58763444,0.71309865,0.6805009,0.5604222,0.5696485,0.674273,-0.2741891,-0.08314088,-0.36547822,-0.38405976,0.38633078,0.5030637,-0.024589853,0.19312644,-0.018662706,0.22022027,0.10095258,0.25514024,0.64670914,0.7301259,-0.114346765,-0.32160085,-0.16504137,-0.13425234,-0.52030313,-0.34741437,-0.1632982,-0.17650196,-0.27368885,-0.33114567,0.03677057,0.024675706,-0.14717098,0.103668556,0.6771329,0.626263,0.5662591,0.76229614,0.48176715,0.40752652,0.5979325,0.68940955,0.64970344,0.7005414,0.48558626,0.35530007,0.846532,0.8050841,0.58022344,0.24810544,0.67080414,0.7311098,0.71804684,0.52594984,0.32064235,0.49860308,0.16592927,0.43137807,0.21672662,0.43078795,0.49718422,0.51367486,0.4824353,0.6008932,0.34141544,0.2633514,0.5382637,0.50318694,0.21578702,0.40823713,0.5367762,0.47057745,0.44053036,0.46566284,0.4264107,0.52450335,0.54082173,0.4569499,0.43189928,0.19303897
0.1961146,-0.2566558,0.46660805,0.40014127,0.50985384,0.6446272,0.4368674,0.34497616,0.683339,0.66262186,0.6502082,0.61456,0.7136232,0.6687351,0.68553096,0.73499227,1.0,0.7859537,0.37571684,-0.03599893,0.5002469,0.7059163,0.513767,0.510019,0.48089373,0.4176731,0.5462937,0.5782118,0.8259259,0.83057344,0.6430525,0.6833454,0.7043445,0.5204946,0.113761984,0.6231962,0.7114384,0.74591064,0.7823265,0.7172231,0.6912822,0.7326627,-0.3362858,-0.22627997,-0.17653158,-0.554228,0.37742585,0.44799504,-0.15113716,-0.08416885,-0.2774244,-0.108980805,-0.12916066,-0.0064617638,0.7013087,0.7185662,-0.11972038,-0.36191183,-0.21419379,-0.14870779,-0.55327845,-0.44990572,-0.08727461,-0.1829787,-0.32204807,-0.41813284,-0.021644855,0.01031483,-0.22799121,0.024070699,0.77340907,0.7360778,0.7859961,0.82114863,0.697679,0.6406553,0.7472659,0.78753424,0.7976579,0.6350855,0.6562085,0.22180404,0.6863868,0.5841626,0.4627749,0.021687893,0.4489029,0.5138644,0.7682347,0.53814906,0.009702234,0.22356458,-0.079962626,0.12433668,0.43361872,0.55719167,0.62107396,0.6643751,0.25762138,0.3950098,0.16002163,0.054754,0.28829873,0.22569293,0.08110289,0.2529506,0.6291098,0.5600838,0.6381291,0.5526803,0.47577673,0.30880392,0.37838265,0.24648272,0.3787844,0.39294192
0.29905245,-0.088579185,0.46586588,0.48707065,0.35317335,0.5433125,0.50076044,0.4769097,0.64331025,0.5813223,0.5788429,0.63387066,0.6741271,0.76254076,0.67754525,0.6826507,0.7859537,1.0,0.46016,0.13359822,0.5674949,0.62210846,0.49594617,0.5165227,0.29663077,0.33324727,0.4400979,0.47946814,0.75029176,0.8125805,0.52593327,0.6352197,0.74959946,0.5880866,0.18010159,0.5676268,0.58437514,0.6533136,0.6485274,0.5701987,0.6229622,0.6635922,-0.25836506,-0.07798701,-0.11757113,-0.4568454,0.34431407,0.42346713,-0.19742723,-0.0884499,-0.24918972,-0.069340974,-0.07645108,0.048818942,0.59374845,0.59003425,0.035619467,-0.11978644,-0.1556908,-0.13119818,-0.41859207,-0.35857078,0.06429374,-0.017954715,-0.28749377,-0.22703111,0.13184057,0.11850297,-0.16481888,0.07028418,0.7251134,0.7047395,0.6178167,0.7488109,0.58921033,0.5969404,0.5438471,0.61985976,0.680219,0.6857192,0.68703765,0.34678417,0.56508267,0.51065063,0.41467425,0.12529817,0.29967391,0.41654342,0.6865641,0.5678249,0.03288853,0.22359264,-0.046087217,0.1464804,0.35713488,0.46158847,0.5161308,0.51838297,0.28114086,0.414642,0.1415283,-0.016652318,0.2828219,0.21682663,0.030668443,0.17084904,0.44979146,0.49258718,0.4783488,0.46537346,0.41627792,0.274209,0.38530165,0.24040571,0.3328261,0.26825958
0.7203563,0.48460352,0.652049,0.7340609,-0.016315918,0.18066083,0.7773403,0.72763115,0.3809333,0.19484738,0.43640512,0.5381001,0.4776357,0.5354392,0.5168641,0.36694652,0.37571684,0.46016,1.0,0.6890053,0.67137015,0.3793003,0.67557174,0.36556414,-0.06288737,-0.10860768,0.14026138,0.12894371,0.55109614,0.5800576,0.30733004,0.36240646,0.73963434,0.6073685,0.6546974,0.5187493,0.4768218,0.48130596,0.44386056,0.3934008,0.44646725,0.45374537,-0.1261573,0.1301339,-0.23654029,-0.14225471,0.42252406,0.31506643,0.051795695,0.12572104,0.015879152,0.22017695,-0.076123945,0.14929499,0.46205112,0.34064257,0.47869864,0.3112129,0.0122511685,-0.05945243,0.08001704,-0.054160632,0.33650884,0.30832684,-0.030827153,0.17443536,0.48694992,0.26898375,0.2966234,0.36665073,0.5623997,0.49470016,0.35364622,0.4797482,0.49831578,0.4385025,0.2509231,0.23870616,0.45164698,0.33870828,0.6750218,0.1476121,0.30185008,0.15212427,0.28932714,-0.042193346,0.10179377,-0.00041632686,0.5316082,0.26842582,-0.04774769,-0.052902713,-0.14598379,0.056485396,0.28982416,0.42226556,0.46479386,0.43276182,0.2724929,0.16561133,0.05077472,-0.1196362,0.23576319,0.032564916,0.12650673,0.08538174,0.19309598,0.3585141,0.40204465,0.4750924,0.43172464,0.27772263,0.3213651,0.12224038,0.30896765,0.33867493
0.7656541,0.82295746,0.50721055,0.65488255,-0.30010715,-0.2141598,0.6779069,0.69255155,0.03797364,-0.22981693,0.06976874,0.30762434,0.2410652,0.35133186,0.22307219,0.02792621,-0.03599893,0.13359822,0.6890053,1.0,0.389896,-0.019205423,0.4708155,0.1767107,-0.30855942,-0.309444,-0.20950952,-0.30128017,0.22599345,0.22104102,0.07792882,0.13006353,0.42893276,0.55107945,0.6129955,0.19655873,0.051109858,0.073992014,0.010541285,0.033601653,0.14612307,0.097158924,0.280101,0.47093555,0.040573858,0.35923055,0.23689058,0.17076872,0.31144813,0.37743706,0.32130897,0.27455917,0.20930386,0.3308363,0.14289775,-0.021580018,0.78608674,0.69978464,0.1378063,-0.015003686,0.50679684,0.41750085,0.47614393,0.6658778,0.35806268,0.61882335,0.7072179,0.5607018,0.64773613,0.5260518,0.11264255,0.088074885,-0.124352425,0.033437848,0.12847954,0.048921037,-0.21661167,-0.18953498,-0.019574847,-0.022899883,0.3632962,0.2826392,-0.1134245,-0.19214697,0.12942348,0.24371871,-0.2000516,-0.32872835,0.16040196,0.24913996,0.005554165,-0.13622665,-0.06967162,-0.014501306,0.06291836,0.1724476,0.11905865,0.10964401,0.1779046,-0.009681748,-0.114365235,-0.19305895,0.002445374,-0.10211462,-0.15181138,-0.23578273,-0.104357645,0.103402115,-0.06423136,0.10468718,0.09889849,0.08045977,0.1877163,-0.12866497,-0.18351716,-0.12081063
0.619129,0.2621302,0.45685345,0.59655,0.1114794,0.2934685,0.6383256,0.57670987,0.51214117,0.20916149,0.4982287,0.46062073,0.61313426,0.51898503,0.635551,0.49109244,0.5002469,0.5674949,0.67137015,0.389896,1.0,0.55009824,0.4488936,0.2960766,-0.043353755,-0.08389537,0.13609591,0.2078111,0.6727126,0.66152084,0.33295545,0.5045601,0.6269711,0.5780537,0.5205867,0.51268816,0.5573004,0.5480406,0.55389065,0.57667166,0.5759938,0.5322846,-0.062865034,0.09053429,-0.12570453,-0.18919724,0.44160727,0.40597624,0.0520061,0.0702162,0.0035786843,0.10563705,0.018892799,0.22145739,0.5580381,0.48362857,0.34771097,0.18496148,-0.0859995,-0.1556195,-0.04180139,-0.108311296,0.26170757,0.20926355,-0.06724344,0.026443472,0.356114,0.26830667,0.08765357,0.31736192,0.6037968,0.67032486,0.51794624,0.56586593,0.50668514,0.5495736,0.35915014,0.42049754,0.5017132,0.50015026,0.71593773,0.21050453,0.37242287,0.21205223,0.38699126,0.005826188,0.21622339,0.057841145,0.6389981,0.3860749,0.15237749,0.18311991,-0.028674658,0.17114325,0.37295055,0.4661459,0.52586854,0.5201398,0.4554895,0.40413603,0.08347856,-0.023621954,0.27423608,0.13608551,0.14697888,0.19929715,0.3316527,0.39884308,0.46584156,0.49419114,0.45527717,0.42001653,0.37255886,0.21604219,0.29503936,0.3600331
0.17930084,-0.2381162,0.42393494,0.3138888,0.29747316,0.5816092,0.42506632,0.30874276,0.6390432,0.55426484,0.611981,0.5220279,0.64908403,0.54524976,0.60754585,0.6570074,0.7059163,0.62210846,0.3793003,-0.019205423,0.55009824,1.0,0.4993471,0.40756926,0.3479769,0.33115637,0.55397,0.50545967,0.7000057,0.69760317,0.58723193,0.6031903,0.57076657,0.35889903,0.26239756,0.75541204,0.7517473,0.74678,0.7741683,0.694233,0.5712404,0.61947536,-0.283719,-0.21261837,-0.26789016,-0.42820027,0.53884685,0.53577554,-0.0046408977,-0.0055952054,-0.17726623,0.057244975,-0.13160937,-0.050315823,0.7607912,0.7309334,-0.17076124,-0.3110635,-0.28144908,-0.15082836,-0.5075051,-0.49929225,-0.08627205,-0.14900807,-0.33806774,-0.4033564,0.056317266,0.09292517,-0.20173928,0.21917336,0.78687257,0.71828514,0.6865732,0.7783814,0.69613874,0.6529241,0.7021951,0.68076307,0.7417421,0.6960436,0.60121286,0.15915653,0.6933669,0.6232197,0.42004338,0.025898011,0.5244001,0.5450336,0.7503428,0.3508001,0.10828912,0.14515077,-0.15830658,0.23104566,0.4393091,0.44708207,0.64485234,0.5395784,0.38684663,0.49939492,0.099748105,0.2123156,0.2958221,0.22069982,0.1567049,0.34807014,0.61311597,0.5103604,0.6981836,0.6031631,0.6158041,0.34230942,0.5011268,0.33513957,0.45127067,0.49002188
0.4907764,0.23751335,0.866441,0.73624873,0.07673873,0.2661433,0.7791606,0.62323093,0.4602842,0.30402774,0.39277238,0.50737023,0.6558458,0.6442634,0.45400685,0.43553677,0.513767,0.49594617,0.67557174,0.4708155,0.4488936,0.4993471,1.0,0.64491767,0.27269518,0.14917949,0.31686518,0.14824438,0.495797,0.58548164,0.6881815,0.51724076,0.7118161,0.56608045,0.48954952,0.52784777,0.44681495,0.45701563,0.44994032,0.35225913,0.34060168,0.4391491,0.011425099,0.15706196,-0.19775501,-0.16337444,0.5267854,0.45523393,-0.04975561,0.12929949,0.08734168,0.10328192,0.080467924,-0.031156009,0.570783,0.4100344,0.32315436,0.07781915,-0.21293812,-0.15984298,-0.059687436,-0.13461916,0.28774545,0.13220152,0.062285483,0.02158643,0.39099175,0.2641858,0.16807437,0.2858166,0.58288336,0.43219653,0.3452805,0.48796988,0.5386474,0.41621655,0.37599578,0.2855403,0.42745313,0.4498878,0.61936706,0.3021865,0.38223392,0.30126378,0.44017684,0.114924066,0.16985394,0.16341025,0.52306914,0.36093068,-0.03271863,-0.040543105,-0.16377331,0.07639481,0.24454835,0.33226043,0.4230607,0.38273358,0.31248677,0.2517767,0.07919044,-0.08991843,0.1665708,0.018319676,0.0471514,0.09037234,0.34885848,0.36557057,0.3555344,0.4067592,0.4205228,0.29505402,0.37001067,0.047327396,0.17893074,0.18352178
0.22028299,-0.012328608,0.6648938,0.6088939,0.31906444,0.4715936,0.480199,0.47069836,0.5911452,0.515006,0.2992772,0.50232863,0.52292347,0.7067432,0.5085967,0.59039176,0.510019,0.5165227,0.36556414,0.1767107,0.2960766,0.40756926,0.64491767,1.0,0.52500594,0.5750029,0.48669833,0.39254013,0.49650967,0.5547967,0.51588416,0.7381099,0.62414294,0.6062074,0.10020985,0.39323577,0.34004712,0.48917258,0.34931558,0.28484046,0.34683356,0.43129814,-0.04758843,0.21531607,-0.011080036,-0.23085997,0.3271313,0.40957245,-0.27104178,0.0762626,0.082929775,0.03328842,0.18689616,-0.0034372406,0.47144443,0.42054474,0.061394963,-0.06735225,-0.18970148,-0.07721118,-0.25798833,-0.12360845,0.06867341,-0.023568347,-0.004743813,-0.02961455,0.1856601,0.2008996,-0.045768272,0.19230318,0.5167182,0.40971833,0.3326157,0.53376347,0.3678286,0.26743418,0.4415248,0.41822585,0.34201258,0.57109344,0.37656593,0.6175989,0.47757065,0.5684762,0.47904497,0.40059653,0.27422825,0.46071613,0.41934106,0.46007982,0.08143146,0.27334252,0.07349483,0.29404438,0.047060575,0.27305132,0.28482014,0.33487877,0.35444182,0.35147342,0.32784992,0.007130051,0.40857553,0.37766075,0.033828825,0.20650293,0.33359876,0.31652072,0.11169945,0.24399266,0.25847054,0.4188816,0.38162795,0.16380866,0.14341615,-0.09293345
-0.15832315,-0.4498104,0.25096112,0.17790838,0.73355186,0.74178934,0.0043065487,-0.087846145,0.6218811,0.7653227,0.20748085,0.23624615,0.25620958,0.39176777,0.49147087,0.6629562,0.48089373,0.29663077,-0.06288737,-0.30855942,-0.043353755,0.3479769,0.27269518,0.52500594,1.0,0.825672,0.740812,0.683457,0.29666457,0.4000576,0.4868074,0.46587333,0.24989909,0.18405297,-0.2551306,0.15366705,0.23790178,0.34781355,0.31121948,0.19676973,0.22423661,0.37366787,-0.09852245,-0.05004581,-0.33315346,-0.30384022,0.20188895,0.3098901,-0.13444139,0.11897493,0.10810149,0.13649108,0.13325804,0.10149739,0.3415548,0.43613684,-0.32665476,-0.5311991,-0.2177307,-0.10845239,-0.5144044,-0.26371187,-0.29072574,-0.34376878,-0.08767027,-0.4176789,-0.20752345,-0.18898444,-0.30399245,-0.1306869,0.2673321,0.20398037,0.2598274,0.4134888,0.12675832,0.079532675,0.4248512,0.41440007,0.32795525,0.39347446,0.07914099,0.30148092,0.6482384,0.7117487,0.51026976,0.27961132,0.5993177,0.7271226,0.34524935,0.28123114,0.26066205,0.44052148,0.24671097,0.40233853,-0.021789992,0.13368925,0.14971067,0.19480829,0.28493786,0.3994603,0.4996354,0.32251552,0.47392246,0.50262374,0.29985002,0.45698217,0.36168867,0.11337886,0.13810131,0.1318125,0.13041551,0.4546155,0.36709842,0.2775684,0.33329746,-0.0480651
-0.19173743,-0.44357052,0.2027318,0.1563201,0.6807539,0.7140689,-0.04978837,-0.115071476,0.60994524,0.7063221,0.2199494,0.23954366,0.24464297,0.41379002,0.46568137,0.6430804,0.4176731,0.33324727,-0.10860768,-0.309444,-0.08389537,0.33115637,0.14917949,0.5750029,0.825672,1.0,0.72929037,0.72770756,0.2789431,0.3295055,0.36154196,0.52572685,0.23242198,0.2236153,-0.29934922,0.1826365,0.2003607,0.36248845,0.25005805,0.14760537,0.16262805,0.27297145,-0.09821784,0.008285682,-0.2619184,-0.24504854,0.14917153,0.3047034,-0.12948349,0.12471273,0.09026163,0.12709095,0.13861607,0.02592831,0.27600974,0.40293267,-0.35618785,-0.4589513,-0.16328628,-0.09612215,-0.47089714,-0.2657117,-0.21850742,-0.2908523,-0.12757449,-0.32386464,-0.21543513,-0.09875955,-0.3145528,-0.11509478,0.2898177,0.20673814,0.24180537,0.4575651,0.12969019,0.020634172,0.43491417,0.43827775,0.30470562,0.49135026,0.028130252,0.37158877,0.62525535,0.7422948,0.46112394,0.36885256,0.5794376,0.77424526,0.26794457,0.27051404,0.29073068,0.5099804,0.26866686,0.45803836,-0.06835238,0.087000035,0.09284251,0.119623974,0.2881853,0.3805594,0.43961167,0.2884924,0.50008726,0.5864508,0.23477337,0.43337387,0.30672008,0.1352193,0.010138795,0.08598068,0.09286938,0.4367945,0.3539058,0.36507723,0.31158978,-0.15249181
-0.07778121,-0.42900845,0.29018682,0.23829271,0.64669096,0.8499779,0.109046146,0.015639031,0.6123826,0.8261282,0.30547202,0.26805982,0.24657772,0.40190637,0.60506636,0.76441383,0.5462937,0.4400979,0.14026138,-0.20950952,0.13609591,0.55397,0.31686518,0.48669833,0.740812,0.72929037,1.0,0.84272164,0.3921995,0.46442074,0.43776292,0.45809406,0.34767085,0.18795547,-0.09640032,0.44368383,0.4465327,0.5270741,0.51908123,0.33471808,0.32026365,0.47008163,-0.393655,-0.17762476,-0.48679584,-0.4460547,0.27557805,0.33517376,-0.052418306,0.12875699,-0.03730877,0.27532372,-0.021595735,0.047774527,0.46631423,0.5701483,-0.36805862,-0.5426674,-0.19727261,-0.060482316,-0.59946793,-0.5272871,-0.33269247,-0.39751288,-0.37174034,-0.5076582,-0.1420275,-0.19936034,-0.25113693,0.035945937,0.5238958,0.38479465,0.3902397,0.61763805,0.3317176,0.24511833,0.58853954,0.58650166,0.54767466,0.5926615,0.21914351,0.18818033,0.8326408,0.8535336,0.51277304,0.14788336,0.7868613,0.85117257,0.49676606,0.24661857,0.32294503,0.42335305,0.22038192,0.5197662,0.059320666,0.21750401,0.2980841,0.28452176,0.38253853,0.48564154,0.4612684,0.3865367,0.62731534,0.5906745,0.40586585,0.5966903,0.47322783,0.3198898,0.35246542,0.29229638,0.29844993,0.41484988,0.4677972,0.45000196,0.51760405,0.15726314
-0.09550579,-0.49027103,0.17467026,0.15958479,0.75133014,0.87462705,0.023390802,-0.03822286,0.6581825,0.8512223,0.3860702,0.28767416,0.24627502,0.3533622,0.6548116,0.77077913,0.5782118,0.47946814,0.12894371,-0.30128017,0.2078111,0.50545967,0.14824438,0.39254013,0.683457,0.72770756,0.84272164,1.0,0.473088,0.50927347,0.3198054,0.45325512,0.3501302,0.18731812,-0.14527735,0.38776824,0.49824175,0.59211385,0.563837,0.4331125,0.4115401,0.49236828,-0.48324737,-0.27165964,-0.4095015,-0.5312018,0.18783814,0.2644002,-0.12738135,-0.027525084,-0.18301967,0.12480256,-0.11000505,0.09128949,0.42698005,0.5836144,-0.4400928,-0.56404436,-0.19991371,-0.0791758,-0.6394299,-0.50662464,-0.3183144,-0.4247313,-0.42834827,-0.5324465,-0.23073132,-0.2622496,-0.35979474,-0.09360738,0.5435932,0.50116056,0.52678496,0.66497856,0.37109405,0.2998593,0.6365629,0.6858311,0.62710017,0.59333265,0.2730919,0.08063653,0.8194396,0.7950751,0.44455007,0.0022894992,0.7451879,0.8038778,0.54545325,0.25517341,0.26556593,0.4968604,0.21249336,0.4522562,0.12769954,0.28539813,0.36680856,0.36717176,0.3188816,0.42934763,0.42522603,0.3340739,0.6039091,0.5859907,0.4111126,0.57219094,0.44982392,0.3656793,0.37911642,0.34859043,0.30412382,0.42755464,0.37346777,0.5326487,0.6081427,0.26052225
0.43684283,0.01337635,0.50493896,0.52444077,0.41539457,0.55133367,0.584738,0.56331766,0.682505,0.54782045,0.696501,0.7376404,0.7244188,0.71547586,0.74181443,0.7034104,0.8259259,0.75029176,0.55109614,0.22599345,0.6727126,0.7000057,0.495797,0.49650967,0.29666457,0.2789431,0.3921995,0.473088,1.0,0.8766026,0.5130068,0.72273755,0.7866362,0.6786351,0.29743323,0.66460425,0.78275853,0.82761925,0.799619,0.81536764,0.77467656,0.764258,-0.2563408,-0.063197136,-0.06983844,-0.40881956,0.47594604,0.54016274,-0.078741975,-0.05530509,-0.20060375,-0.049699705,-0.06372119,0.122255154,0.76912624,0.75609857,0.08336156,-0.10352111,-0.15796076,-0.08172741,-0.37465546,-0.21733144,0.0121144755,0.075892806,-0.20428488,-0.18905786,0.20137008,0.2358408,-0.07954744,0.18822093,0.78306615,0.8357246,0.7827247,0.84302646,0.73435587,0.68941855,0.6667808,0.75250065,0.7625189,0.59674823,0.7251423,0.33732808,0.61739576,0.4958549,0.42807585,0.10865468,0.3580448,0.37255797,0.8462302,0.6403049,0.0076563335,0.22773832,-0.085150436,0.11458266,0.5084257,0.67566127,0.735819,0.75634885,0.3354487,0.40395615,0.08203209,0.005914296,0.29570207,0.19456686,0.029305484,0.16039665,0.58767575,0.5856164,0.63828593,0.6340451,0.5743374,0.32463667,0.37681335,0.24228743,0.31371984,0.4056941
0.42715463,-0.007872647,0.5389422,0.54373765,0.44178995,0.59344304,0.56068665,0.5329616,0.69505244,0.62774223,0.6734537,0.75054383,0.7060407,0.77000093,0.76606655,0.76448405,0.83057344,0.8125805,0.5800576,0.22104102,0.66152084,0.69760317,0.58548164,0.5547967,0.4000576,0.3295055,0.46442074,0.50927347,0.8766026,1.0,0.62190896,0.70986724,0.8129887,0.6632725,0.34228015,0.64670956,0.6880586,0.77379525,0.7595832,0.708006,0.7211755,0.7856638,-0.2190075,-0.024297958,-0.1692766,-0.42914003,0.5116313,0.5384968,-0.15379691,-0.03833894,-0.121701054,0.0013995786,-0.058178376,0.1842405,0.7545542,0.73782593,0.08932235,-0.1429407,-0.26204938,-0.10793758,-0.4029348,-0.26748553,0.053919394,0.012555957,-0.21287465,-0.2213218,0.20828818,0.18089314,-0.123080574,0.16847774,0.7448005,0.75984097,0.69474775,0.8235278,0.685407,0.6478529,0.5991373,0.67361575,0.74685526,0.6353158,0.75871044,0.39212742,0.66568273,0.5610887,0.51863736,0.12029831,0.38904375,0.43217424,0.8422061,0.61204875,0.049044956,0.2335831,-0.054344155,0.17938888,0.4381622,0.60410744,0.67289054,0.6852136,0.38230273,0.46957666,0.22390792,0.041716978,0.3582291,0.25785306,0.09754185,0.24431454,0.5272394,0.5178738,0.6038479,0.5892562,0.54332924,0.41963178,0.46607104,0.23640595,0.38812584,0.36247048
0.23759365,-0.12654838,0.5335902,0.44634876,0.3607856,0.43321583,0.39380732,0.28015748,0.4652738,0.46961033,0.45997244,0.5080149,0.6122735,0.60457444,0.46325973,0.5650502,0.6430525,0.52593327,0.30733004,0.07792882,0.33295545,0.58723193,0.6881815,0.51588416,0.4868074,0.36154196,0.43776292,0.3198054,0.5130068,0.62190896,1.0,0.604561,0.5276286,0.35837638,0.1786144,0.51423806,0.43708524,0.46489364,0.47889033,0.3647913,0.3826706,0.52263117,-0.017337343,-0.072524905,-0.30716845,-0.25392467,0.3928268,0.3983652,0.006638986,0.09272835,0.016190015,0.09103079,0.04500245,-0.05832815,0.54715484,0.49612996,0.00050026993,-0.21755189,-0.26236153,-0.16584834,-0.31524023,-0.3366043,-0.06401842,-0.12215569,-0.11678467,-0.26941636,0.012491633,0.052046724,-0.096866086,0.078864455,0.4572934,0.40398595,0.4007637,0.50087476,0.47303155,0.39552397,0.43424252,0.42846048,0.4523604,0.4685421,0.4144857,0.3058831,0.5235078,0.52080125,0.39144665,0.21512797,0.34836662,0.4508213,0.53198916,0.38690677,0.05627248,0.09178649,-0.06522121,0.15450904,0.18081318,0.21012424,0.3206894,0.2984253,0.22512029,0.36132193,0.15283546,0.11907084,0.088084,0.08945199,0.030274652,0.21819326,0.475944,0.24601285,0.43570504,0.2773448,0.28982937,0.29930037,0.5208111,0.047377445,0.17555052,0.16027644
