1.0,0.59727275,0.5765135,0.18702273,0.23245856,-0.041893926,0.5708658,0.34553435,0.042863686,0.3434891,0.510252,0.5697017,0.44236916,0.24775435,0.25638446,0.054704215,0.4331746,0.09376866,0.38087082,0.6388562,0.047281727,0.18044253,0.238297,0.21848832,-0.14072736,0.21328686,0.05055812,0.37797797,0.23312718,0.5735944,0.055309497,0.24182302,0.5017765,0.5211675,0.27298588,0.3854585,0.32098323,0.28323442,0.43288556,0.3932817,0.18634595,0.16832334,0.35909507,0.42269093,0.4701978,0.29083273,0.37737826,0.3627782,0.13094358,0.29318023,0.41171083,0.111723855,0.35497117,0.034330193,0.38026243,0.34430882,0.7558144,-0.25561842,0.11237255,-0.122049674,0.62013334,-0.023125274,0.7077852,-0.2486728,0.20004441,0.044330347,0.3460366,0.5571784,0.4115452,0.21296379,0.2912428,0.2207669,0.43393424,0.6182278,0.20745055,0.17943616,0.028484952,0.19751707,0.27221587,0.3181066,0.5498031,0.21207528,0.43221357,-0.10297925,0.5234455,-0.14616431,0.17605387,-0.17891957,0.4128835,-0.08225094,0.32561672,-0.045560524,0.07074487,0.12722187,0.15817712,0.09952706,0.2872836,0.40211612,0.28204295,0.3372677,0.3340352,0.06422095,0.33605194,0.09760201,0.36694956,-0.008447459,0.30719715,0.117730625,-0.016444055,0.31454268,0.30014455,0.22594489,0.050690874,0.20921074,0.21553005,0.34569457
0.59727275,1.0,0.17820323,0.22501661,-0.033536863,-0.26507866,0.17517436,0.39515278,-0.027042968,0.0485158,0.07852964,0.53377646,0.07975986,0.28909886,0.20816031,-0.10023255,0.28885537,0.083508685,0.34061572,0.606591,0.019070484,-0.10891055,0.04911911,0.07434538,-0.15761432,-0.06450851,-0.13583179,0.03574852,0.09003027,0.3034818,-0.09084657,0.19293708,0.31647363,0.17960678,-0.023622463,-0.006912675,0.07201013,-0.0075833714,0.036944795,0.1369789,0.008148792,-0.17923453,0.020507334,0.19292025,0.2537414,0.19634394,0.13057587,0.20656317,0.1319701,0.35830724,0.127453,0.004493337,0.1566343,-0.0016397518,0.08171314,0.07079917,0.5791185,0.22916673,0.2700322,-0.101085566,0.34762174,0.042191915,0.46300882,-0.27727494,0.21880971,0.14228573,0.09388282,0.4396832,0.36244172,0.4189379,-0.08489944,-0.023999017,0.11823999,0.29667792,-0.06689341,-0.067120835,-0.21858019,0.089277424,-0.014818257,0.18367586,0.1567581,0.17613545,0.045128882,-0.20454118,0.13971084,-0.07867994,-0.15708861,-0.2250119,0.04860151,-0.067601226,0.11270521,-0.15407135,-0.18956512,0.13147865,-0.055685483,-0.06129302,0.12385616,0.22635753,0.14972293,0.11740185,-0.03872401,-0.030929709,0.038580544,-0.11120137,0.09685118,-0.10711499,0.108911954,0.05240304,-0.08915496,0.14392018,0.13771088,0.19644384,-0.09034827,0.038192343,-0.014195364,0.2201564
0.5765135,0.17820323,1.0,0.38326067,0.45541686,0.27363378,0.8540334,0.44403976,0.35915658,0.5327383,0.5406676,0.18708594,0.44831604,0.12620081,0.24384794,0.31333366,0.20091529,0.22743821,0.48302898,0.48966968,0.13036287,0.46800902,0.67279345,0.62154084,0.24852742,0.26576483,0.2815187,0.40321055,0.36646762,0.44009703,0.2227227,0.17320465,0.5167973,0.59483755,0.37230456,0.37248483,0.5028722,0.25467086,0.60790855,0.3664553,0.30581203,0.41282675,0.4392948,0.25219724,0.3675103,0.06550375,0.12229616,0.02460358,0.038754165,0.16392937,0.32450855,0.16168848,0.20443311,0.17437866,0.17473254,0.3732694,0.2284927,-0.27468976,-0.050676666,-0.1953966,0.34174886,-0.08661673,0.2434023,0.066105634,0.12662838,-0.1602972,0.50323737,0.26360226,0.09364908,-0.0544292,0.6655,0.24456389,0.60019743,0.5119329,0.5858878,0.36684296,0.5823607,0.15564226,0.24995609,0.440501,0.5912053,0.3923882,0.5564597,0.34193036,0.7803018,0.19300824,0.45526788,0.103095606,0.4952701,0.09850423,0.15131956,0.117304474,0.1426263,0.16178587,-0.01803929,0.087339826,-0.011107932,0.13389023,-0.053478688,0.20918095,0.35662654,0.19875115,0.38506252,0.44452727,0.3556919,0.37499467,0.22343238,0.40841872,-0.2360807,0.13679376,0.005036817,-0.09688652,0.35484582,0.22283658,0.30175406,0.14968175
0.18702273,0.22501661,0.38326067,1.0,0.2020485,0.095017865,0.4492404,0.76108897,0.5081958,0.41010973,0.26077992,0.21556985,0.4831477,0.29157,0.29869115,0.2971288,0.23766932,0.33496115,0.3425551,0.39776582,0.40057966,0.17657417,0.4882493,0.5791685,0.23488212,0.003541053,0.07179432,0.04461486,0.424046,0.17816007,0.1928396,0.1901148,0.2950585,0.19320141,0.24027294,0.31334612,0.2250097,0.11411509,0.2808806,0.19274445,0.40272826,0.13390991,0.103875116,-0.089174956,0.011163188,-0.20210183,-0.11885482,-0.15629752,-0.2552071,0.01938369,-0.23076876,0.086709805,0.01293565,0.15282871,0.03772331,0.14333504,-0.028985498,0.23162822,0.1593332,-0.033068784,-0.10335377,0.0911198,-0.0049614953,0.154235,-0.029342923,-0.09853353,0.29533568,0.20444965,-0.15072739,-0.09577737,0.36366802,0.29036424,0.47002575,0.17554536,0.41594112,0.40651453,0.3144382,0.122451976,0.103235945,0.3184223,0.47463217,0.4410736,0.13284872,0.31995645,0.3556914,0.4155281,0.21383035,0.10199687,0.2881142,0.38239005,-0.08956868,-0.09601982,-0.15566802,-0.1544416,0.004904722,0.1359244,-0.025275586,0.009251144,-0.05942434,-0.049770333,-0.04624633,0.13272414,0.14308569,0.26605296,0.27646476,0.30543208,0.26903942,0.58092976,-0.07549259,0.11643388,-0.0091885645,-0.24449652,0.10868587,0.014208201,0.029527394,0.0072223274
0.23245856,-0.033536863,0.45541686,0.2020485,1.0,0.69019663,0.4143729,0.11096163,0.5066322,0.16850793,0.52984446,0.061552934,0.37276495,0.11991726,0.22298941,0.27751124,0.17565405,0.24375,0.117238276,0.07234625,0.22193561,0.51427746,0.4287623,0.32494086,0.4931637,0.63386565,0.60636175,0.36112058,0.30361667,0.14482546,0.41464385,0.018489722,0.2560428,0.26702964,0.41558608,0.38361123,0.38483685,0.37915418,0.5779578,0.2196783,0.15137555,0.36490622,0.44343224,0.22625446,0.20375638,0.06310003,0.20631126,0.11977612,0.0040057367,0.07576093,0.21376866,0.050215516,0.2239045,0.095345594,0.36073825,0.4865368,-0.043250557,-0.22159825,-0.10759028,-0.27484354,-0.014367601,-0.23727386,0.089177094,-0.09085953,0.0058112983,-0.08446377,0.3892154,0.11628007,-0.13843109,-0.2546462,0.48334712,0.13021138,0.46298677,0.28161874,0.4714881,0.26600856,0.46571615,-0.03889543,0.3625827,0.20029312,0.5149581,0.23478065,0.6218643,0.3885912,0.38336644,0.24008699,0.5563394,0.38639975,0.57278067,0.13091977,0.34034407,0.22126272,0.2458879,0.26402748,0.14798348,0.2272755,0.13569038,0.0939758,0.14053829,0.32712296,0.44788086,-0.08546941,0.52566266,0.5126433,0.41215724,0.45054886,0.27561915,0.34433407,-0.2005348,0.1541389,0.11875571,0.073582806,0.35745895,0.30416906,0.4522612,0.045108847
-0.041893926,-0.26507866,0.27363378,0.095017865,0.69019663,1.0,0.26897928,0.03405506,0.615532,0.17395078,0.4648466,0.051133525,0.4243407,0.28980955,0.33954108,0.4981825,0.107967086,0.5130182,-0.0045822645,-0.18872046,0.4605453,0.6771034,0.535711,0.38642684,0.66435754,0.57181543,0.7816902,0.29883268,0.378786,0.14285366,0.67936814,0.16311066,0.28022033,0.18719324,0.5081536,0.32352033,0.25725314,0.32148033,0.47914267,0.007644057,0.022432853,0.39128214,0.595644,0.32842815,0.013673543,-0.12756929,0.36908737,0.24972269,-0.20751254,-0.15231948,0.005880681,-0.10267112,0.23506588,0.08832948,0.39790064,0.5667302,-0.2668924,-0.17285308,-0.27122772,-0.17428148,-0.14617546,-0.12261662,-0.1373298,0.23373237,-0.1664172,-0.03522568,0.43882772,-0.0057365075,-0.25885507,-0.36650863,0.56489515,0.23646985,0.33258283,0.25582683,0.56531775,0.41803175,0.50202394,-0.119755074,0.2657387,0.37597993,0.2895525,0.45528683,0.64354855,0.66555387,0.28504816,0.53553975,0.5718327,0.6614747,0.50506693,0.1799921,0.4405343,0.46651897,0.41063905,0.21385683,0.31700143,0.44724137,0.23093826,0.09057829,0.2592902,0.46301657,0.5078125,-0.055354588,0.60658765,0.646194,0.4602907,0.5827184,0.33449313,0.29458532,-0.030824155,0.20132355,0.2596623,0.18160896,0.520222,0.41642892,0.52219087,0.06546405
0.5708658,0.17517436,0.8540334,0.4492404,0.4143729,0.26897928,1.0,0.4268596,0.3557138,0.5679193,0.6165743,0.28375247,0.5477274,0.16339903,0.25244558,0.34777552,0.34169737,0.23313363,0.4376715,0.45201725,0.20012937,0.45891172,0.6059917,0.6646558,0.22885959,0.25123927,0.2736315,0.36243594,0.501628,0.52769685,0.28243038,0.35172057,0.5900761,0.63076717,0.48917165,0.4650395,0.5191394,0.37762862,0.55744874,0.4069564,0.33097285,0.4221604,0.4430415,0.2809218,0.36257762,0.036111116,0.16891144,0.070261255,0.0016012106,0.13660222,0.2710587,0.14798972,0.22563703,0.17974342,0.23928405,0.42455685,0.29286864,-0.2372769,0.042317525,-0.11222479,0.3762259,-0.059269115,0.3580965,0.042023312,0.15563197,-0.1347823,0.55003524,0.3214805,0.12315825,-0.08621004,0.6744009,0.38094208,0.65424824,0.5767608,0.6385302,0.4657833,0.5638213,0.27527705,0.35035837,0.450353,0.6723596,0.41838357,0.5476086,0.29141438,0.7817083,0.15529251,0.42352188,0.09965249,0.55725235,0.18036766,0.20848492,0.1425164,0.21302567,0.13507584,0.04037533,0.13242434,0.018778093,0.25150007,0.034389935,0.26364008,0.4247256,0.19158238,0.43158633,0.5007815,0.41396353,0.44595575,0.2991342,0.5124235,-0.14061174,0.12993929,0.059161704,-0.057191137,0.32877278,0.28956154,0.3430977,0.17378867
0.34553435,0.39515278,0.44403976,0.76108897,0.11096163,0.03405506,0.4268596,1.0,0.5672283,0.49871832,0.19222426,0.35390154,0.5190676,0.48417288,0.4218427,0.336799,0.32709983,0.36114168,0.5112622,0.5537064,0.4045064,0.14502631,0.5717914,0.49168786,0.29774025,-0.037777588,0.102627374,0.04032286,0.4242967,0.29612556,0.20552956,0.11360379,0.4200191,0.3701076,0.16413595,0.2646291,0.32294863,0.030593796,0.31768638,0.24927972,0.46511215,0.08814513,0.056725405,-0.06868138,-0.048874885,-0.24692948,-0.16176789,-0.16759948,-0.3624736,0.12593229,-0.23093837,0.16314922,-0.14236593,0.01919204,0.017314794,0.12370294,0.05362197,0.21148993,-0.06441717,0.006593206,-0.12692748,0.19682065,-0.004091153,0.15964784,-0.13360432,0.04180003,0.22325712,0.12919925,-0.1451337,-0.021020684,0.2657628,0.28562725,0.41131482,0.26957014,0.41125366,0.3245097,0.29314473,0.21272197,0.052696604,0.40684614,0.34716445,0.5495051,0.1746154,0.32053223,0.38506523,0.40083197,0.11060189,0.051283315,0.28327355,0.4016283,-0.20428137,-0.14655948,-0.3660626,-0.21408455,-0.0402528,0.10178685,-0.01529647,-0.024427256,-0.114722006,-0.09170111,-0.09787551,0.22517653,0.075658396,0.1625361,0.22870749,0.23173073,0.2161013,0.4926665,-0.09072079,0.17064667,-0.0060035526,-0.25607103,0.033923056,0.040128827,-0.009794254,0.10194335
0.042863686,-0.027042968,0.35915658,0.5081958,0.5066322,0.615532,0.3557138,0.5672283,1.0,0.50867796,0.33301428,0.20532936,0.5696392,0.5329805,0.6261002,0.6815627,0.32822314,0.5952446,0.3353997,0.16445589,0.6275196,0.48702285,0.69007,0.49742803,0.76891714,0.37088662,0.54036623,0.24148944,0.55829513,0.2708201,0.66025406,0.13680948,0.42841846,0.36150688,0.3625554,0.29954404,0.39071727,0.22773325,0.5138023,0.17963211,0.42394087,0.32433173,0.33440647,0.0071905493,-0.120958336,-0.2485456,0.08477746,0.040974654,-0.403619,-0.09356986,-0.30732948,0.042314816,-0.037928045,0.0405746,0.28367397,0.430441,-0.19658896,0.04231694,-0.2760794,-0.012557557,-0.29532275,0.101004735,-0.19524167,0.2271435,-0.3220318,-0.035365205,0.31826815,-0.044365406,-0.3904493,-0.3517459,0.53915226,0.32539386,0.4228738,0.28257275,0.6454509,0.61674935,0.482871,0.11786709,0.19639733,0.5595709,0.3387798,0.5981586,0.5379713,0.6542968,0.33745375,0.6190244,0.3880527,0.49448603,0.49633545,0.36582878,0.13789082,0.21073927,-0.0004439488,-0.0858342,0.23450221,0.4371393,0.17091766,0.092466645,0.13542691,0.2627479,0.19877395,0.19602008,0.399506,0.47528654,0.39033496,0.53773373,0.3653969,0.49499503,0.06431647,0.27243602,0.18685333,0.047805373,0.42139682,0.31233698,0.31970823,0.13055927
0.3434891,0.0485158,0.5327383,0.41010973,0.16850793,0.17395078,0.5679193,0.49871832,0.50867796,1.0,0.35818884,0.36738127,0.526551,0.42174155,0.56675726,0.69914883,0.43510655,0.2974427,0.36431998,0.3118126,0.42935807,0.35933784,0.46312428,0.3970346,0.25953513,0.05732217,0.10338649,0.36796772,0.58643466,0.5973111,0.32597777,0.34921393,0.5246646,0.5362492,0.35338283,0.49624944,0.52513677,0.37312987,0.50294363,0.5749239,0.57935154,0.4878946,0.16680305,0.0129873715,0.0899648,-0.20539649,0.051205926,0.001547459,-0.24956042,0.0035229027,-0.14880079,0.10828639,-0.116507344,-0.10842973,0.264987,0.38905773,0.1691686,-0.18356772,-0.12951326,0.0839645,0.11059346,0.20195463,0.08490734,0.0369258,-0.15453808,-0.0012420433,0.21044654,0.17721307,-0.12826537,-0.3534976,0.50765455,0.5082478,0.4656411,0.57434535,0.58190894,0.54622304,0.36871994,0.3827611,0.43132728,0.4719582,0.38795266,0.35564888,0.52988195,0.24090329,0.4605144,0.17886733,0.26847473,0.042285025,0.45932004,0.43725082,-0.012052226,-0.04020563,-0.10345056,-0.208327,0.21487333,0.38543752,0.17249535,0.32040578,0.098322764,0.16125828,0.24055448,0.334292,0.2863517,0.23187512,0.3790584,0.27537927,0.36352563,0.44428128,0.16466896,0.2714994,0.16308771,-0.07491435,0.15621826,0.3172368,0.26616034,0.3702646
0.510252,0.07852964,0.5406676,0.26077992,0.52984446,0.4648466,0.6165743,0.19222426,0.33301428,0.35818884,1.0,0.41016746,0.6872847,0.24846207,0.23382905,0.33973542,0.50275147,0.27391443,0.103471234,0.103043586,0.2884288,0.5851367,0.42239442,0.37086755,0.1809984,0.37168965,0.4159569,0.4467127,0.5133146,0.51326096,0.37340793,0.3562311,0.5003212,0.49933562,0.5965575,0.62214607,0.41160995,0.5667739,0.60221285,0.42263383,0.21409842,0.4185663,0.5827045,0.45858696,0.24718049,0.065494694,0.4843911,0.382673,-0.12475528,0.019705797,0.24168456,-0.064146735,0.37784812,0.09023143,0.57424134,0.638645,0.25604212,-0.3472909,-0.10122437,-0.11750603,0.3214754,-0.1084313,0.4445517,-0.030193318,0.10993609,-0.15691268,0.51138943,0.37497044,-0.033620372,-0.27909794,0.66487116,0.40740153,0.6106586,0.6351359,0.5898648,0.4585069,0.38396275,0.20404801,0.6385581,0.3207693,0.7630499,0.3100967,0.65763646,0.24724685,0.50581753,0.13508324,0.5620458,0.22591513,0.61770195,0.22142832,0.49177688,0.28435978,0.38190505,0.12631701,0.31761932,0.3514277,0.35858825,0.43226844,0.37863705,0.5460697,0.6021928,0.071788356,0.6135522,0.48890522,0.5729639,0.37102437,0.4303195,0.36861765,0.079207845,0.28729612,0.311838,0.22668949,0.32360995,0.4053835,0.5590876,0.22771314
0.5697017,0.53377646,0.18708594,0.21556985,0.061552934,0.051133525,0.28375247,0.35390154,0.20532936,0.36738127,0.41016746,1.0,0.380664,0.53953344,0.3247509,0.2968035,0.56998456,0.31751975,0.06291788,0.29087597,0.31901962,0.28220502,0.23879927,0.16950005,0.042427137,0.007934462,0.09433856,0.15255366,0.4239798,0.6541154,0.22680221,0.44147658,0.49775735,0.28885844,0.35433215,0.35887682,0.15478148,0.363474,0.24005951,0.28222626,0.18839201,0.27895164,0.29212728,0.3508414,0.20896241,-0.006871829,0.3708293,0.29910827,-0.17058656,0.09758067,-0.1285903,-0.14859198,0.18045421,-0.120392494,0.29245043,0.41702253,0.55725354,-0.0144051695,0.002967118,-0.018454488,0.32673794,0.17577171,0.44257426,-0.2670952,0.097452015,0.11734514,0.21909222,0.4678945,0.12455183,-0.027029842,0.25843093,0.29585996,0.2357222,0.5601601,0.21085796,0.2926985,0.025225082,0.10691263,0.33475253,0.44334465,0.3269052,0.45097896,0.38830113,0.062167507,0.26900938,0.11154997,0.10991183,0.041004285,0.3099664,0.29340726,0.23647074,0.18248025,0.05690802,0.053370956,0.21484019,0.29860073,0.29646546,0.3530538,0.31177005,0.34302852,0.32612985,0.047982406,0.3042413,0.20303744,0.3906233,0.06523412,0.35753044,0.19032359,0.17928194,0.18210888,0.2681335,0.23403165,0.07428026,0.29620168,0.28672576,0.28383398
0.44236916,0.07975986,0.44831604,0.4831477,0.37276495,0.4243407,0.5477274,0.5190676,0.5696392,0.526551,0.6872847,0.380664,1.0,0.52409285,0.49936566,0.4726465,0.5608375,0.45676863,0.29930025,0.21101764,0.47837028,0.40093264,0.48647267,0.38733774,0.2900111,0.23617476,0.37647903,0.29553398,0.666016,0.5186164,0.5041965,0.3671338,0.56171966,0.5356442,0.41112167,0.55232304,0.37022242,0.3923849,0.5478166,0.40233302,0.3604718,0.27368918,0.37427104,0.2786889,0.025421938,-0.1674966,0.34368226,0.28157675,-0.29997224,0.04558684,-0.039042495,0.03598155,0.16586258,-0.027827205,0.51734906,0.4763542,0.11122262,-0.15858474,-0.21036632,0.021244409,0.04408362,0.01945671,0.26769218,0.12532464,-0.18796827,-0.121613875,0.3400834,0.18816231,-0.19082649,-0.2660191,0.5533061,0.5359721,0.6458958,0.576869,0.5916938,0.5294952,0.25759575,0.3040926,0.5115173,0.4537689,0.6235095,0.44605055,0.54213417,0.3457873,0.46470508,0.34125575,0.3356123,0.22872801,0.5814852,0.32227036,0.28552085,0.12933971,0.09882336,-0.13313007,0.35125312,0.40329984,0.3926192,0.35082483,0.3350644,0.35726684,0.33568606,0.20693725,0.42701817,0.37512046,0.4962609,0.3334455,0.43267074,0.46456313,0.20377856,0.39491326,0.3670991,0.09724824,0.24836172,0.27752116,0.29585698,0.2690114
0.24775435,0.28909886,0.12620081,0.29157,0.11991726,0.28980955,0.16339903,0.48417288,0.5329805,0.42174155,0.24846207,0.53953344,0.52409285,1.0,0.4981091,0.44092909,0.5086223,0.71801424,0.40977544,0.23722866,0.50133634,0.27374163,0.41668963,0.23545644,0.38222975,0.016619336,0.27620068,-0.017072849,0.57117563,0.51662797,0.55086035,0.3290736,0.5798796,0.3375213,0.23233382,0.14712618,0.05504494,0.25403354,0.3258398,0.155214,0.16504161,0.21363582,0.22953013,0.16099188,-0.080789484,-0.15620936,0.36563063,0.3139588,-0.23635766,0.026281394,-0.2639104,-0.15049516,0.017794196,-0.20263788,0.35983765,0.4422728,0.091506205,0.21417725,-0.27385697,0.12666805,-0.101417385,0.10053503,0.036057916,0.035769127,-0.1554556,0.116749115,0.2017687,0.08030738,-0.14784774,-0.13008,0.23196511,0.37022638,0.25175235,0.4138578,0.28941587,0.4009259,0.00828186,0.010684003,0.19986823,0.5894254,0.14352544,0.5518871,0.3231238,0.35279608,0.09043696,0.44878498,0.16250305,0.29909825,0.41672903,0.30012175,0.21683963,0.19069536,-0.026178533,-0.020086562,0.39836106,0.47710624,0.4286543,0.2860056,0.37265164,0.36004278,0.1733249,0.16844617,0.33310604,0.2288183,0.44236368,0.2997312,0.49254557,0.3120785,0.26673746,0.36311913,0.4522071,0.31238177,0.23714656,0.32379788,0.25472394,0.35087064
0.25638446,0.20816031,0.24384794,0.29869115,0.22298941,0.33954108,0.25244558,0.4218427,0.6261002,0.56675726,0.23382905,0.3247509,0.49936566,0.4981091,1.0,0.71731055,0.41823852,0.5218824,0.42724863,0.3227265,0.56371653,0.27889645,0.432123,0.280414,0.42753735,0.26572594,0.30290055,0.43085504,0.5324575,0.44170222,0.5972259,0.26295337,0.49510342,0.4349483,0.2197213,0.23035052,0.36336723,0.19333734,0.41752812,0.33960795,0.46018344,0.19393036,0.23087665,0.1161208,-0.060405415,-0.14663236,0.2631664,0.30724752,-0.25265488,0.0039433525,-0.21453515,-0.03955668,0.03586137,-0.038754325,0.45439568,0.3979231,0.09131383,0.037754606,-0.12635654,0.059121113,-0.0028387846,0.22995593,-0.03776937,0.14198565,-0.27841496,0.07920274,0.20239812,0.15407714,-0.119606934,-0.16754064,0.38340974,0.3962584,0.37695414,0.4777342,0.43236193,0.5539064,0.14866138,0.2984577,0.22148311,0.5197961,0.14782621,0.37827873,0.48619884,0.36898962,0.2157933,0.41104546,0.2010618,0.20744756,0.4553106,0.12667301,0.20854054,-0.015508444,-0.08365206,-0.14220665,0.326648,0.49135837,0.3955212,0.3266525,0.3184003,0.30766764,0.14796726,0.08411968,0.2896284,0.11757136,0.33373076,0.24884199,0.40316448,0.21644008,0.29001206,0.46186745,0.37478018,0.20199624,0.18242751,0.28481323,0.22170158,0.31514132
0.054704215,-0.10023255,0.31333366,0.2971288,0.27751124,0.4981825,0.34777552,0.336799,0.6815627,0.69914883,0.33973542,0.2968035,0.4726465,0.44092909,0.71731055,1.0,0.34313342,0.46088347,0.21165355,0.081053175,0.59521896,0.5067037,0.536712,0.43518034,0.55703837,0.21229927,0.35206652,0.3914574,0.592526,0.50169396,0.6188877,0.34707016,0.4385495,0.3778204,0.4016759,0.3516072,0.4509447,0.3654565,0.5007159,0.3394347,0.4623242,0.50403637,0.29252487,0.13084118,-0.04277601,-0.22228383,0.17185655,0.11949256,-0.32350814,0.0026525657,-0.25692,0.006419815,-0.026301991,0.004066328,0.32756126,0.44835842,-0.07950454,-0.11601006,-0.23868555,0.12261328,-0.065414175,0.2410885,-0.16429515,0.23337987,-0.26251948,0.075222276,0.25928494,0.052284483,-0.25797248,-0.4423419,0.55652225,0.44065532,0.3750923,0.4953165,0.62679815,0.64543325,0.41287646,0.26313537,0.36686477,0.56631947,0.21883836,0.49725407,0.61322796,0.51776344,0.3206259,0.4775202,0.4010226,0.2907162,0.45127243,0.41266072,0.098610885,0.23235895,0.12614502,-0.09772079,0.28929228,0.54852647,0.21297887,0.21162851,0.15429588,0.2720276,0.28262287,0.20310986,0.36458215,0.3667436,0.3617464,0.3820178,0.34410918,0.34620997,0.20399414,0.2507295,0.19890904,0.026263883,0.32981873,0.3234533,0.34636515,0.21452644
0.4331746,0.28885537,0.20091529,0.23766932,0.17565405,0.107967086,0.34169737,0.32709983,0.32822314,0.43510655,0.50275147,0.56998456,0.5608375,0.5086223,0.41823852,0.34313342,1.0,0.33570012,0.24119714,0.23699988,0.3821801,0.2668048,0.22987361,0.12589777,0.21218066,0.14606205,0.13982676,0.24087241,0.61327684,0.6193984,0.39961767,0.31718075,0.49548495,0.5369666,0.33288574,0.4263026,0.41743094,0.5433703,0.36201194,0.5609355,0.42491263,0.20366514,0.18022284,0.16501397,0.060316157,-0.08773399,0.27380368,0.27819997,-0.13223672,-0.026518088,-0.13000163,-0.04426928,0.0032633957,-0.18984124,0.43621677,0.4541409,0.3902716,0.06662507,-0.061092183,0.23310216,0.05117369,0.17214882,0.4100276,-0.20103844,-0.14074142,-0.080396555,0.20924495,0.24941416,-0.09793465,-0.16785562,0.32355678,0.55062395,0.4187906,0.5409062,0.34723553,0.44539076,0.09615052,0.49014482,0.4732195,0.337609,0.44610342,0.19419767,0.3656556,0.046850134,0.21530762,0.03713708,0.086077735,0.015859134,0.48152384,0.18744998,0.24912448,-0.014071295,-0.09398322,-0.297623,0.28181136,0.34955463,0.36377624,0.47815952,0.35264504,0.3482129,0.23797867,0.18340772,0.2571439,0.13748556,0.29512239,0.12475189,0.33056563,0.24872959,0.22318074,0.29919553,0.32726195,0.2643988,0.07772313,0.21207528,0.16829532,0.22698982
0.09376866,0.083508685,0.22743821,0.33496115,0.24375,0.5130182,0.23313363,0.36114168,0.5952446,0.2974427,0.27391443,0.31751975,0.45676863,0.71801424,0.5218824,0.46088347,0.33570012,1.0,0.40470308,0.15132184,0.59616,0.4694304,0.60908365,0.4743029,0.5091591,0.23680452,0.4245598,0.06101115,0.57604903,0.3801789,0.7312321,0.34631556,0.601147,0.34382552,0.33406252,0.09780671,-0.02108225,0.22003436,0.28429955,-0.07138393,0.080669455,0.23509361,0.40305874,0.16087851,-0.045504905,-0.13970107,0.35096347,0.26214704,-0.18483733,-0.07084024,-0.24711497,-0.2247325,0.17548336,0.04146665,0.30553445,0.5037394,-0.06599955,0.22517511,-0.28412297,0.0020006646,-0.13294336,0.040775653,-0.122045584,0.15357333,-0.185001,0.045663964,0.37088978,-0.009980985,-0.16065133,-0.15733178,0.50563616,0.34574977,0.35748547,0.34715563,0.41901818,0.504689,0.24621472,-0.1102518,0.10538194,0.68400365,0.15554449,0.6103096,0.38814044,0.6106248,0.20210645,0.6379481,0.40364975,0.5985734,0.52374965,0.105497785,0.30020413,0.23210038,0.14005317,0.089295104,0.34156582,0.46632704,0.33383286,0.13385406,0.30497485,0.3869298,0.29325897,0.06167146,0.46092573,0.38228405,0.41218606,0.4880435,0.49865913,0.2620657,0.15258701,0.3179155,0.39356717,0.29085228,0.3716385,0.33884436,0.31742662,0.13035783
0.38087082,0.34061572,0.48302898,0.3425551,0.117238276,-0.0045822645,0.4376715,0.5112622,0.3353997,0.36431998,0.103471234,0.06291788,0.29930025,0.40977544,0.42724863,0.21165355,0.24119714,0.40470308,1.0,0.6906453,0.15390666,0.07628947,0.41533023,0.35960692,0.24481644,0.21880491,0.04477972,0.18493791,0.37045118,0.2855315,0.32296103,0.14878088,0.60250247,0.5944025,0.07329732,0.022699635,0.22414291,0.039890654,0.36661467,0.21799424,0.30695665,0.039441455,0.06385084,-0.031761706,-0.04391331,-0.04050771,0.03739054,0.049250267,-0.01855827,0.26986393,0.03411193,0.19301078,-0.038594153,-0.03778564,0.19767389,0.16298313,0.12670428,0.1485142,-0.061998833,0.12349688,-0.0040991553,-0.038481664,0.021975566,0.021899741,-0.00982585,-0.060327183,0.29237458,0.0003603733,0.09985975,0.14352366,0.24615751,0.2017923,0.3779336,0.2927987,0.26994652,0.2607192,0.15614235,0.19713762,-0.04021846,0.43804628,0.18327583,0.2572799,0.1562846,0.1658515,0.22967996,0.18011123,0.1534807,-0.024135254,0.43017495,-0.095664665,0.013035893,-0.19298221,-0.17434111,-0.11829495,0.043816317,0.030181589,0.14631838,0.10479699,0.06504425,0.057577796,-0.07121813,0.17332564,0.13390413,0.04532128,0.17966338,0.2691483,0.28649256,0.31664562,-0.07491695,0.26423422,0.19576392,0.091739535,0.18484835,0.07805445,0.023309844,0.19440232
0.6388562,0.606591,0.48966968,0.39776582,0.07234625,-0.18872046,0.45201725,0.5537064,0.16445589,0.3118126,0.103043586,0.29087597,0.21101764,0.23722866,0.3227265,0.081053175,0.23699988,0.15132184,0.6906453,1.0,0.050972197,-0.02657355,0.31442702,0.32157284,-0.007219787,0.16018046,-0.11910478,0.23596802,0.1434113,0.30534434,0.05279169,0.062220372,0.42093965,0.44734275,0.1573741,0.12426349,0.27552825,0.059029534,0.31254414,0.22339813,0.2498556,0.01998973,0.13171136,0.17724477,0.22086394,0.14029537,0.06028795,0.07856821,0.14341684,0.3305873,0.17370884,0.20895547,0.04146386,0.090216115,0.11468815,0.05871057,0.52459824,0.12388571,0.21429755,-0.015877645,0.33436486,0.021223763,0.32593217,-0.111985646,0.11860707,0.115367934,0.3256313,0.34245017,0.41112667,0.42426932,0.09144815,-0.034207165,0.2601482,0.33185366,0.13029249,0.11250131,0.07756746,0.15201919,-0.12933877,0.3962004,0.28672284,0.28290838,0.14803909,0.021106724,0.3909725,0.012737596,0.0010471448,-0.19881438,0.2962358,-0.13154186,0.015139421,-0.21380037,-0.20523062,-0.034787178,-0.06411564,-0.09296684,0.079074115,0.11867339,0.022739569,0.024365706,-0.01021204,0.03725007,0.11081893,-0.023730613,0.13671958,0.05109568,0.19467197,0.18245544,-0.20685112,0.21891792,0.10965626,0.05609097,0.028531816,0.07743317,0.009581141,0.20298436
0.047281727,0.019070484,0.13036287,0.40057966,0.22193561,0.4605453,0.20012937,0.4045064,0.6275196,0.42935807,0.2884288,0.31901962,0.47837028,0.50133634,0.56371653,0.59521896,0.3821801,0.59616,0.15390666,0.050972197,1.0,0.47728467,0.50619346,0.34091634,0.5067595,0.2451286,0.42882878,0.2879332,0.5261153,0.3080929,0.59372365,0.2724737,0.39987972,0.21972367,0.44978812,0.3780924,0.16279313,0.23997436,0.29639786,0.14220423,0.27950668,0.21401364,0.3985381,0.16302359,-0.09097463,-0.1258979,0.2535483,0.23972943,-0.26170745,-0.03319641,-0.33303812,-0.17494658,0.09964536,-0.013357891,0.3608427,0.46985444,-0.055656414,0.15555549,-0.1035995,-0.0011101625,-0.13627824,0.2678589,-0.003042884,0.12865329,-0.18822646,0.011101119,0.33021328,0.11524413,-0.26996157,-0.25888416,0.503645,0.4214534,0.3547857,0.32654685,0.4847783,0.54137766,0.28650635,0.015202525,0.16242018,0.48705253,0.25562677,0.49307275,0.4367075,0.5132062,0.14705262,0.52006984,0.3698246,0.45969537,0.4613232,0.25779396,0.2724602,0.18080515,0.08972807,-0.1862002,0.40181878,0.5330129,0.29859087,0.22583896,0.30724892,0.34483755,0.234645,0.05280646,0.41695282,0.3062937,0.39541492,0.31713396,0.39735278,0.20886472,0.22027047,0.33898097,0.37410712,0.18135998,0.22849037,0.25107768,0.26536,0.12213558
0.18044253,-0.10891055,0.46800902,0.17657417,0.51427746,0.6771034,0.45891172,0.14502631,0.48702285,0.35933784,0.5851367,0.28220502,0.40093264,0.27374163,0.27889645,0.5067037,0.2668048,0.4694304,0.07628947,-0.02657355,0.47728467,1.0,0.58699185,0.44144428,0.55826825,0.43782353,0.6194936,0.46239164,0.46921512,0.44182038,0.56944376,0.27786976,0.46047488,0.344897,0.6635438,0.4743659,0.3838462,0.3588905,0.5065048,0.21239656,0.17498179,0.5835617,0.6678344,0.4035284,0.24655628,-0.058660045,0.3594427,0.19566008,-0.24742062,-0.11498671,0.03191361,-0.099753074,0.24260235,0.011287767,0.30641043,0.6029392,-0.0007682998,-0.16784284,-0.2589544,-0.108210124,0.07736895,-0.023003278,0.07319058,0.09041996,-0.042189144,-0.08393604,0.54531866,0.20564538,-0.18585385,-0.35922617,0.72719693,0.2940992,0.4371238,0.53541964,0.6495342,0.49281403,0.6118886,-0.08505135,0.31891686,0.44891343,0.44019085,0.48356152,0.72006106,0.5422526,0.43520418,0.42535308,0.62328815,0.40483016,0.5155671,0.30190012,0.37363496,0.39508688,0.4050458,0.12892754,0.27862582,0.39639103,0.13586298,0.08264438,0.12585716,0.43107495,0.54120755,0.10409351,0.5888155,0.6524294,0.44219673,0.4806317,0.2769535,0.2904767,-0.11957677,0.10938952,0.18004598,0.11006162,0.5252131,0.39451906,0.5312173,0.067841105
0.238297,0.04911911,0.67279345,0.4882493,0.4287623,0.535711,0.6059917,0.5717914,0.69007,0.46312428,0.42239442,0.23879927,0.48647267,0.41668963,0.432123,0.536712,0.22987361,0.60908365,0.41533023,0.31442702,0.50619346,0.58699185,1.0,0.78192174,0.64089495,0.24992515,0.4993038,0.2368235,0.46348763,0.32083765,0.6198277,0.17584634,0.5137257,0.4816565,0.47241867,0.26933822,0.36935928,0.17445964,0.5613422,0.09593035,0.25947058,0.379982,0.49071684,0.221986,0.08620655,-0.15218708,0.15950888,0.044969365,-0.22438622,0.019864827,-0.053589117,0.017397458,0.1355595,0.22496398,0.16259491,0.4423039,-0.08016971,-0.07480155,-0.2876807,-0.116691925,-0.045842923,0.03885701,-0.09904634,0.25437307,-0.12588249,-0.001783621,0.5338683,0.08757361,-0.18413088,-0.20724443,0.6867582,0.22348507,0.4921868,0.35267127,0.6443219,0.48027322,0.6748677,0.009962598,0.099495925,0.68580884,0.3550367,0.75642204,0.545457,0.7754442,0.60990477,0.6937739,0.5164261,0.51662415,0.5071725,0.20759305,0.15609254,0.31543013,0.14093375,0.11689478,0.12090265,0.29341066,0.06739318,0.020956777,-0.00019351851,0.25388122,0.31325713,0.13512681,0.44736248,0.57677805,0.38309294,0.5418794,0.30188882,0.38543618,-0.096249074,0.18483657,0.08997625,-0.0426531,0.4729062,0.28192532,0.32613987,0.026756633
0.21848832,0.07434538,0.62154084,0.5791685,0.32494086,0.38642684,0.6646558,0.49168786,0.49742803,0.3970346,0.37086755,0.16950005,0.38733774,0.23545644,0.280414,0.43518034,0.12589777,0.4743029,0.35960692,0.32157284,0.34091634,0.44144428,0.78192174,1.0,0.4561487,0.11894385,0.3243373,0.092738956,0.420712,0.28922758,0.46373996,0.35001397,0.40805012,0.34409365,0.37600243,0.16314444,0.27103278,0.19437361,0.39643213,0.031971812,0.1613997,0.36034334,0.37778473,0.1669543,0.17023765,-0.008419434,0.09862481,-0.03536805,-0.1174976,0.032085445,0.011211778,0.060972393,0.23823835,0.36292055,0.057902787,0.3190597,-0.0029754408,-0.047690865,-0.027523879,-0.05561503,0.057804726,-0.01592903,-0.073298894,0.23250203,-0.0034610876,0.028025473,0.5142557,0.12399547,0.027673626,-0.15174304,0.60915095,0.24649024,0.5019478,0.29257452,0.55067044,0.48986214,0.61999315,0.110439524,0.100890264,0.640497,0.34403455,0.66801345,0.35918525,0.67644286,0.67663354,0.5767541,0.452103,0.40112212,0.44429466,0.14076576,0.1218018,0.2498148,0.22285959,0.20719911,0.049348637,0.23861064,-0.016341468,0.04709054,-0.038485643,0.16311513,0.32353082,0.11926443,0.39839226,0.5092647,0.33647972,0.50366694,0.29780775,0.40483654,-0.17001213,0.09472785,0.024493381,-0.09936859,0.3719703,0.22040725,0.24616644,-0.008806569
-0.14072736,-0.15761432,0.24852742,0.23488212,0.4931637,0.66435754,0.22885959,0.29774025,0.76891714,0.25953513,0.1809984,0.042427137,0.2900111,0.38222975,0.42753735,0.55703837,0.21218066,0.5091591,0.24481644,-0.007219787,0.5067595,0.55826825,0.64089495,0.4561487,1.0,0.39938524,0.6162701,0.1704232,0.38197002,0.14550151,0.71745795,0.046315428,0.30239096,0.25528598,0.32828778,0.098686,0.33419383,0.1415271,0.37767214,0.022109987,0.26736936,0.30200824,0.30872938,0.02566995,-0.057083752,-0.24649343,0.024811871,-0.018950773,-0.27610525,-0.09799344,-0.25007334,0.05555367,-0.045965515,0.018639771,0.10771326,0.3439661,-0.2755665,0.08386782,-0.28634247,0.035297144,-0.33371732,0.053336184,-0.2915335,0.13949724,-0.29253212,-0.006747648,0.28196105,-0.16814463,-0.33420426,-0.3609595,0.47092682,0.16470142,0.2462012,0.16634747,0.49187186,0.48628673,0.57445264,0.024603534,0.057445917,0.46318477,0.096685074,0.5340196,0.47114208,0.7109029,0.24492773,0.65661794,0.3539894,0.5284684,0.38213706,0.19320595,0.1343532,0.31738886,0.1305754,0.0044055455,0.1144279,0.3135287,-0.010935952,-0.09033103,-0.027860537,0.23642354,0.16054457,0.20340113,0.31269166,0.51361495,0.19515215,0.50538087,0.14473064,0.28672692,-0.070950165,0.025934283,0.014037714,0.03991667,0.5340272,0.22592522,0.25918207,-0.074345075
0.21328686,-0.06450851,0.26576483,0.003541053,0.63386565,0.57181543,0.25123927,-0.037777588,0.37088662,0.05732217,0.37168965,0.007934462,0.23617476,0.016619336,0.26572594,0.21229927,0.14606205,0.23680452,0.21880491,0.16018046,0.2451286,0.43782353,0.24992515,0.11894385,0.39938524,1.0,0.4541368,0.5261813,0.14204313,0.07057768,0.4553418,-0.025027415,0.2922971,0.32941434,0.4318294,0.332686,0.3299685,0.27166545,0.41730517,0.10244404,0.17751907,0.2666741,0.4640121,0.23550685,0.047525972,0.037158992,0.25254434,0.21121804,-0.007723529,0.15656815,0.20279372,0.17799121,0.1703285,0.12945507,0.40685916,0.38742557,0.07991503,-0.13765578,-0.061897438,-0.24521352,0.016818795,-0.16837299,0.10861432,-0.012762746,-0.021836447,-0.0373188,0.41743088,0.05843453,0.0102601675,-0.014585251,0.37307966,0.058300186,0.295214,0.25633132,0.36019835,0.32903054,0.34178117,0.05201233,0.09104122,0.17695013,0.35486877,0.122737356,0.5431673,0.26004982,0.21747729,0.12760058,0.4630041,0.3560211,0.5439132,-0.14110453,0.4076654,0.09737565,0.23115031,0.10172616,0.17746566,0.16772814,0.21497558,0.113217734,0.2487499,0.37915847,0.4106226,-0.11923032,0.48067713,0.39674786,0.27549186,0.42441812,0.27180228,0.15060462,-0.20524956,0.22521038,0.23796326,0.2964357,0.3348097,0.2970737,0.39198923,0.0053992183
0.05055812,-0.13583179,0.2815187,0.07179432,0.60636175,0.7816902,0.2736315,0.102627374,0.54036623,0.10338649,0.4159569,0.09433856,0.37647903,0.27620068,0.30290055,0.35206652,0.13982676,0.4245598,0.04477972,-0.11910478,0.42882878,0.6194936,0.4993038,0.3243373,0.6162701,0.4541368,1.0,0.24505268,0.26995212,0.1453254,0.5704274,0.05669809,0.28121567,0.259142,0.43672907,0.2466394,0.30636197,0.13810472,0.42248034,0.015767643,-0.0033024664,0.22773337,0.5609373,0.3121934,0.080089234,-0.08557089,0.30626872,0.22582212,-0.24352023,-0.11329607,0.03699881,-0.12363198,0.22763728,0.07068153,0.3073656,0.45004302,-0.18368755,-0.13898486,-0.28562412,-0.14015128,-0.073654525,-0.11495225,-0.054693535,0.22673973,-0.13010822,-0.01661701,0.31785142,-0.065546155,-0.26365635,-0.36105704,0.46424946,0.19009848,0.34681457,0.26346636,0.50628626,0.31894925,0.4921107,-0.13832512,0.22025849,0.3418298,0.28519002,0.43105146,0.5423911,0.5806824,0.2706394,0.47883222,0.41752514,0.49776936,0.41538474,0.14010775,0.3756062,0.4318262,0.33760083,0.22617449,0.22169551,0.28751436,0.15853147,0.040729996,0.1671615,0.38635188,0.39899772,0.036847793,0.47255877,0.5094977,0.33878717,0.41579077,0.17642407,0.16663125,-0.06767842,0.12081612,0.17439023,0.15359493,0.39579892,0.3837422,0.41864288,0.14410505
0.37797797,0.03574852,0.40321055,0.04461486,0.36112058,0.29883268,0.36243594,0.04032286,0.24148944,0.36796772,0.4467127,0.15255366,0.29553398,-0.017072849,0.43085504,0.3914574,0.24087241,0.06101115,0.18493791,0.23596802,0.2879332,0.46239164,0.2368235,0.092738956,0.1704232,0.5261813,0.24505268,1.0,0.2505417,0.33218214,0.26886818,0.079264544,0.29187372,0.42283127,0.45635098,0.5532497,0.5268925,0.33166823,0.5730699,0.5119031,0.44187772,0.39110255,0.46702576,0.3937916,0.18261041,0.06324462,0.406654,0.40878707,0.021996906,0.096844755,0.22877301,0.168708,0.120375305,0.033327546,0.5518057,0.4809436,0.27694863,-0.23453632,-0.036822584,-0.12856445,0.27952895,-0.03174936,0.31674856,-0.08946975,0.048356883,-0.16393283,0.45900333,0.4177803,-0.04241652,-0.109017484,0.49955073,0.19832897,0.347316,0.5094183,0.42050448,0.38426158,0.28180766,0.24980175,0.24266432,0.10240526,0.40610614,-0.0012804591,0.63372123,0.049454067,0.24952447,0.008082429,0.29230386,0.008719081,0.41400856,-0.00032782927,0.3969652,-0.032014403,0.14406037,-0.17536055,0.39024043,0.31384653,0.39477688,0.36898506,0.3398542,0.4251723,0.32868898,0.056866925,0.41467452,0.19157545,0.33462405,0.15308274,0.26839346,0.11306266,0.033631023,0.4395792,0.3750649,0.30549687,0.24923277,0.29843605,0.3846982,0.30869922
0.23312718,0.09003027,0.36646762,0.424046,0.30361667,0.378786,0.501628,0.4242967,0.55829513,0.58643466,0.5133146,0.4239798,0.666016,0.57117563,0.5324575,0.592526,0.61327684,0.57604903,0.37045118,0.1434113,0.5261153,0.46921512,0.46348763,0.420712,0.38197002,0.14204313,0.26995212,0.2505417,1.0,0.67502403,0.5847136,0.64375556,0.65463185,0.5216822,0.4260092,0.4629988,0.34255016,0.5603154,0.44954073,0.45226473,0.4104035,0.44211942,0.25162545,0.15192996,-0.02485835,-0.14764401,0.23882996,0.15364598,-0.27797356,-0.047496326,-0.26921064,-0.10303511,-0.040937208,-0.117541544,0.4488118,0.5824976,0.026101861,0.04496985,-0.17749105,0.015660528,-0.055587713,0.1316758,0.064301684,-0.0086286785,-0.12747581,-0.16120717,0.3566106,0.118827306,-0.23453574,-0.38528004,0.6472674,0.70626336,0.6438023,0.6349542,0.6677327,0.622232,0.3244734,0.3899299,0.57238805,0.5139936,0.42361468,0.40560925,0.5203061,0.30592,0.292794,0.3087562,0.33427775,0.228257,0.6238583,0.42955568,0.18521217,0.022264183,0.042374928,-0.17113474,0.32276997,0.47901466,0.3056954,0.3447217,0.3001716,0.31060174,0.33552542,0.2531298,0.4280917,0.37552416,0.48316363,0.41768244,0.51296437,0.54306567,0.23937793,0.2810483,0.3125124,0.063957684,0.22433883,0.31696504,0.34043416,0.22020729
0.5735944,0.3034818,0.44009703,0.17816007,0.14482546,0.14285366,0.52769685,0.29612556,0.2708201,0.5973111,0.51326096,0.6541154,0.5186164,0.51662797,0.44170222,0.50169396,0.6193984,0.3801789,0.2855315,0.30534434,0.3080929,0.44182038,0.32083765,0.28922758,0.14550151,0.07057768,0.1453254,0.33218214,0.67502403,1.0,0.358149,0.5571012,0.6511533,0.56314915,0.36706355,0.39857328,0.36114404,0.49085534,0.42158443,0.4655254,0.34283674,0.48857078,0.29517514,0.29490373,0.274207,0.030085409,0.365813,0.2896422,-0.11194176,0.08343763,-0.03856638,-0.058586996,0.09807418,-0.10579473,0.385182,0.5194522,0.48455596,-0.11922506,-0.14864364,0.07383623,0.38692033,0.100655764,0.39451757,-0.16427614,0.043435484,0.04760583,0.32732105,0.30906913,0.067868605,-0.21484084,0.5139045,0.5908558,0.52725947,0.8442456,0.5001143,0.5007314,0.19121352,0.34838182,0.50244814,0.5314032,0.45374677,0.36826128,0.57687956,0.105672106,0.45445767,0.06386774,0.24900423,-0.028853025,0.5174255,0.26853052,0.2434067,0.05254969,0.12564853,-0.02793601,0.27663407,0.36744207,0.2839293,0.41229942,0.27213085,0.36274788,0.40380475,0.26956066,0.3747088,0.27291045,0.41673484,0.16781901,0.39693695,0.28486234,0.16510627,0.21843787,0.28378698,0.1756556,0.16567962,0.32887578,0.32359058,0.36796147
0.055309497,-0.09084657,0.2227227,0.1928396,0.41464385,0.67936814,0.28243038,0.20552956,0.66025406,0.32597777,0.37340793,0.22680221,0.5041965,0.55086035,0.5972259,0.6188877,0.39961767,0.7312321,0.32296103,0.05279169,0.59372365,0.56944376,0.6198277,0.46373996,0.71745795,0.4553418,0.5704274,0.26886818,0.5847136,0.358149,1.0,0.37231565,0.56024194,0.4398759,0.4601583,0.2362554,0.23320061,0.31784457,0.44032744,0.086012945,0.19624193,0.36215645,0.45929283,0.26927128,-0.050654124,-0.1787089,0.38812435,0.32000074,-0.18106426,-0.065295264,-0.1500129,-0.11840363,0.16923738,0.05079512,0.4407699,0.5562734,-0.100663744,0.0048193536,-0.29485896,0.0678853,-0.15768568,0.06349948,-0.123825476,0.14262225,-0.22965068,0.03188548,0.41906786,-0.02903229,-0.22225684,-0.3324124,0.55225855,0.36945674,0.364546,0.39537027,0.54218465,0.5841079,0.3856532,0.0889561,0.22777295,0.63275784,0.15475409,0.5790073,0.58418274,0.66202724,0.23182689,0.6516702,0.42502078,0.6116773,0.59578574,0.10178415,0.39515802,0.3592455,0.28443092,0.05096716,0.39568606,0.4867257,0.35924065,0.20687562,0.33494508,0.48354384,0.41548112,0.097403556,0.5355561,0.5071223,0.4174476,0.5355374,0.43140733,0.22782235,0.15723592,0.27626854,0.3692661,0.30572072,0.49771816,0.41902575,0.4011518,0.09695224
