1.0,0.70088017,0.48809132,0.49893352,0.21385676,0.26865083,0.55096936,0.35943174,0.41794622,0.49105385,0.5580486,0.64312714,0.44522712,0.5482225,0.2385677,0.33886576,0.26518327,0.3207966,0.64026666,0.6123469,0.08991378,0.27356943,0.49716353,0.46600458,0.27480507,0.32278946,0.0902607,0.012995613,0.06448216,0.26731104,0.41753265,0.46985495,0.52996385,0.609433,0.4136542,0.40623072,0.09472958,-0.065041535,0.22768477,0.1347468,0.008269621,0.49249706,0.5871606,0.6513668,0.34314194,0.0013283953,0.33641043,0.42602915,0.054589085,0.12667787,0.585919,-0.19233203,0.32759717,0.48171502,0.30487913,0.32162696,0.73279595,0.3708325,0.164817,-0.091028355,0.22168936,0.263017,0.55031544,0.5266686,0.5490244,0.37364247,0.64088,0.60277337,0.01923293,-0.027455952,0.3704152,0.25791556,0.23696509,-0.01649376,-0.06786917,0.11236172,0.16152675,0.14530092,0.11363314,0.16211201,0.29510933,0.44511592,0.19467881,0.3327562,0.68673396,0.44524083,0.033386827,-0.024455046,0.40175268,0.24723656,0.5730792,0.5785531,0.42305744,0.0824388,0.08898549,0.17461653,0.22200134,0.10520379,0.42927465,0.39361292,-0.123304285,0.24572778,0.27939758,0.10972775,0.06734952,0.18851723,0.19721164,0.11533627,0.24304026,0.105116524,0.4464547,0.4648991,0.31622097,0.43976718,0.15394078,0.13686417
0.70088017,1.0,0.29539746,0.36409074,0.09755402,0.1123592,0.37642738,0.18378149,0.27980602,0.34411976,0.41061038,0.6345532,0.3198213,0.4903532,0.10028201,0.1738235,0.09752932,0.15045804,0.61028194,0.4571336,-0.04752366,0.059991784,0.35522878,0.26040408,0.100554034,0.14595385,-0.060100343,-0.12453432,-0.07809701,0.07940454,0.2211511,0.2396036,0.34873798,0.4345118,0.32124972,0.2923622,-0.059197236,-0.19750519,0.11609069,0.021225974,-0.125855,0.1872783,0.48242962,0.57729286,0.4389315,0.12535998,0.19706497,0.22324927,0.032962352,0.22938912,0.5541785,-0.034847584,0.31956607,0.3404562,0.1606775,0.19222042,0.6015011,0.2942342,0.1379892,-0.17877136,0.15207258,0.30449647,0.5584688,0.49645114,0.44152603,0.29738048,0.55864054,0.59436524,-0.032386664,-0.11635479,0.17100853,-0.023763062,-0.009261421,-0.18399392,-0.26440445,-0.13338625,-0.007712208,0.035517596,-0.06921818,-0.02841417,0.080094665,0.23654597,-0.0014576435,0.21348579,0.44547743,0.3088725,-0.013044856,-0.12413884,0.2560937,0.117152795,0.4750099,0.37621492,0.26358956,-0.058616545,-0.016522508,0.08355762,0.10152155,0.036316264,0.39964205,0.2971013,-0.07780991,0.16267477,0.21592589,0.02402764,-0.014118965,0.04450131,0.11824625,0.100734785,0.08996621,-0.07357668,0.29706606,0.29806405,0.28880587,0.3392635,-0.038747795,-0.047613442
0.48809132,0.29539746,1.0,0.85191023,0.6621745,0.6549461,0.92390877,0.7932547,0.690246,0.79461503,0.74477834,0.61537296,0.7350218,0.61883473,0.625118,0.7213489,0.7255785,0.5882677,0.55610746,0.7435969,0.5794133,0.6639516,0.8855658,0.7839914,0.7699403,0.7285701,0.44744003,0.27964294,0.5621269,0.6262995,0.87923944,0.77761924,0.7829315,0.67388266,0.56289005,0.56536394,0.52085614,0.48283523,0.6231733,0.49113226,0.45113575,0.5957639,0.1280709,0.18530601,0.018311344,-0.031196252,0.51197803,0.6039174,0.109125644,0.094125986,0.34003875,-0.22941367,0.21259433,0.2945341,0.5948495,0.6229209,0.49060854,0.22256635,0.17028224,0.051622003,0.16602665,0.008097361,0.11152246,0.08673463,0.415779,0.30229676,0.28270745,0.29564035,-0.16277087,0.079223275,0.76905864,0.69368887,0.5555527,0.4163992,0.3336904,0.3278692,0.675504,0.5257077,0.38546968,0.4701285,0.71589464,0.52992076,0.5992647,0.65371716,0.60526145,0.43449712,0.51514155,0.34016144,0.65375745,0.52550936,0.38514656,0.43413568,-0.15077962,0.19324566,0.538429,0.4219203,0.54564303,0.44087127,0.46767455,0.49081987,0.22528587,0.4371151,0.4404561,0.23467238,0.5044717,0.47200853,0.47092584,0.29338372,0.46521983,0.6029333,0.5663031,0.40021563,0.11908608,0.3645071,0.4782974,0.4851052
0.49893352,0.36409074,0.85191023,1.0,0.67443603,0.748722,0.8693706,0.890759,0.77967346,0.7854367,0.68155855,0.6398419,0.703796,0.73711973,0.6419969,0.67839646,0.6796204,0.73380303,0.62152874,0.7406431,0.64845896,0.671295,0.8369016,0.8847768,0.70636326,0.70545983,0.36641636,0.37440854,0.5641348,0.6613594,0.8376052,0.85098416,0.77695453,0.7560487,0.59760416,0.57611865,0.44677103,0.42396507,0.5721028,0.5406975,0.360931,0.6783085,0.16855264,0.26744363,0.13330834,-0.05179606,0.5049213,0.60157096,0.055415027,0.14658329,0.3157208,-0.12496484,0.08085204,0.45343336,0.56666875,0.63717854,0.42481655,0.4171153,0.09492454,0.12571003,0.10515955,0.15457904,0.029510021,0.31196934,0.3517913,0.35537052,0.32485008,0.32729384,-0.11339481,-0.00853254,0.768615,0.7044988,0.47730595,0.47050667,0.38529342,0.26803592,0.6374723,0.5303888,0.43180883,0.60561526,0.5921122,0.67822796,0.5927987,0.6531981,0.515557,0.5900061,0.49228382,0.47248188,0.59695935,0.6304694,0.38455504,0.48493242,-0.09523361,0.29771286,0.49511638,0.44488826,0.5671826,0.44057515,0.45610356,0.51604503,0.15580182,0.38412037,0.37980828,0.21775377,0.466991,0.487779,0.42886212,0.26868078,0.51410925,0.5590582,0.58946764,0.45243743,0.23394138,0.42623657,0.49917194,0.5183753
0.21385676,0.09755402,0.6621745,0.67443603,1.0,0.9123515,0.69035023,0.7667764,0.85230607,0.8532945,0.6103055,0.49147585,0.7534869,0.62473005,0.87544334,0.8602771,0.5778273,0.6481893,0.42099574,0.53912616,0.8067248,0.75210917,0.74752355,0.69152945,0.8462249,0.7553999,0.7515501,0.7573455,0.7131538,0.8083816,0.7615738,0.76576966,0.7278554,0.6347055,0.54357916,0.37260994,0.52029806,0.57360625,0.69725597,0.6769658,0.4394236,0.59917855,-0.077714935,0.058238853,-0.065018915,-0.056933515,0.46811813,0.57258624,0.011374609,0.09245274,0.117960714,-0.16369684,-0.08357927,0.2767947,0.57623464,0.69289184,0.15009066,0.10781086,0.088576846,0.026632663,-0.018034851,-0.05622699,-0.20202875,-0.13572562,0.06629214,0.036050715,0.13034266,0.1030699,-0.2099952,-0.023041245,0.8295811,0.67507535,0.4772704,0.6186675,0.53827053,0.23790115,0.73424804,0.6039528,0.48842722,0.53109866,0.6123729,0.5631302,0.81398636,0.79880434,0.5007665,0.63166153,0.7414361,0.76851755,0.6729583,0.7467695,0.2554176,0.35965118,-0.21908286,0.41662547,0.5810697,0.4597729,0.5854312,0.45013785,0.36307222,0.46405786,0.16079673,0.59263986,0.47247043,0.3526091,0.63472736,0.6086712,0.5276469,0.28566456,0.58632016,0.6372608,0.4582827,0.38794017,0.058951136,0.28575766,0.64641315,0.590009
0.26865083,0.1123592,0.6549461,0.748722,0.9123515,1.0,0.6997867,0.8210595,0.85037667,0.8109778,0.5976733,0.49894866,0.7231717,0.6657202,0.8127303,0.78454596,0.60762596,0.7217329,0.42857617,0.5157328,0.83170724,0.7757931,0.7131307,0.773379,0.8123156,0.7905125,0.64898187,0.7521094,0.6915484,0.7656126,0.7558588,0.80210483,0.7224628,0.7019392,0.5371387,0.38967636,0.48928502,0.50238633,0.63976866,0.66567963,0.34780136,0.6616112,0.01939884,0.14570707,0.008921662,-0.085273005,0.4944685,0.57029194,0.017289504,0.12350238,0.10819449,-0.1339352,-0.0656222,0.36661312,0.57021856,0.67888546,0.15304036,0.22740504,0.04390846,0.05440998,-0.033707,0.02983065,-0.23062277,-0.007929981,0.08611415,0.11007287,0.21037349,0.13961564,-0.19308104,-0.034308407,0.8209324,0.7090858,0.44641596,0.60811317,0.5409124,0.24021065,0.70755017,0.57694644,0.5358989,0.5725569,0.5245673,0.6347675,0.74794704,0.7310185,0.4733715,0.66920626,0.6467834,0.79772365,0.6305424,0.7332897,0.26955396,0.44197953,-0.10276344,0.43321538,0.5264145,0.4732668,0.5832818,0.4421103,0.35452524,0.49702027,0.023330554,0.52596724,0.3652688,0.3304483,0.54193234,0.5680494,0.44208974,0.3123161,0.58870196,0.5887858,0.48231098,0.45200774,0.11538828,0.2947392,0.6194175,0.5763393
0.55096936,0.37642738,0.92390877,0.8693706,0.69035023,0.6997867,1.0,0.82126915,0.74256366,0.8159369,0.76605463,0.6434795,0.7838931,0.6855122,0.67498463,0.73816186,0.75532216,0.6085119,0.6294463,0.75605565,0.5772199,0.65685457,0.89670897,0.79882056,0.76031375,0.72191423,0.49424464,0.36156628,0.5951785,0.6588593,0.86835873,0.8075713,0.8253024,0.72832566,0.6363642,0.59868747,0.55156064,0.49274224,0.658102,0.532662,0.40483633,0.60540724,0.12221842,0.21509509,0.027735861,-0.014964319,0.5549324,0.6284149,0.117704555,0.14702097,0.31279823,-0.17337862,0.17435102,0.33210713,0.62080145,0.64810854,0.51059043,0.24956742,0.112858705,-0.0021901124,0.1347897,0.04711128,0.10447758,0.12972717,0.41385695,0.264615,0.36256287,0.32448485,-0.15286078,0.021266058,0.7980128,0.6739094,0.5478249,0.43453997,0.33683577,0.31737417,0.6875424,0.5568802,0.46393913,0.4753504,0.7197917,0.5404489,0.63412476,0.6750518,0.64535594,0.45962876,0.55465835,0.3815461,0.68552387,0.5697787,0.39933962,0.44667616,-0.11462201,0.17074421,0.5659328,0.4632018,0.58525294,0.4610324,0.5033184,0.53614277,0.2179788,0.44665936,0.45631745,0.234288,0.52016956,0.52498025,0.4512206,0.3606277,0.55443716,0.61224544,0.5930497,0.43927336,0.17331676,0.36156055,0.52759045,0.5267107
0.35943174,0.18378149,0.7932547,0.890759,0.7667764,0.8210595,0.82126915,1.0,0.81532246,0.7886886,0.62998587,0.5738689,0.7470084,0.74387455,0.7520672,0.76080483,0.7346421,0.8259053,0.5568587,0.673746,0.7336823,0.68303394,0.812508,0.8753416,0.72814584,0.7119879,0.51236326,0.54090023,0.6927216,0.79850256,0.81252,0.8869498,0.8175648,0.77702796,0.63640183,0.5116961,0.5487763,0.5966008,0.6173554,0.64274055,0.4226533,0.72687465,0.061471824,0.14469865,-0.017549809,-0.0691575,0.5647155,0.6338474,-0.00093012914,0.052616883,0.15405667,-0.14567547,-0.031524573,0.36441395,0.5887932,0.67688787,0.2817911,0.34717906,0.030351147,0.08152277,0.034647726,0.029369181,-0.17767969,0.1434015,0.19468935,0.250832,0.2589331,0.21018419,-0.1531163,0.012096627,0.8342765,0.81127214,0.5860328,0.6643926,0.57309675,0.4232688,0.7160184,0.6277553,0.59923816,0.66626835,0.62901556,0.70571345,0.71995544,0.7369862,0.5122852,0.64036983,0.5703782,0.64622766,0.6028783,0.71478826,0.25806326,0.41660687,-0.15140384,0.36304206,0.58770716,0.52820444,0.6425074,0.4880442,0.39964497,0.50098854,0.09177481,0.46209106,0.33711338,0.25129497,0.53128934,0.56494933,0.3922177,0.31503642,0.63880205,0.65729433,0.57355905,0.47707602,0.116392195,0.33087295,0.6152537,0.64038104
0.41794622,0.27980602,0.690246,0.77967346,0.85230607,0.85037667,0.74256366,0.81532246,1.0,0.8978052,0.70416236,0.6289424,0.84950054,0.80575347,0.88326913,0.8665299,0.6037804,0.75871116,0.5820339,0.648209,0.73035634,0.678272,0.78685147,0.77929217,0.7225673,0.67385936,0.56725514,0.6061868,0.71402603,0.8460015,0.7622418,0.86771154,0.7769982,0.75920856,0.5750758,0.44388965,0.5155526,0.5121408,0.6734381,0.7007906,0.42270488,0.7020674,0.09684873,0.21691501,0.068357095,-0.05144892,0.5274414,0.6579613,-0.058199413,0.15091935,0.18005984,-0.20123754,-0.026475528,0.35170305,0.5923734,0.7233789,0.29568696,0.32945493,0.1068041,-0.017152192,0.05019584,0.0792828,-0.08225298,0.13039608,0.14848563,0.17695849,0.30030876,0.23524718,-0.13273105,-0.05894605,0.8565043,0.70947576,0.5319107,0.6473087,0.56472194,0.28680235,0.7288277,0.6484549,0.50244296,0.6187247,0.6304673,0.6993012,0.80327713,0.8166519,0.5846439,0.7389615,0.64859694,0.6773102,0.68285745,0.77516145,0.33664048,0.4278879,-0.08067073,0.40702605,0.5842487,0.49928144,0.59832543,0.46891174,0.47931612,0.5141366,0.13602796,0.54255635,0.4728936,0.30826813,0.5659913,0.59485173,0.5323251,0.26208362,0.5918877,0.6378366,0.54917234,0.4329006,0.17176573,0.39298108,0.60861427,0.53840274
0.49105385,0.34411976,0.79461503,0.7854367,0.8532945,0.8109778,0.8159369,0.7886886,0.8978052,1.0,0.76732546,0.70991945,0.83511615,0.77037644,0.8272509,0.8930597,0.64502156,0.70469964,0.6034095,0.7149755,0.6417473,0.6842181,0.85073954,0.7639087,0.7944747,0.7184108,0.5759904,0.5111574,0.63041574,0.8026698,0.83160174,0.84596485,0.8001887,0.760428,0.61577123,0.5623773,0.5435828,0.50552595,0.72502995,0.6717359,0.45200357,0.68592197,0.1491991,0.30726254,0.08982377,0.019652119,0.5497967,0.71812296,-0.0052781156,0.14734502,0.32050934,-0.23236705,0.14760849,0.418945,0.6824721,0.78874207,0.4503628,0.23076652,0.13954853,0.01510451,0.15261163,0.06239341,0.08146166,0.08847475,0.26922596,0.20028788,0.338539,0.34365904,-0.20723791,-0.012288621,0.8434528,0.67147493,0.54477596,0.5138507,0.41628718,0.26762804,0.72105557,0.65366465,0.41633204,0.5838143,0.7264191,0.67050266,0.7375423,0.80491424,0.71418124,0.6798364,0.64744794,0.5689127,0.79261464,0.74432963,0.50627863,0.511061,-0.0966194,0.37241045,0.60592383,0.51067376,0.62179583,0.52851427,0.58713055,0.62108886,0.2174296,0.58271855,0.6087209,0.350264,0.6262762,0.63784575,0.6143101,0.33610845,0.57822996,0.65831965,0.6393061,0.50428873,0.22647357,0.49641934,0.62421834,0.5570261
0.5580486,0.41061038,0.74477834,0.68155855,0.6103055,0.5976733,0.76605463,0.62998587,0.70416236,0.76732546,1.0,0.78707993,0.8382242,0.7799459,0.60094905,0.6851409,0.70390993,0.6207702,0.41211545,0.5530316,0.49031365,0.5784748,0.7525261,0.6932096,0.64988226,0.63656425,0.3741991,0.32019562,0.47061375,0.58072686,0.75945455,0.74224234,0.6719074,0.7061655,0.47174895,0.55053025,0.49816462,0.37892872,0.6565329,0.55181056,0.35825574,0.5750525,0.18192534,0.371976,0.086938426,-0.007262238,0.5609778,0.6905727,0.01732944,0.18045461,0.3315336,-0.26139224,0.3541687,0.33195403,0.58954257,0.62778807,0.5236382,0.369644,0.14299121,-0.04530048,0.2769825,0.056743454,0.19622824,0.13663523,0.373906,0.16399108,0.40544644,0.4184515,-0.18487509,-0.04245783,0.74347794,0.56311154,0.41549346,0.3268484,0.3041505,0.19654843,0.6502526,0.5773983,0.37260994,0.4948169,0.7152333,0.6049649,0.4926606,0.58733,0.7047455,0.57800204,0.4031156,0.36598998,0.66977024,0.5523715,0.5147586,0.46329427,-0.009752482,0.22513776,0.5358703,0.47575903,0.50565046,0.44538122,0.6227991,0.5593477,0.13614468,0.51709795,0.5332734,0.39216378,0.43599313,0.4736942,0.5512947,0.32589367,0.36760232,0.5500873,0.56418556,0.4355884,0.31848663,0.44117063,0.4142479,0.29843476
0.64312714,0.6345532,0.61537296,0.6398419,0.49147585,0.49894866,0.6434795,0.5738689,0.6289424,0.70991945,0.78707993,1.0,0.7400345,0.8654711,0.48944572,0.6097408,0.5102799,0.6440695,0.51836056,0.5857477,0.35109842,0.43493083,0.6397271,0.6109874,0.47667736,0.49103233,0.24005552,0.21769102,0.35713583,0.5498034,0.6109763,0.65085214,0.63484967,0.78010964,0.48232594,0.51473886,0.30780298,0.19665687,0.4853628,0.43423715,0.23230731,0.59803057,0.38478646,0.5246082,0.26215568,0.038453512,0.5356553,0.6294083,-0.009059663,0.11116581,0.48142236,-0.24792747,0.34179962,0.46727848,0.49733564,0.59718615,0.5942003,0.37043878,0.066349335,-0.04854639,0.24496573,0.15271059,0.33755848,0.34835216,0.36064985,0.22829449,0.45948195,0.56499124,-0.2498321,-0.13758473,0.6447818,0.48775348,0.39908692,0.26310527,0.18357055,0.14910053,0.4602385,0.56066823,0.21466793,0.42967996,0.50223297,0.6499072,0.37857342,0.55405426,0.7209587,0.6300091,0.25876495,0.25187236,0.5906753,0.52123016,0.5953844,0.5475087,0.1347881,0.20763727,0.3469797,0.4076371,0.40859383,0.35944036,0.6085148,0.5356752,0.016321836,0.42418578,0.5025996,0.3405844,0.3150362,0.41330102,0.43013954,0.3119106,0.32431617,0.3678934,0.54621255,0.48843607,0.3669241,0.5303776,0.31921548,0.23617406
0.44522712,0.3198213,0.7350218,0.703796,0.7534869,0.7231717,0.7838931,0.7470084,0.84950054,0.83511615,0.8382242,0.7400345,1.0,0.85720736,0.80708057,0.8186356,0.74763477,0.7162154,0.5001462,0.6028045,0.5928489,0.583788,0.775356,0.71170557,0.66434616,0.5985624,0.5292154,0.49795237,0.74625355,0.79878086,0.7564221,0.80864125,0.7902887,0.7518127,0.56633407,0.48050028,0.6047741,0.5429333,0.70780647,0.6737233,0.40706703,0.61768866,0.0397681,0.212119,-0.049230333,0.010547626,0.596452,0.7025301,-0.02573365,0.07488417,0.185312,-0.24850048,0.16774556,0.2741652,0.63034,0.6967643,0.38290235,0.2790519,0.09851858,-0.11553968,0.16973756,-0.007995619,-0.026863506,0.012185394,0.23175643,0.10064419,0.33265904,0.32408363,-0.23719154,-0.011076675,0.87127775,0.7197415,0.6169353,0.6149383,0.54693353,0.35928857,0.7305288,0.7163889,0.5206005,0.51656234,0.71887434,0.5968904,0.72156256,0.7425854,0.67229027,0.6216748,0.5694863,0.51142925,0.7130559,0.6606609,0.3638432,0.41118315,-0.080955505,0.22929443,0.6384945,0.5872877,0.6150169,0.5218538,0.54846567,0.52513653,0.107198514,0.5377518,0.47843438,0.30491388,0.52266705,0.5597533,0.46984977,0.39285347,0.59102154,0.6767612,0.56185293,0.46638983,0.14142887,0.32550305,0.5758737,0.48674634
0.5482225,0.4903532,0.61883473,0.73711973,0.62473005,0.6657202,0.6855122,0.74387455,0.80575347,0.77037644,0.7799459,0.8654711,0.85720736,1.0,0.66038597,0.69259924,0.63722223,0.81295824,0.5372997,0.5809689,0.5159077,0.5008948,0.6811626,0.73710287,0.5162745,0.5315331,0.3152195,0.39702797,0.57061356,0.71703595,0.66245556,0.80239385,0.72978294,0.83923674,0.550061,0.5070007,0.4545231,0.3619037,0.5634441,0.6125789,0.291334,0.69759566,0.24601458,0.4168893,0.14572607,0.024091536,0.60240877,0.7001949,-0.08816709,0.12962963,0.3023881,-0.21233489,0.20059341,0.44764712,0.55370605,0.67038876,0.45021707,0.48401812,0.04005356,-0.048117813,0.17478736,0.13883336,0.09082496,0.31398883,0.21820132,0.18005253,0.44255987,0.45001736,-0.23511443,-0.13000849,0.77539694,0.64977956,0.5236243,0.51836133,0.4501437,0.28585452,0.59201056,0.6706842,0.43602347,0.5838399,0.55504566,0.73954,0.5479074,0.64276654,0.66700137,0.7341823,0.3560675,0.4630181,0.6142704,0.65293473,0.47715035,0.4911122,0.071966976,0.27404672,0.4941533,0.5532192,0.5517685,0.44367328,0.59338576,0.5564237,-0.03861086,0.46181327,0.43481937,0.30964077,0.39156085,0.5146608,0.39180267,0.334787,0.5106701,0.53642124,0.5763415,0.5325598,0.30202958,0.45188466,0.48164022,0.3843915
0.2385677,0.10028201,0.625118,0.6419969,0.87544334,0.8127303,0.67498463,0.7520672,0.88326913,0.8272509,0.60094905,0.48944572,0.80708057,0.66038597,1.0,0.9054881,0.6232769,0.6450439,0.5057869,0.58870214,0.7265756,0.64921856,0.7132053,0.6432009,0.74265945,0.6325448,0.7528842,0.72874725,0.8207203,0.8867013,0.6850825,0.7714752,0.75280416,0.6400334,0.6050658,0.39032656,0.6345471,0.67627734,0.757962,0.7403599,0.47106117,0.5953916,-0.1449665,-0.024368525,-0.15606461,-0.060543552,0.49396926,0.6123933,-0.025905564,0.032223724,-0.0049415836,-0.27731338,-0.1611819,0.1877098,0.6304866,0.7111166,0.15926085,0.13421537,0.024754105,-0.018887697,-0.003174046,-0.05701405,-0.2615688,-0.12105787,0.040632263,0.085305795,0.15935324,0.10195729,-0.1462675,-0.026868932,0.8393019,0.74118537,0.5875939,0.7390609,0.6492833,0.39687175,0.7603457,0.6815498,0.5629633,0.53887624,0.65219814,0.5521868,0.9206819,0.8666721,0.51722777,0.59603655,0.7900075,0.72260594,0.69597334,0.7355417,0.1549207,0.27600157,-0.16650903,0.31957942,0.6813798,0.56415606,0.64145243,0.5384968,0.34688008,0.43348417,0.23429292,0.5232172,0.4335852,0.2520822,0.61519885,0.6246437,0.47993857,0.3586267,0.68138206,0.7324083,0.498575,0.36523062,-0.02298758,0.22438134,0.68749154,0.653762
0.33886576,0.1738235,0.7213489,0.67839646,0.8602771,0.78454596,0.73816186,0.76080483,0.8665299,0.8930597,0.6851409,0.6097408,0.8186356,0.69259924,0.9054881,1.0,0.64266676,0.66980124,0.53325105,0.6513628,0.70382786,0.7119821,0.80464864,0.67374855,0.80649567,0.7006514,0.74693835,0.62492746,0.7405001,0.8830328,0.7782091,0.7939904,0.763855,0.6815884,0.58327717,0.45171475,0.5850891,0.6473106,0.7355867,0.68195283,0.5001714,0.6274386,-0.042891312,0.06584428,-0.065452114,-0.06901379,0.5242393,0.6500793,0.01781019,0.079717554,0.1024033,-0.28601152,-0.030253846,0.22626626,0.6371555,0.7260794,0.3146783,0.10418807,0.0310531,0.010909347,0.11056041,-0.061540853,-0.10168808,-0.11398472,0.17008983,0.099437915,0.18569928,0.16734004,-0.17985524,-0.024823114,0.8521256,0.7262389,0.61817807,0.66955173,0.54653925,0.37200227,0.7406315,0.67668396,0.49914852,0.5396731,0.7363672,0.5677716,0.86902046,0.89399046,0.6191051,0.6062978,0.7590932,0.63853365,0.7436182,0.72435284,0.26530066,0.33664685,-0.15722524,0.33113602,0.651756,0.5077346,0.5996314,0.5101097,0.4128761,0.4559617,0.29149762,0.5417136,0.5346252,0.28868586,0.6369237,0.63402283,0.5824476,0.3247526,0.6003892,0.69780624,0.5223413,0.3450432,0.009004466,0.31137457,0.6330661,0.59678125
0.26518327,0.09752932,0.7255785,0.6796204,0.5778273,0.60762596,0.75532216,0.7346421,0.6037804,0.64502156,0.70390993,0.5102799,0.74763477,0.63722223,0.6232769,0.64266676,1.0,0.65914667,0.34647435,0.4899298,0.53223765,0.5515005,0.65287906,0.636605,0.6112378,0.56940025,0.45588836,0.44026864,0.6957376,0.6560667,0.6803988,0.70243084,0.74085,0.64139587,0.62496185,0.65150917,0.7586104,0.668367,0.71996707,0.684621,0.4110057,0.54471654,-0.16601005,-0.0036380934,-0.19556616,-0.0027368816,0.62613297,0.72078425,0.03173927,0.04848652,0.039013423,-0.18627957,0.22049248,0.18615842,0.72974193,0.6770815,0.30856043,0.20255074,-0.04285163,0.07094443,0.1511214,-0.077476285,-0.14577147,-0.07485711,0.23821174,0.05895681,0.22113045,0.26336202,-0.12961473,0.096206926,0.7284991,0.7283562,0.6195051,0.55972755,0.4844403,0.42481977,0.7013278,0.67782235,0.6579215,0.5313022,0.7218258,0.4780927,0.58053464,0.5722535,0.5160103,0.39251044,0.49124238,0.43067035,0.6850115,0.5492788,0.26830348,0.27838328,-0.15086007,0.041315783,0.7381685,0.6868492,0.73278797,0.6618062,0.49030825,0.57348573,0.18416367,0.37737286,0.3485042,0.19660315,0.5251159,0.5549474,0.36145246,0.57461965,0.64156985,0.7754064,0.62702155,0.5167113,0.071107306,0.19295171,0.626848,0.59729385
0.3207966,0.15045804,0.5882677,0.73380303,0.6481893,0.7217329,0.6085119,0.8259053,0.75871116,0.70469964,0.6207702,0.6440695,0.7162154,0.81295824,0.6450439,0.66980124,0.65914667,1.0,0.40156412,0.5274111,0.6414094,0.56142527,0.6097465,0.75383174,0.53112054,0.5648547,0.3165963,0.4702621,0.59989417,0.77219373,0.66186863,0.81877065,0.693621,0.8123121,0.5126986,0.5103106,0.4811437,0.5003664,0.51687485,0.66806406,0.40632007,0.74939376,0.1869554,0.27717137,0.06611633,-0.042905048,0.60903704,0.68565965,-0.016143689,-0.0026573495,0.12557773,-0.17756669,0.0243347,0.389584,0.55277586,0.68882215,0.31195512,0.48865208,-0.042095926,0.083950534,0.1384004,0.07339676,-0.09626695,0.24772699,0.06714329,0.15922838,0.2880511,0.31844196,-0.13162316,-0.013088197,0.7690315,0.75122327,0.5785386,0.64396524,0.5856407,0.3654009,0.6471816,0.6715997,0.5530075,0.78208,0.56681174,0.80285966,0.5954575,0.63636,0.5506781,0.7513551,0.38549876,0.6203082,0.57795054,0.73087686,0.36578164,0.44632152,0.0017219692,0.41818342,0.52435786,0.5637722,0.6071428,0.48483813,0.48555037,0.5221382,-0.048339482,0.37816232,0.38284826,0.30849892,0.47561932,0.613522,0.40916115,0.2611912,0.5656995,0.6070405,0.5708752,0.5243631,0.23898625,0.4427005,0.6055412,0.5503115
0.64026666,0.61028194,0.55610746,0.62152874,0.42099574,0.42857617,0.6294463,0.5568587,0.5820339,0.6034095,0.41211545,0.51836056,0.5001462,0.5372997,0.5057869,0.53325105,0.34647435,0.40156412,1.0,0.77185214,0.26559937,0.30004716,0.62862396,0.45215723,0.38523093,0.32769772,0.30161005,0.15418436,0.3730573,0.5181172,0.45288908,0.5151864,0.6975669,0.5979188,0.66827625,0.4781419,0.31752872,0.23427422,0.4196553,0.36039358,0.26268977,0.43748382,0.25034714,0.3558436,0.14030018,0.1254406,0.41392708,0.41399026,-0.02155638,0.12439449,0.34300962,-0.1672452,0.0073321755,0.3187406,0.44683424,0.46761212,0.58258355,0.23646174,0.0824778,-0.12709028,0.16657418,0.11051705,0.32094344,0.37766019,0.32092926,0.41250405,0.5081971,0.47579876,0.0058509056,-0.052208804,0.4695209,0.34922272,0.40574896,0.27875528,0.13275489,0.19802918,0.35068667,0.35021394,0.22126187,0.2794689,0.38902247,0.38399014,0.48006913,0.5432599,0.5256834,0.3457962,0.4337669,0.16029848,0.4916896,0.3441169,0.3710145,0.33016533,0.094320185,0.122987054,0.31879482,0.30762765,0.4661706,0.30846518,0.3857246,0.38081887,0.09709764,0.260001,0.3170968,0.005337138,0.36812353,0.35552654,0.22736225,0.21360841,0.49913743,0.3200751,0.50597835,0.42077786,0.11645052,0.35451812,0.39764422,0.43537006
0.6123469,0.4571336,0.7435969,0.7406431,0.53912616,0.5157328,0.75605565,0.673746,0.648209,0.7149755,0.5530316,0.5857477,0.6028045,0.5809689,0.58870214,0.6513628,0.4899298,0.5274111,0.77185214,1.0,0.4095632,0.4577481,0.7386976,0.5819666,0.53591263,0.48506877,0.38025936,0.1967829,0.43308076,0.5974594,0.6524464,0.65852857,0.7633381,0.6697748,0.7039975,0.5636473,0.3973751,0.33513424,0.5550885,0.4519291,0.43899965,0.5998928,0.25052315,0.3499362,0.08184652,0.027435137,0.5112761,0.568049,-0.0014120091,0.06291179,0.4324719,-0.2978228,0.11056731,0.3613069,0.57156557,0.58669937,0.61427087,0.31714147,0.17464322,-0.07252258,0.26524904,0.061566837,0.2894492,0.32620493,0.42842838,0.41218224,0.48882967,0.45915928,0.017087298,0.16145554,0.6098574,0.53355014,0.4700913,0.33269325,0.21313858,0.2893898,0.51410514,0.46143505,0.22090757,0.42307788,0.5810382,0.5025322,0.5957722,0.60545504,0.6404208,0.4385559,0.50757927,0.23162556,0.6352309,0.49578133,0.49174783,0.5085325,-0.009021597,0.2544919,0.44358587,0.35685477,0.52761567,0.38180545,0.48778325,0.47252727,0.21505453,0.39030504,0.4987171,0.24386027,0.5243873,0.48964188,0.43422818,0.18102674,0.50443393,0.45742583,0.59543306,0.46942633,0.19700706,0.48869947,0.49290678,0.51403886
0.08991378,-0.04752366,0.5794133,0.64845896,0.8067248,0.83170724,0.5772199,0.7336823,0.73035634,0.6417473,0.49031365,0.35109842,0.5928489,0.5159077,0.7265756,0.70382786,0.53223765,0.6414094,0.26559937,0.4095632,1.0,0.8385115,0.6140771,0.657381,0.75505483,0.7550532,0.6302533,0.7207366,0.6672428,0.6878528,0.69353956,0.6958729,0.5641362,0.50535727,0.39973906,0.32643566,0.427879,0.5419954,0.5891941,0.6191359,0.47303936,0.57506585,-0.05386841,-0.05896797,0.042252038,-0.24060218,0.42868033,0.45753568,0.037443973,0.057806965,-0.018539257,-0.16408466,-0.23306619,0.13029926,0.46831352,0.5764383,-0.015020966,0.12998374,0.047312003,0.11364261,-0.028545586,-0.10022409,-0.31647423,-0.06493732,0.080313906,0.06273248,0.0024943461,-0.028327838,-0.115010194,-0.11683058,0.7298301,0.66898274,0.35891253,0.6286055,0.57124984,0.19834836,0.6917574,0.54765123,0.4728368,0.5558223,0.46818116,0.55963534,0.7192391,0.6949311,0.26033437,0.5606529,0.63702947,0.78900826,0.513328,0.6999369,0.106751055,0.30764645,-0.20205493,0.4292129,0.4977564,0.35266438,0.48654288,0.39235327,0.22507264,0.3386866,0.16541985,0.41041645,0.3247839,0.37049857,0.5543438,0.5192234,0.50307125,0.17566346,0.4264115,0.5632165,0.357817,0.23710299,0.028857853,0.2370027,0.50528103,0.47690928
0.27356943,0.059991784,0.6639516,0.671295,0.75210917,0.7757931,0.65685457,0.68303394,0.678272,0.6842181,0.5784748,0.43493083,0.583788,0.5008948,0.64921856,0.7119821,0.5515005,0.56142527,0.30004716,0.4577481,0.8385115,1.0,0.68699557,0.7010679,0.8428145,0.8245117,0.63345057,0.6107068,0.5544943,0.61527604,0.77350366,0.65081674,0.55982023,0.50623477,0.3800499,0.43887585,0.41511503,0.47266462,0.60183984,0.56565845,0.403627,0.5817328,0.031563457,0.02303512,0.16480687,-0.19653289,0.43026066,0.47852385,0.17464511,0.15362023,0.06554305,-0.13857006,-0.06622097,0.20197092,0.51876336,0.58477944,0.11632299,0.038077,-0.0060785725,0.23842475,0.015994435,-0.022935031,-0.15331008,-0.08714213,0.24018705,0.107955016,0.07434445,0.06682812,-0.09386213,-0.09803795,0.72475684,0.61353433,0.35883883,0.46150988,0.39007643,0.06811888,0.65298873,0.49645096,0.43596607,0.53644645,0.55482924,0.51983196,0.63095057,0.6551918,0.3888085,0.4967945,0.61889714,0.642593,0.5817136,0.61276525,0.2314311,0.38341814,-0.086574696,0.2846483,0.5174456,0.3403778,0.4825557,0.4217568,0.30696335,0.41039693,0.24736388,0.33184677,0.41355065,0.2908575,0.5033515,0.49259517,0.55555874,0.25093052,0.39786565,0.5512213,0.43514195,0.24776578,0.089597575,0.3176891,0.48559296,0.44803324
0.49716353,0.35522878,0.8855658,0.8369016,0.74752355,0.7131307,0.89670897,0.812508,0.78685147,0.85073954,0.7525261,0.6397271,0.775356,0.6811626,0.7132053,0.80464864,0.65287906,0.6097465,0.62862396,0.7386976,0.6140771,0.68699557,1.0,0.812665,0.7980213,0.7128157,0.56393534,0.38177302,0.57960874,0.71589446,0.8851204,0.808155,0.80173594,0.7006263,0.5491616,0.48094028,0.46498513,0.4973874,0.6055261,0.48167223,0.42816985,0.5931937,0.07926515,0.15551569,0.047824793,-0.07372759,0.48118573,0.5626403,0.07644409,0.13172674,0.2621681,-0.17642145,0.07117104,0.25268683,0.5162206,0.5868804,0.4309443,0.18068482,0.11691743,0.01455044,0.13874897,0.020270588,0.048494548,0.059249643,0.34753218,0.27780876,0.25526887,0.21751755,-0.15713426,-0.028869625,0.820907,0.64195573,0.52061135,0.46558848,0.37246495,0.26483023,0.6967182,0.521179,0.4327521,0.47032163,0.7513217,0.5401938,0.67961735,0.76152915,0.61322814,0.5013266,0.6056535,0.43241355,0.61096877,0.5746151,0.31215888,0.33159882,-0.21344998,0.23687926,0.54455215,0.39876813,0.51466334,0.3870139,0.44722655,0.44519478,0.23221882,0.5045426,0.45040768,0.21583438,0.53577495,0.48479277,0.50156343,0.23145139,0.48710722,0.5831631,0.51646996,0.33062762,0.10193872,0.34291574,0.49324882,0.481266
0.46600458,0.26040408,0.7839914,0.8847768,0.69152945,0.773379,0.79882056,0.8753416,0.77929217,0.7639087,0.6932096,0.6109874,0.71170557,0.73710287,0.6432009,0.67374855,0.636605,0.75383174,0.45215723,0.5819666,0.657381,0.7010679,0.812665,1.0,0.72362745,0.74350446,0.38945645,0.44842678,0.5384487,0.66780126,0.8438913,0.87233245,0.69660646,0.7341762,0.42495486,0.43782172,0.39965913,0.42874408,0.5054557,0.5097183,0.27153906,0.6919995,0.1756024,0.24306996,0.12612066,-0.12712498,0.4451689,0.5656465,0.09690945,0.12642,0.21626042,-0.07297386,0.063547276,0.3989577,0.48165983,0.5734589,0.27434176,0.408423,0.030680083,0.13791327,0.012412969,0.19881248,-0.10458451,0.1887495,0.2933422,0.26720652,0.244129,0.1906462,-0.13974538,-0.0199135,0.7886738,0.72847456,0.46486074,0.48578873,0.46051237,0.27866158,0.63810015,0.4905159,0.50507313,0.6345886,0.595609,0.7158949,0.590446,0.656795,0.5216474,0.6603696,0.43451482,0.5802308,0.5195823,0.6326668,0.29694134,0.43071187,-0.04088012,0.32059714,0.47892645,0.42473212,0.4922904,0.37972406,0.39480725,0.44778106,0.06835728,0.41373232,0.30157727,0.20349355,0.36651376,0.4423235,0.41792825,0.21526203,0.4652582,0.5501132,0.50137186,0.38155675,0.19800104,0.3633353,0.4582157,0.4583415
0.27480507,0.100554034,0.7699403,0.70636326,0.8462249,0.8123156,0.76031375,0.72814584,0.7225673,0.7944747,0.64988226,0.47667736,0.66434616,0.5162745,0.74265945,0.80649567,0.6112378,0.53112054,0.38523093,0.53591263,0.75505483,0.8428145,0.7980213,0.72362745,1.0,0.90624255,0.7411821,0.64556193,0.6092644,0.67951274,0.8589823,0.70393187,0.6598608,0.55371606,0.46356407,0.4519527,0.50281465,0.568126,0.6633136,0.578314,0.4007433,0.566825,-0.0698729,0.009844149,-0.015984466,-0.11482383,0.42937377,0.5330759,0.14677179,0.1767471,0.13382348,-0.16240974,0.033824958,0.23104963,0.56727415,0.6170791,0.20559381,0.056944624,0.09821418,0.13994265,0.00095959974,-0.043053806,-0.11743061,-0.1841923,0.20186952,0.09826331,0.10377575,0.08542213,-0.16945718,-0.056157354,0.77514005,0.6372861,0.443235,0.4766705,0.39887533,0.1733984,0.68072206,0.5071643,0.47848412,0.46449798,0.6342087,0.45682842,0.6977497,0.73807424,0.45724675,0.470907,0.6751263,0.6252275,0.6245413,0.61147904,0.24064913,0.30900377,-0.21717328,0.23031354,0.5604691,0.41899332,0.52143365,0.45343345,0.3293859,0.44495344,0.26490015,0.4608642,0.43192944,0.27178964,0.5591874,0.5112953,0.5298534,0.32763466,0.47289693,0.60302424,0.4510918,0.27819386,0.04376334,0.21453753,0.5258751,0.508556
0.32278946,0.14595385,0.7285701,0.70545983,0.7553999,0.7905125,0.72191423,0.7119879,0.67385936,0.7184108,0.63656425,0.49103233,0.5985624,0.5315331,0.6325448,0.7006514,0.56940025,0.5648547,0.32769772,0.48506877,0.7550532,0.8245117,0.7128157,0.74350446,0.90624255,1.0,0.5968163,0.5747758,0.48688528,0.5733836,0.8353424,0.6968226,0.5805312,0.5622602,0.38900402,0.43864092,0.41043237,0.46103904,0.56458473,0.5348157,0.32791367,0.58722335,0.08211163,0.11971821,0.060289957,-0.111368045,0.44539967,0.5189725,0.14427511,0.2236605,0.16933666,-0.13841732,0.05375663,0.27473658,0.5223376,0.57899636,0.2252829,0.21526046,0.13897139,0.1730215,0.03310819,0.03134149,-0.066205084,-0.05295784,0.24221356,0.121864006,0.15882944,0.12149095,-0.142444,-0.062373403,0.69627404,0.60239714,0.36262983,0.39452237,0.33885342,0.16012429,0.58191675,0.44757757,0.4536417,0.47436258,0.50516045,0.49759746,0.5773559,0.6199073,0.41323495,0.49914342,0.50742793,0.59983563,0.5503015,0.5798469,0.28402996,0.34921888,-0.11227655,0.28485805,0.46631798,0.380028,0.46144855,0.40272692,0.3494857,0.44604698,0.15614413,0.4276018,0.388626,0.33393353,0.4712199,0.48441544,0.5101835,0.28486118,0.3977914,0.49989262,0.43526867,0.28403568,0.115863666,0.2533197,0.44172195,0.42421058
0.0902607,-0.060100343,0.44744003,0.36641636,0.7515501,0.64898187,0.49424464,0.51236326,0.56725514,0.5759904,0.3741991,0.24005552,0.5292154,0.3152195,0.7528842,0.74693835,0.45588836,0.3165963,0.30161005,0.38025936,0.6302533,0.63345057,0.56393534,0.38945645,0.7411821,0.5968163,1.0,0.79418516,0.67370605,0.68493766,0.5206213,0.4665957,0.5518369,0.3828756,0.45480803,0.19728301,0.46861997,0.5935753,0.57785696,0.46778902,0.2749023,0.35046527,-0.2780777,-0.22581467,-0.18508354,-0.18023165,0.28183532,0.33812055,0.07383568,0.054992292,-0.06946152,-0.14773239,-0.18247662,0.053983275,0.42035332,0.4298863,0.013625859,-0.23579136,-0.028908916,0.009470428,-0.12700504,-0.23317035,-0.30386543,-0.4298505,0.06529727,-0.05979192,-0.030053595,-0.08589031,-0.1302693,-0.11078129,0.62973166,0.52489984,0.4417031,0.58203834,0.47428563,0.27786404,0.55860204,0.46084124,0.47436458,0.22406821,0.50950354,0.21188663,0.7774496,0.7461256,0.34800193,0.30111736,0.7355572,0.5933214,0.50077957,0.47121838,-0.03552765,0.12510568,-0.1873358,0.11894764,0.48752627,0.36869916,0.4229029,0.3327168,0.044794947,0.19540523,0.19610173,0.36306655,0.22905128,0.08892664,0.45202053,0.40379894,0.30857563,0.3033038,0.54230475,0.52086973,0.24891242,0.15688816,-0.20087585,-0.049076438,0.49666506,0.5451119
0.012995613,-0.12453432,0.27964294,0.37440854,0.7573455,0.7521094,0.36156628,0.54090023,0.6061868,0.5111574,0.32019562,0.21769102,0.49795237,0.39702797,0.72874725,0.62492746,0.44026864,0.4702621,0.15418436,0.1967829,0.7207366,0.6107068,0.38177302,0.44842678,0.64556193,0.5747758,0.79418516,1.0,0.6794986,0.66366464,0.43729237,0.52621347,0.47716352,0.42744038,0.38938138,0.19269948,0.4146293,0.541685,0.52329224,0.56035614,0.18720284,0.45188275,-0.23344876,-0.12893403,-0.13435543,-0.2209599,0.30501768,0.38301626,-0.006238568,0.07262367,-0.08743312,-0.036656253,-0.22505422,0.20929442,0.4087843,0.469566,-0.15210931,-0.0076805786,-0.086904,0.053290565,-0.2266079,-0.122670144,-0.44421917,-0.26420313,-0.10058421,-0.13895972,-0.0029963062,-0.085404605,-0.050671533,-0.13962495,0.60969156,0.56685126,0.33638924,0.6323814,0.5640234,0.22726083,0.53515846,0.46265227,0.56648976,0.37892705,0.3302032,0.40067038,0.7040106,0.6719285,0.21987624,0.5121047,0.62437016,0.81254655,0.4323741,0.6401033,-0.021172155,0.2127897,-0.095098175,0.23744282,0.44546375,0.3935561,0.44978434,0.35907382,0.05426435,0.27183396,0.054971162,0.3194298,0.15656863,0.16778885,0.39595962,0.4208372,0.2636575,0.3131267,0.52221763,0.49539864,0.26313445,0.27024835,-0.01166026,-0.010725956,0.50287753,0.5103518
0.06448216,-0.07809701,0.5621269,0.5641348,0.7131538,0.6915484,0.5951785,0.6927216,0.71402603,0.63041574,0.47061375,0.35713583,0.74625355,0.57061356,0.8207203,0.7405001,0.6957376,0.59989417,0.3730573,0.43308076,0.6672428,0.5544943,0.57960874,0.5384487,0.6092644,0.48688528,0.67370605,0.6794986,1.0,0.8372148,0.57472104,0.66314536,0.6858326,0.52717274,0.5457762,0.37432218,0.721834,0.75137347,0.674725,0.711415,0.449175,0.51856637,-0.30159882,-0.20575802,-0.25156203,-0.10885442,0.48314628,0.54422194,-0.03532741,-0.09789511,-0.14409138,-0.17125462,-0.1549692,0.0764412,0.5895702,0.5978942,0.012511472,0.014501188,-0.072921,-0.038340252,-0.06297598,-0.19355321,-0.39556494,-0.22250809,-0.0069494294,0.04980376,0.028905133,0.017131876,-0.17307124,-0.03699498,0.78277355,0.78601575,0.7115621,0.85879636,0.7657961,0.48733947,0.7392073,0.75421965,0.64174324,0.4889801,0.59986746,0.4293874,0.83138907,0.7480318,0.3367124,0.4090883,0.6720626,0.60374266,0.570684,0.58806324,-0.013976884,0.16035463,-0.19040295,0.121314585,0.64668477,0.6276079,0.61953753,0.5583416,0.22582589,0.33116737,0.15629591,0.3262163,0.21605481,0.07392217,0.50964814,0.50955385,0.28946593,0.44763976,0.6701442,0.7438147,0.4100711,0.30338404,-0.10449291,0.017115055,0.62157166,0.6334919
0.26731104,0.07940454,0.6262995,0.6613594,0.8083816,0.7656126,0.6588593,0.79850256,0.8460015,0.8026698,0.58072686,0.5498034,0.79878086,0.71703595,0.8867013,0.8830328,0.6560667,0.77219373,0.5181172,0.5974594,0.6878528,0.61527604,0.71589446,0.66780126,0.67951274,0.5733836,0.68493766,0.66366464,0.8372148,1.0,0.6798948,0.79418725,0.7829019,0.72141284,0.61057514,0.44877273,0.6273218,0.71754676,0.6643512,0.7252458,0.48408112,0.67264897,-0.09260313,0.0074795475,-0.101483904,-0.124932304,0.57064295,0.660615,-0.01995282,-0.025159426,0.003681964,-0.22261794,-0.11859666,0.20545636,0.6073288,0.70741343,0.1993701,0.13712816,-0.04324973,-0.014236873,0.055144,-0.06489963,-0.23567495,-0.05954523,0.044373423,0.09394265,0.15574537,0.1333752,-0.19240734,-0.030009212,0.8629496,0.7985902,0.717153,0.82416093,0.7181409,0.46736598,0.7778109,0.77072805,0.6193664,0.65010476,0.71952486,0.6463533,0.88337713,0.876272,0.5763057,0.64395434,0.7029503,0.6789579,0.66400594,0.72843826,0.16611728,0.29324195,-0.14551735,0.32379052,0.6640682,0.6042484,0.64577556,0.53524905,0.3752522,0.42225263,0.16116917,0.4660536,0.42132902,0.19863988,0.6049959,0.65603006,0.46040773,0.32297865,0.6808775,0.76640105,0.51972526,0.4011326,-0.010061844,0.2699948,0.7054313,0.6742373
0.41753265,0.2211511,0.87923944,0.8376052,0.7615738,0.7558588,0.86835873,0.81252,0.7622418,0.83160174,0.75945455,0.6109763,0.7564221,0.66245556,0.6850825,0.7782091,0.6803988,0.66186863,0.45288908,0.6524464,0.69353956,0.77350366,0.8851204,0.8438913,0.8589823,0.8353424,0.5206213,0.43729237,0.57472104,0.6798948,1.0,0.8379573,0.72502416,0.6454302,0.4636381,0.5151268,0.4812597,0.52790225,0.6140892,0.54325664,0.4254511,0.63465506,0.09446377,0.15924922,0.047262907,-0.04986653,0.48369548,0.6037062,0.111010276,0.1444923,0.23325375,-0.16417009,0.12535086,0.31326464,0.56012404,0.6487952,0.3768404,0.24638286,0.13440399,0.12360847,0.13518973,0.0074501038,0.020691449,0.037117954,0.3388122,0.23990664,0.2215736,0.2394042,-0.16017012,0.03926364,0.8336166,0.7045056,0.4998554,0.47649866,0.39745888,0.2553107,0.7085432,0.5560377,0.43596643,0.5594772,0.72019,0.6005382,0.63211083,0.7112605,0.5604376,0.5430223,0.55528015,0.51218516,0.6354517,0.6488156,0.34802255,0.40015206,-0.21775165,0.29411352,0.5510766,0.42878717,0.5196356,0.45519444,0.45632994,0.48981902,0.24470635,0.47446242,0.4861702,0.30164173,0.55616945,0.51151735,0.5743415,0.23973285,0.45153806,0.61342674,0.5256058,0.32867077,0.15971,0.37306592,0.4815017,0.46958324
0.46985495,0.2396036,0.77761924,0.85098416,0.76576966,0.80210483,0.8075713,0.8869498,0.86771154,0.84596485,0.74224234,0.65085214,0.80864125,0.80239385,0.7714752,0.7939904,0.70243084,0.81877065,0.5151864,0.65852857,0.6958729,0.65081674,0.808155,0.87233245,0.70393187,0.6968226,0.4665957,0.52621347,0.66314536,0.79418725,0.8379573,1.0,0.79732174,0.7970614,0.5636041,0.5214673,0.5314787,0.55966747,0.63145494,0.6441232,0.42240348,0.77333885,0.16759469,0.2698882,0.024228169,-0.10923771,0.57314205,0.7209023,-0.05624628,0.018126296,0.23488875,-0.24133207,0.0525514,0.3946464,0.59150916,0.7133642,0.37112823,0.42538804,0.07953207,0.019293662,0.06440858,0.06304062,-0.06357339,0.20416908,0.23931564,0.23302425,0.3382916,0.27072695,-0.13198379,-0.00062755006,0.85534114,0.8113357,0.58151436,0.6286261,0.57578987,0.45325115,0.7278582,0.63110316,0.5380146,0.6488635,0.6690434,0.77638644,0.7251138,0.76058084,0.6095812,0.74601156,0.5059559,0.63682324,0.64838845,0.77226436,0.35565376,0.4841471,-0.062520765,0.41423297,0.57134265,0.5187084,0.5977789,0.47546327,0.48615727,0.54054785,0.10331352,0.53497994,0.43122682,0.32257405,0.51883316,0.58332276,0.4876174,0.27936304,0.56732,0.65653574,0.5915986,0.48716897,0.20833927,0.41969296,0.5748403,0.5538943
