1.0,0.67674613,0.41782168,0.25200218,0.035287313,-0.24344043,0.45257333,0.43117002,0.0126172695,0.12116046,0.15869506,0.52421576,0.36460567,0.42652586,0.22043566,0.2672446,0.54009295,0.5053779,0.51390237,0.38577935,0.09958449,0.005642696,0.16581057,0.16636167,-0.23830047,-0.38592556,0.112825185,-0.039709948,0.37873706,0.37318674,0.1962534,0.15703331,0.46105668,0.4834517,0.45896247,0.41013372,0.25988102,0.2623278,0.29372603,0.18922539,0.12073339,0.2084452,0.48264146,0.5435929,0.3526612,0.17485979,0.4845376,0.55972886,0.16514239,-0.0036432773,0.45917267,-0.2117607,0.11627406,0.27996975,0.41992137,0.32311177,0.66289264,0.7084998,0.08038629,0.07588126,0.34559512,0.09454215,0.31465313,0.42740482,0.2976485,0.29299802,0.62746614,0.5002622,0.10826799,-0.06253995,0.03264213,0.14160283,0.23054436,0.097062685,0.016692352,0.04111172,0.26348728,0.25921136,0.3533937,0.31092057,0.443362,0.54787767,0.14947313,0.18058676,0.42730474,0.58804125,-0.10555753,-0.094777465,0.32486734,0.41467264,0.3773193,0.47256488,0.098251574,0.41597018,0.4097955,0.33366135,0.45634153,0.41046032,0.5264125,0.5531765,0.28319415,0.15661985,0.3338536,0.40723008,0.48896924,0.44153854,0.12752327,0.16889682,0.3837763,0.35063952,0.5037321,0.40848422,0.06489904,0.25284395,0.47518727,0.52570647
0.67674613,1.0,0.45106125,0.3450368,-0.019211981,-0.35474944,0.39393666,0.569372,-0.15045227,0.038248096,-0.050123286,0.58037126,0.26087964,0.5186047,0.049215198,0.2833192,0.52386075,0.3970796,0.5661001,0.5143088,0.06663027,0.1628163,0.056940127,0.17091088,-0.22988509,-0.37645102,0.14310245,-0.13864267,0.3661881,0.2980072,0.036925714,0.025598478,0.60268235,0.61286515,0.6104125,0.50066537,0.24942897,0.33014497,0.27787393,0.15916006,0.05814425,0.18283634,0.6037712,0.6210911,0.43572795,0.34064668,0.57878476,0.6753507,0.20848638,0.14652689,0.45373118,-0.10364855,0.06398384,0.28353024,0.37225667,0.38587362,0.51986015,0.7994143,0.07024894,0.10235547,0.3789328,0.28006375,0.33942956,0.4843635,0.3724261,0.45231485,0.75602967,0.6295474,0.24902812,-0.14350834,-0.028035682,0.06425638,0.26447803,0.08895671,-0.021868652,0.06254974,0.28492323,0.33480278,0.52588433,0.30364153,0.42415437,0.675624,-0.053945392,0.027599761,0.2552529,0.7032824,-0.2390485,-0.2225807,0.16577001,0.41501364,0.494122,0.5045037,0.07199571,0.49924758,0.45147267,0.428009,0.4752005,0.4647829,0.5409585,0.6414251,0.30422285,0.29989523,0.3503967,0.48132923,0.57180643,0.44007918,0.08577303,0.09760186,0.39554197,0.4074824,0.5939818,0.56990415,0.09685163,0.2437008,0.5166412,0.52682185
0.41782168,0.45106125,1.0,0.7038116,0.34430602,0.06426109,0.7182926,0.8352923,0.07921539,0.3899679,0.22151552,0.6407849,0.5059324,0.5853225,0.44973034,0.41164234,0.49788722,0.2927162,0.6190649,0.6138044,0.14272985,0.02511797,0.67303205,0.7007672,0.09254469,-0.2674454,0.3438122,0.29235932,0.4549848,0.4193977,0.53242207,0.3639629,0.5109393,0.5228151,0.5230012,0.53270787,0.42986357,0.4367177,0.48542413,0.421319,0.083478555,0.27698454,0.4161996,0.23908024,0.04796641,0.10486107,0.6630357,0.59406644,-0.056379043,-0.09223327,0.103270836,0.06461335,-0.108789824,0.0781708,0.61147887,0.56404656,0.2833456,0.2713936,-0.030873256,-0.026891531,0.08352144,-0.01377795,0.13520296,0.14183131,-0.0124291405,0.07858017,0.51195806,0.5904725,0.21671054,0.15349354,0.3754726,0.44303253,0.4485231,0.34913027,0.30802122,0.34423932,0.5722226,0.613304,0.5820731,0.34804225,0.58848995,0.53914183,0.4369199,0.33249626,0.4154001,0.5954303,0.2000573,0.15929078,0.44312304,0.61747396,0.3250877,0.4632659,-0.048759226,0.4482661,0.5189528,0.60063285,0.57881016,0.5644677,0.5233551,0.58851177,0.24135524,0.3498709,0.39291778,0.4377452,0.40630248,0.42494944,0.12425223,0.23748386,0.5080124,0.6773164,0.62049836,0.2695605,-0.0746064,0.19601385,0.25739366,0.515266
0.25200218,0.3450368,0.7038116,1.0,0.41349295,0.16116148,0.5312265,0.7151447,0.16809456,0.39475325,0.17376745,0.4011799,0.3356608,0.29763767,0.43594122,0.3570457,0.3082886,0.17305264,0.639345,0.60056716,0.14239788,0.12270431,0.6649691,0.7897225,0.17690091,-0.1216043,0.28466383,0.32972196,0.2506941,0.21596403,0.29508102,0.2843858,0.51015913,0.50064677,0.5140815,0.5093574,0.10942699,0.28099537,0.2504007,0.20263608,-0.056911223,0.10096095,0.3464837,0.18728189,0.08866353,0.06733452,0.461571,0.4401769,-0.052386433,0.09188756,0.0068799667,0.3010903,-0.19514057,-0.12884755,0.35034117,0.32330963,0.13706939,0.20579717,-0.09286515,-0.10845081,-0.0038339891,-0.20899895,0.19543707,0.003079684,-0.13432516,-0.049679223,0.35921177,0.56572556,0.12262038,0.18270415,0.29883713,0.33742946,0.3217031,0.18818434,0.16579016,0.08644072,0.34232217,0.3431333,0.3315973,0.14991982,0.29678357,0.38066167,0.31589684,0.40094638,0.16746235,0.43988946,0.16431977,0.19639945,0.19519316,0.4463079,0.08743508,0.14234132,-0.24529608,0.19463569,0.3248589,0.31071976,0.32173765,0.3322152,0.34622732,0.37407765,-0.06293246,0.3139992,0.28882718,0.32034487,0.22527872,0.24275145,-0.006417061,0.080705956,0.2681274,0.4218163,0.430914,0.14132243,-0.04609397,0.117646515,0.09081585,0.29759485
0.035287313,-0.019211981,0.34430602,0.41349295,1.0,0.6384117,0.29455367,0.27040303,0.6781876,0.62843627,0.38745457,0.033765566,0.38647822,0.055868,0.6671841,0.49989045,0.22464633,0.22610986,0.38441664,0.51608574,0.45779487,0.34294254,0.371811,0.55120665,0.6658275,0.4469071,0.62996703,0.6854919,0.41954768,0.39578545,0.25516513,0.08767695,0.30246755,0.32528478,0.31379932,0.36857018,0.32645503,0.2994409,0.48696128,0.53458035,0.27095646,0.2696595,0.062443852,-0.24523027,-0.20797493,-0.112881094,0.19603403,0.2314277,-0.12615086,-0.3271763,-0.27473646,0.15763378,-0.1371759,-0.36270538,0.4218918,0.3776717,-0.1637396,-0.20068629,-0.1104549,-0.13032466,0.0129612135,-0.14985555,-0.31339294,0.017241113,-0.062226743,-0.18478513,0.13470206,0.25884765,-0.09018072,0.19997777,0.46324515,0.24050446,0.40113607,0.23880838,0.34930283,0.13445613,0.33296967,0.28066298,0.1851845,0.25360888,0.30239534,0.19906005,0.61290514,0.62815803,-0.069991276,0.020974614,0.48000357,0.5584639,0.28709838,0.3040468,-0.19164452,-0.15987068,0.007232281,0.027734105,0.2265365,0.25527617,0.31782055,0.34856063,0.12191692,0.14029904,0.043276943,0.112266555,0.3264498,0.26966995,0.11557795,0.17507443,0.32803404,0.5217191,0.29523492,0.30777895,0.28970072,-0.02445716,-0.07045333,-0.0018755231,-0.20247154,0.28323075
-0.24344043,-0.35474944,0.06426109,0.16116148,0.6384117,1.0,-0.08587786,-0.033531614,0.5380721,0.38845783,0.42978355,-0.1944253,0.25005168,-0.13657504,0.50411046,0.27896145,0.011597566,0.050106425,0.04219559,0.27519804,0.37176222,0.1718178,0.28605208,0.39229497,0.77294713,0.6311402,0.5213221,0.6625022,0.21546149,0.229655,0.14197658,-0.07198967,0.06895087,0.12526457,0.06225157,0.20183203,0.23115243,0.19036089,0.33939442,0.5068866,0.26438776,0.16050595,-0.17085807,-0.48925307,-0.27896515,-0.3050257,-0.029181246,-0.07858194,-0.19169688,-0.29821894,-0.46174434,0.09893946,0.043049525,-0.43233895,0.23091075,0.21855925,-0.3279109,-0.5051294,-0.086541526,-0.2329793,-0.276823,-0.13752924,-0.49163193,-0.2712664,-0.13217583,-0.3710703,-0.1899984,-0.08156362,-0.061611608,0.17787896,0.34058774,0.14064045,0.12959301,0.19951345,0.3012663,0.06412317,0.11228669,0.13102654,-0.11210844,0.11449935,0.05684705,-0.085573636,0.49710205,0.52786237,-0.23009402,-0.34878543,0.56598854,0.6571654,0.23682837,0.043150682,-0.39377946,-0.4283713,0.024452548,-0.30030146,0.021731155,0.115244746,0.09082206,0.15802914,-0.16738585,-0.19962314,-0.051529586,-0.16285007,0.013213964,-0.076606795,-0.1790578,-0.004384869,0.35222557,0.41217652,0.16252814,0.13816537,0.072003685,-0.28847852,-0.1129636,-0.09740638,-0.43819192,0.038231518
0.45257333,0.39393666,0.7182926,0.5312265,0.29455367,-0.08587786,1.0,0.58738136,0.07587024,0.3593074,0.25986734,0.57900614,0.5318679,0.54136544,0.4063006,0.3262106,0.41907144,0.41851422,0.552051,0.5421613,0.08855037,0.103136726,0.47427896,0.5900614,0.056739353,-0.2362912,0.228808,0.20254494,0.4071107,0.39235273,0.44394937,0.27744263,0.30895895,0.32389855,0.34315297,0.3522126,0.40876195,0.27231935,0.37838122,0.30356392,0.022016333,0.23339517,0.3737061,0.21830177,0.048123237,0.08581932,0.46757558,0.4622691,-0.038853604,-0.09778301,0.15954678,0.011666557,-0.1278863,0.08410161,0.47539765,0.44742176,0.30456984,0.28672394,-0.017096829,0.10357407,0.29406834,-0.057625875,0.12781598,0.12051402,-0.045019258,0.058427043,0.43933094,0.41722107,0.11908839,0.19817747,0.3039913,0.34098503,0.36111388,0.1817398,0.13881196,0.17858957,0.44587272,0.45157346,0.46577632,0.34641805,0.55885553,0.44344023,0.4120515,0.33327186,0.51888615,0.5703029,0.10099915,0.033276934,0.3436194,0.5853867,0.29306144,0.392543,-0.012422619,0.33254093,0.3760539,0.43605164,0.42924845,0.38930556,0.4588479,0.49242112,0.25706303,0.2523168,0.37931573,0.41461965,0.36800924,0.38792947,0.017296065,0.1271688,0.32230455,0.56780875,0.44817498,0.34153914,0.0013701554,0.111362815,0.21052979,0.38227984
0.43117002,0.569372,0.8352923,0.7151447,0.27040303,-0.033531614,0.58738136,1.0,0.009426058,0.23591295,0.13644229,0.6815862,0.37354898,0.61244047,0.36178958,0.32062772,0.5088084,0.28905433,0.5807312,0.5687831,0.07437861,0.011267618,0.5627418,0.622486,0.011709758,-0.34159523,0.3311152,0.20985603,0.43234572,0.3777592,0.41543972,0.28455743,0.58793676,0.5937609,0.5710786,0.54680467,0.33240312,0.38318402,0.47666195,0.34752804,-0.010543452,0.17591272,0.46799552,0.34520087,0.16572075,0.16079962,0.63166046,0.6511315,-0.02726513,-0.0054943603,0.163752,0.09978561,-0.03268002,0.107058674,0.6031452,0.5932501,0.28342646,0.4078022,0.020481793,-0.041522194,0.056887936,0.058623966,0.21016638,0.20355688,0.036382895,0.15547651,0.55844975,0.6486856,0.24168599,0.04459831,0.30802178,0.34786662,0.41606456,0.3233948,0.23883715,0.2796237,0.5433428,0.578897,0.6116374,0.33725095,0.5000141,0.583431,0.2953814,0.2542916,0.30509353,0.6447227,0.10154705,0.10940692,0.35792443,0.637272,0.38353482,0.5091725,-0.15038446,0.47816172,0.5551941,0.57352334,0.5952748,0.58741826,0.58088064,0.6597364,0.27820113,0.40942675,0.38948947,0.45617107,0.46227822,0.44995883,0.1703547,0.27002642,0.5263378,0.625048,0.6364429,0.3524536,-0.009464635,0.28488165,0.32700342,0.5630542
0.0126172695,-0.15045227,0.07921539,0.16809456,0.6781876,0.5380721,0.07587024,0.009426058,1.0,0.626532,0.3555048,-0.1598949,0.3048805,-0.099490896,0.6674351,0.44483265,0.15371943,0.16926938,0.20101553,0.2884846,0.5053988,0.36095637,0.20931984,0.37204206,0.48239315,0.40937802,0.41309312,0.32691726,0.29413792,0.3163035,0.14659087,0.14522168,0.165934,0.18084349,0.14420822,0.16741437,0.3575489,0.31244847,0.40899348,0.42636147,0.44350347,0.29979676,-0.111127645,-0.28771463,-0.18690303,-0.09771034,0.0029852658,0.032170024,-0.06824838,-0.2336416,-0.23484081,0.18662992,0.04102723,-0.3452091,0.25911245,0.15584674,-0.057043616,-0.2115065,0.00018779538,-0.22143123,0.06216631,-0.14283364,-0.22834861,0.12424902,0.009668601,-0.12196054,0.019149147,0.102202006,-0.027664999,0.2249689,0.5283768,0.17244485,0.39782855,0.3086825,0.32106605,0.10940326,0.2278527,0.043524317,0.034683023,0.15793759,0.19028959,0.056460038,0.51182455,0.5607617,-0.10779211,-0.1380379,0.42829746,0.43581134,0.28731307,0.04227484,-0.173566,-0.2606974,-0.087832,-0.13842139,0.08442506,0.02961831,0.1745099,0.17638138,0.049030628,-0.049171124,0.11427801,0.06632873,0.11881193,0.103176445,-0.012552917,0.086156406,0.2712743,0.4328587,0.09531784,0.040847752,0.07833204,-0.0840007,-0.21492228,-0.11244075,-0.08129302,0.20536421
0.12116046,0.038248096,0.3899679,0.39475325,0.62843627,0.38845783,0.3593074,0.23591295,0.626532,1.0,0.37798485,0.013883758,0.43722758,0.011040201,0.6299743,0.6545963,0.20409444,0.24474056,0.4413163,0.39870206,0.53925574,0.44724098,0.3984319,0.48742214,0.40364158,0.30971968,0.48655277,0.49486455,0.39751512,0.3712537,0.3726988,0.34590793,0.22247055,0.22413792,0.22082765,0.29033935,0.35836175,0.4230221,0.34071708,0.38351297,0.4570969,0.45149106,0.06162238,-0.17093329,-0.28576243,-0.040403884,0.20073606,0.16983375,-0.116533235,-0.2507822,-0.17362623,0.22712068,-0.23870593,-0.39715505,0.23295063,0.1570756,0.054288123,-0.03190922,-0.08501301,-0.12602341,0.09339756,-0.13437453,-0.048735715,0.052415792,-0.08884768,-0.017622937,0.18636556,0.24212228,0.05343503,0.20738475,0.61446095,0.38172555,0.5051569,0.3251688,0.34598264,0.24965441,0.3730079,0.15281498,0.12981124,0.21829401,0.29172808,0.21263754,0.47633916,0.6153394,0.021707611,0.16289957,0.3459601,0.28868786,0.20327565,0.15376349,-0.046040617,-0.07919758,-0.12922667,0.044015266,0.12696278,0.17991528,0.20245118,0.2058328,0.1424533,0.064645186,0.031339705,0.16265313,0.27686718,0.18276489,0.097999185,0.12609376,0.044635195,0.28080693,0.13089913,0.17877637,0.17913434,0.007210682,-0.22841789,-0.111224815,0.042287655,0.24315058
0.15869506,-0.050123286,0.22151552,0.17376745,0.38745457,0.42978355,0.25986734,0.13644229,0.3555048,0.37798485,1.0,0.18196097,0.5759362,0.24815491,0.49116752,0.39036098,0.24403712,0.60498667,0.17850973,0.28403404,0.39587554,0.19340141,0.23556268,0.34674707,0.37471285,0.25363028,0.32682297,0.34596992,0.5142277,0.5093307,0.3831847,0.22626549,0.13061924,0.20223121,0.15480922,0.28039044,0.34277347,0.28193685,0.32220736,0.44325575,0.31922874,0.25286007,-0.05598068,-0.2920581,-0.013602679,-0.26329792,0.07255723,0.09354891,-0.13377483,-0.33388323,-0.2534323,-0.07850888,0.041542295,-0.1127085,0.3448967,0.27332422,0.056260113,-0.12026073,-0.09960755,-0.065475695,-0.033004817,-0.08279084,-0.25229928,0.011404713,-0.0115467375,-0.1199242,0.030906528,-0.0030309225,0.027719446,0.16580679,0.411677,0.33274275,0.27042666,0.23788387,0.24740595,0.22199447,0.3541622,0.31226575,0.01991541,0.25964358,0.34194732,0.23299299,0.46681002,0.64468336,0.15562938,0.109058924,0.3306868,0.3767335,0.2678171,0.19222395,-0.12502256,-0.0514079,-0.0072302744,0.005575598,0.18260607,0.21785443,0.18767704,0.21387151,0.09828854,0.14960578,0.1635512,-0.12565356,0.14323711,0.083589576,0.05946024,0.16636968,0.18068275,0.2961343,0.1743999,0.30307665,0.17447664,-0.01433893,-0.18984312,0.16388616,-0.059326112,0.12390782
0.52421576,0.58037126,0.6407849,0.4011799,0.033765566,-0.1944253,0.57900614,0.6815862,-0.1598949,0.013883758,0.18196097,1.0,0.40835863,0.8174986,0.19162418,0.16200967,0.5982319,0.5011182,0.28732696,0.343166,-0.1370677,-0.17380239,0.291199,0.3627264,-0.18785731,-0.44069287,0.18456832,-0.020776547,0.38842598,0.4122038,0.30020204,0.12501442,0.35200283,0.46046293,0.38890728,0.33760118,0.28442222,0.18730924,0.29431188,0.20404483,-0.19244637,-0.059273895,0.33378962,0.36642548,0.19864066,0.072171226,0.5126948,0.5850047,0.054886315,-0.13793623,0.24124682,-0.21041405,0.0825241,0.34319785,0.5082052,0.5635364,0.30612004,0.46163666,-0.0020299926,0.09150836,0.060731616,0.12699081,0.11380647,0.17422491,0.0092826225,0.040742487,0.48058856,0.421666,0.20113307,-0.12433865,0.0328531,0.17952797,0.18436143,0.17361756,-0.005121558,0.14367808,0.50483876,0.5976103,0.5959599,0.47259778,0.47622573,0.67282706,0.26910457,0.07366919,0.47747546,0.66251296,-0.0030872072,0.027303478,0.43327802,0.6578576,0.41600624,0.5266028,0.13853289,0.4712609,0.38568735,0.5154693,0.446202,0.4428978,0.53031605,0.6184963,0.3756219,0.14428274,0.3817786,0.41661984,0.4449375,0.45011336,0.17039753,0.26329157,0.42457598,0.5902568,0.53383243,0.43088776,0.15263222,0.3224441,0.38742256,0.43547413
0.36460567,0.26087964,0.5059324,0.3356608,0.38647822,0.25005168,0.5318679,0.37354898,0.3048805,0.43722758,0.5759362,0.40835863,1.0,0.58505553,0.5872557,0.6466044,0.6000468,0.5171416,0.47516063,0.57591707,0.40096888,0.23585543,0.41347033,0.4432078,0.24250853,-0.008926667,0.42632982,0.31632325,0.79889625,0.7561811,0.56532425,0.38016635,0.33190918,0.42655507,0.31576043,0.38023853,0.5763387,0.53208774,0.46616828,0.5384725,0.35780022,0.37120634,0.17182457,-0.02668035,-0.046520766,-0.11492774,0.29355803,0.36349702,0.073589176,-0.22715868,-0.08914822,-0.04138066,0.05506305,0.009607771,0.48560724,0.31351954,0.2159326,0.08211648,-0.056280024,-0.011204084,0.18658765,0.01578938,-0.15001866,0.14445761,0.04189247,-0.06468596,0.35926047,0.23737946,0.19020116,0.092195004,0.55562735,0.543375,0.6015309,0.52424586,0.50562036,0.47737622,0.6660055,0.52575755,0.4065139,0.4818312,0.72367257,0.5761001,0.46047,0.64694107,0.26773217,0.35031748,0.27364427,0.19542769,0.2999715,0.2817299,0.12617075,0.2775605,-0.0023821716,0.23332782,0.36673272,0.38304317,0.4411346,0.41594,0.3389763,0.320041,0.3477478,0.19252878,0.37705618,0.3647287,0.33805546,0.37875473,0.14938143,0.23504117,0.32841077,0.39436942,0.40143922,0.19266915,-0.18468358,0.17042208,0.22158192,0.3745095
0.42652586,0.5186047,0.5853225,0.29763767,0.055868,-0.13657504,0.54136544,0.61244047,-0.099490896,0.011040201,0.24815491,0.8174986,0.58505553,1.0,0.25153884,0.27336925,0.6377835,0.44180772,0.2750133,0.3899797,-0.044427007,-0.07231047,0.23240784,0.28002486,-0.09865188,-0.42173916,0.23536254,0.022950675,0.56891185,0.5226546,0.41133478,0.21890621,0.32877994,0.43127674,0.36790535,0.29827178,0.41750932,0.30582944,0.41315046,0.30906424,-0.02108876,0.060307164,0.23746037,0.23327765,0.08270992,0.0060838456,0.41970107,0.5064426,-0.027238138,-0.19586578,0.14547527,-0.15905479,0.07698877,0.28654242,0.5317906,0.5125245,0.22258951,0.3422532,0.0020609153,0.12081764,0.15285385,0.18963625,0.080753595,0.23968366,0.065686345,0.000272114,0.42052674,0.33746272,0.25332603,-0.049430236,0.20920019,0.32458127,0.39714733,0.36105117,0.21881925,0.34045953,0.6162123,0.6152018,0.62642306,0.4687721,0.58190775,0.68756384,0.24441022,0.15063238,0.3555279,0.5740534,0.10401558,0.06085749,0.35742882,0.50701433,0.3798033,0.5372888,0.029965091,0.48531607,0.40590042,0.5223495,0.46666658,0.45335728,0.5064267,0.57775044,0.47072357,0.1917204,0.35566962,0.44112423,0.4420678,0.4542704,0.20107564,0.2512312,0.3860554,0.50245064,0.47874513,0.38455188,0.007880666,0.280908,0.3636347,0.4166565
0.22043566,0.049215198,0.44973034,0.43594122,0.6671841,0.50411046,0.4063006,0.36178958,0.6674351,0.6299743,0.49116752,0.19162418,0.5872557,0.25153884,1.0,0.6714352,0.3931817,0.39220408,0.39845136,0.4433951,0.5009999,0.28488627,0.5388935,0.56960976,0.45747185,0.19210981,0.6014111,0.545464,0.5796828,0.5460963,0.5055485,0.3997711,0.28371072,0.30820236,0.22349963,0.3205587,0.45735466,0.51858723,0.58182406,0.6298275,0.42961127,0.508651,0.07884427,-0.17973872,-0.24237609,-0.23549828,0.19346564,0.25559464,-0.18109655,-0.22558329,-0.16055259,0.11888328,-0.032818384,-0.27322224,0.5315714,0.37161845,0.064526446,-0.03595872,0.06692408,-0.13324639,0.09092912,-0.15503612,-0.14083044,0.11446585,-0.049604464,-0.10883449,0.12105791,0.24228111,-0.018821508,0.3051442,0.67302674,0.47046494,0.5142785,0.45016792,0.4224755,0.3312259,0.50831175,0.31627822,0.24866389,0.45320082,0.4995534,0.39443952,0.75768125,0.7723584,0.16485424,0.21006902,0.55301005,0.50867486,0.38290426,0.36382568,-0.016861964,0.026512753,-0.17391561,0.12121156,0.3172471,0.27914464,0.39853087,0.4033749,0.26132554,0.24015999,0.18809235,0.19497588,0.28205514,0.3400864,0.20871039,0.296206,0.30484736,0.47104028,0.30035055,0.32833353,0.31952223,0.01997664,-0.20895791,0.01582793,0.055964407,0.39730567
0.2672446,0.2833192,0.41164234,0.3570457,0.49989045,0.27896145,0.3262106,0.32062772,0.44483265,0.6545963,0.39036098,0.16200967,0.6466044,0.27336925,0.6714352,1.0,0.45946485,0.38914534,0.48805994,0.49416986,0.587694,0.4836666,0.41586092,0.3578221,0.23516762,0.13123325,0.531241,0.43438873,0.6747499,0.66181844,0.5096296,0.48449603,0.33713514,0.3816783,0.33822125,0.373052,0.5073248,0.6896541,0.47126135,0.5488713,0.6053752,0.658371,0.24283347,-0.05101426,-0.16622268,-0.038745604,0.2711938,0.33799756,-0.09894077,-0.16694354,-0.06686506,0.09868824,-0.05115706,-0.23839284,0.3821641,0.24282575,0.10225128,0.12162385,-0.0833883,-0.12977062,0.20626013,-0.04802098,-0.059000775,0.15034111,0.051902156,0.056597818,0.31808934,0.30696392,0.11735455,0.07509652,0.6581583,0.59133154,0.6090655,0.4951705,0.50909597,0.47040403,0.52078795,0.30314156,0.33787665,0.44720325,0.5804647,0.55262786,0.40661773,0.68644667,0.03814992,0.3230697,0.25543278,0.2278983,0.1983574,0.19386718,0.11745674,0.15309702,-0.051893648,0.21632107,0.2911825,0.3085052,0.37640694,0.3820768,0.25425658,0.24162999,0.2052232,0.22854106,0.32918,0.32245797,0.29936635,0.2644667,0.13833478,0.29028487,0.27678323,0.23088297,0.3732463,0.08871206,-0.20423913,0.08858371,0.24144493,0.36175117
0.54009295,0.52386075,0.49788722,0.3082886,0.22464633,0.011597566,0.41907144,0.5088084,0.15371943,0.20409444,0.24403712,0.5982319,0.6000468,0.6377835,0.3931817,0.45946485,1.0,0.49789876,0.42635176,0.52791923,0.1914307,0.1634297,0.18801966,0.36163396,-0.00357882,-0.20292075,0.316703,0.1021999,0.68318915,0.5876961,0.33721042,0.19646053,0.46735385,0.56285167,0.4725289,0.38178158,0.4776503,0.35906723,0.50009996,0.44100353,0.11694198,0.19455247,0.2893185,0.24644178,0.053534016,0.12933855,0.3990797,0.5875335,0.036887094,-0.17112337,0.13925976,0.02855354,0.18070635,0.16662458,0.5704917,0.49918297,0.39161715,0.35664842,0.0457577,-0.20733942,0.30751917,0.07530648,0.056719583,0.2895634,0.09027027,0.08131386,0.4948215,0.38949522,0.17306657,-0.033721283,0.31022984,0.22544295,0.50844735,0.26879013,0.21741344,0.27423197,0.5400613,0.44360146,0.6422768,0.7045125,0.62566113,0.77210414,0.20245308,0.26041713,0.25727817,0.480351,0.053452354,-0.0025378438,0.3714494,0.4042832,0.37012854,0.43121618,0.009563356,0.42120606,0.46390426,0.5071174,0.55056256,0.55654746,0.60855556,0.5896199,0.5364912,0.24179655,0.55295736,0.62064624,0.6112504,0.61708933,0.30082983,0.36989218,0.43020466,0.48343903,0.56158674,0.4199269,0.15240878,0.35945362,0.4900855,0.536767
0.5053779,0.3970796,0.2927162,0.17305264,0.22610986,0.050106425,0.41851422,0.28905433,0.16926938,0.24474056,0.60498667,0.5011182,0.5171416,0.44180772,0.39220408,0.38914534,0.49789876,1.0,0.29972333,0.3524867,0.31702495,0.23615684,0.11691932,0.2817735,0.094268456,-0.01794825,0.2772959,0.07799924,0.5748815,0.6095861,0.3589997,0.20065829,0.2636806,0.39422107,0.38647425,0.47313482,0.36294743,0.26387683,0.3469047,0.35249907,0.16449448,0.23693682,0.2612711,0.1827538,0.2029709,-0.034175485,0.2851035,0.42130613,0.029242555,-0.15157199,0.14805248,-0.20246473,0.114730075,0.113843754,0.45519388,0.3778486,0.3066796,0.4012909,0.08779196,-0.027298845,0.15473728,0.11701903,-0.04017258,0.29014507,0.056587484,0.17515668,0.3764755,0.31349775,0.09151505,0.0012515623,0.24515031,0.2991303,0.22125676,0.1488025,-0.015441574,0.11540246,0.3967439,0.47964397,0.25533542,0.6130878,0.46447098,0.61492,0.3684928,0.443533,0.38583806,0.46870288,0.03792188,0.12442115,0.35432154,0.42886823,0.19966029,0.2384698,0.1260148,0.22102444,0.36434415,0.39473954,0.37952802,0.4058408,0.35862902,0.50120836,0.3242627,0.00059857185,0.35305944,0.35255823,0.383773,0.42281818,0.11648923,0.35032645,0.36241028,0.4770259,0.44665962,0.42008784,0.015147834,0.32429424,0.31268582,0.36654535
0.51390237,0.5661001,0.6190649,0.639345,0.38441664,0.04219559,0.552051,0.5807312,0.20101553,0.4413163,0.17850973,0.28732696,0.47516063,0.2750133,0.39845136,0.48805994,0.42635176,0.29972333,1.0,0.7483276,0.37968403,0.35146344,0.46902078,0.5688512,0.14995463,-0.08148919,0.39252406,0.3047029,0.47813937,0.35768163,0.33185554,0.2601919,0.6363604,0.564471,0.59259784,0.6096099,0.33841005,0.48181838,0.4079608,0.36602384,0.2868971,0.3587063,0.5009071,0.38624948,0.2452696,0.17988873,0.56904,0.5399069,0.06808505,0.0525254,0.14019778,0.23235609,-0.069747336,-0.052809708,0.43014628,0.30373836,0.45299956,0.37689292,0.10596259,-0.062967084,0.29807872,0.008016952,0.26357976,0.28562802,0.17589085,0.3207014,0.60028356,0.63361317,0.19066255,0.1689832,0.34753335,0.2850766,0.51415724,0.24479672,0.21564706,0.16258428,0.35906184,0.34040138,0.43659335,0.2153194,0.5336818,0.48862,0.23090425,0.43221417,0.18770665,0.52747464,-0.008451569,0.0029511368,0.18172477,0.37012717,0.23992597,0.3060685,-0.11448142,0.29967004,0.5142587,0.4160019,0.5275497,0.49257925,0.45165938,0.49418485,0.09277229,0.40175775,0.39703277,0.43437758,0.4462834,0.38833013,0.038752973,0.116543405,0.40513164,0.4249371,0.56539774,0.33425924,-0.111842945,0.20988841,0.3066017,0.51065123
0.38577935,0.5143088,0.6138044,0.60056716,0.51608574,0.27519804,0.5421613,0.5687831,0.2884846,0.39870206,0.28403404,0.343166,0.57591707,0.3899797,0.4433951,0.49416986,0.52791923,0.3524867,0.7483276,1.0,0.34778357,0.31476843,0.40295333,0.63874537,0.3906577,0.059562393,0.440019,0.35028705,0.61322415,0.5227302,0.3220926,0.08366737,0.6170492,0.67370623,0.6465604,0.6945598,0.53276664,0.48823088,0.5840284,0.54750264,0.23871444,0.31477818,0.5076306,0.19271414,0.20061068,0.11231242,0.57632446,0.58796287,0.057985306,-0.1046399,-0.010117876,0.14317265,0.041093,-0.049341556,0.5953128,0.55025005,0.28195882,0.23950984,-0.055991188,-0.1460531,0.2586095,0.20894952,-0.05933665,0.24871206,0.25288346,0.11850898,0.6318849,0.56249225,0.25195995,0.1726927,0.36506307,0.32226947,0.5557023,0.33681202,0.368434,0.23185994,0.49713385,0.5411676,0.48826092,0.35857213,0.56531227,0.50904846,0.32791436,0.46478555,0.118540995,0.39376724,0.16904886,0.197918,0.34450805,0.46544144,0.2032026,0.30342215,-0.014138627,0.24635187,0.5811544,0.54995674,0.61430323,0.63527495,0.49029103,0.4938123,0.31505767,0.34325382,0.4480516,0.51313996,0.46582294,0.5356566,0.2740084,0.3258476,0.55683345,0.5999371,0.6738799,0.3277572,-0.099769354,0.23418657,0.20363611,0.5670962
0.09958449,0.06663027,0.14272985,0.14239788,0.45779487,0.37176222,0.08855037,0.07437861,0.5053988,0.53925574,0.39587554,-0.1370677,0.40096888,-0.044427007,0.5009999,0.587694,0.1914307,0.31702495,0.37968403,0.34778357,1.0,0.74446666,0.23077925,0.26682195,0.42888787,0.5092817,0.56872797,0.38679767,0.50290066,0.45622963,0.32122034,0.27453643,0.2283128,0.22507508,0.23136157,0.3467155,0.5193706,0.5966149,0.4814282,0.62471855,0.7167203,0.6551557,0.13705656,-0.18588313,-0.015327618,-0.004885003,0.11775401,0.18849666,-0.11402471,-0.1944536,-0.15800966,0.18303356,-0.014832409,-0.19549528,0.20885359,0.16760261,0.064732276,-0.06340112,0.008773675,-0.15224692,0.12552653,0.056584448,-0.18159252,0.1729394,0.02529245,0.0892978,0.22615504,0.19359326,0.05676263,0.08582755,0.5876319,0.35352504,0.468496,0.3540522,0.26373678,0.21028575,0.34137443,0.19126752,0.21303526,0.28579435,0.24955462,0.1872501,0.27620813,0.5864178,-0.14605588,-0.012513396,0.16810113,0.20475155,0.07372372,-0.044892717,-0.098334976,-0.1247492,-0.11623354,-0.18590473,0.28029057,0.21189585,0.33267385,0.36425182,0.10608077,0.074414305,0.02234186,-0.055072565,0.2345721,0.16933712,0.19035959,0.17928812,0.16531608,0.34611094,0.24884105,0.15953076,0.2935598,0.1457698,-0.027563818,0.13663557,0.15297277,0.34254
0.005642696,0.1628163,0.02511797,0.12270431,0.34294254,0.1718178,0.103136726,0.011267618,0.36095637,0.44724098,0.19340141,-0.17380239,0.23585543,-0.07231047,0.28488627,0.4836666,0.1634297,0.23615684,0.35146344,0.31476843,0.74446666,1.0,0.03680639,0.1918266,0.284952,0.46308017,0.42090946,0.27023393,0.3235787,0.22839816,0.10286439,0.16916364,0.21331531,0.18234593,0.26232117,0.29260218,0.35224956,0.41094548,0.29480094,0.3378259,0.493767,0.4327281,0.18134443,-0.11636065,-0.018900998,0.23742115,0.0408771,0.15208916,-0.081042714,-0.04917509,-0.12806904,0.28814992,-0.14892003,-0.25129753,0.008193918,0.03489448,0.03517424,0.029464927,-0.04505997,-0.023333456,0.24680871,0.03539201,-0.06749994,0.15543093,-0.06398541,0.1977797,0.19656542,0.2168469,0.10142252,0.081603296,0.4611692,0.19597216,0.39549977,0.18736652,0.083525285,0.06892928,0.20729856,0.041958053,0.21861011,0.22075982,0.14995027,0.17437816,0.061965935,0.35824457,-0.16954222,0.04301535,-0.052871067,-0.009730639,-0.07014657,-0.102499895,-0.07537938,-0.10899658,-0.14493585,-0.12987822,0.13689688,0.08358957,0.14530441,0.18293807,0.04839692,0.057225652,0.01739903,-0.04874295,0.15864842,0.17522179,0.19720109,0.13719329,0.035822272,0.12252423,0.051253174,0.02148657,0.17843805,0.2515344,0.018785933,-0.01800293,0.2488722,0.18478803
0.16581057,0.056940127,0.67303205,0.6649691,0.371811,0.28605208,0.47427896,0.5627418,0.20931984,0.3984319,0.23556268,0.291199,0.41347033,0.23240784,0.5388935,0.41586092,0.18801966,0.11691932,0.46902078,0.40295333,0.23077925,0.03680639,1.0,0.6570543,0.18375732,-0.061393395,0.41209865,0.43927526,0.27994627,0.35803893,0.6182926,0.55947375,0.3222743,0.28767732,0.24651204,0.28100783,0.2438566,0.42167884,0.28902856,0.31610873,0.1439452,0.2999869,0.14317611,-0.032539118,-0.19023688,-0.08294759,0.36880386,0.28531197,-0.11208457,-0.07316891,-0.093573526,0.22739771,-0.08757496,-0.16611679,0.37595424,0.2567967,0.05328716,-0.040416032,-0.052630316,-0.134037,-0.105581865,-0.20480926,0.057390314,-0.025228979,-0.1866214,-0.08475591,0.1516553,0.3478027,0.05869559,0.20145704,0.52473456,0.560837,0.36554897,0.4626227,0.3576143,0.3439777,0.4430723,0.37882626,0.24865781,0.19807719,0.3343945,0.26007798,0.42467615,0.45833215,0.23256896,0.21910292,0.34913674,0.2830947,0.266672,0.3296232,0.058181003,0.108745284,-0.23865034,0.15327208,0.2325638,0.23105614,0.28984836,0.28165755,0.19176716,0.17297056,-0.050269168,0.18915929,0.14192548,0.14690687,0.13540247,0.16428052,0.089687325,0.20840257,0.2554946,0.34193414,0.31310758,-0.0658291,-0.17280193,0.01160431,0.062274594,0.2714396
0.16636167,0.17091088,0.7007672,0.7897225,0.55120665,0.39229497,0.5900614,0.622486,0.37204206,0.48742214,0.34674707,0.3627264,0.4432078,0.28002486,0.56960976,0.3578221,0.36163396,0.2817735,0.5688512,0.63874537,0.26682195,0.1918266,0.6570543,1.0,0.39970788,0.10961453,0.36659545,0.38240057,0.34217998,0.33396193,0.34413,0.22489211,0.4625802,0.50116223,0.4273573,0.51877344,0.3322366,0.31075874,0.4171574,0.42139468,0.03232091,0.12354854,0.28748968,0.04486011,0.03153826,0.067918725,0.40639916,0.41307673,-0.101601,-0.064738505,-0.14953864,0.27048767,-0.032321107,-0.18750511,0.5083978,0.46525273,0.14065868,-0.009204867,-0.06479354,-0.19403738,0.02993115,-0.19921306,0.034208704,0.0017025281,-0.14700404,-0.07469753,0.29253533,0.4734777,0.1115639,0.20740469,0.40951756,0.3058492,0.3484906,0.21818501,0.16869819,0.09681579,0.39247978,0.4464044,0.33604228,0.27305043,0.38462868,0.30877355,0.51705307,0.48097253,0.278247,0.3003669,0.3309312,0.3339764,0.41309753,0.4868584,0.086856715,0.07102588,-0.14198497,0.15428758,0.36897957,0.4005681,0.38286215,0.41713303,0.34675622,0.3547563,0.11124081,0.17273894,0.32051352,0.32193172,0.22066924,0.30774722,0.14622648,0.24812022,0.32077128,0.5437154,0.43609846,0.113252915,-0.01639418,0.13557577,0.046461646,0.33140603
-0.23830047,-0.22988509,0.09254469,0.17690091,0.6658275,0.77294713,0.056739353,0.011709758,0.48239315,0.40364158,0.37471285,-0.18785731,0.24250853,-0.09865188,0.45747185,0.23516762,-0.00357882,0.094268456,0.14995463,0.3906577,0.42888787,0.284952,0.18375732,0.39970788,1.0,0.69460315,0.5377978,0.6585724,0.2844173,0.21075515,0.115946084,-0.1930515,0.10609623,0.16874275,0.13545223,0.26747397,0.27036938,0.17665201,0.41912988,0.53116554,0.26245221,0.23505099,-0.07198453,-0.4199747,-0.22614136,-0.266928,-0.011448986,-0.0115919355,-0.18336612,-0.3225981,-0.45435047,0.14788654,-0.081931666,-0.34983733,0.25055918,0.26288816,-0.27975953,-0.4027432,-0.10558034,-0.12499839,-0.16044499,-0.00093501975,-0.5137645,-0.15584223,-0.055379003,-0.1931415,-0.11380317,-0.033456232,0.0355185,0.29550093,0.3495724,0.11296488,0.22734138,0.16524267,0.24168332,0.012693673,0.16975157,0.2000076,-0.021666393,0.14392082,0.049012136,-0.09518687,0.43620116,0.49903184,-0.34983605,-0.3028858,0.5469802,0.6200706,0.07990758,0.0644131,-0.43336463,-0.38697383,-0.106570706,-0.2844069,0.14539814,0.20748188,0.18071164,0.2568498,-0.10425348,-0.102383845,-0.028982695,-0.1151039,0.045517325,0.038145106,-0.13862711,0.020607786,0.31975114,0.41661766,0.22881421,0.21376945,0.11754384,-0.17903821,-0.12602212,-0.07300478,-0.48702505,0.09211474
-0.38592556,-0.37645102,-0.2674454,-0.1216043,0.4469071,0.6311402,-0.2362912,-0.34159523,0.40937802,0.30971968,0.25363028,-0.44069287,-0.008926667,-0.42173916,0.19210981,0.13123325,-0.20292075,-0.01794825,-0.08148919,0.059562393,0.5092817,0.46308017,-0.061393395,0.10961453,0.69460315,1.0,0.3415467,0.45966756,-0.0006456015,-0.0007930729,-0.09366776,-0.30107513,-0.13230969,-0.07590585,-0.11707289,-0.019787911,0.038897865,-0.044771865,0.11380809,0.3092511,0.23582837,0.12883973,-0.18611339,-0.4865095,-0.19922191,-0.10196095,-0.28215787,-0.25107443,-0.13231415,-0.20267469,-0.40512523,0.099284776,-0.077238016,-0.42296517,-0.11413823,-0.052815095,-0.341594,-0.45321268,-0.13839948,-0.12896362,-0.1858424,-0.007451586,-0.47994703,-0.25271174,-0.060835592,-0.18598577,-0.25177547,-0.270309,-0.10666835,0.04861977,0.17741019,-0.12215669,-0.049302306,-0.10029508,-0.050787807,-0.21167216,-0.13542052,-0.12470276,-0.20267186,-0.0011981726,-0.20732702,-0.31995273,0.18757172,0.2985049,-0.4035136,-0.48977908,0.29892057,0.4107481,-0.055649664,-0.20518933,-0.47822505,-0.5712463,0.012749532,-0.48321652,-0.14115399,-0.11742333,-0.1161105,-0.0363819,-0.34047908,-0.34063584,-0.23457845,-0.38781092,-0.0790195,-0.18073739,-0.2616793,-0.17292671,0.16959564,0.21425365,-0.08041843,-0.10624557,-0.1461851,-0.2176563,0.0918296,-0.046829037,-0.41368157,-0.14750384
0.112825185,0.14310245,0.3438122,0.28466383,0.62996703,0.5213221,0.228808,0.3311152,0.41309312,0.48655277,0.32682297,0.18456832,0.42632982,0.23536254,0.6014111,0.531241,0.316703,0.2772959,0.39252406,0.440019,0.56872797,0.42090946,0.41209865,0.36659545,0.5377978,0.3415467,1.0,0.7200242,0.5223946,0.43694532,0.40181774,0.18907309,0.20344979,0.21351346,0.19587603,0.28104442,0.43092227,0.48653105,0.5451057,0.60793227,0.42123923,0.46415746,0.026460659,-0.23207253,-0.19850811,-0.15556529,0.17043349,0.23888385,-0.14819363,-0.33970028,-0.23026018,0.20276985,0.028636532,-0.16339995,0.36379796,0.3518031,-0.09566142,-0.06238687,0.034362074,-0.10571457,0.029295122,0.057867296,-0.22992402,0.06898472,-0.05413939,-0.035237797,0.14113528,0.16584876,0.06430093,0.08030584,0.5076915,0.27352577,0.42547876,0.38844553,0.3586864,0.26152733,0.48184466,0.30942482,0.36778614,0.41055265,0.38372028,0.32900593,0.42762193,0.55252653,-0.11043972,0.12269216,0.3627655,0.35840034,0.19407867,0.25261283,-0.088987865,-0.019585231,-0.15988302,0.02221392,0.24074684,0.3037579,0.36987975,0.39455667,0.13728368,0.15167993,0.18753357,0.022476226,0.22508101,0.24998605,0.22678575,0.21058565,0.36742392,0.57979804,0.31608102,0.22756052,0.31043947,0.00873559,-0.15227428,0.037513446,0.043370713,0.35646456
-0.039709948,-0.13864267,0.29235932,0.32972196,0.6854919,0.6625022,0.20254494,0.20985603,0.32691726,0.49486455,0.34596992,-0.020776547,0.31632325,0.022950675,0.545464,0.43438873,0.1021999,0.07799924,0.3047029,0.35028705,0.38679767,0.27023393,0.43927526,0.38240057,0.6585724,0.45966756,0.7200242,1.0,0.32715604,0.27055287,0.32931355,0.06344861,0.13218358,0.13705473,0.09204802,0.1984122,0.21712744,0.25984406,0.38280874,0.46724758,0.25375578,0.3051322,-0.031763766,-0.32215163,-0.33718002,-0.20072964,0.11838494,0.077870086,-0.18585156,-0.35349151,-0.32417783,0.1567296,-0.18992731,-0.36793068,0.24478891,0.2469624,-0.26636204,-0.28626826,-0.08196534,-0.06504631,-0.11415554,-0.16974902,-0.3085679,-0.19360715,-0.23667948,-0.25615185,-0.07728153,0.05117418,-0.12554409,0.21979538,0.4064765,0.2399929,0.2578548,0.18985967,0.32198283,0.13333085,0.26711035,0.1804893,0.13040118,0.16598241,0.23837191,0.08205104,0.47841838,0.5489375,-0.16016626,-0.056133393,0.4812016,0.5089907,0.11746218,0.2218875,-0.31769586,-0.1864554,-0.067885414,-0.06860165,0.10189373,0.20983677,0.18995498,0.22884393,-0.028597828,-0.025452018,-0.052310802,-0.009579077,0.15685,0.089626804,2.0971294e-05,0.06199778,0.2678,0.3864947,0.20476079,0.18950893,0.15454285,-0.18349408,-0.108023085,-0.041444816,-0.32478595,0.14113942
0.37873706,0.3661881,0.4549848,0.2506941,0.41954768,0.21546149,0.4071107,0.43234572,0.29413792,0.39751512,0.5142277,0.38842598,0.79889625,0.56891185,0.5796828,0.6747499,0.68318915,0.5748815,0.47813937,0.61322415,0.50290066,0.3235787,0.27994627,0.34217998,0.2844173,-0.0006456015,0.5223946,0.32715604,1.0,0.8000239,0.5425639,0.33847037,0.411277,0.51340294,0.42205024,0.49992928,0.668101,0.6291455,0.6354337,0.65442455,0.4748734,0.5078051,0.24579324,-0.0053281356,0.009056518,-0.09600014,0.34852433,0.46763775,-0.017186826,-0.3345711,-0.06446007,-0.056292646,0.062314812,0.024819046,0.59403956,0.4465303,0.25181183,0.17572835,-0.013218886,-0.046994355,0.24061902,0.1605651,-0.16749778,0.29847273,0.17937343,0.04894082,0.42389664,0.29296386,0.21191652,0.048397917,0.59004134,0.541566,0.6935119,0.5788604,0.5310232,0.5601523,0.7142693,0.5824637,0.4871863,0.62679625,0.70309705,0.67744935,0.3803438,0.60286474,0.0965381,0.38333112,0.20866185,0.18196183,0.27075955,0.30472493,0.2021113,0.34893036,-0.06329019,0.2806613,0.5361344,0.522309,0.59517294,0.6008218,0.4322664,0.44713658,0.46156678,0.26341587,0.47460353,0.5116539,0.47050098,0.52344847,0.29325065,0.4373956,0.49512264,0.4668337,0.5357701,0.285891,-0.14836909,0.27349234,0.29877925,0.53612334
0.37318674,0.2980072,0.4193977,0.21596403,0.39578545,0.229655,0.39235273,0.3777592,0.3163035,0.3712537,0.5093307,0.4122038,0.7561811,0.5226546,0.5460963,0.66181844,0.5876961,0.6095861,0.35768163,0.5227302,0.45622963,0.22839816,0.35803893,0.33396193,0.21075515,-0.0007930729,0.43694532,0.27055287,0.8000239,1.0,0.5820266,0.35413563,0.36530125,0.49367294,0.37324238,0.4266647,0.6735532,0.6061414,0.55684865,0.6192225,0.43196034,0.45631403,0.22478145,0.01803791,-0.016252866,-0.10276751,0.38411522,0.4948417,0.020619342,-0.27354434,-0.011864567,-0.18049978,0.14485833,0.0002684411,0.59620357,0.48062924,0.1940261,0.11766333,-0.031818066,-0.16052872,0.092392385,0.14471003,-0.18879236,0.29006875,0.12177844,-0.041789655,0.42469156,0.28393635,0.17420098,0.0074535673,0.5720338,0.5940388,0.6368094,0.6174987,0.5306814,0.5452291,0.6741981,0.6111944,0.4123353,0.62022245,0.6245938,0.6616808,0.4333199,0.6254094,0.19286133,0.3025975,0.2606686,0.25283238,0.38983163,0.3579243,0.18521348,0.30428174,0.07343664,0.2281827,0.46988028,0.46455863,0.5646423,0.5635441,0.41462907,0.4148444,0.4218715,0.22257134,0.479444,0.39985207,0.42567366,0.4808369,0.32396555,0.4637753,0.5180316,0.49281868,0.5371405,0.2950927,-0.062234055,0.30902705,0.2630598,0.52354074
0.1962534,0.036925714,0.53242207,0.29508102,0.25516513,0.14197658,0.44394937,0.41543972,0.14659087,0.3726988,0.3831847,0.30020204,0.56532425,0.41133478,0.5055485,0.5096296,0.33721042,0.3589997,0.33185554,0.3220926,0.32122034,0.10286439,0.6182926,0.34413,0.115946084,-0.09366776,0.40181774,0.32931355,0.5425639,0.5820266,1.0,0.69910574,0.08332792,0.13121752,0.17988914,0.21874033,0.45477197,0.4695616,0.42180476,0.42780018,0.35190248,0.46931028,0.07082234,-0.10236761,-0.26316002,-0.26040888,0.27819055,0.24558501,-0.18055835,-0.26926187,-0.122191146,0.109030165,0.01407355,-0.07587761,0.40967748,0.27332243,0.09939258,-0.027929269,0.13474235,-0.14629504,0.060331456,0.061402235,-0.09179801,0.12573001,-0.11768176,-0.026943296,0.14452055,0.1782163,0.032957274,0.14907461,0.68091494,0.7762494,0.51525736,0.5996353,0.5149945,0.6128922,0.6391229,0.5240789,0.33740374,0.46993607,0.48937824,0.3594966,0.35352242,0.4498217,0.23980351,0.24538913,0.22891162,0.10601808,0.20627922,0.26453474,0.17369579,0.3226059,-0.1869445,0.22233097,0.3926257,0.4067671,0.43622255,0.40045276,0.3106309,0.26979178,0.21713072,0.21419749,0.2825095,0.21495785,0.27785167,0.33888173,0.03732044,0.2833808,0.3753655,0.3721353,0.33351934,0.052547783,-0.19490378,0.1463417,0.2139987,0.38086683
