1.0,0.69803107,0.79959804,0.627832,-0.028409777,0.21594855,0.7269601,0.73873883,0.36132315,0.26839682,0.79557604,0.6200904,0.7536835,0.596423,0.47464982,0.2495345,0.64313275,0.5722755,0.7869836,0.7460264,0.15154238,0.00763196,0.6823593,0.36892384,0.067726225,-0.06493791,0.27759895,0.16822104,0.6390408,0.5064046,0.5009459,0.3794371,0.803291,0.7369296,0.70598406,0.52438176,0.5258656,0.22910556,0.5082102,0.405768,0.2715081,0.43060854,0.45981285,0.506234,0.52051497,0.53004074,0.62317723,0.5637984,0.5322507,0.31727728,0.41006875,0.25343087,0.34174034,0.049547646,0.5342273,0.43315253,0.85218996,0.6386498,0.63987774,0.47958297,0.73875237,0.44909087,0.76212585,0.41421407,0.5087139,0.29747662,0.7370987,0.7529196,0.738682,0.5980801,0.4875667,0.3990314,0.4118523,0.572107,0.53214103,0.32891083,0.43932208,0.30176648,0.50328493,0.56445706,0.67053175,0.41827318,0.31104046,-0.02927953,0.6515912,0.03977792,0.14980468,-0.4776131,0.5159787,0.025178542,0.44709155,0.00093287986,0.26865456,0.14579386,0.37469578,0.3760622,0.4430262,0.5414748,0.4283748,0.30440143,0.1349972,0.29929322,-0.0030292203,0.35149008,0.20803116,0.3761834,0.4294748,0.08065661,0.17360082,0.39552814,0.60031885,0.41854915,0.3688933,0.28735116,0.2454356,0.22642179
0.69803107,1.0,0.4834101,0.48722717,-0.0015787699,0.07595356,0.412203,0.74659455,0.25948006,0.092468545,0.64380515,0.7277926,0.6104407,0.64399016,0.31552732,0.2133197,0.56159645,0.62074745,0.6541385,0.62437266,-0.042386167,-0.014666018,0.4284999,0.3328566,-0.15478061,-0.009226988,0.17683464,0.0448018,0.61116743,0.55466676,0.35038155,0.49484006,0.67777497,0.61882085,0.5731087,0.56984776,0.60609865,0.30283478,0.52160716,0.38027963,0.24609679,0.4470177,0.6301796,0.6732599,0.57569486,0.6465591,0.6613773,0.64153755,0.71971667,0.46918797,0.674052,0.53655386,0.44472376,-0.019607143,0.5229542,0.4689274,0.82401526,0.9113547,0.7258536,0.6743183,0.79606146,0.7888342,0.74812263,0.6888092,0.719157,0.69966245,0.8525193,0.76569813,0.6154314,0.5968621,0.3397365,0.36059067,0.19036984,0.5823984,0.4059622,0.18223953,0.42388573,0.44754073,0.5916191,0.5608195,0.6111312,0.6310161,0.16524403,0.08764567,0.62430036,0.26429087,-0.06311117,-0.49659443,0.4705303,-0.09344082,0.46536836,-0.03151118,0.28326753,-0.0037171002,0.39268726,0.4118634,0.4305337,0.60097224,0.5187027,0.36748382,0.09087959,0.29176345,-0.14822195,0.35568753,0.2455351,0.45811638,0.50271964,-0.03244794,0.102264956,0.4321558,0.641967,0.5845417,0.43185282,0.38386267,0.32947046,0.17968751
0.79959804,0.4834101,1.0,0.8113379,0.10237146,0.22970189,0.8690235,0.74971616,0.42188436,0.24394701,0.7680023,0.58649224,0.6785317,0.6028644,0.48455614,0.30859336,0.539827,0.5320096,0.7864907,0.75305647,0.22340326,0.2027727,0.8396652,0.5894482,0.14217617,0.15088445,0.23080978,0.06886954,0.60612077,0.5044376,0.6100972,0.4906932,0.72877145,0.72124213,0.50564057,0.41750577,0.4471062,0.22711788,0.45616192,0.42786747,0.2028481,0.30857468,0.38364223,0.35664845,0.3902383,0.43113932,0.47768775,0.42090535,0.35010234,0.08837149,0.25959188,0.1051886,0.35777828,-0.042472146,0.43463424,0.35753393,0.64607525,0.3715427,0.38593823,0.26054707,0.5059953,0.18458344,0.4927876,0.21200724,0.20692964,0.13513298,0.49634263,0.48330322,0.5868456,0.3370929,0.54440325,0.5044751,0.5203711,0.58918977,0.50794613,0.40052783,0.37585643,0.29191476,0.4538637,0.4756759,0.5249835,0.36057198,0.25947434,0.011158629,0.5348252,0.038483478,0.20930427,-0.38657776,0.405446,-0.016107751,0.39187345,0.046363264,0.27671438,0.051616862,0.26930866,0.26367587,0.29914445,0.46933112,0.3326179,0.20779699,0.016417552,0.35488263,-0.13201153,0.3525431,0.11833947,0.34295586,0.39134303,0.008286539,0.016499309,0.3131723,0.4556879,0.2772653,0.3359486,0.25991103,0.20247363,0.22668347
0.627832,0.48722717,0.8113379,1.0,0.3457829,0.15830928,0.8338842,0.8210278,0.4940417,0.08906627,0.7378102,0.69458634,0.56947935,0.66349304,0.5027248,0.40668023,0.5291967,0.64295065,0.795419,0.77421695,0.09316543,0.41343585,0.7645141,0.8110017,0.07306724,0.43512863,0.18870577,-0.01122253,0.61496323,0.580781,0.6097355,0.6675628,0.7322037,0.7519945,0.43213004,0.4082661,0.4206233,0.20697916,0.42571986,0.34126577,0.11708545,0.19108514,0.47618765,0.48056957,0.40050104,0.46019793,0.5033,0.5227452,0.3659791,0.102493145,0.3029655,0.13323478,0.39644614,0.022471143,0.45854723,0.4049303,0.5569054,0.34705803,0.2682538,0.21424268,0.42534208,0.23277125,0.40594903,0.38758382,0.11396703,0.2950661,0.46556377,0.4510214,0.4451806,0.23704898,0.44389075,0.5055259,0.46298593,0.590598,0.35415518,0.4700708,0.34069297,0.2753753,0.4213783,0.46505594,0.4907048,0.50318664,0.24355194,0.32140422,0.53709203,0.32976598,0.17071183,-0.19976792,0.36257258,-0.059840273,0.48748755,0.06559401,0.35816962,-0.04636775,0.3117459,0.28382444,0.2451606,0.5451481,0.3250955,0.327508,0.06917119,0.32248014,-0.11437573,0.41718405,0.23806322,0.5316866,0.49420905,0.041838,0.033014957,0.373476,0.39450997,0.27997756,0.40232185,0.37956303,0.31823674,0.3112514
-0.028409777,-0.0015787699,0.10237146,0.3457829,1.0,0.13168122,0.26486036,0.2534985,0.76069194,-0.05125806,0.25270537,0.35620347,0.11949205,0.36932188,0.53372055,0.4878915,0.11466287,0.38437992,0.14058,0.14631136,0.30728105,0.69309276,0.19459467,0.60875666,0.10341097,0.84484714,0.37174457,0.16735467,0.31897607,0.4073172,0.41151968,0.5806331,0.069423415,0.11994312,0.050718028,0.13327171,0.21705167,0.1435254,0.14302453,0.1064556,0.19011536,-0.19702023,0.07316088,0.017502183,0.015116153,0.05189955,0.15281646,0.16769391,-0.013657377,-0.11631998,-0.035506908,-0.12188392,0.23409264,-0.2529461,0.094743006,0.20554188,-0.023268726,-0.11160049,-0.24368927,-0.110772714,-0.06764512,-0.10162225,-0.044339947,0.14892656,-0.31389245,-0.03036225,-0.057056304,-0.12964869,-0.18196417,-0.28564033,0.20301059,0.34028435,0.39528903,0.3073308,0.1558559,0.5497526,0.17760982,0.046730123,0.054868322,0.348619,0.2524793,0.32383335,0.38202736,0.6302072,0.28753257,0.38652208,0.39681894,0.43654338,0.03682319,0.007717218,0.08243052,0.01714957,0.021480225,0.016043026,0.21405123,0.13644047,0.039839998,0.2255067,0.08306703,0.023304537,0.02894417,0.17552769,-0.017247777,0.3034037,0.2039584,0.33169222,0.21191062,0.0489149,0.09528467,0.2499747,0.027968936,-0.04183011,0.083615705,0.2328334,0.27744055,0.39016262
0.21594855,0.07595356,0.22970189,0.15830928,0.13168122,1.0,0.26549,0.1944658,0.41442364,0.83064634,0.31905106,0.20326093,0.3112617,0.33040243,0.5987264,0.74526,0.21088256,0.3212031,0.21245164,0.2054803,0.5698888,0.30907273,0.3290367,0.0979823,0.75575644,0.16634265,0.5490325,0.5852498,0.31163627,0.48310167,0.43964347,0.13518004,0.23009314,0.17317091,0.40314546,0.14088632,0.26638132,0.39592806,0.34742412,0.39395678,0.3641826,0.30904976,0.08831431,0.117007546,-0.073704414,0.04822897,0.1673557,0.258871,-0.04943791,-0.067218296,-0.08093305,-0.23484339,-0.04712593,0.10097969,0.23761892,0.46563748,0.092233084,-0.05937193,-0.092553854,0.0018689131,-0.0046456,-0.17820184,0.03435053,0.12816533,-0.12374083,-0.09248299,0.096265815,0.14165264,0.12042802,-0.026669169,0.26085413,0.22564982,0.27716506,0.3682141,0.09871145,0.43052024,0.25789702,0.15816784,0.10598238,0.4611257,0.2629568,0.36754304,0.6474722,0.5444762,0.326399,0.36708796,0.41155425,0.29035932,0.25478604,0.5307917,0.1069538,0.26493695,0.074651785,0.13689108,0.15626499,0.2203439,0.24529444,0.21434008,0.048269954,0.20127682,0.29031178,-0.010432192,0.2606614,0.2192762,0.060848095,0.10020664,-0.06773322,0.28955865,0.2739322,0.26321596,0.23239496,0.123360924,0.06680812,0.184557,-0.04406936,0.17206062
0.7269601,0.412203,0.8690235,0.8338842,0.26486036,0.26549,1.0,0.7669746,0.5246639,0.23946628,0.8403145,0.68630093,0.7500729,0.69314003,0.53020614,0.3773539,0.640447,0.6453958,0.77028614,0.720296,0.2155404,0.3098292,0.81412846,0.7258586,0.14111595,0.32093382,0.23787934,0.12533985,0.6557187,0.5771188,0.6784386,0.61651367,0.7777351,0.76719797,0.5504794,0.43450305,0.39300033,0.21898851,0.39357683,0.34311098,0.18840115,0.24381115,0.39878544,0.42865875,0.4488586,0.41860697,0.4629708,0.46361235,0.3223998,0.19443576,0.2179549,0.09171411,0.31572407,0.007630698,0.404749,0.36389878,0.59217185,0.28274962,0.24027693,0.16027483,0.40454376,0.095033266,0.4719202,0.2777431,0.085983954,0.13382547,0.41901535,0.47740608,0.47396672,0.26072228,0.5718043,0.52249646,0.5657082,0.6279213,0.45642892,0.48828074,0.41166872,0.29291672,0.4743567,0.51281136,0.58297575,0.4269914,0.25768545,0.17154843,0.5660802,0.18878976,0.19750428,-0.2486255,0.38549674,0.016140232,0.36908484,0.013485717,0.26089346,0.01932623,0.23831193,0.21610342,0.23965642,0.4596998,0.25417778,0.21681789,-0.0010544298,0.29471663,-0.11721532,0.33798105,0.14402421,0.3997567,0.40922135,0.056813516,0.045312688,0.34917304,0.39572343,0.20417903,0.29695308,0.25586823,0.21420759,0.27411702
0.73873883,0.74659455,0.74971616,0.8210278,0.2534985,0.1944658,0.7669746,1.0,0.5076172,0.1427059,0.8214793,0.8705899,0.73458964,0.8493021,0.5111668,0.3847778,0.6338518,0.79005,0.7531431,0.7011452,0.10303588,0.26879886,0.81268066,0.7457802,0.027935503,0.32891387,0.17365995,-0.0059792874,0.7178147,0.71061784,0.7152208,0.7391448,0.7983557,0.78301257,0.60417604,0.5210798,0.52900225,0.22529887,0.50051165,0.34890553,0.22269484,0.33100373,0.56976086,0.5941624,0.5043046,0.6513007,0.6383729,0.6017262,0.5980727,0.28152728,0.504009,0.30839017,0.47483736,-0.12528972,0.4981458,0.45804405,0.73119056,0.63278997,0.44744155,0.42334253,0.63087916,0.43731722,0.6337646,0.5694405,0.39450604,0.4564036,0.6787294,0.61371917,0.44591108,0.32938167,0.5450819,0.56369543,0.45495078,0.73456234,0.51434946,0.44298798,0.5219269,0.4368901,0.5635347,0.65974426,0.6535144,0.6363893,0.24704033,0.23045169,0.6597589,0.3068132,0.11349156,-0.41586423,0.41874993,-0.13144422,0.46545574,-0.04520304,0.2991996,-0.026098464,0.37250653,0.37319067,0.35511237,0.61403245,0.44045508,0.29133096,0.034546778,0.4536353,-0.22281072,0.459684,0.21061261,0.54234076,0.5474696,-0.0843332,0.03452977,0.48526376,0.5810323,0.44711953,0.40415758,0.40505093,0.34110138,0.32790977
0.36132315,0.25948006,0.42188436,0.4940417,0.76069194,0.41442364,0.5246639,0.5076172,1.0,0.35947672,0.5781312,0.5977366,0.53680295,0.66848665,0.78867173,0.68545735,0.40840495,0.6003045,0.37783366,0.3453356,0.4690074,0.5441058,0.4936784,0.61516494,0.25078171,0.6429218,0.56065387,0.33734012,0.608477,0.67584723,0.6401159,0.6663312,0.37108147,0.39020762,0.36864844,0.33309305,0.45117855,0.34955013,0.37216276,0.2911133,0.40843815,0.15289533,0.1960795,0.18284196,0.17498407,0.21939324,0.34828815,0.3808453,0.14461447,-0.029811848,0.08665613,-0.029906793,0.26126024,-0.12226656,0.29030624,0.38907382,0.31007174,0.11585071,-0.015455905,0.025321169,0.20371734,0.04242904,0.24540111,0.24486084,-0.05913654,0.06973373,0.1986723,0.18330352,0.13653299,-0.010339899,0.4783009,0.5131124,0.56078696,0.6208267,0.4280143,0.6492166,0.38752902,0.22737113,0.29616138,0.5979284,0.50826836,0.4829489,0.60925,0.6019657,0.5526898,0.37957034,0.47497392,0.18760675,0.26032498,0.13890342,0.2331981,-0.015258249,0.07808098,0.070921645,0.33473343,0.31444532,0.25639343,0.4008379,0.2156829,0.16562288,0.12929112,0.17674568,0.03444659,0.36864948,0.18170767,0.38926923,0.26823607,0.19305651,0.18230897,0.4205688,0.30473995,0.10185193,0.19267702,0.27851817,0.2762835,0.4350869
0.26839682,0.092468545,0.24394701,0.08906627,-0.05125806,0.83064634,0.23946628,0.1427059,0.35947672,1.0,0.28890583,0.16784829,0.34717375,0.29734537,0.55005205,0.64480114,0.24264722,0.23592027,0.17973307,0.16446635,0.53122854,0.10330531,0.26214966,-0.08918428,0.6309814,-0.07885828,0.5835882,0.6168319,0.3059974,0.43263018,0.30398124,-0.0034622482,0.24283746,0.20630808,0.42213002,0.19190414,0.25244623,0.48037928,0.35918567,0.39653254,0.47770187,0.52732,0.066076495,0.14074376,-0.0071012527,0.004071872,0.15985107,0.2791848,-0.060308445,-0.057638448,-0.11180267,-0.16800633,-0.09353328,0.18161666,0.27851564,0.46595174,0.12406298,-0.04804687,-0.04738071,-0.06196467,0.031168565,-0.13686389,0.07348265,0.090821095,-0.04340613,-0.08946887,0.1097106,0.20215732,0.20598939,0.08282827,0.292342,0.2198555,0.24740511,0.381616,0.17511857,0.26343337,0.25790918,0.1929062,0.10608875,0.39194006,0.23209003,0.30823737,0.6204396,0.3636921,0.27622816,0.23545365,0.406064,0.17641379,0.30737013,0.630823,0.11994397,0.24200727,0.09474117,0.15679577,0.10887837,0.31347212,0.30585277,0.23528126,0.063404344,0.26093397,0.3518951,-0.09567458,0.3480687,0.13339977,0.08206238,0.06943853,-0.10119588,0.40220058,0.31447285,0.26420662,0.26249158,0.14005138,0.03290473,0.1573481,-0.053076923,0.12399609
0.79557604,0.64380515,0.7680023,0.7378102,0.25270537,0.31905106,0.8403145,0.8214793,0.5781312,0.28890583,1.0,0.8121218,0.85103965,0.7974718,0.6229905,0.4295633,0.7730996,0.77537245,0.7406026,0.7044032,0.2703047,0.2932249,0.756457,0.64388955,0.16961513,0.29002997,0.30397657,0.1517184,0.8174483,0.72468835,0.71724,0.65905076,0.8452573,0.8125066,0.715819,0.6303084,0.5954297,0.36438295,0.5544503,0.4178585,0.36880195,0.3918111,0.5495668,0.57528013,0.5126314,0.4830615,0.6487699,0.65876156,0.5080996,0.29001445,0.40190774,0.23416558,0.4235397,-0.06914598,0.5507024,0.48711395,0.766429,0.5135067,0.37750715,0.33597955,0.61866224,0.31687182,0.66368663,0.45700064,0.31686637,0.31142512,0.64159954,0.64682776,0.536018,0.3286301,0.6253227,0.5914055,0.5855718,0.77192545,0.5300946,0.5265823,0.546012,0.44704244,0.6654588,0.66309094,0.7606941,0.5945491,0.3792426,0.23033762,0.70913035,0.29137084,0.2103233,-0.33285367,0.53778076,0.013625341,0.5058379,0.02916019,0.3102778,0.11841878,0.38665646,0.3622722,0.42963043,0.60184795,0.45264217,0.35466495,0.07788625,0.40684977,-0.08144296,0.47183457,0.28405917,0.5056823,0.561652,0.05290757,0.1190216,0.49020404,0.5979385,0.4336184,0.46689013,0.360029,0.34461617,0.33153114
0.6200904,0.7277926,0.58649224,0.69458634,0.35620347,0.20326093,0.68630093,0.8705899,0.5977366,0.16784829,0.8121218,1.0,0.7571196,0.9279746,0.55779254,0.4732006,0.684247,0.8912453,0.6514977,0.6110844,0.07539093,0.29447386,0.65981174,0.7128663,-0.008628238,0.38298938,0.24843144,0.102529906,0.77107143,0.8243738,0.6996105,0.7933668,0.75848794,0.7394327,0.6182779,0.5875834,0.57079947,0.33945096,0.46703777,0.3242719,0.259543,0.37557092,0.6131598,0.66757005,0.5545472,0.6100252,0.637204,0.67372596,0.58641297,0.3488672,0.5486876,0.3639925,0.481751,-0.08519976,0.47388178,0.5015544,0.6865934,0.61727077,0.35407564,0.33825153,0.57947147,0.4409879,0.62584805,0.64376163,0.38733876,0.49503314,0.6271494,0.62130994,0.353522,0.27651763,0.55752736,0.5941924,0.44084102,0.80859065,0.43543512,0.47583348,0.5475077,0.517031,0.6093861,0.7105777,0.67672396,0.7587943,0.26958966,0.36432296,0.7003174,0.47111937,0.044200778,-0.34533125,0.42455703,-0.06644727,0.47332498,-0.058402278,0.32464525,-0.074183136,0.36586013,0.3682699,0.3482943,0.65237784,0.44677743,0.36750066,0.049129616,0.3529165,-0.20804505,0.4367122,0.21254058,0.56880116,0.5273247,-0.00040452645,0.04439413,0.53970534,0.57520103,0.4581285,0.44132128,0.4275966,0.36642027,0.35079673
0.7536835,0.6104407,0.6785317,0.56947935,0.11949205,0.3112617,0.7500729,0.73458964,0.53680295,0.34717375,0.85103965,0.7571196,1.0,0.79865795,0.6147548,0.37146562,0.7469672,0.7156582,0.63443273,0.5757769,0.27894753,0.17599417,0.6902297,0.49658534,0.16351224,0.12244432,0.3204466,0.26322457,0.8337985,0.6833126,0.69404113,0.60030144,0.7418532,0.6891589,0.62951773,0.5430829,0.47483167,0.28265038,0.41747278,0.29019615,0.30067205,0.42219207,0.4940257,0.54447883,0.53210676,0.5548205,0.50305057,0.5520698,0.513399,0.25580746,0.4709945,0.33955532,0.37703198,-0.0140530495,0.4557895,0.40790325,0.7185512,0.5243161,0.42717078,0.3075064,0.572385,0.32449,0.6690291,0.4896749,0.44266462,0.32540753,0.56745154,0.6442159,0.47540778,0.39927852,0.66479516,0.5476296,0.55834347,0.7481083,0.5416951,0.45850208,0.56894195,0.4709175,0.66910774,0.59726095,0.7424705,0.5516841,0.30280435,0.11556442,0.65600306,0.22987595,0.15135622,-0.39450556,0.42968994,0.005225367,0.40250257,0.009263802,0.19545628,0.06967408,0.27078694,0.23255818,0.30169493,0.4595043,0.3531341,0.22765058,0.054655593,0.3359651,-0.13592103,0.32999703,0.10822045,0.36742032,0.42651883,-0.018369287,-0.007569555,0.3464994,0.4759854,0.37774318,0.3684406,0.28078696,0.24817726,0.2388609
0.596423,0.64399016,0.6028644,0.66349304,0.36932188,0.33040243,0.69314003,0.8493021,0.66848665,0.29734537,0.7974718,0.9279746,0.79865795,1.0,0.62633926,0.54983324,0.6597787,0.89544207,0.5945969,0.54244167,0.22061913,0.34555987,0.72459084,0.7124839,0.14618829,0.41289634,0.2875258,0.18262565,0.7928811,0.86795485,0.8047692,0.8079272,0.71588045,0.6991115,0.6107645,0.5395482,0.5259555,0.347261,0.4308011,0.3029799,0.25545016,0.35634726,0.54502493,0.5817747,0.47302204,0.5977464,0.5803597,0.5963067,0.5110698,0.24858084,0.4647775,0.29938892,0.44208536,-0.12840848,0.405797,0.4648869,0.6233172,0.52580833,0.27745852,0.25662875,0.51383823,0.31209227,0.56949174,0.5690142,0.3116038,0.37280336,0.5478889,0.5535792,0.30333966,0.20587413,0.65153015,0.6524001,0.5429891,0.8483619,0.51049846,0.566512,0.6161575,0.5526945,0.5961998,0.75858927,0.6806433,0.7423497,0.3309008,0.37616962,0.68485564,0.43471777,0.100992456,-0.30064452,0.34943533,-0.050186917,0.3744243,-0.07114006,0.22063716,-0.08087313,0.33176494,0.31926122,0.31124783,0.57380843,0.37313753,0.25033018,0.009192642,0.36289138,-0.24295576,0.39107856,0.106737584,0.4619579,0.416996,-0.03237934,0.012060396,0.50626844,0.5356494,0.3846271,0.3457198,0.3487048,0.27208942,0.32919702
0.47464982,0.31552732,0.48455614,0.5027248,0.53372055,0.5987264,0.53020614,0.5111668,0.78867173,0.55005205,0.6229905,0.55779254,0.6147548,0.62633926,1.0,0.8139021,0.48030773,0.64497185,0.44267488,0.43528864,0.5935044,0.6282636,0.5125577,0.46805486,0.5282545,0.46994936,0.6420241,0.51500094,0.7402991,0.76887727,0.65976256,0.513566,0.45230085,0.42305025,0.56182593,0.40077937,0.5222692,0.45662567,0.5463737,0.49177933,0.45723897,0.30146188,0.37649766,0.3633983,0.2638019,0.28126398,0.4825853,0.5795246,0.22510415,-0.024537055,0.21088791,0.036807876,0.3413596,-0.04863744,0.5305736,0.6682878,0.3891795,0.1686963,0.08588549,0.1000137,0.2801065,0.04449386,0.34979317,0.42735893,0.07008854,0.14229342,0.37614024,0.327155,0.23602694,0.049706608,0.522721,0.5539302,0.58866715,0.692006,0.3266515,0.70456684,0.47526386,0.31821835,0.35108992,0.65950924,0.6346669,0.643252,0.7953893,0.63185674,0.6701802,0.53429455,0.58269924,0.19677192,0.49149212,0.38016802,0.44020993,0.33802032,0.2878164,0.2832295,0.3821809,0.4407376,0.4233935,0.55423814,0.33243454,0.40637392,0.3639717,0.32529464,0.22060591,0.5242104,0.3178384,0.4706568,0.3352174,0.22283578,0.26529026,0.5028671,0.42995536,0.34676206,0.3659991,0.46869543,0.33264384,0.46468094
0.2495345,0.2133197,0.30859336,0.40668023,0.4878915,0.74526,0.3773539,0.3847778,0.68545735,0.64480114,0.4295633,0.4732006,0.37146562,0.54983324,0.8139021,1.0,0.27756613,0.5796968,0.34494534,0.34853646,0.48141178,0.6302504,0.35192287,0.3944638,0.5702506,0.4483402,0.6520428,0.56839633,0.51402724,0.7510837,0.52672625,0.44370788,0.31954166,0.2980302,0.47910678,0.297572,0.41699493,0.5103794,0.4731258,0.537795,0.35294148,0.3094001,0.2791981,0.30992398,0.15570264,0.13937382,0.38263503,0.50200635,0.07136951,-0.0137472795,0.08900536,-0.027715217,0.15137659,0.15889199,0.39364618,0.70106614,0.16522878,0.054527547,-0.07765957,-0.01468728,0.07201114,-0.052365497,0.092414714,0.3818676,-0.10709311,0.10666469,0.23414408,0.21278727,0.14284748,-0.018252308,0.33665502,0.41748998,0.37962896,0.56869686,0.08703253,0.6338399,0.3159308,0.27300826,0.14775772,0.6009346,0.38034222,0.69029766,0.76184124,0.8317565,0.5327421,0.6965171,0.4643109,0.3619207,0.3713389,0.49571466,0.2985363,0.34726807,0.28295434,0.08836486,0.27901363,0.39724287,0.32123014,0.49711615,0.16713953,0.42357996,0.356698,0.08574329,0.23888697,0.3889079,0.19911268,0.38114017,0.11940061,0.3416994,0.32628915,0.49307498,0.32859394,0.24453363,0.19999738,0.40227696,0.16967493,0.38793936
0.64313275,0.56159645,0.539827,0.5291967,0.11466287,0.21088256,0.640447,0.6338518,0.40840495,0.24264722,0.7730996,0.684247,0.7469672,0.6597787,0.48030773,0.27756613,1.0,0.725258,0.5754845,0.5368253,0.18485944,0.18534674,0.5089634,0.4435389,0.10321028,0.15228894,0.1593206,0.06330711,0.74955887,0.5975155,0.52171034,0.46932265,0.7595905,0.7646405,0.69846785,0.68609464,0.601171,0.43756568,0.53426486,0.34614703,0.35122278,0.39876842,0.5974034,0.6317594,0.47505102,0.49659705,0.6491624,0.66041476,0.5365613,0.23331292,0.4228217,0.25471932,0.43167907,-0.041780178,0.63219994,0.44489816,0.76904005,0.4726733,0.26978257,0.18545437,0.62228936,0.23298365,0.7619779,0.46682128,0.3350367,0.2770987,0.6326022,0.6678653,0.43352258,0.32461587,0.5689432,0.54632956,0.45050135,0.6800193,0.43868014,0.35668933,0.6379245,0.5360783,0.75019515,0.5892261,0.7822034,0.51142025,0.33246997,0.1366326,0.69347054,0.23666678,0.12996717,-0.30984855,0.5946981,0.013787652,0.577607,-0.089763574,0.34615222,0.1347562,0.35475817,0.39030004,0.4401322,0.5987939,0.5024861,0.4339863,0.22911818,0.35721236,0.08771786,0.4462351,0.4347737,0.510361,0.5629881,0.11120882,0.16468689,0.40312898,0.55993897,0.53369784,0.42910966,0.42956126,0.4045997,0.32546905
0.5722755,0.62074745,0.5320096,0.64295065,0.38437992,0.3212031,0.6453958,0.79005,0.6003045,0.23592027,0.77537245,0.8912453,0.7156582,0.89544207,0.64497185,0.5796968,0.725258,1.0,0.5744486,0.5410481,0.24664757,0.45042002,0.6184526,0.6856283,0.19046532,0.4336322,0.25933045,0.1827554,0.8044425,0.89801306,0.74955636,0.76060605,0.735846,0.7147746,0.7282593,0.6018508,0.59742326,0.4092033,0.51259166,0.39369935,0.23926601,0.2997791,0.6337107,0.6663851,0.51944214,0.5621489,0.71398956,0.70207155,0.52468604,0.28002846,0.4729863,0.30679965,0.48979428,-0.099532776,0.5280818,0.56296027,0.64528674,0.51165956,0.2416179,0.24275589,0.5336099,0.25878447,0.62396455,0.6433134,0.2772856,0.36639327,0.63579524,0.5987643,0.2952867,0.17007509,0.63159,0.6925936,0.5436928,0.84213066,0.40506753,0.6140647,0.6584054,0.6000861,0.60887355,0.8330484,0.7671721,0.81928855,0.415858,0.45944217,0.7471237,0.5416312,0.114383355,-0.20115466,0.46306956,-0.007655078,0.45836806,0.0072629857,0.31029376,-0.00977374,0.41335285,0.41221383,0.43536684,0.66045654,0.4603424,0.38115436,0.0905466,0.38992423,-0.11472538,0.45014188,0.2598863,0.519183,0.48418292,0.018523492,0.1587592,0.60747373,0.6084825,0.48824832,0.38894677,0.44052985,0.35133967,0.40047988
0.7869836,0.6541385,0.7864907,0.795419,0.14058,0.21245164,0.77028614,0.7531431,0.37783366,0.17973307,0.7406026,0.6514977,0.63443273,0.5945969,0.44267488,0.34494534,0.5754845,0.5744486,1.0,0.9376113,0.009297335,0.1763799,0.65052503,0.5498958,0.009388897,0.14606914,0.32568568,0.15976271,0.5885421,0.51634663,0.43239638,0.4463473,0.81288964,0.7654243,0.55675113,0.4831609,0.52338004,0.26405686,0.5086939,0.46106872,0.18300322,0.3744545,0.47817057,0.5284059,0.4860938,0.5063901,0.5439153,0.5757314,0.43659842,0.26471525,0.41159087,0.24177445,0.38309807,0.15504698,0.53435093,0.4996784,0.7010674,0.53911614,0.5256353,0.39566308,0.5760976,0.41894683,0.5527174,0.4686644,0.3096477,0.35886267,0.6045845,0.67415506,0.73297316,0.57872796,0.3473511,0.32792085,0.2879946,0.5255001,0.29642043,0.2968243,0.3116901,0.23398636,0.49071342,0.48178425,0.53572196,0.50087166,0.2169524,0.18052128,0.55017626,0.24767086,0.087454155,-0.3485286,0.49644896,0.020399563,0.50225484,0.07400059,0.35844624,0.009577834,0.34398487,0.33313477,0.35027283,0.59231424,0.42999437,0.37474287,0.14990442,0.23155893,-0.07717804,0.38507724,0.22161621,0.4871651,0.51066077,0.07120081,0.11656382,0.37550932,0.5113708,0.41890422,0.42299676,0.39830238,0.30072752,0.25267673
0.7460264,0.62437266,0.75305647,0.77421695,0.14631136,0.2054803,0.720296,0.7011452,0.3453356,0.16446635,0.7044032,0.6110844,0.5757769,0.54244167,0.43528864,0.34853646,0.5368253,0.5410481,0.9376113,1.0,0.023046713,0.2055012,0.59209836,0.51319516,0.06266738,0.15052943,0.34038243,0.1897087,0.5765057,0.4941308,0.3955425,0.38881758,0.7867597,0.7467177,0.53973025,0.49283314,0.5096561,0.28373647,0.48828572,0.45969957,0.1541219,0.37066948,0.52459925,0.5449788,0.47133428,0.4645855,0.52509594,0.5951023,0.4367041,0.21809888,0.44306207,0.21401407,0.4225876,0.13005462,0.5209998,0.50492156,0.67505306,0.51255655,0.4990616,0.3343266,0.57379264,0.41106153,0.5268836,0.4767015,0.2931429,0.35811317,0.578535,0.67601895,0.714018,0.556198,0.32335347,0.3064794,0.28368992,0.48357153,0.23664127,0.29886436,0.29216063,0.23002344,0.4753536,0.46033406,0.51482797,0.50128454,0.20667364,0.19668335,0.52787614,0.2785929,0.064963825,-0.31853113,0.47499537,0.048485488,0.5089933,0.16479401,0.36942086,0.012200331,0.3182817,0.29698956,0.32797816,0.5872077,0.42427322,0.3965761,0.121301055,0.2398995,-0.09687252,0.38690805,0.19274153,0.4504682,0.50304663,0.06418155,0.093331784,0.35097417,0.48757625,0.42910016,0.47710007,0.3885434,0.28135556,0.20828228
0.15154238,-0.042386167,0.22340326,0.09316543,0.30728105,0.5698888,0.2155404,0.10303588,0.4690074,0.53122854,0.2703047,0.07539093,0.27894753,0.22061913,0.5935044,0.48141178,0.18485944,0.24664757,0.009297335,0.023046713,1.0,0.50648665,0.24168102,0.11543252,0.6370397,0.2825202,0.4833568,0.46203962,0.41289264,0.3691841,0.45111334,0.1729842,0.11033416,0.14513633,0.2921497,0.24988487,0.2664226,0.43458137,0.25905374,0.3617892,0.39434838,0.09026296,0.102337815,-0.017164072,-0.022487722,-0.0038520342,0.15640853,0.17157395,0.047496658,-0.09752494,-0.08072721,-0.16898145,0.10844422,-0.29807225,0.19913699,0.24570449,0.07493736,-0.12921484,-0.10145963,-0.095464185,0.04982695,-0.19941314,0.08106044,-0.0056920955,-0.13522384,-0.15698192,0.06769116,0.038513716,-0.016081095,-0.13075282,0.51165,0.4842787,0.6582479,0.37095547,0.4050874,0.5255995,0.4215115,0.30411536,0.183988,0.42288837,0.43077913,0.2084599,0.6009258,0.2758444,0.33104962,0.123423785,0.46177104,0.30853462,0.18126307,0.3007739,0.032398343,0.20251133,-0.023329131,0.26887783,0.17420368,0.18545766,0.2440685,0.12264418,0.13477586,0.007797101,0.054804817,0.19096874,0.1107508,0.16024408,0.0714268,-0.039604038,0.014928002,0.093518905,0.20520805,0.17816512,0.19922264,0.07530747,0.07803394,0.081038184,0.054817256,0.2179903
0.00763196,-0.014666018,0.2027727,0.41343585,0.69309276,0.30907273,0.3098292,0.26879886,0.5441058,0.10330531,0.2932249,0.29447386,0.17599417,0.34555987,0.6282636,0.6302504,0.18534674,0.45042002,0.1763799,0.2055012,0.50648665,1.0,0.2693724,0.57018125,0.452627,0.73495436,0.33271685,0.24517979,0.4499465,0.51249135,0.48668844,0.47700235,0.17924377,0.228701,0.23743905,0.23747692,0.21563172,0.32181492,0.24635199,0.3315222,0.12100557,-0.12795307,0.30143166,0.19863535,0.09844247,0.1330233,0.27358985,0.32590282,0.08785099,-0.108659655,0.07643889,-0.027153106,0.34618706,-0.2132768,0.26012588,0.4212281,0.007910758,-0.1284949,-0.26921904,-0.18577692,-0.03181077,-0.19437425,-0.0042032707,0.29144934,-0.2871704,0.0023701766,0.063757285,-0.014255324,-0.14708161,-0.29372835,0.3566544,0.49676174,0.47825468,0.38969678,0.04400058,0.6575356,0.31527102,0.22835056,0.13978213,0.37236688,0.3687476,0.49415365,0.50213945,0.6663287,0.3865337,0.6020467,0.40271553,0.48608238,0.15001991,0.13313097,0.23693724,0.37409088,0.2287638,0.14310427,0.14264081,0.1687466,0.09959893,0.3251488,0.12052796,0.18284318,0.14826158,0.3792948,0.044226043,0.4382211,0.2257955,0.33643553,0.22574674,-0.0500837,0.07334333,0.25467548,0.07419668,0.1395069,0.19842741,0.3844285,0.26037988,0.32679915
0.6823593,0.4284999,0.8396652,0.7645141,0.19459467,0.3290367,0.81412846,0.81268066,0.4936784,0.26214966,0.756457,0.65981174,0.6902297,0.72459084,0.5125577,0.35192287,0.5089634,0.6184526,0.65052503,0.59209836,0.24168102,0.2693724,1.0,0.72061294,0.27316582,0.3322525,0.13547222,0.014760026,0.58171666,0.5875766,0.8114686,0.6046032,0.68792707,0.6628706,0.49478588,0.31026268,0.34128314,0.11069577,0.34719664,0.24216673,0.16115314,0.21503012,0.32383087,0.2925778,0.22081879,0.49367908,0.4087623,0.32940713,0.33334818,0.044631507,0.20204945,-0.002437514,0.3378919,-0.21890414,0.30473882,0.28891253,0.5463279,0.29218307,0.21248162,0.18710406,0.43267137,0.083540685,0.43169114,0.22567861,0.1274297,0.07231826,0.38431704,0.3684898,0.33438414,0.11208795,0.5962377,0.5362117,0.5331341,0.6343576,0.5305171,0.47139907,0.45596653,0.30494028,0.41168907,0.5595734,0.5127459,0.3708631,0.2507619,0.10454836,0.48149723,0.08547137,0.21824704,-0.34474245,0.25716826,-0.119648434,0.28889528,-0.031856433,0.13471568,0.008575888,0.2565248,0.19867636,0.22599699,0.39442134,0.26642862,0.06849376,-0.024961485,0.46166342,-0.22149834,0.39140514,0.05585419,0.33002752,0.35009053,-0.12349362,-0.054525994,0.32225522,0.40786853,0.21893248,0.27653655,0.24190526,0.16846207,0.26161134
0.36892384,0.3328566,0.5894482,0.8110017,0.60875666,0.0979823,0.7258586,0.7457802,0.61516494,-0.08918428,0.64388955,0.7128663,0.49658534,0.7124839,0.46805486,0.3944638,0.4435389,0.6856283,0.5498958,0.51319516,0.11543252,0.57018125,0.72061294,1.0,0.07388907,0.723452,0.059247274,-0.10175485,0.5489723,0.59653485,0.7295509,0.82770723,0.5601831,0.5868107,0.30313075,0.2991026,0.2930647,0.09751593,0.21479447,0.13155314,0.012339187,-0.08717304,0.3778358,0.3398732,0.264711,0.45907706,0.3685012,0.346189,0.3125879,0.102531046,0.23980375,0.08698348,0.38539872,-0.19162059,0.2104869,0.23423138,0.37527788,0.20622373,0.01646023,0.08673041,0.2664395,0.08449728,0.280379,0.33180255,-0.05331174,0.2042924,0.25914896,0.21792957,0.10717111,-0.061519995,0.46982154,0.5361375,0.5059309,0.5750394,0.33546135,0.559297,0.3816719,0.2800816,0.36322755,0.49063048,0.45025617,0.48294902,0.16157429,0.41207892,0.4562979,0.38007745,0.115691535,-0.060097717,0.123377055,-0.25240338,0.27685034,-0.055167727,0.14441448,-0.11570566,0.2121211,0.112724036,0.0574823,0.3831453,0.18173581,0.08942036,-0.11845406,0.39582613,-0.29199407,0.3897453,0.12354943,0.43981138,0.41227984,-0.14365555,-0.0977738,0.29909024,0.23448397,0.1101055,0.27158463,0.28635603,0.27771863,0.33304292
0.067726225,-0.15478061,0.14217617,0.07306724,0.10341097,0.75575644,0.14111595,0.027935503,0.25078171,0.6309814,0.16961513,-0.008628238,0.16351224,0.14618829,0.5282545,0.5702506,0.10321028,0.19046532,0.009388897,0.06266738,0.6370397,0.452627,0.27316582,0.07388907,1.0,0.2260113,0.3064575,0.47072652,0.2553106,0.3408904,0.4625369,0.021005915,0.11822263,0.079987384,0.3177484,0.099880405,0.06711541,0.2989672,0.13456681,0.21400541,0.09633698,0.057056744,0.15758696,0.065693386,-0.20804602,0.03857366,0.065056205,0.16385521,-0.09753467,-0.19238873,-0.1374067,-0.3738006,0.035530116,-0.13089393,0.09973638,0.30966485,-0.03368386,-0.24218632,-0.29183564,-0.19736344,-0.045214016,-0.37482125,-0.033325385,0.05235326,-0.24655025,-0.19878736,-0.04287736,0.010323457,-0.09461475,-0.2490812,0.31770384,0.2602092,0.3943354,0.24250877,0.032368522,0.45180008,0.33406174,0.20693764,0.026992707,0.3406246,0.24997178,0.24958351,0.5605151,0.39786,0.22216539,0.2943027,0.35433117,0.3640849,0.06558927,0.41970035,0.048003696,0.43785235,-0.0004287468,0.28692088,0.018859474,0.085613616,0.12540749,0.07516542,-0.044104684,0.0605477,0.17175332,0.2035321,0.20306508,0.24885523,0.012145191,-0.06425597,-0.13742265,0.1013071,0.110949114,0.09757887,0.08645183,0.04499612,0.09670444,0.12374824,-0.099243715,0.074644685
-0.06493791,-0.009226988,0.15088445,0.43512863,0.84484714,0.16634265,0.32093382,0.32891387,0.6429218,-0.07885828,0.29002997,0.38298938,0.12244432,0.41289634,0.46994936,0.4483402,0.15228894,0.4336322,0.14606914,0.15052943,0.2825202,0.73495436,0.3322525,0.723452,0.2260113,1.0,0.13919714,-0.029076247,0.30493987,0.4313192,0.5345833,0.63121086,0.13847743,0.18531832,0.058803756,0.094153255,0.13207929,0.0817014,0.06594367,0.0036368137,0.032031048,-0.3344755,0.14586334,0.041814256,-0.04697275,0.13218684,0.13014689,0.14944556,0.01770397,-0.12822367,-0.023985352,-0.13876319,0.3030559,-0.3167399,0.021874296,0.14727007,-0.010308374,-0.12206097,-0.30373833,-0.15763314,-0.06474017,-0.17681797,-0.05381261,0.16021588,-0.365859,-0.004427103,-0.06109437,-0.16406038,-0.23643737,-0.41668713,0.24529782,0.38358185,0.4004465,0.32146356,0.110542655,0.5649689,0.19552441,0.097951435,0.07631343,0.3434473,0.24149163,0.34468192,0.2987537,0.6096185,0.23495334,0.4613278,0.26938313,0.3894732,-0.055695985,-0.1197799,0.07923725,0.0420413,-0.008116015,-0.008756064,0.1174201,0.05325134,-0.037622586,0.16617817,0.018159112,-0.0110636605,-0.058558542,0.3150881,-0.14832354,0.35927,0.15203176,0.2979833,0.21070851,-0.114645585,-0.06137046,0.16329126,-0.011703772,-0.039835244,0.11372186,0.20781906,0.18578759,0.3112362
0.27759895,0.17683464,0.23080978,0.18870577,0.37174457,0.5490325,0.23787934,0.17365995,0.56065387,0.5835882,0.30397657,0.24843144,0.3204466,0.2875258,0.6420241,0.6520428,0.1593206,0.25933045,0.32568568,0.34038243,0.4833568,0.33271685,0.13547222,0.059247274,0.3064575,0.13919714,1.0,0.7337431,0.39664024,0.41628075,0.21060057,0.1543396,0.18570176,0.14704882,0.27723813,0.21887669,0.41116446,0.4387201,0.49240053,0.525286,0.49818203,0.45384964,0.113034375,0.14237551,0.17719884,-0.020731807,0.26224706,0.34659624,0.013713845,-0.049270686,0.08435558,-0.060097225,0.15774398,0.1243652,0.40669152,0.5476148,0.14985962,0.081032775,0.1473623,0.086060725,0.103617586,0.098322496,0.09062911,0.24940255,0.057386186,0.061392013,0.17803386,0.22745208,0.27982485,0.21208377,0.17130178,0.17381565,0.21396045,0.33286476,0.100297175,0.285874,0.13066691,0.079098724,0.1162748,0.31918496,0.27513346,0.37030578,0.5752278,0.48630863,0.3927027,0.33556017,0.4565804,0.24121718,0.40682596,0.50945604,0.2732267,0.2574261,0.2458953,0.12386421,0.40907913,0.37299138,0.36593428,0.4007422,0.3011501,0.32008818,0.34790868,-0.025341269,0.26570317,0.24334809,0.19847666,0.29790995,0.20331185,0.35270464,0.37304932,0.37149084,0.29602498,0.26387557,0.2611833,0.3302645,0.2819965,0.38625205
0.16822104,0.0448018,0.06886954,-0.01122253,0.16735467,0.5852498,0.12533985,-0.0059792874,0.33734012,0.6168319,0.1517184,0.102529906,0.26322457,0.18262565,0.51500094,0.56839633,0.06330711,0.1827554,0.15976271,0.1897087,0.46203962,0.24517979,0.014760026,-0.10175485,0.47072652,-0.029076247,0.7337431,1.0,0.2675218,0.33222812,0.16104043,0.009358159,0.08857202,0.02734897,0.28182712,0.14023039,0.15554775,0.34075648,0.228367,0.3438879,0.24219695,0.3405135,0.12018839,0.17944577,0.20325376,-0.043693557,0.08831662,0.26519755,-0.069921166,0.10004977,0.006935951,-0.07846142,0.004388614,0.18306533,0.26304415,0.46784577,0.013110946,-0.0038321607,0.041556317,0.038445424,-0.0030463994,-0.024485115,0.02410864,0.25546673,0.037538454,-0.011187299,0.05774503,0.23889779,0.16783501,0.22370943,0.18836817,0.10719447,0.17279953,0.20155685,-0.041939966,0.28068587,0.19212462,0.11077931,0.026481092,0.26957235,0.21377425,0.33327273,0.45203537,0.39542186,0.2661539,0.30955544,0.30083427,0.32964084,0.23259339,0.5854541,0.095324434,0.37862524,0.1316246,0.06674195,0.18584734,0.20307392,0.21953192,0.23764487,0.12955643,0.18759702,0.28588757,-0.180389,0.29256982,0.013735825,0.009294035,0.051742435,-0.09001623,0.37604898,0.33923462,0.28153896,0.15639746,0.13080919,0.12302885,0.18009186,0.07852113,0.1753455
0.6390408,0.61116743,0.60612077,0.61496323,0.31897607,0.31163627,0.6557187,0.7178147,0.608477,0.3059974,0.8174483,0.77107143,0.8337985,0.7928811,0.7402991,0.51402724,0.74955887,0.8044425,0.5885421,0.5765057,0.41289264,0.4499465,0.58171666,0.5489723,0.2553106,0.30493987,0.39664024,0.2675218,1.0,0.8041734,0.6960087,0.6621732,0.7155866,0.7014388,0.64309025,0.6979755,0.6677498,0.5017225,0.5738432,0.45866042,0.3799393,0.42178568,0.67815757,0.6585336,0.57177156,0.5528325,0.65658295,0.7203507,0.5726248,0.18583457,0.57316166,0.36231467,0.5560242,-0.13899161,0.6020093,0.5302401,0.69867027,0.5215699,0.36242196,0.29344967,0.60683215,0.34508747,0.6663258,0.58765334,0.42529917,0.43279135,0.6473822,0.6238766,0.39808393,0.24753007,0.721104,0.7269591,0.6748376,0.8675439,0.5243234,0.6123117,0.68318176,0.6194218,0.76525307,0.6985628,0.8505113,0.713002,0.46689466,0.3108087,0.7843083,0.42344692,0.23135252,-0.24933438,0.5446435,0.049784694,0.5664274,0.12539867,0.3622775,0.18694744,0.38851482,0.35671982,0.4282291,0.6275922,0.50828236,0.38805258,0.12248364,0.4624461,-0.085200176,0.4891409,0.26247245,0.5002715,0.57514435,-0.01901596,0.041668937,0.47002992,0.59292233,0.5327423,0.5344535,0.45011067,0.4083022,0.34296128
0.5064046,0.55466676,0.5044376,0.580781,0.4073172,0.48310167,0.5771188,0.71061784,0.67584723,0.43263018,0.72468835,0.8243738,0.6833126,0.86795485,0.76887727,0.7510837,0.5975155,0.89801306,0.51634663,0.4941308,0.3691841,0.51249135,0.5875766,0.59653485,0.3408904,0.4313192,0.41628075,0.33222812,0.8041734,1.0,0.75330395,0.71434903,0.64686435,0.6188443,0.69877005,0.57747734,0.6185732,0.5118199,0.55518836,0.48591182,0.33090234,0.40388852,0.58317715,0.6031512,0.44419742,0.4595844,0.668259,0.6991043,0.4231828,0.17322768,0.41550055,0.2533545,0.42775562,-0.057823285,0.51898485,0.6509518,0.5304235,0.41758552,0.18187666,0.17673147,0.45858803,0.21582018,0.48705146,0.60251135,0.22334385,0.3393149,0.55562985,0.51914215,0.2574055,0.11682819,0.65300155,0.7044615,0.56934595,0.8734594,0.39072463,0.6679863,0.6244137,0.6134636,0.529059,0.829862,0.70858866,0.86424416,0.5683196,0.5724692,0.7342969,0.6163111,0.22071663,-0.10260196,0.47208917,0.14807132,0.4535418,0.11972994,0.33786348,0.00017411182,0.3895727,0.44628948,0.4547388,0.6599498,0.42204073,0.436445,0.1614424,0.32710344,-0.045189686,0.4546969,0.20966595,0.48818,0.384658,0.10148515,0.18958062,0.6382106,0.60619426,0.47689894,0.39527562,0.45439896,0.30366376,0.38853377
0.5009459,0.35038155,0.6100972,0.6097355,0.41151968,0.43964347,0.6784386,0.7152208,0.6401159,0.30398124,0.71724,0.6996105,0.69404113,0.8047692,0.65976256,0.52672625,0.52171034,0.74955636,0.43239638,0.3955425,0.45111334,0.48668844,0.8114686,0.7295509,0.4625369,0.5345833,0.21060057,0.16104043,0.6960087,0.75330395,1.0,0.75039226,0.59631246,0.57417446,0.5413116,0.4038605,0.359184,0.21915995,0.28989384,0.18826179,0.15431039,0.10127198,0.3992234,0.35155994,0.2124484,0.4992708,0.4150629,0.3837481,0.32854453,0.06798391,0.25501522,0.00017923083,0.34146202,-0.29632834,0.24512886,0.3282161,0.44637185,0.23813516,0.03754768,0.08002965,0.37210163,-0.0043449313,0.39808777,0.35657033,0.07116213,0.09360951,0.33048108,0.3312396,0.09820956,-0.07980319,0.7332897,0.67927366,0.67840683,0.7275594,0.5237096,0.67170113,0.64132994,0.5154517,0.44464028,0.69295305,0.6264289,0.5469537,0.38954538,0.33239725,0.5689173,0.32135475,0.23096956,-0.14511517,0.18624975,-0.06431332,0.2223338,0.008108677,0.06531634,0.010416773,0.2348378,0.18130946,0.20637985,0.38191962,0.20786607,0.038155567,-0.048497107,0.466273,-0.23499921,0.38125792,0.017822925,0.2806217,0.26322204,-0.1331172,-0.07427021,0.36646417,0.3826305,0.19488318,0.23669422,0.24447478,0.15831238,0.31059155
0.3794371,0.49484006,0.4906932,0.6675628,0.5806331,0.13518004,0.61651367,0.7391448,0.6663312,-0.0034622482,0.65905076,0.7933668,0.60030144,0.8079272,0.513566,0.44370788,0.46932265,0.76060605,0.4463473,0.38881758,0.1729842,0.47700235,0.6046032,0.82770723,0.021005915,0.63121086,0.1543396,0.009358159,0.6621732,0.71434903,0.75039226,1.0,0.5223255,0.5197633,0.36785424,0.3859963,0.38877094,0.16609563,0.26036844,0.14912428,0.08555074,0.0009692772,0.41354877,0.42139965,0.39677167,0.46707618,0.4451569,0.4116706,0.37660402,0.22051558,0.34256384,0.26581404,0.33810937,-0.14527206,0.22545137,0.26922667,0.43070543,0.40488994,0.14822787,0.24412762,0.35410377,0.24620046,0.3432272,0.49078524,0.15302497,0.3583723,0.39279366,0.312499,0.11353068,0.009968674,0.5633577,0.62178993,0.55958027,0.6786635,0.42177728,0.6155271,0.4905689,0.48040625,0.45079175,0.5823424,0.53579783,0.63421124,0.21107548,0.4282945,0.5322941,0.45189196,0.051180545,-0.12227543,0.15036243,-0.20877033,0.22282977,-0.12772237,0.120250836,-0.19229415,0.26572803,0.18061128,0.15175936,0.40583953,0.21191578,0.0978868,-0.12274523,0.2953236,-0.30041912,0.2795925,0.0724379,0.39385432,0.35632303,-0.08634471,-0.051146608,0.39734444,0.33977917,0.16624191,0.22137678,0.24663709,0.26454705,0.31545857
