1.0,0.30229926,0.7302927,0.7584361,-0.1697699,0.200277,0.80048025,0.70708114,0.17690139,0.15473464,0.65949225,0.49671385,0.51998544,0.4890652,0.58396465,0.58547336,0.45741647,0.5384448,0.74649537,0.7338492,0.54884624,0.39047605,0.6501883,0.6914845,0.4149383,-0.069833174,-0.021574501,-0.04756725,0.4721285,0.61859816,0.6177679,0.70102483,0.7048333,0.79097885,0.5815152,0.49835545,0.45092753,0.355065,0.48640355,0.089280084,0.48065138,-0.08235321,0.36039275,0.38973936,0.27377534,0.14141114,0.3854117,0.2646348,0.18233316,-0.037409842,0.5065985,0.23046234,0.09229251,0.087844804,0.48520058,0.30131522,0.8534995,0.4297354,0.2868367,-0.024468066,0.35406905,0.1224003,0.6246795,0.13927594,0.26106083,-0.0068097985,0.35512346,0.43427137,0.30320975,0.13665573,0.77651364,0.19044772,0.66544545,0.4993433,0.40403906,0.39773163,0.4855546,0.3690938,0.2917616,0.26296872,0.63978195,0.22081298,0.45999074,0.2565767,0.6798818,0.087279506,0.08400704,-0.19824372,0.38543272,0.060341794,0.1541552,-0.28810886,-0.14101708,-0.19063406,0.40727606,0.46394703,0.40322483,0.27241284,0.43263978,0.20349889,0.19313377,-0.17883053,0.28301063,0.2915805,0.5120837,0.57337934,0.58706,0.40138838,0.15551022,0.48289186,0.3783038,0.4791728,0.012275391,0.3641086,0.27196264,0.30085763
0.30229926,1.0,0.34369484,0.35611174,-0.34310463,0.043149468,0.36118487,0.33837658,-0.10067646,-0.22456063,0.11897054,0.4295892,0.12579925,0.21765424,0.3012315,0.2946401,-0.1532806,0.15679453,0.6026916,0.4976158,0.25471753,-0.035540152,0.22538844,0.30800113,0.230181,-0.25301576,-0.20106933,-0.10826506,0.12692389,0.04275287,-0.035269525,0.15773284,0.1724966,0.21494105,0.20699935,0.18042144,0.18913461,-0.25472188,0.19464067,-0.055765748,-0.14167659,-0.10917638,0.3849934,0.40588114,-0.06226767,0.17424965,0.26184234,-0.12500082,0.20464876,-0.1488753,0.36210266,0.20227814,-0.01151815,0.12307301,0.036608793,-0.21441887,0.3444035,0.42725807,0.4664424,0.21197698,0.43244505,0.065577105,0.42431048,0.36550856,0.24490821,0.15730317,0.2544211,0.53004533,0.33470315,0.25088325,0.11014784,-0.018142208,0.082939446,-0.03561869,0.43661684,0.08511824,0.16651323,0.100916035,0.10518042,-0.15419765,0.067430824,0.20200552,0.17816077,-0.10976235,0.17615454,0.23858267,0.11523481,-0.2583839,-0.06939355,-0.17609324,0.23637079,0.29429704,0.21835192,0.033344474,0.11897639,0.039593935,-0.010005783,-0.087159514,0.13970901,-0.04795483,-0.040964123,0.20786902,0.016811833,0.13453358,0.084053785,0.19330724,0.060758907,0.073435806,-0.049562186,0.046700314,-0.08932867,0.19866136,0.36089623,0.055857405,-0.14392783,0.16485906
0.7302927,0.34369484,1.0,0.71461713,0.069304705,0.3741973,0.83367616,0.68070656,0.3689246,0.2771081,0.54240084,0.48178992,0.5643792,0.46001965,0.61234313,0.6351837,0.27487096,0.3749429,0.6544688,0.62006956,0.6251279,0.42199698,0.81678796,0.85171294,0.6956999,0.13915254,0.33365923,0.20936586,0.40432906,0.52090347,0.5980193,0.7245923,0.5499799,0.65609336,0.3746298,0.41042414,0.6380973,0.25541857,0.60415244,0.11970564,0.33453405,0.00030127636,0.28864208,0.52221,0.22640388,0.22796115,0.44831198,0.18346815,0.16437162,0.043427337,0.45828977,0.06368377,0.036523648,0.10553442,0.4524042,0.12997235,0.72288233,0.4523206,0.21112058,-0.05310559,0.16468988,0.040918384,0.66713595,0.11031543,0.3107179,-0.034623094,0.1999894,0.51485676,0.27298453,0.21995476,0.7286339,0.17839734,0.60860604,0.4762323,0.47612765,0.40494886,0.55693585,0.25892025,0.1978274,0.10429505,0.4989462,0.18836585,0.50200737,0.30869752,0.7386568,0.13276033,0.2426132,-0.06563292,0.5388811,0.10546579,0.25845683,-0.118406825,0.07104408,-0.01776026,0.3890452,0.3574372,0.35842896,0.23420349,0.4167931,0.14508802,0.21345396,0.019414386,0.36733484,0.50964624,0.59907264,0.75068974,0.5179396,0.3564491,0.17565121,0.38562712,0.26966193,0.4336252,0.18663429,0.37863225,0.3204932,0.26109952
0.7584361,0.35611174,0.71461713,1.0,-0.16047058,0.25587413,0.83408666,0.8657855,0.22501798,0.23401965,0.5680152,0.6983348,0.46438903,0.7267377,0.7454774,0.6390953,0.28533313,0.70640033,0.728266,0.7401629,0.5969229,0.37962946,0.7670549,0.7877929,0.5156389,0.058704283,0.04255365,0.100304835,0.53197885,0.70256585,0.7008874,0.7003654,0.66225314,0.7829373,0.49710315,0.49254534,0.48868424,0.3194424,0.42231295,0.17595966,0.35636133,0.060320914,0.3974549,0.44052622,0.23197243,0.296125,0.38680327,0.28940967,0.2475129,0.18613207,0.58482623,0.19645879,0.086682215,0.2801155,0.42667672,0.2643923,0.7385472,0.5558991,0.19247179,-0.037418805,0.22140689,0.20941678,0.6299115,0.2651551,0.27004686,0.04223606,0.30382794,0.57761997,0.25694358,0.13881098,0.75799996,0.24647152,0.61667883,0.577018,0.5577018,0.44401908,0.41425687,0.34677917,0.05124738,0.39737383,0.61488163,0.45440757,0.531436,0.3485274,0.6358056,0.38262984,0.21235669,-0.025045676,0.32407314,0.2688793,0.20120409,-0.076702155,-0.05866848,-0.07649372,0.2854269,0.42502302,0.32447836,0.23445894,0.3894054,0.18540813,0.14827114,-0.071370475,0.238299,0.25865936,0.5326989,0.5125521,0.52493316,0.444256,0.2568297,0.36675644,0.33056742,0.47143933,0.122383,0.30289713,0.17516209,0.31843847
-0.1697699,-0.34310463,0.069304705,-0.16047058,1.0,0.4567632,-0.038319513,-0.118349925,0.47303373,0.6989714,-0.12719832,-0.09978535,0.04441561,-0.029568318,0.06391115,0.17482603,0.010049265,-0.17028329,-0.35944402,-0.2545801,0.16934384,0.25335282,0.15832113,0.090568915,0.41986907,0.7738915,0.77245986,0.6957794,0.12053432,0.17259765,0.17564273,0.013902125,-0.12642443,-0.11755125,-0.1546205,-0.033393018,0.26499334,0.34339017,0.23052274,0.38531506,0.28973463,0.33653507,-0.15667753,-0.1484757,0.16614604,-0.10419049,0.059366345,0.18869436,0.016711958,0.23889476,-0.28342885,-0.11008334,-0.052174583,-0.07491693,0.25365812,0.33864483,-0.17482308,-0.04951994,-0.3635555,-0.17371203,-0.55627906,-0.076031655,-0.06588698,-0.17375346,-0.23737156,-0.1955082,-0.18416262,-0.20301214,-0.1846913,-0.21452835,0.06868039,0.3181679,0.18735309,0.2779049,-0.06610041,0.007273127,0.13770622,0.0946986,-0.15355952,0.045845874,-0.037692945,-0.039695483,0.3553216,0.5219242,0.056885913,0.025039554,0.3401099,0.585758,0.43266684,0.34161982,0.14688163,0.08630291,0.12883118,0.08709264,0.2430693,0.20037246,0.30593577,0.31573433,0.19825894,0.28322393,0.091742255,-0.045303773,0.2789836,0.25960386,0.11420694,0.24382985,0.22700904,0.15006177,0.26633677,0.23174827,0.20049645,0.017434375,0.060810693,0.2546076,0.38296986,-0.045417555
0.200277,0.043149468,0.3741973,0.25587413,0.4567632,1.0,0.35108835,0.4094404,0.5794992,0.67339545,0.2026677,0.29132152,0.36434823,0.2919598,0.44651634,0.65175104,0.052671198,0.03711922,0.13712108,0.22876742,0.62485623,0.3239993,0.46950555,0.36659652,0.5965842,0.55445254,0.47441053,0.6322884,0.43773434,0.39980185,0.23614566,0.18866467,0.3095287,0.30400562,0.09723538,0.2769387,0.37875822,0.45134997,0.33069408,0.48467192,0.40876314,0.12493199,-0.023440901,0.08058309,0.16533606,0.022013206,0.016107969,-0.017287921,0.27044258,0.28152364,0.03666597,-0.12624788,-0.12783313,0.14282627,0.27706042,0.30609757,0.24705178,0.300328,-0.0040004672,-0.06589474,-0.17829028,0.03797951,0.32315058,-0.06957693,-0.072067596,-0.18807906,-0.014994531,0.054635722,-0.021567792,0.044665106,0.3407135,0.39209273,0.48826718,0.39805558,0.40808967,0.043594275,0.33183992,0.5042795,-0.022036953,0.00014405798,0.1933529,0.05204056,0.560272,0.4970387,0.33953723,0.14433189,0.3595543,0.25793257,0.46225053,0.27914774,0.33359155,0.02438179,0.11515246,0.14540835,0.06549223,0.2527062,0.16639577,0.16223843,0.26286164,0.2454145,0.2049252,-0.18793885,0.1665482,0.02779603,0.101158395,0.37221712,0.38167655,0.34646684,0.16628723,0.23579013,0.10853072,0.29268163,0.21115248,0.22902234,0.21820144,0.1736949
0.80048025,0.36118487,0.83367616,0.83408666,-0.038319513,0.35108835,1.0,0.81474614,0.34933975,0.28039566,0.67508245,0.63878006,0.63030404,0.61913526,0.71399426,0.7049333,0.3763603,0.56356126,0.70774156,0.72946477,0.70163625,0.40434036,0.8540881,0.85253,0.6402202,0.12177337,0.16740575,0.18132396,0.559206,0.6605826,0.64420956,0.72506386,0.7042938,0.81283104,0.49330574,0.5282499,0.6093784,0.29738316,0.5312133,0.2107541,0.4046309,0.027125755,0.33777723,0.5137438,0.22506891,0.29815888,0.36493647,0.21314088,0.3034462,0.1330138,0.527707,0.17260961,0.084220186,0.16297348,0.46604094,0.24184711,0.8075586,0.49816808,0.28102148,-0.039001547,0.2504522,0.13010536,0.7389629,0.1733956,0.26391158,-0.05351153,0.28142536,0.5312269,0.25323,0.120144784,0.7814806,0.2914159,0.72010267,0.556417,0.6159266,0.5069613,0.49964654,0.4254871,0.23524503,0.25490308,0.6317253,0.3123917,0.5740471,0.32486212,0.7241956,0.24413595,0.29204994,-0.05030353,0.48646864,0.14359434,0.25843176,-0.085036434,0.013444228,-0.08501081,0.31085768,0.43289912,0.32124734,0.20702633,0.38480127,0.17745486,0.22202255,-0.0989667,0.26298958,0.30330393,0.52021664,0.6012435,0.5459958,0.4567167,0.18713503,0.38242203,0.26977453,0.4510481,0.17411022,0.3077579,0.17436354,0.32182753
0.70708114,0.33837658,0.68070656,0.8657855,-0.118349925,0.4094404,0.81474614,1.0,0.29962933,0.3311528,0.58416647,0.74666893,0.5383927,0.7636007,0.7447666,0.69806206,0.29624903,0.66846406,0.6699192,0.7123546,0.67824554,0.3986547,0.78915435,0.7513391,0.5586834,0.10444444,0.10004324,0.15917592,0.613701,0.7012038,0.6292436,0.64173114,0.6608151,0.75702554,0.4800314,0.5636185,0.5153708,0.36648002,0.43282384,0.27331892,0.38870627,0.097052865,0.25897747,0.4067257,0.2536069,0.31360006,0.25262097,0.23737171,0.32509243,0.25023368,0.5349715,0.15246712,0.022854172,0.2955486,0.38489783,0.3205497,0.7085741,0.576977,0.24559233,-0.011933069,0.16645597,0.22991927,0.6070484,0.2037633,0.21488321,-0.037470963,0.29851365,0.48584518,0.20133784,0.13015878,0.73366714,0.25445995,0.6658359,0.5859381,0.62330234,0.4409122,0.43458346,0.45195937,0.031813085,0.37966788,0.6134,0.4584697,0.5658605,0.3688032,0.606099,0.39171582,0.2715359,0.024064671,0.3446496,0.31209108,0.20211169,-0.071295984,-0.058339957,0.005128778,0.18567567,0.43032822,0.24713229,0.21155009,0.31803846,0.20595306,0.21234374,-0.10975426,0.2009768,0.16403961,0.47608882,0.48659092,0.50110507,0.45968625,0.2099602,0.32450387,0.26545864,0.4314949,0.09589756,0.25578016,0.11697096,0.3364941
0.17690139,-0.10067646,0.3689246,0.22501798,0.47303373,0.5794992,0.34933975,0.29962933,1.0,0.5718126,0.23219618,0.14647433,0.45780548,0.20861956,0.44286108,0.4612419,0.22958529,0.15054992,0.032814983,0.050423615,0.35481572,0.32645026,0.42048055,0.4251328,0.50367975,0.4703466,0.51307106,0.5111206,0.4370632,0.40969652,0.34420767,0.3788146,0.2731891,0.2834438,0.13854477,0.33093607,0.4034862,0.3703438,0.2768954,0.34975323,0.30289283,0.3399424,-0.004220836,0.09519813,0.08121546,0.010156869,0.11042997,0.06397446,0.09960522,0.21512595,-0.006449888,-0.020693084,-0.019143073,0.06574155,0.25243083,0.21814816,0.1929654,0.09378391,-0.07777009,-0.05203365,-0.19302872,-0.061454795,0.15617283,-0.116455734,0.025943462,0.039235182,-0.052872367,0.113899894,0.03861633,0.020612568,0.33786398,0.55647737,0.3836492,0.4180102,0.1998757,0.24692497,0.38025725,0.30788258,0.18241979,0.096609846,0.27009377,0.12264045,0.4471639,0.49436677,0.44466057,0.21013214,0.36670834,0.35088754,0.46151644,0.30222034,0.14989479,0.0535819,0.07943657,0.14234377,0.1183765,0.23036878,0.17714104,0.23394117,0.19821195,0.19564345,0.14570965,-0.08392688,0.1571603,0.17977415,0.08805947,0.32112718,0.24105074,0.3144459,0.34173724,0.202958,0.13420798,0.12765788,0.15996373,0.22504814,0.27396375,0.08868671
0.15473464,-0.22456063,0.2771081,0.23401965,0.6989714,0.67339545,0.28039566,0.3311528,0.5718126,1.0,0.15146202,0.26544514,0.26576295,0.407259,0.435639,0.5498375,0.21168327,0.21526392,-0.032316066,0.08112127,0.46501276,0.45614487,0.4606141,0.3569796,0.5676361,0.749264,0.68009216,0.67353356,0.4357777,0.54118675,0.4345032,0.22932692,0.27679193,0.29470775,0.118698336,0.21461232,0.391985,0.6328566,0.38543993,0.5803732,0.60419947,0.3818065,-0.092922166,-0.09277909,0.23845266,-0.0473428,0.046828203,0.27885634,0.15941529,0.3210574,-0.07099199,0.0031703135,-0.054887787,0.105271645,0.3707777,0.5892996,0.10998211,0.12938297,-0.25450075,-0.17111813,-0.44679582,0.01601103,0.13244781,-0.036540765,-0.21348865,-0.1270524,-0.07017968,-0.036930975,-0.1565098,-0.18026252,0.45258856,0.5029467,0.50153697,0.5943263,0.17681652,0.12657754,0.36262494,0.412785,-0.103523284,0.31990427,0.25627145,0.25636622,0.6047842,0.7667924,0.36960164,0.30991223,0.37369683,0.6373996,0.5297844,0.5591447,0.12599796,-0.04825221,-0.039215554,0.17431313,0.2603253,0.39062443,0.36725503,0.41949937,0.30531317,0.46216995,0.22169273,-0.2898263,0.3188545,0.22465283,0.21571834,0.4100274,0.48104733,0.40503556,0.43547478,0.42760903,0.28528088,0.23361541,0.035034787,0.40669632,0.4667478,0.09273019
0.65949225,0.11897054,0.54240084,0.5680152,-0.12719832,0.2026677,0.67508245,0.58416647,0.23219618,0.15146202,1.0,0.43407348,0.7770008,0.4051401,0.5379528,0.443996,0.70709014,0.53091276,0.47005984,0.4912382,0.5013402,0.4436206,0.5610985,0.5152409,0.3126754,-0.055796534,-0.020848555,-0.000110281326,0.6136785,0.5644717,0.49397856,0.47415048,0.6602952,0.707385,0.57615894,0.6376851,0.40147325,0.30609587,0.34189668,0.17680006,0.38381022,0.13027714,0.20706199,0.2836091,0.13763212,0.16986519,0.15868571,0.24221592,0.13526985,0.03949793,0.36573184,0.15618916,0.13737999,0.0031637477,0.4108561,0.3748034,0.7063711,0.23611103,0.22696932,-0.016295867,0.23826894,0.12246437,0.5102346,0.09258873,0.28069228,-0.19196783,0.42045227,0.28005037,0.2390709,0.0015625601,0.63700205,0.23433913,0.6601376,0.5078207,0.47308266,0.47542763,0.35317358,0.3622932,0.5335427,0.41605344,0.7518565,0.17514645,0.4226529,0.08506881,0.5324354,-0.045840956,0.14942901,-0.17752486,0.33646265,-0.035821963,0.15785387,-0.2672173,-0.11815474,-0.14680724,0.21269841,0.41841868,0.22796158,0.22042644,0.25332898,0.2128968,0.36343914,-0.16430415,0.19923002,0.093742155,0.4884215,0.38587457,0.46783593,0.56086487,0.18677852,0.3369604,0.24041304,0.2743971,-0.07185074,0.20470445,0.06347784,0.47264346
0.49671385,0.4295892,0.48178992,0.6983348,-0.09978535,0.29132152,0.63878006,0.74666893,0.14647433,0.26544514,0.43407348,1.0,0.3582586,0.76218903,0.6552536,0.67816496,0.21373707,0.63756657,0.5500915,0.6021233,0.6316752,0.32313618,0.61257046,0.53495246,0.4931561,0.09090591,0.011611021,0.19035341,0.5840707,0.6856384,0.40324405,0.3591255,0.58293194,0.59927875,0.4448294,0.5269502,0.48359427,0.30562326,0.38163352,0.4226559,0.31171283,0.23929086,0.23535238,0.27065724,0.12360533,0.22887744,0.2533243,0.2078895,0.37355012,0.17169751,0.41282913,0.17299964,-0.08324482,0.28824458,0.40178657,0.35253465,0.5091494,0.50156236,0.2040012,0.065876335,0.09010239,0.24627398,0.5319472,0.33078456,0.15421139,-0.046002813,0.28150806,0.4278814,0.18365894,0.10360045,0.5375143,0.29439318,0.58037895,0.55998695,0.6692626,0.31346107,0.30295128,0.53117836,0.0021677879,0.3258622,0.45382482,0.5782836,0.6083479,0.38080105,0.3874082,0.44252038,0.45796996,0.13538188,0.30881435,0.27906471,0.29616848,0.17999412,0.12841645,0.03635814,0.17571987,0.4492183,0.27322832,0.27214432,0.34715974,0.3145295,0.2339893,-0.037233166,0.18247296,0.10427406,0.29035392,0.369477,0.46680522,0.5185165,0.22818375,0.31255174,0.26622513,0.3583383,0.16910297,0.19914775,-0.0022590568,0.35160637
0.51998544,0.12579925,0.5643792,0.46438903,0.04441561,0.36434823,0.63030404,0.5383927,0.45780548,0.26576295,0.7770008,0.3582586,1.0,0.35707206,0.53351575,0.45801327,0.6554613,0.41559348,0.30914688,0.30160943,0.44705895,0.5194133,0.54090154,0.5205511,0.39789352,0.07528053,0.1525467,0.12517135,0.62512934,0.5114427,0.49430615,0.46602508,0.58870757,0.59172523,0.40353465,0.62149453,0.4644637,0.2993861,0.34658313,0.1869927,0.35383925,0.24651037,0.07545853,0.23501435,0.12308318,0.07150795,0.092158414,-4.383824e-05,0.06817311,0.14964315,0.114418745,0.0071194284,0.016789634,-0.086624995,0.26510748,0.1780791,0.5814314,0.16370483,0.13479203,-0.11616703,0.051363073,-0.051297106,0.41384768,-0.042644836,0.2051074,-0.14327101,0.26602128,0.22278942,0.09360409,0.017829606,0.5575827,0.36747643,0.615598,0.5046274,0.41611093,0.51719445,0.41674778,0.35917515,0.5865042,0.258168,0.7248098,0.13169806,0.44176036,0.15886174,0.58122176,-0.018828318,0.25262222,-0.02884157,0.36801642,0.009285929,0.036624324,-0.14339167,-0.03735035,-0.042918935,0.15704738,0.35404274,0.1276124,0.22244817,0.12614723,0.06290622,0.29748228,-0.049212776,0.18686089,0.21345367,0.41990602,0.4815157,0.3724148,0.5558169,0.24142614,0.2256538,0.09824737,0.06328595,-0.087326966,0.19999075,0.13935557,0.41541132
0.4890652,0.21765424,0.46001965,0.7267377,-0.029568318,0.2919598,0.61913526,0.7636007,0.20861956,0.407259,0.4051401,0.76218903,0.35707206,1.0,0.66930974,0.6089645,0.24671376,0.70621336,0.47287777,0.54186743,0.511661,0.33508685,0.6440418,0.5403083,0.43418586,0.15841575,0.095295556,0.20648654,0.54202366,0.7157763,0.6223692,0.46206796,0.5828985,0.62742496,0.36490527,0.48047027,0.37461784,0.3896589,0.252192,0.28230312,0.37542084,0.21798225,0.22972845,0.25368732,0.16023448,0.20937006,0.2236953,0.28370658,0.28445247,0.23310287,0.36129016,0.13304226,0.018236583,0.32110298,0.35020193,0.37478372,0.46456784,0.49148214,0.100021765,-0.060215097,-0.00023439378,0.17977674,0.4153708,0.35239384,0.12776056,-0.014700004,0.16727038,0.4351085,0.14019679,-0.03706868,0.61081874,0.3144199,0.5534619,0.5872083,0.4875917,0.35054,0.21018817,0.49090958,-0.04978647,0.41958162,0.5130236,0.7125866,0.5281121,0.45621356,0.4676817,0.6121831,0.33881268,0.21152791,0.2254222,0.5620664,0.12639157,0.06578037,-0.085236035,0.028078176,0.1761996,0.42325953,0.31689876,0.2964865,0.3329307,0.25472948,0.08215813,-0.07512008,0.17371836,0.1414333,0.3473296,0.36231616,0.44463825,0.4240071,0.39627293,0.32207412,0.26316264,0.36011994,0.08926504,0.19272141,0.10058968,0.2175292
0.58396465,0.3012315,0.61234313,0.7454774,0.06391115,0.44651634,0.71399426,0.7447666,0.44286108,0.435639,0.5379528,0.6552536,0.53351575,0.66930974,1.0,0.706908,0.3876908,0.61607385,0.50641835,0.51985353,0.68452436,0.5591051,0.654086,0.6693419,0.5918176,0.23977014,0.18677193,0.32148695,0.75795484,0.7375745,0.61610395,0.53711224,0.66209865,0.68222404,0.5381228,0.61815405,0.6372746,0.4937519,0.5672172,0.48801848,0.4789617,0.3773628,0.25724488,0.28959846,0.29872292,0.12680274,0.41072336,0.27546984,0.25064442,0.17567447,0.3880728,0.087592974,-0.05758392,0.21250524,0.5683805,0.38499045,0.5784359,0.41374174,0.057553664,-0.029634103,-0.023680013,0.059972536,0.51893556,0.21166658,0.08979252,-0.04077649,0.29225153,0.4609975,0.12057211,0.11019308,0.6714801,0.50627756,0.6960988,0.74004865,0.614191,0.4023297,0.52038616,0.49262822,0.16548076,0.34869713,0.5883346,0.4837991,0.7566047,0.5308123,0.5517749,0.3972271,0.56167984,0.2897363,0.47402766,0.33695546,0.35820016,0.1456318,0.14055786,0.13372155,0.37801448,0.60231304,0.44955072,0.47244227,0.5314209,0.42545924,0.26669708,-0.010172544,0.419056,0.30749583,0.45508957,0.53751373,0.651782,0.6004937,0.41101432,0.5042313,0.4468468,0.49275297,0.25918862,0.48576796,0.34403268,0.47147292
0.58547336,0.2946401,0.6351837,0.6390953,0.17482603,0.65175104,0.7049333,0.69806206,0.4612419,0.5498375,0.443996,0.67816496,0.45801327,0.6089645,0.706908,1.0,0.25650752,0.41607547,0.5243044,0.57479006,0.7844421,0.38769376,0.70969844,0.6343495,0.6445163,0.29936498,0.25959617,0.4035291,0.5899886,0.7146307,0.4508062,0.43254802,0.68094844,0.696355,0.42473242,0.50657415,0.54309875,0.5291212,0.506458,0.50708884,0.59295946,0.16823545,0.19504349,0.26465702,0.21076128,0.018138029,0.24771447,0.13036199,0.4038084,0.12953494,0.32803747,0.053982604,-0.13272855,0.21148442,0.50415725,0.4025295,0.59053284,0.43474126,0.114276685,-0.06081935,0.06376909,0.07632157,0.619602,0.10241402,0.076420926,-0.04734117,0.10514731,0.30588844,0.12002469,0.0865572,0.65246063,0.50860846,0.73613924,0.6405179,0.6020259,0.2663925,0.49952897,0.67244893,0.1036144,0.14060207,0.45853385,0.26677692,0.7470874,0.60488015,0.605958,0.3069749,0.4341309,0.16109452,0.56160307,0.28286612,0.36938652,-0.018966818,0.08557554,0.097140625,0.2901102,0.47378263,0.39165038,0.3115589,0.46801475,0.38788822,0.22958156,-0.19780731,0.27321005,0.18755895,0.26110768,0.56736445,0.5995582,0.53847855,0.24631564,0.47602144,0.28808373,0.4522357,0.21462394,0.35840833,0.2594886,0.29974455
0.45741647,-0.1532806,0.27487096,0.28533313,0.010049265,0.052671198,0.3763603,0.29624903,0.22958529,0.21168327,0.70709014,0.21373707,0.6554613,0.24671376,0.3876908,0.25650752,1.0,0.43700185,0.12989832,0.11524682,0.2193455,0.53972965,0.24785388,0.24766913,0.12755096,0.011445131,0.028439997,-0.059550107,0.59138554,0.53359485,0.45763254,0.3217987,0.559454,0.50269824,0.5438236,0.6160583,0.3508133,0.4861274,0.31960255,0.24138384,0.49495554,0.3206642,-0.031868614,-0.07674775,0.20676897,-0.14986633,0.09805863,0.18428724,-0.07855514,-0.018354617,0.00675111,0.06467049,-0.045657698,-0.11789021,0.3903173,0.41525587,0.47484946,-0.042326074,-0.036122862,-0.15559745,-0.0926997,-0.08774932,0.19469233,-0.05753081,0.05396119,-0.20834269,0.24161804,0.001973029,0.0067231855,-0.0632731,0.5114564,0.36443815,0.5577634,0.5894175,0.1493106,0.39108154,0.4016514,0.35021406,0.6771646,0.4020827,0.7136975,0.14040874,0.34917492,0.18477635,0.397259,-0.10564288,0.21657725,0.042144306,0.32065547,0.024847753,-0.061674546,-0.30891716,-0.2057042,-0.029716317,0.280637,0.4908529,0.32139215,0.44090506,0.23365498,0.24487829,0.3277425,-0.10273108,0.29237008,0.2126425,0.39681143,0.36072162,0.44940972,0.56691587,0.32298386,0.41322064,0.33154795,0.077434324,-0.31441227,0.30249476,0.28303355,0.4787724
0.5384448,0.15679453,0.3749429,0.70640033,-0.17028329,0.03711922,0.56356126,0.66846406,0.15054992,0.21526392,0.53091276,0.63756657,0.41559348,0.70621336,0.61607385,0.41607547,0.43700185,1.0,0.45904142,0.4496779,0.3413386,0.4024798,0.4802372,0.4694232,0.27167174,0.030346666,-0.035040274,-0.025026327,0.55022204,0.73154604,0.61523056,0.5400787,0.59562445,0.6353788,0.6269559,0.57078314,0.30987158,0.40234363,0.22417161,0.23986776,0.32420158,0.28284195,0.30307594,0.21298718,0.2819027,0.21272804,0.272413,0.44447213,0.12663774,0.12253929,0.3999352,0.22221433,0.08906086,0.28725624,0.4016547,0.49092504,0.5337885,0.34851632,0.13888264,-0.06488247,0.09964072,0.19166665,0.3373135,0.2951114,0.26305297,0.14400037,0.44317707,0.43489325,0.09184777,0.03230426,0.60545015,0.29147178,0.48112455,0.6024648,0.38933045,0.41956624,0.24552673,0.29987434,0.15885925,0.68260247,0.6633584,0.61511934,0.42364985,0.31597376,0.43160012,0.42002794,0.20314606,0.12059376,0.25549728,0.31989446,0.12947957,0.01784048,-0.055190522,-0.122582905,0.2417404,0.4506869,0.29287854,0.36161628,0.27904654,0.32483494,0.24739558,-0.018719105,0.19576165,0.11914298,0.37205696,0.2552469,0.42327505,0.55914885,0.3925752,0.35302693,0.3577197,0.26687765,0.0031462738,0.18177062,0.060166266,0.37279359
0.74649537,0.6026916,0.6544688,0.728266,-0.35944402,0.13712108,0.70774156,0.6699192,0.032814983,-0.032316066,0.47005984,0.5500915,0.30914688,0.47287777,0.50641835,0.5243044,0.12989832,0.45904142,1.0,0.8361608,0.47311714,0.16756783,0.58174044,0.62845594,0.35825285,-0.1984161,-0.141711,-0.057315852,0.29414305,0.40923432,0.41139543,0.5508646,0.5091293,0.61344117,0.4365861,0.3423555,0.30370718,0.038815223,0.32181805,-0.03933912,0.18267053,-0.17615287,0.46379736,0.4765648,0.11868602,0.25552645,0.35267714,0.14548898,0.23338932,-0.04054016,0.60347044,0.25566503,0.09727683,0.27988476,0.2793528,0.08088879,0.71653765,0.5405262,0.44464746,0.10310268,0.5160415,0.22541767,0.6270841,0.2828924,0.3947741,0.11838352,0.39914823,0.59768003,0.43032125,0.29624453,0.5601235,0.0006360905,0.40840843,0.26047885,0.4960447,0.19967817,0.33860144,0.20678943,0.11704882,0.14020942,0.40991554,0.2758994,0.328191,0.07340874,0.5123238,0.24229558,0.01357838,-0.3399251,0.11059626,-0.011247421,0.21621574,-0.12798272,-0.063144565,-0.110425964,0.24226508,0.25437775,0.19763345,0.059389405,0.30467528,0.06885608,0.066277236,-0.06284586,0.11792853,0.1736555,0.37832275,0.40871677,0.36874625,0.21636583,0.011500636,0.28136805,0.16373366,0.45892647,0.19743632,0.21088958,0.028735612,0.2395084
0.7338492,0.4976158,0.62006956,0.7401629,-0.2545801,0.22876742,0.72946477,0.7123546,0.050423615,0.08112127,0.4912382,0.6021233,0.30160943,0.54186743,0.51985353,0.57479006,0.11524682,0.4496779,0.8361608,1.0,0.5733273,0.17031717,0.6502272,0.6385769,0.38861346,-0.10666771,-0.09551403,0.024010263,0.31908834,0.46912998,0.43805683,0.4851496,0.5057216,0.64509326,0.4057044,0.31379473,0.3179275,0.06649384,0.30373716,0.05829529,0.20989616,-0.19131681,0.40287864,0.45809108,0.014407641,0.33869722,0.27068833,0.18376553,0.33341458,0.04536185,0.6078016,0.2060472,0.098033085,0.22914258,0.30518222,0.2019222,0.73428047,0.59130573,0.43908858,0.14365724,0.47346303,0.3519992,0.65660155,0.29324016,0.29257214,0.014630504,0.34142998,0.54742336,0.3987636,0.22886924,0.5754165,-0.0055981255,0.48349336,0.29438674,0.5540935,0.2235591,0.24701644,0.27493784,0.02813729,0.17507076,0.42265138,0.27900246,0.39453065,0.14127015,0.4629217,0.25180802,0.08232061,-0.26368183,0.1556236,0.07679491,0.25277263,-0.11297111,-0.05584282,-0.122581415,0.16713782,0.25267246,0.19832355,0.031980395,0.30067635,0.14410871,0.070315376,-0.12945487,0.12256367,0.07510699,0.3626048,0.36654016,0.39729688,0.24902454,0.028251661,0.27435192,0.14956294,0.47982875,0.1965808,0.2082356,0.0017217682,0.23770508
0.54884624,0.25471753,0.6251279,0.5969229,0.16934384,0.62485623,0.70163625,0.67824554,0.35481572,0.46501276,0.5013402,0.6316752,0.44705895,0.511661,0.68452436,0.7844421,0.2193455,0.3413386,0.47311714,0.5733273,1.0,0.4648684,0.715899,0.62911546,0.69645095,0.34412175,0.27408925,0.46463367,0.6222698,0.6023451,0.3777838,0.38321245,0.6024649,0.62632203,0.4272832,0.4793161,0.65579367,0.42158026,0.617582,0.5545497,0.4481973,0.13700707,0.0828298,0.28234306,0.18060207,0.14182715,0.26254362,0.14066121,0.45568946,0.20447381,0.33621064,-0.005807597,-0.13994758,0.19514328,0.52066326,0.4136031,0.58703727,0.4283213,0.16744931,0.007441783,0.012281388,0.09564131,0.6779075,0.093501866,0.049335133,-0.18583697,0.18565473,0.2580593,0.08873382,0.07223658,0.59149104,0.31571314,0.7574678,0.56522703,0.7341954,0.28060222,0.48492894,0.60020053,0.033788815,0.14871527,0.4005036,0.19631998,0.73551875,0.45639157,0.4391113,0.1436409,0.5262537,0.15084605,0.56888103,0.15571246,0.471438,0.071657985,0.20789783,0.080180444,0.26154175,0.45819107,0.35637933,0.2682532,0.45275924,0.4142513,0.35033852,-0.102813214,0.3434487,0.16292936,0.37239447,0.50901455,0.59677476,0.4605053,0.092494525,0.4007093,0.3069423,0.4781129,0.2493608,0.38229448,0.19873956,0.36301923
0.39047605,-0.035540152,0.42199698,0.37962946,0.25335282,0.3239993,0.40434036,0.3986547,0.32645026,0.45614487,0.4436206,0.32313618,0.5194133,0.33508685,0.5591051,0.38769376,0.53972965,0.4024798,0.16756783,0.17031717,0.4648684,1.0,0.37352237,0.38836354,0.4722632,0.3311976,0.37514958,0.3340102,0.55001503,0.5257276,0.5580442,0.33398488,0.39095616,0.35917422,0.39614484,0.46703157,0.6046955,0.48381615,0.6405669,0.43244442,0.44276696,0.45834795,-0.065383844,-0.08038886,0.3375132,-0.16846344,0.33255792,0.20041229,-0.032884482,0.18219386,-0.031441253,0.00020470221,-0.3198067,-0.0766513,0.5357041,0.4096283,0.36650762,0.096542045,-0.12115923,-0.12845644,-0.33724487,-0.13185479,0.2174141,-0.005476859,-0.012877311,-0.07535648,0.18551618,0.10122934,-0.0647286,0.03440946,0.54599285,0.20884514,0.5837903,0.6178733,0.29816273,0.25449505,0.52019244,0.21106449,0.2250541,0.3863484,0.5519855,0.20044814,0.56843746,0.37647584,0.31404275,-0.062252983,0.49690038,0.31071398,0.41724053,0.14353408,0.08403183,-0.045382235,0.02832735,0.13974844,0.49769422,0.6173599,0.5167982,0.6292146,0.40425605,0.38025272,0.38588524,0.13279568,0.57601863,0.45799798,0.5905503,0.55760974,0.55182284,0.6263753,0.40639517,0.5342657,0.52457917,0.17219426,-0.13479428,0.5831283,0.5305089,0.5467622
0.6501883,0.22538844,0.81678796,0.7670549,0.15832113,0.46950555,0.8540881,0.78915435,0.42048055,0.4606141,0.5610985,0.61257046,0.54090154,0.6440418,0.654086,0.70969844,0.24785388,0.4802372,0.58174044,0.6502272,0.715899,0.37352237,1.0,0.8606956,0.74048495,0.30815688,0.3878855,0.35246024,0.4924639,0.6155888,0.6363979,0.6671263,0.5739654,0.715735,0.29997286,0.39211845,0.58446306,0.2964805,0.4974841,0.24709475,0.38568807,0.030319883,0.2358991,0.5001719,0.18346453,0.3681912,0.27827084,0.2381231,0.29365355,0.25554287,0.47520766,0.08972663,0.09267501,0.21598546,0.40554023,0.28427327,0.66565454,0.5014583,0.16305248,-0.044627592,0.102579705,0.17436205,0.6634108,0.13821854,0.22685567,-0.09004543,0.15429921,0.46731517,0.18341014,0.047959514,0.7568734,0.25695443,0.66565955,0.5392317,0.588411,0.44509578,0.43017372,0.3796413,0.030292073,0.2663126,0.48745912,0.3392081,0.544328,0.41688162,0.6772997,0.3308725,0.2937661,0.101268075,0.5082453,0.2733303,0.24785635,-0.0764485,-0.01129541,-0.02764323,0.2307364,0.34835204,0.27234152,0.14705849,0.31292638,0.18579035,0.1869864,-0.12348059,0.2275402,0.27733934,0.49516553,0.5806269,0.48971143,0.3919986,0.19453843,0.31428668,0.19483578,0.41536167,0.17442524,0.26522067,0.18396746,0.22101168
0.6914845,0.30800113,0.85171294,0.7877929,0.090568915,0.36659652,0.85253,0.7513391,0.4251328,0.3569796,0.5152409,0.53495246,0.5205511,0.5403083,0.6693419,0.6343495,0.24766913,0.4694232,0.62845594,0.6385769,0.62911546,0.38836354,0.8606956,1.0,0.70924866,0.227181,0.3466294,0.25433138,0.45571086,0.5629265,0.64107203,0.73863846,0.5556134,0.6920898,0.35899925,0.36889392,0.61596704,0.26249292,0.57367694,0.20638694,0.31855324,0.078557156,0.33045483,0.52046895,0.20467608,0.33855975,0.41868484,0.24814679,0.21082349,0.17238973,0.5165924,0.13317564,0.098334946,0.17703626,0.43754476,0.17963395,0.69430435,0.46940994,0.17369542,0.0057378123,0.11050057,0.103503704,0.6240266,0.16595526,0.27678245,0.024719544,0.22952609,0.5599284,0.19398057,0.13135144,0.74506223,0.28360003,0.60243535,0.53442776,0.51150477,0.45845574,0.53761685,0.26792866,0.082584344,0.21943347,0.48666885,0.2687461,0.5280514,0.39996034,0.7132746,0.28991574,0.28886023,0.09033047,0.51407886,0.18727604,0.24381255,-0.0774216,0.014358228,-0.040683877,0.3655453,0.37720445,0.33414203,0.21466278,0.38341027,0.14097486,0.1343791,-0.033161335,0.28639942,0.4274688,0.5301735,0.65292364,0.50240266,0.37442997,0.25990266,0.39042422,0.2782029,0.4342151,0.20209196,0.3608948,0.26865545,0.24388449
0.4149383,0.230181,0.6956999,0.5156389,0.41986907,0.5965842,0.6402202,0.5586834,0.50367975,0.5676361,0.3126754,0.4931561,0.39789352,0.43418586,0.5918176,0.6445163,0.12755096,0.27167174,0.35825285,0.38861346,0.69645095,0.4722632,0.74048495,0.70924866,1.0,0.58218527,0.60500723,0.5992851,0.49166068,0.5135498,0.45175537,0.48814496,0.4079093,0.47241154,0.24599934,0.33132458,0.71322644,0.34706834,0.6458654,0.44440284,0.33752245,0.19861484,0.10331487,0.3210555,0.2380701,0.19482073,0.32391873,0.17756131,0.25972602,0.16281837,0.25705984,0.016874952,-0.06982974,0.1697708,0.46519014,0.27601212,0.4465391,0.3724056,0.05002446,-0.004549118,-0.12329304,0.0954524,0.5289054,0.10832839,0.0678212,-0.1506064,0.051590223,0.33779708,0.09682198,0.06438579,0.5669859,0.3239021,0.6014116,0.5552337,0.5882709,0.2988278,0.5117303,0.38893265,-0.011169398,0.10331476,0.2880072,0.21163668,0.63395375,0.5039448,0.48085642,0.22813307,0.5068071,0.30759618,0.61367506,0.23473273,0.4153235,0.1809077,0.2600861,0.10289352,0.35606354,0.39188367,0.35071942,0.28997543,0.42169288,0.34626508,0.27749223,0.10847949,0.43782535,0.47176942,0.48150042,0.64189214,0.50670063,0.35802507,0.26305515,0.3761202,0.26239783,0.40539023,0.33931202,0.4413678,0.3657414,0.2971607
-0.069833174,-0.25301576,0.13915254,0.058704283,0.7738915,0.55445254,0.12177337,0.10444444,0.4703466,0.749264,-0.055796534,0.09090591,0.07528053,0.15841575,0.23977014,0.29936498,0.011445131,0.030346666,-0.1984161,-0.10666771,0.34412175,0.3311976,0.30815688,0.227181,0.58218527,1.0,0.72849554,0.71746886,0.26975483,0.31722963,0.2835959,0.1272218,0.026464267,0.049761955,-0.072668046,0.031288937,0.3655821,0.4096193,0.31924972,0.49782193,0.33039132,0.29960904,-0.16357206,-0.1255233,0.19302884,-0.049774982,0.055948608,0.19669431,0.08403606,0.30034402,-0.17082168,-0.12217534,-0.089737915,0.048840556,0.2977158,0.40584874,-0.05618394,0.016118223,-0.30287424,-0.14436589,-0.48302233,0.056440745,0.029814972,-0.056900524,-0.3314041,-0.19924897,-0.19891149,-0.119357504,-0.18342496,-0.15365788,0.20186813,0.3619318,0.30584034,0.41161793,0.16230637,0.0104391035,0.2068894,0.23439506,-0.21513496,0.16691159,0.030080315,0.10832822,0.44061285,0.5544014,0.07555204,0.17241523,0.369055,0.62356895,0.4339005,0.38708982,0.20955716,0.16065505,0.15447557,0.13027684,0.210301,0.27774763,0.2856656,0.32032654,0.24948736,0.3612549,0.16653156,-0.03742844,0.308714,0.23211008,0.174505,0.261522,0.32053566,0.23485388,0.3035784,0.26124775,0.2456449,0.15171045,0.15187658,0.32473558,0.3638915,0.056899842
-0.021574501,-0.20106933,0.33365923,0.04255365,0.77245986,0.47441053,0.16740575,0.10004324,0.51307106,0.68009216,-0.020848555,0.011611021,0.1525467,0.095295556,0.18677193,0.25959617,0.028439997,-0.035040274,-0.141711,-0.09551403,0.27408925,0.37514958,0.3878855,0.3466294,0.60500723,0.72849554,1.0,0.6536029,0.13532679,0.19568735,0.2809502,0.2263089,-0.067034826,-0.004299412,-0.06390026,0.015532024,0.44410488,0.30035627,0.4068553,0.35175535,0.25293857,0.26079315,-0.14038363,0.0066052563,0.23288567,0.05437034,0.15068479,0.23836032,0.03721739,0.2190773,-0.13020475,-0.110018775,-0.122898966,0.03724854,0.29309243,0.29126787,-0.014470222,0.045639105,-0.29962224,-0.12408417,-0.43528196,-0.10635311,0.033107266,-0.086002074,-0.1457612,-0.09912972,-0.15585679,-0.01074605,-0.13545057,-0.07812329,0.22745852,0.19098943,0.2222356,0.3129438,0.06470381,0.015227183,0.3194349,0.012653899,-0.15034899,0.09160585,0.043244805,0.026927842,0.38366082,0.48257405,0.20840234,0.08893394,0.33566526,0.50515705,0.4838372,0.29331484,0.16037199,0.030457303,0.0886578,0.22968917,0.25164622,0.20198734,0.28794888,0.32228416,0.23310426,0.26814488,0.18230443,0.034289133,0.36250058,0.423779,0.30765605,0.43014744,0.24473931,0.20372541,0.2929753,0.26038963,0.23641893,0.13852449,0.07391236,0.3485873,0.43616295,0.09909734
-0.04756725,-0.10826506,0.20936586,0.100304835,0.6957794,0.6322884,0.18132396,0.15917592,0.5111206,0.67353356,-0.000110281326,0.19035341,0.12517135,0.20648654,0.32148695,0.4035291,-0.059550107,-0.025026327,-0.057315852,0.024010263,0.46463367,0.3340102,0.35246024,0.25433138,0.5992851,0.71746886,0.6536029,1.0,0.30340046,0.27188104,0.20792408,0.03366468,0.041228533,0.059424143,-0.034838766,0.13364473,0.42307964,0.31035623,0.2811691,0.4575361,0.26706493,0.30117697,-0.0322599,0.033612847,0.09481769,0.0091978945,0.0949563,0.101971544,0.18799315,0.30385104,-0.06110622,-0.07247054,-0.14276557,0.16422619,0.27094385,0.31263882,-0.015664224,0.12778986,-0.24870889,-0.012280539,-0.35281822,0.020226201,0.15801074,0.004205286,-0.19539833,-0.16206475,-0.11298497,0.02691484,-0.042552147,-0.10169909,0.1573222,0.28397316,0.30969927,0.31921938,0.3508251,0.02998078,0.19051483,0.25771978,-0.14957015,0.058613718,0.041058782,0.16893886,0.5205134,0.49112839,0.10667155,0.19175044,0.50619555,0.4605407,0.36457485,0.34391353,0.3186575,0.2542374,0.23978172,0.1722074,0.10102608,0.22864048,0.21293962,0.23610833,0.26417828,0.33438116,0.21567899,0.04352751,0.29083255,0.18549038,0.19261813,0.26340994,0.25892928,0.19640644,0.17784624,0.16866669,0.11788535,0.19111717,0.2519,0.27535203,0.27332693,0.13669643
0.4721285,0.12692389,0.40432906,0.53197885,0.12053432,0.43773434,0.559206,0.613701,0.4370632,0.4357777,0.6136785,0.5840707,0.62512934,0.54202366,0.75795484,0.5899886,0.59138554,0.55022204,0.29414305,0.31908834,0.6222698,0.55001503,0.4924639,0.45571086,0.49166068,0.26975483,0.13532679,0.30340046,1.0,0.7212283,0.44993228,0.3718855,0.6781125,0.61511034,0.58350444,0.76898104,0.62675196,0.59483165,0.5051692,0.6158679,0.4975649,0.47052878,0.027879646,0.06749982,0.25124207,0.020066459,0.20057008,0.18877153,0.29218322,0.18639359,0.16925004,0.06398789,-0.13569966,0.11893457,0.5106838,0.49050364,0.48729312,0.27300844,-0.00027985577,-0.040279362,-0.12281307,0.08661933,0.38851038,0.08681697,0.04787253,-0.21649562,0.2795725,0.20375325,-0.004759812,-0.022524027,0.5459593,0.59093255,0.7537432,0.75694203,0.60833067,0.47610828,0.5299505,0.6650662,0.34834322,0.32887456,0.6047458,0.35880774,0.6934239,0.4762138,0.417059,0.21611883,0.5905073,0.3173502,0.47250143,0.2691117,0.33293113,0.12417885,0.10624905,0.16243832,0.27078918,0.6131578,0.3627958,0.489233,0.42830318,0.4438987,0.35980844,-0.06175911,0.33771953,0.188196,0.35392237,0.4167074,0.60405713,0.59910077,0.34269232,0.43726626,0.398102,0.36852455,0.09066268,0.4075993,0.24182239,0.5369361
0.61859816,0.04275287,0.52090347,0.70256585,0.17259765,0.39980185,0.6605826,0.7012038,0.40969652,0.54118675,0.5644717,0.6856384,0.5114427,0.7157763,0.7375745,0.7146307,0.53359485,0.73154604,0.40923432,0.46912998,0.6023451,0.5257276,0.6155888,0.5629265,0.5135498,0.31722963,0.19568735,0.27188104,0.7212283,1.0,0.67515826,0.56015146,0.7558601,0.73911506,0.6066883,0.65914756,0.52500725,0.6910835,0.45216224,0.5270916,0.6196203,0.37137607,0.17285785,0.09264591,0.32194713,0.02259912,0.30546558,0.36640102,0.23948807,0.15290333,0.2929904,0.10554923,-0.021692324,0.23091672,0.5873213,0.62076557,0.58911985,0.35039964,-0.019051613,-0.14523512,-0.09960661,0.1448544,0.48041472,0.12854901,0.11720692,-0.123429775,0.2476674,0.26264665,0.051641542,0.027569044,0.7408033,0.55053705,0.7587918,0.8373476,0.45142603,0.43852463,0.45041403,0.6126433,0.1983087,0.4961493,0.68980604,0.46971294,0.7141786,0.63219064,0.57329524,0.33006358,0.4247466,0.30183783,0.551201,0.4356648,0.25797176,-0.039277405,0.023186738,-0.003347539,0.36344954,0.61297256,0.50217545,0.5356917,0.49803227,0.49314812,0.33925018,-0.18269359,0.38996053,0.26019776,0.42348844,0.52425325,0.6956092,0.67240477,0.45623207,0.55321735,0.4989522,0.40259674,0.034120303,0.4132214,0.338446,0.3857059
0.6177679,-0.035269525,0.5980193,0.7008874,0.17564273,0.23614566,0.64420956,0.6292436,0.34420767,0.4345032,0.49397856,0.40324405,0.49430615,0.6223692,0.61610395,0.4508062,0.45763254,0.61523056,0.41139543,0.43805683,0.3777838,0.5580442,0.6363979,0.64107203,0.45175537,0.2835959,0.2809502,0.20792408,0.44993228,0.67515826,1.0,0.7237771,0.52134854,0.6137689,0.36475417,0.4215693,0.42108172,0.42936364,0.3378474,0.076082595,0.42413077,0.19319615,0.30685928,0.27334276,0.29744917,0.15035918,0.41169828,0.4032709,0.012531936,0.27956304,0.32052645,0.06216688,0.121226,0.13410765,0.47161642,0.35266665,0.5482178,0.31752378,-0.032300796,-0.170435,-0.08856102,0.05791429,0.38378718,0.17211881,0.13127635,0.021833349,0.1761227,0.41786763,0.1626417,0.068286754,0.76544803,0.2617018,0.5623632,0.62074035,0.20705885,0.42901015,0.33805296,0.17586204,0.13073689,0.5000332,0.6635949,0.438421,0.44272825,0.4038893,0.6073998,0.30297104,0.16672772,0.14879067,0.31228256,0.47029036,0.02993949,-0.20528129,-0.16989192,-0.123075254,0.37751037,0.49917725,0.45159715,0.40991524,0.39401713,0.19742703,0.15438364,-0.010874704,0.36985648,0.36403167,0.59700024,0.5278255,0.55063254,0.5008509,0.4638372,0.4345794,0.4185697,0.35128132,-0.033945378,0.34432986,0.40427497,0.2908648
