1.0,0.9238245,0.6834223,0.6755668,0.16042252,0.19795197,0.85407096,0.8251304,0.21892034,0.2968919,0.58701503,0.7885141,0.5792077,0.57941043,0.12026049,-0.034312688,0.76865757,0.73873925,0.85702586,0.8457636,0.6338559,0.64737105,0.49382252,0.5404828,0.21049875,0.5503189,0.23221183,0.082942486,0.68573105,0.33762896,0.67426413,0.5507187,0.8762433,0.85715944,0.65582,0.65171856,0.7462346,0.520664,0.7435681,0.6557007,0.7684735,0.4518131,0.6254857,0.46775627,0.44961593,0.49549705,0.6445943,0.77990663,0.086189464,0.4115803,0.031163702,0.050300326,0.1983304,-0.15621562,0.4239494,0.42764512,0.85304165,0.7494822,0.23728846,0.14032614,0.6520187,0.20336299,0.61214936,0.2972197,0.083607554,0.19122589,0.6474724,0.5501601,0.77734166,0.7354017,0.7792748,0.72834885,0.6938566,0.7120702,0.5156259,0.6928946,0.7628384,0.80870855,0.77885723,0.7289384,0.75909543,0.45553845,0.5294788,0.49177787,0.3319351,0.41365334,0.43621188,0.31634212,0.1877165,0.118433446,0.056539174,0.061521802,0.07220531,-0.040922455,0.22706689,0.71428317,0.20750876,0.3729247,0.28866085,-0.01986164,-0.030672671,0.24758339,-0.033394363,0.1978122,0.055054493,-0.05139034,0.085110866,0.08878796,0.35635874,0.58755517,0.4271473,-0.15424642,0.25857097,0.06994487,0.14197333,-0.29380012
0.9238245,1.0,0.62241673,0.6338125,0.1334683,0.17504127,0.8031969,0.8019548,0.16328545,0.33450937,0.50696665,0.7720149,0.5119645,0.57735956,0.06667716,0.018705856,0.70470905,0.73618305,0.8562101,0.84842354,0.5745101,0.5821146,0.50110465,0.55922097,0.28277788,0.53583676,0.13728422,0.10131018,0.6194564,0.27461475,0.68789256,0.5708077,0.8652465,0.8259599,0.70640385,0.7138898,0.68784636,0.45255452,0.7246958,0.5761114,0.7415915,0.39004767,0.659928,0.48339346,0.5411323,0.5111744,0.6589966,0.76618373,0.15589252,0.4851511,0.08950689,0.10567058,0.28588855,-0.10541175,0.4512144,0.4356584,0.83416635,0.8033577,0.31138903,0.22305717,0.6566782,0.27923268,0.5858522,0.38463923,0.13335642,0.27982444,0.70370525,0.612226,0.7917719,0.78568184,0.72743976,0.67174655,0.64539117,0.6912017,0.4432914,0.65174127,0.6965005,0.7877399,0.7681021,0.7818606,0.7037388,0.501996,0.45007426,0.40522584,0.32173613,0.4707761,0.3781753,0.3767123,0.2044591,0.19655646,0.15105605,0.15976952,0.16021843,-0.010444825,0.26101285,0.6286839,0.2810331,0.38895512,0.25283977,0.01776868,0.04886837,0.26991102,0.0550589,0.19396982,0.1471742,0.00040102834,0.07906492,0.17493595,0.3635221,0.5194592,0.5019105,-0.19670357,0.23226623,0.087336026,0.19855121,-0.35418665
0.6834223,0.62241673,1.0,0.9125365,0.28646585,0.33809522,0.79295594,0.810196,0.45636332,0.31226632,0.73316437,0.6644704,0.752041,0.70110154,0.44717684,0.121344276,0.7527885,0.72760296,0.59274423,0.5605807,0.65072614,0.71177214,0.721615,0.719998,0.05823007,0.40684417,0.40867418,0.29987186,0.7673617,0.6739352,0.655972,0.7412356,0.57861876,0.7921575,0.15671816,0.12694229,0.6542036,0.6473498,0.49495998,0.7529858,0.6330361,0.59440774,0.10488503,-0.04299744,-0.0842175,0.10195397,0.36758637,0.4058062,-0.37205642,-0.11486521,-0.4385481,-0.38331577,-0.2767128,-0.013904787,0.27195022,0.2918113,0.45106873,0.3380172,-0.26561797,-0.2756803,0.15257107,-0.23617737,0.15270413,-0.112426475,-0.42741343,-0.32461202,0.10270775,0.015955016,0.31247604,0.28975493,0.7754069,0.79949707,0.7616568,0.6933728,0.71627945,0.63184565,0.79750234,0.6167388,0.47080556,0.4371662,0.7041037,0.14877151,0.6873393,0.32972938,0.26299348,-0.09126334,0.5723313,-0.14505728,0.20344025,-0.28695604,-0.23676434,-0.3296695,-0.28183815,-0.21289943,-0.03922179,0.64193803,-0.122470595,0.19890898,0.105625734,-0.056818716,-0.33799002,0.15862001,-0.35555428,-0.012208484,-0.16160083,-0.2203475,-0.026350997,-0.26425335,0.13076212,0.5231852,-0.04515296,0.32046133,0.12776402,-0.07647645,-0.14505823,-0.014545266
0.6755668,0.6338125,0.9125365,1.0,0.09524468,0.1979411,0.757074,0.7887745,0.2515553,0.15729551,0.716235,0.6087179,0.69653755,0.6475806,0.29679158,0.056853957,0.6979905,0.70343655,0.56751424,0.5797265,0.5170488,0.58026123,0.80130196,0.7520718,-0.021607926,0.312385,0.30909228,0.20285647,0.6715707,0.6113601,0.6001283,0.6995591,0.5296361,0.77146393,0.17792562,0.15370402,0.6048603,0.53591883,0.46643156,0.6460146,0.6000734,0.5095953,0.09311318,-0.014064095,-0.060221918,0.1034396,0.26518854,0.32594758,-0.26082015,-0.1170627,-0.33375198,-0.33835,-0.1939034,-0.015219654,0.22225231,0.18083693,0.41615322,0.2998142,-0.22091874,-0.27334234,0.11557167,-0.23107423,0.12156343,-0.09370225,-0.37569687,-0.28116283,0.09274979,0.021846408,0.2534093,0.2210409,0.6802908,0.7205239,0.6593468,0.5903691,0.5963739,0.5092438,0.7279244,0.56654876,0.43680185,0.44099233,0.5946584,0.11217403,0.5303786,0.22741812,0.20200606,-0.08829589,0.39119953,-0.14834552,0.13185623,-0.23896924,-0.2326614,-0.3245269,-0.25253648,-0.25767988,0.028854791,0.61369234,-0.09279379,0.1561889,0.037936922,-0.0040686843,-0.29390872,0.031333387,-0.36462915,-0.047200717,-0.13671428,-0.2916415,0.055476062,-0.26902196,0.1572632,0.46807972,-0.03027645,0.25514638,0.1541303,-0.1128179,-0.10621561,0.026872503
0.16042252,0.1334683,0.28646585,0.09524468,1.0,0.6818811,0.30088466,0.2679963,0.68483174,0.5776597,0.3302819,0.34171876,0.3928246,0.386369,0.5220434,0.3174967,0.2581571,0.29772308,0.11313377,0.030862648,0.32976103,0.45362037,0.06968181,0.17133556,0.29869652,0.5311405,0.32391772,0.47459164,0.43381226,0.33510977,0.31273073,0.32742643,0.32948208,0.34955075,0.015043633,0.025176004,0.2965921,0.4098262,0.21951772,0.43468398,0.18404426,0.3847529,0.06655753,-0.01603996,-0.095370315,-0.0026757221,0.31859523,0.27819568,-0.22898814,0.029759355,-0.20677242,-0.2093164,-0.058924396,0.046011057,0.35152572,0.32888427,0.15363976,0.1688782,-0.09334882,-0.103872694,0.09640605,0.004851314,0.13273634,-0.0563118,-0.071926765,-0.0937475,0.080420956,0.029472115,0.16537379,0.21770132,0.38491884,0.4192274,0.40953815,0.41256982,0.45844796,0.48667672,0.38015187,0.33284706,0.14051312,0.0903339,0.3670621,0.12807338,0.53298134,0.2891188,0.30278993,0.017841518,0.51427466,-0.025637986,0.25963542,-0.107235,0.023348246,-0.06550276,-0.060888574,0.19550678,-0.05718551,0.17939852,0.09918199,0.2887856,0.14377195,-0.13193886,-0.11735075,0.24106427,0.013368339,0.07686096,-0.015961587,0.06355976,-0.22331098,0.006012895,0.048866298,0.2410348,0.1091876,0.255584,-0.18864168,0.07014672,-0.0077551287,-0.026353886
0.19795197,0.17504127,0.33809522,0.1979411,0.6818811,1.0,0.37462994,0.30815306,0.81822765,0.65935004,0.51775616,0.3630604,0.60306793,0.5766164,0.7183915,0.49389264,0.24664445,0.36175537,0.08029344,0.02515071,0.1864998,0.36524037,0.20613323,0.32104668,0.2515214,0.29066005,0.24500751,0.6066679,0.45691836,0.57196414,0.17413409,0.33891007,0.28387654,0.36187968,0.013393392,0.027878176,0.16737056,0.296489,0.108573854,0.3379905,0.10604335,0.45920375,0.058157917,-0.07004226,-0.14940232,-0.06333737,0.33200127,0.20423594,-0.22380368,-0.06455298,-0.21086927,-0.24343744,-0.042600743,0.08705963,0.37123716,0.2904883,0.054836243,0.029913403,-0.12427953,-0.14658184,-0.0076442147,-0.14321491,0.0014839413,-0.19052087,-0.16002652,-0.15127648,0.027058592,-0.009256624,0.08600951,0.12432769,0.36094382,0.43238434,0.40301254,0.4954426,0.43620044,0.480446,0.37089053,0.31927574,0.02185996,0.086984426,0.30851552,0.083636135,0.41525173,0.07330014,0.26343828,-0.06854513,0.38647422,-0.13141243,0.2509631,-0.11813893,0.07991453,0.0012368929,0.06884758,0.19300589,-0.19578378,0.07097652,0.15738577,0.30777442,-0.05471021,-0.37205,-0.014230123,0.19356905,-0.04996929,0.14128245,0.081688665,0.10473193,-0.308743,0.052789226,-0.11621328,0.06094943,0.098567195,0.4117539,-0.1967405,-0.04867573,-0.13546345,-0.12520699
0.85407096,0.8031969,0.79295594,0.757074,0.30088466,0.37462994,1.0,0.947841,0.3684387,0.42961347,0.72649825,0.8977345,0.7664023,0.76240826,0.30323285,0.12292862,0.7608403,0.8046206,0.73087937,0.6882241,0.6387411,0.71464837,0.6404214,0.7128692,0.2847079,0.48090887,0.29452005,0.23180763,0.82190454,0.51606536,0.70139855,0.69690186,0.7596901,0.8484243,0.43641332,0.44189283,0.7579531,0.5948086,0.69621456,0.7005843,0.72842705,0.5850702,0.43366855,0.35152087,0.23659998,0.3525115,0.59367573,0.6648892,0.038881995,0.28468886,-0.030864755,0.0203796,0.06287937,-0.09837455,0.43198252,0.42960468,0.721314,0.6245113,0.15778941,0.13222623,0.45943004,0.09485385,0.4527952,0.20377973,0.014671356,0.09569022,0.481794,0.3997675,0.5867067,0.580719,0.81865203,0.8633638,0.7824041,0.81849426,0.6428415,0.7925294,0.8078501,0.8208713,0.6515934,0.6452138,0.81149477,0.4507743,0.58979535,0.45972484,0.45597526,0.29342905,0.50224924,0.19136423,0.2236902,0.024642004,-0.0024990593,-0.07801876,-0.0046038763,-0.018226821,0.21932961,0.6602404,0.20208924,0.36044148,0.1862866,-0.14626032,-0.11781296,0.19403931,-0.13473439,0.15808369,0.007082971,-0.10082063,0.053567596,-0.0074509955,0.3545691,0.60735434,0.32862332,0.011602977,0.14909756,0.017491236,0.07664477,-0.2649916
0.8251304,0.8019548,0.810196,0.7887745,0.2679963,0.30815306,0.947841,1.0,0.3021936,0.36777493,0.70111275,0.88035655,0.73973227,0.7325696,0.24770828,0.06709716,0.7709951,0.79179883,0.7057689,0.6690083,0.6729731,0.71808535,0.6878872,0.73039615,0.2550036,0.5002552,0.30516988,0.18076241,0.82906616,0.4801276,0.7626742,0.74054813,0.72281885,0.84327734,0.39377362,0.39670983,0.760122,0.5821775,0.70006233,0.699878,0.7389733,0.54315305,0.3855367,0.294968,0.20664659,0.3046861,0.5713923,0.6193382,0.0025502057,0.25721332,-0.08571132,-0.034676574,0.05277502,-0.10912366,0.39757794,0.38841614,0.6956052,0.6050337,0.10964885,0.08879318,0.40309015,0.030168217,0.4167648,0.16481863,-0.045867737,0.044169255,0.4401818,0.35244355,0.5396967,0.5321918,0.82467276,0.86483216,0.7967582,0.80432564,0.65200824,0.7798443,0.8100385,0.8185629,0.6462091,0.63946027,0.8071729,0.40814027,0.5972315,0.46528828,0.43989792,0.25100493,0.5156111,0.1585871,0.19567052,-0.015725402,-0.02453205,-0.12504877,-0.040374026,-0.08527667,0.203081,0.6697296,0.14389646,0.29577243,0.22570193,-0.12765722,-0.15369238,0.14863215,-0.16824031,0.11234821,-0.04130544,-0.16242874,0.066205405,-0.04042044,0.35750714,0.61980015,0.26655534,0.00022349563,0.17989287,-0.013821003,0.06717565,-0.26635948
0.21892034,0.16328545,0.45636332,0.2515553,0.68483174,0.81822765,0.3684387,0.3021936,1.0,0.7550742,0.537325,0.3432498,0.6307696,0.6100926,0.8448741,0.53596115,0.3140843,0.4085864,0.1384071,0.034751482,0.3455399,0.4938644,0.19528037,0.33140397,0.26514307,0.32847947,0.36718878,0.6148989,0.5256651,0.66725147,0.2195758,0.38799706,0.2922139,0.37615785,-0.044160042,-0.05673165,0.20119254,0.49188972,0.083178736,0.43810132,0.1979117,0.5629046,0.0047806925,-0.18087253,-0.16085042,-0.050931465,0.3138435,0.18745622,-0.39984152,-0.16232143,-0.37103277,-0.3495435,-0.2963874,0.15149833,0.3511424,0.35360673,0.078378975,0.0284387,-0.2781858,-0.2128114,0.00736382,-0.1649924,-0.03396269,-0.1948671,-0.35912642,-0.29932803,-0.019272974,-0.10269969,0.12064932,0.132642,0.48691088,0.4985714,0.5138608,0.53210175,0.6000408,0.53733826,0.47561547,0.3389595,0.080196366,0.07770232,0.41128314,0.089574516,0.51755434,0.15776157,0.25648412,-0.14187874,0.53906745,-0.17146157,0.3764331,-0.15286687,-0.056208387,-0.025121909,-0.11298064,0.13241391,-0.30117008,0.09481066,0.048627593,0.31481725,-0.15932399,-0.1989965,-0.09339139,0.30640715,-0.09692737,0.15868795,0.026074301,0.15608,-0.36646068,-0.017527651,-0.22609316,0.08161538,0.041050445,0.46705875,-0.19277894,0.04063892,-0.11368733,0.061545525
0.2968919,0.33450937,0.31226632,0.15729551,0.5776597,0.65935004,0.42961347,0.36777493,0.7550742,1.0,0.48109463,0.50820005,0.575976,0.71892995,0.6499063,0.77041775,0.23037124,0.530422,0.27938616,0.1533976,0.23664545,0.38594455,0.23338687,0.420896,0.62215406,0.35144147,0.14276895,0.66346747,0.46982223,0.51216763,0.31585717,0.45509246,0.3937398,0.38531345,0.13156976,0.19011171,0.17887013,0.45991787,0.22970992,0.38830826,0.2665823,0.5437898,0.25799206,0.07662211,0.21109986,0.085205816,0.56856406,0.34120375,-0.02606995,0.26812366,-0.024800716,0.019845296,0.094576515,0.2697506,0.63137853,0.66745335,0.2655821,0.34272662,0.16019848,0.19330366,0.21258834,0.23333962,0.11728382,0.21048352,-0.033661455,0.14807765,0.32147363,0.20425862,0.3414553,0.39486155,0.4221728,0.48796725,0.46184272,0.6210659,0.46911284,0.5660044,0.38853148,0.41460425,0.22363254,0.21848589,0.4062229,0.4094683,0.30737257,0.0825609,0.39686757,0.26242122,0.37763953,0.20757887,0.59633064,0.25324363,0.33687806,0.39147487,0.29645845,0.3630305,-0.09239266,0.104078144,0.43633488,0.5963292,-0.0839822,-0.12069244,0.3010379,0.3832078,0.29965195,0.33964655,0.33670318,0.41722596,-0.25447452,0.41633242,-0.17922883,0.033517305,0.41924337,0.120080344,-0.2584056,0.2467174,0.12653896,-0.19464116
0.58701503,0.50696665,0.73316437,0.716235,0.3302819,0.51775616,0.72649825,0.70111275,0.537325,0.48109463,1.0,0.67815685,0.92165005,0.83579874,0.60823625,0.37050858,0.6031225,0.7590897,0.3630737,0.31046143,0.3415317,0.54410654,0.7592025,0.741678,0.22941956,0.28800377,0.2662039,0.5117035,0.7084343,0.78958845,0.50824773,0.67646724,0.5046507,0.7098069,0.08191871,0.08112528,0.47904858,0.5391345,0.330599,0.6178111,0.45307332,0.65276015,0.07343559,-0.031187905,-0.101041034,-0.024927132,0.41343883,0.3300509,-0.21237782,-0.025114419,-0.27924922,-0.28642073,-0.07381317,0.08113783,0.45122904,0.38464984,0.34497976,0.19144043,-0.18773259,-0.2139416,0.08275128,-0.22798172,0.069419764,-0.24322607,-0.31159928,-0.2262423,0.12715432,-0.0012266912,0.22329289,0.19153267,0.6546881,0.74920887,0.6782359,0.68974936,0.6525121,0.5966054,0.71174586,0.5749579,0.28727075,0.31774592,0.5723396,0.08803879,0.4844621,0.24013859,0.45327935,-0.070425965,0.44357896,-0.07769676,0.3553265,-0.13377587,-0.019210627,-0.16338329,-0.067792915,-0.039714493,-0.045551356,0.4532697,0.15104042,0.39478856,-0.10278372,-0.27285138,-0.13354121,0.06724141,-0.29071188,0.019933863,-0.0392235,-0.18728055,-0.18082957,-0.11666146,-0.0066165254,0.30150813,0.13735685,0.32023394,-0.06366227,-0.18204074,-0.16006042,-0.08190449
0.7885141,0.7720149,0.6644704,0.6087179,0.34171876,0.3630604,0.8977345,0.88035655,0.3432498,0.50820005,0.67815685,1.0,0.6984193,0.76653576,0.22245285,0.17868616,0.6597633,0.77568716,0.7230142,0.6557727,0.55747354,0.6122165,0.6051447,0.68779874,0.37577453,0.5024128,0.121522546,0.2644944,0.73859715,0.38568857,0.71715885,0.7008247,0.7835031,0.80272233,0.48757976,0.5059573,0.7068257,0.5375741,0.6953812,0.6471583,0.6767121,0.5447919,0.4991879,0.4355056,0.33828294,0.3698234,0.6985589,0.7071256,0.1379799,0.42205822,0.107128724,0.15056969,0.24164599,-0.12018164,0.51703244,0.5199592,0.72874075,0.6914261,0.31195775,0.2817418,0.5173046,0.25168565,0.5376922,0.33098346,0.15775804,0.26537856,0.5982609,0.50706506,0.65028125,0.6388553,0.74727625,0.8239567,0.703448,0.7938719,0.54468906,0.7407118,0.712765,0.79433745,0.6136491,0.5792569,0.7517229,0.55444425,0.5040642,0.41878116,0.52774805,0.40997222,0.44970006,0.32898697,0.27545172,0.12895535,0.15332718,0.10833815,0.13299839,0.09434371,0.2624437,0.5984471,0.3349843,0.48419374,0.19180515,-0.16562766,0.056538656,0.17526887,0.045346696,0.23559718,0.12763739,0.024591379,0.034612563,0.13825907,0.3930914,0.56599945,0.45991483,-0.10456769,0.122687235,0.09001433,0.18743545,-0.35862288
0.5792077,0.5119645,0.752041,0.69653755,0.3928246,0.60306793,0.7664023,0.73973227,0.6307696,0.575976,0.92165005,0.6984193,1.0,0.8794587,0.69057584,0.45445755,0.6213987,0.74892485,0.38058105,0.30830097,0.40470082,0.59288365,0.72796845,0.75043947,0.26107836,0.3023501,0.3408715,0.5540219,0.7995693,0.8391725,0.54413515,0.7067539,0.4895986,0.6989136,0.078188874,0.08972507,0.48571092,0.5695455,0.35667095,0.627545,0.47178662,0.70012385,0.09426279,-0.034062482,-0.059963968,-0.0055310694,0.45619357,0.35565,-0.23414287,-0.0056053717,-0.30186924,-0.24867377,-0.11255063,0.098810695,0.4789066,0.42942816,0.35093534,0.19581863,-0.18196402,-0.1527142,0.0925986,-0.257437,0.060490645,-0.22930801,-0.30288002,-0.22171167,0.1347399,0.032339264,0.23682101,0.22864388,0.71857345,0.8043871,0.76493573,0.79555976,0.7417117,0.70018405,0.7444607,0.6363831,0.3054497,0.37593925,0.6379776,0.1411104,0.54012,0.2616107,0.4509694,-0.06080465,0.5186487,-0.076996386,0.3746267,-0.09769781,0.010798605,-0.14525065,-0.033473786,0.014975489,-0.060410533,0.4326403,0.16819444,0.3771246,-0.05362503,-0.25880158,-0.13713679,0.14091133,-0.27178502,0.0698865,-0.0034326334,-0.13330798,-0.19367193,-0.076820344,-0.01150243,0.3005365,0.13777614,0.33625945,-0.078766175,-0.17087528,-0.15761906,-0.15550528
0.57941043,0.57735956,0.70110154,0.6475806,0.386369,0.5766164,0.76240826,0.7325696,0.6100926,0.71892995,0.83579874,0.76653576,0.8794587,1.0,0.6144927,0.5712455,0.53691244,0.7898812,0.46666935,0.38494146,0.39069504,0.546604,0.69527453,0.7932592,0.4058384,0.31636834,0.20896846,0.6189657,0.70013386,0.7421471,0.5162947,0.7270669,0.5594172,0.70247513,0.18019703,0.20565951,0.4173299,0.5314736,0.37746054,0.564016,0.4671052,0.62130994,0.20950887,0.054940972,0.0763306,0.08239538,0.5576974,0.4211649,-0.13243085,0.13832968,-0.16131774,-0.12499639,0.03939174,0.12820661,0.56127906,0.56019807,0.37331545,0.36047524,0.00069793395,0.00138971,0.16844282,-0.0374743,0.12439807,0.026987543,-0.19948159,-0.028873712,0.27251858,0.15817834,0.349951,0.37576392,0.67443126,0.77436894,0.6856973,0.81345963,0.6377465,0.65262985,0.66529965,0.61214006,0.34327945,0.41210133,0.57745785,0.34589246,0.44411558,0.13618658,0.3998006,0.09909754,0.45168957,0.036922995,0.4157241,0.037892908,0.15471226,0.10399368,0.11342995,0.13609111,-0.023954699,0.36630905,0.30381653,0.52178085,-0.08442146,-0.18396668,0.06443247,0.20279136,-0.030493628,0.17618622,0.18909791,0.08543215,-0.18599321,0.16087076,-0.0025667604,0.24399042,0.31080818,0.24512045,-0.092522964,0.0007324641,-0.03332903,-0.21774513
0.12026049,0.06667716,0.44717684,0.29679158,0.5220434,0.7183915,0.30323285,0.24770828,0.8448741,0.6499063,0.60823625,0.22245285,0.69057584,0.6144927,1.0,0.61296326,0.27582282,0.3804625,-0.01739055,-0.098044194,0.2022205,0.43879858,0.28046653,0.3583853,0.24331437,0.10418318,0.42633712,0.72400683,0.4751703,0.8021548,0.11773507,0.35163784,0.10735656,0.29604477,-0.25141853,-0.24035974,0.070939556,0.45334667,-0.06288969,0.39155486,0.080691695,0.5868604,-0.17084324,-0.36685935,-0.28663704,-0.23325764,0.21815908,0.035701722,-0.4456784,-0.26278743,-0.49663645,-0.41190135,-0.32304928,0.22281018,0.36626253,0.35750413,-0.085074075,-0.15939695,-0.41443118,-0.34653035,-0.18850803,-0.3518725,-0.26548246,-0.43769872,-0.476639,-0.42428243,-0.19739775,-0.28944442,-0.074690394,-0.040556993,0.39800096,0.43173775,0.48229787,0.48725668,0.58814895,0.44920257,0.43671426,0.22979668,-0.0806523,-0.016011713,0.33450252,-0.13183498,0.44049516,0.09690921,0.2726656,-0.30775782,0.5212888,-0.26978892,0.46790904,-0.21065037,-0.029948536,-0.10200765,-0.08850759,0.0939714,-0.35366195,0.04747735,0.05038088,0.29241523,-0.21154611,-0.2721903,-0.11205809,0.23401435,-0.1925279,0.044799678,0.0022952824,0.075159654,-0.42152393,-0.021057881,-0.37939876,-0.058053702,-0.042094097,0.57753646,-0.24215282,-0.14514075,-0.33056176,0.051652122
-0.034312688,0.018705856,0.121344276,0.056853957,0.3174967,0.49389264,0.12292862,0.06709716,0.53596115,0.77041775,0.37050858,0.17868616,0.45445755,0.5712455,0.61296326,1.0,-0.10695152,0.29431355,-0.034111984,-0.119992025,-0.18331985,-0.008562806,0.24527861,0.35122055,0.49635637,-0.06861063,-0.044988733,0.71279377,0.15959112,0.50089186,-0.011533907,0.28164512,-0.0057586576,0.060131833,-0.16299161,-0.087495714,-0.21709514,0.14565575,-0.15166886,0.048428286,-0.09536502,0.32570162,-0.04781889,-0.18462607,0.03213492,-0.19600953,0.27040836,-0.047715638,-0.09339203,0.083507456,-0.044581894,-0.0060074828,0.09099263,0.39790028,0.535684,0.5000032,-0.13596782,-0.04200014,-0.0059399484,-0.0021740226,-0.15087567,0.037890363,-0.23854877,-0.014956484,-0.13570888,0.04683667,-0.0064023947,-0.09042989,-0.042844065,0.024769014,0.042774975,0.17216885,0.1477441,0.35287845,0.21482347,0.175063,0.0643721,0.037060354,-0.14984554,-0.07842066,-0.010709656,0.14965771,-0.0688023,-0.30637255,0.2007254,0.016305376,0.031009704,0.064502575,0.5940557,0.23780315,0.38857865,0.40409297,0.42062673,0.39180258,-0.13549967,-0.18037206,0.45605898,0.4975276,-0.28534493,-0.08929541,0.4258162,0.19257927,0.32224444,0.27186984,0.47291398,0.4482743,-0.30005273,0.4580416,-0.41601908,-0.3335164,0.23405899,0.22146875,-0.43120462,0.120057516,0.031284876,-0.1453596
0.76865757,0.70470905,0.7527885,0.6979905,0.2581571,0.24664445,0.7608403,0.7709951,0.3140843,0.23037124,0.6031225,0.6597633,0.6213987,0.53691244,0.27582282,-0.10695152,1.0,0.7103118,0.60219073,0.57885945,0.69627726,0.76981765,0.5405845,0.53546464,0.1055467,0.52779305,0.3986872,0.07295798,0.81177443,0.5292983,0.7028982,0.61826694,0.6681618,0.7754619,0.3966535,0.3665017,0.77618366,0.6997129,0.6979477,0.7628993,0.6939643,0.5504688,0.39449707,0.3040155,0.18350895,0.35729116,0.52890295,0.6459426,-0.11301071,0.18759364,-0.21385066,-0.17222683,-0.070288554,-0.19911927,0.30422354,0.30679968,0.69548273,0.49790847,0.006047697,0.010979259,0.46222538,-0.07514836,0.45690307,0.038996432,-0.12887844,-0.10093354,0.3882879,0.31698713,0.53544664,0.5402911,0.8315791,0.7879379,0.78656656,0.7374337,0.65518177,0.7506966,0.8138725,0.8004936,0.71950877,0.69753915,0.8646065,0.31412423,0.7008728,0.568118,0.4083999,0.1527922,0.6439215,0.064948894,0.15787067,-0.15595359,-0.16320574,-0.22977173,-0.23597047,-0.20149894,0.06493036,0.74059916,-0.021817109,0.19616424,0.31360927,-0.019149587,-0.2794314,0.2351989,-0.25424662,-0.042296965,-0.1531151,-0.19426799,0.10732854,-0.24093829,0.35821453,0.65441906,0.19161113,0.07314974,0.31215674,-0.06318137,-6.771989e-05,-0.124468334
0.73873925,0.73618305,0.72760296,0.70343655,0.29772308,0.36175537,0.8046206,0.79179883,0.4085864,0.530422,0.7590897,0.77568716,0.74892485,0.7898812,0.3804625,0.29431355,0.7103118,1.0,0.5616748,0.523223,0.501497,0.6408628,0.6887012,0.7202778,0.2949332,0.41298333,0.22991379,0.3383749,0.7498854,0.59647894,0.6354913,0.75093716,0.66035163,0.7807184,0.30089197,0.3184809,0.628738,0.66213584,0.6428907,0.6866502,0.647191,0.6521421,0.3055548,0.2206871,0.16104744,0.2193677,0.5743866,0.52594125,-0.015164775,0.23871095,-0.058961667,-0.0692356,0.11620739,0.009968249,0.6070393,0.5464864,0.61055195,0.6001176,0.099962346,0.07183898,0.3344292,0.1439531,0.28687754,0.19864112,-0.13334996,0.058076803,0.3750544,0.25692192,0.471755,0.50479954,0.72301877,0.79647815,0.71255755,0.778992,0.6113977,0.6904027,0.7702559,0.7217076,0.59805846,0.5929106,0.7316633,0.46570903,0.45171306,0.3331938,0.5255003,0.25086352,0.38568974,0.19318132,0.46473366,0.1070254,0.03530946,0.06411166,0.034907997,0.002510167,0.23536809,0.6145734,0.34766996,0.52930665,-0.019317448,-0.11597141,0.049885415,0.18058363,-0.022411002,0.1532083,0.19648115,0.028621934,-0.014973652,0.09549124,0.23164165,0.5319852,0.3582358,0.029235143,-0.008093775,0.058020193,0.1403798,-0.19673158
0.85702586,0.8562101,0.59274423,0.56751424,0.11313377,0.08029344,0.73087937,0.7057689,0.1384071,0.27938616,0.3630737,0.7230142,0.38058105,0.46666935,-0.01739055,-0.034111984,0.60219073,0.5616748,1.0,0.94065386,0.5854466,0.5123052,0.3916933,0.48197582,0.2358055,0.5370481,0.12665194,0.048146207,0.49823037,0.13407332,0.65046597,0.4992669,0.86150134,0.75505805,0.72624534,0.7251655,0.64897746,0.37817895,0.66554725,0.52228063,0.6883772,0.29367974,0.6988321,0.5062315,0.55941576,0.5725142,0.64198714,0.79888755,0.14346024,0.46958134,0.09522832,0.14700499,0.25204846,-0.12543787,0.32324252,0.3796465,0.8009358,0.7914625,0.3442756,0.24846865,0.7043143,0.36127222,0.6551518,0.46025336,0.19840676,0.3203904,0.7080081,0.6405797,0.8343115,0.77620506,0.65482855,0.5822652,0.52738446,0.60180116,0.35584167,0.54570913,0.5757374,0.66186696,0.7568717,0.6273856,0.6276598,0.49625328,0.4533698,0.339173,0.18839921,0.4487195,0.35085756,0.3493554,0.11523062,0.1618484,0.14134414,0.17526172,0.15261394,0.065086216,0.21513487,0.6012391,0.17444041,0.32113364,0.34419617,0.086840615,0.04153127,0.3262461,0.09086029,0.2771936,0.06390157,0.043601096,0.11492832,0.17181358,0.34853235,0.48866096,0.42495802,-0.23825498,0.3014805,0.17734545,0.16227037,-0.3371619
0.8457636,0.84842354,0.5605807,0.5797265,0.030862648,0.02515071,0.6882241,0.6690083,0.034751482,0.1533976,0.31046143,0.6557727,0.30830097,0.38494146,-0.098044194,-0.119992025,0.57885945,0.523223,0.94065386,1.0,0.52886486,0.4526931,0.37823617,0.4269636,0.11703429,0.48252228,0.078345224,-0.027850492,0.41078743,0.079612136,0.5890016,0.4507119,0.8306283,0.72195053,0.74415207,0.7384285,0.6236362,0.30334324,0.65132016,0.4585676,0.6419984,0.2210427,0.69671994,0.53021985,0.5488995,0.58720493,0.57168204,0.7650426,0.19114137,0.45533827,0.14061348,0.14223887,0.2859547,-0.19780886,0.26685768,0.29357338,0.77943367,0.76917344,0.34669283,0.21803708,0.6859582,0.35236332,0.6533287,0.45391852,0.21444045,0.3200527,0.6874301,0.63843435,0.8106758,0.7519545,0.5813509,0.50281674,0.43780294,0.5071403,0.2568277,0.44411296,0.51143056,0.61082757,0.7254602,0.6176565,0.5538078,0.46630302,0.38628834,0.29181165,0.12928791,0.42642018,0.26334074,0.33069587,0.033343665,0.12448421,0.092210144,0.1335619,0.13057193,0.033123173,0.26169416,0.5890198,0.16730404,0.28247756,0.30764648,0.0777616,0.030831875,0.25806263,0.06976267,0.21945047,0.083402574,0.012959053,0.13633156,0.14133392,0.37491623,0.48469582,0.41477188,-0.23749787,0.30550227,0.15770228,0.15524125,-0.31135356
0.6338559,0.5745101,0.65072614,0.5170488,0.32976103,0.1864998,0.6387411,0.6729731,0.3455399,0.23664545,0.3415317,0.55747354,0.40470082,0.39069504,0.2022205,-0.18331985,0.69627726,0.501497,0.5854466,0.52886486,1.0,0.80867785,0.24605013,0.31375328,0.1168129,0.62235457,0.55269104,-0.010312817,0.7016035,0.2725619,0.64349115,0.47713506,0.5884606,0.65567523,0.27784488,0.25208557,0.6946535,0.6255937,0.64512557,0.7107392,0.719586,0.39032963,0.27888703,0.14366852,0.09061185,0.22721533,0.43671998,0.5339816,-0.25561687,0.07088967,-0.33794445,-0.23394132,-0.23168245,-0.19673969,0.17957373,0.2706653,0.54527736,0.5069591,-0.081085406,-0.07528733,0.3429911,-0.05081097,0.38090152,0.109522566,-0.24180104,-0.15483935,0.28066084,0.18062672,0.46975586,0.46078584,0.8111399,0.71326923,0.7516449,0.6105525,0.6536323,0.70571935,0.742923,0.6542929,0.64826155,0.48438436,0.7583316,0.2368791,0.75338703,0.6230531,0.20598981,0.09288127,0.69989556,0.0013934288,0.081144616,-0.19122265,-0.27732843,-0.2360478,-0.3379114,-0.23877835,0.0016669941,0.65815264,-0.20791008,0.063243434,0.41321886,0.036050145,-0.3700587,0.20800526,-0.23662496,0.04668406,-0.2792969,-0.1606639,0.024633097,-0.12963217,0.26772916,0.661589,0.022865253,0.014912766,0.32800424,0.061631717,-0.04878705,-0.027418353
0.64737105,0.5821146,0.71177214,0.58026123,0.45362037,0.36524037,0.71464837,0.71808535,0.4938644,0.38594455,0.54410654,0.6122165,0.59288365,0.546604,0.43879858,-0.008562806,0.76981765,0.6408628,0.5123052,0.4526931,0.80867785,1.0,0.35116804,0.41339922,0.15600155,0.6083449,0.63844734,0.2322506,0.7897937,0.5290892,0.662619,0.55294204,0.59645396,0.7070481,0.24248278,0.22793324,0.746871,0.80752605,0.6496155,0.8282189,0.70225865,0.6310166,0.28386244,0.11367664,0.04215057,0.27946833,0.49280488,0.57916737,-0.22553825,0.055634547,-0.34122208,-0.27305916,-0.20495042,-0.14064328,0.35408252,0.4144584,0.5693752,0.46491024,-0.08917168,-0.09777714,0.3779817,-0.050920736,0.31503493,0.005584256,-0.20400634,-0.17757113,0.26183507,0.1611162,0.4361363,0.45430902,0.84493476,0.7886818,0.81702715,0.69157773,0.74467593,0.8096819,0.82282406,0.6960688,0.5842746,0.5148354,0.83384186,0.20246913,0.81227165,0.6297944,0.407242,0.057579976,0.77310646,0.024662735,0.23261076,-0.21578953,-0.2634895,-0.26818496,-0.32879356,-0.11756366,0.036927886,0.6887221,-0.034455057,0.2769429,0.22902057,-0.07245353,-0.36148542,0.17191744,-0.310621,-0.013064566,-0.19561106,-0.1557304,-0.02126996,-0.17390773,0.27728269,0.6934416,0.15547967,0.19989622,0.19684556,-0.035965707,-0.08150417,0.005620026
0.49382252,0.50110465,0.721615,0.80130196,0.06968181,0.20613323,0.6404214,0.6878872,0.19528037,0.23338687,0.7592025,0.6051447,0.72796845,0.69527453,0.28046653,0.24527861,0.5405845,0.6887012,0.3916933,0.37823617,0.24605013,0.35116804,1.0,0.905161,0.09900794,0.18370423,0.065831795,0.3350842,0.59299695,0.59992296,0.6112864,0.80477226,0.38823527,0.65114826,0.06370956,0.0674281,0.41650394,0.36628604,0.35343656,0.4789957,0.4079009,0.46528783,-0.0018337128,-0.0249572,-0.082805626,-0.061033193,0.26707783,0.23663649,-0.1249951,-0.029785138,-0.20689145,-0.19822259,-0.0023095545,0.08687538,0.2534483,0.1672025,0.2806702,0.18398322,-0.12728347,-0.1444087,-0.034319397,-0.238131,0.020166919,-0.109323,-0.2557963,-0.13105792,0.08005493,0.02286577,0.119988546,0.11191538,0.50422144,0.66580385,0.5261867,0.5901766,0.4621145,0.4007255,0.5609621,0.48292568,0.30582863,0.35729742,0.46333572,0.15130228,0.31978238,0.05067291,0.28595865,-0.050705396,0.20816612,-0.10136063,0.13996294,-0.0961025,0.019059166,-0.21350092,-0.035072766,-0.15249692,0.07263527,0.40450314,0.063018695,0.16240898,-0.039734956,-0.10932278,-0.09299295,-0.012073458,-0.24636433,-0.0056198477,-0.05199596,-0.2669596,0.090105094,-0.17524579,0.10618824,0.27691102,-0.0008049387,0.14643939,0.075340174,-0.18477994,-0.08028929,-0.103276834
0.5404828,0.55922097,0.719998,0.7520718,0.17133556,0.32104668,0.7128692,0.73039615,0.33140397,0.420896,0.741678,0.68779874,0.75043947,0.7932592,0.3583853,0.35122055,0.53546464,0.7202778,0.48197582,0.4269636,0.31375328,0.41339922,0.905161,1.0,0.26006156,0.24223329,0.1265937,0.4366557,0.6422834,0.61325645,0.61426836,0.81752443,0.46032435,0.6860849,0.124261156,0.13412774,0.40545687,0.38758162,0.36018723,0.48615366,0.4353959,0.49654257,0.093541466,0.027120963,-0.009897238,0.010036245,0.3625088,0.3384788,-0.11360283,0.045543928,-0.17208014,-0.09949624,0.009011752,0.14439608,0.27890953,0.26299092,0.3416635,0.2990321,-0.031046659,-0.03189867,0.048767444,-0.10281373,0.06456604,0.03872081,-0.18439043,-0.024597045,0.17740177,0.11739768,0.22395936,0.23874898,0.55246544,0.72378165,0.56799614,0.68485403,0.5081653,0.49920732,0.5754058,0.530168,0.35458052,0.395326,0.5215514,0.2896852,0.3695321,0.08265534,0.2688554,0.07287796,0.27789164,-0.06993228,0.16576952,0.005487516,0.11336853,-0.082883924,0.03238226,-0.0754861,0.02288287,0.34696913,0.10296876,0.21455598,-0.027968192,-0.10050822,-0.010226857,0.102254346,-0.115935646,0.11754118,-0.0133715,-0.1227006,0.06739228,-0.048150692,0.0810003,0.23505004,0.08273489,0.12533998,0.09545363,-0.09977173,-0.052273564,-0.16761307
0.21049875,0.28277788,0.05823007,-0.021607926,0.29869652,0.2515214,0.2847079,0.2550036,0.26514307,0.62215406,0.22941956,0.37577453,0.26107836,0.4058384,0.24331437,0.49635637,0.1055467,0.2949332,0.2358055,0.11703429,0.1168129,0.15600155,0.09900794,0.26006156,1.0,0.25583997,-0.036727753,0.35302696,0.26023057,0.12874271,0.2205123,0.17170781,0.26909193,0.22373085,0.13258192,0.20397997,0.06963231,0.18967356,0.1641758,0.17609084,0.17086323,0.271976,0.26732263,0.19370954,0.3154533,0.020805648,0.49490085,0.27509636,0.19008893,0.44771814,0.15954171,0.27102262,0.23278445,0.2548205,0.46864867,0.53229403,0.24496502,0.37363577,0.34113666,0.3639737,0.21421611,0.3337851,0.14469843,0.3108439,0.18172301,0.36044365,0.4015439,0.28183758,0.33054888,0.3896854,0.1947902,0.25469783,0.25935975,0.40567863,0.22087413,0.3904533,0.1850238,0.30913174,0.25121096,0.2166532,0.24028026,0.30249298,0.1042944,0.11930787,0.35434416,0.43848592,0.20440102,0.36997125,0.4766381,0.4457859,0.56899107,0.4071314,0.48913297,0.33925155,0.025270995,0.015452006,0.38043153,0.37871316,0.23149645,0.017600374,0.35612115,0.25703534,0.44439524,0.33796206,0.27511066,0.25649393,-0.038498636,0.50785965,-0.09966076,-0.06652473,0.43626678,-0.19417027,-0.08147106,0.31438318,0.16546062,-0.29507914
0.5503189,0.53583676,0.40684417,0.312385,0.5311405,0.29066005,0.48090887,0.5002552,0.32847947,0.35144147,0.28800377,0.5024128,0.3023501,0.31636834,0.10418318,-0.06861063,0.52779305,0.41298333,0.5370481,0.48252228,0.62235457,0.6083449,0.18370423,0.24223329,0.25583997,1.0,0.37849438,0.024423508,0.5464674,0.108637094,0.63850766,0.44083658,0.6260144,0.58462435,0.42628932,0.4388327,0.601978,0.44287795,0.5689109,0.5691174,0.5551667,0.27480027,0.40939835,0.24661489,0.2611666,0.26256,0.50432366,0.61261714,-0.068972126,0.24913406,-0.123100564,-0.080389746,0.107041515,0.020906527,0.26412633,0.2762153,0.5491878,0.5505002,0.072137676,0.07635651,0.41492844,0.11386461,0.4286673,0.2176202,-0.0032134133,0.050990276,0.4560738,0.36137772,0.5729353,0.5840088,0.6131351,0.5591736,0.5773486,0.49154115,0.50379395,0.59336376,0.5924847,0.6230942,0.59527826,0.45231637,0.5765079,0.27265322,0.6237188,0.47992367,0.16074784,0.30216384,0.5458717,0.12876166,0.059951533,-0.002606632,0.06842474,-0.0326731,-0.063809596,0.032896604,0.15894355,0.5016433,-0.0023257064,0.18687607,0.43955353,0.04303425,-0.18272623,0.27201223,-0.094226725,0.06393128,-0.16010813,-0.21030517,0.119419046,0.013242025,0.32214892,0.5534615,0.19644992,-0.12052876,0.16781886,0.03943703,0.078502186,-0.10363224
0.23221183,0.13728422,0.40867418,0.30909228,0.32391772,0.24500751,0.29452005,0.30516988,0.36718878,0.14276895,0.2662039,0.121522546,0.3408715,0.20896846,0.42633712,-0.044988733,0.3986872,0.22991379,0.12665194,0.078345224,0.55269104,0.63844734,0.065831795,0.1265937,-0.036727753,0.37849438,1.0,0.21615773,0.5126447,0.3888937,0.3275221,0.18604752,0.15252995,0.33148155,-0.1572172,-0.16104159,0.33775795,0.53403336,0.18900214,0.5094132,0.26601812,0.3930951,-0.08349498,-0.30659556,-0.2374887,-0.049227852,0.08620618,0.16919743,-0.54656065,-0.28156102,-0.60512376,-0.47676998,-0.4415736,0.003792685,0.08376311,0.16726448,0.1136441,0.054556325,-0.41350535,-0.41227916,-0.035119295,-0.28015104,-0.13470209,-0.3298703,-0.44690567,-0.47915694,-0.17359254,-0.25283512,0.009188019,0.03517236,0.49141642,0.45350012,0.5060742,0.35394064,0.6052568,0.51688147,0.5388174,0.27699083,0.2388249,0.07730592,0.4640304,-0.26873407,0.6793502,0.46968693,0.0273199,-0.3369949,0.6858927,-0.3144414,0.14787818,-0.29599044,-0.38124257,-0.3986119,-0.4676179,-0.11699247,-0.2562991,0.3401868,-0.31475616,-0.033237677,0.18525098,-0.057962358,-0.4724337,0.025931528,-0.45053792,-0.14532457,-0.38846737,-0.24388148,-0.19082811,-0.23235175,-0.13499996,0.31849796,-0.21715733,0.4382153,0.054689202,-0.23316725,-0.3206735,0.12347143
0.082942486,0.10131018,0.29987186,0.20285647,0.47459164,0.6066679,0.23180763,0.18076241,0.6148989,0.66346747,0.5117035,0.2644944,0.5540219,0.6189657,0.72400683,0.71279377,0.07295798,0.3383749,0.048146207,-0.027850492,-0.010312817,0.2322506,0.3350842,0.4366557,0.35302696,0.024423508,0.21615773,1.0,0.26291212,0.6120282,0.17541221,0.3889218,0.17314665,0.3021776,-0.1493626,-0.110111296,-0.058051784,0.29015255,-0.09149223,0.27386594,-0.041552722,0.46053612,-0.078152366,-0.27064818,-0.13223632,-0.19869666,0.27686417,0.08202405,-0.24870469,-0.05762698,-0.31700945,-0.21832937,-0.0020910096,0.25197425,0.4221293,0.4551397,-0.092181705,-0.021289565,-0.15303557,-0.19561993,-0.14812934,-0.08614138,-0.25468037,-0.23343919,-0.24531196,-0.11556417,-0.043818213,-0.14509152,-0.010060218,0.030600699,0.20433207,0.32906097,0.24859332,0.3970294,0.31199032,0.2771557,0.23840994,0.091291405,-0.113288715,-0.07575235,0.141048,-0.058014903,0.26514804,-0.09589208,0.21886119,-0.1408416,0.32492152,-0.12486381,0.43058398,-0.015506838,0.27193138,0.1262852,0.18305099,0.29851043,-0.293112,-0.06445449,0.21965237,0.40151882,-0.13089766,-0.26357475,0.15510206,0.21043997,0.054007884,0.119124636,0.14611027,0.2625418,-0.33616096,0.2183384,-0.38637346,-0.17261867,0.12903126,0.46423167,-0.31210318,-0.0618109,-0.2506915,-0.1389949
0.68573105,0.6194564,0.7673617,0.6715707,0.43381226,0.45691836,0.82190454,0.82906616,0.5256651,0.46982223,0.7084343,0.73859715,0.7995693,0.70013386,0.4751703,0.15959112,0.81177443,0.7498854,0.49823037,0.41078743,0.7016035,0.7897937,0.59299695,0.6422834,0.26023057,0.5464674,0.5126447,0.26291212,1.0,0.63853943,0.72850907,0.7117494,0.57808644,0.7621365,0.20262717,0.20540309,0.7300748,0.7255606,0.6437289,0.7777976,0.6982519,0.69268113,0.22491094,0.1144145,0.07802338,0.1517294,0.5004357,0.51582485,-0.22393584,0.09349595,-0.2930334,-0.2068809,-0.17101556,0.005211214,0.40273687,0.38319427,0.5632209,0.40482956,-0.09634494,-0.04883374,0.28413838,-0.14758979,0.2735081,-0.030372446,-0.23202355,-0.17824858,0.25921834,0.16953206,0.39298886,0.4039758,0.883048,0.9221365,0.9222111,0.87562054,0.84876513,0.8949058,0.8874161,0.8328718,0.5937671,0.5750343,0.87286955,0.2911837,0.7399367,0.56448555,0.44523212,0.089555815,0.6713853,0.013640365,0.28511032,-0.07539306,-0.12838934,-0.23267682,-0.17805927,-0.1112568,0.072586805,0.651835,0.030417085,0.2253955,0.2420886,-0.08288681,-0.2751984,0.20955147,-0.26546696,0.092605814,-0.13392562,-0.18229334,0.036953684,-0.15821686,0.25527042,0.59722936,0.10683762,0.16066091,0.11913264,-0.067769356,-0.0023892974,-0.14654113
0.33762896,0.27461475,0.6739352,0.6113601,0.33510977,0.57196414,0.51606536,0.4801276,0.66725147,0.51216763,0.78958845,0.38568857,0.8391725,0.7421471,0.8021548,0.50089186,0.5292983,0.59647894,0.13407332,0.079612136,0.2725619,0.5290892,0.59992296,0.61325645,0.12874271,0.108637094,0.3888937,0.6120282,0.63853943,1.0,0.31164464,0.55206746,0.2283604,0.48898837,-0.13287356,-0.1344678,0.3131107,0.5747111,0.14304794,0.54219806,0.2842058,0.6444908,-0.09869203,-0.23220767,-0.22085704,-0.09532386,0.23686734,0.13531873,-0.39527482,-0.22787985,-0.45168212,-0.42547506,-0.35017514,0.1963554,0.35059604,0.32503036,0.09393581,-0.07992226,-0.40358365,-0.32186827,-0.10120953,-0.40257213,-0.19929749,-0.41235286,-0.51070714,-0.43766856,-0.13012455,-0.20393871,-0.0072581507,0.014770918,0.5540654,0.6074637,0.6117952,0.6258872,0.65124357,0.5262096,0.58589566,0.40256315,0.122914046,0.25107,0.4823235,-0.06121076,0.4796951,0.10403554,0.3142955,-0.282548,0.4944498,-0.2960084,0.36719805,-0.23530236,-0.1588299,-0.23905174,-0.19974476,-0.02928366,-0.22413197,0.3152037,0.024327649,0.27991533,-0.24098963,-0.11419152,-0.2298317,0.14904019,-0.36987975,-0.07180661,-0.023799015,-0.09242473,-0.21580549,-0.19769053,-0.17599392,0.16202138,-0.01089538,0.5775098,-0.14568111,-0.19227755,-0.22982669,0.0787992
0.67426413,0.68789256,0.655972,0.6001283,0.31273073,0.17413409,0.70139855,0.7626742,0.2195758,0.31585717,0.50824773,0.71715885,0.54413515,0.5162947,0.11773507,-0.011533907,0.7028982,0.6354913,0.65046597,0.5890016,0.64349115,0.662619,0.6112864,0.61426836,0.2205123,0.63850766,0.3275221,0.17541221,0.72850907,0.31164464,1.0,0.80558544,0.6867472,0.75653,0.37967667,0.3931042,0.7017258,0.57010853,0.686504,0.6987654,0.64781386,0.50839794,0.37187558,0.20513196,0.22468832,0.25411975,0.5301122,0.6281871,-0.059347983,0.28119582,-0.1811304,-0.059812527,0.07736558,-0.10649369,0.30016798,0.33126432,0.67699885,0.5847677,0.10191834,0.092692904,0.43120587,0.06723258,0.43231717,0.16748409,-0.012658371,0.08177139,0.4418174,0.3622377,0.536685,0.5202093,0.74229175,0.7627593,0.7029988,0.6823777,0.5937759,0.6913139,0.7141438,0.73931885,0.6494027,0.5686556,0.7430756,0.31464878,0.6520566,0.44784826,0.32967457,0.22455807,0.5516732,0.12010469,0.09777691,-0.037723694,0.031105343,-0.15130615,-0.07928109,-0.09706258,0.13211791,0.629878,0.017947007,0.17673345,0.3788826,-0.041398074,-0.19354357,0.17168434,-0.16241959,-0.024510888,-0.15212455,-0.22810428,0.12995884,-0.09349398,0.3460712,0.6122862,0.16029517,-0.09430993,0.27985066,-0.053694572,0.028712554,-0.24916486
