1.0,0.61033785,0.65776753,0.5246819,-0.38719785,-0.5611253,0.7129783,0.55934143,-0.52289224,-0.5929952,0.05086604,0.5836417,0.23638672,0.08912177,-0.19176714,-0.27410573,0.33654574,0.65884936,0.7438387,0.7263174,-0.16633296,-0.05590637,0.3201547,0.264925,-0.2062637,-0.4960612,-0.5911874,-0.49727112,0.3943813,0.39213854,-0.07686633,-0.12267289,0.6128361,0.33373028,0.14124073,0.1629225,-0.12064544,0.27273354,-0.061954495,-0.12729278,-0.142193,0.04264492,0.49510378,0.2344465,0.52506626,0.28251684,0.40917134,0.32444853,0.093890645,0.27713573,0.47736526,0.4033613,0.34823844,-0.06564291,0.073416084,-0.049043324,0.7785904,0.66710913,0.29637462,0.47634465,0.67871976,0.2735735,0.7047383,0.63896674,0.34672523,0.112229325,0.4950644,0.4966216,0.6845238,0.57000464,0.33900848,-0.27036223,-0.2364288,0.40704754,-0.3491681,0.10951072,-0.2975508,0.09364173,-0.31996492,0.2597508,0.15321456,0.22480583,-0.24010557,-0.2529537,0.27614865,0.2854464,0.13229293,-0.13644807,-0.36134115,-0.47146356,-0.0413954,-0.15940064,-0.3508434,-0.6187474,0.20536044,0.0783292,0.081727155,0.02792334,0.11938738,0.21711367,-0.33823702,-0.41841146,-0.2502744,-0.20745972,-0.18063553,0.08580509,0.2570738,0.20965344,0.016088966,0.17922781,0.16257626,0.24643409,0.025987241,-0.13559145,0.059614297,0.0912133
0.61033785,1.0,0.51965606,0.5804918,-0.4643979,-0.5988749,0.42674875,0.70624155,-0.50616217,-0.46030226,-0.25667974,0.5646221,0.053298842,0.23215933,-0.33146432,-0.35751152,0.16424629,0.6227074,0.6286773,0.6962567,-0.27693486,-0.16971497,0.31150386,0.2958792,-0.35195404,-0.39381328,-0.5861096,-0.5722578,0.3097338,0.12743334,-0.20217027,-0.15786065,0.34360442,0.059566412,-0.10962519,-0.038058843,-0.12397133,0.20710313,-0.35004783,-0.19076644,-0.02902601,-0.22978806,0.26406178,0.10778846,0.4031,0.16676845,0.33279073,0.26151577,0.10510406,0.33642253,0.31956542,0.4359906,0.2724085,0.15446158,-0.15323174,-0.08770282,0.60619545,0.7727167,0.45076093,0.5200537,0.6986946,0.25234172,0.45767686,0.70185745,0.25850537,0.16524251,0.33733445,0.3022247,0.63029575,0.62430316,0.41973054,-0.21515259,-0.39945844,0.17333011,-0.5777708,0.034235545,-0.2663245,0.05107867,-0.33298898,0.00822069,-0.064852454,0.39888,-0.4186738,-0.19308716,-0.10100324,0.54104495,0.14274886,0.0016446459,-0.59561944,-0.2738174,-0.18159135,-0.065256156,-0.500424,-0.5231916,0.21023916,-0.1218455,-0.15246014,-0.13347907,0.040101837,0.099478975,-0.5321637,-0.23720203,-0.2918225,-0.27639714,-0.2631902,-0.08883529,0.046494596,0.064458475,0.07558673,-0.021076798,0.01320976,0.26660684,-0.06564903,-0.2659832,-0.0021464399,0.0880566
0.65776753,0.51965606,1.0,0.5148633,-0.34061486,-0.38037887,0.68562853,0.50426966,-0.36188847,-0.39762577,-0.08952685,0.50676835,0.14925186,0.17644827,-0.121449575,-0.068568476,0.18539238,0.40640154,0.6280781,0.65389955,-0.11600263,0.0748887,0.6785856,0.45976305,-0.020113235,-0.26731157,-0.54924583,-0.5204127,0.28434527,0.23100777,0.053394414,-0.17584665,0.33835357,0.17150599,0.0381487,0.14132303,-0.031504467,0.16130733,-0.013492889,-0.06049984,0.05444171,-0.0046767397,0.33712786,0.1555083,0.39623526,0.2563687,0.3742397,0.3174316,-0.06525707,0.1155792,0.38991946,0.3760375,0.51752496,0.0034926797,0.08972698,-0.1748635,0.5858097,0.5832252,0.3635274,0.35275733,0.64329463,0.35461873,0.58686805,0.5408299,0.13585919,0.06417054,0.34799623,0.3572846,0.5902752,0.54093367,0.42694178,-0.2872138,-0.20810588,0.30701882,-0.2727773,0.062206708,-0.12869625,0.1533416,-0.30165464,-0.01791725,0.026813032,0.108335845,-0.26595113,-0.1975136,0.40045226,0.35386476,0.21014419,-0.07741176,-0.3378828,-0.38100192,-0.1143311,-0.23944764,-0.3808186,-0.5450827,0.32617036,0.15998833,0.15490247,0.024518304,-0.03936695,0.13742033,-0.43436635,-0.28463548,-0.2625797,-0.11574375,-0.28838652,0.03425306,0.03379237,0.002122757,-0.042903468,0.23160891,0.3259922,0.23629932,0.07636306,-0.07021424,-0.032407317,0.13844647
0.5246819,0.5804918,0.5148633,1.0,-0.5856175,-0.42927137,0.58976907,0.8548731,-0.4198581,-0.28189242,-0.09433093,0.68646795,0.35713127,0.32644048,-0.1426196,-0.2374241,0.28124073,0.5623909,0.6212708,0.6447774,-0.26071548,0.12850222,0.5157004,0.5676142,-0.3398945,-0.22429238,-0.6087161,-0.49182123,0.5246422,0.25357664,0.05981003,0.023915742,0.38145363,0.18234797,-0.031111805,0.17613043,0.009319785,0.23948462,-0.105846785,-0.22616836,0.024835657,-0.081861876,0.2565392,0.20045994,0.2948563,0.1713533,0.15283085,0.20911433,-0.064060874,0.12496423,0.27641138,0.3885947,0.2616686,0.27334285,-0.11219942,-0.11582236,0.55321836,0.69864684,0.34782487,0.42662,0.5717564,0.2363268,0.5498379,0.59178597,0.12403221,0.20046307,0.24933055,0.44448498,0.53693634,0.3951218,0.32263345,-0.042268425,-0.2272914,0.2704176,-0.4349447,0.12830748,-0.07594935,0.12386945,-0.24844463,0.15665978,0.21399477,0.6639901,-0.25120643,-0.043225765,0.016468586,0.6299476,0.19880839,-0.014660327,-0.563808,-0.11909034,-0.17568669,-0.11987318,-0.2779722,-0.37679607,0.120040864,-0.013215432,-0.11006276,0.09415103,-0.0051592235,0.16671807,-0.3047704,-0.1676244,-0.063631035,-0.110934876,-0.046459585,0.07767929,0.18242912,0.19957845,0.059997763,0.009840979,-0.02744755,0.14464885,0.13551357,0.07925639,0.17231943,0.24520011
-0.38719785,-0.4643979,-0.34061486,-0.5856175,1.0,0.66324055,-0.26154143,-0.5976588,0.7209231,0.50657606,0.3652538,-0.36908686,0.032849938,-0.08576228,0.46962962,0.39267296,0.034217983,-0.32021922,-0.3714369,-0.40991437,0.2640973,0.07726957,-0.18433593,-0.14977905,0.6041793,0.40813673,0.8297355,0.7888423,-0.18159369,0.04300102,0.38601133,0.20202136,-0.14602001,0.050652534,0.10774635,0.020054268,0.17548643,-0.034040604,0.18610097,0.23157647,-0.15819202,0.08324452,-0.137338,-0.10187542,-0.27017683,-0.28376266,0.09260265,0.022454778,-0.11023585,-0.215276,-0.25189403,-0.41837293,-0.08686939,-0.21051492,0.2523551,0.38982245,-0.37180328,-0.57116866,-0.38846824,-0.221009,-0.5750444,-0.394012,-0.56155837,-0.5580868,-0.11950563,-0.30357802,-0.31925267,-0.31362686,-0.32057896,-0.4225896,-0.22268553,0.2968707,0.40821528,-0.08260246,0.56788826,-0.11464305,0.14223844,0.00310804,0.37313884,-0.06706301,0.061425146,-0.41381443,0.5477833,0.1925185,0.1675683,-0.48197082,-0.10190119,0.038788754,0.677513,0.38887247,0.355637,0.40687525,0.43732095,0.48754972,0.13727252,0.18724011,0.24101241,0.05999028,0.20541383,0.1312129,0.48667237,0.40722436,0.34841758,0.48549324,0.44109473,0.34923178,-0.031122597,0.17912242,0.17467913,0.22809047,0.1929484,-0.009256851,-0.02561092,0.14080617,0.18957435,-0.0027347978
-0.5611253,-0.5988749,-0.38037887,-0.42927137,0.66324055,1.0,-0.30246213,-0.5145849,0.67627186,0.718054,0.31896216,-0.38942286,0.07484836,0.06653339,0.5431158,0.5446651,-0.046943307,-0.50483596,-0.4527038,-0.4893112,0.34432068,0.2211991,-0.10982241,0.07934319,0.4664161,0.5767097,0.7192297,0.75940335,-0.12209322,-0.069871515,0.44552365,0.31113094,-0.31861126,-0.05832698,0.0049300706,0.022080496,0.2707888,-0.07777679,0.25978482,0.31067067,0.036229752,0.070300706,-0.2439873,-0.06269532,-0.4467118,-0.21100502,-0.047022708,-0.06818585,-0.20585307,-0.29514483,-0.2565547,-0.47407174,-0.15557912,0.047207102,0.24523534,0.28955948,-0.5873975,-0.63520634,-0.25006285,-0.31151605,-0.62273645,-0.3253898,-0.60467756,-0.5976365,-0.32015827,-0.20738128,-0.4064384,-0.3815184,-0.47906744,-0.49677527,-0.17231408,0.33093816,0.4647621,-0.13843855,0.56843114,-0.037576366,0.36865622,0.03770766,0.4323694,-0.18031825,0.07583963,-0.21916711,0.525457,0.3373407,0.104958475,-0.30231017,-0.08551356,0.12446239,0.6155552,0.53621435,0.26453346,0.31895855,0.49011776,0.6367094,0.012262646,0.16734864,0.17729682,0.1681427,0.16334517,0.082875095,0.55718195,0.474951,0.52655846,0.5290517,0.53214717,0.35165364,-0.10339013,0.06939321,0.17814489,0.1172708,0.12998897,-0.05687825,0.06271326,0.31025028,0.27657026,-0.0049088597
0.7129783,0.42674875,0.68562853,0.58976907,-0.26154143,-0.30246213,1.0,0.48102328,-0.217144,-0.38091353,0.19686668,0.57443947,0.409263,0.17626889,0.06477534,-0.039489303,0.35895556,0.5168975,0.6723487,0.62869644,-0.13020122,0.17767337,0.5207728,0.49071229,0.013342185,-0.20850046,-0.4418311,-0.3461371,0.4869133,0.47495311,0.27815375,-0.00625986,0.49631414,0.36860067,0.15426877,0.26752427,0.11977461,0.3805575,0.12708475,0.07977282,0.027956843,0.16205318,0.5347331,0.3725902,0.4029477,0.26333413,0.50337464,0.4505616,-0.08473231,0.09790997,0.44547796,0.28185368,0.4482064,0.06557042,0.28757754,0.07280703,0.64386445,0.4735014,0.24395926,0.29395807,0.52554095,0.20107,0.58964014,0.43347758,0.14765982,-0.04907291,0.3338446,0.5037762,0.5143646,0.46959478,0.35753438,-0.12584639,0.0468766,0.5136597,-0.11446373,0.22466311,-0.025900036,0.28262052,-0.15848108,0.22102477,0.2534509,0.18531612,-0.07286038,-0.114260055,0.4608871,0.27097103,0.1844077,-0.115674645,-0.18676172,-0.29073292,0.13589297,-0.095997624,-0.20949973,-0.4497439,0.3328929,0.29410022,0.27710208,0.2210087,0.25265783,0.37744182,-0.17918852,-0.2640926,-0.044117182,0.05608682,0.022529753,0.2891608,0.2828817,0.24772967,0.06966171,0.32249492,0.35746643,0.3745243,0.12510788,0.10391658,0.21085605,0.23860492
0.55934143,0.70624155,0.50426966,0.8548731,-0.5976588,-0.5145849,0.48102328,1.0,-0.49832273,-0.2932458,-0.18884364,0.6895342,0.28472543,0.37613937,-0.19667733,-0.30038115,0.2256493,0.63338494,0.6662773,0.72240055,-0.2639996,-0.023978742,0.43333676,0.5005049,-0.40501308,-0.30887035,-0.6385333,-0.53585386,0.50156915,0.16240324,-0.031166514,-0.04288861,0.35410938,0.105979346,-0.07786454,0.06915035,-0.07862509,0.14241119,-0.21424602,-0.30811682,-0.020308578,-0.15166701,0.25435257,0.17534304,0.32834142,0.14950228,0.18179701,0.200039,0.03714496,0.23808034,0.25390002,0.44573778,0.28364146,0.2653347,-0.1534692,-0.093287274,0.58347845,0.79281163,0.39479434,0.49843258,0.61916023,0.28091118,0.5432494,0.675215,0.1691767,0.24033105,0.30534783,0.41062394,0.6089606,0.48588046,0.3264436,-0.062054813,-0.34876087,0.16835709,-0.5606423,-0.0113116065,-0.23302045,0.005864202,-0.3183761,0.11409526,0.123689346,0.6813026,-0.31796342,-0.11271877,-0.13277696,0.6705582,0.22589305,0.0041531622,-0.6415998,-0.1367426,-0.18079743,-0.063198015,-0.35760513,-0.4117341,0.1349226,-0.07193431,-0.18391117,-0.019567672,-0.0065432424,0.14519602,-0.40519506,-0.16051525,-0.14946862,-0.20089507,-0.11832501,0.008176587,0.105193555,0.15276882,0.094562925,-0.06873947,-0.0855856,0.15710956,0.13339618,-0.04280045,0.11115263,0.20933981
-0.52289224,-0.50616217,-0.36188847,-0.4198581,0.7209231,0.67627186,-0.217144,-0.49832273,1.0,0.5414136,0.31460577,-0.3425033,0.08433332,-0.04974916,0.53909,0.4200912,0.013249986,-0.37616017,-0.33515233,-0.39664778,0.29227734,0.20671014,-0.115834184,-0.06575613,0.47229388,0.6209863,0.7492176,0.7154415,-0.085489295,-0.002325056,0.4435823,0.2280359,-0.16641866,0.05188324,9.405386e-06,-0.039830126,0.3638417,0.0037925167,0.19348916,0.2526127,0.0434357,0.1556862,-0.22549073,-0.056392636,-0.35092366,-0.2668948,-0.029237537,-0.031136736,-0.20073868,-0.31712687,-0.35406825,-0.4015426,-0.106630586,-0.083132476,0.304325,0.3298879,-0.45421135,-0.6132967,-0.31946036,-0.30726576,-0.5867498,-0.26864818,-0.62020105,-0.66314167,-0.38183522,-0.3162965,-0.354025,-0.31518188,-0.35137683,-0.42203707,-0.25711283,0.3021273,0.5239499,-0.0652142,0.57779944,0.00066280394,0.25768057,0.037730444,0.3537141,-0.07417108,0.10981036,-0.28835514,0.5424247,0.3127871,0.0916379,-0.3821194,-0.016351255,0.08251068,0.5903514,0.46400067,0.31254414,0.34744826,0.471748,0.53224504,0.1379651,0.18505086,0.21291825,0.13685654,0.21379523,0.15106317,0.55093306,0.4618455,0.42591858,0.5408496,0.47624207,0.38152307,0.025106106,0.16165392,0.19723238,0.18762429,0.13548861,-0.0012514893,0.04589043,0.3371441,0.2523097,0.15425952
-0.5929952,-0.46030226,-0.39762577,-0.28189242,0.50657606,0.718054,-0.38091353,-0.2932458,0.5414136,1.0,0.26874042,-0.31764904,0.13006361,0.22715366,0.53744924,0.5374448,-0.11514638,-0.4004581,-0.44481683,-0.41997015,0.33170155,0.1822501,-0.087189764,0.10804795,0.2985989,0.47023305,0.62168336,0.6550305,-0.046671215,-0.05661539,0.40205044,0.36478063,-0.35926208,-0.0986819,-0.02352219,0.0047444957,0.28974646,-0.09527241,0.16615507,0.27072954,-0.055991992,0.017672874,-0.29616368,-0.09656143,-0.46822438,-0.23368795,-0.18072481,-0.1649853,-0.15283325,-0.31460422,-0.29274768,-0.40887997,-0.18310983,0.106783494,0.13795866,0.29019752,-0.5878324,-0.49744833,-0.30419526,-0.16616724,-0.5826378,-0.3186822,-0.5403435,-0.51605976,-0.27046803,-0.1544951,-0.39810103,-0.31187558,-0.4071905,-0.51748234,-0.1414902,0.4773313,0.35795254,-0.12320355,0.4347205,-0.06470746,0.28854913,-0.04962111,0.37671095,-0.08770035,0.08482574,-0.020385727,0.530725,0.3339368,-0.03579109,-0.14880212,0.034723036,0.21725252,0.5228231,0.54795986,0.28496888,0.3896792,0.502337,0.6309647,0.004527417,0.11411941,0.07447556,0.11667269,0.14269182,0.12015628,0.48383203,0.4669051,0.47860733,0.434796,0.5042754,0.25778958,-0.14418273,0.10241816,0.23908754,0.034895383,-0.060249586,-0.10378281,0.11010817,0.2587379,0.26673713,0.03302113
0.05086604,-0.25667974,-0.08952685,-0.09433093,0.3652538,0.31896216,0.19686668,-0.18884364,0.31460577,0.26874042,1.0,0.15159824,0.62883955,0.19476302,0.5750771,0.36910805,0.37059847,0.0412117,0.009565266,-0.09540124,0.21990657,0.35005665,0.02126725,0.1616151,0.25638324,0.2694993,0.29757854,0.41205615,0.34392643,0.46131787,0.4757824,0.31253862,0.24077226,0.33449152,0.20524502,0.22149917,0.18184808,0.18966995,0.31944954,0.19442709,-0.13137637,0.27876857,0.14166993,0.06549461,-0.14264123,0.021729844,0.082056805,0.013341531,-0.15703505,-0.18730034,0.043414924,-0.19797067,-0.096934535,0.009324705,0.32174122,0.28710705,-0.0004672339,-0.22306526,-0.28240362,-0.098705865,-0.3317355,-0.21424061,-0.104638115,-0.22065136,-0.017566407,-0.17956844,-0.08927563,0.06068045,-0.0993718,-0.23323458,0.020433154,0.36303395,0.5316119,0.32795668,0.512169,0.21602173,0.27365267,0.19963689,0.45326838,0.3340985,0.52738225,0.016022265,0.4115708,0.20890766,0.37582612,-0.2369596,-0.06592273,-0.14568993,0.5125096,0.28555903,0.41603646,0.39934447,0.5034552,0.32368293,0.021477636,0.20690596,0.1584726,0.18880667,0.2673592,0.2974908,0.49446332,0.15746868,0.4894542,0.49105757,0.54113805,0.53314286,0.18848158,0.29832485,0.1674907,0.20168614,0.074065246,0.011309075,0.082961045,0.34333822,0.41453677,0.061744247
0.5836417,0.5646221,0.50676835,0.68646795,-0.36908686,-0.38942286,0.57443947,0.6895342,-0.3425033,-0.31764904,0.15159824,1.0,0.39549115,0.26703227,-0.07699624,-0.13757633,0.5661474,0.72610205,0.66222095,0.6454098,-0.25376642,0.18634467,0.36006662,0.5059669,-0.23553953,-0.10787099,-0.502449,-0.41258872,0.57895106,0.4936077,0.10359062,0.078691214,0.37711555,0.115965106,-0.12027888,-0.0072196843,0.0041045407,0.22569372,-0.026967302,-0.1923397,0.03810651,-0.017844269,0.2903922,0.1413427,0.27247456,0.09536774,0.32135716,0.3389543,-0.083884306,0.10410733,0.26813778,0.28520972,0.24863352,0.2195938,0.0030435175,-0.0030396823,0.70330024,0.6850739,0.28099385,0.3644505,0.48858747,0.10402314,0.5891862,0.62501484,0.043851666,0.008969457,0.10183431,0.25788197,0.56304985,0.3642528,0.30089065,-0.017760579,-0.08299077,0.36761594,-0.27551675,0.10837278,-0.08925853,0.18448257,-0.14678392,0.20262273,0.29643324,0.5523804,-0.15816605,-0.051457502,0.06516353,0.49853933,0.00019001459,-0.17334484,-0.4557533,-0.18586941,-0.02768131,0.07675317,-0.23482947,-0.36167082,0.1822681,0.078955024,-0.1036907,0.09090658,0.06174254,0.32276082,-0.27776173,-0.118929006,-0.032810125,0.019510185,0.018607095,0.24168412,0.33034828,0.37094256,0.078939766,-0.050657645,-0.0047032177,0.22942422,0.10509195,0.05262011,0.21491335,0.19352344
0.23638672,0.053298842,0.14925186,0.35713127,0.032849938,0.07484836,0.409263,0.28472543,0.08433332,0.13006361,0.62883955,0.39549115,1.0,0.3379141,0.49225876,0.2424083,0.40331107,0.2305068,0.28695953,0.16134298,-0.022247445,0.3208611,0.27625507,0.42451823,0.050363787,0.1613311,-0.048508327,0.115704514,0.5671951,0.42460993,0.4995975,0.31319952,0.34225935,0.35191455,0.11747447,0.22499698,0.19077227,0.26465788,0.2358211,0.052018385,-0.01610429,0.18174593,0.19876988,0.1142439,-0.037177593,0.059916772,0.090341985,0.012636416,-0.10391891,-0.06885391,0.13635999,-0.017273068,-0.0044274786,0.16928193,0.12713552,0.18630132,0.18313561,0.14136843,-0.06916994,0.17028828,-0.01937351,-0.07718347,0.10759274,0.09650766,0.0413235,-0.08352529,0.0339702,0.203204,0.16595113,-0.031996254,0.20877957,0.33875275,0.3829563,0.38629737,0.17738977,0.13638175,0.28281873,0.20516919,0.20766744,0.25622794,0.46031186,0.36404583,0.22710326,0.20323609,0.24760917,0.09332039,0.11693237,-0.12687264,0.12769203,0.2169329,0.22327894,0.29473555,0.27516437,0.12960276,0.114824034,0.1366188,0.03086543,0.16749698,0.16510002,0.32403588,0.2621999,0.08985215,0.31161302,0.31567457,0.35994542,0.37591174,0.1773166,0.2157658,0.18314919,0.12587069,0.022396611,-0.05009137,0.06342105,0.28472883,0.32866922,0.18551113
0.08912177,0.23215933,0.17644827,0.32644048,-0.08576228,0.06653339,0.17626889,0.37613937,-0.04974916,0.22715366,0.19476302,0.26703227,0.3379141,1.0,0.23687904,0.3803824,0.22326264,0.12305499,0.2494229,0.28156465,0.06816488,-0.037897468,0.2852385,0.45549393,0.08734379,0.03284905,-0.11262579,0.044168316,0.46265516,0.14349143,0.33858994,0.2751482,0.045009974,0.027066989,-0.014409204,0.15201874,0.2252697,0.1221971,-0.059716273,0.051062394,-0.09256612,-0.12714551,0.12780167,0.13847607,0.08149391,-0.10336156,0.21364917,0.20148513,-0.052850805,0.09339833,0.014369283,-0.028089114,0.28954113,0.35337126,0.16561286,0.19635046,0.09241396,0.20645009,-0.012249478,0.32328016,0.09942256,0.03918338,0.023628535,0.1929868,0.1150386,-0.024906293,0.05780889,0.16785714,0.14273582,0.21897393,0.27851593,0.32598394,0.089796886,0.09464628,0.017443765,-0.037088804,0.124483295,0.06100014,0.25101525,-0.081815235,0.22888678,0.30961868,0.09656566,-0.045887377,-0.02430328,0.26703832,-0.027567355,-0.21484497,-0.02956017,0.38452622,0.080417834,0.4136474,-0.021783136,0.20321967,0.11316982,-0.023901759,0.00037842902,-0.05916259,0.18817338,0.21561821,-0.06326316,0.2250711,0.15464428,0.1387162,0.18907033,0.20964143,-0.009214684,0.11906348,0.30113307,0.041691884,0.06008366,0.16595149,0.13115847,-0.024652163,0.18622307,0.07821882
-0.19176714,-0.33146432,-0.121449575,-0.1426196,0.46962962,0.5431158,0.06477534,-0.19667733,0.53909,0.53744924,0.5750771,-0.07699624,0.49225876,0.23687904,1.0,0.5507924,0.12550683,-0.16264302,-0.043819822,-0.15460294,0.3235714,0.32723632,0.06431632,0.19571833,0.4369355,0.37379318,0.49413446,0.59343785,0.2733517,0.23804744,0.69169927,0.34769613,0.0016024269,0.19155559,0.16865921,0.1698827,0.38586077,0.09578442,0.34617925,0.3288927,-0.017872991,0.2352475,0.100947455,0.16008273,-0.30425897,-0.050636567,0.075936854,0.10096131,-0.120264985,-0.22537243,-0.19004354,-0.28166467,-0.06623908,0.09036114,0.42943543,0.41814622,-0.24122043,-0.33245054,-0.33305797,-0.07355531,-0.44644296,-0.20140952,-0.33961123,-0.36191148,-0.22970843,-0.25859675,-0.22383325,-0.042331006,-0.18212166,-0.28582862,-0.049264774,0.32791117,0.588531,0.14199345,0.51759034,0.0030742094,0.28681672,0.13573806,0.4383964,0.09431692,0.29817435,-0.07396656,0.5990017,0.4537833,0.33400768,-0.13537094,0.23838547,0.18588781,0.5997351,0.44109455,0.50419915,0.46777713,0.58166337,0.5600124,0.22500533,0.36661184,0.34185198,0.35504428,0.37600657,0.4003187,0.58797586,0.4194758,0.55183876,0.6266211,0.6144115,0.5871724,0.10642403,0.30592817,0.28036147,0.38994125,0.26300555,0.083096705,0.2695599,0.46050072,0.5130248,0.21770479
-0.27410573,-0.35751152,-0.068568476,-0.2374241,0.39267296,0.5446651,-0.039489303,-0.30038115,0.4200912,0.5374448,0.36910805,-0.13757633,0.2424083,0.3803824,0.5507924,1.0,0.14372458,-0.30159572,-0.11494817,-0.17628786,0.3734016,0.2992952,0.033326007,0.14573324,0.3305697,0.46031222,0.40658557,0.477957,0.13327645,0.29176384,0.452283,0.41479704,-0.11322752,0.124097146,0.07754084,0.07475597,0.45947316,0.17410782,0.34047782,0.46059325,0.16783847,0.1391966,0.07120631,0.10989346,-0.16828527,0.003671358,0.15299103,0.0950414,-0.062273372,-0.23791909,-0.11718016,-0.2513321,0.16932462,0.09759241,0.38944972,0.3562453,-0.25388432,-0.37814844,-0.22956498,-0.053787626,-0.27715304,-0.12497445,-0.24752028,-0.29324716,-0.17640291,-0.20602627,-0.15350714,-0.09042957,-0.10306079,-0.22799957,0.0016665307,0.3087144,0.45739263,0.13560909,0.53072435,0.022141239,0.3235068,0.114859395,0.27744922,-0.03879488,0.14400913,-0.24850552,0.6049435,0.27822343,0.2895308,-0.33541062,-0.0487989,-0.20530425,0.54424435,0.36699367,0.3054172,0.36312535,0.3409426,0.47366008,0.13324617,0.26800925,0.26402456,0.1564844,0.20546958,0.2465859,0.36961067,0.40245125,0.349349,0.47958592,0.38655195,0.41986215,-0.0027006986,0.12782547,0.1835461,0.20710929,0.2172058,0.0864622,0.06921759,0.30718386,0.26007545,0.12239161
0.33654574,0.16424629,0.18539238,0.28124073,0.034217983,-0.046943307,0.35895556,0.2256493,0.013249986,-0.11514638,0.37059847,0.5661474,0.40331107,0.22326264,0.12550683,0.14372458,1.0,0.55814177,0.46699643,0.28993526,0.029517515,0.1768546,0.20754836,0.25378335,0.167568,0.06624599,-0.120682254,-0.013513366,0.5860054,0.5451719,0.25931612,0.32084852,0.384427,0.27280778,-0.23143016,-0.13698445,0.2530865,0.26527113,0.14990097,0.04395418,-0.030367406,0.058960922,0.110859476,-0.02466553,0.048129577,-0.08542729,0.21524915,0.22228822,-0.32236335,-0.037600845,0.22293964,0.04548286,0.104501896,0.11062598,0.12202817,0.23171791,0.55685437,0.28507972,0.10739483,0.1816298,0.09909729,-0.08790244,0.23946406,0.23268585,-0.11274431,-0.21280637,-0.13052662,-0.0070402487,0.3984716,0.15353088,0.14856558,0.19647518,0.2410394,0.36581314,0.113951005,0.1575591,0.034057077,0.21262169,0.18238822,0.14815849,0.33671984,0.17253704,0.1260579,0.07700504,0.2100254,0.10803247,-0.08660541,-0.3397821,-0.0027127168,0.15332207,0.15526824,0.34986436,0.0007362232,-0.024627142,0.14995953,0.14252214,0.023138452,0.062301777,0.18333419,0.4313468,0.06331422,0.18446258,0.15952757,0.3024739,0.3192102,0.4589408,0.49204943,0.44956285,0.21803498,0.14345013,0.05725256,0.21293116,0.061221432,0.24019262,0.34916475,0.1858794
0.65884936,0.6227074,0.40640154,0.5623909,-0.32021922,-0.50483596,0.5168975,0.63338494,-0.37616017,-0.4004581,0.0412117,0.72610205,0.2305068,0.12305499,-0.16264302,-0.30159572,0.55814177,1.0,0.69053245,0.660824,-0.15471813,0.030963888,0.20345278,0.21471721,-0.20885403,-0.32973197,-0.4493631,-0.3695307,0.559923,0.48021898,-0.0068831057,-0.015499889,0.5609184,0.2863829,-0.051674988,-0.03693836,-0.025850492,0.2186865,-0.11595333,-0.12614697,-0.12987174,0.020874774,0.35509646,0.22278158,0.36007652,0.05555749,0.35863593,0.34763345,0.008258535,0.22716895,0.37041932,0.34769288,0.22461335,0.0010112429,0.025622293,0.08232157,0.786336,0.69494504,0.264879,0.44161385,0.5402112,0.14006323,0.57125396,0.55444825,0.18536907,0.009934341,0.28542158,0.33943382,0.6671862,0.48164302,0.26545188,-0.038813375,-0.17421244,0.39140236,-0.34021363,0.06125692,-0.35866052,0.061240442,-0.19592431,0.36293724,0.29920128,0.4770387,-0.11748666,-0.06315842,0.008239969,0.4054312,0.12272397,-0.059315205,-0.39945272,-0.22582613,0.017355388,0.031872436,-0.2920127,-0.4405511,0.20516546,0.1304624,0.034647375,0.048242368,0.16233963,0.29590002,-0.2726714,-0.16835159,-0.1505097,-0.102537654,-0.014761309,0.1741752,0.40988475,0.39652246,0.19515345,0.09239927,0.038393937,0.32060003,0.096059754,-0.024568835,0.20646025,0.23819387
0.7438387,0.6286773,0.6280781,0.6212708,-0.3714369,-0.4527038,0.6723487,0.6662773,-0.33515233,-0.44481683,0.009565266,0.66222095,0.28695953,0.2494229,-0.043819822,-0.11494817,0.46699643,0.69053245,1.0,0.7987218,-0.12773761,0.046044208,0.42074275,0.378287,-0.17475472,-0.3147948,-0.5397362,-0.4267554,0.5599133,0.3610059,0.05582256,-0.02337864,0.60077316,0.37070894,-0.034797676,0.067777544,0.023315884,0.25431505,-0.055635914,-0.13243923,0.011970755,0.030110419,0.39837593,0.20944843,0.44615802,0.20042945,0.40651146,0.366858,-0.028991668,0.20819373,0.34147823,0.3902032,0.3874131,0.061082985,0.08490864,0.06166073,0.73346275,0.70018333,0.3593975,0.4133467,0.6174067,0.26444584,0.6074809,0.60946405,0.10634559,0.05117614,0.3488452,0.37775335,0.76793975,0.5574933,0.31710336,-0.17174082,-0.1800373,0.34535384,-0.3801045,0.041285984,-0.28522056,0.07019618,-0.22628137,0.1999515,0.14789326,0.35110202,-0.16412878,-0.06408386,0.15696163,0.43746567,0.21346577,-0.110949636,-0.41956156,-0.18699111,-0.0150343105,-0.0156992,-0.28355616,-0.43196166,0.2983619,0.11817025,0.045901757,0.06100477,0.15537286,0.30186358,-0.27260602,-0.12117326,-0.13595523,-0.020751465,-0.076751925,0.23877782,0.26957512,0.21402153,0.090019345,0.16559109,0.17808028,0.3079748,0.12704243,0.10776435,0.20236734,0.24402039
0.7263174,0.6962567,0.65389955,0.6447774,-0.40991437,-0.4893112,0.62869644,0.72240055,-0.39664778,-0.41997015,-0.09540124,0.6454098,0.16134298,0.28156465,-0.15460294,-0.17628786,0.28993526,0.660824,0.7987218,1.0,-0.15261738,-0.030938528,0.3814163,0.43010798,-0.2795779,-0.34371713,-0.5479084,-0.46810308,0.41838485,0.25559402,-0.020978455,-0.09342637,0.52132666,0.2651851,0.04085383,0.08781488,-0.0086076185,0.227431,-0.17211613,-0.19044763,-0.08616633,-0.028833495,0.37452328,0.25001222,0.47927573,0.15365943,0.37796423,0.33152822,0.047911238,0.24954824,0.32487738,0.51760894,0.4692832,0.071960114,0.09201207,0.0024943983,0.71629417,0.71946496,0.40967223,0.43893856,0.710131,0.37714368,0.57124895,0.5756713,0.15906726,0.1921643,0.4047287,0.46270624,0.7335246,0.6343887,0.24204417,-0.16414216,-0.25445774,0.24417168,-0.4209263,-0.027705844,-0.36877355,0.023421513,-0.31874922,0.09794961,0.15393513,0.39529762,-0.2592346,-0.25847974,0.08063231,0.44595563,0.10751212,-0.13592342,-0.45963517,-0.2979358,-0.015568777,0.0022517918,-0.31790364,-0.48196998,0.2014785,0.06988163,0.021627713,0.0035474177,0.121385634,0.31780252,-0.3399804,-0.103210814,-0.10582082,-0.05038397,-0.094175875,0.17020516,0.20306954,0.21794681,0.1281876,0.062034063,0.097012654,0.27839226,0.14686112,0.0041831015,0.16375554,0.30186448
-0.16633296,-0.27693486,-0.11600263,-0.26071548,0.2640973,0.34432068,-0.13020122,-0.2639996,0.29227734,0.33170155,0.21990657,-0.25376642,-0.022247445,0.06816488,0.3235714,0.3734016,0.029517515,-0.15471813,-0.12773761,-0.15261738,1.0,0.16705425,-0.06986909,-0.10089184,0.25200814,0.2560367,0.29846638,0.3331938,-0.039333552,-0.0019430714,0.21359588,0.1389922,-0.106948026,0.033692587,-0.029673232,-0.049080934,0.2950142,-0.052720394,0.116864465,0.21259308,0.039508708,0.06984122,0.04195224,0.17392954,-0.21316496,-0.013867482,0.08342601,0.040612116,-0.13850911,-0.19297414,0.03741521,-0.13718824,0.17591554,-0.089642234,0.41889948,0.29002312,-0.14858967,-0.2883248,-0.10483358,-0.14875963,-0.25836894,-0.058571227,-0.17535825,-0.29569942,-0.16883779,-0.23222038,-0.09794364,-0.055992767,-0.1668668,-0.12699634,-0.011287328,0.14638269,0.2562287,-0.038640488,0.31506014,0.09650624,-0.02090284,-0.098959945,0.16313358,-0.040315866,0.028569236,-0.24748862,0.2875112,0.18883385,0.21127756,-0.23305173,-0.05329538,0.032479253,0.44966963,0.22565189,0.35267293,0.2639328,0.279369,0.33496767,0.062386338,0.3168442,0.3198112,0.07627343,0.29445136,0.15350369,0.3419714,0.33300728,0.37394282,0.41350338,0.3371127,0.35434276,0.09696123,0.15693568,0.27577934,0.29341552,0.18663591,0.17629154,0.26444343,0.28667486,0.26191533,0.18481287
-0.05590637,-0.16971497,0.0748887,0.12850222,0.07726957,0.2211991,0.17767337,-0.023978742,0.20671014,0.1822501,0.35005665,0.18634467,0.3208611,-0.037897468,0.32723632,0.2992952,0.1768546,0.030963888,0.046044208,-0.030938528,0.16705425,1.0,0.08589631,0.14145505,0.027465405,0.36307606,0.07226081,0.123038925,0.24232182,0.38411474,0.33133674,0.30736184,0.069532506,0.16910353,0.04430644,0.11448306,0.2013456,0.16345207,0.40384227,0.20072548,0.182068,0.3250542,0.09052458,0.09899642,-0.12001001,0.14743716,0.03472632,0.06737024,-0.1529904,-0.31276953,-0.0029561268,-0.10878314,-0.063445605,-0.030211603,0.18715063,0.07147445,-0.011189296,-0.13280116,-0.1186454,-0.1282093,-0.12357905,-0.05789389,0.020816842,-0.13829587,-0.18489464,-0.2147939,-0.17849986,0.0050174133,-0.033369996,-0.19020247,0.1955845,0.17140444,0.42085567,0.36449388,0.3364546,0.36694154,0.20049869,0.20401604,0.09457752,0.22005162,0.28240034,0.11363336,0.32499325,0.255463,0.20066787,-0.06414925,0.0096850125,-0.0943426,0.15183005,0.05902451,0.08749871,-0.034654927,0.21565394,0.15815353,0.10321821,0.2978343,0.16375434,0.35592622,0.10004286,0.092452385,0.21518748,0.14593762,0.2302174,0.30312967,0.22442137,0.29543447,0.18234764,0.22420482,0.0018148172,0.2029883,0.08046454,0.047861915,0.051806927,0.3484508,0.37423438,0.13608854
0.3201547,0.31150386,0.6785856,0.5157004,-0.18433593,-0.10982241,0.5207728,0.43333676,-0.115834184,-0.087189764,0.02126725,0.36006662,0.27625507,0.2852385,0.06431632,0.033326007,0.20754836,0.20345278,0.42074275,0.3814163,-0.06986909,0.08589631,1.0,0.60771,0.22068049,-0.062058583,-0.30363163,-0.28527483,0.34270975,0.07889281,0.23998822,-0.020550512,0.19345927,0.16672355,0.0078500295,0.2339351,0.02569154,0.0977304,0.08586725,0.11742223,0.11038502,-0.058321062,0.22358981,0.11141837,0.17821997,0.14073418,0.25027975,0.2459269,-0.14944506,0.06682785,0.08085106,0.19072628,0.33166027,0.115715735,0.049090188,-0.078826785,0.3243368,0.38384005,0.25360283,0.17705491,0.3448185,0.23919709,0.25926495,0.31793576,0.04845923,0.049094617,0.16849092,0.24337849,0.37130758,0.20745379,0.34762892,-0.059046883,-0.042578835,0.1580671,-0.1492556,0.032451153,0.12128104,0.15125214,-0.03886595,-0.085123934,0.012973341,0.16016093,-0.094404444,0.101277836,0.44184926,0.45114818,0.33720195,0.1623889,-0.17845461,0.066908665,-0.016161492,-0.052284103,-0.13662758,-0.20157553,0.3552284,0.15286587,0.19658835,0.045048688,0.016595595,0.09003144,-0.21175668,-0.047751024,-0.01085644,0.098233975,-0.0332842,0.16826126,-0.032177344,0.023191923,0.013257931,0.3519371,0.42077753,0.1947847,0.14147638,0.15482578,0.07452385,0.04699587
0.264925,0.2958792,0.45976305,0.5676142,-0.14977905,0.07934319,0.49071229,0.5005049,-0.06575613,0.10804795,0.1616151,0.5059669,0.42451823,0.45549393,0.19571833,0.14573324,0.25378335,0.21471721,0.378287,0.43010798,-0.10089184,0.14145505,0.60771,1.0,0.04362034,0.052829143,-0.19109005,-0.11967066,0.37747464,0.25601065,0.4070806,0.23559286,0.21455823,0.20549358,0.056084853,0.22865377,0.04243149,0.09156664,-0.06264657,-0.020917123,-0.035312496,-0.08481659,0.13758415,0.08454912,-0.03194415,0.03149627,0.16026902,0.17662616,-0.17051773,-0.013056591,0.08765494,0.107812084,0.25355673,0.29613706,0.0067266156,-0.06736077,0.23684509,0.34078977,0.23565035,0.21056299,0.2288772,0.090018325,0.23234598,0.27235395,-0.019474676,0.04643376,0.016504731,0.24075152,0.2915204,0.08582639,0.28507924,0.12634698,0.073337026,0.18873663,-0.074430175,-0.021450346,0.15487313,0.07520849,0.011360492,-0.049688295,0.2606255,0.43574956,0.008881652,0.04330684,0.27070874,0.43133935,0.11639619,-0.009908828,-0.14162476,0.13384977,-0.011244423,0.19030128,0.013013273,-0.024773246,0.17937922,0.016034031,-0.027610725,0.04307558,0.02137814,0.23807058,-0.062569104,0.104103826,0.25414252,0.27810314,0.22417586,0.34317312,0.099897176,0.18837522,0.21628155,0.083081655,0.14057161,0.087526634,0.079168364,0.2159458,0.34533143,0.15486313
-0.2062637,-0.35195404,-0.020113235,-0.3398945,0.6041793,0.4664161,0.013342185,-0.40501308,0.47229388,0.2985989,0.25638324,-0.23553953,0.050363787,0.08734379,0.4369355,0.3305697,0.167568,-0.20885403,-0.17475472,-0.2795779,0.25200814,0.027465405,0.22068049,0.04362034,1.0,0.17859723,0.499461,0.48261082,0.016901437,0.10047719,0.445776,0.14062564,-0.08414996,0.051826343,0.07544299,0.14930385,0.16936457,0.05830402,0.22452714,0.35611004,-0.12688486,0.17062902,0.068576284,0.039247744,-0.25990012,-0.18677568,0.25920886,0.24852382,-0.21573813,-0.1520333,-0.1105455,-0.3789066,0.13165303,-0.051122624,0.43658665,0.4109941,-0.13424663,-0.3427419,-0.30068672,-0.053636555,-0.36910582,-0.27435943,-0.3043038,-0.32816982,-0.0025250495,-0.3369664,-0.23976606,-0.13059035,-0.20428213,-0.25766832,0.021523016,0.18839169,0.39515033,0.09784395,0.44716737,-0.047482226,0.1964632,0.13724795,0.40475905,-0.10841033,0.04760781,-0.42300832,0.42901844,0.24087395,0.41139558,-0.24522261,0.03235452,0.098710194,0.5449567,0.39508843,0.43530473,0.37731817,0.26419562,0.4034198,0.3668964,0.3760225,0.49258262,0.16028576,0.3281599,0.23111157,0.31407383,0.3357442,0.29683974,0.44822198,0.3677962,0.37480953,0.100602105,0.20586634,0.16301624,0.5041536,0.5138535,0.19437438,0.15073636,0.22519371,0.18274237,-0.0051414575
-0.4960612,-0.39381328,-0.26731157,-0.22429238,0.40813673,0.5767097,-0.20850046,-0.30887035,0.6209863,0.47023305,0.2694993,-0.10787099,0.1613311,0.03284905,0.37379318,0.46031222,0.06624599,-0.32973197,-0.3147948,-0.34371713,0.2560367,0.36307606,-0.062058583,0.052829143,0.17859723,1.0,0.45847642,0.43234518,0.025793517,0.1142093,0.32324395,0.3122872,-0.2519133,-0.098227434,-0.14587075,-0.18244399,0.4054279,0.11346574,0.23247823,0.2447237,0.24540025,0.07406976,-0.29032767,-0.116791606,-0.38263053,-0.14164214,-0.08988907,-0.05068567,-0.2521031,-0.42643327,-0.31108645,-0.31928772,-0.0463666,0.14275122,0.18696108,0.118812606,-0.42156363,-0.47366193,-0.18028213,-0.38263348,-0.43988103,-0.2521874,-0.41740212,-0.37158298,-0.5355926,-0.3135187,-0.4402419,-0.37291834,-0.33358762,-0.33179662,-0.025837496,0.33743656,0.49504384,0.054399688,0.5581887,0.14638704,0.43138194,0.26699737,0.36131227,-0.025949823,0.17561069,-0.05323334,0.32590756,0.29651505,0.03863871,-0.26021332,-0.08118445,-0.037554353,0.39665005,0.3249387,0.115389526,0.15802184,0.3017149,0.4332676,-0.028871343,0.13513014,-0.025222417,0.18345356,0.0037176874,0.04705398,0.34111747,0.450326,0.36648718,0.45744997,0.36687285,0.33042732,-0.035561386,0.14866595,-0.051630646,7.687438e-05,-0.048035823,-0.02810129,0.0486312,0.32642886,0.22800185,0.15284227
-0.5911874,-0.5861096,-0.54924583,-0.6087161,0.8297355,0.7192297,-0.4418311,-0.6385333,0.7492176,0.62168336,0.29757854,-0.502449,-0.048508327,-0.11262579,0.49413446,0.40658557,-0.120682254,-0.4493631,-0.5397362,-0.5479084,0.29846638,0.07226081,-0.30363163,-0.19109005,0.499461,0.45847642,1.0,0.8452737,-0.2861775,-0.08015294,0.35590628,0.25392044,-0.24750154,0.011596119,0.13951589,0.054918908,0.18230262,-0.11580118,0.200662,0.25333083,-0.102487415,0.0947282,-0.19385937,-0.05856522,-0.3968476,-0.2597006,-0.060564756,-0.07562102,-0.019471262,-0.26746136,-0.34861833,-0.47870186,-0.21273746,-0.1365634,0.24950841,0.37796044,-0.5574353,-0.6973378,-0.47548833,-0.35819215,-0.7046792,-0.39430347,-0.6587097,-0.6776239,-0.20634604,-0.21840937,-0.3458677,-0.3311269,-0.5035584,-0.56763595,-0.33929986,0.3211325,0.39590573,-0.21673717,0.55917656,-0.16383857,0.17022602,-0.091426104,0.3938121,-0.06059059,0.06402294,-0.34137884,0.5999108,0.27152807,0.034104016,-0.46249244,-0.093015954,0.1447485,0.68622196,0.47846124,0.37174824,0.39645132,0.56538147,0.61431843,0.06046945,0.150352,0.212908,0.113020636,0.19638585,0.078019604,0.6080711,0.4427392,0.44134775,0.4764965,0.49550667,0.28140083,-0.066315256,0.11658221,0.16420746,0.1489469,0.10134358,-0.07984243,0.014976536,0.23739034,0.21390094,-0.0034469934
-0.49727112,-0.5722578,-0.5204127,-0.49182123,0.7888423,0.75940335,-0.3461371,-0.53585386,0.7154415,0.6550305,0.41205615,-0.41258872,0.115704514,0.044168316,0.59343785,0.477957,-0.013513366,-0.3695307,-0.4267554,-0.46810308,0.3331938,0.123038925,-0.28527483,-0.11967066,0.48261082,0.43234518,0.8452737,1.0,-0.08978789,0.022358524,0.44209865,0.31937587,-0.17914183,0.03958701,0.11866837,0.052601263,0.23616418,-0.027843388,0.22069882,0.23101467,-0.15716256,0.09456916,-0.19076651,-0.046043932,-0.35669988,-0.28741577,-0.06719641,-0.08617225,-0.104709476,-0.22978204,-0.3176621,-0.4675988,-0.22492842,-0.0898948,0.26608685,0.42873743,-0.5034189,-0.6314437,-0.4614825,-0.22630937,-0.68534017,-0.416592,-0.62013525,-0.6484627,-0.13514264,-0.22008972,-0.3495331,-0.28919637,-0.4409389,-0.5244477,-0.27026576,0.36108172,0.47175413,-0.11016426,0.57843685,-0.090725616,0.17764324,-0.07129975,0.44162613,-0.0012815115,0.18086304,-0.24464226,0.6466482,0.29699796,0.03532364,-0.43070456,-0.098511286,0.07334456,0.7024502,0.54367167,0.37835297,0.47148544,0.59273183,0.64905,0.011427235,0.13893852,0.21258652,0.13848667,0.25179917,0.1601681,0.6547018,0.50370336,0.49524567,0.5290047,0.58034897,0.4010763,0.0048990003,0.22978626,0.28520817,0.16194087,0.06644309,-0.06301107,0.0640148,0.27334362,0.29258722,0.0377494
0.3943813,0.3097338,0.28434527,0.5246422,-0.18159369,-0.12209322,0.4869133,0.50156915,-0.085489295,-0.046671215,0.34392643,0.57895106,0.5671951,0.46265516,0.2733517,0.13327645,0.5860054,0.559923,0.5599133,0.41838485,-0.039333552,0.24232182,0.34270975,0.37747464,0.016901437,0.025793517,-0.2861775,-0.08978789,1.0,0.5170682,0.37214038,0.26648307,0.39956608,0.28108752,-0.08889245,0.06384563,0.28293392,0.38231412,0.1978683,0.142721,0.041280113,0.19379084,0.27084437,0.22428514,0.18801379,0.12360858,0.2839122,0.29238793,-0.20622969,0.04129682,0.2391939,0.12564586,0.16932532,0.18930995,0.21895897,0.27977875,0.4529665,0.3834716,0.015480733,0.31957588,0.2033876,0.05591415,0.25866634,0.32062644,0.008213151,-0.16522756,0.084789455,0.23091105,0.41916466,0.25887725,0.4124297,0.27478942,0.25880232,0.5008677,0.009727105,0.20422591,0.059636142,0.3120031,0.14780006,0.25930235,0.39814654,0.45388976,0.15692139,0.21251872,0.15313542,0.33169946,0.21319874,-0.09030649,-0.11905777,0.18117595,0.2150106,0.27749556,0.03128821,-0.026138116,0.25080165,0.18885387,0.102871835,0.22797722,0.3564833,0.42673948,0.044847544,0.08993784,0.14607036,0.17895661,0.27359295,0.41240066,0.36199716,0.38318703,0.24032113,0.23217775,0.12771846,0.29094714,0.2622098,0.25324413,0.38139173,0.27413052
0.39213854,0.12743334,0.23100777,0.25357664,0.04300102,-0.069871515,0.47495311,0.16240324,-0.002325056,-0.05661539,0.46131787,0.4936077,0.42460993,0.14349143,0.23804744,0.29176384,0.5451719,0.48021898,0.3610059,0.25559402,-0.0019430714,0.38411474,0.07889281,0.25601065,0.10047719,0.1142093,-0.08015294,0.022358524,0.5170682,1.0,0.36544037,0.3265588,0.49254397,0.4424031,0.13646081,0.17009282,0.19093426,0.42544505,0.22418885,0.19743603,-0.06839431,0.37696657,0.32540163,0.1863398,0.121960275,0.09460582,0.28734365,0.28452343,-0.18124208,-0.16356102,0.28753453,0.029600065,0.16026032,0.011916738,0.2596923,0.16006687,0.43405804,0.15603696,-0.085196696,0.20528825,0.117511615,-0.10231844,0.38651648,0.22749366,0.10703411,-0.23044531,0.055615336,0.24680474,0.36058107,0.08117434,0.3077645,0.18315575,0.33496967,0.71425045,0.31439772,0.3584131,0.12753016,0.33546257,0.10839023,0.55554664,0.5776716,0.19673496,0.378724,0.06223901,0.34298047,-0.15390596,-0.049330592,-0.3376615,0.15214382,-0.11371086,0.18210131,0.11632348,0.074177325,-0.09246087,0.2253909,0.26127464,0.18075943,0.32347673,0.20746005,0.3257733,0.093087375,-0.025826326,0.10637671,0.23328507,0.27994207,0.46236065,0.41828364,0.49734086,0.075411804,0.24730484,0.11454571,0.2296818,0.025831765,0.24721739,0.40871745,0.21332602
