1.0,0.7108228,0.7125318,0.7081976,0.075445585,0.13833205,0.75033134,0.54254,0.31508657,-0.22846366,0.7389059,0.45086312,0.5889648,0.10601886,-0.24300888,-0.1383205,0.5688837,0.5233957,0.86216754,0.71423507,-0.07778053,-0.017421613,0.70206773,0.59210575,0.052443866,0.1845716,-0.014792644,0.08426656,0.43745205,0.45162782,0.5071962,0.32125962,0.7240727,0.5907878,0.4675782,0.28741777,0.08905843,-0.024767984,0.10995564,0.14325953,-0.11963208,0.38390395,0.4551499,0.3910557,0.529213,0.57380855,0.44483498,0.42777777,0.46328908,0.4256167,0.61927503,0.40491542,0.44979903,0.24131492,0.3104538,0.28630137,0.7994563,0.6754088,0.6371572,0.63864225,0.717217,0.6370512,0.75222826,0.5436752,0.63942736,0.5807224,0.68633634,0.6414105,0.7367417,0.6896847,0.14476123,0.33619165,0.10883458,0.5537168,0.26714852,0.3379404,0.34588107,0.23519711,0.50084287,0.49396405,0.5498559,0.30930194,0.08071548,-0.031392828,0.51859003,0.32649592,-0.0038941642,0.09325275,0.2885061,0.08607974,0.1435591,0.13424665,0.051909894,0.22940332,0.13865633,0.030082393,0.019738605,0.05392839,0.13035794,0.2812188,0.021224055,0.035072457,0.061865795,0.06441382,0.00031381816,0.112593964,0.09270092,0.063983835,-0.09115764,-0.00658141,0.049194112,0.2609826,0.033763587,0.15470588,0.119832605,0.19244716
0.7108228,1.0,0.57590723,0.6320313,0.19065517,-0.034465186,0.46782732,0.68886256,0.19858976,-0.09059232,0.42739218,0.7221055,0.27622828,0.39867628,-0.08110833,-0.06614084,0.43306398,0.71146375,0.72233367,0.82956225,0.12712896,-0.08987694,0.6024119,0.65047795,0.26487738,0.0058825337,0.05231551,0.28126058,0.38767573,0.4430581,0.4309985,0.21200365,0.5269269,0.5129628,0.34334785,0.13156046,-0.07587759,0.10682154,0.054909144,0.04704688,0.04954481,0.07376307,0.520275,0.42899573,0.5469084,0.6167362,0.5210317,0.5375371,0.62928045,0.6311882,0.58209693,0.6077407,0.42919335,0.413266,0.1831118,0.23401494,0.7153087,0.7830013,0.73720217,0.78284264,0.7256021,0.75677806,0.5982882,0.6927793,0.38693017,0.6824797,0.6422843,0.6047128,0.70686007,0.73003364,-0.07353453,-0.00020150561,0.18195714,0.29172012,0.17176682,0.16360821,0.110024385,0.16365401,0.33722907,0.5165099,0.29273725,0.5060917,-0.0036727334,0.19489864,0.20370132,0.5269049,-0.065753244,0.058296133,0.1599145,0.23695499,0.005160492,0.16291867,-0.059541285,0.24963461,-0.034972917,-0.05582781,-0.08479076,0.052498665,0.10385599,0.2604865,-0.06091447,-0.05050289,0.041879833,-0.0059414655,-0.022995388,0.08385271,0.008238534,-0.05678367,-0.012352848,-0.060644157,0.045875113,0.33937615,-0.048273463,0.074944384,0.06387326,0.1995048
0.7125318,0.57590723,1.0,0.8949253,0.14576931,0.123489775,0.775086,0.6189218,0.33261436,-0.12901208,0.5084158,0.35948244,0.37387738,0.17169088,-0.18318859,-0.1394793,0.43580043,0.39732033,0.8287782,0.71910894,0.21077238,-0.11916257,0.7580816,0.71636856,0.07778548,0.17831977,0.06976257,0.10537724,0.47775567,0.41100854,0.49658954,0.4258023,0.7673797,0.7553001,0.6545684,0.49680018,0.27871895,0.20339972,0.4072628,0.39249182,0.04455288,0.4055783,0.5737275,0.5286347,0.65683585,0.64651823,0.46059686,0.4687027,0.507331,0.43056908,0.6528089,0.5157567,0.50246906,0.36900836,0.51055425,0.3787469,0.58873963,0.6321534,0.5445002,0.66255516,0.6119739,0.56924254,0.6266624,0.51861066,0.7054384,0.64913327,0.79020643,0.80182284,0.6136286,0.74380326,0.28955382,0.27312645,0.31902206,0.45733476,0.25405818,0.37779677,0.5867181,0.55099994,0.6432873,0.4263262,0.5134139,0.34519413,0.12843515,0.059486598,0.472206,0.41889432,-0.059523486,0.05351185,0.2757043,0.111292936,0.4880179,0.50323945,0.2749492,0.4833762,0.34451294,0.35889342,0.3371093,0.35343158,0.42359787,0.54949963,0.17929588,0.30744758,0.2527221,0.32290795,0.2778427,0.29277804,0.32571325,0.23941329,0.226779,0.1960916,0.3596603,0.44858837,0.33001298,0.41027778,0.32037267,0.33806893
0.7081976,0.6320313,0.8949253,1.0,0.14024849,0.16879025,0.7967527,0.69862336,0.37212777,-0.14176734,0.41220286,0.31786782,0.28667712,0.14123654,-0.22881244,-0.16028582,0.3580604,0.39182538,0.8336738,0.7451964,0.15716085,-0.075807065,0.6856668,0.66690576,0.12642659,0.18794788,0.06839772,0.088352054,0.4015185,0.29507196,0.44699132,0.39500907,0.7379348,0.7291511,0.6354884,0.468329,0.20637049,0.12319671,0.36532325,0.3462519,-0.017013524,0.34827182,0.60446584,0.5609845,0.6944777,0.6973017,0.5116394,0.5049361,0.6006132,0.51082885,0.66826874,0.57668734,0.48381376,0.3761341,0.4778812,0.3928992,0.59711754,0.647115,0.6133464,0.7412466,0.64828706,0.664137,0.5729493,0.52544343,0.68180186,0.7339784,0.7919113,0.81161654,0.65304655,0.7786343,0.20489922,0.22533768,0.20933206,0.40938923,0.267259,0.24872929,0.4749245,0.45328555,0.59198695,0.36994806,0.38908222,0.26856658,0.10925571,0.056671917,0.42966032,0.38969028,-0.12695068,0.023262266,0.2538992,0.20090105,0.46806452,0.50785506,0.28031301,0.5251529,0.29287252,0.2978971,0.31807274,0.3292408,0.40585244,0.5704436,0.15749669,0.3175471,0.2321612,0.31069192,0.2257028,0.2537275,0.3131248,0.23662022,0.22640802,0.1983204,0.3582217,0.46435612,0.3169602,0.386447,0.2561925,0.31527954
0.075445585,0.19065517,0.14576931,0.14024849,1.0,0.23172253,0.042456515,0.1907771,0.5556729,-0.11304488,0.010489105,0.19887903,-0.15927237,0.14890553,-0.39102966,-0.057416435,0.11698033,0.2825691,0.12741084,0.1812612,0.06627426,0.17360438,0.19920735,0.26797566,0.64994866,0.30016947,-0.04661966,0.37073275,0.19253191,0.17038357,0.27102003,0.3762926,0.13541506,0.16590251,0.23944397,0.1147237,0.05361577,0.14350745,0.13896778,0.06537646,0.043945502,0.101441346,0.26135367,0.22838795,0.20426515,0.20261697,0.23463546,0.21051167,0.17237204,0.25032067,0.12543346,0.1278404,0.31037223,0.27452007,0.10552556,0.28320223,0.17799112,0.23643757,0.19764921,0.22764666,0.26963204,0.30777368,0.13006061,0.26441568,0.05044791,0.22252959,0.114449464,0.16861191,0.15073042,0.14707698,0.02306331,-0.0074331104,0.16730314,0.17188908,0.24020319,0.026697168,0.00812737,-0.054736577,0.11504759,0.19728939,0.029751146,0.22006303,-0.11232482,0.28327212,0.039606225,0.17327689,-0.014390695,0.0689077,0.26585194,0.15923841,0.082825854,0.17487058,0.110249355,0.13306192,0.05607442,-0.10848954,0.09422481,0.08031961,0.19102125,0.19194858,-0.055259477,0.12448815,0.047614947,0.043113653,0.02137527,0.025647325,-0.043837257,-0.099674016,-0.01938794,0.09295069,0.08389968,0.15839006,0.19363618,0.18857302,-0.004778228,0.07410689
0.13833205,-0.034465186,0.123489775,0.16879025,0.23172253,1.0,0.28924268,0.03952435,0.21467522,-0.10184213,0.08316604,-0.03400364,-0.049548637,-0.10770715,-0.28466287,0.022112347,-0.002488123,-0.039422702,0.17122646,0.011379587,-0.07654657,-0.010106026,-0.033775795,-0.072751,0.21327856,0.44290856,-0.12813607,0.18861328,0.0038171906,-0.0056758295,-0.0446568,0.31375024,0.25809962,0.17781124,0.19019862,0.1486381,0.16458204,0.04521605,0.3021482,0.22323366,0.16775611,0.29514983,0.022460919,0.06257683,0.117048666,0.11536369,0.052332506,0.0826204,0.18098037,0.17839286,0.06131536,0.06168147,0.101683505,-0.05607974,0.22779931,0.036959477,0.066357575,0.014301772,0.1267204,0.114623696,0.19380395,0.07703738,0.15991573,0.08886215,0.23088801,0.1929281,0.109215185,0.15386085,0.18883282,0.1411616,0.20850135,0.09083483,0.08515229,0.12160439,0.058614425,0.29027876,0.19887498,0.2535438,0.20380421,0.006687219,-0.0076635526,-0.18210812,0.10984454,-0.012066114,0.10488971,-0.14597532,0.13211237,0.08228026,0.057909153,0.20804892,0.12207984,-0.0252421,-0.06257404,-0.06689021,0.164062,0.19199464,0.24991518,0.20513281,0.19030227,0.27274987,0.06579654,-0.012430579,0.1679068,0.10391833,0.1111933,0.16877128,0.0941433,0.06373016,0.24646807,0.11848677,0.1710029,0.15000385,0.09645568,0.22037303,0.06693988,0.057926152
0.75033134,0.46782732,0.775086,0.7967527,0.042456515,0.28924268,1.0,0.67619485,0.34186718,-0.033993833,0.53152144,0.22730744,0.43463242,0.1720852,-0.15357415,-0.07570553,0.41355324,0.33449367,0.73450434,0.55135196,0.12027783,-0.09733331,0.54263735,0.49285403,0.005909348,0.20543574,-0.05480912,-0.00087177684,0.44905537,0.3348641,0.4314754,0.4687169,0.8014736,0.7839353,0.73424906,0.5587876,0.31950685,0.2112879,0.3313861,0.35825482,0.11278268,0.57085496,0.46828252,0.451155,0.65683585,0.6256881,0.41954312,0.41526696,0.5305313,0.45444903,0.6165672,0.48681596,0.40865323,0.24290025,0.52703464,0.29033977,0.52428687,0.49496338,0.4984069,0.55797106,0.6057206,0.57078975,0.55587316,0.4758611,0.8183466,0.6949024,0.72823185,0.7572117,0.58210903,0.70310134,0.35633126,0.38345295,0.2839245,0.54777706,0.3513432,0.40848616,0.6149464,0.5139129,0.6538943,0.3491491,0.43946812,0.1782707,0.19483212,0.04782664,0.52031326,0.24941501,0.007598298,0.12898494,0.23060335,0.23029229,0.4519757,0.4157965,0.17925303,0.4134995,0.31421196,0.41526547,0.42004517,0.4024736,0.423761,0.5337263,0.273294,0.24378197,0.23430595,0.347647,0.2787874,0.35968396,0.34311754,0.33558592,0.19880465,0.2364583,0.3910689,0.45885658,0.30977738,0.38908434,0.3081295,0.317087
0.54254,0.68886256,0.6189218,0.69862336,0.1907771,0.03952435,0.67619485,1.0,0.29954,0.073872566,0.28707078,0.5133232,0.16608524,0.57228667,-0.069289975,-0.076291814,0.33657897,0.54688394,0.53606516,0.6775791,0.23174319,-0.0043964763,0.46214944,0.62205917,0.29965833,-0.04690352,-0.14906083,0.12845841,0.44902185,0.3428808,0.43561792,0.46711412,0.56819856,0.7411181,0.66211545,0.52411455,0.025277324,0.28055277,0.22646248,0.16391,0.12808506,0.32594404,0.42027158,0.39658356,0.55757916,0.55489314,0.36561936,0.36961517,0.55172086,0.5399343,0.49322075,0.6155543,0.34064642,0.44186118,0.34433532,0.37053317,0.3862782,0.5145343,0.4457469,0.59679586,0.5160336,0.65291905,0.33562973,0.615025,0.60418314,0.84397185,0.59101015,0.64370483,0.45817977,0.6583881,0.14329363,0.13871461,0.42291588,0.3700516,0.39090535,0.2136716,0.3756649,0.32810712,0.49161068,0.31947955,0.15980867,0.46333176,-0.041608244,0.2799161,0.2164581,0.48266032,-0.084640704,0.006617036,0.10162342,0.44583845,0.24216087,0.44988793,0.13466054,0.41739985,0.26407135,0.20815274,0.31403187,0.3194224,0.3931064,0.43805027,0.051422033,0.15852252,0.19506183,0.30092448,0.16000624,0.17553353,0.25202116,0.11922192,0.19013496,0.28807506,0.36965793,0.39826074,0.3330021,0.34789455,0.25315702,0.34754965
0.31508657,0.19858976,0.33261436,0.37212777,0.5556729,0.21467522,0.34186718,0.29954,1.0,0.0014273389,0.21788253,0.06809707,0.012928405,0.04204729,-0.42589277,-0.080827035,0.19412488,0.22098294,0.32914382,0.28878558,-0.027229771,0.41466329,0.37310654,0.32293463,0.517911,0.35674432,-0.27823967,0.09493458,0.38264084,0.11813237,0.49768662,0.6580782,0.41530597,0.38006815,0.4016647,0.26990274,0.21991748,0.17752507,0.09906594,0.30370745,-0.18158162,0.359138,0.38870937,0.35719326,0.373041,0.38898557,0.33988735,0.29620388,0.1777059,0.27674183,0.31742543,0.23048921,0.47340924,0.42358875,0.33432275,0.53120315,0.3136699,0.28562713,0.3044309,0.3305146,0.37192416,0.33421376,0.28310233,0.20981571,0.22144471,0.3235826,0.38211372,0.40005195,0.2957369,0.3348059,0.35205442,0.32658675,0.106357776,0.47349954,0.5066063,0.16315426,0.2172194,0.006621426,0.34475914,0.2986532,0.26195914,0.20353498,-0.086982176,0.2614955,0.47275254,0.26396173,-0.15330808,-0.18127048,0.3751029,0.32874003,0.24165672,0.33374208,0.31378758,0.3189535,0.2744331,0.102776885,0.29839334,0.23344655,0.3162576,0.32857856,-0.09683935,0.3473709,0.31190756,0.2664908,0.21156058,0.105989166,0.27233464,0.26353484,0.12980828,0.15236668,0.23309651,0.2863447,0.3757435,0.35392252,0.13534647,0.319057
-0.22846366,-0.09059232,-0.12901208,-0.14176734,-0.11304488,-0.10184213,-0.033993833,0.073872566,0.0014273389,1.0,-0.21218438,0.065565184,-0.12670189,0.35831022,0.52535623,0.4485389,-0.27824628,-0.1521543,-0.17995101,-0.07156196,0.35896513,0.014053542,-0.20525998,-0.07783983,-0.11783721,-0.37625924,-0.12054237,-0.038393397,0.083500415,-0.09653187,0.038050022,0.18622243,-0.040799808,0.091833726,0.13239765,0.08927387,0.25187898,0.47455436,0.014631963,0.1649521,0.39184025,-0.00785724,-0.11145633,-0.10060738,-0.03584168,-0.08161594,-0.06678179,-0.0465168,-0.14529069,-0.14654218,-0.21461855,0.012910287,-0.13015959,0.03612041,-0.045180283,-0.074522614,-0.36302528,-0.22150871,-0.28822783,-0.22685213,-0.22062466,-0.27978942,-0.3371111,-0.15801151,-0.10940332,-0.045196984,-0.04273316,-0.05155253,-0.2345078,-0.0981386,0.3513191,0.022497112,0.17332652,-0.07689239,0.16988376,0.0044221682,0.13205054,0.13944724,-0.057806075,-0.17771769,-0.1838275,0.038396742,0.11004808,0.47957495,0.06337927,0.17905758,0.07509276,0.079939306,-0.054315764,0.25834394,0.05382235,0.060127918,0.081086345,0.04904084,-0.04110668,0.18027289,0.21412627,0.25489885,0.09656768,0.112897046,0.31046686,0.2410841,0.32572573,0.36495575,0.30061448,0.25742474,0.098254144,0.20736173,0.28106833,0.05166501,0.11507109,0.021370586,0.10836104,0.052638642,0.103116296,0.14798456
0.7389059,0.42739218,0.5084158,0.41220286,0.010489105,0.08316604,0.53152144,0.28707078,0.21788253,-0.21218438,1.0,0.45542443,0.80214953,0.14929914,-0.102219604,0.054534175,0.7307332,0.56062114,0.62834114,0.49160975,-0.11402032,0.106123805,0.6646808,0.5442781,-0.03335214,0.122924805,-0.12336692,0.10519715,0.62658185,0.6282336,0.59971714,0.2986165,0.61677974,0.46158528,0.33225024,0.30576083,0.15556864,-0.013931157,0.10009104,0.21166769,-0.09444938,0.45225945,0.44439605,0.43937808,0.3926511,0.43830174,0.42606953,0.4165404,0.22752906,0.24089006,0.45354435,0.21499215,0.3366108,0.16633028,0.38922572,0.3365579,0.692454,0.54345864,0.4565684,0.41891402,0.538233,0.41633007,0.69449526,0.4336391,0.43579414,0.30882302,0.53734636,0.5042277,0.5605543,0.48406994,0.35948196,0.58658963,0.2587294,0.7291658,0.31589973,0.403105,0.44867644,0.24005581,0.55755514,0.5900561,0.7180549,0.42568642,0.028170034,0.022684528,0.5519211,0.31885964,0.14387885,0.07877568,0.38649908,-0.038721707,0.16569354,0.09015667,0.12148825,0.15234065,0.29484165,0.16539682,0.18261243,0.21575686,0.25410822,0.28072563,-0.013303324,0.005334538,0.17143941,0.10254586,0.1465315,0.21952993,0.26102442,0.16706958,-0.09575864,0.14267184,0.2038469,0.2992274,0.08611217,0.25172192,0.26938093,0.3090976
0.45086312,0.7221055,0.35948244,0.31786782,0.19887903,-0.03400364,0.22730744,0.5133232,0.06809707,0.065565184,0.45542443,1.0,0.29322636,0.6620425,0.17234677,0.25588673,0.506171,0.7533782,0.44115067,0.6228884,0.23474237,0.035007726,0.49815616,0.57283765,0.20175573,-0.13999878,-0.07588029,0.31208616,0.60496813,0.6712601,0.42428184,0.26565447,0.3595308,0.3924559,0.1854624,0.08735876,0.116292484,0.35971788,0.13779217,0.13076037,0.27869278,0.14297354,0.40385798,0.34598124,0.34430295,0.36859447,0.42519835,0.4394039,0.39392012,0.39973396,0.31914568,0.40017852,0.3121426,0.36922044,0.18390778,0.26062265,0.46892583,0.5524262,0.4475938,0.49790904,0.48087627,0.42996335,0.48063597,0.55762535,0.16115415,0.45303062,0.42669973,0.40288192,0.40536514,0.45072553,0.17283463,0.15023327,0.48900604,0.397682,0.24596035,0.35759872,0.18720284,0.30287173,0.3961952,0.5725081,0.37412503,0.72719854,0.070269175,0.4387453,0.20129469,0.63791823,0.14071226,0.059287548,0.18209174,0.32399738,-0.03788596,0.1295488,-0.0066253813,0.15456043,0.080229096,0.07072774,0.08339532,0.21323764,0.17983447,0.24159727,-0.12334979,-0.0412763,0.21063101,0.0948359,0.115264334,0.11488539,0.08425748,-0.07885958,0.13189529,0.106479816,0.21840486,0.29791704,-0.041619442,0.065286465,0.16844189,0.2692737
0.5889648,0.27622828,0.37387738,0.28667712,-0.15927237,-0.049548637,0.43463242,0.16608524,0.012928405,-0.12670189,0.80214953,0.29322636,1.0,0.0829749,0.08459453,0.14789273,0.6862336,0.41206142,0.4685879,0.3344536,-0.1487596,0.05238774,0.5663728,0.43091974,-0.24756382,-0.043108575,-0.08822551,-0.029782623,0.47597942,0.58945614,0.45995602,0.06212189,0.43595743,0.30244315,0.2558194,0.30119264,0.16392107,-0.08742231,0.17176433,0.25099924,-0.07230464,0.45934922,0.42951366,0.43023542,0.35608035,0.37576368,0.4286875,0.40926674,0.20109734,0.16271672,0.42004824,0.20014822,0.20800288,0.067153335,0.3312134,0.20931478,0.5571212,0.3596831,0.3024131,0.24539141,0.38910115,0.28802603,0.5187734,0.27672848,0.3673622,0.15301824,0.42325848,0.39011556,0.38470224,0.29950693,0.25416848,0.48948324,0.10376696,0.5990671,0.14966246,0.33825713,0.35137394,0.18209313,0.39486837,0.45892048,0.6890811,0.36515087,0.06090178,0.027423864,0.50371605,0.2877742,0.16382723,0.20120068,0.28982675,-0.16248263,0.20178111,0.02237274,0.12731634,0.11600806,0.26277393,0.1486783,0.12028314,0.1597532,0.21003973,0.22699529,0.107135,-0.06689015,0.0048053125,0.030654674,0.10719593,0.14100301,0.12075753,0.12260794,-0.16301602,0.098708384,0.169253,0.2245744,0.03911506,0.111959934,0.23203093,0.23667492
0.10601886,0.39867628,0.17169088,0.14123654,0.14890553,-0.10770715,0.1720852,0.57228667,0.04204729,0.35831022,0.14929914,0.6620425,0.0829749,1.0,0.35563472,0.27438632,0.26029816,0.48645243,0.09466167,0.3795297,0.30372655,0.0550165,0.14794742,0.3793822,0.19632691,-0.3283648,-0.28086022,0.17711063,0.5052347,0.40594983,0.30543527,0.3233759,0.22082318,0.41778296,0.28326234,0.301212,0.08631586,0.51772416,0.13857298,0.12611885,0.43209422,0.16293384,0.23225774,0.23088399,0.226832,0.20791158,0.23244892,0.26232418,0.22989267,0.24256848,0.13529806,0.34333077,0.17485619,0.39202845,0.2278973,0.28674456,0.040500596,0.23834382,0.092069305,0.21166547,0.13160163,0.20629956,0.062945634,0.37751445,0.13009676,0.38710266,0.2595064,0.28684935,0.06737608,0.24703528,0.2828919,0.11035167,0.54141045,0.2634267,0.30662444,0.16308296,0.24203902,0.24674647,0.31209826,0.28135636,0.08731306,0.6118919,-0.074170955,0.60612047,0.046853133,0.4810025,0.15222462,0.115535855,0.07144647,0.4338423,0.087367155,0.29073077,0.12212992,0.21277606,0.17518264,0.19385026,0.27724123,0.3427468,0.329386,0.2582626,0.034094434,0.11392849,0.3523727,0.3742519,0.28625432,0.22944853,0.25486964,0.08473131,0.24810389,0.23209153,0.30056533,0.21471447,0.2554793,0.24133334,0.24845876,0.27235225
-0.24300888,-0.08110833,-0.18318859,-0.22881244,-0.39102966,-0.28466287,-0.15357415,-0.069289975,-0.42589277,0.52535623,-0.102219604,0.17234677,0.08459453,0.35563472,1.0,0.5060238,-0.057813875,0.017508341,-0.22131096,-0.11575255,0.24047486,-0.16159181,-0.16592282,-0.14384298,-0.44631135,-0.49603158,0.020611534,-0.02361497,0.105169944,0.122169614,-0.07143986,-0.21409836,-0.0936919,-0.009638986,-0.062286343,0.058266006,0.29414,0.4209819,-0.0017246818,0.15017468,0.5141043,0.01039058,-0.094828494,-0.039834164,-0.1326248,-0.10833381,-0.034247156,0.03387941,-0.10975557,-0.1276069,-0.16942306,0.0060937232,-0.18874714,-0.04767769,-0.014651977,-0.18953766,-0.2246714,-0.12824363,-0.19076446,-0.20832443,-0.19459742,-0.27437243,-0.19238517,-0.08518974,-0.22294351,-0.20241208,-0.0761196,-0.1009323,-0.21733095,-0.16438104,0.12080413,-0.064258516,0.20960377,-0.030685088,-0.042133253,0.2118936,0.11028706,0.24178237,0.021068137,-0.025066435,-0.027269104,0.14160068,0.23392028,0.33588096,-0.08920368,0.11132579,0.24568759,0.2133429,-0.17734098,0.09211307,-0.082597956,-0.10066232,-0.08569653,-0.115016945,-0.08517031,0.19197404,0.0655953,0.20444192,-0.0048894687,-0.06523401,0.1859042,-0.030716691,0.16040292,0.12022608,0.20061304,0.21796438,0.009423068,0.031627607,0.18616144,-0.0034885167,0.10404313,-0.0031993408,-0.15322103,-0.07430427,0.1414261,0.09015559
-0.1383205,-0.06614084,-0.1394793,-0.16028582,-0.057416435,0.022112347,-0.07570553,-0.076291814,-0.080827035,0.4485389,0.054534175,0.25588673,0.14789273,0.27438632,0.5060238,1.0,0.029868446,-0.0009897876,-0.06709636,-0.046265416,0.3542895,-0.0668755,-0.088454835,-0.12988594,-0.1783443,-0.19272836,0.01940889,0.1483075,0.18892406,0.2446578,-0.026092831,0.10015,-0.048075724,-0.04310601,-0.05654707,-0.059257526,0.49879214,0.45590663,0.15935685,0.3011456,0.4092604,0.10779177,0.04505676,0.09084034,0.009094332,-0.0029786495,0.14854553,0.16731064,-0.0798805,-0.13435371,-0.10059308,0.00385947,0.014745857,0.00016076717,0.13598958,0.010599262,-0.12420618,-0.105979435,-0.12320911,-0.19339146,-0.09380193,-0.23755851,-0.050724763,-0.17265314,-0.18587716,-0.17111342,-0.039256662,-0.031167543,-0.13654083,-0.11856609,0.35047752,0.1369887,0.18593585,0.112932794,0.010858196,0.24551216,0.12310365,0.20352928,0.1383945,0.090725355,0.1764575,0.19042812,0.38893527,0.6450425,0.18906733,0.23951803,0.45138714,0.3898907,0.17933726,0.18772042,0.14809205,0.052216593,0.15886602,-0.037189342,-0.029486313,0.1541322,0.23071152,0.3207684,0.21441644,0.14587894,0.34363583,0.13972116,0.3874659,0.30781892,0.41034603,0.36576274,0.14600118,0.17164211,0.21414481,0.011944142,0.17886573,0.103932746,-0.07275543,0.040366724,0.18921173,0.07512523
0.5688837,0.43306398,0.43580043,0.3580604,0.11698033,-0.002488123,0.41355324,0.33657897,0.19412488,-0.27824628,0.7307332,0.506171,0.6862336,0.26029816,-0.057813875,0.029868446,1.0,0.74083656,0.46621507,0.45781338,-0.13134925,0.13477002,0.60052335,0.5621666,0.04668679,0.018164497,-0.1598162,0.15043828,0.6430405,0.81580794,0.51837903,0.20994063,0.52813995,0.45497784,0.28369293,0.39776185,0.12034639,0.118039474,0.19354023,0.22627477,-0.07271457,0.48542103,0.56100434,0.6041581,0.4716041,0.50769573,0.49844027,0.50040257,0.39164534,0.37611306,0.57643765,0.42174697,0.35583317,0.32739916,0.45266366,0.4502347,0.67389405,0.5829004,0.4262268,0.43244085,0.5323927,0.49696365,0.6924254,0.5715661,0.38584605,0.35226166,0.5180278,0.49424368,0.46952748,0.395523,0.20674214,0.52386093,0.3816879,0.73944664,0.3141693,0.3981972,0.4670821,0.326402,0.5524839,0.7535669,0.7358552,0.68765914,-0.03820941,0.07431719,0.35729235,0.44155452,0.054195017,0.08912485,0.3049089,0.044955242,0.12226921,0.10256942,0.066268384,0.15854135,0.3384622,0.11248537,0.23370114,0.26254013,0.33815134,0.30879036,-0.14788786,-0.14306626,0.049499817,-0.0063303476,0.018315002,0.064013585,0.14563249,-0.04109427,0.009181855,0.27493218,0.37499633,0.36833388,0.12391361,0.16095704,0.11072715,0.34403673
0.5233957,0.71146375,0.39732033,0.39182538,0.2825691,-0.039422702,0.33449367,0.54688394,0.22098294,-0.1521543,0.56062114,0.7533782,0.41206142,0.48645243,0.017508341,-0.0009897876,0.74083656,1.0,0.48601356,0.63831484,-0.007900309,0.13408962,0.58425444,0.64730656,0.269457,-0.0016466536,-0.13274282,0.22450617,0.60601145,0.7111808,0.5461199,0.2463699,0.50559765,0.50310546,0.32335475,0.27675244,-0.028483061,0.20938073,0.058406394,0.06593546,0.08087295,0.26201797,0.5572624,0.55398667,0.44413346,0.5077246,0.51978874,0.5349476,0.4945742,0.57397455,0.48505732,0.4899791,0.38454458,0.46320394,0.29257354,0.39035073,0.692062,0.7079438,0.62452245,0.6226518,0.65738916,0.67093784,0.6262922,0.7647765,0.24669139,0.529967,0.5101283,0.49104074,0.584169,0.54685557,0.06313558,0.2519419,0.3898797,0.5793324,0.3585976,0.3000202,0.28128833,0.23987196,0.5008337,0.6998111,0.45069265,0.7205627,-0.104471505,0.22199292,0.16380994,0.51715606,-0.007457074,-0.00830121,0.172956,0.2500005,-0.05308883,0.12156378,-0.060468923,0.17668748,0.11790115,-0.004516739,0.08925821,0.22976698,0.2528522,0.29926023,-0.27237684,-0.11534001,0.07516041,-0.033206668,-0.022911608,0.08513348,0.06003656,-0.10463264,0.012703874,0.13879418,0.29095116,0.4331103,0.009482951,0.13393098,0.11858021,0.313005
0.86216754,0.72233367,0.8287782,0.8336738,0.12741084,0.17122646,0.73450434,0.53606516,0.32914382,-0.17995101,0.62834114,0.44115067,0.4685879,0.09466167,-0.22131096,-0.06709636,0.46621507,0.48601356,1.0,0.8291842,0.034226116,-0.11022819,0.7425934,0.6728156,0.09340216,0.24410097,0.10313002,0.16567406,0.39951402,0.40390226,0.48288128,0.3222714,0.77956843,0.64335847,0.4975425,0.2715499,0.1916696,0.05037636,0.22097993,0.26501516,-0.0057455315,0.2881812,0.5750679,0.511764,0.6213724,0.6562888,0.5648056,0.56981266,0.5433749,0.49978596,0.6275856,0.4606862,0.4775665,0.2672692,0.4022487,0.27165055,0.79432046,0.7565561,0.7407814,0.75525427,0.766484,0.6705601,0.73419416,0.5611318,0.58581173,0.59506434,0.763541,0.74500567,0.83366966,0.806863,0.18115352,0.23491076,0.092813484,0.4523997,0.15463136,0.28996038,0.41460165,0.35739964,0.50827783,0.50533295,0.50619745,0.26811552,0.1542344,0.03623263,0.45028818,0.32576162,0.04129965,0.1708417,0.28295952,0.058284268,0.29831216,0.27821812,0.14266643,0.36082804,0.13644582,0.147864,0.093028076,0.19548936,0.26845005,0.45747212,0.15123461,0.18475617,0.1920551,0.18460281,0.18420269,0.29454672,0.18835478,0.16233915,0.0712202,-0.05167025,0.14680846,0.4199269,0.060674343,0.2381196,0.21906069,0.23175415
0.71423507,0.82956225,0.71910894,0.7451964,0.1812612,0.011379587,0.55135196,0.6775791,0.28878558,-0.07156196,0.49160975,0.6228884,0.3344536,0.3795297,-0.11575255,-0.046265416,0.45781338,0.63831484,0.8291842,1.0,0.0866984,0.011528554,0.69250375,0.78174716,0.19565763,0.06294287,-0.0014976438,0.22690476,0.42556038,0.40721753,0.50725067,0.32943636,0.6508105,0.6213643,0.44872612,0.27317622,0.0048238183,0.129887,0.13905153,0.16062628,0.027590973,0.16270682,0.5640913,0.5087716,0.5543342,0.59765947,0.553941,0.5462423,0.5181216,0.51784205,0.53372246,0.48635387,0.45203725,0.3926328,0.3437603,0.37028122,0.72862816,0.76141334,0.71992534,0.77350247,0.7168182,0.6986072,0.62465155,0.64861584,0.40459123,0.6248892,0.69278663,0.6850538,0.79364794,0.7821513,0.08297481,0.14234045,0.16209689,0.35819063,0.23758866,0.1629226,0.29758516,0.2561215,0.41205093,0.55841774,0.3767333,0.4842359,0.01793503,0.22157156,0.2675194,0.46608633,0.003854358,0.08374111,0.24932241,0.19962935,0.20380111,0.33484453,0.17894521,0.40572998,0.13466717,0.04700251,0.07110162,0.20810677,0.30747363,0.44761586,0.006974304,0.1627787,0.24467443,0.23639023,0.17622405,0.23054254,0.20320386,0.09981921,0.1021468,-0.013494362,0.15018275,0.44033304,0.11241281,0.2689453,0.22222395,0.2967218
-0.07778053,0.12712896,0.21077238,0.15716085,0.06627426,-0.07654657,0.12027783,0.23174319,-0.027229771,0.35896513,-0.11402032,0.23474237,-0.1487596,0.30372655,0.24047486,0.3542895,-0.13134925,-0.007900309,0.034226116,0.0866984,1.0,-0.35725716,0.07565011,0.09138703,0.06464066,-0.10804176,0.2861085,0.16288495,0.20860933,0.14751327,0.08424018,0.22455914,0.13577397,0.25343204,0.24878955,0.114222154,0.41519228,0.5747462,0.18714958,0.31684712,0.40882233,0.0029005397,0.15920605,0.12979253,0.25172693,0.19251944,0.13303544,0.1709847,0.123244725,0.01787369,0.12735687,0.27320018,0.1787361,0.22465946,0.18448424,-0.016884554,-0.20039675,0.0626318,-0.03478408,0.04306648,-0.046768967,-0.040797476,-0.099826075,0.035052024,0.14482968,0.16551518,0.24816452,0.26148206,-0.0574837,0.21020465,0.25883728,-0.03856024,0.32330486,-0.05205861,0.11722733,0.04521978,0.28113288,0.35991636,0.27185568,0.007244965,0.052547634,0.20993127,0.27234948,0.45998225,0.12766409,0.3878536,0.14716811,0.21129735,0.10950692,0.14534761,0.2991279,0.40946314,0.10247485,0.20524697,-0.0007913867,0.37369588,0.35077313,0.34057063,0.23164727,0.23347178,0.45830703,0.3306247,0.25971982,0.3275314,0.37753606,0.37302488,0.19608654,0.24920483,0.23733987,0.13991113,0.26348945,0.24135658,0.13285917,0.14812298,0.23987225,0.17421506
-0.017421613,-0.08987694,-0.11916257,-0.075807065,0.17360438,-0.010106026,-0.09733331,-0.0043964763,0.41466329,0.014053542,0.106123805,0.035007726,0.05238774,0.0550165,-0.16159181,-0.0668755,0.13477002,0.13408962,-0.11022819,0.011528554,-0.35725716,1.0,0.10862162,0.15932095,0.21099205,0.01125709,-0.55649227,-0.089944564,0.2794779,0.008196216,0.4166384,0.3565652,-0.026712215,-0.052250817,-0.028108176,0.04113224,-0.087580755,-0.03619329,-0.11092894,0.029588142,-0.2929764,0.16984388,0.107621334,0.12523223,-0.058591023,-0.049928788,0.079332754,0.010537191,-0.16087675,-0.033953365,-0.10976407,-0.18508896,0.050787233,0.1830615,0.07588909,0.48037055,0.08492081,-0.057915043,0.0010891111,0.010024556,0.06029305,-0.014695541,-0.0033412313,-0.023598954,-0.17770751,-0.047364138,-0.0708221,-0.06905212,-0.031156156,-0.1023312,0.2194682,0.34325913,0.006231752,0.36191,0.5254863,0.055180784,-0.11229094,-0.2912615,0.068927325,0.10094253,0.04494459,0.1727963,-0.33229828,0.17953615,0.22794524,0.080768004,-0.06792595,-0.5067478,0.23945414,0.27992743,-0.06959542,0.08736705,0.3159774,0.14858124,0.26088807,-0.08912259,0.08636924,0.08972843,0.18474185,0.1204316,-0.49559727,0.18187083,0.2729141,0.16992521,0.027987126,-0.13110533,0.2674548,0.09547982,0.02308284,0.16968523,0.070312284,0.09961507,0.2634329,0.25853282,0.105380625,0.30925068
0.70206773,0.6024119,0.7580816,0.6856668,0.19920735,-0.033775795,0.54263735,0.46214944,0.37310654,-0.20525998,0.6646808,0.49815616,0.5663728,0.14794742,-0.16592282,-0.088454835,0.60052335,0.58425444,0.7425934,0.69250375,0.07565011,0.10862162,1.0,0.8162949,0.088338204,0.13637221,-0.06140245,0.16792622,0.59169096,0.5877639,0.6897916,0.38723233,0.66886884,0.5781346,0.49848384,0.3355214,0.18256898,0.08626876,0.2772846,0.34036875,-0.12957907,0.35177904,0.6422989,0.5670704,0.60591424,0.59453076,0.5444187,0.5283531,0.41516042,0.43812528,0.60863626,0.423814,0.5150829,0.44197646,0.42023325,0.45926747,0.71350086,0.65889645,0.6047615,0.624231,0.6915667,0.5620225,0.72734666,0.5922294,0.45523775,0.4892159,0.7068216,0.6817854,0.6202669,0.6350083,0.29079568,0.36415434,0.23059104,0.6142351,0.3202827,0.3679563,0.43166715,0.32397187,0.61245865,0.57179713,0.6594027,0.50002104,-0.0051721004,0.0985097,0.54698026,0.5422998,-0.06897872,-0.051590227,0.43068656,0.13969298,0.297589,0.30164903,0.22816329,0.40170616,0.27116135,0.17184892,0.19515082,0.22662783,0.301496,0.3771416,-0.009160834,0.19250627,0.16657022,0.127609,0.18238182,0.1482737,0.16725448,0.11350859,0.019857531,0.1252845,0.25498867,0.37321094,0.15501723,0.24832807,0.21689478,0.37261525
0.59210575,0.65047795,0.71636856,0.66690576,0.26797566,-0.072751,0.49285403,0.62205917,0.32293463,-0.07783983,0.5442781,0.57283765,0.43091974,0.3793822,-0.14384298,-0.12988594,0.5621666,0.64730656,0.6728156,0.78174716,0.09138703,0.15932095,0.8162949,1.0,0.21210259,0.04383344,-0.14459766,0.23604041,0.57351995,0.53674287,0.6306175,0.41922897,0.5967586,0.61362445,0.49821392,0.43970534,-0.00021526155,0.1470822,0.20357831,0.20346528,-0.045024734,0.32892746,0.6047313,0.5753358,0.57574034,0.5829054,0.5228988,0.5096087,0.45750877,0.49983045,0.55320245,0.4547143,0.50926,0.5277765,0.43569583,0.5567233,0.63097775,0.6429653,0.56178427,0.6339676,0.6529154,0.5975959,0.6072926,0.6688661,0.4223947,0.5721297,0.6363428,0.6604715,0.5679269,0.62613916,0.2219029,0.28456017,0.31017867,0.50585043,0.36077094,0.23162724,0.4185334,0.28566942,0.49141696,0.5489943,0.4959827,0.5960816,-0.11360151,0.209138,0.35217917,0.55487555,-0.072255,-0.09385896,0.35106924,0.21068078,0.30790868,0.4439634,0.30489036,0.5000539,0.35407,0.1621463,0.22784862,0.31803888,0.45171773,0.5154706,-0.07481309,0.2212017,0.25770673,0.27548516,0.20946024,0.15088437,0.2549805,0.13995835,0.08914838,0.24347465,0.30446225,0.46769252,0.30549815,0.41284704,0.32751098,0.46444252
0.052443866,0.26487738,0.07778548,0.12642659,0.64994866,0.21327856,0.005909348,0.29965833,0.517911,-0.11783721,-0.03335214,0.20175573,-0.24756382,0.19632691,-0.44631135,-0.1783443,0.04668679,0.269457,0.09340216,0.19565763,0.06464066,0.21099205,0.088338204,0.21210259,1.0,0.34207547,-0.07435439,0.33336952,0.06666243,0.0633715,0.21064165,0.35487688,0.13691963,0.17458545,0.15203212,0.07587592,-0.08272925,0.03787149,0.019732522,-0.024839157,-0.021065285,-0.014478132,0.18936178,0.18983781,0.1833696,0.2080669,0.16875884,0.1766885,0.29344472,0.37599307,0.1384282,0.27553934,0.14677127,0.2213992,0.04912976,0.20124973,0.10638274,0.2014501,0.22051974,0.3098429,0.22649242,0.39969048,0.029105525,0.27333203,0.094367705,0.38924983,0.10787174,0.16040146,0.16598822,0.17318094,-0.06850303,-0.06897338,0.116593644,0.08848417,0.18092035,-0.1283144,-0.05306869,-0.12220087,0.031176873,0.124388106,-0.1259728,0.15119086,-0.16377531,0.15752019,-0.061110698,0.10544934,-0.02585155,-0.10190779,0.09156322,0.22717711,-0.04512443,0.12506218,-0.010464273,0.0369238,0.029657131,-0.12948418,0.044643708,0.062439635,0.13660575,0.12064984,-0.19361062,0.05025096,0.030453928,-0.0047302404,-0.08867001,-0.04719041,-0.026004897,-0.093756005,0.014031063,0.04323366,0.078318655,0.110955596,0.14682978,0.15848188,-0.0040193577,0.020681072
0.1845716,0.0058825337,0.17831977,0.18794788,0.30016947,0.44290856,0.20543574,-0.04690352,0.35674432,-0.37625924,0.122924805,-0.13999878,-0.043108575,-0.3283648,-0.49603158,-0.19272836,0.018164497,-0.0016466536,0.24410097,0.06294287,-0.10804176,0.01125709,0.13637221,0.04383344,0.34207547,1.0,-0.04650659,0.08677528,-0.081688315,-0.09790513,0.12840071,0.24643628,0.27901632,0.12852085,0.16980961,0.03662601,0.10562545,-0.13994691,-0.10445844,-0.013415308,-0.064968124,0.13551874,0.1576454,0.15082507,0.19111119,0.18820836,0.13327439,0.153173,0.23024738,0.28357676,0.20718758,0.06161219,0.2497062,0.03699208,0.1630709,0.06912517,0.23974735,0.14432624,0.3250791,0.21048284,0.28374606,0.1962891,0.21824479,0.10779713,0.13714984,0.12644398,0.15050025,0.17190053,0.30419126,0.16688496,0.06415609,0.052655153,-0.16052483,0.110368624,-0.027344028,0.14046566,0.04512832,-0.009014665,0.12337854,0.014622223,0.043569405,-0.27943727,0.052489553,-0.19911039,0.08564747,-0.24137871,0.13119645,0.114870474,0.05318706,-0.030558696,0.06746657,0.014044336,-0.081375524,-0.04643219,0.04104163,0.02040724,-0.08399724,-0.07299523,-0.007830317,0.08387386,0.004495471,0.080933854,0.0145128695,-0.0440995,-0.005344571,0.094745055,0.09312738,0.1835771,0.042169053,-0.19104354,-0.09137725,0.0931701,-0.102055304,0.024873273,-0.016063688,-0.014951366
-0.014792644,0.05231551,0.06976257,0.06839772,-0.04661966,-0.12813607,-0.05480912,-0.14906083,-0.27823967,-0.12054237,-0.12336692,-0.07588029,-0.08822551,-0.28086022,0.020611534,0.01940889,-0.1598162,-0.13274282,0.10313002,-0.0014976438,0.2861085,-0.55649227,-0.06140245,-0.14459766,-0.07435439,-0.04650659,1.0,0.043369498,-0.2776889,-0.03359261,-0.31779072,-0.4229572,-0.052339077,-0.11676144,-0.10289987,-0.20475756,0.116118126,-0.033411738,0.037995663,0.01578886,0.09289179,-0.19343878,-0.015525707,-0.05163437,0.0227914,0.01682098,0.0013933368,0.038711652,0.05655782,-0.089409314,0.08645362,0.08386837,-0.01793374,-0.15900412,-0.08946615,-0.3715223,0.0016275907,0.09525836,0.05039529,0.030557098,-0.0498668,0.009882844,0.0059799906,-0.10298369,0.05688077,-0.077485874,0.048456628,0.021426417,0.063295275,0.09136106,-0.35753998,-0.34348646,-0.15137558,-0.34345096,-0.4249739,-0.2113931,0.009211388,0.1629281,-0.10714281,-0.04831553,0.0028229635,-0.15186524,0.36534968,-0.20014781,-0.09635936,-0.023408549,0.019946562,0.23888473,-0.12925482,-0.3817182,0.09784531,-0.022308985,-0.122647636,-0.024246238,-0.2916929,-0.039791256,-0.12302291,-0.12766781,-0.18485393,-0.09797712,0.3524668,-0.0426498,-0.3127067,-0.1758978,-0.07267454,0.05730727,-0.29338738,-0.15658545,-0.08024973,-0.2358035,-0.08910884,0.04895671,-0.21702226,-0.2063738,-0.057515964,-0.23149283
0.08426656,0.28126058,0.10537724,0.088352054,0.37073275,0.18861328,-0.00087177684,0.12845841,0.09493458,-0.038393397,0.10519715,0.31208616,-0.029782623,0.17711063,-0.02361497,0.1483075,0.15043828,0.22450617,0.16567406,0.22690476,0.16288495,-0.089944564,0.16792622,0.23604041,0.33336952,0.08677528,0.043369498,1.0,0.12060188,0.25109,0.04389735,0.07412518,0.08523006,0.097639814,0.08904516,0.024970885,0.016131638,0.08011522,0.13036908,0.09313829,0.18218467,-0.019554218,0.16209161,0.16278785,0.208096,0.22513735,0.21877307,0.26313397,0.25287792,0.29521468,0.16284324,0.25380138,0.14906046,0.17768453,0.12694849,0.06627954,0.18275356,0.25269845,0.20480819,0.19739296,0.30989128,0.2699002,0.19868861,0.35386077,0.02807306,0.18334231,0.120875396,0.14838696,0.19715449,0.10407265,-0.021580188,-0.07619338,0.17782569,0.035454337,-0.046379842,0.024793169,0.010113947,0.051339716,0.019667322,0.2379585,0.0614287,0.22249551,0.028872797,0.24589196,-0.07135928,0.13568816,0.22615974,0.15914674,0.1599369,0.08716342,-0.00848462,-0.024886852,-0.04509256,0.014609913,0.043037757,-0.025183888,0.022039998,0.08886157,0.14348508,0.12173037,0.068649635,-0.06684661,0.120297484,0.013414728,0.08456441,0.12413648,-0.05833489,-0.12438754,0.03304563,-0.035855338,-0.016637132,0.11834043,-0.0778009,0.09760783,0.07611989,0.1713702
0.43745205,0.38767573,0.47775567,0.4015185,0.19253191,0.0038171906,0.44905537,0.44902185,0.38264084,0.083500415,0.62658185,0.60496813,0.47597942,0.5052347,0.105169944,0.18892406,0.6430405,0.60601145,0.39951402,0.42556038,0.20860933,0.2794779,0.59169096,0.57351995,0.06666243,-0.081688315,-0.2776889,0.12060188,1.0,0.6985264,0.73018867,0.5675373,0.54501677,0.5557709,0.42068884,0.42137152,0.39752808,0.4987601,0.2641974,0.44914645,0.16219205,0.49478158,0.50745624,0.5129724,0.4407556,0.44918135,0.4511738,0.4452728,0.2298901,0.2617809,0.3852904,0.31206253,0.39007324,0.43465027,0.46434662,0.52607644,0.4396704,0.4701128,0.3289508,0.3692091,0.44713137,0.31731138,0.47577158,0.43748656,0.3089539,0.37994337,0.53862655,0.54088044,0.30695346,0.42829177,0.61413413,0.59770125,0.6693118,0.7869735,0.63339114,0.5296817,0.5655874,0.46742284,0.66420203,0.579873,0.59361464,0.6727088,0.0071312916,0.44592083,0.5552315,0.6187441,0.050179992,-0.0907532,0.39599124,0.3164196,0.24826747,0.3491986,0.27126905,0.35561746,0.46874055,0.41656858,0.5053239,0.5187796,0.4745359,0.43193358,-0.0474112,0.2601501,0.41488203,0.34862307,0.3445232,0.2897243,0.43161035,0.25930968,0.27523676,0.4538999,0.5405046,0.4727016,0.317573,0.39085698,0.3305958,0.53732795
0.45162782,0.4430581,0.41100854,0.29507196,0.17038357,-0.0056758295,0.3348641,0.3428808,0.11813237,-0.09653187,0.6282336,0.6712601,0.58945614,0.40594983,0.122169614,0.2446578,0.81580794,0.7111808,0.40390226,0.40721753,0.14751327,0.008196216,0.5877639,0.53674287,0.0633715,-0.09790513,-0.03359261,0.25109,0.6985264,1.0,0.46462092,0.23759611,0.43354642,0.40545404,0.27136102,0.31712422,0.32248077,0.37044606,0.31683978,0.38554063,0.20951034,0.48224276,0.50385165,0.51088697,0.43932292,0.43938088,0.4665312,0.49685305,0.3424754,0.3071885,0.4771343,0.42457741,0.3662182,0.36517537,0.3966933,0.3430657,0.5021964,0.49585137,0.32236725,0.3471429,0.4511255,0.37018618,0.59889185,0.5282515,0.33666024,0.31313336,0.466146,0.44475698,0.32700384,0.35777667,0.26587728,0.34760052,0.5371001,0.6641015,0.25672188,0.51163334,0.45266953,0.4644736,0.57762444,0.7152099,0.7401799,0.78943855,0.11301299,0.28063306,0.39109933,0.62766755,0.13771689,0.18871316,0.28407472,0.16344152,0.21145171,0.1556733,0.10369501,0.20485465,0.31122178,0.23009533,0.30203944,0.34935614,0.36680755,0.34500787,0.033125706,-0.046035778,0.14261161,0.08868902,0.19205137,0.18182282,0.0862941,-0.028730525,0.14480706,0.29452053,0.42390677,0.38984597,0.086401604,0.16591626,0.24155639,0.40094492
0.5071962,0.4309985,0.49658954,0.44699132,0.27102003,-0.0446568,0.4314754,0.43561792,0.49768662,0.038050022,0.59971714,0.42428184,0.45995602,0.30543527,-0.07143986,-0.026092831,0.51837903,0.5461199,0.48288128,0.50725067,0.08424018,0.4166384,0.6897916,0.6306175,0.21064165,0.12840071,-0.31779072,0.04389735,0.73018867,0.46462092,1.0,0.5947258,0.6068026,0.5575884,0.4809656,0.37425417,0.22517267,0.25885746,0.018143643,0.2981641,-0.063712776,0.37791947,0.56365526,0.5429855,0.46055445,0.49829295,0.4893758,0.46887374,0.23042573,0.34608972,0.41284057,0.30289963,0.38545135,0.42432845,0.368933,0.54081243,0.537562,0.51300037,0.466186,0.48083425,0.5273415,0.41364884,0.4433756,0.4483653,0.28671223,0.40004936,0.555064,0.5553221,0.4699791,0.49268064,0.48530406,0.55780005,0.30592287,0.72103274,0.60492945,0.3552951,0.39893532,0.14736064,0.5654703,0.44629315,0.46632293,0.47583264,-0.14696164,0.30496326,0.5458249,0.4948762,0.07284276,-0.09390351,0.36448938,0.25907052,0.15955935,0.33897522,0.27811778,0.34514716,0.34496135,0.19787431,0.25674525,0.31327325,0.34042716,0.34354097,-0.10318787,0.30984008,0.34313273,0.26727057,0.24965872,0.24417703,0.3849955,0.2869256,0.06396816,0.19987054,0.2914547,0.40745893,0.27391195,0.34789565,0.29226544,0.49810874
