1.0,0.63967586,0.1962635,0.27114248,-0.04309773,0.1280159,0.3959093,0.471618,-0.22239698,-0.15985009,0.51640135,0.03394219,0.34842962,-0.16034721,-0.2698055,-0.054833222,0.25108084,-0.096762896,0.65790206,0.28365856,-0.15854622,-0.049192175,0.45892718,-0.1613841,0.09751763,0.23026675,0.28774923,-0.17440093,0.21404622,-0.17069188,0.09302873,0.06590824,0.4239816,0.32151097,0.5549735,0.5432418,0.11067214,0.456247,-0.13022038,0.19071476,0.023824576,-0.06966436,0.40121475,0.08285732,0.3697388,-0.12520419,0.12143558,0.05299028,0.1385544,-0.16631097,0.07403994,-0.34710103,0.03145113,-0.11112464,0.20589781,0.19636655,0.7498624,0.35574612,0.51800805,-0.054083094,0.7023641,-0.18717371,0.5015967,-0.17472635,0.40141833,-0.29517868,0.5415896,0.49412063,0.6115155,0.44982663,-0.24682483,0.47763756,-0.071938105,0.12738414,-0.253759,0.15137766,0.17437033,0.3498308,0.32091293,-0.27389878,0.1612053,-0.26255608,-0.20365961,-0.3132822,0.063000664,-0.23209968,-0.05095576,-0.055250734,-0.18000862,0.046923317,-0.030016327,-0.34753674,-0.029163882,-0.4152887,0.029508146,0.12689623,0.1972388,0.4061922,-0.0076108538,-0.027063359,-0.14110889,-0.006204178,0.060256697,0.03932177,-0.14945732,0.1323433,-0.29105857,-0.43672916,0.372499,0.42373708,0.16349038,-0.18508904,-0.19694622,0.06779937,-0.2587195,0.010068187
0.63967586,1.0,0.28524402,0.6098125,-0.10540112,0.1333157,0.4656635,0.54285765,0.12664227,0.17090632,0.11827668,0.20907472,-0.0018080336,0.2831817,0.07055101,0.19098914,0.010634791,0.3691386,0.3182573,0.57506233,0.063972704,-0.043515854,0.24843214,0.33339512,-0.04810418,0.32370776,0.0030398294,-0.031783532,0.089251,0.27822906,0.22890735,0.36009502,0.40335935,0.3056014,0.7392202,0.7081985,0.29077727,0.3238416,0.13136637,0.26596656,-0.27227008,0.018581089,0.50910664,0.403151,0.4197403,0.1543075,0.09222682,0.29750678,0.105244674,0.09992858,0.046785474,0.0313231,0.08388823,-0.05194851,0.33046725,0.034833934,0.3601082,0.766366,0.362216,0.4429743,0.37884212,0.26305476,0.23680632,0.27853692,0.17492908,0.24648538,0.77751833,0.7702133,0.56799966,0.7087868,0.12996857,0.0011829174,0.20487666,0.17380412,-0.078684844,0.26285622,0.25135309,0.2890577,0.15848005,0.25831246,0.33998665,0.26348126,-0.17147848,0.17701857,0.28901854,0.2344525,0.085462414,0.09663839,-0.14418663,-0.016505986,0.13826764,-0.07340509,0.18033755,-0.003826781,-0.05386882,0.29152712,0.32171324,0.38254866,-0.05457233,0.20705402,-0.15813547,-0.073118694,0.2057807,-0.24570076,-0.012727466,-0.027292358,-0.18264543,-0.20751122,0.46917164,0.4429519,0.40275714,0.20454197,0.058227897,0.27613565,-0.059274286,-0.09468863
0.1962635,0.28524402,1.0,0.608602,0.238631,-0.0011904874,0.1474567,0.5162303,-0.03524402,0.30440372,0.3592007,0.08239004,0.2126503,0.18171243,0.08846412,0.3185192,0.44506127,0.15710698,0.21799769,0.295084,-0.29566005,-0.0035074176,0.5284051,0.2879079,-0.03494215,-0.13838832,-0.12813559,-0.017422168,0.63931,0.27361032,0.5097286,0.4870715,0.6461135,0.58533067,0.2459329,0.24918726,-0.09368262,0.05272246,-0.0045340643,0.19397427,0.046150297,0.08526798,0.44505033,0.41821453,0.41739905,0.3410576,0.58623743,0.5426524,0.39089474,0.46377912,0.31259614,0.3363009,0.34436244,0.2736273,0.43468875,0.25578693,0.31998396,0.23710023,0.1731723,0.17364286,0.18779396,0.320789,0.16514681,0.25124454,0.22195114,0.19994502,0.2005197,0.22797565,0.59280473,0.30433068,0.32745877,0.126122,0.615852,0.53121865,-0.09490464,0.29805687,0.07207247,0.08935304,0.21986936,0.14066155,0.11961673,0.14984174,-0.04255748,0.15755637,-0.02812425,0.109168306,0.1806033,0.04492065,-0.29217577,0.16622089,0.28416076,0.1861762,-0.15416948,0.14950572,0.0016374934,0.24417616,0.42619398,0.1127629,0.44486192,0.46217594,0.015101625,0.013944522,-0.0048959106,-0.23914148,0.19190493,-0.13082291,-0.26951423,0.33438346,0.26286405,0.5571734,0.26060784,0.19489725,-0.039123837,-0.16505048,-0.05557759,-0.020756548
0.27114248,0.6098125,0.608602,1.0,0.121108346,0.24189694,0.28541178,0.703461,0.22999062,0.52187896,0.29630688,-0.07167675,0.16720732,0.32099935,0.16616106,0.5191245,0.33478186,0.43302074,0.039627638,0.4667186,-0.13339077,0.058000162,0.43568784,0.5185343,-0.10976868,0.14911519,-0.078648485,-0.029848766,0.44072792,0.6333872,0.68125147,0.7598789,0.5432085,0.430352,0.48755106,0.4878089,0.14248165,0.031433474,0.2032102,0.2757825,-0.21633369,-0.17293607,0.60798824,0.66986597,0.4874864,0.3675082,0.44360906,0.6516704,0.34380102,0.4168576,0.45581582,0.2740366,0.50969374,0.076644,0.6497266,0.023718772,0.28320473,0.60881597,0.24650533,0.40561506,0.2303388,0.3768587,0.29809132,0.22164088,0.3024031,0.36494157,0.5488927,0.56932145,0.51780355,0.5427246,0.3064487,0.032014053,0.4750918,0.6536583,-0.082714126,0.5978359,0.168299,0.24589837,0.24392873,0.53382736,0.40728888,0.5017995,-0.15092278,0.30430233,0.34100923,0.4035156,0.27900726,0.099649526,-0.113339275,-0.16634515,0.51794165,0.11430064,0.05760809,0.28095984,-0.048307434,0.469991,0.6004012,0.28746092,0.31336394,0.54447126,-0.26292017,-0.026968408,0.1491997,-0.5354332,0.30249622,-0.25112832,-0.033745497,0.19383356,0.42131683,0.48767552,0.56817263,0.51853144,0.20336662,0.14483489,0.040550746,-0.080164425
-0.04309773,-0.10540112,0.238631,0.121108346,1.0,0.018147789,-0.070894025,0.09471217,-0.04902937,0.10742056,0.3241579,-0.22671805,0.2632713,-0.14152332,0.0944526,0.24241234,0.33729252,-0.14230928,0.0543057,-0.106103845,-0.10699454,-0.05472127,0.26443815,-0.077170536,0.15278514,-0.19896238,0.22667155,0.07221359,0.31654364,0.004227466,0.27122,0.11186771,0.16351254,0.10803814,-0.019128421,-0.117060065,-0.25427434,0.0091209905,0.1329335,0.026571391,0.23767988,-0.23533691,0.0499537,0.070394546,0.15246542,0.14555185,0.26064762,0.12934554,0.3782064,0.23552996,0.34908882,0.1117793,0.26426747,0.21025988,0.022089051,0.07052476,0.13614307,-0.12660041,0.23569386,-0.060160644,0.04605213,-0.13434473,0.18287589,-0.15241502,0.19426253,-0.1228842,-0.07544852,-0.10909452,0.03458707,-0.16635892,0.07546083,0.20407186,0.032964725,0.23759407,-0.018935135,-0.021034194,-0.15525693,-0.019566191,0.19854711,-0.10164517,-0.09808423,-0.09443767,0.079821885,0.019052027,-0.11827425,0.04861337,0.028719654,0.10533352,-0.15706192,-0.005191134,0.18723413,-0.029676389,-0.13272402,-0.0324033,-0.023180587,0.04942149,0.075696975,-0.060432054,0.28899866,0.16103521,0.05302438,-0.000487858,0.047801334,-0.018781928,0.16365066,0.05940337,0.007111184,0.14839227,-0.08326966,0.18219167,0.018108804,-0.040907472,-0.17802367,-0.24519423,-0.075482495,0.10426539
0.1280159,0.1333157,-0.0011904874,0.24189694,0.018147789,1.0,-0.03259222,0.2592743,0.09925497,0.29619372,0.28183013,-0.28666186,0.2755552,0.104498535,0.084366165,0.4389461,0.16636617,0.1571915,-0.12782781,0.019599829,-0.08249437,0.17320259,0.23844667,0.15294689,-0.116731696,0.46184385,0.32308456,0.3124961,0.13657135,0.28917125,0.39196804,0.3676878,0.059449885,-0.056202523,0.2141515,0.30908936,0.22944924,0.177341,0.18911551,0.22847043,-0.2255357,-0.17197454,0.2524143,0.29799882,0.159836,-0.051526092,-0.008176638,0.119067766,0.032350443,0.03127055,0.18017736,-0.1976471,0.18679483,-0.21133769,0.35444894,0.011376888,0.16632105,0.16855201,0.052243643,-0.03511017,0.205151,-0.12644078,0.2682819,-0.18824755,0.16961752,-0.017068507,0.26899526,0.26471964,0.08209846,0.08730397,-0.121306784,0.23865713,0.08352791,0.43632647,-0.048153054,0.49303663,0.25400856,0.38856807,0.15438001,0.2052585,0.36315656,0.19499166,-0.022857571,0.09910386,0.2521919,0.21192433,0.36973152,0.25206637,0.03720695,-0.2619893,0.27466238,-0.15942127,-0.05995702,-0.022988468,0.1299179,0.37685773,0.37397638,0.3456863,0.0216827,0.09994403,-0.32512003,0.14943297,-0.060482316,-0.29133743,0.10229255,-0.24707401,0.20059979,-0.16700318,0.23143964,0.10692879,0.30708304,0.18088567,0.088620044,0.059359305,-0.0870768,-0.12700944
0.3959093,0.4656635,0.1474567,0.28541178,-0.070894025,-0.03259222,1.0,0.38870236,0.19945092,0.10015354,0.072452396,0.36862093,-0.0265055,0.34780708,0.2351483,0.1091433,-0.19637057,0.3781692,0.17618549,0.5341323,0.27366465,-0.0566528,0.035876963,0.31994885,0.14087337,0.065541066,-0.040783744,-0.12047868,-0.085156046,0.178883,0.022139734,0.07100351,0.29735103,0.21200098,0.48494303,0.39742768,0.22462352,0.15553868,0.13947879,0.25196144,-0.17397901,-0.0019956476,0.30715987,0.25791883,0.27389288,0.16643018,0.022905078,0.30919412,0.1359418,0.19725081,0.053060986,0.14994384,-0.11346942,-0.082007796,0.14756297,0.018089995,0.16219845,0.5514437,0.34567407,0.45425478,0.2794389,0.39578867,0.12157448,0.33449858,0.06751408,0.28365636,0.49230245,0.44933105,0.22369918,0.5392448,0.19538237,-0.12196406,-0.055089902,-0.026488783,0.058226045,0.055917874,0.21899702,0.23410517,-0.08520145,0.1839097,0.18782924,0.24140327,0.056947425,0.21476698,0.2502859,0.2171793,0.06755087,0.13462384,-0.03292683,0.070580274,-0.045658376,-0.00993553,0.080247365,0.04351883,-0.006301159,0.15722348,0.0019131744,0.32717746,-0.13828644,0.26222968,-0.145195,-0.055604085,0.196113,-0.09813093,-0.025363151,0.07186576,0.031330653,-0.08878736,0.15788384,0.28128466,0.3274042,0.23875387,0.159242,0.12708986,0.01487296,-0.15310493
0.471618,0.54285765,0.5162303,0.703461,0.09471217,0.2592743,0.38870236,1.0,0.029962705,0.20033142,0.46115786,-0.17975347,0.45121184,0.13949397,-0.07200089,0.42992255,0.42993507,0.16340052,0.32124355,0.30118784,-0.2716362,-0.023135265,0.59465164,0.24340534,-0.18551745,0.08862089,0.11468345,-0.16657601,0.4298246,0.35225704,0.5555471,0.6151458,0.56573296,0.47954646,0.38802522,0.4652023,-0.01640146,0.10208034,-0.017300285,0.15485564,-0.049151342,-0.13004875,0.51814806,0.400474,0.50197166,0.18165012,0.4953037,0.45479357,0.3194662,0.27203235,0.38100576,-0.008863589,0.48767897,-0.022348937,0.5849775,0.09645109,0.5463244,0.45235515,0.4736519,0.22823264,0.44364822,0.25162157,0.4584662,-0.036912985,0.42559126,0.07606009,0.49887395,0.45931745,0.55536926,0.46875012,0.026441792,0.29474044,0.23163643,0.58581275,-0.22380134,0.48131227,0.012830236,0.17841224,0.2663796,0.185099,0.20784964,0.17936948,-0.15057546,0.03280314,0.14352874,0.09575256,0.33162814,0.17872262,-0.17046955,-0.08539884,0.43641084,-0.11140588,-0.22097754,0.028208947,-0.02263639,0.29003307,0.38097507,0.2736563,0.28459504,0.399588,-0.39565086,0.0055147605,0.0074339425,-0.37130326,0.14162104,-0.12681837,-0.18953587,-0.06634104,0.25684878,0.45604733,0.31814843,0.25277147,0.15539046,0.057594694,-0.053469047,0.013430225
-0.22239698,0.12664227,-0.03524402,0.22999062,-0.04902937,0.09925497,0.19945092,0.029962705,1.0,0.49483562,-0.29341543,0.18939133,-0.29499847,0.5394955,0.4321653,0.32864127,-0.3352416,0.61171645,-0.49902415,0.30040863,0.29342395,0.14819154,-0.3006486,0.58951473,0.01702367,0.310581,-0.17535792,0.2512701,-0.18169843,0.5558703,0.20328584,0.3320866,-0.1343498,-0.17854144,0.14929165,0.13093296,0.43028507,-0.12443602,0.41923353,0.07488509,-0.39846373,-0.11579673,0.039560556,0.3044756,-0.109771594,0.15025182,-0.30271164,0.120593846,-0.16831961,0.14211388,-0.055565342,0.19512433,-0.023916895,-0.15359044,0.13928127,-0.32346827,-0.4109645,0.38217694,-0.27717,0.40729794,-0.25698638,0.3878134,-0.22902137,0.36248818,-0.28215024,0.5109382,0.22785144,0.23711993,-0.15705663,0.2864409,0.46301937,-0.48530513,0.13880174,0.12470707,0.124897785,0.3227132,0.32258564,0.18787618,-0.15825851,0.61187375,0.440031,0.6229992,0.040408768,0.44772595,0.3962546,0.5650911,0.13727362,0.16515289,0.14847434,-0.28672442,0.13107233,0.24752238,0.2905497,0.3169444,0.026463991,0.33471408,0.21059479,0.15258835,-0.23809363,0.20061281,-0.11442354,-0.024208821,0.10549766,-0.26349577,0.08863403,-0.26468137,0.2261408,0.24925824,0.15422133,-0.047710817,0.35512748,0.524166,0.24807376,0.35742596,0.33979353,-0.25853434
-0.15985009,0.17090632,0.30440372,0.52187896,0.10742056,0.29619372,0.10015354,0.20033142,0.49483562,1.0,-0.103164025,0.08773012,-0.24987234,0.46934083,0.23337413,0.45022714,-0.0874625,0.6559037,-0.54825705,0.3723204,0.082162626,0.255984,-0.015435691,0.7119624,-0.0676425,0.23338757,-0.24138092,0.3656933,0.1151071,0.7964981,0.56738895,0.612696,0.112747714,0.009602236,0.15900381,0.07269828,0.28891096,-0.27254686,0.20811534,0.09759149,-0.50305194,-0.16438805,0.27618155,0.5949818,0.004793316,0.2716886,-0.0099330945,0.39506143,0.04041531,0.4104888,0.17023659,0.2534756,0.23564196,-0.102344185,0.46070865,-0.3298955,-0.24466334,0.40663204,-0.28589684,0.33605462,-0.2364831,0.33257282,-0.123369865,0.3145936,-0.13309367,0.47063363,0.18054938,0.20344707,0.007347854,0.19077489,0.5031655,-0.36721218,0.42225665,0.46573943,0.07385633,0.51480293,0.24820806,0.13069478,0.028706903,0.7334745,0.48306552,0.72006243,-0.15223004,0.35171288,0.43694377,0.5885523,0.17631306,-0.018167596,0.079263,-0.44838375,0.39855707,0.2341815,0.05383826,0.38504803,-0.061291896,0.4445765,0.39402282,0.1221242,-0.02484909,0.28981662,-0.2640384,-0.044893645,0.06765549,-0.5032487,0.28076634,-0.35412586,0.18880463,0.25115678,0.13327515,0.026763655,0.51516664,0.6781325,0.47003317,0.16675293,0.12627101,-0.3246204
0.51640135,0.11827668,0.3592007,0.29630688,0.3241579,0.28183013,0.072452396,0.46115786,-0.29341543,-0.103164025,1.0,-0.40845045,0.77433515,-0.36221904,-0.21513607,0.2510728,0.7622126,-0.32734856,0.46528804,-0.15801603,-0.41131318,-0.022272004,0.71688586,-0.3339584,0.053237367,-0.059377514,0.4471069,-0.27912575,0.63840234,-0.12604134,0.43849456,0.24059649,0.38737577,0.23806638,0.13902518,0.21851937,-0.20573716,0.24915299,-0.07245176,0.14492045,0.3325281,-0.22693662,0.36360583,0.09676835,0.47345906,-0.04096896,0.48218563,0.22781517,0.42083675,0.07203814,0.51877767,-0.15272304,0.4624211,0.10250965,0.33007997,0.4414132,0.78092664,-0.112861246,0.531538,-0.3384684,0.64737236,-0.34132242,0.71561366,-0.43302765,0.67374086,-0.37108982,0.15319715,0.12159207,0.43665165,-0.012854048,-0.31319526,0.68921345,0.091548,0.46192437,-0.31939036,0.31392804,-0.11520087,0.2279238,0.515249,-0.31242424,-0.0014982548,-0.31611592,-0.07917186,-0.30736846,-0.22368911,-0.22333987,0.2530333,0.11875859,-0.29218075,0.06336071,0.35613376,-0.15688868,-0.3096936,-0.28535113,-0.008581872,0.22813863,0.3776546,0.20475154,0.56640565,0.24802312,-0.22873618,0.13489759,-0.12642555,-0.040393498,0.04130687,-0.13747552,-0.2756267,-0.06882576,0.26039144,0.46917567,0.1011539,-0.22429916,-0.34071785,-0.37242055,-0.19662261,0.13367164
0.03394219,0.20907472,0.08239004,-0.07167675,-0.22671805,-0.28666186,0.36862093,-0.17975347,0.18939133,0.08773012,-0.40845045,1.0,-0.51024044,0.5604705,0.32770482,-0.17598769,-0.53692013,0.4523612,-0.027526287,0.50221336,0.39073065,0.041769303,-0.43714285,0.34782407,0.1794021,0.080904394,-0.27935317,0.15818454,-0.3214643,-0.012550659,-0.34014714,-0.2233571,0.02366337,-0.029696118,0.22508441,0.18543963,0.39863032,0.08268147,0.110671535,0.28891644,-0.18486805,0.22692145,-0.007305988,0.04108788,-0.1189984,0.009751635,-0.34620243,-0.06899334,-0.26016155,0.04731986,-0.48012015,0.21613997,-0.6339135,-0.1324347,-0.19062698,-0.019081565,-0.3130955,0.35437787,-0.30897206,0.27607614,-0.17828956,0.40627745,-0.4765426,0.7070141,-0.49113864,0.4153352,0.13803679,0.12081076,0.024947908,0.3591523,0.38913947,-0.46481153,0.15127201,-0.35412574,0.23876277,-0.19573346,0.34278792,0.15060629,-0.3118245,0.15089905,0.011890099,0.23807271,0.19422205,0.1957796,0.028483646,0.26902875,-0.058545176,0.015904183,-0.012724739,0.14889766,-0.5223297,0.257309,0.15722258,0.017149333,-0.037104372,0.03527539,-0.12185224,0.13830057,-0.33327162,-4.073283e-05,0.3248038,-0.12000356,0.112576604,0.10853549,-0.20269704,0.09993436,0.08175932,0.03836891,-0.020670353,0.0087737255,0.13813007,0.0919329,0.07554423,0.10108506,0.0040001776,-0.20996675
0.34842962,-0.0018080336,0.2126503,0.16720732,0.2632713,0.2755552,-0.0265055,0.45121184,-0.29499847,-0.24987234,0.77433515,-0.51024044,1.0,-0.29859537,-0.07959864,0.38377792,0.7464787,-0.4597768,0.38403484,-0.3503166,-0.49751216,-0.10740065,0.72037965,-0.41916957,-0.057412744,-0.16601424,0.5166261,-0.3672486,0.5660774,-0.22907503,0.38156638,0.2417959,0.26003906,0.18093696,0.019571364,0.17043854,-0.34201255,0.21633169,-0.039858878,0.031414792,0.50486076,-0.1897538,0.16196232,-0.04351439,0.48298842,-0.030809432,0.50683314,0.102614954,0.33929545,0.034941047,0.43644047,-0.18160574,0.4695906,0.17665942,0.18932214,0.43711507,0.6626413,-0.21068227,0.5081403,-0.35416058,0.5032557,-0.3644757,0.5706353,-0.5272778,0.65298575,-0.40026993,0.09869457,0.047816083,0.31809345,-0.05356879,-0.40726128,0.7107461,-0.025454951,0.42399424,-0.35705277,0.23288499,-0.3132157,0.056568373,0.37241465,-0.4178205,-0.16758426,-0.4162373,0.13137738,-0.19752967,-0.27191144,-0.29219294,0.39202455,0.3657661,-0.18894672,0.19366941,0.36148202,-0.19698587,-0.41870898,-0.24182868,0.031575736,0.08400387,0.23599969,0.045822322,0.57661134,0.16232257,-0.22977336,0.11062668,-0.1470559,-0.0006605568,0.08098068,-0.047722094,-0.16702954,-0.07407836,0.15379292,0.41779345,-0.12103226,-0.29706648,-0.31222144,-0.34715435,-0.10478026,0.25075817
-0.16034721,0.2831817,0.18171243,0.32099935,-0.14152332,0.104498535,0.34780708,0.13949397,0.5394955,0.46934083,-0.36221904,0.5604705,-0.29859537,1.0,0.6371475,0.49131945,-0.3875689,0.77069753,-0.40907666,0.53498703,0.37249452,0.14927529,-0.2829148,0.72717357,-0.01188094,0.30299437,-0.27944812,0.2193674,-0.18229774,0.5227569,0.12580596,0.33801678,0.0753605,-0.031690046,0.38341486,0.39343458,0.4818981,0.028527461,0.4329024,0.34029076,-0.33623332,0.06422615,0.26779664,0.47939357,0.1462731,0.25273314,-0.1567011,0.28247473,-0.14325404,0.39051372,-0.19819213,0.4008175,-0.21092291,-0.07819158,0.16424401,-0.06622047,-0.41511413,0.5888068,-0.29823646,0.49850646,-0.26007453,0.63755417,-0.4494836,0.715235,-0.34964135,0.7546135,0.40386164,0.37612244,-0.017969444,0.51873344,0.5735423,-0.5445571,0.30986342,0.070109494,0.28538135,0.2793287,0.33780536,0.22348107,-0.3133357,0.629893,0.30534443,0.72228914,0.3451818,0.62645113,0.304467,0.70282215,0.363877,0.42226297,0.100766085,-0.052505247,-0.020898916,0.40299845,0.115469314,0.33122063,-0.0006125057,0.44170678,0.2572455,0.2809427,-0.15482825,0.36831635,-0.029665984,-0.08765002,0.1809713,-0.23481353,0.09155312,-0.24553083,0.26148644,0.2356378,0.20798534,0.14199838,0.46693018,0.5153988,0.21681826,0.25798592,0.16421078,-0.3461828
-0.2698055,0.07055101,0.08846412,0.16616106,0.0944526,0.084366165,0.2351483,-0.07200089,0.4321653,0.23337413,-0.21513607,0.32770482,-0.07959864,0.6371475,1.0,0.4671891,-0.21070895,0.43544024,-0.37041616,0.26327258,0.36176106,-0.07171113,-0.24816392,0.43431333,0.22502178,0.07687639,0.010385724,0.14839421,-0.04983018,0.2514557,0.047767848,0.13914472,-0.051438626,-0.08492743,0.2990805,0.2655797,0.31804618,0.021052582,0.58907074,0.32525885,-0.0019870156,-0.090121314,0.12909535,0.33010095,0.23645395,0.33473256,-0.057262857,0.19490834,0.069750674,0.35338867,0.014116234,0.5148115,-0.15917224,0.115840726,-0.046802644,0.04877068,-0.3808324,0.3322929,-0.06943921,0.48758358,-0.17657556,0.42180368,-0.278504,0.46233138,-0.09543547,0.5800726,0.2923148,0.31105387,-0.13055211,0.32714304,0.41117033,-0.37198633,0.17530467,0.024108198,0.23542275,0.06645964,0.17758018,0.13104,-0.17006297,0.35499552,0.13994561,0.42574036,0.57322127,0.67806935,0.25971788,0.5335827,0.36320305,0.54442173,0.1381899,0.12172887,-0.0012985499,0.36379898,0.16749193,0.2572459,0.060410704,0.25659966,0.16427116,0.07768725,0.04675872,0.27692556,0.16966796,-0.07339878,0.22800978,-0.11808939,0.15871572,-0.032308035,0.39244196,0.3733108,0.20537113,0.22559282,0.2509275,0.35422212,0.04491131,0.08682338,0.12813929,-0.18080287
-0.054833222,0.19098914,0.3185192,0.5191245,0.24241234,0.4389461,0.1091433,0.42992255,0.32864127,0.45022714,0.2510728,-0.17598769,0.38377792,0.49131945,0.4671891,1.0,0.25114745,0.37676573,-0.27706155,0.15398629,-0.045683905,0.08940088,0.31053907,0.4378139,-0.07200568,0.2290023,0.18148236,0.045992143,0.30218646,0.5402432,0.5926132,0.6464679,0.2046815,0.056599606,0.24250004,0.3529144,0.13701068,0.00082329387,0.40420097,0.2802356,0.0034292894,-0.2278319,0.3905891,0.5519567,0.4601195,0.37636617,0.2798134,0.4536053,0.25570464,0.48359683,0.37363896,0.26890898,0.4046482,0.041903064,0.41381207,0.098210126,0.027978389,0.34416255,0.075139344,0.24694121,0.03140231,0.24246739,0.06417343,0.11974847,0.23053099,0.36855963,0.37184742,0.35382983,0.052611597,0.24791192,0.27241784,-0.014305488,0.27832618,0.5623579,-0.10450878,0.5098139,0.022861484,0.15339676,0.023243248,0.44036406,0.25028846,0.4750109,0.28501144,0.49818534,0.23067433,0.47579548,0.6270788,0.625235,0.036398802,-0.12038519,0.50143826,0.2505164,-0.16836937,0.29732648,-0.038464997,0.4646281,0.46758792,0.20474525,0.3169228,0.4815303,-0.25390255,-0.00951584,0.04784645,-0.37088028,0.27558425,-0.26380834,0.23733862,0.28440148,0.24915655,0.34796023,0.4130106,0.41548824,0.14306647,0.008986769,0.078107744,-0.15189677
0.25108084,0.010634791,0.44506127,0.33478186,0.33729252,0.16636617,-0.19637057,0.42993507,-0.3352416,-0.0874625,0.7622126,-0.53692013,0.7464787,-0.3875689,-0.21070895,0.25114745,1.0,-0.41847187,0.33805194,-0.34972566,-0.5979031,-0.11458855,0.79854685,-0.35859725,-0.12961718,-0.22083673,0.33552238,-0.31172305,0.85264915,-0.10324655,0.5385064,0.37655848,0.3170635,0.23737213,-0.00086255843,0.1067894,-0.47694793,0.08865218,-0.18033524,-0.0956026,0.41551033,-0.110870324,0.23431964,0.054267924,0.49090406,0.07527194,0.64266866,0.2468278,0.40828773,0.16119894,0.54381585,0.050573472,0.65254223,0.3620742,0.26354086,0.48801088,0.6852624,-0.22964513,0.4394417,-0.3277882,0.4037856,-0.3058721,0.5707046,-0.41653788,0.65814304,-0.30074674,0.030252505,0.016125267,0.44199345,-0.15577242,-0.22434081,0.633023,0.34461877,0.5837143,-0.3130872,0.2723748,-0.36453548,-0.0363728,0.5063006,-0.3072328,-0.10400416,-0.33021194,-0.1669318,-0.25241783,-0.394161,-0.24030344,0.19103085,0.0032795204,-0.43503425,0.19938545,0.45256716,-0.036023714,-0.32635233,-0.16270047,-0.079207346,0.16593738,0.3801169,-0.036166485,0.75619686,0.35888475,-0.11158188,0.060058255,-0.21061268,-0.036954537,0.20193693,-0.22132142,-0.4110802,0.11602876,0.23255414,0.51311105,-0.059454687,-0.23894551,-0.33125353,-0.4607663,-0.05635665,0.3093179
-0.096762896,0.3691386,0.15710698,0.43302074,-0.14230928,0.1571915,0.3781692,0.16340052,0.61171645,0.6559037,-0.32734856,0.4523612,-0.4597768,0.77069753,0.43544024,0.37676573,-0.41847187,1.0,-0.4860073,0.6146526,0.42471132,0.2003634,-0.2955013,0.85265815,-0.030729305,0.41352215,-0.33832774,0.32672912,-0.18152685,0.7366907,0.26136637,0.4300325,0.10366167,-0.023226174,0.40161774,0.36733636,0.5385385,-0.05563931,0.3806971,0.243008,-0.61484146,-0.040693715,0.33296746,0.6093289,0.07053054,0.27848893,-0.21280593,0.39087006,-0.04964663,0.34812504,-0.07109003,0.37000802,-0.08806717,-0.19304982,0.35433215,-0.24830782,-0.3691774,0.6543824,-0.2824426,0.56550485,-0.13839285,0.62279344,-0.25633916,0.6689024,-0.31726867,0.7744293,0.42460018,0.45576087,-0.030827938,0.52967983,0.6349591,-0.65233004,0.34493813,0.12694581,0.2551057,0.37222174,0.4197437,0.24994215,-0.17614192,0.8167313,0.5547192,0.8597872,0.027288787,0.5150993,0.4799017,0.74848545,0.2117802,0.16777124,0.09526007,-0.32675436,0.11480923,0.32224035,0.19715385,0.424351,-0.0017747621,0.5014026,0.3374866,0.33261648,-0.2565638,0.3575725,-0.14552392,-0.038294576,0.159297,-0.3534523,0.07209929,-0.3715248,0.21825248,0.2123052,0.2621145,0.10094761,0.6216461,0.67873865,0.3869763,0.3496006,0.18942554,-0.43966037
0.65790206,0.3182573,0.21799769,0.039627638,0.0543057,-0.12782781,0.17618549,0.32124355,-0.49902415,-0.54825705,0.46528804,-0.027526287,0.38403484,-0.40907666,-0.37041616,-0.27706155,0.33805194,-0.4860073,1.0,-0.0002152583,-0.2580327,-0.19552886,0.44245267,-0.5136496,0.09537001,-0.13813657,0.23650093,-0.3018407,0.22625151,-0.5327998,-0.15843253,-0.22675547,0.36425897,0.35170335,0.22790161,0.25591218,-0.17751703,0.38558027,-0.29377165,0.07859289,0.37940374,0.09598871,0.11838135,-0.27298498,0.24046259,-0.20570892,0.2563447,-0.11419435,0.13156414,-0.26682898,0.007126471,-0.31776175,-0.016722312,0.01523614,-0.06594762,0.33957165,0.6771933,-0.030402072,0.52863926,-0.230262,0.5838092,-0.30031338,0.42340314,-0.26201934,0.3819968,-0.47486794,0.18946107,0.13621837,0.5600517,0.17555062,-0.43676558,0.5894738,-0.15003704,-0.053298034,-0.18324089,-0.21134667,-0.070252046,0.10522678,0.1906677,-0.6088006,-0.22296956,-0.6020777,-0.07189822,-0.3900551,-0.25148657,-0.53378224,-0.14259674,-0.09157498,-0.2404681,0.34788033,-0.16538002,-0.3731516,-0.036691505,-0.44791806,0.010178036,-0.22371946,-0.061968163,0.14506298,0.14845257,-0.1484794,0.0440219,0.06032527,-0.024139084,0.21465753,-0.25173298,0.32550076,-0.36648566,-0.35584387,0.11053536,0.31408894,-0.21876583,-0.51757526,-0.36353904,-0.110559136,-0.36395612,0.29056072
0.28365856,0.57506233,0.295084,0.4667186,-0.106103845,0.019599829,0.5341323,0.30118784,0.30040863,0.3723204,-0.15801603,0.50221336,-0.3503166,0.53498703,0.26327258,0.15398629,-0.34972566,0.6146526,-0.0002152583,1.0,0.30813846,0.06128117,-0.14200237,0.6433516,0.060445633,0.23407315,-0.20718376,0.12501223,-0.15206724,0.45273784,0.09058808,0.22853632,0.44040015,0.3957529,0.57796854,0.46375033,0.5032848,0.081213586,0.24028097,0.42708603,-0.3324733,-0.08253101,0.5394376,0.58123744,0.2207542,0.29466802,-0.013829029,0.38404435,0.09663354,0.3692856,0.061264694,0.2021094,-0.15930325,-0.12941416,0.37267107,-0.16519028,-0.06768223,0.72252864,0.059282623,0.5912037,0.01872614,0.54221445,-0.1203707,0.49789193,-0.19154698,0.45000857,0.5302952,0.54711324,0.36773324,0.68588835,0.4207342,-0.2842933,0.15588225,0.099642925,0.1644656,0.24621257,0.46496433,0.37124214,-0.067335114,0.50407135,0.3544551,0.5444756,0.079880446,0.2529084,0.46950644,0.45621586,0.052044153,0.038404867,0.17172305,-0.19958828,0.010042969,0.10052881,0.18261829,0.12546311,0.025178002,0.35053825,0.29351738,0.41038793,-0.21784978,0.23319231,-0.062212158,-0.05564495,0.2676196,-0.3193784,0.08013325,-0.03132545,0.1476744,0.05939579,0.24626336,0.18316054,0.59960777,0.5151209,0.31153125,0.29491684,0.058771178,-0.28934702
-0.15854622,0.063972704,-0.29566005,-0.13339077,-0.10699454,-0.08249437,0.27366465,-0.2716362,0.29342395,0.082162626,-0.41131318,0.39073065,-0.49751216,0.37249452,0.36176106,-0.045683905,-0.5979031,0.42471132,-0.2580327,0.30813846,1.0,0.018384758,-0.53654945,0.32116538,0.14970776,0.16373974,-0.12374633,0.1828034,-0.5389421,0.117518656,-0.28020945,-0.23658295,-0.20501333,-0.24545333,0.13744673,0.103285104,0.38101068,0.012733868,0.29097325,0.14140739,-0.26028052,0.010422664,-0.002285472,0.086886436,-0.1003221,0.09864386,-0.3758312,-0.063193806,-0.12398154,0.03924185,-0.21406943,0.2379773,-0.39831814,-0.16225608,-0.2236076,-0.13806579,-0.464388,0.24031186,-0.14007635,0.33620802,-0.15418406,0.3656848,-0.37811527,0.44876224,-0.33485004,0.44287437,0.1572563,0.19740765,-0.35274556,0.22939135,0.20279028,-0.50752413,-0.18616943,-0.42885146,0.28311735,-0.21235362,0.14755943,0.06571996,-0.35473248,0.27736259,0.06170295,0.33308485,0.23718041,0.28887638,0.21125999,0.33852205,-0.08787243,0.11119439,0.21083426,-0.020507403,-0.21213809,0.30202603,0.2535865,0.16829477,0.042055264,0.046123262,-0.15666577,0.12541969,-0.40028843,0.032828003,0.027837975,-0.014717898,0.20546877,0.1441366,-0.113693506,0.06672962,0.3020477,0.038445707,-0.07421065,-0.19792652,0.17119816,0.18403485,0.032795593,0.24358042,-0.015590228,-0.25800654
-0.049192175,-0.043515854,-0.0035074176,0.058000162,-0.05472127,0.17320259,-0.0566528,-0.023135265,0.14819154,0.255984,-0.022272004,0.041769303,-0.10740065,0.14927529,-0.07171113,0.08940088,-0.11458855,0.2003634,-0.19552886,0.06128117,0.018384758,1.0,-0.07052316,0.15495305,-0.028472466,0.11105288,-0.050173745,0.11286479,-0.08330804,0.16408414,0.06776459,0.03714008,-0.022676928,0.002203041,-0.06299553,0.033298,0.25817463,0.15030558,0.051458668,0.21866933,-0.1990037,0.071396604,0.06669476,0.13019261,-0.16030028,-0.18853213,-0.12568553,-0.008678603,-0.13248594,-0.042544175,-0.14141688,-0.16551484,-0.08580496,-0.16077097,0.15587486,-0.03989135,-0.09058391,0.07169075,-0.2515101,-0.08485982,-0.06275761,0.11365445,-0.0301231,0.086061046,-0.22074589,0.07730316,-0.08739389,-0.049845006,-0.0041681845,0.07351424,0.18907452,-0.029596865,0.029883832,0.0436519,-0.12310643,0.2262093,0.2552894,0.26182532,-0.022636067,0.19314124,0.22639506,0.20231526,-0.09939536,0.06851552,0.043975152,0.26620218,0.09807392,0.046587657,-0.11276204,-0.21027838,-0.06573857,-0.040117428,0.11198405,-0.03032275,0.073153526,0.21554299,0.15412843,0.25887343,-0.13057937,0.0620325,0.018798212,0.016867446,0.038920958,-0.10959751,-0.22426555,-0.24023785,0.10347057,-0.07754314,0.10969932,-0.077212416,0.23287137,0.12871277,0.028100986,0.07226911,-0.02277567,-0.39264804
0.45892718,0.24843214,0.5284051,0.43568784,0.26443815,0.23844667,0.035876963,0.59465164,-0.3006486,-0.015435691,0.71688586,-0.43714285,0.72037965,-0.2829148,-0.24816392,0.31053907,0.79854685,-0.2955013,0.44245267,-0.14200237,-0.53654945,-0.07052316,1.0,-0.20301802,-0.102692604,-0.14546,0.36588246,-0.24879064,0.7252144,-0.018867636,0.6139225,0.46600345,0.494419,0.40349987,0.16384722,0.27125266,-0.44170213,0.12555982,-0.20952125,-0.062708855,0.35867938,-0.049484346,0.30176914,0.117172234,0.54725766,0.1138299,0.6688545,0.34013486,0.36494416,0.15865354,0.46970388,-0.003426079,0.5982324,0.28007936,0.296574,0.40554112,0.726792,-0.031119153,0.5199036,-0.23582017,0.5640279,-0.18564132,0.5213729,-0.29374135,0.6606851,-0.25627044,0.23575413,0.23014808,0.56751424,0.095775,-0.26499948,0.61494285,0.27643618,0.5823479,-0.41669956,0.26144305,-0.31166056,-0.01671162,0.41636738,-0.25886044,-0.087806664,-0.27434877,-0.15550031,-0.15225418,-0.2469529,-0.2734591,0.20383342,0.07620934,-0.32332212,0.19355586,0.44106475,-0.104556516,-0.35617518,-0.12509099,-0.011860795,0.11890679,0.30638844,0.018868139,0.55995375,0.32882035,-0.21932898,0.067876816,-0.11472687,-0.09646429,0.12123894,-0.100191265,-0.3722483,-0.038415343,0.19629811,0.6227532,-0.025250096,-0.20217355,-0.17646578,-0.36122528,-0.19117825,0.2658901
-0.1613841,0.33339512,0.2879079,0.5185343,-0.077170536,0.15294689,0.31994885,0.24340534,0.58951473,0.7119624,-0.3339584,0.34782407,-0.41916957,0.72717357,0.43431333,0.4378139,-0.35859725,0.85265815,-0.5136496,0.6433516,0.32116538,0.15495305,-0.20301802,1.0,-0.06710934,0.34188542,-0.33724335,0.3678674,-0.09961665,0.82615024,0.3577324,0.55314165,0.22445157,0.14320298,0.3517293,0.27109396,0.42187783,-0.23352538,0.3441361,0.20309834,-0.50174016,-0.046321,0.34109193,0.65348905,0.088013105,0.41304561,-0.028257478,0.49569935,0.017497433,0.47005463,0.04033408,0.4197089,0.04106945,-0.12731293,0.40404543,-0.33315852,-0.4120421,0.6076975,-0.2512782,0.63237786,-0.24016829,0.6666436,-0.30108044,0.6056055,-0.29433492,0.7410538,0.37407923,0.42515698,-0.012052019,0.47985068,0.6431187,-0.59936965,0.3886324,0.28503865,0.2037074,0.37431568,0.35255685,0.1535627,-0.16696952,0.8432526,0.4596644,0.86214834,0.05268547,0.567087,0.55606747,0.68675864,0.20450282,0.13944814,0.21517223,-0.33841267,0.22426166,0.31382397,0.120008,0.4794662,0.054665904,0.39916983,0.32016987,0.17245238,-0.20575373,0.3736768,-0.16694161,-0.03381305,0.23188645,-0.49012443,0.19838345,-0.23182456,0.27288598,0.32882777,0.12958132,0.09769167,0.5721718,0.7777498,0.48574436,0.32761216,0.19637655,-0.35175127
0.09751763,-0.04810418,-0.03494215,-0.10976868,0.15278514,-0.116731696,0.14087337,-0.18551745,0.01702367,-0.0676425,0.053237367,0.1794021,-0.057412744,-0.01188094,0.22502178,-0.07200568,-0.12961718,-0.030729305,0.09537001,0.060445633,0.14970776,-0.028472466,-0.102692604,-0.06710934,1.0,-0.06662405,0.18808135,0.09806848,-0.11108624,-0.20749691,-0.16816168,-0.29769766,-0.0054718573,0.013371548,0.01938175,-0.024836259,0.13618997,0.18737713,0.14565983,0.31097087,0.15118404,-0.06621892,-0.03268658,-0.088372685,-0.12475235,-0.1792639,-0.12739217,-0.07204299,-0.12501836,-0.07750832,-0.12100816,0.030927805,-0.34441668,-0.07250626,-0.23788607,0.06549792,-0.016184002,-0.013474705,0.024390131,-0.03391752,0.15496105,0.038286395,0.0007720713,0.09117044,0.021971311,-0.033273134,-0.066675946,-0.048312522,-0.028272387,0.026104195,0.011990404,0.047106083,-0.19455996,-0.22041565,0.16631816,-0.1576923,0.23114175,0.22857596,-0.021493452,-0.16454636,-0.037459787,-0.13160712,0.17919943,0.033641323,0.0070355632,-0.06010594,-0.12668842,0.016190737,0.15715028,0.06548948,-0.3369283,-0.08984656,0.19204965,-0.18509203,0.1939207,-0.033510823,-0.17603695,0.15236281,-0.09020764,-0.13341445,0.34343153,0.0059822947,-0.09130815,0.13124211,-0.03315331,0.23133819,0.2584739,-0.032084465,0.075800456,0.0114195645,0.0006442491,-0.20016238,-0.10820565,-0.1047565,-0.27839318,-0.09037708
0.23026675,0.32370776,-0.13838832,0.14911519,-0.19896238,0.46184385,0.065541066,0.08862089,0.310581,0.23338757,-0.059377514,0.080904394,-0.16601424,0.30299437,0.07687639,0.2290023,-0.22083673,0.41352215,-0.13813657,0.23407315,0.16373974,0.11105288,-0.14546,0.34188542,-0.06662405,1.0,0.04400862,0.36595288,-0.15876912,0.34631827,0.054487363,0.23914616,-0.052671067,-0.17427427,0.33581814,0.3656025,0.42892662,0.13212082,0.1560693,0.1477869,-0.42413387,-0.081298284,0.20965502,0.23694938,0.007144902,-0.00093889696,-0.3133958,0.031087462,-0.20034434,-0.16540276,-0.11470591,-0.16760729,-0.10069587,-0.37495923,0.18089898,-0.16352856,-0.045414038,0.32753167,-0.17766692,0.1085374,0.13073987,-0.02749931,0.031534348,0.0980179,-0.05915215,0.19128764,0.3625398,0.36435914,-0.070944674,0.24999483,0.11876931,-0.1481298,0.0514031,0.115675926,0.04648851,0.32917535,0.38356394,0.32777715,0.027777709,0.37985834,0.47578192,0.37242457,-0.052493814,0.17436564,0.51125866,0.30687568,0.053128775,0.09335059,0.11817438,-0.25446197,0.04959986,-0.05081486,0.23853043,0.017204387,0.01141818,0.2620255,0.26489955,0.29513597,-0.35180634,-0.022416577,-0.21288028,0.066786654,0.08876643,-0.22863664,-0.0659369,-0.14941502,0.1547051,-0.23320676,0.2394649,-0.0047153146,0.29445386,0.27899772,0.04784031,0.44719267,-0.033323165,-0.18028784
0.28774923,0.0030398294,-0.12813559,-0.078648485,0.22667155,0.32308456,-0.040783744,0.11468345,-0.17535792,-0.24138092,0.4471069,-0.27935317,0.5166261,-0.27944812,0.010385724,0.18148236,0.33552238,-0.33832774,0.23650093,-0.20718376,-0.12374633,-0.050173745,0.36588246,-0.33724335,0.18808135,0.04400862,1.0,-0.044891264,0.17051111,-0.2750375,0.09638782,-0.053782135,0.055959906,-0.025625318,0.076795936,0.21274225,-0.18016449,0.1983423,-0.06474945,0.1471426,0.4054841,-0.17240217,0.041650068,-0.08145948,0.2543352,0.015969006,0.14226231,-0.104291,0.18120962,-0.050737586,0.2507697,-0.10560273,0.04641096,0.03387188,-0.115311846,0.26970375,0.3299993,-0.1728839,0.3821094,-0.20424798,0.4080471,-0.33605662,0.30504987,-0.34107533,0.44890636,-0.27963758,0.1436329,0.16559924,0.06526168,-0.027532294,-0.43408948,0.4434157,-0.22668295,0.14245827,-0.20135404,0.02355506,-0.16102777,0.117698506,0.19217433,-0.3720771,-0.22383785,-0.3763268,0.21174784,-0.11015778,-0.1544636,-0.22456652,0.22874409,0.26426667,-0.06882978,0.10423446,0.061130133,-0.16863605,-0.17286876,-0.27899325,-0.021887885,-0.05891844,-0.03715244,0.02852989,0.12831567,-0.0353406,-0.045010723,0.16714633,-0.0825986,0.1032941,-0.017812006,0.1498818,0.10122288,-0.2091736,-0.07391231,0.26979786,-0.14993425,-0.33037937,-0.23011023,-0.29205748,-0.16648646,0.1967181
-0.17440093,-0.031783532,-0.017422168,-0.029848766,0.07221359,0.3124961,-0.12047868,-0.16657601,0.2512701,0.3656933,-0.27912575,0.15818454,-0.3672486,0.2193674,0.14839421,0.045992143,-0.31172305,0.32672912,-0.3018407,0.12501223,0.1828034,0.11286479,-0.24879064,0.3678674,0.09806848,0.36595288,-0.044891264,1.0,-0.15221073,0.26392895,0.026762288,0.08915546,-0.0558307,-0.057342123,0.09268154,-0.004837685,0.23940156,-0.17307058,0.07463138,0.10127107,-0.36628526,0.10001015,-0.10564463,0.101146296,-0.32464972,0.0046023703,-0.3113505,-0.05408846,-0.22227329,0.035798464,-0.27086964,-0.0075917826,-0.25269836,-0.22727041,-0.029176626,-0.37340215,-0.33088878,0.06994581,-0.33834445,0.14390355,-0.15645292,0.05762823,-0.21678908,0.17575495,-0.30655947,0.20199445,-0.0035746396,0.05228442,-0.15008597,0.039948277,0.25232962,-0.303909,0.17593093,0.037148423,0.2741742,0.0031430349,0.32580099,0.09580882,-0.11697793,0.2492195,0.25134513,0.24874502,-0.055662286,0.1785982,0.28197932,0.17888911,-0.07442614,-0.035068884,0.14308324,-0.26490286,-0.19112739,-0.03624993,0.10899551,-0.045129113,0.09863974,0.018238539,-0.01930363,0.0650692,-0.38976535,-0.2093636,0.037430856,-0.05795756,-0.08227588,-0.17917186,0.019802507,0.020529687,0.20391752,-0.01778937,-0.035403855,-0.09047084,0.08984482,0.24044257,0.2668783,0.16417761,-0.17211705,-0.17927401
0.21404622,0.089251,0.63931,0.44072792,0.31654364,0.13657135,-0.085156046,0.4298246,-0.18169843,0.1151071,0.63840234,-0.3214643,0.5660774,-0.18229774,-0.04983018,0.30218646,0.85264915,-0.18152685,0.22625151,-0.15206724,-0.5389421,-0.08330804,0.7252144,-0.09961665,-0.11108624,-0.15876912,0.17051111,-0.15221073,1.0,0.071776055,0.6025618,0.47705373,0.42508224,0.33314556,0.108899385,0.17885171,-0.34926656,0.046522815,-0.15027632,-0.016433598,0.2888343,-0.046168275,0.30581132,0.2093032,0.5141592,0.22950594,0.62873805,0.37677175,0.42153907,0.28415194,0.50021285,0.21997541,0.59010315,0.38089043,0.33988446,0.44733006,0.57995415,-0.06345838,0.31594914,-0.13633847,0.3011876,-0.11341417,0.44834802,-0.1857717,0.5344889,-0.09551329,0.0985443,0.11143344,0.508865,-0.023661396,0.06962469,0.4271359,0.5878788,0.6785625,-0.24441881,0.32226396,-0.21456367,0.01484496,0.44374245,-0.13006829,0.047145076,-0.13854569,-0.16779518,-0.096917465,-0.28263322,-0.059158396,0.18518902,-0.04047423,-0.47944415,0.18751568,0.41661185,0.060078856,-0.23097196,-0.075341225,-0.02635471,0.2454938,0.46681112,-0.0042830487,0.7151222,0.45618817,0.029595213,0.011807228,-0.16064452,-0.11423436,0.2115562,-0.24988422,-0.41023612,0.2755191,0.3475753,0.6041957,0.06963676,-0.045955226,-0.22937232,-0.38712955,0.032242145,0.17416464
-0.17069188,0.27822906,0.27361032,0.6333872,0.004227466,0.28917125,0.178883,0.35225704,0.5558703,0.7964981,-0.12604134,-0.012550659,-0.22907503,0.5227569,0.2514557,0.5402432,-0.10324655,0.7366907,-0.5327998,0.45273784,0.117518656,0.16408414,-0.018867636,0.82615024,-0.20749691,0.34631827,-0.2750375,0.26392895,0.071776055,1.0,0.5788237,0.7348219,0.21051444,0.10135475,0.24961437,0.1877162,0.29992786,-0.30877736,0.3077111,0.09558767,-0.49722672,-0.2012077,0.38922146,0.70713943,0.14669856,0.4178962,0.115529425,0.58056605,0.15055564,0.4621951,0.3017629,0.339201,0.38689598,-0.09657709,0.59032524,-0.3574372,-0.26105398,0.5122043,-0.16023172,0.51148176,-0.17529672,0.4793427,-0.053507138,0.3394028,-0.060581785,0.61127853,0.33829635,0.37565506,0.0039869286,0.33597222,0.5165037,-0.43493706,0.378385,0.5167053,0.12176261,0.5728414,0.22914429,0.12513782,-0.006120396,0.88923687,0.52556103,0.85699654,-0.118774906,0.46632013,0.5665117,0.6629441,0.2339467,0.078561224,0.1740583,-0.47960716,0.5255286,0.24821682,0.08719909,0.53348583,-0.033944085,0.46280754,0.46449414,0.14827465,-0.021580797,0.4319958,-0.37804306,-0.0014516481,0.20686805,-0.62628996,0.30295944,-0.396855,0.19192563,0.3079777,0.16595824,0.08914845,0.6098474,0.82590276,0.5243893,0.29373136,0.2766514,-0.2708363
