1.0,0.7605452,0.60974145,0.5729658,-0.078596644,0.09942006,0.79322964,0.56593037,0.2999512,0.15064596,0.6542116,0.6489271,0.60872936,0.64829904,0.29732397,0.28060466,0.53842664,0.54955554,0.6024719,0.65980345,0.27046055,0.00038329093,0.34757766,0.15811287,0.117002144,0.17082012,-0.11694814,-0.028929537,0.19869189,0.16278401,-0.030893734,0.155101,0.46331614,0.4737189,0.5708982,0.26979667,0.34880504,0.3216859,-0.054540094,0.13566759,0.090605706,-0.29214114,0.49883592,0.4558265,0.48119652,0.44192725,0.46816084,0.22529799,0.29778218,0.15322237,0.20908022,0.34683657,0.20384282,-0.30691445,0.34874633,-0.13370846,0.68873125,0.61409354,-0.031711157,0.28442582,0.5515479,0.179036,0.58152515,0.3297074,0.2410508,0.066487215,0.6837211,0.49655107,0.76827866,0.48031634,0.067347296,-0.2168284,-0.09336488,0.28047094,0.3585534,0.16653684,0.26789305,0.23592597,0.5334619,0.016634755,0.6643957,0.08791631,0.0017542308,-0.08249799,0.5979304,-0.06416329,-0.031521883,-0.04824739,0.42622334,-0.39788672,0.0062541803,-0.12010902,0.16869418,-0.0073865294,0.36137033,-0.073813595,0.08870091,-0.04573262,0.024910096,-0.25901234,0.21797694,-0.22628957,0.2927893,-0.052409567,0.17187048,-0.08237694,0.09309833,0.034277655,0.10085995,0.5523358,0.21479467,-0.26323283,-0.037934184,-0.098873295,-0.42315418,-0.21487747
0.7605452,1.0,0.81846356,0.76719314,0.25460666,0.3178173,0.8466546,0.8540157,0.46969867,0.32763755,0.6545598,0.7922013,0.71329147,0.7658023,0.52377623,0.5288846,0.6327082,0.6934282,0.8324793,0.8184339,0.44178402,0.28326654,0.5378071,0.48775172,0.29712963,0.20385863,0.24949893,0.0069164014,0.49267158,0.38921636,0.2612693,0.37428173,0.76995313,0.75574994,0.6309172,0.54873663,0.5800287,0.511939,0.22877954,0.39617452,0.20580915,0.0431592,0.42195043,0.5267927,0.44023272,0.47400424,0.45152637,0.39771217,0.4064666,0.43897486,0.23097682,0.45852557,0.20669405,-0.02524985,0.43280846,0.13908193,0.33073252,0.7932261,-0.2293633,-0.03670455,0.23361865,0.34135443,0.23142466,0.5459747,-0.032693535,0.21204725,0.5805744,0.6675757,0.6172253,0.6988161,0.37898147,0.15136163,0.30813158,0.5151083,0.366926,0.43884972,0.46646297,0.40094876,0.56257397,0.24182363,0.42349336,0.45721483,0.1396351,0.2767265,0.47880742,0.35529312,0.1439239,0.20236829,0.39757556,0.007978554,0.084937744,0.09503469,0.12697938,0.0048667737,0.50070614,0.24321584,0.28982738,0.19242398,0.107684374,0.07272632,0.23356614,0.03799672,0.2314067,0.24095477,0.240587,0.013952257,0.25982422,0.23649088,0.24104698,0.54072404,0.3512082,0.0039814864,0.089769036,0.077944785,-0.22249633,0.089274116
0.60974145,0.81846356,1.0,0.8140957,0.3104386,0.3899466,0.763703,0.84360796,0.37408304,0.36318222,0.5292134,0.6565674,0.65061533,0.64095867,0.51714647,0.49393007,0.5657132,0.5999716,0.79218715,0.73842007,0.44624197,0.41808906,0.68501675,0.5817215,0.3124409,0.2721269,0.2968652,0.12808108,0.5015506,0.5340308,0.4559458,0.50952744,0.83519846,0.7714029,0.60736203,0.6189272,0.60611475,0.5954498,0.39348903,0.49588612,0.22081323,0.21933806,0.4684694,0.5645891,0.42868343,0.5138206,0.52655244,0.5021057,0.4135533,0.40612432,0.09318732,0.4793623,0.1676698,0.111914314,0.4870469,0.3355659,0.28634933,0.75128055,-0.24867824,-0.072366185,0.18161166,0.35710457,0.14193812,0.60492116,-0.08745093,0.2228503,0.55759573,0.69031316,0.5283484,0.746279,0.5138743,0.32299858,0.4797114,0.60500276,0.4600839,0.48399132,0.5945025,0.4902649,0.51155496,0.3345047,0.36748272,0.54466605,0.24458392,0.37351242,0.44293916,0.46400785,0.27004185,0.31153274,0.43982434,0.22146913,0.10783193,0.2589409,0.123396784,0.15293618,0.5828429,0.3513444,0.45378327,0.37719446,0.17956369,0.27300915,0.2820404,0.17265384,0.27640057,0.32936314,0.336672,0.09161499,0.4032544,0.2786159,0.22009613,0.5459146,0.46888974,0.13232365,0.12937318,0.17659055,-0.0706188,0.28986782
0.5729658,0.76719314,0.8140957,1.0,0.3869095,0.25588813,0.6869637,0.8115396,0.45864385,0.23025419,0.44421628,0.6605911,0.5638579,0.6691555,0.395717,0.45412964,0.479763,0.56508243,0.82084155,0.80879134,0.35833383,0.31243965,0.645461,0.6098612,0.24878299,0.14038852,0.27833998,0.19706859,0.414643,0.55690503,0.36078247,0.54890656,0.7743249,0.7094734,0.5880696,0.6098228,0.5765341,0.5789432,0.39711297,0.48936605,0.24134167,0.20633228,0.4815056,0.55955416,0.38761026,0.518565,0.52859104,0.4775871,0.38810757,0.38120887,0.07062541,0.48525658,0.07628275,0.08896928,0.47619995,0.30901214,0.24199913,0.7563777,-0.18351178,0.042303797,0.18615082,0.47320494,0.06490098,0.6368491,0.05929521,0.33504725,0.5984707,0.6976048,0.5875132,0.71610034,0.4712043,0.36185217,0.4416556,0.6620835,0.41179627,0.5129029,0.5727861,0.48597586,0.4413312,0.37534234,0.3013388,0.5418189,0.0955956,0.34885362,0.3288478,0.46933833,0.19332372,0.2605759,0.32216033,0.16796646,0.028875435,0.27383566,0.12808006,0.10131277,0.5373151,0.3098083,0.4066172,0.34718996,0.12055496,0.22485867,0.2693437,0.19826701,0.14928828,0.32757714,0.27722546,0.13124163,0.3182778,0.31025204,0.23773763,0.53228676,0.4302083,0.11501409,0.088142544,0.11708536,-0.16401877,0.19552247
-0.078596644,0.25460666,0.3104386,0.3869095,1.0,-0.004733171,0.17253251,0.37272465,0.45830217,-0.014726752,0.048797637,0.25552464,0.20822117,0.31558144,0.14570296,0.27429327,0.17579745,0.32255325,0.36770034,0.31255382,0.2269644,0.30344403,0.1771839,0.3096929,0.32553175,-0.19268154,0.56815773,0.1964551,0.3158185,0.26157045,0.32125893,0.35312155,0.44938174,0.3876506,0.28101844,0.48341632,0.41414663,0.38452968,0.41729152,0.4377896,0.13902524,0.30070347,0.10296781,0.28962833,0.19017778,0.13681236,0.13394952,0.32101107,0.16487618,0.42439988,-0.018323807,0.3176806,0.028519481,0.35878286,0.14684436,0.3212129,-0.38400072,0.37027758,-0.024460617,-0.16256776,-0.1610471,0.49276403,-0.32212836,0.46150833,-0.2060532,0.4936713,0.1383224,0.41133767,0.05867818,0.43303367,0.4358867,0.3354019,0.5152823,0.43707946,0.22969654,0.39063355,0.34853834,0.44597313,0.16674568,0.3609431,-0.26745558,0.48321375,-0.13760118,0.26215395,-0.15450226,0.5579726,0.13873293,0.18812591,-0.15040578,0.42824125,-0.1045816,0.26940066,-0.12828568,0.06699693,0.34088212,0.35319683,0.24995397,0.34015903,0.080773614,0.25501555,-0.020494303,0.26125628,-0.2826871,0.39199206,-0.0907353,0.21443427,0.09975649,0.3778617,0.2511456,0.1682634,0.26708773,0.22572678,-0.04669627,0.112167776,-0.008361103,0.22257324
0.09942006,0.3178173,0.3899466,0.25588813,-0.004733171,1.0,0.32038006,0.38790032,0.115291096,0.80090827,0.4234461,0.35240877,0.47191706,0.30979827,0.7495283,0.657217,0.41655752,0.28672817,0.26583737,0.23283961,0.47650385,0.6416728,0.5834931,0.614603,0.48421323,0.5667558,0.3998281,0.3657925,0.6815938,0.6382002,0.53336984,0.19765775,0.4436647,0.5036218,0.29029503,0.40511504,0.4589759,0.50354636,0.39007965,0.51555306,0.36651817,0.45178035,0.20627043,0.114879996,-0.09914698,0.049912017,0.3156724,0.3704316,0.2969289,0.23858292,0.016499285,-0.0025879403,0.21688324,0.12687272,0.3495759,0.44181386,0.028118867,0.20850419,-0.31347644,-0.3395649,-0.079980545,-0.132008,-0.18636371,0.107215926,-0.09557766,-0.37065524,-0.042147644,0.2050102,-0.043863297,0.24099773,0.4692197,0.34642026,0.55094194,0.50297534,0.20302877,0.569891,0.5456477,0.46806833,0.2765206,0.11106132,0.3342363,0.46381328,0.7668515,0.5951754,0.3376637,0.34245577,0.302835,0.17050982,0.35422248,0.38964093,0.1520043,0.20251511,-0.057352737,0.1881542,0.25514457,0.42797494,0.5242092,0.4705197,0.25945264,0.37784714,0.19461404,0.2654339,0.58878124,0.21792258,0.57415634,0.27648926,0.3830942,0.26815566,0.14635125,0.2841146,0.39467227,0.26972437,0.140015,0.25981313,0.40597782,0.34703377
0.79322964,0.8466546,0.763703,0.6869637,0.17253251,0.32038006,1.0,0.7987395,0.48003143,0.39769596,0.7729621,0.78251123,0.82589626,0.7848013,0.5532015,0.5515487,0.70083696,0.7083937,0.7536671,0.78846925,0.43872717,0.30432287,0.52395797,0.3945019,0.29664522,0.21732794,0.20561132,0.051941838,0.5122445,0.34169784,0.24967316,0.19977948,0.6805497,0.69953233,0.6473893,0.47856727,0.5927158,0.5427169,0.16890992,0.41535413,0.22563367,-0.0034401116,0.4407557,0.4823855,0.43386438,0.43080917,0.49676144,0.38823014,0.41100088,0.33894852,0.28200018,0.35629532,0.32294813,-0.026997076,0.40957284,0.14103293,0.48828816,0.73921174,-0.23594649,0.009836156,0.34106165,0.2292989,0.36679155,0.48366323,-0.06591152,0.089247614,0.5337281,0.5872701,0.58063304,0.62746614,0.3676383,0.026639286,0.2334556,0.5117684,0.40495884,0.44436938,0.4158412,0.41565496,0.6372011,0.1583799,0.5501749,0.3755891,0.18234672,0.17598185,0.5645095,0.22135231,0.14677252,0.11180376,0.39938647,-0.106495626,0.0068860287,-0.009096,0.049919568,0.02534578,0.50123173,0.15369415,0.3215008,0.1998209,0.1259224,-0.04907601,0.27241084,-0.024817115,0.2939505,0.1554534,0.29610938,0.07531077,0.16942027,0.24722184,0.14346147,0.6283994,0.41060984,-0.0538826,-0.027991638,-0.019844528,-0.26577482,-0.010463918
0.56593037,0.8540157,0.84360796,0.8115396,0.37272465,0.38790032,0.7987395,1.0,0.4807878,0.40894204,0.5717428,0.7907335,0.70388925,0.7728374,0.57660955,0.6052706,0.5695699,0.7245722,0.82818747,0.75979006,0.51301,0.47084668,0.68115205,0.60904473,0.28127688,0.16820982,0.40286303,0.112789005,0.56758195,0.5631509,0.5138948,0.48261428,0.8150658,0.7898298,0.58038884,0.5875864,0.64216095,0.56304145,0.3888155,0.51239604,0.25959533,0.267407,0.36239025,0.5057097,0.40838125,0.41428596,0.46225113,0.45116943,0.43822145,0.44549245,0.21702021,0.4375403,0.20691912,0.1456156,0.42261705,0.3225272,0.23242657,0.82458913,-0.33579782,-0.21875463,0.11357384,0.32592672,0.108652875,0.61364,-0.1679817,0.26770234,0.42885616,0.6127146,0.38305274,0.6568762,0.6203294,0.39639673,0.54026705,0.669223,0.42755204,0.5456063,0.5577039,0.49972054,0.46099404,0.45840132,0.2885161,0.61247575,0.24071823,0.40726086,0.42305347,0.47845307,0.22556223,0.31634858,0.332193,0.1954586,0.0012540083,0.21330032,0.08630899,0.08307655,0.529405,0.37327912,0.4025786,0.33684558,0.19830343,0.22086361,0.27054137,0.20549978,0.15761288,0.3501609,0.27550086,0.13809499,0.355411,0.34067893,0.31860924,0.47307104,0.4096485,0.20016876,0.11019522,0.17790803,-0.06734938,0.29661757
0.2999512,0.46969867,0.37408304,0.45864385,0.45830217,0.115291096,0.48003143,0.4807878,1.0,0.29374135,0.5390453,0.5767914,0.57873094,0.6524613,0.41752702,0.6120981,0.5375122,0.6346263,0.44113794,0.5242225,0.58307344,0.296067,0.10276185,0.21778575,0.32243264,-0.13983111,0.47311708,0.25226948,0.3906384,0.31804907,0.22167657,0.19056375,0.49179104,0.49139184,0.58704567,0.42270204,0.5456089,0.36547184,0.2628102,0.39876664,0.4936101,0.123548724,0.19334142,0.18821432,0.2010682,0.15363754,0.37924042,0.1708237,0.23963027,0.37056407,-0.07109155,0.29950395,0.27138817,0.06499926,0.3473023,0.14454614,0.08149187,0.41721782,-0.087349735,-0.09964148,0.15919852,0.21650052,0.18438138,0.3855436,-0.015329962,0.19786358,0.25311214,0.35712564,0.26652196,0.41359022,0.2943387,-0.02891209,0.3420939,0.4483543,0.2593538,0.44301578,0.40666658,0.39703444,0.46420592,0.35644007,0.315432,0.4782716,-0.17880587,0.35278878,0.30356124,0.26080737,0.034447752,0.32575923,0.27371857,-0.032188788,-0.11639109,-0.16992295,-0.0704796,-0.18083932,0.25521815,0.061943717,0.29844356,0.23223694,0.3105268,-0.008727569,0.20752731,0.22242068,0.12352038,0.2645537,0.027617685,0.09255009,-0.07847328,0.43098664,0.19860844,0.32253945,0.247994,0.18158412,-0.3621652,-0.17383564,-0.34492233,-0.16360846
0.15064596,0.32763755,0.36318222,0.23025419,-0.014726752,0.80090827,0.39769596,0.40894204,0.29374135,1.0,0.59179336,0.4799603,0.6280376,0.46884516,0.8104347,0.7570823,0.55004084,0.42870396,0.24831195,0.26117992,0.57129747,0.6319151,0.5304787,0.525332,0.4786168,0.5046444,0.3958109,0.32487833,0.73656523,0.59898436,0.5101242,0.10478858,0.42204797,0.4621705,0.36431298,0.34501725,0.410568,0.48284838,0.26969206,0.4845218,0.3984075,0.39779487,0.10570792,0.06717246,-0.06855482,0.08457405,0.27314556,0.27905697,0.2668247,0.17288658,0.00021122218,-0.07628487,0.3173129,0.032138355,0.30246183,0.33628327,0.09726891,0.16038275,-0.32041034,-0.38198254,-0.09763554,-0.27210388,-0.041805007,0.03542292,-0.18301712,-0.4555112,-0.06462291,0.1453048,-0.021445867,0.17051978,0.42250806,0.26666105,0.4883589,0.5107235,0.15802594,0.56930417,0.5098392,0.3948726,0.39592814,0.16204868,0.45559657,0.43551812,0.712399,0.5470748,0.3917327,0.24911423,0.25570855,0.11980064,0.39831966,0.2333649,0.054876186,0.05898157,-0.09481735,0.10569308,0.22281024,0.31053048,0.42217347,0.4047721,0.18823059,0.26904732,0.14041357,0.16775803,0.5574853,0.22907118,0.56751406,0.24574932,0.22992952,0.33410335,0.097075656,0.27858225,0.3702983,0.20821406,0.073749,0.19596799,0.2576166,0.18061624
0.6542116,0.6545598,0.5292134,0.44421628,0.048797637,0.4234461,0.7729621,0.5717428,0.5390453,0.59179336,1.0,0.75935495,0.8976165,0.78994066,0.647694,0.66474956,0.76005363,0.69353026,0.55659664,0.6201225,0.5443194,0.30670413,0.42275584,0.35352787,0.4129824,0.3103492,0.2671013,0.1137961,0.5969751,0.335692,0.29813123,-0.023246158,0.5089702,0.5763731,0.63615346,0.41611677,0.47802475,0.40930018,-0.006767061,0.3061718,0.28002086,-0.04578098,0.3273712,0.2560085,0.224458,0.19585025,0.46328214,0.25549448,0.2601938,0.28673902,0.16811734,0.12815787,0.41566038,-0.07286017,0.26049346,0.04589503,0.46495456,0.42399585,-0.2477455,-0.11949966,0.23802833,-0.12801549,0.4467779,0.14997488,-0.051638816,-0.1870017,0.34118882,0.36039257,0.42414352,0.37091893,0.282631,-0.11779352,0.23829979,0.41248977,0.24964151,0.4485486,0.42730162,0.40230823,0.5772421,0.12761842,0.6348426,0.24283767,0.2796497,0.18672279,0.564578,0.02745149,0.13868192,0.124610685,0.3872584,-0.20109855,-0.018065996,-0.17961566,-0.057184275,0.062491193,0.2634513,-0.0037497552,0.25991687,0.15648432,0.1447514,-0.13280173,0.2979297,0.011164412,0.4561173,0.06608994,0.33578914,0.11426734,-0.051546622,0.26068997,-0.0050257593,0.5147233,0.34329334,-0.051488653,-0.22210175,-0.19595933,-0.16601469,-0.22341083
0.6489271,0.7922013,0.6565674,0.6605911,0.25552464,0.35240877,0.78251123,0.7907335,0.5767914,0.4799603,0.75935495,1.0,0.81922334,0.8992713,0.6649215,0.72700715,0.74941427,0.8525984,0.74746037,0.734577,0.5907343,0.40576652,0.553786,0.5176286,0.31524214,0.15625583,0.31886154,0.14592631,0.65462226,0.510015,0.36028856,0.37756622,0.71575195,0.7459783,0.67889774,0.46445516,0.5939413,0.53603315,0.2756985,0.48740464,0.4004801,0.15628234,0.34323344,0.44394624,0.36486986,0.326725,0.47184184,0.38645664,0.31567368,0.32055357,0.25355244,0.3965308,0.23684324,-0.014759811,0.4702945,0.22358792,0.30687898,0.67811996,-0.1726229,-0.11572745,0.16235605,0.17465484,0.30626947,0.46804816,-0.03938891,0.13763379,0.4498641,0.5279978,0.37855703,0.5144657,0.49605542,0.18973438,0.38219187,0.63032293,0.3934548,0.52269435,0.5456467,0.44839057,0.6207813,0.4394278,0.5241339,0.51828736,0.20363463,0.32123455,0.5452996,0.3077462,0.08912657,0.23731068,0.43159667,-0.024994565,0.017270956,0.06971299,0.111494884,0.022023972,0.46831065,0.2500013,0.31660262,0.22748701,0.26264718,0.086859,0.30580327,0.04959222,0.26769182,0.25464955,0.23447216,0.15275165,0.24914858,0.40606374,0.3370606,0.51656926,0.41901097,0.16107918,0.090302885,0.16005139,-0.246576,0.07128351
0.60872936,0.71329147,0.65061533,0.5638579,0.20822117,0.47191706,0.82589626,0.70388925,0.57873094,0.6280376,0.8976165,0.81922334,1.0,0.8564395,0.72340757,0.74492747,0.7830199,0.74924177,0.65250105,0.68786126,0.6055762,0.47234806,0.55113494,0.4921123,0.46729642,0.3144127,0.37410912,0.1747696,0.70978075,0.45917997,0.408504,0.15886106,0.64281756,0.68757373,0.631986,0.46932095,0.584844,0.5445283,0.19527319,0.48200834,0.34420714,0.14217159,0.30074403,0.31841803,0.25530076,0.27828074,0.44299525,0.32091942,0.29664606,0.3183265,0.18468767,0.1968722,0.401714,0.031365722,0.35419184,0.19069341,0.3251941,0.53815055,-0.3005098,-0.14421512,0.14079133,0.011871904,0.28634813,0.32706165,-0.13688746,-0.10355564,0.31990567,0.44564947,0.38161469,0.48525453,0.46214053,0.067102715,0.40373313,0.57581747,0.3393727,0.56390345,0.512456,0.47368926,0.6099272,0.23702459,0.5438734,0.42015004,0.33561388,0.30303547,0.56100154,0.21211195,0.20562844,0.19973488,0.39443806,-0.01819926,0.005444348,-0.016680459,-0.067098305,0.05220199,0.41467637,0.17177846,0.35482943,0.26515147,0.1773242,0.02142421,0.31694272,0.06639694,0.38137463,0.21948397,0.3718614,0.19028544,0.10267399,0.3715734,0.12112427,0.5286886,0.4122092,0.04438839,-0.108754344,-0.027848402,-0.13531893,-0.023909612
0.64829904,0.7658023,0.64095867,0.6691555,0.31558144,0.30979827,0.7848013,0.7728374,0.6524613,0.46884516,0.78994066,0.8992713,0.8564395,1.0,0.6091326,0.7166317,0.71366096,0.8445133,0.71890026,0.72990733,0.5935203,0.42080173,0.51570195,0.4770863,0.38578942,0.13012207,0.38866264,0.19392087,0.6102224,0.5018424,0.38086963,0.3270241,0.67168874,0.68751466,0.6974717,0.49371395,0.5954931,0.54061735,0.2440973,0.47576106,0.39750347,0.11746669,0.3384972,0.3949212,0.33603624,0.31871375,0.44481498,0.31951687,0.295662,0.3383714,0.14056706,0.3300095,0.29512373,-0.027369156,0.36642328,0.15806046,0.30305296,0.6675958,-0.19730888,-0.10147024,0.214218,0.14716098,0.30377063,0.48299018,-0.019421464,0.120442726,0.4426651,0.51172984,0.4290045,0.5117947,0.47330076,0.109129585,0.39285237,0.6483629,0.42859605,0.5424332,0.57066923,0.532414,0.5674625,0.42331645,0.4931718,0.4937138,0.1552239,0.27130067,0.53190315,0.24928923,0.17074218,0.21473308,0.33744413,-0.06651864,-0.038279653,0.0030409256,-0.013386766,-0.022221986,0.43854243,0.22174348,0.29008734,0.21279502,0.17229693,-0.026174324,0.23842151,0.044030126,0.24054074,0.19994232,0.19448413,0.16793792,0.08691968,0.40879723,0.30331045,0.51855826,0.38794312,0.07165102,-0.09245873,0.0011172986,-0.28082782,-0.0121170925
0.29732397,0.52377623,0.51714647,0.395717,0.14570296,0.7495283,0.5532015,0.57660955,0.41752702,0.8104347,0.647694,0.6649215,0.72340757,0.6091326,1.0,0.8661438,0.73628604,0.6133018,0.46953437,0.44387758,0.5995415,0.6615163,0.62977374,0.64693224,0.44612625,0.42758694,0.44874397,0.29681432,0.86172754,0.64877665,0.51571065,0.31284937,0.60517067,0.70457906,0.45278275,0.47065008,0.6248264,0.60807455,0.443606,0.6314886,0.50989866,0.46780413,0.17983826,0.19999267,0.014972986,0.12357145,0.3976587,0.37878177,0.28876996,0.2612151,0.06470406,0.1569767,0.23821811,0.0718768,0.49854922,0.45221466,0.10417461,0.3975923,-0.33570027,-0.30431947,-0.10735958,0.014574107,-0.0057655894,0.32158947,-0.16134536,-0.18504472,0.07428282,0.3033669,0.05718193,0.37714353,0.57303184,0.36986178,0.5944676,0.6390889,0.24299917,0.6662981,0.5976425,0.4997846,0.61285806,0.27638513,0.50540483,0.59615403,0.6563269,0.6463397,0.47001734,0.41061333,0.23215367,0.24294153,0.49756715,0.29877055,0.05899539,0.14959203,0.039671615,0.15629242,0.43985784,0.45584202,0.52007097,0.49390432,0.318141,0.40709674,0.38736013,0.18905649,0.527066,0.36892143,0.6026072,0.2728158,0.44701174,0.4928562,0.29285347,0.38840193,0.43975154,0.29668632,0.1937025,0.2785967,0.19075806,0.34557712
0.28060466,0.5288846,0.49393007,0.45412964,0.27429327,0.657217,0.5515487,0.6052706,0.6120981,0.7570823,0.66474956,0.72700715,0.74492747,0.7166317,0.8661438,1.0,0.75441223,0.73623693,0.47129795,0.4850905,0.6915546,0.65516067,0.54012936,0.5983422,0.50168985,0.24750124,0.58007926,0.4027051,0.8411728,0.6795735,0.5182723,0.34106165,0.6155906,0.6986552,0.54372734,0.4982354,0.6869932,0.6400417,0.4839671,0.68184394,0.6379749,0.4360097,0.21030346,0.1986417,0.10664423,0.11891968,0.40657607,0.3782831,0.27989113,0.2957568,0.014715283,0.1941122,0.25429088,0.06400316,0.5055406,0.45729014,0.08732271,0.4426044,-0.33034515,-0.28833732,-0.024010826,0.05705864,0.0163632,0.38467813,-0.12020616,-0.0956708,0.11580622,0.34374797,0.101962954,0.41667902,0.57459843,0.30029434,0.6087572,0.6779119,0.30392188,0.6845385,0.6531359,0.5662312,0.60774714,0.40550333,0.47944903,0.6757939,0.46439618,0.6068863,0.46798998,0.43659034,0.22915423,0.29839635,0.44769287,0.27460814,-0.028868973,0.06335573,-0.054818645,0.047854155,0.4252768,0.44662243,0.5304218,0.50245005,0.35766268,0.34135565,0.3291365,0.20570919,0.4511439,0.3021659,0.4281428,0.2813929,0.292998,0.55941665,0.35094082,0.39665943,0.46370777,0.35179624,0.029544298,0.19429024,0.028216677,0.25011313
0.53842664,0.6327082,0.5657132,0.479763,0.17579745,0.41655752,0.70083696,0.5695699,0.5375122,0.55004084,0.76005363,0.74941427,0.7830199,0.71366096,0.73628604,0.75441223,1.0,0.7808855,0.5535299,0.62846804,0.48504594,0.36681774,0.4708543,0.47560114,0.4230904,0.26854578,0.26456758,0.20022686,0.7667712,0.46913552,0.2959176,0.3424262,0.6273223,0.7533592,0.6027057,0.5123294,0.63559735,0.56344795,0.30942923,0.5315801,0.50286674,0.20333558,0.3165361,0.3350142,0.26115254,0.2922568,0.48359528,0.4026259,0.22148024,0.3078896,0.1049739,0.28439242,0.2658723,-0.05586173,0.57784194,0.30957347,0.30991128,0.51478714,-0.23043059,-0.034896087,0.114237234,0.12048419,0.27930245,0.44441617,0.038230725,-0.028979842,0.35308385,0.4619402,0.3314582,0.52685964,0.39488566,0.11543403,0.3494352,0.50937825,0.308577,0.47898307,0.53603035,0.44064087,0.86518604,0.27789155,0.66396606,0.5232632,0.27478343,0.3981726,0.542346,0.3156149,0.11352526,0.21748216,0.5924699,0.07545115,0.073174536,-0.002256505,0.083959356,0.053667907,0.5047748,0.26924884,0.45556346,0.38213477,0.300569,0.23942854,0.36729652,-0.034536798,0.48711455,0.1864095,0.3519494,0.07521352,0.27911967,0.44672102,0.23861742,0.54720074,0.48023668,0.17047156,0.06265927,0.14300084,-0.20368259,0.10591399
0.54955554,0.6934282,0.5999716,0.56508243,0.32255325,0.28672817,0.7083937,0.7245722,0.6346263,0.42870396,0.69353026,0.8525984,0.74924177,0.8445133,0.6133018,0.73623693,0.7808855,1.0,0.627091,0.6289424,0.6137981,0.43167758,0.4668086,0.39616364,0.37170407,0.028270332,0.36021295,0.19935645,0.6447392,0.5414752,0.4388468,0.40879568,0.66071194,0.7263696,0.68556815,0.5140413,0.67842245,0.5339768,0.34459275,0.499621,0.4566956,0.19726008,0.3658358,0.4189805,0.39408115,0.32118368,0.52067465,0.40186188,0.31597975,0.37330708,0.16647178,0.36482862,0.2392915,-0.0062395358,0.47278345,0.26377606,0.31858987,0.6937898,-0.21138863,-0.14950337,0.20989138,0.17829762,0.34422147,0.5560152,-0.011346549,0.23322345,0.42546436,0.50953346,0.31707877,0.5294987,0.54214394,0.16570798,0.43764073,0.6243245,0.48877382,0.50218326,0.6059795,0.53096807,0.6603726,0.6139182,0.5158913,0.59940505,0.11599703,0.2952537,0.5293952,0.33304742,0.12723519,0.28929797,0.42859444,0.0264663,-0.03377021,-0.019262196,0.028015288,-0.037451513,0.507984,0.27011865,0.39894933,0.30818844,0.3277348,0.10497498,0.31105295,0.019606488,0.21013553,0.14631224,0.12159631,0.084074095,0.23028007,0.43598446,0.4046497,0.52011275,0.45276907,0.22494389,-0.033902504,0.09644195,-0.26957664,0.13971785
0.6024719,0.8324793,0.79218715,0.82084155,0.36770034,0.26583737,0.7536671,0.82818747,0.44113794,0.24831195,0.55659664,0.74746037,0.65250105,0.71890026,0.46953437,0.47129795,0.5535299,0.627091,1.0,0.89131725,0.33212063,0.27106813,0.5685378,0.5795762,0.21518856,0.121226855,0.34792992,0.071562685,0.48910484,0.37379202,0.29978898,0.42250824,0.8101483,0.80437905,0.6606762,0.6297232,0.5786759,0.54414517,0.3152226,0.46498355,0.20527123,0.13258928,0.42506447,0.5822556,0.35388938,0.45705858,0.4277239,0.4756932,0.37275785,0.44030544,0.22868048,0.51760256,0.07926601,0.06307144,0.4137091,0.22095588,0.16228205,0.78329647,-0.25417346,-0.04367477,0.094622016,0.43027192,0.10118572,0.6189296,-0.082950726,0.379077,0.54645306,0.7181539,0.48856315,0.7033327,0.46867865,0.2886744,0.39764795,0.5948073,0.3279252,0.5108821,0.50384355,0.4859768,0.47452217,0.31375292,0.25918245,0.5086701,0.14185405,0.3153072,0.31450588,0.45272648,0.2246759,0.30800518,0.2901812,0.12903708,0.049131192,0.25013492,0.17799896,0.16202672,0.5487799,0.3427037,0.3275301,0.25221208,0.104794785,0.15159047,0.30247986,0.1560881,0.11462293,0.38445574,0.21098247,0.1557921,0.307569,0.2952423,0.29053393,0.5638785,0.41829893,0.07856449,0.1550987,0.13358039,-0.114769354,0.2014595
0.65980345,0.8184339,0.73842007,0.80879134,0.31255382,0.23283961,0.78846925,0.75979006,0.5242225,0.26117992,0.6201225,0.734577,0.68786126,0.72990733,0.44387758,0.4850905,0.62846804,0.6289424,0.89131725,1.0,0.33410078,0.21134154,0.47597042,0.49573365,0.23994684,0.07184147,0.2957072,0.11595217,0.47084093,0.33753186,0.17299357,0.34272394,0.78351337,0.7691405,0.71267194,0.5774062,0.5930905,0.57237524,0.2756164,0.45338875,0.27186403,0.05160843,0.5068217,0.571014,0.42355812,0.5431446,0.491627,0.48568153,0.3708716,0.48250946,0.19750966,0.4846253,0.16474868,0.044317387,0.48948607,0.20498864,0.25555614,0.7316584,-0.22043073,0.098965764,0.19919413,0.40981933,0.18679392,0.5691465,-0.018050235,0.30247816,0.6335067,0.75691676,0.59743506,0.75075036,0.36101577,0.1528808,0.27929556,0.5765777,0.3648635,0.51138216,0.49198842,0.45345855,0.5916564,0.2296953,0.39185157,0.47600475,0.055834718,0.25092417,0.39251226,0.41168562,0.12100993,0.24170451,0.38926452,0.058297995,0.059708465,0.14873914,0.08692594,0.027212083,0.5760873,0.23622943,0.36317104,0.25174883,0.13508554,0.10358078,0.22808604,0.064965546,0.15314627,0.31242067,0.16395995,0.06788387,0.20080315,0.2804958,0.19196121,0.6626179,0.46608382,0.0543736,0.045272578,0.06936686,-0.2877623,0.04636664
0.27046055,0.44178402,0.44624197,0.35833383,0.2269644,0.47650385,0.43872717,0.51301,0.58307344,0.57129747,0.5443194,0.5907343,0.6055762,0.5935203,0.5995415,0.6915546,0.48504594,0.6137981,0.33212063,0.33410078,1.0,0.62845385,0.38205415,0.37478566,0.47180742,0.13643152,0.45144105,0.39653078,0.527255,0.58133256,0.5085165,0.26658112,0.5113304,0.5236708,0.51790416,0.3269016,0.5718536,0.43078816,0.40231064,0.49595952,0.5838088,0.32470796,0.25599885,0.13105686,0.19265501,0.15950489,0.4876176,0.25291273,0.29864135,0.31875533,-0.10084408,0.18116678,0.3547556,0.15424342,0.4247274,0.3173626,0.20324524,0.3646366,-0.18293595,-0.24156131,0.11899658,-0.059030477,0.17178465,0.19896908,-0.081700236,-0.026336582,0.15738624,0.28022698,0.12615173,0.35589126,0.5113935,0.13256843,0.52444214,0.5442752,0.46628547,0.5117363,0.62507623,0.4503228,0.29644608,0.5065383,0.39202964,0.5157341,0.23508902,0.41461167,0.5457436,0.2214523,0.1784871,0.38335416,0.38866448,0.09855724,-0.023655983,-0.082033396,-0.037098296,-0.115512036,0.320434,0.25201085,0.45764568,0.3439114,0.4933295,0.115855515,0.2325916,0.15828785,0.3180492,0.20857523,0.21099424,0.22486915,0.179723,0.35181242,0.3663596,0.35202798,0.36181572,0.37086627,-0.13776036,0.087021,-0.0713617,0.1015391
0.00038329093,0.28326654,0.41808906,0.31243965,0.30344403,0.6416728,0.30432287,0.47084668,0.296067,0.6319151,0.30670413,0.40576652,0.47234806,0.42080173,0.6615163,0.65516067,0.36681774,0.43167758,0.27106813,0.21134154,0.62845385,1.0,0.5280426,0.49800196,0.4965466,0.30835226,0.49967414,0.46631792,0.66791093,0.6985456,0.65067333,0.3505081,0.4728607,0.47146234,0.22492577,0.3551659,0.53675485,0.54757863,0.56832045,0.6187334,0.50130504,0.6509075,0.04733693,0.033903796,-0.1068333,0.060676042,0.24874121,0.31060523,0.20994133,0.2566296,-0.13268279,0.066299096,0.16841835,0.215394,0.3240225,0.5283476,-0.14668657,0.28457615,-0.19826394,-0.2981578,-0.13827066,0.0019798712,-0.2587135,0.27545178,-0.19373475,-0.11867024,-0.07981736,0.1810495,-0.12839733,0.3133612,0.68254864,0.44694707,0.70035577,0.64372575,0.48116943,0.5673408,0.6240319,0.535102,0.23743324,0.43586844,0.13981724,0.58674335,0.5427506,0.54528373,0.28247875,0.4201028,0.32160658,0.24726425,0.22258468,0.4783549,0.0691666,0.21693796,-0.14875855,0.06392713,0.37265536,0.5634215,0.5102837,0.53144705,0.2775802,0.42188868,0.18772581,0.26799628,0.26960036,0.2801782,0.39341286,0.39372984,0.38823542,0.47924948,0.34641784,0.19797266,0.3516181,0.38346848,0.11438741,0.33921304,0.20490862,0.49957737
0.34757766,0.5378071,0.68501675,0.645461,0.1771839,0.5834931,0.52395797,0.68115205,0.10276185,0.5304787,0.42275584,0.553786,0.55113494,0.51570195,0.62977374,0.54012936,0.4708543,0.4668086,0.5685378,0.47597042,0.38205415,0.5280426,1.0,0.81369793,0.2791937,0.45969018,0.30027154,0.24990042,0.6346617,0.7212006,0.6723419,0.5549962,0.6059882,0.65673065,0.32118657,0.49912354,0.45149845,0.5555362,0.4015816,0.49413463,0.16740896,0.43501723,0.28005266,0.33082524,0.08732984,0.28684327,0.38025436,0.42020532,0.29505038,0.17650418,0.110693,0.19584416,0.089731164,0.16751403,0.33433503,0.4420936,0.19249071,0.5150655,-0.30262715,-0.18777445,-0.056533303,0.13480826,-0.023820909,0.39280966,-0.0856538,0.018564412,0.23657079,0.39858568,0.21004046,0.45548645,0.66441965,0.6171423,0.633363,0.6675347,0.33248708,0.552526,0.6153244,0.49507147,0.34363127,0.36022815,0.28959632,0.4582056,0.61593926,0.44786116,0.30424967,0.40927172,0.3744424,0.21462081,0.25445014,0.35712278,0.033341378,0.41758212,0.120521165,0.41649216,0.4692431,0.44220144,0.40823665,0.45044437,0.09813791,0.41902357,0.3327525,0.22191954,0.35526195,0.29488686,0.547586,0.25936857,0.5050688,0.279532,0.27698624,0.3350308,0.37432384,0.17624772,0.27984983,0.34583032,0.27267247,0.4639833
0.15811287,0.48775172,0.5817215,0.6098612,0.3096929,0.614603,0.3945019,0.60904473,0.21778575,0.525332,0.35352787,0.5176286,0.4921123,0.4770863,0.64693224,0.5983422,0.47560114,0.39616364,0.5795762,0.49573365,0.37478566,0.49800196,0.81369793,1.0,0.31715456,0.41528994,0.4682404,0.25392857,0.70336133,0.67936313,0.61007637,0.6036024,0.6373285,0.71570396,0.34950963,0.598957,0.49688077,0.581682,0.5152836,0.60124224,0.30875388,0.5158451,0.22850266,0.3511036,0.041042328,0.2299021,0.32602653,0.47048283,0.272451,0.2629555,0.040236432,0.27634847,0.052835062,0.24859643,0.4178248,0.5278875,-0.08206955,0.46191493,-0.35324174,-0.22009115,-0.20732328,0.27278936,-0.2806634,0.4307682,-0.14228714,0.10118171,0.18064862,0.47482714,0.102083035,0.49667352,0.6312538,0.68847185,0.70712066,0.65906364,0.20056055,0.65092343,0.62009484,0.50790197,0.34398052,0.31289485,0.14302121,0.59278435,0.55790037,0.6456589,0.18148571,0.5967373,0.33014002,0.39824077,0.24947755,0.5037948,0.04852081,0.4767644,0.15962687,0.35426903,0.44713637,0.54709804,0.47808716,0.50503814,0.16748369,0.54764295,0.31658575,0.389553,0.33193767,0.4770594,0.5122085,0.28103092,0.49130544,0.35434833,0.34414095,0.31818298,0.42226154,0.31758875,0.34227923,0.37006092,0.3336915,0.4831064
0.117002144,0.29712963,0.3124409,0.24878299,0.32553175,0.48421323,0.29664522,0.28127688,0.32243264,0.4786168,0.4129824,0.31524214,0.46729642,0.38578942,0.44612625,0.50168985,0.4230904,0.37170407,0.21518856,0.23994684,0.47180742,0.4965466,0.2791937,0.31715456,1.0,0.26352742,0.34724456,0.3090204,0.5081286,0.37166187,0.36275905,0.117717244,0.3979805,0.37877184,0.3041592,0.33856133,0.42650893,0.38962713,0.2666386,0.36737505,0.34141248,0.2585222,0.16634585,0.087832965,0.06765812,0.07035388,0.21779056,0.23737237,0.21232823,0.30586904,-0.11893358,0.057830248,0.2512552,0.017062938,0.2108358,0.18088149,-0.0606532,0.1816866,-0.21028857,-0.14760956,0.0029769316,-0.03704977,-0.13587858,0.16638301,-0.07712418,-0.14866585,0.114153646,0.23023187,0.15851416,0.34954867,0.28642216,0.04723699,0.37731388,0.36868468,0.2918411,0.37019837,0.4019646,0.4045597,0.32387432,0.12674515,0.19132142,0.38978174,0.21336928,0.27556723,0.23400615,0.24642248,0.13752407,0.062346715,0.16614321,0.20963797,0.056859393,-0.021020822,-0.24791165,-0.08589211,0.22492668,0.23903923,0.35546497,0.28221652,0.11271232,0.092834346,0.005772571,-0.007248587,0.28049687,-0.008741471,0.18327332,0.12384551,0.035736624,0.30639192,0.11428692,0.26652965,0.27011454,0.07495811,-0.1673394,0.0098399995,0.0025944847,0.08211045
0.17082012,0.20385863,0.2721269,0.14038852,-0.19268154,0.5667558,0.21732794,0.16820982,-0.13983111,0.5046444,0.3103492,0.15625583,0.3144127,0.13012207,0.42758694,0.24750124,0.26854578,0.028270332,0.121226855,0.07184147,0.13643152,0.30835226,0.45969018,0.41528994,0.26352742,1.0,-0.051805,0.0337087,0.38967627,0.3381011,0.27879977,0.16188501,0.15882018,0.2041464,0.044195935,0.15512998,0.092924334,0.21930808,0.033451922,0.19215028,0.087371476,0.20966007,0.04158881,0.035773665,-0.23161304,-0.013533387,0.10744956,0.118091114,0.10272651,-0.116001435,-0.010345152,-0.14327724,0.16254231,-0.046817522,0.12728052,0.14361458,0.11493676,-0.04699678,-0.15945068,-0.12559997,-0.12049183,-0.27546328,-0.078731164,-0.10091327,0.031955373,-0.4029347,-0.04018058,0.022105921,0.04424215,0.005997258,0.15013906,0.17806509,0.24208753,0.20313206,0.0075101526,0.2430754,0.23655921,0.1849012,0.18703562,-0.16114604,0.32224002,0.050020766,0.63176477,0.27962068,0.17297411,0.037307996,0.22923987,0.0707115,0.15832607,0.140315,0.29418734,0.18079223,0.089735284,0.32478485,0.022585282,0.15204549,0.17611618,0.22310029,-0.04398808,0.20511584,0.16539459,0.097575374,0.52369356,0.084988855,0.5600531,0.22626798,0.19880459,0.11562703,-0.13796487,0.104338534,0.12881818,-0.048464507,0.20967713,0.12123874,0.40612203,0.16065383
-0.11694814,0.24949893,0.2968652,0.27833998,0.56815773,0.3998281,0.20561132,0.40286303,0.47311708,0.3958109,0.2671013,0.31886154,0.37410912,0.38866264,0.44874397,0.58007926,0.26456758,0.36021295,0.34792992,0.2957072,0.45144105,0.49967414,0.30027154,0.4682404,0.34724456,-0.051805,1.0,0.4699185,0.5292569,0.3809727,0.51639926,0.21335866,0.43160722,0.4708351,0.36085334,0.50157255,0.49648762,0.48057598,0.47212154,0.5391183,0.35929793,0.44173926,0.07705302,0.13222705,-0.023332415,-0.047202904,0.1366048,0.3150457,0.19231796,0.42810434,-0.12424912,0.13465944,0.035625882,0.3181465,0.16536753,0.4567759,-0.30608127,0.2842014,-0.26180613,-0.39759228,-0.18237877,0.25426832,-0.30509764,0.33571082,-0.3026683,0.20438321,-0.05632795,0.2736049,-0.088299796,0.32929364,0.49092507,0.38090515,0.61501724,0.4986843,0.15918289,0.64686036,0.4750365,0.56907266,0.10360319,0.35263288,-0.11038544,0.53547364,0.2156864,0.45987347,0.036177263,0.5130939,0.31937322,0.2720577,-0.013356055,0.4735527,-0.10166806,0.19423482,-0.19591904,0.12013083,0.29360718,0.4584962,0.40513667,0.4519763,0.23987846,0.3275661,0.05029496,0.38482484,0.027048543,0.32051367,0.11620436,0.3544975,0.07449286,0.4268909,0.23215997,0.18352807,0.34653035,0.38938335,-0.08094333,0.06925264,0.22261032,0.2712125
-0.028929537,0.0069164014,0.12808108,0.19706859,0.1964551,0.3657925,0.051941838,0.112789005,0.25226948,0.32487833,0.1137961,0.14592631,0.1747696,0.19392087,0.29681432,0.4027051,0.20022686,0.19935645,0.071562685,0.11595217,0.39653078,0.46631792,0.24990042,0.25392857,0.3090204,0.0337087,0.4699185,1.0,0.36135873,0.4561652,0.30355576,0.24312675,0.23809305,0.24632424,0.24456044,0.18653879,0.38212314,0.37061754,0.4734882,0.4350092,0.45112532,0.3898468,0.21188305,0.012903924,-0.14150627,0.015951283,0.2534687,0.24330845,0.15885529,0.118330754,-0.3153285,0.077114895,-0.031299908,0.07912862,0.2954931,0.43276128,-0.025886528,0.07239923,0.026700754,0.028815122,0.09135358,0.10021003,-0.0794136,0.14060576,0.09511031,0.013340642,0.061079748,0.12143652,0.060667727,0.22478898,0.24900474,0.16051602,0.39499852,0.41891515,0.3974652,0.39826533,0.49915484,0.42942938,0.16673566,0.30052197,0.17091782,0.3943467,0.20120038,0.22770165,0.14092323,0.27139616,0.19228281,0.0876287,0.18235387,0.3366299,0.00084916595,0.065257646,-0.14149193,0.07028947,0.24156627,0.36205453,0.41154107,0.41866454,0.25038996,0.2843094,0.07226491,0.1676069,0.1595849,0.060794033,0.09687401,0.31178913,0.15382777,0.36293304,0.22667652,0.20216453,0.33780023,0.3330664,-0.0062875045,0.25535223,0.052620698,0.19282417
0.19869189,0.49267158,0.5015506,0.414643,0.3158185,0.6815938,0.5122445,0.56758195,0.3906384,0.73656523,0.5969751,0.65462226,0.70978075,0.6102224,0.86172754,0.8411728,0.7667712,0.6447392,0.48910484,0.47084093,0.527255,0.66791093,0.6346617,0.70336133,0.5081286,0.38967627,0.5292569,0.36135873,1.0,0.6588217,0.5739016,0.4057366,0.647395,0.7358219,0.45159382,0.55351985,0.6638158,0.6790703,0.5411099,0.7226948,0.48551875,0.55463696,0.17374314,0.26271465,0.027254654,0.12911952,0.33991057,0.4881269,0.22653338,0.3101107,0.070390105,0.21340181,0.21064357,0.15647143,0.4872168,0.56597227,-0.07144691,0.41239187,-0.31025732,-0.30375642,-0.20019472,0.123064086,-0.15168037,0.37346092,-0.17909561,-0.07562611,0.09203075,0.40032375,0.03291899,0.45005852,0.6197353,0.46005282,0.676125,0.66884375,0.27788454,0.70435035,0.63092995,0.5671682,0.6284436,0.33209312,0.3454508,0.6912004,0.59076464,0.6052103,0.34373146,0.5727437,0.27782118,0.2878198,0.41802424,0.4772602,0.09409095,0.2635054,-0.01535927,0.2076156,0.51094043,0.582894,0.5671889,0.5916052,0.28630045,0.5135856,0.33563095,0.20163754,0.41134143,0.37654617,0.4988609,0.33836594,0.44278696,0.59897983,0.31089938,0.4105093,0.54096395,0.35819417,0.21879424,0.33619663,0.19960007,0.41863737
0.16278401,0.38921636,0.5340308,0.55690503,0.26157045,0.6382002,0.34169784,0.5631509,0.31804907,0.59898436,0.335692,0.510015,0.45917997,0.5018424,0.64877665,0.6795735,0.46913552,0.5414752,0.37379202,0.33753186,0.58133256,0.6985456,0.7212006,0.67936313,0.37166187,0.3381011,0.3809727,0.4561652,0.6588217,1.0,0.70865005,0.60445344,0.58544934,0.5807191,0.40161368,0.5184132,0.62628716,0.64728457,0.6219026,0.6534736,0.52155286,0.614265,0.32519466,0.30362767,0.079911925,0.24954025,0.5486652,0.4912443,0.31506628,0.27546656,-0.10979051,0.28113276,0.169534,0.19014277,0.5258921,0.61390847,0.0816788,0.42190233,-0.198425,-0.23394153,-0.019950636,0.07987425,-0.09576323,0.38678345,-0.018966682,-0.025078375,0.19298336,0.3665616,0.087471284,0.42267895,0.7308236,0.5886035,0.77976525,0.78435296,0.4722508,0.6344629,0.80985206,0.6277593,0.34748715,0.59274566,0.34379756,0.6743005,0.5221189,0.59253466,0.36273235,0.5035893,0.30483168,0.3170844,0.3937942,0.45652315,0.047750093,0.26710048,0.0025043294,0.16911083,0.46960518,0.5539043,0.64047533,0.63666475,0.3296672,0.5152515,0.3051034,0.3038347,0.3974677,0.2679029,0.4789514,0.312798,0.4888424,0.4862449,0.42316946,0.36727872,0.49020976,0.43684852,0.13540286,0.34744653,0.18129122,0.48249206
-0.030893734,0.2612693,0.4559458,0.36078247,0.32125893,0.53336984,0.24967316,0.5138948,0.22167657,0.5101242,0.29813123,0.36028856,0.408504,0.38086963,0.51571065,0.5182723,0.2959176,0.4388468,0.29978898,0.17299357,0.5085165,0.65067333,0.6723419,0.61007637,0.36275905,0.27879977,0.51639926,0.30355576,0.5739016,0.70865005,1.0,0.45940992,0.443571,0.46902633,0.24636027,0.51905423,0.45998186,0.43682727,0.44689035,0.46115187,0.22531033,0.6042478,0.11575068,0.15089543,-0.042414427,0.01714222,0.33758628,0.3477938,0.23066138,0.26950166,0.010848357,0.07546388,0.1944901,0.3066993,0.17378192,0.46115163,-0.01538807,0.34864262,-0.3652644,-0.4732489,-0.121721365,-0.038525697,-0.14194834,0.28438428,-0.28473416,0.027631687,-0.028803052,0.21088575,-0.12776959,0.29117855,0.78343534,0.6267986,0.7982832,0.60324824,0.32447556,0.5495573,0.6178127,0.57728624,0.097854644,0.53896564,0.045956206,0.5029343,0.4778531,0.48229945,0.17901388,0.40082982,0.40966785,0.36629364,0.113438055,0.45747855,-0.0054094945,0.23669258,-0.049589857,0.29993472,0.2906488,0.46119466,0.4699463,0.5269951,0.24512622,0.4050381,0.21521021,0.35471,0.20293716,0.21554846,0.36201486,0.3270199,0.32371026,0.33624747,0.29710585,0.17165995,0.313959,0.3414563,-0.017784975,0.18127637,0.3586178,0.4767302
