1.0,0.122326106,0.39684173,0.15041278,-0.19079578,-0.032094453,0.55636555,0.31915122,-0.1455913,-0.051891815,0.55369306,0.22266454,0.32347637,0.23020503,-0.018167743,0.004149336,0.24450293,0.088946275,0.53039306,0.61883706,-0.21558087,0.039549265,0.38108873,0.23164564,-0.28003752,-0.2178775,-0.193655,-0.26209828,0.087894194,0.33737737,0.30045033,0.20319872,0.44214022,0.36815307,0.40423805,0.2828408,-0.0027875698,0.0743311,0.068182595,-0.22020753,-0.4023205,-0.2899103,0.19230385,0.17528208,0.1805706,-0.033035707,0.2932609,0.21704382,-0.062688336,-0.0065728594,0.14879018,-0.021715457,0.20884776,-0.111503035,0.31657392,0.094778724,0.80039567,0.055137888,0.118281305,0.09514198,0.4185728,-0.23761539,0.5392082,-0.06912347,0.36765593,0.014412285,0.3697778,0.15249011,-0.14743412,0.031157192,0.14813155,-0.14846393,0.23619801,0.06322276,0.002485261,-0.33136025,0.28835866,0.08319665,0.14718416,0.15852837,0.55797666,-0.049728733,0.09766835,0.1305537,0.50632924,-0.05026928,0.028546773,-0.2765691,0.35045168,-0.2688035,0.32581815,-0.034436207,0.06050274,-0.09840716,0.06541752,0.19958997,0.04065185,0.108271204,0.11799338,-0.0075038522,0.11752965,-0.2309177,0.0075178863,-0.061779387,-0.048313007,0.17932275,0.089802414,0.21283285,0.049821194,0.056643095,0.15513495,0.2037493,0.13116086,0.18875225,0.1620586,0.096438386
0.122326106,1.0,0.2660063,0.6205049,0.062696345,-0.3925016,-0.060022917,0.66579837,0.53024465,-0.111843005,0.42199704,0.7177201,0.39583996,0.6519729,0.23135167,0.3552257,0.3451734,0.5907448,0.5094947,0.2434111,0.044430967,0.08911045,-0.07243571,0.47773966,-0.28115276,0.25406682,-0.1310839,-0.034152538,0.083772205,0.18941434,0.31514636,0.5560175,0.46868166,0.5898534,0.28151834,0.39588144,0.09271957,0.24171959,0.21382606,0.15412489,-0.17672545,-0.17098592,0.09548943,0.39833447,0.1331897,0.13813972,0.057637036,0.35192078,-0.0028190687,0.085461624,-0.10452316,-0.12786248,-0.034613654,0.055581708,-0.03462792,0.29927295,-0.054695994,0.58980733,-0.15178382,0.14856505,-0.13831958,0.0080237035,-0.20802553,0.35150293,0.057085346,0.020308197,0.13743383,0.3760539,-0.03546062,-0.05007523,0.17745773,0.32972175,-0.34535167,-0.07301814,0.26253945,0.36508083,0.17796229,0.14160717,0.3123974,0.32106462,-0.0402032,0.61171365,0.3960947,0.59250087,0.062186677,0.57351947,-0.26144508,0.6032016,0.27520403,0.53839093,-0.17834319,0.22936994,-0.36512864,0.2085169,0.117641106,-0.022346517,-0.03154038,0.26619887,-0.12649342,0.1351921,-0.21716991,-0.26803678,-0.28337908,0.287671,-0.20083651,0.00451634,-0.0764732,0.019312352,0.021322446,0.1298003,0.16811109,0.21531692,0.11087235,0.10542534,-0.020722417,0.095623665
0.39684173,0.2660063,1.0,0.5660371,-0.13563873,0.16961502,0.69796324,0.55720294,0.28876194,0.14675277,0.38856176,0.22182645,0.47915867,0.31596902,0.3764421,0.3413751,0.55325973,0.3777433,0.6823232,0.6596484,0.13410072,0.42230597,0.649361,0.57781976,-0.31071007,-0.05419526,-0.0035338975,0.069530495,0.43433636,0.30235022,0.43378544,0.5259214,0.5400988,0.51880294,0.65060973,0.5204605,0.4718914,0.23736283,0.47516674,0.079327025,0.08108641,0.1174096,0.43924135,0.26339072,0.42269608,0.16145709,0.5709851,0.4375106,0.0011955459,0.21986601,0.010018078,0.04793067,0.0253734,0.15845133,0.3411991,0.2717578,0.43328682,0.30996212,0.06720387,0.07464704,0.1484386,-0.042692713,0.21781436,0.23696575,0.062306914,0.075312875,0.6526972,0.47565717,0.025724422,-0.009552178,0.52699625,0.28606528,0.19811437,0.26323405,0.41807994,0.20410362,0.53086,0.41644156,0.45664173,0.3965127,0.6297427,0.35753173,0.3265535,0.39961383,0.20465067,0.34027869,0.08885214,0.06784712,0.3084811,0.1525819,0.16223843,0.21427926,0.112714715,0.12017168,0.36964777,0.30259597,0.40265313,0.2723192,0.34965304,0.32367274,0.21329509,0.04316032,0.13259198,0.23596987,0.20700464,0.3485701,0.2691205,0.10867802,0.3383434,0.33715165,0.31147274,0.34630284,0.32420638,0.34161997,0.2885419,0.24767034
0.15041278,0.6205049,0.5660371,1.0,0.29417711,-0.10239005,0.21861254,0.7802302,0.6759249,0.15572166,0.3412909,0.40745407,0.4131828,0.6763066,0.49619737,0.35505733,0.54669815,0.42775664,0.5951531,0.4347879,0.37115067,0.43745407,0.28473452,0.8151919,-0.15401196,0.4037571,0.05391066,0.25141641,0.42943013,0.203329,0.5426526,0.69219553,0.44795775,0.63124776,0.49907848,0.58193326,0.40615636,0.2842689,0.370578,0.21851778,-0.011418923,-0.11950089,0.16935015,0.24104245,0.27219215,0.07682961,0.33933386,0.30488047,-0.040547483,0.1966935,-0.067016885,-0.09255419,0.1406242,0.02671852,0.295693,0.16557333,0.118166305,0.2962515,0.079549946,0.17926271,0.06549628,0.023247585,0.053914033,0.10789511,0.05015673,-0.08211318,0.37931272,0.4345391,-0.14270052,0.12676126,0.58013535,0.59849757,0.16473107,0.23921725,0.4243065,0.3233383,0.49811843,0.5101559,0.5474723,0.45873,0.34989527,0.49037555,0.5889877,0.56650895,0.26888824,0.40668857,0.02603179,0.52708006,0.46276984,0.32543358,0.006934973,-0.004989588,-0.19632767,0.056884915,0.264247,0.070717424,0.1842329,0.31822246,0.09176504,0.09622217,-0.092688,-0.23405702,-0.18808389,0.26837873,-0.14295898,0.28478312,0.16236556,0.13290438,0.28539953,0.34284285,0.40503207,0.43293408,0.28719452,0.29833287,0.34027377,0.33344045
-0.19079578,0.062696345,-0.13563873,0.29417711,1.0,0.21585357,-0.1890275,0.10576241,0.45160848,0.27305776,0.053508956,0.011422411,0.10644632,0.24028604,0.48498243,0.158524,0.36682507,-0.09055493,-0.112234354,-0.16269048,0.67846936,0.38806462,-0.12910247,0.32516557,0.5011858,0.74403644,0.5437753,0.6306009,0.44669402,0.012807414,0.2867631,0.13537462,-0.14536831,0.018537253,-0.019552361,0.22041065,0.24129383,0.1056354,0.17503563,0.33696482,0.11326265,-0.018093757,-0.34322858,-0.32149705,-0.2731784,-0.30870068,-0.12096139,-0.24325705,-0.09671915,-0.08485373,-0.2230603,-0.32474503,0.018301489,-0.29365945,0.2118067,-0.18643498,-0.23272042,-0.30497932,-0.21033876,0.15327585,-0.071334146,-0.018397473,-0.1820443,-0.40851843,-0.08735991,-0.38159844,-0.17950383,-0.1149005,0.06680846,0.34534562,0.36014622,0.5188417,0.32527924,0.26251945,0.065468386,0.18039834,0.34630123,0.27664623,0.45837757,0.053578246,0.0338633,-0.13002205,0.6202501,0.25553876,0.28601536,-0.15535377,0.4376793,0.48767626,0.47301352,-0.07318746,-0.20313615,-0.38328472,-0.33514178,-0.29733822,0.01832485,-0.14026864,-0.04667056,0.05986305,-0.1705611,-0.30092204,-0.25911766,-0.36817315,-0.22712667,0.06934672,-0.23649374,0.18791737,0.10410927,0.08216322,0.10435453,0.14452104,0.26590884,0.045386046,-0.0636835,0.062424574,0.24951547,0.1265568
-0.032094453,-0.3925016,0.16961502,-0.10239005,0.21585357,1.0,0.36552033,-0.14623219,-0.065400064,0.5984656,0.13355936,-0.15683192,0.3204152,-0.15315169,0.41734776,0.3422493,0.3506778,0.057570457,-0.056719005,-0.051671386,0.40906486,0.43889767,0.49238202,0.037164025,0.35098523,0.1437228,0.49541995,0.5345052,0.53737205,0.23890553,0.261698,0.06424299,0.092815615,-0.056317274,0.18778162,0.06857151,0.55511993,0.1945654,0.46235496,0.22799192,0.46797872,0.49068087,0.18604048,-0.096589774,-0.014887535,-0.0054668393,0.2710734,0.06692101,-0.03802451,-0.10685375,-0.089555085,0.08375029,-0.2368093,0.14921615,0.22626017,0.1827297,0.07532032,-0.13644278,-0.093168974,0.112916686,-0.104593396,-0.04906579,-0.17026086,-0.06695311,-0.1314797,0.017864918,0.14975272,0.032661293,0.0848217,0.16985422,0.34112367,0.12890695,0.26617688,0.36565664,0.25445288,0.2741667,0.36190742,0.3025557,0.19915444,0.2286685,0.3627904,-0.058364272,0.145891,0.12625553,-0.05111647,0.01802509,0.52250886,-0.09249481,0.0031104686,-0.04814251,-0.015678478,0.14773016,0.072976045,0.016795218,0.34919232,0.38271636,0.5024861,0.1947201,0.33324954,0.2747412,0.27799103,0.29273757,0.38414946,0.14179224,0.5080913,0.38378796,0.3682399,0.13016622,0.3465522,0.26593697,0.14261639,-0.030737411,0.12952197,0.11224552,0.24734594,0.20385133
0.55636555,-0.060022917,0.69796324,0.21861254,-0.1890275,0.36552033,1.0,0.32445538,-0.036328703,0.21391623,0.42643866,0.057306334,0.46256736,0.12259064,0.24620716,0.22333078,0.40607756,0.19784431,0.5477993,0.579219,0.024743766,0.26994693,0.80886155,0.34715652,-0.15423784,-0.24029629,0.008281507,0.01307761,0.35451367,0.32879633,0.3620436,0.28533378,0.54530317,0.35607952,0.608137,0.29997936,0.34343004,0.2281688,0.4040357,-0.037731886,0.08891016,0.18415254,0.46544874,0.22889619,0.3403105,0.11933108,0.56867635,0.38956845,0.047310848,0.14733653,-0.003866099,0.15028475,0.039612755,0.1859008,0.34139505,0.29783097,0.61561537,0.09324946,0.0802664,0.122338496,0.18093757,-0.16763641,0.28957614,0.10109126,0.112373814,0.1543888,0.61686325,0.35521522,0.049341224,0.04042067,0.3831042,0.036098186,0.20375554,0.272803,0.2505015,0.011812217,0.576803,0.3360715,0.35964212,0.3122043,0.76108444,0.13164784,0.120387726,0.22949152,0.3568929,0.16746782,0.2741661,-0.20108195,0.21408133,-0.022627993,0.29701853,0.17900643,0.21849036,0.13276573,0.30653545,0.34634328,0.40057313,0.22394516,0.36978057,0.3341605,0.38833913,0.1819352,0.39566642,0.23323032,0.4212455,0.44315192,0.3106198,0.1630805,0.22056063,0.19568135,0.19982402,0.25889644,0.2834701,0.33157486,0.3036866,0.16281518
0.31915122,0.66579837,0.55720294,0.7802302,0.10576241,-0.14623219,0.32445538,1.0,0.60036457,0.13588262,0.49766883,0.62150764,0.53437513,0.82140744,0.45294034,0.3901438,0.5464607,0.6072224,0.7527256,0.47857344,0.0779828,0.34051484,0.37161553,0.75098026,-0.17506692,0.2491935,-0.053946942,0.106630124,0.3145079,0.27851427,0.48634192,0.68471,0.66161364,0.7981598,0.6349872,0.5745782,0.34919542,0.3137036,0.39491943,0.0969633,-0.15870544,-0.21533142,0.37912855,0.4707825,0.25396854,0.19964412,0.40790096,0.49643216,-0.024618004,0.21698426,0.071738735,-0.0981771,0.09383307,0.078755334,0.32055882,0.37294587,0.27916235,0.4879471,0.054798733,0.21006812,0.07107105,-0.13809364,0.08001716,0.25754777,0.17294905,0.053963967,0.43426782,0.55318165,-0.20503835,-0.015243764,0.5109274,0.43358797,-0.045593806,0.14486025,0.3508102,0.24538349,0.47053152,0.42994845,0.5221758,0.58990616,0.40752423,0.6347279,0.46464002,0.56822884,0.24230604,0.55127233,-0.095613785,0.47193697,0.3950942,0.4166409,0.1219062,0.16010217,-0.111379944,0.23259929,0.33764204,0.18349437,0.2502569,0.37487453,0.19337676,0.25496265,0.03455473,-0.09735502,-0.040978912,0.3899467,0.004806432,0.36800689,0.1863004,0.2802883,0.26243868,0.3469407,0.36907446,0.52800333,0.40730506,0.3671319,0.33650443,0.348809
-0.1455913,0.53024465,0.28876194,0.6759249,0.45160848,-0.065400064,-0.036328703,0.60036457,1.0,0.2062175,0.31559244,0.47535348,0.458637,0.6232947,0.6831094,0.52415544,0.56055826,0.46549723,0.42218253,0.17001404,0.41869166,0.49005044,0.09898881,0.66902244,0.012848014,0.52868193,0.26528132,0.37576318,0.5207584,0.19942416,0.4814089,0.65080386,0.37206948,0.56343824,0.447755,0.49038923,0.34455884,0.25353232,0.34200042,0.29418525,0.15909448,-0.09967263,0.16986313,0.21119787,0.099938735,0.018793374,0.2899484,0.31840634,-0.03767563,0.124790564,-0.08002159,-0.19797525,0.04767112,-0.011313849,0.2839259,0.20446801,-0.20499232,0.28866318,0.016124649,0.128399,-0.1341466,0.06584726,-0.14857782,0.12922736,-0.08688717,-0.1261707,0.20356284,0.3806351,0.07057999,-0.008825847,0.51148146,0.6202814,-0.051477958,0.26933098,0.37887427,0.38451183,0.4074019,0.38880664,0.60063004,0.46083775,0.19566704,0.5243244,0.64893794,0.62722194,0.16016644,0.44696575,0.104901746,0.74442047,0.45101693,0.47109494,-0.07086854,-0.0060359417,-0.15042351,0.14047347,0.33548844,0.06478698,0.25447583,0.35851663,0.17090079,0.18957126,-0.007644993,-0.14428633,-0.035162844,0.4880634,0.01533007,0.37102038,0.25251406,0.10704263,0.32757822,0.42599133,0.4773219,0.5091395,0.30395737,0.40519905,0.42452675,0.36906683
-0.051891815,-0.111843005,0.14675277,0.15572166,0.27305776,0.5984656,0.21391623,0.13588262,0.2062175,1.0,0.1725949,0.056656532,0.32056606,0.18673842,0.41376093,0.52106345,0.3810019,0.22934382,0.12810685,0.031079961,0.20121145,0.38977653,0.38553283,0.24089079,0.33433926,0.28751868,0.39035347,0.4535048,0.43208548,0.3597477,0.30079988,0.20873618,0.24970682,0.26016214,0.29410836,0.21233764,0.47368842,0.28749296,0.38794354,0.26087326,0.32995358,0.28894874,0.29949182,0.16559449,0.048212204,0.08716065,0.34114286,0.21713494,-0.02080337,0.03788421,0.049599357,-0.00564104,-0.04627244,0.1235277,0.17481041,0.25156555,0.07456325,0.0831808,-0.017057164,0.18182664,-0.036653362,0.0033967257,-0.063984245,0.121641934,0.02610414,0.020636821,0.24342841,0.18376495,-0.09386151,0.13720906,0.3585156,0.1954239,0.08191904,0.4170817,0.23499799,0.24869087,0.29790908,0.33079803,0.27274933,0.334909,0.29908362,0.23856749,0.11695114,0.3320871,-0.09908401,0.24823013,0.21842168,0.20090075,0.025516873,0.19259642,0.11165262,0.21728443,0.09111028,0.22686973,0.29596126,0.3739412,0.40246487,0.2611177,0.29821882,0.3157821,0.19774377,0.3095993,0.27596518,0.2762078,0.3329953,0.38394627,0.37267455,0.25242558,0.28745422,0.31526053,0.16150692,0.2183651,0.2918488,0.17351492,0.2825352,0.22691657
0.55369306,0.42199704,0.38856176,0.3412909,0.053508956,0.13355936,0.42643866,0.49766883,0.31559244,0.1725949,1.0,0.693364,0.8127546,0.547402,0.48533198,0.57026744,0.67459947,0.5779014,0.5425232,0.337527,0.078115985,0.37950507,0.3767513,0.43101677,-0.24202633,0.075526826,0.097613,0.049220715,0.48981404,0.66865516,0.6379521,0.5924067,0.6974429,0.6558379,0.60563105,0.5287877,0.3084008,0.39459622,0.44619805,0.15993828,-0.06164113,-0.13778152,0.34387368,0.3750366,0.18551816,0.046506304,0.4330215,0.5004867,-0.031475887,0.08370318,-0.05655067,-0.0892854,-0.008061902,0.07454772,0.383426,0.4576988,0.4729288,0.28999993,-0.120625146,0.22732048,-0.053095527,-0.12237349,-0.006581819,0.095127456,0.0640394,-0.08699301,0.38216993,0.32012984,-0.016808225,0.040520605,0.42883357,0.23662007,-0.075117834,0.24932657,0.32830045,0.12678914,0.53702354,0.3965034,0.49559924,0.5974711,0.5239933,0.39381295,0.41263437,0.66610646,0.41797668,0.3797371,0.23057964,0.32912114,0.50973195,0.2592114,0.16041479,0.16724776,-0.092457175,0.1671693,0.41823032,0.2721188,0.33957258,0.43892482,0.2693374,0.296613,0.19418691,-0.12784697,0.26731712,0.51726776,0.2783055,0.49387777,0.18855932,0.21986435,0.2701005,0.34713668,0.44351715,0.3670821,0.37709787,0.4982349,0.35778853,0.2883348
0.22266454,0.7177201,0.22182645,0.40745407,0.011422411,-0.15683192,0.057306334,0.62150764,0.47535348,0.056656532,0.693364,1.0,0.6617327,0.72184974,0.37230116,0.57121235,0.5095731,0.78963625,0.5213748,0.10475394,-0.046227966,0.20075838,0.09262303,0.36676145,-0.18899165,0.16740969,-0.04738815,-0.007661375,0.21375583,0.50090665,0.3989638,0.5882749,0.7031415,0.72317845,0.49377364,0.49120557,0.20037495,0.44318762,0.38706237,0.24265714,-0.0870289,-0.16974735,0.36848697,0.54896456,0.15324111,0.18998878,0.2728603,0.60474265,0.008690636,0.15837276,0.019738063,-0.07354287,-0.09431793,0.17551078,0.14884034,0.61134636,0.08038916,0.6077383,-0.12527409,0.12782127,-0.2949835,-0.08060025,-0.23780847,0.40273646,0.056540105,0.07469934,0.30511993,0.46634626,-0.10488746,-0.116973914,0.2583652,0.2449509,-0.49422637,0.06189185,0.30812722,0.3212707,0.32004932,0.2654286,0.34213877,0.5803141,0.14726047,0.70898,0.2842525,0.713667,0.10134703,0.6809242,-0.09292904,0.5972498,0.29151624,0.6436628,0.034038257,0.3517209,-0.1641005,0.4123635,0.34555447,0.18308075,0.22736815,0.4894146,0.1418039,0.42615336,0.053110413,-0.051936764,0.11771407,0.5714955,0.18242598,0.29336277,0.06984167,0.20592071,0.15132672,0.3139945,0.305412,0.3749232,0.36295754,0.34515378,0.16212758,0.23553069
0.32347637,0.39583996,0.47915867,0.4131828,0.10644632,0.3204152,0.46256736,0.53437513,0.458637,0.32056606,0.8127546,0.6617327,1.0,0.56095165,0.6750552,0.70651793,0.7791025,0.682874,0.53903276,0.27811104,0.21136263,0.5302534,0.504308,0.5034181,-0.16766538,0.14393324,0.21325722,0.25144917,0.6477931,0.6445752,0.6566476,0.6974118,0.74987173,0.6969452,0.68276775,0.5769428,0.52982014,0.45768648,0.6286826,0.2482889,0.17025317,0.053671665,0.48017246,0.44077104,0.21623258,0.11859943,0.5225693,0.6081998,-0.0015622461,0.10800928,-0.08366293,-0.055676766,-0.0880218,0.19650777,0.41591486,0.58838034,0.2780464,0.40388918,-0.119743384,0.2765176,-0.16189472,-0.059095383,-0.15705748,0.24519585,-0.03628219,0.034187626,0.4639281,0.455829,0.019235883,0.05530957,0.54152966,0.3425274,-0.08824014,0.34169042,0.48601788,0.34854177,0.59842116,0.4993052,0.5631937,0.6943724,0.54435277,0.5448815,0.4787402,0.7487889,0.25352982,0.552507,0.29261103,0.41520625,0.43699387,0.43323871,0.13250256,0.33626404,-0.021253431,0.29099584,0.5346821,0.38871875,0.5061806,0.528974,0.4353609,0.5167605,0.33884773,0.08427299,0.3812131,0.63789696,0.45732749,0.5841539,0.34499145,0.24342613,0.3788689,0.46472064,0.4734096,0.42916468,0.47665295,0.5383277,0.41904256,0.39750645
0.23020503,0.6519729,0.31596902,0.6763066,0.24028604,-0.15315169,0.12259064,0.82140744,0.6232947,0.18673842,0.547402,0.72184974,0.56095165,1.0,0.4877551,0.44191226,0.5360292,0.6301046,0.589427,0.23403482,0.12494546,0.35616276,0.19601837,0.6612147,-0.027719729,0.41245642,0.011977419,0.20965134,0.32640997,0.3718008,0.4998788,0.671188,0.6187465,0.77838707,0.5690739,0.5907473,0.2880638,0.31778935,0.36749172,0.20308578,-0.16726765,-0.3080893,0.30369756,0.45063227,0.21321028,0.063063435,0.33183572,0.5143818,-0.03762625,0.14385046,0.060970306,-0.15462883,0.13956608,0.010951232,0.33394527,0.4097261,0.17931528,0.4097154,0.03777552,0.22311579,-0.029364215,-0.069133304,-0.002789686,0.17702451,0.12557623,-0.0050362246,0.349384,0.5324284,-0.20342848,0.06499809,0.47547403,0.45848864,-0.1274444,0.22331898,0.29230654,0.23675518,0.39944288,0.3942239,0.4881181,0.6062063,0.28845295,0.6077177,0.4765876,0.62571007,0.23741,0.5186431,-0.026449362,0.59815955,0.44506738,0.47485888,0.16047221,0.10983315,-0.1268622,0.2805964,0.32268146,0.104663186,0.20388226,0.4239598,0.17891484,0.2597701,0.0074859923,-0.13669264,-0.013063151,0.4802697,-0.004236459,0.3684128,0.19970846,0.33209556,0.23853438,0.4019184,0.43058783,0.5225861,0.4264432,0.40047482,0.35939655,0.34834278
-0.018167743,0.23135167,0.3764421,0.49619737,0.48498243,0.41734776,0.24620716,0.45294034,0.6831094,0.41376093,0.48533198,0.37230116,0.6750552,0.4877551,1.0,0.6527339,0.7665479,0.43833652,0.34828442,0.16425611,0.57448983,0.73085856,0.4034039,0.5992563,0.1411105,0.45363027,0.5438116,0.6005971,0.8242191,0.43054038,0.6433173,0.6068884,0.4315669,0.46805203,0.5738007,0.5459151,0.5664045,0.301813,0.6094476,0.35401645,0.3452644,0.105639905,0.25900263,0.115001924,0.040185813,-0.050710175,0.4350471,0.33730447,0.03718695,0.03127894,-0.122787535,-0.14529322,-0.09446248,0.047836185,0.48850408,0.33503804,0.009172883,0.10718747,-0.04463107,0.1789498,-0.17454773,0.03901629,-0.17273994,-0.017296428,-0.17583045,-0.14481305,0.31517237,0.25729978,0.16632952,0.11384405,0.6672808,0.53170115,0.14142862,0.42347363,0.42185915,0.3431747,0.63655484,0.48200297,0.66863096,0.60720104,0.51969033,0.36568445,0.73498386,0.6416812,0.23856659,0.3279536,0.5041486,0.53533536,0.53363085,0.31093296,0.016227173,0.04091818,-0.034082465,0.054617397,0.5303422,0.20877117,0.53870296,0.45660052,0.41098353,0.31679663,0.23097911,-0.053360593,0.30000645,0.55729574,0.37226066,0.6221148,0.47404453,0.20530955,0.53361,0.5779101,0.61928654,0.4252761,0.40299827,0.5245252,0.6014732,0.47791418
0.004149336,0.3552257,0.3413751,0.35505733,0.158524,0.3422493,0.22333078,0.3901438,0.52415544,0.52106345,0.57026744,0.57121235,0.70651793,0.44191226,0.6527339,1.0,0.67789847,0.6566746,0.3793309,0.11000003,0.24527583,0.56060886,0.32789114,0.40119514,-0.063018434,0.21858503,0.33401194,0.2987278,0.5739823,0.72816473,0.5677387,0.5531992,0.5730563,0.5293304,0.54823107,0.5097426,0.4673407,0.5602209,0.53875965,0.4911775,0.4008897,0.26534635,0.45097178,0.37464124,0.22515532,0.11556558,0.47131845,0.5818623,-0.05353982,0.17060821,-0.035355274,-0.04605443,-0.1842188,0.317563,0.2658902,0.60133046,0.005886291,0.43272948,-0.13810803,0.10436101,-0.3815136,0.07316289,-0.27121726,0.32166117,-0.19470444,0.010183037,0.41094294,0.40428936,0.16031717,-0.036549073,0.4787008,0.33046874,-0.24972704,0.47582594,0.47888154,0.42270073,0.5070519,0.42168602,0.50816226,0.6502684,0.3525818,0.6240164,0.35849246,0.80606306,-0.032141555,0.5725842,0.22644581,0.53652334,0.29337555,0.61081356,0.013472164,0.370293,-0.09384403,0.31698385,0.5270873,0.29495943,0.51870525,0.5313858,0.39024287,0.5443913,0.21959163,0.14644282,0.37556422,0.6389991,0.48683536,0.5446499,0.3292746,0.087624185,0.42221528,0.46409103,0.4372254,0.37443528,0.42132747,0.4447101,0.3847676,0.34719774
0.24450293,0.3451734,0.55325973,0.54669815,0.36682507,0.3506778,0.40607756,0.5464607,0.56055826,0.3810019,0.67459947,0.5095731,0.7791025,0.5360292,0.7665479,0.67789847,1.0,0.5615626,0.4760475,0.2729006,0.45602024,0.6997394,0.44986913,0.6056261,0.0016439549,0.3912456,0.438444,0.43956327,0.7783077,0.5919139,0.6863071,0.63856983,0.56763756,0.6034146,0.66796327,0.70194834,0.6354709,0.46255678,0.68056744,0.40634844,0.23938878,0.107507154,0.3613135,0.21288097,0.13808754,-0.042960644,0.5106572,0.44942802,-0.115891784,0.07213244,-0.12531698,-0.1692058,-0.085175104,0.09599355,0.50224227,0.41880575,0.20382053,0.19281195,-0.08034174,0.2673135,-0.15056078,0.018723315,-0.09857724,0.05039571,-0.115340464,-0.09890114,0.4333129,0.38587886,0.044612803,0.14404087,0.71862,0.537793,0.1424643,0.42649934,0.53187,0.3835653,0.7124537,0.59777415,0.75794774,0.6708488,0.58038044,0.42073876,0.64968616,0.7332649,0.26474452,0.38921577,0.37964958,0.48375717,0.5697139,0.29393598,0.024326338,0.124816,-0.14994203,0.070590705,0.5381568,0.3621274,0.53116894,0.50219434,0.3832244,0.32180485,0.15175374,-0.07576231,0.20067059,0.49607193,0.2891695,0.5495976,0.4052414,0.2294017,0.449955,0.5702733,0.5867179,0.41812894,0.4589147,0.50912213,0.48376969,0.43413186
0.088946275,0.5907448,0.3777433,0.42775664,-0.09055493,0.057570457,0.19784431,0.6072224,0.46549723,0.22934382,0.5779014,0.78963625,0.682874,0.6301046,0.43833652,0.6566746,0.5615626,1.0,0.51941735,0.20148228,-0.024636872,0.31015995,0.301282,0.34200725,-0.11395842,0.07905534,0.043568097,0.0627793,0.3060969,0.4784732,0.36448053,0.5798431,0.73924226,0.71785164,0.5484699,0.46799108,0.44703183,0.46274027,0.5601234,0.24544369,0.16137847,0.16458905,0.54688394,0.59454656,0.29460973,0.38102686,0.40591496,0.6565073,-0.024282597,0.19974214,-0.010393301,0.08759024,-0.22284953,0.37585428,0.084784895,0.69971883,0.040676285,0.74719954,-0.06316447,0.1848095,-0.355838,0.04128774,-0.2922342,0.59760076,-0.018727055,0.2936059,0.40413582,0.6190355,-0.05781097,-0.11874375,0.32293677,0.28633046,-0.45360115,0.16210984,0.45524636,0.5643266,0.3311153,0.38727072,0.32571283,0.70146954,0.19664317,0.8489515,0.22482698,0.68220073,-0.16571271,0.82673585,-0.09409595,0.47234955,0.07210811,0.71753716,-0.037565436,0.58722603,-0.08978548,0.5772039,0.4623105,0.42516539,0.44688317,0.51958126,0.28890574,0.6334379,0.15327339,0.27162144,0.21776903,0.55106145,0.40080658,0.30970374,0.27223474,0.26282144,0.23459347,0.3795848,0.20963702,0.3379118,0.42265114,0.28732562,0.17218783,0.30545947
0.53039306,0.5094947,0.6823232,0.5951531,-0.112234354,-0.056719005,0.5477993,0.7527256,0.42218253,0.12810685,0.5425232,0.5213748,0.53903276,0.589427,0.34828442,0.3793309,0.4760475,0.51941735,1.0,0.6943036,-0.06814395,0.22128302,0.52503353,0.6279575,-0.27694926,0.023928279,-0.14053039,-0.056494597,0.2975728,0.31029955,0.43579495,0.6047541,0.72743726,0.7603158,0.701032,0.49016634,0.2634348,0.20109114,0.32751772,-0.06495697,-0.20747517,-0.12674545,0.45593733,0.45148775,0.32672206,0.25916532,0.52537096,0.53763765,0.03309525,0.20986256,0.103068836,-0.011818175,0.0690908,0.11096827,0.29771164,0.3543896,0.46471596,0.48497078,0.05354349,0.124495536,0.17378755,-0.11375794,0.2492382,0.32060796,0.21485862,0.10476158,0.5464546,0.5524353,-0.12079174,-0.052892137,0.38490057,0.2133891,-0.04281382,0.12883706,0.2809992,0.14980695,0.4417367,0.2635767,0.39703074,0.4275858,0.549346,0.52988297,0.3186076,0.5225845,0.284737,0.49029154,-0.1100192,0.23692071,0.32684854,0.2947135,0.2045693,0.26338708,0.062276453,0.24886647,0.33466533,0.29855216,0.2975265,0.3556604,0.2852316,0.35283604,0.15877306,-0.059696645,0.06501816,0.36006752,0.13441889,0.41331178,0.25118813,0.26624516,0.2674874,0.3050165,0.31686786,0.5270912,0.41131687,0.38733396,0.32624394,0.32184044
0.61883706,0.2434111,0.6596484,0.4347879,-0.16269048,-0.051671386,0.579219,0.47857344,0.17001404,0.031079961,0.337527,0.10475394,0.27811104,0.23403482,0.16425611,0.11000003,0.2729006,0.20148228,0.6943036,1.0,-0.10145176,0.20889556,0.5169869,0.45848808,-0.30958083,-0.14302881,-0.107874714,-0.17761216,0.20802663,0.1612451,0.333252,0.37262824,0.4377499,0.43911815,0.4734605,0.30059874,0.1513431,-0.03547503,0.1516597,-0.27392516,-0.16956116,-0.01753612,0.32602826,0.21107785,0.32247585,0.15024483,0.45603308,0.25765574,-0.009559141,0.123480566,0.09181159,0.054858226,0.13393284,0.06213054,0.19255872,0.015111392,0.54581785,0.2643123,0.13300078,0.10870652,0.4380816,-0.052358307,0.46536097,0.17245927,0.29083952,0.11257465,0.46914607,0.36151662,0.0325131,0.021118091,0.28047493,0.10890775,0.28092152,0.14443323,0.19542922,-0.057464287,0.32867548,0.19706754,0.21492632,0.16165099,0.54322267,0.18303035,0.2440071,0.20039485,0.26595753,0.1656631,-0.07816398,-0.15088233,0.1916637,-0.08050049,0.18273239,0.14837715,0.111123234,0.06583536,0.16435006,0.25591275,0.19417602,0.038455766,0.21048638,0.11492988,0.11960232,-0.063273,-0.04764012,-0.030594356,0.00021516794,0.15354377,0.25512978,0.13355097,0.19771102,0.111473426,0.12793313,0.28213793,0.16105416,0.21202768,0.23010235,0.1532823
-0.21558087,0.044430967,0.13410072,0.37115067,0.67846936,0.40906486,0.024743766,0.0779828,0.41869166,0.20121145,0.078115985,-0.046227966,0.21136263,0.12494546,0.57448983,0.24527583,0.45602024,-0.024636872,-0.06814395,-0.10145176,1.0,0.5522939,0.124805756,0.40350735,0.34145793,0.5965245,0.6007788,0.6353665,0.6322058,0.101601094,0.41015494,0.27245745,-0.10672175,-0.04659049,0.09520701,0.27856734,0.46326843,0.1860024,0.3651571,0.4589747,0.4236047,0.22441146,-0.23209608,-0.3234849,-0.08545752,-0.304149,0.030832238,-0.12193937,-0.050144907,-0.11630062,-0.25604945,-0.16300166,-0.10634054,-0.11149038,0.28340423,-0.053133063,-0.21995316,-0.25786227,-0.18568248,0.10289216,-0.16448805,0.03135411,-0.26153582,-0.32797167,-0.32657018,-0.33286783,-0.04019491,-0.048390288,0.22915594,0.25294584,0.51149803,0.5709293,0.3759729,0.36572108,0.31950313,0.34024817,0.45833966,0.39004952,0.50141996,0.15655698,0.1889471,-0.07440051,0.6555669,0.32256514,0.23746578,-0.08680583,0.6362515,0.38575426,0.46052858,0.01131115,-0.20168151,-0.26398486,-0.28721544,-0.24095389,0.18904416,-0.0766156,0.18710177,0.180302,0.028041009,-0.09967644,-0.089033335,-0.27666324,-0.047705226,0.16140312,0.012056953,0.25856316,0.1629892,-0.027070465,0.2881276,0.25557563,0.3690165,0.016347723,-0.027638834,0.13710548,0.2891416,0.19502293
0.039549265,0.08911045,0.42230597,0.43745407,0.38806462,0.43889767,0.26994693,0.34051484,0.49005044,0.38977653,0.37950507,0.20075838,0.5302534,0.35616276,0.73085856,0.56060886,0.6997394,0.31015995,0.22128302,0.20889556,0.5522939,1.0,0.42840517,0.52457803,0.12630937,0.38038668,0.5433085,0.49864256,0.7540254,0.48183045,0.67194825,0.540248,0.2748875,0.32370055,0.5026173,0.5397137,0.5494049,0.3173394,0.5282637,0.38220707,0.44527227,0.18874536,0.27847925,0.043186333,0.13802488,-0.10030496,0.47228208,0.32785738,-0.09979795,0.036140595,-0.018279672,-0.11935463,-0.018582802,0.09137321,0.50899816,0.2430599,0.11804031,0.013459355,-0.020140486,0.20591508,-0.04593689,0.035851195,0.0068155583,-0.073285185,-0.11216845,-0.1495326,0.37412095,0.30509397,0.17329751,0.2380143,0.68953484,0.5246791,0.32841015,0.5691205,0.46419248,0.24274965,0.6073157,0.5649675,0.5979222,0.52496994,0.49430007,0.23648676,0.58920085,0.5357697,0.18795957,0.17758888,0.4843823,0.31328034,0.45284772,0.17283571,0.10238383,0.022792602,0.044551868,0.0023560182,0.5258369,0.26721516,0.5572756,0.4149631,0.4647943,0.29084605,0.25147685,-0.0055498015,0.27137622,0.3627388,0.3263782,0.51562124,0.48469895,0.15741785,0.57049507,0.54127645,0.58131635,0.398704,0.40996552,0.47465,0.5999316,0.40049344
0.38108873,-0.07243571,0.649361,0.28473452,-0.12910247,0.49238202,0.80886155,0.37161553,0.09898881,0.38553283,0.3767513,0.09262303,0.504308,0.19601837,0.4034039,0.32789114,0.44986913,0.301282,0.52503353,0.5169869,0.124805756,0.42840517,1.0,0.45869765,-0.022038741,-0.09093709,0.14485388,0.16400293,0.4678309,0.3250842,0.4457643,0.41126657,0.5353848,0.37971675,0.58548605,0.24518259,0.49062124,0.1653968,0.4465031,-0.046536222,0.21413212,0.24969485,0.510809,0.18999092,0.31368938,0.16966534,0.5769044,0.38421166,0.07158572,0.1375386,0.029450627,0.18194102,-0.02283967,0.19114362,0.30272844,0.31235468,0.5096716,0.15986577,0.15205127,0.100203715,0.089330256,-0.08894823,0.17456107,0.15715422,0.09194574,0.22436208,0.56543314,0.39449385,0.015417287,0.03647662,0.5111775,0.12019616,0.19874316,0.31886563,0.38175315,0.16726024,0.5699918,0.41699642,0.34464145,0.43691072,0.7489124,0.25035176,0.17059654,0.27784088,0.19646056,0.2722047,0.28534055,-0.13012144,0.09699316,0.05929849,0.23867342,0.25095165,0.2299864,0.20672359,0.4355452,0.43869212,0.5602298,0.26818535,0.47046873,0.43903878,0.4123178,0.30264312,0.44886038,0.30793607,0.5401654,0.5154686,0.41910613,0.20234506,0.38247973,0.3027563,0.22167979,0.2896153,0.37201777,0.3919013,0.42175698,0.26153928
0.23164564,0.47773966,0.57781976,0.8151919,0.32516557,0.037164025,0.34715652,0.75098026,0.66902244,0.24089079,0.43101677,0.36676145,0.5034181,0.6612147,0.5992563,0.40119514,0.6056261,0.34200725,0.6279575,0.45848808,0.40350735,0.52457803,0.45869765,1.0,-0.10639247,0.41873273,0.16681388,0.30855006,0.5376363,0.29224747,0.6709939,0.74564385,0.44983417,0.6009954,0.5850245,0.5567048,0.4048845,0.2268544,0.33076984,0.12957941,-0.026620576,-0.1715341,0.2011127,0.15121362,0.2364185,-0.023059137,0.3866366,0.30352902,-0.030430222,0.17475398,-0.03915803,-0.1455099,0.16601168,-0.04829756,0.38465956,0.12288758,0.2414154,0.18671322,0.09895728,0.17261305,0.10617976,-0.023318741,0.11861209,-0.04756168,0.07675725,-0.13540554,0.41373345,0.38257688,-0.03408176,0.15444504,0.6972337,0.5756671,0.25826803,0.30448976,0.45970926,0.2185432,0.5983041,0.49990514,0.6359279,0.49343866,0.5443306,0.41067925,0.6374724,0.5906943,0.41967958,0.31738555,0.20264152,0.49718577,0.5455947,0.23066856,0.09396661,-0.07431174,-0.13313042,-0.027207483,0.31894353,0.061167277,0.26355946,0.26625693,0.19620201,0.07982754,0.030376744,-0.25983307,-0.009237076,0.39097545,-0.017744137,0.4815287,0.22340912,0.09873062,0.38411775,0.40162748,0.49086085,0.47449222,0.35359237,0.4734285,0.48864275,0.31019193
-0.28003752,-0.28115276,-0.31071007,-0.15401196,0.5011858,0.35098523,-0.15423784,-0.17506692,0.012848014,0.33433926,-0.24202633,-0.18899165,-0.16766538,-0.027719729,0.1411105,-0.063018434,0.0016439549,-0.11395842,-0.27694926,-0.30958083,0.34145793,0.12630937,-0.022038741,-0.10639247,1.0,0.47545502,0.52209556,0.4370861,0.1413235,-0.1549912,-0.15005374,-0.30785006,-0.23972863,-0.22151913,-0.11762307,-0.12716603,0.17062593,-0.029252551,0.15957654,0.19085047,0.15670711,0.1735497,-0.14806223,-0.22650802,-0.19027841,-0.06737671,-0.12989773,-0.2446106,-0.07011565,-0.15464309,-0.041303203,-0.024703387,-0.09449429,-0.13801645,0.03188455,-0.053725198,-0.17951138,-0.26173067,0.027591014,0.047309395,-0.10281698,-0.07582048,-0.13855855,-0.17734964,-0.058662925,-0.08592194,-0.16874361,-0.10877894,0.06683373,0.17468083,0.031799644,0.15093732,0.13624495,0.19055244,-0.17354263,0.1199345,0.0777253,0.053669214,0.04654923,-0.07942354,-0.06639161,-0.18623023,0.096793436,-0.10355042,-0.0762461,-0.13217682,0.33580756,0.050698232,-0.026161231,-0.109549515,-0.1000749,-0.057519972,-0.013453126,-0.0067579555,-0.048321217,0.04604089,0.06126659,0.025845274,-0.08197637,-0.04826974,-0.06388825,0.076017246,0.0007659502,-0.015831467,0.049208164,0.10341046,0.2533813,0.28722224,0.024791246,0.040668588,-0.06574533,-0.12549433,-0.05477906,-0.17928383,0.030230593,-0.03639267
-0.2178775,0.25406682,-0.05419526,0.4037571,0.74403644,0.1437228,-0.24029629,0.2491935,0.52868193,0.28751868,0.075526826,0.16740969,0.14393324,0.41245642,0.45363027,0.21858503,0.3912456,0.07905534,0.023928279,-0.14302881,0.5965245,0.38038668,-0.09093709,0.41873273,0.47545502,1.0,0.4380549,0.58413273,0.40243426,-0.0067934915,0.30644345,0.27447632,-0.035272997,0.18008694,0.052698936,0.24984859,0.27914938,0.051677067,0.20295349,0.34829757,0.049573958,-0.080328666,-0.21306245,-0.22065145,-0.089595705,-0.28267705,-0.03243049,-0.12480657,-0.08937162,-0.15857783,-0.22233796,-0.29410812,0.056031268,-0.22920752,0.15692407,-0.15411747,-0.2734105,-0.16214226,-0.13556503,0.19204415,-0.10746972,0.07284991,-0.21152517,-0.22605906,-0.09587596,-0.28444895,-0.14457965,0.058638867,0.035646178,0.28258362,0.37849343,0.5575358,0.17719369,0.30738488,0.11143107,0.30409583,0.27317628,0.2303241,0.46441814,0.09391594,-0.029185558,0.05503352,0.57249767,0.31875703,0.12240416,0.023969216,0.20472781,0.59057057,0.35760623,0.08751359,-0.23376824,-0.2108136,-0.34261265,-0.12391776,0.04856623,-0.07038636,0.012725695,0.09790577,-0.12311448,-0.20242569,-0.37549078,-0.35962975,-0.3211889,0.14154176,-0.27449644,0.112046435,0.13385545,0.11777431,0.12815152,0.21175332,0.2517514,0.10396503,0.077059284,0.11794916,0.18690574,0.0979579
-0.193655,-0.1310839,-0.0035338975,0.05391066,0.5437753,0.49541995,0.008281507,-0.053946942,0.26528132,0.39035347,0.097613,-0.04738815,0.21325722,0.011977419,0.5438116,0.33401194,0.438444,0.043568097,-0.14053039,-0.107874714,0.6007788,0.5433085,0.14485388,0.16681388,0.52209556,0.4380549,1.0,0.5998846,0.603607,0.27362666,0.31941423,0.07962427,-0.10661725,-0.10035835,0.09974802,0.24328053,0.39039636,0.15544161,0.3786269,0.4329577,0.4526539,0.27799064,-0.0291499,-0.20905747,-0.13094406,-0.20465054,0.100713275,-0.054112397,-0.13265732,-0.124077015,-0.10345105,-0.071487226,-0.1449376,-0.00598985,0.25075972,0.053044263,-0.15867157,-0.20497699,-0.19034646,0.15641144,-0.12516859,-0.029978354,-0.15148701,-0.21343474,-0.1790562,-0.22847082,0.029995415,-0.024496542,0.24961302,0.16714302,0.38948682,0.4491601,0.30550766,0.4587217,0.24025941,0.24667121,0.40195572,0.36450708,0.37186038,0.18461297,0.22045633,-0.080281906,0.4846575,0.26704067,0.078086555,-0.03318786,0.5390605,0.2350072,0.2913062,-0.034704495,-0.18030539,-0.03454914,-0.1118005,-0.115505606,0.20538801,0.1405198,0.30953267,0.17859013,0.13452461,0.019422602,0.10081105,-0.066596426,0.14140339,0.19523413,0.2096631,0.31317914,0.36552683,0.09502489,0.28128338,0.26443005,0.2721207,0.01765573,0.12211019,0.111979194,0.300492,0.16777848
-0.26209828,-0.034152538,0.069530495,0.25141641,0.6306009,0.5345052,0.01307761,0.106630124,0.37576318,0.4535048,0.049220715,-0.007661375,0.25144917,0.20965134,0.6005971,0.2987278,0.43956327,0.0627793,-0.056494597,-0.17761216,0.6353665,0.49864256,0.16400293,0.30855006,0.4370861,0.58413273,0.5998846,1.0,0.6095762,0.06948982,0.32316074,0.2580582,0.025892092,0.092604026,0.12797567,0.24366671,0.46280387,0.099286,0.40816477,0.3381912,0.2526524,0.22777179,-0.095969714,-0.18254118,-0.12042157,-0.18673317,0.077844694,-0.032369345,-0.025570069,-0.22148465,-0.21042363,-0.15183897,-0.15377094,-0.08758599,0.23269391,0.045824043,-0.23909442,-0.2035309,-0.18820964,0.13569124,-0.18768267,0.08486418,-0.31021404,-0.25135309,-0.20616776,-0.20363268,-0.0046313363,0.017600585,0.1442809,0.21873812,0.43571284,0.48563036,0.27315974,0.3599426,0.21223217,0.3553344,0.37331516,0.30209032,0.3686532,0.22423466,0.152627,0.01343222,0.4921453,0.25115007,0.045084298,0.014015355,0.4317124,0.3669817,0.24792331,0.060990833,-0.17322144,-0.094313376,-0.15804507,-0.13223083,0.29257298,0.096021086,0.3119745,0.18842278,0.11088438,0.033429455,-0.017257014,-0.0125199035,0.02812679,0.17987645,0.116482675,0.27609468,0.26815364,0.12698223,0.32812414,0.37209272,0.34162775,0.09013693,0.096480384,0.09218613,0.34326255,0.32048735
0.087894194,0.083772205,0.43433636,0.42943013,0.44669402,0.53737205,0.35451367,0.3145079,0.5207584,0.43208548,0.48981404,0.21375583,0.6477931,0.32640997,0.8242191,0.5739823,0.7783077,0.3060969,0.2975728,0.20802663,0.6322058,0.7540254,0.4678309,0.5376363,0.1413235,0.40243426,0.603607,0.6095762,1.0,0.45902878,0.66323674,0.5430737,0.3423301,0.35791686,0.52915585,0.53511363,0.6390955,0.29451573,0.6356031,0.3642804,0.37052304,0.20525706,0.18262823,0.0052148653,0.06909525,-0.14472282,0.44882601,0.28063053,-0.07590055,-0.05659466,-0.141169,-0.115793936,-0.13159938,0.03601475,0.54632646,0.24940796,0.12240064,-0.028228037,-0.09077808,0.23113921,-0.066685595,0.007640607,-0.10923032,-0.1298913,-0.16938186,-0.21600008,0.32036188,0.19398922,0.17281933,0.18399532,0.7046793,0.51042604,0.3572812,0.510065,0.4706801,0.33046338,0.65065885,0.5704814,0.63282233,0.51803297,0.57409286,0.17785443,0.7145702,0.55866164,0.25220242,0.17056268,0.5988422,0.3434482,0.548518,0.116564065,0.03467352,-0.006490773,-0.067698404,-0.033905502,0.52860266,0.28585586,0.5699404,0.43933588,0.43064484,0.27357084,0.23043784,-0.047480676,0.29634124,0.41242775,0.3816917,0.6052089,0.488506,0.20926115,0.55254346,0.56075925,0.59819007,0.3548537,0.31090525,0.46646208,0.5942817,0.4725898
0.33737737,0.18941434,0.30235022,0.203329,0.012807414,0.23890553,0.32879633,0.27851427,0.19942416,0.3597477,0.66865516,0.50090665,0.6445752,0.3718008,0.43054038,0.72816473,0.5919139,0.4784732,0.31029955,0.1612451,0.101601094,0.48183045,0.3250842,0.29224747,-0.1549912,-0.0067934915,0.27362666,0.06948982,0.45902878,1.0,0.5765885,0.4288065,0.5076471,0.42609406,0.51587945,0.57468164,0.28743416,0.6127073,0.37862864,0.46917138,0.22400929,0.09759522,0.44647157,0.36523497,0.25445402,-0.046637233,0.4354101,0.55476385,-0.06146871,0.17533787,0.07499096,0.016633518,-0.010308739,0.2135803,0.38604712,0.57301563,0.3350696,0.22931804,-0.09880036,0.09867281,-0.1643674,-0.03642575,0.04513726,0.096009165,-0.05482108,-0.051397078,0.50777304,0.32004765,0.078825,0.02865577,0.43008512,0.19282295,-0.068961576,0.52658665,0.37065843,0.07571462,0.4975437,0.43470648,0.36993688,0.5833073,0.46114302,0.36866352,0.2218556,0.66601276,0.20322663,0.30083585,0.3175525,0.25582445,0.4226082,0.3299873,0.24337657,0.23385407,0.017877953,0.17594562,0.37351882,0.21968532,0.36799982,0.48657447,0.39140773,0.4151253,0.32089478,0.05336407,0.44510266,0.5123672,0.41417024,0.52145785,0.21295328,0.118456334,0.30042017,0.35109755,0.42421737,0.3202342,0.4315633,0.5029836,0.38913727,0.2334705
0.30045033,0.31514636,0.43378544,0.5426526,0.2867631,0.261698,0.3620436,0.48634192,0.4814089,0.30079988,0.6379521,0.3989638,0.6566476,0.4998788,0.6433173,0.5677387,0.6863071,0.36448053,0.43579495,0.333252,0.41015494,0.67194825,0.4457643,0.6709939,-0.15005374,0.30644345,0.31941423,0.32316074,0.66323674,0.5765885,1.0,0.7237382,0.43978086,0.5028807,0.5229468,0.5720326,0.41079202,0.3028462,0.38484132,0.22845888,0.15980661,-0.020928325,0.24614438,0.12710866,0.19970489,-0.11998734,0.4570776,0.37581915,-0.083318695,0.045552596,-0.023131995,-0.12649703,0.07025485,0.0093312375,0.42633295,0.21850796,0.28215644,0.10099437,-0.089272015,0.252574,0.018589782,0.01699773,0.033632673,-0.09622189,0.0223128,-0.22635731,0.39326283,0.2615451,0.08963381,0.18444651,0.6986133,0.48201382,0.24020725,0.45237988,0.5325685,0.20609576,0.6097878,0.5532217,0.5708379,0.5505864,0.53521085,0.2944557,0.5975663,0.65327543,0.35305485,0.22315972,0.4062188,0.37234432,0.5162446,0.18631357,0.069495074,-0.016025368,-0.16237122,-0.05543798,0.48202223,0.19500107,0.43646836,0.34222102,0.30712777,0.17836641,0.10890576,-0.17438668,0.18748336,0.38616335,0.21143603,0.5161574,0.25635833,0.06643737,0.501553,0.48688832,0.58404833,0.39669514,0.37463823,0.5523402,0.5699462,0.3376966
