1.0,0.44389397,0.7979573,0.6357988,-0.11602676,0.5170972,0.84135,0.6585538,-0.12180628,-0.008124641,0.7315679,0.35168338,0.65582025,0.41327742,0.6171734,0.5470355,0.62001836,0.43658158,0.8235233,0.7388017,0.5113032,0.022914516,0.57971627,0.30991468,-0.09349973,-0.2987842,-0.2737994,-0.040695664,0.58134186,0.7407365,0.5999762,0.24209367,0.8052301,0.65091336,0.792915,0.69305664,0.47000062,0.36770642,0.52781844,0.42922083,0.54711246,0.4876052,0.77418387,0.50611514,0.27000448,0.42812452,0.65923953,0.54812276,0.4621252,0.2590439,0.50986123,0.24704883,0.51548225,0.16326402,0.6714969,0.14754376,0.8764588,0.41740307,0.53773344,0.19922695,0.6118054,0.087350935,0.6985849,0.45667332,0.6385408,0.3726256,0.82905895,0.74930227,0.098661765,0.0006583013,0.6686425,0.21269564,0.44732586,0.4221818,0.43250224,0.5383743,0.5802617,0.45614251,0.2943351,0.21626325,0.7191864,0.20423365,0.69158745,0.05044225,0.75061125,0.095283546,-0.005562972,-0.36810106,0.503179,-0.18276186,0.7361825,0.19433188,0.52237856,-0.3192129,0.28213474,0.53320014,0.5572022,0.5565607,0.6812244,0.5710757,0.47830778,-0.3978088,0.49672458,0.42776024,0.5964667,0.551135,0.5412038,0.124181345,0.53840685,0.54583776,0.3601194,0.528902,0.56651825,0.4025834,0.2786505,0.5378418
0.44389397,1.0,0.30694717,0.38710368,-0.61779946,-0.19101544,0.38748625,0.63072115,-0.17425203,-0.33305106,0.16000831,0.5956326,0.20029022,0.5192815,0.45087957,0.1448019,0.22405942,0.6707848,0.64415824,0.69553596,0.20549093,-0.007436335,0.045861874,0.19555217,-0.40470645,-0.3896385,-0.6083772,-0.20852265,0.31915286,0.1574704,0.14409497,0.20150682,0.39032087,0.3907004,0.39557216,0.27556565,0.22951618,-0.0062046903,0.17076881,0.30078524,0.064143136,-0.10305373,0.36720383,0.5967924,0.050510745,0.4883981,0.13289443,0.23216754,0.16745874,0.5424462,0.47143307,0.4016704,0.3258934,0.24192755,0.18864493,-0.04389517,0.4003502,0.7576664,0.523954,0.33979908,0.4355619,0.14004561,0.14663604,0.5063353,0.51514506,0.6300149,0.35986167,0.4944727,-0.20336667,0.15870655,0.19184649,0.053469855,0.15899234,-0.021707999,0.14216155,0.08300996,0.11826911,0.16805959,-0.034833968,-0.06466593,0.28791726,0.6590962,0.20875153,-0.12586862,0.24984027,0.5989013,-0.42811933,-0.29120344,-0.055013176,-0.01152927,0.22519962,0.56055003,0.14116207,0.16718973,0.023958893,0.16843282,0.055600923,0.20954089,0.21826239,0.41618955,0.16353475,0.23882382,0.031778518,0.12338797,0.1333228,-0.012389013,0.29684627,-0.16960958,0.12151655,0.119048275,-0.00866664,0.31227615,0.29030302,0.10866878,-0.0014661148,0.20882817
0.7979573,0.30694717,1.0,0.78130287,0.11109725,0.6523783,0.87111104,0.66334456,0.11012626,0.24245922,0.78333324,0.38127172,0.7756067,0.47268206,0.6789579,0.633606,0.6419484,0.36742598,0.77003145,0.61305934,0.67226344,0.27730227,0.8206854,0.5368757,0.13927458,-0.018816678,-0.05210692,0.16809905,0.6453465,0.7460558,0.7416494,0.42994183,0.80498546,0.70255774,0.7343471,0.6668052,0.6024519,0.5711921,0.62710965,0.572044,0.65983266,0.62107724,0.74766594,0.41836083,0.23884653,0.3707822,0.7261234,0.64363384,0.32484138,0.1193513,0.3799323,0.15871292,0.4369427,0.21884964,0.6573259,0.42494497,0.72903705,0.24339908,0.34381163,0.054059997,0.46970716,0.16756317,0.57296497,0.3689889,0.4450111,0.2035825,0.7507966,0.69519025,0.20339979,-0.040479828,0.7660434,0.43510708,0.5975748,0.5727355,0.53813547,0.63440233,0.764021,0.5460922,0.3801864,0.24593699,0.75719255,0.16127442,0.728957,0.23644711,0.8708271,0.14570825,0.20331468,-0.11560226,0.6825532,0.020551637,0.666046,0.17486385,0.54971856,-0.26733318,0.48369715,0.5687593,0.6668685,0.64607596,0.61879146,0.4928345,0.5513291,-0.3618665,0.61755675,0.4633379,0.66563094,0.5860026,0.588782,0.2043671,0.55180347,0.66278464,0.53443635,0.449497,0.47121197,0.39359555,0.2945655,0.4816581
0.6357988,0.38710368,0.78130287,1.0,0.066392384,0.5868586,0.7948976,0.8450617,0.36816636,0.42798334,0.696328,0.71938634,0.7698356,0.7758383,0.79264945,0.73338336,0.6922205,0.6137467,0.67989916,0.51460767,0.61363494,0.5121468,0.7461064,0.8014812,0.19475862,0.20531511,0.00995374,0.40274048,0.7332146,0.7163628,0.811791,0.74894553,0.7925282,0.84937054,0.65378445,0.6908005,0.5548668,0.6562943,0.60322815,0.6019272,0.6418296,0.60832584,0.6742331,0.5162324,0.2487444,0.4274672,0.6894632,0.72195846,0.109614536,0.1378524,0.1803032,0.10480048,0.27222505,0.19699104,0.60473806,0.5983583,0.5013272,0.27750418,0.14828835,-0.03992768,0.2186175,0.24930188,0.26230267,0.36888602,0.22391029,0.24260004,0.61231214,0.67557853,0.19342571,0.029952075,0.78336346,0.60720944,0.6130004,0.6444141,0.50459206,0.59986305,0.75243247,0.6583486,0.48614633,0.4498144,0.73045176,0.4644224,0.7178162,0.5124262,0.7152286,0.4820612,0.27760968,0.19397607,0.6077078,0.3980627,0.48211962,0.3328104,0.43153405,0.040959287,0.517529,0.5487969,0.6163338,0.63920945,0.51427406,0.58052087,0.49396145,-0.12557168,0.5298817,0.5229221,0.5521708,0.51056343,0.5577203,0.27083123,0.44101197,0.6048061,0.6152063,0.5440968,0.45207334,0.33497852,0.21534283,0.4047487
-0.11602676,-0.61779946,0.11109725,0.066392384,1.0,0.5869748,0.005569271,-0.2162906,0.56266236,0.74372596,0.28990912,-0.25204253,0.27221996,-0.09638966,-0.015223081,0.33483693,0.24204598,-0.32683775,-0.3677925,-0.5539752,0.18954517,0.37779826,0.3896107,0.29497537,0.7656077,0.73041654,0.7843274,0.60660976,0.11651328,0.24563298,0.3899402,0.2637431,0.05366504,0.07416404,0.026716484,0.1760357,0.15874912,0.55886257,0.34813404,0.15669835,0.3522813,0.52402574,0.025380133,-0.34761825,-0.18734807,-0.37184095,0.3416824,0.26589385,-0.16196753,-0.66681606,-0.565967,-0.48861,-0.38708034,-0.112293385,0.23498411,0.50014895,-0.17611621,-0.70186514,-0.5742589,-0.4972575,-0.3529828,-0.034036726,-0.111926295,-0.38014635,-0.5333433,-0.58050317,-0.03419238,-0.17001677,0.35138363,-0.19920936,0.23987569,0.4037113,0.20994645,0.48002273,0.1949361,0.21766251,0.4175653,0.3609935,0.46170422,0.41280484,0.19553931,-0.3915065,0.23424792,0.5576629,0.11794006,-0.35028353,0.69002676,0.5809906,0.49004447,0.2897171,0.086530685,-0.28568137,0.19444397,-0.08811653,0.44212776,0.29493865,0.40413204,0.231604,0.09608321,-0.0066050217,0.29046938,-0.2031792,0.41485265,0.3646278,0.2902745,0.39136112,0.028645014,0.5244968,0.30104625,0.31397235,0.5052552,-0.048256557,-0.03316926,0.15551051,0.2652,0.10241852
0.5170972,-0.19101544,0.6523783,0.5868586,0.5869748,1.0,0.6295218,0.39277297,0.4014693,0.6362659,0.7474972,0.1586768,0.7260525,0.30822402,0.51291746,0.75457513,0.62117195,0.076519884,0.30047765,0.11771663,0.57509685,0.4586898,0.7339937,0.5050062,0.4948413,0.3989312,0.433616,0.5112326,0.53765976,0.76673406,0.74281424,0.4575721,0.6439513,0.5322252,0.5627454,0.5985145,0.46726248,0.72541445,0.60022986,0.4520923,0.67749566,0.8083923,0.56599957,0.13835083,0.2130331,-0.009787097,0.74775934,0.6507654,0.15492475,-0.24894002,-0.031854615,-0.15755364,0.13434677,0.021329021,0.6557524,0.5919349,0.41265917,-0.25194895,-0.10490217,-0.24085398,0.07756114,0.12779653,0.37636417,-0.02877476,-0.026136085,-0.14524886,0.57546484,0.41787493,0.39548036,-0.08749984,0.74002445,0.5589201,0.588538,0.7207917,0.53466904,0.62991846,0.74711096,0.6009764,0.5972394,0.50615543,0.6905185,-0.08369619,0.73944896,0.56986827,0.667981,-0.10971565,0.6417313,0.27507123,0.7826916,0.2296289,0.5559732,-0.063888766,0.5299317,-0.18422648,0.52788746,0.6014146,0.71463174,0.61633074,0.5616258,0.4114762,0.5583887,-0.39272252,0.7002496,0.59062237,0.68906593,0.7241988,0.46252754,0.52809644,0.5975803,0.6332257,0.6814411,0.38664913,0.37414134,0.45032537,0.44504267,0.49590462
0.84135,0.38748625,0.87111104,0.7948976,0.005569271,0.6295218,1.0,0.780573,0.07310862,0.17934063,0.80354273,0.49924865,0.82315934,0.54540724,0.7272611,0.677226,0.69782627,0.44638714,0.78624576,0.6669072,0.63291544,0.26976734,0.71939594,0.50122386,0.009857258,-0.09359193,-0.14164144,0.14893368,0.7001481,0.81091547,0.77080244,0.44777623,0.8622077,0.757155,0.78285605,0.7165095,0.57166237,0.56583077,0.59331733,0.57598776,0.6955029,0.6177652,0.7915647,0.53049535,0.2649046,0.40888605,0.736152,0.69047993,0.32991958,0.16267878,0.39630908,0.18223539,0.43996537,0.16736844,0.7124818,0.3567814,0.75725174,0.31935424,0.40164423,0.120901585,0.47026443,0.1964849,0.58054334,0.35903147,0.49070388,0.29970515,0.81643844,0.766152,0.21296819,0.0427734,0.79354674,0.4468867,0.62596565,0.5852893,0.5794474,0.66492105,0.7198006,0.5868371,0.4430883,0.33216384,0.8475787,0.28075746,0.765293,0.22493961,0.83164376,0.21362685,0.1863012,-0.1746308,0.6437598,0.010458248,0.68572354,0.1700605,0.55158377,-0.20923056,0.42541373,0.5515471,0.6394791,0.65119654,0.6689177,0.59054786,0.52690893,-0.35598978,0.57746017,0.4706112,0.6623585,0.60905117,0.61519605,0.2008662,0.5550517,0.597353,0.53266734,0.54614025,0.5200715,0.44765964,0.34379867,0.56770384
0.6585538,0.63072115,0.66334456,0.8450617,-0.2162906,0.39277297,0.780573,1.0,0.22692238,0.17019176,0.61909837,0.82488585,0.6971916,0.81252164,0.7757894,0.65537065,0.639561,0.7532798,0.7399764,0.6757417,0.5166724,0.39339164,0.49967048,0.6201771,-0.05865403,-0.011215809,-0.2580879,0.2448074,0.69992536,0.6575432,0.6655564,0.6287618,0.77969843,0.799365,0.6715476,0.6504648,0.4816186,0.49158254,0.5038938,0.563288,0.5225568,0.43191734,0.694536,0.640184,0.23194571,0.43600804,0.5951263,0.6730466,0.1206527,0.33137697,0.31856424,0.25097477,0.29964194,0.21954139,0.56510514,0.40084943,0.54607743,0.50209016,0.32288387,0.1226112,0.30962962,0.23272115,0.24508636,0.44289437,0.36632723,0.45150107,0.65141165,0.73781395,0.08530195,0.10930162,0.6733373,0.49721098,0.54909515,0.49724606,0.45908618,0.50087214,0.599485,0.5588754,0.41227582,0.36390138,0.7357577,0.6538356,0.63849413,0.3507969,0.6159964,0.6075037,0.039631568,0.0057605477,0.4259342,0.28813633,0.4601008,0.45608214,0.3461858,0.116455,0.36327145,0.47037026,0.5040273,0.5909332,0.52987677,0.6483745,0.39454848,-0.017250577,0.39586598,0.4407886,0.48414642,0.41365552,0.5503438,0.12608242,0.41773617,0.46446052,0.48010466,0.56580067,0.48761374,0.38488308,0.25845906,0.485916
-0.12180628,-0.17425203,0.11012626,0.36816636,0.56266236,0.4014693,0.07310862,0.22692238,1.0,0.7856735,0.27138925,0.3545846,0.40254578,0.48896334,0.32927215,0.5128634,0.38608772,0.26840284,-0.168811,-0.31560743,0.18170325,0.60818464,0.33573884,0.6561885,0.63425386,0.8202185,0.6041183,0.7675278,0.36868683,0.24181432,0.46709037,0.69768983,0.1982286,0.38432196,0.08001494,0.24932893,0.17973252,0.5902196,0.31119516,0.30929106,0.26009992,0.38316804,0.10144894,0.0070720166,-0.18068217,-0.119628645,0.32203665,0.3896699,-0.43631876,-0.38365945,-0.56642973,-0.34290183,-0.46299624,0.081802696,0.20440094,0.69147706,-0.2705455,-0.26711902,-0.56204516,-0.4105413,-0.44896147,0.09375896,-0.4224206,-0.118559115,-0.5857086,-0.29140073,-0.07216082,0.009346133,0.26899278,-0.15584101,0.35175312,0.6208972,0.3034708,0.51845574,0.17373446,0.21446778,0.43890816,0.47597617,0.54904926,0.5319344,0.27900985,0.24650152,0.29076013,0.765927,0.1489012,0.36296916,0.5364505,0.7942727,0.38485575,0.7760504,-0.09462354,0.22564252,-0.012584758,0.38530895,0.46826664,0.3226559,0.3901703,0.3375711,0.10230342,0.24319029,0.17978925,0.23657376,0.25308746,0.3817203,0.14267126,0.22378826,0.067435645,0.45974186,0.23465729,0.23954684,0.5116028,0.14928631,0.12538488,0.2375328,0.23933867,0.108889796
-0.008124641,-0.33305106,0.24245922,0.42798334,0.74372596,0.6362659,0.17934063,0.17019176,0.7856735,1.0,0.3967503,0.21974857,0.47322854,0.37938523,0.30900106,0.58482647,0.39737055,0.052340996,-0.117176846,-0.3289549,0.31034812,0.60885406,0.55310196,0.6762437,0.76457936,0.79683346,0.7394041,0.766641,0.32763982,0.3641766,0.58748835,0.62331295,0.2740635,0.40102914,0.13146558,0.2959325,0.22079086,0.6661613,0.4276527,0.32517877,0.4268662,0.5946389,0.13394684,-0.1195884,-0.07512725,-0.13934015,0.4296769,0.43364534,-0.24650805,-0.47690234,-0.49855158,-0.38663143,-0.34480605,-0.011811163,0.29466835,0.7564201,-0.13997135,-0.4589878,-0.54919726,-0.46773243,-0.37213176,0.05213608,-0.1890485,-0.22130178,-0.5328753,-0.37387642,0.042172674,0.029897867,0.31527475,-0.06135075,0.42481312,0.5800605,0.32929784,0.5875553,0.25101134,0.28530234,0.5777709,0.49879763,0.56052554,0.54209256,0.32290605,-0.020699011,0.42550355,0.77019346,0.29767287,0.0720908,0.6832023,0.7432539,0.5555992,0.6606925,0.08668268,0.027934583,0.21607515,0.16064927,0.557924,0.4268408,0.4868396,0.34409192,0.15126403,0.20095336,0.3283943,0.007126727,0.4321872,0.45291862,0.30139044,0.3591713,0.16612715,0.5670457,0.2776939,0.38909626,0.6117534,0.16547638,0.09902258,0.17016537,0.20332518,0.12545684
0.7315679,0.16000831,0.78333324,0.696328,0.28990912,0.7474972,0.80354273,0.61909837,0.27138925,0.3967503,1.0,0.3901557,0.8760225,0.47625312,0.6300455,0.7035441,0.8108226,0.38897288,0.544359,0.39657074,0.6685534,0.3356221,0.71999705,0.51953006,0.26705825,0.17806818,0.12946379,0.35145074,0.7405998,0.8349868,0.78648376,0.49943832,0.80469215,0.7056485,0.7326381,0.713274,0.636366,0.6764777,0.7064965,0.6245526,0.6897808,0.70478696,0.7094792,0.36277318,0.21326678,0.20111775,0.79938656,0.7401325,0.14912254,-0.10528308,0.1194432,-0.004664961,0.21502075,0.13723405,0.79411435,0.5346956,0.6169147,0.054120753,0.102331065,-0.101307236,0.24151184,0.1278238,0.4620715,0.17582668,0.22658977,0.11039008,0.71545124,0.6497097,0.23491962,-0.017092567,0.7881315,0.5562233,0.68607813,0.7159289,0.5850053,0.6621572,0.79245394,0.6841936,0.64914614,0.47274825,0.8365502,0.14790678,0.7803207,0.38694662,0.7977387,0.11159966,0.42275402,0.07992972,0.7864117,0.15080921,0.6346738,0.14849739,0.502124,-0.17787175,0.5698764,0.6576743,0.7878502,0.7121694,0.74804866,0.59203464,0.5660747,-0.34479952,0.691414,0.5581509,0.73983794,0.7066661,0.58384436,0.34502184,0.66590244,0.66791517,0.6615104,0.47259322,0.5645273,0.5606064,0.5280689,0.66892064
0.35168338,0.5956326,0.38127172,0.71938634,-0.25204253,0.1586768,0.49924865,0.82488585,0.3545846,0.21974857,0.3901557,1.0,0.5265264,0.8613981,0.62805015,0.4781667,0.4722611,0.79488957,0.5209159,0.45849007,0.32805234,0.44724885,0.31120282,0.6655541,-0.03931996,0.1249312,-0.21301973,0.25950515,0.5426851,0.38290513,0.48340765,0.66772026,0.5436751,0.68709886,0.4238037,0.46144354,0.28241256,0.3718584,0.31899217,0.4398055,0.30129457,0.23719156,0.44540083,0.5864991,0.1579911,0.46718872,0.3882722,0.55544007,-0.07431633,0.31856388,0.124078706,0.19781221,0.11726467,0.25675058,0.33005857,0.4532805,0.23524138,0.4851593,0.10712137,0.06403114,0.09668512,0.1697929,-0.046907462,0.4087225,0.14684543,0.4043929,0.3695566,0.55233693,-0.031243458,0.115220375,0.47120693,0.4636242,0.37521535,0.35248706,0.24216497,0.26381594,0.41760647,0.4159537,0.35096556,0.36820814,0.49674678,0.75934887,0.38058543,0.43548733,0.3636283,0.7718637,-0.0024552983,0.22845063,0.21812505,0.5049275,0.17485692,0.54413325,0.13906832,0.35450852,0.28075093,0.31764975,0.30432066,0.3938724,0.2861956,0.54067373,0.21360156,0.22241835,0.17873497,0.29296786,0.21296795,0.1360044,0.35309148,0.069547445,0.2063707,0.26991683,0.38524348,0.4971384,0.34875697,0.22772592,0.10041288,0.24847347
0.65582025,0.20029022,0.7756067,0.7698356,0.27221996,0.7260525,0.82315934,0.6971916,0.40254578,0.47322854,0.8760225,0.5265264,1.0,0.6186523,0.71545136,0.7477355,0.77694297,0.44504738,0.5484632,0.38480893,0.6776383,0.47278428,0.74472487,0.65054774,0.25694346,0.2601415,0.16575633,0.4346685,0.779069,0.7869475,0.8292879,0.6393858,0.81138045,0.77284276,0.68158406,0.68048036,0.6396895,0.74019396,0.67051446,0.68615866,0.7184501,0.6956977,0.6765073,0.41089293,0.17807631,0.25171432,0.77735674,0.7736104,0.06689085,-0.053125523,0.06521321,-0.044667277,0.17873122,0.2184466,0.73275423,0.6178544,0.5044919,0.0880579,0.06379772,-0.1097456,0.18181804,0.14707251,0.34870338,0.22669783,0.14657754,0.08929694,0.67190844,0.643921,0.23647395,-0.011303581,0.8308837,0.67789,0.7369279,0.74762905,0.58947504,0.6944735,0.7966977,0.70535177,0.6495322,0.4813813,0.85047185,0.2575151,0.7815624,0.48203912,0.8091822,0.27627057,0.46937165,0.18717335,0.77593917,0.31519443,0.58255196,0.23609853,0.507975,0.0107830465,0.56902593,0.6060272,0.73869467,0.70650434,0.66976136,0.6080064,0.55292565,-0.20221125,0.6510256,0.57734513,0.67367196,0.66116124,0.5767173,0.36610597,0.58727294,0.5997916,0.6728182,0.5450971,0.5166985,0.53822595,0.4694763,0.58226675
0.41327742,0.5192815,0.47268206,0.7758383,-0.09638966,0.30822402,0.54540724,0.81252164,0.48896334,0.37938523,0.47625312,0.8613981,0.6186523,1.0,0.7380326,0.6394129,0.5817225,0.77721,0.52576846,0.42981806,0.41750786,0.528775,0.45608968,0.75885904,0.12163497,0.24020773,-0.0632062,0.39797938,0.64863795,0.49347898,0.5964478,0.74878526,0.610487,0.76503867,0.48409107,0.5553323,0.37015855,0.5161207,0.44244757,0.50529844,0.412098,0.38039294,0.46497738,0.56734765,0.084216386,0.39478835,0.48265025,0.6046182,-0.070099235,0.18508673,0.071301565,0.13857184,0.059497487,0.22554825,0.44163203,0.5487828,0.25731677,0.41788617,0.05966516,-0.0056069847,0.08296081,0.1825562,-0.032665316,0.34799558,0.08133088,0.31362718,0.39583445,0.58942276,0.094485626,0.04061755,0.59399605,0.5557696,0.46023783,0.48380184,0.31456634,0.40295577,0.5572038,0.54991937,0.4708194,0.44230294,0.57744354,0.7204933,0.52845687,0.54567885,0.46972436,0.74519044,0.11473801,0.31437415,0.36659512,0.5717322,0.2695025,0.57595855,0.24126594,0.3560794,0.42705694,0.4594071,0.4374101,0.49545333,0.36751756,0.61156714,0.3135576,0.21475983,0.29885605,0.43992501,0.31345302,0.30139965,0.40467846,0.2779553,0.30334106,0.38447136,0.48105383,0.5366605,0.41783333,0.31978363,0.17709322,0.30875346
0.6171734,0.45087957,0.6789579,0.79264945,-0.015223081,0.51291746,0.7272611,0.7757894,0.32927215,0.30900106,0.6300455,0.62805015,0.71545136,0.7380326,1.0,0.8086159,0.6895105,0.6689602,0.6543924,0.5447034,0.62836844,0.5354228,0.6353556,0.6578222,0.03805218,0.13060348,-0.013974062,0.43657222,0.76108766,0.7024157,0.7454825,0.6922073,0.7723653,0.83249,0.62423605,0.67797524,0.5283893,0.57676375,0.58470535,0.5747254,0.61974347,0.57616657,0.6421679,0.5542524,0.23405589,0.4066404,0.6063605,0.63865185,0.06892347,0.17348285,0.22096512,0.14997947,0.23707536,0.2944206,0.59384257,0.44906664,0.456047,0.39108974,0.1950927,-0.0009606111,0.21587999,0.18435822,0.23252648,0.3373716,0.21840434,0.32542604,0.59158725,0.68685925,0.26548046,0.03273045,0.79698515,0.56854844,0.62656534,0.62297505,0.4989446,0.6041436,0.66492546,0.61380696,0.4757286,0.42774266,0.74225396,0.5888396,0.7972211,0.4517099,0.6530727,0.54481786,0.2610779,0.12406826,0.5168651,0.34558946,0.5056526,0.47690108,0.47484085,0.17247427,0.48066798,0.49393678,0.54781777,0.58183795,0.50410163,0.625872,0.5077188,0.025711155,0.5127805,0.5119,0.55003744,0.508204,0.6058446,0.31912112,0.43745404,0.51274645,0.50120014,0.5997649,0.46861872,0.38881502,0.2691466,0.44430462
0.5470355,0.1448019,0.633606,0.73338336,0.33483693,0.75457513,0.677226,0.65537065,0.5128634,0.58482647,0.7035441,0.4781667,0.7477355,0.6394129,0.8086159,1.0,0.7048773,0.44964883,0.44203195,0.31533608,0.61791414,0.5662888,0.66278434,0.6485779,0.33454198,0.37695527,0.2763228,0.6116407,0.7133801,0.8048908,0.8195767,0.68237036,0.7540433,0.7494363,0.62733907,0.6921134,0.4984376,0.748979,0.632034,0.5737581,0.66008407,0.7594072,0.6437936,0.3726472,0.1802587,0.1888207,0.7110473,0.687537,0.05564733,-0.08349585,0.024413047,-0.024330094,0.07915501,0.1533447,0.67441237,0.56335264,0.39297143,0.080546305,-0.036056265,-0.18224457,0.09728292,0.17530034,0.22931297,0.10940102,0.017715957,0.117188245,0.58204895,0.57194525,0.38210198,-0.009851175,0.8103736,0.64999086,0.65217835,0.7564031,0.5661588,0.6549349,0.7516613,0.71009195,0.6042496,0.5721739,0.78316265,0.38554123,0.83125967,0.668307,0.63515663,0.32368457,0.49160314,0.30628505,0.6605778,0.40253758,0.51588124,0.27999008,0.48934773,0.06070303,0.54009837,0.601663,0.6700687,0.64685315,0.5605753,0.588912,0.54492706,-0.10690048,0.6326428,0.6253663,0.63519716,0.65378904,0.5462054,0.49085438,0.5405346,0.58390117,0.6553279,0.5393601,0.46689066,0.4901542,0.41895315,0.5161228
0.62001836,0.22405942,0.6419484,0.6922205,0.24204598,0.62117195,0.69782627,0.639561,0.38608772,0.39737055,0.8108226,0.4722611,0.77694297,0.5817225,0.6895105,0.7048773,1.0,0.5892518,0.44560716,0.30251825,0.5625124,0.4231306,0.6003492,0.6007084,0.20532958,0.30004892,0.15051118,0.46925798,0.86820567,0.81426793,0.75314385,0.6594324,0.75473505,0.7922064,0.70507246,0.8160662,0.6212216,0.7275697,0.70061415,0.64190817,0.6667524,0.6768989,0.6092091,0.4605419,0.1394694,0.1808584,0.73473537,0.7797079,-0.015560638,-0.1550986,-0.07928934,-0.078837946,0.008877946,0.15441878,0.77909446,0.55902725,0.5055021,0.063109376,0.016910512,-0.13699812,0.08488854,0.24639441,0.19949138,0.17956619,0.055438112,0.14573,0.56327957,0.6754097,0.20979206,-0.06469078,0.79398066,0.6450531,0.68744516,0.7733095,0.57633597,0.67825514,0.76741755,0.8031247,0.82123137,0.67978823,0.82891893,0.38070232,0.7578291,0.4810413,0.6322687,0.32256013,0.46275046,0.23337631,0.7119472,0.29728478,0.54367435,0.30731443,0.42203397,0.079195105,0.62701654,0.6384092,0.7440862,0.78344417,0.70625573,0.7085721,0.4955802,-0.13982214,0.5797857,0.5892328,0.63487285,0.6855237,0.6534234,0.47153538,0.6240553,0.63815194,0.68312496,0.5376952,0.5920879,0.56841975,0.47794133,0.638321
0.43658158,0.6707848,0.36742598,0.6137467,-0.32683775,0.076519884,0.44638714,0.7532798,0.26840284,0.052340996,0.38897288,0.79488957,0.44504738,0.77721,0.6689602,0.44964883,0.5892518,1.0,0.52756107,0.52531135,0.3080099,0.32847986,0.23083748,0.5315729,-0.13074383,0.056626346,-0.29308337,0.22479738,0.64613926,0.42309,0.39757967,0.61094064,0.5306069,0.6848717,0.46565828,0.5313125,0.36383125,0.3147534,0.3721667,0.4698209,0.24007696,0.17573142,0.4242667,0.61489767,0.08419766,0.40567306,0.34876308,0.50006515,-0.08041146,0.34579593,0.12836327,0.18221346,0.06511101,0.29521894,0.36844197,0.3168945,0.3167853,0.58129597,0.18200012,0.09087472,0.118075304,0.20539011,-0.0634263,0.4431829,0.19101538,0.4949102,0.34415036,0.58181256,-0.068429574,0.021059545,0.48417184,0.4324905,0.38640562,0.3829887,0.22902067,0.32666576,0.3917928,0.4685397,0.39379317,0.38099048,0.4870352,0.82393175,0.41729763,0.31629887,0.33501506,0.7951728,-0.064133696,0.1426404,0.16258036,0.38701403,0.21733603,0.6917974,0.08020953,0.3893688,0.3042243,0.33275115,0.32299143,0.45427167,0.3768226,0.60163605,0.17467292,0.28386882,0.13193356,0.2979424,0.20587137,0.1884178,0.4328806,0.08993781,0.26058695,0.28820392,0.29141557,0.5081908,0.45684186,0.32858548,0.1610297,0.34048
0.8235233,0.64415824,0.77003145,0.67989916,-0.3677925,0.30047765,0.78624576,0.7399764,-0.168811,-0.117176846,0.544359,0.5209159,0.5484632,0.52576846,0.6543924,0.44203195,0.44560716,0.52756107,1.0,0.86460847,0.47564533,0.04853305,0.5347811,0.355835,-0.24646783,-0.39977902,-0.4596973,-0.1463204,0.49237156,0.5546841,0.48971608,0.25091687,0.73066854,0.6255874,0.6861541,0.56343216,0.40762776,0.22652361,0.40905866,0.39137936,0.43987334,0.32748675,0.69723976,0.583138,0.3036039,0.55825126,0.48402426,0.44679543,0.42608604,0.47955748,0.634602,0.41484946,0.59432465,0.28949776,0.489174,0.11753658,0.783712,0.6358518,0.6294575,0.30544275,0.6741211,0.11009364,0.5895437,0.5673958,0.71483314,0.49393943,0.7414923,0.74533325,0.042561427,0.06326954,0.5601238,0.14999151,0.38110906,0.2519286,0.34768566,0.3958684,0.47927365,0.3010068,0.09751502,0.04243738,0.595759,0.38033688,0.5686234,-0.024030289,0.6868876,0.31472003,-0.19307037,-0.40097672,0.3296867,-0.11555336,0.6043661,0.32874066,0.45497474,-0.21342164,0.19210143,0.4183518,0.38154656,0.44470936,0.49588197,0.500591,0.4076076,-0.220824,0.36004484,0.28116724,0.460978,0.32080385,0.50546473,-0.03971515,0.37423706,0.4394861,0.22363736,0.47188923,0.42719388,0.2531812,0.10407076,0.38924083
0.7388017,0.69553596,0.61305934,0.51460767,-0.5539752,0.11771663,0.6669072,0.6757417,-0.31560743,-0.3289549,0.39657074,0.45849007,0.38480893,0.42981806,0.5447034,0.31533608,0.30251825,0.52531135,0.86460847,1.0,0.39653006,-0.07358499,0.29687354,0.115671314,-0.41345543,-0.5570094,-0.5836843,-0.30757874,0.3882049,0.44363788,0.2750252,0.0867479,0.6013597,0.47044057,0.5885303,0.3996715,0.30567944,0.055743624,0.27981648,0.3223259,0.28108984,0.1778862,0.6086812,0.5489571,0.24982262,0.5025095,0.3377177,0.30745137,0.43081695,0.5909699,0.7422024,0.4960429,0.6051569,0.21010444,0.380009,-0.076089345,0.7264441,0.73649085,0.73676616,0.41121233,0.6629608,0.067070305,0.5396324,0.5579918,0.7749638,0.575082,0.6758108,0.6728322,-0.054070424,0.14580257,0.41128588,0.018628484,0.26021826,0.107450604,0.25081047,0.31130528,0.27618852,0.14495572,-0.04754857,-0.10924994,0.4788573,0.40874696,0.44377896,-0.18577352,0.5799661,0.31976208,-0.3680662,-0.5262695,0.15738358,-0.23949184,0.51515853,0.33165216,0.32020962,-0.19275852,0.10559651,0.30274093,0.2727042,0.34834075,0.45587322,0.4365339,0.23908284,-0.17753586,0.1917319,0.12730372,0.35387498,0.22775307,0.4756667,-0.16804834,0.3138774,0.32558918,0.059512038,0.42323485,0.44137388,0.3012073,0.12670802,0.41361555
0.5113032,0.20549093,0.67226344,0.61363494,0.18954517,0.57509685,0.63291544,0.5166724,0.18170325,0.31034812,0.6685534,0.32805234,0.6776383,0.41750786,0.62836844,0.61791414,0.5625124,0.3080099,0.47564533,0.39653006,1.0,0.42114913,0.63737196,0.48316014,0.17584023,0.14547138,0.13139933,0.2997636,0.66200215,0.62528384,0.6271259,0.4699758,0.60642976,0.5403059,0.526226,0.48611784,0.6587164,0.59905297,0.6190531,0.6521163,0.60332,0.60209084,0.5312613,0.33293274,0.12851444,0.18941642,0.6020634,0.58139294,0.08639614,0.031322718,0.18729633,0.05570957,0.2419985,0.18046303,0.60046315,0.47605002,0.40002543,0.11051487,0.13052721,-0.084968984,0.22324045,0.16655594,0.30736563,0.17118955,0.18439142,0.11570727,0.5419098,0.55507153,0.17863904,0.035553314,0.68745327,0.5957292,0.7202499,0.62197524,0.56931996,0.6621102,0.66346633,0.56564695,0.4055617,0.22728258,0.6462938,0.22614422,0.7004809,0.3458668,0.69790775,0.20633562,0.35877004,0.10415364,0.6614799,0.13987477,0.51691276,0.1510147,0.55104625,-0.058222786,0.5728565,0.47904417,0.60008585,0.57436997,0.5028063,0.41584072,0.56180567,-0.14318854,0.62616175,0.46072426,0.65763676,0.5566284,0.5925413,0.2940951,0.48474696,0.60102236,0.50974524,0.33033568,0.35157627,0.4125789,0.3339864,0.48024577
0.022914516,-0.007436335,0.27730227,0.5121468,0.37779826,0.4586898,0.26976734,0.39339164,0.60818464,0.60885406,0.3356221,0.44724885,0.47278428,0.528775,0.5354228,0.5662888,0.4231306,0.32847986,0.04853305,-0.07358499,0.42114913,1.0,0.45173058,0.6505394,0.381929,0.6211421,0.36184353,0.68403155,0.47196028,0.36430523,0.54628175,0.7146882,0.31685463,0.48724043,0.13661726,0.33268622,0.24910331,0.5784729,0.38734657,0.35884014,0.46322718,0.4965272,0.2010675,0.13878416,-0.0003303066,-0.06818826,0.37902752,0.4713239,-0.30669728,-0.15391205,-0.25799146,-0.16010773,-0.15805009,0.043229852,0.2628773,0.61961025,-0.09331082,-0.12225958,-0.29346392,-0.22593646,-0.32879508,0.1656138,-0.24165562,-0.059713908,-0.39039806,-0.033303067,0.10979444,0.23430194,0.2520677,0.06792702,0.5337336,0.66735685,0.43792576,0.5567484,0.26381037,0.40334436,0.54799235,0.47551328,0.52941483,0.48418796,0.42583358,0.34199908,0.4219062,0.66390306,0.27317917,0.41806588,0.495964,0.5825414,0.39144838,0.5853138,0.048087012,0.28477058,0.14626828,0.40395996,0.49775094,0.27082434,0.37545887,0.36461166,0.10646353,0.27596334,0.2285835,0.1485042,0.28460914,0.32203892,0.2809135,0.2801613,0.31938875,0.4278337,0.20457548,0.34593275,0.5454597,0.22253738,0.07504827,0.1978366,0.18247154,0.15780696
0.57971627,0.045861874,0.8206854,0.7461064,0.3896107,0.7339937,0.71939594,0.49967048,0.33573884,0.55310196,0.71999705,0.31120282,0.74472487,0.45608968,0.6353556,0.66278434,0.6003492,0.23083748,0.5347811,0.29687354,0.63737196,0.45173058,1.0,0.69430876,0.43944123,0.2702915,0.26710248,0.38482592,0.55742663,0.6662695,0.8058559,0.5285881,0.6873984,0.66490155,0.5626918,0.60427344,0.48251042,0.6289673,0.62876624,0.45827535,0.6758906,0.6791923,0.56826866,0.2636648,0.148659,0.24322496,0.67506903,0.5912409,0.17177284,-0.11415638,0.11006367,-0.04941069,0.23786554,0.1534338,0.53457326,0.60299784,0.4704477,-0.018786326,0.035162788,-0.17915215,0.19604675,0.14314336,0.40265808,0.1538279,0.11832715,0.0012908384,0.54317766,0.49315643,0.2877343,-0.068333365,0.7372202,0.48597106,0.5241858,0.6209696,0.44447988,0.5811479,0.8135551,0.5368838,0.46809918,0.3914421,0.655653,0.060014714,0.7001988,0.43654367,0.7813469,0.0952308,0.44093457,0.21019867,0.7168228,0.23934603,0.5017613,0.10257795,0.5285283,-0.16919358,0.58690846,0.5612305,0.6513402,0.52121687,0.42222837,0.3769737,0.5553722,-0.30877817,0.62637293,0.49098715,0.6083863,0.5647157,0.5107662,0.41338062,0.48805356,0.66305757,0.61175907,0.36349916,0.28823787,0.252399,0.24969137,0.3229333
0.30991468,0.19555217,0.5368757,0.8014812,0.29497537,0.5050062,0.50122386,0.6201771,0.6561885,0.6762437,0.51953006,0.6655541,0.65054774,0.75885904,0.6578222,0.6485779,0.6007084,0.5315729,0.355835,0.115671314,0.48316014,0.6505394,0.69430876,1.0,0.44528198,0.54171765,0.29607815,0.6118201,0.6218352,0.4915365,0.7557111,0.8572403,0.5610567,0.7535938,0.40564758,0.5508361,0.41713494,0.6805417,0.51859325,0.5055506,0.49976778,0.5230151,0.41082734,0.35934418,0.077768505,0.3130889,0.54786545,0.63964903,-0.16852267,-0.0815576,-0.18158798,-0.13190685,-0.030461185,0.2398476,0.43208614,0.7686778,0.13811158,0.03223921,-0.2255525,-0.2502421,-0.09076876,0.22766249,-0.060764417,0.1710063,-0.17895056,0.01501404,0.28073442,0.42266092,0.16852906,-0.06064596,0.6377259,0.674403,0.5093957,0.6175555,0.36696988,0.44956043,0.69489557,0.64956003,0.5540256,0.54892385,0.5291238,0.4487669,0.5520342,0.70621985,0.49157897,0.5304859,0.4458969,0.5695075,0.56341094,0.6841776,0.22872426,0.38678464,0.322073,0.29034016,0.5500303,0.4734671,0.50392056,0.4952485,0.27864623,0.4700929,0.43962935,0.12348707,0.455303,0.5327054,0.3735653,0.37607998,0.38074198,0.42848796,0.30393,0.4781934,0.63211966,0.42201266,0.26850295,0.15800759,0.1197215,0.17236438
-0.09349973,-0.40470645,0.13927458,0.19475862,0.7656077,0.4948413,0.009857258,-0.05865403,0.63425386,0.76457936,0.26705825,-0.03931996,0.25694346,0.12163497,0.03805218,0.33454198,0.20532958,-0.13074383,-0.24646783,-0.41345543,0.17584023,0.381929,0.43944123,0.44528198,1.0,0.7303458,0.6525159,0.55335844,0.092687435,0.1853979,0.39285907,0.33191133,0.066602096,0.10831217,0.043343585,0.14731209,0.07792697,0.4741191,0.34957066,0.10069586,0.23485127,0.42724973,0.0065027284,-0.24720752,-0.2610087,-0.2484531,0.3203587,0.22957498,-0.14653172,-0.5516642,-0.4611838,-0.40742943,-0.3119769,-0.14647235,0.15115845,0.58766425,-0.18376522,-0.464289,-0.5537024,-0.5001966,-0.29012266,-0.044276487,-0.17774269,-0.29609543,-0.47135404,-0.42718095,-0.05736194,-0.14714397,0.2450693,-0.19134893,0.18396325,0.35830456,0.09556025,0.3823773,0.034190834,0.13458642,0.44925934,0.29558456,0.37991786,0.3702181,0.14306737,-0.17899905,0.23590018,0.58639514,0.16580532,-0.12456604,0.52348757,0.6530935,0.434777,0.4280214,-0.04710017,-0.07472148,0.06609587,-0.048885964,0.46895513,0.38674068,0.42038664,0.16667558,0.019691212,0.010706186,0.24774851,-0.09853294,0.34768313,0.34827492,0.19890864,0.26641196,-0.009610741,0.44841567,0.3148904,0.35991788,0.47238192,-0.03933794,-0.05662373,0.043835305,0.21491805,0.037891682
-0.2987842,-0.3896385,-0.018816678,0.20531511,0.73041654,0.3989312,-0.09359193,-0.011215809,0.8202185,0.79683346,0.17806818,0.1249312,0.2601415,0.24020773,0.13060348,0.37695527,0.30004892,0.056626346,-0.39977902,-0.5570094,0.14547138,0.6211421,0.2702915,0.54171765,0.7303458,1.0,0.69652027,0.7610464,0.2640433,0.15593137,0.37040034,0.5881672,0.011062701,0.20590317,-0.06494491,0.14428411,0.14255564,0.6037483,0.27229548,0.26333827,0.21362087,0.40071046,-0.06357246,-0.14151405,-0.22828808,-0.274913,0.24224885,0.33371308,-0.44170016,-0.52294827,-0.6958352,-0.47199348,-0.51534843,-0.015747292,0.13873266,0.6682842,-0.41751322,-0.5151995,-0.6942756,-0.52101916,-0.56675315,0.09692002,-0.49935502,-0.34008387,-0.7191191,-0.40444106,-0.23475786,-0.14024602,0.27447796,-0.162957,0.25042716,0.62098664,0.26909858,0.51515824,0.13576247,0.20591107,0.39059132,0.45129326,0.5499496,0.53999203,0.15242146,0.058802694,0.17387085,0.74719536,-0.006730741,0.16304411,0.6497096,0.8620547,0.36321202,0.67163384,-0.16683297,0.08453433,-0.018612992,0.34764028,0.4720962,0.25167874,0.317026,0.27399942,-0.001983093,0.09406922,0.14572732,0.19627373,0.23616365,0.3273792,0.11299673,0.21260628,0.046435688,0.5071015,0.17607829,0.2262195,0.5000678,0.03420922,-0.011745513,0.12566489,0.18589815,0.015635308
-0.2737994,-0.6083772,-0.05210692,0.00995374,0.7843274,0.433616,-0.14164144,-0.2580879,0.6041183,0.7394041,0.12946379,-0.21301973,0.16575633,-0.0632062,-0.013974062,0.2763228,0.15051118,-0.29308337,-0.4596973,-0.5836843,0.13139933,0.36184353,0.26710248,0.29607815,0.6525159,0.69652027,1.0,0.6583845,0.09937386,0.10450802,0.26300654,0.31605926,-0.04951625,0.046182167,-0.159761,-0.014764833,0.13183556,0.42267704,0.24013907,0.16157672,0.22741944,0.38128868,-0.12905489,-0.42038164,-0.1331287,-0.36513442,0.15640761,0.13392465,-0.38562143,-0.60289186,-0.61177266,-0.47218084,-0.50322247,-0.12293881,0.08478407,0.50143015,-0.35456258,-0.6879355,-0.6426304,-0.46970546,-0.5359467,-0.08325312,-0.30819425,-0.35669386,-0.68070924,-0.5612214,-0.2050871,-0.29202393,0.341835,-0.027791746,0.15965796,0.37747732,0.16640675,0.39489424,0.18278375,0.12505567,0.24994528,0.27187335,0.37522942,0.3205682,0.029596858,-0.33808678,0.19450344,0.50110275,0.051891036,-0.23534131,0.71481913,0.6426722,0.39383686,0.48045555,-0.096566126,-0.27070263,0.07672981,0.12341592,0.3942459,0.15651982,0.28482848,0.13639188,0.0028465332,-0.0845731,0.17762625,0.007862784,0.28486514,0.26727647,0.14060766,0.24709322,0.012954907,0.4739611,0.12442993,0.15499777,0.3756005,-0.09101439,-0.072567955,0.086535506,0.2072563,0.0245795
-0.040695664,-0.20852265,0.16809905,0.40274048,0.60660976,0.5112326,0.14893368,0.2448074,0.7675278,0.766641,0.35145074,0.25950515,0.4346685,0.39797938,0.43657222,0.6116407,0.46925798,0.22479738,-0.1463204,-0.30757874,0.2997636,0.68403155,0.38482592,0.6118201,0.55335844,0.7610464,0.6583845,1.0,0.4725301,0.36960372,0.57455826,0.7211297,0.28843185,0.45507917,0.10895873,0.3190339,0.34079584,0.6216586,0.46393722,0.39203626,0.41319832,0.5120015,0.13795602,-0.07853371,-0.021028997,-0.21915995,0.38762128,0.43107462,-0.418477,-0.42191225,-0.5279773,-0.33119133,-0.4021301,0.022678744,0.30759028,0.64649516,-0.19919293,-0.36908102,-0.5418882,-0.4275545,-0.50584674,0.09991812,-0.32664642,-0.16744599,-0.58007014,-0.24201332,0.017424183,0.059153464,0.30174318,-0.052513566,0.46343505,0.66184133,0.43638724,0.63796383,0.34746432,0.33325705,0.5187463,0.5704471,0.5858005,0.55720705,0.35286897,0.17119606,0.4518701,0.73454195,0.19405596,0.24354817,0.67337745,0.7075967,0.47774866,0.6920157,-0.010185238,0.11350811,0.10729539,0.3208213,0.48804325,0.31420586,0.44872743,0.3916884,0.16335309,0.22363752,0.31053352,0.12334261,0.40089047,0.46983856,0.28749195,0.36947274,0.19041277,0.4687048,0.24448135,0.31255084,0.58654416,0.14284328,0.09336264,0.21463743,0.26037788,0.21899275
0.58134186,0.31915286,0.6453465,0.7332146,0.11651328,0.53765976,0.7001481,0.69992536,0.36868683,0.32763982,0.7405998,0.5426851,0.779069,0.64863795,0.76108766,0.7133801,0.86820567,0.64613926,0.49237156,0.3882049,0.66200215,0.47196028,0.55742663,0.6218352,0.092687435,0.2640433,0.09937386,0.4725301,1.0,0.76877505,0.7247733,0.72572434,0.7289367,0.80425423,0.6437172,0.731825,0.7507746,0.73609006,0.6644807,0.78005433,0.6561789,0.62597185,0.5885998,0.48402,0.13654485,0.24462798,0.67207605,0.7437577,-0.08847208,0.015593998,-0.007689992,-0.039594643,0.08342889,0.21306863,0.73348325,0.5483383,0.44397315,0.16955887,0.07640379,-0.10759694,0.097817436,0.26034278,0.14166562,0.24676207,0.09205901,0.21611002,0.53127337,0.68017614,0.21471094,-0.03387229,0.8206287,0.75670266,0.81816906,0.8086684,0.6683496,0.77190113,0.7160166,0.8380014,0.6909176,0.54838854,0.79311407,0.48675603,0.763371,0.4589895,0.6463508,0.46106195,0.42693362,0.20681399,0.6663901,0.3372056,0.52125657,0.35864165,0.41706392,0.16992499,0.5768722,0.5477319,0.6744655,0.7971326,0.6666822,0.6805664,0.47891372,-0.02349844,0.5300085,0.5477528,0.60195524,0.61329347,0.6945695,0.38499284,0.5209636,0.57825226,0.5967166,0.54046255,0.55204546,0.53249544,0.41529742,0.5955201
0.7407365,0.1574704,0.7460558,0.7163628,0.24563298,0.76673406,0.81091547,0.6575432,0.24181432,0.3641766,0.8349868,0.38290513,0.7869475,0.49347898,0.7024157,0.8048908,0.81426793,0.42309,0.5546841,0.44363788,0.62528384,0.36430523,0.6662695,0.4915365,0.1853979,0.15593137,0.10450802,0.36960372,0.76877505,1.0,0.7668207,0.51708764,0.82891816,0.74169326,0.76298743,0.8011997,0.57245183,0.71644473,0.6343658,0.5803097,0.7416115,0.7846458,0.72172326,0.43262947,0.22325374,0.19434448,0.7843611,0.7344697,0.2378769,-0.027527941,0.17316999,0.04693233,0.21139988,0.11264962,0.78635657,0.45467213,0.6586851,0.07610567,0.17364892,-0.06341982,0.2696365,0.26133478,0.46040425,0.19974509,0.23944128,0.17621785,0.7302419,0.7041305,0.3675703,-0.042717822,0.84416395,0.5672786,0.6783121,0.78926426,0.5938174,0.7548931,0.7700666,0.7155275,0.6549235,0.6041291,0.8642079,0.24268577,0.83401114,0.42889613,0.7352316,0.13142705,0.41360816,0.052802924,0.71381956,0.12739639,0.6659205,0.12474289,0.50888896,-0.15392374,0.52670383,0.6500425,0.75478584,0.745121,0.73523796,0.63013667,0.5074427,-0.36072338,0.6179792,0.54793036,0.69080997,0.73802835,0.65211576,0.39962465,0.63904095,0.6683495,0.6446486,0.5606304,0.5616493,0.54577774,0.46027395,0.64181817
0.5999762,0.14409497,0.7416494,0.811791,0.3899402,0.74281424,0.77080244,0.6655564,0.46709037,0.58748835,0.78648376,0.48340765,0.8292879,0.5964478,0.7454825,0.8195767,0.75314385,0.39757967,0.48971608,0.2750252,0.6271259,0.54628175,0.8058559,0.7557111,0.39285907,0.37040034,0.26300654,0.57455826,0.7247733,0.7668207,1.0,0.7175566,0.79293865,0.8073042,0.6708152,0.72473305,0.56156325,0.76877,0.70775145,0.5843892,0.71996635,0.7272243,0.68603414,0.3850056,0.18086255,0.26859105,0.77396125,0.74951804,0.054669414,-0.13495885,-0.017830145,-0.092990875,0.13489804,0.18125473,0.6907865,0.640262,0.44513032,-0.008414791,-0.045606155,-0.23385419,0.12934382,0.17749621,0.28778523,0.15623164,0.0645173,0.07218316,0.615295,0.5856696,0.27947012,-0.052762605,0.8067704,0.65457916,0.6485089,0.7519398,0.5649864,0.63994277,0.8429057,0.7470947,0.62178165,0.57197267,0.8014155,0.2736615,0.78094786,0.6117916,0.69896567,0.26915458,0.51662976,0.30678785,0.7471462,0.38182154,0.5145219,0.20749657,0.55491245,-0.009731459,0.5867941,0.6183846,0.7061192,0.6431505,0.54261523,0.5725437,0.63126194,-0.1822597,0.6943171,0.6772443,0.6698941,0.6685433,0.5363164,0.46794558,0.56830007,0.638646,0.7389627,0.48061925,0.42725104,0.3843246,0.38311073,0.47859287
0.24209367,0.20150682,0.42994183,0.74894553,0.2637431,0.4575721,0.44777623,0.6287618,0.69768983,0.62331295,0.49943832,0.66772026,0.6393858,0.74878526,0.6922073,0.68237036,0.6594324,0.61094064,0.25091687,0.0867479,0.4699758,0.7146882,0.5285881,0.8572403,0.33191133,0.5881672,0.31605926,0.7211297,0.72572434,0.51708764,0.7175566,1.0,0.5400431,0.7664162,0.3680328,0.5407517,0.48330864,0.71997494,0.511867,0.60266984,0.5081212,0.5210307,0.39786556,0.34511545,0.09720509,0.20140903,0.5184877,0.6470847,-0.29292542,-0.047212265,-0.2717148,-0.1597642,-0.14188533,0.23021096,0.46009126,0.71373624,0.061360262,0.030627199,-0.24764565,-0.25955334,-0.23285215,0.22099218,-0.2077317,0.118378595,-0.26817647,0.05909657,0.24215856,0.42780027,0.17945357,0.007494983,0.6684773,0.7873566,0.59082425,0.7068065,0.44593734,0.5095058,0.62583596,0.73141474,0.6262499,0.593291,0.5476183,0.52387726,0.56634146,0.7239527,0.40562665,0.5965978,0.48945636,0.58692664,0.51072544,0.7179347,0.18465039,0.40802243,0.22863415,0.4134386,0.55279285,0.4233418,0.50216866,0.57283765,0.33300787,0.50750464,0.36988714,0.20000844,0.39250255,0.52632385,0.355325,0.38871515,0.42473492,0.41712627,0.2972471,0.41919816,0.62002003,0.44052395,0.3316629,0.29464242,0.20006534,0.27411258
