1.0,0.8360725,0.33485013,0.43988302,0.18603985,-0.14598899,0.39954486,0.29449725,0.41447553,0.3663935,0.504499,0.55508107,0.48114046,0.27408585,0.12093291,-0.15231857,0.567349,0.47440755,0.5937091,0.7826865,0.17157234,0.30826557,0.0768146,-0.0077358563,-0.37002078,-0.42174223,0.10518408,-0.1127876,0.33338785,0.36880398,-0.07981197,-0.011376593,0.56992346,0.5419461,0.5798261,0.30446008,-0.015799627,-0.036971707,0.15914656,0.04987359,0.008227064,-0.050835367,0.533588,0.54889745,0.59691525,0.49966997,0.18391247,0.041136645,0.44575268,0.2009394,0.51896864,0.46012655,-0.07155034,0.22355875,0.13958333,0.027677637,0.82911664,0.78637797,0.38325033,0.3005429,0.58015317,0.36867753,0.6456169,0.58402115,0.46209848,0.49471676,0.72439814,0.7322413,0.5579853,0.5096621,0.33715943,0.36250684,0.3116979,0.1623178,0.023000656,0.106663994,0.068196334,0.054446112,0.20813046,0.46431538,0.3929844,0.5711808,-0.32529202,-0.28092232,0.08538522,0.53316027,0.0775085,-0.041539464,0.11061879,0.47420654,-0.113420926,-0.20112622,0.35403967,-0.07128413,0.23109108,0.16918162,0.28145272,0.12161001,0.17320593,0.014234676,0.085885614,-0.2570585,-0.095967114,-0.211408,-0.14022881,-0.05261975,0.5176475,0.27842015,0.264487,0.09779744,0.25903538,0.26017758,-0.15541825,-0.16702344,-0.0006987448,0.22879551
0.8360725,1.0,0.30153897,0.3847128,0.26986566,-0.21788365,0.3046442,0.2637141,0.38734198,0.22340465,0.4367603,0.54743195,0.40445375,0.2864231,0.0763319,-0.20514658,0.4877022,0.37859732,0.44181842,0.7648578,0.101255655,0.32324502,-0.006495855,0.040402863,-0.34598795,-0.41805515,0.08076459,-0.12276037,0.36078218,0.337842,-0.10398651,-0.057606794,0.45517746,0.47835347,0.52733403,0.19131368,-0.028153144,-0.07820438,0.10702776,0.02056185,-0.034065045,-0.0543879,0.5037683,0.54843515,0.5510499,0.47160992,0.16847837,0.06143094,0.39280772,0.08793039,0.45626834,0.50636905,-0.14271997,0.22940724,0.108682156,0.028181652,0.68688023,0.8790071,0.42416924,0.35296166,0.6197827,0.4428278,0.5342522,0.6674699,0.33455637,0.5446529,0.76517326,0.71375245,0.57466227,0.5470872,0.2195735,0.26271757,0.28463796,0.0730805,-0.06803988,0.078721434,0.04179721,-0.021731423,0.13434476,0.41982624,0.28038663,0.5759147,-0.35072204,-0.2511373,-0.0189232,0.5408381,0.120518856,-0.0030124371,0.04944247,0.46418282,-0.12971388,-0.16787231,0.22469126,-0.0030084208,0.18160568,0.10332832,0.2944416,0.09701506,0.14549266,0.0012960827,0.09185627,-0.12325331,-0.08039871,-0.19313364,-0.037250936,-0.010819338,0.5450867,0.21932736,0.23915976,0.051476944,0.27659273,0.29172668,-0.11739268,-0.12257816,0.0017349564,0.26426095
0.33485013,0.30153897,1.0,0.6950226,0.47491673,0.43546003,0.65307826,0.610059,0.45611677,0.2038482,0.46337414,0.405471,0.3116431,0.47272384,0.52818865,0.5836167,0.42245078,0.4218528,0.4871952,0.32339907,0.16801745,0.28951517,0.6903881,0.7154335,0.38103586,0.3890344,0.32899305,0.45329475,0.5208804,0.36098948,0.44991645,0.6150698,0.60719424,0.62371737,0.48811337,0.4276813,0.49059013,0.4577095,0.58677775,0.47799963,0.52804434,0.5833274,0.3654566,0.40359893,-0.07743203,-0.06390226,0.5334969,0.5631957,-0.2412004,-0.032295875,-0.13212004,0.035403308,0.29342687,-0.036696687,0.5347473,0.4883897,0.25851342,0.19733782,-0.31944942,-0.3679388,-0.191064,-0.32669666,0.23669018,0.037106242,-0.039635867,-0.18377194,0.123553276,0.1169899,-0.18636186,-0.20268852,0.31430003,0.40949702,0.25261083,0.35061884,0.47922924,0.3747487,0.3061053,0.26424628,0.24853058,0.2760713,0.5332208,0.455753,0.4433711,0.49233043,0.4704638,0.40582106,0.2787089,0.22104074,0.6050164,0.46888074,0.55215806,0.52475685,0.35518137,0.40966976,0.3532479,0.41550508,0.45149457,0.40687224,0.5905405,0.55653757,0.42052266,0.36080647,0.5018314,0.5471847,0.4632537,0.53304476,0.13733023,0.40986788,5.25279e-05,0.41856298,0.5021809,0.44610658,0.47775462,0.49132773,0.5707184,0.265915
0.43988302,0.3847128,0.6950226,1.0,0.39489242,0.3554078,0.71309626,0.74680597,0.510678,0.487238,0.48199746,0.4765716,0.38377,0.39771134,0.626578,0.45825675,0.41902268,0.44244877,0.6262985,0.5138797,0.38555214,0.32698545,0.70765454,0.5894425,0.028392505,0.15837282,0.21762826,0.34308985,0.5067914,0.4305995,0.43751138,0.55725324,0.69258183,0.64545894,0.62859535,0.5508758,0.5562132,0.5391529,0.5927449,0.5650983,0.4795875,0.5506838,0.6224238,0.6582843,0.05848021,0.0440244,0.564221,0.56150365,-0.058583703,-0.05932136,0.20075996,0.032321617,0.36466634,0.1188427,0.53666574,0.5182508,0.45211834,0.2363273,-0.14820352,-0.23939921,-0.021414021,-0.28926662,0.387948,0.017418949,0.07518239,-0.14373924,0.30671936,0.37282333,-0.03843546,0.015836084,0.5563061,0.6041205,0.43358588,0.52333647,0.47164318,0.47745255,0.32188407,0.4349722,0.39479968,0.4153589,0.63725317,0.5372074,0.22396058,0.19081184,0.56248605,0.5091141,0.15922637,-0.09133646,0.5357735,0.5210916,0.4694191,0.31875998,0.467138,0.18756287,0.27654555,0.43744433,0.50939107,0.4701125,0.58487034,0.48863465,0.48942205,0.112348765,0.42409027,0.29048222,0.4151387,0.39726415,0.3681702,0.5034661,0.08620825,0.5027264,0.627833,0.5472676,0.4028982,0.39326125,0.54104465,0.41424614
0.18603985,0.26986566,0.47491673,0.39489242,1.0,0.4323279,0.44385758,0.38582826,0.6175446,0.39349085,0.4436251,0.3955218,0.30927148,0.34702903,0.5157746,0.47644168,0.4412594,0.30186185,0.34332284,0.1810623,0.28436792,0.45923907,0.3638667,0.43025547,0.19894393,0.26595166,0.6235327,0.5462676,0.5532721,0.34474856,0.43064943,0.42983508,0.37390926,0.45372662,0.31673303,0.2556164,0.33419168,0.33851036,0.52360296,0.47332358,0.42220888,0.45672718,0.20297849,0.3165179,-0.059428494,0.0145687265,0.4951427,0.45550078,0.030660763,0.17877533,0.016050555,0.19500574,0.24181688,-0.12708288,0.46527028,0.44049045,0.15709129,0.22649843,-0.16085352,-0.24698462,-0.06335427,-0.17685299,0.05505802,0.0022041658,-0.11013786,-0.07941017,0.10589026,0.043699402,-0.16300352,-0.17117363,0.18791896,0.22851796,0.1418959,0.27697745,0.20605071,0.21667811,0.21743347,0.10377736,0.20398077,0.13335398,0.49801746,0.4114861,0.36783186,0.30530697,0.37779203,0.37030607,0.48057237,0.23892155,0.5339829,0.51663125,0.41680863,0.46949506,0.14231488,0.4718011,0.40300828,0.29278007,0.37704805,0.40113777,0.5167914,0.5231028,0.33385456,0.3868352,0.27594435,0.4493686,0.33335397,0.41111487,0.22421332,0.29888377,0.067132406,0.28301197,0.41082743,0.3946918,0.41341376,0.36553735,0.49470243,0.46677995
-0.14598899,-0.21788365,0.43546003,0.3554078,0.4323279,1.0,0.22767185,0.29083738,0.19884072,0.27222648,0.1256128,0.03901291,-0.014134463,0.16454872,0.5542599,0.8086974,-0.046926737,0.05519154,0.37648612,-0.14949267,0.09235834,-0.062224146,0.5249249,0.5577459,0.6221705,0.7651364,0.36594832,0.6642418,0.13538009,0.10918284,0.45104647,0.5227413,0.3551952,0.3323326,0.046836704,0.31518385,0.28805885,0.2940599,0.45334294,0.41130918,0.46557698,0.60953337,-0.057448503,0.07398246,-0.34029084,-0.24249345,0.4861915,0.61414254,-0.33434215,0.11242493,-0.2322889,-0.11129788,0.46115035,-0.2849533,0.4854652,0.53843,-0.13876824,-0.2870605,-0.5580025,-0.6764144,-0.5327791,-0.5914361,-0.17670202,-0.35408467,-0.20067495,-0.48391595,-0.38854918,-0.3633216,-0.64644337,-0.61782616,-0.017229509,0.046469793,-0.1649586,0.24878675,0.3980118,0.15896474,0.005991585,0.08879513,-0.006346229,-0.21418062,0.27941713,-0.07360054,0.8407117,0.71559024,0.6165898,0.041419275,0.5351911,0.35789904,0.63692015,0.1338153,0.75531167,0.6616783,0.37110287,0.5146027,0.24597737,0.30117118,0.26334032,0.464071,0.46269926,0.6278377,0.39343253,0.399368,0.6829064,0.7946873,0.6039791,0.50587857,-0.056599233,0.21306193,-0.38922524,0.29658374,0.39384112,0.34833404,0.582743,0.6273446,0.63128066,0.042417046
0.39954486,0.3046442,0.65307826,0.71309626,0.44385758,0.22767185,1.0,0.7475157,0.562202,0.45809266,0.627803,0.5038947,0.5627756,0.4714217,0.57784134,0.39157054,0.5318675,0.4642854,0.56265104,0.40560022,0.28345355,0.33751157,0.6975001,0.47536424,0.013207055,0.07745216,0.25428003,0.2766686,0.64897156,0.5624347,0.50126696,0.58881694,0.538129,0.49459136,0.5812515,0.47511244,0.6588045,0.63106215,0.68118936,0.6000273,0.4050564,0.40589234,0.5924782,0.46642205,0.0067065232,0.030818293,0.5596158,0.4316834,-0.119247295,-0.049913082,0.18098454,-0.0034091335,0.28174683,0.07549539,0.57755977,0.5103109,0.3730763,0.17825125,-0.13705224,-0.1481306,-0.043316174,-0.2398381,0.38299054,-0.053345416,0.10503784,-0.15406628,0.28825057,0.24949399,-0.010636598,-0.007827716,0.6636124,0.6344532,0.55621266,0.58530444,0.4819838,0.5687119,0.5763308,0.5418213,0.52539796,0.4639749,0.8185708,0.59978133,0.118631914,0.12868796,0.634551,0.5384567,0.12949358,0.056191962,0.49287862,0.6367131,0.38803104,0.28993222,0.40573102,0.19083564,0.43543318,0.51881033,0.6438451,0.49893656,0.6580228,0.46847722,0.4861879,0.19506925,0.31819376,0.27001578,0.35686684,0.4365124,0.4169698,0.58766824,0.31394938,0.6553206,0.63819456,0.50725293,0.34296688,0.3552443,0.5384992,0.5125649
0.29449725,0.2637141,0.610059,0.74680597,0.38582826,0.29083738,0.7475157,1.0,0.4914158,0.36450103,0.5504111,0.55577886,0.45669118,0.60471445,0.5752186,0.45719898,0.5069142,0.5287617,0.42254516,0.3321528,0.34939685,0.37181294,0.59580976,0.5695206,0.091622554,0.1922997,0.19691096,0.3162767,0.61144036,0.47434452,0.55965656,0.6507258,0.56367046,0.5887731,0.55612814,0.54867893,0.6971955,0.6446344,0.6910035,0.66145843,0.48915753,0.5411664,0.48918536,0.5312951,-0.16962868,-0.07190513,0.6518119,0.6221197,-0.24925092,-0.10139438,0.050870232,-0.06519282,0.357641,0.044021305,0.64195764,0.6610302,0.31478003,0.09208469,-0.2944439,-0.34634152,-0.18219559,-0.39465502,0.2667455,-0.12232048,-0.114380464,-0.24808753,0.13675274,0.20831217,-0.17938021,-0.15696697,0.58009535,0.571234,0.49908617,0.49030605,0.5339265,0.5360528,0.42355508,0.48158744,0.43669283,0.41431707,0.72088593,0.6434349,0.22164916,0.26213527,0.56431985,0.5874605,0.13929915,-0.092230394,0.60704595,0.6059635,0.45625782,0.39875185,0.49257973,0.26471546,0.33272284,0.48045817,0.6759205,0.6144216,0.66611665,0.5649401,0.55251396,0.23216614,0.44998354,0.3684577,0.47213447,0.49332923,0.3810331,0.482341,0.20722082,0.6565374,0.75454336,0.5696282,0.5083362,0.51282686,0.6166872,0.49810088
0.41447553,0.38734198,0.45611677,0.510678,0.6175446,0.19884072,0.562202,0.4914158,1.0,0.61804944,0.37279436,0.39638832,0.38870764,0.30863726,0.6648255,0.40600675,0.44783705,0.3046358,0.50895584,0.43007505,0.5096692,0.643917,0.3713989,0.32380742,-0.1201098,-0.022075485,0.3817737,0.2722143,0.52939856,0.36494794,0.24438685,0.3563182,0.48414364,0.47543654,0.40307128,0.23863652,0.42201385,0.37774473,0.6180909,0.5364414,0.53135747,0.4658133,0.49905223,0.41105917,0.21965693,0.21792275,0.4147042,0.29475695,0.23153561,-0.029859835,0.2855383,0.29833418,0.19731393,0.020661158,0.5013872,0.45994434,0.3375682,0.34299532,0.060994565,-0.03159562,0.19581965,0.026037399,0.23467961,0.12893707,0.050258394,0.18289776,0.35379103,0.32254824,0.15118916,0.1467216,0.44903314,0.43885604,0.4447472,0.31123507,0.2591156,0.32728213,0.16893849,0.11969049,0.20246683,0.29739973,0.5856907,0.52391416,0.06483726,0.056638353,0.40224224,0.56347096,0.16937928,-0.050946858,0.47855783,0.629165,0.24957803,0.24151322,0.27180207,0.09657126,0.40182602,0.39736125,0.5244317,0.46774477,0.5520038,0.4538186,0.21205397,-0.037097517,0.14398335,0.1882683,0.17962976,0.35800102,0.45130298,0.4767971,0.29973558,0.4305043,0.44378334,0.42074335,0.31694758,0.3075713,0.47300723,0.5883434
0.3663935,0.22340465,0.2038482,0.487238,0.39349085,0.27222648,0.45809266,0.36450103,0.61804944,1.0,0.29419038,0.2432347,0.31710395,0.025622433,0.5654031,0.28864297,0.30195704,0.17921321,0.50378835,0.35233277,0.55463976,0.45883197,0.43085417,0.10998823,-0.27319378,-0.051360436,0.44356242,0.31420574,0.24610475,0.24433304,0.34739253,0.3072094,0.34753352,0.24478735,0.3218835,0.23765935,0.35009202,0.34438825,0.47656485,0.48083127,0.39388618,0.33689138,0.5566585,0.49095148,0.27115297,0.3038677,0.29183552,0.2226685,0.32088715,0.11645755,0.5255147,0.13135843,0.25269887,0.02037527,0.32606158,0.32992372,0.43235624,0.12136091,0.16190013,0.071851134,0.17383306,0.0032501004,0.29336596,-0.0626095,0.31289682,0.084458396,0.2924692,0.34750178,0.15797013,0.18515441,0.5133605,0.4571954,0.28159454,0.36092433,0.16219203,0.22214492,0.10921555,0.21785587,0.2595835,0.23519558,0.55235344,0.25822884,0.028497735,-0.17590739,0.46238905,0.2718528,0.16266097,-0.102502264,0.32416272,0.37105536,0.18755382,-0.011460754,0.30973783,-0.07567811,0.18239686,0.28207392,0.3263414,0.32615313,0.3380941,0.23434871,0.1413332,-0.23180014,0.024798265,0.028290737,0.022683011,0.05427023,0.48046952,0.40155542,0.112716906,0.33471063,0.36039546,0.27599275,0.036212467,0.181159,0.40729174,0.4712729
0.504499,0.4367603,0.46337414,0.48199746,0.4436251,0.1256128,0.627803,0.5504111,0.37279436,0.29419038,1.0,0.8500163,0.7077938,0.71352524,0.3302876,0.20451558,0.81768185,0.8138952,0.36515537,0.38366792,0.115502864,0.23660178,0.40969244,0.280132,-0.07577279,-0.09530672,0.28501418,0.1729601,0.7713474,0.7682777,0.4170618,0.45487675,0.51601624,0.5518997,0.5702019,0.52814764,0.49707592,0.5307054,0.51031595,0.5349078,0.11118547,0.18786758,0.33269882,0.4237323,-0.05902862,-0.004270282,0.4848871,0.37831813,-0.11183992,0.012797964,0.12936248,0.06301307,0.25857627,0.1105325,0.521916,0.4428791,0.49740794,0.33480206,-0.124011956,-0.1850805,0.06748083,-0.21340385,0.37429896,0.010197394,0.03350246,-0.1551394,0.26086864,0.30142924,-0.019853901,-0.012280983,0.6103679,0.66450673,0.49499923,0.6259926,0.37087148,0.508754,0.6724377,0.632949,0.72845113,0.719376,0.7082322,0.7280178,-0.01484977,0.027194878,0.38397825,0.42003185,0.24247004,-0.010241392,0.43051836,0.6359876,0.25390002,0.25019652,0.35932794,0.27007946,0.46044046,0.4209748,0.5456587,0.43641946,0.5579919,0.40702134,0.4636189,0.23722859,0.18087716,0.15645528,0.2626534,0.3428774,0.36001727,0.39956453,0.3847472,0.46357414,0.509547,0.58398765,0.35149235,0.19821091,0.3775531,0.4671321
0.55508107,0.54743195,0.405471,0.4765716,0.3955218,0.03901291,0.5038947,0.55577886,0.39638832,0.2432347,0.8500163,1.0,0.61065656,0.7300032,0.27249002,0.136003,0.7879152,0.82937133,0.35728765,0.43451324,0.17352927,0.34442782,0.3054912,0.287932,-0.14862023,-0.15892307,0.2145615,0.09881507,0.70159787,0.6978427,0.31089464,0.31485337,0.5733744,0.6429275,0.60940474,0.5542189,0.41550362,0.4237932,0.39655948,0.4167153,0.08597796,0.16993304,0.30101898,0.5252054,0.005634536,0.025341693,0.37848347,0.33366075,-0.0635184,0.014700977,0.1334074,0.14146557,0.18988207,0.113533296,0.4126419,0.36585218,0.48155576,0.4287395,-0.05601807,-0.16178538,0.11357623,-0.14935036,0.36642152,0.10350742,-0.019718112,-0.060195595,0.30807525,0.38632178,0.0035732202,0.0022439752,0.5258761,0.6256927,0.4903834,0.48858482,0.2765828,0.3989879,0.5233805,0.5115419,0.61201125,0.7522039,0.59926265,0.7997926,-0.07902914,0.010787535,0.269615,0.5216074,0.24411532,-0.12471276,0.3717707,0.58973324,0.13340744,0.17403239,0.3494515,0.23335929,0.32035705,0.2796674,0.45909774,0.35015088,0.42575076,0.30329114,0.34729338,0.13829021,0.124367766,0.082581006,0.189983,0.26345566,0.35749456,0.3387654,0.32265484,0.36796707,0.4533729,0.5261505,0.31817493,0.1549951,0.2751278,0.38007784
0.48114046,0.40445375,0.3116431,0.38377,0.30927148,-0.014134463,0.5627756,0.45669118,0.38870764,0.31710395,0.7077938,0.61065656,1.0,0.7237629,0.39950415,0.019805236,0.64151156,0.64273226,0.33883193,0.48213303,-0.060616337,0.017888969,0.23328032,0.027030718,-0.3439764,-0.32134372,-0.024062399,-0.08425368,0.7276739,0.81898975,0.09080581,0.2804745,0.45438868,0.38527432,0.5641387,0.40412572,0.3819763,0.42056268,0.39898396,0.45831284,-0.059880104,0.06676937,0.40183952,0.38690835,0.24020568,0.26171997,0.2512882,0.12136754,0.15088227,0.08864482,0.2781169,0.13817154,0.2456168,0.24889302,0.4967963,0.3796998,0.5452178,0.38975114,0.18827246,0.07254849,0.3231165,0.05108769,0.45007288,0.22907203,0.12081316,0.1220933,0.4800966,0.4763632,0.26903883,0.24952349,0.6393853,0.60980374,0.6892238,0.6797232,0.45362145,0.54375273,0.6689414,0.59015167,0.6313123,0.5711559,0.574217,0.6878834,-0.2568391,-0.23058337,0.25092638,0.43453076,0.20205194,0.056248058,0.27327555,0.61060864,-0.00993704,-0.071311094,0.45128652,-0.13682027,0.39417723,0.44141078,0.5167407,0.35074392,0.4460599,0.21476051,0.24733879,0.036859065,-0.021194354,-0.10221604,0.18563433,0.17648417,0.6077537,0.39912367,0.53264534,0.45914775,0.39599407,0.41158953,0.14397113,0.012004966,0.18230462,0.460903
0.27408585,0.2864231,0.47272384,0.39771134,0.34702903,0.16454872,0.4714217,0.60471445,0.30863726,0.025622433,0.71352524,0.7300032,0.7237629,1.0,0.37702638,0.27960062,0.6547047,0.75830054,0.1994327,0.28824022,-0.11984349,0.05129257,0.3232904,0.3885834,0.054422755,0.018701557,-0.0013897708,0.074209265,0.77495563,0.76029015,0.27155298,0.43321732,0.51364315,0.5568913,0.5320594,0.51459485,0.52687895,0.53580606,0.47730815,0.53041595,0.10228448,0.28944844,0.16882,0.3091117,-0.14868651,-0.0796602,0.40519255,0.3991918,-0.27412435,-0.0015963721,-0.14860849,-0.012252449,0.32458165,0.06061567,0.58650374,0.5348113,0.2956186,0.22281843,-0.23707551,-0.3326686,-0.051537875,-0.29448318,0.18736872,0.031913824,-0.2325375,-0.18364961,0.13974589,0.1730932,-0.14212665,-0.1620192,0.44807708,0.53055733,0.53952116,0.57572234,0.5486724,0.55810344,0.6417666,0.56599844,0.570132,0.576052,0.4956551,0.7337487,0.065877296,0.22077581,0.26752046,0.45174354,0.279488,0.035844956,0.47397915,0.588146,0.235868,0.28807738,0.38152567,0.2026881,0.366224,0.4113916,0.5294862,0.44360036,0.5295965,0.430285,0.37454322,0.35734263,0.27093363,0.23438446,0.4102004,0.41394153,0.29780433,0.25913835,0.33682412,0.5028814,0.49675536,0.48328516,0.46134418,0.30698732,0.35377258,0.3451934
0.12093291,0.0763319,0.52818865,0.626578,0.5157746,0.5542599,0.57784134,0.5752186,0.6648255,0.5654031,0.3302876,0.27249002,0.39950415,0.37702638,1.0,0.7429741,0.22280575,0.27170154,0.45724592,0.16055216,0.44331118,0.2816457,0.6441968,0.5059931,0.13802792,0.35214773,0.1926802,0.3506558,0.518146,0.44761178,0.4003755,0.6259936,0.5187975,0.42265975,0.2966496,0.36445677,0.66183686,0.61524725,0.77460355,0.76366675,0.63298583,0.72799224,0.40789598,0.3439927,-0.080486424,-0.05181827,0.52263296,0.5390811,-0.11590666,-0.074708566,0.05782301,-0.046721514,0.56513315,-0.00872974,0.74362016,0.74249184,0.16325301,-0.036303878,-0.21139556,-0.34511212,-0.18832675,-0.35508478,0.09096197,-0.18604833,-0.09018828,-0.23848458,0.043221842,0.05503842,-0.22713426,-0.15432826,0.53386986,0.5633212,0.49506745,0.6060712,0.6386557,0.580405,0.3010405,0.38501817,0.27891585,0.19172834,0.59673214,0.32856435,0.42442352,0.3140256,0.6748322,0.30402774,0.22991394,0.013580208,0.72020394,0.5103691,0.6189263,0.49390334,0.47777233,0.113693774,0.4367821,0.5915363,0.6201395,0.6757075,0.73059773,0.69656175,0.3882191,0.074052595,0.45577517,0.4291008,0.5313551,0.5528423,0.32909077,0.59488034,0.14141467,0.6383096,0.580366,0.5454398,0.59927756,0.59314877,0.69547904,0.5334472
-0.15231857,-0.20514658,0.5836167,0.45825675,0.47644168,0.8086974,0.39157054,0.45719898,0.40600675,0.28864297,0.20451558,0.136003,0.019805236,0.27960062,0.7429741,1.0,0.102061965,0.1686844,0.3649737,-0.13720472,0.3251783,0.18867072,0.6721262,0.71047807,0.62652224,0.7748379,0.37090397,0.6207892,0.335508,0.18580118,0.5337114,0.6961401,0.41960815,0.41864392,0.10219971,0.3509041,0.55653465,0.5193545,0.6770854,0.6257408,0.7011602,0.7795682,0.0449959,0.07933025,-0.46203986,-0.39550886,0.57054406,0.6815466,-0.46391824,-0.0925534,-0.31515542,-0.20435353,0.53476536,-0.2886129,0.63886136,0.6818588,-0.14656802,-0.31274897,-0.6170544,-0.69523036,-0.5811143,-0.66923255,-0.21658382,-0.45205668,-0.31061736,-0.54435736,-0.4057366,-0.36900347,-0.6496406,-0.59729594,0.1871259,0.27401987,0.07334011,0.367973,0.5554301,0.3586187,0.14043918,0.21659581,0.11388337,-0.012308828,0.42960578,0.09260057,0.8349631,0.7612652,0.6784416,0.10927027,0.36782593,0.12528086,0.779051,0.24519812,0.8514896,0.8039455,0.316489,0.4993064,0.33504754,0.43125454,0.4079984,0.58517426,0.6518538,0.7769161,0.4738929,0.38525203,0.72949946,0.8029545,0.6512938,0.6746654,-0.11442739,0.35084638,-0.22112961,0.46070138,0.4642097,0.4523264,0.74741375,0.751045,0.7499504,0.22972086
0.567349,0.4877022,0.42245078,0.41902268,0.4412594,-0.046926737,0.5318675,0.5069142,0.44783705,0.30195704,0.81768185,0.7879152,0.64151156,0.6547047,0.22280575,0.102061965,1.0,0.8419511,0.33269534,0.47396335,0.24432981,0.46368954,0.2514686,0.2204986,-0.16980676,-0.21807015,0.34027892,0.10250778,0.7075774,0.6289027,0.27901456,0.3366477,0.49977744,0.60687447,0.66173214,0.5417198,0.38240343,0.38356686,0.4194516,0.42231506,0.17121676,0.1567198,0.32694116,0.39205033,0.03514625,0.07170191,0.3597025,0.20095573,0.030076748,0.02443765,0.16705179,0.1717612,0.108306356,0.112866975,0.37096378,0.27449226,0.5806593,0.43040216,-0.03172201,-0.09808994,0.20730737,-0.091683544,0.41123074,0.13944463,0.024898183,0.023726653,0.35974357,0.42546442,0.12769385,0.098865874,0.56660664,0.61001927,0.45625046,0.43263867,0.24496512,0.38702866,0.5223253,0.43921703,0.6233452,0.72843,0.6258054,0.808675,-0.1311038,-0.054649435,0.16776805,0.48344728,0.16642171,-0.15998156,0.3388591,0.64179456,0.11075317,0.12668519,0.25566924,0.16314897,0.31282127,0.21470848,0.40191153,0.2755648,0.43409878,0.25376368,0.4168386,0.12651475,0.10143638,0.06332032,0.118261226,0.3258847,0.39644045,0.36578476,0.39657837,0.31698304,0.37559205,0.4196257,0.24428286,0.12382721,0.28939486,0.5015352
0.47440755,0.37859732,0.4218528,0.44244877,0.30186185,0.05519154,0.4642854,0.5287617,0.3046358,0.17921321,0.8138952,0.82937133,0.64273226,0.75830054,0.27170154,0.1686844,0.8419511,1.0,0.2957709,0.37387797,0.115652345,0.24438712,0.29097164,0.27086303,-0.085848145,-0.13397852,0.15010029,0.062080633,0.6707752,0.69278884,0.27087376,0.33783218,0.579775,0.6455782,0.6561536,0.6683445,0.42869294,0.45274773,0.41202593,0.45065007,0.14153895,0.24437265,0.24088112,0.39299276,-0.061432388,-0.024459893,0.3666825,0.2968364,-0.10842193,0.018426908,0.04702844,0.047401603,0.25714234,0.12021105,0.43698186,0.3616786,0.52238595,0.3303486,-0.18225414,-0.26509884,0.04532581,-0.2690968,0.41564286,0.0797165,-0.022306055,-0.14917679,0.22424163,0.37023938,-0.061929245,-0.06415651,0.5470933,0.6318605,0.48373944,0.536762,0.38821852,0.4583517,0.5649101,0.56097585,0.6607061,0.77668947,0.5849196,0.78311574,-0.041969966,0.04289031,0.22579412,0.40876028,0.19117634,-0.11474226,0.4244389,0.5996462,0.1751609,0.17931886,0.35874152,0.13396764,0.3381827,0.2922772,0.40730524,0.33430567,0.4384489,0.31008333,0.41329458,0.13617513,0.17903532,0.10450168,0.1979429,0.31024057,0.32512796,0.31835166,0.33577624,0.36160228,0.39755824,0.43688324,0.32975078,0.15589496,0.29318708,0.3723921
0.5937091,0.44181842,0.4871952,0.6262985,0.34332284,0.37648612,0.56265104,0.42254516,0.50895584,0.50378835,0.36515537,0.35728765,0.33883193,0.1994327,0.45724592,0.3649737,0.33269534,0.2957709,1.0,0.68184215,0.27545577,0.23247845,0.42237487,0.3453008,0.029707972,0.12174476,0.28636873,0.33409017,0.30613455,0.2902903,0.21073279,0.33059272,0.7314384,0.6495099,0.54557043,0.45935982,0.17853719,0.1665112,0.3405151,0.24592066,0.27809334,0.29307547,0.45102584,0.44383568,0.2619758,0.21770097,0.345371,0.29511818,0.13787656,0.19396009,0.28574646,0.23701906,0.2333348,0.003701088,0.3075806,0.28045762,0.48379698,0.38433158,-0.038941316,-0.10710397,0.13663739,-0.11959351,0.36954886,0.19258921,0.24360861,0.08623065,0.346451,0.39455187,0.09029654,0.05877713,0.32981777,0.34351727,0.21337743,0.31511366,0.22376373,0.17589694,0.08835456,0.14245635,0.21812448,0.26215708,0.49342078,0.36720744,0.22108759,0.14805883,0.44335344,0.44485855,0.3194872,0.07662941,0.36966333,0.38028544,0.3155906,0.18980858,0.43799156,0.20599033,0.21407725,0.2536862,0.29678503,0.2992897,0.34230867,0.30987504,0.33543694,-0.0071277963,0.3379891,0.26681575,0.20881681,0.2063739,0.34206578,0.29225624,-0.094782084,0.2321266,0.36054018,0.30291805,0.16073154,0.2124362,0.3272935,0.2290615
0.7826865,0.7648578,0.32339907,0.5138797,0.1810623,-0.14949267,0.40560022,0.3321528,0.43007505,0.35233277,0.38366792,0.43451324,0.48213303,0.28824022,0.16055216,-0.13720472,0.47396335,0.37387797,0.68184215,1.0,0.107348405,0.27209547,0.11520134,0.10177248,-0.38466543,-0.39766026,0.046135902,-0.069791436,0.37206328,0.36073804,-0.05752971,0.062117,0.6072805,0.57425886,0.66842747,0.35277486,0.011232061,-0.011099903,0.107171506,0.0616287,-0.017668532,0.0018244605,0.5737831,0.5536436,0.5419641,0.46221215,0.12951976,0.00694745,0.41251025,0.1488276,0.4895186,0.44754982,-0.022128297,0.27623603,0.11574126,0.03382045,0.70912844,0.7520051,0.35793284,0.2911516,0.6283212,0.3211621,0.5609153,0.5966996,0.35315582,0.48515946,0.7635147,0.77999145,0.5791387,0.5381457,0.3648031,0.36750665,0.37954393,0.21581653,0.023147527,0.11501316,0.11924879,0.0980093,0.23949032,0.44269648,0.31657672,0.56469536,-0.3241938,-0.26506254,0.03261203,0.5665417,0.113422856,-0.08179632,0.044359725,0.4329357,-0.12943149,-0.21985808,0.32888156,-0.09760231,0.04254169,0.09454291,0.22801714,0.06759498,0.12386979,-0.02839837,0.19539514,-0.14344975,0.015281455,-0.18264508,0.03381542,0.013643984,0.5950318,0.23304397,0.18889412,0.10757755,0.26940864,0.24225622,-0.13937484,-0.09104746,0.036819197,0.28656173
0.17157234,0.101255655,0.16801745,0.38555214,0.28436792,0.09235834,0.28345355,0.34939685,0.5096692,0.55463976,0.115502864,0.17352927,-0.060616337,-0.11984349,0.44331118,0.3251783,0.24432981,0.115652345,0.27545577,0.107348405,1.0,0.68640107,0.29203647,0.19502078,-0.1367172,0.07982453,0.43159774,0.26115793,0.15517531,-0.020375317,0.3098271,0.28957587,0.2111776,0.22523469,0.10950647,0.17807625,0.39279652,0.33303663,0.4545637,0.422136,0.6105077,0.45599875,0.42101583,0.34073654,-0.022882063,-0.00476774,0.24843344,0.24163269,0.09667552,-0.11465128,0.29568124,0.026192801,0.23176827,-0.033471577,0.24016246,0.2735463,0.21696138,-0.027244668,-0.0031944772,-0.038605306,-0.0422331,-0.12798613,0.13565983,-0.2414757,0.15244053,-0.07144034,0.041549638,0.16968721,0.014307393,0.09402593,0.43620655,0.42153102,0.21236178,0.15910156,0.1475547,0.206926,-0.07011099,0.12703438,0.14807928,0.20556311,0.44573596,0.17960756,0.11598616,-0.03971602,0.3324283,0.11356092,-0.1666669,-0.45856348,0.3771034,0.17589112,0.27064827,0.14848392,0.10769163,-0.031959515,0.08096586,0.1382755,0.22751144,0.30359876,0.3071265,0.28594348,0.14164269,-0.29348418,0.100496516,0.06452446,-0.028823052,0.14388968,0.09366098,0.3907053,0.09625149,0.27087635,0.26806805,0.29672706,0.25522986,0.336106,0.39689237,0.44161803
0.30826557,0.32324502,0.28951517,0.32698545,0.45923907,-0.062224146,0.33751157,0.37181294,0.643917,0.45883197,0.23660178,0.34442782,0.017888969,0.05129257,0.2816457,0.18867072,0.46368954,0.24438712,0.23247845,0.27209547,0.68640107,1.0,0.21741302,0.29511026,-0.116903566,-0.04854396,0.5233847,0.26780465,0.32649237,0.03601911,0.3152842,0.25118104,0.24547857,0.37914515,0.34044078,0.21054536,0.2882434,0.21733679,0.37644196,0.2893857,0.53014964,0.33367458,0.3412691,0.34407768,0.057699647,0.029315177,0.21531156,0.10468789,0.16149071,-0.072745785,0.18792574,0.25518024,-0.01866005,0.021042753,0.13725139,0.13029292,0.23113833,0.24048153,0.028898697,-0.0029592426,0.11972991,0.034155726,0.16432561,0.03486254,0.01034517,0.12654904,0.23687942,0.26171187,0.116756886,0.099158034,0.3383049,0.34253907,0.20565096,-0.0023364713,-0.012721952,0.06408034,-0.041471016,-0.057824597,0.083320975,0.29435715,0.3707017,0.41340017,-0.0069391257,-0.0027007747,0.07982503,0.40296292,-0.05112097,-0.29652196,0.23381867,0.3787585,0.09671556,0.1603394,0.01884302,0.16942693,0.06642563,0.0010050936,0.24098098,0.15487705,0.24842256,0.1613303,0.20720652,-0.07731086,0.083454356,0.100228675,0.012269363,0.2806124,0.24478506,0.32052103,0.18616626,0.2037553,0.26434988,0.26650733,0.1952274,0.25448567,0.3314224,0.4688003
0.0768146,-0.006495855,0.6903881,0.70765454,0.3638667,0.5249249,0.6975001,0.59580976,0.3713989,0.43085417,0.40969244,0.3054912,0.23328032,0.3232904,0.6441968,0.6721262,0.2514686,0.29097164,0.42237487,0.11520134,0.29203647,0.21741302,1.0,0.7409271,0.31384626,0.4504638,0.27534533,0.4624545,0.4314096,0.36669716,0.62378246,0.6947607,0.4554559,0.4147945,0.37388018,0.43975145,0.6414756,0.6437472,0.6202484,0.59434783,0.5508814,0.609644,0.404504,0.41447118,-0.2009873,-0.2500789,0.48375136,0.55041367,-0.33668798,-0.1059289,-0.090657234,-0.20011729,0.45098612,-0.05870144,0.50182813,0.5057765,0.08183621,-0.15664314,-0.3700313,-0.41491038,-0.35976893,-0.50288534,0.09421351,-0.33525777,-0.0579892,-0.4454414,-0.07329909,-0.03211128,-0.35866624,-0.3172817,0.51059115,0.55958474,0.30582926,0.5379569,0.52293,0.4687859,0.42458484,0.5074766,0.36010972,0.29916695,0.6028325,0.2872552,0.48365286,0.41604874,0.6726739,0.2315887,0.18746848,0.024989184,0.52677375,0.26795557,0.5957679,0.46535042,0.30475235,0.27245164,0.21334226,0.38577998,0.39198014,0.37647548,0.54544324,0.50173044,0.46787,0.27888265,0.5141769,0.47995874,0.5087899,0.48501554,0.084526464,0.48684686,-0.042577863,0.53145915,0.5087241,0.4765453,0.49669713,0.5312976,0.6006405,0.24546446
-0.0077358563,0.040402863,0.7154335,0.5894425,0.43025547,0.5577459,0.47536424,0.5695206,0.32380742,0.10998823,0.280132,0.287932,0.027030718,0.3885834,0.5059931,0.71047807,0.2204986,0.27086303,0.3453008,0.10177248,0.19502078,0.29511026,0.7409271,1.0,0.5564016,0.6200248,0.28568566,0.54846865,0.40571743,0.16706951,0.52768975,0.60253215,0.47552615,0.5599556,0.3658321,0.43628576,0.46782923,0.42160934,0.46754646,0.4078116,0.5920288,0.69230187,0.17019992,0.30513963,-0.34762317,-0.37219012,0.42409787,0.57149017,-0.44275045,-0.14474535,-0.39881682,-0.09111739,0.3084754,-0.16538054,0.40914494,0.41924697,-0.07149511,-0.060167704,-0.5546921,-0.6189502,-0.45290914,-0.5581865,-0.08855245,-0.20951785,-0.366587,-0.42139447,-0.17407604,-0.15612137,-0.49921644,-0.51168764,0.1646381,0.29242307,0.09352611,0.24015073,0.41407818,0.28798267,0.18996839,0.19829698,0.113769874,0.12431548,0.33485577,0.28028047,0.63885415,0.70316607,0.4108152,0.29215732,0.27086592,0.102002375,0.5447466,0.2509272,0.62007326,0.640329,0.20180225,0.53851783,0.07351263,0.17364316,0.24591675,0.27222744,0.43897095,0.5165238,0.49418136,0.48946536,0.68363744,0.682697,0.58997947,0.6230233,-0.06952734,0.3041078,-0.27225274,0.32968932,0.43220213,0.4072081,0.6350501,0.6621426,0.593393,0.112824745
-0.37002078,-0.34598795,0.38103586,0.028392505,0.19894393,0.6221705,0.013207055,0.091622554,-0.1201098,-0.27319378,-0.07577279,-0.14862023,-0.3439764,0.054422755,0.13802792,0.62652224,-0.16980676,-0.085848145,0.029707972,-0.38466543,-0.1367172,-0.116903566,0.31384626,0.5564016,1.0,0.833666,0.22854467,0.55800664,-0.0200673,-0.17620403,0.34109426,0.38333762,0.058818284,0.15037328,-0.16070099,0.02813887,0.13228603,0.10803026,0.18464741,0.09222353,0.36005783,0.39462504,-0.34208357,-0.2665212,-0.5836663,-0.52451354,0.3133972,0.45079976,-0.6225646,-0.047984388,-0.6251953,-0.33017927,0.18642867,-0.3477263,0.18165106,0.2563081,-0.44400617,-0.37141693,-0.7294769,-0.6679546,-0.6984906,-0.5955849,-0.44374776,-0.3821605,-0.43247563,-0.5368333,-0.6103928,-0.65630174,-0.7108492,-0.7210368,-0.35408366,-0.2557075,-0.3713244,-0.1106726,0.20451288,-0.054272983,-0.07561168,-0.11048691,-0.19784456,-0.3163257,-0.016576018,-0.23831642,0.81314164,0.8524066,0.2525045,-0.12504815,0.28704056,0.37991017,0.38497403,-0.114221394,0.6359282,0.7433586,-0.05325876,0.66316503,0.10652554,0.05375376,0.014764024,0.17620383,0.22626612,0.44662043,0.30861136,0.58596706,0.6391346,0.78221774,0.47983986,0.46387443,-0.49242404,-0.14227445,-0.46633008,0.0122395465,0.11378917,0.064362176,0.48848465,0.5015865,0.36993474,-0.23495549
-0.42174223,-0.41805515,0.3890344,0.15837282,0.26595166,0.7651364,0.07745216,0.1922997,-0.022075485,-0.051360436,-0.09530672,-0.15892307,-0.32134372,0.018701557,0.35214773,0.7748379,-0.21807015,-0.13397852,0.12174476,-0.39766026,0.07982453,-0.04854396,0.4504638,0.6200248,0.833666,1.0,0.29946855,0.6547985,-0.009085269,-0.17388918,0.45099482,0.5039152,0.10477955,0.15132102,-0.18254131,0.10212033,0.26443112,0.24317555,0.3174843,0.26351264,0.4998435,0.56295365,-0.27032986,-0.16945541,-0.60768527,-0.49781203,0.36744943,0.54989064,-0.59810114,-0.056866493,-0.53008294,-0.3619555,0.3984558,-0.4058318,0.30894873,0.40214506,-0.42372185,-0.4991393,-0.7217514,-0.73123175,-0.75562876,-0.69307715,-0.4461201,-0.5174936,-0.40997118,-0.627019,-0.6601483,-0.6426314,-0.78102607,-0.7549552,-0.21082114,-0.13160254,-0.34045544,0.022769213,0.30292714,0.062049445,-0.08993444,-0.0260931,-0.14101735,-0.35339984,0.06360873,-0.27068508,0.9112685,0.855369,0.4162196,-0.15714726,0.31954962,0.2653846,0.5151909,-0.11441077,0.7505894,0.760311,0.08980614,0.6067216,0.09312585,0.15739211,0.07462917,0.30499026,0.31446725,0.55805606,0.33648738,0.49026218,0.7119149,0.84052956,0.55929196,0.51195496,-0.41996014,0.03155183,-0.5092824,0.13239674,0.19253197,0.16119267,0.58745956,0.6329163,0.52432835,-0.10099805
0.10518408,0.08076459,0.32899305,0.21762826,0.6235327,0.36594832,0.25428003,0.19691096,0.3817737,0.44356242,0.28501418,0.2145615,-0.024062399,-0.0013897708,0.1926802,0.37090397,0.34027892,0.15010029,0.28636873,0.046135902,0.43159774,0.5233847,0.27534533,0.28568566,0.22854467,0.29946855,1.0,0.7150303,0.23259088,0.028087446,0.43575,0.30105564,0.12211453,0.23317294,0.09089345,0.120304294,0.15359454,0.20074882,0.34397298,0.29929182,0.3890997,0.29987678,0.06814918,0.16551918,-0.13419539,-0.010194159,0.33791503,0.32043198,0.034526344,0.21575499,0.09706506,0.09143307,0.051812693,-0.23367868,0.17880316,0.20540318,0.10405134,0.02952416,-0.20493348,-0.15797606,-0.1294251,-0.17082912,0.019227972,-0.17855604,0.093215875,-0.10474308,-0.10796659,-0.06923478,-0.17653914,-0.2074822,0.05243527,0.06800251,-0.20540835,0.03603712,-0.08543608,-0.042696737,-0.01417869,-0.040095653,0.095458694,0.03409636,0.37797087,0.12805645,0.3855737,0.23879227,0.2760018,0.081476666,0.37482557,0.11503442,0.36001405,0.21067254,0.32387823,0.35422269,-0.03514783,0.44526312,0.17567974,0.091942675,0.07760758,0.18426104,0.23790047,0.31394196,0.2604364,0.3258583,0.18559535,0.43894634,0.11311587,0.23553644,0.018079646,0.14793096,-0.072487704,0.036191434,0.15566498,0.17301407,0.1618395,0.24644326,0.38396236,0.29000434
-0.1127876,-0.12276037,0.45329475,0.34308985,0.5462676,0.6642418,0.2766686,0.3162767,0.2722143,0.31420574,0.1729601,0.09881507,-0.08425368,0.074209265,0.3506558,0.6207892,0.10250778,0.062080633,0.33409017,-0.069791436,0.26115793,0.26780465,0.4624545,0.54846865,0.55800664,0.6547985,0.7150303,1.0,0.18933481,0.016013907,0.5257486,0.48557198,0.19114791,0.2522299,0.045984287,0.13700448,0.25958467,0.30633464,0.41595125,0.36846015,0.48967883,0.51086444,0.0027689438,0.11901005,-0.35242686,-0.18843983,0.44622824,0.54005045,-0.25047252,0.07871784,-0.13153137,-0.11453706,0.24369523,-0.2737749,0.31350017,0.40810382,-0.12725094,-0.22144847,-0.47527483,-0.45287725,-0.43525887,-0.45746732,-0.20387368,-0.36605757,-0.17537263,-0.37970734,-0.34323072,-0.32216492,-0.48383248,-0.4933112,-0.046455283,-0.011459562,-0.2765861,0.097980835,0.102845654,-7.826015e-06,-0.010288404,0.024880432,0.06330091,-0.10497849,0.34898844,0.007161031,0.69262457,0.5790281,0.43487498,0.076993674,0.429477,0.26298475,0.5056924,0.15867877,0.58787394,0.6197414,0.094859615,0.60543925,0.18350379,0.2155013,0.14117226,0.32348728,0.32617158,0.5054027,0.36439803,0.49561098,0.49671257,0.7042871,0.42873392,0.3846687,-0.11077591,0.07818038,-0.24958892,0.14434266,0.28428897,0.23666199,0.37585834,0.498651,0.5502963,0.23038423
0.33338785,0.36078218,0.5208804,0.5067914,0.5532721,0.13538009,0.64897156,0.61144036,0.52939856,0.24610475,0.7713474,0.70159787,0.7276739,0.77495563,0.518146,0.335508,0.7075774,0.6707752,0.30613455,0.37206328,0.15517531,0.32649237,0.4314096,0.40571743,-0.0200673,-0.009085269,0.23259088,0.18933481,1.0,0.80037963,0.397871,0.562228,0.5188322,0.5395983,0.55933595,0.47290164,0.6308219,0.64217997,0.637902,0.652799,0.23817788,0.3487319,0.36356956,0.36722624,-0.091760375,-0.05048113,0.4812192,0.38050458,-0.14900115,-0.0564871,0.061664466,0.071920514,0.3916564,0.16667895,0.6589598,0.55749154,0.3238383,0.2855265,-0.112804234,-0.19056144,0.05126027,-0.19156615,0.24560802,0.010286988,-0.12045739,-0.14058252,0.26385614,0.24406081,-0.012986646,0.0026092697,0.6373509,0.67736936,0.67546666,0.71174365,0.56843567,0.6597978,0.7246199,0.620107,0.655507,0.631447,0.65627706,0.7751907,0.029078268,0.13204108,0.36273685,0.5180361,0.22335507,-0.0146572245,0.50110006,0.6913772,0.29304177,0.35854152,0.29231325,0.25250003,0.47759712,0.5070918,0.62357664,0.5051189,0.65233374,0.5056589,0.44262403,0.3305126,0.24752778,0.21712741,0.41818786,0.48539063,0.38738647,0.41702285,0.4975519,0.6077351,0.5387387,0.6040659,0.46295014,0.2827308,0.43421134,0.56899565
0.36880398,0.337842,0.36098948,0.4305995,0.34474856,0.10918284,0.5624347,0.47434452,0.36494794,0.24433304,0.7682777,0.6978427,0.81898975,0.76029015,0.44761178,0.18580118,0.6289027,0.69278884,0.2902903,0.36073804,-0.020375317,0.03601911,0.36669716,0.16706951,-0.17620403,-0.17388918,0.028087446,0.016013907,0.80037963,1.0,0.23767315,0.39025345,0.468863,0.39638293,0.49925408,0.44314215,0.5284254,0.60001373,0.5331164,0.5791358,-0.0077258046,0.16606943,0.30658025,0.33128867,0.04414783,0.04871421,0.36315855,0.2585188,-0.053720113,-0.038174313,0.20050155,0.029178604,0.38127425,0.2330622,0.5985847,0.5144974,0.38129148,0.26132527,0.004911539,-0.06155307,0.15012911,-0.101936705,0.32060924,0.031381845,0.043654528,-0.09580581,0.2922577,0.30931237,0.06898178,0.08610243,0.65242064,0.6821462,0.67060775,0.79844415,0.51465684,0.6412822,0.7727073,0.7290478,0.7374528,0.6851081,0.6091047,0.7025173,-0.10354442,-0.04641638,0.40220457,0.4219593,0.2607131,0.030283995,0.38682097,0.6015465,0.18244292,0.14614767,0.39159757,0.007938727,0.5158358,0.5581745,0.59402966,0.4832649,0.56563544,0.38087213,0.3547133,0.16795237,0.107354544,0.029519042,0.36307934,0.29874846,0.4474907,0.39573923,0.57430226,0.5996287,0.4490758,0.54584354,0.31730172,0.1344366,0.29651204,0.4998255
-0.07981197,-0.10398651,0.44991645,0.43751138,0.43064943,0.45104647,0.50126696,0.55965656,0.24438685,0.34739253,0.4170618,0.31089464,0.09080581,0.27155298,0.4003755,0.5337114,0.27901456,0.27087376,0.21073279,-0.05752971,0.3098271,0.3152842,0.62378246,0.52768975,0.34109426,0.45099482,0.43575,0.5257486,0.397871,0.23767315,1.0,0.7407905,0.29080287,0.3269673,0.25075674,0.40452436,0.6141963,0.60954684,0.56950444,0.5799479,0.45590374,0.48534498,0.17251208,0.2574796,-0.46398383,-0.39585546,0.5661836,0.5796958,-0.42198476,-0.03778171,-0.12592532,-0.25506055,0.35931987,-0.105522566,0.46560022,0.51585996,-0.07252638,-0.24998632,-0.47586372,-0.4826739,-0.45797154,-0.5605379,-0.0055651944,-0.4608647,-0.13285127,-0.52802384,-0.23268858,-0.17253658,-0.47406277,-0.4242308,0.40688708,0.4224148,0.12769432,0.36534208,0.38761112,0.31616047,0.38276625,0.41232207,0.35300666,0.23605761,0.53259414,0.23665944,0.4390986,0.3812046,0.5241523,0.16131943,0.18903102,0.032870658,0.48253,0.2764671,0.5468081,0.5058213,0.23787262,0.49791712,0.24085297,0.32593015,0.4340989,0.46717548,0.49222326,0.49641758,0.49500188,0.38717443,0.45795193,0.5136747,0.4398337,0.4502161,0.026123114,0.25363302,-0.04091598,0.5003822,0.57210803,0.4683336,0.49694324,0.5410738,0.62928194,0.3356377
