1.0,0.74589294,0.8094619,0.7778667,-0.3521325,0.38435987,0.7096311,0.77168214,-0.07630407,0.2614179,0.8328468,0.86195034,0.7949985,0.6391778,0.55983734,0.47785,0.78948104,0.6585368,0.886907,0.85626954,0.5760425,0.3074689,0.68422675,0.70195454,0.022937426,0.27518427,0.027788853,0.1835446,0.68713844,0.6188332,0.56264246,0.6701373,0.8309707,0.78807545,0.65124613,0.57939893,0.67220694,0.71455705,0.5754409,0.5789702,0.5526253,0.18811385,0.7285702,0.7321903,0.5750244,0.4624359,0.70612925,0.6687833,0.14337973,0.07048461,0.22696032,0.02223348,0.29429302,0.023229474,0.72475296,0.6699326,0.9297104,0.43595582,-0.3087533,-0.07385738,0.6377647,-0.016848681,0.7759075,0.13816164,0.4638833,-0.17712706,0.75795424,0.7935578,0.7695294,0.6769991,0.5617136,0.67015123,0.6632281,0.7401538,0.50863004,0.5310735,0.51957387,0.57988405,0.68006533,0.7040394,0.7047991,0.40589708,0.31767657,0.11399752,0.5381785,0.20791566,0.18374197,-0.19746745,0.42775586,0.3250781,0.31718394,-0.14522426,0.3660168,0.19189528,0.6514427,0.74057466,0.77291375,0.7259956,0.60170007,0.3292706,0.2383686,0.29157186,0.3318678,0.14275663,0.36195937,0.3117398,0.41836125,0.4237486,0.49251106,0.5030549,0.6321435,0.31577015,0.17003216,-0.18199645,0.16070639,0.18407503
0.74589294,1.0,0.6820582,0.78188163,-0.35437807,0.014651501,0.5311,0.766688,0.13881706,0.35574102,0.744722,0.8082027,0.5919047,0.77040154,0.35675824,0.3030489,0.5605428,0.72843325,0.76880723,0.7365267,0.36539137,0.064632766,0.52241266,0.55016077,-0.15527618,-0.111875124,-0.032283276,-0.09805857,0.58192587,0.49329922,0.42734465,0.5353489,0.61838156,0.71138495,0.56399834,0.5199026,0.51493186,0.5989117,0.5052567,0.56725526,0.24136204,0.1547465,0.7284419,0.7756709,0.6623348,0.46144205,0.666139,0.6632968,0.29403034,0.17237067,0.20741656,0.21038999,0.07870508,0.07211919,0.46387792,0.6119764,0.668567,0.81544346,-0.18777187,0.14159124,0.4953561,0.4435914,0.43597475,0.5888477,0.41720748,0.17224947,0.77508974,0.73886883,0.8594549,0.6908991,0.48212224,0.6350339,0.5401341,0.5935574,0.42192626,0.550972,0.5220964,0.52547544,0.65018505,0.6557185,0.3288346,0.62002444,-0.15665707,0.016795876,0.033139016,0.4950756,0.01583064,-0.023800848,0.043740507,0.43619975,0.02864134,-0.1249987,0.2000429,0.11331195,0.5528608,0.6806133,0.6646156,0.59611565,0.29909942,0.2627865,-0.011188925,0.26808158,-0.035209913,0.015784737,0.047470607,0.0121543305,0.29169178,0.3749437,0.5126176,0.43460715,0.6246458,0.42607495,0.17574263,-0.22696933,-0.08339864,-0.050926127
0.8094619,0.6820582,1.0,0.8756063,-0.30348793,0.45111722,0.82590747,0.80257505,-0.004755366,0.35569414,0.7562168,0.7870235,0.7999836,0.5964368,0.6909853,0.6924101,0.84931093,0.6985456,0.8431479,0.8533879,0.63816124,0.5199142,0.86876386,0.845497,0.072132654,0.37706724,-0.0811027,0.34751216,0.77458733,0.75295436,0.7398874,0.82020557,0.8873756,0.84097934,0.7783184,0.7759839,0.6364546,0.7073288,0.54569924,0.56182,0.5491656,0.33647227,0.73655987,0.7527347,0.63049513,0.42972103,0.7324766,0.72627014,0.2564365,0.08672475,0.34606555,0.11435884,0.3124319,0.10173139,0.7157964,0.7461751,0.755607,0.38660577,-0.36939117,-0.16061784,0.4549645,0.041170094,0.57893133,0.14657892,0.41449243,-0.16148387,0.69257987,0.7933588,0.7101684,0.62076133,0.67978436,0.7363496,0.7431652,0.75863063,0.60440505,0.59116125,0.6252845,0.6432789,0.75315344,0.81688344,0.7529378,0.6464556,0.36630264,0.33639082,0.5396148,0.44600663,0.07543637,-0.25272796,0.36685073,0.39078906,0.35058948,-0.075567804,0.40300152,0.3120835,0.6051239,0.7501202,0.76317966,0.7402145,0.66663414,0.482682,0.28764606,0.33467135,0.43115216,0.33495942,0.5434949,0.49072382,0.55467284,0.61495185,0.5340301,0.5505497,0.6693888,0.5025824,0.076910906,-0.1835404,0.3113011,0.311067
0.7778667,0.78188163,0.8756063,1.0,-0.3328038,0.30880627,0.81406605,0.90149784,0.1275197,0.4642281,0.80247337,0.8039917,0.7707041,0.73176306,0.6492696,0.5964696,0.78315175,0.78663224,0.8466621,0.875831,0.61050415,0.4181004,0.79798406,0.8525207,0.04068397,0.18520969,-0.05366298,0.24907336,0.7883493,0.72662836,0.7190082,0.81095237,0.85815334,0.9037607,0.78431493,0.7785483,0.6707542,0.7499529,0.6427043,0.66186285,0.511499,0.3553596,0.75969213,0.7844254,0.671109,0.45193043,0.75183886,0.77015424,0.34039968,0.14864597,0.27716967,0.23544995,0.19728269,0.040406443,0.7120418,0.7861539,0.6952783,0.61116004,-0.38865522,-0.13023707,0.44210067,0.17013003,0.5374963,0.37316862,0.36318573,-0.087398246,0.7795852,0.8653105,0.7972255,0.7507021,0.6872498,0.80103844,0.7566761,0.7662746,0.63758945,0.7028944,0.69833755,0.70398146,0.78273326,0.8230434,0.63125235,0.7444547,0.15332751,0.28252947,0.38337913,0.59584934,0.14078641,-0.10319682,0.357161,0.47127154,0.29702583,-0.0660476,0.43533483,0.22536603,0.68066543,0.8117222,0.81930435,0.76252043,0.62247574,0.5121685,0.2149186,0.28071794,0.31139275,0.25987205,0.4509705,0.357435,0.63616097,0.61779475,0.6637988,0.57530564,0.72961146,0.5796632,0.063125655,-0.17682026,0.13262007,0.28950724
-0.3521325,-0.35437807,-0.30348793,-0.3328038,1.0,-0.19288428,-0.22568664,-0.37075,0.18709053,0.07894682,-0.1963842,-0.30625975,-0.23856851,-0.17674103,-0.10601811,-0.22835198,-0.18022798,-0.14490671,-0.3845626,-0.36872137,-0.051305793,-0.053199492,-0.28097093,-0.2891009,0.10381907,-0.13540229,0.20600618,0.051452238,-0.13482739,-0.15056619,-0.12524799,-0.23167743,-0.27989742,-0.24508058,-0.18689148,-0.10933188,-0.15473585,-0.23379697,-0.11167344,-0.1354424,-0.22692913,-0.14588974,-0.2345458,-0.26444927,-0.2826694,-0.10447573,-0.22156538,-0.234175,0.04864528,0.026347388,0.036928527,-0.16625981,-0.10114168,0.09814078,-0.27784854,-0.2590271,-0.35652372,-0.21023548,0.14085469,0.082248025,-0.16384993,-0.122599445,-0.28258666,-0.14432211,-0.18777636,-0.009507265,-0.26860353,-0.30360562,-0.34452522,-0.32478583,0.022290695,-0.08424439,-0.08348349,-0.16815543,-0.029890763,-0.04765446,-0.030524438,-0.03145299,-0.1618208,-0.17634566,-0.19038343,-0.119083814,-0.082602255,-0.32395196,-0.15721758,-0.11876424,-0.0470135,0.08027616,-0.16605417,-0.016849205,-0.16662738,0.17168726,-0.09649788,0.12490407,-0.17196009,-0.26320592,-0.3370606,-0.29355684,-0.255904,-0.030479806,-0.24430487,-0.21765397,-0.27146778,-0.0006327682,-0.13035253,-0.23992866,-0.20491387,-0.22326733,-0.016889475,-0.04881097,-0.22755106,-0.03875312,-0.123662814,0.04410981,-0.101989724,0.038915675
0.38435987,0.014651501,0.45111722,0.30880627,-0.19288428,1.0,0.43781012,0.30407786,-0.3945791,-0.1904652,0.2786285,0.29435962,0.5144944,0.0067835324,0.5073553,0.72510684,0.507486,0.1375017,0.38058352,0.44620907,0.47852567,0.7124125,0.64690036,0.53389764,0.15325119,0.796307,-0.06911702,0.6613872,0.3924621,0.48407143,0.45153683,0.5066835,0.5410508,0.3208671,0.250845,0.21455881,0.21816392,0.26988468,0.06722769,-0.018455,0.39409363,0.22867666,0.21562696,0.25675827,0.17830504,0.1738798,0.28407884,0.2941283,0.032902062,0.023645496,0.17776158,0.051499408,0.30159843,0.09630071,0.45157972,0.31829152,0.45013872,-0.22015828,-0.37399736,-0.51869756,-0.035059143,-0.54363906,0.33812147,-0.4011287,-0.037057698,-0.36719596,0.021447852,0.28775132,0.051119383,0.17514399,0.2763809,0.21500392,0.2855178,0.33837086,0.17155112,-0.011226493,0.15608734,0.15511344,0.22713701,0.24793816,0.5833739,0.006312601,0.81781363,0.5939685,0.6273928,-0.036516644,0.06788037,-0.14251252,0.43906248,0.089986905,0.353051,0.1544448,0.32616317,0.37918,0.2038005,0.2415664,0.33200106,0.32143834,0.5504009,0.40709144,0.5124072,0.42633826,0.7318781,0.5515434,0.7053266,0.7685853,0.28636295,0.17218688,0.10340027,0.24883401,0.22041413,0.18050954,0.06669744,0.02589603,0.6962906,0.422381
0.7096311,0.5311,0.82590747,0.81406605,-0.22568664,0.43781012,1.0,0.74496317,0.17836404,0.4883258,0.7129033,0.64842767,0.7981939,0.5491311,0.7911608,0.6694431,0.8197786,0.6319745,0.7764075,0.82700926,0.74810594,0.54566306,0.76356196,0.8677454,0.18489502,0.3740775,-0.001264201,0.46792516,0.8093726,0.7336552,0.8094792,0.8239137,0.8565096,0.82443655,0.74479085,0.7472492,0.6907486,0.74739295,0.6271712,0.6795588,0.6187713,0.49781471,0.6362024,0.64632916,0.55446,0.35801682,0.70571893,0.71285576,0.30713624,0.06630112,0.2817024,0.17338833,0.2403322,0.19168761,0.7843003,0.81081563,0.6558537,0.30287457,-0.5520044,-0.3279023,0.3858314,-0.028933112,0.54606307,0.07683809,0.2832308,-0.35783204,0.6427553,0.7889275,0.6091803,0.70547724,0.69153666,0.7439455,0.7999266,0.7883227,0.715336,0.71464586,0.7087246,0.7010032,0.7404586,0.72734296,0.78520274,0.6281347,0.3594794,0.33370075,0.6521703,0.48133716,0.24726023,-0.12064306,0.59879905,0.493522,0.44025874,0.052048083,0.49333805,0.31054267,0.631685,0.79862046,0.81171304,0.8130643,0.74574304,0.6536618,0.33754498,0.24844827,0.44942775,0.42004338,0.6419194,0.5396998,0.7540298,0.7927823,0.66459,0.58364594,0.7093085,0.62047976,-0.08338889,-0.018628137,0.19766572,0.54603493
0.77168214,0.766688,0.80257505,0.90149784,-0.37075,0.30407786,0.74496317,1.0,0.123040505,0.47281507,0.8468523,0.8257143,0.82481724,0.80749625,0.6509133,0.5349051,0.75026673,0.80169517,0.8598281,0.8577111,0.6198634,0.3852915,0.73690623,0.79415685,0.057801675,0.18098007,0.07759462,0.22875999,0.7523986,0.6897805,0.65614533,0.7709834,0.8208623,0.8773287,0.75385004,0.73518944,0.74179304,0.75587547,0.7226802,0.6977645,0.5841019,0.41986835,0.69662327,0.70771843,0.53142554,0.44197533,0.6792395,0.6874337,0.24365163,0.110638455,0.10589784,0.23687139,0.1991428,-0.06307055,0.7434425,0.7368594,0.67359114,0.63577807,-0.39504173,-0.15597382,0.42091018,0.18078326,0.60223365,0.4338705,0.2807667,-0.042280294,0.76493955,0.83498,0.7196391,0.6802445,0.68070924,0.81390345,0.7496317,0.7362839,0.632323,0.6336406,0.6377606,0.644731,0.726635,0.76193196,0.60090154,0.70443934,0.10715975,0.2938514,0.3855877,0.5298771,0.20999633,0.014588391,0.41733223,0.41388223,0.3976875,-0.07749152,0.410311,0.14858255,0.7668228,0.81010276,0.802099,0.72869277,0.6177799,0.39633375,0.3191878,0.23031066,0.31783772,0.13987005,0.3972633,0.3061429,0.6504984,0.54315245,0.67204225,0.53864676,0.6959425,0.49688387,0.0795973,-0.061135057,0.051433146,0.3086379
-0.07630407,0.13881706,-0.004755366,0.1275197,0.18709053,-0.3945791,0.17836404,0.123040505,1.0,0.52491546,0.079997875,0.0151891485,0.0049203797,0.26270765,0.15009812,-0.20134538,-0.037593845,0.15395707,0.06699581,0.05442537,0.08945756,-0.22320716,-0.13713218,-0.013386686,-0.0013185861,-0.42072737,0.24702048,-0.15405,0.099448234,-0.0533566,0.124097124,0.0028947766,0.018244116,0.18450326,0.24197733,0.30701894,0.25344434,0.1683788,0.43241578,0.43996894,0.15963009,0.22128649,-0.012146131,0.014994962,0.02269588,0.047315016,0.031230507,0.029357646,0.11632579,0.17102315,0.029398793,0.03801401,-0.20023625,0.040399957,0.083511874,0.1517411,-0.17506321,0.29795927,-0.17109461,-0.060178332,0.007855135,0.3127026,-0.10205695,0.39198768,0.042226993,0.14363351,0.23449735,0.15502355,0.14721705,0.20416659,0.18056509,0.23650281,0.23879908,0.10977061,0.33698854,0.40072286,0.2874135,0.23944755,0.20688942,0.10870206,-0.046728097,0.29116932,-0.5026058,-0.31413093,-0.11286371,0.28690925,0.12264269,0.29727206,0.10444211,0.09806076,0.06812387,0.10133283,-0.026019502,-0.0891888,0.25349927,0.14004494,0.07773078,0.10208908,-0.0501498,0.014707451,-0.12868658,-0.31779364,-0.3891453,-0.3324044,-0.19238442,-0.31783387,0.2388832,0.35491544,0.3291025,0.06761555,0.1332119,0.1593399,-0.16381223,0.16205238,-0.48946318,0.14261813
0.2614179,0.35574102,0.35569414,0.4642281,0.07894682,-0.1904652,0.4883258,0.47281507,0.52491546,1.0,0.445167,0.3628095,0.3904148,0.58449763,0.47476262,0.12660238,0.3949868,0.57259536,0.34913567,0.354621,0.47117266,0.08147716,0.21165034,0.35745907,0.15484937,-0.1482349,0.27278593,0.08443815,0.51376736,0.35260725,0.41665518,0.3738105,0.35226083,0.50440294,0.5319784,0.5954763,0.5868815,0.47784424,0.6617223,0.6449891,0.32757184,0.32562932,0.37001964,0.3597564,0.24952394,0.19903772,0.39998463,0.40341583,0.22162484,0.055428382,0.11941653,0.013178009,-0.011179504,0.09128827,0.40901053,0.4696101,0.1396396,0.41061693,-0.23232007,0.08033612,0.2536281,0.27457756,0.1869372,0.41514817,0.20870894,0.0020395655,0.5165111,0.49720642,0.41298667,0.41681322,0.5723899,0.62265956,0.62330633,0.5100956,0.6403539,0.68625706,0.6418642,0.6257513,0.53374636,0.49343047,0.31202424,0.65311664,-0.2475746,-0.18859313,0.12199207,0.49288735,0.22570989,0.13430753,0.23781951,0.35277563,0.25671235,0.116935715,0.15184681,0.051781133,0.50464547,0.52861834,0.46330613,0.49714524,0.28479722,0.26343438,0.019058635,-0.10721218,-0.083842345,-0.11149388,0.08712709,-0.063961156,0.5259798,0.57443506,0.57541966,0.48888797,0.5090504,0.46692526,0.019623974,-0.020494092,-0.34222573,0.3121069
0.8328468,0.744722,0.7562168,0.80247337,-0.1963842,0.2786285,0.7129033,0.8468523,0.079997875,0.445167,1.0,0.88504785,0.87904084,0.85468423,0.6085781,0.4599872,0.82861716,0.8491283,0.84955686,0.83682024,0.6808987,0.34494928,0.6561286,0.7255243,0.075673215,0.15912214,0.17521241,0.19591562,0.82902515,0.73365843,0.66278344,0.750158,0.82069147,0.8781546,0.7697551,0.67538786,0.8352928,0.81283534,0.7437503,0.74194217,0.5691061,0.3968992,0.79056966,0.7370208,0.5103747,0.46940598,0.78623575,0.7477125,0.17368166,0.13121748,0.1734141,0.12507485,0.25072348,0.027143097,0.77527034,0.7704664,0.7538777,0.5726826,-0.36052784,-0.09447267,0.4581075,0.053619538,0.6887409,0.28848377,0.2724645,-0.13919358,0.82446307,0.8391291,0.68789697,0.6798865,0.74838156,0.8548788,0.80960184,0.8248035,0.6886495,0.67925435,0.7202461,0.74210757,0.77429813,0.75399107,0.6675887,0.5912546,0.124407664,0.11260877,0.41719583,0.38886285,0.25360793,0.019660572,0.4640808,0.4742019,0.30837837,-0.10082899,0.35196096,0.11675356,0.79062146,0.8169324,0.8199564,0.7487399,0.6365268,0.41162202,0.2322204,0.19781636,0.22347322,0.113071196,0.31744838,0.20087229,0.5166701,0.4285197,0.6993663,0.57562155,0.76139736,0.51191753,0.11688099,-0.040903054,0.014937355,0.3088066
0.86195034,0.8082027,0.7870235,0.8039917,-0.30625975,0.29435962,0.64842767,0.8257143,0.0151891485,0.3628095,0.88504785,1.0,0.79661775,0.82056516,0.51241976,0.5208946,0.7875407,0.8366677,0.84919953,0.8421382,0.5831546,0.317296,0.69090945,0.68294096,0.010577017,0.18364455,0.14062661,0.18183737,0.7607139,0.7294098,0.6338451,0.72189164,0.80361825,0.8412942,0.72250295,0.67691743,0.75254357,0.7761774,0.6464491,0.6262004,0.47133955,0.31061006,0.7987456,0.8049739,0.5889687,0.5660365,0.7761617,0.7620081,0.16614804,0.1308513,0.21448712,0.112977676,0.2694073,0.04069346,0.72300786,0.74981666,0.78484154,0.5426541,-0.32654193,-0.070700645,0.44356576,0.10311203,0.61522424,0.3083969,0.3673885,-0.09659869,0.8136655,0.81907797,0.7302342,0.62048626,0.65354395,0.77014637,0.72509915,0.7901047,0.5940212,0.6007749,0.67779124,0.7068849,0.75159556,0.78451025,0.6304011,0.5964001,0.14175498,0.17389093,0.36084536,0.40457088,0.15152921,-0.07484121,0.35159108,0.46698678,0.32563147,-0.08442921,0.29937917,0.17904237,0.72075933,0.7778234,0.7832068,0.72122407,0.59776443,0.37181234,0.22900176,0.26151058,0.2339661,0.09728029,0.3112281,0.24457425,0.4208508,0.38489008,0.55963975,0.5854132,0.73828125,0.46070674,0.21428858,-0.1220723,0.12508477,0.23782875
0.7949985,0.5919047,0.7999836,0.7707041,-0.23856851,0.5144944,0.7981939,0.82481724,0.0049203797,0.3904148,0.87904084,0.79661775,1.0,0.7082012,0.7158296,0.63352543,0.8786577,0.7455654,0.8408905,0.8423909,0.75935686,0.52482027,0.773931,0.80660236,0.13229753,0.41997752,0.11537955,0.41019505,0.82950944,0.78382355,0.73225766,0.8224997,0.87853533,0.8427036,0.73499185,0.6593552,0.7828663,0.76976615,0.66694695,0.637186,0.6409444,0.49190208,0.69315606,0.66745967,0.42905387,0.45297062,0.72154224,0.70103353,0.17037246,0.04695136,0.14960296,0.111937,0.29281917,0.035483293,0.8144713,0.75065255,0.74586016,0.36626586,-0.4659236,-0.25817013,0.39135066,-0.12999889,0.71755296,0.094349705,0.2251129,-0.25626957,0.6800414,0.79275835,0.55221057,0.59354067,0.7447399,0.79978615,0.80581033,0.8102931,0.67968065,0.5701629,0.6587928,0.6752903,0.7179875,0.725962,0.80381453,0.5316812,0.3883428,0.30931976,0.62900263,0.34930328,0.27151275,-0.005069656,0.57131046,0.43636748,0.43106058,0.020497259,0.40243572,0.25564083,0.73141927,0.7747107,0.8059734,0.75408405,0.73500603,0.47214237,0.37309465,0.2462598,0.4553289,0.284633,0.5351081,0.45265308,0.59247065,0.5182189,0.6298811,0.5915471,0.7164254,0.50587994,0.087368436,-0.008116508,0.23974013,0.47680655
0.6391778,0.77040154,0.5964368,0.73176306,-0.17674103,0.0067835324,0.5491311,0.80749625,0.26270765,0.58449763,0.85468423,0.82056516,0.7082012,1.0,0.45763388,0.2940646,0.6484701,0.8827456,0.7224306,0.696619,0.51065797,0.11788912,0.4815576,0.5616673,-0.023680419,-0.08512274,0.22928335,0.009241569,0.72792846,0.62310326,0.56071854,0.63686424,0.634006,0.7898702,0.70389956,0.65277946,0.767443,0.72770405,0.77333444,0.7615142,0.42561358,0.3636872,0.734826,0.6987522,0.48159835,0.44316748,0.70956355,0.6964275,0.18721455,0.19028085,0.10617761,0.19451685,0.11649045,0.023337413,0.6433127,0.6904298,0.5107769,0.7202149,-0.26898775,0.019598382,0.3331387,0.3429249,0.4607282,0.55516154,0.22888115,0.054984823,0.81360084,0.7647242,0.65572304,0.6039935,0.71037346,0.8323469,0.72697586,0.7290644,0.6632325,0.7057874,0.72217894,0.72805125,0.7315891,0.70759785,0.43162534,0.6844436,-0.19340847,-0.003417397,0.13375345,0.5280599,0.24259548,0.16612339,0.2738612,0.49903384,0.2838286,-0.039991867,0.22076531,0.03162026,0.76061785,0.7520899,0.7132481,0.6321213,0.47978738,0.3002032,0.09864706,0.06698343,0.009435698,-0.06346013,0.1140345,-0.015475929,0.4560487,0.38278112,0.70209795,0.5355518,0.7262624,0.5237427,0.13326876,-0.0024912364,-0.17873074,0.22418603
0.55983734,0.35675824,0.6909853,0.6492696,-0.10601811,0.5073553,0.7911608,0.6509133,0.15009812,0.47476262,0.6085781,0.51241976,0.7158296,0.45763388,1.0,0.65344083,0.72049326,0.53208137,0.6325012,0.68442965,0.7451457,0.6675757,0.67547387,0.76802903,0.29500547,0.45462734,0.1326324,0.5676992,0.7199076,0.63398653,0.6932807,0.69479567,0.73353684,0.6811891,0.662285,0.6794055,0.62534386,0.5902127,0.5617544,0.53355384,0.6105155,0.44353712,0.49353692,0.5014074,0.38293004,0.3258409,0.53992933,0.53992873,0.25073212,0.0046300045,0.15551753,0.10737601,0.23710553,0.12408403,0.6606123,0.6584702,0.4969677,0.20187102,-0.4615542,-0.4053821,0.16496798,-0.15877175,0.4252749,0.028515201,0.15042005,-0.27977204,0.44036105,0.6303726,0.41164908,0.52434266,0.6518421,0.6763724,0.72991836,0.64902776,0.63338345,0.53175527,0.59091514,0.5604653,0.58657736,0.5898049,0.6981575,0.53876895,0.40486407,0.37350252,0.60888904,0.41774285,0.18845277,-0.13728055,0.56267905,0.28336802,0.43836224,0.1629693,0.41797507,0.3200947,0.5852238,0.637754,0.6192558,0.64816153,0.6372533,0.51670957,0.38568527,0.21809839,0.43554255,0.35470563,0.5974666,0.46905997,0.64599943,0.6183975,0.57351303,0.4713771,0.5651621,0.5123508,-0.08464496,0.10031201,0.1993112,0.4763903
0.47785,0.3030489,0.6924101,0.5964696,-0.22835198,0.72510684,0.6694431,0.5349051,-0.20134538,0.12660238,0.4599872,0.5208946,0.63352543,0.2940646,0.65344083,1.0,0.72213465,0.47031486,0.51725006,0.6387536,0.6296577,0.8069491,0.82450116,0.755014,0.24390087,0.6833219,-0.011657723,0.69737834,0.6794191,0.796461,0.7341175,0.75952405,0.6954592,0.5550845,0.5123251,0.5415953,0.42784205,0.5368267,0.2430335,0.21602145,0.37686998,0.46893415,0.51771176,0.5763144,0.47979903,0.31073987,0.5980127,0.6401489,0.27850896,0.080271356,0.31762782,0.18931568,0.34826484,0.21914186,0.58150107,0.65895987,0.47846523,-0.0039485525,-0.4283925,-0.4942675,-0.046103157,-0.21678269,0.24124917,-0.14597514,0.06644473,-0.373504,0.2747443,0.53976876,0.29184517,0.3665573,0.47338715,0.48014912,0.54192257,0.6067444,0.49446332,0.34319034,0.51758856,0.48679146,0.5367794,0.595642,0.7263796,0.49622548,0.63004905,0.74751997,0.5760751,0.44206718,-0.00074220996,-0.14501016,0.43446335,0.39579487,0.39683306,0.2133148,0.4459275,0.53492844,0.33237085,0.5108717,0.5863481,0.6199768,0.70073444,0.6656299,0.48492464,0.4562426,0.6772621,0.64252055,0.7620688,0.80448735,0.4948393,0.5020769,0.33029225,0.52233803,0.56874806,0.55659425,0.038595106,-0.091302834,0.640997,0.5309545
0.78948104,0.5605428,0.84931093,0.78315175,-0.18022798,0.507486,0.8197786,0.75026673,-0.037593845,0.3949868,0.82861716,0.7875407,0.8786577,0.6484701,0.72049326,0.72213465,1.0,0.77067053,0.77393425,0.81552756,0.7632268,0.5690446,0.822315,0.8226135,0.19675633,0.46168944,0.073804334,0.45829427,0.8904003,0.8836882,0.8088812,0.89275587,0.8857127,0.8242111,0.78074616,0.73712265,0.74830645,0.7901748,0.6175093,0.60452694,0.60152316,0.42543095,0.79045796,0.7486003,0.5405614,0.40500003,0.82673776,0.8120673,0.22340113,0.09469831,0.32468614,0.04516333,0.3702437,0.15319063,0.80544794,0.79268575,0.7593639,0.26746494,-0.41963053,-0.20981601,0.3972212,-0.10909817,0.6284674,-0.0061812545,0.30269995,-0.3396042,0.6762753,0.7920763,0.5728822,0.580532,0.78375554,0.8108911,0.8303411,0.8752531,0.73000383,0.6565128,0.7299499,0.7596661,0.82325405,0.83994687,0.89563096,0.5874758,0.44038558,0.3135508,0.65952504,0.40611202,0.18470155,-0.13596086,0.51547635,0.45154077,0.421619,-0.033101864,0.4459808,0.35702708,0.6605201,0.7736273,0.81903094,0.79600304,0.77273864,0.5440676,0.34522796,0.28976783,0.47851318,0.34499848,0.59148616,0.5058173,0.5690732,0.5482715,0.617973,0.6372796,0.7716508,0.55450135,0.10269407,-0.07425065,0.32742518,0.4610079
0.6585368,0.72843325,0.6985456,0.78663224,-0.14490671,0.1375017,0.6319745,0.80169517,0.15395707,0.57259536,0.8491283,0.8366677,0.7455654,0.8827456,0.53208137,0.47031486,0.77067053,1.0,0.69580686,0.72536397,0.5835766,0.29773504,0.6292497,0.66352147,0.0090909405,0.086924896,0.13386106,0.1950759,0.83231723,0.7740481,0.6939086,0.7548394,0.7090374,0.8152056,0.7351581,0.71971244,0.76276004,0.7511354,0.68086076,0.6609073,0.37059245,0.36450344,0.80274284,0.78141195,0.5434232,0.46397093,0.7987372,0.7922377,0.28590885,0.15586823,0.1939564,0.13289748,0.18146807,0.11485511,0.6511241,0.7417819,0.57081807,0.6159225,-0.25054872,0.010354043,0.35591012,0.23382114,0.47076684,0.43068722,0.27276573,-0.010444957,0.78484774,0.7842559,0.6607715,0.5979426,0.75731814,0.8431075,0.79088914,0.8159211,0.6761997,0.7368494,0.7896786,0.80224913,0.82040226,0.8496874,0.58260965,0.7689335,-0.00864825,0.11029972,0.24534166,0.587148,0.14751047,0.02678711,0.26150432,0.5647605,0.28243846,-0.052448887,0.2585674,0.14357454,0.68358386,0.7655499,0.755096,0.688153,0.5392354,0.40261438,0.16299105,0.21633075,0.13460205,0.12545738,0.2671721,0.14713213,0.4840145,0.43103063,0.66505843,0.6064736,0.7775869,0.5961034,0.17037784,-0.06997848,0.006126667,0.25246245
0.886907,0.76880723,0.8431479,0.8466621,-0.3845626,0.38058352,0.7764075,0.8598281,0.06699581,0.34913567,0.84955686,0.84919953,0.8408905,0.7224306,0.6325012,0.51725006,0.77393425,0.69580686,1.0,0.9245885,0.61063874,0.36154115,0.72759074,0.7622823,0.0055518486,0.2643126,0.028131006,0.19878097,0.7049453,0.632384,0.632723,0.7220514,0.85928243,0.8588193,0.7292548,0.6724503,0.7243399,0.73342246,0.6720615,0.6803777,0.6365768,0.3254969,0.71173763,0.72191817,0.56131643,0.48376435,0.6943568,0.6674111,0.15087801,0.14553113,0.19256125,0.15864703,0.2280049,0.029056426,0.78190166,0.7322753,0.80330795,0.53069043,-0.43557197,-0.19542974,0.5160434,0.04880969,0.69747645,0.2595185,0.39369163,-0.13276808,0.7808709,0.8529836,0.7712766,0.7330254,0.63675886,0.7300092,0.7174033,0.7268838,0.59430015,0.57830703,0.58945924,0.600368,0.6956957,0.6880432,0.6601119,0.5237741,0.23536286,0.19308606,0.4958864,0.35874036,0.206561,-0.09753376,0.45876935,0.38730872,0.375471,-0.06096719,0.3741089,0.15947498,0.76240325,0.80755764,0.8044553,0.74704206,0.65212303,0.40581703,0.29839572,0.2760677,0.33009702,0.16118446,0.41317388,0.35689947,0.5353513,0.53900313,0.62743527,0.53208196,0.6807467,0.41944337,0.09663532,-0.08691791,0.13734004,0.30898643
0.85626954,0.7365267,0.8533879,0.875831,-0.36872137,0.44620907,0.82700926,0.8577111,0.05442537,0.354621,0.83682024,0.8421382,0.8423909,0.696619,0.68442965,0.6387536,0.81552756,0.72536397,0.9245885,1.0,0.6734575,0.48532563,0.775317,0.8327377,0.052638147,0.3283299,0.039862093,0.3344256,0.77942646,0.7313069,0.72237545,0.80027574,0.8856745,0.88518643,0.7468148,0.70603687,0.7354625,0.7900786,0.6517451,0.6689332,0.5914276,0.4026167,0.75792307,0.78694344,0.6359643,0.51725656,0.76892775,0.76103127,0.21338676,0.12233823,0.21442534,0.20927767,0.294097,0.08313755,0.81105345,0.82871515,0.7837304,0.4842407,-0.4815014,-0.27034646,0.4226479,0.022590818,0.61875623,0.21528172,0.3189353,-0.21285674,0.76489115,0.8686697,0.7509452,0.75819033,0.64135075,0.75099087,0.7494856,0.7879972,0.6230072,0.6290013,0.66162515,0.65319943,0.7344445,0.7299691,0.71098167,0.58737,0.3050123,0.3238716,0.51814425,0.44686025,0.1751416,-0.10151007,0.49403456,0.4731235,0.39386874,0.02887965,0.41528404,0.25805554,0.7356483,0.83463556,0.8597871,0.81528986,0.7183871,0.5641871,0.35249564,0.33683413,0.393369,0.29243407,0.51552993,0.45940927,0.59921354,0.5974834,0.6496869,0.6129164,0.7586362,0.54346824,0.061317455,-0.09800945,0.20371728,0.40508085
0.5760425,0.36539137,0.63816124,0.61050415,-0.051305793,0.47852567,0.74810594,0.6198634,0.08945756,0.47117266,0.6808987,0.5831546,0.75935686,0.51065797,0.7451457,0.6296577,0.7632268,0.5835766,0.61063874,0.6734575,1.0,0.6035042,0.64846265,0.7290275,0.29524633,0.42839912,0.22359434,0.5471355,0.7706086,0.7154571,0.7410928,0.72236794,0.7023305,0.69148564,0.6039449,0.62481934,0.7126405,0.6871615,0.64146316,0.61727333,0.623171,0.5568215,0.53965867,0.49687058,0.3565351,0.37848735,0.6290603,0.5930546,0.09734941,0.069645286,0.23393685,0.061490435,0.29487953,0.15694965,0.7654511,0.7120952,0.53165376,0.19114609,-0.52382445,-0.3254221,0.20820168,-0.21313618,0.46820042,-0.038224027,0.115512155,-0.39202803,0.5116694,0.6732745,0.38123706,0.5366151,0.7110066,0.7182327,0.7666836,0.7341098,0.76967406,0.6155364,0.6938464,0.68565273,0.6076221,0.60366845,0.7322236,0.48816928,0.4255311,0.3269988,0.61003786,0.34945503,0.27100724,-0.027993236,0.65007806,0.47097614,0.46228066,0.123989284,0.4387465,0.31159577,0.65394163,0.7181287,0.72383136,0.7250801,0.738722,0.62180716,0.39163068,0.18584484,0.45169938,0.33497477,0.61706007,0.4924741,0.68669903,0.60421556,0.6756357,0.6410773,0.62092686,0.60332036,-0.021195658,-0.035000104,0.21501526,0.65572464
0.3074689,0.064632766,0.5199142,0.4181004,-0.053199492,0.7124125,0.54566306,0.3852915,-0.22320716,0.08147716,0.34494928,0.317296,0.52482027,0.11788912,0.6675757,0.8069491,0.5690446,0.29773504,0.36154115,0.48532563,0.6035042,1.0,0.66540664,0.63892436,0.36646965,0.6729873,0.08263973,0.803733,0.5249511,0.63104147,0.58282644,0.61090666,0.5509415,0.42102942,0.41045955,0.44666776,0.35141677,0.400131,0.1796087,0.1359179,0.43699113,0.44270355,0.33010265,0.3337054,0.19116607,0.21851495,0.38449195,0.41601387,0.24147138,0.01161318,0.18287976,0.16584043,0.28967226,0.02897936,0.47459227,0.49323416,0.30981007,-0.16791259,-0.40666452,-0.53480095,-0.13171405,-0.44068602,0.1994392,-0.2850434,-0.09362081,-0.37711146,0.08305983,0.33511811,0.085853264,0.21851826,0.46033868,0.40132213,0.4576976,0.4490558,0.40701157,0.20454967,0.3702753,0.32814375,0.3666666,0.41106418,0.6102794,0.34083197,0.6420135,0.68978566,0.59711295,0.28290194,-0.030244755,-0.168254,0.4303427,0.17742442,0.3738962,0.1848152,0.44621894,0.39094004,0.31128064,0.39181694,0.39952126,0.44347832,0.62467384,0.5702249,0.5073963,0.37181702,0.66424,0.6204828,0.75493413,0.7640324,0.47554368,0.39475584,0.30175537,0.34588122,0.3827598,0.43824238,-0.15066873,0.14248428,0.59262484,0.53596073
0.68422675,0.52241266,0.86876386,0.79798406,-0.28097093,0.64690036,0.76356196,0.73690623,-0.13713218,0.21165034,0.6561286,0.69090945,0.773931,0.4815576,0.67547387,0.82450116,0.822315,0.6292497,0.72759074,0.775317,0.64846265,0.66540664,1.0,0.8320884,0.13227062,0.5655005,-0.09710246,0.49309608,0.7362044,0.77466077,0.7474966,0.8297962,0.85894847,0.7493145,0.66535395,0.675053,0.5209195,0.5993426,0.3910381,0.36226988,0.49143815,0.3715054,0.60244954,0.63064826,0.51164293,0.36478692,0.63673776,0.6654149,0.24707961,0.09664365,0.33251423,0.14892298,0.28919408,0.14347851,0.6508559,0.65461516,0.66711074,0.2523502,-0.42280403,-0.33400163,0.26405135,-0.13738291,0.49647278,0.026466755,0.26981592,-0.23792511,0.5003575,0.69057775,0.5354503,0.52416235,0.6025154,0.63662356,0.6577784,0.67199194,0.54720986,0.4610079,0.5488701,0.55687666,0.6566448,0.7404286,0.7475984,0.5625869,0.5310573,0.5321696,0.56678367,0.4093906,0.053239994,-0.23319319,0.39947867,0.38352334,0.35621226,-0.026579268,0.5262121,0.40476412,0.49999592,0.6281886,0.6748821,0.6326075,0.67477465,0.5200739,0.34956145,0.43220863,0.5824423,0.5056773,0.6772498,0.63700074,0.5480623,0.5125187,0.45327884,0.49794725,0.59137595,0.49041504,0.10774393,-0.14512113,0.50250846,0.37287512
0.70195454,0.55016077,0.845497,0.8525207,-0.2891009,0.53389764,0.8677454,0.79415685,-0.013386686,0.35745907,0.7255243,0.68294096,0.80660236,0.5616673,0.76802903,0.755014,0.8226135,0.66352147,0.7622823,0.8327377,0.7290275,0.63892436,0.8320884,1.0,0.15791783,0.43736854,0.00295588,0.49325317,0.8120204,0.7835725,0.79040885,0.85102737,0.86142844,0.838658,0.72131646,0.7217576,0.6424067,0.7257103,0.5440436,0.58712465,0.54792523,0.43152538,0.6804857,0.6943325,0.5765368,0.4264996,0.7266683,0.74190676,0.2506519,0.1239013,0.28776297,0.22844166,0.28813148,0.11795416,0.7505084,0.8023457,0.6475691,0.3400377,-0.47951257,-0.29748425,0.29165134,-0.046965,0.5163535,0.092681676,0.23034222,-0.2645436,0.5931326,0.79238683,0.60281867,0.7003715,0.6866036,0.7481019,0.76075834,0.7782268,0.64922416,0.64388615,0.6816233,0.6783514,0.6911475,0.7396027,0.7543396,0.65213645,0.41567078,0.49018908,0.5736144,0.49443197,0.15767632,-0.10744256,0.51993287,0.48146182,0.37007758,0.025170175,0.48718172,0.33724087,0.6110357,0.789631,0.7948917,0.7811405,0.7500769,0.67747253,0.3814916,0.3290912,0.540091,0.4784945,0.6813659,0.58209485,0.7012864,0.66810554,0.649495,0.585023,0.68610543,0.6354469,-0.04685036,-0.074392654,0.31734422,0.48349473
0.022937426,-0.15527618,0.072132654,0.04068397,0.10381907,0.15325119,0.18489502,0.057801675,-0.0013185861,0.15484937,0.075673215,0.010577017,0.13229753,-0.023680419,0.29500547,0.24390087,0.19675633,0.0090909405,0.0055518486,0.052638147,0.29524633,0.36646965,0.13227062,0.15791783,1.0,0.16538045,0.26562902,0.29888076,0.16705705,0.20358625,0.1382312,0.1319935,0.12809078,0.10412443,0.14189112,0.18603033,0.16045107,0.16869171,0.10687829,0.115520015,0.24104911,0.2220833,0.018002737,-0.080462486,-0.09475218,-0.036492277,0.050990503,0.11527467,0.00021310031,0.07537714,-0.016008578,-0.00465389,0.14279611,0.0105007775,0.17411481,0.17732501,0.004870896,-0.22581725,-0.1531329,-0.31681126,-0.15300646,-0.23608893,0.07155383,-0.19124874,-0.23628305,-0.36879888,-0.035426065,0.044212505,-0.1311863,0.011716018,0.13616075,0.12908752,0.15169494,0.10798172,0.29685846,0.092884384,0.1769375,0.15350787,0.023638966,0.06854853,0.26210865,0.1591452,0.1727092,0.2386283,0.25744408,0.08074288,0.12549849,-0.12564331,0.35276288,0.025651727,0.23443031,0.03180427,0.23504971,0.16369855,0.14677455,0.14339001,0.12498393,0.2059007,0.2695425,0.2544121,0.14989035,-0.042808514,0.24042824,0.17644772,0.2747641,0.2357441,0.31948966,0.16056493,0.19065034,0.14003876,0.15850532,0.2109487,-0.143074,0.14420375,0.07762375,0.3182936
0.27518427,-0.111875124,0.37706724,0.18520969,-0.13540229,0.796307,0.3740775,0.18098007,-0.42072737,-0.1482349,0.15912214,0.18364455,0.41997752,-0.08512274,0.45462734,0.6833219,0.46168944,0.086924896,0.2643126,0.3283299,0.42839912,0.6729873,0.5655005,0.43736854,0.16538045,1.0,-0.018752163,0.7462433,0.33476597,0.45040533,0.44107682,0.45689493,0.43800935,0.19931819,0.16687135,0.17152044,0.16448618,0.17054756,-0.03256649,-0.09623123,0.27751967,0.16695143,0.16487204,0.19018377,0.14315148,0.11630434,0.2337639,0.24151294,0.005389041,-0.037996214,0.20919266,-0.069099605,0.29298505,0.13699855,0.3798767,0.24200837,0.3595423,-0.3468802,-0.33559972,-0.46423516,-0.031199351,-0.5389692,0.2738887,-0.49379352,-0.07635113,-0.3617388,-0.036904305,0.20613393,-0.058922134,0.025907561,0.22875993,0.114760295,0.22569168,0.28472593,0.1571438,-0.038535997,0.107963406,0.1076436,0.1778804,0.21376856,0.5855517,-0.029971184,0.85790676,0.55378443,0.627527,0.006458236,0.122649945,-0.24549331,0.36868218,0.08747363,0.39486375,0.22225192,0.36413926,0.3928105,0.11130236,0.18223687,0.26237097,0.29559565,0.5044442,0.36087114,0.48913184,0.3431024,0.72166145,0.593736,0.741175,0.74520373,0.23566881,0.21450295,0.011104103,0.21650769,0.21934405,0.2040369,0.075746074,0.06839968,0.6765718,0.40350693
0.027788853,-0.032283276,-0.0811027,-0.05366298,0.20600618,-0.06911702,-0.001264201,0.07759462,0.24702048,0.27278593,0.17521241,0.14062661,0.11537955,0.22928335,0.1326324,-0.011657723,0.073804334,0.13386106,0.028131006,0.039862093,0.22359434,0.08263973,-0.09710246,0.00295588,0.26562902,-0.018752163,1.0,0.15835512,0.17212607,0.0763237,0.03876761,-0.0077604493,0.040517274,0.10620922,0.10466151,0.15378349,0.25933915,0.11606264,0.2946366,0.23273948,0.121144414,0.13934752,-0.027998645,-0.039035115,-0.19948232,0.16665033,0.0013881681,0.00920377,-0.19177313,0.06413367,-0.084273376,0.055254765,0.062404703,-0.10878625,0.15172412,0.07854627,-0.05153071,-0.029036673,-0.17076933,-0.049750056,-0.10782403,-0.06406338,0.08269,0.04485399,-0.13471057,-0.14613345,0.059479725,0.033636853,-0.07935933,-0.06075199,0.19280621,0.16399783,0.15326391,0.11571783,0.24168319,0.119376734,0.18099499,0.16516775,0.05579935,0.02991252,0.076270014,0.09153714,-0.08933842,-0.050550282,0.030507231,0.043194808,0.12382306,0.3354317,0.24144469,0.06845986,0.21066296,0.16560137,-0.028003206,0.042455673,0.24817176,0.08980562,0.04338392,0.08234927,0.12682684,0.026523983,0.2617862,-0.15846013,-0.015450256,-0.14289784,0.0134691335,-0.105818346,0.11498082,0.028960755,0.15135407,0.06363389,0.07935103,0.122631595,0.11139702,0.18268971,-0.20245245,0.20876594
0.1835446,-0.09805857,0.34751216,0.24907336,0.051452238,0.6613872,0.46792516,0.22875999,-0.15405,0.08443815,0.19591562,0.18183737,0.41019505,0.009241569,0.5676992,0.69737834,0.45829427,0.1950759,0.19878097,0.3344256,0.5471355,0.803733,0.49309608,0.49325317,0.29888076,0.7462433,0.15835512,1.0,0.45009786,0.52607614,0.5103147,0.5000825,0.4137871,0.2631136,0.26723135,0.3133528,0.25908294,0.276737,0.1273886,0.055680353,0.30135956,0.31459588,0.19794844,0.22720942,0.17786391,0.20223454,0.29350176,0.31805298,0.18874556,-0.032179803,0.1716536,0.10532125,0.24746773,0.098349944,0.42539933,0.37746236,0.22756083,-0.29204947,-0.41240612,-0.5139631,-0.15892981,-0.47408745,0.14356177,-0.38048,-0.16930695,-0.40444058,-0.012748651,0.24687684,-0.055411167,0.08934309,0.35892504,0.25276023,0.36218715,0.37853685,0.33795273,0.17422895,0.29683495,0.27228084,0.28726965,0.2924448,0.5651885,0.17421271,0.6788672,0.57503563,0.59874946,0.22220312,0.116961114,-0.1779874,0.46027622,0.21356285,0.46881628,0.28927276,0.3111033,0.40262756,0.19297081,0.26873735,0.31802303,0.37410188,0.5589397,0.55213195,0.53419435,0.29245007,0.6438838,0.5824998,0.76235086,0.72074753,0.42971438,0.3550477,0.20643818,0.2936077,0.29835472,0.36597773,-0.12010545,0.17670059,0.5786269,0.5773689
0.68713844,0.58192587,0.77458733,0.7883493,-0.13482739,0.3924621,0.8093726,0.7523986,0.099448234,0.51376736,0.82902515,0.7607139,0.82950944,0.72792846,0.7199076,0.6794191,0.8904003,0.83231723,0.7049453,0.77942646,0.7706086,0.5249511,0.7362044,0.8120204,0.16705705,0.33476597,0.17212607,0.45009786,1.0,0.8814484,0.83088624,0.87533796,0.8205546,0.8345475,0.7791815,0.7520247,0.7818742,0.8064631,0.6678789,0.6707226,0.48635918,0.471622,0.79702187,0.7670643,0.5767064,0.46881056,0.8619578,0.8543573,0.27088076,0.10861193,0.32150963,0.10679908,0.29286095,0.18654965,0.7774116,0.84362966,0.64001805,0.37910685,-0.42583072,-0.20993857,0.29046714,0.0014485734,0.50374556,0.13882351,0.20088343,-0.29575753,0.7008089,0.81394774,0.57439226,0.63166016,0.8031654,0.8458434,0.87311393,0.903878,0.7945264,0.7727586,0.8493719,0.85038716,0.83999413,0.83105636,0.7940704,0.7008647,0.27551857,0.2932365,0.5168658,0.5215728,0.23243205,-0.010957193,0.4972323,0.5641375,0.38948396,0.08523651,0.37982926,0.3354251,0.65044683,0.79416776,0.83311516,0.8153088,0.7347028,0.63327247,0.30323365,0.28016472,0.37360597,0.33355144,0.5237925,0.40958926,0.63160694,0.6104815,0.6856873,0.6914085,0.8240661,0.6824348,0.08065471,-0.09453075,0.19129628,0.4830864
0.6188332,0.49329922,0.75295436,0.72662836,-0.15056619,0.48407143,0.7336552,0.6897805,-0.0533566,0.35260725,0.73365843,0.7294098,0.78382355,0.62310326,0.63398653,0.796461,0.8836882,0.7740481,0.632384,0.7313069,0.7154571,0.63104147,0.77466077,0.7835725,0.20358625,0.45040533,0.0763237,0.52607614,0.8814484,1.0,0.8246767,0.89908373,0.7867398,0.7518641,0.710341,0.6980189,0.7081048,0.801551,0.5366208,0.52386624,0.4595691,0.54988813,0.79438394,0.7624638,0.54848534,0.40765315,0.8408838,0.8632284,0.31344476,0.1398923,0.37521467,0.13748832,0.33569762,0.15937178,0.74551076,0.8348452,0.5882603,0.21604912,-0.38095528,-0.274543,0.17033096,-0.0937377,0.40886372,0.006717119,0.13937655,-0.3467437,0.597898,0.7216665,0.4477084,0.48699686,0.7231545,0.77167135,0.76936245,0.8651439,0.7233288,0.6341056,0.7635007,0.7716829,0.7859585,0.82690305,0.816725,0.67310315,0.381177,0.4794698,0.5606681,0.5370035,0.16308533,-0.028697113,0.4449723,0.53436273,0.4087269,0.052541707,0.38500488,0.41148666,0.5893449,0.7256806,0.7847502,0.7849125,0.76921296,0.63803494,0.3756266,0.32818046,0.4896031,0.41411844,0.59099334,0.554453,0.54514986,0.49637887,0.5731087,0.6782102,0.80882186,0.6652866,0.06407004,-0.068740465,0.38488442,0.52508336
0.56264246,0.42734465,0.7398874,0.7190082,-0.12524799,0.45153683,0.8094792,0.65614533,0.124097124,0.41665518,0.66278344,0.6338451,0.73225766,0.56071854,0.6932807,0.7341175,0.8088812,0.6939086,0.632723,0.72237545,0.7410928,0.58282644,0.7474966,0.79040885,0.1382312,0.44107682,0.03876761,0.5103147,0.83088624,0.8246767,1.0,0.8628087,0.7786727,0.76950485,0.72230333,0.7318954,0.7160765,0.7460965,0.6165039,0.59415793,0.5319412,0.5296145,0.67546684,0.6433476,0.540536,0.36296597,0.7540534,0.73029405,0.23890935,0.09341146,0.3141179,0.17314819,0.26868296,0.19419803,0.7599509,0.7936331,0.5277801,0.2377761,-0.4569581,-0.36898363,0.19350658,-0.07518315,0.40744877,0.031042183,0.14965162,-0.3170595,0.58679175,0.7063147,0.43960428,0.5532548,0.75979966,0.7543605,0.79685205,0.81911993,0.7312598,0.6791979,0.7905588,0.77329236,0.7445523,0.74688125,0.7745883,0.60951346,0.3924118,0.3756399,0.5700782,0.4932193,0.20821552,-0.010526647,0.553711,0.5268557,0.40170607,0.14300232,0.43002722,0.35266304,0.62522656,0.7346488,0.73956645,0.73668456,0.7701768,0.67318773,0.3483764,0.22554894,0.4484848,0.4164023,0.67573637,0.5384064,0.6452671,0.6585072,0.6405295,0.63260823,0.7167904,0.6734359,-0.111463025,0.025628246,0.27858868,0.62772596
0.6701373,0.5353489,0.82020557,0.81095237,-0.23167743,0.5066835,0.8239137,0.7709834,0.0028947766,0.3738105,0.750158,0.72189164,0.8224997,0.63686424,0.69479567,0.75952405,0.89275587,0.7548394,0.7220514,0.80027574,0.72236794,0.61090666,0.8297962,0.85102737,0.1319935,0.45689493,-0.0077604493,0.5000825,0.87533796,0.89908373,0.8628087,1.0,0.8494972,0.8246125,0.7640093,0.74847853,0.7023805,0.78775847,0.60888124,0.59300005,0.55593705,0.50073886,0.7683933,0.73750174,0.55550915,0.39629543,0.816008,0.82568204,0.305055,0.08813222,0.31105468,0.14871606,0.27094156,0.12330787,0.7883989,0.81589603,0.641019,0.30078626,-0.4298779,-0.2885671,0.2885266,-0.069190145,0.5070927,0.045661934,0.18329805,-0.27458662,0.6284206,0.7720803,0.5332256,0.58398557,0.7847636,0.8180383,0.81345147,0.8644148,0.72366494,0.67347497,0.74507475,0.75001407,0.80129725,0.8300173,0.8225174,0.64919794,0.40298477,0.4301343,0.614555,0.50227875,0.19049664,-0.06914638,0.4819014,0.49112192,0.43468103,0.02099784,0.470115,0.36599332,0.6498946,0.76449287,0.8089604,0.77568376,0.7940188,0.62057567,0.40300012,0.30091873,0.52097493,0.42053375,0.66376215,0.5725906,0.6400183,0.6070481,0.6459731,0.63180554,0.76997095,0.6368761,-0.011053282,-0.0032048312,0.35202363,0.5203079
