1.0,0.75382066,0.6565534,0.4458336,-0.14981075,0.14510927,0.7103366,0.5912796,-0.07644793,0.31112593,0.79697466,0.7108052,0.7610579,0.53829855,0.2233662,0.47713223,0.4632507,0.51787484,0.7431433,0.78400785,-0.26621437,-0.21732593,0.5118807,0.2257311,0.09015142,0.07498951,-0.2765917,-0.082385674,0.5590977,0.63217145,0.3281203,0.39155045,0.8016618,0.62904495,0.33398494,0.41280112,0.1349474,0.10530215,-0.09875395,-0.007633377,0.10611324,0.091409944,0.6412508,0.6202684,0.504541,0.61869323,0.30291533,0.3868947,0.1720396,0.21825002,0.30616096,0.20566526,0.46341568,0.32790625,0.22373784,0.15805048,0.8579873,0.68545574,0.47553676,0.5669251,0.70619094,0.61300135,0.75292826,0.33899292,0.3960996,0.569363,0.6944533,0.70243275,0.4133376,0.25602552,-0.2692131,-0.34382454,0.28087983,-0.18744543,-0.048366778,-0.610133,0.0017356208,-0.090238094,0.06221058,0.27569023,0.56774515,0.11396325,0.6071021,0.5883806,0.6714449,0.3977176,-0.13918817,-0.30774984,0.19345093,0.101416856,0.43651837,0.37929636,0.35746157,0.5696467,-0.17469189,-0.279854,-0.16024257,-0.12705451,0.2985843,0.20830084,0.2758586,0.107540034,-0.31602564,-0.31038097,0.025966365,-0.13424186,0.116886474,0.26433966,-0.37324917,0.070773706,-0.10135695,0.10026833,-0.29198173,-0.09058585,-0.3564166,-0.24356289
0.75382066,1.0,0.58580667,0.67575824,0.0005162371,0.21829346,0.6573643,0.725131,0.11422882,0.22773607,0.6573548,0.75809765,0.5593162,0.58604544,0.22567052,0.3896649,0.3305443,0.52047294,0.8363105,0.7912407,-0.2960068,-0.0907442,0.3094292,0.46697336,-0.045797084,0.22924091,-0.32525218,0.06882442,0.6144564,0.5723535,0.2913283,0.49358347,0.8208544,0.73764163,0.43286422,0.5561502,0.13952531,0.10322067,-0.1332123,0.01606543,-0.09854719,0.17637524,0.6481793,0.61874795,0.425592,0.7351995,0.3630072,0.56482756,-0.0030286238,0.19842522,0.2768193,0.49087766,0.370506,0.4595278,0.15933844,0.21606624,0.68908244,0.9184428,0.44201759,0.6302922,0.6680699,0.74961203,0.5492669,0.755422,0.32211295,0.7218223,0.7560536,0.73372257,0.46322358,0.33535838,-0.25988704,-0.19822207,0.32859015,-0.1494819,-0.21433437,-0.36270475,-0.019632984,0.04344732,-0.030900473,0.27555242,0.29930797,0.41120702,0.6329017,0.59884983,0.36431414,0.7383028,-0.19541812,-0.10924689,-0.103758395,0.33582002,0.1921201,0.65018755,0.4567195,0.6411807,-0.17341048,-0.17897944,-0.14979759,-0.019346984,0.24897803,0.2636368,0.0828344,0.19882639,-0.47107282,-0.24296176,0.041591447,-0.17612563,0.15530607,0.3650341,-0.30180213,0.19550349,0.15955904,0.35786048,-0.20706177,-0.10116286,-0.22433594,-0.05237938
0.6565534,0.58580667,1.0,0.7133374,0.28569105,0.45143268,0.88385946,0.8241271,0.25984445,0.4381035,0.74864763,0.74962705,0.7776509,0.6932933,0.53134024,0.58267134,0.781909,0.7686275,0.62957454,0.6597523,0.192512,0.14901666,0.7037918,0.56879824,0.37704787,0.32976407,0.03818006,0.27084652,0.80604494,0.7435904,0.66150063,0.6816958,0.7786379,0.7684237,0.6936095,0.66955745,0.5728174,0.39584875,0.35390282,0.44174626,0.21810053,0.45034355,0.631459,0.70076984,0.3168674,0.4912169,0.525557,0.5487417,0.06611807,0.27468333,0.0014381793,0.14960335,0.41372508,0.31076235,0.64100635,0.5403726,0.59242177,0.62647057,0.08517238,0.2268334,0.28382626,0.27361393,0.31626955,0.35588977,0.09993443,0.27103746,0.6885947,0.766436,0.3303974,0.17682926,0.22327179,0.10788752,0.64421916,0.27551523,0.24210057,-0.19545887,0.35859948,0.37931725,0.49125275,0.55962616,0.5769468,0.49108008,0.8049852,0.72418153,0.64790213,0.57002723,0.2604486,0.19814202,0.5371442,0.5522213,0.3724918,0.39788008,0.25061747,0.48633608,0.16414408,0.116259106,0.22822808,0.2334372,0.5251014,0.4731823,0.3873137,0.23512447,0.065918274,0.15870468,0.36674616,0.23076627,0.39713517,0.3689351,-0.008675624,0.3829115,0.1846963,0.46519598,-0.0010998417,0.21775492,0.0035755213,0.13644312
0.4458336,0.67575824,0.7133374,1.0,0.40023077,0.46293887,0.7287754,0.84690773,0.43879142,0.42820096,0.5882133,0.73790705,0.5378701,0.74480104,0.51045996,0.514417,0.56318545,0.7188724,0.67654675,0.5569307,0.19593063,0.26666945,0.47077096,0.79137224,0.2285997,0.4435266,-0.024745548,0.36029857,0.74762934,0.6627266,0.57171196,0.6979054,0.6940566,0.74325377,0.6155546,0.6193837,0.50877506,0.42676958,0.2337651,0.37587312,0.041473635,0.4232109,0.58948267,0.63025945,0.31803668,0.46494493,0.49899164,0.6681279,-0.04321823,0.22528563,0.114999816,0.43286958,0.3953463,0.27584377,0.45726344,0.49666357,0.35995847,0.72275156,0.08018458,0.25614345,0.25540158,0.37337768,0.16340023,0.65782964,-0.002402401,0.39774576,0.5755277,0.6302517,0.38039806,0.14707842,0.20222794,0.2575421,0.5835305,0.31475493,0.15756616,0.0027331067,0.35675958,0.45729387,0.30095538,0.56994164,0.31625822,0.6862063,0.7183738,0.7109633,0.29109508,0.77922684,0.08847552,0.3618932,0.22754936,0.6454992,0.16592416,0.54032135,0.35898814,0.48433474,0.07695455,0.08908453,0.19675076,0.20741633,0.4289652,0.47655037,0.15690666,0.33569542,-0.08914431,0.14829746,0.2822925,0.11300947,0.34465885,0.3426858,-0.06818509,0.37079155,0.35582304,0.54768425,0.088761084,0.16847359,0.03024728,0.17682593
-0.14981075,0.0005162371,0.28569105,0.40023077,1.0,0.69336563,0.18183056,0.35282278,0.65874773,0.48399743,0.17163831,0.25356615,0.1481407,0.41650805,0.68018246,0.45220175,0.3651352,0.4320185,0.13610701,0.13517876,0.57536143,0.5613626,0.27426803,0.6079469,0.52892506,0.5108103,0.56701,0.6079614,0.48988295,0.36420873,0.5707907,0.5804988,0.19585077,0.3978669,0.323247,0.39788526,0.528893,0.45618394,0.62988627,0.617586,0.27337062,0.5414516,0.1376322,0.06114077,-0.1847737,-0.026921682,0.4405887,0.43520865,-0.067639954,-0.06430859,-0.237522,0.06329638,-0.01817013,-0.006757091,0.52437717,0.5233143,-0.20112062,0.13040687,-0.43787372,-0.27344906,-0.33922318,-0.1782057,-0.3428771,0.114607416,-0.19537576,-0.27055788,-0.002545494,0.065139405,-0.014202897,-0.1832236,0.61011016,0.68208206,0.55100405,0.56985617,0.44754326,0.48502076,0.51687866,0.5401482,0.28435525,0.49155506,0.080317274,0.52581453,0.40016517,0.33479705,0.019429542,0.28592438,0.40574583,0.6094998,0.4718054,0.5408808,-0.06962441,0.18706776,-0.013983344,0.064545475,0.5576801,0.5027532,0.6338774,0.56394285,0.32086274,0.40807822,0.094171114,0.25489292,0.2560405,0.41613406,0.41214076,0.43103588,0.37637618,0.2640135,0.43680573,0.47840855,0.5137439,0.51140887,0.12079281,0.37180758,0.45396024,0.4978651
0.14510927,0.21829346,0.45143268,0.46293887,0.69336563,1.0,0.3272347,0.45682925,0.47965506,0.5368296,0.4399269,0.45492515,0.32991666,0.45171306,0.6662199,0.5410929,0.4797856,0.5225814,0.29035455,0.28974324,0.46668097,0.43529865,0.41327646,0.5715736,0.5720554,0.5752806,0.565129,0.6271421,0.6256162,0.58711314,0.6591885,0.68280065,0.40889987,0.52261364,0.33636138,0.50582767,0.63121486,0.5507173,0.6385767,0.7262363,0.35107306,0.65714294,0.35239327,0.290318,0.012620004,0.10618382,0.45758185,0.55279183,-0.09426483,0.15500851,-0.2525413,0.008706276,0.04876482,0.08893035,0.54747695,0.56639034,0.0120404605,0.3172888,-0.29231223,-0.10026637,-0.10383714,-0.023894014,-0.06810812,0.1481036,-0.15867136,-0.107323416,0.2147969,0.29167476,0.12729727,-0.10963831,0.51626766,0.52796733,0.6366401,0.55290407,0.45244658,0.3411912,0.58509976,0.5650524,0.2817479,0.5752494,0.25389504,0.5078062,0.5368498,0.474287,0.23647916,0.37883303,0.39597908,0.48333576,0.49022892,0.5291594,0.054832622,0.33285543,0.06991965,0.28710732,0.46140876,0.37938496,0.55937666,0.53627306,0.42141986,0.5096222,0.14479288,0.24624847,0.1463309,0.31172284,0.47974482,0.47271374,0.40100545,0.3853615,0.30289125,0.549695,0.5009582,0.50681543,0.06129209,0.34227455,0.2925568,0.29243028
0.7103366,0.6573643,0.88385946,0.7287754,0.18183056,0.3272347,1.0,0.8361366,0.22555286,0.41543913,0.7513373,0.7674443,0.80174357,0.7347587,0.4557156,0.5430983,0.70387876,0.7481243,0.704989,0.6972503,0.13020995,0.10422999,0.7116434,0.609082,0.30365366,0.24724737,-0.048043393,0.22662315,0.7689836,0.70861584,0.57868934,0.60636085,0.7909867,0.74958783,0.6249525,0.5783176,0.50518864,0.3160791,0.18178305,0.28634197,0.12254587,0.3663549,0.6325587,0.67848676,0.36737028,0.5582288,0.47396728,0.5068039,0.06592651,0.25530756,0.17030984,0.20798546,0.48521706,0.27494377,0.50574,0.42626783,0.64834386,0.6761844,0.18011142,0.32443106,0.40475056,0.3841503,0.37061858,0.42866832,0.11924782,0.4043444,0.7032193,0.7595255,0.36856428,0.19150074,0.11646041,0.041385397,0.5383275,0.1587214,0.14954552,-0.2670101,0.35870337,0.35827422,0.39199516,0.5101569,0.6180185,0.46438646,0.81808823,0.718944,0.69552934,0.6429623,0.18139237,0.13279212,0.44047016,0.50724494,0.34141883,0.3931615,0.27373198,0.5096951,0.02930418,-0.011004617,0.08913712,0.10931662,0.46875027,0.3630769,0.32109872,0.22771206,-0.027152864,0.07661771,0.27001408,0.13221481,0.3699565,0.3446377,-0.10831968,0.3255667,0.11974116,0.34672728,-0.02670211,0.104392804,-0.07621412,0.10924271
0.5912796,0.725131,0.8241271,0.84690773,0.35282278,0.45682925,0.8361366,1.0,0.3602409,0.43587425,0.7153952,0.84088403,0.69556475,0.8336206,0.52996576,0.57529986,0.6693673,0.83522546,0.7088409,0.6804243,0.14160773,0.17250493,0.55707926,0.71840703,0.24261333,0.32990983,-0.00092343707,0.3262443,0.82797724,0.75079805,0.58662283,0.7186688,0.7946718,0.82958764,0.72096753,0.7152607,0.50171024,0.3438368,0.23573315,0.42201036,0.06479967,0.438085,0.70253015,0.7251969,0.27003425,0.5495562,0.57054377,0.66141665,0.0018373708,0.3075033,0.08833967,0.32736403,0.41675055,0.36304966,0.54161996,0.577204,0.50914913,0.767565,0.09988976,0.28529632,0.32571518,0.42451116,0.23308846,0.5937955,0.07835916,0.42541802,0.7189958,0.7828336,0.35553536,0.18383668,0.17054625,0.16618638,0.57538235,0.25066528,0.0993642,-0.14502364,0.2968187,0.39463434,0.33823627,0.6296589,0.4375293,0.68146753,0.81854504,0.7624649,0.49342886,0.77755946,0.13936627,0.29494637,0.3392675,0.65842855,0.2684568,0.53780293,0.31641275,0.5614102,0.17900129,0.17700805,0.23168519,0.2833495,0.5354167,0.49230087,0.28458777,0.32092297,-0.03962598,0.17577334,0.36210096,0.1915167,0.45360038,0.4265365,-0.0005977855,0.4015933,0.29032594,0.58184123,0.028747536,0.21026088,0.06449805,0.20917776
-0.07644793,0.11422882,0.25984445,0.43879142,0.65874773,0.47965506,0.22555286,0.3602409,1.0,0.65588313,0.13782415,0.212124,0.13152507,0.43335962,0.71431893,0.52401483,0.33739644,0.39770514,0.33681288,0.25611004,0.49193418,0.5372746,0.44741926,0.67341983,0.19194429,0.35387796,0.2938101,0.34793606,0.49820727,0.3178556,0.611957,0.5742583,0.21969083,0.43300405,0.18949026,0.2212121,0.31904575,0.2778466,0.30404776,0.2752843,0.16309519,0.344872,0.07560145,0.07849237,-0.022412889,-0.025912417,0.33428112,0.3339479,-0.10219394,-0.08672484,-0.20129652,0.15853854,0.03204893,0.022500627,0.2452862,0.2516902,-0.08306616,0.19412045,-0.2823478,-0.09387703,-0.21883948,-0.06364551,-0.18496628,0.3289487,-0.06504463,-0.03794838,-0.046276424,0.0065981615,0.02558552,0.0188583,0.53497934,0.62133056,0.53309244,0.44096395,0.3184401,0.37411308,0.40767714,0.42956161,0.46621817,0.5866363,0.2955206,0.69500136,0.4066505,0.2792492,-0.0114636,0.32098013,0.12706296,0.33035302,0.2161534,0.31041104,-0.24749766,0.091252476,0.0012094234,-0.05992389,0.39505205,0.33187965,0.4768069,0.40192145,0.16587548,0.20958236,-0.13309531,0.21294309,0.040771935,0.17444952,0.19343974,0.20819932,0.19642058,0.16983329,0.29862875,0.26868534,0.47132045,0.38027257,0.093049526,0.11441835,0.2562158,0.38358185
0.31112593,0.22773607,0.4381035,0.42820096,0.48399743,0.5368296,0.41543913,0.43587425,0.65588313,1.0,0.4610724,0.42845118,0.47250152,0.57253635,0.74373406,0.7957058,0.4896658,0.5280586,0.47386736,0.46531412,0.4202298,0.4604285,0.6493603,0.54799736,0.37517312,0.33953276,0.35942677,0.36534467,0.5794025,0.63861173,0.72665197,0.664137,0.45549303,0.5248366,0.20213322,0.29067063,0.31245145,0.35679293,0.37912443,0.38633916,0.3275088,0.3788094,0.3133866,0.23747873,0.30361027,0.08394133,0.4591229,0.4203486,0.028666286,0.0043832134,0.04306671,0.10221294,0.20225216,0.028828261,0.33634034,0.34458467,0.29747143,0.24663562,-0.080097966,0.014247619,0.07910205,0.09346157,0.22426687,0.14446485,0.027546696,0.06976682,0.12760884,0.19681293,0.22875325,-0.07903536,0.42984006,0.43307972,0.5528506,0.41598096,0.47250408,0.024946522,0.43736488,0.29738536,0.3435893,0.6472599,0.5674118,0.43956143,0.5360936,0.5123393,0.38482118,0.2207022,0.17053626,0.15892701,0.45156208,0.20396532,0.14078838,0.085263774,0.047758203,0.16436222,0.3606934,0.21817738,0.44040656,0.330055,0.32718998,0.27300218,0.16095605,0.1821082,0.019383177,0.02097808,0.22217987,0.18887745,0.2803137,0.28488824,0.14414369,0.27524972,0.33228028,0.29872268,0.04845484,0.08426855,0.08079705,0.2460116
0.79697466,0.6573548,0.74864763,0.5882133,0.17163831,0.4399269,0.7513373,0.7153952,0.13782415,0.4610724,1.0,0.887932,0.8938154,0.77091616,0.5349329,0.68023807,0.685483,0.7903878,0.6701883,0.6696423,0.012993734,-0.036336243,0.64090097,0.46139738,0.3935,0.32448298,0.04886679,0.20016025,0.7979962,0.826296,0.6136321,0.66222495,0.8641551,0.7803814,0.5023339,0.5083779,0.42976955,0.3467251,0.18987563,0.33025098,0.25852954,0.29801404,0.63237834,0.6247036,0.39814082,0.50263727,0.39244342,0.4799623,0.19763148,0.27812585,0.13005483,0.19528107,0.48251322,0.35472846,0.4545714,0.39154497,0.65045506,0.635291,0.20484614,0.2874216,0.3848169,0.34653756,0.4910903,0.27185836,0.2441907,0.36343378,0.58147913,0.6923175,0.3906244,0.07811262,0.0020720565,-0.051255662,0.53254366,0.09334739,0.1375261,-0.40553656,0.2783881,0.18179382,0.26914686,0.50617343,0.625887,0.3323431,0.7874449,0.83288383,0.72277606,0.5002671,0.17027703,0.13746345,0.47312567,0.3627647,0.47179538,0.3610001,0.26838395,0.5893606,0.003511647,-0.145066,0.070206314,0.05269341,0.4432233,0.39495745,0.34604654,0.19030172,-0.13085005,-0.06560387,0.15622424,0.047981862,0.22002085,0.39584464,-0.26325372,0.22507618,0.035684705,0.26657516,-0.17711501,0.04169333,-0.28120232,-0.16236109
0.7108052,0.75809765,0.74962705,0.73790705,0.25356615,0.45492515,0.7674443,0.84088403,0.212124,0.42845118,0.887932,1.0,0.81665343,0.84016174,0.5121551,0.66600215,0.6132489,0.81432945,0.71040833,0.68372124,0.009220217,0.026970653,0.56364197,0.61188227,0.3241692,0.3751359,-0.00018218785,0.27291653,0.8211792,0.8301339,0.5842901,0.7185085,0.87666404,0.8357937,0.61874723,0.5839466,0.4415569,0.33016267,0.1810224,0.37319833,0.12962091,0.32641414,0.6827652,0.6924304,0.34090635,0.5747295,0.448008,0.58089393,0.13242127,0.29129875,0.17770115,0.33308977,0.47729474,0.40134495,0.4772964,0.4869523,0.5780567,0.7420512,0.17379022,0.32313424,0.37984648,0.4281781,0.36980128,0.46643865,0.17664829,0.47186586,0.66841984,0.7438455,0.40250412,0.1261965,0.009312751,0.008549209,0.5439701,0.14107245,0.063516036,-0.34496394,0.2349335,0.21402481,0.17292526,0.48183474,0.465189,0.4604003,0.80714196,0.86249757,0.5866855,0.6843098,0.1498563,0.2473741,0.3605533,0.53504497,0.42554247,0.5220435,0.2951375,0.680351,0.018738791,-0.064177044,0.07025733,0.119855046,0.47364965,0.46419856,0.32811886,0.2925115,-0.14415607,0.030915866,0.19951086,0.052389055,0.28693134,0.4552333,-0.19237337,0.26498282,0.10302798,0.4044412,-0.11351873,0.06941443,-0.18652596,-0.047086623
0.7610579,0.5593162,0.7776509,0.5378701,0.1481407,0.32991666,0.80174357,0.69556475,0.13152507,0.47250152,0.8938154,0.81665343,1.0,0.7866057,0.52411896,0.6847267,0.75208634,0.7780826,0.5925129,0.63058233,0.07105841,-0.0064469264,0.7155212,0.4294559,0.43243235,0.28307208,0.035891257,0.18579364,0.769254,0.77337366,0.6227873,0.63207,0.7905388,0.71065116,0.5228069,0.41311705,0.3959275,0.24957319,0.17080493,0.30809507,0.25054678,0.2860076,0.59141564,0.5885357,0.36745542,0.43196523,0.36850744,0.35630703,0.22758791,0.2589664,0.17743087,0.14004055,0.4841567,0.35196787,0.5009304,0.36541426,0.64182603,0.5351147,0.15388367,0.2544406,0.34238124,0.27964583,0.4490488,0.19014655,0.21570604,0.3008897,0.5608318,0.63943356,0.2842133,0.067357816,0.06702431,-0.049944595,0.52027375,0.110687755,0.15529582,-0.4618402,0.23356922,0.14392647,0.33785838,0.47322273,0.680934,0.2858223,0.74300784,0.7801083,0.77576846,0.42934355,0.24484402,0.100558266,0.5529864,0.35550442,0.50624865,0.2871158,0.14474636,0.50942445,0.0077309315,-0.121681444,0.071829826,0.01892263,0.44646266,0.3155105,0.38242218,0.111723885,-0.057261344,-0.044017065,0.12515865,0.025720824,0.25220636,0.34143987,-0.21080121,0.14843012,-0.080022186,0.18384913,-0.16938256,-0.009424613,-0.2676483,-0.105891064
0.53829855,0.58604544,0.6932933,0.74480104,0.41650805,0.45171306,0.7347587,0.8336206,0.43335962,0.57253635,0.77091616,0.84016174,0.7866057,1.0,0.67879546,0.72908676,0.69513357,0.8744282,0.6651008,0.60625064,0.2093738,0.20286778,0.59276015,0.69781804,0.33765438,0.34552678,0.102974676,0.3309397,0.83569366,0.7854347,0.6742809,0.7701413,0.75737894,0.7889916,0.64598644,0.52876824,0.47345856,0.32942504,0.25536603,0.42305458,0.17878567,0.36932862,0.6599413,0.6316113,0.35471997,0.43169826,0.5716318,0.58762485,0.09327269,0.2573217,0.13344447,0.35587022,0.43545923,0.32332066,0.5561222,0.55957943,0.42355734,0.6132388,0.06560598,0.16516456,0.20769411,0.27853435,0.21661998,0.4474422,0.07338208,0.33151087,0.55702925,0.6314952,0.33030748,0.05950398,0.22773315,0.23484433,0.58006144,0.26294026,0.1883084,-0.20605403,0.3007025,0.2848555,0.31869614,0.6274851,0.50979096,0.5973562,0.7802938,0.81703913,0.50456834,0.6144958,0.16761164,0.34609166,0.4672512,0.5978411,0.359486,0.41881716,0.193634,0.511923,0.2023652,0.13498777,0.2684799,0.24996972,0.5634392,0.4873134,0.3070029,0.2745447,0.008820277,0.16076241,0.29961842,0.17673256,0.46042863,0.4826325,-0.033630583,0.3028699,0.22531708,0.46258476,0.04044801,0.14209679,-0.021993116,0.1446263
0.2233662,0.22567052,0.53134024,0.51045996,0.68018246,0.6662199,0.4557156,0.52996576,0.71431893,0.74373406,0.5349329,0.5121551,0.52411896,0.67879546,1.0,0.79485285,0.663534,0.68311524,0.4814815,0.41630948,0.57376385,0.5294056,0.6155009,0.65687764,0.48555103,0.44207233,0.45425254,0.50537336,0.7617963,0.6599498,0.8332518,0.76195997,0.5219297,0.65733004,0.39213392,0.41626713,0.5338904,0.46840867,0.5252934,0.53865933,0.39693812,0.5278198,0.37783286,0.3008671,0.20432329,0.12126948,0.52321255,0.5146354,0.050174057,0.16606766,-0.12867473,0.12527122,0.24692653,0.06928251,0.5514827,0.4955978,0.118822865,0.32159388,-0.18715191,-0.103893936,-0.15389454,-0.066927426,0.0044597294,0.20190135,-0.07956975,-0.03452632,0.1761593,0.29361975,0.1657454,-0.064810716,0.5938319,0.5914227,0.7108254,0.5193418,0.5196494,0.20618092,0.5401219,0.4662407,0.52085125,0.6954781,0.46943384,0.59146124,0.6622633,0.61059433,0.30051968,0.32933328,0.30615887,0.40861136,0.56936544,0.46585655,0.12952395,0.14484666,0.041603383,0.18323393,0.50148106,0.32359126,0.584112,0.4933109,0.47400156,0.4193918,0.1653634,0.25168994,0.17619178,0.25957948,0.38392466,0.37284878,0.37491152,0.33886155,0.27458677,0.44308293,0.46532547,0.46662974,0.122434095,0.21746679,0.19017175,0.3332667
0.47713223,0.3896649,0.58267134,0.514417,0.45220175,0.5410929,0.5430983,0.57529986,0.52401483,0.7957058,0.68023807,0.66600215,0.6847267,0.72908676,0.79485285,1.0,0.6120023,0.69246876,0.59421045,0.5926377,0.3631841,0.39859697,0.68255603,0.54008347,0.36053476,0.33403286,0.344507,0.392192,0.7523809,0.83144146,0.79799426,0.7654215,0.6550654,0.7033884,0.38234806,0.43824622,0.45358297,0.41794917,0.45419428,0.46431103,0.3935079,0.3971844,0.445518,0.44256812,0.31285867,0.224992,0.51436675,0.4888659,0.15666658,0.16486044,0.10441752,0.18107712,0.33291367,0.18972802,0.53103334,0.4870728,0.4040002,0.3986219,0.010618757,0.09358536,0.11177481,0.12986265,0.2937,0.19648968,0.1324103,0.14157614,0.31415236,0.41240346,0.25272956,-0.026448965,0.42013833,0.36205053,0.69771767,0.44038203,0.50104004,-0.13735838,0.41606668,0.25321105,0.33206633,0.6106068,0.61976224,0.4194923,0.70776856,0.71875244,0.5400583,0.31366476,0.24384254,0.20915431,0.5735771,0.35400805,0.40734088,0.23572133,0.14724408,0.3459115,0.34646875,0.19330132,0.4113576,0.34107032,0.5066054,0.4453246,0.36548343,0.2334467,0.10528772,0.11921094,0.2794672,0.21213971,0.32214424,0.3851678,0.12052499,0.31476048,0.25884318,0.3932168,0.08759741,0.17374633,0.01826697,0.17106904
0.4632507,0.3305443,0.781909,0.56318545,0.3651352,0.4797856,0.70387876,0.6693673,0.33739644,0.4896658,0.685483,0.6132489,0.75208634,0.69513357,0.663534,0.6120023,1.0,0.8132769,0.44514638,0.454608,0.34288016,0.15321629,0.6604338,0.5068942,0.46470252,0.28171253,0.1998432,0.32322538,0.789937,0.69013274,0.6910434,0.6439511,0.62066776,0.6547392,0.6382725,0.54702204,0.5719998,0.3537364,0.39452547,0.49265087,0.24758212,0.4359624,0.53409094,0.5495639,0.25081998,0.236205,0.47386935,0.44720098,0.078160904,0.2244887,-0.132475,-0.00620027,0.35316184,0.21604016,0.61053807,0.4875788,0.37110272,0.40195933,-0.075772166,-0.033483397,0.023039335,0.03632137,0.14994511,0.1680879,-0.07781187,0.08160517,0.4492555,0.56431085,0.20325483,-0.034969658,0.3345087,0.20292938,0.5793684,0.33285683,0.32104915,-0.076876044,0.42941964,0.41437274,0.65464276,0.69586545,0.6323883,0.5338315,0.66851455,0.6595433,0.58734816,0.40927202,0.36355087,0.33055314,0.6365916,0.47262263,0.29350883,0.18396729,0.045847435,0.25582778,0.3207974,0.20246826,0.3915931,0.316239,0.49709117,0.39645168,0.321119,0.0753461,0.14030553,0.19054344,0.30961743,0.2807739,0.3441086,0.29043725,0.08171355,0.36375895,0.23695005,0.41101345,0.06474711,0.26783767,0.054744955,0.15405332
0.51787484,0.52047294,0.7686275,0.7188724,0.4320185,0.5225814,0.7481243,0.83522546,0.39770514,0.5280586,0.7903878,0.81432945,0.7780826,0.8744282,0.68311524,0.69246876,0.8132769,1.0,0.59312916,0.5510442,0.27585366,0.20167615,0.5931545,0.6267311,0.40257025,0.37244877,0.1876274,0.38564253,0.8765305,0.8309349,0.7180647,0.7519281,0.7536886,0.8095863,0.7152994,0.6362321,0.6000305,0.4385736,0.34314358,0.51012325,0.2119781,0.4370669,0.61478317,0.6181214,0.2725438,0.3796289,0.51593345,0.5725272,0.055793233,0.24328905,-0.018987658,0.17755552,0.39633793,0.27913308,0.61534524,0.59518087,0.39416215,0.5975677,-0.02565712,0.07176915,0.104073584,0.19660914,0.14813687,0.37129283,-0.032477193,0.22632061,0.5351283,0.6448997,0.2988123,0.03478625,0.3005408,0.24615943,0.65244704,0.3648709,0.2536141,-0.09508967,0.4162353,0.42199376,0.42031112,0.7582565,0.5172494,0.6508382,0.7945839,0.80885947,0.5335775,0.6087389,0.29016954,0.3961623,0.5172605,0.6202993,0.27907863,0.38370994,0.18550164,0.4517438,0.26399168,0.18690255,0.33305103,0.3219706,0.5357852,0.50456405,0.30457348,0.24517033,0.04303972,0.20359007,0.33208755,0.25063902,0.40320724,0.42636415,0.033072095,0.41516572,0.2715671,0.504629,0.028178137,0.20379713,0.016955977,0.15309961
0.7431433,0.8363105,0.62957454,0.67654675,0.13610701,0.29035455,0.704989,0.7088409,0.33681288,0.47386736,0.6701883,0.71040833,0.5925129,0.6651008,0.4814815,0.59421045,0.44514638,0.59312916,1.0,0.8722366,-0.044840902,0.11349387,0.49611998,0.55142826,-0.022385688,0.15911432,-0.20203032,0.1311896,0.6896195,0.66740024,0.50964963,0.5967838,0.8444139,0.8158758,0.4363454,0.58171093,0.2369151,0.18466198,0.016703099,0.0772902,0.074474305,0.26188856,0.66657543,0.62252694,0.51306015,0.6425702,0.49938902,0.6254139,0.0036856255,0.17969136,0.22664787,0.41799793,0.40697247,0.30404228,0.2615063,0.29855898,0.6769236,0.83559287,0.40066656,0.5356264,0.57003045,0.6407548,0.56608874,0.676392,0.2810452,0.609639,0.69158715,0.7030361,0.48297653,0.35203764,-0.037465222,0.009117906,0.4548158,-0.010401265,0.041060757,-0.26864207,0.16980772,0.121618815,0.1328889,0.44212267,0.49626142,0.49502262,0.7282122,0.64281034,0.43198806,0.6442688,-0.20891865,-0.110091195,0.07951741,0.34602943,0.1895512,0.5066206,0.39340362,0.5400049,0.048552006,-0.046000406,0.04967362,0.1528485,0.36095318,0.34256738,0.112291396,0.2573288,-0.30153942,-0.14708297,0.17761308,0.009672539,0.23711751,0.40018502,-0.12172179,0.29463258,0.28968957,0.4012698,-0.10303136,-0.0015899087,-0.09849477,0.08606333
0.78400785,0.7912407,0.6597523,0.5569307,0.13517876,0.28974324,0.6972503,0.6804243,0.25611004,0.46531412,0.6696423,0.68372124,0.63058233,0.60625064,0.41630948,0.5926377,0.454608,0.5510442,0.8722366,1.0,-0.08832371,0.06173376,0.50851816,0.45373487,0.02549901,0.116192676,-0.1395459,0.11008189,0.63781255,0.65685415,0.46302637,0.54550534,0.8011078,0.7709051,0.42386433,0.62779,0.19528872,0.117119886,0.081885256,0.11535205,0.11053961,0.24936645,0.64614195,0.6071938,0.40652552,0.6503234,0.53016675,0.57447106,0.015221342,0.13062023,0.25140566,0.2904537,0.37223926,0.32284984,0.3081114,0.30273473,0.7836244,0.77360547,0.4015937,0.5469765,0.6081249,0.64876276,0.63013124,0.5553593,0.34483734,0.5461415,0.72000813,0.74708414,0.41203418,0.31803593,-0.050707765,-0.07322719,0.42988902,-0.0215318,0.045507252,-0.35008654,0.079282954,0.06594477,0.11262444,0.3926391,0.56697077,0.37151664,0.7013895,0.5418016,0.54753315,0.5195047,-0.12694581,-0.22471152,0.19417793,0.25431725,0.27742764,0.45503178,0.31337637,0.52061576,0.119538635,0.032905005,0.09676591,0.19426529,0.39321434,0.31438288,0.22898838,0.15166703,-0.25545946,-0.17044142,0.2154328,0.0436231,0.30609503,0.41312963,-0.07026416,0.3066528,0.22770578,0.39036793,-0.15318544,0.06682078,-0.03912761,0.114573
-0.26621437,-0.2960068,0.192512,0.19593063,0.57536143,0.46668097,0.13020995,0.14160773,0.49193418,0.4202298,0.012993734,0.009220217,0.07105841,0.2093738,0.57376385,0.3631841,0.34288016,0.27585366,-0.044840902,-0.08832371,1.0,0.7280544,0.3489932,0.39694136,0.4871506,0.3531907,0.5648803,0.48206362,0.27213162,0.2179876,0.5354581,0.30369145,-0.040630344,0.12380138,0.17550667,0.10571826,0.511936,0.51579666,0.59086293,0.5177125,0.37851372,0.5362784,-0.055838,-0.03415765,-0.08983541,-0.34000307,0.24762881,0.12945326,0.020773996,0.082515776,-0.19611174,-0.19356515,0.00053992734,-0.1680297,0.40564018,0.37605298,-0.35071123,-0.18884954,-0.4470978,-0.38404825,-0.50116,-0.46374625,-0.41160455,-0.15049237,-0.313534,-0.4177259,-0.1947322,-0.10902998,-0.13841937,-0.20318666,0.7788088,0.77346665,0.4761885,0.7675039,0.61605716,0.54798996,0.62526435,0.6439954,0.4125312,0.40293473,0.10981102,0.32311898,0.23721726,0.19224939,0.06533305,0.013796869,0.43948704,0.52648485,0.49226454,0.34666723,0.0018005084,-0.15054353,-0.16746223,-0.21653908,0.52065,0.44656527,0.59759283,0.46747407,0.3230134,0.25487658,0.18695688,0.19502383,0.545283,0.5483884,0.3830737,0.52805734,0.29396257,0.047889024,0.51556665,0.33953688,0.31720704,0.2723613,0.2783273,0.34554648,0.4505615,0.48337737
-0.21732593,-0.0907442,0.14901666,0.26666945,0.5613626,0.43529865,0.10422999,0.17250493,0.5372746,0.4604285,-0.036336243,0.026970653,-0.0064469264,0.20286778,0.5294056,0.39859697,0.15321629,0.20167615,0.11349387,0.06173376,0.7280544,1.0,0.20079513,0.36691672,0.31971586,0.43163717,0.46898794,0.4906125,0.2519088,0.20247315,0.5277364,0.33623445,0.03154644,0.18930905,0.118030556,0.1819791,0.40162486,0.48064032,0.5420646,0.42352822,0.28881368,0.5166113,-0.020170012,0.025434606,-0.03280422,-0.17318687,0.34869435,0.2683743,-0.03336728,-0.017853579,-0.021841755,0.091210164,-0.021251546,-0.044353567,0.37893066,0.40607983,-0.22917922,0.009960466,-0.3626903,-0.21451156,-0.3175558,-0.28722826,-0.2730048,0.11196632,-0.18113147,-0.23036996,-0.10626881,-0.0641862,-0.10944784,-0.07385972,0.7607518,0.79811615,0.50328916,0.69949424,0.5674763,0.5548044,0.48109043,0.54210895,0.23247473,0.36069787,0.016908674,0.31782132,0.21570294,0.13987137,-0.089479856,0.0812735,0.24578273,0.36674953,0.2835074,0.34397465,-0.026388455,0.10344748,0.027913652,-0.114953786,0.43191528,0.44425192,0.55633026,0.46638474,0.30025426,0.27854702,0.17412648,0.2984602,0.38073844,0.43533176,0.4061607,0.40531713,0.37986252,0.19566382,0.48889068,0.4227922,0.4632229,0.3526302,0.28691223,0.29875094,0.45502815,0.5556577
0.5118807,0.3094292,0.7037918,0.47077096,0.27426803,0.41327646,0.7116434,0.55707926,0.44741926,0.6493603,0.64090097,0.56364197,0.7155212,0.59276015,0.6155009,0.68255603,0.6604338,0.5931545,0.49611998,0.50851816,0.3489932,0.20079513,1.0,0.5617619,0.43444484,0.25937554,0.18590443,0.26257476,0.6914836,0.66289824,0.74090916,0.64427245,0.59658176,0.6117115,0.3618528,0.32362702,0.45809433,0.3258119,0.31438577,0.3572177,0.2926876,0.3330762,0.34999287,0.37770793,0.266435,0.17618464,0.3227857,0.30152372,0.17977728,0.153232,0.03353142,0.012198213,0.3152614,0.10342367,0.43064567,0.30678234,0.44361582,0.32704744,-0.034769423,0.081687436,0.119809784,0.08900515,0.2742118,0.07977976,0.11734049,0.122099735,0.28814617,0.40360874,0.22641197,0.0573473,0.3307845,0.21396841,0.61887836,0.3053257,0.3691571,-0.16198249,0.4989362,0.36101592,0.5363067,0.5241165,0.75728047,0.39475736,0.7122816,0.6106417,0.71394706,0.32887527,0.32745993,0.14749186,0.5679565,0.2881553,0.26854232,0.08345417,0.014560729,0.2417991,0.19444273,0.035527155,0.26514542,0.17440209,0.34464893,0.2571508,0.26386246,0.17626242,0.11744448,0.09012616,0.18012568,0.16061315,0.22131574,0.21637672,0.027468799,0.2261856,0.10187572,0.19533664,-0.059658293,0.05362932,-0.0826101,0.051299125
0.2257311,0.46697336,0.56879824,0.79137224,0.6079469,0.5715736,0.609082,0.71840703,0.67341983,0.54799736,0.46139738,0.61188227,0.4294559,0.69781804,0.65687764,0.54008347,0.5068942,0.6267311,0.55142826,0.45373487,0.39694136,0.36691672,0.5617619,1.0,0.34653968,0.47882476,0.20110914,0.4809775,0.7101087,0.5589703,0.6061973,0.7314409,0.54352283,0.66520333,0.4535846,0.4810191,0.48223662,0.3826908,0.30795443,0.43346444,0.061580136,0.4577835,0.39933187,0.36576855,0.18438424,0.3096839,0.4650552,0.6008855,-0.08288056,0.0897143,0.014411655,0.2510618,0.3020062,0.121730715,0.38935238,0.4040038,0.1644609,0.5230165,-0.08852674,0.087789565,0.05094532,0.18642922,-0.052338835,0.5396309,-0.04288423,0.21423315,0.33807653,0.41649717,0.25014555,0.050887007,0.3211575,0.45640078,0.57005274,0.36473668,0.19130345,0.17846127,0.48640427,0.57639194,0.3916739,0.5498518,0.32140708,0.7283052,0.70382583,0.60958254,0.25080004,0.68392193,0.1938441,0.49098995,0.30097225,0.59113884,0.02842011,0.33467302,0.19443628,0.3111166,0.2606165,0.20069967,0.34503475,0.34201685,0.36473155,0.3700504,0.020694979,0.295369,-0.011450624,0.21352458,0.29227567,0.20752418,0.34362805,0.29828683,0.092363335,0.38894847,0.43954816,0.5112125,0.08418762,0.17512704,0.17079908,0.32369974
0.09015142,-0.045797084,0.37704787,0.2285997,0.52892506,0.5720554,0.30365366,0.24261333,0.19194429,0.37517312,0.3935,0.3241692,0.43243235,0.33765438,0.48555103,0.36053476,0.46470252,0.40257025,-0.022385688,0.02549901,0.4871506,0.31971586,0.43444484,0.34653968,1.0,0.6074234,0.5817371,0.6056266,0.4361722,0.38394183,0.516584,0.4458284,0.24627878,0.2726706,0.20967142,0.16888073,0.42457917,0.3825832,0.52487063,0.6100114,0.29956996,0.5106741,0.18288133,0.08455448,0.029407075,-0.044493746,0.24526486,0.19256678,0.17030102,0.16498794,-0.14335889,-0.09178356,0.16188252,0.035701137,0.48413745,0.39433616,-0.062309764,0.016044581,-0.32930657,-0.2211918,-0.21319848,-0.27487278,-0.13782808,-0.21160242,-0.19079433,-0.29516652,-0.004030039,0.07165399,-0.043907754,-0.23402624,0.39880708,0.3906401,0.41720062,0.3979664,0.36937967,0.13142423,0.45994645,0.46823904,0.27399048,0.32364655,0.21686481,0.1556003,0.36384672,0.4154215,0.36664793,0.14302371,0.6279391,0.52164114,0.59706736,0.375694,0.20852473,0.075234145,-0.0930763,0.1772096,0.31907797,0.17837752,0.42057163,0.28503767,0.32357723,0.2843585,0.2435079,0.069908015,0.21088554,0.25244105,0.28167892,0.33988357,0.2701705,0.2248517,0.19804698,0.33037877,0.14197844,0.20507692,0.018503904,0.15743384,0.117338635,0.15206575
0.07498951,0.22924091,0.32976407,0.4435266,0.5108103,0.5752806,0.24724737,0.32990983,0.35387796,0.33953276,0.32448298,0.3751359,0.28307208,0.34552678,0.44207233,0.33403286,0.28171253,0.37244877,0.15911432,0.116192676,0.3531907,0.43163717,0.25937554,0.47882476,0.6074234,1.0,0.4003421,0.5956832,0.46502462,0.35816136,0.5336313,0.522992,0.3335356,0.37237468,0.1743095,0.223093,0.3939524,0.46711782,0.36966246,0.44373956,0.18428127,0.48113808,0.12595296,0.11431763,0.0633737,0.1192359,0.23911104,0.35954115,0.11040517,0.049421683,-0.051264603,0.21318828,-0.006657626,0.2034682,0.35957852,0.33337516,-0.053496215,0.2976197,-0.20635109,-0.057112396,-0.062445603,-0.00095102785,-0.15400308,0.2440483,-0.05216388,-0.0833048,0.106305316,0.113605455,0.017730052,-0.09522688,0.35586134,0.45397055,0.51749754,0.4404934,0.2592465,0.27478,0.3852603,0.51821285,0.14459226,0.31091437,-0.020164756,0.33327067,0.3864071,0.41831505,0.07364321,0.38770112,0.44153,0.48050684,0.25375992,0.48365134,0.09209998,0.39627016,0.14315711,0.2587869,0.13512397,0.08327124,0.27227917,0.22013266,0.26219663,0.359332,0.06523133,0.18786784,-0.02571991,0.17158626,0.2236629,0.14185628,0.23259021,0.27936897,0.09678089,0.28471196,0.3129654,0.3291625,-0.043426633,0.0073798154,0.04114222,0.1371288
-0.2765917,-0.32525218,0.03818006,-0.024745548,0.56701,0.565129,-0.048043393,-0.00092343707,0.2938101,0.35942677,0.04886679,-0.00018218785,0.035891257,0.102974676,0.45425254,0.344507,0.1998432,0.1876274,-0.20203032,-0.1395459,0.5648803,0.46898794,0.18590443,0.20110914,0.5817371,0.4003421,1.0,0.63729995,0.20910344,0.26139903,0.41309255,0.333753,-0.06756533,0.061088573,0.025464568,0.18657558,0.4833971,0.48391548,0.69617087,0.6583183,0.45372137,0.47863153,-0.03304577,-0.08822465,-0.13545296,-0.2636929,0.28409043,0.19160691,-0.01542402,0.08483407,-0.31087285,-0.24921405,-0.06975515,-0.09943671,0.42826086,0.44203117,-0.29560432,-0.23317921,-0.40080193,-0.42946437,-0.40846834,-0.35668594,-0.3134478,-0.27422744,-0.2949537,-0.48611078,-0.2530615,-0.1072661,-0.13064878,-0.35367435,0.6363156,0.59844583,0.38451076,0.5987246,0.61397755,0.44971618,0.5055798,0.4613236,0.13623475,0.33981726,0.07821143,0.092726886,0.17519285,0.1425245,0.10572167,-0.1210813,0.5148679,0.4991101,0.54533565,0.2465502,0.10907838,-0.10130968,-0.02003907,-0.09312216,0.5356012,0.5003985,0.61750907,0.5432314,0.30471838,0.3052571,0.15295704,0.0680987,0.3960684,0.4009201,0.40410665,0.52269787,0.34435645,0.16384837,0.45173097,0.48364136,0.40179393,0.31973234,0.25988388,0.32702407,0.3893899,0.386178
-0.082385674,0.06882442,0.27084652,0.36029857,0.6079614,0.6271421,0.22662315,0.3262443,0.34793606,0.36534467,0.20016025,0.27291653,0.18579364,0.3309397,0.50537336,0.392192,0.32322538,0.38564253,0.1311896,0.11008189,0.48206362,0.4906125,0.26257476,0.4809775,0.6056266,0.5956832,0.63729995,1.0,0.47199383,0.42341515,0.5199308,0.53816175,0.25226775,0.3607696,0.25121692,0.42456838,0.49027973,0.44156528,0.5938009,0.6762008,0.17960443,0.62913465,0.1475465,0.10901299,-0.007115093,0.054315105,0.4139131,0.4598548,0.019320536,0.14597674,-0.1988077,0.112677775,0.0370548,0.04813878,0.53128934,0.5323497,-0.16921909,0.20595221,-0.23438016,-0.13614906,-0.21695171,-0.057068292,-0.23159014,0.14303307,-0.32284868,-0.1884108,0.055028453,0.1354187,0.0017416107,-0.05180849,0.51853293,0.57912874,0.54477555,0.5000534,0.42081833,0.41894177,0.47414038,0.61831725,0.15704228,0.39797956,0.04360608,0.37538815,0.4239191,0.37149358,0.123994805,0.34648052,0.5147578,0.58738506,0.39546013,0.6083346,0.10046316,0.34779447,0.12791304,0.25308895,0.4744341,0.44048718,0.53459287,0.5546414,0.43780127,0.4575483,0.16339053,0.33339116,0.23170508,0.43744135,0.45242625,0.4271946,0.45863402,0.35181054,0.4178483,0.6057616,0.5143338,0.50906074,0.20253044,0.27577734,0.36032864,0.41637525
0.5590977,0.6144564,0.80604494,0.74762934,0.48988295,0.6256162,0.7689836,0.82797724,0.49820727,0.5794025,0.7979962,0.8211792,0.769254,0.83569366,0.7617963,0.7523809,0.789937,0.8765305,0.6896195,0.63781255,0.27213162,0.2519088,0.6914836,0.7101087,0.4361722,0.46502462,0.20910344,0.47199383,1.0,0.8392693,0.79725885,0.84748584,0.82938296,0.87617993,0.6504365,0.6575068,0.60384196,0.46354803,0.39467067,0.5208309,0.24261595,0.50943625,0.6302299,0.621176,0.28300226,0.43438464,0.56777954,0.65072924,0.09410146,0.23915462,-0.049732387,0.2807513,0.4130809,0.31364635,0.6179848,0.5740964,0.4291782,0.6948086,-0.0040440583,0.17304845,0.16838908,0.2555016,0.19859684,0.4715045,0.029838027,0.27401268,0.5588748,0.65625745,0.3410988,0.091584794,0.33218318,0.2968831,0.75227606,0.3514335,0.29735586,-0.055915043,0.45114943,0.45382163,0.46656966,0.7039635,0.55031306,0.67641944,0.87450254,0.82795763,0.5245827,0.6660375,0.26562816,0.35718304,0.489856,0.6317261,0.2623496,0.45627603,0.24368183,0.49939775,0.28094906,0.16199276,0.3566145,0.3509387,0.5370271,0.5274354,0.23306447,0.290927,-0.015872285,0.17090747,0.32845744,0.22991377,0.37452212,0.43530875,0.046955884,0.46031487,0.36313915,0.55682665,-0.0010939392,0.17030929,0.012968941,0.15970305
0.63217145,0.5723535,0.7435904,0.6627266,0.36420873,0.58711314,0.70861584,0.75079805,0.3178556,0.63861173,0.826296,0.8301339,0.77337366,0.7854347,0.6599498,0.83144146,0.69013274,0.8309349,0.66740024,0.65685415,0.2179876,0.20247315,0.66289824,0.5589703,0.38394183,0.35816136,0.26139903,0.42341515,0.8392693,1.0,0.7431912,0.7869853,0.80615187,0.810274,0.56245834,0.6496561,0.57703334,0.5241102,0.42155147,0.53308547,0.35321027,0.4334955,0.6294096,0.6283892,0.38315678,0.39174435,0.52333695,0.63109386,0.09946635,0.26428714,0.059984293,0.20200013,0.43522188,0.29516777,0.59091496,0.60377216,0.52544916,0.60664815,0.087141015,0.15739562,0.25484705,0.30522668,0.3633825,0.3045139,0.06215905,0.2899191,0.5427502,0.66192,0.3976849,0.0862243,0.28836867,0.21649665,0.7099129,0.40927884,0.41768068,-0.17289314,0.4703677,0.33692855,0.24487595,0.66112435,0.6010248,0.47934145,0.81896925,0.83507144,0.64104265,0.51340204,0.25523365,0.26929525,0.55676156,0.5080044,0.44878322,0.40822512,0.29596668,0.5526689,0.23407964,0.1272805,0.30876568,0.31468365,0.55696243,0.54738766,0.40839636,0.29841295,0.048741937,0.14854941,0.3337084,0.24664146,0.36878788,0.4357606,-0.011283486,0.41665754,0.26760066,0.48758116,0.030326763,0.23043971,-0.030657703,0.07529714
0.3281203,0.2913283,0.66150063,0.57171196,0.5707907,0.6591885,0.57868934,0.58662283,0.611957,0.72665197,0.6136321,0.5842901,0.6227873,0.6742809,0.8332518,0.79799426,0.6910434,0.7180647,0.50964963,0.46302637,0.5354581,0.5277364,0.74090916,0.6061973,0.516584,0.5336313,0.41309255,0.5199308,0.79725885,0.7431912,1.0,0.82345533,0.61407036,0.7125732,0.47062802,0.46187192,0.6113942,0.511457,0.5495342,0.5612989,0.4264595,0.5218971,0.36681637,0.39783782,0.19065583,0.11893162,0.48215842,0.47474727,0.10767679,0.14283285,-0.12194902,0.13063902,0.2348019,0.17288744,0.6119348,0.52514654,0.2558779,0.38289768,-0.15666178,-0.05053102,-0.05896587,-0.025135797,0.09641578,0.17186649,-0.04246743,-0.03963659,0.2599115,0.3768378,0.15217271,0.03122701,0.58144194,0.51366967,0.79372376,0.56617504,0.524996,0.115556076,0.56912506,0.48449093,0.49099144,0.6695035,0.56102616,0.53319997,0.72482115,0.68246466,0.45625892,0.3728087,0.37663546,0.3731898,0.59934497,0.49143797,0.23216102,0.23432544,0.07077716,0.22679706,0.3615708,0.22649626,0.47282133,0.3963781,0.47319242,0.44947907,0.235017,0.2774813,0.15641123,0.22561207,0.3353909,0.28315264,0.35015708,0.37511948,0.21771207,0.41888893,0.3596268,0.44042853,0.08871441,0.14648531,0.06549218,0.2414624
0.39155045,0.49358347,0.6816958,0.6979054,0.5804988,0.68280065,0.60636085,0.7186688,0.5742583,0.664137,0.66222495,0.7185085,0.63207,0.7701413,0.76195997,0.7654215,0.6439511,0.7519281,0.5967838,0.54550534,0.30369145,0.33623445,0.64427245,0.7314409,0.4458284,0.522992,0.333753,0.53816175,0.84748584,0.7869853,0.82345533,1.0,0.71973467,0.81177884,0.5330018,0.589152,0.5200201,0.41660747,0.49369287,0.6126551,0.29456553,0.4947586,0.5285425,0.48818094,0.23405954,0.28363723,0.58393687,0.65368265,0.04643976,0.19853504,-0.08303579,0.241217,0.3222581,0.21563086,0.5867152,0.56060165,0.31674796,0.56844854,0.0024998102,0.07740518,0.07651608,0.1800293,0.11602227,0.37018466,0.037990477,0.11330676,0.39560264,0.5007295,0.274781,0.08104158,0.40272075,0.42583913,0.73165244,0.4195636,0.3665946,0.01483504,0.44906333,0.43166974,0.38046446,0.6468893,0.4678776,0.61885834,0.7872788,0.7671034,0.38975066,0.5357993,0.28527883,0.41690615,0.4670753,0.5857623,0.26140743,0.42244458,0.17435563,0.43486872,0.36901972,0.28899372,0.450533,0.43649814,0.5064172,0.50845647,0.2093127,0.3147073,0.024511607,0.1865399,0.35255614,0.2422857,0.40024006,0.42230117,0.16274951,0.468567,0.43712708,0.6060803,0.06471385,0.17075366,0.07019696,0.24125388
