1.0,0.8551161,0.74630636,0.7212768,0.06839993,0.121238686,0.5453649,0.73785263,0.0006889539,0.31101057,0.8041093,0.822243,0.749539,0.6623039,0.5034373,0.4644696,0.6808816,0.71406204,0.85413504,0.8682353,-0.080967635,0.21945417,0.50304633,0.41793567,-0.041667737,0.09661084,0.10385475,0.16901793,0.622531,0.5629491,0.106454365,0.5489151,0.6281261,0.4126302,0.33798602,0.66188496,0.67574644,0.61750114,0.6052821,0.53071034,0.37883294,0.16277537,0.2455063,0.20917541,0.5020627,0.22251184,0.5696054,0.535981,0.34164974,0.19226208,0.4628389,0.19291411,0.29347163,0.22183156,0.534005,0.37391087,0.94009304,0.6651169,0.3363677,0.16013771,0.735743,0.2874636,0.6469606,0.36021656,0.27581605,0.24017791,0.65309566,0.6628809,0.7257287,0.7759234,0.2908,0.6218188,0.4368924,0.6215156,0.52028227,0.31806728,0.49278444,0.5725377,-0.08030087,0.6944681,0.4963786,0.46399567,0.23506027,0.12508631,0.69906694,0.40346473,0.007598146,0.065055795,0.53916484,0.1901925,0.01151199,0.040197417,-0.08684147,-0.025679415,0.4714085,0.32504424,0.42740104,0.30279484,0.14998148,0.04435251,0.26831996,-0.3272038,0.28899392,0.2574189,0.116032004,0.3701629,0.37230814,0.26890364,0.13488542,0.41514936,0.50884455,0.16253577,0.0021311902,0.028287819,0.19475044,0.2633863
0.8551161,1.0,0.6680418,0.77491266,0.1484052,0.09565354,0.5812686,0.8336695,0.18983456,0.44267404,0.84714633,0.868017,0.7753954,0.8087043,0.5197563,0.5645592,0.68808067,0.7760061,0.79122996,0.8321727,-0.013255427,0.2530137,0.5910147,0.41606137,-0.045159407,0.07230128,0.10860527,0.1408332,0.6066077,0.5937907,0.1678131,0.6005636,0.6818892,0.35649946,0.29848537,0.74131036,0.7353039,0.6473106,0.63616323,0.58565164,0.3539893,0.28552353,0.33148512,0.22908057,0.5686671,0.29053202,0.6218822,0.49175668,0.37708238,0.26537377,0.37364998,0.2669309,0.14715488,0.19436048,0.560879,0.43001756,0.88183224,0.78305864,0.28552598,0.14064902,0.68630445,0.41798425,0.50280726,0.53646594,0.19276094,0.27688703,0.6884728,0.70471567,0.7558821,0.8653417,0.35945603,0.55699146,0.44926554,0.5776065,0.5314394,0.23892164,0.5964289,0.6183144,-0.14640532,0.72754085,0.45356363,0.6396692,0.25821376,0.24279831,0.630381,0.5805673,-0.07142344,-0.0072565153,0.4701909,0.34816712,-0.030065116,0.13159023,-0.060917366,0.042039182,0.51574165,0.27753764,0.5000755,0.31789806,0.14659671,0.10938296,0.27843112,-0.2524825,0.24509045,0.30051115,0.16429028,0.37429902,0.45235783,0.25311276,0.2562213,0.48185256,0.52903867,0.17338601,-0.11766311,-0.06351321,0.14580747,0.29616842
0.74630636,0.6680418,1.0,0.70583886,0.23262902,0.29686773,0.7202009,0.734064,0.049635887,0.48586598,0.7187794,0.6977472,0.7536393,0.61958075,0.52397335,0.6138159,0.8244026,0.6729783,0.70715004,0.7956955,0.17065848,0.53245825,0.7421582,0.677957,-0.0140130315,0.3612364,0.2821571,0.39026484,0.7889676,0.6672604,0.40656015,0.773384,0.7374471,0.5087904,0.54161286,0.6461392,0.70527834,0.57489175,0.65507436,0.6392148,0.49355224,0.15379214,0.326173,0.24539946,0.4267511,0.25389186,0.56427294,0.475881,0.35715735,0.34200487,0.41803285,0.114920884,0.17804039,0.24991424,0.5295338,0.4378424,0.73374844,0.5956418,0.3556624,0.14670995,0.6954051,0.29901117,0.6741648,0.41368517,0.48883387,0.19062078,0.55947244,0.5381151,0.57081497,0.6326588,0.6543103,0.8098875,0.73429155,0.71470183,0.72369695,0.5141702,0.6276976,0.6831025,0.018813366,0.6133206,0.6412672,0.49774212,0.6043124,0.48852107,0.6249057,0.4750713,0.031417858,0.13336244,0.42744926,0.3085329,0.21964191,0.25684106,-0.06696052,0.05199321,0.49974594,0.41619954,0.54274356,0.49922657,0.28764737,0.33039445,0.3761462,-0.22010078,0.344891,0.38733137,0.31115603,0.3602418,0.424307,0.28953397,0.34246913,0.5239315,0.5333059,0.14787145,-0.1724351,0.058339864,0.31253007,0.4173019
0.7212768,0.77491266,0.70583886,1.0,0.27617985,0.12889476,0.8184376,0.7978465,0.22975157,0.38038504,0.6190422,0.6487613,0.6518923,0.62333745,0.50858796,0.6040973,0.7514019,0.6960845,0.62793773,0.7932308,0.28054413,0.453312,0.6560673,0.6992714,0.020202726,0.26156345,0.20995718,0.25892606,0.6565153,0.6431357,0.46987325,0.7272277,0.8336314,0.6334577,0.47343007,0.6561604,0.8055729,0.73154014,0.7821662,0.7688712,0.59135675,0.15967096,0.5988976,0.50824636,0.70325214,0.4480936,0.7571704,0.6848538,0.36088172,0.37265468,0.5568751,0.17340319,0.23606671,0.17407674,0.78374463,0.7544797,0.71526337,0.79633635,0.33246243,0.22587219,0.7984056,0.46285656,0.63612026,0.6152378,0.42840502,0.3148071,0.8328616,0.77178365,0.77830654,0.8597939,0.5506516,0.59082747,0.59895843,0.66069984,0.61553276,0.4348354,0.75419706,0.621805,0.09039571,0.7016062,0.68773866,0.7830467,0.34553653,0.35380164,0.7800293,0.6118444,0.037101284,0.020801786,0.6718406,0.48497158,0.2383343,0.33542842,0.07651919,0.13980177,0.6964683,0.58018726,0.8021319,0.70110846,0.5768959,0.53141207,0.5282128,-0.19349025,0.44397703,0.33545205,0.21867378,0.4513274,0.50782967,0.53467023,0.5043943,0.71449167,0.75973696,0.4360087,-0.026088756,0.050964728,0.3506757,0.6227442
0.06839993,0.1484052,0.23262902,0.27617985,1.0,0.17273535,0.2920786,0.17461705,0.25179946,0.26078367,0.19683643,0.1670437,0.1626538,0.1355254,0.21134141,0.3469978,0.28025934,0.22145171,0.05439995,0.15591197,0.3257676,0.4141433,0.37397128,0.36317745,-0.041205954,0.50851536,0.0076560504,0.50803536,0.3085577,0.27004218,0.35378855,0.31421673,0.3231343,0.19873749,0.20358725,0.328876,0.26869866,0.099158265,0.31788456,0.24219725,0.32669324,0.048963007,0.24036412,0.07461313,0.17256366,0.08799969,0.19612297,0.14384758,-0.057028078,0.11467623,0.13974285,0.039749507,-0.034749787,0.11893287,0.20409976,0.20475532,0.050528683,0.27517954,0.17639357,-0.015322528,0.2150241,0.060793478,0.12237072,0.2761258,0.1721567,-0.05264209,0.20568168,0.10408187,0.14971359,0.17265472,0.36802858,0.26450908,0.3355292,0.17982024,0.33968455,0.13221453,0.45499703,0.40040654,-0.012423698,0.14179109,0.17581,0.22922732,0.37730795,0.3019513,0.089349896,0.11216165,-0.03614853,0.0055657425,0.116197005,0.22819582,0.13207927,0.22080556,0.039980423,0.03711558,0.16450676,0.09549812,0.27776283,0.22491355,0.1678323,0.26634076,0.2688333,0.09278752,0.29935035,0.2621449,-0.011573463,0.29050735,-0.07037005,0.09707492,0.064618476,0.24492647,0.16949789,0.14538515,-0.1869623,-0.11909397,0.2812487,0.2884737
0.121238686,0.09565354,0.29686773,0.12889476,0.17273535,1.0,0.25249335,0.18677446,-0.09314705,0.53414536,0.20742606,0.24119893,0.18543525,0.15997207,0.11557895,0.34102204,0.28717422,0.1599736,0.06315474,0.18058321,0.035307877,0.30747762,0.24703996,0.30262414,-0.23398428,0.2669827,0.007525225,0.45472255,0.30769145,0.2918173,0.28503594,0.20950137,0.25075385,0.31243378,0.16971995,0.010152603,0.0017100748,-0.08023816,0.07749555,0.13006946,0.23740499,0.15977076,-0.07429959,-0.14974163,-0.05021487,-0.09771338,-0.07033316,-0.15842234,-0.082994126,0.14321126,-0.016179267,0.051978223,-0.10477183,0.12463187,-0.0688146,-0.043394707,0.09913154,0.13329971,0.11908003,-0.20682147,0.11403816,0.16764793,0.24403888,0.23450868,0.28539297,0.016857572,-0.048548248,-0.04221062,-0.038324464,0.05235874,0.3488157,0.29683575,0.331924,0.35664102,0.22071686,0.34768075,0.093941815,0.17537746,0.29126564,0.19388704,0.30154163,0.15289374,0.4692098,0.24757674,0.008359905,-0.0037337,0.22481954,0.14675996,-0.0027418965,0.2022095,0.2993461,0.12528157,-0.01801674,0.08689444,-0.06072723,0.14509866,0.05015338,0.12532106,0.12555175,0.16303514,0.12373058,-0.041417636,0.07210579,0.10948634,0.1377282,0.041740805,0.025486266,-0.05403445,0.08419955,0.057106875,-0.08790498,-0.010867883,-0.21428058,0.06451231,0.027296638,-0.04181495
0.5453649,0.5812686,0.7202009,0.8184376,0.2920786,0.25249335,1.0,0.74480623,0.28467032,0.4217151,0.5221883,0.5567048,0.5854171,0.55545443,0.54665613,0.64986825,0.79860604,0.6301563,0.43498924,0.62650967,0.37048176,0.5901199,0.73765254,0.7473319,-0.07438473,0.3908619,0.21379036,0.32314226,0.74214613,0.702965,0.5611987,0.7293127,0.86488754,0.682356,0.6473867,0.49413094,0.7199776,0.669861,0.746769,0.7550061,0.61778736,0.12780051,0.5443622,0.45896882,0.5386521,0.3842938,0.67475545,0.6043746,0.2228103,0.33789885,0.4414754,0.12680787,0.18864547,0.15336537,0.7178853,0.760474,0.5168896,0.67907,0.2928813,0.17580315,0.76512283,0.52307874,0.63571304,0.64131945,0.6548742,0.3160289,0.6782084,0.5746608,0.6401,0.7024859,0.7161845,0.6333452,0.7671043,0.6815752,0.7099385,0.56938463,0.7711338,0.6075223,0.25405148,0.6063049,0.8009486,0.787013,0.5333698,0.5320894,0.71008533,0.61191374,0.052917466,0.028175438,0.59243023,0.5210619,0.35011694,0.4065549,0.13837327,0.21721464,0.62725294,0.673653,0.78202957,0.7738581,0.66000265,0.71649194,0.5293129,-0.13014528,0.45575845,0.41091192,0.31501335,0.51266265,0.5105334,0.6449841,0.57567644,0.6989463,0.66927123,0.5037541,-0.017242698,0.1084813,0.35933936,0.7319684
0.73785263,0.8336695,0.734064,0.7978465,0.17461705,0.18677446,0.74480623,1.0,0.2917085,0.5461487,0.78585047,0.8291399,0.8347978,0.8138527,0.6145881,0.71520776,0.752955,0.86251426,0.73764396,0.7563817,0.1467418,0.3745267,0.77909774,0.5057128,-0.07756428,0.1349211,0.25847825,0.13324182,0.64780176,0.7758868,0.24698131,0.66041523,0.8164437,0.35607207,0.4972252,0.64288193,0.71069247,0.6257027,0.63426566,0.6114149,0.4400353,0.34119835,0.27066994,0.16116169,0.436775,0.19701849,0.5838026,0.45604345,0.26522443,0.2210908,0.2749375,0.14321609,0.10787782,0.17904532,0.5858884,0.4869554,0.747904,0.77984536,0.18974389,0.06360793,0.7567966,0.5165043,0.65570754,0.6804472,0.4317571,0.2650983,0.6184116,0.6045694,0.7373672,0.80403507,0.49792716,0.6514643,0.59571826,0.5912754,0.6199841,0.35259888,0.66177803,0.6238313,-0.14962097,0.79871887,0.6727707,0.7919087,0.3753807,0.4230192,0.62962866,0.64862305,-0.08754522,-0.09206106,0.5129089,0.3469324,0.02728494,0.18618007,-0.02845842,0.091446064,0.5483677,0.3883777,0.56382036,0.45830223,0.2812137,0.3209176,0.37337798,-0.19004269,0.30712202,0.3488797,0.17848484,0.49547648,0.52327466,0.4616915,0.3754845,0.5036212,0.5115344,0.27127704,-0.08438054,0.01891312,0.23196672,0.4371909
0.0006889539,0.18983456,0.049635887,0.22975157,0.25179946,-0.09314705,0.28467032,0.2917085,1.0,0.2790298,0.08795804,0.11365792,0.10441703,0.16220362,0.23493803,0.3849316,0.15012622,0.28838733,0.0378149,0.06656482,0.15504429,0.2508916,0.332252,0.06420475,0.13682449,0.08520417,0.22209667,0.004514912,0.11034522,0.30357644,0.07842933,0.08212968,0.30392408,-0.035402346,0.29573324,0.11278658,0.1403238,0.15253618,0.12225754,0.10590626,0.087846,0.18681185,0.108628914,-0.020274634,0.012106052,-0.077147916,0.112890504,0.081438914,-0.020638274,-0.06721673,-0.053009328,0.20956153,-0.020746488,-0.03662947,0.12749805,0.22423309,-0.013247308,0.25030765,-0.12259963,0.10125323,0.15681216,0.11101646,0.051193006,0.29921705,0.2144023,0.039231177,0.11798111,-0.0050532953,0.33707425,0.2249595,0.18956189,0.086314894,0.13874067,-0.036517657,0.14878142,0.02818918,0.3292087,0.15087041,-0.11912198,0.19455528,0.22459793,0.44004047,0.14537695,0.4264903,0.048534784,0.29337102,0.011808542,-0.24637094,0.08188842,0.19284569,0.040443003,0.3404706,-0.010255504,0.13232817,0.038773637,-0.018720897,0.21834627,0.09163766,0.18827848,0.31667197,0.20054173,0.10811042,0.033482898,0.29326093,0.019478716,0.23184611,0.06781333,0.27000156,0.12540168,0.035373826,0.0665227,0.33183077,0.029820466,-0.14873083,0.3282527,0.27683774
0.31101057,0.44267404,0.48586598,0.38038504,0.26078367,0.53414536,0.4217151,0.5461487,0.2790298,1.0,0.4537199,0.54338574,0.48541978,0.5328107,0.48141363,0.7562257,0.5340267,0.55273664,0.33411106,0.41944358,0.11898247,0.46573338,0.53954214,0.39232853,-0.16546409,0.1631354,0.23160692,0.41268182,0.48772705,0.6372164,0.30662552,0.39735287,0.5125246,0.32502243,0.3655904,0.3550886,0.28734857,0.13728295,0.29239374,0.2776646,0.26723224,0.15775178,0.044957332,-0.13928546,0.09127642,-0.03328068,0.10438969,-0.07543193,-0.060892794,0.1649735,-0.023254972,0.18989329,-0.09951442,0.071586855,0.117731184,0.11317509,0.30332404,0.39949325,0.19348703,-0.092497006,0.31967625,0.24905594,0.3169974,0.5105193,0.31853363,0.004280829,0.1483913,0.14059767,0.29746696,0.34322715,0.41985032,0.47162002,0.48048654,0.40264365,0.38837993,0.3559399,0.36388594,0.43213987,0.060981713,0.4652188,0.49583316,0.4642545,0.55550206,0.51805615,0.1079476,0.33096573,0.2628474,0.0819129,0.13679156,0.3033313,0.2117462,0.34243566,-0.10187812,0.02775651,0.08159608,0.17012453,0.2357163,0.16621709,0.13643777,0.25201535,0.22091042,0.02726076,0.13905257,0.25618815,0.27264902,0.20047307,0.17257166,0.059394035,0.13429071,0.1651599,0.047313333,0.1004265,-0.2051771,-0.07714154,0.30505845,0.12860037
0.8041093,0.84714633,0.7187794,0.6190422,0.19683643,0.20742606,0.5221883,0.78585047,0.08795804,0.4537199,1.0,0.8917644,0.85092837,0.81490296,0.5634791,0.5766443,0.71414596,0.77639693,0.7972736,0.75605243,0.0025418203,0.22655098,0.6162485,0.3802415,-0.18207613,0.0875622,0.15835294,0.18879826,0.67740995,0.6103859,0.13238426,0.5810592,0.582048,0.25349626,0.25754154,0.65535426,0.6684415,0.57813776,0.59438324,0.53648376,0.34659275,0.32153252,0.12775576,0.0512271,0.33169568,0.11601513,0.48717892,0.3571743,0.2716796,0.123042636,0.22918358,0.14093563,0.038402565,0.21399699,0.45203716,0.26958007,0.82321644,0.7080725,0.18310675,0.08081428,0.57758707,0.36202577,0.50788623,0.46543404,0.1765195,0.18262102,0.46679708,0.49895486,0.5596045,0.7166829,0.42503142,0.6900727,0.5252339,0.5890852,0.61540955,0.24250035,0.5187789,0.6405946,-0.2048855,0.65971476,0.40053025,0.50373316,0.32690808,0.21490772,0.47792923,0.44240245,-0.11211223,-0.0373754,0.37303424,0.27297965,-0.07464974,0.038791873,-0.10891086,0.00020155312,0.43792516,0.25119826,0.37218735,0.24773389,0.0072461376,0.0087201,0.1701032,-0.27024958,0.26593384,0.26025128,0.14587879,0.39203644,0.41912538,0.20999874,0.20769125,0.40984452,0.39364254,0.019781882,-0.21912888,-0.075503916,0.04168484,0.20950176
0.822243,0.868017,0.6977472,0.6487613,0.1670437,0.24119893,0.5567048,0.8291399,0.11365792,0.54338574,0.8917644,1.0,0.8255207,0.874955,0.5391861,0.6076852,0.7034769,0.81205803,0.77522725,0.77161723,-0.052687958,0.2403179,0.6165788,0.43151698,-0.15677446,0.08029111,0.121624105,0.16904779,0.6082189,0.6500653,0.13259351,0.52874714,0.6418291,0.324389,0.27181515,0.61568743,0.6092559,0.4959979,0.5640353,0.5115247,0.31907892,0.26175117,0.14951383,0.039586324,0.3864379,0.12533945,0.46534947,0.3213548,0.2239566,0.09959488,0.2355805,0.18173261,0.11279962,0.18293807,0.43976685,0.28806695,0.80681425,0.71392685,0.22845764,-0.033604246,0.6161209,0.41899982,0.53520167,0.54458916,0.24911112,0.17706025,0.5035488,0.49462298,0.6191807,0.7383066,0.39768794,0.62699515,0.48364145,0.5407637,0.55715144,0.24125539,0.51672053,0.5683848,-0.14143007,0.71497107,0.5035304,0.5655512,0.3567472,0.30546093,0.49609053,0.47664684,-0.09167076,0.08356719,0.3968452,0.29426512,-0.003891981,0.09216113,-0.10398247,0.005984522,0.40002853,0.25430068,0.3884849,0.25234324,0.08239888,0.076030985,0.19072652,-0.23091151,0.24474049,0.2736817,0.2095004,0.4012776,0.4176086,0.20507608,0.19395061,0.38852623,0.37299857,0.062524304,-0.21479118,-0.06848439,0.16583882,0.20729873
0.749539,0.7753954,0.7536393,0.6518923,0.1626538,0.18543525,0.5854171,0.8347978,0.10441703,0.48541978,0.85092837,0.8255207,1.0,0.79223806,0.6766856,0.67221105,0.7358358,0.8468025,0.79014856,0.7304062,0.11131473,0.28719237,0.7109891,0.4397038,-0.084468804,0.09353688,0.2518964,0.20738898,0.6656925,0.73065865,0.1622689,0.63749146,0.6491572,0.27329484,0.32550016,0.6520559,0.6583206,0.57431567,0.58185446,0.55816007,0.41513783,0.2942125,0.107098155,0.0311355,0.3382987,0.087458275,0.45910484,0.3517446,0.25255913,0.13798057,0.15035656,0.12100023,0.074132435,0.27091572,0.5048911,0.35911986,0.7715002,0.7292823,0.12802388,0.110046096,0.62857306,0.42529473,0.6331496,0.5556888,0.22078274,0.14512298,0.49852133,0.5073314,0.5787757,0.7360147,0.43509498,0.655975,0.55729604,0.59571886,0.6415747,0.22949833,0.528115,0.5968884,-0.21614297,0.77858,0.5943394,0.60319746,0.3925551,0.32750973,0.52084666,0.5375022,-0.07069118,-0.079385094,0.45150125,0.31315312,-0.03449853,0.129714,-0.058734793,0.031157156,0.48649254,0.31974497,0.418367,0.32452482,0.12816487,0.13608639,0.22801597,-0.20407023,0.30390978,0.29256386,0.18685395,0.4772426,0.5744211,0.36345634,0.2271909,0.41443503,0.40581572,0.09858319,-0.123519845,0.018601844,0.13437165,0.32439327
0.6623039,0.8087043,0.61958075,0.62333745,0.1355254,0.15997207,0.55545443,0.8138527,0.16220362,0.5328107,0.81490296,0.874955,0.79223806,1.0,0.46371815,0.5811475,0.66716766,0.7464235,0.6749307,0.6724438,-0.00048169584,0.2570465,0.59917194,0.44201764,-0.16611461,0.009006548,0.1467532,0.06169225,0.5332876,0.62054133,0.19861048,0.54786617,0.60827136,0.30171034,0.21528436,0.56148887,0.5677986,0.48381293,0.54047805,0.5263515,0.33217594,0.24427016,0.18217072,0.069505095,0.41248342,0.18350317,0.4557739,0.26014543,0.22813198,0.14838119,0.13930151,0.13843486,0.029875688,0.19673458,0.42793027,0.3410029,0.67372745,0.6691749,0.14598842,-0.07939805,0.505724,0.44999745,0.41027522,0.5909847,0.15389813,0.15148275,0.46356237,0.47319835,0.5585057,0.70683074,0.3959697,0.5206641,0.45764625,0.5110915,0.4983562,0.23587364,0.4933446,0.5081284,-0.08341347,0.6139492,0.44597322,0.61276084,0.31377646,0.3439519,0.4110025,0.565392,-0.15680628,0.05908567,0.3405257,0.33512947,-0.05101075,0.12609053,-0.0424441,0.06668752,0.434721,0.24998085,0.40877223,0.29286736,0.11545037,0.14283559,0.15062977,-0.15098748,0.16544811,0.24359784,0.25457528,0.34033778,0.49400675,0.24613087,0.32415068,0.4159484,0.3723905,0.11049294,-0.24899451,-0.06884541,0.14748187,0.22815156
0.5034373,0.5197563,0.52397335,0.50858796,0.21134141,0.11557895,0.54665613,0.6145881,0.23493803,0.48141363,0.5634791,0.5391861,0.6766856,0.46371815,1.0,0.7342418,0.6292549,0.7256011,0.5010534,0.41552097,0.14564769,0.3713123,0.62411946,0.25471,-0.06405962,0.02969078,0.38136542,0.1922254,0.679287,0.7145445,0.030226067,0.45250997,0.624949,0.2890951,0.57504505,0.47151873,0.56724495,0.54786515,0.5736031,0.49999857,0.49470663,0.27988902,0.10300655,0.01490258,0.15872906,0.0442729,0.34553862,0.26749513,0.11731278,0.04882782,-0.027703838,0.08345222,0.007580682,0.115898505,0.4820335,0.40342584,0.48464063,0.60265595,0.08203186,0.2273244,0.48803598,0.4486569,0.51498586,0.62030387,0.33836567,0.2838501,0.37069714,0.312905,0.43440002,0.51325023,0.4018277,0.5766795,0.5827488,0.41963968,0.5990234,0.25072438,0.4915769,0.4447846,-0.14100276,0.6485729,0.65892637,0.6063737,0.33152094,0.35504532,0.40332362,0.5688632,0.048492078,-0.054170545,0.45945916,0.25397545,-0.06258851,0.17135714,-0.0054585896,0.092586875,0.3918076,0.42451334,0.433446,0.3664779,0.22384351,0.3129451,0.2707245,-0.13597366,0.41160467,0.28617358,0.14435793,0.46645984,0.48166227,0.53890157,0.20345387,0.36803973,0.35312027,0.15292324,0.03401385,0.022480289,0.18010192,0.43054155
0.4644696,0.5645592,0.6138159,0.6040973,0.3469978,0.34102204,0.64986825,0.71520776,0.3849316,0.7562257,0.5766443,0.6076852,0.67221105,0.5811475,0.7342418,1.0,0.68058825,0.74766785,0.4800221,0.5275798,0.2145972,0.65917915,0.7404374,0.52184236,-0.09511387,0.24224757,0.29995757,0.43526652,0.7137559,0.84408385,0.3365712,0.604335,0.7191241,0.35439187,0.5792794,0.51274645,0.5346811,0.40276998,0.5272946,0.47961086,0.5102929,0.19379324,0.15183558,-0.014753376,0.2144604,0.03261905,0.2918923,0.17930625,0.061825268,0.13695925,0.018507114,0.14421377,-0.10750463,0.12945731,0.35915786,0.37209803,0.45654592,0.58795255,0.104135275,0.2114222,0.5335154,0.41346383,0.4921636,0.6430145,0.4631857,0.2127497,0.3548807,0.29431063,0.5356673,0.5583546,0.50713813,0.6339652,0.65788996,0.55253875,0.6128521,0.40431517,0.59995294,0.5754048,-0.058391847,0.6143306,0.6784155,0.66903406,0.64717704,0.61257,0.3362352,0.5312441,0.20615238,-0.06957785,0.33264858,0.37819865,0.1946209,0.38975665,-0.00852264,0.097558066,0.31421974,0.3508634,0.42925757,0.36202788,0.29970154,0.43428245,0.34306335,-0.035103578,0.34141964,0.43291834,0.23206371,0.5035625,0.3113732,0.35808367,0.2895682,0.33045954,0.29109243,0.25185215,-0.14164935,0.057506505,0.41301215,0.42930952
0.6808816,0.68808067,0.8244026,0.7514019,0.28025934,0.28717422,0.79860604,0.752955,0.15012622,0.5340267,0.71414596,0.7034769,0.7358358,0.66716766,0.6292549,0.68058825,1.0,0.7689396,0.6273515,0.7420864,0.25622874,0.5625492,0.76198375,0.66830295,-0.13830687,0.274411,0.197116,0.35038102,0.84737605,0.7462913,0.5009425,0.78000045,0.8115046,0.5972936,0.6255988,0.61161155,0.70183533,0.6607861,0.68147683,0.7120551,0.58699125,0.24515411,0.38274026,0.28833976,0.45514083,0.29225084,0.6015695,0.48476297,0.19032925,0.34489542,0.3230386,0.095899716,0.023416368,0.24187918,0.5989993,0.5802157,0.65967226,0.67693186,0.27612445,0.08720301,0.65573996,0.40611768,0.6134996,0.6349138,0.5309279,0.2689225,0.5864528,0.52684885,0.60395336,0.66393405,0.66860026,0.7027614,0.75280887,0.73280585,0.7133576,0.57527286,0.6930121,0.675438,0.14462887,0.6598089,0.75761193,0.6813835,0.5312843,0.5285706,0.5882195,0.5061048,0.006996692,0.10765328,0.466618,0.40624985,0.2349839,0.34868038,0.04335007,0.100352995,0.5192038,0.5158851,0.64554477,0.59726095,0.43645576,0.51400584,0.3900162,-0.2830176,0.36776012,0.27166378,0.34921283,0.39200002,0.47275758,0.41025066,0.45642933,0.6041549,0.5758286,0.28463063,-0.06834306,0.14811331,0.31067,0.5073822
0.71406204,0.7760061,0.6729783,0.6960845,0.22145171,0.1599736,0.6301563,0.86251426,0.28838733,0.55273664,0.77639693,0.81205803,0.8468025,0.7464235,0.7256011,0.74766785,0.7689396,1.0,0.7482399,0.6920293,0.11457616,0.35541314,0.74342847,0.39302507,-0.03846323,0.07362371,0.30783656,0.17670673,0.64682883,0.82035214,0.14531392,0.5830269,0.7664865,0.25739875,0.48571566,0.6352812,0.600476,0.53423977,0.52996707,0.50981075,0.4166123,0.3605109,0.10881987,-0.027485209,0.3053839,0.038620725,0.44409317,0.3048447,0.1710649,0.12546809,0.08865993,0.12220106,-0.00085574377,0.21000093,0.47327545,0.36861894,0.71795094,0.76349586,0.16077696,0.08627409,0.66748655,0.44355226,0.63475657,0.7081386,0.3713123,0.22975217,0.49177602,0.45586365,0.6701108,0.71760345,0.40246168,0.61699027,0.53527945,0.48719674,0.5813213,0.28730333,0.55619115,0.53090227,-0.2744327,0.83198726,0.6871521,0.71866256,0.3825232,0.42225504,0.4975264,0.55286705,-0.012769125,-0.035286713,0.4195414,0.23200504,-0.03362706,0.1942566,-0.09758058,0.0289603,0.40151685,0.25665277,0.43359178,0.3090008,0.15938862,0.23525615,0.2785945,-0.2642181,0.30303323,0.26072115,0.12966825,0.4583725,0.44375888,0.38586268,0.21039112,0.36423886,0.37570575,0.15369716,-0.066690676,0.043076735,0.23749547,0.32590437
0.85413504,0.79122996,0.70715004,0.62793773,0.05439995,0.06315474,0.43498924,0.73764396,0.0378149,0.33411106,0.7972736,0.77522725,0.79014856,0.6749307,0.5010534,0.4800221,0.6273515,0.7482399,1.0,0.84857523,-0.060452607,0.20407228,0.47450694,0.2819061,-0.0071097696,-0.02804688,0.16480765,0.13508423,0.5873411,0.58359027,0.0035040223,0.4934391,0.54498917,0.21165517,0.30321032,0.61531585,0.5714691,0.506217,0.46701226,0.42877945,0.3067481,0.26392108,0.081508376,0.06740138,0.32179642,0.12642714,0.44270447,0.34797484,0.29085493,0.117952414,0.3018656,0.14418869,0.12933436,0.23116244,0.4016837,0.21958376,0.8616363,0.56826484,0.1847771,0.104139864,0.5981606,0.18241206,0.54728264,0.34141093,0.12147418,0.116669096,0.49722186,0.56677735,0.6799672,0.65751326,0.21207184,0.63719845,0.43575308,0.55649614,0.43324935,0.29499888,0.3787405,0.5272935,-0.24197106,0.6488454,0.44033113,0.4107552,0.20957626,0.12753136,0.5404366,0.40183228,-0.06068281,-0.031406004,0.39864975,0.08310942,-0.037915226,0.0441523,-0.1481265,-0.04258956,0.37634996,0.19739494,0.3050041,0.18161003,0.023068307,-0.02663478,0.1345289,-0.2952026,0.15638666,0.16608702,0.029899893,0.36498255,0.38208404,0.20113266,0.10006384,0.32107228,0.39075872,0.042120695,0.016841168,0.047780935,0.18740912,0.17960632
0.8682353,0.8321727,0.7956955,0.7932308,0.15591197,0.18058321,0.62650967,0.7563817,0.06656482,0.41944358,0.75605243,0.77161723,0.7304062,0.6724438,0.41552097,0.5275798,0.7420864,0.6920293,0.84857523,1.0,0.056302316,0.35960618,0.5499127,0.5710344,-0.0017726417,0.18477675,0.08185768,0.31224328,0.6561581,0.5891991,0.32721692,0.6569272,0.68347186,0.5106482,0.36472517,0.68568987,0.70044976,0.58943516,0.607377,0.5873712,0.3843452,0.15184975,0.35802746,0.30842844,0.5593637,0.32483107,0.6011047,0.5379283,0.35377672,0.29911497,0.54172987,0.21418308,0.22870658,0.2498342,0.55357164,0.44185072,0.87032664,0.6491273,0.33489096,0.12484815,0.7307188,0.26778165,0.6067112,0.3849435,0.31122115,0.15807772,0.69667155,0.7265063,0.74804586,0.77500755,0.39889097,0.64223766,0.51385885,0.69132614,0.49943346,0.41153905,0.5796878,0.66854084,0.024035493,0.6619433,0.5328059,0.531476,0.35667354,0.24468228,0.6992149,0.44511044,0.03839517,0.04598524,0.5055118,0.3021996,0.19847706,0.21252796,-0.037638944,-0.014804856,0.5015094,0.34881708,0.5168292,0.40025637,0.27393392,0.20487948,0.37950167,-0.30434984,0.2884003,0.29275846,0.16467838,0.41773093,0.36868423,0.24392937,0.2665031,0.5034513,0.55873984,0.25026742,-0.025484022,0.03348802,0.3302382,0.3501364
-0.080967635,-0.013255427,0.17065848,0.28054413,0.3257676,0.035307877,0.37048176,0.1467418,0.15504429,0.11898247,0.0025418203,-0.052687958,0.11131473,-0.00048169584,0.14564769,0.2145972,0.25622874,0.11457616,-0.060452607,0.056302316,1.0,0.35685343,0.35131973,0.39786547,0.24229968,0.20549393,0.06656816,0.3077255,0.25105613,0.22768302,0.53466433,0.32864043,0.2856111,0.31091288,0.32038677,0.1937005,0.29143918,0.23836944,0.27191615,0.3104857,0.3929181,-0.13638899,0.36034536,0.2811281,0.16994536,0.1832419,0.22865738,0.2564542,0.037350718,0.12978916,0.1665242,-0.030974412,-0.038616333,0.1368327,0.3179935,0.42825484,-0.049465112,0.16809778,0.03654588,0.04138024,0.20743366,0.064189,0.12899134,0.25926468,0.3016097,-0.11176969,0.278052,0.14181493,0.12986489,0.14769672,0.36982295,0.13231291,0.3787578,0.22735164,0.31461984,0.3259721,0.44054985,0.32112563,0.14438464,0.14208055,0.31562495,0.32516825,0.21281905,0.21407601,0.22203796,0.23070717,0.100702696,-0.18248996,0.26242307,0.3086364,0.2967685,0.25822875,0.290202,0.056145508,0.31149372,0.35533503,0.4190772,0.42098287,0.45987245,0.49861443,0.38361374,0.052847642,0.4447159,0.08656643,0.0381748,0.28604573,0.091140226,0.36857322,0.28453743,0.36788997,0.3201152,0.4209377,0.15321659,0.20240213,0.27613094,0.5693487
0.21945417,0.2530137,0.53245825,0.453312,0.4141433,0.30747762,0.5901199,0.3745267,0.2508916,0.46573338,0.22655098,0.2403179,0.28719237,0.2570465,0.3713123,0.65917915,0.5625492,0.35541314,0.20407228,0.35960618,0.35685343,1.0,0.5952061,0.6107485,0.0613957,0.49479866,0.27637634,0.57181877,0.59992534,0.575361,0.5750493,0.59085053,0.6057574,0.4121773,0.6409568,0.3369141,0.3737605,0.26158285,0.37328643,0.39021453,0.5594092,0.035996597,0.34128264,0.1786306,0.27341047,0.15030666,0.27822062,0.22799262,0.09993125,0.26048696,0.17657009,0.053810377,-0.090959124,0.14891782,0.24692278,0.36757082,0.1978535,0.2508469,0.22257522,0.17790094,0.38927954,0.114912644,0.25827292,0.36907142,0.54775107,0.124357484,0.30238155,0.20797622,0.448168,0.29934382,0.5617859,0.527791,0.66069704,0.5100952,0.50548935,0.60529184,0.5872892,0.4718599,0.14717907,0.2273109,0.54127055,0.44706216,0.72449154,0.6728448,0.30213395,0.31623784,0.17632201,0.025698181,0.16966644,0.37653744,0.4350817,0.5201944,0.12743656,0.1969073,0.2038533,0.33274567,0.3936877,0.40024537,0.42743397,0.6061037,0.4096464,0.033592746,0.30423516,0.3820347,0.21220775,0.3792109,0.07987209,0.21585156,0.32057244,0.29471266,0.33840227,0.35458508,-0.15515701,0.22238468,0.5661454,0.5020373
0.50304633,0.5910147,0.7421582,0.6560673,0.37397128,0.24703996,0.73765254,0.77909774,0.332252,0.53954214,0.6162485,0.6165788,0.7109891,0.59917194,0.62411946,0.7404374,0.76198375,0.74342847,0.47450694,0.5499127,0.35131973,0.5952061,1.0,0.6175778,-0.007236747,0.34132016,0.3402445,0.3158532,0.7005456,0.7278154,0.43296373,0.74221635,0.8390994,0.32209486,0.612605,0.64759237,0.67535037,0.5283764,0.61550593,0.5964677,0.5682527,0.32425877,0.31657284,0.13334419,0.34565952,0.14442566,0.49677202,0.3771892,0.25666597,0.29903385,0.15215458,0.09684663,-0.06387418,0.22354111,0.5028057,0.48230362,0.49950254,0.7109883,0.14968523,0.1169721,0.65958905,0.50322783,0.5921564,0.7331896,0.5660405,0.2281832,0.50411,0.3773118,0.52701557,0.6153706,0.71516246,0.6651026,0.7199922,0.4844483,0.770462,0.38599023,0.7479863,0.6168366,-0.16514713,0.67652196,0.65874785,0.72978294,0.579538,0.65063214,0.46093073,0.6000645,-0.014518278,-0.041240666,0.30031338,0.45382443,0.06733641,0.30846024,0.0045911395,0.1321822,0.4916284,0.34226602,0.5593267,0.4918148,0.28528562,0.48004332,0.4232797,-0.11393266,0.43544605,0.43150324,0.2697578,0.42566752,0.40412325,0.38589266,0.4161895,0.493982,0.4371,0.19441073,-0.22024013,0.022491403,0.30416176,0.50172585
0.41793567,0.41606137,0.677957,0.6992714,0.36317745,0.30262414,0.7473319,0.5057128,0.06420475,0.39232853,0.3802415,0.43151698,0.4397038,0.44201764,0.25471,0.52184236,0.66830295,0.39302507,0.2819061,0.5710344,0.39786547,0.6107485,0.6175778,1.0,-0.021298166,0.49236548,0.12630425,0.43917984,0.60859966,0.5247648,0.7406401,0.72683334,0.67360705,0.73595494,0.41008717,0.48464143,0.5958715,0.43616357,0.62685907,0.6203136,0.5088392,-0.08888356,0.57268924,0.4707691,0.59205246,0.355354,0.5157544,0.5073636,0.20540108,0.3937699,0.46997184,0.043203123,0.15052323,0.22686063,0.5682225,0.6259297,0.394045,0.51142645,0.29510933,0.1386858,0.59516805,0.3602619,0.4916119,0.41444677,0.5093287,0.10229343,0.5925839,0.4761908,0.46916926,0.5393571,0.6886218,0.5429413,0.62701607,0.650553,0.6027691,0.4492618,0.6905961,0.5833933,0.3548981,0.41663358,0.5978584,0.51250124,0.6390848,0.5002938,0.5299054,0.4115662,0.12020843,0.143684,0.42844307,0.50186986,0.51132834,0.45753753,0.17182323,0.15301314,0.53710616,0.54085183,0.6661044,0.6739115,0.6282315,0.6350245,0.48187828,-0.03942876,0.48305157,0.39422673,0.42010903,0.34901515,0.29247418,0.3313922,0.5291686,0.60657007,0.57398564,0.3886227,-0.19532047,0.05865518,0.45783868,0.58555394
-0.041667737,-0.045159407,-0.0140130315,0.020202726,-0.041205954,-0.23398428,-0.07438473,-0.07756428,0.13682449,-0.16546409,-0.18207613,-0.15677446,-0.084468804,-0.16611461,-0.06405962,-0.09511387,-0.13830687,-0.03846323,-0.0071097696,-0.0017726417,0.24229968,0.0613957,-0.007236747,-0.021298166,1.0,0.16694535,0.14328703,-0.08928011,-0.12101604,-0.1327931,0.012102182,-0.03808144,-0.017465888,-0.09958486,0.013881026,0.052975345,-0.011362982,0.04936733,-0.108355135,-0.11582834,0.031505313,-0.079800524,0.071079545,0.030489754,0.06552009,-0.049492586,-0.024640314,0.1209056,0.18952115,0.0009538062,0.06113792,0.09353758,0.06509153,0.17546539,-0.0080439765,0.06363608,0.005075742,-0.055680737,0.03559406,0.1538401,-0.01794232,-0.21213329,-0.058068544,-0.09708522,-0.10209422,-0.13308124,0.06707369,0.06841726,0.0934205,0.0029285476,-0.14435025,-0.16414843,-0.15070319,-0.16290435,-0.11770089,-0.11181746,-0.03537274,-0.07206278,-0.19433385,0.034343667,-0.04272838,0.0068596955,-0.0055268416,0.038549863,0.104691066,0.1278468,0.105563276,-0.030181922,0.051997732,0.05181139,0.007751891,0.2221714,0.26281518,-0.04774155,-0.032763153,-0.14693235,-0.022025982,-0.10187946,0.053432498,0.009539946,0.15848503,0.11019432,0.15751034,0.22435561,-0.052500296,-0.0747976,-0.0072137164,-0.037776157,-0.086418085,-0.07188753,-0.0069522066,0.13182998,0.10926572,0.09941637,0.19804393,0.08648762
0.09661084,0.07230128,0.3612364,0.26156345,0.50851536,0.2669827,0.3908619,0.1349211,0.08520417,0.1631354,0.0875622,0.08029111,0.09353688,0.009006548,0.02969078,0.24224757,0.274411,0.07362371,-0.02804688,0.18477675,0.20549393,0.49479866,0.34132016,0.49236548,0.16694535,1.0,0.08355464,0.4538629,0.31804377,0.18917358,0.49442032,0.43275294,0.30737567,0.28330237,0.22426683,0.24241598,0.29538965,0.14336737,0.25088057,0.27187306,0.18829007,0.09871317,0.3341351,0.2419562,0.22566895,0.18005005,0.25671855,0.32824835,0.17912887,0.22896759,0.36125657,0.026591996,0.039397433,0.13808747,0.19956668,0.23176868,0.09564203,0.14274299,0.33855796,0.1944625,0.2654638,-0.057240505,0.1627611,0.018798625,0.30554122,0.064765655,0.22953586,0.18858571,0.14713566,0.19247867,0.4237078,0.30379927,0.3528321,0.30297434,0.37224504,0.19777559,0.41710445,0.41826233,0.11298854,0.11794189,0.22669616,0.12379884,0.59788704,0.33670473,0.26369596,0.07665038,-0.0050391955,0.09928017,0.1348784,0.34607553,0.38880774,0.3573708,0.15017,0.13209978,0.19034494,0.1668013,0.26424965,0.29076678,0.29811266,0.34303465,0.34498426,0.05655642,0.27081987,0.49906918,0.12466673,0.15028103,0.01917369,0.012680575,0.12483792,0.23056066,0.25944173,0.1552251,-0.32140753,-0.008620664,0.2714054,0.31535265
0.10385475,0.10860527,0.2821571,0.20995718,0.0076560504,0.007525225,0.21379036,0.25847825,0.22209667,0.23160692,0.15835294,0.121624105,0.2518964,0.1467532,0.38136542,0.29995757,0.197116,0.30783656,0.16480765,0.08185768,0.06656816,0.27637634,0.3402445,0.12630425,0.14328703,0.08355464,1.0,0.021090176,0.1576858,0.29786637,-0.0702178,0.14291552,0.27767888,-0.04964503,0.30600542,0.17003748,0.18399684,0.1839822,0.17570373,0.18274568,0.2302035,0.15774305,0.060419917,-0.0016627338,0.0250564,-0.048820116,0.14403409,0.1168488,0.1913051,0.03769205,-0.026861483,-0.022471005,0.012516782,0.047540814,0.17936254,0.13848194,0.10756385,0.27532178,0.12724915,0.12129449,0.21287401,0.16415004,0.2091248,0.2742184,0.2089508,0.1917801,0.111506484,0.061158504,0.18958242,0.18477477,0.2532915,0.3318822,0.27467316,0.041716766,0.31272253,0.07899608,0.21271354,0.0995662,-0.24780025,0.25761643,0.28244686,0.26814124,0.2047761,0.20408958,0.109753214,0.26929832,0.14545225,0.09527827,0.14504302,0.07859487,-0.13666852,0.08442585,-0.11973525,0.049160976,0.1420656,0.083506286,0.16493244,0.14559291,0.05326508,0.15116903,0.0905279,0.04124589,0.19402476,0.09567453,0.067448474,0.04004236,0.22302799,0.21029438,0.08191384,0.08704897,0.1700465,-0.020389628,-0.13562201,-0.115825094,0.10225863,0.16532701
0.16901793,0.1408332,0.39026484,0.25892606,0.50803536,0.45472255,0.32314226,0.13324182,0.004514912,0.41268182,0.18879826,0.16904779,0.20738898,0.06169225,0.1922254,0.43526652,0.35038102,0.17670673,0.13508423,0.31224328,0.3077255,0.57181877,0.3158532,0.43917984,-0.08928011,0.4538629,0.021090176,1.0,0.41149718,0.30056658,0.41192144,0.32471144,0.3167381,0.35331586,0.30359602,0.25020465,0.22472535,0.01822195,0.2524512,0.21544975,0.30593944,-0.1530765,0.18791395,0.049742572,0.14277488,0.11218988,0.15214811,0.07001733,-0.01573191,0.2048816,0.23230171,0.097140275,0.020772872,-0.06708212,0.113525964,0.12793772,0.14321175,0.19393775,0.19019021,0.12623517,0.273225,-0.0002108352,0.25863647,0.15762861,0.3542382,-0.02784399,0.19583723,0.12974289,0.14939947,0.15671423,0.426011,0.3595355,0.44410947,0.35213053,0.36407524,0.33156148,0.38935766,0.38879997,0.19932587,0.1252917,0.30551648,0.14239678,0.54820466,0.3464994,0.1698229,-0.00016364522,0.32277155,0.12444026,0.09145792,0.24014531,0.41208136,0.29603174,-0.04518717,-0.04031686,0.09511033,0.18219261,0.21641639,0.2101838,0.19553004,0.27169707,0.27183297,-0.013672999,0.25872433,0.17858279,0.02772391,0.3011284,-0.09192093,0.022370296,0.033670783,0.20407873,0.15615255,0.1707359,-0.13250668,0.09972588,0.407501,0.24941657
0.622531,0.6066077,0.7889676,0.6565153,0.3085577,0.30769145,0.74214613,0.64780176,0.11034522,0.48772705,0.67740995,0.6082189,0.6656925,0.5332876,0.679287,0.7137559,0.84737605,0.64682883,0.5873411,0.6561581,0.25105613,0.59992534,0.7005456,0.60859966,-0.12101604,0.31804377,0.1576858,0.41149718,1.0,0.7081005,0.46361715,0.76352257,0.7175276,0.5556066,0.6382816,0.58280534,0.69475085,0.6529347,0.6853038,0.66264766,0.61924165,0.20855016,0.35488307,0.2936044,0.37299946,0.31184253,0.53138345,0.4594451,0.25204718,0.31970263,0.29299057,0.10775468,-0.02844277,0.24256402,0.53749573,0.5205781,0.6132456,0.56384003,0.2380423,0.26160604,0.57427293,0.36340332,0.5131659,0.50388724,0.47469297,0.3264995,0.50323504,0.48317823,0.5356793,0.5791603,0.6408098,0.7942242,0.8192884,0.786575,0.76449734,0.5986139,0.6564674,0.70154965,0.14244981,0.5327923,0.6726758,0.55756795,0.5892505,0.48507437,0.54051566,0.51057005,0.023266697,0.07836608,0.41970816,0.40756354,0.2437056,0.28414315,0.09904393,0.19419797,0.49518523,0.5174215,0.57594234,0.5525485,0.39992347,0.47877517,0.3356812,-0.18285654,0.41565198,0.36322457,0.34682336,0.39193434,0.42505768,0.38968554,0.4457686,0.5713826,0.54679066,0.21212766,-0.08239042,0.12950107,0.26954284,0.50341064
0.5629491,0.5937907,0.6672604,0.6431357,0.27004218,0.2918173,0.702965,0.7758868,0.30357644,0.6372164,0.6103859,0.6500653,0.73065865,0.62054133,0.7145445,0.84408385,0.7462913,0.82035214,0.58359027,0.5891991,0.22768302,0.575361,0.7278154,0.5247648,-0.1327931,0.18917358,0.29786637,0.30056658,0.7081005,1.0,0.32626066,0.6020737,0.74445194,0.42141914,0.6133646,0.48650128,0.49343345,0.43533283,0.4736167,0.45379624,0.4668878,0.24801792,0.119482376,0.011004903,0.2417007,-0.012477552,0.32309955,0.24944413,0.11065838,0.10811515,0.09100173,0.034332275,0.04344254,0.28413475,0.39167312,0.37499654,0.5590516,0.55322737,0.2186876,0.12967889,0.6225337,0.4394262,0.59879947,0.64615566,0.5347556,0.22155048,0.4026931,0.36238754,0.620236,0.5806999,0.45902964,0.65538716,0.6203518,0.63892984,0.55656207,0.46965963,0.52650094,0.5476269,-0.001715576,0.70565766,0.7819746,0.67069155,0.5661275,0.5554982,0.45391724,0.5339464,0.07332766,-0.04002726,0.39208266,0.30651984,0.1958065,0.28527722,0.025150733,0.14572617,0.3289254,0.3834506,0.4054403,0.38097265,0.3228993,0.4175384,0.31275102,-0.17943166,0.34999025,0.34617296,0.16295126,0.49027726,0.37003133,0.45127675,0.26353726,0.29914272,0.32457942,0.27400506,0.010467387,0.11638711,0.34712863,0.4015934
0.106454365,0.1678131,0.40656015,0.46987325,0.35378855,0.28503594,0.5611987,0.24698131,0.07842933,0.30662552,0.13238426,0.13259351,0.1622689,0.19861048,0.030226067,0.3365712,0.5009425,0.14531392,0.0035040223,0.32721692,0.53466433,0.5750493,0.43296373,0.7406401,0.012102182,0.49442032,-0.0702178,0.41192144,0.46361715,0.32626066,1.0,0.63169956,0.47054383,0.62907135,0.31156364,0.28546068,0.34065953,0.28806907,0.37263012,0.42995209,0.4312123,-0.06801504,0.54378927,0.4324694,0.4523248,0.3476723,0.34986416,0.33452624,0.12717815,0.3273951,0.33304915,0.017593034,-0.047897596,0.18914296,0.3342925,0.51641315,0.115008846,0.2333131,0.2660222,0.0120696,0.2956816,0.15337642,0.18755594,0.26664385,0.39366347,0.0039101583,0.3948382,0.31549263,0.2701926,0.297808,0.53258735,0.2670079,0.4576836,0.5615958,0.34550202,0.52864474,0.5305031,0.4602675,0.4675631,0.18115214,0.40955994,0.3773136,0.4937607,0.48158553,0.322964,0.20792514,0.13991924,0.04388682,0.20899773,0.49775502,0.5472445,0.4788461,0.29700974,0.20329426,0.32327738,0.4296854,0.50860786,0.53815335,0.59448504,0.63714725,0.4257776,0.064432874,0.3607735,0.25843897,0.28427792,0.1630172,0.10947813,0.16139455,0.4698826,0.44231102,0.4077667,0.4233811,-0.11465736,0.17152815,0.32157356,0.4541372
0.5489151,0.6005636,0.773384,0.7272277,0.31421673,0.20950137,0.7293127,0.66041523,0.08212968,0.39735287,0.5810592,0.52874714,0.63749146,0.54786617,0.45250997,0.604335,0.78000045,0.5830269,0.4934391,0.6569272,0.32864043,0.59085053,0.74221635,0.72683334,-0.03808144,0.43275294,0.14291552,0.32471144,0.76352257,0.6020737,0.63169956,1.0,0.7491943,0.49960613,0.5099352,0.6800781,0.7629407,0.62748086,0.68892944,0.7362347,0.5902163,0.22891527,0.48528948,0.37983853,0.5270066,0.39879733,0.62453437,0.52222985,0.40758744,0.3911004,0.40387937,-0.014539419,-0.027866375,0.19424164,0.6008966,0.5875427,0.58666956,0.59288776,0.30478567,0.2462295,0.62925637,0.31483093,0.54331034,0.48546562,0.46189627,0.27135614,0.62412363,0.593599,0.52900124,0.6465795,0.6642171,0.6465488,0.69915193,0.6923417,0.72444665,0.4907486,0.7286927,0.67519516,0.038129255,0.5576046,0.5896841,0.61038214,0.5890045,0.49676323,0.6051862,0.5034528,-0.059316624,-0.011867416,0.4067508,0.44207585,0.24435598,0.3046087,0.055178218,0.14040653,0.6002054,0.49024212,0.6448409,0.62203336,0.42003226,0.4974282,0.45732537,-0.13806877,0.4015686,0.38329905,0.29333195,0.37605393,0.44589928,0.3401638,0.49279448,0.6324318,0.63059956,0.24035421,-0.18651289,0.08146276,0.24719559,0.5421648
