1.0,0.7501315,0.83231133,0.8074788,-0.20248002,0.22522576,0.82062054,0.83617365,0.22087616,0.2660595,0.71378416,0.73735595,0.67956483,0.5937368,0.08956496,0.23846371,0.5343794,0.43342325,0.7920608,0.7887915,0.1767431,0.32061502,0.7114134,0.65517354,-0.047773793,-0.045785654,0.23698375,0.18042187,0.47353956,0.6039951,0.26035917,0.54466563,0.8003907,0.7371358,0.57535666,0.59852445,0.37811792,0.52050424,0.45179796,0.45012432,0.41353333,0.4275785,0.39309186,0.31731448,0.50736356,0.5148023,0.4868223,0.5414564,-0.011788631,0.24332328,0.02226169,-0.14522119,-0.2707307,0.16582347,0.495113,0.40883005,0.7228403,0.25535336,-0.39185625,0.19724075,0.3875187,0.039323185,0.46995068,-0.047828723,-0.13946474,-0.111131,0.6019543,0.6959492,0.83919984,0.751239,0.3750197,0.40469086,0.55905724,0.05573215,0.41541258,0.49034762,0.59094644,0.6180281,0.38661656,0.31443477,0.5906817,0.18105681,0.34664354,0.48207992,0.6103711,0.04923012,0.37029684,0.3917734,0.6496799,0.16115914,-0.06387665,-0.019318061,0.17833751,-0.09421575,0.5955018,0.4997651,0.59705675,0.5841488,0.26515192,0.2338807,0.12470324,-0.14038722,0.22324917,-0.39427847,-0.5245349,-0.124887854,0.15476781,0.19289781,0.34327182,0.63652545,0.5369715,0.31089982,-0.28305134,-0.003205766,-0.1476823,-0.2311747
0.7501315,1.0,0.73250926,0.7603187,-0.10214324,0.15881608,0.64921635,0.66947764,0.22499503,0.18984231,0.45872617,0.59025455,0.4600594,0.33805192,0.11992307,0.20236206,0.2636487,0.24217634,0.6099579,0.6738485,0.27366194,0.43430436,0.62920004,0.67405206,-0.18612811,-0.09551384,0.25570208,0.18272685,0.42898118,0.50473493,0.3769557,0.5866482,0.68254566,0.59964126,0.47262934,0.5051575,0.5512333,0.51881903,0.5601121,0.5181169,0.5950605,0.5220363,0.3137018,0.4228608,0.5432408,0.5588574,0.291895,0.382975,0.11798227,0.26269358,0.13217856,-0.06775495,-0.31655023,0.12491933,0.5836934,0.4424,0.6030796,0.58431935,-0.23495328,0.11709705,0.17363288,-0.12482137,0.18079543,0.042741153,-0.18369435,-0.10725858,0.59754,0.63740045,0.7799513,0.75037175,0.43609187,0.46862164,0.56075525,0.20519292,0.39093012,0.42886972,0.45632374,0.49902022,0.1167048,0.13586038,0.4101381,0.29796854,0.27505657,0.47989064,0.38902625,0.21949038,0.39429823,0.39374447,0.63665044,0.33999923,-0.0949408,0.079573914,0.16570774,-0.08112682,0.62915236,0.56209064,0.5265765,0.50212014,0.22578211,0.4313365,0.27852902,-0.12509239,0.16848843,-0.34033757,-0.46988103,-0.10755692,0.31730336,0.23637965,0.4147073,0.57874995,0.48692632,0.23760964,-0.23743942,0.22327852,-0.057011325,-0.17505293
0.83231133,0.73250926,1.0,0.8727508,-0.03628942,0.30538756,0.8690907,0.8391657,0.35940626,0.38945562,0.7048052,0.6965637,0.7396336,0.5972114,0.23441496,0.4144148,0.5250391,0.50640076,0.77360487,0.82629657,0.3689737,0.5284268,0.82439625,0.835708,0.005627811,-0.07214816,0.34523204,0.31074348,0.6516672,0.6802457,0.41845572,0.70339274,0.7731025,0.7482383,0.5438416,0.56491953,0.5605315,0.6236727,0.56674564,0.610165,0.5335465,0.5145858,0.3394342,0.3398993,0.41684657,0.5772446,0.41514757,0.4835117,-0.03011081,0.16613932,0.08146725,-0.17742845,-0.28021902,0.18360412,0.6989257,0.59787303,0.6815204,0.41989914,-0.42775396,0.28352508,0.27541277,0.06743331,0.3250425,0.12239741,-0.16425203,-0.07763133,0.5490727,0.72357136,0.8235387,0.84917957,0.61717194,0.6492349,0.7250024,0.324067,0.50705934,0.57441634,0.569974,0.6032099,0.38035956,0.33532956,0.6057749,0.22312728,0.42817786,0.61980975,0.5637074,0.32143468,0.42933482,0.3890646,0.76571107,0.38434705,-0.10090891,-0.006404422,0.20011197,-0.13341264,0.76880944,0.7088777,0.7141304,0.6937105,0.41312355,0.4704861,0.15773769,-0.19810982,0.22513433,-0.3381304,-0.516323,-0.08465301,0.32839385,0.39875227,0.5077093,0.7342932,0.51953477,0.38379136,-0.2788708,0.13615097,-0.16430739,-0.19617903
0.8074788,0.7603187,0.8727508,1.0,-0.08375565,0.27410814,0.8436843,0.8777046,0.35001153,0.42488137,0.7084428,0.7590258,0.71818084,0.5962369,0.22955476,0.35425946,0.5108809,0.54946613,0.8542097,0.89415586,0.42937252,0.5494325,0.82159233,0.8204634,0.052205015,-0.038674224,0.3334344,0.31621057,0.62084234,0.7245155,0.45905617,0.6892977,0.83687717,0.80751175,0.6554616,0.6808309,0.5785091,0.6258306,0.5726044,0.5825474,0.59027666,0.46849892,0.3447469,0.35674572,0.48391455,0.5535502,0.40121314,0.53133863,0.017243821,0.25923964,0.0743269,-0.22932276,-0.27871764,0.15734378,0.6687936,0.51438534,0.7253793,0.40923163,-0.41797227,0.27054226,0.33268937,0.057750892,0.41987607,0.07886847,-0.16069497,-0.13892691,0.6132805,0.77939385,0.8716038,0.8137406,0.5907729,0.6534238,0.71576846,0.23739141,0.5284334,0.6383,0.68515277,0.7280973,0.40128258,0.42838854,0.64048016,0.25561696,0.40298465,0.5640594,0.5911814,0.260769,0.40190166,0.3223637,0.7460685,0.3040557,-0.099813744,0.05206907,0.313159,-0.17842358,0.7302991,0.6579737,0.6835575,0.6592345,0.42725393,0.40040284,0.18039274,-0.15644404,0.2246707,-0.3565829,-0.5075407,-0.082181804,0.35617426,0.3148444,0.47246143,0.6976223,0.5598485,0.33159375,-0.2266938,0.14308149,-0.12672743,-0.16829936
-0.20248002,-0.10214324,-0.03628942,-0.08375565,1.0,0.1111979,-0.06859409,-0.10007791,-0.031048208,0.16593555,-0.041857813,-0.14263178,0.027869768,-0.017913513,0.28554028,0.13855931,0.09156335,0.035655506,-0.107623905,-0.063309595,0.18402205,0.055155884,-0.1465592,0.0011422777,-0.049245905,0.1151883,0.2799316,0.16866148,0.17909491,0.02379089,-0.19978732,-0.08800156,-0.15266588,-0.15043625,-0.16133635,-0.15234223,0.07709757,-0.041348156,0.09885662,0.038118657,0.07684127,-0.031117512,-0.16285042,-0.041506976,-0.3973028,0.081216775,-0.13997857,-0.20149484,-0.20180595,-0.09267305,0.005610604,0.2156126,0.06731014,-0.107912034,0.18554005,0.1554433,-0.027628513,0.09759579,-0.18179305,0.057994206,-0.079952285,-0.050336845,-0.094508156,0.22620699,-0.0007261977,0.14291526,-0.21033335,-0.114897445,-0.12771642,-0.025182955,0.11937531,0.12051139,0.091068216,0.2708577,0.06546851,-0.07116892,-0.1681111,-0.16481729,0.07040259,-0.060541227,0.049441315,0.059008714,0.046400085,-0.018843876,-0.08190239,0.19433144,-0.084400356,0.08383485,-0.011245174,0.19581275,-0.051020198,0.0394274,-0.15750605,0.065251864,0.0999696,0.0990839,0.011800297,-0.00550514,0.1180895,0.11600681,-0.0029944547,0.061740458,0.057904664,0.0881554,0.1752771,0.038934913,0.17603227,0.20834142,0.041270096,-0.02984512,-0.07741338,-0.116089724,0.019292936,0.05692653,0.052972987,0.08082557
0.22522576,0.15881608,0.30538756,0.27410814,0.1111979,1.0,0.19580983,0.21353398,0.4081084,0.6430227,0.3059435,0.34074244,0.4654756,0.22121859,0.6352463,0.2987393,0.3098674,0.2739636,0.23290345,0.25319803,0.1216092,0.351069,0.30642498,0.33623573,0.13941798,0.28222924,0.05001209,0.57037336,0.48910308,0.36185125,0.12365617,0.32656923,0.17156829,0.17795339,0.055200987,0.12614952,0.22221552,0.27735275,0.20288438,0.29937965,0.15769728,0.34961456,0.15604013,0.3259875,-0.041558757,0.20199877,0.12969531,0.1003485,0.026123593,-0.059943743,0.25897905,-0.0070137014,0.17429955,0.1307784,0.3064169,0.23717141,0.3076552,0.12203176,0.04395686,0.27542365,0.32466447,0.118781865,0.29400215,-0.017551897,-0.21435556,0.124307275,0.16137238,0.269116,0.22987683,0.26948035,0.39385584,0.4369565,0.45961845,0.53577554,0.45706987,0.25948822,0.14202087,0.15000017,0.215786,0.22345592,0.40476024,0.041638702,0.307652,0.14058305,0.4138453,0.20343275,-0.042660527,-0.033493113,0.45554376,0.080330014,0.27806374,0.21186195,0.020528337,0.078708395,0.26135704,0.25594166,0.17320667,0.16189191,0.2933338,0.27384397,0.10447191,-0.15052165,0.06534783,-0.020532837,0.061830178,0.19429843,0.21470396,0.15870138,0.19385637,0.22029464,0.13192111,0.24831264,0.00781257,0.12532237,-0.019614248,-0.1253371
0.82062054,0.64921635,0.8690907,0.8436843,-0.06859409,0.19580983,1.0,0.8735627,0.24771205,0.3292038,0.7833513,0.7485997,0.7856803,0.69465303,0.1472756,0.38835096,0.59971005,0.62827003,0.78901607,0.8345664,0.36264214,0.4525463,0.8481083,0.78903884,0.10376333,-0.10179979,0.361665,0.26248947,0.6265364,0.72192776,0.34603074,0.6573161,0.8332648,0.8303187,0.5966671,0.56364346,0.50687265,0.6246276,0.580198,0.5787294,0.41810682,0.3790124,0.32742605,0.24452929,0.4345529,0.5631449,0.511232,0.5559373,-0.051584456,0.24856079,-0.009225387,-0.1891757,-0.34964648,0.22275491,0.6409043,0.5630224,0.7503985,0.38361713,-0.52761096,0.20156077,0.3085482,0.07694364,0.42290702,0.13177589,-0.17573799,-0.03308747,0.51796025,0.69776374,0.7926309,0.7965635,0.5270817,0.5678003,0.6843915,0.23799366,0.486995,0.59937304,0.6123642,0.6518632,0.4906075,0.5024452,0.6584596,0.27919334,0.37041306,0.60959923,0.5800561,0.25045058,0.38366058,0.428178,0.6809961,0.33850548,-0.1211139,0.033841122,0.1901518,-0.107999176,0.70652497,0.609741,0.69782865,0.67795366,0.343964,0.3619527,0.09643227,-0.18539198,0.1908387,-0.3938625,-0.53432035,-0.15999036,0.2429263,0.3036627,0.39870372,0.6905977,0.5335108,0.3744768,-0.3146372,0.038854435,-0.1282066,-0.22248437
0.83617365,0.66947764,0.8391657,0.8777046,-0.10007791,0.21353398,0.8735627,1.0,0.3108901,0.41229227,0.7959998,0.80472004,0.7904769,0.71437,0.16921873,0.3464953,0.6170335,0.6344715,0.8171956,0.8363802,0.35481653,0.45264953,0.81325525,0.7477215,0.037522938,-0.095201746,0.38933116,0.23454756,0.57667005,0.747879,0.30116224,0.54917574,0.80045646,0.8065776,0.6223405,0.6109795,0.45733246,0.5626108,0.55156124,0.5261373,0.45533973,0.355062,0.3597425,0.250717,0.40536636,0.5392999,0.47733402,0.5255946,-0.005636906,0.22348809,-0.012625466,-0.24699609,-0.33549088,0.13683832,0.61415523,0.48850632,0.75861245,0.29059368,-0.47514722,0.17835142,0.38828412,0.08297269,0.5410735,0.0093333265,-0.16972888,-0.15186091,0.50419414,0.67641336,0.8089797,0.7577477,0.46784607,0.5428527,0.650824,0.13582069,0.4169151,0.55399686,0.5927452,0.63509744,0.48483238,0.49991733,0.6892085,0.21529058,0.31070465,0.5568058,0.6527908,0.12011803,0.41077274,0.33787605,0.67749083,0.20672014,-0.13919823,-0.07100071,0.23851576,-0.18686123,0.6686411,0.5572176,0.6572044,0.641626,0.36578032,0.29272494,0.13496354,-0.18866543,0.23090646,-0.430694,-0.45420998,-0.1419955,0.25743842,0.26033467,0.30453116,0.6165268,0.47073948,0.3005878,-0.28067863,0.08741026,-0.17090853,-0.1783415
0.22087616,0.22499503,0.35940626,0.35001153,-0.031048208,0.4081084,0.24771205,0.3108901,1.0,0.6530296,0.36530665,0.3574776,0.47673398,0.3897086,0.575714,0.72257775,0.4091349,0.42887494,0.22082825,0.27790582,0.29799274,0.45022914,0.3329943,0.46694815,-0.111771956,0.04427557,0.113706015,0.2097902,0.5957427,0.5254535,0.40645966,0.44823205,0.17888552,0.20369786,0.08649207,0.14100662,0.34846523,0.33358467,0.30520725,0.4411828,0.2037321,0.37446257,0.20889498,0.3540355,0.22747709,0.30326167,0.13732359,0.15790716,0.03366323,-0.1590771,0.1908553,-0.16926584,0.0002800071,0.016661262,0.37706715,0.43493676,0.17014268,0.18467073,-0.19754101,0.2992763,0.07104951,0.20224337,0.11501157,0.19633283,0.020772764,-0.08837602,0.16690217,0.3429418,0.27375597,0.33418262,0.48882172,0.45888358,0.4011305,0.36000782,0.2240591,0.34498256,0.16757041,0.15139672,0.43897104,0.30309364,0.4078967,0.37734625,0.2262293,0.34969607,0.3242261,0.40639356,0.11369701,-0.14521934,0.4349161,0.36740658,0.13640466,-0.07734246,0.32002798,-0.035245392,0.3668469,0.4761223,0.39407602,0.3932148,0.6005278,0.50943667,0.13885976,-0.093450986,0.27668992,0.17584316,0.12745787,0.3996991,0.5985969,0.5353809,0.39106834,0.32905552,0.15541337,0.22726604,0.13480201,0.20547645,-0.18979685,0.031072214
0.2660595,0.18984231,0.38945562,0.42488137,0.16593555,0.6430227,0.3292038,0.41229227,0.6530296,1.0,0.50021607,0.4911058,0.60442823,0.49197748,0.77893096,0.5428544,0.506905,0.57204384,0.30645472,0.34819788,0.4512966,0.5504719,0.37954292,0.47257778,0.06184563,0.19353239,0.3155397,0.5309351,0.6595844,0.6173115,0.35955572,0.3888989,0.27422133,0.36355796,0.16433801,0.25219342,0.40396634,0.4201282,0.3880194,0.49309626,0.28283602,0.3874431,0.22603904,0.31351367,0.09492082,0.29494253,0.22486399,0.20408493,-0.06397338,-0.06238861,0.08540659,-0.19521077,0.04951676,0.030170657,0.46587977,0.44027174,0.3804506,0.17317343,-0.17838517,0.3735751,0.2691508,0.18095064,0.40065143,0.21218112,-0.11742186,0.035305545,0.22207038,0.4136605,0.31354806,0.35568467,0.61080337,0.62629014,0.5203933,0.42619032,0.33062357,0.35591832,0.27464274,0.2566209,0.45963785,0.37991768,0.51537603,0.3296867,0.31806523,0.2423288,0.46440545,0.37178847,0.040076695,-0.09986295,0.5190168,0.27554008,0.14080982,0.02658244,0.280828,-0.09599252,0.42255634,0.44671643,0.39979833,0.38131598,0.57092154,0.39130583,0.09689382,-0.0512377,0.25783193,0.11001661,0.14354657,0.37790433,0.5246892,0.47534811,0.3352446,0.3022515,0.19364649,0.26462755,0.09941143,0.16304722,-0.17150307,-0.0044176383
0.71378416,0.45872617,0.7048052,0.7084428,-0.041857813,0.3059435,0.7833513,0.7959998,0.36530665,0.50021607,1.0,0.80243516,0.88147837,0.88837206,0.2701664,0.4182536,0.79078823,0.7475846,0.6502482,0.7016137,0.31146798,0.38254473,0.72046673,0.6327937,0.12955289,-0.066592626,0.3722822,0.20346251,0.64932734,0.7829103,0.240348,0.51628304,0.6866273,0.75062615,0.51623183,0.52700186,0.43496698,0.61059123,0.609541,0.5907933,0.33274615,0.33831275,0.42368293,0.29380286,0.30436444,0.5284606,0.54163325,0.58925784,-0.21244104,0.20280737,-0.054232776,-0.24524617,-0.35563385,0.19160484,0.6193172,0.57525474,0.6363659,0.1787016,-0.52303267,0.19474243,0.30208012,0.22286102,0.5160531,0.10470222,-0.23705864,0.022888513,0.41006303,0.66367024,0.66770035,0.69306004,0.468894,0.52366394,0.62553936,0.23624896,0.44727123,0.5570727,0.57623214,0.58943987,0.69516003,0.6088798,0.62042004,0.28615615,0.30679902,0.54035795,0.5231452,0.23197706,0.33841214,0.36525196,0.6122338,0.337211,-0.13619843,0.08407118,0.21907258,-0.056138273,0.6786978,0.57585293,0.69455963,0.6816326,0.4024308,0.34876955,0.10850043,-0.12990113,0.11711364,-0.3788064,-0.35577157,-0.06241841,0.34040955,0.3883278,0.32390523,0.6428885,0.51817113,0.36378577,-0.2496759,0.1788033,-0.15459192,-0.19459458
0.73735595,0.59025455,0.6965637,0.7590258,-0.14263178,0.34074244,0.7485997,0.80472004,0.3574776,0.4911058,0.80243516,1.0,0.7984493,0.80980295,0.29256386,0.38057828,0.6425176,0.6958729,0.67353797,0.7161625,0.34757203,0.5164591,0.725162,0.66346145,0.04546975,-0.1133585,0.35894936,0.23912376,0.61962503,0.75554657,0.37719017,0.6044074,0.68513817,0.71997035,0.54612255,0.5231955,0.52374226,0.6050366,0.62861955,0.578158,0.44063023,0.44035122,0.29673138,0.23504438,0.35717484,0.52342725,0.44157317,0.49414572,-0.022566188,0.17067724,0.06760011,-0.24805337,-0.31627348,0.15750447,0.58948404,0.5230346,0.66154253,0.25615045,-0.37759912,0.19064207,0.35699588,0.14538501,0.49722835,0.044374414,-0.16106214,-0.057554368,0.4468478,0.65243703,0.7141205,0.68041277,0.5300594,0.59098566,0.6157996,0.23331802,0.4325153,0.57354885,0.58867407,0.5908336,0.5979809,0.6203358,0.60621166,0.36879465,0.39866066,0.55939734,0.535048,0.19347589,0.35384288,0.28406274,0.65139705,0.31422317,-0.11938113,0.051476475,0.25122544,-0.093057685,0.62827367,0.5601136,0.6110487,0.6044924,0.3962965,0.35481715,0.22417864,-0.0610327,0.14148882,-0.35544991,-0.39592135,-0.0048906426,0.38105962,0.266865,0.3771184,0.58868986,0.44798082,0.27582085,-0.17724574,0.14591125,-0.17379479,-0.16025522
0.67956483,0.4600594,0.7396336,0.71818084,0.027869768,0.4654756,0.7856803,0.7904769,0.47673398,0.60442823,0.88147837,0.7984493,1.0,0.8347434,0.42366755,0.5536103,0.756026,0.74452215,0.64521027,0.708246,0.3391397,0.47332656,0.7825503,0.7274476,0.10157737,0.008884819,0.37948346,0.3536578,0.7519848,0.80049986,0.24594557,0.5809536,0.6728399,0.720955,0.4665059,0.46100694,0.4796895,0.62864065,0.60219914,0.61741334,0.32791498,0.38712537,0.38510922,0.3413127,0.25406292,0.5613198,0.49211913,0.52113515,-0.13902776,0.07528216,0.0604674,-0.2455003,-0.23424397,0.19457404,0.6715819,0.626631,0.61692756,0.27213958,-0.44292563,0.30858067,0.31036785,0.21303916,0.4548487,0.10705305,-0.2280411,0.006427042,0.4003494,0.6413943,0.6547581,0.7230608,0.552207,0.62105536,0.73577124,0.42918906,0.55368304,0.60811555,0.5301513,0.5397686,0.6578497,0.6280704,0.67193913,0.30361766,0.3638922,0.54989076,0.55628514,0.30325538,0.3189156,0.33604544,0.6921069,0.3831082,-0.015138206,0.064070575,0.19138567,-0.042019274,0.6898608,0.61724776,0.6812763,0.67276514,0.44599435,0.45131788,0.13468763,-0.17484543,0.15121722,-0.3104453,-0.28586397,0.041861586,0.35486642,0.40923792,0.3581006,0.6458025,0.45476007,0.3548318,-0.21361244,0.16889785,-0.15567562,-0.15982172
0.5937368,0.33805192,0.5972114,0.5962369,-0.017913513,0.22121859,0.69465303,0.71437,0.3897086,0.49197748,0.88837206,0.80980295,0.8347434,1.0,0.30041593,0.4853222,0.7689,0.7850983,0.50780714,0.5757723,0.37088633,0.41944125,0.6155534,0.5589533,0.101811156,-0.20196973,0.4380042,0.13753495,0.6561942,0.74278843,0.28538632,0.4974707,0.54686105,0.6462116,0.41414094,0.3944039,0.47042215,0.60364467,0.6393123,0.6134074,0.3304093,0.36189348,0.3345995,0.21901461,0.22458044,0.49418896,0.48005316,0.51665026,-0.25856137,0.09398804,-0.04989099,-0.2866472,-0.3844404,0.19327173,0.5966268,0.6170392,0.48490405,0.14873369,-0.5485202,0.2122587,0.17652258,0.26431656,0.4197348,0.19957222,-0.15695806,0.046039052,0.2605697,0.54707146,0.5384387,0.58568805,0.4927645,0.52874964,0.5588421,0.23973612,0.32989845,0.5071694,0.49091053,0.48191196,0.72906995,0.6572457,0.5231245,0.40034795,0.253952,0.5515124,0.37031,0.29155162,0.2930583,0.2784863,0.50679153,0.4347845,-0.18414922,0.020637173,0.1741712,-0.061510507,0.63167936,0.5594299,0.6618584,0.65977836,0.43039182,0.38235143,0.1517057,-0.038756665,0.09358732,-0.27441108,-0.24883243,2.7204716e-05,0.4084451,0.42434758,0.31131846,0.5614698,0.41054407,0.28803995,-0.18939854,0.16059814,-0.19296098,-0.14755417
0.08956496,0.11992307,0.23441496,0.22955476,0.28554028,0.6352463,0.1472756,0.16921873,0.575714,0.77893096,0.2701664,0.29256386,0.42366755,0.30041593,1.0,0.50502676,0.32921594,0.36043245,0.06918072,0.14148669,0.3786596,0.49743012,0.16276813,0.32646462,0.03028125,0.2897089,0.2002415,0.5146459,0.6151707,0.39115658,0.37972096,0.35655713,0.065023676,0.12340399,-0.083681844,0.014066623,0.4471292,0.3541609,0.3384943,0.43309817,0.31583676,0.51282054,0.072792985,0.30933806,0.015112068,0.24558485,0.07839415,0.012232411,-0.01762399,-0.20272562,0.15301907,-0.04116891,0.17054711,0.080980025,0.42704737,0.42976746,0.1894048,0.24900734,-0.048076674,0.4508488,0.053022947,0.08699096,0.15580006,0.3231583,-0.1755206,0.15898708,0.08131666,0.25759235,0.16433041,0.23181719,0.5995026,0.56858146,0.45724684,0.5529684,0.33869255,0.24276854,0.10321448,0.07504158,0.2942766,0.17967214,0.3285431,0.31852168,0.3356235,0.1974736,0.24966013,0.5120436,-0.10991258,-0.07332509,0.39177567,0.37649715,0.34121224,0.10951002,0.15935014,0.07151932,0.34416896,0.42337364,0.2839633,0.25370318,0.62626314,0.45997238,0.07548914,0.06720417,0.16335161,0.31513193,0.26293534,0.4744974,0.5685552,0.44762307,0.43182313,0.21774301,0.093640834,0.22569318,0.21428649,0.16532224,-0.07611467,0.0801668
0.23846371,0.20236206,0.4144148,0.35425946,0.13855931,0.2987393,0.38835096,0.3464953,0.72257775,0.5428544,0.4182536,0.38057828,0.5536103,0.4853222,0.50502676,1.0,0.47869202,0.5266415,0.22386836,0.31615505,0.35403168,0.41896975,0.38515496,0.56308484,-0.0019169904,-0.00020066174,0.26576093,0.21981138,0.68258584,0.557469,0.3617362,0.5220468,0.22005314,0.26491448,0.090888344,0.107031606,0.38170516,0.42367163,0.38876897,0.4876458,0.18521452,0.32974645,0.22272895,0.3395218,0.16277333,0.33765724,0.27490526,0.2702048,-0.08025953,-0.1655216,0.13257158,-0.04141499,-0.060090177,0.11731764,0.45913064,0.5721056,0.16580933,0.29884812,-0.37547496,0.33662137,0.011552565,0.3032578,0.040800802,0.4021439,0.03212302,0.034746435,0.12923276,0.33020914,0.23404942,0.37760034,0.5525133,0.52511483,0.48412076,0.4986217,0.32126284,0.42929873,0.23541418,0.21010421,0.48471987,0.36772904,0.4163163,0.5201363,0.26214907,0.5006761,0.24298237,0.51357,0.075080894,-0.04573105,0.39456594,0.48502254,0.15280664,0.021572968,0.19995423,-0.122024596,0.42823,0.49326625,0.46873027,0.4749072,0.5058419,0.56090933,0.074496835,-0.005703962,0.3295707,0.14742972,0.026320511,0.346192,0.47705165,0.5809285,0.35170767,0.3921192,0.25399095,0.30233413,0.046080958,0.27334452,-0.2123546,0.041879565
0.5343794,0.2636487,0.5250391,0.5108809,0.09156335,0.3098674,0.59971005,0.6170335,0.4091349,0.506905,0.79078823,0.6425176,0.756026,0.7689,0.32921594,0.47869202,1.0,0.7281524,0.4363455,0.46520197,0.19412337,0.24584521,0.5221195,0.48447993,0.14247806,0.0082103545,0.2967171,0.17098698,0.65566355,0.75466394,0.09446809,0.33594176,0.42299882,0.5066296,0.25359595,0.32376274,0.28289312,0.40444684,0.51598257,0.5401901,0.20761387,0.25348315,0.28482834,0.1184103,0.1318085,0.39331195,0.54344964,0.4730883,-0.2850111,-0.0050771446,-0.060853835,-0.20712057,-0.20367949,0.11656741,0.56201047,0.57821,0.5944631,-0.025083965,-0.4359649,0.13336454,0.35540766,0.30643192,0.55528,0.039836187,-0.26786843,-0.017310364,0.13292782,0.44102985,0.41364914,0.4954131,0.29820028,0.3473562,0.45158777,0.23356216,0.25178903,0.3785162,0.34776703,0.3435226,0.8198575,0.5232428,0.67530656,0.21860658,0.29053238,0.51264834,0.5348035,0.20525727,0.30167398,0.24670836,0.52453494,0.2528068,-0.05074253,-0.06389454,0.17838717,-0.061024167,0.5373353,0.47998205,0.65023035,0.6522719,0.45963252,0.31124368,0.084377766,-0.124441065,0.10892496,-0.32506767,-0.24422985,-0.044861067,0.36520693,0.51247865,0.23014417,0.50994164,0.34426072,0.29445168,-0.18446064,0.11064861,-0.19244626,-0.09537464
0.43342325,0.24217634,0.50640076,0.54946613,0.035655506,0.2739636,0.62827003,0.6344715,0.42887494,0.57204384,0.7475846,0.6958729,0.74452215,0.7850983,0.36043245,0.5266415,0.7281524,1.0,0.45530742,0.49999493,0.40353328,0.459684,0.56729144,0.5251049,0.12570225,-0.15142554,0.395543,0.21381646,0.6833056,0.7832101,0.32862797,0.4814819,0.4905186,0.646505,0.33985928,0.34035018,0.44438484,0.50664866,0.56160223,0.56215864,0.26123226,0.27202666,0.14456005,0.1335279,0.15183118,0.3531067,0.36507067,0.36657262,-0.11557213,-0.000560849,-0.06666274,-0.2992557,-0.29613134,0.07662073,0.55187005,0.519692,0.53998244,0.2453956,-0.509813,0.26734492,0.259166,0.2910844,0.50191295,0.30047658,-0.19754013,-0.0059599,0.14131095,0.4409748,0.41581333,0.4794926,0.5100547,0.5440814,0.5347225,0.2614108,0.27942324,0.46365368,0.41692057,0.40976787,0.7050441,0.74090505,0.5665353,0.45145798,0.26240754,0.51351327,0.405191,0.32125682,0.17950103,0.09896911,0.45861807,0.31192508,-0.082588986,-0.032317936,0.23889662,-0.13956909,0.53480303,0.47003534,0.54759026,0.5325392,0.4836862,0.2966017,0.10854806,-0.06475928,0.17520335,-0.17739649,-0.14384513,0.1156938,0.4319389,0.41927794,0.25467178,0.3939133,0.24958268,0.22241127,-0.19404425,0.13742793,-0.07479963,-0.11493269
0.7920608,0.6099579,0.77360487,0.8542097,-0.107623905,0.23290345,0.78901607,0.8171956,0.22082825,0.30645472,0.6502482,0.67353797,0.64521027,0.50780714,0.06918072,0.22386836,0.4363455,0.45530742,1.0,0.9228747,0.2485641,0.35373676,0.7432705,0.6529447,0.12304411,0.011139786,0.18049894,0.23977892,0.42636448,0.5938063,0.26997262,0.52466214,0.847817,0.7630324,0.68625647,0.66832453,0.28676218,0.4189128,0.32398885,0.29639283,0.36808705,0.22895974,0.2868504,0.2609867,0.36713505,0.44572932,0.31988856,0.46224236,0.03791407,0.3271054,0.031127604,-0.19148417,-0.1742841,0.11594657,0.42989308,0.2597549,0.7030892,0.21521737,-0.37681973,0.22603081,0.4442204,0.039769925,0.46901426,-0.08802901,-0.09861913,-0.119283944,0.57782024,0.69033873,0.84858346,0.6736392,0.37422138,0.46302825,0.5825944,0.042835508,0.53673524,0.6021549,0.68497056,0.7419058,0.3351472,0.40798238,0.60133797,0.064271554,0.3633824,0.42308947,0.5988493,0.040281996,0.34927267,0.33323243,0.628189,0.07284084,-0.05506433,0.051902615,0.29819986,-0.14230675,0.5255204,0.43553528,0.5131139,0.4813513,0.2912362,0.17296773,0.09388776,-0.15240042,0.24816263,-0.39347988,-0.49409184,-0.12830754,0.13870215,0.08956595,0.34195423,0.5872167,0.477973,0.26524428,-0.18753038,0.018053299,-0.11404241,-0.16649953
0.7887915,0.6738485,0.82629657,0.89415586,-0.063309595,0.25319803,0.8345664,0.8363802,0.27790582,0.34819788,0.7016137,0.7161625,0.708246,0.5757723,0.14148669,0.31615505,0.46520197,0.49999493,0.9228747,1.0,0.37369043,0.4588632,0.7973092,0.7414351,0.12058265,-0.015593674,0.27307183,0.26891863,0.5364476,0.65961933,0.33563688,0.616928,0.8657679,0.7980552,0.68141675,0.6671136,0.4391371,0.5334256,0.47224855,0.4315205,0.45956802,0.31951326,0.33337954,0.32739553,0.41944617,0.55476475,0.3579219,0.5139255,0.0145730525,0.34362608,0.086723976,-0.21303193,-0.20630713,0.15396477,0.5769178,0.42240885,0.6918679,0.3361985,-0.4226714,0.24118648,0.37072787,0.06108633,0.3920454,0.016612895,-0.12069406,-0.061729744,0.6036111,0.7462948,0.8766947,0.77788585,0.48540217,0.57094026,0.693868,0.17858951,0.59025514,0.66127634,0.6962067,0.7581816,0.35973245,0.44756275,0.608683,0.15459636,0.40163794,0.51080596,0.54998463,0.19457966,0.39506724,0.41497126,0.69718915,0.26679635,-0.105430186,0.11158097,0.28647804,-0.13159814,0.6682863,0.58280593,0.63224953,0.5983723,0.3569699,0.32469386,0.14449523,-0.14897172,0.25179943,-0.38161704,-0.5063802,-0.11074943,0.25956118,0.20574397,0.44549525,0.6999355,0.54686296,0.3350116,-0.22998746,0.104112275,-0.14328627,-0.19582671
0.1767431,0.27366194,0.3689737,0.42937252,0.18402205,0.1216092,0.36264214,0.35481653,0.29799274,0.4512966,0.31146798,0.34757203,0.3391397,0.37088633,0.3786596,0.35403168,0.19412337,0.40353328,0.2485641,0.37369043,1.0,0.7669141,0.3262542,0.41580272,0.08610346,-0.28212333,0.6729739,0.2891449,0.49391535,0.466414,0.44934717,0.36658716,0.2598909,0.3447147,0.16819152,0.20124532,0.65910643,0.49890205,0.627376,0.59240985,0.54954517,0.4175501,0.14778712,0.15060355,0.2457903,0.3090294,0.12947237,0.20429361,-0.0047845202,0.011008656,0.1411244,-0.14317405,-0.2560983,0.050952356,0.5603016,0.53455985,0.22254932,0.37630016,-0.34506783,0.24603537,-0.11761567,0.051704045,0.05653445,0.4190403,0.08453785,0.1407055,0.16432853,0.31738302,0.3247535,0.41155905,0.6308624,0.59388,0.50258094,0.22216016,0.087929204,0.25661412,0.17926575,0.20557576,0.22000127,0.2802185,0.29037634,0.37577844,0.08651826,0.22694857,0.12308768,0.4531805,0.15806617,0.08117312,0.33133382,0.5200955,-0.3354702,-0.06689365,0.07736552,-0.1789355,0.58712345,0.5647903,0.4810758,0.47326487,0.44586504,0.39599767,0.10108011,-0.050938286,0.17882648,0.008894761,-0.017321281,0.12049682,0.49702862,0.41365525,0.31884354,0.35688826,0.20994927,0.25774285,-0.21139793,0.16528653,-0.020591075,-0.18260106
0.32061502,0.43430436,0.5284268,0.5494325,0.055155884,0.351069,0.4525463,0.45264953,0.45022914,0.5504719,0.38254473,0.5164591,0.47332656,0.41944125,0.49743012,0.41896975,0.24584521,0.459684,0.35373676,0.4588632,0.7669141,1.0,0.48196372,0.5512569,0.072305106,-0.24498357,0.539375,0.3906516,0.6258984,0.5439876,0.57728785,0.57997346,0.36118352,0.42698583,0.24058828,0.24492216,0.7378899,0.55203754,0.6592223,0.6611607,0.6802055,0.6002985,0.07228445,0.21574262,0.2865172,0.42850298,0.05827372,0.13345206,0.048639845,-0.0365473,0.25497445,-0.19783397,-0.2674571,0.1637989,0.63258016,0.54674685,0.33686283,0.4650548,-0.188376,0.3852208,0.0003033266,0.09814886,0.13056271,0.30600584,-0.052431878,0.12353835,0.24996872,0.41973144,0.48056433,0.5247456,0.758943,0.75871783,0.64036185,0.43590817,0.26777723,0.40820026,0.28609264,0.29158774,0.2327638,0.3320025,0.36902508,0.35752204,0.26745394,0.43647495,0.2435189,0.48204538,0.24994598,0.11072935,0.5305925,0.52467984,-0.17115644,0.002510676,0.18516292,-0.10210921,0.62637526,0.637926,0.47574377,0.4597929,0.4793533,0.4948628,0.21356963,-0.050316878,0.11298369,-0.006431345,-0.1339375,0.119809955,0.5448073,0.38476995,0.44093284,0.4172393,0.16681339,0.25779942,-0.12963095,0.28839725,0.0045296266,-0.19278342
0.7114134,0.62920004,0.82439625,0.82159233,-0.1465592,0.30642498,0.8481083,0.81325525,0.3329943,0.37954292,0.72046673,0.725162,0.7825503,0.6155534,0.16276813,0.38515496,0.5221195,0.56729144,0.7432705,0.7973092,0.3262542,0.48196372,1.0,0.8412463,0.10341711,-0.04584057,0.30019662,0.31622228,0.60896426,0.7143601,0.3466607,0.6630804,0.77359945,0.7926991,0.570639,0.53875256,0.49917352,0.60699654,0.53664,0.5694486,0.38034308,0.34745824,0.33312026,0.2484725,0.388112,0.57495826,0.44110277,0.50153,0.018072652,0.21693732,0.12701376,-0.2540683,-0.30549031,0.17453112,0.6636248,0.5509896,0.69267154,0.41413578,-0.345216,0.20287953,0.3090242,0.06940246,0.3546723,-0.0072342334,-0.22162452,-0.07880216,0.50179833,0.6475652,0.738717,0.7867808,0.54932016,0.6278145,0.7095851,0.34843588,0.53077036,0.5969274,0.5651466,0.5972575,0.40246806,0.47502577,0.6343006,0.18681435,0.34781525,0.6064873,0.55245286,0.25325918,0.43036395,0.38915935,0.74191046,0.347428,-0.07402476,0.043084852,0.25384724,-0.14218092,0.68925154,0.63087404,0.6565066,0.6450779,0.29123065,0.44232294,0.17014326,-0.25715843,0.11253168,-0.4424746,-0.5085351,-0.13958125,0.23726757,0.24125896,0.3962409,0.67489934,0.45810747,0.34154487,-0.27266756,0.1654312,-0.16320884,-0.14444704
0.65517354,0.67405206,0.835708,0.8204634,0.0011422777,0.33623573,0.78903884,0.7477215,0.46694815,0.47257778,0.6327937,0.66346145,0.7274476,0.5589533,0.32646462,0.56308484,0.48447993,0.5251049,0.6529447,0.7414351,0.41580272,0.5512569,0.8412463,1.0,0.013857554,-0.044654775,0.31600133,0.40606466,0.7311128,0.69348013,0.48712146,0.78132427,0.69795215,0.7125876,0.50499547,0.5050048,0.6155609,0.66696787,0.58585346,0.6576633,0.48720086,0.5123185,0.3590613,0.37866718,0.42033532,0.5470154,0.41132417,0.4629663,0.01589563,0.16444933,0.12201598,-0.15468855,-0.25128353,0.13489139,0.72274816,0.65610796,0.5838803,0.53507215,-0.37555432,0.27002174,0.1998414,0.057170708,0.22153132,0.18062122,-0.15406215,-0.08343362,0.52129143,0.69111335,0.7003844,0.7976067,0.697611,0.73389757,0.7673739,0.508923,0.5693192,0.6467026,0.55829006,0.5814554,0.3916884,0.36689544,0.57878715,0.32397154,0.42056498,0.6291638,0.49597853,0.4155942,0.38884798,0.2865708,0.7606973,0.4730446,0.014005105,0.102591366,0.26878786,-0.12623557,0.72337896,0.7176723,0.6814077,0.6648076,0.44553468,0.5814582,0.18431582,-0.14766338,0.17191692,-0.26843473,-0.4693226,-0.020192603,0.3825186,0.45647764,0.52594376,0.6914972,0.5061094,0.36313385,-0.22234258,0.22659262,-0.18796745,-0.06263686
-0.047773793,-0.18612811,0.005627811,0.052205015,-0.049245905,0.13941798,0.10376333,0.037522938,-0.111771956,0.06184563,0.12955289,0.04546975,0.10157737,0.101811156,0.03028125,-0.0019169904,0.14247806,0.12570225,0.12304411,0.12058265,0.08610346,0.072305106,0.10341711,0.013857554,1.0,0.07865591,-0.026369136,0.06295792,0.09348835,0.10613877,0.09432723,0.060391217,0.018215438,0.08581514,-0.01991695,-0.03929851,-0.039481573,-0.042171154,-0.032101188,-0.0012598018,0.03273295,-0.022910772,-0.14646365,-0.23329374,-0.05575367,-0.050898332,0.005147548,0.04990401,-0.11578372,0.07873258,-0.19291972,0.0517172,-0.008579653,0.17012762,0.029653156,-0.025404708,0.12326457,-0.14855272,-0.11764305,0.05052093,0.049280375,0.29585057,0.15819283,0.02622045,-0.13049686,0.26897338,-0.17058383,-0.011417138,-0.027232125,-0.06350288,0.072715856,0.12767592,0.085480325,-0.012687728,0.08472812,0.077883705,0.124254085,0.11278275,0.15507822,0.12571388,0.16261566,-0.10687292,0.13610485,0.022888236,0.09102955,0.00874218,-0.16883448,-0.0046229004,0.02814002,-0.04795473,-0.0061034253,0.20787773,-0.088385165,0.013958684,0.010318565,-0.015123776,0.06437328,0.062069327,0.03615359,-0.08743963,-0.034767102,-0.050402284,-0.17437527,0.057621773,-0.103355214,-0.03740249,-0.070432544,-0.03846798,0.024329143,0.05318213,0.025376711,0.13105555,-0.012402631,-0.079497874,0.02911284,-0.049432304
-0.045785654,-0.09551384,-0.07214816,-0.038674224,0.1151883,0.28222924,-0.10179979,-0.095201746,0.04427557,0.19353239,-0.066592626,-0.1133585,0.008884819,-0.20196973,0.2897089,-0.00020066174,0.0082103545,-0.15142554,0.011139786,-0.015593674,-0.28212333,-0.24498357,-0.04584057,-0.044654775,0.07865591,1.0,-0.41221985,0.27871364,-0.06579389,-0.064313695,-0.12727006,-0.03624242,0.012199686,-0.06489871,-0.06991039,0.032708522,-0.26409253,-0.21779779,-0.34411043,-0.30064774,-0.24225686,-0.17500651,0.0012461058,0.061101533,0.014511125,-0.08125982,0.0440212,-0.0025661741,0.11372321,0.13820179,0.014625644,0.010949952,0.5587472,-0.041507334,-0.12931061,-0.17712748,0.09774461,-0.15794349,0.27614486,0.038035687,0.29676682,-0.16949046,0.16192271,-0.1387815,-0.11181009,-0.116658024,0.13145198,0.08157951,-0.070336804,-0.07703752,-0.07162234,-0.011407481,-0.013026476,0.15208714,0.27913785,0.07773918,0.071358815,0.057678454,-0.022196317,-0.15270469,0.1033319,-0.15935087,0.25683153,-0.2502104,0.2341856,-0.01119944,-0.23805365,-0.05461211,0.09148317,-0.24839151,0.42155352,0.12597941,0.059034187,0.063554525,-0.16163418,-0.11249296,-0.101139314,-0.13745357,0.079157546,-0.07853194,-0.19963528,0.0136791,0.05062702,0.17920786,0.13102353,0.20661978,-0.08410458,-0.07859709,0.10920175,0.01111258,0.10125114,0.02642533,0.40688738,-0.07174347,-0.012525787,0.32469255
0.23698375,0.25570208,0.34523204,0.3334344,0.2799316,0.05001209,0.361665,0.38933116,0.113706015,0.3155397,0.3722822,0.35894936,0.37948346,0.4380042,0.2002415,0.26576093,0.2967171,0.395543,0.18049894,0.27307183,0.6729739,0.539375,0.30019662,0.31600133,-0.026369136,-0.41221985,1.0,0.17984976,0.3927569,0.39597657,0.091246255,0.15574557,0.21795365,0.3341135,0.19531685,0.2041245,0.53549397,0.47235563,0.64480215,0.5519337,0.4430968,0.33168536,0.20597498,0.14494435,0.07184778,0.343786,0.23246525,0.2721113,-0.10892882,-0.11044616,0.13339032,-0.04356948,-0.39151943,0.11920557,0.51833254,0.5186064,0.23470663,0.33865997,-0.40198228,0.047418773,-0.11680951,0.090614,0.13680458,0.32254034,-0.01721356,0.086449906,0.103255905,0.22789468,0.26015264,0.3872612,0.43378523,0.39053345,0.39719102,0.14929819,-0.007950913,0.11400362,0.108184196,0.12738805,0.25361755,0.29127967,0.27926034,0.3032395,-0.12385068,0.23896837,0.10295219,0.24329677,0.19720498,0.15710807,0.23396108,0.429868,-0.41259018,-0.14865609,-0.09794531,-0.119639255,0.540425,0.45178953,0.4428304,0.45898318,0.16429347,0.277646,0.06887513,-0.08017833,0.18155253,-0.1367659,0.043523636,-0.012322327,0.29594272,0.33478525,0.03927226,0.29319948,0.22384822,0.17630503,-0.34768072,0.22095387,-0.104166985,-0.24075802
0.18042187,0.18272685,0.31074348,0.31621057,0.16866148,0.57037336,0.26248947,0.23454756,0.2097902,0.5309351,0.20346251,0.23912376,0.3536578,0.13753495,0.5146459,0.21981138,0.17098698,0.21381646,0.23977892,0.26891863,0.2891449,0.3906516,0.31622228,0.40606466,0.06295792,0.27871364,0.17984976,1.0,0.4530645,0.29445443,0.18455003,0.30114287,0.25590417,0.26992187,0.12975639,0.18841922,0.3402363,0.33423066,0.25416943,0.31136557,0.26678035,0.36242092,0.14565124,0.33506548,0.026873622,0.220024,0.11771413,0.12189025,0.11347481,0.09481499,0.22588697,-0.08306157,0.20325305,0.18668404,0.37853232,0.26740846,0.32301682,0.31564036,0.07130317,0.2398009,0.20577075,-0.16255546,0.27604228,0.07724608,-0.09645652,0.06962462,0.25386035,0.30378163,0.2488236,0.28885457,0.43685105,0.46521008,0.50300264,0.55373067,0.4406147,0.31900686,0.18986242,0.20576286,0.119892836,0.14137422,0.39465138,0.12093542,0.2851848,0.12075025,0.39790836,0.27705422,-0.023160454,0.038704664,0.4680081,0.08472344,0.2516514,0.16036643,0.062281527,0.09156405,0.29735085,0.266799,0.20159085,0.15600745,0.26757506,0.25371885,0.0022675544,-0.05132767,0.057540003,-0.01585129,0.042869695,0.2296687,0.13438237,0.15287776,0.23988393,0.22022754,0.1868317,0.26214844,0.049810227,0.0836396,-0.025157817,-0.0145657975
0.47353956,0.42898118,0.6516672,0.62084234,0.17909491,0.48910308,0.6265364,0.57667005,0.5957427,0.6595844,0.64932734,0.61962503,0.7519848,0.6561942,0.6151707,0.68258584,0.65566355,0.6833056,0.42636448,0.5364476,0.49391535,0.6258984,0.60896426,0.7311128,0.09348835,-0.06579389,0.3927569,0.4530645,1.0,0.771498,0.4657393,0.6635242,0.44838557,0.5019333,0.21796615,0.25546095,0.6903208,0.6709031,0.69272745,0.7573521,0.49511012,0.60162795,0.24560955,0.33290175,0.21968004,0.448595,0.38852397,0.37030336,-0.11248694,-0.048692092,0.14696056,-0.14418226,-0.17191273,0.20071046,0.7571458,0.7415368,0.47188827,0.39012516,-0.39705062,0.43747273,0.118038245,0.22109428,0.2897384,0.28355393,-0.21590662,0.14370517,0.25464758,0.52303433,0.500506,0.63754874,0.721539,0.71881396,0.74460495,0.62103325,0.48835433,0.56769276,0.3608201,0.36151406,0.5993533,0.5295939,0.6269969,0.4827721,0.4384172,0.6171712,0.40419623,0.56462544,0.2367298,0.2049746,0.66495466,0.53899693,0.035549298,0.1151804,0.2251043,-0.070521325,0.69517714,0.6984614,0.6722749,0.6491721,0.60068256,0.6047106,0.15851267,-0.1041683,0.17770906,-0.09135024,-0.17265464,0.13711418,0.56755275,0.6054438,0.50858223,0.58272713,0.36332586,0.39879102,-0.15483876,0.1821745,-0.10809915,-0.04435606
0.6039951,0.50473493,0.6802457,0.7245155,0.02379089,0.36185125,0.72192776,0.747879,0.5254535,0.6173115,0.7829103,0.75554657,0.80049986,0.74278843,0.39115658,0.557469,0.75466394,0.7832101,0.5938063,0.65961933,0.466414,0.5439876,0.7143601,0.69348013,0.10613877,-0.064313695,0.39597657,0.29445443,0.771498,1.0,0.37884235,0.55249757,0.6060831,0.6570619,0.4291054,0.45391154,0.5470887,0.6173964,0.6588755,0.67125,0.412723,0.39717275,0.3232419,0.25691402,0.31690285,0.47326866,0.49323177,0.49496412,-0.07078544,0.16682681,0.080369174,-0.24446692,-0.24607748,0.09301415,0.6914072,0.62411624,0.6698921,0.2765625,-0.44206494,0.21326877,0.33181012,0.25463563,0.5248716,0.11428923,-0.19795671,-0.037363455,0.3611006,0.6053691,0.6049483,0.66980314,0.58796304,0.62075245,0.6567907,0.30704543,0.38464174,0.546374,0.46329507,0.47236106,0.70654196,0.6709923,0.75209874,0.47577098,0.3312951,0.5855883,0.60612154,0.33994135,0.31109485,0.20677665,0.6741164,0.3423924,-0.101341575,0.010013855,0.35303646,-0.20803052,0.67523885,0.61603147,0.6947894,0.6847615,0.4882342,0.4322035,0.13019636,-0.15646806,0.19935694,-0.28474098,-0.26839525,0.012044019,0.4705906,0.45366243,0.3706345,0.5889274,0.42562,0.34349385,-0.19455089,0.18379234,-0.14669628,-0.12818873
0.26035917,0.3769557,0.41845572,0.45905617,-0.19978732,0.12365617,0.34603074,0.30116224,0.40645966,0.35955572,0.240348,0.37719017,0.24594557,0.28538632,0.37972096,0.3617362,0.09446809,0.32862797,0.26997262,0.33563688,0.44934717,0.57728785,0.3466607,0.48712146,0.09432723,-0.12727006,0.091246255,0.18455003,0.4657393,0.37884235,1.0,0.67286044,0.3028277,0.36041227,0.18903914,0.22294945,0.6022694,0.4684238,0.36482298,0.48548806,0.5310405,0.57914156,0.061886657,0.20424707,0.39792728,0.2374878,0.10648314,0.16624819,0.020287141,0.042923976,0.038250327,-0.13160175,-0.21459246,0.17149162,0.4214698,0.40780723,0.19542882,0.40070486,-0.20044373,0.40999812,-0.02917596,0.1145802,-0.019687582,0.41958192,0.06805955,0.12010119,0.2947528,0.4304258,0.38268453,0.36714494,0.67635953,0.62908095,0.37866047,0.22910205,0.21119176,0.37514186,0.40259176,0.354373,0.13242544,0.1492344,0.14230217,0.43423888,0.3717946,0.43476507,0.13983826,0.5574693,0.123002924,-0.07371554,0.41810727,0.4580237,0.10266028,0.065690875,0.30904052,-0.11553049,0.42054644,0.5361032,0.40556064,0.38281277,0.57358867,0.48853055,0.20197198,0.14353418,0.19584003,0.23166922,-0.18836932,0.24798487,0.53276485,0.38025963,0.65373313,0.38583723,0.24793985,0.3234606,0.08691261,0.20813888,0.044379838,0.06839978
