1.0,0.53999704,0.7878504,0.7593407,0.5989972,0.2506576,0.8424828,0.74753386,0.58190423,0.5621144,0.85212314,0.64187205,0.81426543,0.66406846,0.63037974,0.5155499,0.81040096,0.48010534,0.7430771,0.75111365,0.36946815,0.272594,0.8153137,0.7279488,0.38329956,0.1981131,0.21120161,0.30464214,0.75584596,0.5367661,0.66101545,0.63789725,0.75676745,0.79056084,0.7108174,0.62620527,0.5138154,0.4549747,0.5305355,0.46762255,0.41220233,0.55110526,0.019621054,0.021741876,-0.3229707,-0.2962985,0.3392949,0.3670077,-0.38963026,-0.46614048,-0.410152,-0.25626183,-0.09915071,0.11940581,0.5474349,0.48938647,0.3662458,0.0468578,-0.39371136,-0.43080086,-0.004866408,-0.29591984,0.28137535,0.009580871,-0.26067996,-0.38040724,-0.034090903,0.30078095,0.51570034,0.09412018,0.7042168,0.63387895,0.66385394,0.6611336,0.6934682,0.3968371,0.657495,0.5901414,0.6955868,0.2353651,0.7396976,0.26111808,0.5150167,0.18879505,0.39163098,0.034989554,0.12134521,0.14952216,0.31258178,0.38787842,0.23496199,0.080937885,0.1558214,0.08760455,0.38418332,0.47091022,0.52332,0.3684533,0.43680462,0.19833933,0.18495184,0.04015063,0.19609645,0.18023643,0.13127592,0.36329523,-0.014618616,-0.07412738,0.46507958,0.37189153,0.48752972,0.31284952,-0.09654661,0.13264188,0.037113868,0.3156615
0.53999704,1.0,0.44837043,0.5711018,0.2055697,-0.09118982,0.48984912,0.6727872,0.19693214,0.112399444,0.4090584,0.5489623,0.3709142,0.56502646,0.13054796,0.15390058,0.31727493,0.3672934,0.6317491,0.5711577,0.18561456,0.059454765,0.42288876,0.3354029,0.14446113,-0.11750575,-0.027246665,0.102597825,0.18856344,0.16599965,0.25685203,0.22476228,0.48758465,0.57173294,0.54051095,0.4742605,0.23481965,0.29039735,0.28338793,0.2995019,0.21802045,0.25998273,0.29350886,0.29080325,0.16336146,0.13965909,0.3339229,0.27054942,0.021780381,0.059304,-0.05998592,0.2585909,-0.11022375,0.21544796,0.03713651,0.27821818,0.4252022,0.54537517,0.090206824,0.09474152,0.17469567,0.25198895,0.22153379,0.4159937,0.14845537,0.13138096,0.42373744,0.5280083,0.6073579,0.5446655,0.29206407,0.36329105,0.25903133,0.38159034,0.3315324,0.33143088,0.3974083,0.5192646,0.29877886,0.33337206,0.22272772,0.30379426,0.06630257,0.2954799,0.00029239,0.27832195,0.09315334,0.14855397,-0.07907464,0.30864713,-0.07720059,0.074734695,-0.052375935,0.15905634,0.09192235,0.11440085,0.21503304,0.17363933,-0.04998947,0.063825555,-0.01158383,0.11082795,-0.08060179,0.11817943,0.008081079,0.009351608,0.017468804,0.035460483,0.22154254,0.026309812,0.23667185,0.12440384,-0.09295309,-0.032533843,-0.09075773,-0.021188345
0.7878504,0.44837043,1.0,0.7997721,0.35649016,0.25209337,0.870623,0.75680697,0.3422587,0.48942366,0.7889701,0.34125152,0.7467404,0.3948864,0.51736635,0.2233604,0.64436173,0.18907747,0.7814208,0.81270164,0.29360145,0.29810637,0.70533293,0.67524314,0.2484169,0.29826835,0.17821096,0.28703445,0.7279888,0.3466206,0.47951832,0.5134165,0.7524257,0.67304176,0.64886343,0.6100757,0.42761397,0.42134252,0.45353055,0.44481882,0.35466006,0.46427587,0.043917544,-0.021916848,-0.21601848,-0.24773254,0.1444065,0.11045296,-0.16929966,-0.4060067,-0.1589726,-0.31144318,0.1465206,-0.12753507,0.5130451,0.2636435,0.5580427,-0.09590261,-0.12947124,-0.22913939,0.27526692,-0.35176465,0.49010116,-0.22507297,-0.06289749,-0.35403505,0.07689616,0.33977348,0.5324925,0.26453835,0.59253603,0.55304193,0.57296443,0.48073184,0.57156795,0.44682723,0.5650785,0.5017989,0.55788505,0.39412403,0.72315407,-0.031502347,0.53237355,0.019610867,0.5647621,-0.21774822,0.13111614,0.092387445,0.4349042,0.18586683,0.2642946,-0.12384021,0.028353589,-0.08885318,0.24690726,0.38061833,0.33385298,0.16074435,0.3468178,-0.052292097,0.15132213,-0.08976596,0.064345494,0.013476388,0.04207137,0.19036835,-0.078415304,-0.03307645,0.32727957,0.30556867,0.2694248,0.27079675,-0.13532482,0.0044158,0.03193235,0.1285592
0.7593407,0.5711018,0.7997721,1.0,0.46239692,0.28176948,0.77278394,0.8646681,0.4028376,0.59885234,0.7681589,0.50552666,0.7415048,0.5468209,0.55176365,0.37095764,0.65572834,0.398225,0.70993817,0.8344732,0.28524193,0.3410227,0.7472819,0.77948433,0.2634634,0.23887281,0.16801277,0.3547232,0.63229877,0.5100635,0.5520282,0.603596,0.7222222,0.7393196,0.6926292,0.6150024,0.31828076,0.44701183,0.36443418,0.4523839,0.24914649,0.49971366,0.053978287,-0.017576823,-0.1925988,-0.26667097,0.21684755,0.18160838,-0.22328566,-0.3831168,-0.2368546,-0.20598798,0.046119582,0.05857551,0.43785587,0.36698484,0.4108286,0.010525172,-0.21322618,-0.31307214,0.11909826,-0.22318108,0.36881644,-0.058021042,-0.08078459,-0.35054058,0.07762844,0.3770454,0.552374,0.21407917,0.5874305,0.65812373,0.5095082,0.59555763,0.57281023,0.49691987,0.62741095,0.6001377,0.57139593,0.50547856,0.6182325,0.1420035,0.43659198,0.09605606,0.41241336,-0.087073244,0.12980546,0.010938328,0.31631106,0.29042467,0.21555896,-0.049138673,0.030721752,-0.093160324,0.18164752,0.3861054,0.3167652,0.21440691,0.35796508,0.027698986,0.15588178,-0.11245489,0.09732802,0.04705348,0.01501174,0.15690415,0.027533952,-0.058801264,0.26912057,0.29666546,0.32054195,0.22177711,-0.18158802,-0.0849238,0.01836492,0.25666043
0.5989972,0.2055697,0.35649016,0.46239692,1.0,0.4083425,0.39292866,0.37789577,0.7918427,0.6851292,0.6000205,0.64410084,0.56426466,0.65294105,0.74653655,0.7750359,0.68563294,0.6354292,0.25069487,0.3541746,0.36547035,0.3075663,0.69963247,0.66329813,0.43037918,0.1510767,0.34319043,0.3413214,0.55156136,0.66364443,0.76233804,0.67291176,0.38431478,0.5183959,0.38941008,0.27615583,0.15718131,0.3198786,0.19096263,0.29995632,0.09237797,0.5736752,-0.2465455,-0.24949418,-0.49822226,-0.51261866,0.2987874,0.49881798,-0.61888677,-0.45779872,-0.64347374,-0.29733276,-0.30152625,0.36085966,0.36757484,0.6515808,-0.20485017,-0.059482645,-0.6179159,-0.5739957,-0.4269301,-0.31396776,-0.25331375,0.07378654,-0.5052734,-0.34741312,-0.36940166,-0.06093192,0.09666375,-0.31151906,0.5431997,0.5237977,0.45755276,0.65882033,0.573126,0.1143426,0.38850272,0.2986525,0.5098361,-0.045900244,0.48014334,0.5075667,0.46746874,0.30253938,0.13744056,0.20326947,-0.06267624,0.0123253865,0.069250256,0.57504964,0.09279509,0.3554952,0.32897538,0.15995778,0.35991836,0.41898674,0.4371438,0.42911813,0.5547623,0.38659844,0.32279995,0.12760562,0.37595096,0.26548988,0.111624114,0.38155502,0.236206,-0.18262008,0.19464551,0.34073088,0.6048788,0.27072388,-0.219085,0.17270347,0.0081608,0.58934915
0.2506576,-0.09118982,0.25209337,0.28176948,0.4083425,1.0,0.1344458,0.113053955,0.45549932,0.673701,0.30534095,0.1714972,0.3911086,0.17218493,0.6051172,0.4954171,0.37343898,0.34855673,0.04171178,0.29030228,0.32167518,0.39464813,0.39473408,0.52650034,0.18661906,0.28229862,0.36215997,0.32986772,0.46045575,0.59407395,0.51440704,0.60386765,0.111954406,0.12673923,0.15296315,0.15070137,0.054062273,0.33708742,0.1120895,0.23043114,-0.047031403,0.5053425,-0.1994478,-0.36577767,-0.5233129,-0.5836018,0.15720738,0.33273792,-0.44039425,-0.41172138,-0.44806373,-0.34594423,0.06940943,0.24526599,0.32757312,0.3332687,-0.15461189,-0.4628776,-0.44270796,-0.4776012,-0.19313076,-0.5615412,-0.19035478,-0.263928,-0.37110195,-0.4615528,-0.35758024,-0.23071699,-0.0020551481,-0.33884045,0.4511176,0.43136635,0.3063424,0.42684543,0.34985724,0.2052514,0.31968772,0.17790617,0.2569292,0.106976725,0.3772658,0.22203374,0.44613498,-0.11928142,0.28937015,-0.022640161,-0.080580205,-0.30265146,0.32590756,0.24705538,0.23192829,0.09784887,0.25367764,-0.05068471,0.35226774,0.3923554,0.26418218,0.17537591,0.5128701,0.03620742,0.33238807,-0.11202363,0.5031182,0.12374532,0.1993458,0.30912024,0.28252256,-0.082718514,0.130513,0.42871687,0.33157992,0.009571008,-0.14292516,-0.06706401,-0.030326253,0.39142627
0.8424828,0.48984912,0.870623,0.77278394,0.39292866,0.1344458,1.0,0.81401587,0.36198866,0.4370684,0.83804494,0.47366282,0.8164474,0.5255927,0.47715494,0.27088976,0.72952735,0.2788352,0.7559209,0.7477743,0.3700123,0.35175985,0.7287548,0.6599944,0.26006603,0.2107122,0.18700495,0.3511626,0.76620585,0.39383122,0.5192032,0.530447,0.8178194,0.7759813,0.72638947,0.673184,0.5645902,0.48442596,0.56343484,0.5422393,0.48568517,0.51383126,-0.00766072,-0.059701722,-0.22218275,-0.27076957,0.15331477,0.18507569,-0.24135037,-0.4633998,-0.25702807,-0.29575333,-0.00041637255,-0.08661011,0.5799358,0.29179823,0.5440116,0.0010873487,-0.2010467,-0.29100358,0.21867985,-0.27139494,0.48881632,-0.13076545,-0.15730809,-0.3570993,0.080600955,0.3810098,0.46824643,0.19519112,0.6923605,0.63697594,0.6848922,0.5642339,0.66320586,0.48208693,0.65066344,0.5751939,0.6655593,0.37432867,0.78362423,0.037743844,0.5494406,0.07048935,0.47785816,-0.18501922,0.14748962,0.12390991,0.4037825,0.16308214,0.16533194,-0.18016945,-0.013118155,-0.051925387,0.20479015,0.4840475,0.36051586,0.1519062,0.28013763,-0.06393528,0.10266795,-0.07261198,0.03793122,-0.021999242,-0.038183097,0.1978564,-0.13911137,-0.0257444,0.3710606,0.35321832,0.28842723,0.30007422,-0.18381202,-0.015420375,-0.017120764,0.14865793
0.74753386,0.6727872,0.75680697,0.8646681,0.37789577,0.113053955,0.81401587,1.0,0.31895477,0.44889578,0.7781932,0.5536075,0.75037473,0.6192559,0.42371315,0.267819,0.6321167,0.3726475,0.70253855,0.74236387,0.32532886,0.33414713,0.7143209,0.68326586,0.20755291,0.18638936,0.13098668,0.30324367,0.58964497,0.4063822,0.49219155,0.5274025,0.7861332,0.793199,0.7465978,0.66786635,0.40531224,0.47094876,0.41670284,0.48586106,0.34536624,0.4283913,0.11716245,0.051062092,-0.066663206,-0.17762579,0.23556826,0.15365587,-0.13593452,-0.36395827,-0.1827748,-0.086095616,0.04735521,0.021999532,0.37982658,0.28326172,0.5176804,0.14623988,-0.118344985,-0.2093448,0.17550212,-0.086441755,0.46566695,0.025449136,-0.025463758,-0.2646069,0.19214305,0.5005343,0.54151076,0.28791314,0.5894699,0.660177,0.5247636,0.59113944,0.5757931,0.5800664,0.65663964,0.6688432,0.57534987,0.55445397,0.61241585,0.10850539,0.3943624,0.18842496,0.34346414,-0.097481005,0.15629166,0.10412415,0.23363377,0.20885779,0.082993604,-0.13754018,-0.035693765,-0.083011,0.039301887,0.37293366,0.26284766,0.111110754,0.17885238,-0.034362577,0.14407416,-0.07690777,0.006197881,-0.019888952,-0.025524812,0.08732221,0.011044368,-0.002129345,0.2323418,0.21737958,0.24025792,0.21815106,-0.16765511,-0.12992932,-0.05635797,0.151061
0.58190423,0.19693214,0.3422587,0.4028376,0.7918427,0.45549932,0.36198866,0.31895477,1.0,0.6930698,0.5608727,0.7083881,0.57193196,0.68823534,0.80357367,0.8522721,0.72234863,0.7163229,0.18852304,0.30789676,0.26964486,0.14593415,0.7186165,0.66205555,0.4563368,0.16688603,0.3770848,0.36244324,0.5637466,0.6931804,0.82827246,0.7488894,0.33257866,0.5029092,0.3589179,0.2561876,0.12797362,0.32359445,0.16324474,0.21284755,0.05472374,0.5553186,-0.20513433,-0.1445511,-0.6110404,-0.5144268,0.38605693,0.5785313,-0.65730155,-0.4600196,-0.6897719,-0.25761133,-0.22759186,0.44336173,0.34750295,0.72969556,-0.29645,-0.019640464,-0.69052035,-0.60412353,-0.50426173,-0.37669295,-0.34017137,0.11363511,-0.5203935,-0.3648331,-0.4068507,-0.11284015,0.087503135,-0.36425504,0.5605718,0.5122536,0.4113421,0.6842195,0.51275504,0.05686345,0.3724519,0.32019493,0.5396841,-0.09423737,0.44489956,0.59091204,0.43993428,0.3463243,0.108448416,0.33604652,-0.11252521,-0.015609912,0.054175932,0.65345216,0.18826745,0.43793765,0.4806539,0.16831815,0.52150196,0.38546506,0.5240181,0.537646,0.616606,0.5471255,0.43373746,0.20475075,0.5047019,0.42058003,0.3334925,0.5274144,0.26523513,-0.099426806,0.28344655,0.3582046,0.6817302,0.14376545,-0.113879785,0.1546406,0.173675,0.6460494
0.5621144,0.112399444,0.48942366,0.59885234,0.6851292,0.673701,0.4370684,0.44889578,0.6930698,1.0,0.62697124,0.45794997,0.6807625,0.4903192,0.85592026,0.729103,0.662235,0.5684259,0.28282294,0.51466525,0.3483583,0.4676292,0.73832756,0.8249534,0.29322174,0.36852002,0.34283912,0.44680792,0.6596162,0.7781641,0.7737918,0.8253032,0.41221255,0.47357982,0.48109093,0.40774795,0.14630783,0.3634724,0.21265979,0.28792882,0.08652813,0.60805607,-0.20664106,-0.34926772,-0.5840515,-0.62792856,0.2581618,0.38335544,-0.57472795,-0.58068174,-0.55962217,-0.40916234,-0.014884359,0.25354186,0.4828319,0.52549124,-0.08325309,-0.36332777,-0.5707285,-0.5992184,-0.3002122,-0.56452054,-0.064966574,-0.20099235,-0.40826365,-0.5619104,-0.35930046,-0.040730707,0.11601971,-0.3327703,0.6037904,0.6325387,0.478783,0.65503955,0.551507,0.26282793,0.4821327,0.3544623,0.42731875,0.19715948,0.58288556,0.338987,0.5689254,0.10712602,0.41032514,-0.025684416,0.01924818,-0.12914065,0.37198842,0.44058654,0.28349286,0.17569344,0.36575902,-0.027032748,0.36978605,0.437149,0.39050215,0.2777893,0.6724538,0.18270019,0.44546765,-0.08465713,0.49691013,0.20919399,0.22799414,0.35574335,0.28681442,-0.19620408,0.19796486,0.44948846,0.52075666,0.22803664,-0.23503728,0.020643024,0.034581054,0.6290846
0.85212314,0.4090584,0.7889701,0.7681589,0.6000205,0.30534095,0.83804494,0.7781932,0.5608727,0.62697124,1.0,0.5822168,0.8901432,0.63983923,0.6946833,0.4725829,0.8606928,0.45785666,0.6377016,0.66707027,0.43192682,0.39788425,0.84030527,0.7851463,0.33744627,0.33518407,0.2534741,0.3227921,0.8131753,0.57679766,0.71152616,0.71408606,0.77849275,0.76449054,0.73333865,0.60295904,0.45659766,0.48528957,0.48392466,0.48487848,0.36363906,0.5711409,-0.048309628,-0.10729211,-0.3782988,-0.4442084,0.2795967,0.256488,-0.386516,-0.6040277,-0.41506514,-0.32449052,0.018392265,0.08996038,0.5664351,0.46441284,0.37050262,-0.11502798,-0.3771902,-0.45275095,-0.007484387,-0.38386148,0.333903,-0.14525458,-0.26968327,-0.49774924,-0.08282683,0.28522843,0.4072728,0.009021027,0.75168604,0.7259719,0.65111613,0.699149,0.72472006,0.5007527,0.71502614,0.6056746,0.7133873,0.4203825,0.82084244,0.19563292,0.59324497,0.14092907,0.5112206,-0.13970268,0.06791325,0.10838141,0.33523926,0.3414511,0.17672625,-0.044777915,0.075036705,-0.020564204,0.310454,0.5045203,0.44347358,0.2265932,0.46728647,0.09753683,0.24668226,-0.040184725,0.1954568,0.07321406,0.08061407,0.29410407,0.056617122,-0.11292835,0.3274921,0.36420885,0.4141475,0.27700198,-0.12834825,0.0023652082,0.024312006,0.32063934
0.64187205,0.5489623,0.34125152,0.50552666,0.64410084,0.1714972,0.47366282,0.5536075,0.7083881,0.45794997,0.5822168,1.0,0.57462335,0.8964465,0.5404983,0.75219506,0.7051604,0.8463658,0.32030475,0.3848048,0.24326235,0.07618039,0.70947903,0.62492734,0.39947248,-0.048788544,0.21242337,0.23206182,0.45323804,0.6668705,0.7198171,0.6443767,0.49304226,0.7309985,0.50034946,0.346891,0.25112855,0.3898585,0.24226929,0.31476083,0.2243483,0.50308216,-0.04912153,0.029611927,-0.3192587,-0.26458704,0.3733673,0.55559236,-0.50248885,-0.25239918,-0.5742304,0.012439911,-0.3324217,0.49541226,0.26417267,0.6888483,-0.14620934,0.37145334,-0.5234581,-0.40833277,-0.35323858,0.030078894,-0.16930425,0.47082102,-0.36603975,-0.10360846,-0.12970747,0.10614891,0.23288861,-0.16132641,0.579894,0.59209055,0.43846485,0.74443656,0.52241737,0.22861452,0.4935028,0.51375556,0.62114984,0.11264534,0.3605655,0.69795203,0.2993464,0.5098158,-0.14560392,0.4778558,0.046208955,0.039037004,-0.058376014,0.5974952,0.057215642,0.41094664,0.30923352,0.35413665,0.37121826,0.39037833,0.47562426,0.5121291,0.3555765,0.4882891,0.28766385,0.28218523,0.32663512,0.41765887,0.21195096,0.3876671,0.12114874,-0.048965085,0.37607473,0.31137714,0.5741035,0.16886468,-0.07364622,0.025515346,0.0753919,0.4932137
0.81426543,0.3709142,0.7467404,0.7415048,0.56426466,0.3911086,0.8164474,0.75037473,0.57193196,0.6807625,0.8901432,0.57462335,1.0,0.6279572,0.7112489,0.5181667,0.85642946,0.47961125,0.60258067,0.6867654,0.4759649,0.4616916,0.82089704,0.80109006,0.2964624,0.3160061,0.345897,0.41338623,0.86905414,0.66908234,0.7342358,0.7878713,0.7307878,0.729442,0.72364825,0.63390034,0.5458705,0.5638844,0.54060245,0.52756315,0.42906985,0.63382566,-0.07486854,-0.17256193,-0.46299118,-0.52731377,0.2899259,0.33660373,-0.4429909,-0.6279352,-0.48949516,-0.38610876,-0.0054949573,0.084201224,0.6386944,0.44312164,0.30535486,-0.19127566,-0.45280623,-0.5435566,-0.033388287,-0.45423907,0.2791778,-0.19211009,-0.3472258,-0.5637481,-0.11807185,0.23817874,0.35782912,-0.058473997,0.8457855,0.7958605,0.7524485,0.751716,0.77917105,0.568681,0.7997912,0.6637513,0.67227924,0.39847916,0.8390122,0.19848584,0.5955783,0.095300436,0.49521568,-0.14072257,0.06408239,-0.008090794,0.43144727,0.25720918,0.18475421,-0.11475151,0.13852157,-0.07359184,0.36577767,0.57719547,0.45516685,0.20494696,0.457635,0.029656667,0.26464102,-0.03328463,0.28628206,0.08530674,0.10889573,0.3245582,0.04987944,-0.100792535,0.38586047,0.4923972,0.43766636,0.22164187,-0.16368927,-0.05164918,0.013528239,0.33571452
0.66406846,0.56502646,0.3948864,0.5468209,0.65294105,0.17218493,0.5255927,0.6192559,0.68823534,0.4903192,0.63983923,0.8964465,0.6279572,1.0,0.54139197,0.72527266,0.73450804,0.79761106,0.34297252,0.40020648,0.23709568,0.12692326,0.7313648,0.6171185,0.39901417,0.052151207,0.2085852,0.2523886,0.49744064,0.6617999,0.6977818,0.6337609,0.5489486,0.7435321,0.5475565,0.4286919,0.29784173,0.40899757,0.28105882,0.3648801,0.29893488,0.5250955,-0.0708021,0.008834411,-0.34581414,-0.30888397,0.33434924,0.51038265,-0.47779402,-0.35167167,-0.56773317,-0.03567086,-0.2782539,0.41746444,0.31468946,0.63837254,-0.067197174,0.2919032,-0.5128709,-0.41875505,-0.33092526,-0.0553002,-0.109363645,0.35485855,-0.36872613,-0.19238165,-0.13259399,0.14731097,0.22021362,-0.122410975,0.5968827,0.5685917,0.46364617,0.75404656,0.5704509,0.29947954,0.5174063,0.52938193,0.6288343,0.17048095,0.4403207,0.6077614,0.33961278,0.48678634,-0.033981074,0.37527645,-0.015832193,0.13043454,-0.014983242,0.5480695,0.043057468,0.34588534,0.28053728,0.252124,0.32203305,0.4163994,0.44232655,0.46835858,0.3326454,0.43688324,0.2896119,0.25064236,0.29635984,0.33327264,0.19798544,0.40551928,0.0577975,-0.042750794,0.3216469,0.29551852,0.5204286,0.21508786,-0.067199,0.07670084,0.0029822497,0.4633665
0.63037974,0.13054796,0.51736635,0.55176365,0.74653655,0.6051172,0.47715494,0.42371315,0.80357367,0.85592026,0.6946833,0.5404983,0.7112489,0.54139197,1.0,0.75009763,0.7336739,0.5876667,0.32760325,0.47254366,0.4298658,0.3871921,0.7619031,0.7809227,0.37880832,0.36132547,0.32101837,0.36346143,0.6963222,0.71610093,0.82268393,0.81938386,0.41383907,0.47858006,0.4817562,0.38075796,0.20446326,0.42548117,0.2974689,0.32623804,0.14556308,0.6326235,-0.18163973,-0.24457002,-0.59600043,-0.60359776,0.39138418,0.4609479,-0.60236907,-0.5485478,-0.61492896,-0.36927027,-0.05035486,0.31616315,0.4720322,0.70124847,-0.0927649,-0.2600706,-0.5960848,-0.6210525,-0.3247817,-0.53132516,-0.11494385,-0.111051284,-0.42719606,-0.508224,-0.3203515,-0.02008924,0.16261297,-0.29561022,0.66843307,0.6624872,0.52535206,0.7211649,0.6008877,0.23586076,0.51661646,0.40816137,0.47911277,0.14269508,0.5919742,0.43799576,0.6056594,0.18145168,0.3770598,0.11813183,0.028101519,-0.06384224,0.2531665,0.546267,0.22011788,0.25695962,0.3741603,0.041555904,0.53280216,0.444026,0.5540284,0.41596547,0.73631614,0.31952414,0.43417445,0.03325146,0.524891,0.34215122,0.3335982,0.4126685,0.37060204,-0.18882467,0.3103222,0.4336705,0.64467835,0.13074909,-0.18236305,0.103651315,0.1350364,0.5871932
0.5155499,0.15390058,0.2233604,0.37095764,0.7750359,0.4954171,0.27088976,0.267819,0.8522721,0.729103,0.4725829,0.75219506,0.5181667,0.72527266,0.75009763,1.0,0.6683756,0.8142462,0.08078318,0.27744955,0.22164117,0.17586252,0.69648945,0.6716965,0.42498204,0.1282222,0.358398,0.30734673,0.5064926,0.81941265,0.8119574,0.765372,0.28370082,0.5083346,0.32811826,0.22930467,0.124666795,0.3382288,0.14166847,0.22517909,0.10102433,0.5955834,-0.26182848,-0.2215915,-0.61949134,-0.5341768,0.30731294,0.6291117,-0.7233763,-0.4446385,-0.7502383,-0.2612949,-0.29660723,0.5039882,0.37484297,0.72133476,-0.4459361,-0.050659508,-0.7697969,-0.66241205,-0.58693117,-0.33361724,-0.42596677,0.17371686,-0.5851502,-0.36624256,-0.47429702,-0.212688,-0.04443667,-0.49631515,0.54910123,0.5086713,0.39969933,0.70900124,0.48723406,0.061399154,0.36430496,0.29307643,0.48832837,-0.10073708,0.36395514,0.6715392,0.4361002,0.3976452,-0.015729297,0.38355204,-0.07654936,-0.0491656,0.10615468,0.6288,0.22025034,0.50377333,0.5263343,0.2647151,0.50677437,0.42780128,0.4958478,0.5535413,0.6349817,0.54799277,0.43327296,0.20515688,0.5652732,0.44069752,0.3142107,0.5327141,0.22613429,-0.14852268,0.3237726,0.43383822,0.671099,0.22420529,-0.099103115,0.15866466,0.08439504,0.70681155
0.81040096,0.31727493,0.64436173,0.65572834,0.68563294,0.37343898,0.72952735,0.6321167,0.72234863,0.662235,0.8606928,0.7051604,0.85642946,0.73450804,0.7336739,0.6683756,1.0,0.6517544,0.4979706,0.57667434,0.38408032,0.32713893,0.8420015,0.78316015,0.43416223,0.24559145,0.34266862,0.3840888,0.81069463,0.7257757,0.8031443,0.79462785,0.6716217,0.74178857,0.61927074,0.48786822,0.4256645,0.4829729,0.43325013,0.45210478,0.32030547,0.6422347,-0.17947513,-0.17823112,-0.5757145,-0.5505175,0.28750366,0.41584042,-0.5763075,-0.63323057,-0.6208106,-0.38581368,-0.16128325,0.22370377,0.5867338,0.5827611,0.09036648,-0.10244484,-0.6080807,-0.6176899,-0.21891576,-0.42980236,0.08827403,-0.05175353,-0.46932405,-0.53383976,-0.27771738,0.082801744,0.25776815,-0.20685537,0.7898091,0.716848,0.6825472,0.76952755,0.738794,0.37891242,0.67055225,0.54246366,0.7705706,0.24013601,0.781786,0.38393435,0.5619808,0.17363614,0.35371518,0.033165723,-0.06326607,0.017647726,0.29311654,0.45437202,0.21173365,0.11349478,0.26237544,0.09200199,0.44020346,0.58091414,0.49652427,0.35974637,0.5350111,0.26886517,0.2626169,0.071033284,0.32995272,0.1921074,0.15574245,0.44790858,0.03882194,-0.09860219,0.39364886,0.4652837,0.50478244,0.27669305,-0.09751861,0.035612844,0.029949503,0.44849005
0.48010534,0.3672934,0.18907747,0.398225,0.6354292,0.34855673,0.2788352,0.3726475,0.7163229,0.5684259,0.45785666,0.8463658,0.47961125,0.79761106,0.5876667,0.8142462,0.6517544,1.0,0.15265554,0.28375712,0.24693339,0.17713687,0.6250517,0.61104095,0.34970048,-0.050768398,0.27537394,0.30424684,0.38163188,0.7693897,0.7292342,0.70597744,0.3261355,0.5794444,0.41387266,0.25248984,0.10230487,0.36550307,0.11634575,0.2485085,0.06745413,0.5661979,-0.101442486,-0.07658781,-0.42597923,-0.38388842,0.413702,0.62845117,-0.60787874,-0.26396972,-0.6443873,-0.02341956,-0.34572944,0.5769512,0.24567246,0.71972084,-0.34856388,0.22538562,-0.60519195,-0.46973437,-0.5011105,-0.05676121,-0.34355843,0.4500851,-0.44134206,-0.16589601,-0.23937981,-0.024137001,0.09478887,-0.3044351,0.5275942,0.5542161,0.3907549,0.75408554,0.48758215,0.1972273,0.38975993,0.41830263,0.53537667,0.105371825,0.2854981,0.8070126,0.2794939,0.43295884,-0.13831115,0.5300357,-0.03819578,-0.08850125,-0.051374394,0.6613918,0.097678885,0.42725345,0.38147464,0.31629643,0.43842566,0.38384914,0.45934555,0.4850107,0.47914553,0.47977856,0.29890838,0.24204317,0.4279029,0.4146958,0.25524303,0.39857483,0.22473277,-0.12250809,0.3346953,0.34890875,0.5879766,0.11611622,-0.10728698,-0.027190452,0.004385188,0.55885315
0.7430771,0.6317491,0.7814208,0.70993817,0.25069487,0.04171178,0.7559209,0.70253855,0.18852304,0.28282294,0.6377016,0.32030475,0.60258067,0.34297252,0.32760325,0.08078318,0.4979706,0.15265554,1.0,0.78863287,0.27076438,0.2214241,0.56041,0.49418056,0.17331618,0.11303756,-0.0059767975,0.19470279,0.50312126,0.18393573,0.29524916,0.3370026,0.7082785,0.61374223,0.64372206,0.57715327,0.3881372,0.3349835,0.45021656,0.38200587,0.3687678,0.3439049,0.18274207,0.16454442,-0.0012999242,-0.0108298315,0.25275496,0.12644364,-0.024183778,-0.19303067,-0.0507751,-0.10234649,0.04583089,-0.04929691,0.35934678,0.19878861,0.6375514,0.15478235,0.0210578,-0.08219484,0.37968233,-0.12297907,0.5435655,-0.0147372205,0.083900824,-0.19201913,0.29165605,0.48916265,0.7425578,0.46031258,0.49658957,0.408975,0.48923177,0.35711285,0.4853714,0.38980424,0.5250889,0.51340014,0.38964415,0.32880968,0.5741174,-0.027960464,0.31453776,0.01744687,0.4379349,-0.08841747,0.15790792,0.15363492,0.2938202,0.1537984,0.16372605,-0.11929283,-0.091470264,0.0120129725,0.17204802,0.24383312,0.29629433,0.1328257,0.18371743,-0.06270224,-0.045464266,-0.020319229,-0.06602542,0.07813904,0.007475022,0.09312863,-0.06360617,0.011416996,0.3287178,0.14824286,0.21324095,0.25478348,-0.07206973,0.025380356,-0.0025898763,-0.018086648
0.75111365,0.5711577,0.81270164,0.8344732,0.3541746,0.29030228,0.7477743,0.74236387,0.30789676,0.51466525,0.66707027,0.3848048,0.6867654,0.40020648,0.47254366,0.27744955,0.57667434,0.28375712,0.78863287,1.0,0.36891624,0.37504852,0.6526251,0.6872175,0.27128252,0.16339986,0.23629896,0.392889,0.6422878,0.42372945,0.46812844,0.5234093,0.6463635,0.63870806,0.6414133,0.61788607,0.44964787,0.4866342,0.5023733,0.5013345,0.3432509,0.5329515,0.07793422,-0.03621318,-0.17056306,-0.23310971,0.21200639,0.21706237,-0.21006274,-0.31784505,-0.20739006,-0.268119,0.052361876,-0.037003852,0.48153937,0.29809377,0.46068525,-0.021382073,-0.16146731,-0.25809598,0.21987402,-0.2750697,0.35470775,-0.0993705,-0.07345015,-0.31875733,0.11362656,0.34546247,0.59332764,0.31047508,0.572739,0.59521306,0.5794652,0.5069634,0.58160675,0.4999556,0.5868167,0.5542987,0.5027496,0.3788705,0.6243036,0.07603551,0.4125978,0.04160689,0.4381307,-0.096727796,0.13773657,0.002909551,0.4202436,0.24040394,0.2342376,-0.13527799,0.053946454,-0.08457983,0.27313042,0.41999263,0.34037825,0.18889666,0.27836177,-0.071400635,0.1312804,-0.09902984,0.12385426,-0.0065695024,0.022098852,0.1488969,0.010125453,-0.01720289,0.34470782,0.34975293,0.2975629,0.19449814,-0.22058779,-0.0607391,0.00038039102,0.13819253
0.36946815,0.18561456,0.29360145,0.28524193,0.36547035,0.32167518,0.3700123,0.32532886,0.26964486,0.3483583,0.43192682,0.24326235,0.4759649,0.23709568,0.4298658,0.22164117,0.38408032,0.24693339,0.27076438,0.36891624,1.0,0.7554872,0.3000348,0.33721387,0.05460815,0.039282676,0.42816105,0.36865085,0.46658972,0.31943676,0.41647667,0.40157306,0.30325893,0.28326878,0.31991488,0.24075015,0.45472163,0.60161316,0.5741168,0.59965384,0.3825646,0.5701017,-0.11121765,-0.3111197,-0.22022414,-0.40635943,0.32121408,0.3766231,-0.33289966,-0.2789182,-0.37497497,-0.22072281,-0.16961187,0.08348872,0.38537621,0.4273134,0.16250114,-0.052018616,-0.14904357,-0.180737,0.015613163,-0.18637604,-0.010875854,-0.037136186,-0.22426769,-0.21327972,0.0043765577,0.09916559,0.18557715,0.05206453,0.58222395,0.60901207,0.60907406,0.56221104,0.65426326,0.5447064,0.4840601,0.4372614,0.318034,0.25458542,0.442237,0.26590326,0.45914692,0.112899184,0.19091295,-0.0030129198,0.17882846,-0.13097352,0.12167424,0.22060348,-0.26263058,-0.26812166,-0.07113336,-0.09218769,0.32164663,0.54844755,0.42954543,0.10375096,0.16802844,-0.27042586,0.0692346,0.056037106,0.17271386,-0.11554725,-0.11592193,-0.020207722,0.35512322,-0.18574972,0.19597673,0.34831634,0.3832063,-0.09349551,-0.33158147,-0.16860832,-0.16836494,0.06822175
0.272594,0.059454765,0.29810637,0.3410227,0.3075663,0.39464813,0.35175985,0.33414713,0.14593415,0.4676292,0.39788425,0.07618039,0.4616916,0.12692326,0.3871921,0.17586252,0.32713893,0.17713687,0.2214241,0.37504852,0.7554872,1.0,0.28824365,0.40190342,-0.014120649,0.15705284,0.45035043,0.48227155,0.45342052,0.38188007,0.35823873,0.41385722,0.31987405,0.264509,0.33847597,0.30162144,0.3360862,0.5054117,0.41640016,0.5436278,0.30014548,0.59400207,-0.25274405,-0.51195943,-0.3059973,-0.5583328,0.105380066,0.22388305,-0.37061226,-0.43434563,-0.39825127,-0.38027367,-0.15949027,-0.06988169,0.40880725,0.2092444,0.15485162,-0.30318093,-0.19242135,-0.24701674,-0.0037001905,-0.320929,0.034386598,-0.2642369,-0.33469665,-0.3978714,-0.112931214,0.054072376,0.019927226,-0.06477365,0.52729934,0.55987245,0.5586897,0.49007633,0.5605768,0.49751127,0.38073993,0.30413625,0.23609248,0.27285823,0.44923738,0.10425852,0.48561713,-0.067341715,0.27767858,-0.23325194,0.024006924,-0.18441501,0.2517522,0.043192416,-0.2317604,-0.38707244,-0.15664007,-0.23827566,0.11666685,0.48037943,0.1827057,-0.17585187,0.17858166,-0.490533,-0.025245473,-0.24274723,0.09161466,-0.31209823,-0.29544008,-0.13599654,0.1873073,-0.32183474,0.05519428,0.373575,0.16703884,0.01568203,-0.4055208,-0.25665432,-0.36113697,0.051967554
0.8153137,0.42288876,0.70533293,0.7472819,0.69963247,0.39473408,0.7287548,0.7143209,0.7186165,0.73832756,0.84030527,0.70947903,0.82089704,0.7313648,0.7619031,0.69648945,0.8420015,0.6250517,0.56041,0.6526251,0.3000348,0.28824365,1.0,0.86280364,0.3939053,0.33431163,0.27996975,0.29181132,0.7540097,0.7142225,0.84538925,0.82144165,0.69691604,0.7712922,0.68715334,0.5630035,0.31031457,0.4096078,0.33587232,0.3514023,0.22438411,0.5905713,-0.13265009,-0.13910097,-0.47473463,-0.49106687,0.28297985,0.42516828,-0.54263824,-0.6138785,-0.56783503,-0.33490923,-0.047110204,0.24506909,0.5087639,0.54700387,0.10354657,-0.10794259,-0.5502931,-0.5713946,-0.23352352,-0.40780354,0.10096737,-0.049757287,-0.38888586,-0.4969982,-0.22461002,0.14909987,0.3061468,-0.15163071,0.70842564,0.6724017,0.5541781,0.72021466,0.63510114,0.32516286,0.62014407,0.5378278,0.67067134,0.23788792,0.7064059,0.3751852,0.5900765,0.28415328,0.37040344,0.033433508,0.005627387,0.10683969,0.3086232,0.47828153,0.2753114,0.2013579,0.27989477,0.08987156,0.36384946,0.44732332,0.44979143,0.33148953,0.58800083,0.27689102,0.35774404,0.034561902,0.31106344,0.19876693,0.169101,0.40153596,0.0937407,-0.15162241,0.30168644,0.37219226,0.54659015,0.35181695,-0.15457727,0.07862042,0.061131287,0.5491329
0.7279488,0.3354029,0.67524314,0.77948433,0.66329813,0.52650034,0.6599944,0.68326586,0.66205555,0.8249534,0.7851463,0.62492734,0.80109006,0.6171185,0.7809227,0.6716965,0.78316015,0.61104095,0.49418056,0.6872175,0.33721387,0.40190342,0.86280364,1.0,0.30797926,0.3125242,0.34654778,0.4363916,0.74952716,0.7700729,0.8110608,0.84284437,0.6408329,0.7140897,0.6393365,0.52135545,0.2782658,0.43894634,0.3236713,0.37117577,0.17083499,0.6074071,-0.123013146,-0.22658642,-0.46906948,-0.53686774,0.28138015,0.36875665,-0.54348916,-0.5547675,-0.51717144,-0.33770984,-0.012428703,0.22347344,0.5283643,0.52186424,0.09799931,-0.18457754,-0.515922,-0.559776,-0.17716676,-0.43764317,0.1137505,-0.08951633,-0.3497978,-0.5030945,-0.21320057,0.109800816,0.29795542,-0.17445865,0.694478,0.7406851,0.5661776,0.7239038,0.63465375,0.37999716,0.6221194,0.52746,0.62985075,0.33113068,0.67897075,0.3406738,0.56386524,0.15308017,0.38360903,-0.02609419,0.053818557,-0.08403942,0.364557,0.41325977,0.28400347,0.14158528,0.2859314,0.019267885,0.34243652,0.48042798,0.42575616,0.28845033,0.5974366,0.1695822,0.39243394,-0.057894856,0.38473487,0.19409402,0.17421705,0.3286754,0.17787087,-0.14731243,0.29657394,0.4575723,0.5173522,0.29273504,-0.18462114,-0.069333956,0.056441817,0.51616603
0.38329956,0.14446113,0.2484169,0.2634634,0.43037918,0.18661906,0.26006603,0.20755291,0.4563368,0.29322174,0.33744627,0.39947248,0.2964624,0.39901417,0.37880832,0.42498204,0.43416223,0.34970048,0.17331618,0.27128252,0.05460815,-0.014120649,0.3939053,0.30797926,1.0,0.12260518,0.20324837,0.1778139,0.31178424,0.30875462,0.35659626,0.29780346,0.2276122,0.32810837,0.097152226,0.07147054,0.15536785,0.17903724,0.1434841,0.20336136,0.1414562,0.30692142,-0.17551254,-0.07673646,-0.32889244,-0.22049147,0.07214179,0.2275963,-0.33307853,-0.22808278,-0.36566925,-0.14895554,-0.22948249,0.2656009,0.22840223,0.3869043,-0.10722365,0.07556163,-0.3472135,-0.3518501,-0.22176574,-0.106274076,-0.14844526,0.13503367,-0.26764467,-0.09714725,-0.27413952,-0.10358336,0.073962875,-0.09955612,0.2423131,0.20561782,0.22426407,0.3528412,0.3155696,0.036183268,0.15478082,0.07044866,0.2845324,-0.102887325,0.24864392,0.2728932,0.28675455,0.1674066,0.023978248,0.24045074,-0.0100080315,0.06457654,0.07039984,0.358163,0.114686966,0.20791838,0.14553635,0.21582521,0.29225898,0.23145448,0.26201066,0.3719331,0.2529537,0.303887,0.16891034,0.18151183,0.2041266,0.20540343,0.04303768,0.24983957,-0.042021617,-0.0029987968,0.16554227,0.24460669,0.25284398,0.099474534,0.0039983657,0.11071292,0.12135772,0.3224881
0.1981131,-0.11750575,0.29826835,0.23887281,0.1510767,0.28229862,0.2107122,0.18638936,0.16688603,0.36852002,0.33518407,-0.048788544,0.3160061,0.052151207,0.36132547,0.1282222,0.24559145,-0.050768398,0.11303756,0.16339986,0.039282676,0.15705284,0.33431163,0.3125242,0.12260518,1.0,0.08484284,-0.03204317,0.32276404,0.19785969,0.2778676,0.26558927,0.20016192,0.07275878,0.20384821,0.16809353,0.07947133,0.051931728,0.11411877,0.03488734,0.03910402,0.12162433,-0.1579421,-0.12248886,-0.28788695,-0.31177807,-0.04188229,-0.082982406,-0.14978015,-0.39594617,-0.15002733,-0.2532478,0.21898282,-0.051320348,0.19069758,0.03911141,0.09327658,-0.43995494,-0.20503785,-0.26044613,-0.12003585,-0.43099114,0.09225486,-0.4197905,-0.17094293,-0.43041393,-0.1803654,-0.05037455,0.0077736597,-0.12416594,0.20185077,0.14039718,0.10155128,0.1740809,0.14331366,0.070624284,0.21631134,0.06843362,0.10373342,0.16345988,0.30181,-0.11948091,0.37176278,-0.16406664,0.33329764,-0.31028256,-0.20084395,0.030762529,0.18436691,0.041874114,0.08428131,-0.10800858,0.04221326,-0.20545083,0.10892092,0.06566808,0.05085126,-0.07661421,0.2618094,-0.050488617,0.21484908,-0.18234742,0.13816278,-0.12692183,0.084665276,0.0657915,0.09552783,-0.17749155,-0.10063082,0.021845737,0.050415855,-0.0056666313,0.09624919,0.09612122,0.012620626,0.11817066
0.21120161,-0.027246665,0.17821096,0.16801277,0.34319043,0.36215997,0.18700495,0.13098668,0.3770848,0.34283912,0.2534741,0.21242337,0.345897,0.2085852,0.32101837,0.358398,0.34266862,0.27537394,-0.0059767975,0.23629896,0.42816105,0.45035043,0.27996975,0.34654778,0.20324837,0.08484284,1.0,0.53575295,0.42919955,0.46024832,0.4435454,0.43019882,0.17455922,0.27365494,0.15277392,0.12960425,0.30256605,0.4396093,0.25084102,0.3852332,0.1437952,0.4889087,-0.20846316,-0.38376036,-0.44357613,-0.52808183,0.07497852,0.3614698,-0.4376734,-0.3574068,-0.47446796,-0.34480935,-0.14943486,0.014166135,0.4098657,0.24553002,-0.16676304,-0.2614873,-0.3863015,-0.3972777,-0.23957273,-0.32635435,-0.253447,-0.20522964,-0.47903103,-0.3855476,-0.33822477,-0.1277924,-0.13218877,-0.24871756,0.4043865,0.36757338,0.36815447,0.44239086,0.45189232,0.36225343,0.28835502,0.19698505,0.27740026,0.035192035,0.33193192,0.1902256,0.3971161,0.11218569,0.11187368,-0.056864608,-0.13538997,-0.2549977,0.25172096,0.083890885,0.008801865,-0.1569839,0.18455201,-0.102849215,0.31663296,0.48977908,0.23557164,0.06532149,0.18869944,-0.13115439,0.17466347,0.01755654,0.3280625,-0.13212763,-0.047010243,0.19308151,0.06370855,-0.12924549,0.23523675,0.5108517,0.288497,0.051643103,-0.18138069,-0.14835826,-0.08756296,0.27146935
0.30464214,0.102597825,0.28703445,0.3547232,0.3413214,0.32986772,0.3511626,0.30324367,0.36244324,0.44680792,0.3227921,0.23206182,0.41338623,0.2523886,0.36346143,0.30734673,0.3840888,0.30424684,0.19470279,0.392889,0.36865085,0.48227155,0.29181132,0.4363916,0.1778139,-0.03204317,0.53575295,1.0,0.42194694,0.44182518,0.38048843,0.41413823,0.25241753,0.34199524,0.24268122,0.2414342,0.30050433,0.4716673,0.31933802,0.5292801,0.22698502,0.57519615,-0.25911713,-0.4756785,-0.36078295,-0.4575142,0.05473806,0.23188731,-0.35380286,-0.30062467,-0.33789924,-0.3397951,-0.22802007,-0.08289199,0.39850476,0.26155868,0.029425973,-0.13690399,-0.28989583,-0.3158194,-0.031716138,-0.28636384,-0.03773179,-0.10746921,-0.31232068,-0.28321254,-0.21433115,-0.024721999,0.06669867,-0.12793997,0.4371053,0.47467342,0.46373138,0.44103217,0.47281283,0.28491148,0.29210764,0.20954846,0.3479856,0.20284936,0.42617783,0.12734304,0.34092575,-0.036674086,0.21016651,-0.060950913,-0.0646364,-0.359384,0.30834374,0.1570418,0.04123735,-0.2142165,0.083543494,-0.17408723,0.17073427,0.5012177,0.1474097,0.03691754,0.15226804,-0.120581985,0.18620552,-0.1188756,0.28783804,-0.1412604,-0.042348456,0.11000621,0.05661909,0.101415984,0.16036007,0.48160753,0.18251911,0.02513687,-0.45264813,-0.25772515,-0.023467824,0.27927995
0.75584596,0.18856344,0.7279888,0.63229877,0.55156136,0.46045575,0.76620585,0.58964497,0.5637466,0.6596162,0.8131753,0.45323804,0.86905414,0.49744064,0.6963222,0.5064926,0.81069463,0.38163188,0.50312126,0.6422878,0.46658972,0.45342052,0.7540097,0.74952716,0.31178424,0.32276404,0.42919955,0.42194694,1.0,0.67255133,0.69971645,0.74754673,0.6568209,0.6215143,0.6198966,0.5927066,0.6367532,0.57440126,0.6003096,0.53294873,0.4640994,0.6332801,-0.112261586,-0.22925626,-0.501339,-0.5752583,0.24577878,0.3999638,-0.4624123,-0.6264608,-0.46195486,-0.512553,0.05785294,0.022066237,0.7797912,0.3921399,0.2566556,-0.33780748,-0.47987163,-0.57164466,-0.01041767,-0.59649366,0.23561865,-0.3479497,-0.4322663,-0.6170627,-0.2029395,0.14593041,0.23681998,-0.13695815,0.8243784,0.7384979,0.7896836,0.66928434,0.7764776,0.4945148,0.7398253,0.5829339,0.6662222,0.2675726,0.8803812,0.103811584,0.6599055,0.006501824,0.5893239,-0.22845387,0.047007006,-0.024920281,0.60272074,0.18635103,0.3298639,-0.11302534,0.21038735,-0.07542152,0.44836763,0.665692,0.49608243,0.25168598,0.5372702,0.021756655,0.3186851,-0.025582181,0.4017461,0.050499264,0.17444237,0.4457921,-0.026961163,-0.039407793,0.46613887,0.61196655,0.46719503,0.29744607,-0.1457674,0.037952032,-0.012669293,0.3476362
0.5367661,0.16599965,0.3466206,0.5100635,0.66364443,0.59407395,0.39383122,0.4063822,0.6931804,0.7781641,0.57679766,0.6668705,0.66908234,0.6617999,0.71610093,0.81941265,0.7257757,0.7693897,0.18393573,0.42372945,0.31943676,0.38188007,0.7142225,0.7700729,0.30875462,0.19785969,0.46024832,0.44182518,0.67255133,1.0,0.8059755,0.85730183,0.39669204,0.55422163,0.4777949,0.38715187,0.30147007,0.46121195,0.25667906,0.3548059,0.17827012,0.6708431,-0.25066766,-0.34286547,-0.6337856,-0.6746779,0.2567714,0.56189716,-0.67379665,-0.5538363,-0.69568133,-0.38251787,-0.15882732,0.35896775,0.548806,0.5505546,-0.26730847,-0.2528437,-0.7312805,-0.7160385,-0.4359882,-0.46891809,-0.22566268,-0.049193755,-0.61738676,-0.5555144,-0.41508842,-0.101878025,0.0033957672,-0.45919397,0.7089204,0.68557805,0.5730303,0.76659936,0.6409136,0.3166271,0.578639,0.45471933,0.5347622,0.16210549,0.5624176,0.51155365,0.49264392,0.16817091,0.21266814,0.11190589,-0.078501716,-0.2599947,0.36315182,0.38880712,0.27519232,0.20121579,0.39065522,0.09797957,0.44887683,0.5648934,0.40295526,0.32432845,0.60032004,0.24961229,0.38845015,0.10796423,0.57521826,0.24917738,0.24590768,0.51033324,0.07889472,-0.122377455,0.36806595,0.5996379,0.53600425,0.2570346,-0.17185819,-0.046521254,-0.022405883,0.608189
0.66101545,0.25685203,0.47951832,0.5520282,0.76233804,0.51440704,0.5192032,0.49219155,0.82827246,0.7737918,0.71152616,0.7198171,0.7342358,0.6977818,0.82268393,0.8119574,0.8031443,0.7292342,0.29524916,0.46812844,0.41647667,0.35823873,0.84538925,0.8110608,0.35659626,0.2778676,0.4435454,0.38048843,0.69971645,0.8059755,1.0,0.8727137,0.49588943,0.63413024,0.5362382,0.406774,0.26372826,0.46226993,0.29806277,0.35998353,0.12943016,0.6590211,-0.26306677,-0.30000058,-0.62015116,-0.64457285,0.31272572,0.55418813,-0.71128327,-0.6065213,-0.72840995,-0.3545133,-0.17294481,0.33953658,0.48312688,0.6708535,-0.17849495,-0.16527678,-0.7042042,-0.6646118,-0.45059448,-0.44975382,-0.20710441,-0.0132341,-0.5696373,-0.51379246,-0.3919149,-0.053552013,0.10250074,-0.36764616,0.7188875,0.71943384,0.5518405,0.7857119,0.65763026,0.2564178,0.5790634,0.47793096,0.6223967,0.14381784,0.6062053,0.54819375,0.5854257,0.30550277,0.22956829,0.14090653,-0.04645845,-0.07597229,0.21601735,0.55072737,0.18851179,0.25141752,0.36284888,0.09328974,0.48215103,0.51327044,0.508563,0.38082337,0.63845545,0.311379,0.41505122,0.07374276,0.48107743,0.22615844,0.21251078,0.45697036,0.23075715,-0.19267766,0.28268358,0.4730287,0.6591165,0.22426096,-0.21412162,0.046061013,0.100269035,0.64869297
