1.0,0.6242964,0.58621705,0.6933936,0.6967515,0.100718945,0.6427816,0.59556407,0.52367294,0.46483767,0.5568441,0.45624498,0.47511184,0.42617077,0.43802276,0.4162006,0.51807916,0.65655977,0.71215534,0.73542327,0.17598759,0.3522375,0.47198346,0.64855605,0.16380799,0.5131778,0.09732565,0.089490816,0.3900209,0.41698885,0.25268695,0.5260632,0.5678654,0.47938615,0.75243217,0.645842,0.57227933,0.502222,0.4070187,0.58597153,0.34404317,0.43801638,0.47288927,0.20866603,0.25350603,0.34424895,0.53949165,0.51542723,0.39016187,0.05122906,0.18016912,-0.06739942,0.074086435,0.25385475,0.5751263,0.631229,0.63103807,0.26214477,0.43387204,0.16405651,0.36055788,0.3261859,0.45189226,0.42508343,0.24138664,0.1088435,0.6574865,0.5564673,-0.10080981,0.43159536,0.14819057,0.00071300886,0.11651584,0.17171878,0.34936842,0.026676632,0.41516834,0.28971732,0.4297157,0.39601213,0.4626092,0.5136947,0.5460251,0.46817413,0.4874525,0.4719725,0.5595632,0.456111,0.5566371,0.50831014,0.17424628,0.41435814,-0.19932231,0.033272434,0.24021253,0.35390437,0.38029438,0.54278094,0.23729788,0.47631416,-0.02284226,-0.037470236,0.21095157,0.36141884,0.15519217,0.20556766,0.08481596,0.47750428,0.28925443,0.37433445,0.57418036,-0.123707324,-0.094167344,-0.06268667,0.26449764,0.24556082
0.6242964,1.0,0.2881185,0.49556622,0.4044288,-0.22865018,0.38178593,0.4073861,0.37884498,0.17247213,0.31216866,0.3137479,0.34432304,0.19314374,0.15626228,0.18745956,0.29262093,0.4350857,0.5060988,0.50049496,-0.12791745,0.024594478,0.19265158,0.33886155,-0.19397868,0.23329943,-0.16345862,-0.16178098,0.16468063,0.17494461,0.07054931,0.31859916,0.3260344,0.30195832,0.50510633,0.42364714,0.35278338,0.17031854,0.15956654,0.18332544,0.23400849,0.05387673,0.47276193,-0.025723087,0.35781968,0.367079,0.21156247,0.18149133,0.4172849,0.020752462,0.0643959,-0.10390711,-0.030447623,0.123004876,0.33146012,0.34355798,0.5794083,0.46941113,0.4745993,0.15859231,0.3362418,0.23548183,0.34084168,0.5266656,0.24062033,0.27880493,0.5471941,0.27299735,-0.11052188,0.19410126,0.08358265,0.028257081,0.015759608,-0.09383757,0.30210105,-0.059562262,0.19175467,0.09537949,0.11624852,0.1115358,0.22852612,0.35832033,0.2987192,0.2049614,0.19049188,0.31323752,0.33923298,0.1350658,0.26089793,0.12848535,-0.018494064,0.2724903,-0.20762432,0.082067505,0.02613116,0.16558279,0.06471272,0.2373795,0.011944083,0.2164799,-0.15941507,0.024281459,0.07285378,0.17884631,-0.118333325,-0.00089044694,-0.08037965,0.25783658,0.11417892,0.15012209,0.25111905,-0.18020017,0.07376485,-0.021896776,-0.003332214,0.058758456
0.58621705,0.2881185,1.0,0.6792403,0.7139635,0.4695359,0.7846664,0.7433929,0.6445507,0.6314144,0.7408891,0.58463,0.6983295,0.65346164,0.68610287,0.6272092,0.68725055,0.7351951,0.5864823,0.6507813,0.40238598,0.5213045,0.7666518,0.7845305,0.49017718,0.46335828,0.44893244,0.4103695,0.6438869,0.73895866,0.6137507,0.6945836,0.6974894,0.59193444,0.70769465,0.5854605,0.6551367,0.6011226,0.6143442,0.5824123,0.3254982,0.29929858,0.3908581,0.3302574,0.21046975,0.124949776,0.6222334,0.57410663,0.10082948,-0.030078622,0.023202404,0.30389366,-0.08297859,0.113085285,0.59218115,0.71210515,0.386528,-0.05793205,0.21444885,0.027698297,0.033708,0.100554615,0.36782032,-0.040881217,0.008041754,0.08608746,0.5468403,0.48464304,0.17314477,0.20084816,0.34837338,0.19831644,0.30737096,0.4623057,0.35240018,0.1716938,0.6410318,0.48334992,0.6519815,0.53952384,0.67520404,0.546536,0.6904638,0.64634544,0.69645435,0.4623565,0.66868,0.62481856,0.68335,0.6760644,0.25132766,0.29062018,0.012562322,-0.17175788,0.3920685,0.3698876,0.5198059,0.67690456,0.43710306,0.55675495,0.30742517,-0.14920656,0.394963,0.37327623,0.4371358,0.54056597,0.35407236,0.64264184,0.31655574,0.53308487,0.5915588,0.083346374,-0.12669791,0.042482536,0.35802934,0.4215411
0.6933936,0.49556622,0.6792403,1.0,0.66505486,0.19528176,0.6985977,0.84023315,0.55961007,0.4962815,0.63656515,0.6365556,0.5875823,0.68753374,0.4556107,0.4610614,0.5216569,0.75482595,0.68124866,0.6552004,0.14384067,0.31113577,0.67211074,0.7732223,0.17467125,0.45505187,0.17265972,0.19984609,0.44122952,0.5556273,0.40526563,0.6082583,0.65259653,0.6054459,0.7198245,0.5794252,0.5141277,0.5209891,0.50299656,0.4919564,0.24324706,0.23038675,0.52528816,0.36738738,0.41425636,0.38501498,0.56641763,0.6020243,0.4787929,-0.018165711,0.05376579,0.06844189,0.043316495,0.23041388,0.52773476,0.5745011,0.43498045,0.14135128,0.24779546,0.14691028,0.18191671,0.26903245,0.3548878,0.22081864,0.075919464,0.124136195,0.6074667,0.5680891,-0.030985655,0.3565139,0.26038972,0.20315322,0.13774501,0.15734948,0.41089484,0.06864992,0.58366144,0.38752422,0.39329937,0.51267964,0.55205077,0.7022366,0.5510022,0.5087754,0.48122475,0.62964475,0.46070984,0.50406957,0.45446774,0.58597636,0.18676749,0.3083547,-0.115642294,-0.013624262,0.30713806,0.19824381,0.414596,0.5214319,0.24075891,0.4536321,0.028359037,-0.11347686,0.17991473,0.31863365,0.13503261,0.27958822,0.1515626,0.5073058,0.24339248,0.46877626,0.55633074,0.0051209503,0.01207448,-0.10087134,0.20726898,0.24624142
0.6967515,0.4044288,0.7139635,0.66505486,1.0,0.4090298,0.7681523,0.6420711,0.788869,0.76814926,0.66000277,0.47568953,0.60216945,0.6446121,0.647513,0.71042657,0.686559,0.6785288,0.59794027,0.60616225,0.47557452,0.57533294,0.51843464,0.7280906,0.42362767,0.50182396,0.41941053,0.37279496,0.65482867,0.6481045,0.4011002,0.5538266,0.5345058,0.38156137,0.6958713,0.5730201,0.6687844,0.67213476,0.5800856,0.64946896,0.43294683,0.5035632,0.46037102,0.31993425,0.24718653,0.24098176,0.6120424,0.59672064,0.24994892,-0.015538873,0.11647706,0.18325298,-0.08739463,0.103689864,0.5693724,0.6380445,0.55091125,0.06466121,0.3686302,0.17383651,0.1728007,0.25444546,0.43650404,0.21559598,0.13949871,0.08007686,0.6358231,0.5594649,0.010933626,0.26397446,0.25313848,0.060326513,0.3202272,0.36827728,0.32824203,0.16702051,0.58000964,0.44927436,0.607902,0.48993012,0.7030824,0.5704181,0.6907408,0.6359021,0.6642815,0.50355846,0.66481376,0.5300689,0.60642487,0.6275514,0.18173295,0.23045962,-0.08691344,-0.022318332,0.38329217,0.37098527,0.46556795,0.5972795,0.27570933,0.45755368,0.12706833,-0.14186993,0.34665072,0.39713305,0.2952548,0.36049426,0.29368117,0.52170354,0.35898742,0.48057142,0.5609568,0.12871999,-0.046725113,0.04010339,0.2776337,0.22631851
0.100718945,-0.22865018,0.4695359,0.19528176,0.4090298,1.0,0.32885426,0.182555,0.43170035,0.64055085,0.28495297,0.20219816,0.31211838,0.33001518,0.6293301,0.5409363,0.30376402,0.24430077,0.17633392,0.24817733,0.7218494,0.68210316,0.35556623,0.4814512,0.7349929,0.37808815,0.8059797,0.85350055,0.42489034,0.47876605,0.3153525,0.30635077,0.28358623,0.069335535,0.24855496,0.12140448,0.38772565,0.5735717,0.5174012,0.54460233,0.3051566,0.21803612,0.058717147,0.32398245,-0.07729803,-0.14427106,0.51815253,0.49732822,-0.15866332,-0.16277507,0.17978361,0.26273647,-0.048791483,-0.18801486,0.4189132,0.46565342,-0.16946968,-0.4502945,0.005845069,0.08660573,-0.42788032,-0.052875847,0.0019879073,-0.37937006,-0.28608814,-0.08887432,0.067329146,0.008087737,0.17792049,-0.07799088,-0.07339001,-0.18640016,0.06392553,0.37198615,-0.14750068,-0.004416028,0.43612972,0.20516555,0.42148933,0.22142392,0.4660707,0.17024119,0.5134258,0.5758967,0.66093826,0.19537507,0.52724653,0.66483605,0.5252349,0.5963105,0.39682612,0.116344176,0.36572772,-0.07735475,0.36756125,0.26677072,0.50347036,0.522728,0.5417616,0.4869766,0.5399276,-0.052500226,0.5192728,0.530413,0.6972933,0.705888,0.38039088,0.45658085,0.15241264,0.4636636,0.49158478,0.23527631,-0.10866309,0.0743049,0.5912019,0.2754577
0.6427816,0.38178593,0.7846664,0.6985977,0.7681523,0.32885426,1.0,0.68900627,0.6754625,0.6082923,0.7142716,0.70449847,0.7138148,0.7526133,0.59905976,0.6135785,0.6233468,0.7237278,0.70206034,0.61255,0.33942696,0.44324648,0.6311084,0.72335637,0.3033163,0.43287843,0.24554677,0.3065793,0.6006313,0.7182879,0.4461908,0.58437365,0.6449696,0.5777335,0.6696725,0.6107438,0.5247529,0.6026369,0.6252016,0.5525192,0.30276257,0.38585782,0.45426837,0.33078107,0.27433655,0.1895959,0.633651,0.51071614,0.16729617,-0.0522888,-0.11768326,0.25817683,-0.13600488,0.037640117,0.5914495,0.5844309,0.48201007,-0.0023503467,0.24363483,-0.01536303,0.076440506,0.13360545,0.40512937,0.16060652,0.14961497,0.08608222,0.51347315,0.5198363,0.11058385,0.30728474,0.2526491,0.14036724,0.2587321,0.3696604,0.35253602,0.20288342,0.5753099,0.43008563,0.5453995,0.42056558,0.7494343,0.6239456,0.72481406,0.6593617,0.61112803,0.60170305,0.55781615,0.57736534,0.5544736,0.61692154,0.292365,0.31999213,-0.041725516,-0.02080131,0.37259343,0.35085407,0.5231768,0.6676614,0.36333993,0.5778696,0.12505828,-0.13780648,0.21950155,0.32238808,0.26654398,0.37862465,0.29146034,0.62331533,0.34003448,0.513306,0.60736954,0.112464495,-0.11543224,0.09140311,0.26707816,0.30289897
0.59556407,0.4073861,0.7433929,0.84023315,0.6420711,0.182555,0.68900627,1.0,0.51270336,0.5089928,0.63588035,0.6016987,0.584861,0.7466769,0.43139607,0.47910213,0.52511746,0.7654988,0.617265,0.61676013,0.1322279,0.284304,0.7088001,0.68848044,0.20943284,0.43232158,0.123889275,0.12987879,0.45127988,0.6001661,0.4690491,0.5907148,0.6072568,0.6105775,0.7240324,0.55394095,0.5013634,0.47979298,0.47995752,0.46910506,0.15545225,0.24240662,0.4993735,0.3512662,0.35786206,0.31210604,0.5032681,0.5822923,0.3798104,-0.041425228,-0.012128557,0.17092837,0.020995194,0.23686008,0.46301624,0.5700939,0.43171713,0.17323051,0.1411851,0.062343836,0.20435734,0.17003052,0.38530266,0.16538717,0.10864406,0.13362582,0.61066735,0.6545003,0.043287985,0.32118726,0.35570282,0.3399673,0.22361256,0.32317653,0.42709982,0.2186262,0.5931455,0.454168,0.38672423,0.508868,0.48311177,0.7203029,0.5037325,0.49889022,0.43174365,0.6036395,0.41244215,0.46029314,0.43267423,0.5691257,0.15610601,0.32907268,-0.13324809,-0.08284079,0.29012212,0.20593987,0.39202303,0.51825684,0.21987024,0.43306056,0.04815756,-0.11231148,0.14140601,0.17576355,0.1339008,0.23346868,0.16885673,0.45774624,0.22560167,0.43521535,0.51274836,0.024911847,0.04611586,-0.054836776,0.11650864,0.29767764
0.52367294,0.37884498,0.6445507,0.55961007,0.788869,0.43170035,0.6754625,0.51270336,1.0,0.73323447,0.7367597,0.57431865,0.74589354,0.6418397,0.7725687,0.8534029,0.7207658,0.7039593,0.540255,0.5189487,0.4293563,0.5035172,0.4590469,0.68899894,0.40151522,0.3310577,0.51026016,0.49496883,0.7334679,0.75810724,0.44168487,0.64015263,0.5482242,0.37755468,0.55893755,0.5950928,0.65682554,0.6632446,0.6750958,0.5533272,0.49388486,0.43836525,0.43088406,0.23111911,0.28421727,0.18602788,0.53813696,0.44192776,0.09909765,-0.0021266101,0.043614168,0.18001646,-0.17624025,0.12188148,0.61812663,0.62541765,0.3446165,-0.11321268,0.39509383,0.13430145,-0.10919071,0.13437422,0.37067768,0.078834385,-0.08774218,0.1084903,0.47915623,0.36437953,0.04333633,0.16406646,0.2365116,0.023205481,0.31980893,0.2735937,0.21692744,0.07058444,0.48856714,0.41769254,0.6301206,0.55853003,0.7309036,0.541942,0.7301512,0.71840847,0.6347028,0.37925902,0.62062097,0.5810786,0.63601476,0.59551686,0.15356785,0.16856223,0.012292909,-0.04217561,0.468351,0.36972523,0.5051301,0.594775,0.25406435,0.46693403,0.22594687,-0.14732827,0.24569927,0.4088656,0.2374348,0.36296988,0.3204508,0.5634923,0.39482883,0.5876052,0.54347414,0.08434446,-0.08576928,0.015479806,0.28346896,0.1722258
0.46483767,0.17247213,0.6314144,0.4962815,0.76814926,0.64055085,0.6082923,0.5089928,0.73323447,1.0,0.51772875,0.35579714,0.512294,0.5955879,0.67269623,0.73639,0.56308067,0.53434527,0.43813473,0.4730329,0.67096996,0.69114155,0.48545432,0.6467356,0.59726256,0.5246036,0.5675191,0.58270305,0.6650436,0.691929,0.39656988,0.47026822,0.41750467,0.22746226,0.5792461,0.39200678,0.5968761,0.7400371,0.5635194,0.6641975,0.4561638,0.51382464,0.40877917,0.22757949,0.22810711,0.11368036,0.5890324,0.553558,0.12893327,-0.13026913,0.103509754,0.16421972,-0.0999696,-0.047732107,0.5232058,0.60030264,0.2824713,-0.14424707,0.2859233,0.20609197,-0.07934262,0.08954869,0.29131812,-0.030655252,-0.07469146,-0.017347965,0.44403845,0.3213538,0.060896296,0.055321343,0.18601966,0.051471293,0.3755821,0.5636897,0.21832424,0.31152514,0.5652938,0.45818636,0.5336801,0.37306494,0.61972827,0.5145378,0.66556937,0.68395,0.6474614,0.4009356,0.64731354,0.5824483,0.5789811,0.5999815,0.34678096,0.1733342,0.07722534,-0.040198326,0.37889865,0.36177093,0.49358034,0.56005794,0.41708723,0.51653254,0.27033493,-0.069073215,0.41253147,0.4204519,0.47174197,0.5533323,0.30016872,0.5259898,0.28008386,0.48172486,0.5155558,0.12948726,-0.08917992,-0.028321952,0.47597122,0.2492592
0.5568441,0.31216866,0.7408891,0.63656515,0.66000277,0.28495297,0.7142716,0.63588035,0.7367597,0.51772875,1.0,0.6369474,0.8407563,0.60726154,0.67282486,0.677492,0.8439411,0.7965335,0.45897454,0.51486933,0.2516494,0.35223308,0.69911796,0.74802744,0.34824917,0.35191143,0.37478253,0.30389586,0.78599846,0.7594719,0.69646823,0.7752139,0.70502746,0.60958594,0.6121176,0.7150618,0.6641338,0.6004612,0.62921065,0.49375117,0.43175092,0.41913196,0.33337492,0.327014,0.3056553,0.18814261,0.48368213,0.42552662,0.13968141,0.14297092,-0.065487206,0.26608843,-0.09108837,0.25983378,0.6499625,0.60695225,0.38093954,-0.16056855,0.2639419,-0.07052232,0.020906223,0.05716672,0.35901046,-0.05499613,-0.028014846,0.09781157,0.43860406,0.4711571,0.028398024,0.2584286,0.5072879,0.28773108,0.45650822,0.3205552,0.5044432,0.13165253,0.60076284,0.60816926,0.7351042,0.6917637,0.72499216,0.4971658,0.7065898,0.5851902,0.6353318,0.32943326,0.51985705,0.54169625,0.63381565,0.5184742,0.21185224,0.23430035,-0.027250802,-0.12049995,0.4345988,0.4002356,0.4988823,0.5965538,0.28381598,0.4329554,0.20398521,-0.16867033,0.18928856,0.30496198,0.18212125,0.29879943,0.30912578,0.5425684,0.44798982,0.5492888,0.5345742,0.013953967,-0.059012495,-0.06488736,0.2113236,0.3796671
0.45624498,0.3137479,0.58463,0.6365556,0.47568953,0.20219816,0.70449847,0.6016987,0.57431865,0.35579714,0.6369474,1.0,0.8059308,0.7181111,0.5846357,0.5728929,0.43249038,0.73700184,0.70723426,0.58058745,0.02678612,0.18664819,0.49736995,0.57727623,0.07985302,0.23244996,0.14002366,0.25209454,0.4552679,0.70355576,0.38825664,0.62895656,0.7286034,0.6815558,0.54476404,0.6348289,0.32317004,0.41680464,0.6585249,0.40653053,0.0665078,0.19409257,0.3946194,0.26176095,0.2264719,0.15265888,0.51425385,0.4109608,0.18622921,0.05169255,-0.062041804,0.21943338,-0.144958,0.09074336,0.59590065,0.55628544,0.18386671,-0.098346904,0.13756551,-0.11502487,-0.14492276,0.08199597,0.27994823,0.10944975,-0.025589222,0.1267472,0.38618058,0.3739167,0.13628025,0.31259677,0.118543044,0.077981964,0.062114105,0.16166039,0.14677197,0.011596262,0.3551535,0.23964527,0.33446425,0.43207154,0.5279811,0.5917316,0.5967549,0.6617596,0.3600234,0.54759264,0.3469309,0.58157986,0.4561478,0.5729789,0.120210655,0.29321727,-0.10785837,-0.046015292,0.4451169,0.25215727,0.56222177,0.6293006,0.2647433,0.5826633,0.051152665,-0.16403961,0.007989163,0.34666923,0.12821847,0.2285196,0.20606348,0.6214936,0.2869611,0.57435536,0.6191366,0.011050867,-0.18848644,0.03094761,0.14004132,0.24698265
0.47511184,0.34432304,0.6983295,0.5875823,0.60216945,0.31211838,0.7138148,0.584861,0.74589354,0.512294,0.8407563,0.8059308,1.0,0.6376641,0.727428,0.7132816,0.6849237,0.75419915,0.55627257,0.5400584,0.21139805,0.3224291,0.61867464,0.6733606,0.27771547,0.33411273,0.34315845,0.33101064,0.721423,0.81945235,0.6431729,0.7492495,0.74335885,0.63764596,0.56703675,0.6531941,0.54985714,0.5427138,0.6904843,0.46356332,0.30676526,0.30574837,0.35433194,0.27075347,0.3074715,0.14688899,0.49402797,0.36518884,0.08906666,0.12619928,-0.07656751,0.31922048,-0.22407585,0.16034406,0.6845863,0.6115525,0.28868356,-0.15997343,0.21218349,-0.12473912,-0.09632825,-0.010367622,0.35530996,-0.019658823,-0.082247905,0.15158634,0.422188,0.36748445,0.11324056,0.23666693,0.4045154,0.23255149,0.37269986,0.3224874,0.36399812,0.1339422,0.52680886,0.49525008,0.5696786,0.5482351,0.6732031,0.4764197,0.7329325,0.69298023,0.5536555,0.36977297,0.5249456,0.59265834,0.61220044,0.5299238,0.18912166,0.26683405,0.044481203,-0.09607379,0.46736422,0.35534745,0.57918024,0.6424455,0.35402864,0.5086213,0.20869267,-0.13772687,0.19796264,0.3696294,0.23002261,0.35812348,0.3662992,0.6496088,0.4518989,0.6009308,0.5819726,0.04794117,-0.10261072,0.0063246917,0.21985672,0.38772872
0.42617077,0.19314374,0.65346164,0.68753374,0.6446121,0.33001518,0.7526133,0.7466769,0.6418397,0.5955879,0.60726154,0.7181111,0.6376641,1.0,0.574552,0.6586783,0.49927193,0.7371878,0.6321281,0.52440757,0.2484357,0.36819544,0.49816194,0.6221623,0.26958266,0.24374366,0.23763736,0.3381319,0.52025163,0.72188896,0.33886,0.54483443,0.5306953,0.49752325,0.55207014,0.5317707,0.3813158,0.49907163,0.60271186,0.45333195,0.09290505,0.29550028,0.44160065,0.29869956,0.18777323,0.2156914,0.56199133,0.53447104,0.1724239,-0.10303567,-0.1198011,0.26809695,-0.1070455,0.034528133,0.4170332,0.5341248,0.27992094,-0.024831813,0.18127188,0.047432393,-0.07586035,0.09405817,0.2390107,0.040168203,0.007368398,0.068629906,0.41942573,0.5023981,0.13379695,0.23814774,0.13685998,0.110207886,0.12691388,0.28972933,0.16374321,0.21457455,0.45531157,0.33565223,0.4100159,0.51070684,0.5976961,0.78753793,0.53323394,0.67262095,0.39312452,0.652518,0.3141042,0.5254786,0.41577482,0.6727091,0.18639871,0.26281768,-0.112463266,-0.052196413,0.39228046,0.17016539,0.4715888,0.5541113,0.16221498,0.5288539,0.080302544,-0.1648087,0.0026074687,0.28119078,0.11599158,0.2316237,0.17023918,0.4862214,0.17863049,0.5250202,0.54067063,0.1089854,-0.09668386,-0.05160859,0.15109777,0.14748861
0.43802276,0.15626228,0.68610287,0.4556107,0.647513,0.6293301,0.59905976,0.43139607,0.7725687,0.67269623,0.67282486,0.5846357,0.727428,0.574552,1.0,0.8429165,0.6113278,0.63471806,0.4839438,0.56939596,0.48473042,0.587566,0.5186343,0.7090724,0.5776348,0.36724016,0.6893657,0.6587459,0.6990826,0.7980632,0.5496391,0.72563636,0.63647455,0.45949113,0.5123495,0.5256057,0.65071076,0.6594192,0.7766518,0.6877501,0.44327313,0.38426778,0.27098253,0.2938689,0.06815024,0.084634975,0.6166059,0.49988586,0.036567133,-0.0074222567,0.12538004,0.23677056,-0.07922515,0.00556571,0.70873547,0.7519854,0.15900813,-0.2875316,0.28632617,0.061807618,-0.2647866,0.023630712,0.27945474,-0.1224476,-0.12267121,0.013076109,0.372127,0.26318195,0.23101547,0.047008365,0.16923009,-0.07524326,0.23595129,0.33811122,0.048203107,0.03533881,0.5416763,0.3750073,0.6137347,0.55790055,0.6773322,0.47105908,0.7810718,0.83979905,0.7615844,0.39433956,0.71401036,0.7743869,0.77685124,0.7145448,0.23063192,0.24109341,0.16777372,-0.06951863,0.5603334,0.45019466,0.65929663,0.738812,0.5032631,0.59053326,0.45157298,-0.0859763,0.42107585,0.5827247,0.4755145,0.55666286,0.4387123,0.6721179,0.30012012,0.64922976,0.6497721,0.120314814,-0.26175934,-0.013852058,0.45773628,0.3026724
0.4162006,0.18745956,0.6272092,0.4610614,0.71042657,0.5409363,0.6135785,0.47910213,0.8534029,0.73639,0.677492,0.5728929,0.7132816,0.6586783,0.8429165,1.0,0.6600951,0.66130185,0.4698258,0.49933586,0.43798655,0.5514474,0.4679871,0.67656314,0.5175766,0.3019169,0.6107084,0.5739627,0.712082,0.80869955,0.49403548,0.6746952,0.55328333,0.4016195,0.4948475,0.56749666,0.6310361,0.6617072,0.7356358,0.60854554,0.4358106,0.47917867,0.32195783,0.24044318,0.11901061,0.113992326,0.53858584,0.4746747,0.029985977,-0.024217121,0.059130795,0.24404396,-0.10628648,0.059877843,0.6601111,0.67746526,0.19553825,-0.22770713,0.28721705,0.07553785,-0.23289755,0.045592267,0.35587344,-0.047605377,-0.11761314,0.07282934,0.37974185,0.3181144,0.1564964,0.08598191,0.17164773,-0.035778627,0.28975272,0.35108006,0.10011197,0.09146009,0.4821902,0.40313366,0.61085147,0.58396333,0.6660682,0.5334962,0.7046774,0.7879802,0.63398075,0.3692424,0.6055264,0.65065515,0.6814002,0.63694453,0.20480038,0.18411283,0.08874403,-0.010906783,0.57007986,0.40084553,0.607002,0.65716,0.3639765,0.506302,0.33464932,-0.13269095,0.3272176,0.45304382,0.34005174,0.4417832,0.37139192,0.60378534,0.31988156,0.66856074,0.58752364,0.0690313,-0.19953921,-0.017522667,0.35275736,0.2420146
0.51807916,0.29262093,0.68725055,0.5216569,0.686559,0.30376402,0.6233468,0.52511746,0.7207658,0.56308067,0.8439411,0.43249038,0.6849237,0.49927193,0.6113278,0.6600951,1.0,0.73127747,0.31713143,0.43629262,0.3816869,0.45050973,0.58866215,0.70214903,0.42013195,0.34754172,0.42919403,0.29123327,0.83753645,0.68684155,0.5950334,0.6854458,0.5565846,0.38563353,0.61984986,0.7120781,0.7684771,0.6459524,0.5689215,0.54538214,0.55839795,0.51741016,0.3016916,0.33554652,0.28290507,0.20319805,0.48053253,0.50577307,0.1328709,0.1069113,0.06390173,0.23538011,-0.07087174,0.27464673,0.5994695,0.61139476,0.44120437,-0.13973312,0.38409367,0.053474136,0.11161576,0.10959336,0.4164921,-0.059979234,-0.03587469,0.0813277,0.44817865,0.50176203,-0.0057243085,0.18844809,0.46726394,0.19525035,0.5384788,0.37494147,0.5118702,0.1530732,0.6098864,0.6654638,0.8604377,0.6860025,0.7397878,0.43381765,0.65643173,0.50537115,0.65875393,0.24622546,0.5591734,0.4692964,0.68074816,0.47759417,0.20077714,0.15640527,-0.029787814,-0.1090436,0.40616423,0.5251077,0.42660367,0.5701776,0.24209997,0.36010647,0.20838176,-0.13386115,0.27116352,0.32456738,0.24866776,0.33780998,0.25293618,0.49740893,0.43297377,0.5217444,0.4862541,0.077377796,-0.08349165,-0.08866197,0.26641107,0.36144167
0.65655977,0.4350857,0.7351951,0.75482595,0.6785288,0.24430077,0.7237278,0.7654988,0.7039593,0.53434527,0.7965335,0.73700184,0.75419915,0.7371878,0.63471806,0.66130185,0.73127747,1.0,0.7005407,0.70946383,0.15050304,0.31574884,0.6113581,0.727614,0.20823878,0.2895145,0.24421118,0.23790166,0.6671825,0.7674022,0.46243954,0.72166544,0.7228899,0.6289091,0.7723296,0.80691385,0.62668663,0.5880268,0.653302,0.57189333,0.2689545,0.41543585,0.5400525,0.3974726,0.30810848,0.27382857,0.589192,0.6042228,0.30377358,0.05211412,0.117366955,0.20024627,-0.009420332,0.26090252,0.64398277,0.73303246,0.4182207,0.009079886,0.3180748,0.0450108,0.068170674,0.20269246,0.3724972,0.15479293,-0.0040901992,0.1758234,0.599905,0.61071736,0.06467063,0.2934646,0.26314282,0.14196745,0.24879563,0.27046746,0.34945863,0.10792918,0.57177305,0.49508536,0.6271063,0.68466324,0.65843123,0.7235876,0.66080296,0.6762226,0.53701574,0.5360699,0.50377095,0.5955659,0.6146575,0.68262136,0.090627566,0.32246435,-0.2326876,-0.102537505,0.44037923,0.39918682,0.525747,0.6841711,0.20815524,0.5783431,0.048817795,-0.13990648,0.08886248,0.34345198,0.13998725,0.23656829,0.18977387,0.58589095,0.32047102,0.6147171,0.68226475,-0.033486016,-0.070236035,-0.047619127,0.14268182,0.32636446
0.71215534,0.5060988,0.5864823,0.68124866,0.59794027,0.17633392,0.70206034,0.617265,0.540255,0.43813473,0.45897454,0.70723426,0.55627257,0.6321281,0.4839438,0.4698258,0.31713143,0.7005407,1.0,0.76737225,0.07457556,0.25457066,0.39512107,0.55541956,0.056677666,0.3350953,0.03177782,0.16275473,0.29538783,0.5357343,0.14148904,0.47756192,0.63019353,0.59037334,0.6792656,0.6129912,0.32664663,0.41391167,0.49562132,0.49992928,0.07800489,0.28341872,0.57212317,0.1991154,0.1888753,0.23865032,0.5603388,0.43649086,0.29506293,-0.0596167,0.09974831,0.031616163,-0.08237167,0.08722837,0.55008495,0.62500465,0.42776948,0.19391978,0.25675428,0.10040331,0.091505125,0.2876516,0.34489787,0.3930259,0.1494093,0.1539421,0.5830545,0.4368184,0.09213177,0.35366145,-0.04444138,-0.07924322,-0.100779265,0.1326157,0.058372624,0.0019379393,0.26983732,0.08406364,0.23573637,0.3216559,0.44949487,0.62948257,0.55603015,0.6377564,0.34836277,0.58574885,0.456558,0.5580648,0.47511256,0.63022566,0.022680195,0.37668067,-0.21553043,0.00932504,0.2821531,0.27175575,0.47489852,0.6127652,0.240005,0.61787724,-0.047585733,-0.06911109,0.0923232,0.3768667,0.14181666,0.23384711,0.14427954,0.5798357,0.2240284,0.4491129,0.6279925,-0.108791865,-0.14753067,0.10616669,0.16028573,0.19918032
0.73542327,0.50049496,0.6507813,0.6552004,0.60616225,0.24817733,0.61255,0.61676013,0.5189487,0.4730329,0.51486933,0.58058745,0.5400584,0.52440757,0.56939596,0.49933586,0.43629262,0.70946383,0.76737225,1.0,0.16928206,0.37025392,0.497712,0.6306959,0.21508719,0.3671172,0.22254626,0.20929512,0.4058388,0.5686661,0.33207563,0.6062072,0.74041444,0.6286875,0.78266245,0.6621712,0.49895346,0.4674098,0.51075125,0.56300336,0.15479894,0.291279,0.4546624,0.18584456,0.0784008,0.27425164,0.6227295,0.54508173,0.27011517,-0.013984518,0.27903852,0.03544395,0.011227046,0.17909048,0.599877,0.7385916,0.4583655,0.12829278,0.32277125,0.14234573,0.14853336,0.19512388,0.34695584,0.2521048,0.12750508,0.13702253,0.63594484,0.48236793,0.17220624,0.30377668,0.10143969,-0.03578381,0.017848523,0.23577656,0.13441104,-0.0058930423,0.42440632,0.22092585,0.35285255,0.37928638,0.45047393,0.5350564,0.55982095,0.6028766,0.49824244,0.49718148,0.57328606,0.5581382,0.63100004,0.6108345,0.029930118,0.3979846,-0.19329534,-0.03179742,0.31083468,0.3072268,0.4815508,0.64397424,0.29624435,0.61409,0.08506835,-0.031580333,0.2565453,0.4415987,0.22166549,0.31565028,0.13345313,0.54790944,0.17004248,0.49761286,0.6587595,-0.10300597,-0.16740477,0.026671568,0.26614398,0.2628987
0.17598759,-0.12791745,0.40238598,0.14384067,0.47557452,0.7218494,0.33942696,0.1322279,0.4293563,0.67096996,0.2516494,0.02678612,0.21139805,0.2484357,0.48473042,0.43798655,0.3816869,0.15050304,0.07457556,0.16928206,1.0,0.82253593,0.25032157,0.4583535,0.7745346,0.5431469,0.68810725,0.6978808,0.4451862,0.3881414,0.2555832,0.19402547,0.13785839,-0.12881766,0.2415864,0.060203854,0.44081494,0.6315513,0.4022763,0.5519166,0.48662496,0.37314448,0.079172015,0.23085652,0.054659773,-0.14466192,0.49871594,0.49427092,-0.07707957,-0.16279098,0.115725696,0.13800849,-0.10830096,-0.06829452,0.34194788,0.34370035,0.077103734,-0.3159843,0.13584602,0.2528609,-0.2667059,-0.0065634428,0.16957478,-0.24901327,-0.19259363,-0.094034664,0.12944597,0.089200385,0.01289659,0.013013672,0.05939612,-0.12774624,0.28749555,0.4159589,0.06974826,0.18172084,0.4576268,0.28449315,0.435099,0.137919,0.50506526,0.10196548,0.4523123,0.445843,0.6442639,0.11099566,0.49938235,0.43503907,0.45334095,0.4170489,0.45295468,-0.045772217,0.38634655,-0.032590393,0.2826043,0.32509562,0.40103185,0.37930194,0.47248656,0.3453539,0.48225424,-0.09018861,0.576214,0.40671676,0.6677737,0.64369375,0.37978092,0.36417398,0.16360165,0.3263741,0.34496692,0.32358715,-0.049293745,0.067500606,0.63726777,0.23641531
0.3522375,0.024594478,0.5213045,0.31113577,0.57533294,0.68210316,0.44324648,0.284304,0.5035172,0.69114155,0.35223308,0.18664819,0.3224291,0.36819544,0.587566,0.5514474,0.45050973,0.31574884,0.25457066,0.37025392,0.82253593,1.0,0.36982468,0.59012336,0.78543735,0.60941076,0.69818383,0.6752807,0.46210986,0.47920313,0.3222377,0.39412776,0.29015383,0.07987206,0.36449465,0.25595856,0.5053969,0.63279897,0.47370324,0.6473187,0.44039893,0.40826213,0.1976957,0.21217057,-0.049673554,0.035078764,0.52409285,0.59379935,0.034975003,-0.12332593,0.15095662,0.10524016,-0.017807579,-0.104958996,0.450072,0.5201518,0.17415565,-0.1570339,0.27964938,0.37805057,-0.19737937,0.047907665,0.30192158,-0.09988918,-0.06438012,-0.08366729,0.28905618,0.21922909,0.101540074,0.0758575,0.053982243,-0.17692572,0.21460599,0.43293917,0.087581046,0.14500423,0.46683022,0.26912445,0.508423,0.3161484,0.50156343,0.2692915,0.49349475,0.55059814,0.652207,0.2382712,0.59306514,0.53489316,0.5916009,0.5169795,0.46054697,0.10035409,0.31867805,-0.06817863,0.3610521,0.3684428,0.4670887,0.49625266,0.47648284,0.47963595,0.5119597,-0.018904954,0.5798238,0.5044491,0.6503835,0.6436143,0.3060261,0.47144935,0.13443466,0.38310832,0.46911672,0.22813892,-0.26657858,0.14749911,0.7069939,0.26249105
0.47198346,0.19265158,0.7666518,0.67211074,0.51843464,0.35556623,0.6311084,0.7088001,0.4590469,0.48545432,0.69911796,0.49736995,0.61867464,0.49816194,0.5186343,0.4679871,0.58866215,0.6113581,0.39512107,0.497712,0.25032157,0.36982468,1.0,0.7427517,0.4131172,0.52214193,0.31405243,0.2671168,0.54335636,0.6270506,0.746955,0.726361,0.6855946,0.68541014,0.5979694,0.4916007,0.5631008,0.53455496,0.5012669,0.4887387,0.31837824,0.2801405,0.25354636,0.29603854,0.28646275,0.17486754,0.4622051,0.45074636,0.21817936,0.1256475,-0.11219297,0.25874195,0.02604733,0.18056653,0.5528005,0.56196064,0.21548192,-0.05349518,0.01186332,-0.05775927,0.09988355,-0.046131764,0.2791686,-0.12305177,0.054783154,-0.011309647,0.3678589,0.40501466,0.23329143,0.30402705,0.55623573,0.41597492,0.4153485,0.49519017,0.53697443,0.23518541,0.6675039,0.56757957,0.52843,0.53486323,0.5468761,0.4457311,0.58534986,0.44105262,0.5999516,0.36977324,0.54066646,0.5574802,0.5563428,0.46770817,0.30056822,0.3056955,0.08601769,-0.11760198,0.32755324,0.28785828,0.47895908,0.5671993,0.46917918,0.43202,0.32963717,-0.067043476,0.35974813,0.2576173,0.37743574,0.45077026,0.37062,0.5141237,0.34495875,0.4669051,0.50283664,0.012336131,-0.15867718,-0.029326458,0.3711093,0.4671083
0.64855605,0.33886155,0.7845305,0.7732223,0.7280906,0.4814512,0.72335637,0.68848044,0.68899894,0.6467356,0.74802744,0.57727623,0.6733606,0.6221623,0.7090724,0.67656314,0.70214903,0.727614,0.55541956,0.6306959,0.4583535,0.59012336,0.7427517,1.0,0.56580675,0.5846631,0.54074484,0.511605,0.60926014,0.6958182,0.6128988,0.7808223,0.70228344,0.5754439,0.6714985,0.5819294,0.6899315,0.6564063,0.657127,0.64314085,0.45023316,0.32740998,0.34576124,0.37693515,0.33596897,0.24594198,0.6492913,0.64388216,0.2851949,0.018964775,0.083392136,0.14523229,0.03487974,0.19855547,0.6980105,0.69936574,0.32872167,-0.124336325,0.2614532,0.16993059,0.005530653,0.14925756,0.3971635,-0.014759044,-0.043739464,0.019611795,0.5069657,0.45067987,0.08671849,0.28698203,0.2773688,0.04022637,0.22322892,0.29208443,0.33635333,-0.005355647,0.6327355,0.4311202,0.65129304,0.6313615,0.7042275,0.53967243,0.6782803,0.65123224,0.76018286,0.4656241,0.6710245,0.67840546,0.70750195,0.67880476,0.36609226,0.27034304,0.07766452,-0.08252884,0.47391468,0.35073608,0.5769268,0.6867645,0.44534674,0.52274406,0.3559502,-0.16400906,0.45959693,0.48668945,0.4589293,0.54481494,0.37440386,0.6473256,0.30634412,0.59027374,0.6472356,0.08887478,-0.12517081,-0.09389219,0.4948895,0.3827872
0.16380799,-0.19397868,0.49017718,0.17467125,0.42362767,0.7349929,0.3033163,0.20943284,0.40151522,0.59726256,0.34824917,0.07985302,0.27771547,0.26958266,0.5776348,0.5175766,0.42013195,0.20823878,0.056677666,0.21508719,0.7745346,0.78543735,0.4131172,0.56580675,1.0,0.5597131,0.76399964,0.6879626,0.44066522,0.4646391,0.46508884,0.381604,0.28352296,0.059575878,0.2506932,0.1005732,0.48800454,0.54532284,0.43432626,0.5382351,0.40001714,0.27640194,-0.040725835,0.22421469,-0.043637954,-0.108859114,0.43939337,0.43719894,-0.07620299,-0.02781454,0.07315603,0.24448636,0.02252541,0.015396162,0.4034271,0.4398026,-0.026162222,-0.36111555,0.051113177,0.2029628,-0.2622618,-0.13682267,0.14869685,-0.3488981,-0.22308032,-0.15593594,0.100149244,0.08604583,0.18495837,0.022133771,0.13244155,-0.11648334,0.2570698,0.45177597,0.06368661,0.08448042,0.4535044,0.30451736,0.5090715,0.36865357,0.46842086,0.10517454,0.43437526,0.45208067,0.6600993,0.0401645,0.5886044,0.5394775,0.5748361,0.4676753,0.40581515,0.02283779,0.42307934,-0.19486219,0.3796984,0.3069611,0.44318017,0.44066134,0.47981,0.30578485,0.61159253,-0.16894491,0.62899625,0.4120513,0.69978255,0.6643885,0.44786778,0.42951488,0.18832485,0.37179804,0.36430377,0.27127245,-0.14984012,0.060016576,0.60383666,0.3526471
0.5131778,0.23329943,0.46335828,0.45505187,0.50182396,0.37808815,0.43287843,0.43232158,0.3310577,0.5246036,0.35191143,0.23244996,0.33411273,0.24374366,0.36724016,0.3019169,0.34754172,0.2895145,0.3350953,0.3671172,0.5431469,0.60941076,0.52214193,0.5846631,0.5597131,1.0,0.27702385,0.2761441,0.31311288,0.33665133,0.4133664,0.39314783,0.40014997,0.26534304,0.47076288,0.23445137,0.44309667,0.5260679,0.2918425,0.5817789,0.44872352,0.30540276,0.21100304,0.13065878,0.27626657,0.1463769,0.3704099,0.44711545,0.29404688,0.037399724,-0.0198453,0.06561419,-0.01858185,0.08782653,0.46583048,0.41339743,0.29507408,0.0042051524,0.14343157,0.16732113,0.1255456,0.022196673,0.3730114,0.083156936,0.04594522,-0.07706619,0.32148287,0.29880813,-0.033389144,0.3443053,0.29948843,0.121724844,0.32182845,0.4556136,0.3909836,0.21801674,0.44639945,0.33088014,0.31160605,0.2283091,0.34607905,0.19188416,0.48044378,0.36759365,0.52168083,0.20607841,0.5561618,0.43982875,0.48477316,0.3313906,0.37913296,0.23143934,0.2760555,-0.049271457,0.1742229,0.34047475,0.35580146,0.42164496,0.49011913,0.3414914,0.27847,-0.10504442,0.5182451,0.38177854,0.5135978,0.5149061,0.36274686,0.4269596,0.28165752,0.18112004,0.34615415,0.112646766,-0.18744008,0.07895546,0.52942,0.3422099
0.09732565,-0.16345862,0.44893244,0.17265972,0.41941053,0.8059797,0.24554677,0.123889275,0.51026016,0.5675191,0.37478253,0.14002366,0.34315845,0.23763736,0.6893657,0.6107084,0.42919403,0.24421118,0.03177782,0.22254626,0.68810725,0.69818383,0.31405243,0.54074484,0.76399964,0.27702385,1.0,0.85064274,0.48089918,0.46464697,0.4009442,0.40209782,0.28929168,0.061502527,0.17714791,0.14358263,0.50785,0.5124129,0.5379695,0.4944197,0.40411532,0.21266499,-0.03845686,0.31016132,-0.053685114,-0.08502978,0.45958707,0.44841903,-0.14251682,-0.09505383,0.24794762,0.17495108,0.029634373,-0.028660191,0.44572204,0.46259427,-0.12330296,-0.45575437,0.1500339,0.201417,-0.41770554,-0.03915756,0.09157551,-0.3681206,-0.32070357,-0.06924092,0.13293508,0.0032926714,0.14277302,-0.16337854,0.005221623,-0.22390097,0.11254227,0.22756645,-0.13298842,-0.15485029,0.4233421,0.22076677,0.53181607,0.36904085,0.47654778,0.094999135,0.46108434,0.51930845,0.6925753,0.06377227,0.5522612,0.56203157,0.57894194,0.5140967,0.33577016,-0.018587219,0.36508945,-0.11439392,0.45410076,0.27809304,0.47324333,0.45071498,0.44008315,0.3073006,0.6001322,-0.07477276,0.5691268,0.4872182,0.64789456,0.6352641,0.3964562,0.43445528,0.12080715,0.48573464,0.40615037,0.21355963,-0.10469482,0.020789305,0.5799199,0.28038874
0.089490816,-0.16178098,0.4103695,0.19984609,0.37279496,0.85350055,0.3065793,0.12987879,0.49496883,0.58270305,0.30389586,0.25209454,0.33101064,0.3381319,0.6587459,0.5739627,0.29123327,0.23790166,0.16275473,0.20929512,0.6978808,0.6752807,0.2671168,0.511605,0.6879626,0.2761441,0.85064274,1.0,0.37296632,0.45272598,0.2671678,0.3518286,0.24069107,0.054644585,0.1573113,0.11017088,0.37502924,0.5352229,0.567728,0.5072527,0.3633766,0.1650247,0.061526172,0.3034205,-0.04723308,-0.08362047,0.5186978,0.47996932,-0.13262919,-0.20206825,0.16808906,0.13204588,-0.013605882,-0.18973814,0.42571744,0.4371846,-0.21768492,-0.47821456,0.0996074,0.17397434,-0.52213204,-0.025949374,0.0064984495,-0.33887056,-0.3227436,-0.051575873,0.051360916,-0.0644026,0.1547495,-0.11498655,-0.16947089,-0.3005449,-0.054124016,0.14893813,-0.26086414,-0.16521293,0.35495275,0.08230593,0.4059047,0.2347042,0.44673738,0.17446111,0.4668705,0.5892595,0.6350282,0.16709486,0.4797332,0.63724357,0.50109,0.59026664,0.4174828,0.027106632,0.3409314,-0.025769401,0.42717895,0.21222515,0.5037533,0.4920509,0.48054788,0.46467587,0.59093636,-0.07393038,0.48000264,0.5224741,0.6634998,0.6620628,0.3464998,0.46414223,0.05019326,0.49810776,0.47369266,0.16674912,-0.14176875,0.006146955,0.63418573,0.18329108
0.3900209,0.16468063,0.6438869,0.44122952,0.65482867,0.42489034,0.6006313,0.45127988,0.7334679,0.6650436,0.78599846,0.4552679,0.721423,0.52025163,0.6990826,0.712082,0.83753645,0.6671825,0.29538783,0.4058388,0.4451862,0.46210986,0.54335636,0.60926014,0.44066522,0.31311288,0.48089918,0.37296632,1.0,0.78680736,0.5950702,0.61942047,0.5305517,0.34672898,0.577305,0.6333669,0.72523475,0.7203064,0.64774793,0.5571004,0.50233805,0.53260434,0.2972742,0.31691104,0.25492033,0.14378932,0.510889,0.47544998,0.019391183,0.05809854,0.04279595,0.3429761,-0.1307777,0.14391771,0.5986187,0.61785215,0.3650488,-0.24373245,0.29940897,0.009054686,-0.032203898,0.0027425748,0.29094744,-0.14947747,-0.12824601,0.052359793,0.37002337,0.4023883,0.0501458,0.08836347,0.4719011,0.26868132,0.6535285,0.53217745,0.46242014,0.35226917,0.6804396,0.75720996,0.75969607,0.5778852,0.76677346,0.44915253,0.73994565,0.6083373,0.68354225,0.3093048,0.5640063,0.508973,0.6504185,0.49853066,0.20375888,0.12548268,0.052013867,-0.112237334,0.46520525,0.52002484,0.5029823,0.589615,0.34208003,0.41498035,0.21549463,-0.056138873,0.26401263,0.35783565,0.28182715,0.37973723,0.27893192,0.5149935,0.4601957,0.580209,0.5153925,0.1465588,-0.11008041,-6.1993655e-05,0.25742114,0.3313544
0.41698885,0.17494461,0.73895866,0.5556273,0.6481045,0.47876605,0.7182879,0.6001661,0.75810724,0.691929,0.7594719,0.70355576,0.81945235,0.72188896,0.7980632,0.80869955,0.68684155,0.7674022,0.5357343,0.5686661,0.3881414,0.47920313,0.6270506,0.6958182,0.4646391,0.33665133,0.46464697,0.45272598,0.78680736,1.0,0.64301956,0.72271013,0.70131093,0.55721027,0.6140465,0.6189366,0.5885326,0.6687271,0.71166366,0.5791483,0.31220147,0.41734597,0.38929808,0.34609833,0.254893,0.111135885,0.57071793,0.48614603,0.062985264,0.036542054,-0.048227493,0.38301712,-0.16867253,0.102973886,0.64414537,0.68442273,0.24559966,-0.2294798,0.18690598,-0.073877566,-0.15662162,-0.03113124,0.3309359,-0.10584728,-0.111887775,0.11536076,0.38836807,0.3921008,0.2338095,0.13640125,0.36590484,0.21848087,0.4425385,0.5277169,0.30461395,0.3180802,0.6212962,0.59860015,0.6273897,0.61743706,0.72088087,0.59577805,0.74032676,0.78884304,0.6326702,0.43699276,0.5916704,0.65423244,0.6456634,0.6489602,0.24690953,0.21610728,0.03590717,-0.16614468,0.4969537,0.39301765,0.62084454,0.7005171,0.401648,0.5943272,0.296166,-0.14648439,0.24822485,0.3712911,0.36511803,0.4583218,0.3770927,0.6679345,0.37513247,0.63165814,0.6218921,0.12763582,-0.13142046,0.005089519,0.31086087,0.40518394
0.25268695,0.07054931,0.6137507,0.40526563,0.4011002,0.3153525,0.4461908,0.4690491,0.44168487,0.39656988,0.69646823,0.38825664,0.6431729,0.33886,0.5496391,0.49403548,0.5950334,0.46243954,0.14148904,0.33207563,0.2555832,0.3222377,0.746955,0.6128988,0.46508884,0.4133664,0.4009442,0.2671678,0.5950702,0.64301956,1.0,0.7104832,0.6380105,0.59263194,0.4019528,0.36512244,0.47444484,0.4131854,0.36756808,0.3140135,0.2941758,0.18375953,0.08868664,0.21621963,0.2669666,0.0865269,0.28841746,0.2201581,0.032268472,0.16304459,-0.14364906,0.3381471,-0.10228905,0.13682991,0.43302402,0.40804747,0.14443874,-0.18896022,-0.015986852,-0.1632665,0.03632084,-0.22648409,0.18705268,-0.28489056,-0.12299814,0.08739854,0.24035268,0.1938676,0.2389691,0.08824224,0.7042681,0.52133155,0.5210893,0.5003251,0.48954114,0.24231124,0.57652664,0.5946726,0.5324605,0.54731816,0.46356568,0.18763265,0.47120357,0.38705042,0.56526625,0.11701689,0.48279586,0.39155048,0.47396448,0.31494763,0.24290814,0.07865777,0.19642024,-0.21292563,0.24163742,0.20008117,0.34777525,0.39958715,0.40201032,0.25173032,0.38910732,-0.033665195,0.37258285,0.19536951,0.32567385,0.4142635,0.4262518,0.40408042,0.3225796,0.33292472,0.2822011,0.11128142,-0.105733834,0.023338476,0.2652337,0.45656636
0.5260632,0.31859916,0.6945836,0.6082583,0.5538266,0.30635077,0.58437365,0.5907148,0.64015263,0.47026822,0.7752139,0.62895656,0.7492495,0.54483443,0.72563636,0.6746952,0.6854458,0.72166544,0.47756192,0.6062072,0.19402547,0.39412776,0.726361,0.7808223,0.381604,0.39314783,0.40209782,0.3518286,0.61942047,0.72271013,0.7104832,1.0,0.74399567,0.7089024,0.5891332,0.6701701,0.6258617,0.5102968,0.6196918,0.5433844,0.38938677,0.28319076,0.28736758,0.23525937,0.20493816,0.25932238,0.47522658,0.47877783,0.17634185,0.123491414,-0.008242738,0.17734726,-0.019912547,0.16595326,0.668417,0.7278258,0.21908048,-0.11375376,0.2541426,0.087896146,-0.05904269,-0.017687308,0.33272657,-0.06521183,-0.01643634,0.038652018,0.42790055,0.3399004,0.22954886,0.24624184,0.4035395,0.16060624,0.28526494,0.30548835,0.35750252,0.06081581,0.47978655,0.427493,0.60799354,0.65746915,0.5348844,0.49001214,0.6292819,0.639504,0.60241556,0.3544845,0.59004796,0.6415825,0.7240306,0.5610789,0.20848206,0.26719457,-0.023117576,-0.08512722,0.43320748,0.3578896,0.5128792,0.6647778,0.35610843,0.521346,0.3037921,-0.06680501,0.2867488,0.4473426,0.2884977,0.39308375,0.27428317,0.58816874,0.27627563,0.5532613,0.56588143,-0.014764075,-0.28885382,-0.124282494,0.38137957,0.31250268
