1.0,0.73058784,0.55262285,0.46479464,0.22951284,0.30074546,0.7338,0.54368186,0.35026494,0.5243757,0.80156624,0.69904196,0.70945805,0.5623827,0.5763162,0.34931833,0.681115,0.59468466,0.64660895,0.69243,0.14160822,0.05669426,0.5098059,0.43966618,0.008877616,-0.291201,-0.024818314,-0.01184648,0.6064641,0.6355757,0.4212769,0.54548746,0.5340098,0.5305834,0.5322671,0.56440574,0.40204033,0.39547276,0.39298713,0.34280613,0.27876917,0.33798373,0.46851286,0.56881803,0.3858652,0.3086533,0.54410124,0.49312505,0.0650532,-0.18180642,-0.0041615088,0.09466734,0.3037719,0.15086058,0.30463916,0.33335516,0.74815124,0.46516377,0.3235233,0.19041033,0.3255425,-0.10191383,0.36239147,0.22625802,0.048566103,-0.09973835,0.68012315,0.5677374,0.6123577,0.69098175,0.07899399,0.044726927,0.54303604,0.18954945,0.23782045,0.16266456,0.19748338,0.35003698,0.5263285,0.58351284,0.7084524,0.57091546,0.49234486,0.3394155,0.51819927,0.30879164,0.32874003,0.039820626,0.4411119,0.52514005,0.3856511,0.24639708,0.16256914,0.24411902,0.52140903,0.47371432,0.41490808,0.41880417,0.43041244,0.43304607,0.20017093,0.21300106,0.23580693,0.2796794,0.5013032,0.48343953,0.14657073,0.28787372,0.41843402,0.5519693,0.5229288,0.36574194,0.2652381,0.5634592,0.45383993,0.37009242
0.73058784,1.0,0.79004335,0.7914266,0.42077982,0.41388145,0.72901124,0.8098553,0.4598567,0.6484554,0.622678,0.8282344,0.65480775,0.7892469,0.6052689,0.55131143,0.7044381,0.7845048,0.7603908,0.83241636,0.115551576,-0.006039654,0.58103275,0.69287384,0.099818,-0.09039249,-0.02830213,-0.048362594,0.7431018,0.7421997,0.6161664,0.722052,0.7539201,0.7624374,0.67487615,0.74260366,0.6156011,0.6244689,0.64913297,0.5875308,0.42707276,0.47188443,0.63203746,0.7345653,0.4306687,0.44310877,0.7394458,0.7283604,-0.018396152,-0.18206556,-0.07235908,0.04630393,0.28919128,0.21069887,0.4947771,0.5633007,0.53853,0.79437625,0.14279316,0.10180289,0.32334957,-0.30260563,0.28154108,0.44717604,-0.14254431,-0.1239015,0.67128897,0.67347306,0.7739318,0.7305675,0.15993816,0.20903845,0.6127076,0.2647122,0.32399023,0.33311057,0.46105504,0.5281407,0.60250205,0.7243754,0.57133245,0.67961067,0.43738285,0.5152652,0.3791652,0.6550433,0.27033797,0.27695894,0.586861,0.6282918,0.4297989,0.38309917,0.1367326,0.25408876,0.69865704,0.67396015,0.6646859,0.67511266,0.60423285,0.59982437,0.14769188,0.17388967,0.30277416,0.32759836,0.5753126,0.53536856,0.3001769,0.44249108,0.58073646,0.7638601,0.7257843,0.61045283,0.46183103,0.66642976,0.5715413,0.5170016
0.55262285,0.79004335,1.0,0.8927703,0.5302025,0.4977943,0.77428836,0.89590156,0.56424725,0.67636734,0.46670258,0.72891814,0.616736,0.8106988,0.6460508,0.6193239,0.69166934,0.75283056,0.811112,0.8355796,0.16939707,0.08848184,0.76512134,0.8660931,0.18575388,0.11279144,-0.08768102,-0.11331749,0.77220136,0.78103775,0.735994,0.7721983,0.7993966,0.82612187,0.6237025,0.7392849,0.66645086,0.6232038,0.69277394,0.5589607,0.47950497,0.51029325,0.63232946,0.69622636,0.33748847,0.24294214,0.7007566,0.69078386,-0.0017939737,-0.09716971,-0.04397775,-0.061195906,0.3007718,0.17698504,0.5755807,0.57549345,0.3374596,0.6418073,-0.0111636855,-0.038760006,0.23688489,-0.32009172,0.046729952,0.31812114,-0.19829096,-0.11395935,0.5392917,0.6713331,0.7071099,0.7134063,0.33133838,0.3871339,0.70563793,0.36768544,0.4304488,0.3787285,0.5308799,0.5856637,0.7256743,0.71357745,0.55550545,0.67687875,0.4893806,0.5632846,0.38994306,0.6078356,0.27856562,0.3362614,0.6014402,0.52953535,0.4856762,0.40669054,0.06975932,0.28945416,0.69123924,0.64494395,0.7191257,0.6592378,0.57407933,0.55927306,0.07501256,0.19477546,0.32022235,0.35346746,0.5669073,0.5328615,0.36277816,0.48142102,0.5754551,0.7430321,0.7140828,0.5746564,0.46518725,0.63855857,0.5572738,0.53412205
0.46479464,0.7914266,0.8927703,1.0,0.48828003,0.5011866,0.6642234,0.8816193,0.5235859,0.65331686,0.38569286,0.70815504,0.5502474,0.82134664,0.614853,0.6338585,0.656327,0.73953694,0.82291406,0.84247684,0.13339116,0.02708052,0.6829344,0.84797984,0.19525126,0.1293574,-0.05317355,-0.06969464,0.7795164,0.7886514,0.740291,0.8022347,0.8358039,0.8334407,0.6142067,0.68490833,0.6830559,0.6802132,0.7421216,0.62984276,0.5045597,0.52297324,0.66371167,0.6867589,0.34072265,0.31038278,0.71966827,0.6991864,-0.06276318,-0.009215987,-0.033550378,-0.070741706,0.28287238,0.23972383,0.6144296,0.6326964,0.29192486,0.67099136,-0.03829388,-0.039586574,0.25920373,-0.3686146,0.11241069,0.3688818,-0.29472005,-0.10479877,0.48849273,0.6276376,0.76616687,0.6617362,0.35650814,0.42891017,0.7007689,0.3438425,0.3929137,0.35466206,0.6260112,0.589095,0.70356274,0.7027824,0.49517933,0.6606637,0.43438876,0.5628106,0.32953036,0.6362923,0.2748264,0.37841618,0.6003941,0.52452713,0.46620128,0.40182957,0.14214997,0.22823712,0.696761,0.6744974,0.7539622,0.7042822,0.6138063,0.60132176,0.035840757,0.08409578,0.34446543,0.35311854,0.556805,0.51608497,0.3836049,0.48367178,0.59342873,0.734945,0.69785917,0.6494727,0.53016007,0.66373235,0.6011551,0.5785296
0.22951284,0.42077982,0.5302025,0.48828003,1.0,0.36385083,0.3115018,0.4763815,0.72674733,0.45253474,0.11436327,0.37658933,0.16414818,0.4354495,0.5918967,0.66557264,0.17511506,0.3924065,0.31760564,0.33930403,0.24295057,0.14019285,0.3859094,0.5589869,0.09087401,0.2814005,0.04043857,-0.075330965,0.41014928,0.39239812,0.49699485,0.3347106,0.38068578,0.38588727,0.405524,0.5137091,0.48857725,0.40897402,0.54827505,0.4748649,0.4413907,0.49536675,0.38534766,0.46864757,0.26638207,0.02807405,0.4828515,0.50316244,-0.009610477,0.057158258,-0.1438264,-0.04344722,0.18708919,0.013562912,0.52918327,0.48607978,0.2545063,0.42949736,-0.21682636,-0.13085075,0.20271628,-0.123456955,-0.045322455,0.109967865,-0.30623665,-0.22803709,0.34938803,0.44556242,0.28411824,0.4269316,0.3101204,0.35992464,0.41467032,0.3723255,0.52985036,0.4267644,0.20934308,0.36337656,0.23224227,0.33597508,0.13911389,0.34499764,0.49450135,0.5430683,0.1710538,0.39949992,0.36837068,0.4212505,0.61203563,0.3412932,0.35645175,0.35655984,-0.21964218,0.16388229,0.5832518,0.5021385,0.5530219,0.5138866,0.46527165,0.45011085,0.1529576,0.20144959,0.30068165,0.2816455,0.39134935,0.3456573,0.4711664,0.5688772,0.49569756,0.52721804,0.50090826,0.34404632,0.3441721,0.3801416,0.4142251,0.44289207
0.30074546,0.41388145,0.4977943,0.5011866,0.36385083,1.0,0.33502272,0.40247175,0.30466107,0.38333,0.35428002,0.45928827,0.31001633,0.45685974,0.461678,0.39968964,0.46458122,0.47403,0.54538244,0.5153063,0.060820725,0.03680623,0.503594,0.55402803,0.5426526,0.34974125,0.39904717,0.3909244,0.46168724,0.4601872,0.2299723,0.38281214,0.4715792,0.512074,0.2753149,0.3538523,0.24582279,0.2650468,0.40824673,0.46768072,0.3018619,0.29925838,0.5017601,0.5129348,0.1670152,0.08206268,0.5429123,0.502924,0.14628632,0.011482627,-0.071538955,-0.1696337,0.24290685,0.12804113,0.3970662,0.40890083,0.1334472,0.33397657,-0.063903,-0.09506806,0.18954328,-0.34715092,0.121474944,0.1877065,-0.16126966,-0.076991595,0.34483445,0.4555037,0.5598047,0.47416836,-0.06322366,-0.0038265304,0.35104197,-0.0675203,0.018313395,0.047478374,0.21209839,0.025222115,0.40315276,0.4374127,0.31075642,0.5544678,0.5080523,0.52541,0.14144948,0.5166934,0.41962513,0.64456636,0.28816855,0.37166128,0.3513334,0.1525203,0.20035523,0.20298445,0.3878262,0.37370008,0.4535673,0.41404966,0.33308682,0.3949323,0.17215286,0.13831136,0.3182597,0.38717765,0.3483425,0.50115293,0.26383913,0.33237338,0.24834494,0.46458444,0.54571754,0.55642277,0.4321456,0.4863621,0.32262018,0.30108827
0.7338,0.72901124,0.77428836,0.6642234,0.3115018,0.33502272,1.0,0.80655116,0.47643462,0.6743812,0.68972445,0.723591,0.8398715,0.77281106,0.66670763,0.44434252,0.6793652,0.636308,0.745712,0.8091027,0.09833547,0.0045069354,0.7837445,0.6694905,-0.0034340797,-0.1745244,-0.22218722,-0.19232379,0.76305324,0.76430416,0.6277699,0.69656116,0.68640065,0.709194,0.51030153,0.65444654,0.51597273,0.43036368,0.45307693,0.30797452,0.27407765,0.25703302,0.47003713,0.55439943,0.3302831,0.264497,0.5378848,0.519303,-0.06553344,-0.15871027,0.0571701,0.025660206,0.16042873,0.1634804,0.306322,0.31954512,0.44826636,0.44154325,0.08888625,-0.025178375,0.14564115,-0.22775471,0.0278568,0.1226222,-0.03313079,-0.102388434,0.5327263,0.55139035,0.6150474,0.6712019,0.18085358,0.19109918,0.66361815,0.27198598,0.3003947,0.20836963,0.3933259,0.505425,0.7139086,0.7074052,0.7584888,0.679342,0.5222323,0.47576922,0.4371208,0.4559501,0.28004646,0.10078572,0.42838445,0.51762015,0.4206101,0.35206428,0.2018026,0.31199571,0.5667982,0.54497325,0.4768082,0.52174765,0.37711826,0.3955152,0.084163584,0.23446569,0.22904097,0.2860012,0.57212174,0.5082473,0.15081075,0.30057812,0.51989806,0.65747654,0.57120234,0.3772825,0.3096424,0.5820462,0.46326295,0.38553172
0.54368186,0.8098553,0.89590156,0.8816193,0.4763815,0.40247175,0.80655116,1.0,0.53722864,0.69122005,0.46281892,0.73139274,0.64165205,0.83820283,0.62269354,0.5844065,0.643003,0.72545123,0.7746268,0.82662976,0.11226384,0.0058215195,0.7215913,0.8077147,0.10841719,0.040061265,-0.17665108,-0.17021257,0.7623729,0.77088207,0.73683023,0.7654702,0.8096927,0.81988585,0.6396191,0.7362088,0.6710018,0.6280511,0.66119397,0.50790256,0.42434657,0.44796118,0.5715059,0.65236616,0.25942987,0.3222334,0.6668458,0.6632016,-0.08890359,-0.09180918,-0.0122601455,-0.024342775,0.21035616,0.19299306,0.5356146,0.5584912,0.3008872,0.6456342,-0.03193557,-0.08361498,0.15431991,-0.28916988,0.045666173,0.32082152,-0.191805,-0.098708555,0.51294786,0.6224576,0.6622456,0.66027176,0.28858995,0.35192105,0.65516543,0.3355264,0.38244995,0.35614324,0.56527466,0.6111419,0.7103429,0.7002,0.5810595,0.6787189,0.44985667,0.55005646,0.37691525,0.6242114,0.23106262,0.23158666,0.5723792,0.5676325,0.45260093,0.4860366,0.08525363,0.30160415,0.664529,0.6536748,0.697012,0.6680394,0.58724654,0.57786584,0.040636856,0.18783526,0.3395464,0.3358744,0.6193692,0.50373775,0.37237445,0.49347526,0.5736454,0.7341856,0.6766371,0.5698051,0.46696338,0.63432515,0.56653976,0.5384982
0.35026494,0.4598567,0.56424725,0.5235859,0.72674733,0.30466107,0.47643462,0.53722864,1.0,0.75147045,0.19228695,0.41638887,0.35346422,0.5937519,0.80094564,0.8379503,0.2777467,0.44090223,0.41323823,0.433448,0.27741215,0.25066406,0.4805368,0.58788097,-0.045120563,0.18911625,-0.21474583,-0.27466717,0.51457155,0.5472989,0.60647625,0.45249513,0.38447782,0.39663166,0.45153832,0.5170028,0.5265891,0.3942316,0.5430117,0.3543834,0.40657884,0.4091683,0.47342476,0.46646008,0.28343832,0.09557475,0.47452214,0.43881187,0.0023338082,0.04025963,-0.031347867,-0.0064233225,0.26578447,-0.03075179,0.54370946,0.42435536,0.36790353,0.40259004,-0.117260896,-0.19666101,0.17888375,-0.042472556,-0.0069006626,0.17964377,-0.23184054,-0.24167882,0.38656586,0.41808388,0.32807657,0.43202698,0.45250973,0.49206346,0.53024894,0.51091903,0.54469675,0.43819797,0.30315503,0.5434622,0.33724326,0.34684247,0.33173898,0.45880365,0.5185905,0.6703376,0.32857016,0.42044646,0.3201961,0.26365,0.60416,0.44122216,0.5302465,0.4687737,-0.17378756,0.2395197,0.58163184,0.47187734,0.51507723,0.48118585,0.41971666,0.43643785,0.101807095,0.12072409,0.2064917,0.231253,0.3466006,0.2828235,0.29705107,0.4126097,0.48152304,0.47284472,0.43049514,0.34750503,0.39745486,0.4563334,0.40698603,0.45744988
0.5243757,0.6484554,0.67636734,0.65331686,0.45253474,0.38333,0.6743812,0.69122005,0.75147045,1.0,0.36594075,0.5661413,0.5559584,0.74012274,0.76824903,0.76522857,0.467452,0.5935221,0.61313605,0.65490973,0.21370566,0.17811497,0.6071446,0.63062954,-0.007447616,0.047735013,-0.31720224,-0.31959978,0.66250044,0.7225013,0.67084605,0.6283052,0.5917967,0.61343664,0.565542,0.6403122,0.5443151,0.49597508,0.5710857,0.42691857,0.39162132,0.40551132,0.57903516,0.601562,0.27298203,0.18027769,0.60868216,0.5627644,-0.01224953,-0.12175019,-0.059450027,-0.026201032,0.262273,0.1007211,0.47532222,0.5091733,0.46558258,0.5530115,0.010205265,-0.17677821,0.24437025,-0.13404267,0.14845282,0.25011206,-0.11641224,-0.23179954,0.5071512,0.514909,0.5641845,0.60232437,0.32196093,0.39575744,0.59965587,0.41253284,0.37700865,0.3730678,0.3716296,0.57095045,0.5024033,0.5269429,0.507748,0.6174913,0.5610223,0.642808,0.38947737,0.56607074,0.31025606,0.24086262,0.4955389,0.6437867,0.6156408,0.58753514,0.07963288,0.3107895,0.6553677,0.562046,0.5900193,0.5910765,0.4783129,0.53847,0.10498098,0.19336882,0.18265845,0.25946033,0.5011159,0.3848407,0.20753944,0.3597439,0.5336261,0.5905681,0.56771374,0.5243491,0.50050676,0.63936913,0.5194939,0.49291396
0.80156624,0.622678,0.46670258,0.38569286,0.11436327,0.35428002,0.68972445,0.46281892,0.19228695,0.36594075,1.0,0.7983197,0.7709538,0.52974874,0.47458664,0.19309098,0.6345831,0.5230834,0.56583536,0.61325175,0.015207072,-0.049932323,0.48413864,0.34959325,0.09196726,-0.31031513,0.12229847,0.18175541,0.616187,0.6136509,0.25760162,0.48374394,0.44599158,0.46112406,0.30302274,0.42403477,0.30066478,0.2642091,0.24141337,0.21945551,0.14937264,0.13404813,0.3675771,0.42377725,0.3162132,0.28880015,0.42533314,0.37553784,0.02663084,-0.17715895,0.0058760745,-0.04734519,0.118945606,0.20943742,0.16320339,0.16795848,0.49017686,0.24007328,0.16814531,0.1739871,0.2767963,-0.15839912,0.20809668,0.07431474,0.09611341,-0.06771211,0.51288337,0.43642718,0.5684394,0.5299355,0.016928533,-0.030220738,0.53085136,0.087572634,0.11274095,0.04128836,0.29414052,0.21376681,0.4961018,0.64238197,0.7126101,0.5854093,0.3645206,0.2761564,0.3558216,0.29159054,0.28605786,0.043972876,0.22894226,0.3943008,0.19376361,0.08453601,0.2753687,0.16999409,0.34032026,0.34737518,0.27429187,0.2939943,0.24053495,0.28354818,0.19143115,0.13152516,0.25849274,0.2735102,0.44238812,0.4967883,0.056338124,0.20217903,0.3090898,0.46760413,0.39421925,0.25238782,0.20539199,0.44991544,0.27307323,0.21354657
0.69904196,0.8282344,0.72891814,0.70815504,0.37658933,0.45928827,0.723591,0.73139274,0.41638887,0.5661413,0.7983197,1.0,0.7300163,0.7533403,0.5724299,0.4622417,0.6833836,0.73330903,0.6969655,0.7550153,0.084434725,-0.004357337,0.59739923,0.63846195,0.14699546,-0.08199824,0.03709888,0.044115275,0.76880985,0.7615792,0.5496787,0.6931982,0.6583246,0.68081385,0.50429523,0.62349164,0.54517907,0.5226969,0.53816855,0.44936165,0.34555787,0.33710027,0.5802521,0.6291534,0.36362556,0.35319087,0.64411926,0.6000194,-0.0205265,-0.1002345,-0.07836046,-0.08878122,0.21846642,0.22498368,0.41172037,0.44512406,0.4307639,0.5430648,0.043926008,0.08469181,0.29322165,-0.22226375,0.15726858,0.29303306,-0.09955548,-0.070103884,0.5856401,0.6011518,0.7159253,0.6275811,0.2119671,0.2360998,0.6654363,0.26750875,0.2949915,0.2715729,0.5339046,0.46582225,0.6111339,0.7653735,0.6272259,0.68733037,0.4134926,0.4673521,0.33119062,0.58704174,0.30658513,0.22406772,0.45413467,0.55614245,0.35065323,0.32142898,0.1792637,0.23544635,0.5476866,0.5452729,0.5658528,0.5232805,0.4907428,0.5101464,0.16391675,0.16438751,0.40204376,0.38744763,0.591189,0.56838673,0.27586812,0.41225043,0.4866283,0.6440838,0.5735581,0.48074174,0.4070045,0.61264783,0.4459219,0.4073706
0.70945805,0.65480775,0.616736,0.5502474,0.16414818,0.31001633,0.8398715,0.64165205,0.35346422,0.5559584,0.7709538,0.7300163,1.0,0.7552343,0.6038131,0.3250137,0.66424423,0.53083956,0.6869979,0.7559285,-0.13067643,-0.21897312,0.6591693,0.4965264,-0.048316237,-0.322062,-0.16891007,-0.064715646,0.80550545,0.75383765,0.47342837,0.6290734,0.61132747,0.58002275,0.30370834,0.44769895,0.299804,0.25124148,0.25001812,0.15241231,0.054251567,0.07702158,0.3627974,0.39424804,0.31396058,0.31034482,0.37106964,0.35567752,-0.1089712,-0.19908075,0.07309986,0.0038734374,0.07910864,0.27436146,0.15924078,0.16519938,0.46375874,0.29777512,0.12052937,0.06994192,0.22919638,-0.16751224,0.07608548,0.05704357,-0.03823809,-0.09458244,0.3863185,0.34921798,0.6507814,0.5684332,0.10090359,0.09657016,0.60833395,0.13359377,0.13115022,-0.0059241145,0.4268874,0.35952306,0.6531054,0.6909537,0.8404751,0.67262614,0.41224316,0.4129213,0.40403095,0.3504242,0.2556633,0.05817952,0.3353107,0.4526703,0.24373208,0.1715322,0.2375606,0.03237239,0.41206542,0.39518416,0.3181704,0.40535003,0.24005143,0.2372746,-0.021027034,0.035937935,0.06395591,0.102797255,0.41110668,0.35905257,-0.04124445,0.11889778,0.4495108,0.52532506,0.39539415,0.27932966,0.16730313,0.42731667,0.298389,0.23374517
0.5623827,0.7892469,0.8106988,0.82134664,0.4354495,0.45685974,0.77281106,0.83820283,0.5937519,0.74012274,0.52974874,0.7533403,0.7552343,1.0,0.69998884,0.6489794,0.69102836,0.7557845,0.7760654,0.8279408,0.124913074,0.016539294,0.6653102,0.768959,0.15294118,0.027409084,-0.095088385,-0.08207875,0.82967895,0.8172827,0.6962583,0.7536041,0.7436075,0.7494608,0.5819264,0.6581587,0.6011342,0.5757197,0.61901766,0.5056054,0.3924352,0.4046843,0.6609955,0.6744893,0.39734748,0.34838462,0.6722271,0.66316694,-0.102262735,-0.11557834,0.059107885,-0.0026998634,0.23649026,0.20360285,0.5255743,0.5336421,0.3850088,0.60798395,0.04492277,-0.062281627,0.17823213,-0.2287508,0.1001256,0.3150191,-0.22691453,-0.16205776,0.5228522,0.5863383,0.7306652,0.64799887,0.3014474,0.3526201,0.7064398,0.33398107,0.34181896,0.29826337,0.55654347,0.54061085,0.6750734,0.74739826,0.6492736,0.7492457,0.42002487,0.6235906,0.391527,0.6170509,0.27567723,0.25785315,0.61611706,0.6107096,0.4625024,0.35696474,0.18804435,0.21982697,0.64944035,0.65163344,0.66781276,0.6753929,0.5562478,0.5623743,0.08779534,0.078170985,0.27111024,0.30767664,0.52682304,0.507126,0.28080928,0.4093561,0.58684045,0.7223804,0.66482943,0.5850199,0.4346376,0.60093707,0.54201216,0.489599
0.5763162,0.6052689,0.6460508,0.614853,0.5918967,0.461678,0.66670763,0.62269354,0.80094564,0.76824903,0.47458664,0.5724299,0.6038131,0.69998884,1.0,0.7701043,0.4882525,0.5551616,0.61992556,0.64315885,0.12586781,0.06974696,0.65106213,0.65053016,0.13976116,0.12759364,-0.0709848,-0.04684257,0.679979,0.7060818,0.55152774,0.5654085,0.54260516,0.5444595,0.4352461,0.55105084,0.49422586,0.37931797,0.52145576,0.4441468,0.35981485,0.38987574,0.560693,0.5468026,0.28624383,0.16441715,0.5638255,0.55772847,0.056778193,-0.045778546,0.03554315,-0.042921763,0.26142842,0.11544638,0.49105027,0.4214987,0.4925353,0.44719544,-0.03774857,-0.1432919,0.23647848,-0.17760265,0.078475244,0.09682315,-0.20765392,-0.24136093,0.44922563,0.45690498,0.5246557,0.5820938,0.21979141,0.252488,0.5701675,0.30915326,0.36066967,0.2407084,0.31718588,0.44452897,0.45025304,0.50547785,0.5724932,0.61866707,0.67835516,0.79629403,0.4476779,0.49840394,0.4180141,0.37506613,0.55870414,0.5005266,0.5626348,0.36737797,0.06964271,0.18537328,0.6780312,0.60423946,0.5452223,0.6173042,0.429921,0.44884223,0.094918266,0.1144743,0.19478637,0.25938666,0.428866,0.44562384,0.21722546,0.38831887,0.58814925,0.64792085,0.5938686,0.47193697,0.42396465,0.58103573,0.48143274,0.49455348
0.34931833,0.55131143,0.6193239,0.6338585,0.66557264,0.39968964,0.44434252,0.5844065,0.8379503,0.76522857,0.19309098,0.4622417,0.3250137,0.6489794,0.7701043,1.0,0.35392204,0.55249023,0.52500963,0.5243495,0.32459307,0.28021115,0.45379567,0.65989417,0.13119122,0.3095128,-0.05758543,-0.1500644,0.5326202,0.594234,0.60155714,0.51058364,0.47534177,0.5061139,0.54663813,0.60028803,0.5889931,0.5678526,0.66210973,0.5795999,0.5349493,0.57760334,0.6021592,0.6110826,0.31731117,0.18408382,0.6192203,0.59347886,0.022221334,0.08465281,-0.038671736,-0.038788714,0.26974845,0.009931919,0.6316117,0.5884064,0.36166808,0.5584132,-0.045851752,-0.18649326,0.14773664,-0.15795578,0.07148258,0.30801466,-0.31666055,-0.25673252,0.45236525,0.525302,0.44906268,0.48355347,0.3969341,0.47847274,0.54026896,0.477791,0.49838996,0.4999093,0.33495483,0.513381,0.35059348,0.41845173,0.30435717,0.53701437,0.4760642,0.75260687,0.37255147,0.6059096,0.30402303,0.40507257,0.65267795,0.5054004,0.5992155,0.4885316,-0.06593257,0.28879035,0.65444005,0.59208673,0.6297315,0.6136908,0.5154435,0.56357664,0.16264582,0.1300086,0.282221,0.3171174,0.39044943,0.37525108,0.3483347,0.47293445,0.5315798,0.5440769,0.5472952,0.5110382,0.51682127,0.55607766,0.51682615,0.5373722
0.681115,0.7044381,0.69166934,0.656327,0.17511506,0.46458122,0.6793652,0.643003,0.2777467,0.467452,0.6345831,0.6833836,0.66424423,0.69102836,0.4882525,0.35392204,1.0,0.80137604,0.7654955,0.7663329,0.13869755,0.041572813,0.5926257,0.6183736,0.1954566,-0.08956218,0.097906,0.12185377,0.70788133,0.69230545,0.41376865,0.5800257,0.7054018,0.68620646,0.56101704,0.5625002,0.4822176,0.5044551,0.5312773,0.4867032,0.36003876,0.37791342,0.55672175,0.6244376,0.39336872,0.2956494,0.63636184,0.60301936,0.087482125,-0.1368692,0.04723819,0.00013548526,0.28982067,0.20448427,0.42938188,0.4413273,0.5178862,0.55201775,0.18956605,0.11999864,0.25389385,-0.28830707,0.25268182,0.35421076,-0.0433171,-0.012417532,0.5680145,0.5967436,0.6978649,0.66020757,0.16483787,0.13322398,0.5955429,0.16838683,0.21630779,0.18374786,0.3882527,0.3565411,0.7570815,0.71753764,0.61506593,0.6918436,0.4231872,0.35240716,0.49757454,0.46957058,0.31395808,0.15529108,0.47983173,0.49947888,0.34601316,0.1777761,0.2637382,0.21800652,0.5183274,0.5431427,0.54687864,0.51915276,0.4444975,0.46319607,0.19436781,-0.00077530264,0.2577954,0.3059958,0.44173148,0.5022421,0.18916619,0.30614603,0.4445899,0.63099575,0.6394105,0.523802,0.3567376,0.56461996,0.48359278,0.43726462
0.59468466,0.7845048,0.75283056,0.73953694,0.3924065,0.47403,0.636308,0.72545123,0.44090223,0.5935221,0.5230834,0.73330903,0.53083956,0.7557845,0.5551616,0.55249023,0.80137604,1.0,0.6873709,0.729281,0.26728246,0.15326656,0.58967274,0.715655,0.23066369,0.0843216,0.049937263,0.0034730483,0.7120981,0.7353678,0.5573918,0.6440995,0.7364965,0.76027966,0.7137322,0.73698306,0.6490016,0.64683473,0.6874567,0.6281915,0.48615026,0.48628026,0.64051914,0.7461496,0.35074183,0.3051241,0.76156133,0.7459316,0.048198275,-0.1303288,-0.06283705,0.040068068,0.26988694,0.15703315,0.5498055,0.58335584,0.43184003,0.76041746,0.062293325,0.044464197,0.17538406,-0.23992889,0.18392685,0.42633972,-0.1857296,-0.12239198,0.6224072,0.7028588,0.67738837,0.7271201,0.3071193,0.33315378,0.6403374,0.36127034,0.40586677,0.40382698,0.49865472,0.5435252,0.64579386,0.7482607,0.4416582,0.6718471,0.38340223,0.50820327,0.3526989,0.6486112,0.21586314,0.2970789,0.5563001,0.58048666,0.44515133,0.31424448,0.18323849,0.30721217,0.64377755,0.667551,0.7028144,0.6510904,0.54757565,0.59002376,0.2163192,0.13630515,0.38057673,0.46573406,0.50666934,0.5969955,0.33266434,0.4479022,0.5599556,0.72210974,0.74200994,0.61192924,0.52087164,0.6548934,0.5748577,0.5271831
0.64660895,0.7603908,0.811112,0.82291406,0.31760564,0.54538244,0.745712,0.7746268,0.41323823,0.61313605,0.56583536,0.6969655,0.6869979,0.7760654,0.61992556,0.52500963,0.7654955,0.6873709,1.0,0.92381155,0.15171658,0.060533214,0.71334994,0.7859433,0.2721887,0.04064666,0.033478588,0.049629934,0.7322172,0.74191934,0.6129592,0.758891,0.8031553,0.8138046,0.55137366,0.60937184,0.5486702,0.56531143,0.5812764,0.52031755,0.42099878,0.41016415,0.6351287,0.6309301,0.37844592,0.32063136,0.6560392,0.588497,0.0033086415,-0.06392772,0.071509756,-0.11264445,0.36791497,0.23904239,0.4417576,0.44788194,0.44523966,0.5447023,0.12835535,0.045365762,0.28704083,-0.4006034,0.21147123,0.34898877,-0.13247974,-0.10251325,0.5279655,0.60644567,0.822284,0.6919059,0.15830262,0.20431459,0.68230104,0.15474412,0.23238178,0.18132326,0.44697112,0.3913803,0.71688163,0.7056651,0.6515785,0.7423709,0.52010804,0.49917984,0.45079082,0.5269203,0.368617,0.2954967,0.4887111,0.45876953,0.51825184,0.2605025,0.29331645,0.26681513,0.5746293,0.5486517,0.5779107,0.55470157,0.48124504,0.4623565,0.13060111,0.15682083,0.29443485,0.33422208,0.51291597,0.53074247,0.19736443,0.2989345,0.41986898,0.64768916,0.6370212,0.5406603,0.3878291,0.6217908,0.4908405,0.41957876
0.69243,0.83241636,0.8355796,0.84247684,0.33930403,0.5153063,0.8091027,0.82662976,0.433448,0.65490973,0.61325175,0.7550153,0.7559285,0.8279408,0.64315885,0.5243495,0.7663329,0.729281,0.92381155,1.0,0.09005586,-0.03079695,0.7386361,0.7821082,0.15802649,-0.07509496,-0.041530613,-0.01679316,0.81893,0.8297846,0.6582964,0.8039423,0.8629834,0.8692388,0.6166619,0.6957191,0.55946404,0.57484007,0.58965206,0.5216738,0.39654383,0.4100881,0.61681294,0.6893107,0.39116037,0.34874424,0.686649,0.65889263,-0.057275027,-0.14557754,0.0148066245,-0.046746556,0.27287498,0.3259681,0.44725966,0.4849413,0.47100037,0.6033622,0.11014051,0.06508428,0.2882917,-0.38107833,0.18327501,0.31603616,-0.12831412,-0.06188308,0.56510115,0.64642435,0.8637634,0.7672314,0.18581696,0.23247567,0.7246526,0.20526493,0.252016,0.18642554,0.48827428,0.4740845,0.75760573,0.79326797,0.69019514,0.77065516,0.5024719,0.5245099,0.42195106,0.57022065,0.33891234,0.30607656,0.50850207,0.5356116,0.4816052,0.3178744,0.2528792,0.24000919,0.6480115,0.6303902,0.6142203,0.63164586,0.52390456,0.52160114,0.072672896,0.17481586,0.3074288,0.34894657,0.595718,0.5883104,0.23548613,0.35260862,0.54934967,0.7393765,0.6848241,0.5743617,0.44720814,0.6822304,0.5683134,0.4918916
0.14160822,0.115551576,0.16939707,0.13339116,0.24295057,0.060820725,0.09833547,0.11226384,0.27741215,0.21370566,0.015207072,0.084434725,-0.13067643,0.124913074,0.12586781,0.32459307,0.13869755,0.26728246,0.15171658,0.09005586,1.0,0.8946221,0.08606989,0.2649615,0.13753667,0.2708501,0.092438385,-0.18432404,-0.038688906,0.08147621,0.31889558,0.14569743,0.05191141,0.20611952,0.4444323,0.35952353,0.5475527,0.5515957,0.5217551,0.4272368,0.70273685,0.51416266,0.33191517,0.37882093,0.34043577,-0.077671826,0.36725193,0.27749977,0.12429035,-0.0011271136,-0.036181327,0.07823727,0.24817786,-0.21778905,0.33815634,0.34846509,0.073627636,0.17184229,0.089734465,0.083137415,-0.15212674,0.15866397,0.0965278,0.33633116,-0.030169552,-0.059865564,0.4806363,0.51361305,0.057136025,0.1782802,0.44315127,0.40735742,0.4292996,0.54528755,0.5421376,0.6590059,0.049205687,0.29700115,0.13094002,0.0718537,-0.07400371,0.116982,0.06440954,0.01726655,0.09917094,0.13053612,0.09662315,-0.03585737,0.26112807,0.1674345,0.40811208,0.23565388,0.032414854,0.6765449,0.23080926,0.24005933,0.2691908,0.12177846,0.2279525,0.30903703,0.49882916,0.42150658,0.4217114,0.47501785,0.24073245,0.36899924,0.31844312,0.26009732,0.01657854,0.10207591,0.26856118,0.11925186,0.18721865,0.25931287,0.23340356,0.17582387
0.05669426,-0.006039654,0.08848184,0.02708052,0.14019285,0.03680623,0.0045069354,0.0058215195,0.25066406,0.17811497,-0.049932323,-0.004357337,-0.21897312,0.016539294,0.06974696,0.28021115,0.041572813,0.15326656,0.060533214,-0.03079695,0.8946221,1.0,0.03164017,0.1955348,0.16054694,0.33299753,0.09525675,-0.17415953,-0.15915397,-0.025120508,0.21661502,0.047876786,-0.105883256,0.06818188,0.31079668,0.23295319,0.44141334,0.43208924,0.4047786,0.30063304,0.6337586,0.43715265,0.28192756,0.26453978,0.239879,-0.14189461,0.24811788,0.14382695,0.16813426,0.026892044,0.0017821935,0.040572327,0.29062054,-0.32656714,0.2722232,0.2466195,0.015948318,0.05035174,0.08860897,0.04329971,-0.15391369,0.21347864,0.033436667,0.28481075,0.06462188,-0.030244106,0.3917741,0.39823377,-0.055499386,0.05697085,0.40571237,0.37641802,0.31862286,0.49939647,0.49414197,0.5932849,-0.013332279,0.22902104,0.006101524,-0.06873321,-0.14421405,0.009624238,0.025892904,-0.040722158,0.08924124,0.022069445,0.03691198,-0.07905367,0.167763,0.08870607,0.4124752,0.20612295,-0.0101270145,0.6747645,0.09283851,0.08331834,0.1513835,-0.029006401,0.13369717,0.21931078,0.45948166,0.41466877,0.36355138,0.41749504,0.11888997,0.2603768,0.22908346,0.14720197,-0.14213163,-0.052759442,0.12931752,0.026892751,0.13036385,0.15993989,0.09028685,0.05657017
0.5098059,0.58103275,0.76512134,0.6829344,0.3859094,0.503594,0.7837445,0.7215913,0.4805368,0.6071446,0.48413864,0.59739923,0.6591693,0.6653102,0.65106213,0.45379567,0.5926257,0.58967274,0.71334994,0.7386361,0.08606989,0.03164017,1.0,0.76919305,0.12260067,0.110354364,-0.18819894,-0.17961802,0.70889384,0.7359152,0.627206,0.67560035,0.72081304,0.7473496,0.38621888,0.56095374,0.45173812,0.33690766,0.42738512,0.29099137,0.2378182,0.2111969,0.39541963,0.45828912,0.22946127,0.09894753,0.47709996,0.46803635,-0.045598112,-0.13680598,-0.019437693,-0.12802564,0.11692447,0.24578583,0.24637976,0.2690744,0.2287606,0.34689474,-0.10568312,-0.04437739,0.1338906,-0.36596227,-0.13427775,-0.03239063,-0.18147457,0.0012212865,0.34728262,0.46953896,0.5748461,0.6306939,0.19571556,0.21617597,0.6337663,0.21513917,0.2536316,0.17550752,0.37718618,0.43986574,0.6913421,0.5850808,0.5494972,0.55199355,0.59222513,0.51795465,0.23930882,0.42197904,0.26768327,0.3365261,0.2894417,0.36448663,0.47608152,0.33100817,0.18213181,0.25463784,0.53047967,0.46354732,0.45429575,0.48790228,0.25177443,0.31266072,-0.008847564,0.24747601,0.27716118,0.34591103,0.5238371,0.5234548,0.105049446,0.24690731,0.45707017,0.6154676,0.5393948,0.3671359,0.37896326,0.5696563,0.41304013,0.36876863
0.43966618,0.69287384,0.8660931,0.84797984,0.5589869,0.55402803,0.6694905,0.8077147,0.58788097,0.63062954,0.34959325,0.63846195,0.4965264,0.768959,0.65053016,0.65989417,0.6183736,0.715655,0.7859433,0.7821082,0.2649615,0.1955348,0.76919305,1.0,0.29257584,0.3433316,-0.031226791,-0.07525112,0.6776235,0.69750196,0.6942053,0.7112122,0.7386765,0.7988181,0.54610634,0.6627108,0.68028194,0.6069863,0.67738694,0.55584294,0.48898658,0.47395083,0.6235202,0.6368855,0.3388598,0.1792969,0.65245485,0.652694,0.034838732,0.0020566527,0.045641355,-0.10394868,0.27655244,0.14684272,0.51790035,0.51030713,0.22005792,0.58254284,-0.08336633,-0.018301126,0.119494304,-0.35707048,-0.0013360559,0.30198476,-0.27378914,-0.10061203,0.42325038,0.6212309,0.6332477,0.6185687,0.31321514,0.37649962,0.6845143,0.33892098,0.44822443,0.37195194,0.4698759,0.51412314,0.65032315,0.6197041,0.42038777,0.6427342,0.47888216,0.6517155,0.2841204,0.61207235,0.29361275,0.4551301,0.5382022,0.35744295,0.5841014,0.33279037,0.16369206,0.3194438,0.63275015,0.59658605,0.65824014,0.61073214,0.49278694,0.50039685,0.14515851,0.20377974,0.40287033,0.4122773,0.5064694,0.5434723,0.33624226,0.41089118,0.46785888,0.68484807,0.6921774,0.5170465,0.4235959,0.5779659,0.5022494,0.48568988
0.008877616,0.099818,0.18575388,0.19525126,0.09087401,0.5426526,-0.0034340797,0.10841719,-0.045120563,-0.007447616,0.09196726,0.14699546,-0.048316237,0.15294118,0.13976116,0.13119122,0.1954566,0.23066369,0.2721887,0.15802649,0.13753667,0.16054694,0.12260067,0.29257584,1.0,0.6472722,0.6125767,0.60474104,-0.031871345,0.016289223,-0.105652764,0.039449964,0.11076334,0.20774746,0.054373812,0.07477508,0.07540074,0.13982113,0.17748754,0.39314148,0.1883669,0.13802563,0.36840352,0.2698749,0.0474555,0.012638387,0.31701827,0.31322965,0.11227763,0.014844267,0.16410919,-0.17962521,0.16368403,-0.08563228,0.20564285,0.20538355,-0.09903493,0.16638361,0.0124110095,-0.14786156,-0.17141275,-0.16369988,0.0143401725,0.18837556,-0.12105314,-0.045144428,0.0854616,0.20625114,0.15496668,0.037164573,-0.2609666,-0.23293407,-0.008257127,-0.23387563,-0.1483135,-0.014161771,-0.03712972,-0.28044987,0.027864397,0.11453245,-0.061459195,0.22148675,0.13465808,0.31393856,0.044440538,0.2847337,0.14080317,0.38893804,0.058565482,0.02505485,0.16382223,-0.20335592,0.15208836,0.19062757,0.1427413,0.18184768,0.26689002,0.21074785,0.16623865,0.1613416,0.30371523,0.066510275,0.1883001,0.2078108,0.006922504,0.24043083,0.15899041,0.12220208,-0.07843697,0.19721764,0.37321848,0.3728179,0.15974483,0.14066799,0.09924811,0.078903176
-0.291201,-0.09039249,0.11279144,0.1293574,0.2814005,0.34974125,-0.1745244,0.040061265,0.18911625,0.047735013,-0.31031513,-0.08199824,-0.322062,0.027409084,0.12759364,0.3095128,-0.08956218,0.0843216,0.04064666,-0.07509496,0.2708501,0.33299753,0.110354364,0.3433316,0.6472722,1.0,0.25400552,0.14785047,-0.1755627,-0.13789171,0.015980236,-0.086612865,-0.02576371,0.08255336,-0.010378511,0.041310847,0.1919018,0.13253109,0.23490322,0.31063104,0.21586505,0.1500922,0.22036174,0.09338581,-0.0714188,-0.16009209,0.15442939,0.17078634,0.0647543,0.19781514,0.11117661,-0.12555347,0.11514782,-0.18871795,0.19964315,0.14253196,-0.33704177,0.12857583,-0.16989127,-0.29554987,-0.36416882,-0.08887029,-0.16253665,0.1420402,-0.25549468,0.012588953,-0.12435992,0.05840678,-0.13670762,-0.1428557,-0.01759434,0.045095667,-0.060603805,-0.0024043743,0.10647189,0.20603216,-0.031372104,-0.089604065,-0.11417871,-0.14065945,-0.32070395,-0.008287857,0.11680991,0.37173218,-0.10586974,0.26760435,-0.016668625,0.4219921,0.07351845,-0.15194064,0.29755995,-0.03245758,-0.058784798,0.2154894,0.12600116,0.1014015,0.20667094,0.16355199,0.031175341,0.06237581,0.19646333,0.15182126,0.218471,0.22232625,-0.07870822,0.03620232,0.17765595,0.11330319,-0.08477497,0.080481045,0.22389497,0.18765701,0.12076952,-0.009246139,0.013556573,0.06330573
-0.024818314,-0.02830213,-0.08768102,-0.05317355,0.04043857,0.39904717,-0.22218722,-0.17665108,-0.21474583,-0.31720224,0.12229847,0.03709888,-0.16891007,-0.095088385,-0.0709848,-0.05758543,0.097906,0.049937263,0.033478588,-0.041530613,0.092438385,0.09525675,-0.18819894,-0.031226791,0.6125767,0.25400552,1.0,0.85924953,-0.15393427,-0.15083735,-0.37845755,-0.19836374,-0.11271708,-0.055806812,-0.040522475,-0.07642057,-0.07880869,0.05223448,0.05516833,0.33841443,0.1958174,0.20207731,0.20527816,0.17896162,0.057876933,0.07921529,0.18856531,0.1766264,0.110031016,0.09841774,-0.03824462,-0.09977122,0.0961312,-0.02204133,0.13317272,0.12606467,-0.029928997,0.0012422287,0.14583191,0.12148564,-0.06892004,-0.108728826,0.019666756,0.13132922,0.026174398,0.033462226,0.15670538,0.15534826,0.088719636,-0.067043215,-0.26641244,-0.30213356,-0.12274899,-0.216768,-0.17037195,-0.04901979,-0.10970329,-0.3712378,-0.14404014,0.042174045,-0.1634356,0.047286086,-0.064684115,-0.024693394,-0.046103243,0.0103893615,0.08805422,0.20655945,0.023852551,-0.04365422,-0.12077852,-0.422294,0.11796835,-0.0005045547,-0.03407571,0.045322906,0.06315599,0.012801061,0.05638528,0.058819015,0.27010646,-0.13957934,0.104696184,0.10473156,-0.13669364,0.18961608,0.12404042,0.070875525,-0.16114159,0.0327412,0.19044867,0.1940539,0.023562478,-0.0329562,-0.020838544,-0.021506421
-0.01184648,-0.048362594,-0.11331749,-0.06969464,-0.075330965,0.3909244,-0.19232379,-0.17021257,-0.27466717,-0.31959978,0.18175541,0.044115275,-0.064715646,-0.08207875,-0.04684257,-0.1500644,0.12185377,0.0034730483,0.049629934,-0.01679316,-0.18432404,-0.17415953,-0.17961802,-0.07525112,0.60474104,0.14785047,0.85924953,1.0,-0.0997745,-0.12410642,-0.4693888,-0.22021466,-0.106841385,-0.09630167,-0.15989868,-0.17394489,-0.21629047,-0.09932908,-0.112035275,0.18845937,-0.05094191,0.012520569,0.13813432,0.076111265,-0.04534879,0.124149285,0.10551389,0.11661132,0.12819733,0.096642636,0.122961976,-0.18585984,0.05033013,0.05901643,0.04794691,0.032716285,-0.0014627558,-0.07043343,0.11651695,0.04977377,0.023770168,-0.15423954,0.044224944,0.060861856,0.085670516,0.015241058,0.017201062,0.0040699383,0.07848293,-0.11109497,-0.41109267,-0.44856724,-0.21729259,-0.38539955,-0.34513494,-0.28282392,-0.13061254,-0.4823331,-0.13858458,0.05448627,-0.062164195,0.09590287,-0.06092632,0.023927266,-0.013648188,0.010677172,0.09635829,0.18014383,-0.0732688,-0.06953208,-0.17529805,-0.4568201,0.14728643,-0.19820394,-0.074254595,0.015620874,0.01615389,0.00492944,0.021168228,-0.0059452294,0.13396885,-0.27507117,0.0020488987,-0.034634843,-0.15754385,0.12992536,0.045510523,0.03483193,-0.14761834,0.03026098,0.14912316,0.19935204,0.017347073,-0.061345987,-0.046830025,-0.0033204884
0.6064641,0.7431018,0.77220136,0.7795164,0.41014928,0.46168724,0.76305324,0.7623729,0.51457155,0.66250044,0.616187,0.76880985,0.80550545,0.82967895,0.679979,0.5326202,0.70788133,0.7120981,0.7322172,0.81893,-0.038688906,-0.15915397,0.70889384,0.6776235,-0.031871345,-0.1755627,-0.15393427,-0.0997745,1.0,0.90469795,0.6618824,0.7639116,0.7856858,0.7372659,0.4833881,0.60625005,0.5286016,0.47615692,0.54252315,0.4271834,0.27274495,0.34044728,0.51988053,0.59914076,0.3420015,0.27671587,0.5919675,0.5951275,-0.13472262,-0.15188353,-0.07148216,-0.011618505,0.149072,0.36093327,0.460358,0.46161392,0.43447995,0.50834376,-0.03223463,-0.0029978878,0.36547542,-0.25998902,0.076633506,0.14809152,-0.19232373,-0.11305513,0.46393573,0.5128207,0.7687942,0.7110444,0.32674637,0.36679682,0.7521687,0.3271356,0.31895754,0.17239864,0.6440901,0.56407344,0.7635122,0.8052453,0.7235058,0.7448743,0.47284606,0.5392634,0.33048782,0.55024683,0.3306928,0.29330263,0.5240162,0.59454614,0.3011016,0.33517113,0.16346385,0.07610885,0.64775234,0.62174314,0.6165155,0.64824337,0.44078,0.46516883,-0.024108483,0.0061076274,0.22412144,0.2785215,0.5472832,0.51088685,0.23152821,0.37588626,0.6978976,0.7166128,0.592391,0.506414,0.44169688,0.6166862,0.52875113,0.49270046
0.6355757,0.7421997,0.78103775,0.7886514,0.39239812,0.4601872,0.76430416,0.77088207,0.5472989,0.7225013,0.6136509,0.7615792,0.75383765,0.8172827,0.7060818,0.594234,0.69230545,0.7353678,0.74191934,0.8297846,0.08147621,-0.025120508,0.7359152,0.69750196,0.016289223,-0.13789171,-0.15083735,-0.12410642,0.90469795,1.0,0.7004218,0.7872423,0.8113589,0.792758,0.5690428,0.69410205,0.5578486,0.55721045,0.5761477,0.4822938,0.36289185,0.41205403,0.547493,0.6518552,0.35063726,0.257499,0.64547116,0.6476893,-0.08290799,-0.16291252,-0.08240075,-0.044935204,0.11627667,0.3768759,0.49021938,0.5189593,0.44480714,0.50330347,-0.023490692,0.012030274,0.31217545,-0.25095096,0.08457187,0.15705137,-0.17560285,-0.08296685,0.51555306,0.583753,0.7656338,0.72147727,0.40064088,0.44030657,0.7994994,0.43812862,0.36344388,0.27199438,0.61281914,0.63161755,0.74859256,0.8086861,0.6763132,0.74496377,0.4874958,0.5552854,0.34566692,0.54157364,0.27286106,0.26628533,0.48217443,0.59800404,0.40699124,0.41229352,0.13662273,0.2109161,0.69758433,0.66651994,0.654023,0.67228246,0.47781983,0.5490486,-0.0048342342,0.13301928,0.30668977,0.35712904,0.6078497,0.5794063,0.2683337,0.40835616,0.7004745,0.7391829,0.6299982,0.5513638,0.5415923,0.70961565,0.6192074,0.59087694
0.4212769,0.6161664,0.735994,0.740291,0.49699485,0.2299723,0.6277699,0.73683023,0.60647625,0.67084605,0.25760162,0.5496787,0.47342837,0.6962583,0.55152774,0.60155714,0.41376865,0.5573918,0.6129592,0.6582964,0.31889558,0.21661502,0.627206,0.6942053,-0.105652764,0.015980236,-0.37845755,-0.4693888,0.6618824,0.7004218,1.0,0.84350115,0.66748035,0.6742557,0.55724627,0.62889314,0.6667109,0.62464434,0.6588873,0.4267601,0.46695367,0.47393405,0.47407854,0.5318919,0.3482914,0.12778941,0.51297885,0.5090003,-0.13137022,0.02084242,-0.10731157,-0.014119266,0.19489968,0.13205504,0.4860514,0.497018,0.3131264,0.48395312,0.04714225,-0.05403004,0.1641545,-0.105175935,0.097016096,0.2541717,-0.30383304,-0.104137786,0.4838881,0.54336077,0.568689,0.5770667,0.5930883,0.66092676,0.74473834,0.57565856,0.5514684,0.52997506,0.57328254,0.76643115,0.5907073,0.52475464,0.46492386,0.47127035,0.38377482,0.4073519,0.23238638,0.43494403,0.20940366,0.1451417,0.51995575,0.492102,0.4121782,0.5235597,-0.05238094,0.32251626,0.5967326,0.5367204,0.58967507,0.5350505,0.48108917,0.4988334,0.04296876,0.24924007,0.3343084,0.36986476,0.5540913,0.41843668,0.35778058,0.41080478,0.572583,0.5555118,0.47995457,0.38001698,0.41605425,0.5678696,0.5274601,0.47522652
