1.0,0.6750869,0.74202466,0.60633,0.06523232,-0.3226474,0.81510836,0.52767694,0.17429546,-0.21746238,0.66204906,0.45813745,0.7570476,0.44405025,0.38184917,0.105308205,0.59831166,0.43826914,0.71012604,0.7556755,0.357447,-0.06435912,0.6024753,0.4859304,-0.1709704,-0.07313771,-0.05928903,0.040014766,0.6148145,0.5733935,0.2660898,0.13840146,0.6185768,0.55544376,0.3535879,0.18800348,0.38048065,0.23319775,0.2927754,0.28182977,0.52581745,0.014246212,0.5590493,0.46743876,0.0022645204,0.13604735,0.6105185,0.4054143,0.18015836,0.30304396,0.09611287,-0.08118635,0.08543163,0.01840309,0.5530488,0.2858407,0.79211825,0.44465426,0.124995895,-0.09121681,0.37447587,-0.15950198,0.43545043,0.15600409,0.14263144,-0.07695379,0.46931502,0.50605863,0.4110321,0.46485496,0.3599516,0.4201017,0.42483544,0.46753442,0.46534377,0.31533352,0.26013404,0.3002048,0.38748935,0.44061163,0.76069236,0.30425733,0.6323097,0.17748652,0.6508149,0.12508304,0.24891031,-0.12000691,0.5180197,0.1619417,0.3574952,0.21339098,-0.18444668,0.32110336,0.31442294,0.290786,0.47668,0.4241084,0.5426641,0.5126801,0.22140081,0.0025764566,0.14652963,0.35524762,0.43922862,0.45975456,0.37873068,0.3896644,0.41248208,0.23318747,0.52658504,0.44177213,-0.07097307,0.03864737,0.19177331,0.47961515
0.6750869,1.0,0.7000964,0.77433217,0.17643015,-0.1375689,0.74125195,0.7747839,0.16843432,-0.042428184,0.49730143,0.69938225,0.5683402,0.6391988,0.39881086,0.1954668,0.50926614,0.5955025,0.7733323,0.73572326,0.350111,0.019571794,0.49871856,0.6354723,-0.12672372,0.08120269,-0.0058834828,0.07191323,0.6361252,0.538165,0.27273947,0.28821412,0.5549734,0.5837221,0.3471098,0.3217708,0.28837803,0.21238275,0.34476188,0.30063444,0.5459426,0.089943424,0.42717716,0.42289212,-0.06586832,0.21412116,0.4981881,0.22968116,0.12200012,0.19974738,0.25321582,-0.10701499,-0.083857015,-0.09755722,0.43936723,0.2841228,0.5829161,0.74087703,-0.017219357,-0.03551758,0.17884986,-0.16258784,0.07951134,0.37661347,-0.0680118,-0.079048105,0.47588873,0.44684318,0.40498683,0.4317336,0.45225868,0.5257243,0.59433675,0.45495862,0.4827799,0.43767887,0.26306587,0.26426747,0.45878184,0.5237277,0.5097076,0.61205363,0.32173383,0.39091834,0.19143735,0.36297548,0.12142442,0.17152998,0.23125234,0.38742512,0.07409902,0.18468535,0.056834374,0.19397202,0.43698862,0.3421382,0.510236,0.44550234,0.33917287,0.4155954,0.0913791,-0.09630984,-0.0025159337,0.24265362,0.1988229,0.29514173,0.33385035,0.27036887,0.44670057,0.38086078,0.5084328,0.19681096,-0.0747552,-0.15898627,-0.0029421754,0.3051155
0.74202466,0.7000964,1.0,0.80509174,0.37178138,-0.087036386,0.8709418,0.77705365,0.3625707,0.047659036,0.58339363,0.6895832,0.8390942,0.7174203,0.64163595,0.3739142,0.752874,0.68881756,0.8141356,0.8096905,0.4761391,0.08354901,0.76488364,0.76247,-0.011339138,0.19970377,-0.004768817,0.09041811,0.81610096,0.745039,0.5551135,0.45841476,0.7478138,0.77140635,0.5142682,0.51332724,0.5251318,0.3593265,0.5126517,0.46800923,0.69826365,0.13476428,0.4611604,0.44027793,-0.110753186,0.15396637,0.67625034,0.44922352,0.26597586,0.3124523,0.2653023,-0.14281097,-0.14605847,-0.17431095,0.65182126,0.47459128,0.64788926,0.48453227,-0.034997854,-0.09629082,0.25653312,-0.23326994,0.17445469,0.2995814,-0.017029865,-0.1406365,0.6105168,0.56700015,0.44758004,0.4607502,0.63908803,0.66245013,0.69819236,0.6499851,0.688485,0.59168464,0.4408473,0.43570945,0.5814244,0.60066897,0.74720836,0.5454622,0.66893464,0.48721576,0.47167522,0.30800658,0.42858925,0.20964353,0.47778627,0.50696844,0.28779635,0.24378885,-0.09896196,0.31073388,0.53009254,0.45125955,0.6947396,0.61590135,0.5658537,0.5676526,0.11981607,-0.026600193,0.041617647,0.35619107,0.43158567,0.36894217,0.47422892,0.5081617,0.5566896,0.4108059,0.7075911,0.28779012,-0.13984695,-0.068147205,0.1647102,0.51112217
0.60633,0.77433217,0.80509174,1.0,0.3870813,0.029332155,0.77328634,0.8641288,0.2821759,0.16438405,0.47863492,0.75095844,0.6632169,0.7851231,0.56071365,0.3674023,0.62876725,0.699557,0.81427073,0.74665856,0.4469554,0.1520646,0.6892589,0.82769513,0.024916645,0.33738762,0.05134606,0.104774155,0.7529453,0.6378324,0.5272265,0.5053705,0.6388269,0.7104542,0.41912988,0.4569215,0.40281463,0.31423426,0.44095382,0.38653317,0.6457895,0.12045265,0.3803575,0.3605189,-0.1122143,0.20195849,0.5669867,0.31531587,0.15889868,0.25089607,0.31579736,-0.15728782,-0.17957291,-0.14559081,0.51634157,0.38880092,0.5346969,0.641687,-0.096921355,-0.1832997,0.14922777,-0.21032792,0.06420998,0.46774697,-0.1529593,-0.04223372,0.5501331,0.5017655,0.4425577,0.38178676,0.6584258,0.72773737,0.7152144,0.59349835,0.6754068,0.63242203,0.42558068,0.40673232,0.5901413,0.5560048,0.5925675,0.6851046,0.44374168,0.58772427,0.2779163,0.5560727,0.28832915,0.36436042,0.2874847,0.54643154,0.214595,0.24076289,0.042660773,0.17861558,0.5000162,0.36530432,0.6223328,0.52857155,0.47684434,0.50837964,0.10980183,-0.106249966,0.03732844,0.32331795,0.275499,0.35471463,0.41024148,0.393354,0.5059492,0.41213474,0.649248,0.2919215,-0.066545345,-0.08011413,0.11822616,0.44034255
0.06523232,0.17643015,0.37178138,0.3870813,1.0,0.15463029,0.20288414,0.41316673,0.6927831,0.31116146,-0.021098608,0.33805323,0.3023393,0.4892495,0.5725431,0.6362151,0.28399482,0.40074378,0.29549214,0.26098362,0.36386406,0.25590062,0.45057344,0.44730318,0.39749056,0.49050546,0.24773118,0.24043995,0.40383968,0.44774753,0.56878275,0.363299,0.24826485,0.2988269,0.19541456,0.14853136,0.2960921,0.2553938,0.47032318,0.43081135,0.35521087,0.2883491,0.0061926907,0.099882856,-0.036836144,-0.017011762,0.20940742,0.31426358,0.1533444,0.25555882,0.015363367,-0.025279226,-0.2824202,-0.23713431,0.36020577,0.5659952,-0.14418092,0.11040577,-0.12594432,-0.19050576,-0.09623892,-0.21241939,-0.25726217,0.29431134,-0.105438344,-0.13855611,0.24553569,0.19014518,0.27910933,0.10497768,0.3219469,0.4355134,0.29388267,0.22746274,0.26458645,0.39475724,0.18138169,0.06321877,0.2600022,0.3463965,0.17211193,0.4296535,0.43596697,0.531536,0.05319921,0.43232933,0.5339658,0.4205197,0.33153933,0.60930955,0.046975784,0.08207491,-0.09493172,-0.09554831,0.3941565,0.4360936,0.5067385,0.5621983,0.29825786,0.36672246,-0.11045275,-0.0664957,-0.2719075,0.08448987,0.15005007,0.041902497,0.39425713,0.4932848,0.30761132,0.39704263,0.5115666,0.13703695,-0.2006921,-0.11753281,0.1718356,0.29371488
-0.3226474,-0.1375689,-0.087036386,0.029332155,0.15463029,1.0,-0.10408001,0.05918966,0.18016134,0.8300668,-0.032457843,0.06488415,-0.11331766,0.032178756,0.32426783,0.3000438,-0.0055214604,0.09442985,0.015808566,-0.2109146,0.09343265,0.4842094,0.0007147708,0.19951591,0.5182549,0.59123373,0.10918514,0.18970142,0.009691811,-0.11522698,0.15681651,0.5347076,-0.33359966,-0.16965002,-0.1997908,0.023959262,-0.22545755,-0.11818011,0.023241624,-0.18120942,-0.16355574,0.25002244,-0.1254425,-0.23605926,-0.14774425,0.3085519,-0.12917763,-0.22458778,0.034481775,-0.13986044,0.36028332,0.06416906,-0.13610658,-0.20419276,-0.106031366,0.029098297,-0.3528836,-0.25548548,-0.4196216,-0.008243995,-0.5748134,-0.1330968,-0.5306523,0.04340807,-0.37029177,-0.010323319,-0.030781463,-0.29059356,0.020440409,-0.22387432,0.07398052,0.043139614,0.13910733,-0.07652769,-0.0042252042,0.10013296,-0.043827746,-0.09687639,0.116978064,-0.0604823,-0.30932358,-0.027663264,-0.18744932,0.4345081,-0.3746436,0.20399469,0.1473916,0.48381245,-0.13529293,0.46221095,-0.24791309,0.07939163,0.2743273,-0.150287,0.12428153,-0.05394899,0.013564834,-0.086223364,-0.23832498,-0.3096158,-0.08909597,-0.40014344,0.027682532,-0.3651163,-0.3276526,-0.3228827,-0.04708045,-0.13511899,-0.02995819,-0.044723302,-0.079217926,-0.43835586,-0.080253996,-0.049359675,-0.12786165,-0.07578223
0.81510836,0.74125195,0.8709418,0.77328634,0.20288414,-0.10408001,1.0,0.73781574,0.22591859,-0.0017029201,0.6560914,0.632835,0.8018405,0.6365071,0.5108741,0.21013762,0.68117213,0.5908401,0.8214582,0.78435135,0.45594338,0.03229121,0.71638745,0.6843344,-0.091565534,0.09876252,0.0025721877,0.073454484,0.7268234,0.6466072,0.42671344,0.37668994,0.7024425,0.7183518,0.40132862,0.39812866,0.39426202,0.23197368,0.3505109,0.3119459,0.61807233,0.045692556,0.45317027,0.3835018,-0.057882387,0.17933045,0.61387074,0.3136308,0.23330681,0.22286862,0.28424537,-0.029246284,-0.11020382,-0.12661058,0.55151993,0.31388965,0.7420954,0.48241097,-0.031777646,-0.09477481,0.29817745,-0.23485127,0.24205215,0.21324705,0.021563789,-0.0783282,0.5248954,0.45395827,0.3383645,0.43948248,0.5518756,0.5703338,0.6219623,0.5730945,0.60744506,0.4755765,0.33205774,0.368198,0.5235372,0.5209325,0.7242142,0.4369946,0.59359604,0.35766461,0.50345445,0.22330137,0.31198934,0.09126724,0.40392068,0.34781516,0.28971756,0.22806586,-0.083706476,0.29495215,0.4347026,0.28901213,0.56781685,0.45910427,0.51184654,0.47291735,0.19037426,-0.040663265,0.13593008,0.35651305,0.38780078,0.39876083,0.41889405,0.36810738,0.46643472,0.3190189,0.58561456,0.29898134,-0.06062393,-0.07569663,0.08656545,0.46765026
0.52767694,0.7747839,0.77705365,0.8641288,0.41316673,0.05918966,0.73781574,1.0,0.35169303,0.19592804,0.4057676,0.83231753,0.627147,0.81758124,0.5578575,0.39653003,0.62850446,0.7845849,0.7648568,0.6638274,0.45362076,0.09902496,0.68653566,0.763014,0.021055505,0.2953886,-0.0048365057,0.12259232,0.7215548,0.67671156,0.5394055,0.5310506,0.5972358,0.6905472,0.47612625,0.5633727,0.408845,0.35995233,0.49473968,0.43974334,0.5807194,0.16874717,0.29310602,0.31784287,-0.030734418,0.23663051,0.55231804,0.2931714,0.20517735,0.16795905,0.36543038,-0.057039965,-0.29075217,-0.18498716,0.527365,0.42604512,0.41406986,0.6379511,-0.17095369,-0.064627185,0.0391201,-0.19278918,-0.047468375,0.42658746,-0.11848235,-0.06407397,0.5469232,0.4530884,0.39741677,0.4095596,0.6997387,0.7583054,0.746829,0.64297116,0.59564865,0.60893166,0.4567024,0.44792446,0.611191,0.6388653,0.49239284,0.74102354,0.35025477,0.54567724,0.14433336,0.46070644,0.27858457,0.29359078,0.29474658,0.579531,0.05442125,0.15341868,0.03778854,0.2580309,0.5916148,0.3975248,0.6660765,0.57641995,0.42681566,0.47465143,0.09597115,-0.12756658,-0.039340425,0.23066698,0.18826039,0.23783708,0.40698513,0.3933685,0.555367,0.5278271,0.6761622,0.18193641,0.000282172,-0.13270617,0.018262677,0.3708372
0.17429546,0.16843432,0.3625707,0.2821759,0.6927831,0.18016134,0.22591859,0.35169303,1.0,0.36578396,0.11146382,0.32735676,0.39760628,0.37988392,0.64229494,0.7093132,0.30360204,0.43092242,0.29555854,0.2801122,0.47778782,0.34530073,0.42599532,0.34894058,0.29983613,0.31988332,0.24921335,0.28052807,0.42412525,0.472744,0.5577328,0.41537285,0.18196408,0.23166628,0.26802272,0.13724494,0.33453074,0.3684692,0.5901568,0.48281553,0.32994092,0.45426178,0.08240808,0.14867088,-0.06411972,-0.02197734,0.28334787,0.36501944,0.16208872,0.21919976,-0.023879962,0.059570473,-0.14268218,-0.19455144,0.458796,0.62947875,-0.048544463,0.020845521,-0.16866033,-0.06719227,-0.11534725,-0.11463198,-0.185341,0.14781952,0.069434434,-0.17241041,0.29817778,0.21152554,0.33798444,0.09987485,0.27417338,0.3806305,0.27709067,0.28272375,0.1509392,0.376011,0.24130504,0.13192186,0.23635204,0.39130744,0.2204913,0.3348291,0.40967432,0.40428525,0.15352426,0.14202957,0.58632404,0.1659709,0.56989795,0.51429754,-0.021408299,-0.016807992,-0.1121714,-0.015008821,0.4149767,0.5167429,0.5304104,0.5772389,0.223791,0.27629706,0.004278303,-0.3123511,-0.32641512,-0.10316136,0.056601644,-0.07299971,0.33145353,0.45837963,0.4232213,0.44122767,0.46523827,0.030152414,-0.18854797,-0.020310083,0.22661202,0.39960128
-0.21746238,-0.042428184,0.047659036,0.16438405,0.31116146,0.8300668,-0.0017029201,0.19592804,0.36578396,1.0,0.0371133,0.1566733,0.006708874,0.17351136,0.39963394,0.46649712,0.0888167,0.23009403,0.10817652,-0.10689975,0.24178602,0.52761877,0.16817021,0.25937974,0.52381533,0.6025877,0.17255616,0.22655264,0.112962775,0.02539513,0.37989187,0.64667374,-0.23094767,-0.08171385,-0.061348964,0.08890795,-0.062617354,0.047666196,0.22039993,-0.02044623,-0.083056286,0.34138042,-0.08461826,-0.16766877,-0.14102475,0.27710974,-0.0047059064,-0.10116865,0.046831246,-0.05157861,0.35454938,0.021376522,-0.21994467,-0.1741014,0.046532925,0.21425745,-0.3342699,-0.16078241,-0.35041222,-0.006816405,-0.53647137,-0.068379365,-0.5419564,0.06808068,-0.31355375,-0.114117995,0.09571037,-0.16338068,0.21200423,-0.09873744,0.20654325,0.21914591,0.2203988,0.03857852,0.08518986,0.22280979,0.105093226,0.029890323,0.21717536,0.11862004,-0.17768943,0.09467969,-0.108224526,0.43507934,-0.2635513,0.22074153,0.3070118,0.41957623,0.04326916,0.5432273,-0.24991536,-0.029179253,0.22777475,-0.16562015,0.29300284,0.08391245,0.18224688,0.072960675,-0.120535575,-0.20547682,-0.07946385,-0.45628968,-0.0660687,-0.40182647,-0.30674705,-0.2568123,0.08415925,0.059894633,0.13908578,0.124390274,0.09898724,-0.3318202,-0.111608595,0.05102948,0.031185914,0.12916176
0.66204906,0.49730143,0.58339363,0.47863492,-0.021098608,-0.032457843,0.6560914,0.4057676,0.11146382,0.0371133,1.0,0.38633302,0.73824775,0.34431344,0.42168787,0.10262707,0.61706156,0.45098555,0.5174367,0.50893396,0.28929517,0.08069358,0.5434759,0.47636315,-0.047181174,0.052131616,-0.12206408,0.0034537788,0.64081895,0.45017514,0.19457135,0.19459333,0.40937456,0.3927376,0.13678625,0.17936864,0.28979,0.16388248,0.33113265,0.18562822,0.38706392,0.14080183,0.41517866,0.4235481,0.020727582,0.2458494,0.4593907,0.22841881,0.3528527,0.25852725,0.24946377,-0.009697052,-0.021143746,0.0011308657,0.47845212,0.2467756,0.61422646,0.37819174,-0.027282251,0.058069848,0.040473867,-0.13885769,0.24434522,0.094648585,0.03650293,-0.03206166,0.3245408,0.43586314,0.25887236,0.31568485,0.35157025,0.30630526,0.50516504,0.4441436,0.35773903,0.19242279,0.20098695,0.22889054,0.42952782,0.3046865,0.6853633,0.2946222,0.51562333,0.27306762,0.47546637,0.13904129,0.18010047,-0.0032987413,0.37578484,0.1572046,0.12889245,0.31082052,-0.105126515,0.16585185,0.2930832,0.28642222,0.4122153,0.33175555,0.26708612,0.23318946,0.20226543,-0.17308219,0.14360377,0.22469729,0.30547214,0.2754759,0.2788213,0.26467,0.4405043,0.16045448,0.35756555,0.14075314,-0.09808163,-0.041268464,-0.06607282,0.28515553
0.45813745,0.69938225,0.6895832,0.75095844,0.33805323,0.06488415,0.632835,0.83231753,0.32735676,0.1566733,0.38633302,1.0,0.58165216,0.8212288,0.5609196,0.4655906,0.4962559,0.80769014,0.7564339,0.67961293,0.51564354,0.13579229,0.5267603,0.7276682,-0.08845565,0.21519409,0.038007475,0.19748905,0.6896889,0.69882756,0.48026833,0.51321566,0.5522667,0.655585,0.5032619,0.5347718,0.40046597,0.42793503,0.50843674,0.49128994,0.6338648,0.26609647,0.23794754,0.19904043,-0.101963095,0.21154489,0.44358644,0.2743971,0.14804496,0.12071521,0.2388028,-0.17301549,-0.26029396,-0.15908973,0.45685673,0.40328312,0.354008,0.54767185,-0.24993913,-0.06601861,-0.020753335,-0.2906602,-0.10646952,0.27323562,-0.102108516,-0.046349898,0.5042185,0.395786,0.38704982,0.21274771,0.6476298,0.6642576,0.7170293,0.71050376,0.57381344,0.6353379,0.4677285,0.47093973,0.507812,0.6313247,0.42205554,0.70474386,0.3106341,0.5573147,0.07781687,0.34488243,0.23612978,0.29616037,0.27452162,0.5228685,-0.08491819,0.156329,0.06149166,0.22837473,0.51795846,0.47477794,0.635181,0.57748985,0.29074523,0.34882277,0.08430946,-0.19715035,-0.20123342,0.10619925,0.065150976,0.101046674,0.27203527,0.29836798,0.5875185,0.51553434,0.64753217,0.020712312,-0.057332322,-0.16917968,-0.08671354,0.25768265
0.7570476,0.5683402,0.8390942,0.6632169,0.3023393,-0.11331766,0.8018405,0.627147,0.39760628,0.006708874,0.73824775,0.58165216,1.0,0.6188553,0.64388794,0.37583393,0.7917138,0.6356716,0.70762575,0.7450899,0.5101611,0.076955564,0.74024683,0.6665332,-0.049645495,0.11771523,-0.055394363,0.14671402,0.85035294,0.76067066,0.4675011,0.37199584,0.6803593,0.69355303,0.42719832,0.40439746,0.60794854,0.4460568,0.5529305,0.49700052,0.6684701,0.21441175,0.5075787,0.4798364,-0.020292288,0.07458203,0.6597174,0.50429124,0.31293634,0.3333439,0.13331245,-0.09192445,-0.047710825,-0.06791017,0.72464913,0.5105113,0.6460092,0.37243393,0.032615215,-0.1340566,0.22569123,-0.1981735,0.30584192,0.1950552,0.13037278,-0.104647316,0.55530334,0.58321154,0.40461877,0.44781965,0.60366976,0.5965218,0.6510078,0.6622019,0.60273,0.4716805,0.42429194,0.43138015,0.59224546,0.581285,0.8283574,0.4769585,0.7587296,0.42063755,0.61937237,0.20569691,0.36211053,0.10916298,0.6139603,0.36155328,0.27718595,0.257529,-0.18809687,0.30404902,0.47703743,0.514815,0.69507617,0.633219,0.5569205,0.5366579,0.23493628,-0.04314267,0.08514478,0.3704722,0.4898856,0.403634,0.42870778,0.50457466,0.61614597,0.40018362,0.67758936,0.31416112,-0.14846225,-0.110906586,0.13596688,0.48203984
0.44405025,0.6391988,0.7174203,0.7851231,0.4892495,0.032178756,0.6365071,0.81758124,0.37988392,0.17351136,0.34431344,0.8212288,0.6188553,1.0,0.58801043,0.56577206,0.58275974,0.79742813,0.6944119,0.61988115,0.55282414,0.13830091,0.6237971,0.7852648,-0.030910846,0.26667652,0.045743506,0.23768257,0.7412701,0.7643825,0.53040665,0.53908396,0.6432798,0.71986324,0.5609032,0.604595,0.5233843,0.4849434,0.6073295,0.5932843,0.7128671,0.32134366,0.17968586,0.2282205,-0.07342814,0.10667178,0.47557303,0.36992145,0.17865331,0.23973565,0.19888996,-0.15380748,-0.32970682,-0.12556042,0.5107423,0.49227566,0.30325973,0.5139204,-0.19084612,-0.16324142,0.060489006,-0.2813816,-0.07162248,0.31192115,-0.08860879,-0.13626431,0.5350968,0.45028257,0.41922304,0.24413139,0.7069306,0.7629953,0.7249652,0.7217045,0.6726128,0.7135299,0.48523417,0.43417746,0.54179174,0.692518,0.48607805,0.7770272,0.40909606,0.5713233,0.1572084,0.4827939,0.28319353,0.36246938,0.30536965,0.56412363,-0.023955755,0.22285733,0.0102729155,0.14939013,0.62720627,0.5534815,0.7277594,0.6672201,0.41070732,0.43384865,0.041195482,-0.07225093,-0.16849081,0.19220878,0.18695506,0.1866944,0.34610608,0.3888178,0.61492115,0.61127025,0.7410441,0.16778564,-0.18825111,-0.22384018,0.01534029,0.29873958
0.38184917,0.39881086,0.64163595,0.56071365,0.5725431,0.32426783,0.5108741,0.5578575,0.64229494,0.39963394,0.42168787,0.5609196,0.64388794,0.58801043,1.0,0.65000874,0.5940586,0.6602789,0.55558807,0.51848984,0.42696607,0.30806458,0.56187725,0.70118606,0.29046017,0.41808084,0.08650298,0.12638669,0.7449623,0.6620544,0.5132869,0.55504626,0.32864192,0.42000243,0.22755118,0.3085679,0.4095795,0.31998828,0.6167388,0.45659995,0.51080674,0.36383274,0.26764455,0.2938839,-0.25050616,0.22229686,0.4183037,0.33198634,0.3232538,0.42512387,0.2660794,-0.07066812,-0.17954366,-0.2883576,0.542841,0.53209436,0.2512007,0.1755054,-0.27547225,-0.019051354,-0.15269862,-0.2948013,-0.14018421,0.20068687,-0.1569907,-0.16534474,0.4257344,0.37802863,0.34499487,0.2162638,0.493741,0.54697543,0.62273264,0.51523316,0.4893755,0.57405734,0.27222693,0.20145419,0.46261066,0.5042336,0.45915103,0.4730634,0.52733713,0.6651251,0.19729586,0.32943413,0.5622476,0.41737282,0.5082194,0.63260067,0.02413436,0.2161065,0.029616076,0.13049972,0.5135384,0.5759399,0.6300982,0.64734995,0.27510238,0.26786572,0.03258672,-0.3713353,-0.2201451,-0.014819736,0.088177904,-0.055828046,0.31845415,0.37691486,0.5732582,0.4016808,0.5625529,0.009571866,-0.23562826,-0.19034785,0.047477253,0.39259216
0.105308205,0.1954668,0.3739142,0.3674023,0.6362151,0.3000438,0.21013762,0.39653003,0.7093132,0.46649712,0.10262707,0.4655906,0.37583393,0.56577206,0.65000874,1.0,0.37289742,0.5153485,0.36338326,0.31760585,0.5782533,0.37990484,0.42183942,0.45010728,0.2211377,0.34449026,0.23884337,0.40554917,0.48708606,0.59988594,0.55924,0.6106421,0.25697356,0.34511414,0.4038025,0.28188214,0.39983833,0.46109957,0.6968877,0.5849676,0.43189296,0.6411256,0.016828906,0.017365485,-0.07337279,-0.03127838,0.2369963,0.38516265,0.036175232,0.22625466,-0.06020344,-0.11294085,-0.307809,-0.07741672,0.42682076,0.654525,-0.14303829,0.023143051,-0.20624931,-0.096642874,-0.20235182,-0.14147611,-0.25952765,0.21124507,-0.09323597,-0.20074402,0.32123864,0.20256674,0.4717149,-0.011874063,0.43501216,0.5009821,0.4154787,0.44590282,0.3009595,0.53840244,0.31967732,0.19639383,0.3238318,0.5075113,0.2238574,0.4648423,0.30532992,0.49840364,0.05883407,0.2510771,0.5233189,0.2906501,0.46739128,0.56559527,-0.15745707,-0.045268126,-0.032504138,-0.122527786,0.5320829,0.6105031,0.58087325,0.59747326,0.17102858,0.2262322,-0.040724955,-0.23648399,-0.38723075,-0.25547627,-0.10173294,-0.14620137,0.2846737,0.42653042,0.47066298,0.525921,0.5367963,-0.01849163,-0.28505737,-0.1060502,0.10304498,0.20940693
0.59831166,0.50926614,0.752874,0.62876725,0.28399482,-0.0055214604,0.68117213,0.62850446,0.30360204,0.0888167,0.61706156,0.4962559,0.7917138,0.58275974,0.5940586,0.37289742,1.0,0.60795844,0.54888695,0.5465995,0.38527638,0.03437898,0.72561896,0.6143409,0.0721475,0.2139495,-0.19168146,0.11237667,0.8013564,0.69732714,0.4341294,0.44179514,0.6155491,0.62946576,0.45273256,0.52817774,0.5632517,0.38843855,0.57233787,0.43268245,0.58637744,0.27756748,0.36149663,0.43837333,0.035228066,0.15283889,0.6207739,0.43397975,0.4259707,0.38558683,0.26884332,0.056711763,-0.14557204,-0.053916387,0.6678749,0.48335803,0.5024748,0.35855106,0.045688972,-0.013219727,0.11214695,-0.08956543,0.2614284,0.27257594,-0.044222336,-0.057980787,0.49557006,0.56570816,0.4091377,0.53334415,0.6341929,0.63685155,0.7009773,0.5848917,0.5848324,0.4641503,0.4541506,0.42536816,0.69907546,0.55706817,0.7566485,0.5139867,0.5590895,0.4003073,0.46729377,0.2825749,0.32853353,0.1430644,0.48710254,0.42914033,0.09649125,0.19980732,-0.18369792,0.18262938,0.5750332,0.4595786,0.64731234,0.58896786,0.46893585,0.46591455,0.07840232,-0.060412385,0.1070677,0.3066908,0.36175618,0.34567937,0.4214176,0.47642082,0.615734,0.42305827,0.6120525,0.26768273,-0.18073407,-0.1599162,0.026900103,0.37039545
0.43826914,0.5955025,0.68881756,0.699557,0.40074378,0.09442985,0.5908401,0.7845849,0.43092242,0.23009403,0.45098555,0.80769014,0.6356716,0.79742813,0.6602789,0.5153485,0.60795844,1.0,0.6386368,0.57191736,0.500365,0.096248664,0.60988647,0.70798755,0.011097423,0.25645018,-0.01618078,0.17873238,0.76287025,0.78413886,0.53786117,0.5063984,0.53416187,0.62508005,0.4650903,0.5895288,0.46886393,0.4524138,0.5883145,0.5179725,0.6121033,0.24236616,0.26236245,0.39060143,-0.03643461,0.23876008,0.54102147,0.4019486,0.32495442,0.22472179,0.2949923,-0.14921078,-0.2500088,-0.20776081,0.5632374,0.52551025,0.33665878,0.5096962,-0.18241157,-0.01690058,-0.035434075,-0.29482272,-0.063713074,0.28174242,-0.035117608,-0.10202573,0.5696818,0.5410806,0.42550614,0.31831884,0.7084238,0.74485743,0.72818047,0.75287354,0.5910294,0.68030363,0.46013677,0.45603958,0.5317688,0.7185207,0.4792249,0.75463,0.37198144,0.58929414,0.10420805,0.38236848,0.36639428,0.297571,0.37855452,0.58434963,-0.040787864,0.26257342,0.060025875,0.21067898,0.58127564,0.5599437,0.69803786,0.66111195,0.33230785,0.37952486,0.06854231,-0.21523629,-0.19622838,0.10212065,0.12322037,0.043353047,0.30561727,0.38267028,0.6432108,0.55809385,0.6746069,0.021240795,-0.14510931,-0.18065873,-0.069568,0.24671723
0.71012604,0.7733323,0.8141356,0.81427073,0.29549214,0.015808566,0.8214582,0.7648568,0.29555854,0.10817652,0.5174367,0.7564339,0.70762575,0.6944119,0.55558807,0.36338326,0.54888695,0.6386368,1.0,0.8684695,0.55011517,0.15891986,0.5674553,0.71857953,-0.021823851,0.22287102,0.13011804,0.14862858,0.69051105,0.61216897,0.45413876,0.44033635,0.61708534,0.68272716,0.39923742,0.3585143,0.35312933,0.26750907,0.35896608,0.34964952,0.63303775,0.12304943,0.42574346,0.31296086,-0.14852178,0.1827095,0.53755176,0.29133633,0.09278428,0.124185875,0.23142879,-0.16825071,-0.06510986,-0.14869682,0.5095994,0.35180545,0.60824525,0.50665057,-0.10406351,-0.16629696,0.18495777,-0.272666,0.07295898,0.30172417,-0.07054513,-0.09621406,0.5036949,0.39308766,0.4729421,0.30622143,0.5304927,0.5791081,0.6071958,0.55312663,0.5890748,0.53415465,0.33917966,0.37591264,0.47321528,0.5714885,0.57019836,0.49289352,0.4953483,0.48141837,0.32937637,0.31468812,0.2976347,0.22695817,0.3479358,0.4757177,0.23206358,0.22246513,0.062675186,0.22890915,0.40151107,0.34961182,0.5664909,0.46660176,0.45495576,0.4503032,0.1969524,-0.15786028,-0.0153367575,0.23974718,0.2531892,0.2925442,0.34845456,0.32589737,0.45271713,0.31742504,0.6163431,0.21048445,-0.10764239,-0.04090243,0.10808148,0.42124218
0.7556755,0.73572326,0.8096905,0.74665856,0.26098362,-0.2109146,0.78435135,0.6638274,0.2801122,-0.10689975,0.50893396,0.67961293,0.7450899,0.61988115,0.51848984,0.31760585,0.5465995,0.57191736,0.8684695,1.0,0.5007968,0.07664946,0.54811627,0.657029,-0.14676332,0.06667798,0.115467526,0.116278775,0.6971634,0.6484763,0.42735493,0.30051687,0.6850846,0.71228296,0.4471588,0.31308347,0.44395024,0.3435472,0.3687821,0.42858773,0.6757751,0.08008031,0.50458735,0.39205146,-0.15060754,0.010980613,0.5572372,0.39751726,0.074065164,0.2070288,0.0733092,-0.22552083,0.022960732,-0.06737213,0.5278022,0.35615554,0.66484135,0.51918983,0.006943225,-0.15493546,0.3405586,-0.17956221,0.24529214,0.28639963,0.06253659,-0.10303256,0.52516615,0.48159382,0.45614687,0.36069041,0.44969997,0.5111641,0.5505145,0.55365646,0.60175323,0.484381,0.34812725,0.37476608,0.4345147,0.5410993,0.6564003,0.4641444,0.59549123,0.39761546,0.46360037,0.23914856,0.2714757,0.12860522,0.41822556,0.3442938,0.31660283,0.24416001,-0.09492844,0.26464126,0.33457342,0.38843426,0.56967616,0.5088043,0.5213163,0.537708,0.156456,-0.03488048,0.03037034,0.33738488,0.38104793,0.3858954,0.35722268,0.3808285,0.42779395,0.2793322,0.60572267,0.3156599,-0.12031118,-0.010332501,0.20238563,0.45977125
0.357447,0.350111,0.4761391,0.4469554,0.36386406,0.09343265,0.45594338,0.45362076,0.47778782,0.24178602,0.28929517,0.51564354,0.5101611,0.55282414,0.42696607,0.5782533,0.38527638,0.500365,0.55011517,0.5007968,1.0,0.3980401,0.46845025,0.39478078,-0.04793415,0.10987495,0.2824172,0.38524926,0.48697644,0.5934423,0.5476946,0.46809196,0.42958474,0.49328336,0.47215804,0.36448875,0.49746388,0.5445057,0.5364038,0.5544168,0.5815716,0.4445769,0.15641409,0.009791649,0.06161568,0.054175623,0.33597,0.34191722,-0.049108546,-0.030903785,-0.018945364,-0.011887347,-0.15778202,-0.03228072,0.47251886,0.48073575,0.17006716,0.121990256,-0.037754886,-0.16374382,0.057630625,-0.14793822,0.020241639,0.045457274,0.1093136,-0.120913655,0.3726267,0.1781529,0.39928147,0.13199554,0.54021496,0.5331935,0.49149948,0.5953105,0.4371134,0.52685773,0.46865085,0.47058642,0.3177655,0.5366378,0.31946826,0.35926622,0.3513241,0.30292317,0.22800529,0.012867449,0.29021817,0.01814536,0.42111343,0.3259122,0.0056454795,0.014351918,-0.024661323,0.015761096,0.46754298,0.44541785,0.5490812,0.4846968,0.36774045,0.31514534,0.23651274,-0.0763074,-0.14471726,0.0920643,0.094160244,0.13841541,0.26388514,0.2868892,0.47375426,0.47246125,0.55998045,0.091037035,-0.048890628,-0.070858955,0.07615502,0.24184416
-0.06435912,0.019571794,0.08354901,0.1520646,0.25590062,0.4842094,0.03229121,0.09902496,0.34530073,0.52761877,0.08069358,0.13579229,0.076955564,0.13830091,0.30806458,0.37990484,0.03437898,0.096248664,0.15891986,0.07664946,0.3980401,1.0,0.16705151,0.23941842,0.27599525,0.35847154,0.3738529,0.21194887,0.1405841,0.07382252,0.34676012,0.43261194,-0.049023982,0.01728964,0.034956206,0.053351223,0.083424166,0.2085789,0.23843722,0.09500903,0.07064172,0.39590636,-0.08153409,-0.18914664,-0.18287833,0.01246784,-0.07622535,-0.087705694,-0.08027815,-0.12316183,0.048465684,-0.018451294,-0.1794585,-0.045454916,0.034726493,0.100366384,-0.1936543,-0.12766115,-0.34748226,-0.060252026,-0.34193844,-0.095496796,-0.39280647,0.09995417,-0.15159701,-0.12558848,-0.010239307,-0.16973048,0.119706936,-0.1675305,0.12739445,0.11208039,0.21140796,0.101585686,0.12667851,0.15668051,0.21141915,0.16272834,0.13724191,0.051069405,-0.13152085,0.03257586,0.00046932438,0.3675082,-0.161156,0.11367544,0.1934281,0.28994408,-0.0010434659,0.2904363,-0.1793066,0.003355072,0.12081698,-0.088525325,0.2488253,0.10713156,0.12825733,0.07183329,-0.04835278,-0.11411752,-0.024782835,-0.1664879,-0.07926057,-0.13722776,-0.06493603,-0.06810367,0.14504519,0.1011292,0.12878986,0.024470298,0.030281536,-0.27624905,-0.049971968,0.072883554,0.14881009,0.18122813
0.6024753,0.49871856,0.76488364,0.6892589,0.45057344,0.0007147708,0.71638745,0.68653566,0.42599532,0.16817021,0.5434759,0.5267603,0.74024683,0.6237971,0.56187725,0.42183942,0.72561896,0.60988647,0.5674553,0.54811627,0.46845025,0.16705151,1.0,0.6702798,0.069400705,0.24975137,-0.011350364,0.1935071,0.71696013,0.71711063,0.6268202,0.49335003,0.5882626,0.61846787,0.44930202,0.436025,0.5210949,0.4632591,0.5855051,0.50174147,0.5421365,0.24279122,0.36431003,0.3774758,0.11462459,0.18871596,0.60170865,0.49290848,0.25666794,0.2945971,0.21398179,0.05358766,-0.22653942,-0.065976,0.6787145,0.56010836,0.41336298,0.32803112,-0.0472989,-0.10333348,0.123900004,-0.11849548,0.14135136,0.32751316,0.043299664,-0.009355519,0.5332294,0.526086,0.44026202,0.4810869,0.65949404,0.698212,0.66996837,0.6639682,0.53869694,0.55232906,0.50504696,0.45024303,0.621438,0.5051791,0.70283574,0.5265213,0.62908524,0.44084573,0.48056737,0.32302907,0.44367906,0.12174884,0.53524566,0.46710932,0.23609705,0.16013092,-0.20290145,0.23011215,0.6002965,0.42164284,0.6946638,0.6169402,0.5873405,0.5741814,0.12719427,0.057365842,0.11682385,0.309353,0.40262976,0.38884562,0.61173666,0.6120121,0.549433,0.49109724,0.66251653,0.34747112,-0.02437509,-0.0029962014,0.17437533,0.5022999
0.4859304,0.6354723,0.76247,0.82769513,0.44730318,0.19951591,0.6843344,0.763014,0.34894058,0.25937974,0.47636315,0.7276682,0.6665332,0.7852648,0.70118606,0.45010728,0.6143409,0.70798755,0.71857953,0.657029,0.39478078,0.23941842,0.6702798,1.0,0.11343651,0.4721056,0.01885558,0.13627343,0.7889234,0.6562094,0.4671143,0.5509633,0.563657,0.6611286,0.3362425,0.43906072,0.3636588,0.3055137,0.46778813,0.40801194,0.66632336,0.20674133,0.33437663,0.32956448,-0.18986277,0.21929862,0.48162973,0.30762967,0.22233774,0.34116575,0.34329,-0.20465979,-0.21209392,-0.23185673,0.46694577,0.37967426,0.42287174,0.5116523,-0.25668105,-0.16186267,0.006340596,-0.28093737,-0.08530637,0.40816253,-0.20148657,-0.03047094,0.5342085,0.48592588,0.32103088,0.24202496,0.60590976,0.6585792,0.72877175,0.61236584,0.6736383,0.67829657,0.35869798,0.305489,0.5461072,0.47539917,0.5528005,0.6883959,0.5207084,0.7481021,0.21941231,0.61478955,0.30174392,0.54847807,0.27430004,0.63035685,0.14502986,0.3526767,-0.0054618437,0.18717332,0.45551008,0.42054757,0.6362693,0.5733329,0.39943236,0.42379275,0.019374873,-0.15070175,-0.029864788,0.24993576,0.25062376,0.2265149,0.35987994,0.3762478,0.51169246,0.38617298,0.6385702,0.1681031,-0.15307523,-0.13573432,0.046375297,0.38347226
-0.1709704,-0.12672372,-0.011339138,0.024916645,0.39749056,0.5182549,-0.091565534,0.021055505,0.29983613,0.52381533,-0.047181174,-0.08845565,-0.049645495,-0.030910846,0.29046017,0.2211377,0.0721475,0.011097423,-0.021823851,-0.14676332,-0.04793415,0.27599525,0.069400705,0.11343651,1.0,0.6297182,0.063921936,0.09008182,0.030128842,-0.10796236,0.18361852,0.22240059,-0.241641,-0.19771193,-0.22480689,-0.12611477,-0.12086743,-0.16405913,0.027196791,-0.13048136,-0.12965085,0.14549647,-0.0777029,-0.077127166,-0.09263863,0.089329906,-0.023221657,-0.020385126,-0.02252203,0.18297996,0.15534182,0.071022585,-0.006661063,-0.10213358,0.0077282297,0.17921221,-0.29879865,-0.18141207,-0.22736685,0.028128466,-0.4229591,-0.12643617,-0.36995286,0.04993467,-0.35104528,-0.066334635,-0.109261505,-0.16531831,0.08151055,-0.0113690775,-0.022058442,0.010867779,-0.00060005224,-0.23663898,-0.011415692,0.0040405616,-0.11246935,-0.16008778,0.052286327,-0.030266287,-0.16817744,-0.028531296,0.08632864,0.35073438,-0.1959294,0.3064161,0.29447505,0.40801,-0.049405564,0.38988668,0.00040945117,0.1111424,0.07413728,-0.082701914,0.11545865,0.05043878,0.039336648,0.078687534,-0.03514806,-0.04164504,-0.2615111,-0.2674508,-0.05774688,-0.11507487,-0.010671026,-0.083113395,0.07417084,0.05025284,-0.04460628,-0.04652187,0.013590681,-0.15081452,-0.29026338,-0.022220088,0.03813322,0.04450564
-0.07313771,0.08120269,0.19970377,0.33738762,0.49050546,0.59123373,0.09876252,0.2953886,0.31988332,0.6025877,0.052131616,0.21519409,0.11771523,0.26667652,0.41808084,0.34449026,0.2139495,0.25645018,0.22287102,0.06667798,0.10987495,0.35847154,0.24975137,0.4721056,0.6297182,1.0,0.009970542,0.20655833,0.26145044,0.12170044,0.30956736,0.45277253,0.01679443,0.11237941,0.025578942,0.09810973,0.018260632,0.080337174,0.13035497,0.063000076,0.111796744,0.1764354,0.12940374,0.091827445,-0.06030215,0.16610757,0.19247892,0.17546582,0.05936669,0.16332951,0.2526501,-0.077961735,-0.1507928,-0.17064534,0.14038962,0.29217362,-0.13939893,0.011607142,-0.24444011,-0.1233614,-0.28595608,-0.18101504,-0.3372831,0.3426899,-0.26377642,-0.04018814,0.24209414,0.08571183,0.16696662,-0.074222215,0.21514088,0.3237814,0.22649366,0.02722709,0.18005715,0.24625897,0.099026546,0.031914722,0.25616428,0.13572097,0.02682591,0.3080513,0.16803274,0.71176434,-0.046960637,0.618466,0.25820675,0.7195867,0.06593299,0.63860536,0.083808154,0.24243246,0.072372384,-0.1549989,0.21555199,0.11491665,0.28530943,0.23285851,0.16218477,0.16252425,-0.07227522,-0.23444608,0.06264996,0.04071152,0.073889695,0.10683142,0.19608064,0.2592576,0.07073271,0.11426785,0.24316429,-0.031953488,-0.12553507,0.078572944,0.12568545,0.18878955
-0.05928903,-0.0058834828,-0.004768817,0.05134606,0.24773118,0.10918514,0.0025721877,-0.0048365057,0.24921335,0.17255616,-0.12206408,0.038007475,-0.055394363,0.045743506,0.08650298,0.23884337,-0.19168146,-0.01618078,0.13011804,0.115467526,0.2824172,0.3738529,-0.011350364,0.01885558,0.063921936,0.009970542,1.0,0.28231904,-0.081249885,0.0017642415,0.32254785,0.16609666,-0.005870647,0.044006802,0.070941575,-0.119756125,-0.056762304,-0.024201697,0.019865884,0.014334794,0.028864807,-0.0005654171,-0.103678584,-0.2247789,-0.12197445,-0.011702979,-0.07874669,-0.067463845,-0.0836549,-0.22018558,-0.22892919,0.04465417,-0.02418802,-0.22336602,-0.07111896,0.006062291,-0.1144942,-0.04261245,-0.22578381,-0.18423401,-0.068509616,-0.07747526,-0.18488364,0.10225799,-0.0018746639,-0.10339118,-0.030384421,-0.158446,0.07180102,-0.15339716,-0.008349414,-0.04448692,-0.059518326,-0.025485363,-0.012587819,0.08804506,0.13275395,0.029693235,-0.082483225,-0.021289317,-0.10166593,-0.06354073,0.0040993956,0.061877824,-0.086410545,-0.07095253,0.16721587,0.021833804,-0.056459833,0.11800851,0.056108035,-0.0057572424,0.016689088,-0.010179617,0.042408675,-0.12781918,0.01785993,-0.070491426,0.044299055,0.016941968,-0.016620243,-0.1392893,-0.16084132,-0.056628034,-0.05268462,-0.06680302,0.09883917,-0.030171195,-0.1560755,-0.0055062403,0.03683719,-0.0070146695,0.15875216,0.1431727,0.16479191,0.19221531
0.040014766,0.07191323,0.09041811,0.104774155,0.24043995,0.18970142,0.073454484,0.12259232,0.28052807,0.22655264,0.0034537788,0.19748905,0.14671402,0.23768257,0.12638669,0.40554917,0.11237667,0.17873238,0.14862858,0.116278775,0.38524926,0.21194887,0.1935071,0.13627343,0.09008182,0.20655833,0.28231904,1.0,0.14350848,0.29828042,0.25801778,0.33419964,0.17810108,0.2260615,0.26174673,0.08471393,0.16528669,0.3184268,0.20332101,0.2593422,0.23082358,0.32797548,0.004046178,-0.051684465,0.21876393,-0.106583714,0.101266,0.2501424,-0.20539454,-0.16380349,-0.31927285,0.089985274,-0.21914706,0.05645805,0.18618242,0.35060987,-0.08593681,-0.07213748,-0.023941223,-0.15471457,-0.003059601,-0.07235816,-0.091353536,-0.008789361,0.1836356,-0.022589486,0.16574058,0.025602747,0.24613701,-0.12140725,0.18238586,0.1939212,0.1181132,0.24226317,0.11556166,0.23259872,0.21409258,0.13749829,0.20086738,0.29048365,0.09879753,0.20861074,0.21038672,0.25252596,0.11530086,0.10536203,0.1300446,0.17737706,0.20184895,0.23955177,-0.1110331,0.13877478,-0.19693962,-0.21148407,0.19982277,0.22124176,0.2536872,0.15994509,0.17165005,0.23728663,0.022463117,0.05793307,-0.026943002,-0.007936374,0.10340709,0.15744394,0.18933097,0.24014576,0.057877455,0.24246912,0.19135794,0.011086777,-0.1301448,-0.14337619,0.033845346,-0.0018743966
0.6148145,0.6361252,0.81610096,0.7529453,0.40383968,0.009691811,0.7268234,0.7215548,0.42412525,0.112962775,0.64081895,0.6896889,0.85035294,0.7412701,0.7449623,0.48708606,0.8013564,0.76287025,0.69051105,0.6971634,0.48697644,0.1405841,0.71696013,0.7889234,0.030128842,0.26145044,-0.081249885,0.14350848,1.0,0.8153599,0.48593307,0.4817553,0.6572464,0.70815974,0.4312888,0.48407292,0.62390924,0.4848443,0.6654977,0.5728678,0.7013168,0.31497577,0.45437232,0.5047048,-0.13322937,0.17065081,0.6436347,0.50824225,0.35833472,0.39820087,0.21031776,-0.10676638,-0.15732683,-0.1288457,0.7152617,0.57297444,0.51690876,0.4888135,-0.024387324,-0.061224993,0.108818024,-0.2168696,0.14366122,0.32091984,0.01938601,-0.058653638,0.6056948,0.62499785,0.4601366,0.43964428,0.6819946,0.70673543,0.77357525,0.70047635,0.6530842,0.6041472,0.43707493,0.41442657,0.6539785,0.63698924,0.7339031,0.67498934,0.630727,0.6090886,0.41103464,0.39239445,0.34785023,0.3198353,0.5307856,0.525818,0.13068432,0.30131945,-0.05797394,0.24081802,0.58869404,0.63008416,0.780469,0.73930115,0.47704658,0.50796056,0.13287468,-0.07115612,0.0028991525,0.31924188,0.38830644,0.29752296,0.42378804,0.49162826,0.71023995,0.5141336,0.7267048,0.22474883,-0.20734239,-0.20705898,0.053591862,0.43746787
0.5733935,0.538165,0.745039,0.6378324,0.44774753,-0.11522698,0.6466072,0.67671156,0.472744,0.02539513,0.45017514,0.69882756,0.76067066,0.7643825,0.6620544,0.59988594,0.69732714,0.78413886,0.61216897,0.6484763,0.5934423,0.07382252,0.71711063,0.6562094,-0.10796236,0.12170044,0.0017642415,0.29828042,0.8153599,1.0,0.52364576,0.46161148,0.6943373,0.7299275,0.5882105,0.53018713,0.6785577,0.63945997,0.7081535,0.7143414,0.71782976,0.357419,0.34261215,0.41770494,0.015986955,0.07710255,0.6323771,0.6120074,0.23091091,0.30388626,0.04919363,-0.12058042,-0.21591929,-0.07302119,0.7007949,0.6470558,0.40002298,0.3427747,0.006059732,-0.105328426,0.18473175,-0.20608488,0.17652506,0.20902057,0.14544386,-0.15790418,0.62739307,0.5855984,0.49590498,0.3787423,0.6893118,0.7308159,0.68423814,0.7976609,0.59113765,0.64596224,0.5108027,0.48601666,0.5449127,0.74806625,0.6641994,0.6657247,0.59691995,0.4905694,0.41120246,0.25289422,0.39474764,0.15938643,0.60187703,0.45808735,0.12251857,0.18430397,-0.13969193,0.20674863,0.6477262,0.6721507,0.8100578,0.7804804,0.53444207,0.5569465,0.13206157,0.026331054,-0.089014314,0.2506049,0.34432432,0.25179648,0.44382584,0.56665295,0.69809115,0.63629293,0.76040804,0.2645992,-0.13981254,-0.16037153,0.095705636,0.36748374
0.2660898,0.27273947,0.5551135,0.5272265,0.56878275,0.15681651,0.42671344,0.5394055,0.5577328,0.37989187,0.19457135,0.48026833,0.4675011,0.53040665,0.5132869,0.55924,0.4341294,0.53786117,0.45413876,0.42735493,0.5476946,0.34676012,0.6268202,0.4671143,0.18361852,0.30956736,0.32254785,0.25801778,0.48593307,0.52364576,1.0,0.65272856,0.43023998,0.48780155,0.47014618,0.4020145,0.44882226,0.42595202,0.5172742,0.4430993,0.39018792,0.21217465,0.14642937,0.09488172,0.04536123,0.09756519,0.4357363,0.34688488,0.13006194,0.12061979,0.15128806,-0.020188255,-0.2518127,-0.25935096,0.48730034,0.5011842,0.1328754,0.13458307,-0.016813362,0.006024,0.035522074,-0.102320574,-0.11081751,0.23116897,0.018810067,-0.06879478,0.4259945,0.2506832,0.42878556,0.25201416,0.58402044,0.6235482,0.4508672,0.47633478,0.46421444,0.52889735,0.59455097,0.55006,0.45450068,0.4943358,0.3635272,0.36693147,0.39391503,0.39343503,0.24044481,0.18812945,0.5304329,0.15130354,0.39579114,0.57597595,0.19429289,-0.0009621779,-0.07073467,0.021941174,0.52828085,0.36593094,0.5643856,0.48408762,0.45805028,0.416848,0.03956995,-0.043028593,-0.052844018,0.14481413,0.24252978,0.23610106,0.4752586,0.53119504,0.34563202,0.39739364,0.5812579,0.17964661,0.04329605,0.043911215,0.364832,0.5300563
