1.0,0.5558692,0.71334416,0.6978552,-0.41022784,-0.04917712,0.684439,0.6749861,-0.2646241,-0.34670785,0.56043893,0.55926424,0.6178745,0.50264436,0.22314358,0.15426293,0.4993609,0.5381819,0.76170516,0.79046434,-0.3000208,-0.28572202,0.55662733,0.60828763,-0.045337293,-0.24690506,-0.389882,-0.32181484,0.52686566,0.45896053,0.2699997,0.32013732,0.61563885,0.35729912,0.4121277,0.2764252,0.23838337,0.2405065,0.0999376,0.115746066,0.05847992,0.1789223,0.54815054,0.46985486,0.4722815,0.34510157,0.40016878,0.3068032,0.27908573,0.15644485,0.5872567,0.35832888,0.49833506,0.25828117,0.36292556,0.29520333,0.7821052,0.57285464,0.4749056,0.21658188,0.6019621,0.3030421,0.7463064,0.57010406,0.5598897,0.3265278,0.5261049,0.6307013,0.35211304,0.44901583,0.17629339,0.3204064,-0.042691853,0.34874457,0.27416423,0.07688386,0.17818427,0.23083399,0.39490533,0.05154837,0.40654305,0.2209521,0.12906577,0.23382355,0.25774923,0.1562828,-0.4083618,-0.41993216,0.5719182,-0.3168664,0.29638806,0.12051401,-0.057270218,-0.27940175,0.40237445,0.5189408,0.27997106,0.30397227,0.41851935,0.30607027,-0.097192675,-0.04281099,0.04638706,0.20286897,0.26551262,0.16639769,-0.0019243574,0.5456091,0.48290244,0.34968504,0.26660532,0.39004713,0.26156694,0.32595053,0.524611,0.28583115
0.5558692,1.0,0.23209508,0.21471521,-0.65431327,-0.1998542,0.19921456,0.2899617,-0.6518409,-0.64427,0.0594452,0.24692476,0.04742829,0.23022354,-0.27638108,-0.20956153,-0.02289641,0.07562392,0.3117102,0.5098167,-0.32205307,-0.4182693,0.0814166,0.123438396,-0.45160475,-0.5278097,-0.6559534,-0.42696103,0.16916296,-0.0062103174,-0.14122327,-0.054340262,0.04743226,-0.215846,-0.16168794,0.006854828,-0.09127343,0.2029409,-0.07363252,-0.101399936,-0.16911776,-0.036578618,0.09233225,0.14200784,0.33477166,0.21999477,-0.041230474,-0.09459248,0.25636148,0.16940542,0.4039379,0.18303613,0.12062259,-0.14080945,-0.060392976,0.0118044745,0.6295105,0.69007754,0.46849245,0.38135284,0.7534675,0.1788642,0.34058395,0.6615874,0.29445675,0.5253769,0.15849286,0.3288,0.48885047,0.672953,-0.30189863,-0.10441785,-0.020857042,-0.055980805,-0.19214037,-0.27773702,-0.020430075,0.07945293,0.26343393,-0.30379242,-0.2576282,-0.18387663,-0.40780672,-0.11405455,-0.3740235,-0.16712005,-0.581214,-0.6432246,0.13187262,-0.4829986,0.051132213,-0.040707346,-0.3185191,-0.38508463,0.1413473,0.39025125,-0.06363549,-0.1468103,0.16123423,0.15801227,-0.43909454,-0.24079531,-0.41655964,-0.22235924,-0.18404579,-0.26854566,-0.28648084,0.39252704,0.53295076,0.053527627,-0.06999086,0.18983509,0.23252214,0.11750928,0.15050049,-0.19869475
0.71334416,0.23209508,1.0,0.80065536,-0.11263652,0.12988658,0.84173495,0.72172797,0.01691872,-0.026455397,0.65377647,0.52073616,0.72994137,0.43187782,0.49528348,0.40629023,0.61191636,0.5976767,0.8244185,0.72553945,-0.12386723,0.018142644,0.81838614,0.8116811,0.22326122,0.06954725,-0.099017024,-0.00054022094,0.5895493,0.62771064,0.453126,0.52931166,0.75801295,0.59300554,0.6325213,0.34220675,0.45884132,0.2845057,0.1753559,0.20376666,0.13803989,0.3816753,0.5991136,0.45389256,0.40243214,0.3446525,0.5110991,0.4328004,0.18317813,0.1937385,0.47909722,0.35394773,0.5045802,0.3823313,0.44576663,0.35284853,0.60699385,0.27897698,0.26365638,0.031235984,0.25903502,0.20723954,0.6884978,0.35633793,0.49571857,0.080836,0.52321637,0.61995643,0.11891244,0.13585168,0.45215225,0.5636096,0.04096089,0.5308727,0.41887525,0.25856882,0.43563172,0.3846954,0.46622467,0.19280626,0.6296478,0.42074025,0.40011877,0.4696013,0.60689664,0.36177936,-0.17855571,-0.10286816,0.67367524,-0.026697388,0.37479675,0.24422622,0.12888196,-0.095302194,0.45748964,0.44175458,0.3696089,0.43082973,0.41062236,0.3610174,0.12026683,0.0734078,0.3327509,0.4274432,0.41440347,0.45164055,0.10747577,0.44270718,0.34854835,0.40687504,0.41259453,0.41148958,0.2696501,0.3691725,0.5861141,0.39516294
0.6978552,0.21471521,0.80065536,1.0,-0.085816965,0.121240765,0.79617965,0.82864714,0.011846829,-0.04080776,0.6906377,0.65656835,0.7558283,0.5901059,0.45467094,0.3342785,0.587378,0.64550936,0.8026474,0.7030631,0.018957125,-0.011684979,0.73985237,0.852406,0.20248662,0.09040604,-0.11736918,0.00033548826,0.48177376,0.56717926,0.48767358,0.5884413,0.7578279,0.61997855,0.6479517,0.496238,0.41560403,0.31894842,0.34734535,0.36059257,0.22575727,0.42504078,0.59749174,0.5643361,0.38335595,0.2644174,0.46649346,0.4521597,0.12229765,0.10823224,0.54339474,0.35154676,0.43956822,0.41216102,0.50624967,0.39634615,0.5719725,0.25650418,0.25146547,0.028927367,0.22160847,0.15682179,0.7311957,0.3251341,0.5087955,0.20063916,0.6339997,0.70430773,0.1421604,0.13443536,0.42946553,0.57268924,0.1121849,0.4849863,0.43183434,0.30263788,0.30754414,0.25447413,0.3628967,0.15425853,0.63220763,0.47069925,0.37486103,0.4772751,0.49663156,0.50704294,-0.17903392,-0.06986944,0.64595777,0.084049866,0.48037136,0.36055335,0.21015933,-0.04923883,0.52295643,0.4841247,0.451977,0.5321283,0.428453,0.41512948,0.22988546,0.19524553,0.4027828,0.46661514,0.48702553,0.43052238,0.111884676,0.39727822,0.39290905,0.51406395,0.40078893,0.37075838,0.3468553,0.4535154,0.51391935,0.344671
-0.41022784,-0.65431327,-0.11263652,-0.085816965,1.0,0.46773142,-0.021565601,-0.100992,0.80393606,0.74420613,0.13482307,-0.065997906,0.074055925,-0.0339397,0.36472607,0.23988171,0.19994152,0.036971882,-0.22573082,-0.42487913,0.38206285,0.48409954,0.08320177,0.024820756,0.65981096,0.7213957,0.7390812,0.6363699,-0.1418721,0.072787136,0.34459418,0.27800772,0.1031056,0.3255341,0.24377128,0.15518856,0.23945071,-0.035303615,0.23729822,0.293606,0.2243421,0.22989844,-0.007968584,-0.022192776,-0.15033454,-0.25216937,0.07834039,0.14710382,-0.30002648,-0.094111025,-0.29140288,-0.15911537,-0.10117752,0.11948683,0.16233185,0.11406347,-0.4641301,-0.49290836,-0.45417258,-0.4634193,-0.7574854,-0.23394413,-0.15030563,-0.5036551,-0.29826924,-0.5058707,-0.016179191,-0.12755308,-0.4840027,-0.64900404,0.46530077,0.35204375,0.2669566,0.23066524,0.40886027,0.4124258,0.10860317,-0.0016420798,-0.20483895,0.34890908,0.3290422,0.26398513,0.49987623,0.15047434,0.38884997,0.17420088,0.7428527,0.68138987,-0.062302437,0.5359507,0.15916143,0.24491735,0.45689547,0.48983738,-0.017786708,-0.30545858,0.15751193,0.20325369,-0.031561706,0.034913722,0.58949924,0.34445807,0.52312994,0.45482683,0.3118507,0.45339242,0.26873383,-0.21864928,-0.41631037,0.03486301,0.05711727,-0.061521348,-0.0714722,0.06698762,-0.03540775,0.13534221
-0.04917712,-0.1998542,0.12988658,0.121240765,0.46773142,1.0,0.14435713,0.13019295,0.4033688,0.46721694,0.2834373,0.22553322,0.1797734,0.28327793,0.48961693,0.35598516,0.31109253,0.1814992,0.0662161,0.003782681,0.45354214,0.5428755,0.24408418,0.189787,0.35364416,0.44788343,0.29677585,0.6479846,0.038197294,0.21642137,0.0941253,0.12168528,0.25692356,0.35019842,0.3145233,0.31027249,0.41454017,0.35371587,0.3923775,0.34675464,0.014724538,0.4555871,0.023087537,0.11601416,0.12584578,-0.31557596,0.09416711,0.21942231,-0.22225137,-0.195619,-0.26238725,-0.2911093,-0.095535375,0.034561362,0.27064386,0.31348434,-0.03347647,-0.23029955,-0.31881487,-0.2393281,-0.32776675,-0.1593359,0.068084724,-0.11188577,-0.17598855,-0.32166782,0.10119913,0.1412542,-0.23724006,-0.47649372,0.1476332,0.26915985,0.35535148,0.28305477,0.38713476,0.31319755,0.33533284,0.24750805,0.087295175,0.31185934,0.2530488,0.33105657,0.36514536,0.28332856,0.27573195,0.3227578,0.4303988,0.50781584,0.22351953,0.54930806,0.338684,0.37572497,0.36107662,0.34575137,0.29135725,0.09013007,0.22865628,0.2870627,0.25782225,0.303039,0.41849595,0.24426836,0.51032686,0.3636807,0.38696033,0.4268887,0.08919499,-0.12009306,0.047016524,0.22526987,0.2809833,0.18952751,0.3082544,0.45366594,0.22776568,-0.047824677
0.684439,0.19921456,0.84173495,0.79617965,-0.021565601,0.14435713,1.0,0.7484525,0.11023534,0.005012489,0.71684825,0.6068354,0.81202954,0.5419582,0.5286499,0.38235658,0.68915963,0.62898827,0.82428634,0.72754425,-0.10854636,0.0049213558,0.75944483,0.75229275,0.218717,0.10006555,-0.07193077,0.014455551,0.5925516,0.6710558,0.4735286,0.56925154,0.79436827,0.66231024,0.64725417,0.40280503,0.44124478,0.31479394,0.2524993,0.25756305,0.1413385,0.43437552,0.5771298,0.49889585,0.4401425,0.24255456,0.5064986,0.4420798,0.13971771,0.17096676,0.49363935,0.33565032,0.521771,0.42439887,0.502012,0.3813036,0.5445159,0.24530554,0.31698072,0.014953476,0.18796246,0.18330413,0.7360584,0.31712535,0.52062416,0.010626892,0.5562768,0.6365784,0.10451025,0.046683174,0.47523794,0.60340863,0.1522837,0.6171396,0.49812153,0.36321223,0.43163237,0.39403722,0.44620764,0.29155633,0.7013561,0.53167504,0.45214996,0.4860145,0.61319137,0.3544319,-0.058584,-0.043161016,0.7049233,0.029989226,0.45158044,0.34097394,0.19048281,0.048603095,0.47842327,0.46367007,0.37883547,0.44597143,0.4300633,0.39905494,0.22287698,0.1138892,0.35811514,0.4637225,0.4880854,0.5004134,0.14149131,0.44984052,0.347571,0.41153184,0.39843497,0.44122556,0.31003746,0.40308338,0.5943074,0.40015966
0.6749861,0.2899617,0.72172797,0.82864714,-0.100992,0.13019295,0.7484525,1.0,0.02650644,-0.0104576545,0.6409632,0.68327,0.6730922,0.7122975,0.43628332,0.34080225,0.52555203,0.5794297,0.7182447,0.6457153,-0.109237924,-0.070345126,0.5968843,0.741176,0.15530808,0.05816491,-0.13474609,-0.034303855,0.47574493,0.53203106,0.41353905,0.576245,0.71339756,0.58206713,0.6824389,0.6108264,0.42720553,0.30272752,0.3532569,0.3461208,0.1564551,0.3993095,0.6435132,0.64336145,0.42551047,0.15722665,0.5254339,0.5311326,0.12174809,0.04557491,0.5251161,0.33210772,0.44409877,0.4170225,0.5816435,0.5121437,0.4962732,0.28878644,0.21930896,0.043920454,0.21825089,0.16442676,0.7123351,0.36609983,0.44778013,0.18422392,0.69832695,0.7492938,0.10590995,0.12909076,0.4472733,0.5560653,0.087965995,0.4313253,0.42778772,0.29526934,0.3069578,0.29187968,0.40978765,0.18192574,0.6014435,0.53142774,0.33902675,0.47539565,0.40911144,0.56979233,-0.1722909,-0.102292225,0.68060446,0.09626725,0.5559541,0.39027894,0.26886034,-0.0072625726,0.49557835,0.55852497,0.4927872,0.5270071,0.5172641,0.511646,0.21555553,0.13974568,0.4153979,0.43830454,0.55637735,0.3963454,0.10826247,0.42075196,0.4236238,0.5360971,0.43485373,0.4120756,0.36404765,0.48377517,0.5267014,0.37876913
-0.2646241,-0.6518409,0.01691872,0.011846829,0.80393606,0.4033688,0.11023534,0.02650644,1.0,0.80242,0.29592055,0.06081643,0.23361115,0.08892755,0.458185,0.29295906,0.32247716,0.17457637,-0.11239911,-0.34407812,0.22868618,0.4232488,0.16661415,0.1160401,0.6474992,0.66595566,0.7670395,0.53938466,-0.059843753,0.15346268,0.4025771,0.35094807,0.22969924,0.47168297,0.409233,0.18969575,0.23852424,-0.15241301,0.2551256,0.31840375,0.36141548,0.19968666,0.2029628,0.13998725,-0.15070966,-0.23141436,0.24725235,0.31777874,-0.25207037,-0.11622977,-0.19825634,-0.14935088,0.060085174,0.20524478,0.32787207,0.22049093,-0.43144912,-0.514326,-0.4850928,-0.47207087,-0.7473956,-0.15218063,-0.018110849,-0.36685792,-0.21106452,-0.47034973,0.16023621,0.017968684,-0.522718,-0.6976567,0.53938717,0.41066453,0.15220533,0.26174137,0.47048175,0.42571846,0.058529653,-0.04424846,-0.073060974,0.40989628,0.5116355,0.39104113,0.5906193,0.2031683,0.51401216,0.2580027,0.718063,0.6385342,0.11919534,0.5241322,0.17781779,0.19409917,0.4368192,0.4908357,0.012923076,-0.23694363,0.2774187,0.3318313,0.06339684,0.0955859,0.63346267,0.36434087,0.57851565,0.5203185,0.49314457,0.5537981,0.45232105,-0.06568827,-0.4353737,0.11202143,0.19096921,0.046042886,-0.0704218,0.1124211,0.07072859,0.36561313
-0.34670785,-0.64427,-0.026455397,-0.04080776,0.74420613,0.46721694,0.005012489,-0.0104576545,0.80242,1.0,0.17471877,-0.019629935,0.113683596,0.039540745,0.51562494,0.4925111,0.20618427,0.04646062,-0.14361332,-0.33931056,0.19427212,0.46994182,0.0651771,0.09774897,0.66856945,0.7242801,0.73914355,0.67649305,0.030053554,0.19235978,0.2519127,0.22819476,0.17709142,0.44603875,0.37591988,0.21048522,0.26628402,-0.09945044,0.21297385,0.20537683,0.16811106,0.32459953,0.11486136,0.12356327,-0.06880897,-0.20372881,0.27231055,0.32228306,-0.19463035,-0.1444912,-0.29122072,-0.12024383,0.073993035,0.15013324,0.2919058,0.23325409,-0.48387104,-0.61878777,-0.49088898,-0.49241415,-0.74035114,-0.16893382,-0.18499379,-0.36918616,-0.2357165,-0.48298255,0.030704152,-0.034463275,-0.6100825,-0.64549845,0.472841,0.35971582,0.10109416,0.251105,0.4031999,0.38411716,0.19210705,0.11856269,-0.058215655,0.39591673,0.42742264,0.40194273,0.59000814,0.28761348,0.46732464,0.37142837,0.6472039,0.73830986,0.11515949,0.6381508,0.25385213,0.3028749,0.48176807,0.50089127,0.021709466,-0.16156466,0.20578484,0.25563693,0.12369612,0.1953952,0.54161483,0.23303221,0.59136593,0.4085841,0.4422518,0.480142,0.34302467,-0.3225838,-0.3444551,0.113884166,0.22293249,0.101997234,0.013785462,0.16088437,0.06574932,0.29851642
0.56043893,0.0594452,0.65377647,0.6906377,0.13482307,0.2834373,0.71684825,0.6409632,0.29592055,0.17471877,1.0,0.71354914,0.8258104,0.60800385,0.5665922,0.346514,0.7018208,0.7631691,0.63549036,0.5061816,0.032884832,0.0819009,0.66572547,0.6625303,0.26912186,0.20831986,0.11161946,0.104092054,0.4659393,0.58860624,0.5186465,0.60388434,0.72828835,0.66511726,0.63462776,0.4341933,0.47483727,0.3384823,0.46458143,0.4857357,0.31534162,0.4477908,0.58581704,0.5341333,0.31197158,0.08302661,0.50624746,0.5233052,0.022436894,0.13307646,0.29165813,0.12887365,0.3605188,0.31367487,0.6132609,0.44878748,0.41603225,0.0599086,0.0429183,-0.07582857,-0.008959918,0.09260761,0.68961763,0.26131102,0.32499936,-0.09324606,0.57349724,0.64081746,-0.037129395,-0.10619207,0.45594934,0.591016,0.20990548,0.57535684,0.55814654,0.45278695,0.27714834,0.24501763,0.35433313,0.34857363,0.6955594,0.49954814,0.51743877,0.44055456,0.5556702,0.36405012,0.1353857,0.14461443,0.6297031,0.2210339,0.526323,0.43301168,0.4080015,0.14052607,0.4941421,0.42916203,0.5690432,0.6636775,0.47370815,0.45710355,0.43620598,0.290481,0.4974919,0.53902406,0.6277701,0.5352102,0.25226673,0.41838697,0.2581089,0.52953964,0.47855502,0.40103066,0.313072,0.48512262,0.4961662,0.40946072
0.55926424,0.24692476,0.52073616,0.65656835,-0.065997906,0.22553322,0.6068354,0.68327,0.06081643,-0.019629935,0.71354914,1.0,0.71255505,0.7679214,0.39156976,0.20132133,0.50687885,0.6121849,0.5815527,0.53637546,-0.015697367,-0.025886009,0.4372701,0.5623312,0.035456102,0.02761933,-0.18221521,-0.02413941,0.35735643,0.43340102,0.31018406,0.45369545,0.6016836,0.50957143,0.54813284,0.54240626,0.38429013,0.39402834,0.5455362,0.4888405,0.19750549,0.34952757,0.54664034,0.61767393,0.33591565,0.08996762,0.40403843,0.4827155,0.047903154,0.047033094,0.353952,0.1268999,0.22949009,0.26414967,0.59942293,0.47342935,0.43361512,0.217381,0.19269973,0.07483105,0.1452859,0.19653042,0.714095,0.38880816,0.27019072,0.13863091,0.6463781,0.6996793,0.14396082,-0.004751381,0.24833652,0.46363088,0.2248189,0.4434147,0.37365088,0.31931305,0.18395542,0.21066639,0.39518005,0.22510856,0.508803,0.49257088,0.28246608,0.4125438,0.2503009,0.38621143,-0.0645795,0.0064351647,0.5687118,0.25696102,0.60565835,0.50004655,0.40817288,0.16391042,0.56693226,0.54698306,0.5453335,0.61296976,0.5328998,0.5567948,0.38132882,0.2393958,0.39333925,0.44549602,0.5499763,0.36655778,0.033525497,0.42844936,0.3958984,0.6025963,0.4286227,0.44574174,0.47323263,0.58268976,0.47854075,0.21888654
0.6178745,0.04742829,0.72994137,0.7558283,0.074055925,0.1797734,0.81202954,0.6730922,0.23361115,0.113683596,0.8258104,0.71255505,1.0,0.6103773,0.59730685,0.38107282,0.6596164,0.65290177,0.73417306,0.60577554,-0.014767355,0.062628366,0.6996373,0.7103913,0.24048798,0.15963896,-0.008402147,0.078106,0.50489855,0.60772467,0.46762732,0.5583156,0.75709736,0.67350286,0.6650452,0.42934462,0.4716559,0.32229215,0.4317107,0.37776697,0.2175232,0.36730194,0.57095367,0.5215821,0.31944585,0.17484067,0.47770262,0.47695076,0.08196802,0.1884397,0.3807401,0.2009198,0.43959484,0.38505346,0.58035505,0.40242136,0.47125247,0.106771134,0.16925666,-0.06199163,0.03973354,0.17261325,0.72824997,0.24035046,0.41906193,-0.019883731,0.5657167,0.61603945,0.008498185,-0.09338349,0.43525583,0.55254436,0.16112895,0.56054926,0.47812992,0.37964898,0.30149794,0.26583987,0.30588946,0.29257014,0.7095237,0.5015409,0.51366585,0.44599134,0.5800142,0.312249,0.019982727,0.08534407,0.67596346,0.1499078,0.5093208,0.34273797,0.30951557,0.09894714,0.5022772,0.42602995,0.46994478,0.57235676,0.46778837,0.4225179,0.38362834,0.2632593,0.44158816,0.48927936,0.58141434,0.5127465,0.16047144,0.409398,0.27292475,0.4745358,0.37468657,0.39134404,0.3125361,0.49139225,0.5171224,0.38964963
0.50264436,0.23022354,0.43187782,0.5901059,-0.0339397,0.28327793,0.5419582,0.7122975,0.08892755,0.039540745,0.60800385,0.7679214,0.6103773,1.0,0.39721027,0.27686965,0.4539172,0.52397615,0.50763756,0.44733897,0.0124492785,0.0076381406,0.37538022,0.50213665,0.042466912,0.06095643,-0.15498523,0.007202552,0.33281478,0.3679232,0.21185628,0.36975434,0.51811,0.43276486,0.5492462,0.60619,0.406289,0.40467417,0.5337513,0.43791652,0.0698373,0.328238,0.5223241,0.61592335,0.39767683,-0.108303346,0.41568923,0.5208896,0.017383339,-0.08577716,0.2598852,0.12557301,0.2164667,0.23788889,0.6273144,0.5478915,0.33898708,0.23856328,0.10603053,0.0902465,0.11727076,0.14384003,0.63002163,0.32955012,0.21530305,0.0985414,0.610294,0.63806945,0.09793046,0.0007804582,0.21863388,0.3970423,0.20394523,0.40232766,0.3293192,0.26505184,0.2518736,0.25156236,0.39803717,0.17508695,0.48551956,0.49768937,0.23884873,0.4089018,0.24027495,0.4905655,-0.08552156,0.014071337,0.6278575,0.2807816,0.6107559,0.48282906,0.3876052,0.17153476,0.5666463,0.53758687,0.54843485,0.5122227,0.5622174,0.5633156,0.31455234,0.22000478,0.39109838,0.34691334,0.56074464,0.34051242,0.0032421185,0.35107553,0.4451269,0.6042038,0.46617058,0.4080605,0.43619728,0.56696457,0.4665097,0.21658842
0.22314358,-0.27638108,0.49528348,0.45467094,0.36472607,0.48961693,0.5286499,0.43628332,0.458185,0.51562494,0.5665922,0.39156976,0.59730685,0.39721027,1.0,0.7680445,0.57578063,0.382722,0.5038442,0.3553204,0.046270724,0.4675783,0.46366945,0.46713206,0.40454036,0.40745717,0.22108671,0.5332134,0.53634894,0.6790989,0.22045068,0.29122606,0.6480559,0.71134776,0.7125019,0.46899474,0.5687973,0.38513356,0.38405806,0.23519531,-0.010313895,0.5757105,0.33963314,0.33318236,0.3263848,-0.085680634,0.5034405,0.49728942,-0.04401794,-0.0018118687,-0.0568458,-0.018559864,0.348108,0.26835278,0.54630464,0.45347401,0.08708467,-0.29886612,-0.15633656,-0.24791144,-0.3155844,-0.07182819,0.30516964,-0.0932769,0.08729817,-0.39327067,0.2778132,0.3485679,-0.22522607,-0.3647188,0.47008267,0.51245856,0.25883,0.6185233,0.60094297,0.4895996,0.53997564,0.5155063,0.25651473,0.5807177,0.69102097,0.67381465,0.7427291,0.6532987,0.6490203,0.43899307,0.31180453,0.50158256,0.577524,0.45127812,0.574641,0.4540403,0.4633988,0.40831855,0.40050268,0.3307053,0.37797096,0.41795424,0.53379434,0.49062693,0.43649745,0.21739498,0.6040267,0.43328008,0.5654535,0.49357596,0.21053408,-0.06300633,0.1311662,0.3545364,0.47162107,0.41902664,0.40959355,0.5553587,0.54005694,0.34206796
0.15426293,-0.20956153,0.40629023,0.3342785,0.23988171,0.35598516,0.38235658,0.34080225,0.29295906,0.4925111,0.346514,0.20132133,0.38107282,0.27686965,0.7680445,1.0,0.44072673,0.25707102,0.4175423,0.3328011,-0.1170088,0.31751737,0.32361048,0.3793581,0.34762555,0.31048757,0.15525383,0.4695334,0.5684633,0.64623195,0.1387574,0.19525601,0.51172507,0.5597156,0.5281736,0.3374411,0.4633126,0.30873418,0.14194189,-0.018668555,-0.20740674,0.5559058,0.2615889,0.20965461,0.29979384,-0.05715352,0.47489896,0.39839956,0.021540124,-0.013906559,-0.10383,0.09583423,0.37428743,0.21747534,0.37366,0.327691,0.06899137,-0.21998742,-0.017888373,-0.24050592,-0.22299035,-0.01932266,0.13576373,-0.06271157,0.13578199,-0.30876094,0.11840525,0.22707799,-0.19995415,-0.23078191,0.40668085,0.40220606,0.13409916,0.5173759,0.43044636,0.31094903,0.59363556,0.5944903,0.2642571,0.5223884,0.5502959,0.6368638,0.57320607,0.58648074,0.5727325,0.4386178,0.15322365,0.39488834,0.44930792,0.3240907,0.4286063,0.35850143,0.32486755,0.26851282,0.26628125,0.29444867,0.17940699,0.22412038,0.427227,0.39245638,0.20650877,0.0068198754,0.44921184,0.23741633,0.34798187,0.3209691,0.10441297,-0.2003006,0.07347528,0.18219495,0.36794648,0.37605587,0.28238723,0.36196893,0.4673958,0.29821348
0.4993609,-0.02289641,0.61191636,0.587378,0.19994152,0.31109253,0.68915963,0.52555203,0.32247716,0.20618427,0.7018208,0.50687885,0.6596164,0.4539172,0.57578063,0.44072673,1.0,0.6772245,0.6014776,0.5013362,-0.0017500599,0.12726732,0.5941585,0.54508513,0.27315778,0.1734582,0.1979422,0.12235123,0.5897153,0.6738957,0.42969778,0.47656846,0.7005516,0.65180475,0.58215976,0.30740562,0.47099394,0.31908125,0.23647168,0.271038,0.18633144,0.44287682,0.47382066,0.3275914,0.3314111,0.048742518,0.49662727,0.41074836,-0.025913415,0.007428653,0.212511,0.21538301,0.28443974,0.23939061,0.4754557,0.37008044,0.38702753,0.07654226,0.07244271,-0.10987219,-0.0068829926,0.025587684,0.56992906,0.20157239,0.29002282,-0.22021334,0.4022213,0.4254079,0.036887124,-0.14710572,0.50127214,0.61145234,0.28010932,0.61619645,0.6353474,0.42738697,0.4570449,0.3974253,0.41227332,0.5769202,0.6682799,0.57384956,0.5466952,0.37801838,0.5967262,0.29543942,0.15556338,0.15762293,0.5332217,0.08215322,0.3270301,0.25533897,0.21341977,0.13210697,0.42918748,0.28563693,0.39800343,0.44302374,0.4174733,0.29754058,0.29729638,0.20874496,0.3750221,0.47282416,0.44821244,0.48515955,0.25397035,0.3686886,0.16270041,0.32461607,0.4254076,0.39634237,0.22028205,0.39436784,0.5509494,0.4176373
0.5381819,0.07562392,0.5976767,0.64550936,0.036971882,0.1814992,0.62898827,0.5794297,0.17457637,0.04646062,0.7631691,0.6121849,0.65290177,0.52397615,0.382722,0.25707102,0.6772245,1.0,0.58045125,0.49015185,-0.03315343,-0.0040989877,0.5698376,0.58914655,0.17812987,0.13054632,0.076072805,-0.025568387,0.50713164,0.60227805,0.48000702,0.5596175,0.7082605,0.61772394,0.5275473,0.3510909,0.37933743,0.28929925,0.2585322,0.3732802,0.28247833,0.37208706,0.5425703,0.5330406,0.31349415,0.09995418,0.534358,0.48540053,0.07128691,0.08794005,0.29826373,0.1890577,0.38844135,0.36117086,0.52554655,0.41118625,0.40396068,0.12568729,0.16220962,0.013612559,0.108670995,0.035064273,0.629241,0.30718118,0.39465454,0.014070721,0.5239855,0.55705553,0.05807937,-0.033717662,0.48126468,0.64034927,0.22235498,0.58851606,0.40245813,0.37288606,0.26414222,0.27590278,0.50294864,0.403091,0.63525385,0.5364777,0.37371477,0.38809124,0.47981653,0.40974155,-0.009484453,0.01269497,0.52159184,0.10749728,0.35884702,0.35898057,0.2728354,0.040871702,0.42632294,0.40667114,0.5016427,0.61038846,0.4173016,0.3577292,0.27345967,0.21255001,0.38015047,0.48066494,0.46854842,0.40476978,0.2750774,0.4209645,0.21743803,0.45473233,0.49363244,0.4188843,0.22465938,0.3493493,0.48778224,0.42880657
0.76170516,0.3117102,0.8244185,0.8026474,-0.22573082,0.0662161,0.82428634,0.7182447,-0.11239911,-0.14361332,0.63549036,0.5815527,0.73417306,0.50763756,0.5038442,0.4175423,0.6014776,0.58045125,1.0,0.84499764,-0.20581308,-0.030252006,0.6922776,0.7321679,0.087972514,-0.061580654,-0.23658377,-0.07919117,0.6468311,0.65052295,0.34713045,0.4079861,0.78829205,0.59293234,0.6171688,0.37335274,0.32506153,0.31586996,0.16396326,0.10412529,0.053244825,0.37398034,0.561413,0.5031527,0.4508055,0.32696775,0.5035548,0.41184986,0.2041977,0.160859,0.49573892,0.30121952,0.5218326,0.3301218,0.45935854,0.34246734,0.67503536,0.32765868,0.36912882,0.17239378,0.3579445,0.21471573,0.71805143,0.39442602,0.5227455,0.10448933,0.5120098,0.6114988,0.21275577,0.26864582,0.36138782,0.49269655,0.038033403,0.53305024,0.39286998,0.23566195,0.35981822,0.4108372,0.47778,0.21732798,0.59422505,0.4676134,0.3547481,0.4917984,0.48810744,0.33483997,-0.25931272,-0.14934692,0.66796654,-0.08096284,0.42534786,0.28021684,0.07264283,-0.08442544,0.48472968,0.5361482,0.3217003,0.3550085,0.49435893,0.41523504,0.04139549,0.0005393884,0.22859147,0.28057078,0.37159,0.29269716,0.067781106,0.3670733,0.41665035,0.38658938,0.38472402,0.44392493,0.3367041,0.4102988,0.6256844,0.35370204
0.79046434,0.5098167,0.72553945,0.7030631,-0.42487913,0.003782681,0.72754425,0.6457153,-0.34407812,-0.33931056,0.5061816,0.53637546,0.60577554,0.44733897,0.3553204,0.3328011,0.5013362,0.49015185,0.84499764,1.0,-0.29734942,-0.17881761,0.5384296,0.6117316,-0.09608843,-0.23338163,-0.46630538,-0.18332149,0.6711981,0.6120243,0.17602468,0.24978855,0.6685154,0.42833284,0.40622082,0.26289603,0.28673324,0.38517255,0.05821819,-0.018237695,-0.122409366,0.33894753,0.4313945,0.38631257,0.5256543,0.3181249,0.39687183,0.2670692,0.3387581,0.14956664,0.5325239,0.33440554,0.512724,0.29504544,0.3155108,0.25475726,0.7354312,0.4766841,0.5030093,0.23096912,0.5781918,0.22527157,0.668146,0.52191067,0.5942646,0.2603211,0.3924897,0.5656101,0.36919275,0.40944016,0.1695268,0.3371987,0.04645831,0.45289248,0.25989133,0.10756498,0.3771202,0.46269917,0.46856302,0.16333467,0.4067246,0.37640727,0.15188885,0.38401273,0.2858046,0.21685264,-0.4277421,-0.33640632,0.563837,-0.25344917,0.34938276,0.22497521,-0.04566552,-0.17048585,0.41119647,0.58727455,0.16080445,0.207174,0.46040767,0.3551331,-0.15887825,-0.1048448,0.023530237,0.11923931,0.19271387,0.07896216,-0.08312379,0.33731,0.49913085,0.2595756,0.26453424,0.4459687,0.36915597,0.38892758,0.5894513,0.21498528
-0.3000208,-0.32205307,-0.12386723,0.018957125,0.38206285,0.45354214,-0.10854636,-0.109237924,0.22868618,0.19427212,0.032884832,-0.015697367,-0.014767355,0.0124492785,0.046270724,-0.1170088,-0.0017500599,-0.03315343,-0.20581308,-0.29734942,1.0,0.43985167,0.088527046,0.045397773,0.22692022,0.34987092,0.28109723,0.3780906,-0.3164387,-0.14399526,0.11871224,0.08736426,-0.07535329,0.01572209,-0.023921074,0.08647748,0.201787,0.21046059,0.38465047,0.43572873,0.18111926,0.17258011,-0.17137267,-0.12788664,-0.2503129,-0.17639227,-0.18030576,-0.034781538,-0.34256187,-0.08344825,-0.20024808,-0.22927344,-0.41835916,-0.18282187,-0.0073545366,0.004266375,-0.22991197,-0.22495848,-0.30106458,-0.18144265,-0.4007072,-0.29299888,-0.13277319,-0.2966777,-0.21451849,-0.1128632,-0.024567647,-0.060008213,-0.2181413,-0.3658777,-0.038520977,0.027835434,0.30948526,-0.011241895,0.08230706,0.1506574,0.059406318,-0.16193189,-0.26471645,-0.08426005,-0.060260132,-0.07001809,0.07944302,0.025157727,0.020353714,0.1526768,0.28731078,0.38452524,-0.14138539,0.41676915,0.061423477,0.15437283,0.20093551,0.16628318,0.18596667,-0.16866401,0.20768769,0.24786328,-0.12241473,-0.05653297,0.35862672,0.3423546,0.3114387,0.26121604,0.11708102,0.2883627,-0.023026293,-0.12146631,0.009260147,0.17204522,0.10189224,-0.107656345,0.10178035,0.13579245,-0.13644317,-0.20649488
-0.28572202,-0.4182693,0.018142644,-0.011684979,0.48409954,0.5428755,0.0049213558,-0.070345126,0.4232488,0.46994182,0.0819009,-0.025886009,0.062628366,0.0076381406,0.4675783,0.31751737,0.12726732,-0.0040989877,-0.030252006,-0.17881761,0.43985167,1.0,0.13250975,0.040687043,0.34989858,0.4954862,0.33484235,0.6098213,-0.05846811,0.1332755,-0.04743755,0.00075423036,0.12124149,0.26441053,0.30381405,0.2507677,0.2818251,0.26446527,0.26975936,0.20442267,0.0049378667,0.2288238,-0.043344922,-0.05741758,-0.031313255,-0.18668057,0.074216746,0.15326408,-0.1759722,-0.08459066,-0.407554,-0.37571868,-0.20419267,-0.010447955,0.15488975,0.20721409,-0.26923123,-0.4038054,-0.39517295,-0.19435829,-0.50426376,-0.19703835,-0.1368749,-0.34168342,-0.38028353,-0.44410175,-0.04025656,-0.08655708,-0.31631547,-0.51197547,0.19189359,0.17772926,0.23358251,0.16454056,0.17373024,0.2023068,0.27473474,0.19601859,0.0020199558,0.24654329,0.23721173,0.2465774,0.40039435,0.35475934,0.29623047,0.24024954,0.35019198,0.5252883,0.15030545,0.49251252,0.1822407,0.13543542,0.22772926,0.2932069,0.12024711,-0.06754286,0.15903135,0.111678705,0.1045401,0.12744805,0.30368334,0.22500816,0.41606578,0.20861125,0.23068638,0.3503451,0.13755818,-0.22625636,-0.100420915,0.15460126,0.26484397,0.060004007,0.14009237,0.25347805,0.14076705,-0.015895851
0.55662733,0.0814166,0.81838614,0.73985237,0.08320177,0.24408418,0.75944483,0.5968843,0.16661415,0.0651771,0.66572547,0.4372701,0.6996373,0.37538022,0.46366945,0.32361048,0.5941585,0.5698376,0.6922776,0.5384296,0.088527046,0.13250975,1.0,0.8162813,0.36805415,0.23317656,0.06721404,0.14211227,0.38417745,0.5349932,0.6234797,0.61929554,0.6547088,0.51940995,0.5423045,0.28232577,0.448445,0.24349964,0.28757688,0.37471226,0.2932817,0.35103983,0.48690405,0.34503537,0.2225688,0.24843068,0.37750316,0.3132311,0.019238006,0.04919714,0.39615276,0.27369773,0.35477775,0.29471433,0.33325693,0.24011861,0.50889426,0.1811342,0.1670116,-0.08031387,0.077429526,0.07956123,0.58635706,0.20228353,0.3890494,0.0054250294,0.501034,0.50952214,0.012986321,0.0075251865,0.44820195,0.5492987,0.1529769,0.48321944,0.45999488,0.3403141,0.36493713,0.1996542,0.24524826,0.15307783,0.6048265,0.33511323,0.41111493,0.39773664,0.6501885,0.3407333,0.051624168,0.094761804,0.54564774,0.09763855,0.30310282,0.24196811,0.21325168,-0.017392678,0.4853666,0.271315,0.39393997,0.42871627,0.23087852,0.21804345,0.28899023,0.20320289,0.39561698,0.5004882,0.3925117,0.5376531,0.081040666,0.4042771,0.24243805,0.4399416,0.35067937,0.23243444,0.19951195,0.31336686,0.39226395,0.2816077
0.60828763,0.123438396,0.8116811,0.852406,0.024820756,0.189787,0.75229275,0.741176,0.1160401,0.09774897,0.6625303,0.5623312,0.7103913,0.50213665,0.46713206,0.3793581,0.54508513,0.58914655,0.7321679,0.6117316,0.045397773,0.040687043,0.8162813,1.0,0.3821884,0.25950843,0.013454813,0.10614144,0.43500113,0.56376195,0.5989924,0.6447534,0.72454786,0.63532835,0.6200238,0.40147555,0.429712,0.22986704,0.30971205,0.36456105,0.2424593,0.40873677,0.5434078,0.4775737,0.27276087,0.34196785,0.44306776,0.38711533,0.13991122,0.06419293,0.5323345,0.40922537,0.47432652,0.42845038,0.39690208,0.26809618,0.47617644,0.1827631,0.2292046,-0.051330037,0.121658936,0.15019387,0.6407821,0.29236802,0.5152567,0.15634286,0.55717736,0.63668084,0.029019034,0.052176736,0.45510715,0.5937271,0.05743927,0.48355362,0.42865652,0.32742956,0.31438467,0.21897037,0.30194917,0.1309373,0.6404552,0.4501809,0.39775592,0.46915734,0.5788107,0.53060055,-0.07785382,0.052333195,0.55596125,0.15984842,0.4226787,0.37502137,0.28408822,-0.008165529,0.4964202,0.37592632,0.4205714,0.4634547,0.30502123,0.30057237,0.28341448,0.17007218,0.44156685,0.50841784,0.46652058,0.4647949,0.06673801,0.30093268,0.2901425,0.4794515,0.3782322,0.28687263,0.2730158,0.39015406,0.43568087,0.34255835
-0.045337293,-0.45160475,0.22326122,0.20248662,0.65981096,0.35364416,0.218717,0.15530808,0.6474992,0.66856945,0.26912186,0.035456102,0.24048798,0.042466912,0.40454036,0.34762555,0.27315778,0.17812987,0.087972514,-0.09608843,0.22692022,0.34989858,0.36805415,0.3821884,1.0,0.7939026,0.5920343,0.56248766,0.043398406,0.22536355,0.48913187,0.4271561,0.3073929,0.44492388,0.37007976,0.20885538,0.34162858,0.023427725,0.19834541,0.35308096,0.1760515,0.40783867,0.19829907,0.14019027,-0.04455275,0.053616244,0.24219212,0.20612395,-0.10121415,-0.12859616,0.07627519,0.1637396,0.22211267,0.28504094,0.1882207,0.10626006,-0.20121786,-0.24480331,-0.17649595,-0.4043496,-0.47165692,-0.11947421,0.0038490768,-0.27639532,0.029285941,-0.22862712,0.144416,0.12577754,-0.36066008,-0.3608223,0.5719273,0.5093448,0.19146447,0.39042827,0.45682648,0.42299637,0.21399568,0.117185116,-0.040259812,0.21708466,0.4727522,0.27561295,0.52082676,0.36768138,0.52544594,0.35955948,0.5078276,0.55085737,0.15328254,0.44285086,0.24855621,0.31051248,0.44802713,0.31729797,0.20299704,-0.06835319,0.21072406,0.2559404,0.018442465,0.071678996,0.49253568,0.22372639,0.52197015,0.5082507,0.32941297,0.5349925,0.124042995,-0.14685673,-0.17792109,0.20752348,0.16275804,0.03464215,0.03833278,0.09845582,0.12685876,0.2123189
-0.24690506,-0.5278097,0.06954725,0.09040604,0.7213957,0.44788343,0.10006555,0.05816491,0.66595566,0.7242801,0.20831986,0.02761933,0.15963896,0.06095643,0.40745717,0.31048757,0.1734582,0.13054632,-0.061580654,-0.23338163,0.34987092,0.4954862,0.23317656,0.25950843,0.7939026,1.0,0.6342907,0.6357759,-0.015394698,0.19215713,0.40985122,0.37196428,0.22343075,0.41427863,0.33907613,0.2533637,0.32563254,0.048669916,0.25970075,0.41332826,0.15866089,0.40807778,0.108543344,0.1589311,-0.044563774,-0.027529584,0.21872786,0.2274675,-0.16462706,-0.13749138,-0.06707349,0.044349886,0.1592689,0.24341011,0.2222671,0.17491052,-0.36672673,-0.4388334,-0.31064856,-0.43311226,-0.60169953,-0.16216035,-0.06651778,-0.34974596,-0.07646227,-0.28308025,0.12668811,0.10560215,-0.41635332,-0.5147991,0.51128983,0.4448589,0.21959719,0.37319848,0.38012224,0.4306797,0.23663165,0.12754573,-0.081617825,0.25258067,0.40896648,0.32804182,0.49624747,0.34870324,0.452244,0.41574228,0.5639034,0.6646054,0.08046886,0.5979211,0.27197072,0.40969557,0.51945406,0.45169696,0.19429712,-0.052711908,0.2537102,0.2757366,0.03356686,0.09397032,0.5690124,0.31381163,0.5629726,0.48351792,0.35352072,0.4792692,0.13845707,-0.25038332,-0.1952468,0.24641499,0.20400555,0.037553024,0.07504758,0.1277132,0.07686696,0.16424367
-0.389882,-0.6559534,-0.099017024,-0.11736918,0.7390812,0.29677585,-0.07193077,-0.13474609,0.7670395,0.73914355,0.11161946,-0.18221521,-0.008402147,-0.15498523,0.22108671,0.15525383,0.1979422,0.076072805,-0.23658377,-0.46630538,0.28109723,0.33484235,0.06721404,0.013454813,0.5920343,0.6342907,1.0,0.42308682,-0.10419648,-0.010097399,0.39714658,0.29205558,0.08065093,0.32158077,0.20894338,0.015084325,0.03005877,-0.3354232,0.04959755,0.16944496,0.3680934,0.09847469,0.112633556,0.047217082,-0.26049602,-0.12932187,0.20130779,0.22258793,-0.18894753,-0.13425547,-0.22281685,-0.085967235,-0.016052987,0.06889135,0.15473804,0.09054896,-0.48289424,-0.54618526,-0.49574903,-0.4221964,-0.6745472,-0.17791843,-0.16230448,-0.3609528,-0.22333938,-0.45299044,0.007938354,-0.13487847,-0.5163863,-0.5591911,0.4847425,0.29159075,-0.006830775,0.101652004,0.34499645,0.31332704,-0.05374922,-0.14858286,-0.10241621,0.22111504,0.3166967,0.20214225,0.4560883,0.044680323,0.41359922,0.20028071,0.6473249,0.5731688,-0.08551098,0.41085514,-0.05802851,0.07535324,0.30872008,0.34562305,-0.102868535,-0.3599372,0.20312075,0.23279342,-0.10646399,-0.05893875,0.47113574,0.2682937,0.4512815,0.37900123,0.31632647,0.40352896,0.48053598,-0.14688678,-0.45647204,0.012047506,0.16441439,-0.05010485,-0.2971521,-0.093366995,-0.082244985,0.37277782
-0.32181484,-0.42696103,-0.00054022094,0.00033548826,0.6363699,0.6479846,0.014455551,-0.034303855,0.53938466,0.67649305,0.104092054,-0.02413941,0.078106,0.007202552,0.5332134,0.4695334,0.12235123,-0.025568387,-0.07919117,-0.18332149,0.3780906,0.6098213,0.14211227,0.10614144,0.56248766,0.6357759,0.42308682,1.0,-0.030418409,0.21933715,0.090056226,0.08218348,0.14179116,0.3289967,0.25462747,0.24346764,0.4202898,0.26286182,0.32983232,0.2378368,-0.06903434,0.4670312,-0.13666034,-0.06846509,0.008311045,-0.24689008,0.010069692,0.08313453,-0.19524303,-0.12973863,-0.40696204,-0.18410268,-0.087957494,0.04025409,0.09572718,0.111537166,-0.2776294,-0.48077655,-0.4077135,-0.39253742,-0.58397335,-0.2811172,-0.21030417,-0.3581162,-0.24972984,-0.36675292,-0.08194725,-0.046401642,-0.4033069,-0.51843095,0.25911304,0.2800469,0.389165,0.33081543,0.25901428,0.36095825,0.3541679,0.2738029,-0.12890257,0.34654808,0.21399896,0.30870503,0.45046595,0.3471398,0.27633092,0.26389733,0.5011686,0.67176896,0.04030224,0.59997225,0.28874582,0.33103144,0.39349958,0.43722725,0.11257367,-0.071531415,0.05612609,0.12780268,0.09586995,0.16856119,0.42077222,0.25568217,0.44437024,0.29046986,0.20311138,0.36182508,-0.015221181,-0.40443608,-0.11192432,0.059231248,0.09542981,0.049001783,0.24789694,0.27886364,0.03941419,-0.13645259
0.52686566,0.16916296,0.5895493,0.48177376,-0.1418721,0.038197294,0.5925516,0.47574493,-0.059843753,0.030053554,0.4659393,0.35735643,0.50489855,0.33281478,0.53634894,0.5684633,0.5897153,0.50713164,0.6468311,0.6711981,-0.3164387,-0.05846811,0.38417745,0.43500113,0.043398406,-0.015394698,-0.10419648,-0.030418409,1.0,0.79404324,0.10365047,0.21920334,0.674544,0.5488597,0.4918414,0.2326665,0.33366933,0.32671633,-0.016882276,-0.10083352,-0.122111544,0.46240965,0.4223678,0.3844208,0.53866476,0.15900506,0.6277908,0.46168676,0.32747018,0.07002498,0.29266685,0.2670712,0.5727478,0.25444907,0.46890885,0.39168397,0.4288453,0.10158116,0.29145274,0.043298226,0.24224672,0.11512372,0.46872523,0.33089,0.46669737,-0.11017819,0.25617492,0.38012183,0.08188985,0.13243651,0.40208712,0.5036116,0.0935951,0.61944497,0.44372678,0.31750146,0.52615017,0.65674114,0.5716531,0.45447493,0.53625584,0.54125404,0.46426287,0.44101372,0.47337642,0.24581648,-0.14863884,-0.054383803,0.56046546,-0.08311698,0.41445202,0.32809916,0.1470977,0.07715843,0.366303,0.52202815,0.24314061,0.24924104,0.61224633,0.4599063,-0.035883762,-0.13947527,0.19263622,0.19362953,0.28167596,0.170347,0.11842312,0.15658502,0.36388355,0.22970152,0.4384125,0.5980384,0.31030333,0.38136992,0.6721175,0.46044415
0.45896053,-0.0062103174,0.62771064,0.56717926,0.072787136,0.21642137,0.6710558,0.53203106,0.15346268,0.19235978,0.58860624,0.43340102,0.60772467,0.3679232,0.6790989,0.64623195,0.6738957,0.60227805,0.65052295,0.6120243,-0.14399526,0.1332755,0.5349932,0.56376195,0.22536355,0.19215713,-0.010097399,0.21933715,0.79404324,1.0,0.29416892,0.37920392,0.75376004,0.6947993,0.60072833,0.34731007,0.51992244,0.44537902,0.18674646,0.14837225,-0.008136352,0.5950456,0.36231533,0.35083565,0.44586536,0.088791534,0.5644024,0.42111877,0.17851114,-0.02129783,0.22560452,0.22433558,0.5257047,0.31251732,0.46876606,0.3779265,0.37129235,-0.024640428,0.17041369,-0.08475858,0.0025738466,0.0561206,0.4563885,0.14646824,0.4148757,-0.17717879,0.31615543,0.43223596,0.005006656,-0.10229178,0.4876501,0.62604505,0.2850921,0.75658774,0.5397254,0.51053095,0.61577994,0.65140855,0.45102388,0.66213584,0.6496178,0.67230195,0.55187654,0.5725605,0.5906952,0.36358526,0.035397287,0.18477555,0.55675447,0.12456629,0.49798566,0.45169485,0.31136495,0.21218024,0.45505184,0.46841547,0.30277255,0.35551146,0.52411866,0.42271596,0.22091712,0.05686091,0.35991392,0.36920688,0.36216876,0.32176998,0.086285226,0.0963437,0.276285,0.30859068,0.41578466,0.5273717,0.39133364,0.457104,0.643308,0.37884536
0.2699997,-0.14122327,0.453126,0.48767358,0.34459418,0.0941253,0.4735286,0.41353905,0.4025771,0.2519127,0.5186465,0.31018406,0.46762732,0.21185628,0.22045068,0.1387574,0.42969778,0.48000702,0.34713045,0.17602468,0.11871224,-0.04743755,0.6234797,0.5989924,0.48913187,0.40985122,0.39714658,0.090056226,0.10365047,0.29416892,1.0,0.7993826,0.48809856,0.48162383,0.39185357,0.23820686,0.19887666,-0.1496387,0.21725555,0.4069437,0.4943287,0.17932908,0.45622882,0.348709,-0.02586512,0.25880116,0.37105605,0.2727982,-0.106006645,0.022698514,0.36694232,0.32420763,0.31249496,0.27829745,0.22184214,0.09645151,0.13431604,-0.024625758,0.054886278,-0.27687123,-0.16041328,0.032978304,0.40326142,0.08771628,0.274071,0.0048478087,0.5374443,0.41343212,-0.17794593,-0.095853455,0.5963782,0.5294916,0.039795406,0.3277013,0.42109704,0.31477657,0.007909851,-0.15495826,-0.0026541892,0.14097913,0.53296375,0.32806122,0.33329135,0.22336924,0.50984156,0.3494126,0.2730395,0.202478,0.18113454,0.15554452,0.11237734,0.24091257,0.3417774,0.11122684,0.2537823,0.053906746,0.42658442,0.44970766,-0.03361367,0.013448357,0.46792975,0.3357949,0.41380256,0.5647412,0.39231443,0.43373156,0.21095683,0.3027857,-0.12876227,0.34249568,0.24711326,0.06067278,-0.06692918,0.053735327,0.08602163,0.39777294
