1.0,0.44060847,0.5152804,0.48729074,0.1890388,0.07069804,0.65063304,0.32835624,0.18851578,0.21789254,0.6219064,0.32889643,0.4188501,0.20754525,0.33903912,0.22511879,0.42483738,0.14726669,0.6138699,0.6115282,0.033831783,0.03682233,0.41641906,0.40221995,0.05594463,-0.05502762,0.2668215,0.17626584,0.093727954,0.30082527,0.014145531,0.07098539,0.3844846,0.15839443,0.27896255,0.32163477,0.03509078,0.10315721,0.009943006,0.26518854,0.07861884,0.05563274,0.17080261,0.07492137,0.10088668,0.089602426,-0.10151335,-0.04654184,0.23322785,0.0152631765,0.5027741,0.06717198,0.1577184,0.24053857,0.066044115,0.2620847,0.7119259,0.39996672,0.11456336,0.005425943,0.5313694,-0.054699965,0.59140897,0.045173366,0.35517508,0.17211847,0.3929768,0.3438586,0.44162148,0.4528465,0.14187585,-0.08378087,-0.15311396,0.1315218,0.03354183,-0.07977318,0.14072895,0.03042274,0.16516355,0.26141542,0.4371672,0.21480262,0.05842451,0.105458684,0.38782883,0.2430011,-0.015629586,0.0022381716,0.3890831,0.12626296,0.078271635,-0.036014624,0.0360192,0.1948518,0.15581013,0.13381249,0.0013529804,0.052003466,-0.014480728,0.051778696,0.02113063,0.07676151,0.09591587,0.091030665,0.18014875,0.15479521,0.13369632,0.16216674,-0.057144564,0.021605374,-0.0259764,0.008113677,0.18687475,0.23193942,0.030513825,0.1632657
0.44060847,1.0,0.065108955,0.33787966,0.2733294,-0.415295,0.19715889,0.539826,0.0798726,-0.12744297,0.21651226,0.6410867,-0.056876827,0.6486509,-0.006016057,0.34533614,0.4777379,0.5164848,0.5591482,0.68470883,-0.09170878,0.22369075,0.23903279,0.36792594,-0.18383975,0.39256638,0.29990095,-0.12547861,-0.10887308,0.16306788,-0.070460014,0.07192168,0.351987,0.075282544,-0.11228621,0.06392839,-0.11692343,-0.19075112,-0.23947404,-0.011086411,-0.19464222,-0.15232465,-0.06992297,0.0031584618,-0.18513337,0.12136168,-0.29374182,-0.29671472,0.12005511,0.24857822,0.11315944,0.42110646,-0.26893917,0.43828917,-0.38573903,-0.013807028,0.6045212,0.7299439,0.072470725,0.05299722,0.3921432,0.004096497,0.34585902,0.33884,0.054114312,0.45262426,-0.06411915,0.2528863,0.48812094,0.68355733,-0.17677695,-0.4668248,-0.56508344,-0.33624485,-0.45862108,-0.44381982,-0.2190979,-0.3377058,0.11900028,0.13880883,-0.030628921,0.3454791,0.08329147,0.31591383,-0.17258747,0.5442781,-0.22192457,0.15175138,-0.17928502,0.23213567,-0.43414727,-0.090705626,0.039596014,0.4695575,-0.2085576,-0.07364817,-0.33929002,-0.42163536,-0.49064547,-0.35557976,-0.29375175,0.18358324,-0.28143096,0.15641646,-0.15393668,-0.25846094,-0.3610424,-0.27429697,-0.13602985,-0.29161617,-0.4395552,-0.522969,-0.3059895,0.3719756,-0.37293428,-0.3454096
0.5152804,0.065108955,1.0,0.4195634,0.440798,0.13790534,0.68227607,0.124584645,0.4973393,0.1533047,0.39054853,0.14355497,0.43077534,0.010328939,0.5876621,0.34938234,0.18190122,-0.11739464,0.45799878,0.19877276,0.2641355,0.3179863,0.7811768,0.65629375,0.34368992,0.10656553,0.31517488,0.040822573,0.17503975,0.26327172,0.473154,0.3764563,0.20144765,-0.0075986446,0.391243,0.10502418,0.28372335,0.0064081033,0.11436609,0.13562997,0.32248506,0.13982743,0.18780887,-0.11796001,0.17536885,-0.15884033,0.10548632,0.066923626,0.10118741,0.1471126,0.45019573,0.10771401,0.0074618873,0.13710855,0.13321759,0.052850083,0.40980583,-0.048509378,0.26593247,0.08520552,0.14564568,-0.0076145534,0.0760139,-0.15307975,-0.11275622,-0.1688017,0.4023064,-0.084397934,0.3329469,0.16580167,0.2450552,0.10199653,0.10566495,0.19172393,0.26379818,0.11998054,0.36027882,0.24040112,0.047542907,0.08559386,0.2071153,0.16376649,0.2590998,0.28038117,0.6814222,0.10751956,0.29467493,0.20959808,0.23084074,-0.027674222,0.13007218,0.16861328,-0.021480538,0.18047047,0.37932613,0.28725597,0.20863695,0.21989207,0.25137097,0.26578304,0.0661101,-0.18080968,0.31010893,0.23745288,0.18273489,0.55331355,0.24080811,0.56185114,-0.07979813,0.116337545,0.22672422,0.27219576,0.2476009,0.29128423,0.24571441,0.22010456
0.48729074,0.33787966,0.4195634,1.0,0.4944884,0.011057881,0.5967984,0.72142,0.24229991,0.17381881,0.4210708,0.4337738,0.1802288,0.39354584,0.4277224,0.55168253,0.3534189,0.37452444,0.61192924,0.62898314,0.20086904,0.3320361,0.57298917,0.6724489,0.0830656,0.30530733,0.36563838,-0.021800108,0.3228917,0.5571297,0.20659915,0.33044392,0.50917244,0.3115801,0.60211074,0.46766213,0.16414604,0.1460929,0.19343379,0.35393274,0.25583974,0.16925752,0.42294115,0.30201808,0.34288213,0.18610343,0.15878168,0.21725419,0.25770068,0.073450506,0.2943898,0.16303732,0.10610014,0.39010328,0.21358393,0.3722257,0.4865171,0.38833728,0.3263211,0.112946555,0.3352998,0.019966675,0.22429138,0.17994058,0.07296843,0.23914318,0.5201505,0.41314328,0.34837243,0.54171985,0.16811319,0.22799881,0.0044604694,0.31249362,0.24804121,0.16753584,0.25064886,0.10230092,0.15968905,0.48437518,0.45084405,0.6019455,0.21858844,0.5106072,0.37462687,0.5251451,0.16708788,0.2855346,0.2677466,0.2488723,0.06897869,0.20012689,0.15189898,0.2926554,0.38302198,0.40477523,0.20835847,0.26552403,0.19987316,0.2674676,0.05681203,-0.0664691,0.15568088,0.14987622,0.3806202,0.18381338,0.32917687,0.21640326,0.01391207,0.2633896,0.21275556,0.23553692,0.31468177,0.35140112,0.10082421,0.26002914
0.1890388,0.2733294,0.440798,0.4944884,1.0,0.013128072,0.39550924,0.53419155,0.67630297,0.055536956,0.25105318,0.33142665,0.23088007,0.35346755,0.5473186,0.5566744,0.2683785,0.2766712,0.39218152,0.34175518,0.3136721,0.61265874,0.6773197,0.58156776,0.31616127,0.5676505,0.3479543,-0.08408794,0.35299242,0.34002557,0.4852009,0.43530095,0.29566908,0.14526086,0.3136776,0.082960315,0.4020616,0.09876076,0.22870639,0.20880309,0.33110163,0.30058512,0.2885123,0.0050994116,0.09422793,-0.049650814,0.21772298,0.10839513,-0.05893214,0.075108506,0.038664293,0.27328894,-0.17613818,0.37076265,0.076093294,0.01684529,0.35492516,0.22315274,0.26003304,0.08371534,0.016868183,0.13487442,-0.0069000763,0.021588529,-0.10952467,0.098228686,0.27096236,-0.039677758,0.24272385,0.3657899,0.1968985,0.08740653,0.043305054,0.19217232,0.26400253,0.07924395,0.26419502,0.10053186,0.071821064,0.08328541,0.27867723,0.3714375,0.43357506,0.63674194,0.23404524,0.44358185,0.32081574,0.48052305,0.06925999,0.07258943,-0.061750613,0.0449499,0.019589178,0.40009302,0.29934415,0.33033165,0.2443215,0.10685175,0.22195189,0.15265884,-0.07218886,-0.12762094,0.14661187,0.3177859,0.15877403,0.31324863,0.10107998,0.37417787,0.13373451,0.2302471,0.255107,0.15562867,0.12079352,0.47401455,0.2228959,0.19166782
0.07069804,-0.415295,0.13790534,0.011057881,0.013128072,1.0,0.11911184,-0.18123432,0.25337675,0.36145663,0.099149175,-0.500709,0.2471114,-0.35400617,0.3347796,-0.07453894,-0.28704977,-0.31376788,-0.16963196,-0.06637401,0.11567531,0.065844685,0.112961255,-0.14060354,0.5301032,-0.17030577,0.094209656,0.13961317,0.09609111,-0.06765834,0.10127812,-0.023248343,-0.18722633,-0.084708735,0.175537,-0.012011262,0.39092526,0.36843342,0.23557992,0.1628988,0.31852835,0.34561443,0.17198141,-0.011222959,0.22285914,-0.28427896,0.2475388,0.24494973,-0.13078536,-0.44557992,0.07999831,-0.345415,0.37667942,-0.2330465,0.4191232,0.03417477,-0.26928666,-0.392268,-0.06955943,-0.2746411,-0.1742504,0.047040433,0.11311513,-0.3475658,0.09724241,-0.4099899,0.029093837,-0.12459649,-0.36831737,-0.27010456,0.46666476,0.34591544,0.4433222,0.41659307,0.33858877,0.32542044,0.25838956,0.13088901,-0.06629766,-0.1541158,0.32180232,-0.24969319,0.17174236,0.02150243,0.13398646,-0.36186242,0.47425234,0.08184059,0.4127849,-0.35792357,0.5291426,-0.11488089,-0.17749347,-0.3367696,0.26166868,0.019063124,0.36908892,0.34347114,0.50850683,0.3662008,0.3196902,0.04613166,0.39353374,0.077849776,0.30495968,0.26380962,0.33167306,0.22372782,0.25040275,0.35028797,0.41146612,0.52816474,0.2658122,-0.026504809,0.5277844,0.5175851
0.65063304,0.19715889,0.68227607,0.5967984,0.39550924,0.11911184,1.0,0.31708118,0.29064155,0.12874861,0.6260573,0.18091024,0.49379268,-0.020747483,0.4226552,0.22353368,0.26355633,-0.07748818,0.4455102,0.47993475,0.16304007,0.21896411,0.6385562,0.51222056,0.2496493,0.012127469,0.26939392,0.03733712,0.18107618,0.21612069,0.2832946,0.21479072,0.2625884,0.06877368,0.43540287,0.40353248,0.3145384,0.13599017,0.046900045,0.15829316,0.3112715,0.21654129,0.25740924,-0.03542234,0.15375984,0.009828397,0.044461083,-0.080073774,0.20512787,0.066621944,0.47422722,0.04346234,0.097036526,0.15031825,0.07641586,0.118838355,0.5269986,0.183046,0.26844478,0.06424333,0.29607555,-0.10131009,0.45275036,-0.07088,0.18475312,0.04079856,0.5269009,0.09629227,0.24306723,0.27954727,0.25830206,0.120860346,0.038275268,0.2360827,0.26569363,0.11054376,0.32852027,0.16992332,0.04739949,0.08582691,0.44869155,0.1598606,0.20262119,0.24085426,0.59616077,0.20787051,0.21157826,0.11365872,0.51445216,0.047281653,0.1386798,0.1712143,0.07977811,0.10281881,0.36714524,0.21483125,0.15243873,0.15860166,0.12367249,0.19794472,0.14947468,-0.030129692,0.31962025,0.24710035,0.20423625,0.4058869,0.25882003,0.5002662,-0.07192922,0.05405431,0.10626554,0.18395944,0.31866002,0.31769264,0.3856604,0.32571673
0.32835624,0.539826,0.124584645,0.72142,0.53419155,-0.18123432,0.31708118,1.0,0.23334448,-0.032497827,0.35855433,0.56575555,0.15535048,0.6171761,0.2187621,0.4746881,0.436935,0.5428667,0.57040447,0.62969583,0.027686834,0.28138873,0.35828194,0.5537708,-0.0973601,0.4903373,0.4243637,-0.048530743,0.1502662,0.39265627,0.027544621,0.11361528,0.47915545,0.27004963,0.31533358,0.2865648,-0.02125648,-0.013588345,0.086802445,0.2541797,0.054243416,0.08944131,0.2625233,0.30415574,0.1860828,0.18341601,-0.00096735905,0.0700669,0.19067965,0.10793383,-0.0011497234,0.2320952,-0.008642746,0.5004873,0.019385792,0.27557936,0.4407267,0.61220586,0.26824364,0.15129498,0.23343186,0.030065948,0.19455951,0.30854687,0.031958662,0.39067528,0.27489603,0.39547163,0.34507024,0.5500042,-0.085338466,-0.032919165,-0.19285086,0.073745735,0.042921554,-0.054571457,-0.033096068,-0.17575271,0.11871644,0.3885301,0.29702985,0.6399915,0.07883925,0.5307659,0.01212307,0.65254617,-0.03982266,0.26863378,0.035115507,0.31655756,-0.23992635,0.06636809,0.17614332,0.45544198,0.09365232,0.22260377,-0.01948764,0.029711775,-0.051404115,0.0077227512,-0.2121855,-0.04831406,-0.15199615,0.05285918,0.12677686,-0.036542397,0.109104045,0.04874489,-0.07329829,0.09176213,0.0010348377,-0.04833122,0.060590055,0.29968852,-0.09551183,0.049623914
0.18851578,0.0798726,0.4973393,0.24229991,0.67630297,0.25337675,0.29064155,0.23334448,1.0,0.07941614,0.25538358,0.12019213,0.3749337,0.17239077,0.6490009,0.4939462,0.12678275,0.17176013,0.28502503,0.11360348,0.29215404,0.48708153,0.5943131,0.38675037,0.5429161,0.52454454,0.4225831,0.00014384388,0.26836988,0.26026878,0.4563977,0.29000676,0.1995744,0.041426413,0.1681694,-0.06700243,0.34480387,0.21907301,0.26899186,0.19551907,0.23872128,0.22457822,0.3386499,0.034069832,0.27462637,-0.19697843,0.3038218,0.2358484,-0.025304414,-0.065984346,0.08026972,0.14501831,-0.088087566,0.40629578,0.22398883,0.009005861,0.22230099,-0.03591649,0.22512577,0.037737936,-0.013621731,0.14795622,-0.012733798,-0.18807569,-0.04803513,-0.087990135,0.1652334,-0.067091785,0.18715422,0.22488062,0.22753575,0.07934465,0.12766212,0.22356188,0.2190333,0.119762614,0.17610894,-0.038160928,-0.02776527,0.029176202,0.28364688,0.25471863,0.5196049,0.61626333,0.2965585,0.210769,0.4919234,0.47495615,0.17516688,-0.13977954,0.1704545,-0.05621909,-0.17843083,0.24050659,0.2848452,0.27308252,0.28640074,0.1930266,0.3618436,0.29278827,0.08778998,-0.011532992,0.26681823,0.36386392,0.2549058,0.48266217,0.06958991,0.33845517,0.17977881,0.33001497,0.38391468,0.31861627,0.18169183,0.43253672,0.3130741,0.289277
0.21789254,-0.12744297,0.1533047,0.17381881,0.055536956,0.36145663,0.12874861,-0.032497827,0.07941614,1.0,-0.0052820668,-0.14926362,0.050928846,-0.13631056,0.3400029,0.33992657,-0.14795826,-0.12248998,0.028570598,0.092155635,0.018665215,0.1317395,0.062281862,0.12439903,0.17570435,-0.23687944,-0.21266207,-0.0144571485,0.07139495,0.27832013,-0.066449665,-0.100675896,-0.074659586,0.06928706,0.29588708,0.24753723,0.37695023,0.4988497,0.15529631,0.42987472,0.2847492,0.2840493,0.2192604,0.17589515,0.12181844,-0.023836972,0.16686207,0.26327065,0.22806452,-0.16354495,0.24945666,-0.23669966,0.38954592,-0.030440746,0.32632753,0.3259309,-0.012170308,-0.05526305,-0.21236767,-0.15690531,0.21473815,-0.0018924746,0.0021245484,0.025736183,0.11105349,-0.19027084,0.08431064,0.220189,-0.07869517,0.14455612,0.2612574,0.053106625,0.018696817,0.17323719,0.140437,0.09970765,0.24239399,0.2621344,-0.11578348,0.29993725,0.15667231,0.07562231,0.27988175,-0.021822574,0.214811,-0.11826087,0.08476082,-0.034584485,0.3030811,0.17923628,0.3548626,-0.01398769,0.07751385,-0.13639228,0.022087432,0.09359845,0.30689383,0.25297603,0.26896915,0.22566141,0.071429744,-0.017336108,0.06426091,-0.043440454,0.41385773,-0.010774797,0.27882668,0.06130253,0.44621247,0.3421829,0.23278385,0.2017367,0.29061678,-0.030419659,0.15935518,0.30196467
0.6219064,0.21651226,0.39054853,0.4210708,0.25105318,0.099149175,0.6260573,0.35855433,0.25538358,-0.0052820668,1.0,0.3257796,0.691619,0.1310895,0.27026543,0.023839017,0.57394946,0.12002506,0.42714196,0.38952154,0.025778512,0.05857589,0.34492338,0.21522525,0.104801096,0.061194897,0.29176006,0.21495835,0.35685757,0.25196216,0.19205603,0.16098577,0.45296064,0.32356644,0.26446453,0.3537572,0.047828276,0.1537151,0.26217136,0.2623992,0.14981933,0.27040538,0.24543372,0.14518353,0.17299154,0.074056216,0.08538535,0.03359221,0.18104918,-0.11388965,0.24505755,0.02543027,0.1549498,0.22138502,0.19542187,0.24063952,0.5864612,0.24309121,0.21584126,0.027874026,0.23288555,-0.12795697,0.5762547,-0.062670186,0.37705046,0.12920217,0.48100373,0.29987562,0.24899799,0.1820132,0.15082838,0.22288144,0.18970889,0.37549382,0.32333732,0.21986991,0.18876214,0.13380392,0.34183383,0.103266574,0.62589675,0.12082083,0.017074,0.11290698,0.3374789,0.16906956,0.1670665,0.032344673,0.5750381,0.007004471,0.13337745,0.09062017,0.27716509,0.14610988,0.29674727,0.30043408,0.18045767,0.25651678,0.13056414,0.13793,0.13397336,-0.11624297,0.17392902,0.074002706,0.10469253,0.2645581,0.2687409,0.3325091,-0.078595534,0.11056832,0.1659895,0.21067163,0.24837102,0.12610221,0.22842462,0.31022403
0.32889643,0.6410867,0.14355497,0.4337738,0.33142665,-0.500709,0.18091024,0.56575555,0.12019213,-0.14926362,0.3257796,1.0,0.050001293,0.7726632,0.05682452,0.4284972,0.67686003,0.656908,0.62417394,0.41151175,0.008440246,0.25593287,0.25788733,0.44036406,-0.3469633,0.40476334,0.2834517,0.060612734,0.29155442,0.5186443,0.15145864,0.20183386,0.6485033,0.46551844,0.17361222,0.2528957,-0.25604114,-0.003856866,0.09614995,0.25140285,-0.12356568,0.022818634,0.19286448,0.30183047,0.080155686,0.3339846,-0.029839221,0.017298874,0.082845956,0.23756497,0.053588767,0.4120416,-0.1533051,0.47542343,-0.07007766,0.28693178,0.6219021,0.6358008,0.2586435,0.18604164,0.2199905,0.056600295,0.0766333,0.42447996,0.027228167,0.3638566,0.27168357,0.40788734,0.5848533,0.5473092,-0.34997916,-0.06126508,-0.28433403,0.004524693,-0.09476391,-0.17180473,-0.08296495,-0.032945413,0.44115475,0.4058445,0.11655874,0.57123613,0.011833038,0.4061876,-0.0017608181,0.6655144,-0.19562495,0.17948413,-0.092017815,0.43350095,-0.33872557,0.18847665,0.23105498,0.5159282,0.012629777,0.30426654,-0.09269439,-0.028140098,-0.21410026,-0.097742915,-0.29231742,-0.17796442,-0.29782677,-0.0117499465,-0.07368114,-0.029234746,-0.10244991,-0.10117197,-0.17644008,-0.06471995,-0.10872261,-0.17908335,0.035038747,0.2162739,-0.40455827,-0.1777665
0.4188501,-0.056876827,0.43077534,0.1802288,0.23088007,0.2471114,0.49379268,0.15535048,0.3749337,0.050928846,0.691619,0.050001293,1.0,-0.045552127,0.37493855,-0.10048838,0.23621437,-0.09219602,0.27758628,0.09817877,-0.032869726,-0.0033770823,0.29515868,0.07860654,0.19909853,-0.09247524,0.17837346,0.10989468,0.2603799,0.117296785,0.17661628,0.02384957,0.28146482,0.21720265,0.19934991,0.15482244,0.124302305,0.21634318,0.32013607,0.23163399,0.23980881,0.29920104,0.22021544,0.050485175,0.2521519,-0.14524955,0.14994541,0.07457156,0.16096418,-0.23802947,0.15992567,-0.241788,0.19079584,0.06615077,0.28678703,0.17796852,0.22335535,0.016414654,0.11381027,0.078308225,-0.010729294,-0.04931432,0.28944758,-0.20237117,0.2528364,-0.026592156,0.3928869,0.0797214,0.0938484,-0.08223504,0.25775585,0.27596095,0.40792817,0.41279712,0.44838452,0.32726386,0.21795519,0.19028376,0.12868698,-0.06959848,0.50294423,-0.05121639,-0.03678251,-0.020283151,0.3390215,-0.11411386,0.16519894,-0.009916788,0.5204122,-0.053278893,0.26201278,0.12504429,0.24597807,-0.05148844,0.33596286,0.23841347,0.30789116,0.34672722,0.29785633,0.2713471,0.14043926,-0.15322112,0.23013957,0.0063189385,0.15278336,0.39111447,0.38265485,0.49973586,0.027473941,0.19809464,0.28117958,0.35994023,0.31791702,-0.052706312,0.38466546,0.47512266
0.20754525,0.6486509,0.010328939,0.39354584,0.35346755,-0.35400617,-0.020747483,0.6171761,0.17239077,-0.13631056,0.1310895,0.7726632,-0.045552127,1.0,0.099021465,0.4856914,0.5311329,0.73330396,0.59619105,0.45788231,-0.15225,0.28751978,0.19225761,0.35724172,-0.21477439,0.5495325,0.28609663,-0.051983375,0.14585729,0.42714012,-0.036787704,0.13198128,0.57164764,0.38682425,0.060388576,0.044170998,-0.2844091,-0.07479484,0.04066369,0.17354251,-0.12312734,-0.05102023,0.15883124,0.24965893,0.08250744,0.16225918,-0.010837135,0.037715666,0.04338816,0.2214109,-0.11529777,0.3484364,-0.2109017,0.46955678,-0.09539878,0.15699074,0.41585436,0.6092481,0.1982788,0.16391352,0.10165691,0.10433867,-0.013861067,0.37067607,-0.14625192,0.3942818,0.041174777,0.30400375,0.42517027,0.5656882,-0.28383598,-0.10919035,-0.29800224,-0.042471327,-0.1853402,-0.21869355,-0.27563694,-0.21501726,0.27894947,0.35195062,0.05246168,0.58180195,0.0045870026,0.5062319,-0.22048153,0.62453204,-0.14463986,0.23561843,-0.27640814,0.32183224,-0.4016435,-0.017908294,0.067408696,0.53436357,-0.073989965,0.1809791,-0.10380653,-0.10347645,-0.18494889,-0.1682754,-0.3753653,-0.045813065,-0.40265608,-0.020055732,-0.07280942,-0.19821398,-0.16075212,-0.28257668,-0.058667887,0.03412287,-0.088021,-0.19947018,-0.10592481,0.24659365,-0.453189,-0.22384472
0.33903912,-0.006016057,0.5876621,0.4277224,0.5473186,0.3347796,0.4226552,0.2187621,0.6490009,0.3400029,0.27026543,0.05682452,0.37493855,0.099021465,1.0,0.58522445,0.09641572,0.08324961,0.4023193,0.19638808,0.29577994,0.4773391,0.64476186,0.46261415,0.5560872,0.24598502,0.33592364,-0.077806234,0.38062763,0.47270942,0.3823783,0.33126792,0.2564457,0.1061216,0.37594146,-0.0091234995,0.46021965,0.34461936,0.35853598,0.38981706,0.43042636,0.29649755,0.35286036,0.08452738,0.2789681,-0.23539397,0.32454368,0.3359442,0.13073741,-0.07726418,0.3612872,-0.09253331,0.19684505,0.2574838,0.4048892,0.19824106,0.24272494,-0.09319303,0.11460158,-0.057550076,0.07966018,0.070995726,0.007823209,-0.21552417,-0.111261405,-0.15710866,0.26423016,0.028734826,0.13914603,0.26460534,0.43746817,0.2647289,0.27754208,0.45445397,0.3955619,0.29643455,0.26922724,0.20185176,-0.075779825,0.20684619,0.4026579,0.2539502,0.54465854,0.4663255,0.47780997,0.06279258,0.5292922,0.29949465,0.23651683,-0.078476846,0.30462497,-0.016575316,-0.023158722,0.03663424,0.4254239,0.37994885,0.42839244,0.3681926,0.49793512,0.40934452,0.14533614,-0.06375277,0.343418,0.25642672,0.48893243,0.4534597,0.38392836,0.3285143,0.34131002,0.48463005,0.4848627,0.45062894,0.31548557,0.34395307,0.3317585,0.40326637
0.22511879,0.34533614,0.34938234,0.55168253,0.5566744,-0.07453894,0.22353368,0.4746881,0.4939462,0.33992657,0.023839017,0.4284972,-0.10048838,0.4856914,0.58522445,1.0,0.20489818,0.46734482,0.48792154,0.36322153,0.28395557,0.58923846,0.5097225,0.62252384,0.22610669,0.53858674,0.28659865,-0.18721363,0.24706168,0.64337325,0.26537284,0.30136305,0.3446406,0.16240832,0.38919887,0.19381171,0.28463402,0.23348501,0.18995604,0.39932925,0.18269184,0.13531218,0.39459318,0.28598905,0.21450372,0.07217026,0.21490908,0.2866203,0.14140908,0.22709486,0.2451698,0.301013,0.032442108,0.46535254,0.18693335,0.2781534,0.33356798,0.2790817,0.17321163,0.052955415,0.25367296,0.08445942,-0.11156877,0.16289395,-0.15890995,0.10819944,0.19162373,0.26355985,0.3603079,0.6046826,0.08690325,-0.014049557,-0.16882905,0.13597745,0.062094513,5.733045e-05,0.12591957,0.0053859195,-0.02794498,0.5157978,0.16245988,0.66664225,0.5847294,0.7110251,0.29548842,0.48602995,0.2722336,0.4419565,-0.01980208,0.2468303,0.01594862,0.019503627,-0.07236089,0.38049376,0.17348371,0.35010645,0.1837932,0.13213952,0.18540695,0.22953261,-0.037330914,-0.037437163,0.04639235,0.3030757,0.38696694,0.16539876,0.068612,-0.035434738,0.24794969,0.3418487,0.21577868,0.10860766,0.14679821,0.47989935,-0.058979467,0.046830386
0.42483738,0.4777379,0.18190122,0.3534189,0.2683785,-0.28704977,0.26355633,0.436935,0.12678275,-0.14795826,0.57394946,0.67686003,0.23621437,0.5311329,0.09641572,0.20489818,1.0,0.5092953,0.47098184,0.30214804,-0.019905394,0.13705418,0.23871599,0.29618236,-0.19125785,0.304373,0.3484177,0.22070906,0.35545728,0.4095866,0.20477071,0.28024095,0.61375403,0.5099366,0.166289,0.27703196,-0.24605681,-0.022793364,0.15820974,0.22777429,-0.0463616,0.16332524,0.21156143,0.30270544,0.14618577,0.27229464,0.095038146,0.10510731,0.09318552,0.04621067,0.058838144,0.26405862,-0.047801588,0.2970602,0.086834915,0.26959902,0.66345626,0.48858532,0.15748443,0.10922696,0.2582368,0.01461688,0.34041402,0.33088532,0.22962905,0.25443843,0.322449,0.42555198,0.3455472,0.3508117,-0.21561253,0.052207705,-0.12493762,0.1637519,0.11798867,-0.02150045,-0.11860455,-0.00025967523,0.56933886,0.25929832,0.3479574,0.33626246,-0.08949644,0.23282221,0.07264705,0.44438577,-0.11059249,0.012318058,0.16219336,0.28943074,-0.23787935,0.069466166,0.3179027,0.3613028,-0.0048595415,0.30432266,0.005240133,0.103387766,-0.087799415,-0.106799744,-0.2342423,-0.17732617,-0.24545743,-0.09118939,-0.1916612,-0.020683102,-0.03336637,-0.0044168863,-0.1581998,0.022910777,0.020610388,-0.06494652,0.029118354,0.075456776,-0.28262863,-0.122954205
0.14726669,0.5164848,-0.11739464,0.37452444,0.2766712,-0.31376788,-0.07748818,0.5428667,0.17176013,-0.12248998,0.12002506,0.656908,-0.09219602,0.73330396,0.08324961,0.46734482,0.5092953,1.0,0.5388157,0.332585,0.061608043,0.17629635,0.107331306,0.21256185,-0.24784397,0.4620567,0.32659394,0.090106435,0.33777046,0.59838027,0.063467465,0.20396018,0.6897778,0.5133252,0.20919845,0.20113835,-0.21064667,0.054331392,0.2484978,0.31660643,-0.16657655,0.019262386,0.42493328,0.511222,0.22966915,0.38930303,0.20088029,0.281672,0.060206994,0.12451747,-0.12933326,0.37234497,-0.10443459,0.3968302,0.1312204,0.35632855,0.39007527,0.54641736,0.21241145,0.21880853,0.28759828,0.14154188,0.047375184,0.38739854,0.18244775,0.38181758,0.22703278,0.52414346,0.41943327,0.54711217,-0.16265051,-0.007824274,-0.15443102,0.14280403,-0.070549235,-0.016222853,-0.09511599,-0.18784139,0.4134392,0.49918425,0.2330161,0.6530671,0.10122349,0.46821406,-0.1571219,0.5640223,-0.09846066,0.22506498,-0.15547608,0.2843457,-0.12162076,-0.01122285,0.13244501,0.47483796,0.04118463,0.34994325,0.0021901545,0.07381489,-0.010299461,0.11032982,-0.10649612,0.063703515,-0.2086845,0.05927841,0.09693566,-0.14789245,-0.1435465,-0.35236335,0.104678325,0.18261386,0.069804825,-0.034216095,0.007714764,0.19634417,-0.42312238,-0.1331633
0.6138699,0.5591482,0.45799878,0.61192924,0.39218152,-0.16963196,0.4455102,0.57040447,0.28502503,0.028570598,0.42714196,0.62417394,0.27758628,0.59619105,0.4023193,0.48792154,0.47098184,0.5388157,1.0,0.63806516,0.14688872,0.29713726,0.55373746,0.5785579,-0.040140536,0.3241442,0.35506868,-0.023064544,0.28732395,0.55247205,0.19362319,0.2749352,0.70440185,0.38319343,0.33394572,0.18948407,-0.0034696485,0.04327837,0.27582812,0.39820737,0.16713661,0.0004809304,0.3450999,0.261364,0.22159949,0.22825047,0.10142782,0.1478926,0.25828826,0.21569343,0.23520999,0.24676152,-0.064334184,0.4169182,0.13614269,0.34480208,0.62217325,0.49805945,0.24624409,0.13795358,0.364109,0.044347543,0.18509695,0.18093766,0.10638485,0.28855377,0.42692178,0.4020343,0.6575916,0.6145874,0.11718752,0.07407895,-0.06947162,0.16805479,0.103089556,-0.013550885,0.16666791,-0.015980305,0.22995576,0.40875062,0.29895937,0.56073743,0.154431,0.45516887,0.24826191,0.50224125,0.052058965,0.26412055,0.049529187,0.28058538,0.000863,0.077502206,0.18725882,0.45968452,0.3835558,0.4761261,0.17724751,0.18818504,0.09137877,0.19435216,0.019375207,-0.054129764,0.082970165,0.1936939,0.25231105,0.20284086,0.14712606,0.09187136,0.0226256,0.20362769,0.13760115,0.088631496,0.16541047,0.4170586,-0.11856756,0.1287272
0.6115282,0.68470883,0.19877276,0.62898314,0.34175518,-0.06637401,0.47993475,0.62969583,0.11360348,0.092155635,0.38952154,0.41151175,0.09817877,0.45788231,0.19638808,0.36322153,0.30214804,0.332585,0.63806516,1.0,-0.035040427,0.2928836,0.37478015,0.42925957,0.0054476513,0.24028184,0.27992383,-0.12398221,-0.017015683,0.22323991,-0.08635751,0.03390423,0.32877937,0.10046375,0.12679324,0.22069505,0.09990456,-0.005111687,-0.10282192,0.14444165,0.101293445,-0.047903597,0.06431738,0.02402407,-0.033985067,0.1153306,-0.1893943,-0.1901065,0.240023,0.1351232,0.20465358,0.24279904,-0.07052704,0.38808373,-0.17531113,0.08637239,0.5379381,0.6147663,0.1667188,0.032749023,0.4103703,-0.017920746,0.4707041,0.18195811,0.13700603,0.42003176,0.13531929,0.29335797,0.39295354,0.64838254,0.1333559,-0.16040426,-0.31545877,-0.07179052,-0.15619497,-0.25522563,0.004611316,-0.16952306,0.005889246,0.18666898,0.2337643,0.33520865,0.11754241,0.33855763,-0.02206838,0.47254887,-0.026497854,0.21853173,0.096824504,0.19545595,-0.16303855,-0.08883855,0.015120352,0.33769843,0.094600745,0.053807862,-0.07110873,-0.14877568,-0.20602621,-0.1416565,-0.063180506,0.11778479,-0.030111581,0.17930794,0.10714066,-0.12315876,0.0037822747,-0.0448874,-0.012491963,-0.045133535,-0.18580925,-0.2140315,-0.018670123,0.42715394,-0.030070415,0.027216371
0.033831783,-0.09170878,0.2641355,0.20086904,0.3136721,0.11567531,0.16304007,0.027686834,0.29215404,0.018665215,0.025778512,0.008440246,-0.032869726,-0.15225,0.29577994,0.28395557,-0.019905394,0.061608043,0.14688872,-0.035040427,1.0,0.35025373,0.3645583,0.25909397,0.21692586,0.17689784,0.23079666,0.038162287,0.42544088,0.28901678,0.5447853,0.47942552,0.13629627,-0.012872396,0.2497566,0.15605722,0.37517908,0.1460437,0.38816234,0.26208764,0.16511777,0.111320704,0.3301179,0.15956993,0.26877832,0.10780068,0.30960846,0.34940246,-0.03774983,0.10485922,0.17337193,0.28736606,0.067410745,-0.00922084,0.3192904,0.22892319,0.12973967,-0.14016573,0.2301149,-0.019492289,0.20945318,0.10015859,-0.0006938343,-0.12430319,0.15132923,-0.13027747,0.34597203,0.097783566,0.29154444,0.11013252,0.41065282,0.2382064,0.2557411,0.31625637,0.2321386,0.29848027,0.565521,0.25101218,0.16957961,0.1263709,0.15795512,0.15016349,0.47532696,0.29325575,0.33293107,0.15609439,0.36503464,0.3239678,0.12651384,-0.05780331,0.44300702,0.34315833,-0.04825813,0.16364625,0.52066284,0.4306545,0.3127794,0.29927382,0.41565442,0.5535032,0.4796054,0.071435064,0.6009811,0.49109617,0.3857231,0.44631782,0.055113427,0.24850857,0.080973305,0.27208686,0.37805194,0.40210357,0.15941226,0.45782316,0.2984642,0.2602987
0.03682233,0.22369075,0.3179863,0.3320361,0.61265874,0.065844685,0.21896411,0.28138873,0.48708153,0.1317395,0.05857589,0.25593287,-0.0033770823,0.28751978,0.4773391,0.58923846,0.13705418,0.17629635,0.29713726,0.2928836,0.35025373,1.0,0.5347248,0.4395591,0.30793503,0.47554255,0.1795689,-0.34260902,0.30956152,0.2989408,0.48505417,0.41307577,0.16047585,0.10291119,0.23102662,0.06276115,0.5449441,0.23930885,0.19722404,0.28540474,0.46243572,0.3344701,0.21724644,0.054533836,0.12595198,0.0448978,0.25264585,0.16799638,0.086380795,0.19964859,0.069495946,0.24474852,-0.022545421,0.27635777,0.10133929,0.054765243,0.18119836,0.11988185,0.24839847,0.03489893,0.046806805,0.16853115,-0.12163269,0.07654514,-0.197898,0.07508984,0.111552425,0.021540971,0.19449057,0.26666266,0.2857963,0.18318906,0.0063835536,0.14615263,0.18009245,0.028556671,0.30285284,0.19860624,0.017856123,0.02460035,-0.0070805624,0.209089,0.5411267,0.5647116,0.10184803,0.3235511,0.37732878,0.46900356,0.013438066,0.14309949,0.09084388,0.13353917,-0.021662572,0.24414356,0.21599568,0.3014974,0.27347764,0.14727673,0.21650301,0.18290211,0.010830052,-0.20116,0.14795902,0.3273558,0.13162069,0.17186214,0.043003667,0.17707495,0.25364426,0.24517576,0.22255567,0.16876264,0.09396468,0.43684375,0.18233804,0.09022194
0.41641906,0.23903279,0.7811768,0.57298917,0.6773197,0.112961255,0.6385562,0.35828194,0.5943131,0.062281862,0.34492338,0.25788733,0.29515868,0.19225761,0.64476186,0.5097225,0.23871599,0.107331306,0.55373746,0.37478015,0.3645583,0.5347248,1.0,0.7587479,0.43642923,0.3974764,0.47080207,-0.05006962,0.25874084,0.33743954,0.62939525,0.5403988,0.32461256,0.009649875,0.41519532,0.072853714,0.39430466,-0.0019126686,0.1660678,0.1460848,0.38051504,0.19910672,0.25082493,-0.08454132,0.1644125,-0.114657156,0.15210062,0.072113924,0.0491157,0.13280973,0.30299395,0.2681195,-0.11247959,0.2623136,0.101446554,0.026202315,0.46736768,0.07779137,0.33203617,0.021777408,0.11799333,0.032845862,0.06485821,-0.13409573,-0.15132801,-0.023921711,0.38797027,-0.07085554,0.3936885,0.34141567,0.33645442,0.15123871,0.09692112,0.20608771,0.26099327,0.118739784,0.38536522,0.113852456,0.07472149,0.085399255,0.22264424,0.2919615,0.40914938,0.54593915,0.5162605,0.28657833,0.4204162,0.41741833,0.14426409,-0.037740204,0.08572166,0.111221954,0.014160762,0.31247562,0.44799584,0.35738257,0.2165909,0.1614644,0.24953791,0.26217243,0.105853654,-0.13097003,0.35322365,0.38369593,0.21983199,0.4969767,0.18215343,0.44314703,-0.035370797,0.16550496,0.23334481,0.23936391,0.16596328,0.5134218,0.23229188,0.17685966
0.40221995,0.36792594,0.65629375,0.6724489,0.58156776,-0.14060354,0.51222056,0.5537708,0.38675037,0.12439903,0.21522525,0.44036406,0.07860654,0.35724172,0.46261415,0.62252384,0.29618236,0.21256185,0.5785579,0.42925957,0.25909397,0.4395591,0.7587479,1.0,0.15174387,0.40022138,0.379964,-0.06402989,0.12644485,0.41831246,0.3969115,0.39758292,0.30075336,0.004648661,0.4530085,0.18821293,0.17024085,-0.09726455,0.00095258607,0.1698299,0.23890491,0.05098099,0.1733499,0.034953482,0.15734845,0.04016296,-0.012239413,0.053279072,0.1483473,0.26540208,0.32509038,0.30790958,-0.05905715,0.35758728,0.008845185,0.17270544,0.4799012,0.3033356,0.32829204,0.124387816,0.22784992,0.039745003,-0.02019686,0.11124158,-0.19801207,0.13568811,0.3504799,0.1133737,0.4855084,0.46809456,0.057084456,-0.01739293,-0.16851002,0.03282851,0.103678025,-0.036453806,0.23177816,0.10091993,0.04286946,0.34718844,0.09843683,0.5401546,0.25228375,0.5384214,0.47179207,0.4950638,0.14166227,0.34648958,0.01885743,0.2450779,-0.1093177,0.18875505,0.0799734,0.41061804,0.2392752,0.26335692,0.038859572,0.0604687,0.049380384,0.12508436,-0.12071325,-0.18144196,0.09169743,0.2031715,0.18004915,0.305402,0.14917244,0.29912475,-0.16971973,0.038558103,0.045208663,0.050839312,0.14527218,0.39214784,-0.042048063,0.0009101548
0.05594463,-0.18383975,0.34368992,0.0830656,0.31616127,0.5301032,0.2496493,-0.0973601,0.5429161,0.17570435,0.104801096,-0.3469633,0.19909853,-0.21477439,0.5560872,0.22610669,-0.19125785,-0.24784397,-0.040140536,0.0054476513,0.21692586,0.30793503,0.43642923,0.15174387,1.0,0.32316428,0.22453281,-0.19716518,0.06463484,-0.033056684,0.3550734,0.2506231,-0.15942334,-0.31018633,0.04817253,-0.23208795,0.48064277,0.1980654,0.08655217,-0.0009446675,0.33651304,0.15436065,0.04868648,-0.25862816,0.08246538,-0.41448584,0.113694794,0.07977142,-0.032121435,-0.22107367,0.11571357,-0.118457265,-0.0182385,0.028267859,0.16385177,-0.21432975,-0.096178986,-0.44306573,-0.012007067,-0.31882778,-0.20153467,-0.07711886,-0.016798507,-0.52372986,-0.20019676,-0.33596092,-0.11106335,-0.34044775,-0.2201697,-0.06679074,0.5441266,0.15484637,0.3185528,0.23728907,0.14166345,0.24255563,0.15011801,-0.11695864,-0.28821233,-0.17329305,0.20832638,-0.10473406,0.5563311,0.39550874,0.28789362,-0.2629984,0.74405235,0.36524338,0.24595208,-0.47013918,0.32994303,-0.27080035,-0.20677695,-0.082721785,0.27838308,0.027875187,0.22599088,0.1167352,0.3582368,0.30017272,0.3762683,0.120944336,0.4942137,0.47446212,0.35279655,0.43630084,0.1155976,0.22331133,0.18523091,0.25178102,0.3218431,0.35269287,-0.028214142,0.41699326,0.5447314,0.35907274
-0.05502762,0.39256638,0.10656553,0.30530733,0.5676505,-0.17030577,0.012127469,0.4903373,0.52454454,-0.23687944,0.061194897,0.40476334,-0.09247524,0.5495325,0.24598502,0.53858674,0.304373,0.4620567,0.3241442,0.24028184,0.17689784,0.47554255,0.3974764,0.40022138,0.32316428,1.0,0.4401818,-0.23946886,0.119699754,0.22937611,0.32649842,0.36627778,0.32641166,0.03130011,0.0014217286,-0.10337535,0.05629781,-0.11265457,0.09304962,0.01142487,-0.027102107,-0.021146283,0.19698457,0.09652589,0.077990055,0.003917698,0.12270785,0.08960889,-0.033061676,0.21065775,-0.17411198,0.43628773,-0.39191905,0.5007684,-0.06735109,-0.09301525,0.22965986,0.21032585,0.21228781,-0.008836057,-0.056114316,-0.014978258,-0.11167603,0.05280437,-0.26252717,0.156575,-0.03428901,0.023877366,0.22603661,0.41809013,-0.014549466,-0.09444738,-0.14505729,-0.043393426,-0.13673975,-0.11225486,-0.13823016,-0.4060029,0.0075512715,0.13839671,0.010625965,0.4568624,0.39741188,0.76045716,-0.05271996,0.4620511,0.3139326,0.49835178,-0.213094,-0.015304068,-0.22387467,-0.1467419,-0.08720472,0.47160387,0.084302366,0.21023135,-0.016105713,-0.097067334,-0.0039669527,-0.01133025,-0.04540582,0.02404225,-0.034375697,0.3694934,0.016814198,0.110237725,-0.28020313,-0.08769893,-0.06945433,0.13307072,0.091522396,-0.04824531,-0.23537779,0.5739361,-0.07617775,-0.14654215
0.2668215,0.29990095,0.31517488,0.36563838,0.3479543,0.094209656,0.26939392,0.4243637,0.4225831,-0.21266207,0.29176006,0.2834517,0.17837346,0.28609663,0.33592364,0.28659865,0.3484177,0.32659394,0.35506868,0.27992383,0.23079666,0.1795689,0.47080207,0.379964,0.22453281,0.4401818,1.0,0.18965271,0.10580842,0.22555336,0.3132888,0.19162448,0.3636758,0.006006688,0.18872824,0.010354076,-0.021398056,-0.15266249,0.035220478,-0.045752715,-0.092925265,0.022349697,0.1812583,0.14541645,0.23985033,-0.05494105,0.016511453,0.080581546,0.018760182,0.004299602,0.053010777,0.22964056,-0.13480525,0.45856473,0.028212195,-0.00094430125,0.37457862,0.22520271,0.31379342,0.04986719,0.1415455,0.091279,0.19040535,-0.018064186,0.0034674653,0.049980476,0.17068814,0.10871349,0.2732318,0.2957705,0.044007674,-0.07607506,0.0043386105,0.13991706,-0.034519166,0.004988521,-0.06441173,-0.34988752,0.17804115,0.13490866,0.17576638,0.29884475,0.117191434,0.4206527,0.087792546,0.36153707,0.18116286,0.16419315,-0.024980215,-0.10570856,-0.12753128,-0.051073022,0.004277431,0.3961484,0.13188848,0.12273026,-0.106961004,-0.020327456,0.028092247,0.07078718,-0.0073500476,0.014408344,0.06402237,0.17247841,0.053536724,0.21260914,-0.030360108,0.050677203,-0.18201585,0.009342203,0.05993917,0.08681313,-0.047879588,0.31894153,-0.036681086,-0.020930666
0.17626584,-0.12547861,0.040822573,-0.021800108,-0.08408794,0.13961317,0.03733712,-0.048530743,0.00014384388,-0.0144571485,0.21495835,0.060612734,0.10989468,-0.051983375,-0.077806234,-0.18721363,0.22070906,0.090106435,-0.023064544,-0.12398221,0.038162287,-0.34260902,-0.05006962,-0.06402989,-0.19716518,-0.23946886,0.18965271,1.0,0.14891396,0.10299619,0.06611303,-0.084669344,0.09823087,0.13731386,0.13472006,0.19556253,-0.3047866,-0.14619926,0.035046935,-0.091461435,-0.27211967,0.061944958,0.14498165,0.16698824,0.1748324,0.08620712,0.09563404,0.12205947,-0.10584956,-0.19349983,0.118810415,-0.10156108,0.13897519,0.022427527,0.14890812,0.10594754,0.19522259,0.024427181,0.10655345,0.09254849,0.11452136,0.14991155,0.24603452,0.048313994,0.31910023,-0.10690691,0.31735665,0.15840298,0.12014717,-0.11018002,-0.2359781,0.08543953,0.069326796,0.118757024,0.13933986,0.10725149,0.0051873596,0.20149434,0.3830268,0.07626492,0.23836458,0.0021326235,-0.28991634,-0.14912651,0.078083456,0.057675097,-0.22754394,-0.1973678,0.13446288,-0.043612793,0.007949598,0.08476154,-0.04397997,-0.0688723,0.032966692,0.03552203,-0.03109453,0.11545933,0.07654451,0.014798127,-0.13655664,-0.0076658293,-0.067598276,-0.30936897,-0.123146854,0.037902303,0.13392282,0.05627504,-0.22404078,-0.0033652391,0.103696145,0.17455798,0.34833658,-0.22987337,-0.067089885,0.042121872
0.093727954,-0.10887308,0.17503975,0.3228917,0.35299242,0.09609111,0.18107618,0.1502662,0.26836988,0.07139495,0.35685757,0.29155442,0.2603799,0.14585729,0.38062763,0.24706168,0.35545728,0.33777046,0.28732395,-0.017015683,0.42544088,0.30956152,0.25874084,0.12644485,0.06463484,0.119699754,0.10580842,0.14891396,1.0,0.61572236,0.48232296,0.4902289,0.5208785,0.5704442,0.43605664,0.26143134,0.27235028,0.34971637,0.70007885,0.5237855,0.3263838,0.4262315,0.5339781,0.38827893,0.3273005,0.21271409,0.5407922,0.5228394,0.060104676,-0.06984924,0.041277327,0.08655418,0.19938464,0.060694687,0.56674254,0.409216,0.2241017,-0.023869257,0.14256786,0.046960473,0.0486889,0.1664157,-0.026632782,0.12073347,0.25348344,0.043842897,0.5339644,0.29204732,0.18216266,0.06547246,0.29015917,0.58060944,0.523561,0.685981,0.5415798,0.54324454,0.476212,0.5075066,0.51860034,0.2898802,0.5322264,0.24413693,0.25442356,0.21238185,0.27568462,0.13079529,0.30846494,0.22601281,0.2845628,0.07070547,0.38449317,0.330459,0.2980091,0.07947603,0.5692455,0.7104492,0.5840639,0.60638386,0.5681978,0.5250683,0.3116175,-0.16374885,0.33270824,0.1676514,0.3594859,0.40343523,0.33484596,0.2959548,0.3113929,0.5415895,0.61662966,0.54774594,0.31438565,0.13682964,0.21427825,0.41355023
0.30082527,0.16306788,0.26327172,0.5571297,0.34002557,-0.06765834,0.21612069,0.39265627,0.26026878,0.27832013,0.25196216,0.5186443,0.117296785,0.42714012,0.47270942,0.64337325,0.4095866,0.59838027,0.55247205,0.22323991,0.28901678,0.2989408,0.33743954,0.41831246,-0.033056684,0.22937611,0.22555336,0.10299619,0.61572236,1.0,0.32153183,0.38112128,0.66091305,0.56005347,0.5804754,0.3745496,0.10681743,0.3442055,0.50704193,0.6255791,0.18661946,0.25554293,0.5941766,0.5547669,0.3765501,0.29301858,0.40483835,0.53198475,0.17679149,0.033812303,0.20380504,0.15768096,0.2287957,0.2928973,0.50778186,0.59349036,0.3829542,0.24237399,0.18186507,0.12777424,0.29152405,0.08254694,-0.04995463,0.19816384,0.1498836,0.10436568,0.5180907,0.5153627,0.4005701,0.43719,0.117934324,0.36019015,0.17712802,0.51488876,0.3481479,0.31860843,0.27930757,0.28882322,0.3841145,0.7081121,0.48483175,0.6339494,0.2958212,0.42523056,0.34642422,0.33410093,0.13469148,0.21517958,0.19590244,0.3101386,0.24177252,0.17532714,0.23363483,0.23093012,0.38455197,0.6354225,0.40347937,0.5100919,0.4116626,0.4552072,0.114865765,-0.17781547,0.103156455,0.058032546,0.42963913,0.21222381,0.28432903,0.04062021,0.25547224,0.50884765,0.45309752,0.37668425,0.37385264,0.17371105,-0.10696187,0.21901104
0.014145531,-0.070460014,0.473154,0.20659915,0.4852009,0.10127812,0.2832946,0.027544621,0.4563977,-0.066449665,0.19205603,0.15145864,0.17661628,-0.036787704,0.3823783,0.26537284,0.20477071,0.063467465,0.19362319,-0.08635751,0.5447853,0.48505417,0.62939525,0.3969115,0.3550734,0.32649842,0.3132888,0.06611303,0.48232296,0.32153183,1.0,0.6867459,0.2542344,0.056305986,0.33114946,0.05989803,0.40951166,0.04530036,0.36415595,0.15410693,0.31469965,0.33728996,0.26784924,0.02833015,0.1726345,0.027890328,0.3133598,0.24240325,-0.102400444,-0.0011685294,0.028665945,0.28353846,-0.12279397,0.023198485,0.26188487,0.074239865,0.22236495,-0.20444766,0.2983215,-0.020264339,-0.05880425,0.06604761,-0.1312351,-0.16629775,-0.024333889,-0.1359037,0.37467682,-0.077301905,0.23224972,-0.025618324,0.35780692,0.35061035,0.36594343,0.32245642,0.38721547,0.29857337,0.5304337,0.2656466,0.28399107,0.0316006,0.1662585,0.08605096,0.38526797,0.34500274,0.38971248,0.039677836,0.44733524,0.33463228,0.15600646,-0.13333471,0.26476932,0.19923057,0.16527978,0.164357,0.44496173,0.46170124,0.3057334,0.31567243,0.37727106,0.39057323,0.29037118,-0.23352921,0.42429134,0.35557404,0.12260447,0.51565117,0.07021581,0.37971565,-0.042396206,0.19943208,0.37012848,0.37217927,0.1319717,0.33169752,0.21820271,0.16573836
