1.0,0.8083279,0.44838566,0.42761332,0.1189452,0.16324893,0.64329827,0.5999636,0.3964731,0.3667915,0.64914435,0.52724546,0.38487995,0.5087902,0.27244195,0.21373779,0.4944925,0.20775399,0.80049986,0.7956056,-0.15698658,0.14745046,0.3261054,0.5546748,0.1862394,0.48824552,0.12033426,-0.080136895,0.3805551,0.2613564,0.103036046,0.4883684,0.70069176,0.5841397,0.2737856,0.18086196,0.34017572,0.0064336066,0.14627375,0.006081871,0.5135718,0.12254364,-0.25018498,-0.23299895,0.35934183,-0.0115073165,0.15582407,-0.0338406,0.0548818,0.0002509267,-0.23606545,-0.11440382,0.4040065,0.46952048,0.25845185,0.21135499,0.8510546,0.74768746,0.20107113,0.49421793,0.6883811,0.15609545,0.6531639,0.52361566,0.48270538,-0.35455212,0.1088989,-0.20909475,0.7508341,0.4948201,0.399828,0.35257566,0.31506193,0.20819287,0.1872704,0.045779396,0.21660009,0.25156322,0.42159852,0.51249564,0.5330179,0.31044987,-0.23890752,-0.049404256,-0.05904474,-0.2926949,-0.46766067,-0.45657438,-0.30170017,-0.3546292,-0.6768892,-0.44361526,-0.32709792,-0.7150055,0.39302823,0.47969195,0.5047475,0.33434042,0.22337657,-0.495084,0.23370528,-0.5584432,-0.58418214,-0.42353648,-0.5016068,-0.17364572,-0.19699241,-0.3119276,0.4218235,0.30079874,0.25677034,-0.6259136,-0.5067491,-0.6371396,-0.6497587,0.15176879
0.8083279,1.0,0.4741588,0.48825654,0.2815235,0.23134112,0.6287489,0.6145478,0.5096967,0.42109838,0.5890866,0.5829869,0.36276028,0.52963084,0.34556195,0.28797385,0.35184327,0.28835708,0.7983751,0.8157125,-0.12020286,0.27277726,0.38087732,0.54161173,0.2940345,0.58168674,0.2780147,0.08945,0.38140798,0.2865984,0.19213317,0.49992582,0.64225024,0.54416007,0.27565432,0.29616734,0.2933548,0.0071609784,0.114463374,0.09372319,0.5234289,0.22073145,-0.2789116,-0.13256735,0.30334714,-0.033466157,0.12967369,0.07839464,0.029031858,0.09130529,-0.35685128,-0.05481587,0.5222193,0.5127165,0.20464729,0.32554162,0.74099874,0.83811367,0.14574653,0.48215687,0.6301862,0.2074502,0.46478075,0.5881445,0.40354732,-0.37512556,0.082656495,-0.26401436,0.7635053,0.51274556,0.39535406,0.38746947,0.31219962,0.27003497,0.21998717,0.15668707,0.19467261,0.289757,0.24988545,0.5480106,0.38038018,0.31936252,-0.16687053,-0.021841224,-0.16353805,-0.27440313,-0.38455403,-0.43065736,-0.34850374,-0.16481757,-0.66179204,-0.40169322,-0.36388212,-0.7223541,0.4571213,0.59025383,0.52579606,0.3988891,0.15367001,-0.5102872,-0.013610874,-0.5599059,-0.6372305,-0.41338947,-0.54950094,-0.1516672,-0.28213292,-0.34233084,0.47385824,0.35975096,0.35223365,-0.6422297,-0.46944198,-0.64511395,-0.5972567,0.17380166
0.44838566,0.4741588,1.0,0.8741673,0.6121907,0.59650934,0.8334883,0.8174271,0.682449,0.6462093,0.6640991,0.72322494,0.64733636,0.6974946,0.59883124,0.5372275,0.54661465,0.4496464,0.27172413,0.5143779,0.2474624,0.40712768,0.8144623,0.7563525,0.70883256,0.65504885,0.51921606,0.34069264,0.5246098,0.45526275,0.7183482,0.66044134,0.7226229,0.60492057,0.44164592,0.36922774,0.38316888,0.23189124,0.2921561,0.23561753,0.23546676,0.066702835,0.25629583,0.1601165,0.15705335,0.1351406,0.38769475,0.33660197,0.08498949,0.24882944,0.046864342,0.19419672,0.4740496,0.34397227,0.3967591,0.3181229,0.37396967,0.34024405,-0.11871469,0.03035139,0.20046341,-0.20656554,0.41155896,0.06665035,0.08782984,-0.14805332,-0.02902606,-0.030992616,0.21376446,-0.029888427,0.48646668,0.49928692,0.37406826,0.3568874,0.44693762,0.34406638,0.30444726,0.30188832,0.30807117,0.47323272,0.5234083,0.3694468,0.26193607,0.35899067,0.4806713,-0.02841371,0.14617476,-0.0062786913,0.0567124,-0.02929587,-0.18277907,-0.19724299,-0.26936233,-0.40589765,0.49310786,0.48408833,0.46647102,0.30528253,0.2686566,-0.06337277,0.031272665,-0.01988768,-0.11214663,0.1078456,0.014652087,0.184613,-0.009737207,0.03728532,0.42032233,0.46900576,0.4140309,-0.13537505,-0.10147415,-0.22859116,-0.11409708,0.39258718
0.42761332,0.48825654,0.8741673,1.0,0.6662632,0.61265457,0.8219096,0.8345847,0.72976905,0.6517628,0.66704535,0.7475139,0.6689654,0.7259256,0.6313788,0.5720232,0.49502632,0.50875735,0.3073872,0.5117736,0.2728507,0.43823558,0.8447684,0.76663995,0.7400211,0.67867047,0.5791446,0.3875348,0.5383426,0.49175712,0.75646865,0.6966793,0.6796936,0.6157767,0.43996027,0.4151347,0.37777516,0.26551747,0.28140745,0.24553484,0.23198706,0.1008332,0.22767939,0.23005444,0.20360535,0.13300903,0.39565134,0.40736988,0.10603544,0.3226122,0.0119112395,0.18411385,0.44981724,0.42491654,0.38622016,0.3915146,0.34958705,0.37687892,-0.059702724,0.10104952,0.19723134,-0.09684362,0.33838707,0.101293005,0.12667094,-0.08394646,0.04233349,-0.013936463,0.22933799,0.025848001,0.5038315,0.5143383,0.39768776,0.39587924,0.42402953,0.35027787,0.30343303,0.33566776,0.26833874,0.5220705,0.46870846,0.3795798,0.24629141,0.34279048,0.3999686,0.043194864,0.15589774,0.005654363,0.06245591,0.019102031,-0.16276301,-0.10952046,-0.29329887,-0.38458526,0.5629999,0.5411843,0.50851464,0.37436432,0.2956959,-0.045410525,0.023990003,-0.03711878,-0.08992486,0.16511716,-0.011729476,0.25734848,-0.012708174,-0.0072934623,0.44643116,0.5328102,0.43628117,-0.11198294,-0.0905851,-0.19661069,-0.089899346,0.42354634
0.1189452,0.2815235,0.6121907,0.6662632,1.0,0.6904595,0.47233388,0.546396,0.6785965,0.5600849,0.42342874,0.6335495,0.37500644,0.46305785,0.62819153,0.5480007,0.27933383,0.535242,0.06446947,0.26083955,0.44996986,0.56734115,0.61220163,0.40646735,0.7493892,0.67971355,0.8533757,0.75060284,0.5096473,0.4702558,0.69758636,0.47112402,0.36372563,0.3415172,0.2661296,0.5103015,0.29057848,0.2947761,0.22242452,0.42831913,0.29614186,0.36295307,0.025940536,0.11961206,-0.08791127,-0.1547564,0.13742106,0.31974673,-0.051545504,0.13276067,-0.2519296,0.043798734,0.4707082,0.28512856,0.2705082,0.53451115,0.04113903,0.17448029,-0.22770159,-0.098617256,-0.13572833,-0.14243826,-0.1264512,-0.1400257,-0.10844737,-0.24224369,-0.2217519,-0.27485815,0.049378242,-0.13034494,0.44762716,0.5387534,0.45732808,0.4986313,0.5681897,0.6229766,0.3906132,0.46346167,0.09712957,0.53962183,0.21007802,0.107444115,0.46697888,0.42210186,0.18091583,-0.080536425,0.5089712,0.26366228,0.1569371,0.27712768,-0.03730042,0.12849186,-0.30728897,-0.17641357,0.5693585,0.60663515,0.395991,0.35187784,0.018994855,-0.0998201,-0.2769679,0.067364685,-0.071839795,0.28331956,-0.041548915,0.42565507,0.08820483,-0.029774241,0.50018287,0.43349215,0.39032248,-0.10259176,0.073743366,-0.00010446362,0.06931518,0.4197995
0.16324893,0.23134112,0.59650934,0.61265457,0.6904595,1.0,0.5429838,0.5860987,0.697716,0.76657593,0.56026924,0.68219405,0.63396865,0.5799866,0.83545876,0.75450397,0.49338552,0.5553682,0.12088946,0.26833025,0.74791664,0.7782313,0.65065485,0.35347435,0.6203458,0.5059477,0.6409742,0.5348979,0.77348894,0.74392223,0.75869286,0.62183726,0.42891085,0.4105775,0.33304468,0.37998894,0.6286009,0.56414557,0.5873465,0.6066916,0.502269,0.50779694,0.18622439,0.21499579,0.11348694,0.052282076,0.28853986,0.39680102,0.18620476,0.21784364,0.023576291,0.16224925,0.26666373,0.21566485,0.4894651,0.58362883,0.113588326,0.11537454,0.012342975,-0.063218944,0.031161347,-0.03259697,0.10132616,-0.07110514,0.058550984,-0.023091488,0.04512,0.009796687,0.009523722,-0.13113801,0.75330067,0.7865452,0.7445272,0.7518246,0.69543564,0.604967,0.66440564,0.69112825,0.33270824,0.52219445,0.45147514,0.28291094,0.6785953,0.6264077,0.3709072,-0.03184895,0.5693308,0.25946504,0.29406378,0.14477181,-0.023078317,0.09256376,-0.16720697,-0.09332206,0.541058,0.5238856,0.45251563,0.4385017,0.19576544,0.10231261,-0.022773124,0.0780268,0.12073054,0.3061937,0.18978989,0.47740704,0.33073524,0.2577267,0.42995182,0.5036625,0.372241,0.031624798,-0.007889964,0.019244451,0.17796806,0.5315488
0.64329827,0.6287489,0.8334883,0.8219096,0.47233388,0.5429838,1.0,0.8779689,0.7233262,0.7091107,0.79102755,0.76202184,0.7437484,0.800358,0.63244426,0.58443093,0.6374186,0.47040638,0.5122668,0.6370263,0.1901626,0.41434848,0.7841157,0.8239636,0.63001955,0.674535,0.40659946,0.1480247,0.60339135,0.53821456,0.63729507,0.776014,0.79637,0.7228929,0.4891903,0.3341057,0.47645882,0.24040689,0.34642202,0.17953838,0.39415473,0.10615911,0.15103723,0.097998746,0.33925906,0.13253279,0.43567342,0.30786744,0.12732668,0.21401691,0.0017257577,0.13931914,0.4083362,0.46572784,0.4334882,0.32400295,0.6050465,0.54243094,0.110411964,0.26993,0.4466094,0.026147453,0.5960265,0.31211564,0.3181558,-0.14022157,0.13779674,0.00806392,0.42466414,0.17265639,0.58232725,0.5515987,0.4633685,0.40641654,0.4191259,0.25016284,0.34575588,0.36735108,0.4393175,0.5627252,0.6514131,0.4874685,0.1264376,0.30068275,0.382946,-0.06342883,-0.051116657,-0.1752081,-0.034405798,-0.19688421,-0.3885876,-0.30809498,-0.2710533,-0.5433564,0.5137568,0.5082852,0.5661486,0.38898325,0.38695753,-0.16140516,0.19507247,-0.27290186,-0.212923,-0.043960627,-0.10255378,0.11970974,-0.0072343154,-0.022314623,0.41531876,0.5064011,0.41050875,-0.28874317,-0.34176838,-0.4125817,-0.30972782,0.3791058
0.5999636,0.6145478,0.8174271,0.8345847,0.546396,0.5860987,0.8779689,1.0,0.7633001,0.74092215,0.79239124,0.7951234,0.7560356,0.8413406,0.6786454,0.6454704,0.5969029,0.52815336,0.48566368,0.6111756,0.23945162,0.46015975,0.81155765,0.8237122,0.6919665,0.7247012,0.5066341,0.22489738,0.6251935,0.5785746,0.7004433,0.81467,0.7558678,0.7087291,0.5058236,0.41578233,0.47047785,0.26500177,0.31893072,0.18268788,0.41126436,0.1616583,0.11422468,0.09369737,0.31553888,0.074729234,0.43046954,0.34147832,0.10782533,0.22226346,-0.049636193,0.12529267,0.39190573,0.5090913,0.39821535,0.36167634,0.5742432,0.54910094,0.11656535,0.30929604,0.41977218,0.0815096,0.5150511,0.28807652,0.3224637,-0.1572067,0.13959411,-0.019236939,0.40595207,0.19391683,0.6117929,0.5897402,0.5102873,0.4538993,0.43925065,0.285333,0.36684465,0.40806267,0.4135828,0.63034946,0.6081036,0.45089233,0.1472868,0.2988881,0.31324306,-0.089385435,0.011421938,-0.16332869,-0.026030423,-0.19336729,-0.39693582,-0.30480096,-0.30326557,-0.529061,0.5629074,0.5586358,0.58422035,0.41098648,0.3860825,-0.18761104,0.15042745,-0.30654258,-0.19964425,-0.03798258,-0.12468506,0.15558657,-0.007851806,-0.08697207,0.41357088,0.5587239,0.42901647,-0.29262942,-0.35240924,-0.39700553,-0.29787958,0.3966418
0.3964731,0.5096967,0.682449,0.72976905,0.6785965,0.697716,0.7233262,0.7633001,1.0,0.8021223,0.7247762,0.7708779,0.72071207,0.76969796,0.79149973,0.7694325,0.5442851,0.6637345,0.39910164,0.43547848,0.4284815,0.6255896,0.7400251,0.6761003,0.74901336,0.727774,0.6460467,0.40882957,0.70806015,0.6826342,0.73847103,0.78475434,0.6093403,0.6718385,0.5267542,0.54995954,0.54427004,0.40839872,0.45571172,0.3655683,0.49777552,0.37176076,0.12545314,0.21258283,0.26887476,-0.011993183,0.42231512,0.45029196,0.13526998,0.15819871,-0.1478646,0.12038037,0.39554662,0.37567446,0.48484275,0.5164706,0.3756562,0.45319504,0.07332031,0.16857554,0.2473031,0.12021381,0.283327,0.2595108,0.20493062,-0.117618084,0.14806302,-0.030680886,0.31951073,0.106453285,0.6538476,0.6610678,0.6073004,0.59132934,0.5689855,0.4698763,0.5031374,0.5716826,0.4028482,0.6367666,0.56481844,0.47072062,0.3646077,0.49115804,0.2833502,-0.0071360506,0.24864791,0.069406286,0.16822107,0.026917193,-0.25711268,-0.10657099,-0.21215135,-0.35958263,0.54106945,0.55728656,0.6113926,0.5268184,0.3670584,-0.076747686,-0.010408773,-0.2292308,-0.08939358,0.07814555,-0.05273662,0.28964564,0.17363425,0.043178696,0.38218313,0.5730903,0.50974333,-0.18416075,-0.24196424,-0.25965628,-0.13449225,0.41218448
0.3667915,0.42109838,0.6462093,0.6517628,0.5600849,0.76657593,0.7091107,0.74092215,0.8021223,1.0,0.7275896,0.7348167,0.7988233,0.79299706,0.8580805,0.84784544,0.5996659,0.61198884,0.33737838,0.37722656,0.530293,0.68425536,0.7229596,0.5986175,0.689545,0.6377049,0.5397417,0.2610038,0.78214294,0.77718914,0.7458031,0.81404454,0.60046864,0.64438874,0.53428006,0.44375327,0.6529168,0.48756295,0.55408293,0.39669546,0.5649389,0.39219493,0.20307995,0.20958997,0.3418766,0.07638146,0.50926435,0.46680722,0.23545481,0.1770063,0.015945897,0.1602903,0.23182781,0.35266453,0.5197723,0.48653588,0.39425153,0.39040565,0.19586521,0.1811327,0.3153597,0.17094083,0.385288,0.24370155,0.29655308,-0.06182962,0.2247419,0.08945961,0.24992236,0.05945856,0.753747,0.75190526,0.71680707,0.6783393,0.590084,0.42289323,0.6040174,0.6474095,0.45836923,0.6294304,0.61075264,0.5194508,0.42666614,0.5324383,0.35723925,-0.052586053,0.29684347,0.0013247001,0.16138859,-0.09071877,-0.26810932,-0.17927606,-0.1302423,-0.28763628,0.5559772,0.52305543,0.58906704,0.49610552,0.45977864,0.014732575,0.1470233,-0.23557572,0.03382302,0.09900904,0.11514042,0.33370182,0.28394264,0.15875821,0.33388266,0.5981254,0.45849776,-0.15453318,-0.34876665,-0.2423649,-0.07801635,0.5257356
0.64914435,0.5890866,0.6640991,0.66704535,0.42342874,0.56026924,0.79102755,0.79239124,0.7247762,0.7275896,1.0,0.8103583,0.74844104,0.82040787,0.67324585,0.67416716,0.7770898,0.6173184,0.54457086,0.5340925,0.31392673,0.50409544,0.64641875,0.73083293,0.56387806,0.6658769,0.4266072,0.19627394,0.7267376,0.65080076,0.5713336,0.7682331,0.79927164,0.8112704,0.5240904,0.42250347,0.65414965,0.42005,0.51005346,0.33753058,0.6024608,0.31606436,0.10995206,0.051649515,0.2672221,-0.05973233,0.43730435,0.3210638,0.04817508,0.025739644,-0.11537378,0.03220156,0.3330239,0.36590353,0.58890086,0.4709247,0.6168704,0.50125337,0.08195761,0.27113488,0.39678782,0.06259498,0.53936124,0.2787655,0.2631056,-0.18277963,0.11628483,0.020714944,0.4778043,0.120212905,0.67812955,0.65054834,0.6132,0.5221809,0.552016,0.36922908,0.54134345,0.5530955,0.6663696,0.66084576,0.7668343,0.55356467,0.23140451,0.4555958,0.31199667,-0.043175593,0.024121603,-0.03668757,0.16357422,-0.16734028,-0.40089357,-0.23325843,-0.21409541,-0.49062398,0.5240959,0.53428596,0.69397026,0.5712301,0.44038343,-0.12770489,0.25979397,-0.3172636,-0.1814304,-0.028674215,-0.09289206,0.23196614,0.1962591,0.06446711,0.41582912,0.60240203,0.52331465,-0.2817936,-0.3724629,-0.3911874,-0.29321447,0.4373833
0.52724546,0.5829869,0.72322494,0.7475139,0.6335495,0.68219405,0.76202184,0.7951234,0.7708779,0.7348167,0.8103583,1.0,0.6933799,0.79624885,0.7432343,0.7162456,0.67756975,0.7082482,0.43825692,0.5104776,0.43266773,0.62785107,0.71687865,0.6662013,0.67528623,0.714285,0.62082255,0.43865278,0.7498766,0.6987596,0.69511306,0.72634757,0.7304644,0.72177094,0.4133517,0.44573873,0.6128949,0.48447755,0.5133014,0.5062719,0.5806578,0.4448791,0.10117617,0.0996847,0.12145601,-0.09693422,0.33905402,0.37045437,-0.0005416346,0.09377338,-0.18351272,0.06611052,0.44000953,0.3362772,0.5456706,0.60504955,0.4392561,0.44043106,-0.05446748,0.14912271,0.21721575,-0.020867707,0.2999053,0.18082576,0.10108177,-0.18201591,-0.020872131,-0.058459457,0.34357974,0.015176558,0.7009966,0.7225402,0.6377198,0.6174985,0.6754834,0.5769809,0.54319453,0.59683716,0.49780995,0.684454,0.6128104,0.49735877,0.3966235,0.5380743,0.27670804,-0.0018679042,0.22501154,0.10269006,0.1921966,0.06521561,-0.2868117,-0.10404011,-0.31108078,-0.42054126,0.59073776,0.62431204,0.64925474,0.5729299,0.25809035,-0.107945696,0.062878124,-0.15726535,-0.1625458,0.112044334,-0.06768619,0.3692371,0.16265139,0.10663796,0.50061625,0.60639256,0.5413041,-0.21205369,-0.19263044,-0.2567039,-0.15577546,0.4891048
0.38487995,0.36276028,0.64733636,0.6689654,0.37500644,0.63396865,0.7437484,0.7560356,0.72071207,0.7988233,0.74844104,0.6933799,1.0,0.8298888,0.7564783,0.78174144,0.6212587,0.59235036,0.34656453,0.33022135,0.46130028,0.5283969,0.7586515,0.67651093,0.5860189,0.48393068,0.3429777,0.06339204,0.71468574,0.7481469,0.72986865,0.8274724,0.6012781,0.67581624,0.556171,0.35595122,0.62648946,0.51742107,0.5442512,0.27703953,0.39458838,0.24454527,0.3474253,0.34309855,0.45958778,0.2446096,0.602918,0.5369659,0.35672253,0.31027195,0.22078465,0.27433357,0.050940022,0.3050057,0.524258,0.36077484,0.39431095,0.33558536,0.2714796,0.21694766,0.35833427,0.21203695,0.4790582,0.29377356,0.3484903,0.17756452,0.39870238,0.3144165,0.21088853,0.10787401,0.7024931,0.6466675,0.621744,0.58517414,0.44131967,0.25096458,0.52766174,0.5333348,0.52723587,0.51804596,0.6414944,0.6090673,0.31474426,0.47215807,0.44385305,0.1677415,0.16728365,-0.009964226,0.23352708,-0.18132131,-0.15422054,-0.12916033,-0.012128628,-0.20609169,0.4509324,0.34833077,0.54196835,0.46939367,0.5681547,0.17106906,0.35306016,-0.17638561,0.17240167,0.14501919,0.20238797,0.29518688,0.2590446,0.21513869,0.15718222,0.60509294,0.41192853,0.035915654,-0.26410663,-0.14458999,-0.018951282,0.4534331
0.5087902,0.52963084,0.6974946,0.7259256,0.46305785,0.5799866,0.800358,0.8413406,0.76969796,0.79299706,0.82040787,0.79624885,0.8298888,1.0,0.7256843,0.76401454,0.63963646,0.64463997,0.4395214,0.45359716,0.32946017,0.5186487,0.75637805,0.782196,0.66441864,0.6826974,0.4640725,0.15758803,0.68928653,0.6936634,0.70497197,0.85015917,0.7012637,0.7588085,0.5741711,0.4538056,0.59306806,0.43238953,0.44909954,0.25550708,0.48232135,0.26730534,0.21898149,0.1997441,0.34918514,0.05548697,0.55552655,0.47801626,0.15578736,0.17660375,-0.0050775665,0.16830657,0.23103595,0.41372684,0.49936762,0.41628686,0.51888216,0.49728036,0.17193463,0.30217862,0.39444783,0.17978498,0.47314525,0.32515135,0.31370428,-0.051949438,0.24158272,0.13837156,0.36517704,0.15443262,0.66209275,0.64110285,0.5885777,0.5399368,0.4730422,0.30599272,0.4738644,0.5180485,0.52051866,0.6469475,0.6425276,0.58204466,0.20879386,0.40877935,0.30921838,0.029131632,0.071872555,-0.09300459,0.12675038,-0.18952882,-0.34417793,-0.25265718,-0.1661301,-0.4161062,0.54308045,0.50357705,0.6503563,0.5177692,0.5172271,-0.041556634,0.24926777,-0.32256794,-0.05467084,0.016048262,0.0022853147,0.2521707,0.1538775,0.04997454,0.29292795,0.6559859,0.51905507,-0.18694253,-0.38579315,-0.3277042,-0.21376269,0.4597641
0.27244195,0.34556195,0.59883124,0.6313788,0.62819153,0.83545876,0.63244426,0.6786454,0.79149973,0.8580805,0.67324585,0.7432343,0.7564783,0.7256843,1.0,0.84873974,0.54975903,0.63855594,0.26386452,0.31647173,0.6746938,0.7785614,0.6993487,0.49233267,0.66129655,0.5846779,0.60516936,0.38896954,0.8341382,0.82931143,0.77176213,0.7688802,0.5061979,0.5595304,0.43941128,0.41760418,0.6668202,0.5668073,0.6025809,0.5195629,0.5780244,0.5019949,0.17656566,0.254275,0.28675306,0.069125324,0.4058037,0.46898395,0.23772325,0.23844008,0.007419935,0.19306351,0.24945739,0.3375398,0.5122776,0.58323574,0.2669185,0.2901929,0.17014343,0.11897697,0.1985057,0.1589633,0.23768751,0.15201095,0.21994667,0.011030049,0.19831865,0.08567843,0.15536673,3.9741044e-05,0.8045697,0.8097419,0.78597355,0.7687739,0.66162604,0.5304192,0.65341413,0.70942837,0.40434444,0.6175182,0.5457452,0.47027275,0.56467456,0.59373677,0.3237085,0.01910317,0.4449002,0.13689771,0.22389796,0.038627595,-0.16450906,-0.011922798,-0.2057443,-0.1955911,0.57665324,0.5391776,0.54445606,0.50452834,0.3381308,0.07046847,0.075757466,-0.11556393,0.08656341,0.23117295,0.13735974,0.45279437,0.33097628,0.20924777,0.38490403,0.5713276,0.41031337,-0.04995893,-0.20149904,-0.110698864,0.04218375,0.5449428
0.21373779,0.28797385,0.5372275,0.5720232,0.5480007,0.75450397,0.58443093,0.6454704,0.7694325,0.84784544,0.67416716,0.7162456,0.78174144,0.76401454,0.84873974,1.0,0.5501157,0.71110344,0.22838628,0.21044077,0.63188887,0.699552,0.67413104,0.50685817,0.66883755,0.55086416,0.55523586,0.32401118,0.7711176,0.82957923,0.7674528,0.765023,0.47874564,0.59910774,0.52637774,0.48776224,0.65786517,0.62696964,0.5916698,0.4821098,0.5288479,0.4954507,0.2608498,0.2902879,0.252029,0.0017353516,0.49143323,0.54495215,0.22102807,0.1773659,-0.001541133,0.17490013,0.1280819,0.22861241,0.54393333,0.5513227,0.22278023,0.24738584,0.14253254,0.102368906,0.1572204,0.17423534,0.20626795,0.16252124,0.16888401,0.041704047,0.23174462,0.18032473,0.14794132,-0.027038325,0.7404502,0.75336534,0.7242085,0.72631043,0.62293047,0.49709025,0.65601236,0.7008843,0.45301005,0.5975725,0.53684574,0.5347957,0.5160024,0.6240311,0.34200644,0.097904176,0.42101634,0.17413244,0.34397706,0.033513855,-0.0915392,-0.0071084728,-0.033615913,-0.12197699,0.4897238,0.43755394,0.55783457,0.5534563,0.4453324,0.16630065,0.14589207,-0.12177609,0.17853594,0.20450248,0.2109124,0.4316394,0.38744622,0.26336244,0.22883004,0.6175555,0.48377308,0.029620696,-0.19917226,-0.07333134,0.08300647,0.5187343
0.4944925,0.35184327,0.54661465,0.49502632,0.27933383,0.49338552,0.6374186,0.5969029,0.5442851,0.5996659,0.7770898,0.67756975,0.6212587,0.63963646,0.54975903,0.5501157,1.0,0.5942376,0.33812872,0.3425504,0.33729392,0.4403958,0.478309,0.5548932,0.41205913,0.46783718,0.25338924,0.13286859,0.6859282,0.5790124,0.44025674,0.5632618,0.7515195,0.74410015,0.48023492,0.313687,0.67919916,0.47135615,0.63441604,0.43805462,0.53421044,0.2914978,0.26422346,-0.00018782397,0.10835777,-0.10049974,0.41882807,0.23176093,-0.05674699,-0.15071104,-0.02156183,-0.026658038,0.25293642,0.0632419,0.6871074,0.41306084,0.4757443,0.22867255,-0.065622576,0.03616661,0.20067853,-0.15996146,0.52260756,0.106909834,0.051239807,-0.1654395,-0.022267945,0.08209551,0.2793298,-0.14662987,0.5921223,0.56200254,0.54873645,0.44135594,0.628231,0.41422793,0.55340165,0.49930757,0.77965254,0.52404267,0.84549206,0.5702469,0.36348122,0.5836217,0.52871925,0.021444844,0.14036423,0.15954308,0.36290294,-0.08439587,-0.22809201,-0.18894097,-0.10782286,-0.33348852,0.33946005,0.3393301,0.5866124,0.4980895,0.35786238,0.014132531,0.32565552,-0.104495354,-0.014585145,0.085865736,0.13458702,0.2804092,0.42400023,0.3419853,0.3240548,0.46218184,0.47992697,-0.11975101,-0.21335827,-0.23682767,-0.14574622,0.41106635
0.20775399,0.28835708,0.4496464,0.50875735,0.535242,0.5553682,0.47040638,0.52815336,0.6637345,0.61198884,0.6173184,0.7082482,0.59235036,0.64463997,0.63855594,0.71110344,0.5942376,1.0,0.18570249,0.15370478,0.48387152,0.55641115,0.5044882,0.4455757,0.55219305,0.5337694,0.5699472,0.4533495,0.66703486,0.69738305,0.609907,0.5468582,0.5001839,0.64609617,0.49057463,0.5614866,0.5880147,0.66603285,0.5657505,0.572528,0.46484512,0.56393033,0.27365497,0.25731444,0.004119462,-0.22255406,0.39816177,0.51515085,-0.027151663,0.04329107,-0.19435564,0.092550546,0.2303923,0.033170927,0.5743033,0.6168822,0.15966374,0.20695937,-0.14078449,0.02182795,-0.0391459,-0.019556297,0.037115984,0.14388426,-0.11007572,-0.057241704,-0.0015403996,0.1273807,0.16934995,-0.15328845,0.5604788,0.6052803,0.58852905,0.6162651,0.6826885,0.6640417,0.5988624,0.64191294,0.5483305,0.6392115,0.4999801,0.5842352,0.49450794,0.6510974,0.26593235,0.23869948,0.4173252,0.3733218,0.47882357,0.2175458,-0.023531178,0.109097585,-0.0798191,-0.15764451,0.40066105,0.4000454,0.58136314,0.640364,0.2263874,0.10271709,0.04178641,-0.03270765,0.07924762,0.23254497,0.1062244,0.43863568,0.3801158,0.3077668,0.21551701,0.6025028,0.6149931,0.05963337,0.016972732,0.031942356,0.046891797,0.394907
0.80049986,0.7983751,0.27172413,0.3073872,0.06446947,0.12088946,0.5122668,0.48566368,0.39910164,0.33737838,0.54457086,0.43825692,0.34656453,0.4395214,0.26386452,0.22838628,0.33812872,0.18570249,1.0,0.75781536,-0.12901506,0.17080405,0.2739847,0.4243388,0.1295701,0.36176708,0.059114467,-0.12442743,0.3296385,0.2685816,0.058701877,0.45566335,0.5410049,0.50223106,0.21855451,0.16728109,0.2714912,-0.005905163,0.1260489,0.0035656963,0.49445647,0.16669923,-0.3597338,-0.17821941,0.42254788,-0.012309736,0.08186644,-0.021759039,0.113217175,0.057372276,-0.29541558,-0.17376779,0.28187037,0.44929922,0.18653296,0.2346366,0.7486808,0.76489943,0.34864852,0.54810447,0.68555635,0.36708334,0.50509566,0.61835116,0.5207455,-0.23463957,0.26104158,-0.20589922,0.7898692,0.58068025,0.38767576,0.31856307,0.28352392,0.22569631,0.10068834,-0.00887786,0.18438128,0.27156487,0.30457208,0.43950173,0.39001384,0.30710226,-0.27290684,-0.085484825,-0.20769143,-0.20042524,-0.50268,-0.45865315,-0.31220916,-0.23790593,-0.5928614,-0.35150445,-0.2462114,-0.59053105,0.32815114,0.4274766,0.4436369,0.37293708,0.2438952,-0.41784632,0.1746381,-0.5921101,-0.5189553,-0.42482004,-0.49895823,-0.17383945,-0.18230624,-0.30987248,0.3465523,0.2511297,0.18357709,-0.566472,-0.50693446,-0.60985184,-0.5527696,0.10824915
0.7956056,0.8157125,0.5143779,0.5117736,0.26083955,0.26833025,0.6370263,0.6111756,0.43547848,0.37722656,0.5340925,0.5104776,0.33022135,0.45359716,0.31647173,0.21044077,0.3425504,0.15370478,0.75781536,1.0,-0.08840239,0.21998006,0.41448513,0.4904376,0.24236374,0.4687703,0.21426736,0.0608713,0.34596968,0.24750343,0.19099745,0.4618712,0.6339449,0.445819,0.26765206,0.2410691,0.26652116,-0.031806685,0.07630354,0.033028875,0.43187076,0.1369023,-0.28820822,-0.21280569,0.29732403,-0.0022886232,0.06504264,-0.023879029,0.043072958,0.14587158,-0.27649218,-0.115668386,0.48822752,0.52740216,0.17231928,0.25724882,0.731983,0.72942847,0.17885278,0.45460272,0.6211133,0.11790913,0.52726173,0.43438458,0.42171493,-0.38834518,0.06704577,-0.30370125,0.70463604,0.50472164,0.39439657,0.37196735,0.2992833,0.24493687,0.18272068,0.08184304,0.1850379,0.25476247,0.2127516,0.51589143,0.39770257,0.18970652,-0.18032429,-0.0998779,-0.054014474,-0.38129473,-0.3726776,-0.48968288,-0.38004872,-0.23298529,-0.5910865,-0.4182257,-0.38473195,-0.71736044,0.4467283,0.55349374,0.44811767,0.29512647,0.10984409,-0.5165065,0.06545566,-0.483017,-0.58832467,-0.38944185,-0.5044219,-0.19904855,-0.27289474,-0.3516135,0.51811963,0.27050403,0.2205196,-0.6078268,-0.39258057,-0.6141804,-0.5553941,0.16133021
-0.15698658,-0.12020286,0.2474624,0.2728507,0.44996986,0.74791664,0.1901626,0.23945162,0.4284815,0.530293,0.31392673,0.43266773,0.46130028,0.32946017,0.6746938,0.63188887,0.33729392,0.48387152,-0.12901506,-0.08840239,1.0,0.7225844,0.3755223,0.011787107,0.33690044,0.16144636,0.4432268,0.47876832,0.6601564,0.6784352,0.59166795,0.37376603,0.094580844,0.15433142,0.15389276,0.22008863,0.5764598,0.65885305,0.63223696,0.6637062,0.39605215,0.5785528,0.2210253,0.24034944,-0.04266989,-0.0047752163,0.12695074,0.3225188,0.16797695,0.16208975,0.09980972,0.17740442,-0.0446055,-0.10702788,0.42774066,0.4890735,-0.20892191,-0.23347819,-0.02735598,-0.24224766,-0.23304304,-0.047019597,-0.17546758,-0.2566357,-0.14939368,0.17758277,0.024540644,0.12309038,-0.24247324,-0.31478956,0.6605958,0.6845874,0.68198276,0.7207626,0.65646195,0.6105312,0.6706106,0.672273,0.2974013,0.26356843,0.27029297,0.17151976,0.79906565,0.6783205,0.29062304,0.15452616,0.71763355,0.5047911,0.4993325,0.23566966,0.26076674,0.3366694,0.013442065,0.2277382,0.27153915,0.22113295,0.21902893,0.33450368,0.052601703,0.3337915,-0.016177386,0.2690102,0.35663086,0.42549166,0.3651942,0.5382114,0.49326327,0.45677328,0.1735964,0.32260302,0.1985345,0.3364056,0.21585068,0.33553323,0.44671,0.40073916
0.14745046,0.27277726,0.40712768,0.43823558,0.56734115,0.7782313,0.41434848,0.46015975,0.6255896,0.68425536,0.50409544,0.62785107,0.5283969,0.5186487,0.7785614,0.699552,0.4403958,0.55641115,0.17080405,0.21998006,0.7225844,1.0,0.45930365,0.23853956,0.43226507,0.48943064,0.5348742,0.5229178,0.7816958,0.71114564,0.5968395,0.546229,0.33873594,0.38646525,0.25469893,0.33161747,0.63891053,0.54741585,0.6214646,0.68897253,0.6316317,0.5818888,0.085124694,0.18882228,0.0459905,-0.0424529,0.16690809,0.34377208,0.05716042,0.14052573,-0.13556549,0.10886813,0.22361612,0.19855659,0.4692042,0.6308543,0.09662327,0.18306397,-0.010675055,-0.024281785,0.025332171,0.024236659,0.0061381534,0.04016247,-0.009943914,-0.058138788,-0.008761025,-0.021786207,0.1027032,-0.13977952,0.717109,0.7767675,0.7537277,0.7623586,0.69550025,0.62030953,0.6144625,0.7139497,0.28880894,0.48297074,0.3751429,0.32776812,0.6782333,0.6231164,0.17467216,0.0058782944,0.49716774,0.27529618,0.22792111,0.21842292,-0.1209654,0.12655884,-0.24882083,-0.15037894,0.5015957,0.52983534,0.4676315,0.49116638,0.083062805,0.05757401,-0.14461614,-0.013112865,-0.016130248,0.22025405,0.0791384,0.44872206,0.3225498,0.25101212,0.4679357,0.48195803,0.42149678,-0.045162823,-0.07750705,-0.07337874,0.10292526,0.47645268
0.3261054,0.38087732,0.8144623,0.8447684,0.61220163,0.65065485,0.7841157,0.81155765,0.7400251,0.7229596,0.64641875,0.71687865,0.7586515,0.75637805,0.6993487,0.67413104,0.478309,0.5044882,0.2739847,0.41448513,0.3755223,0.45930365,1.0,0.7200967,0.7724487,0.5719473,0.5246917,0.28454745,0.564434,0.58305466,0.8329952,0.754257,0.5990818,0.5659094,0.4424639,0.37882468,0.38876694,0.3091693,0.31659278,0.2157534,0.1995059,0.1025588,0.24982172,0.25017294,0.27643576,0.16851546,0.43572754,0.42715204,0.20420855,0.33373865,0.100641996,0.17357445,0.24935637,0.36190963,0.3665994,0.3378073,0.2790396,0.28864107,0.0678531,0.0912201,0.18386365,0.017526614,0.32937178,0.088160306,0.18422394,0.038252417,0.16473433,0.051160626,0.12211665,0.010126334,0.5671552,0.5441599,0.4387321,0.44174966,0.4227053,0.30772856,0.3447227,0.36235428,0.2717353,0.47080657,0.47275192,0.39563614,0.28443682,0.3830267,0.45519048,0.07580654,0.21649557,0.008719428,0.11652206,-0.013855081,-0.06529199,-0.10534367,-0.18370886,-0.2403241,0.5038187,0.4348238,0.4300853,0.32349914,0.38917315,0.08124364,0.11351371,-0.025821706,0.101576425,0.2139512,0.15196197,0.299826,0.084375404,0.086475536,0.3080276,0.50019264,0.3288277,-0.002330926,-0.12276637,-0.11929191,0.033408973,0.44202363
0.5546748,0.54161173,0.7563525,0.76663995,0.40646735,0.35347435,0.8239636,0.8237122,0.6761003,0.5986175,0.73083293,0.6662013,0.67651093,0.782196,0.49233267,0.50685817,0.5548932,0.4455757,0.4243388,0.4904376,0.011787107,0.23853956,0.7200967,1.0,0.6518302,0.6998139,0.36711362,0.07070358,0.43306774,0.39090723,0.57271767,0.7373795,0.7210065,0.7267757,0.5367759,0.34893498,0.34377614,0.13915606,0.21303362,0.00723232,0.24079807,-0.05778406,0.21861333,0.15527979,0.3084682,0.101460926,0.51433235,0.34162503,0.06310436,0.13470308,0.024190135,0.15796919,0.35731122,0.46951142,0.3848219,0.21297592,0.55566007,0.52089113,0.07338432,0.29541597,0.39648622,0.052599784,0.566809,0.32416585,0.2972068,-0.08348045,0.16819029,0.07811736,0.38063326,0.17666616,0.38710248,0.35132563,0.27487317,0.2039871,0.2598278,0.11326608,0.17489362,0.19419086,0.38627258,0.47902018,0.58626646,0.48727548,-0.03226337,0.2101866,0.35096237,0.028227314,-0.13665752,-0.17406225,-0.008611667,-0.22607191,-0.36074698,-0.30057657,-0.19522214,-0.49915367,0.43572438,0.40799388,0.54929364,0.3358916,0.47699836,-0.12911297,0.21486138,-0.30346975,-0.16076495,-0.041432817,-0.08901003,0.09713977,-0.014450599,-0.080636464,0.290995,0.49873042,0.43474415,-0.25115752,-0.38110876,-0.39958358,-0.32735908,0.31171224
0.1862394,0.2940345,0.70883256,0.7400211,0.7493892,0.6203458,0.63001955,0.6919665,0.74901336,0.689545,0.56387806,0.67528623,0.5860189,0.66441864,0.66129655,0.66883755,0.41205913,0.55219305,0.1295701,0.24236374,0.33690044,0.43226507,0.7724487,0.6518302,1.0,0.69459635,0.7212761,0.45091522,0.49156934,0.5106528,0.7823331,0.65434724,0.50829166,0.52979076,0.43510416,0.48463446,0.30755138,0.260212,0.22985521,0.23713425,0.21981479,0.17579345,0.20228624,0.18379892,0.096991226,-0.027660273,0.40027013,0.4077933,0.050391193,0.136625,-0.05315924,0.12931304,0.37239072,0.31218457,0.33217838,0.3865427,0.16929461,0.23271994,-0.08173194,0.009112655,0.016025206,-0.049426433,0.14664121,-0.009584564,0.0516744,-0.10149671,-0.01080181,-0.06632046,0.056352936,-0.10517754,0.45323178,0.4785569,0.3847465,0.3835656,0.46895504,0.42872235,0.33427498,0.35373062,0.22502908,0.49955827,0.39202473,0.32448786,0.31617466,0.42279494,0.37596077,0.020701127,0.35335666,0.13837855,0.17374212,0.1031725,-0.06229556,-0.054609764,-0.1838789,-0.18606505,0.5028863,0.470205,0.42359737,0.3111738,0.33252108,0.022081267,-0.032636285,-0.020239856,0.08823241,0.2506864,0.13596666,0.39265504,0.15842202,0.05787395,0.31625426,0.45936766,0.37329507,-0.05719779,-0.13559584,-0.08839332,0.04349617,0.46231058
0.48824552,0.58168674,0.65504885,0.67867047,0.67971355,0.5059477,0.674535,0.7247012,0.727774,0.6377049,0.6658769,0.714285,0.48393068,0.6826974,0.5846779,0.55086416,0.46783718,0.5337694,0.36176708,0.4687703,0.16144636,0.48943064,0.5719473,0.6998139,0.69459635,1.0,0.6890047,0.4552417,0.5322942,0.42903143,0.55602014,0.6466491,0.6300705,0.63821185,0.43788004,0.50007194,0.38470128,0.16959573,0.23004013,0.24305846,0.49245614,0.23743916,-0.0042401017,0.014355593,0.0890814,-0.16763464,0.31807002,0.2843864,-0.11575419,0.0010392229,-0.30873278,0.029521681,0.54181993,0.48934862,0.35602787,0.43806833,0.47925684,0.55087054,-0.09522126,0.22459364,0.25288033,-0.0036273815,0.27590483,0.20289063,0.15023898,-0.3830961,-0.12183139,-0.22967383,0.412922,0.09639677,0.44595215,0.5082418,0.45052204,0.38725272,0.47689542,0.4191042,0.30709377,0.39818957,0.30097386,0.64292043,0.44609347,0.3070848,0.16713075,0.29513982,0.09215873,-0.18809335,0.09666966,-0.047923487,-0.045967832,-0.066533305,-0.48128617,-0.22701006,-0.38801324,-0.562322,0.6115933,0.6790732,0.6254144,0.4306661,0.22996545,-0.3376365,-0.10702325,-0.35073343,-0.3702955,-0.047712892,-0.2776127,0.22010575,-0.00042541884,-0.19942385,0.5288216,0.5431768,0.5405065,-0.44554746,-0.38489264,-0.42086262,-0.3653256,0.39101937
0.12033426,0.2780147,0.51921606,0.5791446,0.8533757,0.6409742,0.40659946,0.5066341,0.6460467,0.5397417,0.4266072,0.62082255,0.3429777,0.4640725,0.60516936,0.55523586,0.25338924,0.5699472,0.059114467,0.21426736,0.4432268,0.5348742,0.5246917,0.36711362,0.7212761,0.6890047,1.0,0.7431397,0.49595004,0.4737176,0.64387304,0.4544895,0.3348573,0.3425355,0.28670064,0.57649916,0.3095476,0.32817987,0.20197354,0.411119,0.36449876,0.46695542,-0.016121162,0.07283697,-0.10834248,-0.23458815,0.14821371,0.32522112,-0.073090166,0.09853348,-0.3077941,0.054358367,0.45478478,0.2615316,0.2509615,0.5409454,0.0678947,0.20227712,-0.20277654,-0.020026289,-0.11171465,-0.08248133,-0.16259024,-0.11320311,-0.090202056,-0.27616936,-0.22956896,-0.2687622,0.07692415,-0.0913056,0.44737372,0.5382327,0.48673797,0.5079261,0.5693655,0.6438222,0.43617108,0.4993815,0.1602957,0.5899794,0.19917437,0.09848952,0.4359862,0.3957204,0.06485739,-0.1082117,0.5063446,0.26151335,0.17607678,0.20948294,-0.10119757,0.09963775,-0.29566532,-0.19213016,0.56639296,0.60534173,0.41640213,0.3792149,0.022139272,-0.14954086,-0.25143126,-0.017095167,-0.098642275,0.22485808,-0.097360194,0.42827705,0.1073271,-0.07735405,0.43254024,0.45309222,0.40010616,-0.13697441,0.031869106,0.011572894,0.01778329,0.40176317
-0.080136895,0.08945,0.34069264,0.3875348,0.75060284,0.5348979,0.1480247,0.22489738,0.40882957,0.2610038,0.19627394,0.43865278,0.06339204,0.15758803,0.38896954,0.32401118,0.13286859,0.4533495,-0.12442743,0.0608713,0.47876832,0.5229178,0.28454745,0.07070358,0.45091522,0.4552417,0.7431397,1.0,0.35079575,0.27206355,0.45413697,0.123339385,0.13966723,0.115982965,0.05746761,0.43199584,0.20022774,0.29684785,0.20305078,0.5693573,0.2576095,0.45471272,-0.049797654,0.022192903,-0.44165438,-0.348668,-0.1662788,0.14910893,-0.27279383,-0.004660012,-0.40122676,-0.047585096,0.41395867,-0.02111682,0.2171894,0.52941346,-0.22730714,-0.07452504,-0.51589847,-0.32339463,-0.4316248,-0.37181032,-0.44271722,-0.37267748,-0.4621534,-0.2907115,-0.49029797,-0.341283,-0.08390634,-0.34036717,0.26308185,0.4071668,0.3333859,0.40471625,0.57232696,0.7179191,0.3380323,0.40559986,0.019604515,0.3304381,0.0018603144,-0.09352629,0.58248454,0.4613263,0.036514007,-0.035717774,0.5953565,0.526217,0.295343,0.486198,0.14145193,0.3465592,-0.25406554,-0.046142332,0.34435198,0.44716537,0.24535756,0.31561464,-0.2989293,-0.06131649,-0.50437367,0.2794738,-0.11268331,0.27456495,-0.08241297,0.3717198,0.09866012,0.04540967,0.4509965,0.26927486,0.3685521,0.02253927,0.36498493,0.16745028,0.19282816,0.2259124
0.3805551,0.38140798,0.5246098,0.5383426,0.5096473,0.77348894,0.60339135,0.6251935,0.70806015,0.78214294,0.7267376,0.7498766,0.71468574,0.68928653,0.8341382,0.7711176,0.6859282,0.66703486,0.3296385,0.34596968,0.6601564,0.7816958,0.564434,0.43306774,0.49156934,0.5322942,0.49595004,0.35079575,1.0,0.839842,0.6353825,0.7154904,0.5585376,0.5996582,0.38841313,0.36505607,0.77034736,0.6299278,0.7039221,0.60425127,0.708279,0.595658,0.1330182,0.14719526,0.23643899,-0.017396936,0.34737673,0.38019294,0.14159983,0.120325476,-0.064787686,0.11254121,0.25161985,0.24134651,0.6000735,0.6114337,0.3577185,0.30001554,0.14064832,0.14930259,0.23085795,0.110520996,0.2932048,0.17652296,0.18159394,-0.067792855,0.12281571,0.07316282,0.224589,-0.0012010898,0.84992087,0.85051167,0.85424024,0.8084094,0.7399363,0.58343124,0.7393211,0.7769953,0.586032,0.64595884,0.6618783,0.49465057,0.58274925,0.6281885,0.29690728,-0.011495919,0.39162907,0.16350295,0.26572385,-0.0058864946,-0.24794139,-0.037130065,-0.24460262,-0.27362663,0.52507806,0.5232696,0.5945085,0.5747454,0.26156542,-0.004486876,0.14553747,-0.154437,-0.010443564,0.15606822,0.06302756,0.41194335,0.38653824,0.2577047,0.41487423,0.5469343,0.445313,-0.11118576,-0.19383767,-0.14912108,-0.059446264,0.49274194
0.2613564,0.2865984,0.45526275,0.49175712,0.4702558,0.74392223,0.53821456,0.5785746,0.6826342,0.77718914,0.65080076,0.6987596,0.7481469,0.6936634,0.82931143,0.82957923,0.5790124,0.69738305,0.2685816,0.24750343,0.6784352,0.71114564,0.58305466,0.39090723,0.5106528,0.42903143,0.4737176,0.27206355,0.839842,1.0,0.671385,0.7189913,0.4379906,0.53132623,0.42017066,0.36755064,0.73521334,0.7186137,0.6675065,0.560726,0.61173266,0.62722266,0.19365709,0.24806291,0.2849989,0.017305383,0.4164662,0.48980802,0.23833458,0.2056318,0.008267509,0.16573891,0.0956458,0.21386363,0.561528,0.6087927,0.25940555,0.23554549,0.2491424,0.18053494,0.20517111,0.23857874,0.22140409,0.20573038,0.2257034,0.087576315,0.2622253,0.21667269,0.14555207,0.03700031,0.8250471,0.81825274,0.8279571,0.8340097,0.66734135,0.538453,0.7491955,0.7904411,0.5269804,0.6335674,0.5729969,0.53948134,0.54137135,0.6104976,0.29752833,0.08767663,0.42595232,0.15212515,0.3297138,0.01186527,-0.112609364,0.045753814,-0.090974145,-0.11511144,0.48904014,0.4311615,0.5448433,0.5773721,0.3476519,0.12898989,0.25183165,-0.12738699,0.16282335,0.22232519,0.1811076,0.45907417,0.42826143,0.32177523,0.26812172,0.5625698,0.4037464,0.017799055,-0.15416688,-0.031621367,0.051835347,0.50388944
0.103036046,0.19213317,0.7183482,0.75646865,0.69758636,0.75869286,0.63729507,0.7004433,0.73847103,0.7458031,0.5713336,0.69511306,0.72986865,0.70497197,0.77176213,0.7674528,0.44025674,0.609907,0.058701877,0.19099745,0.59166795,0.5968395,0.8329952,0.57271767,0.7823331,0.55602014,0.64387304,0.45413697,0.6353825,0.671385,1.0,0.71164405,0.45131716,0.4788021,0.42321047,0.44490677,0.44686687,0.46350104,0.41411018,0.37633455,0.24163085,0.27392352,0.31052175,0.30994278,0.13915676,0.0813519,0.4107225,0.49336314,0.18476081,0.30517578,0.086720504,0.21906921,0.17591272,0.21496572,0.39091736,0.4092744,0.06827811,0.106435925,-0.019256389,-0.04345465,-0.021079604,-0.015905498,0.10211628,-0.063593835,0.027274868,0.06999747,0.08951775,0.08509711,-0.056953438,-0.15035638,0.61793816,0.63199735,0.5535812,0.5780928,0.5614505,0.48498875,0.47454193,0.49406642,0.27835813,0.46384132,0.40412986,0.34677398,0.51862454,0.5501473,0.44000268,0.124481775,0.4909657,0.23983075,0.2951617,0.08748078,0.06742962,0.03965123,-0.13689391,-0.064557195,0.46853027,0.39767438,0.38953087,0.35050717,0.30578622,0.1827543,0.008941188,0.08564456,0.23212753,0.33593684,0.25731567,0.42991084,0.23236707,0.20314771,0.23610316,0.52154803,0.3638042,0.1482751,0.005344618,0.07278719,0.20381692,0.45820808
