1.0,-0.031071953,-0.101670586,-0.08716746,-0.20535715,-0.06423426,-0.13210875,0.033933673,0.03728811,-0.16776425,0.092614315,0.12700626,-0.024440004,0.18170002,0.052231114,0.10447613,0.14965025,0.10227673,-0.005358893,0.23737319,-0.005579245,0.06409359,-0.29421481,-0.24427599,-0.16615844,-0.1315562,-0.11294915,-0.095477894,-0.050124157,0.1361911,-0.16683699,-0.1978649,-0.028361905,0.2474685,0.18216905,0.2362041,-0.058733005,0.10830493,-0.16689515,-0.09569022,0.032020822,0.12024038,0.24483922,-0.096814044,0.2684219,-0.0656196,0.14570114,0.1533858,0.017959734,-0.11848181,0.3011084,-0.14708507,0.22438551,0.072526984,0.09376672,-0.016167415,-0.19281268,0.017345544,0.21082155,-0.1221054,0.13418609,0.03517881,-0.0065686395,0.2244785,-0.14057828,0.20540313,0.067735374,0.0363511,0.024762208,-0.065775104,-0.027076226,0.0530642,0.016412148,0.09699236,-0.025912518,0.13493791,0.010805018,-0.09601504,0.16297159,-0.13223748,0.12081549,0.20840517,0.0625731,0.17416748,0.08321653,0.25497067,0.037861638,-0.05383827,-0.06854969,0.037773926,0.25487766,0.082183525,0.07447898,0.028557781,-0.06820949,-0.107532546,-0.0011859877,0.021607796,0.16348484,0.08788158,0.1227112,0.07028729,0.08754787,0.056759626,0.024022447,-0.007883313,0.16004527,-0.27223527,0.28446794,-0.19462807,0.1741997,0.21563518,-0.0031079608,0.25130308,0.020873956,-0.08573558
-0.031071953,1.0,-0.083232015,-0.012491663,-0.011841593,-0.01262029,-0.08911234,-0.019960735,0.019607726,-0.062939614,-0.04837212,0.13864034,-0.0742133,0.0069660465,0.04984497,-0.032991335,0.039483156,0.22240543,0.08855964,0.08451557,0.00019907873,0.14653885,-0.013485975,0.086143285,-0.07977166,0.0362036,-0.011601703,0.0079683,0.07352834,0.08756783,-0.023892686,0.1115608,0.20115098,0.07249331,0.10784925,0.119672894,0.020345353,-0.10514418,0.08857843,0.11423945,0.12791523,0.2758653,0.24528159,-0.049522914,0.03966454,0.043801047,0.13448086,-0.057474907,0.1549935,0.09718976,0.19392526,-0.011919754,0.03800822,0.018953787,0.15503137,0.20956567,0.14503327,-0.026801165,-0.061128654,0.030635297,-0.003122822,-0.15569483,0.052225288,-0.09070995,0.1616178,-0.14323229,0.04546538,0.06214362,-0.015505656,0.057111584,-0.04832332,0.16344486,0.071257815,0.043047227,0.10047654,-0.06379008,-0.085611574,-0.051917735,0.08311772,-0.08532775,0.06790591,0.110677764,0.25826198,0.23484819,0.053565387,0.04990615,0.20797223,0.16263393,0.21399844,0.08656075,0.06252681,0.22455284,-0.091905124,-0.0420261,0.048706625,-0.009568166,-0.038220465,-0.07387104,-0.0055650678,0.16595176,-0.0068239127,-0.0540088,-0.044335034,0.009331438,-0.12902452,-0.05249,0.08297735,0.0902368,0.12969364,-0.20082755,0.047205336,0.050003886,-0.16596544,0.12981425,-0.012276263,-0.028604962
-0.101670586,-0.083232015,1.0,0.5345066,0.4602652,0.278243,0.6036714,0.36650625,0.21671957,0.4451331,0.48962128,0.12654118,0.6309466,0.008297015,-0.061271556,0.08652702,0.41478562,0.1680577,0.05174424,-0.13460305,-0.052490417,-0.14291732,0.58703864,0.56882477,0.44539973,0.3938325,0.52314895,0.31407297,0.12607194,0.14454436,0.37189212,0.48719892,-0.101997785,0.022370288,0.2576117,0.19312975,-0.15306146,-0.2584333,-0.0821418,-0.16230161,-0.057654962,-0.36137846,0.2759906,0.05824611,0.017334275,-0.18633573,0.13621578,0.09448056,-0.05384589,0.009303281,0.030772122,0.24330512,0.0038079878,-0.062892236,-0.04541976,0.01027637,-0.11856968,0.05547274,0.2110133,0.12553807,0.042482875,-0.025557457,0.17620608,0.024154501,-0.15706727,0.018173909,-0.17077069,0.10840263,-0.022207344,-0.10022509,0.25393346,0.18827339,-0.07523282,-0.058301657,0.11519446,-0.10072358,0.08432124,0.05660683,0.29051384,0.107116275,-0.031177392,-0.007364503,-0.018524349,-0.09740508,0.07507437,-0.31633344,-0.03865829,0.11581637,0.16534872,0.023634225,0.05387393,-0.056540623,0.11498953,-0.18101522,0.29995185,-0.2726174,0.16483566,0.14885107,0.1274,0.03811959,0.12844016,-0.12649165,-0.0167455,-0.022738084,0.1369108,0.039201614,-0.03276877,0.00946663,-0.05392229,-0.035201725,0.099117756,-0.10999096,-0.06768119,0.08231463,0.19106492,0.2126211
-0.08716746,-0.012491663,0.5345066,1.0,0.3192827,0.3814177,0.6281112,0.5342651,0.15358554,0.49961603,0.42011598,0.4438817,0.47647285,0.21368554,0.031048417,0.22403409,0.50588024,0.31479692,0.09054712,-0.06664536,0.108361915,-0.07889631,0.27793747,0.5908175,0.18945755,0.4741274,0.51084995,0.29202646,0.132238,0.38296264,0.27770364,0.4271067,0.17406508,0.1691487,0.33400142,0.36519206,0.14411283,-0.065124236,0.09008559,-0.008497513,0.13936757,-0.0810391,0.39316574,0.109683394,-0.07661322,-0.050041255,0.38892844,0.2480544,-0.04640586,0.032396868,-0.09516936,0.24609311,-0.1123055,-0.012831464,0.119209796,0.17043757,0.1344547,0.0860186,-0.021329341,0.07989913,-0.047026392,-0.20391192,0.21894458,-0.16359434,-0.00015645966,-0.08317868,-0.17860936,0.20384537,0.009704868,-0.116859525,0.24982633,0.44992435,0.071472615,0.05836059,0.20440707,-0.13946071,0.07965476,0.11236259,0.3992572,-0.098813705,0.22551778,0.26081607,0.16731498,0.13181607,0.26600334,-0.13380866,0.14033113,0.24688052,0.06719067,0.19198301,0.13379093,0.06942063,0.10515719,-0.08548375,0.02658981,-0.071807206,0.2959676,0.21165146,0.2872024,0.17744316,0.2133778,0.075555675,0.0939198,0.055831827,0.18113329,0.12469794,0.23099945,0.11014477,0.18194298,0.06349611,0.40183228,0.024026385,-0.09050942,0.20364648,0.2637353,0.19152193
-0.20535715,-0.011841593,0.4602652,0.3192827,1.0,0.7681989,0.24744846,0.118791506,0.64655614,0.6485452,0.29780266,-0.06457663,0.33538488,-0.4512451,0.29221174,-0.032903403,0.0221993,-0.02824121,-0.09372616,-0.065505356,0.44717377,0.4117633,0.5934411,0.62677425,0.7645491,0.75191605,0.7282947,0.71103776,0.45643342,0.15657017,0.5467353,0.6349562,-0.19925313,-0.39507213,-0.08257177,-0.1043747,0.05888518,0.079050615,0.29249507,0.14676784,-0.0970386,-0.18810597,-0.108112164,-0.24741727,-0.12811562,-0.20595272,-0.021419387,0.03240092,0.013736879,-0.14349374,-0.190645,-0.062477328,-0.29070094,-0.24137361,-0.01439639,0.24221921,-0.24343169,-0.009182292,0.07309073,0.1679295,0.014194879,-0.050412256,0.02761863,-0.07403999,-0.17374623,-0.022813395,0.008317274,-0.035747834,0.029276783,-0.17842013,0.49778712,0.44041082,0.48354253,0.24499261,0.35101643,0.2076877,0.46505064,0.5404175,-0.16020808,0.44166622,0.17080879,-0.12514159,0.3026581,-0.30128515,-0.019894606,-0.43799967,0.30538914,0.3759064,0.118907094,0.039454494,-0.14295235,-0.10574725,-0.04694227,-0.12650436,0.42265958,-0.001521025,0.35635182,0.26066387,0.01486804,0.052444648,0.030280855,-0.01203686,0.03768103,0.088345684,0.2553692,0.21145156,-0.013570203,0.24962105,-0.09841296,0.38661897,0.27564746,-0.22498271,-0.098680824,-0.013800146,0.27629185,0.3992663
-0.06423426,-0.01262029,0.278243,0.3814177,0.7681989,1.0,0.13639808,0.11817663,0.64794767,0.68406075,0.27359086,0.14123252,0.19307947,-0.35604435,0.37881914,0.07077048,0.058715418,0.01848279,-0.06937233,0.040952407,0.4719979,0.49593326,0.39390984,0.5820259,0.62521356,0.82836664,0.72282976,0.7636928,0.4679008,0.3515694,0.45234683,0.53960544,-0.12134008,-0.3154168,0.0055802334,0.0518132,0.11336039,0.115573086,0.2745939,0.093449116,-0.019455051,-0.045488324,-0.03998058,-0.27708405,-0.09789528,-0.09004215,0.12297934,0.12983553,0.022692101,-0.20505409,-0.25102505,-0.14029206,-0.32612985,-0.26660427,0.036527026,0.3138659,-0.13642612,-0.006674584,-0.04939544,0.054018456,0.047906317,-0.014165089,0.016510518,-0.016570233,-0.11814052,-0.073470995,0.033488926,-0.057480317,0.1172599,-0.18138546,0.5192729,0.5575294,0.6199539,0.3527966,0.42895484,0.30451417,0.45928997,0.58319676,-0.1062526,0.338876,0.32219708,0.023982136,0.47378016,-0.14527462,0.0024141644,-0.27026787,0.43969774,0.46074077,0.04462761,0.15894797,-0.07268708,-0.03645369,-0.08044019,-0.15769994,0.32400182,0.033585746,0.40572304,0.2541468,0.08803859,0.17590642,0.08545165,0.06911357,0.06286087,0.19167702,0.25546035,0.2619676,0.13357793,0.2781069,0.048944443,0.34117135,0.44722366,-0.11593437,-0.20364507,0.10413645,0.33106595,0.40862468
-0.13210875,-0.08911234,0.6036714,0.6281112,0.24744846,0.13639808,1.0,0.46832266,0.15655844,0.28688005,0.52040505,0.20109658,0.62466913,0.2214879,0.022729099,0.26167375,0.5327617,0.2500029,0.023716096,-0.18793616,0.045263473,-0.22389807,0.30484045,0.40848303,0.24797574,0.25771832,0.3173258,0.123511285,0.08947449,0.24383394,0.30818936,0.2863089,0.17186868,0.15001012,0.3626365,0.278493,0.16551822,-0.039673056,0.033736918,-0.051742837,0.13404691,-0.12554868,0.30962315,0.22216468,-0.09454553,-0.022875136,0.29381332,0.18394788,0.0016968017,0.1917166,-0.0058266968,0.32139006,0.11869647,0.05191161,0.06417496,-0.06630449,0.12269281,0.018120393,0.023881016,0.04999257,-0.09495296,-0.25380668,0.28082505,-0.16473073,-0.09959336,-0.023587894,-0.10056361,0.20010886,0.03489111,-0.07113532,0.13706253,0.27204618,-0.14397755,-0.03889246,0.13132073,-0.20806563,-0.00821241,-0.009193799,0.3821346,-0.16775638,0.19905172,0.18648928,-0.021315577,0.058615394,0.4122913,-0.116124354,-0.051657587,0.08822771,0.11701081,0.094854884,0.1834016,0.09856452,0.18380597,-0.058760818,-0.0813315,-0.04366417,0.21910617,0.21765561,0.30225033,0.14557517,0.19667037,-0.0825275,0.11700478,0.029584454,0.19321404,0.12326461,0.23981151,-0.005340383,0.08852661,0.0120164715,0.28425536,0.025767999,-0.103783004,0.13180616,0.21406506,0.13447157
0.033933673,-0.019960735,0.36650625,0.5342651,0.118791506,0.11817663,0.46832266,1.0,0.08960981,0.30292773,0.41713116,0.35404965,0.4096595,0.2917905,0.014353266,0.18747933,0.29568148,0.2734465,-0.009417545,0.00093205844,-0.026214566,-0.2816859,0.21417965,0.2891334,0.021776354,0.20110519,0.24759609,0.1414741,0.110023916,0.30621746,0.3252297,0.3074108,0.0030248035,0.11897745,0.29506195,0.27990544,0.110526405,0.0064833444,0.06285689,0.027727276,0.033571016,-0.24143429,0.34845257,0.072643235,0.057249777,-0.040493753,0.17273118,0.17816874,-0.06202435,0.06714618,0.07137131,0.07467941,-0.032158885,0.04070222,0.039902333,-0.022937143,-0.007726143,-0.02887914,-0.015803264,0.0946076,-0.13701779,-0.08476935,0.076172575,0.15306154,-0.021564743,0.13027799,-0.16110896,0.15981676,-0.06479364,-0.09410542,0.123077124,0.3097833,-0.10034452,0.07738303,-0.022298193,-0.20880334,-0.027106648,-0.028101947,0.30839136,-0.20991045,0.11088966,0.24791583,-0.027591186,0.092542954,0.15861048,-0.14767317,0.036425017,0.10090981,-0.031584647,0.08343642,0.08234359,0.033102103,0.15551113,-0.051553775,-0.14731377,-0.105744384,0.052804884,0.2133334,0.11253505,-0.0022878428,0.1605343,0.0326324,0.03989811,0.027180761,0.07996705,-0.021758193,0.10960871,-0.040610034,-0.082819454,-0.0029458373,0.22616844,-0.04727393,-0.08471126,0.17133388,0.21413648,-0.044148345
0.03728811,0.019607726,0.21671957,0.15358554,0.64655614,0.64794767,0.15655844,0.08960981,1.0,0.5605977,0.39311364,-0.07565544,0.3576667,-0.15638414,0.6350123,0.27030316,0.13331154,-0.108100474,-0.11022487,0.017708635,0.4091322,0.3664361,0.35109773,0.35643104,0.58855474,0.5608121,0.5098461,0.5754781,0.63010865,0.35114452,0.54005325,0.42931724,-0.15206045,-0.25045782,0.07765796,0.025057042,0.1672087,0.37165216,0.3193292,0.30516496,-0.074373215,0.07314241,-0.043178413,-0.224679,0.025379058,-0.053804796,0.098996796,0.08839952,0.14394931,-0.09109939,-0.06754873,-0.16215958,-0.18403077,-0.11649835,0.1420016,0.29147246,-0.3505423,-0.042400226,0.08766695,-0.009673446,0.04549357,-0.026526686,-0.058442798,0.016987719,-0.1650224,0.029217914,0.011557904,0.16820699,-0.02080643,-0.05915273,0.5354174,0.5357804,0.55546737,0.5129017,0.36334565,0.3895363,0.47767037,0.57373565,-0.081025675,0.28077033,0.4603263,-0.029306468,0.4018185,-0.082404114,0.2311449,-0.106544286,0.38523299,0.3358911,0.18175413,0.15919825,-0.071333356,0.06809989,0.054286644,0.022358812,0.27824745,0.17460774,0.33601594,0.3164084,0.15242867,0.12217549,0.053753812,-0.0067763585,0.045377824,0.16607678,0.16462818,0.10902757,0.11110623,0.07757161,0.08311752,0.3433367,0.49989522,0.02187783,-0.1370776,0.103790775,0.31995913,0.2897862
-0.16776425,-0.062939614,0.4451331,0.49961603,0.6485452,0.68406075,0.28688005,0.30292773,0.5605977,1.0,0.41348034,0.1601736,0.42021152,-0.07311414,0.41203955,0.2886419,0.2031037,0.06797383,0.03305146,-0.056084335,0.27245352,0.20480883,0.51799005,0.662521,0.50551677,0.6933351,0.6303194,0.63916016,0.4064828,0.41472608,0.54766273,0.63436747,-0.10796128,-0.29481938,0.051836528,0.17461927,-0.018176878,0.09859059,0.22106846,0.1625697,-0.1586124,-0.17052326,0.07926358,-0.10960972,-0.03892765,-0.13670547,0.19031906,0.18156211,0.03523527,-0.15280446,-0.2745767,-0.10043315,-0.33543792,-0.24466327,0.012745338,0.36180413,-0.16168776,-0.0066624936,0.011944972,-0.0030243273,-0.007190245,-0.00504682,0.05512922,-0.0031824152,-0.084569335,-0.052815445,-0.15023197,0.15427278,-0.00372241,-0.11876156,0.5173357,0.51173204,0.38256046,0.28913057,0.23296061,0.18766528,0.35360107,0.4841077,0.075277664,0.20586962,0.28589362,0.0921507,0.28171855,-0.12251538,0.11938549,-0.22508077,0.30327243,0.24841902,0.1009934,0.24923016,-0.12697296,0.03951565,0.07387516,-0.1050454,0.319047,-0.049960565,0.25384125,0.23136076,0.07575765,0.1056597,0.077779435,-0.0014927298,-0.07553618,0.09489562,0.07563824,0.033296727,0.03655309,0.12802312,-0.10519874,0.23849097,0.41130596,-0.08404538,-0.28045094,0.053509884,0.27906832,0.19828415
0.092614315,-0.04837212,0.48962128,0.42011598,0.29780266,0.27359086,0.52040505,0.41713116,0.39311364,0.41348034,1.0,0.2432105,0.56358814,0.26094392,0.21002614,0.35445362,0.6438924,0.21414256,0.08396404,-0.0472181,0.044294354,-0.06364724,0.25213927,0.335251,0.2984099,0.31556293,0.37781912,0.25900728,0.36866564,0.47311044,0.3796334,0.30841416,0.15897189,0.10706539,0.40586922,0.4776559,-0.049937017,0.057955354,-0.02510027,-0.05671339,-0.05063129,-0.19639981,0.3995695,-0.02808883,0.095758624,-0.11197562,0.36368608,0.27603638,0.100865506,-0.081741266,0.06489404,0.111871794,0.04774719,0.02598153,-0.009941515,0.06720231,-0.096540324,0.08880239,0.15825632,-0.057355244,0.071774825,-0.03930609,0.17511272,0.09379254,-0.019489598,0.08107289,-0.07541125,0.32896164,0.023426745,-0.05598001,0.34000647,0.40400162,0.011485964,0.32041198,0.123686045,0.0814485,0.035167895,0.14428023,0.4457558,-0.1287956,0.3873129,0.23192434,0.21583596,0.11204596,0.42560107,0.028023843,0.19609018,0.17839088,0.11742331,0.1797446,0.19933419,0.20316121,0.26298752,-0.04852847,0.0050021475,-0.17893754,0.15325095,0.18341103,0.30487996,0.17996801,0.32656693,-0.13224617,0.09553581,0.15730557,0.15423149,0.013657185,0.26208264,-0.17399152,0.030321702,-0.07462569,0.4665914,0.18161751,-0.17579666,0.32282776,0.31559846,0.10463993
0.12700626,0.13864034,0.12654118,0.4438817,-0.06457663,0.14123252,0.20109658,0.35404965,-0.07565544,0.1601736,0.2432105,1.0,0.15038285,0.4361061,0.005559811,0.29810435,0.4027345,0.59764785,0.12966509,0.09812425,-0.18788695,-0.10819027,-0.07536629,0.21199964,-0.2142836,0.13893728,0.19815308,0.06874066,-0.07468275,0.44696695,-0.08545469,0.08222212,0.3733653,0.33947918,0.39619273,0.6030416,0.022127958,-0.19576718,-0.13220122,-0.18019125,0.2507149,0.0648939,0.54112077,0.13897963,0.17513575,0.07805651,0.53393984,0.46536875,-0.014052124,-0.051796675,0.14930195,0.251749,0.14924163,-0.07891953,0.0822718,0.20342232,0.24726169,0.069379546,0.06346707,-0.061533496,-0.021033328,-0.031238584,0.14356144,0.039910197,0.001045189,0.042224053,-0.10073152,0.18597804,0.04130959,-0.20687653,-0.017957004,0.29630288,0.00833681,0.06774533,0.049179606,-0.13791461,-0.12797008,-0.11689398,0.5120487,-0.3556894,0.16443859,0.55390733,0.21099758,0.44931927,0.2336195,0.29127917,0.14671388,0.113182865,0.047477655,0.25063118,0.3088506,0.29007357,0.18860352,0.1020898,-0.1665172,-0.19467422,0.0029787188,-0.029896121,0.30082294,0.3484185,0.30500045,0.08272102,0.0679519,0.18463807,-0.04820738,-0.06393673,0.27954173,-0.08772483,0.23055771,-0.30553797,0.31409147,0.29015437,-0.23912822,0.4185329,0.10187863,-0.105317555
-0.024440004,-0.0742133,0.6309466,0.47647285,0.33538488,0.19307947,0.62466913,0.4096595,0.3576667,0.42021152,0.56358814,0.15038285,1.0,0.276511,0.2765644,0.4285121,0.5405745,0.2335961,0.002729757,-0.16136524,0.08996826,-0.12838328,0.50901383,0.51912385,0.36709106,0.2286031,0.29146084,0.23393679,0.29597127,0.39269912,0.5385728,0.5256586,0.061284002,0.18889968,0.47859016,0.3766968,0.13373312,0.11393306,0.045746055,0.10147174,0.046157725,-0.047476962,0.42517242,0.13355944,0.016026802,-0.009051159,0.4027859,0.3261922,0.1504898,0.090348355,0.04716381,0.20472342,0.16102864,0.11347268,0.25007102,0.23486818,0.0018843844,0.035373934,0.2118093,0.0008911222,-0.009526033,-0.06652919,0.22927272,-0.046059433,-0.15000026,0.08780745,-0.112939276,0.31921002,-0.094447,-0.12128342,0.28099382,0.31303668,-0.05028434,0.15314037,0.267459,-0.011281958,0.16518617,0.083821684,0.42530674,-0.14380349,0.2756115,0.1616782,0.06227509,0.092778414,0.51271313,-0.11653195,0.047982275,0.0762752,0.39624465,0.22777586,0.22775227,0.27335888,0.27369192,0.09201359,0.16688488,-0.1081582,0.23628546,0.31963304,0.43742886,0.2225997,0.26747888,-0.15247682,0.1255445,0.12329126,0.073045745,0.0340851,0.20589387,-0.17912984,0.20909293,-0.1107567,0.36122388,0.30185798,-0.1793034,0.25384825,0.19789568,0.07664617
0.18170002,0.0069660465,0.008297015,0.21368554,-0.4512451,-0.35604435,0.2214879,0.2917905,-0.15638414,-0.07311414,0.26094392,0.4361061,0.276511,1.0,0.10060219,0.5062033,0.4841292,0.3574726,0.19041884,-0.08607557,-0.39523047,-0.45192158,-0.19422022,-0.19234608,-0.46890706,-0.35141215,-0.24632007,-0.37288657,-0.08494433,0.32980347,-0.13730358,-0.18883613,0.33783558,0.44599637,0.42257428,0.448821,0.04917291,0.037415758,-0.1320651,-0.057706647,0.11123663,0.15697569,0.5150251,0.30933896,0.26773974,0.19532222,0.41578114,0.24627058,0.09045431,0.124842845,0.32621223,0.26109433,0.32884464,0.12650038,0.15984394,0.03800631,0.11340217,-0.10811165,0.100380905,-0.21143916,-0.07379674,-0.045619078,0.04279023,0.027214544,0.10633457,0.04681072,-0.18582653,0.33384618,-0.056040455,0.053707995,-0.07134301,-0.023996657,-0.30078667,0.044635523,-0.12776542,-0.07496329,-0.21290982,-0.27120855,0.47901663,-0.53846925,0.22826922,0.43522784,-0.023049483,0.46825925,0.4967041,0.45356297,-0.06791183,-0.30846962,0.15379079,0.10775557,0.1726352,0.16552348,0.23075268,0.14724062,-0.2809007,-0.019627234,-0.09934236,-0.008336753,0.32285613,0.11864818,0.16228142,0.010640464,0.003454304,-0.0029905813,-0.16277672,-0.1653497,0.23288518,-0.33844435,0.2936963,-0.32703856,0.19296576,0.5051912,-0.090743095,0.26756865,0.03438301,-0.35705584
0.052231114,0.04984497,-0.061271556,0.031048417,0.29221174,0.37881914,0.022729099,0.014353266,0.6350123,0.41203955,0.21002614,0.005559811,0.2765644,0.10060219,1.0,0.5926796,0.075902134,-0.13307944,-0.19792697,-0.0351109,0.42333633,0.3344535,0.2478475,0.17765714,0.3565727,0.24434136,0.18830416,0.44255236,0.6595387,0.53453654,0.5362757,0.2907104,-0.008435557,-0.0964246,0.17179544,0.025492689,0.3135228,0.5638887,0.41822317,0.4579413,-0.12805967,0.3108596,0.0198421,-0.16243082,0.07857968,0.064184204,0.18884875,0.07237573,0.12468953,-0.05459997,-0.09132863,-0.21925935,-0.07035301,0.071208045,0.37554756,0.47094473,-0.1989319,-0.040420774,0.07978424,-0.051621974,-0.10246822,-0.039407946,-0.03994591,0.035664946,-0.06246196,-0.033172652,0.07940606,0.17190066,-0.05491431,-0.039022617,0.5219586,0.36670738,0.54100823,0.5959152,0.34296322,0.4660004,0.5134534,0.5878055,-0.080510415,0.09722587,0.5453716,0.17141332,0.5377167,0.24556157,0.39990807,0.25343883,0.5033751,0.3752289,0.41698685,0.4429199,0.029123392,0.13044807,0.22628084,0.16426246,0.28354394,0.36148977,0.4156149,0.39151633,0.36580616,0.2776393,0.24083847,0.105496146,0.24148417,0.4052887,0.15908818,0.21496317,0.35213754,0.14228363,0.24205764,0.293246,0.53849065,0.284383,-0.12076826,0.22011678,0.3771582,0.19744344
0.10447613,-0.032991335,0.08652702,0.22403409,-0.032903403,0.07077048,0.26167375,0.18747933,0.27030316,0.2886419,0.35445362,0.29810435,0.4285121,0.5062033,0.5926796,1.0,0.39810655,0.20775114,0.016593354,-0.11884582,0.061481785,0.038869865,0.08899074,0.11759363,0.07698857,0.0295197,0.07516314,0.20061068,0.35953668,0.67864054,0.28769657,0.13536687,0.31211483,0.3406976,0.5012982,0.35748777,0.23056193,0.43590254,0.1102694,0.30839178,0.044487447,0.26024744,0.40247408,0.1425147,0.12703633,0.09233959,0.5054319,0.3672626,0.080422446,0.11096659,0.16923764,0.12779061,0.22218846,0.2025439,0.43648157,0.43879437,0.018261224,-0.036646895,0.13453424,-0.17505817,-0.13123398,0.051449057,0.14215736,0.011882736,0.020008387,0.011954069,-0.05829647,0.34388956,-0.04501459,-0.044272166,0.23550816,0.33400577,0.23403874,0.44961688,0.2448895,0.24505685,0.23644488,0.21272957,0.29839385,-0.3264122,0.5114784,0.49866262,0.42692983,0.6056634,0.60200256,0.5168293,0.3257507,0.26011425,0.4293344,0.5214399,0.3578506,0.28987327,0.4034974,0.25101995,0.1254016,0.27669144,0.3062224,0.390735,0.5444676,0.45604154,0.35850492,0.11287676,0.30047062,0.37951463,0.108534984,0.1767578,0.44783244,0.04688541,0.40042132,0.040870685,0.5226091,0.4905959,-0.102186725,0.43552485,0.2992055,0.10316956
0.14965025,0.039483156,0.41478562,0.50588024,0.0221993,0.058715418,0.5327617,0.29568148,0.13331154,0.2031037,0.6438924,0.4027345,0.5405745,0.4841292,0.075902134,0.39810655,1.0,0.4398963,0.20760801,-0.030610923,-0.1272076,-0.24141774,0.018090501,0.21186374,-0.024611806,0.10820032,0.2027952,0.022997761,0.1909763,0.5196681,0.1163083,0.118288465,0.36493707,0.39231503,0.5109351,0.6519767,-0.008961562,-0.09376577,-0.06938064,-0.12313764,0.20815343,0.020851716,0.6324892,0.13649966,0.12227441,0.04537622,0.598266,0.34993005,0.11097873,-0.015525897,0.15129402,0.2855889,0.27962393,0.05081917,0.17152089,0.11632521,0.11614961,0.090199314,0.051278118,-0.10827249,0.062676266,-0.16775136,0.25217435,0.023454908,0.09263231,0.051881567,-0.14456855,0.31941307,0.10664623,-0.09681585,0.19249,0.34788108,-0.1519809,0.21809524,0.07914014,-0.006596229,-0.14507268,-0.09044777,0.72713137,-0.40764892,0.44933432,0.34430134,0.17552692,0.33028597,0.5555243,0.11026447,0.10533535,0.038588986,0.18444993,0.18370849,0.34380805,0.26403657,0.315597,0.03854995,-0.16925396,-0.21583685,0.11844949,0.09297193,0.46499693,0.2707242,0.37767643,-0.16337447,0.0802415,0.08028905,0.016605638,-0.07956105,0.32089955,-0.30673033,0.2761647,-0.31061155,0.45545495,0.42363763,-0.22838539,0.41758984,0.18119732,-0.08931126
0.10227673,0.22240543,0.1680577,0.31479692,-0.02824121,0.01848279,0.2500029,0.2734465,-0.108100474,0.06797383,0.21414256,0.59764785,0.2335961,0.3574726,-0.13307944,0.20775114,0.4398963,1.0,0.21324264,0.106988415,-0.27475283,-0.1558318,-0.11084332,0.1533055,-0.25443912,0.0514125,0.122008026,-0.02991873,-0.16452412,0.2847452,-0.14712232,0.03263736,0.3322492,0.3704376,0.37105802,0.5644037,-0.08436769,-0.26700774,-0.15597534,-0.12750918,0.29561892,0.019204471,0.5828309,0.2190743,0.012615176,0.10100622,0.5182023,0.4480987,0.0046329973,0.14758192,0.28033406,0.23817389,0.3304187,-0.032119006,0.11605921,0.19381566,0.29189053,-0.10947057,0.05798836,-0.009623944,-0.06959021,-0.035899434,0.21860212,0.10334366,0.105483755,-0.021208104,-0.09242419,0.20817995,0.11167781,-0.04464242,-0.15124854,0.23233175,-0.1522928,-0.019376574,-0.03846545,-0.17885298,-0.26844376,-0.26398525,0.52688247,-0.39750317,0.11641333,0.49012113,0.09750682,0.35604212,0.28518164,0.1687914,0.03183958,-0.04494031,0.072993845,0.085363,0.27703437,0.3740062,0.1400601,0.14660524,-0.19520052,-0.28208768,-0.17462854,-0.07312146,0.23851928,0.28393093,0.16432887,-0.051087167,-0.03735573,0.022823054,-0.16308892,-0.14318112,0.13284066,-0.18074748,0.14034897,-0.42338523,0.16876033,0.3217029,-0.24620725,0.30034095,-0.08986445,-0.24111797
-0.005358893,0.08855964,0.05174424,0.09054712,-0.09372616,-0.06937233,0.023716096,-0.009417545,-0.11022487,0.03305146,0.08396404,0.12966509,0.002729757,0.19041884,-0.19792697,0.016593354,0.20760801,0.21324264,1.0,0.12008293,-0.1758668,-0.07285489,-0.09236655,-0.008932204,-0.18007326,-0.028133934,0.03141507,-0.1413512,-0.16500698,0.047074597,-0.24480732,-0.09775394,0.13985671,0.1307912,-0.0073254067,0.22974949,-0.017883133,-0.17873059,0.053093668,0.015394489,0.31035978,0.17523593,0.14562881,0.05557574,-0.039373588,0.039397713,0.18328138,0.08554569,-0.051429983,-0.027620021,0.2834057,0.22387673,-0.007381263,-0.07832584,0.00037354132,0.1008241,0.118438505,0.043794997,-0.0733015,-0.09971467,-0.07817731,0.011240071,0.005469596,-0.027630758,0.15038586,-0.1009873,-0.16259389,-0.012015204,-0.08922827,-0.02812058,-0.07844401,0.07159334,-0.093829766,-0.078450255,-0.12614734,-0.12274812,-0.14760628,-0.1597273,0.22651857,-0.08418619,-0.042926393,0.045283627,0.051773082,0.11806831,0.068808325,0.06829542,0.011473187,-0.13759352,-0.0050554676,0.016570855,0.09726526,0.036286846,0.07293804,0.03251025,-0.030068586,-0.10121344,-0.057262354,-0.092297,-0.026208661,0.062007926,0.043276094,-0.044358704,-0.06942505,0.0077808253,-0.11694809,-0.112532154,-0.027768144,-0.051419694,0.06842491,-0.1583863,0.0590085,0.1006927,-0.10421814,-0.04544122,-0.18583168,-0.15036885
0.23737319,0.08451557,-0.13460305,-0.06664536,-0.065505356,0.040952407,-0.18793616,0.00093205844,0.017708635,-0.056084335,-0.0472181,0.09812425,-0.16136524,-0.08607557,-0.0351109,-0.11884582,-0.030610923,0.106988415,0.12008293,1.0,-0.1372595,0.112278745,-0.2238288,-0.120344065,-0.13877514,0.007458508,0.08757695,0.035102256,-0.0686578,0.038885493,-0.19465186,-0.16396292,-0.0416595,-0.028796457,-0.033924878,0.11633589,-0.04500903,0.030399323,0.04840639,0.022122545,0.012084549,0.074469365,0.061772984,-0.10380912,0.20300484,0.02487192,-0.0320806,0.044142794,-0.018942008,-0.20159702,0.1395215,-0.20238596,-0.030181758,-0.21095902,0.053358663,0.043307167,-0.09726221,-0.0047765775,0.060580917,-0.22942276,0.2799942,-0.03337051,-0.118970685,0.20243874,-0.040539965,0.07515337,-0.06745887,-0.23300865,0.03443477,0.04197324,-0.07127942,0.070900664,0.106877916,0.02785474,-0.07435539,0.11632851,-0.00604886,0.02608601,-0.021132356,-0.043766636,0.08067262,0.005929899,0.1647788,0.030049415,-0.15871347,0.060147185,0.10980088,-0.009699802,-0.06156909,-0.07762827,-0.026300192,-0.09579469,-0.10634116,-0.10978927,0.049182616,-0.045903686,-0.033021614,-0.026107917,-0.045708403,0.017179692,-0.02390012,0.24644266,-0.028622093,0.03461493,-0.0047650104,-0.009271434,-0.029875895,-0.020048223,-0.034990035,0.0026162271,0.07830294,-0.1090947,-0.00065568835,0.10374131,-0.040945962,-0.008172788
-0.005579245,0.00019907873,-0.052490417,0.108361915,0.44717377,0.4719979,0.045263473,-0.026214566,0.4091322,0.27245352,0.044294354,-0.18788695,0.08996826,-0.39523047,0.42333633,0.061481785,-0.1272076,-0.27475283,-0.1758668,-0.1372595,1.0,0.50800616,0.31783152,0.30136415,0.53164697,0.42716327,0.18503897,0.50379825,0.53279734,0.19332449,0.5400921,0.44406772,-0.15074283,-0.23607245,-0.0788063,-0.24788223,0.411555,0.39845118,0.47597164,0.39938676,0.026337638,0.2310691,-0.2666847,-0.20829354,-0.2609435,-0.010681706,-0.056786966,-0.08360626,0.07122535,-0.060190707,-0.2736854,-0.18991852,-0.22770052,0.05961305,0.18262662,0.28426585,-0.056587234,0.17705142,-0.08884986,0.14392237,-0.056422934,-0.055307765,0.013846213,-0.07863916,-0.030886138,-0.09652972,0.12741333,-0.02646798,0.041627865,-0.097799286,0.43376243,0.38713044,0.4986222,0.3744975,0.43478823,0.19724773,0.4710205,0.515763,-0.25646728,0.3375747,0.19888143,-0.049659755,0.3456198,-0.096787505,0.11836328,-0.15476553,0.46962065,0.55546206,0.1825733,0.30964592,0.061118085,0.030678637,0.07226995,0.088503115,0.24874161,0.2763062,0.46915516,0.3224172,0.17370886,0.20481606,0.21913269,0.08730255,0.38614014,0.3666157,0.45690084,0.41979483,0.33882806,0.24689773,0.15333946,0.35204408,0.36498395,-0.014380935,-0.010234486,0.09084692,0.37436843,0.44173676
0.06409359,0.14653885,-0.14291732,-0.07889631,0.4117633,0.49593326,-0.22389807,-0.2816859,0.3664361,0.20480883,-0.06364724,-0.10819027,-0.12838328,-0.45192158,0.3344535,0.038869865,-0.24141774,-0.1558318,-0.07285489,0.112278745,0.50800616,1.0,0.10403477,0.22819689,0.41002285,0.40692446,0.33965716,0.55129635,0.3764834,0.169428,0.13097562,0.21483605,-0.053798992,-0.21690957,-0.06652846,-0.16336147,0.22184205,0.3336866,0.2952116,0.29611623,0.11681485,0.37631,-0.20530301,-0.20068105,-0.07003793,-0.062273227,0.03004124,0.09112228,0.07817998,-0.044280704,-0.12608586,-0.25381923,-0.19159849,-0.08860714,0.3249097,0.46509105,0.0008853955,0.054634556,-0.09902337,0.0072474373,-0.018980626,0.041349996,-0.06570692,-0.056051306,0.032227274,-0.12250569,0.25487652,-0.18586071,0.08751471,-0.18475458,0.17042816,0.3656375,0.67607635,0.41048494,0.5706446,0.51966596,0.40864575,0.41958138,-0.35417932,0.30971348,0.19480786,-0.094413474,0.5899824,0.020735964,-0.05086414,0.033855967,0.52729374,0.45130873,0.24701792,0.17812124,0.024848955,0.05120827,-0.21739328,0.021266505,0.42968032,0.28690726,0.37152874,0.3030277,0.06169816,0.3066942,-0.016792312,0.1938508,0.20862275,0.267759,0.17758198,0.42408067,0.18565518,0.381362,0.25174773,0.3658847,0.22076158,-0.06642436,0.057936803,0.056483004,0.15857604,0.41105318
-0.29421481,-0.013485975,0.58703864,0.27793747,0.5934411,0.39390984,0.30484045,0.21417965,0.35109773,0.51799005,0.25213927,-0.07536629,0.50901383,-0.19422022,0.2478475,0.08899074,0.018090501,-0.11084332,-0.09236655,-0.2238288,0.31783152,0.10403477,1.0,0.6253788,0.6836436,0.46412125,0.4208893,0.4620939,0.38529,0.14579922,0.67634237,0.7305121,-0.30660403,-0.2629131,0.10482374,-0.12302157,0.07493669,0.059387226,0.2608906,0.18635252,-0.16834734,-0.16367652,-0.03530776,-0.047331568,-0.09929887,-0.12867472,-0.033909205,-0.14261998,0.026218776,-0.07986125,-0.20767115,0.06415736,-0.1618136,-0.11521166,0.03582821,0.30450577,-0.18340968,0.03776498,0.20952353,0.17566371,-0.06469006,0.0036348558,0.06078669,-0.04404774,-0.2339128,-0.068588935,-0.02417062,0.08523024,-0.08302277,-0.15005246,0.51795715,0.19896649,0.2175741,0.092908196,0.29382002,0.012349809,0.4187293,0.40878087,-0.118827276,0.31733003,-0.020291705,-0.089488015,0.12851265,-0.16320086,0.10854678,-0.33364174,0.26525074,0.3158516,0.41038552,0.18726766,0.0069452575,-0.10661805,0.18100467,-0.08484466,0.54073334,0.035907693,0.40546745,0.3418039,0.14576703,0.12270706,0.22641909,-0.066827886,0.16222052,0.24737681,0.2783374,0.23735484,0.072598755,0.27355027,-0.052684832,0.2313151,0.1723714,-0.09032933,-0.12730439,0.06281825,0.3729734,0.4129943
-0.24427599,0.086143285,0.56882477,0.5908175,0.62677425,0.5820259,0.40848303,0.2891334,0.35643104,0.662521,0.335251,0.21199964,0.51912385,-0.19234608,0.17765714,0.11759363,0.21186374,0.1533055,-0.008932204,-0.120344065,0.30136415,0.22819689,0.6253788,1.0,0.53940934,0.64108443,0.5865762,0.57474256,0.2714351,0.28716078,0.5087432,0.7508246,-0.030230561,-0.058930255,0.18427801,0.20833278,0.08497115,-0.083316185,0.13352802,0.0669604,0.046886303,-0.12844846,0.1450419,-0.0549048,-0.20845054,-0.09882288,0.29464385,0.24262683,-0.001088651,-0.022566093,-0.23552133,0.07001921,-0.25752127,-0.050504513,0.08123568,0.37091625,0.044628292,0.1051441,0.06408534,0.13237964,-0.06642439,-0.0770207,0.28093594,-0.1113586,-0.1741372,-0.119087026,-0.05485697,0.17379527,-0.105442576,-0.20240517,0.3476427,0.48715705,0.29287124,0.088845275,0.37078962,-0.026002042,0.2715957,0.33127075,0.16838482,0.15884133,0.1089993,0.0633305,0.20715083,-0.112937324,0.089305095,-0.3181403,0.23136279,0.34210074,0.1879356,0.2811728,0.11213416,0.17775877,0.05003124,-0.06987911,0.3510935,-0.11363916,0.3191245,0.24587506,0.16301003,0.23751916,0.1608015,-0.046603717,0.024590116,0.118091606,0.0790372,0.08089599,0.09295024,0.22126633,0.059491888,0.09523089,0.30747655,-0.08784043,-0.21106996,0.07425633,0.17638008,0.30885294
-0.16615844,-0.07977166,0.44539973,0.18945755,0.7645491,0.62521356,0.24797574,0.021776354,0.58855474,0.50551677,0.2984099,-0.2142836,0.36709106,-0.46890706,0.3565727,0.07698857,-0.024611806,-0.25443912,-0.18007326,-0.13877514,0.53164697,0.41002285,0.6836436,0.53940934,1.0,0.6377521,0.5804515,0.68710065,0.5197395,0.17627874,0.6572404,0.61195487,-0.2804375,-0.310785,0.0074877734,-0.18513794,0.10415879,0.21890579,0.26898438,0.19945826,-0.19901292,-0.15945268,-0.15929203,-0.2757492,-0.13017549,-0.19082296,-0.06945143,-0.091442265,0.08103381,-0.14509179,-0.1958001,0.008812931,-0.20946267,-0.10736974,0.038315285,0.2506763,-0.22686085,0.073676616,0.15761855,0.17949322,0.026101904,-0.06679636,0.00980735,-0.11949238,-0.24762508,-0.046340983,0.03347677,-0.017628612,-0.01832926,-0.103171684,0.55305076,0.32881048,0.45482847,0.26156494,0.4017788,0.23293765,0.5532222,0.5722088,-0.23387371,0.43010944,0.16579224,-0.16374788,0.31506237,-0.1995878,0.06110354,-0.2785513,0.34825742,0.517546,0.28144133,0.18331869,0.023188785,-0.09850082,0.08337443,-0.06427005,0.5431588,0.10762637,0.48059544,0.36724603,0.12416795,0.16007853,0.18653795,-0.048819814,0.22116485,0.28712353,0.39921045,0.35163447,0.08740472,0.31509748,-0.00035178766,0.41699517,0.28623578,-0.16550606,-0.016647646,0.068351604,0.38162148,0.58080965
-0.1315562,0.0362036,0.3938325,0.4741274,0.75191605,0.82836664,0.25771832,0.20110519,0.5608121,0.6933351,0.31556293,0.13893728,0.2286031,-0.35141215,0.24434136,0.0295197,0.10820032,0.0514125,-0.028133934,0.007458508,0.42716327,0.40692446,0.46412125,0.64108443,0.6377521,1.0,0.7651049,0.75348747,0.3611755,0.30686793,0.44360492,0.5628148,-0.15503463,-0.28802672,0.033170365,0.07222811,0.010195012,0.005955832,0.20414281,0.032244097,-0.041673556,-0.12929724,0.003819045,-0.17615636,-0.081752144,-0.18190862,0.11532544,0.10282207,-0.030803725,-0.20353404,-0.23621085,-0.0481028,-0.3055281,-0.27090484,-0.06334695,0.29031906,-0.08920616,0.002907649,-0.04931064,0.025114156,0.011798953,-0.07373928,0.0317074,-0.012558417,-0.08071797,-0.10066599,-0.041012287,-0.022243023,0.12282684,-0.14632761,0.47008047,0.56646097,0.51747185,0.24374303,0.4008838,0.17426415,0.35192254,0.47898173,-0.042534478,0.30088857,0.22212394,0.010406206,0.4035831,-0.15479949,-0.019490955,-0.29068905,0.37698126,0.4697474,0.046329115,0.20916635,-0.04417113,-0.012816345,-0.08200198,-0.16036198,0.32344285,-0.04113395,0.34318227,0.19883505,0.01880606,0.1912479,0.06923269,-0.024583837,0.0038332585,0.16399398,0.22975259,0.1974503,0.06383945,0.28944248,-0.01769783,0.2725309,0.39476594,-0.19376399,-0.16965257,0.08961018,0.2972137,0.43400636
-0.11294915,-0.011601703,0.52314895,0.51084995,0.7282947,0.72282976,0.3173258,0.24759609,0.5098461,0.6303194,0.37781912,0.19815308,0.29146084,-0.24632007,0.18830416,0.07516314,0.2027952,0.122008026,0.03141507,0.08757695,0.18503897,0.33965716,0.4208893,0.5865762,0.5804515,0.7651049,1.0,0.67878836,0.3010895,0.26407078,0.32525006,0.46782225,-0.10510408,-0.19214498,0.107281014,0.14651474,-0.039033197,-0.038756672,0.15150395,-0.028636258,-0.040693916,-0.19544362,0.094016515,-0.1651564,0.01489838,-0.24412483,0.17392488,0.15870015,-0.07859985,-0.15123104,-0.09742527,0.043781534,-0.20345138,-0.28566843,0.02494548,0.26928738,-0.14916179,-0.07256067,0.025878055,0.027681803,-0.025551042,-0.072082266,0.02261729,-0.069222204,-0.006684396,0.011946884,-0.0919874,-0.04502779,0.050840903,-0.18579124,0.38293046,0.45927283,0.42048633,0.17969918,0.30495796,0.18772909,0.32510516,0.37163937,0.04625422,0.24923614,0.22314422,0.047814004,0.4154012,-0.079076275,0.00207223,-0.25369522,0.31030163,0.36706403,0.1405287,0.07550266,-0.03284548,-0.11764322,-0.037825696,-0.18945344,0.3831188,-0.07976528,0.3411681,0.21627393,0.061978985,0.1583584,0.067530304,0.05218642,-0.028511673,0.09806215,0.18151526,0.17111011,0.015852118,0.29728448,-0.012987674,0.29298484,0.35448253,-0.23198728,-0.15872633,0.09360813,0.28124478,0.39077577
-0.095477894,0.0079683,0.31407297,0.29202646,0.71103776,0.7636928,0.123511285,0.1414741,0.5754781,0.63916016,0.25900728,0.06874066,0.23393679,-0.37288657,0.44255236,0.20061068,0.022997761,-0.02991873,-0.1413512,0.035102256,0.50379825,0.55129635,0.4620939,0.57474256,0.68710065,0.75348747,0.67878836,1.0,0.5435484,0.41676036,0.54090804,0.54940647,-0.18405811,-0.24874298,0.045424588,-0.0015255164,0.055068508,0.17466049,0.2646162,0.17208141,-0.102630295,-0.053875428,-0.043843612,-0.2571152,-0.045699406,-0.098890804,0.094850816,0.09635688,0.02188669,-0.1534072,-0.21233603,-0.122488566,-0.2650366,-0.17857407,0.10481746,0.41278428,-0.11820069,0.064262934,-0.0010331946,0.040260617,-0.06789403,0.012764002,-0.015460622,0.036950726,-0.0495523,-0.11003178,-0.008615764,-0.021331642,0.07584244,-0.1242642,0.5056823,0.5367436,0.61665547,0.41155183,0.4726945,0.36607286,0.48615327,0.5738053,-0.12231875,0.26707414,0.28524426,0.037991397,0.5507951,-0.03320356,-0.005343641,-0.16120322,0.528825,0.574515,0.19822982,0.31501865,-0.016380198,-0.0026497252,-0.028894262,-0.024186248,0.49910194,0.03011022,0.3962275,0.32085702,0.07540448,0.2643996,0.11700977,0.060975652,0.09669558,0.29412967,0.24829,0.27738163,0.13921188,0.29426697,0.07212694,0.33115825,0.40535244,-0.15754957,-0.13782321,0.091887884,0.31782326,0.43750945
-0.050124157,0.07352834,0.12607194,0.132238,0.45643342,0.4679008,0.08947449,0.110023916,0.63010865,0.4064828,0.36866564,-0.07468275,0.29597127,-0.08494433,0.6595387,0.35953668,0.1909763,-0.16452412,-0.16500698,-0.0686578,0.53279734,0.3764834,0.38529,0.2714351,0.5197395,0.3611755,0.3010895,0.5435484,1.0,0.52227867,0.66297257,0.45432252,-0.04689873,-0.2055879,0.15801235,-0.05657048,0.3263925,0.50285405,0.5162461,0.48511383,-0.058179557,0.2394018,-0.025231337,-0.24066696,0.004112742,0.0402397,0.070082314,-0.082011364,0.12680945,-0.058753833,-0.14642805,-0.13752092,-0.172349,-0.020199906,0.35988027,0.39711905,-0.24644288,0.16698739,0.011784016,0.06867263,-0.046081986,0.009657339,-0.07789339,0.0337849,0.06836141,-0.10134756,0.10936242,0.13728821,0.030384425,-0.11628985,0.68452036,0.4630587,0.5492319,0.7397311,0.40098396,0.4814411,0.5546543,0.6535809,-0.08345229,0.1776383,0.55482864,0.028915735,0.5790542,0.1155062,0.3241027,-0.053336266,0.6601999,0.5427333,0.3711098,0.2166653,0.01303929,-0.01644887,0.17399551,0.004280716,0.3593234,0.34949255,0.5130761,0.48144743,0.3050734,0.17526878,0.29528564,0.053109594,0.34862724,0.36531165,0.35944846,0.33709008,0.37235662,0.15480503,0.21510988,0.36905715,0.5514523,0.13141944,-0.059625346,0.25475708,0.53043205,0.3768435
0.1361911,0.08756783,0.14454436,0.38296264,0.15657017,0.3515694,0.24383394,0.30621746,0.35114452,0.41472608,0.47311044,0.44696695,0.39269912,0.32980347,0.53453654,0.67864054,0.5196681,0.2847452,0.047074597,0.038885493,0.19332449,0.169428,0.14579922,0.28716078,0.17627874,0.30686793,0.26407078,0.41676036,0.52227867,1.0,0.3933155,0.29609758,0.23123167,0.22083183,0.5279168,0.5008022,0.25186974,0.30767578,0.21413644,0.24584703,0.12706518,0.24056827,0.502735,-0.052139696,0.16178085,0.07334916,0.5740529,0.35351875,0.046767674,-0.04333968,0.04350297,-0.025341077,0.081039146,-0.011741383,0.38986465,0.50600624,-0.008518886,0.114940144,0.03146433,-0.13323092,-0.029282564,-0.038852207,0.10497474,0.110704206,-0.014903632,-0.0011742522,-0.050551336,0.33784476,0.13166457,-0.21379824,0.43621585,0.59129363,0.38485998,0.6146467,0.31801334,0.3032855,0.2649149,0.38251382,0.4102466,-0.25689256,0.6208468,0.49860653,0.5912098,0.56325144,0.5039818,0.2911393,0.547377,0.47518075,0.33634993,0.5003899,0.39708337,0.2834218,0.37844786,0.073265724,0.12317477,0.16616508,0.4367452,0.44428694,0.58501077,0.5329627,0.52126116,0.057906065,0.3775497,0.502851,0.23560648,0.25390366,0.57036257,0.021691347,0.41275683,0.036655344,0.69654036,0.46477908,-0.26375574,0.58980143,0.465758,0.20632611
