1.0,0.5120149,0.27380726,0.20420791,-0.29885995,-0.52465266,0.41064665,0.25590912,0.02130142,-0.12954026,0.15838784,0.0016239616,0.13622542,-0.052372392,-0.022746608,0.21710096,0.10516012,-0.16034849,0.5149552,0.39748096,0.16230372,0.13993257,0.15472065,0.18480027,-0.2887258,-0.2904601,-0.41027337,-0.4007695,-0.2667935,-0.13070707,0.16098468,0.11605181,0.2853962,0.21081088,0.34448254,0.22854881,0.20829359,0.14091411,0.11983907,0.019228311,-0.24335578,-0.17210162,0.36962035,0.2598456,0.2898392,0.3644424,0.18266518,0.1547346,0.29197598,0.32772467,0.43228337,0.31486037,0.36069673,0.28110206,0.02426589,-0.14967594,0.57518154,0.4245756,0.24127793,0.39921108,0.53843015,0.6052827,0.38827583,0.36961764,0.433365,0.4220546,0.36144432,0.38251105,0.12689942,0.02879241,0.22912613,0.24330588,0.06916789,0.18272874,0.27436897,0.26265484,0.015939044,0.14784466,0.010701713,-0.012121983,0.40080142,0.19395502,-0.21385138,-0.1418998,0.4522702,0.20945686,-0.3324267,-0.33012715,-0.11410286,-0.044311997,0.28616172,0.10865072,0.20880494,-0.03773746,-0.24528958,-0.19521892,-0.043262992,-0.20109093,0.08565122,-0.19292691,-0.0046575353,-0.022335723,-0.06989114,-0.0780445,-0.2030926,-0.17414454,0.13805139,-0.095425315,-0.09792469,-0.21118969,-0.03127444,0.022059899,-0.11003923,0.21299669,-0.16067529,-0.19246034
0.5120149,1.0,0.119983174,0.10925186,-0.4507772,-0.69110835,0.15314099,0.2558942,0.12155475,-0.30104214,0.012709134,0.22422029,-0.13287164,-0.09071095,-0.0602617,0.13508879,-0.036547873,0.02166399,0.70848364,0.08154019,-0.20972994,-0.04969161,-0.005739573,-0.0038293956,-0.6418572,-0.5440345,-0.7558287,-0.6538144,-0.23369046,-0.21020812,-0.23954062,0.07795426,0.31966928,0.17119862,0.4360054,0.07570907,-0.08286765,-0.112124145,-0.16861567,-0.11074163,-0.4628403,-0.22154082,0.39426878,0.3992523,0.035068866,0.4709604,0.3030534,0.14918773,0.36988226,0.3458945,0.3189207,0.3147558,0.28065234,0.5482731,-0.26466322,-0.06260287,0.5571492,0.77480847,0.4803761,0.42717382,0.5470211,0.5811544,0.06608995,0.6701703,0.5580502,0.5875017,0.48141128,0.5124577,0.002218435,-0.30297592,-0.063357025,0.009310392,-0.22478566,0.10602609,-0.23107895,0.15177396,-0.29021057,-0.029286195,-0.2265811,0.04368612,0.11185793,0.34553623,-0.4093994,-0.037495743,0.20028847,0.50340945,-0.538303,-0.32525486,-0.4213844,0.22623825,0.2377936,0.16005024,0.29421508,0.20110968,-0.17320332,-0.1454285,-0.027072802,-0.065138735,0.23693591,-0.0036280425,-0.17879863,0.061038136,0.04231958,0.13398854,-0.05375127,-0.031756964,0.15469249,-0.11583159,-0.045883752,-0.20796682,0.012240271,0.279755,0.006381882,0.3433457,-0.050007373,-0.25754574
0.27380726,0.119983174,1.0,0.8378917,0.28839654,0.0048305835,0.8156432,0.7572516,0.6365728,0.29929847,0.68839,0.5640533,0.7452945,0.7086706,0.5319794,0.2961171,0.6911007,0.4288466,0.39565033,0.27750126,0.42107567,0.42917368,0.8719846,0.83319837,0.20293057,0.31137758,0.05733919,0.17958784,0.5082656,0.41268256,0.61357373,0.71014225,0.7580812,0.83322525,0.48940924,0.35761124,0.64350677,0.4848919,0.5862501,0.4245783,0.11055815,0.37261003,0.19501942,0.21734168,0.11275914,0.24000253,0.31092417,0.22158857,0.1851121,0.088205494,0.008293739,0.0071991407,-0.18058264,0.112834916,0.41242152,0.1406787,-0.09344815,-0.039312273,0.083450906,0.1994671,0.027297279,0.09273602,-0.008915052,-0.073466584,0.19419521,0.15929072,0.24476245,0.19005065,-0.031340905,0.16174927,0.69375944,0.624382,0.4720286,0.586182,0.51655304,0.7047064,0.56786853,0.48103774,0.6336199,0.50392354,0.6045821,0.339391,0.33671987,0.46024948,0.46603367,0.33432648,0.2433917,0.34761876,0.36194766,0.3306366,-0.061619304,-0.025839185,-0.031096948,-0.084381565,0.29120225,0.47549632,0.31674823,0.13826637,0.16296645,0.003746624,-0.19803248,0.3303884,0.13579857,0.118730895,0.22503322,0.20683521,-0.10848356,-0.11422086,0.50425416,0.40888274,0.47044837,0.18981816,-0.13002466,0.091987655,0.28217834,0.3053378
0.20420791,0.10925186,0.8378917,1.0,0.2903672,0.08374686,0.6772838,0.83536094,0.5625991,0.3873942,0.5700075,0.61315984,0.58705544,0.7590774,0.49656016,0.3780477,0.55872625,0.47459343,0.35736436,0.300367,0.48098266,0.48517203,0.8548007,0.8720878,0.25212482,0.3865571,0.13009173,0.26980996,0.4255101,0.47766766,0.59218633,0.7632819,0.7296761,0.8350123,0.4534062,0.42041388,0.6366231,0.55480975,0.5992478,0.44155878,0.13943826,0.42291868,0.17583132,0.19824816,0.11388442,0.24196856,0.25671506,0.2325686,0.18844591,0.07067478,-0.038544916,-0.031052768,-0.15567975,0.08620076,0.43123966,0.17318453,-0.124165,-0.024844646,0.028145345,0.14525798,0.03787256,0.13809547,-0.024085103,-0.07918797,0.1229191,0.1503927,0.16447112,0.19733065,-0.03677619,0.1235843,0.66069156,0.6642065,0.36601198,0.6115628,0.48992017,0.7086323,0.550882,0.5489231,0.5160403,0.5435951,0.48989886,0.36337972,0.32836497,0.49646598,0.4139333,0.3580329,0.2782614,0.4047815,0.37373435,0.31853065,-0.044149805,-0.041166916,-0.034894913,-0.09030142,0.2893201,0.43939042,0.30788487,0.12566864,0.08640096,-0.04580201,-0.22555609,0.28049538,0.052200057,0.034672398,0.13763826,0.14685792,-0.1356403,-0.14657342,0.43228263,0.41469368,0.4428503,0.15140593,-0.08405393,0.008695414,0.19609079,0.29442042
-0.29885995,-0.4507772,0.28839654,0.2903672,1.0,0.72337,0.21953683,0.29314718,0.4160755,0.669526,0.18080042,0.097766586,0.35414362,0.53526974,0.5370941,0.2830382,0.2779133,0.1696176,-0.35387298,0.32163766,0.5054243,0.49788898,0.30336577,0.40210786,0.67830104,0.64812225,0.67463166,0.72761047,0.49830747,0.34731,0.5018856,0.404806,-0.08230492,0.23676713,-0.28552452,0.22816019,0.4474045,0.3393323,0.52192235,0.33465922,0.74633056,0.4871063,-0.3362945,-0.3681495,0.008135372,-0.39460856,-0.27652767,-0.06759785,-0.35744753,-0.40561277,-0.39841378,-0.30654916,-0.35228312,-0.46169537,0.36019155,0.08086844,-0.45589194,-0.5201886,-0.39019352,-0.2765387,-0.5386152,-0.43116462,-0.19775006,-0.5531339,-0.48161414,-0.45962155,-0.41003034,-0.43906105,0.16824734,0.3688415,0.26935324,0.2687336,0.48410442,0.113930084,0.45424074,0.14573425,0.50600076,0.19468959,0.3474529,0.14753278,0.07247914,-0.07322075,0.56686413,0.28757244,-0.12923469,-0.37039128,0.67585063,0.37595066,0.2981925,-0.21967633,-0.4558242,-0.2683073,-0.5431437,-0.4859062,0.36407658,0.3518747,0.13890262,0.08439018,-0.3530317,-0.12094093,-0.16744368,0.047825087,-0.14156495,-0.17341967,0.16388679,0.15074757,-0.36895892,-0.010263976,0.19528334,0.29425624,0.12948437,-0.29978883,0.013876672,-0.44951388,0.22411087,0.40716717
-0.52465266,-0.69110835,0.0048305835,0.08374686,0.72337,1.0,-0.024138117,-0.0076187765,-0.0026829308,0.507983,0.07012784,-0.12970248,0.17943223,0.32362178,0.23253866,0.01309327,0.11247481,0.15140061,-0.6305551,0.16705416,0.36859137,0.27347448,0.10269386,0.19573839,0.7664109,0.7278253,0.8550997,0.8229985,0.3848216,0.31223008,0.30505645,0.099088855,-0.29487786,-0.0075509846,-0.52192587,0.07127964,0.23179847,0.23300944,0.29226175,0.17283323,0.73073936,0.39331833,-0.57059205,-0.5427959,-0.10467871,-0.50507414,-0.426556,-0.17113315,-0.5310072,-0.5062979,-0.50453186,-0.39716202,-0.39144167,-0.6224123,0.23698488,0.07190377,-0.605464,-0.7461785,-0.5753046,-0.39169264,-0.6920993,-0.6049754,-0.29950297,-0.7469409,-0.72764176,-0.6204163,-0.6638273,-0.6242331,-0.007863502,0.4516186,0.114743486,0.093147084,0.40664256,-0.06749815,0.32686332,-0.10095112,0.38464567,0.05924815,0.24290054,0.06544598,-0.16546874,-0.22598937,0.5805886,0.16834395,-0.3380236,-0.5452509,0.7160132,0.34733382,0.34647202,-0.3332712,-0.42539954,-0.16289091,-0.5390029,-0.35425976,0.33317238,0.21349658,0.12014469,0.076716416,-0.36191055,-0.00823061,-0.0012527686,0.011080454,-0.22507234,-0.28040358,0.066764675,0.033545405,-0.25894707,0.10117525,0.049305562,0.24853185,0.042297054,-0.37531263,-0.08163143,-0.4994617,0.17507836,0.35852805
0.41064665,0.15314099,0.8156432,0.6772838,0.21953683,-0.024138117,1.0,0.65061873,0.5199046,0.36366394,0.6994732,0.40578324,0.76591825,0.5770241,0.5010391,0.3829702,0.60745436,0.2640741,0.39802298,0.3557915,0.48406696,0.44894624,0.7503811,0.74589205,0.22007866,0.2455123,0.044389494,0.053674646,0.40894437,0.3287774,0.6690833,0.64636946,0.6717715,0.7500625,0.47698665,0.3741554,0.6116657,0.48368168,0.56971556,0.3599242,0.113341905,0.3141128,0.18509555,0.18992193,0.24889043,0.22393729,0.24168703,0.135779,0.071276225,0.026976885,0.01941826,0.07566815,-0.1374421,0.033417396,0.3568062,0.093629695,-0.022030156,-0.038218528,0.016180739,0.22647232,0.07809612,0.09767151,0.15348217,-0.104209796,0.16878077,0.19977072,0.17854503,0.23061356,-0.101846635,0.28317913,0.7018993,0.6052802,0.5204921,0.5556365,0.56407684,0.64006215,0.5359449,0.46477473,0.6012882,0.39997467,0.6796059,0.36301392,0.3262929,0.37092653,0.44662645,0.24148157,0.17126921,0.15540291,0.24326128,0.21605614,-0.014130182,-0.05531331,-0.0644667,-0.14863256,0.12337753,0.3039863,0.24562892,-0.00012467157,0.09576529,-0.12611568,-0.06868341,0.34357655,0.04460901,0.0053909724,0.1480535,0.100294195,-0.12656556,-0.15529262,0.39719376,0.20056246,0.31428462,0.04673277,-0.24666198,0.049675018,0.18188472,0.2035077
0.25590912,0.2558942,0.7572516,0.83536094,0.29314718,-0.0076187765,0.65061873,1.0,0.5886273,0.3848508,0.46315232,0.6397874,0.45085594,0.76975226,0.48258564,0.46184254,0.45957962,0.43135726,0.48419157,0.38000026,0.5133539,0.5698179,0.7157704,0.78117526,0.118377216,0.28819397,-0.04045016,0.13321413,0.34317443,0.37247634,0.518625,0.8143443,0.6737405,0.79772455,0.49942106,0.5281146,0.6215482,0.49054947,0.58676034,0.41873816,0.15778816,0.38975582,0.21993288,0.25834787,0.124463335,0.28351945,0.26234624,0.2785206,0.22688684,0.054020446,-0.054208215,0.055926275,-0.07033182,0.11963306,0.40848964,0.16293035,0.03292427,0.14756213,0.0313552,0.16458747,0.14800213,0.18601635,0.024889717,0.069238976,0.21547277,0.21335661,0.25783014,0.2525862,-0.024656946,0.08571575,0.64437646,0.70548314,0.32101512,0.6515442,0.40313953,0.6695626,0.56316197,0.62577194,0.4379639,0.54823023,0.44935957,0.47648978,0.20781516,0.4542414,0.35451934,0.41186136,0.13610849,0.29415238,0.17602889,0.24265853,-0.026264766,-0.090776615,-0.003978973,-0.109469704,0.30527964,0.41141066,0.31990817,0.11276993,0.08219034,-0.057940826,-0.23684908,0.21707126,0.012960348,0.026500622,0.07400933,0.109715596,-0.16034716,-0.17852446,0.36300257,0.29666752,0.3962197,0.12402345,-0.06972297,-0.04106609,0.1458656,0.20990564
0.02130142,0.12155475,0.6365728,0.5625991,0.4160755,-0.0026829308,0.5199046,0.5886273,1.0,0.46588507,0.4116325,0.56542903,0.5466306,0.58032465,0.7219307,0.48551726,0.50824165,0.30795515,0.32972777,0.028416088,0.3356471,0.5063135,0.58213055,0.5525501,0.10405897,0.17641033,-0.00045357345,0.19438569,0.5054397,0.3212875,0.44551194,0.66073924,0.513891,0.59564203,0.42628264,0.29634663,0.435584,0.2603258,0.4147479,0.40022182,0.11295743,0.36893913,0.2380799,0.33500585,0.03139013,0.2302804,0.36430833,0.24148168,0.2840009,0.09878917,-0.011818305,0.11702754,-0.12296407,0.18231939,0.33801615,0.21896392,-0.16673966,0.02240048,0.23894748,0.108765006,0.00079583254,-0.00889944,-0.012047033,0.03558751,0.2355098,0.14068824,0.29083613,0.24701673,0.060702816,-0.064880274,0.45642653,0.44308367,0.2954834,0.46310744,0.26826903,0.5266752,0.4610529,0.41309437,0.4447371,0.35980192,0.50831103,0.36172915,0.22871318,0.48262197,0.4041805,0.3847339,0.18026361,0.42245883,0.2461322,0.43840036,-0.02745568,-0.044681247,0.03812117,0.0020406928,0.27849075,0.40473232,0.2221317,0.16223726,0.22881462,0.092918955,-0.15019475,0.31872663,0.26716435,0.29043385,0.28059402,0.30315825,-0.15308088,-0.08857911,0.43020454,0.2836702,0.3684171,0.2735198,0.16440862,0.16865292,0.22841428,0.20768699
-0.12954026,-0.30104214,0.29929847,0.3873942,0.669526,0.507983,0.36366394,0.3848508,0.46588507,1.0,0.15231715,0.11992724,0.3187974,0.47837567,0.46729475,0.48212045,0.1019434,0.060629893,-0.14641729,0.2393568,0.59414154,0.53940016,0.3716694,0.4980564,0.6169229,0.5868094,0.53865886,0.55570793,0.2641241,0.2705592,0.6084306,0.5258187,0.031530596,0.28593946,-0.017703434,0.24841501,0.40144926,0.38237268,0.5070167,0.32207814,0.46214822,0.493984,-0.13082923,-0.16173866,0.1628123,-0.15315409,-0.066726506,-0.07767628,-0.1508563,-0.24553995,-0.2986982,-0.10155842,-0.171284,-0.3062044,0.3439194,0.11009835,-0.34025463,-0.38583606,-0.20608322,-0.18738128,-0.27954754,-0.220997,0.0031881845,-0.40063152,-0.25605395,-0.20902166,-0.22760545,-0.107858285,-0.024173314,0.25265914,0.32623866,0.35232407,0.2942135,0.23544316,0.38778132,0.2745382,0.44164434,0.31937924,0.22697648,0.1203918,0.15442218,0.048481524,0.39286545,0.2781263,-0.029552652,-0.1301772,0.48626468,0.35291916,0.24638474,-0.023466576,-0.23710681,-0.23690054,-0.36098653,-0.35179746,0.20895372,0.2164227,0.068031065,-0.067369476,-0.27207282,-0.23866566,-0.026976066,0.1430699,-0.13279319,-0.15749572,0.024262073,0.08260557,-0.39401776,-0.19757907,0.18045697,0.19567879,0.11498947,-0.29471213,0.12463411,-0.33740145,0.04654509,0.2496236
0.15838784,0.012709134,0.68839,0.5700075,0.18080042,0.07012784,0.6994732,0.46315232,0.4116325,0.15231715,1.0,0.6310231,0.8274114,0.6372092,0.58270055,0.2605383,0.84306103,0.61771506,0.16178988,0.084865235,0.2545569,0.27903715,0.6999814,0.6474585,0.16031246,0.16007212,0.14874288,0.11822525,0.71646667,0.65336156,0.49272436,0.45654544,0.6910041,0.75845814,0.39639106,0.353471,0.65323204,0.57531935,0.49517336,0.44083256,0.17862207,0.40069497,0.057506755,0.09442692,-0.008995962,0.1117416,0.28428522,0.18092112,0.053433914,-0.0013087438,-0.12239421,-0.04262323,-0.3740307,-0.07332826,0.34122702,0.24299249,-0.24319942,-0.25461704,-0.1642215,0.1229953,-0.14265867,-0.1458225,-0.011214902,-0.3174285,0.047973275,-0.02630939,0.092803866,0.12912686,-0.25133073,0.27117452,0.65361965,0.52628845,0.60821205,0.4592868,0.52111167,0.58039755,0.5357777,0.3670103,0.712528,0.571936,0.6895307,0.36975637,0.608377,0.62199426,0.5221064,0.25684926,0.3393097,0.29968312,0.50494665,0.29769218,-0.062487222,0.12120587,-0.069078945,0.055640355,0.31949943,0.41053003,0.47865275,0.33001855,0.27907175,0.19751705,0.06263975,0.35598361,0.22076404,0.1664167,0.44838324,0.24160957,0.11391019,0.14442575,0.56111425,0.33267495,0.3960209,0.1686727,-0.13284497,0.14254348,0.45068154,0.44651794
0.0016239616,0.22422029,0.5640533,0.61315984,0.097766586,-0.12970248,0.40578324,0.6397874,0.56542903,0.11992724,0.6310231,1.0,0.46814588,0.7130745,0.5363677,0.37465566,0.64756113,0.75268734,0.36375853,-0.029879628,0.17803985,0.3267124,0.59325004,0.56844133,-0.087546214,0.031255502,-0.11051884,0.017089618,0.6129048,0.64724797,0.27669105,0.58864635,0.73342836,0.7521795,0.58178806,0.46630344,0.53460395,0.48577332,0.4258111,0.5005077,-0.025120288,0.3626093,0.27738142,0.3473952,-0.06874548,0.23772983,0.47761604,0.42137972,0.35111958,0.14633691,-0.02493323,0.028900929,-0.24579257,0.18838567,0.33541057,0.4056689,-0.10186714,0.08955357,0.070232645,0.13561158,0.04347235,0.048891462,-0.062699154,0.031281002,0.2323882,0.1531646,0.33540815,0.34001905,-0.20876455,-0.07625995,0.55066216,0.56093156,0.2806513,0.58064824,0.1646314,0.60505587,0.45490265,0.5103587,0.49297053,0.6953234,0.49634334,0.5908175,0.35104677,0.7327914,0.46886665,0.6220731,0.16060303,0.4277265,0.3791424,0.5522833,0.046101164,0.14061612,0.15182553,0.27190262,0.404572,0.507601,0.54064584,0.48903728,0.4181868,0.3272096,-0.02264098,0.3112996,0.35253614,0.3672828,0.41896996,0.3229314,0.15342142,0.14252597,0.6143375,0.4101908,0.4996086,0.42494217,0.08487846,0.2459075,0.40345198,0.38521677
0.13622542,-0.13287164,0.7452945,0.58705544,0.35414362,0.17943223,0.76591825,0.45085594,0.5466306,0.3187974,0.8274114,0.46814588,1.0,0.63910997,0.66864794,0.30887944,0.8011003,0.40511373,0.07997306,0.14310475,0.3415778,0.34748244,0.734578,0.68300843,0.29351777,0.26505083,0.2831852,0.26747492,0.6923166,0.54367065,0.6308262,0.5273558,0.5921968,0.6976618,0.30340934,0.30884343,0.6162214,0.51420563,0.5353159,0.41769496,0.24785084,0.40902913,0.031417564,0.058094315,0.109641165,0.05869109,0.1918378,0.08334665,0.014466302,-0.027783416,-0.09959451,-0.08272294,-0.35006368,-0.0990579,0.34960705,0.15815218,-0.32483277,-0.35733598,-0.1266594,0.07548801,-0.22478986,-0.17645095,0.04380351,-0.36828506,5.454982e-05,-0.10304298,0.025875665,0.041429114,-0.098444395,0.3385136,0.6913968,0.53965634,0.64682037,0.44149056,0.663711,0.62968385,0.6078145,0.3752733,0.76317483,0.4554114,0.73416096,0.2750467,0.62945104,0.5457987,0.53244615,0.13091947,0.38257986,0.32994616,0.47795257,0.24134015,-0.11418815,0.05111246,-0.13854887,-0.08640584,0.20155077,0.3599061,0.29194188,0.1332834,0.14942132,0.047773313,0.0118183335,0.39750013,0.15515587,0.08859647,0.33377808,0.17140679,-0.09627526,-0.011756658,0.45790565,0.254028,0.2862559,0.054211803,-0.14536715,0.06753783,0.3549106,0.3467348
-0.052372392,-0.09071095,0.7086706,0.7590774,0.53526974,0.32362178,0.5770241,0.76975226,0.58032465,0.47837567,0.6372092,0.7130745,0.63910997,1.0,0.63256603,0.41107404,0.67116237,0.66446996,0.117719054,0.30673903,0.5005723,0.5490939,0.7256936,0.7852131,0.3501665,0.45777074,0.318296,0.4259338,0.6931397,0.664654,0.56777656,0.72908604,0.579576,0.7929242,0.30302072,0.55732316,0.73539555,0.6483674,0.7058609,0.5639659,0.42643222,0.57167524,-0.00059994514,0.01774042,0.024090393,0.005618892,0.15832716,0.2541565,0.057249278,-0.15591393,-0.23549464,-0.15060787,-0.38069704,-0.14091022,0.49310634,0.3276225,-0.31460002,-0.24652046,-0.2330759,-0.034175638,-0.25737303,-0.18295865,-0.09469376,-0.3389037,-0.08665577,-0.15593061,-0.0015678485,-0.007644937,-0.15202478,0.28889787,0.6981935,0.7028025,0.53373086,0.5871222,0.5371569,0.6363632,0.71666825,0.56679666,0.6577076,0.6892924,0.48333836,0.41820407,0.6021609,0.6627932,0.31678,0.23163593,0.5033224,0.48156464,0.47439456,0.22083008,-0.24295986,-0.042928256,-0.23110834,-0.10565324,0.48490742,0.56225264,0.4837903,0.3220687,0.07352265,0.114289545,-0.13844723,0.30567324,0.08837642,0.078702725,0.31180444,0.23013464,-0.15511587,-0.0027196265,0.5403428,0.4446689,0.4356052,0.0689235,-0.008559623,-0.14272454,0.37616938,0.4782071
-0.022746608,-0.0602617,0.5319794,0.49656016,0.5370941,0.23253866,0.5010391,0.48258564,0.7219307,0.46729475,0.58270055,0.5363677,0.66864794,0.63256603,1.0,0.631936,0.6280351,0.38836485,0.022863904,0.109044716,0.42131296,0.48015648,0.5580409,0.53685296,0.25644502,0.21723796,0.27305314,0.3286396,0.6572942,0.5834818,0.56333804,0.5832516,0.44472003,0.59844726,0.19248427,0.36130005,0.575676,0.5129978,0.49905553,0.47141713,0.4202255,0.5659603,0.021020679,0.019849004,0.026307948,0.09953287,0.08588124,0.11786681,0.07772875,-0.028770324,-0.15060285,-0.08711586,-0.32538086,-0.08617835,0.31795186,0.17341699,-0.27926764,-0.23422179,-0.12220215,0.023265691,-0.20851842,-0.22521581,-0.048397917,-0.27251062,-0.058004558,-0.18443394,-0.027214358,-0.023333473,0.08289017,0.16942962,0.48399243,0.4493761,0.5585633,0.4146387,0.49242732,0.5077192,0.6065726,0.4310772,0.53868115,0.40026018,0.5734253,0.35087073,0.5768393,0.64019763,0.4115331,0.16690984,0.3728413,0.3392742,0.3127334,0.18348952,-0.1938789,-0.027654339,-0.17414562,-0.12784012,0.268541,0.36781862,0.296074,0.2069048,0.045318816,0.0550934,-0.05254555,0.24699396,0.09340303,0.03877728,0.3035747,0.14150599,-0.10129729,0.052790858,0.40376657,0.21315403,0.2059203,0.054550465,-0.02010668,-0.038184416,0.29769507,0.3515222
0.21710096,0.13508879,0.2961171,0.3780477,0.2830382,0.01309327,0.3829702,0.46184254,0.48551726,0.48212045,0.2605383,0.37465566,0.30887944,0.41107404,0.631936,1.0,0.2265351,0.09068195,0.18609709,0.16085054,0.516103,0.59017956,0.30463597,0.34955955,0.13091691,0.029639414,0.07085913,0.081738025,0.16606297,0.36071262,0.4969796,0.5394991,0.3296516,0.43024698,0.31477082,0.46182054,0.37275112,0.42784724,0.34149686,0.38570827,0.14948174,0.39284733,0.2567255,0.22776303,0.17723235,0.20717262,0.13569096,0.11120376,0.20735535,0.15379263,0.12092706,0.060446646,0.08481018,0.12280113,0.2429565,0.11595674,0.041382622,-0.021406459,0.04810605,0.17091686,0.12807654,-0.010706772,0.20876803,-0.036595415,0.12109183,0.094774485,0.1537621,0.27072868,-0.050923828,0.076846644,0.4406487,0.48836568,0.31927657,0.451796,0.342993,0.39629364,0.45985815,0.56967777,0.24756065,0.30336893,0.48420554,0.44820994,0.2296909,0.44618985,0.40043083,0.24512303,0.029499728,0.13296975,0.07451424,0.08308271,0.06387146,-0.068118736,0.039136704,-0.05115773,0.03765027,0.11391336,0.13407236,-0.012808296,0.036455918,-0.14682953,-0.022342421,0.046328407,-0.0126394,-0.053169414,-0.043127943,-0.09239287,-0.078568354,-0.06836293,0.15521157,-0.0794288,0.047463827,0.029797638,-0.016439704,-0.002336196,-0.032845538,0.024875676
0.10516012,-0.036547873,0.6911007,0.55872625,0.2779133,0.11247481,0.60745436,0.45957962,0.50824165,0.1019434,0.84306103,0.64756113,0.8011003,0.67116237,0.6280351,0.2265351,1.0,0.6750408,0.1440609,0.11573443,0.26848406,0.32368314,0.657085,0.6086441,0.12348314,0.18259802,0.17053264,0.23752855,0.79778486,0.644463,0.40013704,0.44751164,0.6402438,0.7231495,0.35751522,0.41661444,0.64495456,0.5185886,0.52121484,0.52939004,0.23164232,0.4053968,0.07964272,0.1308119,-0.06494839,0.07060356,0.30952275,0.34946528,0.09247858,0.017349847,-0.077558935,-0.10410466,-0.3445954,-0.0081854835,0.4001973,0.3551359,-0.22664571,-0.24626504,-0.122234955,0.1404904,-0.1899116,-0.16184524,-0.064852096,-0.2917447,0.030797401,-0.08767958,0.14487053,0.08665265,-0.17830978,0.23841874,0.6475473,0.523388,0.60126895,0.44893798,0.4886381,0.5436694,0.5828403,0.38040587,0.77037156,0.621147,0.6796528,0.40498582,0.6245776,0.66616195,0.56819975,0.28412604,0.40189323,0.42615336,0.5635448,0.3766191,-0.08606226,0.16983357,-0.03919657,0.11086128,0.41024008,0.5271642,0.5401286,0.45364687,0.37366435,0.37939748,0.026193889,0.36037186,0.34508765,0.3019576,0.5312276,0.35826105,0.16639772,0.2671383,0.61670345,0.4314775,0.49438506,0.31318024,-0.09448841,0.23026596,0.56328446,0.5269135
-0.16034849,0.02166399,0.4288466,0.47459343,0.1696176,0.15140061,0.2640741,0.43135726,0.30795515,0.060629893,0.61771506,0.75268734,0.40511373,0.66446996,0.38836485,0.09068195,0.6750408,1.0,0.05304373,0.074274965,0.0815062,0.16824046,0.49564496,0.50314677,0.043767847,0.20189211,0.11861463,0.18795566,0.70100313,0.72196835,0.11117376,0.32168,0.53634584,0.62377363,0.26688188,0.4290792,0.51288205,0.51192254,0.404435,0.47773764,0.18558064,0.37545818,-0.042071212,0.010355594,-0.19438773,0.05884827,0.27064478,0.41821307,0.073018394,-0.106243715,-0.23735838,-0.14650424,-0.45812833,-0.05996809,0.30890784,0.4955847,-0.2323001,-0.11940019,-0.16726239,-0.002323584,-0.20816737,-0.15527369,-0.19790086,-0.25293195,-0.07829584,-0.13243833,0.014283031,0.050382055,-0.33588642,0.142375,0.40274766,0.38851526,0.32722726,0.33945245,0.19805063,0.3582414,0.3998943,0.26986524,0.45134905,0.699272,0.31734622,0.4290897,0.5244696,0.6512392,0.24206981,0.36101216,0.4220513,0.38522655,0.48314717,0.37506923,-0.15430741,0.30781877,-0.055492714,0.24455343,0.5080534,0.5668285,0.62037057,0.6094252,0.3389634,0.4946197,-0.011252758,0.21711679,0.2601732,0.29825494,0.526984,0.3841868,0.22446752,0.39160383,0.6171943,0.5260738,0.49032727,0.31904718,0.0772095,0.10995517,0.5038917,0.56227976
0.5149552,0.70848364,0.39565033,0.35736436,-0.35387298,-0.6305551,0.39802298,0.48419157,0.32972777,-0.14641729,0.16178988,0.36375853,0.07997306,0.117719054,0.022863904,0.18609709,0.1440609,0.05304373,1.0,0.09487535,0.092846885,0.21065919,0.23312815,0.23444198,-0.4461011,-0.3122308,-0.6531573,-0.48671392,-0.11673729,-0.124160305,0.012780645,0.37968135,0.5353725,0.36038557,0.71173775,0.287764,0.10387394,0.0075715207,0.086493105,0.11537705,-0.4700004,-0.09038209,0.57984394,0.6334212,0.18896297,0.5433319,0.49068382,0.35310158,0.3729299,0.4075757,0.4507726,0.3198259,0.29559523,0.5323044,0.028961517,0.09102031,0.5223679,0.6704882,0.5094126,0.46681565,0.61886156,0.59615916,0.12957181,0.637672,0.62335217,0.6899894,0.69356567,0.6358941,-0.0072182254,-0.283102,0.27559385,0.33412978,-0.10844725,0.46423745,-0.12544589,0.39411354,-0.006404356,0.3221722,0.05973423,0.2034008,0.3077352,0.50603473,-0.3618997,0.123343185,0.43549404,0.6634994,-0.46241277,-0.011098927,-0.19392502,0.46036,0.35497153,0.04541404,0.4359908,0.20927286,-0.020878874,0.13222542,0.16961801,0.07856718,0.38020262,0.062068913,-0.09332421,0.24200535,0.24395894,0.29277602,0.043213874,0.16369425,0.1083126,-0.21156247,0.20434111,-0.00037572178,0.31998858,0.42225352,-0.05563178,0.44408447,0.13090383,-0.0878607
0.39748096,0.08154019,0.27750126,0.300367,0.32163766,0.16705416,0.3557915,0.38000026,0.028416088,0.2393568,0.084865235,-0.029879628,0.14310475,0.30673903,0.109044716,0.16085054,0.11573443,0.074274965,0.09487535,1.0,0.3552804,0.27136698,0.2102739,0.38604596,0.17751954,0.27573386,0.15002778,0.14072394,0.046827372,0.070282064,0.3042142,0.27366102,0.05415858,0.26617694,-0.12047023,0.47305608,0.3715525,0.32605937,0.42914265,0.12347176,0.39247566,0.07591217,-0.13169296,-0.2287979,0.14100425,-0.12829594,-0.27829173,0.15735735,-0.11355015,-0.1708899,-0.0126219755,0.05222824,-0.08372122,-0.22740689,0.2215422,0.0043434827,0.17557724,0.031118983,-0.26219767,0.024479743,-0.055107735,0.11668552,0.19015276,-0.1384236,-0.24702266,-0.12890008,-0.18223235,-0.16224818,0.120085776,0.458793,0.24933821,0.2744303,0.25310016,0.1117172,0.4485428,0.09898744,0.35041225,0.1664636,0.19302756,0.118004486,0.16488841,-0.0034849204,0.18860298,-0.050732687,0.02906057,-0.18090962,0.25340837,-0.19518249,0.045737833,-0.3595444,-0.31597158,-0.022948049,-0.3816422,-0.4446654,0.08289988,0.07538536,0.04836539,-0.092433654,-0.307165,-0.2023022,-0.23540336,-0.14241068,-0.34790868,-0.33224165,-0.1535284,-0.08611476,-0.22137071,-0.04244437,-0.04222625,0.036119048,0.0016849696,-0.29150993,-0.20611809,-0.36080134,-0.090397954,0.08935877
0.16230372,-0.20972994,0.42107567,0.48098266,0.5054243,0.36859137,0.48406696,0.5133539,0.3356471,0.59414154,0.2545569,0.17803985,0.3415778,0.5005723,0.42131296,0.516103,0.26848406,0.0815062,0.092846885,0.3552804,1.0,0.7328292,0.4094235,0.49941337,0.5353849,0.4831979,0.4156616,0.4637192,0.1944352,0.32129383,0.6172658,0.57015526,0.22317506,0.38038823,0.22632429,0.51209825,0.56197554,0.49325666,0.6138076,0.4914247,0.43969384,0.4486872,0.064751,0.034102835,0.2923041,-0.03669541,0.064631514,0.17075703,-0.10297975,-0.097311355,-0.09698382,-0.12018504,0.023037335,-0.18845905,0.5296086,0.16265175,-0.055311687,-0.2528644,-0.20867857,0.017531717,-0.043049227,-0.038137764,0.039003175,-0.20889467,-0.12566249,-0.013320101,0.01611173,0.06052914,0.026251657,0.27794135,0.5782132,0.6156029,0.46189225,0.53716224,0.46627486,0.38880536,0.56145847,0.60378325,0.400075,0.3002142,0.33173648,0.28421026,0.29419947,0.30627725,0.227129,-0.013774347,0.33555448,0.3454339,0.32736912,-0.0049463487,0.03875677,-0.23157944,-0.11503641,-0.22275414,0.27592975,0.33178592,0.3130855,0.060587678,-0.07691896,-0.12544543,-0.015742127,0.09803968,0.010147729,-0.06522649,0.073824875,0.15554988,-0.12609649,-0.082254544,0.28402475,0.25490257,0.34647185,-0.05879902,-0.18783902,-0.15161245,0.18050991,0.3469825
0.13993257,-0.04969161,0.42917368,0.48517203,0.49788898,0.27347448,0.44894624,0.5698179,0.5063135,0.53940016,0.27903715,0.3267124,0.34748244,0.5490939,0.48015648,0.59017956,0.32368314,0.16824046,0.21065919,0.27136698,0.7328292,1.0,0.38160378,0.48668993,0.39834285,0.37720162,0.24300563,0.37573463,0.31483617,0.32150114,0.52887547,0.64010566,0.27197266,0.4414159,0.30592728,0.522199,0.5442926,0.39001745,0.4935325,0.45992294,0.35851386,0.4313493,0.17230235,0.18017985,0.19873537,0.041168038,0.17803933,0.2248946,-0.012633215,-0.06866858,-0.10819811,-0.0031160198,0.03561262,-0.06254371,0.44973743,0.18993582,-0.08436671,-0.15186374,-0.09084808,0.16828068,-0.046923,-0.06905123,0.064756595,-0.08794673,-0.028089872,0.0853712,0.10078267,0.15179047,-0.048077,0.20082948,0.60526496,0.63760024,0.43757957,0.58076227,0.45327723,0.49671492,0.5654517,0.5950156,0.41983077,0.36895633,0.38353088,0.41109994,0.27288947,0.39923364,0.29322782,0.13224585,0.28595614,0.41199374,0.27036706,0.10802424,0.044345174,-0.16685002,-0.068142384,-0.13616955,0.30213642,0.33813632,0.31239435,0.12852453,0.059607886,-0.00041998806,-0.058510907,0.22504008,0.08360006,0.061951358,0.10832536,0.14641216,-0.14976089,-0.082828395,0.26138562,0.21574488,0.35792127,0.022686074,-0.07293101,-0.007372407,0.20697796,0.24602519
0.15472065,-0.005739573,0.8719846,0.8548007,0.30336577,0.10269386,0.7503811,0.7157704,0.58213055,0.3716694,0.6999814,0.59325004,0.734578,0.7256936,0.5580409,0.30463597,0.657085,0.49564496,0.23312815,0.2102739,0.4094235,0.38160378,1.0,0.8762517,0.30234116,0.38708234,0.18898019,0.26848215,0.53876525,0.5155166,0.6773466,0.7284848,0.7407356,0.84057987,0.4266186,0.31075287,0.6348285,0.52600634,0.54679054,0.39129573,0.12964022,0.40451697,0.10708925,0.11121649,0.09502253,0.19214952,0.25218824,0.16016434,0.12396551,0.017667226,-0.084147036,-0.049697585,-0.25278422,0.020707948,0.3938368,0.12719636,-0.2471856,-0.15695727,-0.012988577,0.04922531,-0.06379196,0.009664558,-0.03548244,-0.18089761,0.07458466,0.06499444,0.09328173,0.113839775,-0.040084593,0.18157887,0.66063136,0.613448,0.43923897,0.54723364,0.5082201,0.69541293,0.5649476,0.46170446,0.5780619,0.47984248,0.54118025,0.2682698,0.41831127,0.51008934,0.4179288,0.3003861,0.32713902,0.3713332,0.44323215,0.3214431,-0.052630883,0.014812699,-0.056759834,-0.067545354,0.30130666,0.46156463,0.32761058,0.16766624,0.11288152,0.0015463782,-0.14530239,0.33130923,0.07090474,0.03287078,0.20008732,0.15764518,-0.08777619,-0.07803402,0.49856603,0.45539364,0.4403771,0.1197208,-0.091693,0.016898612,0.2268255,0.33266932
0.18480027,-0.0038293956,0.83319837,0.8720878,0.40210786,0.19573839,0.74589205,0.78117526,0.5525501,0.4980564,0.6474585,0.56844133,0.68300843,0.7852131,0.53685296,0.34955955,0.6086441,0.50314677,0.23444198,0.38604596,0.49941337,0.48668993,0.8762517,1.0,0.3631111,0.4901623,0.24283986,0.34228,0.52595073,0.51488495,0.68226194,0.7790675,0.6687192,0.82994145,0.3612276,0.44212574,0.69500947,0.58322865,0.6585719,0.42258263,0.25036818,0.44090974,0.03978119,0.047107253,0.115946285,0.11591925,0.149237,0.18376991,0.07199471,-0.027011832,-0.14549075,-0.09340306,-0.2950972,-0.09216451,0.43345362,0.14079271,-0.19474158,-0.16875985,-0.066879645,0.045379512,-0.102972515,0.041337498,0.037877206,-0.23737092,-0.0029422096,0.019866968,0.04462792,0.08346637,-0.063031614,0.26231077,0.6955307,0.6689609,0.44270626,0.54080683,0.5813788,0.70734733,0.61679417,0.5043603,0.5801865,0.4991167,0.53114486,0.29583904,0.48113802,0.5112541,0.37793055,0.25455546,0.43012705,0.3818576,0.43457457,0.23650464,-0.1682317,-0.058197215,-0.20963967,-0.21089856,0.31171727,0.46229875,0.33070296,0.14610076,-0.00518197,-0.078558624,-0.21100573,0.29749024,-0.03046078,-0.053944312,0.14562474,0.1323867,-0.1951655,-0.13299058,0.45941237,0.43387666,0.41063708,0.012748377,-0.083144404,-0.11924689,0.22001864,0.34084797
-0.2887258,-0.6418572,0.20293057,0.25212482,0.67830104,0.7664109,0.22007866,0.118377216,0.10405897,0.6169229,0.16031246,-0.087546214,0.29351777,0.3501665,0.25644502,0.13091691,0.12348314,0.043767847,-0.4461011,0.17751954,0.5353849,0.39834285,0.30234116,0.3631111,1.0,0.82355654,0.8029848,0.76199824,0.31115142,0.32043526,0.5845789,0.2837338,-0.12268558,0.10966361,-0.2821758,0.051557526,0.355893,0.31778815,0.39418393,0.20220451,0.5935258,0.38177642,-0.35649395,-0.404544,0.08018229,-0.39072987,-0.29436,-0.16909222,-0.4475519,-0.43877506,-0.35638103,-0.29840335,-0.2765321,-0.57431126,0.38764971,-0.010328195,-0.45280933,-0.66128206,-0.4235263,-0.30312434,-0.4669693,-0.449412,-0.21841392,-0.63078076,-0.5684612,-0.42183065,-0.5372388,-0.46430266,0.053638503,0.40743148,0.2492173,0.22708423,0.44919467,0.097433984,0.38196626,0.059933003,0.4409981,0.21517694,0.2889078,0.0028458775,-0.018551037,-0.22251551,0.45338517,0.099868625,-0.21058132,-0.44831914,0.64738446,0.33644825,0.40641513,-0.25550497,-0.26131082,-0.26760966,-0.43572196,-0.40183854,0.33533394,0.28764042,0.14408895,0.029829668,-0.37821028,-0.21157776,0.047437288,0.07241519,-0.20928113,-0.29890165,-0.0041503054,0.013150314,-0.2788351,-0.107592694,0.19983993,0.3857785,0.16988061,-0.3633125,-0.039604936,-0.4696565,0.12325127,0.35405067
-0.2904601,-0.5440345,0.31137758,0.3865571,0.64812225,0.7278253,0.2455123,0.28819397,0.17641033,0.5868094,0.16007212,0.031255502,0.26505083,0.45777074,0.21723796,0.029639414,0.18259802,0.20189211,-0.3122308,0.27573386,0.4831979,0.37720162,0.38708234,0.4901623,0.82355654,1.0,0.69829506,0.76884466,0.36013153,0.30847907,0.5077989,0.37802485,-0.0010450537,0.23563936,-0.18987395,0.19438647,0.39535236,0.32278514,0.4506096,0.24675089,0.5435522,0.3913084,-0.30197445,-0.32335114,-0.013063932,-0.30178714,-0.19530518,0.033122487,-0.36864227,-0.37311617,-0.3428788,-0.32452008,-0.3350128,-0.49686855,0.47177428,0.14740762,-0.42657387,-0.53992134,-0.37715083,-0.27994892,-0.4437227,-0.3747912,-0.22183222,-0.5809439,-0.49099776,-0.3751695,-0.4243286,-0.38609853,0.024958067,0.3844541,0.30887517,0.3022583,0.36541757,0.15339819,0.30617303,0.10327318,0.47857404,0.29387316,0.3338485,0.14218968,-0.0031856461,-0.11023404,0.4471684,0.15066645,-0.17771709,-0.26502657,0.66491354,0.42682132,0.44319475,-0.108021975,-0.30822086,-0.18188514,-0.41092196,-0.3145099,0.44659486,0.42099744,0.24424629,0.12083195,-0.2578627,-0.06314329,0.01873998,0.10195722,-0.15727377,-0.19647785,0.005861548,0.054736182,-0.31026304,-0.12648726,0.26549685,0.4963466,0.30371544,-0.23569167,-0.03660171,-0.44658083,0.15301636,0.3691861
-0.41027337,-0.7558287,0.05733919,0.13009173,0.67463166,0.8550997,0.044389494,-0.04045016,-0.00045357345,0.53865886,0.14874288,-0.11051884,0.2831852,0.318296,0.27305314,0.07085913,0.17053264,0.11861463,-0.6531573,0.15002778,0.4156616,0.24300563,0.18898019,0.24283986,0.8029848,0.69829506,1.0,0.8263767,0.36274764,0.3918375,0.4446786,0.10742326,-0.20774159,0.029308632,-0.4239615,0.049273565,0.2899386,0.31691635,0.3728608,0.23066871,0.64525187,0.37183836,-0.44735786,-0.4963698,-0.00430629,-0.5025522,-0.32049254,-0.13394277,-0.42852756,-0.42493087,-0.43025813,-0.37979683,-0.3467871,-0.5860556,0.3758264,0.10566877,-0.56819737,-0.81632495,-0.5536637,-0.42118892,-0.6324393,-0.5759821,-0.21186456,-0.7628431,-0.67119235,-0.60884404,-0.60322034,-0.53103083,-0.011947349,0.41912296,0.1582255,0.1013875,0.39632362,-0.063504405,0.40067706,-0.038612522,0.4069057,0.09792267,0.31185994,0.051263593,-0.025187198,-0.26026466,0.61530674,0.18503031,-0.16594134,-0.52724814,0.7509093,0.4072064,0.49069795,-0.26119038,-0.31293988,-0.10689948,-0.44680184,-0.31506673,0.31554362,0.22668517,0.14374393,0.07008304,-0.31306797,-0.04007475,0.06579102,-0.003201102,-0.14091225,-0.23895767,0.090963975,0.04473981,-0.19939679,0.11592305,0.14327438,0.29575384,0.07304842,-0.33158845,-0.015374906,-0.4118842,0.16388664,0.41128165
-0.4007695,-0.6538144,0.17958784,0.26980996,0.72761047,0.8229985,0.053674646,0.13321413,0.19438569,0.55570793,0.11822525,0.017089618,0.26747492,0.4259338,0.3286396,0.081738025,0.23752855,0.18795566,-0.48671392,0.14072394,0.4637192,0.37573463,0.26848215,0.34228,0.76199824,0.76884466,0.8263767,1.0,0.42059296,0.35351133,0.40867648,0.2558699,-0.13433485,0.10721835,-0.33287287,0.15448122,0.32801,0.2666986,0.39265457,0.28858507,0.6312589,0.41540536,-0.34786966,-0.35454592,-0.04287088,-0.39006647,-0.22673,0.02196349,-0.32110643,-0.3207568,-0.33710134,-0.3635686,-0.2951761,-0.47351414,0.39981362,0.14318536,-0.49743375,-0.7046207,-0.4380964,-0.31027734,-0.58531165,-0.5047239,-0.2630183,-0.62038505,-0.5634068,-0.5135484,-0.4468899,-0.4724227,0.05873025,0.31149784,0.22311963,0.21309865,0.35737604,0.03942461,0.32389438,0.052019317,0.4498528,0.18421873,0.34848514,0.12081975,-0.0062176352,-0.13039035,0.5595008,0.25917757,-0.09025155,-0.35754126,0.7302171,0.5542487,0.5310661,-0.110105604,-0.29449898,-0.16562314,-0.3904038,-0.2708668,0.44667923,0.34335905,0.22896892,0.18021528,-0.20015727,0.072945066,-0.028432539,0.06459203,-0.06166019,-0.1298908,0.090884216,0.11252114,-0.22107886,0.062250305,0.23669429,0.4470157,0.26078507,-0.1697625,0.044338103,-0.3268971,0.27136332,0.44121513
-0.2667935,-0.23369046,0.5082656,0.4255101,0.49830747,0.3848216,0.40894437,0.34317443,0.5054397,0.2641241,0.71646667,0.6129048,0.6923166,0.6931397,0.6572942,0.16606297,0.79778486,0.70100313,-0.11673729,0.046827372,0.1944352,0.31483617,0.53876525,0.52595073,0.31115142,0.36013153,0.36274764,0.42059296,1.0,0.7091814,0.3654177,0.40628237,0.40783247,0.5862164,0.09492885,0.31940606,0.56661874,0.47531807,0.47137216,0.46129608,0.41680863,0.46115667,-0.17739229,-0.12911326,-0.15027249,-0.1504943,0.08945344,0.20065765,-0.087498225,-0.2200863,-0.3181295,-0.17418604,-0.55728847,-0.26165694,0.31772834,0.36012474,-0.49305153,-0.40866897,-0.28439638,-0.061087456,-0.45939726,-0.39654195,-0.24310791,-0.47210005,-0.25472316,-0.32603624,-0.14638218,-0.17351177,-0.12909164,0.31518263,0.5153452,0.4188317,0.6257875,0.33528763,0.40652028,0.43543726,0.5788359,0.29298753,0.68399966,0.5462369,0.44361195,0.2851262,0.7348122,0.6807312,0.25627995,0.14145574,0.5790245,0.47434977,0.53235906,0.27711293,-0.3099343,0.0804472,-0.27227473,0.011561504,0.45928687,0.5333542,0.48234078,0.48733175,0.16404392,0.34247234,0.020316957,0.38433075,0.2199333,0.1840194,0.5125194,0.31634384,6.201786e-05,0.22431731,0.58339375,0.45937064,0.38883272,0.12535638,-0.0013946743,-0.022708667,0.55030924,0.5536345
-0.13070707,-0.21020812,0.41268256,0.47766766,0.34731,0.31223008,0.3287774,0.37247634,0.3212875,0.2705592,0.65336156,0.64724797,0.54367065,0.664654,0.5834818,0.36071262,0.644463,0.72196835,-0.124160305,0.070282064,0.32129383,0.32150114,0.5155166,0.51488495,0.32043526,0.30847907,0.3918375,0.35351133,0.7091814,1.0,0.41914243,0.3624818,0.47181314,0.58238846,0.1655346,0.44617113,0.6197894,0.69309896,0.5150366,0.57458395,0.35672662,0.51555645,-0.11723852,-0.11522563,-0.102229565,-0.06305395,0.14378029,0.2866639,0.015848728,-0.12613666,-0.27219057,-0.22190045,-0.44810492,-0.21821995,0.4072242,0.43940803,-0.34295112,-0.35520613,-0.32643172,-0.057863787,-0.22638659,-0.22622366,-0.16477337,-0.43355796,-0.23968717,-0.27986917,-0.13911971,-0.030589532,-0.21255505,0.27760106,0.51294947,0.47516122,0.58622414,0.44674796,0.44955355,0.43075034,0.5777673,0.45000407,0.49940145,0.5942641,0.40687698,0.34049675,0.63932896,0.66534597,0.30395088,0.18116017,0.5207824,0.404081,0.54348314,0.21101588,-0.14254913,0.2002118,-0.123822704,0.045469902,0.41993618,0.5003232,0.55065984,0.48991042,0.13775311,0.2522872,0.0030850966,0.17931683,0.11123859,0.07848754,0.4269883,0.2633418,0.15180099,0.35314816,0.5550818,0.43846005,0.34945625,0.12357882,-0.06633168,-0.06759693,0.4203278,0.59858865
0.16098468,-0.23954062,0.61357373,0.59218633,0.5018856,0.30505645,0.6690833,0.518625,0.44551194,0.6084306,0.49272436,0.27669105,0.6308262,0.56777656,0.56333804,0.4969796,0.40013704,0.11117376,0.012780645,0.3042142,0.6172658,0.52887547,0.6773466,0.68226194,0.5845789,0.5077989,0.4446786,0.40867648,0.3654177,0.41914243,1.0,0.70204705,0.39542493,0.56138706,0.20260315,0.2836393,0.5937534,0.50526947,0.5727127,0.36133027,0.37176582,0.4255415,-0.011613867,-0.037191436,0.3030672,-0.0764462,-0.018045628,-0.07900831,-0.036205307,-0.052428693,-0.10809166,-0.08764703,-0.17992935,-0.22353609,0.43309644,-0.032988377,-0.22549628,-0.37409803,-0.16980878,-0.050577205,-0.13125424,-0.14592275,0.048561573,-0.3617226,-0.12466239,-0.096055806,-0.09304701,-0.050729726,0.07149568,0.34303546,0.6214521,0.58132094,0.5486368,0.48901004,0.6083881,0.54358757,0.6564819,0.5596727,0.5176536,0.22846754,0.47106886,0.10373356,0.43613225,0.34977856,0.28416073,-0.04398609,0.41615278,0.28777245,0.36049128,-0.01405628,-0.1558386,-0.28289354,-0.26171672,-0.37514147,0.20748296,0.30614266,0.16669156,-0.010366059,-0.20358443,-0.3134318,-0.11078111,0.22955474,-0.14327489,-0.24398278,-0.023770677,-0.048421882,-0.23530014,-0.19570209,0.30265716,0.23868409,0.19864157,-0.20923376,-0.17549004,-0.27885517,0.046154447,0.22679205
