1.0,0.6104132,0.5781037,0.5901879,0.32191613,0.20606554,0.6358774,0.567278,0.4055523,0.09040386,0.18119387,0.49622813,0.4647447,0.4900728,0.31482583,0.17895454,0.1439752,0.5212887,0.7024153,0.73301417,0.37806633,0.12489995,0.22116703,0.3390673,-0.34696597,-0.2506936,0.2223866,0.11271035,0.15261348,0.35598004,0.052029748,0.22023962,0.68774056,0.56504005,0.0192347,-0.014267373,0.03490419,-0.25121439,0.16888878,-0.061247353,0.05848868,-0.059044644,0.25319645,0.23362859,0.3202621,0.41561085,0.22661455,0.0068250485,0.29630142,0.22432563,0.35689265,0.18712504,-0.0094647445,0.20161752,0.10801704,0.25018507,0.8250882,0.63692194,0.3430548,0.070421904,0.68415093,0.43149206,0.31080168,0.39938658,0.37831575,0.30200323,0.5400333,0.42467952,0.5033794,0.6307407,0.025706822,0.22230893,0.20536348,0.0009434304,0.04943681,0.25105098,-0.0949389,-0.06856151,-0.0439526,-0.03958586,-0.13556692,0.28436545,-0.16561168,0.03911736,-0.098232135,0.085172266,-0.09358365,-0.16795558,-0.030253334,0.36484137,-0.3179268,0.098518275,-0.26794213,0.35122487,0.00037787078,0.10035756,0.081322506,-0.042734712,0.02078972,-0.024771629,-0.12783852,0.060561933,-0.117042296,0.17419052,-0.18169169,-0.031689707,0.028738908,0.055085406,0.1749963,0.18222769,0.034767013,-0.047094703,-0.26262125,0.16992696,0.14314257,0.053492617
0.6104132,1.0,0.52548546,0.6702038,0.52425313,-0.15915008,0.3063971,0.6174184,0.56926644,-0.35369587,-0.11951473,0.6172672,0.07731817,0.3980409,0.052029744,-0.004454476,-0.11154153,0.51321673,0.50214034,0.6087477,0.2597121,-0.10589144,-0.28750235,0.5276034,-0.5263456,-0.38963145,0.00834175,-0.28712845,-0.048063792,0.20708437,-0.41094762,0.34463185,0.41590986,0.31266823,-0.21444258,-0.19022924,-0.054233514,-0.23242958,0.16049975,-0.30616054,0.090384096,-0.07349164,0.24410255,0.27795288,0.41107318,0.61825037,0.16043822,0.0142973475,0.51040703,0.6252251,0.045885462,0.6140324,-0.35700715,0.63579065,-0.10428927,0.31258354,0.48693076,0.8590832,0.5266897,0.5801767,0.4654165,0.8057076,0.107289314,0.73514104,0.28017035,0.7258992,0.5515036,0.26614043,0.6362823,0.48970965,-0.30445558,-0.17943129,0.14358056,-0.39310083,-0.0656957,0.18485937,-0.17957816,-0.13506892,-0.20512706,-0.025653519,-0.35397846,0.6051857,-0.35892123,0.289292,-0.4534156,0.51159394,-0.16355623,0.045639038,-0.2865906,0.5085564,-0.20481095,0.46546617,-0.38800484,0.4788915,0.12360063,-0.02158456,0.046578053,-0.15781523,-0.053055365,0.114173,-0.045138434,0.039625745,-0.1043368,0.3370144,0.09856995,0.18578026,-0.15355687,-0.121498466,0.19716662,-0.018235276,-0.14316203,-0.086356096,-0.19718362,0.1013556,0.27472287,0.11078518
0.5781037,0.52548546,1.0,0.82328606,0.38666245,0.053825356,0.5689369,0.66725224,0.54300296,-0.051080544,0.0025880858,0.44273075,0.23757395,0.49100026,0.2619254,0.13044551,-0.035432953,0.41080883,0.6973924,0.7578227,0.32274416,0.16701764,0.13206503,0.5366861,-0.5736082,-0.24864896,0.094492346,-0.029812524,0.13094015,0.3102455,-0.08254954,0.36354315,0.53364617,0.368992,0.01425168,-0.091227405,-0.0915125,-0.08660057,0.016887976,-0.123532906,-0.053064734,0.047120836,0.3341798,0.33718503,0.43807822,0.5137684,0.20948784,0.022465777,0.30089518,0.45720035,0.2572086,0.26123917,-0.08852315,0.28677475,0.025113234,0.46322465,0.48748878,0.48309436,0.46298367,0.17204565,0.6224753,0.47787553,0.32617146,0.45398405,0.43333164,0.47045952,0.66478884,0.4557379,0.42301756,0.35872516,0.08908215,0.14506441,0.26037627,-0.148963,0.18308514,0.29679424,0.024889665,-0.05179529,-0.03979393,0.06954174,-0.09675548,0.42855263,-0.079537064,0.25177225,-0.05961403,0.25777152,0.10641389,-0.016601568,-0.003962473,0.4493558,0.048956264,0.24723592,-0.38769618,0.38335454,0.013893001,0.03589526,0.047215026,-0.004556963,0.15067819,0.24958085,0.07231825,0.10730281,0.024530938,0.349973,0.20137404,0.18933682,-0.033046454,-0.01151955,0.13811824,0.08718204,-0.027915608,0.008280141,0.012245014,0.38655362,0.3475772,0.1934827
0.5901879,0.6702038,0.82328606,1.0,0.46904993,0.0074839247,0.50191367,0.76347125,0.6554167,-0.10263861,-0.07313977,0.49127328,0.1730937,0.41164708,0.2652511,0.1728846,-0.012739321,0.4294109,0.6494566,0.78294677,0.36268768,0.14305675,-0.035081983,0.63110214,-0.6308045,-0.30015865,0.12535973,-0.1190982,0.09916456,0.31667328,-0.22033192,0.378831,0.57723343,0.42794245,0.024127506,-0.12140194,-0.11101966,-0.09879757,0.0026796036,-0.17395455,-0.03643537,-0.021882657,0.2818758,0.35309654,0.4806925,0.5992107,0.11788594,-0.0064361207,0.39668518,0.5836614,0.17399289,0.4306199,-0.20850857,0.4135137,-0.07846349,0.44889098,0.5171449,0.63012594,0.5333836,0.35880888,0.58523184,0.6380096,0.25638348,0.5940861,0.4024442,0.6263106,0.69955295,0.45906398,0.570441,0.4431088,-0.06744114,0.032395065,0.2539307,-0.22578044,0.14857863,0.28453955,-0.023708526,-0.08140797,-0.15823287,0.006167334,-0.1789381,0.5417237,-0.21614596,0.33052704,-0.20341754,0.4215568,0.05579989,-0.02470698,-0.12785982,0.4903,-0.11246094,0.31722787,-0.34695587,0.40251935,0.0008067572,-0.007816593,-0.02717369,-0.08260609,0.030088749,0.19262907,0.055861615,0.045805804,-0.06588319,0.27921686,0.10948746,0.16425061,-0.054634932,-0.03183404,0.1182849,0.030612992,-0.12822387,-0.09650051,-0.094635144,0.29665872,0.2687472,0.16232406
0.32191613,0.52425313,0.38666245,0.46904993,1.0,-0.100160055,0.2006836,0.4333169,0.5403109,-0.33747074,0.024151728,0.45322183,0.103517585,0.24990736,0.13627943,0.15021984,0.08534245,0.38751045,0.24344516,0.3696272,0.3489736,0.009069293,-0.34330335,0.4139331,-0.5259693,-0.19993265,0.2787273,-0.22067708,0.14290467,0.3787653,-0.33165187,0.36608395,0.22839418,0.18653683,0.04042056,-0.041045416,0.088122375,0.048149217,0.21415798,-0.15101181,0.29719839,0.08004946,0.22831109,0.42856485,0.41657162,0.45240274,0.09063352,0.16992046,0.36704978,0.53965616,-0.0344664,0.48820227,-0.25510907,0.45630556,0.027648883,0.4608157,0.26927918,0.5817465,0.33634275,0.38533968,0.3223832,0.6325865,0.14423728,0.5353553,0.21490356,0.5345221,0.41420123,0.22972476,0.41484925,0.21899776,-0.25541672,-0.14874391,0.1773201,-0.25927442,0.041461587,0.24644716,0.037386145,0.049859025,-0.06481225,0.17735142,-0.04217311,0.58869237,-0.1865111,0.4242087,-0.19292587,0.5082696,-0.04449413,0.124838084,-0.18335328,0.48108074,-0.09901376,0.428577,-0.3021439,0.38623652,0.13010037,0.12814763,0.09508143,0.13291864,-0.009784043,0.28987557,-0.10408121,0.13183059,-0.29609582,0.3150224,0.056545667,0.07804424,-0.16833514,-0.13609311,0.1682713,0.13498285,0.13720357,0.07158271,0.01990429,0.2381423,0.07275047,-0.0123764705
0.20606554,-0.15915008,0.053825356,0.0074839247,-0.100160055,1.0,0.348227,0.027252823,-0.09194631,0.7128627,0.29461908,-0.18151031,0.33546105,0.09013219,0.5932459,0.38896295,0.18119758,-0.04662838,0.262087,0.05274626,0.35233843,0.44950712,0.58206373,-0.22198243,0.17338389,0.2910015,0.4799539,0.7355059,0.12512195,0.071666464,0.25924164,-0.3805503,0.2696269,0.1484561,0.19772774,-0.022679036,0.28548628,-0.020952245,0.25735354,0.4709121,0.2704415,-0.025130339,-0.02381774,-0.11725335,0.18900484,-0.117521875,0.02878186,-0.10526571,-0.0026166714,-0.23054528,0.40688887,-0.42568684,0.3815145,-0.45946908,0.3701891,-0.06369273,0.2684443,-0.14541028,0.008531034,-0.36753753,0.2926428,-0.23805815,0.38631484,-0.3526645,0.3916692,-0.3235496,0.12800935,0.1561648,-0.0064999512,0.16461496,0.43836713,0.3483911,0.11392774,0.3514055,0.21807423,0.027716678,0.111747,-0.018548772,0.087304056,-0.2696041,0.22305098,-0.3815802,0.44211495,-0.304144,0.5033098,-0.46304193,0.25867406,-0.3191615,0.50223595,-0.13305077,0.06805729,-0.47727242,0.16271521,-0.19411752,0.17822999,0.3301856,0.2407493,0.17908749,0.2642798,-0.22629067,0.018728746,-0.21545629,-0.09046921,-0.37723526,-0.13295731,-0.24706672,0.20920208,0.20754297,0.052612007,0.11090345,0.12096892,0.16737872,0.04411362,0.06557266,-0.15896602,0.13354342
0.6358774,0.3063971,0.5689369,0.50191367,0.2006836,0.348227,1.0,0.6087363,0.30859214,0.33727482,0.3074862,0.28514022,0.4749601,0.4630038,0.35027623,0.1826533,0.2773434,0.325406,0.6140361,0.5117649,0.42948446,0.1331768,0.4630424,0.15255173,-0.3043025,-0.195304,0.33013174,0.36377794,0.1209044,0.19869645,0.14640567,0.06921702,0.63814175,0.52480304,0.19397514,0.15963608,0.04117436,-0.2694033,0.23187919,-0.050815698,0.10388654,-0.12218808,0.15000646,0.1111476,0.35774845,0.29837218,0.06468389,-0.244281,0.23755339,0.173056,0.32143357,-0.036210608,-0.012228659,-0.03552204,0.1919306,0.088585354,0.5627809,0.28914028,0.104520835,-0.19084713,0.59086233,0.10037865,0.6417791,0.11157364,0.61604905,0.13029115,0.49129692,0.43016174,0.21639648,0.31999618,0.36585376,0.3937711,0.22789903,0.047716618,0.17064418,0.25865328,0.14181124,0.055376362,0.067058735,-0.18036616,0.18510942,0.116881184,0.038660277,-0.120464265,0.12593839,-0.11157384,0.13469802,-0.3327787,0.12966959,0.30033737,-0.100643575,-0.18458872,-0.16260752,0.20210357,0.08845465,0.13947774,0.17156883,-0.012629734,0.21512757,-0.18958195,-0.022859493,-0.101399146,-0.095882475,-0.059935383,0.0017931663,0.0110993,0.051956747,0.20649725,0.27337307,0.08338236,0.065575376,0.028846296,-0.07835101,0.059595346,0.09483733,0.38073584
0.567278,0.6174184,0.66725224,0.76347125,0.4333169,0.027252823,0.6087363,1.0,0.5741064,-0.09381543,-0.049221545,0.56378746,0.19190161,0.53247684,0.2272327,0.26290506,-0.015507233,0.4185762,0.47673473,0.59350723,0.4184941,0.19410412,-0.012723135,0.6074392,-0.4808579,-0.24556078,0.1099414,-0.09696414,0.0033056352,0.30209553,-0.058198728,0.42869055,0.63641065,0.6083961,0.045987267,-0.014970225,-0.11470953,-0.13002063,0.074431635,-0.23968436,0.120735385,0.06577556,0.09723093,0.20195945,0.40305018,0.5889703,-0.02611142,-0.137561,0.29039982,0.5778244,0.086115785,0.3904325,-0.23182522,0.3397194,0.010924331,0.32062432,0.49967286,0.59199554,0.33972296,0.19777642,0.60506845,0.5628647,0.44979945,0.6187609,0.44767356,0.6035082,0.59216607,0.46234593,0.3959037,0.28371492,-0.062289998,0.06221676,0.10134312,-0.32277578,0.05951872,0.20900708,-0.10020027,-0.11032999,-0.2020546,-0.04601196,-0.17269038,0.56730604,-0.1361831,0.37935373,-0.3008106,0.4262788,-0.042064447,0.026494443,-0.13210328,0.43497398,-0.06972822,0.30031657,-0.29270813,0.33517775,0.097060084,0.022209974,0.04286015,-0.050866935,0.092139706,0.18009995,0.15026772,0.06631648,0.02149709,0.26688868,0.1374901,0.24475498,-0.040780235,-0.03920062,0.20031199,-0.0061550126,-0.115961485,0.042823642,-0.0072123148,0.22049186,0.26916754,0.24559483
0.4055523,0.56926644,0.54300296,0.6554167,0.5403109,-0.09194631,0.30859214,0.5741064,1.0,-0.18571325,0.011248453,0.39802924,0.08795701,0.27613464,0.32630843,0.2635065,0.048415136,0.37398785,0.39728045,0.5290945,0.36701655,0.1693664,-0.18852848,0.63167536,-0.60081506,-0.285541,0.12927602,-0.20711812,0.18007977,0.39404526,-0.3002679,0.3912838,0.3912878,0.25370616,0.09019961,-0.034396924,-0.01191021,0.05372323,0.010822462,-0.126309,0.07220789,0.117158785,0.26685148,0.3127575,0.5611474,0.51719743,0.05623924,0.041043825,0.36071306,0.571,-0.10221109,0.4117007,-0.32955977,0.48016492,-0.17454626,0.35131225,0.29760137,0.5233491,0.27617797,0.35597596,0.28065175,0.55120003,0.14940022,0.48097223,0.23466332,0.56709546,0.52502626,0.2784476,0.44813746,0.3572197,-0.114141084,-0.025456695,0.26586437,-0.21899816,0.13143799,0.19895077,-0.029076293,-0.07860278,-0.15060523,0.126589,-0.019057998,0.55951726,-0.13657883,0.45053455,-0.19717124,0.4758788,0.032263204,0.09360195,-0.2063495,0.4071099,-0.11728728,0.41532296,-0.37605542,0.31345534,0.028599227,-0.10392603,-0.012486264,-0.1259644,-0.06492099,0.17607465,-0.09092763,0.05132055,-0.23852885,0.23851223,0.13600983,0.16269206,-0.13067886,-0.11149149,0.05415031,0.037625425,-0.07646435,-0.054914888,-0.008274817,0.12556413,0.11663747,0.09395649
0.09040386,-0.35369587,-0.051080544,-0.10263861,-0.33747074,0.7128627,0.33727482,-0.09381543,-0.18571325,1.0,0.266854,-0.2528922,0.36036378,-0.010096484,0.4929538,0.27400735,0.25329003,-0.15911756,0.21844865,0.0121545745,0.2811539,0.37771928,0.6728717,-0.38102713,0.30344567,0.2962729,0.42505208,0.7881379,0.14376105,-0.110093,0.3981941,-0.5138997,0.2164442,0.1374489,0.2649081,0.12150889,0.17278242,-0.052429598,0.026014272,0.4427198,0.08251192,-0.14589933,-0.091910556,-0.25226742,0.0073631317,-0.32825527,-0.08660937,-0.25107324,-0.10761018,-0.44160712,0.37208977,-0.5612306,0.31534326,-0.58750933,0.12863244,-0.29140463,0.184522,-0.36262193,-0.109284,-0.46028933,0.12395442,-0.4640025,0.30995205,-0.5612593,0.30039185,-0.5171084,0.013716709,0.108695306,-0.11883468,0.14655668,0.53417116,0.47304294,0.13765442,0.46130833,0.23723634,0.09424165,0.16507292,-0.0056970553,0.11480931,-0.3754012,0.2647139,-0.5735115,0.34021884,-0.4759416,0.5264063,-0.6543308,0.23200613,-0.5050298,0.34854335,-0.26184422,-0.10003529,-0.6544758,0.25233212,-0.22344108,-0.021037316,0.11719359,0.035801355,-0.036441706,0.08371874,-0.4383134,-0.06515532,-0.20817322,-0.07236448,-0.52177304,-0.23505856,-0.361479,0.21119453,0.23137474,-0.019597879,0.027004572,0.0019684387,-0.059707403,-0.13985763,-0.110486396,-0.23199417,0.12249007
0.18119387,-0.11951473,0.0025880858,-0.07313977,0.024151728,0.29461908,0.3074862,-0.049221545,0.011248453,0.266854,1.0,0.18325685,0.72294825,0.34558368,0.17754799,-0.00087994925,0.6673318,0.35994866,0.15506174,0.022296024,0.2667106,0.096945636,0.40012532,-0.14702363,-0.024253013,-0.012107879,0.4169308,0.33760643,0.511374,0.4198246,0.30661,0.04866401,0.090543374,0.0068604755,0.42711008,0.5000971,0.21801093,0.081077576,0.27540228,0.07826183,0.09448349,-0.13208838,0.208779,0.2632341,0.15683137,-0.09416435,0.20143242,0.16062771,-0.010258249,-0.20294113,0.16863932,-0.3105669,0.20779166,-0.24335206,0.24978745,-0.08976789,0.21011159,-0.11360858,-0.12749073,-0.26608652,-0.041566025,-0.2525079,0.36937162,-0.281425,0.2398942,-0.28447175,0.13457839,0.23319262,0.03756106,0.22504678,0.5155176,0.5559301,0.38251945,0.51948404,0.3219646,0.19412741,0.4644752,0.531481,0.59426963,0.27693608,0.6348941,-0.07664283,0.20215216,-0.19653533,0.40152562,-0.23072101,0.093818374,-0.21773583,0.18124762,0.14525011,-0.076700665,-0.34276247,0.15234491,-0.012235541,0.028695645,0.118541814,0.20905848,0.076036185,0.07962782,-0.19841288,-0.19336043,-0.08220026,-0.14386155,-0.113111645,-0.12683374,-0.2355825,0.10713597,0.15482244,0.12113177,0.2063782,0.41434312,0.07541072,0.008309883,0.08074852,-0.08658824,0.038639832
0.49622813,0.6172672,0.44273075,0.49127328,0.45322183,-0.18151031,0.28514022,0.56378746,0.39802924,-0.2528922,0.18325685,1.0,0.35666975,0.65990555,-0.039875597,-0.002619955,0.22333081,0.72020274,0.3377467,0.4835685,0.26149845,0.058022328,-0.16378094,0.4854091,-0.34595713,-0.23002906,0.050276455,-0.1897297,0.20811915,0.33413306,-0.04318338,0.42875567,0.41958883,0.4294858,0.12225035,0.250496,-0.11251097,-0.09126163,0.08651958,-0.2525907,0.0807336,-0.012866621,0.28883022,0.38649994,0.3280157,0.5172429,0.1457502,0.04727792,0.39017293,0.42459157,0.16574666,0.39391676,-0.22436036,0.4110741,-0.07974467,0.27919027,0.4870534,0.6213041,0.43152523,0.3562386,0.36864638,0.5648674,0.2846753,0.6027457,0.26503655,0.47158718,0.5374081,0.4636219,0.44586253,0.3867715,-0.120269164,0.12907965,0.18759817,-0.19430658,-0.017795293,0.17802797,0.00075584586,0.08440185,0.0117208185,0.21984103,-0.09854352,0.56991696,-0.19223978,0.31429532,-0.32191247,0.4283248,-0.17921515,0.14713505,-0.22777508,0.42751086,-0.15431194,0.36190984,-0.18747519,0.43017375,-0.054188456,-0.05629528,-0.020183869,-0.110328235,-0.049637634,0.19746062,0.0065646246,0.14792034,0.017377265,0.37096295,0.061960254,0.13560401,0.006218952,-0.10050716,0.13022028,-0.0030061696,-0.057992365,-0.07224741,-0.118406534,0.31325266,0.3060317,0.037145246
0.4647447,0.07731817,0.23757395,0.1730937,0.103517585,0.33546105,0.4749601,0.19190161,0.08795701,0.36036378,0.72294825,0.35666975,1.0,0.54598874,0.2355222,0.035950582,0.5094595,0.43878782,0.4480356,0.32519615,0.4502431,0.16660489,0.46315998,-0.021230303,-0.13122018,-0.087682396,0.42237976,0.36632508,0.51313424,0.46536484,0.29686952,0.061038528,0.33375454,0.1873884,0.3090942,0.33857548,0.21904865,-0.0007531738,0.2556657,0.047398105,0.17422469,-0.15647514,0.19132368,0.24146833,0.18035157,0.0042660255,0.22320339,0.07556548,0.09202865,-0.109069206,0.3249984,-0.23165762,0.14593197,-0.2261276,0.21005468,-0.007203996,0.47558326,0.0986257,0.1293695,-0.16707276,0.23871864,-0.04437123,0.39887407,-0.1024118,0.3457906,-0.11433062,0.32202426,0.3438936,0.28701857,0.49072894,0.47757286,0.6405845,0.42627802,0.53509796,0.4129374,0.35856342,0.40709203,0.413545,0.39416105,0.12285758,0.3949537,0.018407434,0.043115806,-0.20913991,0.33257228,-0.22350758,0.07103354,-0.36920464,0.15356646,0.18604004,-0.18416443,-0.29695767,0.06591882,-0.018891303,0.029009225,0.13786274,0.16866384,0.012610056,0.05760593,-0.22084035,-0.13218117,-0.1537934,-0.13354594,-0.08821102,-0.17888175,-0.23529781,0.11291705,0.11073887,0.15706494,0.21968646,0.28748092,-0.017294237,-0.13082077,0.13654296,-0.06112395,0.08961996
0.4900728,0.3980409,0.49100026,0.41164708,0.24990736,0.09013219,0.4630038,0.53247684,0.27613464,-0.010096484,0.34558368,0.65990555,0.54598874,1.0,0.17346399,0.14043255,0.19538814,0.6360012,0.49561635,0.4555878,0.39753675,0.21214768,0.24040252,0.3789803,-0.2848137,-0.10764132,0.08063978,0.04597994,0.30977964,0.3890616,0.1457363,0.35705775,0.43331632,0.27613258,0.091637485,0.1707279,0.10249364,-0.058158223,0.26021883,-0.11318447,0.20331301,0.06636224,0.23755388,0.30540818,0.3239469,0.30690134,0.2907677,0.07985183,0.17597152,0.22058801,0.26714098,0.05569354,0.0047253547,0.13365297,0.20825134,0.28958192,0.45850098,0.3798467,0.3151431,0.04456362,0.41633534,0.29290003,0.43858832,0.31924996,0.386158,0.28168073,0.48709086,0.35976842,0.34321317,0.36892024,0.27593347,0.4632846,0.31685883,0.098430574,0.23316737,0.29031247,0.19810447,0.23689796,0.21327849,0.14053147,0.118343115,0.41350475,0.04925604,0.19909015,0.0045220573,0.15944363,-0.12521468,0.014622336,0.06016367,0.33366656,0.04739464,0.116797276,-0.16308136,0.26670268,0.17569041,0.12889159,0.26902145,0.023931412,0.20026134,0.12910445,0.1536162,0.023339598,0.24105479,0.39121735,0.2090608,0.22942267,0.08268993,0.12650974,0.31633896,0.13346761,0.14040019,0.11202715,0.0057143327,0.32430834,0.4101332,0.23536097
0.31482583,0.052029744,0.2619254,0.2652511,0.13627943,0.5932459,0.35027623,0.2272327,0.32630843,0.4929538,0.17754799,-0.039875597,0.2355222,0.17346399,1.0,0.67726195,0.1367609,0.06364829,0.3465902,0.26589382,0.5618132,0.54625386,0.4403683,0.14124969,-0.032883156,0.16519785,0.39732313,0.4686478,0.3582494,0.3442126,0.14732997,-0.052720483,0.41379684,0.24808466,0.11966418,-0.13065422,0.4678905,0.22686398,0.28355926,0.54907906,0.36744174,0.22509472,0.057095863,-0.034817442,0.26306978,-0.035622966,0.20067008,0.049944974,-0.010052525,-0.08318666,0.18096283,-0.28048047,0.25032496,-0.17310391,0.32414335,0.25445136,0.33726823,0.0750287,0.015242825,-0.19276427,0.355459,0.008728807,0.29618314,-0.099284105,0.2936697,-0.10006631,0.25472638,0.13830145,0.07277469,0.2122375,0.3468022,0.30403057,0.36155772,0.28068352,0.30132088,0.16633202,0.12965843,0.004588198,0.031391017,-0.14291959,0.18767011,-0.12121313,0.32724944,-0.0031823406,0.42467183,-0.16538714,0.11645776,-0.22995128,0.40435603,0.044792738,-0.040021375,-0.17820036,-0.018415425,-0.045304585,0.2717964,0.3276929,0.34999704,0.24510041,0.19742154,-0.03373277,-0.033321816,-0.16544493,-0.16664335,-0.17050414,-0.06657292,-0.13107343,0.14701886,0.19155766,0.18318763,0.32402188,0.21549614,0.2524429,0.0575045,0.054288782,-0.091399774,0.124718755
0.17895454,-0.004454476,0.13044551,0.1728846,0.15021984,0.38896295,0.1826533,0.26290506,0.2635065,0.27400735,-0.00087994925,-0.002619955,0.035950582,0.14043255,0.67726195,1.0,-0.018388623,-0.0584897,0.09063604,0.12023566,0.3436523,0.5679125,0.16037875,0.28655455,0.10125511,0.20075439,0.15983693,0.18218547,0.17372885,0.32672188,0.120454036,0.16111746,0.3018827,0.30707055,0.07839543,-0.07838991,0.28310683,0.27877137,0.21397352,0.42557666,0.3170534,0.52912694,-0.12305531,-0.09603709,0.10848238,0.012320671,-0.00724489,0.10428173,-0.11138591,0.02246328,-0.04094742,-0.070345394,0.16458796,-0.030158438,0.3192751,0.3291989,0.14293213,0.04526489,-0.13588424,-0.2173037,0.20713603,0.031772867,0.21336554,0.044445414,0.1517256,0.02663056,0.06572936,0.043779958,-0.0536641,-0.048129663,0.030176623,0.04364237,0.06143639,0.07878858,0.09152485,0.050120268,-0.10811991,-0.16852461,-0.18160492,-0.08514596,0.044710908,0.072626814,0.29997408,0.34022862,0.18881054,0.1559097,-0.0696903,0.11551054,0.28137612,-0.08033256,-0.03129066,0.06445823,-0.006528476,-0.0413673,0.27474752,0.33860925,0.26829386,0.4050329,0.10914089,0.19567102,0.047614716,0.015716886,-0.06917745,-0.022728821,-0.025108814,-0.01931955,0.10971466,0.08486722,0.11578797,0.2734532,0.1664428,0.30581677,0.23066272,0.09576952,-0.065949894,0.06830133
0.1439752,-0.11154153,-0.035432953,-0.012739321,0.08534245,0.18119758,0.2773434,-0.015507233,0.048415136,0.25329003,0.6673318,0.22333081,0.5094595,0.19538814,0.1367609,-0.018388623,1.0,0.41010356,0.098172024,0.037733946,0.25392374,0.019737206,0.23165387,-0.15836792,-0.059621282,-0.018451184,0.38401604,0.27731767,0.5785559,0.37373102,0.15812725,-0.05090044,0.17330611,0.1744756,0.57268226,0.63184094,0.1859525,0.1429465,0.14846365,0.16003376,0.07567642,-0.26327124,0.23550268,0.302823,0.12593648,-0.030174037,0.09035958,0.07336284,0.058801915,-0.16901271,0.18928397,-0.19078015,0.11009007,-0.1479649,0.012819644,-0.047498494,0.29333833,-0.04960881,-0.096841626,-0.11504686,-0.042070255,-0.19211717,0.32223985,-0.20458375,0.24778195,-0.23875204,0.18457189,0.31799895,0.12623058,0.2673464,0.34891954,0.50215936,0.4034335,0.43743843,0.1890722,0.17445484,0.48364428,0.5725434,0.5596857,0.30324695,0.66901165,0.0016072821,0.008862144,-0.2388116,0.3145299,-0.17257069,0.10580609,-0.28860608,0.052708875,0.14204165,-0.3081758,-0.37287718,0.28552702,-0.06956663,-0.1206896,0.044300973,0.04522134,0.019403482,-0.0590839,-0.2390054,-0.23612149,-0.056872044,-0.24366692,-0.2526005,-0.2984237,-0.31771863,0.14127906,0.10614578,0.09458887,0.1351646,0.24464276,-0.12415001,-0.21291445,0.055903062,-0.1881435,0.0031316392
0.5212887,0.51321673,0.41080883,0.4294109,0.38751045,-0.04662838,0.325406,0.4185762,0.37398785,-0.15911756,0.35994866,0.72020274,0.43878782,0.6360012,0.06364829,-0.0584897,0.41010356,1.0,0.42872593,0.49184963,0.38382563,0.023606783,0.026924148,0.3528329,-0.36454728,-0.23475796,0.1202418,-0.06422582,0.37812743,0.43890357,-0.019063696,0.35850137,0.42225823,0.3171125,0.16615766,0.25384948,0.05986494,-0.11969262,0.13051383,-0.12084018,0.090939425,-0.12542528,0.386401,0.4209662,0.3953698,0.40973213,0.32932267,0.12674703,0.2727347,0.25594163,0.22168463,0.19306266,-0.09666379,0.269721,-0.009827603,0.32388636,0.5805538,0.54963386,0.3681883,0.19591568,0.35800043,0.41208467,0.2862075,0.4477489,0.2729537,0.29406813,0.5123157,0.43816656,0.4778357,0.5082998,0.13971756,0.38939288,0.29946834,0.05749155,0.07233673,0.28118807,0.19490828,0.25049403,0.14999579,0.24829501,0.05130408,0.4012543,-0.13316701,0.115618505,-0.0796834,0.19902477,-0.065016724,0.0093905665,-0.15004478,0.443811,-0.18067992,0.14631513,-0.18896225,0.35951886,-0.028884795,0.036339298,0.12106141,-0.07401133,0.05321812,0.1334442,-0.08670661,0.0272295,-0.01877659,0.31359175,-0.016325472,0.022134038,0.15431206,0.044101972,0.2323393,0.095834136,0.13890792,-0.06748719,-0.18076424,0.34334797,0.19881155,0.016034646
0.7024153,0.50214034,0.6973924,0.6494566,0.24344516,0.262087,0.6140361,0.47673473,0.39728045,0.21844865,0.15506174,0.3377467,0.4480356,0.49561635,0.3465902,0.09063604,0.098172024,0.42872593,1.0,0.79919106,0.4134138,0.18414527,0.3943489,0.30018046,-0.35526377,-0.20455387,0.21942618,0.20339,0.16003947,0.2572642,0.0011691132,0.06671071,0.56132424,0.2658914,-0.03220938,-0.14527935,-0.0054048058,-0.276439,0.11548475,-0.050901733,-0.027578557,-0.11656941,0.2439553,0.22300288,0.3285471,0.27022657,0.23579837,-0.094864175,0.25606245,0.21385697,0.3664383,0.056407977,-0.058113527,0.1342077,0.03420669,0.19356978,0.6402425,0.44330162,0.4378124,0.14837375,0.58217686,0.33488744,0.2788571,0.19664723,0.44522113,0.26544264,0.5738682,0.29261008,0.55435324,0.63916016,0.24862911,0.2961079,0.33417392,0.09422425,0.23188321,0.32887712,0.022555698,-0.054472025,0.0049740504,-0.09317895,-0.04062835,0.18931797,-0.016597083,-0.03433899,0.085179344,-0.04001156,0.14714797,-0.23827869,0.04318303,0.3136295,-0.10164069,-0.02570892,-0.26064983,0.31040746,0.0066063916,0.0011905053,0.10199356,-0.15791754,0.07957749,-0.09083582,-0.026593868,-0.08198064,-0.03514428,0.13383612,0.0414281,0.007818228,0.053185187,0.09363293,0.15100583,0.058220815,-0.015523859,-0.13580145,-0.18509114,0.16187419,0.18555608,0.16580853
0.73301417,0.6087477,0.7578227,0.78294677,0.3696272,0.05274626,0.5117649,0.59350723,0.5290945,0.0121545745,0.022296024,0.4835685,0.32519615,0.4555878,0.26589382,0.12023566,0.037733946,0.49184963,0.79919106,1.0,0.35265842,0.15274741,0.14000069,0.50037366,-0.47063488,-0.23415373,0.18116844,0.017274195,0.14409992,0.3370341,-0.077499434,0.26074868,0.5908184,0.41242445,-0.013193422,-0.09783265,-0.08205277,-0.2135676,0.008838082,-0.12588589,-0.08914455,-0.033938274,0.32757896,0.32895234,0.35825914,0.4350374,0.25841102,0.013340688,0.33400676,0.3603027,0.277319,0.27789888,-0.114596196,0.3035087,-0.04065954,0.3629291,0.6519561,0.5829821,0.4979035,0.22722283,0.5825666,0.52167904,0.17015108,0.44434607,0.3142351,0.43628463,0.6198042,0.40391144,0.58523256,0.5836356,0.037146643,0.16230655,0.28199777,-0.071511105,0.13320147,0.28853932,-0.06978127,-0.10786893,-0.09941915,0.014266623,-0.16762242,0.37219837,-0.17037049,0.17296118,-0.13770105,0.22454843,0.07176638,-0.092712075,-0.07154436,0.4149728,-0.21463399,0.22476439,-0.3117522,0.43989608,-0.07059284,-0.02804604,0.00915922,-0.14868541,-0.006399432,0.06567352,-0.009467077,0.059744943,-0.05560916,0.27551824,-0.02374847,0.063057005,-0.009218108,0.0025863613,0.10203848,0.11854215,-0.043056406,-0.19082391,-0.23823655,0.2514781,0.24155648,0.109808214
0.37806633,0.2597121,0.32274416,0.36268768,0.3489736,0.35233843,0.42948446,0.4184941,0.36701655,0.2811539,0.2667106,0.26149845,0.4502431,0.39753675,0.5618132,0.3436523,0.25392374,0.38382563,0.4134138,0.35265842,1.0,0.29881892,0.2564118,0.17991473,-0.311124,-0.17083505,0.31634653,0.25166467,0.40181157,0.3902925,0.028170396,0.10793,0.3720332,0.21019891,0.06537595,-0.00013117799,0.46110943,0.103519425,0.30132565,0.12391832,0.5633457,0.0096558705,0.06219073,0.02672286,0.32622522,0.0650439,0.13049056,-0.1001579,0.1226247,0.0929521,0.06891671,-0.09539856,-0.08215295,0.04660326,0.14320529,0.1571479,0.3952193,0.26535618,0.15958165,0.062313534,0.29971784,0.19800262,0.35604906,0.10975341,0.31374973,0.104151264,0.3772337,0.16540635,0.3378727,0.42142615,0.37724084,0.42652053,0.46418273,0.23894316,0.46098644,0.38592812,0.29658097,0.23536363,0.057402097,-0.11543265,0.1886029,0.08581018,0.014421229,-0.07020526,0.19485529,-0.080892876,0.102486975,-0.28947306,0.10597542,0.26836792,-0.14338656,-0.098599695,-0.11465281,0.00046703682,0.31551382,0.21855003,0.31856441,0.05274019,0.18220036,-0.17945792,-0.049057897,-0.22542416,-0.16028237,-0.06582832,0.043892242,-0.03042215,0.09502708,0.085369706,0.35543028,0.20096971,0.1708646,0.10331567,-0.13058017,0.06241363,0.02147817,0.25255352
0.12489995,-0.10589144,0.16701764,0.14305675,0.009069293,0.44950712,0.1331768,0.19410412,0.1693664,0.37771928,0.096945636,0.058022328,0.16660489,0.21214768,0.54625386,0.5679125,0.019737206,0.023606783,0.18414527,0.15274741,0.29881892,1.0,0.437001,0.33744892,0.21142946,0.26894304,0.110743046,0.31386793,0.19349177,0.25093266,0.40873566,0.18204486,0.30454925,0.1393979,0.3192214,0.09815607,0.21714397,0.28922263,0.0018433266,0.34709328,0.25733396,0.55869657,-0.03595494,-0.012737603,0.20079963,0.044787925,0.0051317434,0.022406021,-0.15145479,-0.07983534,0.13895528,-0.2360477,0.22186422,-0.23720185,0.18090315,0.13370392,0.15442719,-0.101698674,0.013178957,-0.25548476,0.16580288,-0.09251102,0.14840631,-0.13069901,0.14941175,-0.124366745,0.2236542,0.2001903,0.00042287272,0.11267697,0.24214208,0.21582569,0.006419383,0.15304343,0.11339644,-0.0822372,-0.035302512,-0.14900172,-0.14145944,0.01751991,0.02782859,-0.08883065,0.49653906,0.30507347,0.26649016,-0.030179111,0.09860919,0.23104647,0.24234311,-0.17352381,0.22551656,0.031065634,-0.047307372,-0.050500393,0.054644555,0.058280032,0.16133052,0.14515348,0.1439166,0.19927941,0.1727833,-0.05356962,0.17340301,0.07182079,0.09402892,0.00483366,0.14404835,0.026002154,-0.111252144,0.20906827,0.082515165,0.17441878,0.22131129,0.18921746,0.04030642,-0.039274555
0.22116703,-0.28750235,0.13206503,-0.035081983,-0.34330335,0.58206373,0.4630424,-0.012723135,-0.18852848,0.6728717,0.40012532,-0.16378094,0.46315998,0.24040252,0.4403683,0.16037875,0.23165387,0.026924148,0.3943489,0.14000069,0.2564118,0.437001,1.0,-0.14763288,0.2770268,0.24391948,0.27296904,0.64684373,0.23278038,0.07204278,0.6059815,-0.19459806,0.35871723,0.10977085,0.28364116,0.15602617,0.23236614,-0.04109567,0.11536389,0.35830772,0.058769688,0.054248493,0.048505988,-0.15038627,0.06876365,-0.26834735,0.18854828,-0.15412657,-0.20394346,-0.4716812,0.3505141,-0.62691987,0.35224596,-0.5947101,0.28634,-0.18619329,0.27419886,-0.3296268,-0.12421127,-0.558128,0.24567662,-0.4708312,0.34193167,-0.518442,0.26253015,-0.51311165,0.15504543,0.16316673,-0.1154604,0.20064275,0.7214721,0.57634854,0.15187205,0.48582196,0.26348463,0.09761278,0.26596734,0.12608139,0.22391625,-0.16469817,0.31208476,-0.5074788,0.5376756,-0.36033303,0.56204903,-0.6306842,0.288591,-0.3068085,0.43175867,-0.18027267,0.15927152,-0.5384831,0.097804256,-0.11532262,0.035642333,0.10146678,0.24642612,-0.007015658,0.26611617,-0.27858317,0.08603372,-0.19958441,0.18218559,-0.19126089,0.00011635644,-0.11026347,0.24155463,0.33335322,0.060417432,0.1280508,0.16801944,0.050129686,0.031026399,0.015445126,-0.030436719,0.124082215
0.3390673,0.5276034,0.5366861,0.63110214,0.4139331,-0.22198243,0.15255173,0.6074392,0.63167536,-0.38102713,-0.14702363,0.4854091,-0.021230303,0.3789803,0.14124969,0.28655455,-0.15836792,0.3528329,0.30018046,0.50037366,0.17991473,0.33744892,-0.14763288,1.0,-0.40172592,-0.19507402,-0.1017658,-0.38900912,0.08109415,0.47062796,-0.064389125,0.71162444,0.45912895,0.3193519,0.11656631,-0.055518046,-0.054942876,0.17319144,-0.046858184,-0.19417685,0.05149463,0.40780643,0.20670073,0.2532518,0.43262473,0.55430955,0.08062435,0.088050626,0.18336186,0.544784,-0.18547413,0.49286416,-0.27928242,0.4903268,-0.14981075,0.39840406,0.25621256,0.49787733,0.29034036,0.3127154,0.3207432,0.5901792,0.053379256,0.6139687,0.09807328,0.6194657,0.5270582,0.27916372,0.38683537,0.24949183,-0.25380993,-0.17237534,0.028912157,-0.29212227,-0.014817087,0.09723119,-0.14446482,-0.13173667,-0.26512572,0.30900833,-0.18125772,0.62629044,-0.05336122,0.69324523,-0.34190497,0.6462221,-0.11159723,0.42463657,-0.25191742,0.28430983,0.03143816,0.5771657,-0.26264614,0.24518962,-0.01414921,-0.17440368,-0.051558282,-0.095109954,-0.08699506,0.36594507,0.15710343,0.12220919,0.032544214,0.42148498,0.16811842,0.25908583,-0.19774668,-0.18316907,-0.10268158,0.009826951,-0.13452679,-0.06130698,0.09071956,0.2739886,0.20908214,-0.074836336
-0.34696597,-0.5263456,-0.5736082,-0.6308045,-0.5259693,0.17338389,-0.3043025,-0.4808579,-0.60081506,0.30344567,-0.024253013,-0.34595713,-0.13122018,-0.2848137,-0.032883156,0.10125511,-0.059621282,-0.36454728,-0.35526377,-0.47063488,-0.311124,0.21142946,0.2770268,-0.40172592,1.0,0.44252822,-0.1901342,0.25608924,-0.13987647,-0.26083443,0.37401524,-0.35915133,-0.22454241,-0.14852244,-0.0028693895,0.06843221,0.036436487,0.05850523,-0.11982796,0.27381492,-0.04662525,0.18122011,-0.3204882,-0.3819969,-0.4980445,-0.49076653,-0.12188914,-0.047172587,-0.4224463,-0.5342483,-0.018316688,-0.40839648,0.26113993,-0.4540861,0.089681305,-0.3754175,-0.23913792,-0.4843138,-0.36201462,-0.41043922,-0.30406263,-0.5531149,-0.18503799,-0.50061554,-0.306323,-0.57872236,-0.4862374,-0.27282318,-0.45399085,-0.3036553,0.06287456,-0.043258972,-0.36937624,0.18409008,-0.23551139,-0.32988334,-0.1932381,-0.19952866,-0.090683445,-0.086182185,-0.074929155,-0.52326506,0.35289878,-0.20471296,0.19623688,-0.38680133,-0.014360262,0.09398098,0.15683763,-0.4690885,0.10818809,-0.27294856,0.23934543,-0.27985695,-0.109880686,-0.0703632,0.006084995,0.049995724,-0.0026818542,-0.078553006,0.11319343,-0.011213755,0.19923392,-0.21061134,-0.11313646,-0.13753508,0.14834827,0.038447198,-0.21792896,-0.031838547,0.040061608,0.08063653,0.09963951,-0.27359244,-0.1887539,-0.19042717
-0.2506936,-0.38963145,-0.24864896,-0.30015865,-0.19993265,0.2910015,-0.195304,-0.24556078,-0.285541,0.2962729,-0.012107879,-0.23002906,-0.087682396,-0.10764132,0.16519785,0.20075439,-0.018451184,-0.23475796,-0.20455387,-0.23415373,-0.17083505,0.26894304,0.24391948,-0.19507402,0.44252822,1.0,0.05230291,0.29896498,-0.028028369,-0.105018206,0.37510702,-0.18987411,-0.08823199,-0.07618222,0.16930284,0.08285472,0.024576731,0.07552697,-0.04545403,0.29542172,-0.009259606,0.13028075,-0.017735662,-0.025428584,-0.13482894,-0.23014922,-0.040391576,-0.00021653132,-0.19815995,-0.287957,0.12566347,-0.32022214,0.2945932,-0.3745278,0.14859226,-0.069839604,-0.065460496,-0.30236697,-0.0809784,-0.23118927,-0.029887302,-0.2897326,-0.041630305,-0.29619405,-0.03130355,-0.3163967,-0.12441509,0.024115292,-0.23067966,-0.17933556,0.09955894,0.045638375,-0.1562671,0.1407666,-0.16767898,-0.26687238,-0.08054906,-0.12288237,0.085345216,0.010526732,0.04224585,-0.25405228,0.47709456,0.020750407,0.24036047,-0.17966858,0.14187507,0.13459788,0.28761446,-0.27077988,0.112469025,-0.18748575,0.2662633,-0.08346858,-0.097524144,0.10685156,0.007992036,0.10865494,-0.0088644,0.04301578,0.21250898,0.026741454,0.14518592,-0.123258054,-0.102155276,-0.09175391,0.13574453,0.065242745,-0.22956541,0.0027022834,0.017664813,-0.040949307,0.07384486,0.0746513,-0.093952455,-0.15979446
0.2223866,0.00834175,0.094492346,0.12535973,0.2787273,0.4799539,0.33013174,0.1099414,0.12927602,0.42505208,0.4169308,0.050276455,0.42237976,0.08063978,0.39732313,0.15983693,0.38401604,0.1202418,0.21942618,0.18116844,0.31634653,0.110743046,0.27296904,-0.1017658,-0.1901342,0.05230291,1.0,0.5216889,0.22244781,0.24037848,0.067468785,-0.16476166,0.26083472,0.20861354,0.24361503,0.07526711,0.18516569,-0.045866054,0.29876527,0.21973364,0.22484438,-0.22880127,0.09671554,0.17686637,0.2553588,0.012129442,0.072039165,0.009519478,0.14487182,-0.02020728,0.2258818,-0.16729537,0.1819135,-0.20361382,0.25947982,0.027734375,0.29019988,0.010820074,0.087275304,-0.1639352,0.20780893,-0.016315693,0.35991654,-0.10825783,0.32558095,-0.101283975,0.20410304,0.26920328,0.16996811,0.22660623,0.27568507,0.31681746,0.3359952,0.27110198,0.21104331,0.18163098,0.20052512,0.16197018,0.24436715,-0.09984217,0.39841038,-0.09420656,0.08013853,-0.21067668,0.29874584,-0.18907554,0.24987721,-0.43100667,0.27947202,0.11703315,-0.14368889,-0.29050276,0.18850943,0.057578694,0.08532209,0.25074157,0.1334233,0.13516752,0.11258053,-0.20566924,-0.16720892,-0.011938062,-0.40921712,-0.33965427,-0.2733682,-0.34183466,0.09180275,0.16106988,0.1451576,0.16464394,0.24669601,0.057277024,0.00090357393,0.07296319,-0.25349006,0.063371636
0.11271035,-0.28712845,-0.029812524,-0.1190982,-0.22067708,0.7355059,0.36377794,-0.09696414,-0.20711812,0.7881379,0.33760643,-0.1897297,0.36632508,0.04597994,0.4686478,0.18218547,0.27731767,-0.06422582,0.20339,0.017274195,0.25166467,0.31386793,0.64684373,-0.38900912,0.25608924,0.29896498,0.5216889,1.0,0.120292224,-0.11075523,0.3381952,-0.46846777,0.17183752,0.08665579,0.2576348,0.1256866,0.20328815,-0.11220438,0.16258329,0.4370586,0.1785826,-0.14076063,-0.08122789,-0.21174313,0.046295173,-0.29379794,-0.027498908,-0.26383397,-0.06545013,-0.42594564,0.34645432,-0.50903225,0.31140175,-0.5620587,0.2463068,-0.24984044,0.20917876,-0.29174334,-0.03950194,-0.45498088,0.15007703,-0.40563673,0.34787974,-0.49628383,0.31834853,-0.474574,0.041167587,0.11840779,-0.117999345,0.11158969,0.5580294,0.4692757,0.06882382,0.3472994,0.1062021,-0.086680226,0.19879012,0.0071653477,0.1418497,-0.34011403,0.30270013,-0.5182362,0.3746086,-0.47231004,0.47964,-0.6058813,0.31082675,-0.4430513,0.46585518,-0.14946665,0.014098414,-0.60573155,0.2071469,-0.15298304,0.08820391,0.19726188,0.1598911,0.02662103,0.21596925,-0.3739957,-0.04410854,-0.20346077,-0.07606602,-0.42012125,-0.14857912,-0.2693629,0.26811036,0.31191292,0.06413179,0.019888008,0.06199678,0.021617314,-0.07150242,-0.09479123,-0.1192699,0.17299803
0.15261348,-0.048063792,0.13094015,0.09916456,0.14290467,0.12512195,0.1209044,0.0033056352,0.18007977,0.14376105,0.511374,0.20811915,0.51313424,0.30977964,0.3582494,0.17372885,0.5785559,0.37812743,0.16003947,0.14409992,0.40181157,0.19349177,0.23278038,0.08109415,-0.13987647,-0.028028369,0.22244781,0.120292224,1.0,0.630162,0.071370535,0.17839451,0.18503809,0.047544096,0.38772756,0.34495255,0.5011926,0.54003996,0.16073366,0.3964265,0.22524992,0.007072798,0.38353464,0.3794152,0.17100036,-0.028422078,0.4222953,0.39742374,0.042396244,-0.118671924,0.1515021,-0.24867202,0.14173281,-0.0898309,0.085721865,0.31780058,0.2678134,0.02832112,0.119424805,-0.06808171,0.06193283,-0.021567855,0.12714052,-0.08356348,0.12361669,-0.16821687,0.29873937,0.34585488,0.22178315,0.3457495,0.34787336,0.5518765,0.6230985,0.64334565,0.5211557,0.46265146,0.5969518,0.6581932,0.5632333,0.4343544,0.535818,0.04409644,0.032225374,-0.12891752,0.49432665,-0.089842245,0.06664936,-0.23928732,0.11524699,0.22831133,-0.20961799,-0.2200114,0.090951264,-0.10577711,0.03625377,0.22973557,0.19731624,0.20882238,0.02981409,-0.0064382455,-0.22876517,-0.016886093,-0.21152277,-0.036071576,-0.22583306,-0.2958531,-0.035822082,-0.0673462,0.14404789,0.41008157,0.40433517,0.062981874,-0.1385751,0.22511773,-0.10364796,-0.09709638
0.35598004,0.20708437,0.3102455,0.31667328,0.3787653,0.071666464,0.19869645,0.30209553,0.39404526,-0.110093,0.4198246,0.33413306,0.46536484,0.3890616,0.3442126,0.32672188,0.37373102,0.43890357,0.2572642,0.3370341,0.3902925,0.25093266,0.07204278,0.47062796,-0.26083443,-0.105018206,0.24037848,-0.11075523,0.630162,1.0,0.05138185,0.46772614,0.38237864,0.26154912,0.31858936,0.18087956,0.33886224,0.42085904,0.22908594,0.13901457,0.2101886,0.18041086,0.32950172,0.43630302,0.2766133,0.24465793,0.352989,0.4506319,0.06368827,0.20680606,0.029202815,0.1040097,0.06208707,0.15426539,0.1477231,0.43195534,0.39297852,0.3004769,0.12777825,0.04955764,0.26156455,0.30115578,0.1846131,0.25897714,0.1582684,0.20813374,0.3855788,0.33478475,0.34441495,0.3740327,0.04782941,0.23171516,0.45067212,0.4034282,0.3489657,0.42512065,0.24476907,0.4041368,0.2904507,0.5546121,0.3144817,0.42079216,-0.030021282,0.28518644,0.20260423,0.29064506,-0.075211525,0.0022116017,-0.011743831,0.27037492,-0.19890149,0.1385621,0.04230387,-0.004181417,0.028696112,0.13005897,0.16093963,0.2132598,-0.061320677,0.17571981,-0.104581945,0.07707476,-0.24230507,0.11467912,-0.22117408,-0.21155894,-0.17938946,-0.19000408,0.030731617,0.38945848,0.40667045,0.12795241,-0.023830164,0.33392018,-0.13442673,-0.14387068
