1.0,0.7282344,0.6168087,-0.15571018,-0.6798578,-0.59263635,0.70363986,0.20788929,-0.45125392,-0.3939115,0.6779706,0.2077634,0.7321505,-0.12750445,0.19153321,0.06317788,0.18887632,0.12307921,0.69413745,0.7248575,-0.27174067,0.2222267,0.22872505,0.45723107,-0.7604432,-0.62694204,-0.6506312,-0.6431597,-0.104520656,0.38101763,0.3204652,-0.081297204,0.5880821,0.4429315,0.17113198,-0.08559713,-0.14357886,-0.13020903,-0.19088688,-0.4009972,0.30971032,0.09918275,0.7044904,0.77783304,0.7421207,0.24944948,0.32035357,0.04854283,0.67125505,0.10659824,0.6446514,0.29331946,0.18966354,0.18784772,0.093140885,-0.34695005,0.8382398,0.7173344,0.45504516,0.22762118,0.49926046,0.34223795,0.33495122,0.7174282,0.7104863,0.53420484,0.59501207,0.4379159,0.25390038,0.32161054,-0.21858205,-0.42211848,-0.21542265,-0.10665435,-0.14752051,-0.6014797,-0.26459867,-0.3868814,0.08212726,-0.38573417,0.5189315,-0.0018895912,-0.2372955,-0.47556856,0.55523777,-0.038853135,-0.7196401,-0.70101345,0.08473004,-0.56494784,0.28823683,-0.14763196,-0.106488615,-0.12499354,0.017680226,-0.17026135,-0.09425547,-0.34000972,0.3859331,-0.16627021,-0.07169342,-0.47707182,-0.3738702,-0.47663483,-0.114555806,-0.24364366,0.011748914,-0.058675636,-0.22848402,-0.116547026,-0.13052638,-0.024463806,-0.35999915,-0.4493053,-0.19217938,-0.113517106
0.7282344,1.0,0.49982285,0.029376268,-0.62859714,-0.78976905,0.58263004,0.19883986,-0.32685488,-0.62780297,0.51939267,0.35039347,0.60494024,-0.16474627,0.08016374,0.0505237,-0.04976332,0.083743125,0.7366423,0.7596904,-0.30123448,0.36443597,0.15463243,0.27448672,-0.8054928,-0.7950189,-0.46427757,-0.5044054,-0.22490817,0.4314578,0.11175817,-0.25758055,0.3874282,0.25572777,-0.05132539,-0.1927063,-0.12277369,-0.16904187,-0.19073243,-0.492196,0.4023912,0.21807906,0.46599326,0.71436846,0.69444263,0.3943606,0.18725097,-0.021812117,0.73214036,0.11427244,0.5630887,0.1830799,0.3212375,0.32871348,0.04266128,-0.40059417,0.7191332,0.80397254,0.49937564,0.4531504,0.47719836,0.47293577,0.2947694,0.6241151,0.61320025,0.4250943,0.5402661,0.46982223,0.44805214,0.29770827,-0.3982662,-0.38173598,-0.21663448,0.04822711,-0.16873205,-0.3409336,-0.20582266,-0.40491638,0.0383273,-0.39706275,0.380902,-0.10469393,-0.2458608,-0.48041373,0.50778586,0.043804646,-0.7770612,-0.7377622,0.22260095,-0.5734094,0.11000174,-0.20098183,-0.4193374,-0.14228295,-0.11787465,-0.24546067,-0.15073746,-0.3944278,0.18293981,-0.23628323,-0.25699693,-0.52602786,-0.24463245,-0.42467242,-0.0798868,-0.24681185,-0.107949466,-0.20094655,-0.14214899,-0.1784196,-0.20591278,0.051120244,-0.3516674,-0.50599635,-0.13997723,-0.11578011
0.6168087,0.49982285,1.0,0.29813755,-0.30656248,-0.43720406,0.913055,0.6769632,0.032582197,-0.1519586,0.8139018,0.5638595,0.8554283,0.38639808,0.4945817,0.44958046,0.46140242,0.4346066,0.54781497,0.75556654,0.08681993,0.46902874,0.7221535,0.79394764,-0.59905046,-0.48701006,-0.24341574,-0.23453836,0.33555284,0.66095537,0.71237284,0.34915805,0.76697713,0.7829071,0.50374705,0.37180278,0.24234678,0.22037393,0.19319704,-0.026268966,0.55773973,0.36800417,0.7430713,0.7069951,0.5351784,0.4448408,0.6004406,0.34991723,0.5964999,0.08411407,0.54446673,0.3668197,0.2958328,0.24175063,0.46953085,0.07081064,0.5662034,0.44995838,0.2343948,0.21163633,0.32233125,0.08088352,0.22245124,0.44312355,0.50849605,0.31914216,0.7917474,0.6897843,0.31330398,0.043580204,0.27219346,0.072825134,0.2556645,0.2604132,0.23805372,-0.26923507,0.1397939,0.052896287,0.45487002,-0.1280389,0.6514701,0.10992145,0.21233818,-0.1514433,0.6787376,0.18593796,-0.4936953,-0.54609877,0.44946855,-0.30856913,0.24079606,-0.029224593,-0.21461046,-0.02628728,0.31651065,0.16904464,0.30749366,0.03503408,0.4368252,-0.0048559573,-0.116303064,-0.25958246,-0.08116057,-0.18106908,0.23518263,0.030491376,0.16475633,0.030895771,0.19445847,0.32508183,0.2957996,0.18033516,-0.32201216,-0.27015397,0.12795584,0.15428497
-0.15571018,0.029376268,0.29813755,1.0,0.3172683,-0.017379047,0.1955488,0.68853414,0.5465516,0.053146802,0.13300358,0.73061514,0.14710641,0.68537396,0.29554823,0.4246488,0.31144172,0.46159357,-0.102063715,0.16816083,0.15308736,0.23287903,0.55565697,0.43620878,0.07101251,-0.012024376,0.48079145,0.333342,0.3961337,0.36342818,0.31194586,0.41212535,0.17975436,0.3700999,0.3244199,0.41148728,0.2286641,0.10249233,0.31718692,0.25812203,0.38191187,0.26893234,-0.010151814,0.049394414,-0.13628171,0.3348876,0.31858414,0.38310915,0.040786892,0.14573899,-0.07832209,0.14247933,0.2943781,0.1586149,0.34262258,0.44376338,-0.104709625,-0.031777762,-0.13026346,0.16760333,-0.20983322,-0.23674454,-0.056031775,-0.22694027,-0.15475321,-0.23151432,0.33859274,0.4006339,0.13043427,-0.13857765,0.26903927,0.52953875,0.4058836,0.32022348,0.39713258,0.26719746,0.18698213,0.39153337,0.30489507,0.19121587,0.18716824,0.27645028,0.477521,0.38082588,0.16602002,0.48340815,0.057138782,0.15390505,0.39970762,0.32809553,-0.06634294,0.17381524,-0.2196757,0.059789814,0.27770707,0.27160108,0.41678157,0.32216513,0.022018842,0.23573172,-0.058243163,0.1625031,0.23657216,0.27061194,0.26602268,0.22809339,0.116526246,0.07812515,0.4733991,0.44611454,0.48653114,0.3790991,0.23512684,0.22766428,0.32758498,0.20763277
-0.6798578,-0.62859714,-0.30656248,0.3172683,1.0,0.7847408,-0.40773907,0.06773876,0.69889617,0.73547745,-0.36102247,-0.03676916,-0.41536006,0.45986223,0.25347382,0.33241376,0.16683571,0.20782119,-0.50917953,-0.44619116,0.37388042,-0.22991116,0.077342354,-0.043397136,0.77046996,0.7559261,0.7372608,0.6404465,0.4659173,-0.18470836,0.0241897,0.4571121,-0.24395953,-0.045098394,0.24848688,0.3270994,0.2701456,0.26318893,0.40184355,0.6078981,-0.15851174,-0.0050878855,-0.35074642,-0.5548755,-0.59058243,-0.19908169,0.025233477,0.2674044,-0.61719674,-0.0990552,-0.4747111,-0.090989366,-0.2445833,-0.29691988,0.26945162,0.6364485,-0.6528572,-0.6105906,-0.3998636,-0.40293714,-0.6033166,-0.3402749,-0.24802667,-0.57515615,-0.5830052,-0.33311883,-0.27903235,-0.19839324,-0.39242247,-0.31911558,0.4144097,0.5058065,0.4196849,0.034257863,0.30599502,0.45673314,0.35701534,0.56267047,0.050185207,0.46155202,-0.14789034,0.40339628,0.521351,0.7100515,-0.3108804,0.34260604,0.7425902,0.7946483,0.062360313,0.7581163,-0.065223955,0.31321537,0.2986544,0.23066923,0.3168691,0.4798637,0.3522619,0.5907698,-0.09837082,0.3994871,0.34464473,0.5857016,0.3441006,0.5625847,0.12668732,0.44121686,0.31879568,0.41504657,0.44576576,0.5021839,0.45367882,0.2094675,0.5006707,0.6206654,0.30956215,0.28842178
-0.59263635,-0.78976905,-0.43720406,-0.017379047,0.7847408,1.0,-0.5116267,-0.1744987,0.4262807,0.8204771,-0.43339658,-0.37991962,-0.51762307,0.20733337,0.11628416,0.08897091,0.117692254,0.05008611,-0.61589056,-0.63235945,0.3539223,-0.42507458,-0.09745249,-0.15799727,0.8565745,0.9118047,0.51551396,0.4812007,0.32741377,-0.43862,-0.054056235,0.36726356,-0.3171894,-0.1454357,0.19604428,0.20884188,0.16798356,0.20163289,0.29311988,0.5901839,-0.34546396,-0.22671087,-0.30988443,-0.63111424,-0.6063056,-0.38882482,-0.049512774,0.17989147,-0.7269013,-0.114695795,-0.53286916,-0.0772675,-0.40677705,-0.4558444,0.121988684,0.5344596,-0.63893044,-0.65554124,-0.4053296,-0.55666435,-0.5107245,-0.30907917,-0.29431024,-0.50657624,-0.50958323,-0.31722173,-0.40711766,-0.3664092,-0.5231523,-0.25031137,0.35032758,0.3188145,0.21932378,-0.20407254,0.18841887,0.23534872,0.20508127,0.46646863,-0.12384772,0.3698764,-0.22201967,0.343983,0.3689428,0.6120466,-0.42837393,0.15876073,0.80499434,0.8473342,-0.18080416,0.6742879,0.015688164,0.3095395,0.5746118,0.18289725,0.2932128,0.40472814,0.25680614,0.503334,-0.023415655,0.39807567,0.48045594,0.65123093,0.1876251,0.4825191,0.007728575,0.3641629,0.32255912,0.45781812,0.23370239,0.36884415,0.3397556,0.05368353,0.4727872,0.6094355,0.16500132,0.20931801
0.70363986,0.58263004,0.913055,0.1955488,-0.40773907,-0.5116267,1.0,0.57778007,-0.072656326,-0.22347932,0.83411115,0.48282433,0.89368343,0.27303115,0.47312307,0.38004643,0.4381514,0.3836174,0.6423404,0.79763603,-0.028987397,0.407926,0.61590815,0.74367577,-0.6767194,-0.5512464,-0.3780502,-0.35231498,0.24796826,0.6240506,0.6275552,0.24384864,0.7495727,0.737589,0.44522917,0.26072073,0.13576783,0.11989652,0.09444394,-0.13671462,0.49589118,0.31692648,0.7728681,0.7506965,0.6191817,0.42633003,0.5495034,0.28142852,0.6783746,0.07360434,0.61965346,0.37630823,0.27441016,0.25032017,0.39441225,-0.039178714,0.66154677,0.5458898,0.34104356,0.2830135,0.43823206,0.12501222,0.29309613,0.5579219,0.5750189,0.40540254,0.81455636,0.6702658,0.31821817,0.09897193,0.15035109,-0.066778414,0.14442733,0.16691512,0.15497844,-0.38534036,0.04249046,-0.06966023,0.40047032,-0.19254918,0.68517536,0.058126144,0.14873558,-0.25638685,0.7466602,0.12898129,-0.56898665,-0.61799717,0.409521,-0.39336646,0.2885564,-0.052840665,-0.2067138,-0.075610936,0.26887774,0.11506961,0.23047698,-0.062418647,0.46176562,-0.045967136,-0.11389405,-0.3558496,-0.15260176,-0.27421045,0.18570434,-0.022763405,0.15073955,0.002232678,0.12348515,0.24267909,0.22460152,0.16482873,-0.33660844,-0.31429958,0.10944576,0.12501244
0.20788929,0.19883986,0.6769632,0.68853414,0.06773876,-0.1744987,0.57778007,1.0,0.3174876,0.06816031,0.5131032,0.74350536,0.53758603,0.72895265,0.45830518,0.55040145,0.5900741,0.63959986,0.13819519,0.468015,0.19145827,0.40263528,0.7498294,0.7396069,-0.23725395,-0.19239238,0.15359917,0.079875834,0.5377475,0.6532858,0.6423033,0.5871422,0.61688507,0.7183881,0.57716393,0.57390386,0.38331676,0.29672334,0.35629338,0.24189268,0.5737898,0.3816902,0.45401356,0.40647689,0.1557058,0.37237567,0.52547586,0.43863517,0.29358,0.08370792,0.24645793,0.3177391,0.31687394,0.18742937,0.4609129,0.3525299,0.18620652,0.0790442,0.009603492,0.13991214,0.039375458,-0.116892874,0.08815466,0.10639066,0.18911482,0.035053212,0.6532357,0.64394945,0.18185344,-0.13863166,0.5322606,0.5462613,0.55088913,0.44696662,0.46369407,0.096594125,0.4369872,0.4663916,0.55265486,0.22762188,0.53352547,0.33162066,0.40511534,0.14157717,0.47447157,0.39127725,-0.21868724,-0.17400765,0.43383458,0.05611824,0.06345493,0.0081734555,-0.19377325,0.043285534,0.38065374,0.3103056,0.4446939,0.24016817,0.23091927,0.13386875,-0.041809894,-0.014188785,0.105361484,0.09149786,0.32214403,0.17391072,0.18515676,0.09563181,0.41474608,0.5108456,0.508046,0.25331798,-0.044224422,0.018314548,0.2728695,0.18890084
-0.45125392,-0.32685488,0.032582197,0.5465516,0.69889617,0.4262807,-0.072656326,0.3174876,1.0,0.5297994,0.0017364861,0.33107433,-0.046783708,0.6037304,0.57414085,0.5651807,0.31911477,0.40105554,-0.22849908,-0.107515305,0.4513007,0.09875647,0.3722185,0.17706677,0.42286304,0.39538255,0.70523036,0.70497584,0.62260956,0.23886378,0.1983494,0.44812465,0.0041271024,0.1855751,0.4091191,0.56944144,0.47021186,0.4351286,0.6273102,0.6502304,0.20060457,0.32578942,-0.13020428,-0.22343704,-0.38457242,0.04496989,0.3562215,0.52984315,-0.29536197,-0.051549263,-0.29301333,-0.06890678,0.05144325,-0.11342564,0.59191203,0.75301784,-0.41987428,-0.41851395,-0.30419225,-0.19638534,-0.5378962,-0.37407032,-0.21610391,-0.47314125,-0.49636912,-0.29811534,0.0860715,0.18744516,-0.13877751,-0.49655527,0.3494486,0.46528903,0.5567729,0.25918388,0.44397023,0.45209506,0.3549384,0.5132031,0.3213874,0.45349762,0.14733347,0.43368116,0.65876484,0.7371816,0.042679068,0.5346795,0.48840535,0.49132144,0.50884795,0.6507093,0.09014914,0.4018669,-0.03450746,0.29047054,0.4647862,0.62420654,0.57255006,0.712312,0.10208388,0.5130678,0.2706692,0.39622208,0.52482766,0.59684706,0.37691206,0.5454502,0.38581118,0.34310794,0.63286114,0.5995332,0.6163386,0.40876058,0.37286305,0.5263924,0.5246862,0.48299196
-0.3939115,-0.62780297,-0.1519586,0.053146802,0.73547745,0.8204771,-0.22347932,0.06816031,0.5297994,1.0,-0.14660023,-0.21946995,-0.19515546,0.41236323,0.40526068,0.38304746,0.38331315,0.29306087,-0.44805223,-0.38019347,0.36332047,-0.31165597,0.14562333,0.12634881,0.66981566,0.7972704,0.37541494,0.37804577,0.56407976,-0.11000242,0.22940879,0.58139324,-0.005821913,0.13212706,0.46268123,0.41818345,0.34398365,0.37179515,0.4267282,0.68048877,-0.15964371,-0.071771584,0.006238374,-0.35500592,-0.4266258,-0.36936375,0.19974281,0.382793,-0.59605926,-0.17866081,-0.33061227,0.00546748,-0.29292208,-0.43382782,0.33677843,0.65,-0.4611917,-0.5851424,-0.31589112,-0.53855276,-0.4708247,-0.30758807,-0.20747004,-0.33595136,-0.3793584,-0.1354484,-0.13735452,-0.15628083,-0.49962288,-0.36467755,0.53475285,0.40528917,0.43805113,-0.049112156,0.34427798,0.17064108,0.3474835,0.56400967,0.08204127,0.48427102,0.06773613,0.53262013,0.47188774,0.60689014,-0.15671535,0.26712385,0.6415583,0.68904924,-0.021339424,0.6241383,0.14612487,0.29828048,0.5254724,0.20314054,0.46006757,0.54655296,0.37032622,0.5785141,0.16452059,0.4530239,0.59331113,0.56086874,0.19992262,0.47255912,0.07667736,0.4269752,0.42024595,0.5689134,0.35655522,0.5858179,0.4993626,0.11183308,0.3942629,0.55730295,0.20608152,0.27308947
0.6779706,0.51939267,0.8139018,0.13300358,-0.36102247,-0.43339658,0.83411115,0.5131032,0.0017364861,-0.14660023,1.0,0.45057678,0.87060344,0.3092131,0.58008057,0.382417,0.566264,0.52244943,0.5613168,0.6819739,0.018588593,0.36401743,0.60655725,0.6739787,-0.61541057,-0.46736488,-0.35836175,-0.28996724,0.37948465,0.630659,0.6063487,0.23759858,0.7447042,0.709474,0.52006704,0.37386164,0.17903855,0.16580243,0.17973663,-0.015555898,0.50402164,0.31476545,0.75340366,0.713318,0.5383097,0.37192777,0.6378662,0.4175337,0.5233365,0.08033021,0.5358752,0.39312312,0.15210027,0.1809207,0.4824555,0.06567557,0.6481069,0.48456866,0.23187478,0.12960297,0.29678357,0.109944105,0.17846844,0.4662971,0.51684165,0.36812457,0.76730627,0.6587661,0.24519035,0.034529414,0.1810038,-0.04962924,0.22264075,0.1254602,0.19496186,-0.35584226,0.08197355,-0.0024520224,0.39988017,0.007991937,0.72783023,0.26303262,0.18435268,-0.09238228,0.70157325,0.1986729,-0.47310585,-0.5251607,0.41594866,-0.31510028,0.44753352,0.022296779,-0.14747852,0.11238877,0.39806816,0.28137273,0.3553281,0.104041025,0.58871293,0.1823776,0.023413813,-0.27167502,-0.02357783,-0.10883109,0.25213826,0.18388028,0.36698982,0.1747651,0.2442327,0.28724378,0.30651346,0.29601547,-0.19408539,-0.15835676,0.19151103,0.32981226
0.2077634,0.35039347,0.5638595,0.73061514,-0.03676916,-0.37991962,0.48282433,0.74350536,0.33107433,-0.21946995,0.45057678,1.0,0.4792677,0.66227126,0.35792145,0.53576386,0.38378438,0.56039166,0.179777,0.49649447,0.077779785,0.45945433,0.60650957,0.48805827,-0.339395,-0.4001184,0.21418041,0.0913252,0.36503795,0.70886403,0.4272267,0.32394245,0.49579072,0.56000847,0.40975928,0.4692641,0.3033101,0.22058958,0.29698747,0.069117054,0.5954203,0.47064447,0.3125425,0.45527098,0.20799634,0.4779344,0.44424492,0.39014125,0.37712377,0.14000443,0.1804634,0.17023073,0.45341483,0.33590388,0.42901224,0.27204394,0.20585461,0.2469099,0.0077198376,0.19881234,-0.018763522,-0.09709737,0.13809335,0.018406983,0.11496323,0.011783699,0.55469304,0.57904136,0.28579736,-0.11343405,0.21768138,0.38761017,0.44480985,0.5320636,0.32571685,0.17207465,0.21906228,0.23091814,0.4426205,0.14584744,0.38373,0.26921052,0.29665715,0.16545646,0.36984888,0.48014757,-0.33516675,-0.2655875,0.4853035,0.04085751,-0.036586564,0.06690048,-0.4607505,0.053847473,0.24730614,0.19750328,0.35789403,0.19440608,0.09927814,0.08054497,-0.2478727,-0.077550426,0.14154476,0.07473165,0.26902315,0.12623382,0.06821973,-0.039861016,0.38547114,0.3477818,0.34322548,0.27099466,-0.0828365,-0.08406414,0.22806776,0.17309454
0.7321505,0.60494024,0.8554283,0.14710641,-0.41536006,-0.51762307,0.89368343,0.53758603,-0.046783708,-0.19515546,0.87060344,0.4792677,1.0,0.2938031,0.56031185,0.44303006,0.5395382,0.47030106,0.61491764,0.79024076,-0.033020835,0.38085565,0.56363046,0.7197875,-0.69498956,-0.557864,-0.42382753,-0.38169882,0.32942033,0.6849997,0.61704195,0.28241333,0.7617305,0.69720423,0.47980627,0.29802454,0.1483898,0.14535248,0.14075409,-0.07248874,0.48877653,0.358947,0.7977505,0.7741994,0.62200063,0.3816593,0.6035025,0.34780842,0.6275989,0.046397004,0.6127565,0.3121526,0.2945116,0.20558468,0.4001334,-0.0025514998,0.69727945,0.52634805,0.3365126,0.196822,0.36507392,0.15210512,0.28669906,0.59993625,0.5307279,0.41218665,0.7899364,0.64052004,0.25919524,0.06490681,0.11815915,-0.08622193,0.17822066,0.19181252,0.14175612,-0.38847005,0.06807895,-0.041348826,0.47862822,-0.087474056,0.76711845,0.21423948,0.18709512,-0.18902607,0.7431673,0.19084783,-0.59450406,-0.5921819,0.3992599,-0.3682771,0.32246494,-0.01851582,-0.19638205,-0.054027606,0.2835407,0.16359544,0.24492449,-0.014331982,0.5049052,0.026723385,-0.016741367,-0.336185,-0.10953136,-0.2086451,0.18384752,0.040693194,0.19838788,0.059977803,0.12708615,0.23235534,0.22456454,0.14975332,-0.3101879,-0.2930645,0.12236707,0.15419997
-0.12750445,-0.16474627,0.38639808,0.68537396,0.45986223,0.20733337,0.27303115,0.72895265,0.6037304,0.41236323,0.3092131,0.66227126,0.2938031,1.0,0.50746137,0.680893,0.6581147,0.6835174,-0.21632329,0.11058324,0.2592425,0.14941019,0.65470165,0.5427337,0.18658249,0.21495396,0.4141991,0.3479727,0.74094695,0.5136521,0.592726,0.7487986,0.42594483,0.57078975,0.6829149,0.7061999,0.45467287,0.39809766,0.47114763,0.5140157,0.35483196,0.28753516,0.24585754,0.09710849,-0.16288342,0.20857716,0.5210993,0.5837027,-0.0652418,0.0674213,0.0038968988,0.2444003,0.10065895,0.0035374737,0.4877953,0.62784857,-0.12913893,-0.24484183,-0.2585979,-0.19649409,-0.31317303,-0.29133952,0.04353188,-0.20896807,-0.18147571,-0.09502371,0.37223282,0.40252826,-0.094065666,-0.35036108,0.6240774,0.66303164,0.7241739,0.4332779,0.5323147,0.26812246,0.44310376,0.58444464,0.507466,0.4967522,0.37175798,0.58204144,0.5440262,0.5303598,0.17198351,0.51286983,0.18679063,0.24302328,0.30021328,0.4157342,0.032463223,0.1592023,-0.002673143,0.15900096,0.5092205,0.52624494,0.5789317,0.54493237,0.17749177,0.34779212,0.13108382,0.27635384,0.2159854,0.33789438,0.27608553,0.36503914,0.3255491,0.28589538,0.537793,0.68414795,0.6438215,0.28757158,0.2409614,0.34577966,0.3513103,0.30954096
0.19153321,0.08016374,0.4945817,0.29554823,0.25347382,0.11628416,0.47312307,0.45830518,0.57414085,0.40526068,0.58008057,0.35792145,0.56031185,0.50746137,1.0,0.71750706,0.67285556,0.66857105,0.18249196,0.3524121,0.35215318,0.21855323,0.51906043,0.5418087,-0.09806038,0.042820986,0.13211478,0.14747162,0.7461267,0.57161736,0.54080415,0.48798275,0.5519769,0.6443203,0.7115741,0.6575979,0.49520344,0.46578652,0.58225346,0.50761837,0.44945496,0.4357615,0.52071965,0.35442308,0.18043032,0.18566647,0.7243233,0.72353274,0.10618061,-0.085812315,0.11075675,0.23244748,0.096539415,-0.116845496,0.74139965,0.5894143,0.13689026,0.016726188,0.016533187,-0.1693101,-0.13952225,-0.14772256,-0.044076227,0.13328747,0.020486891,0.060885753,0.55305076,0.5111973,-0.025341028,-0.29989362,0.3894915,0.25143868,0.5446287,0.21206146,0.4968199,-0.07106606,0.3579379,0.43648034,0.4907878,0.35201314,0.7029774,0.5884933,0.6601094,0.478804,0.58409333,0.5075792,0.019175868,0.030827278,0.61953866,0.23822168,0.50430113,0.35864934,0.025154056,0.15630357,0.6674481,0.6655664,0.65096104,0.57137585,0.6123859,0.5540594,0.34429824,0.121312656,0.33436522,0.36992502,0.39869782,0.53010416,0.59351677,0.44424012,0.5569271,0.6093676,0.6543729,0.4814585,0.17261113,0.25382194,0.4297366,0.5418422
0.06317788,0.0505237,0.44958046,0.4246488,0.33241376,0.08897091,0.38004643,0.55040145,0.5651807,0.38304746,0.382417,0.53576386,0.44303006,0.680893,0.71750706,1.0,0.5106977,0.5779925,0.06330689,0.3325871,0.36585122,0.33993974,0.54078966,0.52393293,-0.015896859,0.04416802,0.27660003,0.24432774,0.69672173,0.68669355,0.56689274,0.6266135,0.5697997,0.62221634,0.62687916,0.6202182,0.59884393,0.62571,0.563761,0.516101,0.47509387,0.56830335,0.41395083,0.27773672,0.09045604,0.17725633,0.56713885,0.6087673,0.113057375,-0.08113632,0.053596545,0.08072769,0.19248176,-0.055924512,0.63927174,0.5953475,-0.0022321648,-0.08147289,-0.112426706,-0.12990215,-0.2396026,-0.22142817,-0.058138482,-0.057794075,-0.061427016,0.09012716,0.41808286,0.3382388,0.06328808,-0.4213656,0.48437893,0.45060456,0.6701444,0.5577199,0.5776158,0.23622374,0.3952615,0.45931733,0.43907768,0.2810503,0.46086988,0.559398,0.54027516,0.4966173,0.34948272,0.5416507,-0.013474422,0.04580824,0.47659975,0.29081377,0.10161544,0.25518486,-0.10316286,0.07738543,0.5347461,0.5047494,0.55325973,0.52979463,0.2526807,0.29959577,0.13296987,0.18615289,0.22968736,0.26998606,0.30857465,0.2934272,0.2896063,0.18932807,0.4571597,0.6278295,0.5378193,0.21769546,0.004731166,0.13126174,0.3143774,0.3068036
0.18887632,-0.04976332,0.46140242,0.31144172,0.16683571,0.117692254,0.4381514,0.5900741,0.31911477,0.38331315,0.566264,0.38378438,0.5395382,0.6581147,0.67285556,0.5106977,1.0,0.7678246,-0.029500717,0.20200841,0.17688453,0.045574937,0.51744354,0.574817,-0.032780387,0.122474305,-0.02568009,-0.0056706956,0.77342415,0.4930526,0.5661114,0.6246862,0.5963711,0.64371943,0.7576914,0.66177833,0.35079935,0.2939723,0.38367316,0.40976945,0.3404686,0.20862669,0.54143006,0.29886734,0.05551664,0.11336018,0.5890033,0.57518727,-0.014824204,0.029225323,0.13468932,0.3651601,-0.017591292,-0.147206,0.45115206,0.4345105,0.13768113,-0.09696872,-0.046806175,-0.19945358,-0.069265984,-0.17098308,0.09299788,0.17497127,0.023779152,0.01398921,0.51466936,0.45579073,-0.2077187,-0.15540093,0.5703303,0.43514204,0.61244637,0.1944742,0.433448,-0.11730664,0.47681928,0.52781296,0.61428034,0.5520007,0.71320313,0.6495832,0.503812,0.33204883,0.44388014,0.3459731,-0.016357906,0.08163195,0.2636561,0.15359867,0.38200647,0.13926733,0.18329884,0.1314066,0.5606745,0.52711374,0.49821383,0.3805878,0.4960381,0.42643228,0.3341739,0.16122124,0.10322158,0.24433699,0.20038897,0.36897346,0.49051952,0.41501856,0.38734105,0.55235654,0.55994374,0.28747392,0.18933628,0.25964445,0.232404,0.3102617
0.12307921,0.083743125,0.4346066,0.46159357,0.20782119,0.05008611,0.3836174,0.63959986,0.40105554,0.29306087,0.52244943,0.56039166,0.47030106,0.6835174,0.66857105,0.5779925,0.7678246,1.0,0.042272188,0.29429924,0.1279575,0.092540056,0.53826773,0.54077774,-0.043079555,0.049082667,0.12536822,0.07143884,0.75722206,0.6272357,0.50113124,0.53678757,0.5185248,0.61808264,0.7470845,0.71092784,0.47163543,0.37039724,0.513495,0.43713626,0.47148016,0.32298133,0.4741883,0.36310777,0.10286054,0.31423825,0.5817491,0.6831893,0.049159985,0.06601295,0.06397736,0.3516857,0.028599177,-0.16816798,0.5854038,0.548864,0.08345831,0.0028541468,-0.07251995,-0.11587179,-0.13580033,-0.1608209,-0.06740306,0.09459077,0.02444983,0.030553415,0.57549214,0.5505312,-0.060187377,-0.21789782,0.42178684,0.45688915,0.62800694,0.3302611,0.43627793,0.016337562,0.48799354,0.5665853,0.4670795,0.54668283,0.6803218,0.7310645,0.5931405,0.42587966,0.51358265,0.56294787,0.007173211,0.08199015,0.47327533,0.22508402,0.40994287,0.2217568,0.02479704,0.15157531,0.63422084,0.62085724,0.59500957,0.4767409,0.5041784,0.5293963,0.28476945,0.214534,0.2074533,0.31423396,0.27291247,0.46666768,0.59591526,0.50891995,0.54093724,0.66669285,0.5961264,0.44265917,0.2558939,0.24848114,0.29448873,0.44400698
0.69413745,0.7366423,0.54781497,-0.102063715,-0.50917953,-0.61589056,0.6423404,0.13819519,-0.22849908,-0.44805223,0.5613168,0.179777,0.61491764,-0.21632329,0.18249196,0.06330689,-0.029500717,0.042272188,1.0,0.7713028,-0.21199082,0.30809417,0.2496919,0.3772585,-0.68965805,-0.6358935,-0.46670127,-0.3906457,-0.13099189,0.35223076,0.19973865,-0.1874431,0.37802985,0.2919274,0.02699897,-0.14970219,-0.047349185,-0.0991016,-0.015235188,-0.3332358,0.3236821,0.22988454,0.49501374,0.63086075,0.660631,0.34346208,0.21381354,-0.0010274908,0.6901144,0.04924042,0.58790874,0.12824537,0.14561762,0.18398076,0.19779846,-0.28484038,0.66080207,0.6711339,0.5056189,0.404905,0.43721986,0.3113734,0.302684,0.5889749,0.6259923,0.5514151,0.5783973,0.41691822,0.3770032,0.2789482,-0.33629018,-0.4226698,-0.22928417,-0.049710985,-0.13607146,-0.3310664,-0.16181166,-0.36736187,0.1014723,-0.35315168,0.47155598,-0.095388636,-0.086905755,-0.4184624,0.6057077,-0.01796118,-0.59762114,-0.63601834,0.3260107,-0.5000362,0.23986685,-0.10744654,-0.2756711,-0.07030478,-0.027270922,-0.104873374,-0.059048746,-0.26974687,0.27894714,-0.13089262,-0.15407968,-0.48793006,-0.18199766,-0.38749814,0.011274507,-0.13508797,0.007668258,-0.062141173,-0.11781329,-0.0650568,-0.123040296,0.15057173,-0.29418355,-0.3448347,0.042877547,0.026403952
0.7248575,0.7596904,0.75556654,0.16816083,-0.44619116,-0.63235945,0.79763603,0.468015,-0.107515305,-0.38019347,0.6819739,0.49649447,0.79024076,0.11058324,0.3524121,0.3325871,0.20200841,0.29429924,0.7713028,1.0,-0.14376405,0.4295976,0.44753897,0.57921785,-0.7458622,-0.68514544,-0.34231004,-0.3560245,0.09624234,0.6483786,0.42603803,0.053701747,0.6232802,0.5642818,0.27679434,0.13670686,0.081816174,0.06139295,0.0691546,-0.23661153,0.49525395,0.378268,0.6232093,0.7688956,0.7305395,0.40137854,0.4391187,0.19971734,0.7430822,0.08877021,0.57054144,0.20354831,0.35726458,0.2846022,0.36192024,-0.11298044,0.6554107,0.65615696,0.4510129,0.3817158,0.38892943,0.23824511,0.26637053,0.5911581,0.5988388,0.451495,0.7320838,0.6042969,0.40370736,0.12450879,-0.096480474,-0.18929051,0.029158778,0.21288896,0.03452394,-0.2610018,-0.02217313,-0.18948649,0.31311655,-0.27821234,0.5645069,0.029400134,0.06469674,-0.3118603,0.6795671,0.13879795,-0.6454385,-0.67336464,0.47038716,-0.40319923,0.16385874,-0.036236748,-0.41741613,-0.019001754,0.105228215,0.0075352765,0.119975716,-0.14093216,0.29774415,-0.1241596,-0.14260904,-0.36656034,-0.05917187,-0.23814733,0.2118148,-0.024852062,0.055088505,-0.05327634,0.04761338,0.114572756,0.08425773,0.1551469,-0.36328125,-0.39629817,0.09336201,0.08735121
-0.27174067,-0.30123448,0.08681993,0.15308736,0.37388042,0.3539223,-0.028987397,0.19145827,0.4513007,0.36332047,0.018588593,0.077779785,-0.033020835,0.2592425,0.35215318,0.36585122,0.17688453,0.1279575,-0.21199082,-0.14376405,1.0,0.5202189,0.25872013,0.14281492,0.29330203,0.33407176,0.42407474,0.42735907,0.39502952,0.093867466,0.20697911,0.28975073,0.07002654,0.19203328,0.26133016,0.39432177,0.42499283,0.48992622,0.41777417,0.49627003,0.3930051,0.3923001,0.02089352,-0.21469852,-0.28746188,0.012282879,0.25184318,0.27841982,-0.25660855,-0.10846952,-0.28779024,-0.031517282,-0.039792344,-0.017937643,0.31575757,0.4266854,-0.26162326,-0.39188734,-0.28585812,-0.19967887,-0.36171913,-0.2178523,-0.31231922,-0.3243539,-0.194137,-0.21544671,0.05281467,0.049132366,0.022527343,-0.25218186,0.35822088,0.30494386,0.37645912,0.29501566,0.513531,0.4363998,0.33349416,0.49577034,0.1770945,0.21088624,0.03638917,0.17957115,0.37875852,0.48632798,-0.03193795,0.18396509,0.24848811,0.30432767,0.26494524,0.37471274,0.11621688,0.29282635,0.1376959,0.092085145,0.41410616,0.380923,0.43971923,0.49260566,0.11945398,0.2324936,0.15595151,0.31923953,0.3719286,0.40531638,0.2998914,0.27001968,0.16137426,0.033591673,0.37232065,0.38740975,0.42209306,0.17569791,0.11035035,0.27980572,0.28586492,0.2849652
0.2222267,0.36443597,0.46902874,0.23287903,-0.22991116,-0.42507458,0.407926,0.40263528,0.09875647,-0.31165597,0.36401743,0.45945433,0.38085565,0.14941019,0.21855323,0.33993974,0.045574937,0.092540056,0.30809417,0.4295976,0.5202189,1.0,0.3328591,0.3130185,-0.46442252,-0.47001252,0.101070404,0.11192678,0.113264754,0.5202642,0.22803235,0.0027365799,0.34404048,0.30737436,0.08270308,0.19883353,0.36823505,0.3992418,0.24498425,0.03438626,0.69916964,0.6593434,0.30151024,0.3552529,0.22649431,0.29308242,0.3192468,0.14171599,0.4182453,-0.00997283,0.14804506,0.00853433,0.41556096,0.4232384,0.25427336,0.019454814,0.20777395,0.17569603,0.04420802,0.30594918,0.059504896,0.07546039,-0.07577434,0.071170926,0.22660545,0.09597561,0.39452335,0.40313455,0.5088217,-0.083952494,0.07944073,0.08213203,0.24312748,0.53284794,0.3744814,0.2806964,0.19871671,0.12528355,0.2830094,-0.15027937,0.16108067,-0.10973421,0.034848142,-0.02616155,0.27390558,0.14274052,-0.45308176,-0.4354992,0.4120017,-0.10792421,-0.03473826,0.036757085,-0.47352836,0.07354948,0.12204637,0.0007038228,0.21051545,0.054464985,0.05970753,-0.16109832,-0.32540455,-0.24690183,0.21084973,0.007560603,0.29801565,-0.055040408,-0.1381711,-0.42896056,0.16788685,0.11062802,0.12755582,0.049277462,-0.37806296,-0.3157025,0.10110887,0.06666737
0.22872505,0.15463243,0.7221535,0.55565697,0.077342354,-0.09745249,0.61590815,0.7498294,0.3722185,0.14562333,0.60655725,0.60650957,0.56363046,0.65470165,0.51906043,0.54078966,0.51744354,0.53826773,0.2496919,0.44753897,0.25872013,0.3328591,1.0,0.7796611,-0.1519109,-0.08412506,0.109528616,0.13345811,0.54204863,0.53392136,0.7677341,0.6190707,0.65234053,0.7651176,0.6363328,0.6356761,0.40595978,0.3433427,0.43583587,0.33019024,0.49071515,0.31954727,0.48903063,0.34841776,0.12858576,0.37859932,0.63770205,0.55031353,0.2721899,0.12438298,0.2628552,0.3523195,0.15587744,0.10338574,0.57049584,0.440695,0.2159466,0.05225681,0.01843253,0.0795183,-0.0324908,-0.08378118,0.14370741,0.10976823,0.22412604,0.09020506,0.621691,0.5785226,0.18666156,-0.18698186,0.4812095,0.3840962,0.46123168,0.2538024,0.4329755,0.04213307,0.28409684,0.3699124,0.37664515,0.14503735,0.50709933,0.3396069,0.46541014,0.23326452,0.4442847,0.34435067,-0.06731391,-0.12265901,0.4287186,0.057475638,0.15298644,0.09070123,-0.0784055,0.110531054,0.5273131,0.44289058,0.55854106,0.3906388,0.3310814,0.22854726,0.0137074,0.034649774,0.09755474,0.10941551,0.32791352,0.25698867,0.3006857,0.2235913,0.46759126,0.6347948,0.5887178,0.32539928,-0.021449579,0.11696637,0.33469012,0.29947308
0.45723107,0.27448672,0.79394764,0.43620878,-0.043397136,-0.15799727,0.74367577,0.7396069,0.17706677,0.12634881,0.6739787,0.48805827,0.7197875,0.5427337,0.5418087,0.52393293,0.574817,0.54077774,0.3772585,0.57921785,0.14281492,0.3130185,0.7796611,1.0,-0.3001694,-0.16406189,-0.07966001,-0.09495253,0.500508,0.5312664,0.7374757,0.6173853,0.7010653,0.77419394,0.5881803,0.45891473,0.25733835,0.20286284,0.3026311,0.21220462,0.44262058,0.26667008,0.66193664,0.4860321,0.29227024,0.36620703,0.6161163,0.46538284,0.37424773,0.051487118,0.39611927,0.41793108,0.12127661,0.028373368,0.46752042,0.28933683,0.39868733,0.21816541,0.14280601,0.10190911,0.10296552,0.020148152,0.11406571,0.3517586,0.3438902,0.25991642,0.71484,0.5485311,0.1574504,0.016157895,0.36267763,0.22144377,0.2976855,0.13447784,0.3080036,-0.20700248,0.19639653,0.29096973,0.43274757,-0.017674917,0.6443137,0.3227018,0.44796786,0.09120308,0.6202059,0.29876262,-0.22266124,-0.2090559,0.37103528,-0.028317166,0.28963712,0.10982091,0.016659888,0.024577308,0.4303233,0.3261024,0.41358694,0.1978471,0.4239367,0.1548886,0.11456824,-0.03567406,-0.008719797,-0.0096436,0.23984736,0.13429603,0.28750816,0.1830444,0.27051297,0.5318147,0.48804966,0.22976016,-0.1172306,-0.045566164,0.19882135,0.17473164
-0.7604432,-0.8054928,-0.59905046,0.07101251,0.77046996,0.8565745,-0.6767194,-0.23725395,0.42286304,0.66981566,-0.61541057,-0.339395,-0.69498956,0.18658249,-0.09806038,-0.015896859,-0.032780387,-0.043079555,-0.68965805,-0.7458622,0.29330203,-0.46442252,-0.1519109,-0.3001694,1.0,0.91147256,0.5804192,0.54370415,0.21786636,-0.5267882,-0.1762692,0.27776346,-0.4695009,-0.2920752,0.056537725,0.14770071,0.08896618,0.100995116,0.20209655,0.5214166,-0.4227445,-0.27890444,-0.5490666,-0.7762335,-0.7572928,-0.327225,-0.23004091,0.08607079,-0.7787917,-0.053059362,-0.61986387,-0.114198565,-0.46304613,-0.45583034,-0.038755424,0.47211152,-0.7342711,-0.71527267,-0.45440763,-0.44177964,-0.57842684,-0.34196824,-0.28905058,-0.60624164,-0.61771375,-0.40822026,-0.5287697,-0.48140043,-0.45914006,-0.22379935,0.27144766,0.35705,0.16422419,-0.16643038,0.12372923,0.37488085,0.15208204,0.41796812,-0.22045837,0.3748625,-0.38819122,0.24035683,0.31719118,0.58819693,-0.5436291,0.088358425,0.8691448,0.9004384,-0.23273543,0.6503646,-0.08680516,0.2356053,0.5132172,0.09643885,0.1816045,0.3174938,0.18674277,0.45000088,-0.19878186,0.34679708,0.35763213,0.66933537,0.22858642,0.47293887,-0.0054357233,0.30693355,0.18669008,0.35007447,0.211009,0.27751562,0.27009806,0.078720845,0.56674,0.660692,0.17636673,0.13880058
-0.62694204,-0.7950189,-0.48701006,-0.012024376,0.7559261,0.9118047,-0.5512464,-0.19239238,0.39538255,0.7972704,-0.46736488,-0.4001184,-0.557864,0.21495396,0.042820986,0.04416802,0.122474305,0.049082667,-0.6358935,-0.68514544,0.33407176,-0.47001252,-0.08412506,-0.16406189,0.91147256,1.0,0.46418718,0.46158755,0.32230416,-0.48096758,-0.060468234,0.3696613,-0.33119455,-0.15808469,0.19878599,0.21582049,0.13223305,0.15191194,0.24749586,0.58630896,-0.37161162,-0.29058307,-0.34899342,-0.6869609,-0.67427266,-0.37433335,-0.09427304,0.1664438,-0.7694593,-0.08178554,-0.5332048,-0.03625592,-0.5112389,-0.50370234,0.050293595,0.52502304,-0.6322353,-0.7020028,-0.4250816,-0.5306262,-0.53888845,-0.31623456,-0.27244493,-0.50104797,-0.5249259,-0.331831,-0.42607653,-0.4056526,-0.5293197,-0.23257712,0.35861623,0.32712635,0.21487777,-0.22789504,0.19003317,0.25099164,0.19235906,0.4689312,-0.18179956,0.40417445,-0.24606138,0.33641133,0.3605279,0.6058732,-0.44305506,0.08463161,0.8424268,0.8868123,-0.23841333,0.6489414,0.059772037,0.27907854,0.6372823,0.14123203,0.3108558,0.41252714,0.26172018,0.4981499,-0.018910147,0.42274493,0.51254916,0.66023844,0.18752934,0.47334573,-0.007061008,0.35605237,0.31391144,0.46453664,0.22958434,0.3819982,0.35511276,0.08632629,0.55424875,0.6785137,0.17177415,0.19083044
-0.6506312,-0.46427757,-0.24341574,0.48079145,0.7372608,0.51551396,-0.3780502,0.15359917,0.70523036,0.37541494,-0.35836175,0.21418041,-0.42382753,0.4141991,0.13211478,0.27660003,-0.02568009,0.12536822,-0.46670127,-0.34231004,0.42407474,0.101070404,0.109528616,-0.07966001,0.5804192,0.46418718,1.0,0.81448466,0.29610577,-0.0706167,-0.093009695,0.27198523,-0.27933195,-0.105206706,0.08194607,0.32406604,0.3287183,0.33821818,0.44404614,0.51407194,0.01700358,0.25720903,-0.44006002,-0.48274684,-0.564254,-0.039595217,-0.008793879,0.2153034,-0.42099142,0.010414243,-0.4905169,-0.15075551,-0.0044679404,-0.08819703,0.26867852,0.5654444,-0.6098156,-0.5159506,-0.40893954,-0.21146686,-0.5595746,-0.31106195,-0.30137625,-0.6408868,-0.5981623,-0.4766613,-0.24415784,-0.11579323,-0.10072562,-0.37256566,0.22049049,0.45257232,0.34022087,0.20372404,0.24451469,0.6223474,0.2567134,0.44265452,0.0589782,0.26023778,-0.2788886,0.16074547,0.44234282,0.6444176,-0.33040255,0.4388498,0.58412266,0.594936,0.2350879,0.70837307,-0.24106184,0.31004167,-0.08399848,0.27458626,0.20756418,0.36864677,0.32150537,0.5306899,-0.2734261,0.23474933,0.020752028,0.4375115,0.42801225,0.53243953,0.23350485,0.32706794,0.12054364,0.08125798,0.45560914,0.3476725,0.37162948,0.16596867,0.2810872,0.3758622,0.29816785,0.2387878
-0.6431597,-0.5044054,-0.23453836,0.333342,0.6404465,0.4812007,-0.35231498,0.079875834,0.70497584,0.37804577,-0.28996724,0.0913252,-0.38169882,0.3479727,0.14747162,0.24432774,-0.0056706956,0.07143884,-0.3906457,-0.3560245,0.42735907,0.11192678,0.13345811,-0.09495253,0.54370415,0.46158755,0.81448466,1.0,0.3320394,-0.036130544,-0.034105238,0.23563245,-0.21911496,-0.07827945,0.073628,0.34765637,0.43671453,0.4332816,0.5572353,0.5855516,0.028690042,0.24750744,-0.415667,-0.52480274,-0.58465916,-0.021193568,0.04911357,0.23116755,-0.35537583,-0.026678558,-0.41327623,-0.20572802,-0.08335812,-0.1640846,0.30004552,0.59055966,-0.6148504,-0.5916233,-0.42825687,-0.17687325,-0.60233694,-0.3159024,-0.3037283,-0.6525011,-0.5817307,-0.5332715,-0.26117542,-0.110236816,-0.07759025,-0.4787847,0.22773047,0.3734223,0.35737777,0.21911298,0.29032934,0.59523666,0.32000598,0.4280517,0.12630598,0.3073827,-0.24311127,0.13007542,0.39778623,0.62592554,-0.293386,0.29609305,0.60228187,0.53265977,0.26864013,0.61951447,-0.18337214,0.29228458,-0.097850084,0.33387375,0.23941036,0.42736366,0.38516822,0.5931893,-0.21140857,0.2662665,0.054016583,0.39033675,0.42891446,0.48920074,0.28563178,0.33616936,0.1537209,0.06689636,0.42836756,0.35249257,0.35278532,0.09907372,0.21712881,0.40769887,0.385142,0.28805995
-0.104520656,-0.22490817,0.33555284,0.3961337,0.4659173,0.32741377,0.24796826,0.5377475,0.62260956,0.56407976,0.37948465,0.36503795,0.32942033,0.74094695,0.7461267,0.69672173,0.77342415,0.75722206,-0.13099189,0.09624234,0.39502952,0.113264754,0.54204863,0.500508,0.21786636,0.32230416,0.29610577,0.3320394,1.0,0.52374345,0.5869661,0.68488896,0.4659876,0.5841965,0.76298076,0.7876815,0.5753069,0.5192862,0.64301866,0.6820551,0.39103946,0.3008458,0.34972608,0.09561151,-0.106176816,0.10947564,0.6100808,0.6988055,-0.12651636,0.007049027,-0.07520164,0.23453605,-0.12630484,-0.2727586,0.63047093,0.7010317,-0.14448175,-0.31522036,-0.25526306,-0.21979117,-0.35233328,-0.27149564,-0.15291794,-0.14128925,-0.15514468,-0.099011526,0.38389644,0.37622324,-0.1341107,-0.39226404,0.63506716,0.58269393,0.7913235,0.37345585,0.6468387,0.18534616,0.5825456,0.6848513,0.5737812,0.6254414,0.56543773,0.69864374,0.6688835,0.61013323,0.34346235,0.42514825,0.27928668,0.2902651,0.46749538,0.3848358,0.35559958,0.28819948,0.17401172,0.17821683,0.6725341,0.69239527,0.6969728,0.6596459,0.42986608,0.5686886,0.38173038,0.32249165,0.34733492,0.447815,0.36770606,0.52418905,0.57233876,0.45123264,0.5417826,0.74528193,0.71199185,0.39265904,0.2999502,0.43834683,0.42540073,0.5076831
0.38101763,0.4314578,0.66095537,0.36342818,-0.18470836,-0.43862,0.6240506,0.6532858,0.23886378,-0.11000242,0.630659,0.70886403,0.6849997,0.5136521,0.57161736,0.68669355,0.4930526,0.6272357,0.35223076,0.6483786,0.093867466,0.5202642,0.53392136,0.5312664,-0.5267882,-0.48096758,-0.0706167,-0.036130544,0.52374345,1.0,0.5514129,0.31116104,0.70190054,0.6492326,0.5147696,0.53544956,0.50054264,0.4681667,0.4002971,0.15976126,0.6891968,0.6148919,0.574097,0.6483551,0.46707273,0.35212982,0.592111,0.49644202,0.4887846,0.06462301,0.30871993,0.14232428,0.42060298,0.17886001,0.5572845,0.2578794,0.31888205,0.23523353,0.111334585,0.20372243,0.07855702,-0.020989543,0.066265926,0.21048284,0.23586291,0.21677752,0.6410965,0.62339735,0.32649007,-0.27458942,0.28244913,0.28176582,0.5740931,0.6868957,0.45833507,0.087300934,0.38065,0.24237463,0.5923187,0.21226461,0.5936273,0.3408111,0.2609982,0.07921717,0.5942451,0.359384,-0.44710815,-0.4628352,0.61116016,-0.12065058,0.16914804,0.060876314,-0.44551364,0.06094119,0.33544305,0.26925007,0.39370385,0.20719229,0.32131958,0.11372162,-0.09144887,-0.1961006,0.15566473,0.033221457,0.32002303,0.13943568,0.19163835,-0.005413977,0.31024876,0.39745006,0.31747797,0.19929405,-0.25570455,-0.22467484,0.18682171,0.23744933
0.3204652,0.11175817,0.71237284,0.31194586,0.0241897,-0.054056235,0.6275552,0.6423033,0.1983494,0.22940879,0.6063487,0.4272267,0.61704195,0.592726,0.54080415,0.56689274,0.5661114,0.50113124,0.19973865,0.42603803,0.20697911,0.22803235,0.7677341,0.7374757,-0.1762692,-0.060468234,-0.093009695,-0.034105238,0.5869661,0.5514129,1.0,0.7030192,0.7220012,0.7824865,0.64307517,0.55895585,0.3887613,0.36775896,0.30284715,0.26816142,0.408855,0.25511214,0.56807613,0.3966645,0.2085282,0.29518375,0.5692434,0.47840592,0.26612365,0.026319757,0.37835708,0.41048914,0.021712473,-0.051571693,0.44630954,0.3136873,0.22935423,0.025051566,0.034568544,-0.004564187,-0.04811631,-0.039456505,0.16329724,0.20717138,0.24600704,0.15391403,0.53300124,0.4873039,0.12431685,-0.14843869,0.6091198,0.4123307,0.5035994,0.32065654,0.41665548,-0.06263769,0.34483606,0.34770915,0.44786528,0.16803063,0.57554764,0.34772637,0.33833483,0.112905174,0.44647935,0.17752235,-0.11492456,-0.18761788,0.30674174,-0.07850684,0.19758454,-0.022971844,0.028564908,-0.057788424,0.39836738,0.29557315,0.4095899,0.24450846,0.36995032,0.14643005,0.023463938,-0.015999515,-0.02406119,-0.0062913704,0.19645421,0.16184464,0.23813404,0.1805286,0.28556064,0.51670724,0.42559788,0.18771897,-0.019651098,0.033816867,0.17663552,0.16649565
