1.0,0.8107811,0.8604388,0.8543835,0.8213218,0.74021614,0.8670455,0.85606474,0.8200174,0.82472277,0.8571156,0.8433267,0.85356945,0.8466903,0.8180202,0.6700695,0.86179054,0.83045256,0.8705302,0.8683711,0.85164803,0.840385,0.83863306,0.81243825,0.8235977,0.851651,0.7947548,0.8280513,0.8499899,0.8296498,0.84104043,0.84230024,0.86983037,0.8617805,0.8344834,0.8492085,0.85775936,0.8283425,0.85272825,0.83378816,0.8587768,0.85650337,0.59576494,0.7663307,-0.10635187,-0.09059667,0.8196821,0.81675273,0.21682061,-0.0026467808,0.20275933,0.014619323,-0.083244175,0.092993654,0.84022766,0.8105134,0.8500083,0.723008,-0.16717497,-0.21739282,0.6686272,0.58580124,0.81509084,0.8292761,0.2836727,0.36998895,0.62789387,0.76295143,0.5822301,0.5884075,0.85499364,0.85398,0.8554864,0.850563,0.8567353,0.8417924,0.8566143,0.8501811,0.85587597,0.82483363,0.8627867,0.77938,0.8409375,0.81703645,0.8117909,0.7947372,0.8336083,0.8350397,0.79822147,0.82764554,0.7120423,0.7149728,0.52949214,0.7119174,0.7842532,0.79112035,0.8173355,0.75163233,0.7724917,0.8057562,0.601294,0.3267343,0.81379855,0.78933096,0.8277594,0.7781297,0.49548194,0.70298177,0.66535014,0.8124184,0.8156493,0.3730263,0.37840122,0.57793957,0.25699234,0.39850107
0.8107811,1.0,0.818652,0.8015372,0.76919323,0.6106352,0.81670195,0.82400566,0.7610292,0.7326949,0.7925703,0.8280497,0.79255545,0.81046414,0.7182832,0.6122987,0.7717415,0.83285385,0.8371167,0.8504495,0.7739204,0.7666222,0.78303814,0.73873764,0.76000005,0.7714159,0.70514476,0.7261903,0.78631,0.76730776,0.7600298,0.7833033,0.8273912,0.82573175,0.81760013,0.8384761,0.7965502,0.7879445,0.78914356,0.78727,0.80115265,0.7991095,0.5494615,0.7742406,-0.03527469,0.006178824,0.7863748,0.813742,0.14372976,0.08686278,0.19609833,0.080265924,-0.14926279,0.12232136,0.7568895,0.782879,0.75217485,0.8101951,-0.22020033,-0.09625075,0.6242636,0.5375981,0.70543265,0.8113609,0.27885157,0.33873478,0.6440816,0.8034862,0.47064167,0.6613819,0.7899978,0.79531157,0.795417,0.786505,0.7929822,0.7888768,0.7970382,0.7951619,0.7677857,0.83870333,0.7614585,0.8242031,0.7554046,0.7858263,0.6679115,0.75043535,0.7455857,0.7730905,0.6765979,0.7908762,0.63815415,0.64590067,0.5097901,0.7283173,0.75419617,0.76483583,0.7394956,0.759323,0.678886,0.76220757,0.5252492,0.2985396,0.7443774,0.743584,0.75095034,0.7062581,0.37457135,0.67718583,0.58367866,0.7396158,0.7666477,0.407934,0.34492943,0.5372741,0.3238683,0.23929656
0.8604388,0.818652,1.0,0.87959594,0.86602485,0.7802827,0.883086,0.88197774,0.8647178,0.85328215,0.87653095,0.8763965,0.87978876,0.8789295,0.85312885,0.75901175,0.87055945,0.86904573,0.86582524,0.86218524,0.87170714,0.8687667,0.87640655,0.8582206,0.8642739,0.861243,0.837389,0.84372705,0.8770826,0.8673042,0.8714473,0.8767659,0.8724039,0.8813648,0.8342585,0.8632794,0.87767947,0.86813045,0.8760744,0.87283176,0.8781747,0.8774281,0.5916908,0.7602982,-0.092219025,-0.032686524,0.8545978,0.86149555,0.20652449,-0.032363452,0.26397517,0.058783364,-0.11722936,0.093276516,0.86693543,0.85997725,0.80245477,0.75372744,-0.106784835,-0.22122349,0.6586135,0.5578117,0.8074246,0.84122413,0.30120373,0.3408113,0.6016898,0.78022635,0.60799205,0.5503795,0.87751406,0.8776913,0.8786463,0.87697107,0.8740023,0.8727772,0.87632227,0.87562984,0.8668595,0.8608179,0.86452806,0.8362345,0.860189,0.850918,0.82109714,0.8372214,0.8482702,0.8623049,0.82537735,0.867075,0.7657671,0.7639895,0.55656946,0.7439067,0.8311657,0.8323223,0.8549358,0.8202375,0.8127455,0.83356696,0.6024523,0.32152924,0.8457364,0.82987726,0.84120595,0.82432014,0.58540225,0.74306566,0.71132755,0.8453286,0.842173,0.36993292,0.41103163,0.5971434,0.26950985,0.4576476
0.8543835,0.8015372,0.87959594,1.0,0.8640829,0.79995364,0.87923396,0.87891304,0.8649255,0.85927373,0.8751356,0.87046015,0.8776119,0.8751632,0.859393,0.7713366,0.870204,0.86207694,0.852807,0.8520723,0.8713195,0.870701,0.8784055,0.8687651,0.86504215,0.8607308,0.84238255,0.8483857,0.87617534,0.86986846,0.8749805,0.8786274,0.86326563,0.8755898,0.8156067,0.8501159,0.8740252,0.8637997,0.8742743,0.869995,0.8757449,0.8736183,0.5920731,0.74027264,-0.11017021,-0.040100604,0.8562249,0.8561721,0.21773873,-0.052246466,0.2636815,0.065642126,-0.1004985,0.079143435,0.8682451,0.85505646,0.796271,0.7383619,-0.0953296,-0.22978075,0.65764016,0.5412017,0.8180108,0.8362896,0.2941324,0.31739426,0.5767255,0.7576197,0.6089233,0.5215595,0.874702,0.8756817,0.87782085,0.87621045,0.86906636,0.87403053,0.8725899,0.87480634,0.8667473,0.8522247,0.86652386,0.83121943,0.8610478,0.85230154,0.83571637,0.8444975,0.85087305,0.86196923,0.83600175,0.8623081,0.76585644,0.7689997,0.555176,0.72945374,0.81636506,0.81484663,0.8554849,0.81001574,0.82033426,0.8360165,0.6053734,0.30826968,0.8524848,0.82918566,0.84051055,0.825302,0.61092883,0.7419175,0.7136664,0.84409773,0.8392539,0.35691896,0.41309825,0.59932566,0.25238264,0.47377732
0.8213218,0.76919323,0.86602485,0.8640829,1.0,0.82358295,0.86412257,0.86835295,0.8828417,0.86837286,0.87182283,0.8688793,0.8757287,0.8750756,0.8724561,0.8263896,0.8617185,0.86261106,0.82739407,0.8180779,0.8721049,0.8761249,0.8776265,0.8713678,0.88097924,0.85859245,0.8708698,0.8561814,0.8770702,0.8798874,0.875667,0.8767823,0.84570664,0.8644815,0.79048276,0.83226866,0.8704682,0.87518215,0.8750131,0.8801482,0.86996007,0.8731308,0.60700715,0.7027116,-0.103750326,-0.038054604,0.8464932,0.8505403,0.24166767,-0.068823196,0.2978105,0.07066516,-0.11295535,0.076617286,0.87090254,0.87424517,0.73803645,0.7053698,-0.056219675,-0.26594737,0.5961783,0.5196221,0.77423245,0.81773543,0.27031168,0.3243956,0.539172,0.7316804,0.5921962,0.4852039,0.8730697,0.87437665,0.87343025,0.8761427,0.8665637,0.87521994,0.8709955,0.873798,0.86444336,0.85369533,0.8521348,0.8362555,0.8699808,0.86183536,0.8283502,0.8464291,0.85823154,0.87104475,0.84697,0.8717346,0.79017377,0.8060475,0.569031,0.7291548,0.8352462,0.84089965,0.8665299,0.8354223,0.8286027,0.83703625,0.5882285,0.3362955,0.8605168,0.8364531,0.8483807,0.847375,0.64390516,0.7227459,0.74502647,0.8563974,0.83981997,0.35290012,0.41327077,0.5901954,0.27741504,0.5378582
0.74021614,0.6106352,0.7802827,0.79995364,0.82358295,1.0,0.7859633,0.7867949,0.8332484,0.85662097,0.81367666,0.77626777,0.8115269,0.79728585,0.85741127,0.83203167,0.8090776,0.75812304,0.71756375,0.7062698,0.8278367,0.8364497,0.8215113,0.84585935,0.8293731,0.8202066,0.86037916,0.8480924,0.8186873,0.8392395,0.8341091,0.8209202,0.7541416,0.7789248,0.65199274,0.7124272,0.8014617,0.80664,0.81811076,0.81834936,0.80466926,0.8100355,0.56683135,0.55954784,-0.13036506,-0.06388974,0.77959764,0.7495133,0.26954344,-0.15687005,0.31565532,0.02550129,-0.05394506,0.03843471,0.83110154,0.8075549,0.6502359,0.53043866,-0.024577472,-0.34535015,0.49098247,0.42910925,0.74577355,0.73914057,0.21620144,0.23734011,0.40342832,0.5741811,0.536377,0.3579512,0.8114749,0.8145387,0.8128134,0.82035834,0.8006595,0.8203511,0.8056439,0.81650704,0.81808746,0.74478424,0.80993354,0.7229165,0.83696544,0.8186098,0.84928364,0.81053185,0.83723384,0.8244099,0.8630079,0.79496104,0.7819807,0.78722185,0.50134623,0.6330552,0.74926907,0.75578475,0.82740027,0.7368152,0.8020461,0.77851266,0.569023,0.33286354,0.82356036,0.7873979,0.8171639,0.80780184,0.6912217,0.6397295,0.74575806,0.8127101,0.7609292,0.25320616,0.34699816,0.5410221,0.254202,0.6376067
0.8670455,0.81670195,0.883086,0.87923396,0.86412257,0.7859633,1.0,0.88195205,0.86337155,0.8575366,0.8794049,0.87498975,0.88051635,0.8783011,0.85507387,0.7522075,0.87450445,0.86522186,0.8677466,0.86451674,0.87516475,0.8710874,0.8750119,0.8569342,0.86349016,0.86719394,0.8396981,0.8514853,0.87823874,0.8677273,0.8723872,0.8759672,0.873955,0.88169765,0.8283831,0.86014175,0.8791521,0.8648791,0.87855846,0.8709255,0.88052416,0.8798476,0.5949315,0.7561214,-0.10302067,-0.048025534,0.85188293,0.8549349,0.21183145,-0.027969154,0.2538658,0.047570404,-0.10652449,0.09212149,0.86774236,0.8561239,0.80959165,0.7421563,-0.12296701,-0.2282673,0.6593838,0.5555537,0.8101227,0.8435711,0.29417348,0.34561932,0.59567934,0.77154195,0.6006858,0.55837595,0.87943786,0.8800763,0.88070595,0.87841135,0.87619483,0.874406,0.87865895,0.8778652,0.87069803,0.8564043,0.86972344,0.82816356,0.8649198,0.8541508,0.828368,0.8387107,0.8549396,0.86587566,0.8291511,0.86413556,0.75860304,0.76506376,0.5536334,0.74249655,0.821058,0.82544863,0.85214317,0.80531853,0.8104693,0.8351031,0.60958624,0.32681662,0.8474968,0.8284089,0.84555215,0.82251036,0.57320845,0.7336934,0.705478,0.8428442,0.8382719,0.36371347,0.39503774,0.59474266,0.269569,0.45603883
0.85606474,0.82400566,0.88197774,0.87891304,0.86835295,0.7867949,0.88195205,1.0,0.86720586,0.85622483,0.87797827,0.8806231,0.8800248,0.88182217,0.85377073,0.7678459,0.8672965,0.87218696,0.8604261,0.8601632,0.8722978,0.8701748,0.87760323,0.8607257,0.86678356,0.86373836,0.8420001,0.84775513,0.87745285,0.8709403,0.8712601,0.87753457,0.8701705,0.8817327,0.8242864,0.8622553,0.8774824,0.87076247,0.87750524,0.87484473,0.8791608,0.8788363,0.59307456,0.75385237,-0.08929207,-0.033432536,0.85537016,0.86239237,0.21360956,-0.031725705,0.26772466,0.0694189,-0.1110021,0.087786764,0.8659064,0.86442214,0.78730386,0.75564927,-0.11956176,-0.21654342,0.64870477,0.5500492,0.796587,0.84362847,0.2971404,0.33597225,0.5881468,0.7745678,0.58650005,0.5514548,0.8768724,0.8792413,0.8795035,0.87765133,0.87350655,0.8765671,0.8766198,0.8784608,0.865339,0.86561495,0.8613783,0.8445763,0.86315674,0.8600397,0.82005626,0.84511495,0.8534642,0.86683387,0.8261272,0.86933714,0.76188034,0.77175224,0.55574197,0.7467811,0.8252849,0.83048433,0.8537501,0.82035154,0.80922276,0.8391793,0.60227996,0.32098424,0.85021585,0.8347549,0.8446869,0.8240125,0.5795493,0.7366348,0.71469396,0.8460676,0.84163594,0.36734435,0.40199465,0.5971304,0.2845409,0.45280612
0.8200174,0.7610292,0.8647178,0.8649255,0.8828417,0.8332484,0.86337155,0.86720586,1.0,0.87202185,0.8723991,0.8664585,0.87565225,0.87401617,0.87567925,0.8308302,0.86101663,0.8575918,0.8225291,0.81445247,0.8728534,0.8777426,0.87882185,0.8748311,0.8804694,0.85873485,0.87267447,0.86032116,0.8766661,0.8814721,0.87753683,0.8769811,0.8418942,0.86251664,0.78631234,0.8278267,0.86875904,0.8735893,0.8743641,0.87918407,0.8690635,0.87325966,0.6117013,0.69968516,-0.092626445,-0.034439337,0.8484004,0.8491887,0.2380431,-0.06779899,0.30140617,0.07010102,-0.12005975,0.07314343,0.87331927,0.8721777,0.73613834,0.69821185,-0.04948815,-0.26674277,0.5922148,0.51680857,0.77676314,0.8140728,0.27191254,0.31222975,0.53804946,0.72551715,0.5966652,0.4809704,0.87208104,0.8745454,0.8735154,0.8762538,0.8659759,0.87539285,0.86956304,0.8738153,0.8633687,0.8483462,0.8534743,0.8317622,0.8703426,0.8630815,0.8339771,0.8486699,0.8592114,0.87110066,0.85116845,0.87052506,0.79311836,0.80596215,0.5575485,0.7273275,0.83112067,0.8346991,0.8668428,0.831486,0.8331724,0.8334682,0.59668744,0.33833295,0.8636865,0.8393604,0.852241,0.85105985,0.6459044,0.7277858,0.7456856,0.8539548,0.83822477,0.34736475,0.41486028,0.5863925,0.28948054,0.54831433
0.82472277,0.7326949,0.85328215,0.85927373,0.86837286,0.85662097,0.8575366,0.85622483,0.87202185,1.0,0.8694146,0.84784603,0.86852986,0.8606525,0.88009673,0.81551254,0.86456865,0.8339292,0.8149378,0.80626607,0.8763322,0.8795974,0.8700194,0.87239325,0.8693742,0.8668124,0.8751906,0.87242645,0.8722059,0.8770877,0.87517625,0.8707601,0.8363852,0.85216504,0.75694567,0.8046662,0.86327255,0.8574418,0.87183446,0.8679125,0.86610425,0.86806273,0.5983266,0.667239,-0.12562786,-0.06876522,0.83406967,0.8191451,0.2404667,-0.08072087,0.28286606,0.037112407,-0.08354936,0.07556141,0.8718013,0.8543553,0.74710727,0.64566106,-0.07031575,-0.3029003,0.5924845,0.5001848,0.79025567,0.8110926,0.24746157,0.31007594,0.50450546,0.68995416,0.576144,0.47289968,0.86905265,0.87083846,0.8702523,0.87273884,0.862439,0.87112534,0.86537737,0.87050486,0.86688536,0.8230192,0.862241,0.79455465,0.8753472,0.8614488,0.8593301,0.8454096,0.87004423,0.8717138,0.86788553,0.8521825,0.7839078,0.7965323,0.53847367,0.7089993,0.807195,0.8143453,0.86133546,0.7892247,0.8210598,0.8313339,0.59454566,0.3528499,0.85641605,0.83310163,0.8543507,0.8352451,0.648441,0.69819474,0.7412036,0.85038805,0.81973,0.31615385,0.37862182,0.58044237,0.2689789,0.5639307
0.8571156,0.7925703,0.87653095,0.8751356,0.87182283,0.81367666,0.8794049,0.87797827,0.8723991,0.8694146,1.0,0.87337834,0.88277787,0.87781566,0.8689633,0.780598,0.87396955,0.8597796,0.8534925,0.8464968,0.8802197,0.87818176,0.8783675,0.86636204,0.8718427,0.8723998,0.8583302,0.8626908,0.8826788,0.87688,0.8772637,0.8784548,0.86636376,0.87608546,0.8091497,0.84705615,0.8801544,0.87013084,0.88191867,0.87594384,0.8809775,0.88085485,0.6075748,0.7335883,-0.10511194,-0.061681442,0.84981,0.8469863,0.22982408,-0.06178541,0.27207,0.046636324,-0.0802779,0.09750424,0.8744162,0.86349666,0.7858554,0.7116956,-0.109950036,-0.253773,0.6369601,0.54614544,0.8026186,0.837217,0.27842227,0.3414732,0.5701943,0.7465361,0.59271336,0.52747434,0.8796084,0.88152397,0.88197744,0.881519,0.87578857,0.8787314,0.8784375,0.88088167,0.87441933,0.85151905,0.8708955,0.82550937,0.8761432,0.86269647,0.8441034,0.8461124,0.8674693,0.87551045,0.8470245,0.8691621,0.76590735,0.79112905,0.5566205,0.7395702,0.8203633,0.82843596,0.86078197,0.80757636,0.8208566,0.8433212,0.60765606,0.32668316,0.85723686,0.8336583,0.856047,0.83538276,0.5946072,0.7253595,0.7257763,0.85289586,0.8367163,0.34907886,0.40077224,0.5859539,0.2739435,0.49373043
0.8433267,0.8280497,0.8763965,0.87046015,0.8688793,0.77626777,0.87498975,0.8806231,0.8664585,0.84784603,0.87337834,1.0,0.87549204,0.8804258,0.8462648,0.77578646,0.8556201,0.877131,0.8536381,0.85206497,0.86444193,0.86440843,0.8734817,0.8543265,0.8643376,0.85432875,0.8387365,0.8365205,0.87314373,0.8679554,0.8636469,0.8727507,0.8646623,0.8776625,0.8223445,0.85909885,0.87180674,0.87196517,0.8724492,0.87419575,0.8736178,0.87392026,0.6038034,0.7471162,-0.07657267,-0.032572407,0.8546352,0.86446846,0.20635079,-0.025999123,0.27087983,0.08429607,-0.111049764,0.104615,0.8585385,0.86921203,0.76394457,0.7585049,-0.11168121,-0.2123956,0.63357455,0.53959394,0.7745602,0.8410779,0.29100698,0.32998002,0.58717626,0.77891,0.5697405,0.5523519,0.87110054,0.8742668,0.87372917,0.8723534,0.8674862,0.87332886,0.8714351,0.8743597,0.85589075,0.8714259,0.8481716,0.85719275,0.85595614,0.8608942,0.80322164,0.84291744,0.8447029,0.86497134,0.8142489,0.87246627,0.75739896,0.77835464,0.5539306,0.747642,0.8302368,0.83579344,0.8485163,0.83222216,0.80165243,0.83824253,0.5870139,0.32215282,0.8474552,0.832527,0.8401252,0.82454216,0.5672904,0.73585856,0.7083082,0.8410206,0.83526695,0.37785006,0.4066903,0.587202,0.2980931,0.43358573
0.85356945,0.79255545,0.87978876,0.8776119,0.8757287,0.8115269,0.88051635,0.8800248,0.87565225,0.86852986,0.88277787,0.87549204,1.0,0.8814653,0.8698828,0.78601724,0.87478334,0.8639535,0.85257953,0.8458653,0.87987655,0.8781418,0.88155997,0.8694027,0.87523997,0.8702711,0.8585975,0.8607124,0.88308716,0.8777635,0.8803726,0.8816337,0.8650601,0.8773784,0.8134077,0.850564,0.88063693,0.87274396,0.8820008,0.87826777,0.8806232,0.8810658,0.6009718,0.73469675,-0.10284644,-0.047935996,0.8525664,0.85318846,0.22332844,-0.05819114,0.27945688,0.05599249,-0.09302516,0.08856645,0.8752501,0.8659774,0.7849764,0.7219855,-0.09310347,-0.25017315,0.6369033,0.5508144,0.8033264,0.8350738,0.2905537,0.33307546,0.57371,0.7497265,0.6031977,0.5183958,0.8814759,0.88192695,0.8825316,0.8824856,0.8777001,0.8791832,0.87949395,0.8807932,0.87366515,0.85350466,0.86962205,0.82889175,0.8740579,0.8600282,0.8410277,0.84819347,0.8633671,0.8730218,0.8457644,0.8717703,0.77643025,0.7894827,0.5589142,0.73769474,0.82982147,0.83443165,0.8658306,0.8185292,0.8226246,0.8404533,0.6070289,0.3282986,0.855765,0.83394945,0.85244834,0.8396598,0.61130285,0.7315518,0.7294552,0.8558034,0.83977616,0.34814563,0.41238225,0.59564596,0.26640332,0.49773094
0.8466903,0.81046414,0.8789295,0.8751632,0.8750756,0.79728585,0.8783011,0.88182217,0.87401617,0.8606525,0.87781566,0.8804258,0.8814653,1.0,0.859964,0.78665954,0.8659356,0.8726347,0.8512098,0.8481608,0.8732937,0.8723671,0.87929475,0.8648887,0.87207633,0.8631203,0.8514109,0.8522217,0.8789255,0.8748774,0.8742585,0.8786262,0.8629583,0.8776752,0.81698585,0.8563675,0.8766459,0.8730848,0.877749,0.8771697,0.8770012,0.87859124,0.60003984,0.7375628,-0.08339767,-0.02944831,0.8554862,0.8607308,0.21977279,-0.04070445,0.28596684,0.06646666,-0.11450673,0.09454282,0.8683911,0.8686739,0.7725197,0.743255,-0.092869,-0.22965601,0.63541913,0.54595846,0.78771377,0.83831394,0.3010964,0.32860875,0.5819749,0.7618842,0.5809587,0.52903855,0.87712026,0.87879086,0.8792952,0.8784786,0.8742735,0.8776154,0.8760644,0.8781449,0.8654514,0.8630109,0.85844105,0.8440086,0.866894,0.8617052,0.8227099,0.8507442,0.85540265,0.8695433,0.83141184,0.8726532,0.7686375,0.7852237,0.55792326,0.7456513,0.83329874,0.83724326,0.86078703,0.83031946,0.8135996,0.83611315,0.5966064,0.3301113,0.8516473,0.83345246,0.846749,0.83425844,0.5972752,0.7305936,0.7267628,0.8511843,0.8419053,0.36608928,0.41570348,0.59709406,0.28806755,0.47752544
0.8180202,0.7182832,0.85312885,0.859393,0.8724561,0.85741127,0.85507387,0.85377073,0.87567925,0.88009673,0.8689633,0.8462648,0.8698828,0.859964,1.0,0.8265933,0.8658609,0.8336209,0.8090096,0.7967913,0.8744736,0.87771887,0.87255055,0.87684834,0.87426996,0.8613546,0.87794787,0.8687112,0.873083,0.87769395,0.8782033,0.8725695,0.831718,0.8495769,0.7582902,0.8041628,0.86449975,0.86066276,0.87118965,0.86982477,0.8641732,0.86616266,0.59507096,0.67132616,-0.12648286,-0.07089039,0.8354238,0.8246008,0.25286156,-0.10743543,0.2981604,0.04714173,-0.07300787,0.06435672,0.87466824,0.8579075,0.74281937,0.6457918,-0.047204673,-0.3052596,0.587915,0.5096336,0.7945501,0.80480474,0.2590566,0.30588996,0.49774006,0.6847801,0.60530865,0.44128254,0.86896217,0.86908907,0.8693052,0.87221897,0.86133647,0.8698805,0.8650161,0.8691934,0.8685826,0.8210141,0.8619368,0.7944037,0.874597,0.85357064,0.8630619,0.8468147,0.8663583,0.8683834,0.87114596,0.85700154,0.7958441,0.8071815,0.5501788,0.70209116,0.81241596,0.816289,0.86711776,0.7991888,0.8345848,0.8303345,0.60008776,0.33912796,0.8598535,0.83107144,0.850522,0.84606546,0.6757458,0.70812815,0.7491264,0.85477227,0.8228278,0.3063841,0.40400934,0.58670634,0.24421218,0.58296657
0.6700695,0.6122987,0.75901175,0.7713366,0.8263896,0.83203167,0.7522075,0.7678459,0.8308302,0.81551254,0.780598,0.77578646,0.78601724,0.78665954,0.8265933,1.0,0.75929433,0.7717354,0.6768376,0.6667105,0.78761715,0.8077739,0.8067087,0.8311444,0.8211155,0.76092464,0.8392004,0.7878317,0.7944531,0.82380605,0.80360556,0.8022644,0.7174795,0.75755334,0.6408623,0.70121837,0.7726754,0.8086585,0.7878035,0.813252,0.77374554,0.7813632,0.5678516,0.54293954,-0.103301406,-0.033876568,0.7726326,0.7664229,0.25557816,-0.1428791,0.32880053,0.098219715,-0.09954651,0.05282562,0.8013455,0.8203585,0.5502792,0.57208556,0.06449767,-0.3094851,0.44619372,0.3897907,0.6626895,0.7069818,0.20352075,0.22543836,0.377839,0.5976081,0.51959926,0.3133328,0.78022504,0.7861228,0.78427273,0.7935562,0.76653564,0.80284405,0.7740407,0.78944194,0.77037835,0.7651479,0.74865735,0.7736451,0.7962368,0.80242795,0.77423745,0.8051839,0.7873976,0.7984353,0.8128817,0.7992698,0.7672681,0.7956274,0.51496226,0.644674,0.76308596,0.76785696,0.8058612,0.79596555,0.79185855,0.7693341,0.51571643,0.30273014,0.812127,0.7803904,0.78081906,0.801201,0.716078,0.6532278,0.73750764,0.7994104,0.76404375,0.30141243,0.39157817,0.54486096,0.27935168,0.6229251
0.86179054,0.7717415,0.87055945,0.870204,0.8617185,0.8090776,0.87450445,0.8672965,0.86101663,0.86456865,0.87396955,0.8556201,0.87478334,0.8659356,0.8658609,0.75929433,1.0,0.84754777,0.8522061,0.84240395,0.8766148,0.8718097,0.8682655,0.85758954,0.8636354,0.86753553,0.8501178,0.8620142,0.8755608,0.86640227,0.8746752,0.8718885,0.8643782,0.86885667,0.8094434,0.83898604,0.87536424,0.8570826,0.87625957,0.86545396,0.87424916,0.8744192,0.604085,0.7300553,-0.118428476,-0.068764776,0.8404004,0.83514553,0.23312964,-0.054297224,0.26394248,0.029665332,-0.083971076,0.07599612,0.8728918,0.8481531,0.81624204,0.70015,-0.10234516,-0.2646722,0.6445906,0.54607624,0.82492524,0.82470626,0.27775007,0.34181532,0.5567996,0.73273486,0.61541504,0.51966435,0.87856686,0.8758666,0.8760132,0.87537986,0.87508756,0.86770976,0.8772805,0.87317646,0.88045627,0.8353321,0.87892383,0.79447585,0.8689188,0.84280306,0.85096866,0.83335066,0.8594852,0.86257535,0.84806955,0.8560499,0.7738331,0.7751804,0.55545896,0.7145765,0.81425333,0.8184212,0.85625154,0.7877141,0.8182425,0.8327356,0.61221224,0.3365598,0.84810877,0.8211356,0.8431838,0.8255076,0.61368865,0.7174319,0.71315193,0.8426371,0.830999,0.3286906,0.40869975,0.5920205,0.23363528,0.50361574
0.83045256,0.83285385,0.86904573,0.86207694,0.86261106,0.75812304,0.86522186,0.87218696,0.8575918,0.8339292,0.8597796,0.877131,0.8639535,0.8726347,0.8336209,0.7717354,0.84754777,1.0,0.8475119,0.84781724,0.8517969,0.8522803,0.8634778,0.8437183,0.85686433,0.8392396,0.8258846,0.8201753,0.863586,0.8582289,0.852061,0.8641476,0.85642105,0.8698676,0.8193326,0.85457313,0.86119944,0.8632306,0.8612682,0.86645174,0.862353,0.86390734,0.5937254,0.7487361,-0.07991409,-0.023372969,0.8530592,0.8663302,0.19787218,-0.024531573,0.27801874,0.075283304,-0.1268274,0.09973413,0.8476671,0.8663495,0.75596994,0.77629375,-0.113373056,-0.19781524,0.62263775,0.53461564,0.773226,0.839599,0.29677105,0.32298136,0.57931983,0.78423774,0.5592682,0.5554108,0.86275625,0.8641323,0.86465377,0.86147016,0.8594521,0.86360973,0.86513907,0.8643722,0.84756964,0.87594223,0.833798,0.86233723,0.8412545,0.85244495,0.78317726,0.8349349,0.82919055,0.8520521,0.79794323,0.8671168,0.7543088,0.7668282,0.56612384,0.7416527,0.82756263,0.8306304,0.8391369,0.83498394,0.7927913,0.82995933,0.57809573,0.33743924,0.8383991,0.82486564,0.824996,0.8184428,0.57637507,0.7304899,0.6945218,0.8270435,0.8304573,0.38802978,0.42715123,0.57616705,0.29000786,0.42823684
0.8705302,0.8371167,0.86582524,0.852807,0.82739407,0.71756375,0.8677466,0.8604261,0.8225291,0.8149378,0.8534925,0.8536381,0.85257953,0.8512098,0.8090096,0.6768376,0.8522061,0.8475119,1.0,0.8772728,0.84405583,0.8366905,0.8406565,0.80677295,0.8243308,0.84242344,0.789848,0.81035453,0.8489804,0.82830137,0.83396363,0.84071714,0.8753814,0.86625886,0.85041356,0.858299,0.85756695,0.8363409,0.8518447,0.8409912,0.8591208,0.85489947,0.5861721,0.7800481,-0.086990684,-0.054641247,0.82878035,0.8295839,0.20572335,0.027580861,0.20470221,0.024754401,-0.12609428,0.09769909,0.83366567,0.8252107,0.83048534,0.7502932,-0.17090903,-0.19088094,0.66451,0.5841401,0.79215807,0.8353282,0.2619294,0.38103625,0.6406038,0.786574,0.57562363,0.61992246,0.85528225,0.8528508,0.85300595,0.8482321,0.8525046,0.8397607,0.85860276,0.8506669,0.8465969,0.8424562,0.84712523,0.8049322,0.8319513,0.821825,0.78254706,0.7944155,0.8208828,0.8355824,0.7820017,0.8364566,0.7116423,0.7088052,0.54360545,0.737749,0.8116767,0.8178351,0.8158087,0.7766504,0.7628335,0.8036865,0.57099384,0.33107558,0.80200475,0.7943743,0.8174961,0.77406484,0.49253705,0.7105142,0.6551791,0.81243145,0.8123416,0.385165,0.3852442,0.5785417,0.25009766,0.38521302
0.8683711,0.8504495,0.86218524,0.8520723,0.8180779,0.7062698,0.86451674,0.8601632,0.81445247,0.80626607,0.8464968,0.85206497,0.8458653,0.8481608,0.7967913,0.6667105,0.84240395,0.84781724,0.8772728,1.0,0.83659923,0.8292971,0.83476233,0.8026453,0.81765586,0.8373253,0.77532905,0.8008434,0.84113663,0.8218776,0.8267805,0.8367503,0.8684584,0.8635044,0.8445234,0.8611521,0.84988075,0.8288236,0.8442163,0.83324003,0.8538812,0.8503423,0.57057846,0.78186,-0.09081552,-0.044285797,0.8254798,0.83385336,0.1941896,0.031471714,0.19755465,0.04367073,-0.13131553,0.07772182,0.82450604,0.81661564,0.8251516,0.77405417,-0.18931815,-0.17971912,0.66624415,0.5704065,0.79151434,0.8406179,0.27897254,0.3699417,0.6478812,0.796234,0.5600626,0.6194707,0.84698313,0.84751874,0.8492094,0.84188324,0.8471655,0.83810323,0.8506154,0.8446242,0.83403015,0.8438954,0.8364496,0.8136862,0.8222398,0.82105106,0.7713129,0.79212624,0.8151681,0.8249591,0.7702929,0.8289463,0.6987976,0.69512,0.5241679,0.73020697,0.7909572,0.8005635,0.8053111,0.77054775,0.75445527,0.8014614,0.57651144,0.31265274,0.8005505,0.79165035,0.8149406,0.76708144,0.4732998,0.7122714,0.64154446,0.80243355,0.81558335,0.4017259,0.3727895,0.584569,0.27415967,0.3587782
0.85164803,0.7739204,0.87170714,0.8713195,0.8721049,0.8278367,0.87516475,0.8722978,0.8728534,0.8763322,0.8802197,0.86444193,0.87987655,0.8732937,0.8744736,0.78761715,0.8766148,0.8517969,0.84405583,0.83659923,1.0,0.8814216,0.8761327,0.86803716,0.87155557,0.8717862,0.86534417,0.86950195,0.8808554,0.8776188,0.87871206,0.8776738,0.85882944,0.87055284,0.79292953,0.8362848,0.87808967,0.86586565,0.88184905,0.87427264,0.87850636,0.87955695,0.5983269,0.7167004,-0.11336789,-0.0629558,0.84226424,0.8409775,0.23676637,-0.05715955,0.27123818,0.05044112,-0.091024354,0.08582805,0.8761382,0.8588302,0.7832846,0.69287986,-0.10409244,-0.26571152,0.6238283,0.5332579,0.80622864,0.8314073,0.27300292,0.3299455,0.5524329,0.72842497,0.5930872,0.5106775,0.8793625,0.8810424,0.8808683,0.88070196,0.877647,0.8771882,0.87773186,0.87961805,0.876794,0.84318745,0.87288916,0.8100095,0.8777367,0.8618933,0.8513147,0.84680986,0.87069166,0.8736615,0.85630816,0.86391234,0.7820247,0.7923323,0.5482321,0.73084825,0.8141466,0.8233691,0.86371076,0.79975593,0.821638,0.8382076,0.6140604,0.34470755,0.85845417,0.83374757,0.85686696,0.839517,0.61255485,0.71477646,0.72404367,0.8533415,0.8335146,0.32991758,0.39104268,0.5880448,0.26998296,0.52084714
0.840385,0.7666222,0.8687667,0.870701,0.8761249,0.8364497,0.8710874,0.8701748,0.8777426,0.8795974,0.87818176,0.86440843,0.8781418,0.8723671,0.87771887,0.8077739,0.8718097,0.8522803,0.8366905,0.8292971,0.8814216,1.0,0.8781101,0.87404656,0.8757767,0.869679,0.8703007,0.86602765,0.8804435,0.881009,0.87937254,0.87846506,0.8544165,0.8679172,0.7883009,0.8303044,0.875056,0.86893964,0.87985915,0.87701887,0.87658346,0.87780386,0.61218256,0.69989383,-0.11529006,-0.06341609,0.8474929,0.8398151,0.24235407,-0.0655399,0.26902723,0.051561102,-0.09531888,0.08279041,0.87603825,0.86353034,0.7666864,0.68690205,-0.084150776,-0.28046957,0.6124173,0.5181031,0.8002334,0.8256539,0.25149578,0.32520792,0.5368525,0.72562015,0.59258085,0.49709758,0.8781349,0.87976205,0.87978846,0.8805404,0.8725196,0.8789721,0.8757794,0.87936956,0.8730248,0.84462464,0.8685394,0.8174664,0.876332,0.86481506,0.8504265,0.849524,0.86845195,0.8753869,0.85906696,0.8659238,0.78282076,0.8013361,0.56138426,0.72517776,0.819032,0.82546115,0.86498654,0.806971,0.82641053,0.84158176,0.60346687,0.3388847,0.8629405,0.84059566,0.85617334,0.8393556,0.63408524,0.72391677,0.733364,0.8565202,0.83624405,0.3370607,0.38765648,0.5922604,0.26868802,0.53471416
0.83863306,0.78303814,0.87640655,0.8784055,0.8776265,0.8215113,0.8750119,0.87760323,0.87882185,0.8700194,0.8783675,0.8734817,0.88155997,0.87929475,0.87255055,0.8067087,0.8682655,0.8634778,0.8406565,0.83476233,0.8761327,0.8781101,1.0,0.87716687,0.8771617,0.8638952,0.86257625,0.8576538,0.88069665,0.88006604,0.8808572,0.8827365,0.8562602,0.87273324,0.801998,0.84263563,0.8758186,0.8736421,0.8785423,0.879425,0.87652117,0.8771506,0.59046614,0.72190005,-0.096639596,-0.034131724,0.8565295,0.8559936,0.23123656,-0.065746844,0.29189235,0.06689207,-0.104327634,0.07631064,0.8744717,0.86919725,0.76375645,0.71974206,-0.07308757,-0.24371226,0.6285699,0.53730315,0.7996239,0.8293007,0.28881845,0.31483775,0.5566007,0.74326706,0.60239625,0.4993986,0.877373,0.87914026,0.87952256,0.88040096,0.871026,0.8789887,0.8750072,0.8788613,0.86827356,0.8536524,0.8630796,0.8355442,0.8703472,0.86189497,0.8399819,0.85277534,0.8595592,0.8713048,0.8486186,0.87111896,0.7837152,0.79543495,0.558657,0.7336331,0.82944983,0.83058786,0.86592185,0.82547706,0.8281525,0.83873713,0.5970985,0.31552896,0.85994077,0.83994406,0.8499618,0.8414593,0.63568723,0.7354556,0.73611003,0.85547805,0.8404688,0.34407365,0.4161713,0.5953561,0.26855427,0.51262957
0.81243825,0.73873764,0.8582206,0.8687651,0.8713678,0.84585935,0.8569342,0.8607257,0.8748311,0.87239325,0.86636204,0.8543265,0.8694027,0.8648887,0.87684834,0.8311444,0.85758954,0.8437183,0.80677295,0.8026453,0.86803716,0.87404656,0.87716687,1.0,0.8742028,0.85351956,0.8681716,0.8561779,0.8713011,0.8777483,0.8771536,0.8765664,0.8317009,0.8543334,0.76443124,0.8137117,0.8613788,0.86273795,0.86721236,0.8702647,0.8623065,0.8638293,0.5903536,0.6789583,-0.11917449,-0.046605837,0.846148,0.8399298,0.24318059,-0.11268074,0.30274874,0.07320275,-0.08578379,0.063954085,0.87018055,0.8607242,0.7334411,0.6841951,-0.03288451,-0.2826677,0.6024719,0.49954095,0.79763305,0.81044704,0.2784211,0.2894671,0.50821596,0.70430124,0.59972185,0.43383336,0.8651922,0.8672271,0.86905324,0.8716705,0.85739154,0.87257975,0.8603861,0.8678914,0.8594133,0.83353555,0.8539606,0.8191386,0.86496747,0.85361546,0.8519563,0.8526564,0.85585374,0.8636499,0.85906357,0.85933745,0.78726625,0.8047621,0.55194575,0.7043212,0.8107892,0.81107795,0.8639511,0.814737,0.8359783,0.8329356,0.59573907,0.29974675,0.8618936,0.8351006,0.84150344,0.8409221,0.6801844,0.7277965,0.7475597,0.85300434,0.8332459,0.32682073,0.41515064,0.59509724,0.24967116,0.5518067
0.8235977,0.76000005,0.8642739,0.86504215,0.88097924,0.8293731,0.86349016,0.86678356,0.8804694,0.8693742,0.8718427,0.8643376,0.87523997,0.87207633,0.87426996,0.8211155,0.8636354,0.85686433,0.8243308,0.81765586,0.87155557,0.8757767,0.8771617,0.8742028,1.0,0.86436415,0.86974585,0.8565279,0.87636834,0.878526,0.8776289,0.87714446,0.8434485,0.8615414,0.7838624,0.8272253,0.86887735,0.86846036,0.87340856,0.8760595,0.868425,0.8715861,0.59356576,0.698348,-0.12042642,-0.040530212,0.845113,0.8461732,0.24244164,-0.08372484,0.30524233,0.070386566,-0.10152398,0.05550098,0.8701021,0.8694428,0.7415836,0.6981516,-0.05661921,-0.2768525,0.59739476,0.52949816,0.78726727,0.8173734,0.27504072,0.32054254,0.5300426,0.7229896,0.60051423,0.46937802,0.87252283,0.8732122,0.8733288,0.8754381,0.8643905,0.8747158,0.87035817,0.87219554,0.8651124,0.8464645,0.85433346,0.8290432,0.87050325,0.85829824,0.8360999,0.842475,0.860572,0.8702639,0.8488961,0.8675152,0.78356564,0.8040284,0.5680514,0.7139725,0.82492524,0.8283274,0.8655414,0.82209474,0.83354175,0.8366026,0.5905888,0.32711983,0.85982466,0.8386229,0.8486574,0.8499871,0.64680624,0.7242055,0.74549174,0.8529668,0.83937323,0.34460202,0.41579834,0.58755714,0.25568822,0.5432566
0.851651,0.7714159,0.861243,0.8607308,0.85859245,0.8202066,0.86719394,0.86373836,0.85873485,0.8668124,0.8723998,0.85432875,0.8702711,0.8631203,0.8613546,0.76092464,0.86753553,0.8392396,0.84242344,0.8373253,0.8717862,0.869679,0.8638952,0.85351956,0.86436415,1.0,0.85483557,0.866753,0.86987436,0.8661061,0.86932784,0.8654222,0.85646105,0.86142904,0.7905272,0.82758445,0.86725396,0.85229975,0.8718226,0.8616707,0.871051,0.8707045,0.5817179,0.7051335,-0.12562919,-0.06744214,0.8324055,0.81945425,0.24985757,-0.06777338,0.2730299,0.017776053,-0.07647191,0.072554775,0.8636247,0.8463272,0.7822614,0.6742485,-0.13159156,-0.28857386,0.60712236,0.54503566,0.8013336,0.83207643,0.28098658,0.33915502,0.5621772,0.72031945,0.5592067,0.517743,0.87124324,0.8711416,0.8708825,0.8713307,0.86509204,0.8659211,0.86996895,0.8693655,0.86750937,0.82838005,0.8641381,0.79514694,0.8740972,0.8548494,0.84277755,0.8252827,0.8714715,0.86804646,0.8488214,0.8490564,0.7590686,0.776361,0.5435087,0.7140704,0.8067739,0.8193242,0.8516578,0.7811242,0.8040347,0.82943094,0.5913705,0.34318036,0.84049577,0.82309705,0.8569393,0.82233214,0.5831472,0.68781835,0.740132,0.84757686,0.8240705,0.34410784,0.36955583,0.5817856,0.26031005,0.50637734
0.7947548,0.70514476,0.837389,0.84238255,0.8708698,0.86037916,0.8396981,0.8420001,0.87267447,0.8751906,0.8583302,0.8387365,0.8585975,0.8514109,0.87794787,0.8392004,0.8501178,0.8258846,0.789848,0.77532905,0.86534417,0.8703007,0.86257625,0.8681716,0.86974585,0.85483557,1.0,0.8684981,0.8634569,0.8735959,0.8671721,0.8608168,0.81566334,0.8365426,0.7375827,0.78821224,0.85320544,0.8573152,0.8630742,0.86467075,0.8537738,0.8575832,0.59909964,0.6450357,-0.11478242,-0.07207136,0.8221689,0.81273824,0.26061484,-0.1083889,0.30547926,0.044446718,-0.08351234,0.076026246,0.86501646,0.8567708,0.70352674,0.6255883,-0.046948057,-0.31180504,0.5527663,0.49347422,0.76409227,0.79252213,0.25176948,0.29400623,0.47748002,0.66885793,0.56467503,0.4352672,0.85794616,0.86006033,0.8580242,0.8629966,0.8509535,0.8621401,0.8550206,0.86115897,0.85711306,0.8153336,0.8445279,0.79155797,0.87055945,0.8561855,0.8471221,0.84007007,0.8641995,0.86556613,0.86609113,0.850207,0.79503226,0.812998,0.54062706,0.70449275,0.80970633,0.81884044,0.8608402,0.80021065,0.8229175,0.82204944,0.58710533,0.33764344,0.8539465,0.8223476,0.84855145,0.8425661,0.66111183,0.6764326,0.75726396,0.85137844,0.81390107,0.3122732,0.37902743,0.5680961,0.27532738,0.59213316
0.8280513,0.7261903,0.84372705,0.8483857,0.8561814,0.8480924,0.8514853,0.84775513,0.86032116,0.87242645,0.8626908,0.8365205,0.8607124,0.8522217,0.8687112,0.7878317,0.8620142,0.8201753,0.81035453,0.8008434,0.86950195,0.86602765,0.8576538,0.8561779,0.8565279,0.866753,0.8684981,1.0,0.862319,0.86610883,0.86744106,0.8578988,0.8312668,0.84540933,0.75722164,0.8020026,0.85598135,0.8477591,0.8653628,0.8552426,0.8587692,0.86334187,0.5897768,0.67836046,-0.10795443,-0.062046215,0.81961995,0.807303,0.25474355,-0.074987516,0.28444478,0.005487943,-0.08740028,0.08942934,0.86502457,0.8395824,0.7555138,0.6386647,-0.10481861,-0.290745,0.5857162,0.51550263,0.79004824,0.80236316,0.27629223,0.32120597,0.5298592,0.68328947,0.55202794,0.48990873,0.86204755,0.86408514,0.86103034,0.8648766,0.8587325,0.8587813,0.858934,0.86188287,0.8647441,0.80687207,0.8598191,0.77251405,0.87251824,0.8523331,0.85296065,0.8314532,0.8695886,0.86210424,0.8621819,0.83631253,0.7850191,0.7842265,0.52118146,0.71398574,0.7945971,0.8077232,0.8503465,0.7735814,0.8112077,0.81413805,0.611031,0.35082987,0.8453912,0.8107077,0.8531477,0.8262667,0.60664165,0.6589397,0.74161243,0.83919317,0.81071424,0.32367104,0.35782373,0.56621236,0.30028424,0.54900783
0.8499899,0.78631,0.8770826,0.87617534,0.8770702,0.8186873,0.87823874,0.87745285,0.8766661,0.8722059,0.8826788,0.87314373,0.88308716,0.8789255,0.873083,0.7944531,0.8755608,0.863586,0.8489804,0.84113663,0.8808554,0.8804435,0.88069665,0.8713011,0.87636834,0.86987436,0.8634569,0.862319,1.0,0.87990457,0.88028866,0.8814443,0.86362964,0.8757646,0.80566895,0.8449996,0.88076854,0.8736549,0.8829539,0.8795169,0.88075393,0.8810875,0.60933435,0.7248785,-0.11121465,-0.05914897,0.8517217,0.8501866,0.22624555,-0.0643019,0.27576488,0.055813603,-0.09204445,0.09391398,0.87755436,0.8687062,0.7791691,0.71350765,-0.09563025,-0.26470965,0.6320533,0.5383414,0.8031311,0.83503294,0.27994964,0.33369368,0.5559594,0.7461941,0.5957341,0.51885897,0.8815349,0.8826775,0.88310426,0.88295394,0.87704444,0.8808975,0.8798752,0.88198453,0.87630486,0.85390484,0.87032586,0.8291661,0.8761886,0.86316204,0.8453434,0.852272,0.8665214,0.87523216,0.85137236,0.87280613,0.7777321,0.7960892,0.56447995,0.73757917,0.827298,0.8335033,0.8659674,0.8171164,0.8273654,0.8456143,0.6111882,0.32877985,0.86051905,0.83770066,0.8538802,0.8386679,0.6203807,0.73018277,0.7337237,0.85718447,0.84031117,0.3490467,0.40339908,0.5902282,0.26586923,0.5070098
0.8296498,0.76730776,0.8673042,0.86986846,0.8798874,0.8392395,0.8677273,0.8709403,0.8814721,0.8770877,0.87688,0.8679554,0.8777635,0.8748774,0.87769395,0.82380605,0.86640227,0.8582289,0.82830137,0.8218776,0.8776188,0.881009,0.88006604,0.8777483,0.878526,0.8661061,0.8735959,0.86610883,0.87990457,1.0,0.8793747,0.87967193,0.84974945,0.86742675,0.78451455,0.83061093,0.8723541,0.8747094,0.8783624,0.88052064,0.8740134,0.8765026,0.6119203,0.7016049,-0.09996465,-0.04921998,0.8507285,0.84635586,0.23648965,-0.07855913,0.297311,0.05837656,-0.09852333,0.08405756,0.87613,0.871876,0.7458131,0.6962042,-0.06992439,-0.27450058,0.59997433,0.5171079,0.7902435,0.82451427,0.2726223,0.31238574,0.53435534,0.7268764,0.5821142,0.4910883,0.87576497,0.87851495,0.8777465,0.88019586,0.8696126,0.8796184,0.87291145,0.8787291,0.86929476,0.85072327,0.8610711,0.83057564,0.875331,0.8689388,0.8451672,0.8556593,0.86713636,0.8749887,0.8584188,0.87071925,0.79050756,0.80681014,0.5519206,0.73103523,0.8255951,0.8331414,0.86710083,0.8237246,0.8313812,0.8426007,0.60243833,0.33759952,0.8650644,0.8412534,0.8570441,0.8432649,0.6404008,0.7212785,0.7483408,0.8584287,0.83685803,0.35048777,0.40242574,0.5886621,0.2868106,0.5359578
0.84104043,0.7600298,0.8714473,0.8749805,0.875667,0.8341091,0.8723872,0.8712601,0.87753683,0.87517625,0.8772637,0.8636469,0.8803726,0.8742585,0.8782033,0.80360556,0.8746752,0.852061,0.83396363,0.8267805,0.87871206,0.87937254,0.8808572,0.8771536,0.8776289,0.86932784,0.8671721,0.86744106,0.88028866,0.8793747,1.0,0.8815643,0.85214525,0.8677444,0.7941328,0.834117,0.8747047,0.8685906,0.8783631,0.87557584,0.8748305,0.8764145,0.5934866,0.71228313,-0.11154474,-0.044448268,0.85001945,0.8446233,0.23791347,-0.078283355,0.29058978,0.054126132,-0.091291964,0.06799649,0.8784153,0.8622719,0.77492136,0.69658744,-0.070042334,-0.27165592,0.6219816,0.5330537,0.80889165,0.822866,0.2908224,0.31970972,0.54883826,0.7258934,0.61017376,0.48294494,0.87861854,0.8783418,0.878722,0.88049656,0.8727579,0.8767562,0.8748431,0.8764974,0.8738211,0.8390527,0.8704049,0.8149269,0.8743081,0.855382,0.85401183,0.84776855,0.86429095,0.87018883,0.8591922,0.86508536,0.78747684,0.7964838,0.55580604,0.7185728,0.82453877,0.8255225,0.8700489,0.81393343,0.83380246,0.83476794,0.6098088,0.32959074,0.86063355,0.835048,0.8511045,0.84380543,0.6473299,0.72863746,0.7437941,0.8555959,0.83854014,0.3334897,0.41239354,0.59362227,0.25551316,0.5328071
0.84230024,0.7833033,0.8767659,0.8786274,0.8767823,0.8209202,0.8759672,0.87753457,0.8769811,0.8707601,0.8784548,0.8727507,0.8816337,0.8786262,0.8725695,0.8022644,0.8718885,0.8641476,0.84071714,0.8367503,0.8776738,0.87846506,0.8827365,0.8765664,0.87714446,0.8654222,0.8608168,0.8578988,0.8814443,0.87967193,0.8815643,1.0,0.858006,0.87423897,0.8010601,0.843369,0.8765677,0.8732417,0.87972176,0.879515,0.87792057,0.8781179,0.5973872,0.72128946,-0.108726226,-0.031949118,0.8548485,0.85595256,0.22327809,-0.07228563,0.2866587,0.06564115,-0.09714697,0.07492579,0.87629527,0.86900723,0.7719902,0.7212531,-0.077528186,-0.25283813,0.6258631,0.5311418,0.8060316,0.8322079,0.28977066,0.31464648,0.5539913,0.74495304,0.6017399,0.4989687,0.8793125,0.8801102,0.88083893,0.88164246,0.87333244,0.88029796,0.8761436,0.8790454,0.87118256,0.85434574,0.86636764,0.8336881,0.8710374,0.86082935,0.84347373,0.85285825,0.8614464,0.8705961,0.8505253,0.8707936,0.7807713,0.7938448,0.562505,0.72575474,0.8268994,0.83130985,0.866976,0.82471555,0.8296339,0.8428499,0.6043644,0.32416624,0.8598929,0.83923995,0.84892684,0.84137917,0.63867307,0.735783,0.7357234,0.8558635,0.84202546,0.3478359,0.4170578,0.60008454,0.2636067,0.5053523
0.86983037,0.8273912,0.8724039,0.86326563,0.84570664,0.7541416,0.873955,0.8701705,0.8418942,0.8363852,0.86636376,0.8646623,0.8650601,0.8629583,0.831718,0.7174795,0.8643782,0.85642105,0.8753814,0.8684584,0.85882944,0.8544165,0.8562602,0.8317009,0.8434485,0.85646105,0.81566334,0.8312668,0.86362964,0.84974945,0.85214525,0.858006,1.0,0.8766431,0.84337103,0.8604441,0.8681443,0.855296,0.864864,0.85840744,0.8696275,0.8673336,0.613521,0.7685548,-0.07554293,-0.066635124,0.84179324,0.83740133,0.22094364,-0.010223648,0.22853173,0.036738846,-0.09970185,0.10004956,0.8512658,0.845712,0.8182562,0.7470079,-0.14708169,-0.22079633,0.6429716,0.569675,0.80148625,0.8385993,0.25861028,0.35645247,0.6140618,0.7845486,0.5764525,0.5890895,0.86877507,0.8666846,0.8660783,0.8640282,0.865172,0.85602117,0.8694051,0.86569995,0.8628187,0.8570144,0.8618652,0.8192724,0.84921366,0.83936423,0.80809283,0.81639147,0.8408761,0.8538278,0.8092453,0.8529207,0.73464406,0.7465812,0.55628735,0.73690474,0.8251744,0.8309436,0.8357024,0.79903054,0.78444046,0.8283696,0.5860991,0.3259816,0.82706064,0.81429935,0.83424026,0.79078263,0.5346441,0.723686,0.701726,0.8362663,0.82635206,0.383668,0.3902778,0.5983659,0.2607043,0.41597533
