1.0,-0.06763391,0.48906073,0.16559756,-0.2906662,0.3964032,0.61824656,-0.14268456,-0.22045977,0.23420916,0.699749,0.058866173,0.23857814,-0.098322585,-0.015078566,0.35431054,0.5910583,0.09402474,0.2146376,0.72863156,0.2497793,-0.2262113,0.30713826,-0.35333344,0.1656901,-0.11654442,0.39784092,0.51399094,0.19757038,0.43912646,0.35431212,-0.21988475,0.44468826,0.6140698,0.54765904,0.33608195,0.22225736,-0.05073929,0.3229062,0.16613045,0.116362944,0.37938774,0.37357867,0.17823756,-0.19163689,0.039089795,0.42812562,0.29958162,-0.1352553,0.13585314,0.28711244,0.11337334,0.274788,-0.13611001,0.55113554,0.10056458,0.76824784,-0.1905835,-0.047082826,-0.055536233,0.15078473,-0.06241679,0.65523076,-0.31021976,0.23095801,0.022827772,0.4053339,0.46511596,0.32090878,-0.009552979,0.089925796,-0.24365743,0.38144425,0.37928456,0.39036176,-0.30518153,0.00438539,0.3125942,0.2880124,0.35042027,0.7226699,-0.2871955,0.43519795,0.040731434,0.6355174,-0.2755744,0.29406393,-0.5194951,0.5475307,-0.27115065,0.49265957,-0.4406192,0.37763733,-0.3909119,0.38084698,0.31013784,0.42225027,0.31006792,0.3477306,0.0032188543,0.48765302,-0.39024213,0.33771026,-0.26129577,0.3935979,0.21444929,0.24512675,0.26420978,0.4232458,0.434378,0.32294846,-0.014270762,-0.055109307,-0.045571595,0.26688558,0.42112032
-0.06763391,1.0,-0.11198101,0.5656085,0.32990417,-0.31425866,-0.1303344,0.65307885,0.35237995,-0.0033357572,-0.07367777,0.640533,0.31711504,0.5817505,0.5166863,0.15449864,-0.06126104,0.33980855,0.7287848,0.20653614,-0.020383488,0.4609309,-0.039907526,0.5673231,-0.35436478,-0.14799313,-0.4915377,-0.44553486,0.6010603,0.3523422,-0.22371194,0.44716248,0.39612144,0.3492872,0.10430885,0.21218467,0.05901463,0.41147143,0.056356885,-0.10904353,0.23145378,-0.036172718,0.013738058,0.34512448,0.11805988,0.10298166,0.153543,0.33313072,-0.12246444,-0.024963187,-0.2031379,0.08417363,-0.18622902,-0.001143226,-0.20168848,0.38208947,-0.33524272,0.8887665,-0.029901125,0.17169745,-0.025494037,0.15173905,-0.44260925,0.7426055,-0.19722588,0.37034193,0.27675536,0.2816624,0.5608974,0.35225376,0.16958934,0.4104784,-0.063449316,0.043562453,-0.105841555,0.57859856,0.29891494,-0.1272422,0.015411969,0.31760004,-0.26158324,0.63128495,-0.30565315,0.25683194,-0.5136477,0.6466573,-0.732043,0.3190996,-0.5706564,0.47400817,-0.4020666,0.47001308,-0.31805092,0.45566162,0.17805214,0.22378848,0.19780457,0.23639905,-0.14765924,0.24179386,-0.4099503,0.22195745,-0.48334062,0.20851137,-0.27172336,0.0007722821,-0.27691546,-0.2082053,0.16446404,0.19995902,0.18966377,0.35676545,0.38511655,0.035376355,0.057818096,0.0113975825
0.48906073,-0.11198101,1.0,0.42426473,-0.11284723,0.40825796,0.81002605,-0.007417235,0.07945805,0.36860016,0.47027573,-0.08285153,0.30972263,-0.1158951,0.17446248,0.39384714,0.36129236,0.113739155,0.25653425,0.5454763,0.4123754,0.1271686,0.6935341,0.124034405,0.27711707,0.24764022,0.31035584,0.45053315,0.21735604,0.46929994,0.68926376,0.2864373,0.3181064,0.4308897,0.4798128,0.43732205,0.57784456,0.29071078,0.57883644,0.31636173,0.22121395,0.5684065,0.15205112,0.10901516,-0.19010182,-0.088855326,0.257465,0.31892475,-0.015003988,0.118601836,0.10927348,0.19562905,0.17021328,-0.08190465,0.5900876,0.18067856,0.35975823,-0.20788208,-5.778235e-05,-0.00690078,-0.026859257,-0.009962506,0.42942393,-0.20680413,0.10950041,0.026394725,0.38740748,0.44818172,0.19855744,0.21552816,0.42727765,0.14165235,0.6445712,0.5213447,0.5601406,0.10976539,0.5008234,0.65696746,0.40359282,0.38623866,0.64682525,-0.06316326,0.5589934,0.34764346,0.60714,-0.037131604,0.34809694,-0.10941175,0.53519624,-0.017422462,0.20061949,-0.21922553,0.23809703,-0.11215892,0.45195425,0.34628087,0.47939336,0.31175035,0.20736752,0.058036238,0.23494303,-0.22931617,0.17650074,0.038171694,0.24228276,0.42008254,0.12333592,0.14865513,0.31699035,0.43796968,0.4162051,0.16801207,0.15055107,0.13942096,0.25163323,0.29571798
0.16559756,0.5656085,0.42426473,1.0,0.29424545,0.058411382,0.48493713,0.75978506,0.45243782,0.34526327,0.1667015,0.45101097,0.66544455,0.6025534,0.6422294,0.4671608,0.21255611,0.5420345,0.78321797,0.51372117,0.33966362,0.66539705,0.5014721,0.70238715,-0.09376247,0.24289079,-0.08363148,-0.06558074,0.6835016,0.60345525,0.29792005,0.7364124,0.47621128,0.5103826,0.49457735,0.6763336,0.51440877,0.6370246,0.40530524,0.2142057,0.4982427,0.37123972,0.112203,0.4688313,-0.020826498,0.06607328,0.36384657,0.49281317,-0.12426311,-0.013500855,-0.18002783,0.058043655,-0.065546654,-0.14284024,0.2707192,0.5438076,-0.20066142,0.55639386,0.006033129,0.21096344,-0.12918569,0.045884706,-0.09894156,0.55890286,-0.22782297,0.11884864,0.5810799,0.5977285,0.60288537,0.38574755,0.5457523,0.6016135,0.46855476,0.37865716,0.37404606,0.6838164,0.63495123,0.39968634,0.47730502,0.6778939,0.2294216,0.6490477,0.07868752,0.40818432,-0.14151357,0.5908254,-0.40561053,0.31308147,-0.106732465,0.5855524,-0.19283679,0.29870498,-0.16100462,0.38243398,0.3668205,0.37843645,0.4618275,0.3892638,0.01654096,0.2288318,-0.15590297,0.18377659,-0.21044658,0.33663127,-0.021987282,0.29757574,-0.05800803,-0.060988862,0.35237992,0.3803813,0.4268665,0.4383485,0.50988185,0.1630711,0.18786573,0.2112512
-0.2906662,0.32990417,-0.11284723,0.29424545,1.0,0.18507853,-0.11790028,0.5664538,0.6644518,0.34997922,-0.09887181,0.32025552,0.18208452,0.48110786,0.40174612,0.16306496,0.013102808,0.29434535,0.31074,-0.034343507,0.24332994,0.6317447,0.16473578,0.58965254,0.45304322,0.56867546,0.15114285,0.10037587,0.5071414,0.25586024,0.057186987,0.5072614,0.27751705,0.21529455,0.13221447,0.24508536,0.22295953,0.5104275,0.36768997,0.37893894,0.38674483,0.050476946,-0.0018245492,0.24126999,-0.025641788,-0.1769659,0.20177512,0.32790035,-0.09429814,-0.14384621,-0.39134067,-0.043929894,-0.28080797,-0.0061709625,0.11328426,0.51466954,-0.4516756,0.32361624,-0.020817103,-0.01682727,-0.24897245,-0.10389817,-0.41534176,0.3569708,-0.28040433,-0.15047097,0.05739194,0.17241491,0.21655856,0.058579642,0.4410875,0.6547916,0.23593271,0.33999962,0.12319264,0.5702944,0.40072885,0.17151932,0.18914793,0.33760455,-0.12171468,0.52676284,0.07186325,0.36756623,-0.38694352,0.52436435,-0.07233143,0.6878335,-0.19628939,0.5873894,-0.12784259,0.46573424,-0.10796924,0.47253916,0.21341336,0.30593836,0.26701015,0.30450004,0.05789044,0.33609807,-0.062820494,0.4511599,-0.10361825,0.48716033,-0.015321558,0.23474242,0.0030103803,-0.023443803,0.15943466,0.2039524,0.17383909,0.48231137,0.43662742,0.19679517,0.17968114,0.11376717
0.3964032,-0.31425866,0.40825796,0.058411382,0.18507853,1.0,0.41478872,0.00025092022,0.3377646,0.65416545,0.489075,0.010571764,0.3597664,0.04754238,0.17247523,0.5034293,0.45928976,0.17277968,-0.032282837,0.32366806,0.4401909,0.09566854,0.51419103,-0.024693321,0.64506733,0.5040658,0.65494734,0.7820737,0.21729101,0.4339674,0.58942,0.093469866,0.25408456,0.33204806,0.30184662,0.330971,0.31057522,0.20286506,0.5286621,0.6346841,0.3723267,0.36540523,0.1431809,-0.017685423,-0.15418178,-0.062021345,0.23758498,0.21399076,-0.053332724,0.162458,-0.08979242,-0.13009624,0.07242256,-0.017234841,0.55724114,0.2589582,0.30888152,-0.42836353,-0.07483011,-0.07361983,-0.22301511,-0.24971738,0.21943447,-0.36584774,0.13693993,-0.27235994,0.07260835,0.20091724,0.019724468,-0.18757549,0.38663208,0.1499639,0.528157,0.6019811,0.48706102,0.0025292155,0.18442327,0.4355088,0.25362024,0.32251936,0.48025295,-0.0417304,0.6520698,0.40940154,0.5251017,-0.028350512,0.5546727,0.13333987,0.5518593,0.060046855,0.48456776,-0.1904184,0.25731996,-0.1179817,0.33062413,0.35851333,0.3728335,0.3112119,0.3665156,0.2099092,0.49535632,-0.1353527,0.480931,0.16509683,0.51224136,0.44918376,0.4071373,0.46361673,0.28313825,0.39454773,0.28157505,0.13167182,1.2011424e-05,0.10745182,0.29342097,0.32977608
0.61824656,-0.1303344,0.81002605,0.48493713,-0.11790028,0.41478872,1.0,0.061889656,0.025513329,0.38037378,0.59053457,-0.056979146,0.4626717,-0.045177106,0.19270958,0.41066167,0.5321062,0.24873738,0.31250015,0.64384085,0.44619507,0.11113194,0.6341109,0.03958589,0.19822846,0.23266573,0.42324835,0.47707224,0.30052537,0.49049306,0.668999,0.2693542,0.34411013,0.51675,0.6129726,0.54911107,0.60786873,0.25626373,0.55324227,0.29923207,0.3247613,0.595806,0.22083701,0.21829835,-0.24130319,-0.08840774,0.36874253,0.35207447,-0.14999413,0.13010478,0.072872475,0.14962694,0.21919902,-0.15248509,0.6320316,0.19796897,0.43915734,-0.18961659,0.02394935,0.029356128,-0.01747469,-0.11721508,0.5532144,-0.17014667,0.05491225,-0.07506854,0.4973118,0.5576376,0.2897202,0.14772914,0.47197625,0.13083601,0.6940259,0.49410713,0.60510933,0.088968426,0.44659206,0.61557096,0.57089114,0.49215078,0.75574493,-0.09162222,0.48525113,0.18683986,0.5415912,-0.11474971,0.29071474,-0.20180732,0.5225116,-0.024553664,0.21082988,-0.2919157,0.17645806,-0.19941287,0.45932886,0.38871962,0.51534,0.3802173,0.2602925,0.020267026,0.2448013,-0.26598534,0.18456031,-0.032498237,0.2894695,0.38088796,0.22328041,0.13431518,0.4136664,0.47367963,0.45195374,0.16323264,0.1937821,0.1293684,0.24748439,0.38557652
-0.14268456,0.65307885,-0.007417235,0.75978506,0.5664538,0.00025092022,0.061889656,1.0,0.70016104,0.33654636,-0.08793168,0.5981812,0.60081214,0.82407427,0.65517926,0.31922734,0.06838172,0.5862256,0.6993348,0.15760665,0.17025392,0.72570825,0.32727233,0.80917937,-0.011251516,0.32780504,-0.21078713,-0.2174997,0.65944046,0.44267753,-0.005320436,0.71247613,0.35922962,0.29730624,0.19143076,0.47188765,0.2410919,0.60737306,0.21229602,0.22399293,0.4474956,0.06680131,0.055688493,0.4242178,0.01430736,0.047600828,0.286707,0.40085,-0.026759462,-0.089929424,-0.38686037,-0.050729968,-0.21526076,-0.02459675,-0.037599683,0.5672106,-0.5312268,0.65526026,0.026891325,0.23290472,-0.22931604,-0.0051217307,-0.45833758,0.69489473,-0.32036132,0.06648814,0.3663609,0.35355568,0.4222569,0.26229373,0.41027832,0.6822627,0.15253744,0.2536378,0.0785602,0.74864393,0.47371307,0.123538695,0.22236264,0.5301317,-0.13613035,0.85038775,-0.100980304,0.39805704,-0.47571602,0.76020336,-0.5343565,0.6325038,-0.3859424,0.7553846,-0.29686788,0.53817403,-0.2363122,0.5553146,0.2206659,0.27195114,0.28263986,0.32456762,-0.06019477,0.30881602,-0.29919347,0.43290645,-0.25420502,0.49400872,-0.0735823,0.16384736,-0.097659476,-0.0883999,0.25968638,0.22717232,0.30717063,0.41559505,0.45171613,0.13573855,0.14325146,0.10547463
-0.22045977,0.35237995,0.07945805,0.45243782,0.6644518,0.3377646,0.025513329,0.70016104,1.0,0.6322577,-0.09295067,0.43765345,0.45651922,0.5985855,0.5875767,0.43166035,0.010644741,0.4192416,0.46170664,0.08095922,0.13285692,0.65343606,0.43777493,0.7290607,0.33476636,0.5449868,0.0247957,0.044514023,0.51063836,0.38187483,0.08171889,0.59573716,0.26873973,0.19360271,0.014606451,0.3122591,0.16033489,0.50991684,0.2934457,0.33083236,0.3988817,-0.048962228,-0.11042962,0.117050156,0.020262055,-0.008394226,0.113468446,0.31143582,0.0004653503,0.026039205,-0.4803409,-0.08343309,-0.24845795,0.022783535,0.0032532474,0.42500988,-0.5183023,0.34281337,-0.069012016,0.18281242,-0.45111048,0.0056984643,-0.5056686,0.45498762,-0.1466945,-0.02774549,0.021682344,0.10733379,0.22241524,0.04252716,0.369828,0.5894461,0.17492415,0.34703726,0.1271037,0.6072631,0.47248626,0.15707082,0.039618663,0.31545517,-0.08764763,0.73383856,0.15526614,0.62599796,-0.23358668,0.7084757,-0.20524043,0.7536937,-0.18663247,0.6134247,-0.17134595,0.44336024,-0.14008243,0.51887643,0.24061462,0.29697698,0.2438812,0.26356688,-0.06365126,0.27424026,-0.18840194,0.42885432,-0.11514228,0.5401368,0.009928554,0.25857252,-0.06306023,-0.013182091,0.18653162,0.24831699,0.2614433,0.35455462,0.3381344,0.14664342,0.17375202,0.09326849
0.23420916,-0.0033357572,0.36860016,0.34526327,0.34997922,0.65416545,0.38037378,0.33654636,0.6322577,1.0,0.36058167,0.29035798,0.49782592,0.3165657,0.5575424,0.7192258,0.31064633,0.28445563,0.29845664,0.41334,0.24636942,0.38600138,0.5473709,0.31635725,0.4807876,0.55836487,0.4069271,0.45782062,0.42759416,0.5255465,0.42623448,0.39475295,0.33741155,0.36321664,0.25167817,0.36667296,0.27816525,0.37198958,0.46091738,0.4150548,0.4123469,0.1345206,-0.08060294,-0.0039409897,-0.06516525,-0.06332334,0.22387512,0.2709411,-0.07585753,0.1928562,-0.23163018,-0.10680875,0.031831745,-0.12979712,0.34944916,0.32481256,-0.0070838174,-0.040148187,-0.09307398,0.038890526,-0.37052295,-0.12151573,-0.07049832,0.041200522,0.04963739,-0.21652333,0.045600343,0.19318928,0.18254893,-0.09486547,0.3089442,0.29433706,0.37505573,0.50861955,0.29707077,0.27428368,0.35152772,0.28888673,0.18753362,0.38216558,0.3849267,0.33134285,0.55829716,0.63680166,0.26891902,0.3570258,0.19904488,0.3625725,0.25105593,0.34288704,0.15050949,0.0846649,0.135885,0.19542253,0.29428363,0.38794616,0.37889016,0.30400342,0.14316235,0.14622883,0.1426254,0.13245432,0.16290696,0.309702,0.2984343,0.38644543,0.14848305,0.22127971,0.25440344,0.3095389,0.2931616,0.22728977,0.22103035,0.20612277,0.27306527,0.25537923
0.699749,-0.07367777,0.47027573,0.1667015,-0.09887181,0.489075,0.59053457,-0.08793168,-0.09295067,0.36058167,1.0,0.2762805,0.41803196,0.05080167,0.2132013,0.47576642,0.7820926,0.2854475,0.07794212,0.52568877,0.3988455,-0.0468428,0.3783446,-0.23351534,0.28662795,0.102532305,0.3847007,0.5085118,0.35365778,0.55624634,0.52263415,0.015670616,0.380432,0.51712763,0.46742135,0.3870982,0.3399988,0.08995201,0.53134656,0.35976484,0.2723879,0.44009042,0.21429363,0.07869653,-0.21454072,-0.111744404,0.44747603,0.28019816,-0.2170321,0.08845283,0.02267057,0.00411461,0.22274683,-0.20067959,0.61755973,0.2605827,0.53757155,-0.23377325,-0.15234187,0.03571516,0.12700851,-0.2950795,0.40322784,-0.372163,0.020431323,-0.18088214,0.21199392,0.39559117,0.15703674,-0.15353024,0.2542106,-0.041247837,0.47676346,0.50042737,0.34217098,-0.08055843,0.12309687,0.30758333,0.34796238,0.462926,0.69465977,-0.1736961,0.5829654,0.2278753,0.53521526,-0.16357844,0.37122434,-0.23377995,0.50010973,0.025770484,0.40083656,-0.10557887,0.36220038,-0.12039104,0.4185007,0.40492904,0.5024898,0.3452629,0.4965242,0.22167699,0.3800939,-0.18031305,0.44495627,0.06441104,0.54353464,0.4413551,0.42548564,0.3769768,0.3959542,0.4510557,0.34782553,0.1446938,0.18111826,0.29698992,0.38046402,0.44008866
0.058866173,0.640533,-0.08285153,0.45101097,0.32025552,0.010571764,-0.056979146,0.5981812,0.43765345,0.29035798,0.2762805,1.0,0.396344,0.7091739,0.55790085,0.44006506,0.27744833,0.48192668,0.5270701,0.21958984,0.02454573,0.42420983,0.08198811,0.4451547,-0.09837829,0.019086692,-0.2895159,-0.2545633,0.5684,0.49420148,-0.11140759,0.44042233,0.2834894,0.2760635,0.04331552,0.24429673,0.11428106,0.38731506,0.21737027,0.1122394,0.34100392,-0.007481788,-0.06371817,0.19998357,0.026847279,0.14215635,0.17748143,0.2818295,-0.1754982,0.016715785,-0.37956294,-0.14827946,-0.09046358,-0.16439392,-0.044909537,0.43766847,-0.35470304,0.57681453,-0.16095614,0.32159305,-0.17624626,-0.035100926,-0.4911321,0.49174088,-0.2938295,0.14297582,0.087618016,0.20281969,0.40153092,0.010597001,0.13472916,0.37347308,-0.042232413,0.20479155,-0.16897622,0.4576087,0.237341,-0.08668226,-0.0016839685,0.35715014,-0.11327156,0.62967986,0.03520569,0.46180344,-0.28897384,0.60880566,-0.478094,0.38329813,-0.36514097,0.57242525,-0.18425743,0.48715353,-0.03138167,0.5047456,0.22150235,0.25665486,0.26385128,0.22503285,0.028094975,0.31686714,-0.2565567,0.28402665,-0.15876557,0.41470557,0.014002751,0.23087442,-0.057734426,-0.03870422,0.20927577,0.20793009,0.20472892,0.30043718,0.3998042,0.17151193,0.11553499,0.077636905
0.23857814,0.31711504,0.30972263,0.66544455,0.18208452,0.3597664,0.4626717,0.60081214,0.45651922,0.49782592,0.41803196,0.396344,1.0,0.6195824,0.67093223,0.5529779,0.4423489,0.58378303,0.5658643,0.41451472,0.44578147,0.5130645,0.5894849,0.46172097,0.015274112,0.29131505,0.05331948,0.15914387,0.66142946,0.62863815,0.44400924,0.5553573,0.41776356,0.4380469,0.3732777,0.55379474,0.3280064,0.41124085,0.38335717,0.34502202,0.52939105,0.29194072,0.101035796,0.29474387,-0.087780744,-0.058307584,0.40194592,0.35795978,-0.13619857,0.034734875,-0.20186026,-0.16729109,-0.10635354,-0.08999293,0.29775697,0.4839949,-0.073286764,0.2527856,0.0029403686,0.11209671,-0.07431572,-0.12983501,-0.022872357,0.26164535,-0.12430381,-0.08634985,0.41242403,0.43666148,0.3650004,0.112258896,0.51443666,0.47661912,0.4726991,0.44672137,0.38637123,0.5026477,0.34061018,0.21353865,0.41877347,0.64078945,0.35647765,0.47793135,0.21478482,0.36822078,-0.015914751,0.37962452,-0.18114059,0.30137148,0.03259896,0.50956887,-0.051328707,0.25761268,-0.09483236,0.27974316,0.34787893,0.40449557,0.42448285,0.36087132,0.19301601,0.25560603,-0.028371153,0.09453978,0.0759547,0.34789225,0.25595614,0.34619427,0.20659196,0.11204975,0.36393857,0.3524286,0.3537233,0.31155682,0.33537993,0.23947325,0.27440336,0.2797972
-0.098322585,0.5817505,-0.1158951,0.6025534,0.48110786,0.04754238,-0.045177106,0.82407427,0.5985855,0.3165657,0.05080167,0.7091739,0.6195824,1.0,0.66388506,0.42210245,0.20409706,0.6876512,0.5979433,0.1725311,0.2101023,0.6700077,0.28016028,0.66011393,-0.014531943,0.26019055,-0.23158905,-0.18566364,0.6241606,0.50905913,0.005265864,0.5888912,0.36986625,0.2953912,0.1381759,0.3658994,0.12863502,0.43820304,0.18705265,0.26472068,0.4554442,0.0058184634,0.09269117,0.4221087,0.0847585,0.119000874,0.33025804,0.35366347,-0.07376118,-0.035088763,-0.34657067,-0.14662226,-0.1881863,-0.031132184,-0.01794499,0.6079363,-0.44818577,0.5643104,-0.023164868,0.19622073,-0.12851855,-0.025821464,-0.43005922,0.58929515,-0.2695913,0.014807416,0.3233611,0.3485799,0.42588022,0.17444351,0.3397645,0.5987696,0.07402558,0.275575,0.061909888,0.6657146,0.2365649,-0.036597367,0.14083327,0.47957817,-0.13103595,0.7554625,-0.05585733,0.3814964,-0.43911576,0.63901484,-0.46799827,0.5748722,-0.35915828,0.7244224,-0.18226749,0.5624058,-0.12661693,0.5674636,0.21950634,0.28863758,0.2708441,0.2917827,0.08707404,0.39261678,-0.18769711,0.41371682,-0.11570064,0.5256832,0.037630692,0.26681557,0.020934297,-0.005541049,0.26378888,0.18391602,0.24957207,0.39062136,0.4074115,0.16547392,0.1459595,0.12288509
-0.015078566,0.5166863,0.17446248,0.6422294,0.40174612,0.17247523,0.19270958,0.65517926,0.5875767,0.5575424,0.2132013,0.55790085,0.67093223,0.66388506,1.0,0.6789304,0.22043335,0.5171376,0.5729245,0.35046172,0.3187126,0.6919655,0.38250032,0.627105,0.0032465537,0.35851416,-0.0732296,-0.032799955,0.7630145,0.6414449,0.30710015,0.6840121,0.46613383,0.39516416,0.26139805,0.51279736,0.391323,0.5789998,0.45585236,0.29840642,0.54070216,0.14386338,-0.08325987,0.27345192,-0.029523186,0.110540845,0.3093833,0.37645432,-0.050936032,0.09919447,-0.34079975,-0.083446756,-0.06746996,-0.13212624,0.21892412,0.5443743,-0.31005415,0.47739905,-0.19375814,0.0902579,-0.10829543,-0.010664604,-0.32897,0.5146297,-0.1139463,-0.014640292,0.24760304,0.38083315,0.43835202,0.18829696,0.396378,0.5833311,0.3291713,0.42113546,0.19512539,0.6433431,0.45810905,0.1497964,0.19670488,0.5499773,0.15965801,0.7172993,0.29191068,0.60449517,-0.16917257,0.68748444,-0.31592345,0.46891046,-0.08166796,0.69685316,-0.13745564,0.49340072,-0.10347741,0.5505281,0.27034912,0.42698598,0.37811032,0.31469828,0.069660254,0.35489163,-0.22891285,0.25649652,-0.09606196,0.5215317,0.11235594,0.379161,0.07044747,0.09871243,0.25351828,0.26617092,0.28503105,0.4292278,0.52797484,0.32788432,0.26650253,0.15390044
0.35431054,0.15449864,0.39384714,0.4671608,0.16306496,0.5034293,0.41066167,0.31922734,0.43166035,0.7192258,0.47576642,0.44006506,0.5529779,0.42210245,0.6789304,1.0,0.44505727,0.4080124,0.36799964,0.56116956,0.3861508,0.41739142,0.4752015,0.31338006,0.2386325,0.3298307,0.21453038,0.3134431,0.57649934,0.7602199,0.48153466,0.4011205,0.4512482,0.48756397,0.36722577,0.5239792,0.4008124,0.42194483,0.54055834,0.4234867,0.4620122,0.26153836,-0.026495056,0.1312767,-0.020079361,0.07807198,0.30415624,0.35540006,-0.021480003,0.21529323,-0.21441005,-0.10398603,0.06717115,-0.18013449,0.4668709,0.40155223,0.111996055,0.07446733,-0.23787819,0.06592461,-0.2386396,-0.004434783,0.012751494,0.117639825,0.037630275,-0.125323,0.20120929,0.41276813,0.38788396,-0.028761053,0.34586686,0.3051921,0.4448534,0.5955399,0.37753683,0.30132085,0.36699742,0.36196572,0.23699504,0.50754964,0.49688876,0.41309145,0.5927247,0.71712476,0.34623635,0.40255758,0.061248392,0.20991164,0.3299766,0.36990863,0.25031516,0.096812025,0.2506801,0.24392627,0.37461203,0.44639173,0.4449795,0.31819424,0.19407614,0.22601822,0.18064678,0.07045303,0.24572057,0.38600498,0.37913844,0.5581073,0.18457046,0.2701074,0.3252109,0.40143123,0.31123078,0.2455091,0.29562566,0.21388446,0.30855095,0.30318174
0.5910583,-0.06126104,0.36129236,0.21255611,0.013102808,0.45928976,0.5321062,0.06838172,0.010644741,0.31064633,0.7820926,0.27744833,0.4423489,0.20409706,0.22043335,0.44505727,1.0,0.5425919,0.0902716,0.44088134,0.43226862,0.079966255,0.39848912,-0.12016194,0.3596283,0.22276254,0.38844073,0.49521393,0.43284574,0.5964099,0.47069508,0.062237345,0.4402209,0.5338747,0.5485227,0.5272893,0.39256147,0.16925915,0.5505381,0.58172774,0.3937711,0.40998867,0.39477426,0.31458312,-0.18443264,-0.12021028,0.55067074,0.3954733,-0.123262666,0.16866398,-0.03163098,-0.03594897,0.25071424,-0.11467081,0.61751825,0.43187502,0.47078675,-0.22621202,-0.22004668,0.01967374,-0.013444086,-0.3378868,0.42457244,-0.28852695,-0.05290973,-0.23890516,0.3550194,0.54382336,0.18935615,-0.09585357,0.27016872,0.088431865,0.49847436,0.5838804,0.400904,0.020355131,0.14623724,0.3889038,0.4936794,0.52460855,0.6246253,-0.043885343,0.54638433,0.1793491,0.40274057,-0.12017814,0.38240007,-0.0809361,0.49455753,0.154451,0.4364754,-0.030781467,0.3557004,-0.04153482,0.50506574,0.52950454,0.5858932,0.50939286,0.58967644,0.36857897,0.403506,-0.06659745,0.5140492,0.21667312,0.6130897,0.5174796,0.56693864,0.43854487,0.53360194,0.5238762,0.48972833,0.22568727,0.20501158,0.30331677,0.44217688,0.56085384
0.09402474,0.33980855,0.113739155,0.5420345,0.29434535,0.17277968,0.24873738,0.5862256,0.4192416,0.28445563,0.2854475,0.48192668,0.58378303,0.6876512,0.5171376,0.4080124,0.5425919,1.0,0.40411943,0.25025412,0.37104583,0.5233419,0.3756756,0.43553415,0.13282849,0.3440316,-0.001383612,0.05370246,0.59486663,0.6143817,0.24048182,0.44870788,0.45863375,0.41938284,0.40567726,0.5479393,0.33036894,0.3699017,0.3726665,0.51219463,0.49670684,0.2156214,0.32115453,0.5176868,0.02127143,0.003875424,0.50664246,0.482513,-0.07593618,0.118469305,-0.28195336,-0.050278187,-0.04485225,0.00878206,0.30644888,0.6714794,-0.122466,0.250304,-0.1359856,0.213653,-0.19012667,-0.13020726,-0.094929814,0.27560174,-0.21690391,-0.14887221,0.45592862,0.51575834,0.3366767,0.14089905,0.3878416,0.4704298,0.3136142,0.45984074,0.29370502,0.5146194,0.28361723,0.21821886,0.3687303,0.62739486,0.18111333,0.4963782,0.15562351,0.28015512,-0.15813239,0.3505337,-0.15337111,0.39867252,-0.037216824,0.5712098,0.09830162,0.4282837,0.022410886,0.45328256,0.44761994,0.5014724,0.5057706,0.51351905,0.42892063,0.57335955,0.06635738,0.2655365,0.13714539,0.48215017,0.2819897,0.47512406,0.350497,0.25147954,0.50676477,0.43728855,0.5095098,0.45195392,0.3872909,0.2792468,0.33811343,0.39214924
0.2146376,0.7287848,0.25653425,0.78321797,0.31074,-0.032282837,0.31250015,0.6993348,0.46170664,0.29845664,0.07794212,0.5270701,0.5658643,0.5979433,0.5729245,0.36799964,0.0902716,0.40411943,1.0,0.5756428,0.20915599,0.57619095,0.33621997,0.61903864,-0.21852963,0.012465501,-0.21741891,-0.12613854,0.6760231,0.5295745,0.08566081,0.555484,0.5829205,0.5811113,0.42066824,0.46510217,0.27722126,0.45465907,0.25879475,0.033246152,0.3827094,0.18654677,0.1506664,0.48816553,0.01581633,0.117054194,0.33285493,0.52567685,-0.20346174,0.12598784,-0.15400994,0.13971707,-0.19241726,-0.07929445,0.12317864,0.47943142,-0.19121368,0.7276141,0.09193379,0.1575865,-0.15266289,0.22268663,-0.15952474,0.68052447,-0.111282386,0.26840982,0.54110146,0.53136736,0.76281637,0.3742522,0.38658595,0.48371696,0.26585773,0.2670001,0.24678844,0.5912415,0.43853366,0.14248739,0.30439857,0.5227229,0.121889114,0.600946,-0.12734069,0.31524038,-0.25979963,0.58226824,-0.56941223,0.2690035,-0.2930151,0.465721,-0.25885686,0.2607476,-0.21354826,0.29784828,0.38783717,0.39737204,0.42765674,0.40167606,-0.05538582,0.18470965,-0.2326792,0.08339373,-0.41657263,0.14497682,-0.19398594,0.13402256,-0.21682338,-0.19160363,0.36203903,0.34114695,0.36246642,0.4281366,0.42464024,-0.011398597,0.14562093,0.18401937
0.72863156,0.20653614,0.5454763,0.51372117,-0.034343507,0.32366806,0.64384085,0.15760665,0.08095922,0.41334,0.52568877,0.21958984,0.41451472,0.1725311,0.35046172,0.56116956,0.44088134,0.25025412,0.5756428,1.0,0.33907887,0.18278843,0.40331984,0.0380904,0.047035523,0.032348376,0.26399612,0.3482808,0.490269,0.6217764,0.3649372,0.17542987,0.681484,0.8149467,0.69364405,0.57102066,0.33109125,0.15201688,0.48043633,0.18377699,0.37044162,0.3340013,0.29031315,0.3972927,-0.06755852,0.18348783,0.4983099,0.54899657,-0.24923882,0.253346,0.18697225,0.105115786,0.19673684,-0.20163798,0.56522363,0.3259434,0.4773637,0.15426499,-0.055850208,-0.057361335,-0.046429563,0.11048155,0.4323194,0.089536496,0.15587094,0.08469542,0.536424,0.6799244,0.68995184,0.22104323,0.24030325,0.05136177,0.5194244,0.48311222,0.48121554,0.07863432,0.24911381,0.32824525,0.35843325,0.5154204,0.65299827,0.0774482,0.36426854,0.24670528,0.4100518,0.1049928,0.026644245,-0.27591324,0.34750226,0.04920358,0.2609748,-0.17210495,0.20065814,-0.04452132,0.5395936,0.5345817,0.5889555,0.46775666,0.26661038,0.123611055,0.2657628,-0.26473418,0.061925475,-0.054584567,0.19066201,0.36035162,0.12976994,0.1286834,0.5213681,0.5438746,0.49460799,0.30747348,0.31765935,0.06519816,0.30085096,0.43704197
0.2497793,-0.020383488,0.4123754,0.33966362,0.24332994,0.4401909,0.44619507,0.17025392,0.13285692,0.24636942,0.3988455,0.02454573,0.44578147,0.2101023,0.3187126,0.3861508,0.43226862,0.37104583,0.20915599,0.33907887,1.0,0.44295064,0.52138865,0.22226994,0.2843783,0.38438666,0.3900935,0.46881577,0.46780506,0.52849746,0.62078685,0.30223736,0.38415408,0.3844851,0.49007514,0.49273267,0.47526893,0.32728615,0.59554183,0.56264323,0.42754936,0.56660897,0.2538553,0.31895,-0.011911997,-0.080168545,0.4217727,0.39265132,-0.20062068,0.039195217,-0.0767362,0.035672367,-0.16321571,-0.05748979,0.63554555,0.45424563,0.1900562,-0.107176006,0.020249864,-0.10706669,0.015021409,-0.06191117,0.22958548,-0.088197425,-0.04993686,-0.074415125,0.4031171,0.4908758,0.29754123,0.08257587,0.6890031,0.4759592,0.6713091,0.59406507,0.6658953,0.32982534,0.31261665,0.51328874,0.43355533,0.5514308,0.45600805,0.09959658,0.3219892,0.2389583,0.20544682,0.020887125,0.24988428,0.1618123,0.3329567,0.22851922,0.2727709,0.024139728,0.15980071,0.034106273,0.45578745,0.44274434,0.49789244,0.3854502,0.37618676,0.3215474,0.33858508,-0.03211644,0.2653999,0.26662362,0.30516192,0.48839712,0.28957158,0.25121012,0.36478242,0.40237865,0.308022,0.3765662,0.26780716,0.14158563,0.28724495,0.30032015
-0.2262113,0.4609309,0.1271686,0.66539705,0.6317447,0.09566854,0.11113194,0.72570825,0.65343606,0.38600138,-0.0468428,0.42420983,0.5130645,0.6700077,0.6919655,0.41739142,0.079966255,0.5233419,0.57619095,0.18278843,0.44295064,1.0,0.40774992,0.80827767,0.09747899,0.46852744,-0.03807098,-0.013895622,0.6986563,0.4966054,0.21825218,0.7164289,0.3946017,0.2857715,0.2712548,0.50283694,0.39417282,0.6152002,0.429166,0.36849242,0.5542302,0.18421857,0.021442601,0.38718712,0.02721619,-0.05700834,0.278672,0.4884178,-0.21958075,0.016068405,-0.43196535,-0.07621973,-0.2992284,-0.07196425,0.20203872,0.61430633,-0.4712368,0.47453392,-0.038751327,0.13734627,-0.20106786,0.12304011,-0.39225927,0.57425076,-0.30314288,-0.003256057,0.3086269,0.41155404,0.49479175,0.31907865,0.6256324,0.8226027,0.42793632,0.44829074,0.39221936,0.82812417,0.5770919,0.3189376,0.2780818,0.53460336,-0.011916244,0.7359738,0.01712323,0.48731226,-0.37468973,0.6663556,-0.31533587,0.6870959,-0.19665715,0.7078637,-0.20554192,0.51001257,-0.14486268,0.55895895,0.33686894,0.41547695,0.40114272,0.36127448,0.05664498,0.38114032,-0.1676076,0.37316552,-0.18726291,0.5781984,-0.05106501,0.3681501,-0.052162714,-0.07404771,0.30285248,0.27539724,0.3265988,0.59841275,0.5846938,0.2500641,0.22802605,0.15378593
0.30713826,-0.039907526,0.6935341,0.5014721,0.16473578,0.51419103,0.6341109,0.32727233,0.43777493,0.5473709,0.3783446,0.08198811,0.5894849,0.28016028,0.38250032,0.4752015,0.39848912,0.3756756,0.33621997,0.40331984,0.52138865,0.40774992,1.0,0.37445766,0.42234877,0.49030736,0.34800696,0.4401315,0.3399342,0.54360354,0.63855743,0.42452756,0.31230026,0.35170808,0.31551465,0.47289568,0.42364052,0.34728774,0.5296507,0.47823665,0.30338004,0.32544962,0.18444581,0.18783227,-0.15258893,-0.09953397,0.34066477,0.3101948,0.0016346439,0.017595703,-0.06720369,0.14429499,0.009474206,0.055240028,0.46865374,0.34003934,0.079027936,-0.12298045,0.050018188,0.002499329,-0.13923381,-0.096947074,0.20912465,-0.024954276,0.10671659,-0.053179502,0.38554928,0.40035266,0.16380204,0.20408134,0.5158213,0.34320223,0.56284124,0.58356714,0.5557011,0.33062118,0.4439293,0.54126936,0.3360572,0.4520551,0.5114234,0.25185743,0.48557022,0.43989018,0.38089022,0.1895659,0.27122664,0.24152166,0.37748277,0.2759956,0.15342543,0.040047366,0.21671842,0.10436813,0.38747853,0.37358865,0.41168818,0.32676998,0.22840677,0.19180113,0.20547743,0.073675334,0.27883574,0.35911396,0.34602335,0.455427,0.22233936,0.20684229,0.32598594,0.3876733,0.41158378,0.2588206,0.20084757,0.21406785,0.29916114,0.29142573
-0.35333344,0.5673231,0.124034405,0.70238715,0.58965254,-0.024693321,0.03958589,0.80917937,0.7290607,0.31635725,-0.23351534,0.4451547,0.46172097,0.66011393,0.627105,0.31338006,-0.12016194,0.43553415,0.61903864,0.0380904,0.22226994,0.80827767,0.37445766,1.0,-0.008187221,0.3607095,-0.24689473,-0.21797253,0.5595774,0.34128514,0.089305,0.7956077,0.22684443,0.12931925,0.06441614,0.3589382,0.36117437,0.6645821,0.25439453,0.18870421,0.41396007,0.11944467,-0.124493875,0.24378304,0.08339971,0.012524031,0.058712225,0.30196792,-0.05402945,-0.07029849,-0.4615918,0.011077899,-0.3607352,-0.01145839,-0.042655464,0.4727768,-0.6493083,0.5978363,0.09535048,0.21796632,-0.24533457,0.12237972,-0.5458355,0.6844166,-0.31685784,0.091515765,0.21720716,0.21011114,0.39154342,0.2927088,0.52149546,0.80079216,0.22069418,0.258174,0.17478368,0.82914615,0.6268367,0.25526544,0.1607707,0.39891052,-0.2110286,0.8332194,-0.088816196,0.52698,-0.44578904,0.7740086,-0.47408494,0.73755413,-0.35505232,0.69209385,-0.38988355,0.5289652,-0.2813666,0.5934413,0.17204887,0.20748392,0.19904755,0.18212418,-0.2017778,0.23350814,-0.34020272,0.45405558,-0.3176305,0.5624626,-0.19100879,0.20776471,-0.24244119,-0.21293037,0.08308214,0.12496651,0.179984,0.439214,0.46407104,0.12955515,0.05170123,-0.052268535
0.1656901,-0.35436478,0.27711707,-0.09376247,0.45304322,0.64506733,0.19822846,-0.011251516,0.33476636,0.4807876,0.28662795,-0.09837829,0.015274112,-0.014531943,0.0032465537,0.2386325,0.3596283,0.13282849,-0.21852963,0.047035523,0.2843783,0.09747899,0.42234877,-0.008187221,1.0,0.6854426,0.6429473,0.6356701,0.089455694,0.24746267,0.44624454,0.06722288,0.2145151,0.21403661,0.19028108,0.18532069,0.19755383,0.15867524,0.4660375,0.6193375,0.120126955,0.1586822,0.20064425,0.0274517,-0.14194556,-0.2953779,0.25716454,0.153483,0.085262865,0.03696166,-0.10713648,0.04282141,0.11384222,0.03315797,0.45452294,0.28299996,0.17664202,-0.46046343,-0.054345194,-0.14976668,-0.218148,-0.2947598,0.14006808,-0.41529006,0.12051084,-0.34314218,-0.029710142,0.104248695,-0.20989007,-0.16426608,0.23048775,0.12358197,0.33682063,0.52508944,0.29146332,-0.042957596,0.13973399,0.3955071,0.19832557,0.20137288,0.32819545,-0.0774017,0.64174384,0.3162278,0.37226173,-0.054213658,0.68577313,0.2509209,0.48809814,0.12747425,0.4832925,0.0006082197,0.40126413,-0.022178683,0.2433539,0.24909292,0.28029612,0.27216008,0.3932326,0.27977356,0.4711498,0.15102786,0.49841306,0.28966987,0.47670498,0.43202025,0.36424667,0.41988593,0.19076097,0.2948666,0.23418659,0.15498513,0.04507117,0.24208026,0.35404524,0.3316686
-0.11654442,-0.14799313,0.24764022,0.24289079,0.56867546,0.5040658,0.23266573,0.32780504,0.5449868,0.55836487,0.102532305,0.019086692,0.29131505,0.26019055,0.35851416,0.3298307,0.22276254,0.3440316,0.012465501,0.032348376,0.38438666,0.46852744,0.49030736,0.3607095,0.6854426,1.0,0.5092997,0.4417184,0.34050798,0.33243975,0.48697805,0.46762106,0.23391989,0.17366427,0.19166946,0.36470076,0.36162928,0.41893217,0.44599953,0.5759825,0.32328323,0.15839632,0.047203813,0.15007289,-0.02098551,-0.29996666,0.23635033,0.23482162,0.0150638,0.006316478,-0.2265229,0.01286772,0.05083558,-0.033467844,0.34554496,0.4094946,-0.14726399,-0.16972739,-0.06343867,0.010442661,-0.252913,-0.26607046,-0.07393136,-0.03878384,-0.060185306,-0.3638964,0.058962952,0.21704584,-0.06614357,0.0011702831,0.46318686,0.4616229,0.4616736,0.5130735,0.35551542,0.3818507,0.39396694,0.42436233,0.31446263,0.3594659,0.21942337,0.25282302,0.4616237,0.3999114,0.062132947,0.22215281,0.36074215,0.5025597,0.23031713,0.4236067,0.1942378,0.21810721,0.14086851,0.25905555,0.21858534,0.26946375,0.30556265,0.29314107,0.2517182,0.30597284,0.16822235,0.2684601,0.23434217,0.43736652,0.26380435,0.38833916,0.24363363,0.23874745,0.19766034,0.21477734,0.27143636,0.31124365,0.30726475,0.31115666,0.2619444,0.21035247
0.39784092,-0.4915377,0.31035584,-0.08363148,0.15114285,0.65494734,0.42324835,-0.21078713,0.0247957,0.4069271,0.3847007,-0.2895159,0.05331948,-0.23158905,-0.0732296,0.21453038,0.38844073,-0.001383612,-0.21741891,0.26399612,0.3900935,-0.03807098,0.34800696,-0.24689473,0.6429473,0.5092997,1.0,0.7584191,0.048640706,0.18769316,0.48508742,-0.066506736,0.13205987,0.24622127,0.37484038,0.2363869,0.28983414,0.08030884,0.40082255,0.47093946,0.13938046,0.34379008,0.22083911,0.019582165,-0.211763,-0.19954075,0.23247482,0.14491627,-0.07357975,0.06022232,0.16095974,0.030138746,0.21657208,-0.16218686,0.5788719,0.11058526,0.4710287,-0.53539944,-0.018332576,-0.19897214,-0.045328155,-0.2833134,0.47676733,-0.47690642,0.164035,-0.35852513,0.06032477,0.19056337,-0.07444296,-0.16890411,0.29042888,-0.0024320318,0.49767265,0.46090668,0.4898693,-0.18168409,0.10899707,0.44788915,0.34292072,0.18775053,0.529009,-0.32485214,0.5134436,0.028150566,0.49334753,-0.33023426,0.6537277,-0.15230699,0.5910696,-0.17793232,0.5229135,-0.34209058,0.29990357,-0.29073015,0.21602812,0.2636526,0.29998618,0.24839364,0.35612458,0.039415203,0.54934055,-0.24510916,0.45122242,-0.05404405,0.40011278,0.2712753,0.41011065,0.3555456,0.25739223,0.27140412,0.18427297,0.0779631,-0.0050355745,0.06391023,0.22174172,0.31365374
0.51399094,-0.44553486,0.45053315,-0.06558074,0.10037587,0.7820737,0.47707224,-0.2174997,0.044514023,0.45782062,0.5085118,-0.2545633,0.15914387,-0.18566364,-0.032799955,0.3134431,0.49521393,0.05370246,-0.12613854,0.3482808,0.46881577,-0.013895622,0.4401315,-0.21797253,0.6356701,0.4417184,0.7584191,1.0,0.11334812,0.33457157,0.6244899,-0.087458044,0.32664007,0.39148366,0.44718912,0.28633648,0.3439277,0.080794804,0.5127088,0.5903022,0.2600066,0.43952268,0.28630924,0.048412353,-0.16500248,-0.17828512,0.33306003,0.2509449,-0.073747694,0.15205397,0.06577827,0.09047114,0.06979135,-0.022199757,0.69463116,0.22167465,0.54663897,-0.55651695,0.026463328,-0.21130086,-0.06975263,-0.14423725,0.4949469,-0.5273074,0.15792637,-0.33591205,0.16239099,0.2942366,0.020888193,-0.098713286,0.36626878,0.04712787,0.58082294,0.57444286,0.597567,-0.13762985,0.101089135,0.50729036,0.35080704,0.27742928,0.61653066,-0.32562745,0.58695114,0.14267886,0.58685154,-0.32198325,0.7043401,-0.087553516,0.7092148,-0.14057104,0.6029003,-0.36354145,0.36433727,-0.33972514,0.38938934,0.38688368,0.4382597,0.3573609,0.48973182,0.16327918,0.6545685,-0.25171217,0.527759,-0.038762018,0.5016442,0.3673193,0.4535758,0.47452185,0.3565088,0.36776465,0.27998936,0.12826191,-0.059828904,0.050876014,0.34585842,0.42392716
0.19757038,0.6010603,0.21735604,0.6835016,0.5071414,0.21729101,0.30052537,0.65944046,0.51063836,0.42759416,0.35365778,0.5684,0.66142946,0.6241606,0.7630145,0.57649934,0.43284574,0.59486663,0.6760231,0.490269,0.46780506,0.6986563,0.3399342,0.5595774,0.089455694,0.34050798,0.048640706,0.11334812,1.0,0.7496791,0.31488177,0.6130708,0.6803678,0.65195906,0.5309174,0.65858173,0.4679919,0.6286407,0.57083714,0.41829336,0.644179,0.32993487,0.18952289,0.47450128,-0.039896253,-0.062049348,0.50344604,0.6268865,-0.19738007,0.15942729,-0.3052591,-0.0135115255,-0.05003977,-0.13672753,0.40485558,0.6965951,-0.098781265,0.5233208,-0.195216,0.12029341,-0.13379078,-0.013525798,-0.15761994,0.48248586,-0.20360887,-0.0013941132,0.4172648,0.60697025,0.61432326,0.19423173,0.5649995,0.6467725,0.53306127,0.60190195,0.3939455,0.6692862,0.54558307,0.31468818,0.4275421,0.74083644,0.30293417,0.6238314,0.23003545,0.49067923,-0.16765536,0.5921859,-0.28242517,0.39244157,-0.05222897,0.6446485,0.004509262,0.41978163,-0.06331508,0.4293493,0.51762414,0.60069996,0.62549275,0.56979775,0.25815913,0.47045174,-0.039736755,0.19222486,-0.07214617,0.41910765,0.18219216,0.44479734,0.13926952,0.14877473,0.5136591,0.5272741,0.47231844,0.59330285,0.6199162,0.3121013,0.41462353,0.39996564
0.43912646,0.3523422,0.46929994,0.60345525,0.25586024,0.4339674,0.49049306,0.44267753,0.38187483,0.5255465,0.55624634,0.49420148,0.62863815,0.50905913,0.6414449,0.7602199,0.5964099,0.6143817,0.5295745,0.6217764,0.52849746,0.4966054,0.54360354,0.34128514,0.24746267,0.33243975,0.18769316,0.33457157,0.7496791,1.0,0.5397132,0.44374213,0.69569117,0.7233486,0.60411227,0.6521701,0.48066565,0.507522,0.6475165,0.5889057,0.5126677,0.39293236,0.24369025,0.41395193,-0.0634188,-0.023400068,0.57847446,0.6195101,-0.082434334,0.17519829,-0.12058541,0.057599884,0.033975888,-0.06031833,0.59878045,0.6507594,0.16752596,0.18975607,-0.24780454,0.021733701,-0.16074099,-0.10143466,0.08372258,0.13493429,-0.037040178,-0.07980385,0.46312195,0.6582368,0.4869618,0.17349105,0.5057567,0.41810447,0.58000225,0.7757977,0.49994385,0.41521624,0.44538212,0.4500369,0.3666377,0.7246613,0.54985845,0.4153051,0.49699014,0.5713893,0.24174039,0.34813923,0.005289791,0.2200021,0.2659281,0.44776905,0.25378028,0.16871692,0.21757752,0.2427137,0.63709235,0.6761562,0.7139969,0.63629127,0.42857218,0.456807,0.22452566,0.034114227,0.2016105,0.35892123,0.37482747,0.59038365,0.31904483,0.36011517,0.6054162,0.6434076,0.57531184,0.44697452,0.3711697,0.21364559,0.4494181,0.51246494
0.35431212,-0.22371194,0.68926376,0.29792005,0.057186987,0.58942,0.668999,-0.005320436,0.08171889,0.42623448,0.52263415,-0.11140759,0.44400924,0.005265864,0.30710015,0.48153466,0.47069508,0.24048182,0.08566081,0.3649372,0.62078685,0.21825218,0.63855743,0.089305,0.44624454,0.48697805,0.48508742,0.6244899,0.31488177,0.5397132,1.0,0.34246466,0.34275523,0.3898646,0.502995,0.41592434,0.6231548,0.33539042,0.61457825,0.54971284,0.35253254,0.591328,0.13891187,0.11692535,-0.18573804,-0.18177871,0.28797597,0.20951119,-0.0034688818,0.14092293,-0.00018494207,0.11313944,0.09415941,-0.055939216,0.6749227,0.33347675,0.32591632,-0.34546033,-0.015474986,-0.10542201,0.0043371785,-0.2043859,0.38179898,-0.33018866,0.102635205,-0.2613955,0.3222004,0.40230554,0.060499415,0.05480554,0.5881045,0.27719715,0.7115343,0.63158613,0.66149956,0.15740703,0.33625835,0.59372306,0.5111097,0.4783108,0.6249254,-0.09338591,0.62769663,0.31871063,0.48105758,-0.14005752,0.4617877,0.022695165,0.5729188,0.09357904,0.34286398,-0.18403079,0.21162015,-0.14897613,0.35076642,0.343543,0.4506532,0.31906947,0.37006265,0.20062697,0.3433204,-0.22833462,0.32682663,0.11069248,0.3879804,0.47512347,0.32571268,0.38048837,0.2743051,0.31595317,0.26528758,0.15809296,0.12605992,0.14312692,0.2810919,0.29692003
