1.0,0.5759285,0.24072444,0.3337938,-0.22932851,-0.14163093,0.35047364,0.37929398,0.07520159,0.098543495,0.30923527,0.42058617,0.32279062,0.18470973,0.069313824,0.07185826,0.13589509,0.39184436,0.1160484,0.20141004,-0.038688384,-0.0036098424,0.2195655,0.27460265,0.09483486,0.034427356,-0.23572664,-0.16725147,-0.057727247,-0.059824027,0.009730301,0.024797235,0.5672385,0.5876659,0.5703628,0.51591384,-0.15025713,-0.18471403,-0.07489426,-0.02948019,-0.106177665,0.0038667084,0.22599307,0.49000534,0.38853788,0.2653706,0.36371613,0.43236318,-0.18052152,0.35722768,0.10218475,0.50752467,0.23249994,0.2140839,0.01574825,0.07337083,0.54689234,0.44535348,0.14457235,0.05231366,0.11352877,-0.09814034,0.47196636,0.48691198,0.36803222,0.40526557,0.5908186,0.5133889,0.06534943,-0.17341003,-0.09181524,-0.0394468,-0.22493161,-0.13505341,-0.2051484,-0.02551052,-0.22809546,-0.17902811,-0.0733643,0.3700208,0.42575896,0.39075282,0.113456585,0.16471222,0.25449345,0.46700922,0.010156906,0.07995518,0.02798652,0.114426926,0.13041967,0.29509673,-0.03229534,0.20664857,-0.22571558,0.114673495,-0.034971517,-0.060949355,0.15494539,0.22834446,0.08677863,0.021588428,0.0819052,0.07562847,-0.013144427,0.0017516627,0.12248477,-0.046105888,0.004747133,-0.10390204,0.3857319,0.2425613,0.09984917,0.35077828,0.18438585,0.0161356
0.5759285,1.0,0.2781124,0.4016007,-0.25344786,-0.1802367,0.38720742,0.37509277,0.049803555,0.05812054,0.23537129,0.35375756,0.2639631,0.0941713,0.025552522,0.0068441588,0.017556636,0.34585539,0.22854269,0.43557692,-0.10653264,-0.049001496,0.21373121,0.28861007,0.08843515,0.023920635,-0.26217833,-0.18641815,-0.15379944,-0.17573003,-0.07238178,-0.053559735,0.6628089,0.6675265,0.6189522,0.5551826,-0.28107134,-0.30643702,-0.19350377,-0.16696137,-0.19222969,-0.025351223,0.21002546,0.48096713,0.38944572,0.27886423,0.3018314,0.37313402,-0.14470282,0.32504532,0.13098298,0.44338605,0.3963732,0.1935559,-0.07961124,-0.039966945,0.5693335,0.56816226,0.08147231,0.06700476,0.28422633,0.0189897,0.56673723,0.63842523,0.35312006,0.49777982,0.6672577,0.70314646,0.041344136,0.11156146,-0.18802217,-0.18200031,-0.29545954,-0.23819034,-0.27861047,-0.14777465,-0.41293547,-0.337965,-0.23097488,0.3489709,0.2854644,0.3099874,0.06072461,0.08427605,0.16877754,0.37407288,-0.035375368,0.013721434,-0.014502266,0.063535206,0.12608653,0.36994314,-6.22146e-05,0.22673145,-0.28623945,0.03441208,-0.10692227,-0.16780193,0.112820975,0.19199942,-0.014140719,-0.052787833,0.0052655227,-0.022696028,-0.093410425,-0.101239935,0.040183205,-0.11534878,-0.06213217,-0.20950532,0.3331961,0.17256598,0.080159016,0.36005372,0.08955666,-0.11168397
0.24072444,0.2781124,1.0,0.8897524,0.5591442,0.6198811,0.8851018,0.88834184,0.8033817,0.7861276,0.8032644,0.7849377,0.8468277,0.84642696,0.7774786,0.77399784,0.6984251,0.7524566,0.29841387,0.036303453,0.63721895,0.7092868,0.9067404,0.9110361,0.80447936,0.8040433,0.51771545,0.6328082,0.6629522,0.663202,0.79343927,0.84116524,0.48462886,0.5501345,0.13351735,0.389696,0.45353782,0.48412827,0.41742203,0.4519452,0.399476,0.54623276,0.15419585,0.36567318,0.10954495,0.3723722,0.30280262,0.38822085,-0.12197366,0.23439057,0.20865427,0.08250862,0.17501765,0.47978806,0.447492,0.5729257,0.15482934,-0.1937688,0.07784945,-0.21203549,0.0052094054,-0.1187395,0.3132461,0.14642306,0.10244795,0.37301627,0.19191185,0.23703101,-0.27650106,-0.18386194,0.6973133,0.69741696,0.5494275,0.5988454,0.4098824,0.6245948,0.46121415,0.5434827,0.27002695,0.48874116,0.37377656,0.551836,0.64416075,0.66119796,0.56676346,0.56802714,0.5349083,0.6130443,0.46234122,0.55912775,0.22102162,0.47376764,0.34016162,-0.23079173,0.45259073,0.40706202,0.49491882,0.51449883,0.4228267,0.51191974,0.19466823,0.41131753,0.3896142,0.35617197,0.45619732,0.43843123,0.07363688,0.33794433,0.5087393,0.53027004,0.25881308,0.20670366,-0.24410741,0.24191356,0.42556944,0.37629133
0.3337938,0.4016007,0.8897524,1.0,0.46916416,0.5294424,0.8928094,0.898584,0.7473247,0.7070515,0.80681515,0.83651066,0.84198093,0.8226602,0.7221631,0.71231616,0.6871253,0.801133,0.2950916,0.09460851,0.5823922,0.65293837,0.88796854,0.8868698,0.7626582,0.7376752,0.43611366,0.5489832,0.6007831,0.5950573,0.7379072,0.77168274,0.6005214,0.6546069,0.25381294,0.4805288,0.40176845,0.43009445,0.40348792,0.44190472,0.34559596,0.48760256,0.18882932,0.419093,0.22766909,0.4297241,0.34622344,0.4445078,-0.15696344,0.30947977,0.2604879,0.20338748,0.25810692,0.46575686,0.4402963,0.5692576,0.22680531,-0.05360658,0.12778467,-0.17340845,0.014433026,-0.12670377,0.40412557,0.23925708,0.17856039,0.4600399,0.34386078,0.36666736,-0.23479392,-0.17440923,0.6277238,0.6330655,0.45269436,0.5103979,0.3280041,0.57255214,0.38344315,0.47561777,0.20648667,0.5629641,0.44869995,0.62920266,0.6328494,0.671342,0.5943836,0.65207195,0.52913696,0.6225834,0.46294582,0.5837935,0.2145251,0.49022144,0.32958588,-0.18670066,0.4070052,0.44653088,0.48106295,0.49226964,0.43566906,0.54016757,0.20089394,0.433189,0.3972856,0.37875578,0.4468855,0.43320972,0.16256252,0.36035073,0.50344414,0.49739268,0.31118575,0.2222642,-0.21454804,0.2839634,0.43542388,0.39547372
-0.22932851,-0.25344786,0.5591442,0.46916416,1.0,0.896565,0.42377993,0.4103101,0.7565584,0.7195979,0.4568175,0.37592238,0.5144139,0.6593071,0.7752799,0.78747606,0.6494131,0.36412218,0.14946087,-0.22687446,0.84806293,0.8250615,0.6056239,0.49482146,0.7908463,0.7785987,0.91216916,0.9075075,0.8223292,0.821857,0.80009294,0.71715206,-0.17643116,-0.14384915,-0.36500067,-0.1616959,0.80872375,0.8054007,0.7421864,0.6973297,0.7650511,0.58858675,-0.23275816,-0.14102809,-0.32425743,0.09525878,-0.008008999,0.0258403,-0.03892318,-0.1060648,-0.039978366,-0.215059,0.029155131,0.15466434,0.66936636,0.63362193,-0.23844789,-0.63409257,-0.052983686,-0.15804686,-0.1571644,-0.0132634565,-0.23986325,-0.44291323,-0.19731233,-0.113152705,-0.34350872,-0.41622958,-0.23449214,-0.038328778,0.8079194,0.7617659,0.86824656,0.8451324,0.7422166,0.7630366,0.8095123,0.78354245,0.5088511,0.016552044,0.12499832,0.3224254,0.6504998,0.5895057,0.48370337,0.26572564,0.685024,0.6520703,0.6654115,0.60682946,0.34420025,0.18079573,0.56841093,-0.36882007,0.8109033,0.43371585,0.67006326,0.6925954,0.4564173,0.39052114,0.42265925,0.60150737,0.55453974,0.49019337,0.64313,0.6062422,0.131894,0.5066556,0.6317229,0.7515792,-0.14241973,-0.07998345,-0.31583104,-0.10696943,0.4600142,0.55866283
-0.14163093,-0.1802367,0.6198811,0.5294424,0.896565,1.0,0.4719756,0.48368567,0.7947033,0.81089634,0.48936597,0.44360566,0.54258823,0.7234069,0.8073319,0.83746666,0.62406516,0.4374101,0.21046378,-0.20745467,0.82571715,0.8752875,0.63541776,0.5623853,0.7971714,0.83947086,0.8801488,0.9096735,0.81710464,0.85114706,0.7985418,0.7704228,-0.09270719,-0.07563031,-0.33227998,-0.073842436,0.755995,0.7571979,0.6714783,0.6449229,0.7070215,0.6188737,-0.24200626,-0.121003464,-0.25924405,0.13455383,-0.007505062,0.0763073,-0.07221642,-0.031465057,-0.08951774,-0.21736176,0.009272373,0.20859407,0.605999,0.58786744,-0.16692095,-0.5877557,-0.03475627,-0.14131872,-0.11390893,-0.07282862,-0.192802,-0.37498593,-0.19067751,-0.08440406,-0.28746185,-0.36344308,-0.24650271,-0.035599943,0.8149549,0.81483877,0.8486316,0.86657053,0.73691934,0.7878777,0.77380216,0.76358026,0.46755037,0.10084913,0.11775186,0.3456665,0.6524911,0.6125849,0.46706343,0.3270567,0.6668076,0.6406921,0.61249894,0.5904043,0.35672757,0.2588591,0.5659001,-0.25879136,0.733364,0.38250643,0.6097075,0.6426616,0.42520964,0.39853415,0.4614387,0.57504493,0.5576612,0.4947354,0.60669,0.5605181,0.0644594,0.5103504,0.5659346,0.6934949,-0.10723015,0.008931584,-0.29994738,-0.04734549,0.4422514,0.47855797
0.35047364,0.38720742,0.8851018,0.8928094,0.42377993,0.4719756,1.0,0.9009297,0.75472826,0.687504,0.83917063,0.8354926,0.87256175,0.7980572,0.73121554,0.6928199,0.7022041,0.80547696,0.23990625,0.084076196,0.55113834,0.6093152,0.87985927,0.8846332,0.74037325,0.7061772,0.3801019,0.5024077,0.596735,0.5601003,0.72245795,0.761202,0.60694253,0.6784227,0.2857251,0.5453443,0.38550317,0.42059225,0.39460054,0.4403441,0.3078469,0.4783482,0.30195716,0.4726349,0.24279906,0.44233063,0.42658398,0.4937187,-0.15333991,0.315541,0.33466882,0.16930036,0.2850335,0.52607745,0.46004945,0.6079757,0.24947187,-0.052514788,0.10346875,-0.17473656,0.03326015,-0.11002337,0.43854326,0.27370745,0.19284624,0.43747875,0.3373938,0.42289823,-0.22647384,-0.23264591,0.612799,0.6152714,0.42339712,0.45799926,0.31332222,0.54890674,0.35746256,0.45989525,0.24717072,0.6088281,0.5009333,0.6401027,0.66111743,0.68885887,0.6485297,0.66821676,0.5362459,0.637103,0.4783853,0.60326284,0.19256596,0.5323057,0.29794234,-0.20917857,0.38895217,0.4748835,0.5117859,0.5159022,0.4682047,0.59578604,0.1878468,0.4374561,0.4125736,0.40589377,0.4722845,0.46463376,0.22105663,0.35635772,0.53350663,0.51295614,0.412104,0.28176206,-0.19538358,0.32892284,0.47868308,0.42201394
0.37929398,0.37509277,0.88834184,0.898584,0.4103101,0.48368567,0.9009297,1.0,0.751376,0.725057,0.82507217,0.84795874,0.8725954,0.82995427,0.7088836,0.69930106,0.6576531,0.8016823,0.3040955,0.07016217,0.55283594,0.6170802,0.86908895,0.90992945,0.744428,0.72999877,0.36629513,0.5041694,0.56455016,0.5565324,0.7103675,0.7703877,0.58355427,0.6738117,0.25699288,0.52861214,0.33977574,0.36581522,0.34284908,0.38245463,0.29073516,0.43621477,0.24815406,0.4613006,0.25865725,0.39217916,0.41660362,0.50852615,-0.13285264,0.34365574,0.30576783,0.20826639,0.19777736,0.48715022,0.40847486,0.5466132,0.27710566,-0.016733987,0.14584239,-0.18502603,0.02932555,-0.10825181,0.41550678,0.27458477,0.17846379,0.45432597,0.33079928,0.3866293,-0.1638282,-0.20519382,0.5924017,0.60410815,0.40398392,0.45323014,0.26850995,0.52107537,0.3277927,0.4220786,0.22127248,0.5689779,0.4771947,0.61722505,0.6168907,0.6528248,0.6028196,0.6610604,0.4748611,0.5875953,0.42071217,0.54729027,0.20119075,0.5035699,0.2833787,-0.16401024,0.3249119,0.40936977,0.44031212,0.44890457,0.4449925,0.5513219,0.17179486,0.39116725,0.3752775,0.35889614,0.42091927,0.41059363,0.15091942,0.27927336,0.4820322,0.4440614,0.40129858,0.33188474,-0.1554439,0.34245682,0.45602134,0.37560958
0.07520159,0.049803555,0.8033817,0.7473247,0.7565584,0.7947033,0.75472826,0.751376,1.0,0.8778349,0.73936445,0.7117473,0.8137839,0.8531588,0.90946555,0.89201725,0.734944,0.710582,0.20280187,-0.12568763,0.8040529,0.85114896,0.8007256,0.7945628,0.8777494,0.88151264,0.7066229,0.8069437,0.82561094,0.80943793,0.84735686,0.85550505,0.19937012,0.2865588,-0.0567843,0.29370722,0.6765086,0.68993586,0.6431414,0.66146904,0.6114634,0.63445324,0.054147895,0.18686078,-0.048945095,0.32107827,0.30165237,0.36490417,-0.05637648,0.14250873,0.13540165,-0.060928624,0.14196561,0.44901386,0.66960824,0.7481207,0.028066454,-0.38372925,0.0050777663,-0.15269397,-0.0752844,-0.07340619,0.11433889,-0.08547374,-0.014606187,0.17150025,-0.039294016,-0.0012798434,-0.24910657,-0.16544777,0.8089403,0.80795026,0.7359206,0.74171233,0.61839515,0.7644079,0.6477278,0.7052129,0.4619901,0.4084554,0.3859007,0.59112376,0.8145824,0.78121567,0.6908067,0.60128325,0.74281806,0.77418655,0.67070234,0.728474,0.31869763,0.48943713,0.5071707,-0.28263193,0.6624838,0.5426184,0.6865264,0.70118725,0.57749695,0.6321532,0.36804634,0.65251136,0.6128604,0.59018207,0.6841731,0.65661037,0.2486278,0.49970782,0.70405275,0.71982396,0.25166526,0.25728503,-0.2920016,0.19084921,0.6077761,0.5982137
0.098543495,0.05812054,0.7861276,0.7070515,0.7195979,0.81089634,0.687504,0.725057,0.8778349,1.0,0.6630357,0.6453869,0.7542572,0.8519581,0.8553896,0.89961594,0.6309265,0.6565116,0.27962014,-0.115917504,0.7751276,0.8530783,0.75472796,0.7704132,0.8562682,0.9037145,0.6847751,0.79777855,0.7562305,0.78826606,0.8098921,0.8377501,0.14350364,0.21977307,-0.080940284,0.24861816,0.5801499,0.5905476,0.5071559,0.5204411,0.5433309,0.5633328,-0.06380391,0.16501032,-0.042407956,0.20529439,0.25108823,0.37507775,-0.015090628,0.16361524,0.048701268,-0.016128497,0.09529196,0.444154,0.5211302,0.6054811,0.06396381,-0.38438135,0.011841377,-0.20843795,-0.010832083,-0.117464945,0.08861913,-0.12345769,-0.08535276,0.13672563,-0.03181813,-0.058921948,-0.19940326,-0.11195905,0.7650347,0.7795627,0.70966136,0.738349,0.57659715,0.71471083,0.58233523,0.62254286,0.38288727,0.32763392,0.25533614,0.5053311,0.692046,0.67253476,0.5541392,0.5388705,0.59809947,0.64049876,0.5214963,0.5956279,0.34856433,0.4936243,0.47029418,-0.17840149,0.5495802,0.3779073,0.5571395,0.56757647,0.5045415,0.5592774,0.34874952,0.53003204,0.5224601,0.4833964,0.5492591,0.5063697,0.031362627,0.37425065,0.55290043,0.59376484,0.172087,0.2696149,-0.2808013,0.18226478,0.5253119,0.43045583
0.30923527,0.23537129,0.8032644,0.80681515,0.4568175,0.48936597,0.83917063,0.82507217,0.73936445,0.6630357,1.0,0.84568465,0.88365346,0.81441516,0.74905276,0.70175034,0.8263172,0.84852195,0.19160916,-0.040629346,0.6374969,0.6617599,0.8342234,0.80461794,0.71700734,0.68395823,0.4101703,0.51713634,0.6985612,0.6712518,0.7291131,0.75638944,0.56112254,0.6150157,0.26228318,0.4907837,0.5105121,0.5128988,0.532198,0.5402981,0.43504816,0.5657988,0.31147513,0.40618622,0.18335047,0.3724857,0.512245,0.5500238,-0.090641364,0.34650615,0.30714604,0.18295543,0.32429218,0.42463282,0.5762275,0.656382,0.26946408,-0.088065326,0.069161795,-0.1756469,-0.018040303,-0.029156014,0.35152924,0.17966585,0.17340256,0.3353282,0.26865852,0.29858208,-0.19601192,-0.24582192,0.6921038,0.67082846,0.5355153,0.53614366,0.44763327,0.62950295,0.484094,0.559311,0.51493853,0.6844003,0.67686385,0.723375,0.70863664,0.73529446,0.78518146,0.6894925,0.55639553,0.64417106,0.5884549,0.64967614,0.32989767,0.50569135,0.299063,-0.16619644,0.43396038,0.5419046,0.6034387,0.5665837,0.5659387,0.6330978,0.27867982,0.41722456,0.47418988,0.46886268,0.5203656,0.52264655,0.2727022,0.3729852,0.6094123,0.5816919,0.42633125,0.37070236,-0.18785435,0.2907849,0.56137705,0.5222301
0.42058617,0.35375756,0.7849377,0.83651066,0.37592238,0.44360566,0.8354926,0.84795874,0.7117473,0.6453869,0.84568465,1.0,0.8533797,0.8213061,0.6995,0.6760531,0.74106604,0.8862577,0.261718,0.06562161,0.5827948,0.6186059,0.79331815,0.81456274,0.6958137,0.6593674,0.35503912,0.47619355,0.60206926,0.5833762,0.66224384,0.70851594,0.6369899,0.69481516,0.34834093,0.5282645,0.4341084,0.4336082,0.48114067,0.5148196,0.38254187,0.4966402,0.30430025,0.4904584,0.32581186,0.3326297,0.4920638,0.554259,-0.072022505,0.38029808,0.31589466,0.2681986,0.20522264,0.33294946,0.5041189,0.6109901,0.27592042,0.079842634,0.1090134,-0.08721933,0.03943664,-0.118213,0.43750975,0.26837248,0.24247725,0.4269141,0.36451307,0.36713612,-0.13352492,-0.21585655,0.59508955,0.61457723,0.41107547,0.4506027,0.32974917,0.5594108,0.395584,0.48343125,0.36443326,0.65846604,0.68300766,0.79712427,0.7059573,0.7591786,0.7262846,0.7923052,0.54446006,0.66563946,0.49931392,0.6125832,0.23647639,0.42051464,0.2712817,-0.09316623,0.3566655,0.512399,0.48989394,0.49680158,0.47447196,0.5448311,0.1988309,0.40544814,0.38312727,0.40074366,0.45075494,0.45697823,0.31199092,0.373822,0.5113829,0.49702406,0.4195914,0.2656933,-0.1412419,0.27091014,0.48131877,0.47058436
0.32279062,0.2639631,0.8468277,0.84198093,0.5144139,0.54258823,0.87256175,0.8725954,0.8137839,0.7542572,0.88365346,0.8533797,1.0,0.8591082,0.8023942,0.7700196,0.7919598,0.8406652,0.21679315,-0.041567586,0.6862059,0.6979009,0.8557492,0.86485624,0.80874896,0.76841956,0.45950064,0.5871315,0.70554316,0.656896,0.77325046,0.79212505,0.49041352,0.57876647,0.25712323,0.48590535,0.5048127,0.50259674,0.5208243,0.53147835,0.4453464,0.48739317,0.2877431,0.45873114,0.19628781,0.33792546,0.5173344,0.5711607,-0.046562552,0.2964376,0.31863338,0.21753864,0.25302407,0.48919943,0.581328,0.6905277,0.24467617,-0.09668209,0.07655926,-0.17686798,0.0008749399,-0.03575674,0.36092263,0.15822181,0.14887771,0.36768588,0.26682764,0.2787543,-0.1782456,-0.22331566,0.6873066,0.6717734,0.5399067,0.5345542,0.41983947,0.6116213,0.46986023,0.5386635,0.4538605,0.5860604,0.60820204,0.72114766,0.75318414,0.744096,0.756756,0.71491665,0.59489775,0.6824172,0.57803583,0.65871495,0.30669373,0.5316185,0.35738876,-0.21801002,0.46266112,0.52248466,0.60112935,0.5747862,0.590936,0.6546808,0.24152304,0.49450505,0.49240726,0.47662526,0.56108266,0.5507378,0.26553175,0.34603208,0.6328702,0.58549947,0.43793625,0.3428776,-0.19612636,0.31489068,0.5989371,0.5454053
0.18470973,0.0941713,0.84642696,0.8226602,0.6593071,0.7234069,0.7980572,0.82995427,0.8531588,0.8519581,0.81441516,0.8213061,0.8591082,1.0,0.84531695,0.869856,0.784395,0.79237294,0.29851043,-0.092848584,0.7787844,0.8177876,0.86646366,0.8471948,0.8628304,0.8690507,0.6298363,0.7375269,0.7844887,0.8014608,0.8676363,0.88695246,0.33065122,0.39449614,0.02488718,0.29578167,0.6249641,0.63636076,0.5881283,0.6022144,0.539157,0.5752866,0.07389095,0.2505439,0.090784535,0.2546484,0.31746227,0.41345203,-0.013600086,0.21640201,0.18926449,0.081852905,0.10237649,0.3820055,0.57098025,0.67390263,0.07624182,-0.28755444,0.032440033,-0.19328491,-0.06358677,-0.15934335,0.17255534,-0.03662792,0.032100134,0.23266242,0.0838983,0.0467291,-0.22260256,-0.18811475,0.80975527,0.81348854,0.6917269,0.7162857,0.5590137,0.7435768,0.6361383,0.6893845,0.44513267,0.46604213,0.44816804,0.652741,0.74155194,0.76749736,0.6626312,0.6351027,0.6148406,0.70478237,0.566491,0.6485015,0.27556485,0.40827352,0.40021515,-0.24714442,0.57472795,0.47508514,0.6049964,0.6278082,0.5021686,0.55765235,0.2817612,0.52124184,0.47426587,0.45929962,0.56165093,0.5430956,0.16013288,0.42118788,0.59936684,0.649182,0.21377748,0.20904607,-0.25932103,0.16094242,0.5172083,0.517898
0.069313824,0.025552522,0.7774786,0.7221631,0.7752799,0.8073319,0.73121554,0.7088836,0.90946555,0.8553896,0.74905276,0.6995,0.8023942,0.84531695,1.0,0.9108362,0.7819663,0.7174904,0.16183983,-0.14419055,0.8393531,0.8799711,0.79182446,0.7464537,0.8742174,0.8748675,0.747296,0.8230791,0.87206143,0.8544014,0.85747653,0.8473857,0.1858394,0.24733917,-0.04366555,0.255745,0.741417,0.7545705,0.71257305,0.7146987,0.6583264,0.66887337,0.024630183,0.19381216,-0.048936263,0.3045735,0.31117642,0.38163686,-0.05014869,0.13943215,0.12184764,-0.06523724,0.20700845,0.4495769,0.73302233,0.7907302,0.029795043,-0.40503478,-0.016989818,-0.14676489,-0.08574696,-0.05867386,0.08608361,-0.10325303,-0.05899492,0.119284034,-0.04107401,-0.03324796,-0.24265675,-0.18490544,0.8374075,0.83024496,0.78342533,0.7857971,0.67465144,0.8076384,0.70078135,0.75180906,0.53124994,0.43953422,0.42213425,0.6268565,0.86329824,0.8243606,0.73783755,0.61225337,0.79761845,0.8082738,0.7414396,0.7778607,0.38395408,0.5107809,0.5702956,-0.27423292,0.7234609,0.58319205,0.7581712,0.73904574,0.60934275,0.65713894,0.4283417,0.6814075,0.6506592,0.6214208,0.72406435,0.68402994,0.2807081,0.5540603,0.7264598,0.7725332,0.20122908,0.20493674,-0.34655178,0.11129131,0.62963885,0.6274069
0.07185826,0.0068441588,0.77399784,0.71231616,0.78747606,0.83746666,0.6928199,0.69930106,0.89201725,0.89961594,0.70175034,0.6760531,0.7700196,0.869856,0.9108362,1.0,0.73834157,0.6922396,0.21345125,-0.13267754,0.8501718,0.8942484,0.7843546,0.74132675,0.8891252,0.8992444,0.76466674,0.84145504,0.84905523,0.8684239,0.8737255,0.85648376,0.12899162,0.18718646,-0.08941482,0.19820808,0.7246879,0.7385117,0.6700631,0.6783295,0.6472611,0.6438025,-0.07439781,0.15926026,-0.0769366,0.2431453,0.26354453,0.36325487,-0.0036829163,0.11528532,0.07160168,-0.03483191,0.15191337,0.41119534,0.66423595,0.73885995,0.0061778063,-0.44559807,-0.012514188,-0.20368123,-0.09385112,-0.11361249,0.021441605,-0.16326539,-0.10884159,0.09521533,-0.055864602,-0.10584458,-0.21702844,-0.17271738,0.84314704,0.8371442,0.7942994,0.8098667,0.6638009,0.8023366,0.70464087,0.74580044,0.4846276,0.3635471,0.3366196,0.59410167,0.797486,0.7858822,0.65502244,0.58485496,0.72572863,0.7662564,0.66903,0.7249082,0.38051182,0.47795582,0.5458658,-0.2422401,0.6964224,0.5218136,0.69930744,0.7000001,0.5687004,0.6119493,0.40558228,0.6425485,0.5966031,0.56145996,0.6650346,0.62444925,0.17370623,0.51076025,0.667251,0.7335047,0.129599,0.17041181,-0.3309337,0.09813935,0.5863931,0.5693604
0.13589509,0.017556636,0.6984251,0.6871253,0.6494131,0.62406516,0.7022041,0.6576531,0.734944,0.6309265,0.8263172,0.74106604,0.7919598,0.784395,0.7819663,0.73834157,1.0,0.75232637,0.11314068,-0.1259307,0.75548697,0.7246937,0.7773475,0.6623539,0.73961633,0.6881505,0.6241853,0.66072357,0.84752667,0.79484653,0.81145865,0.7647281,0.34828627,0.36131883,0.09274485,0.2433795,0.74582326,0.7401979,0.74643934,0.7388649,0.64487326,0.6467502,0.18503302,0.24555936,0.07478795,0.2407693,0.38822004,0.41113943,-0.06643092,0.17113802,0.26420915,0.052409634,0.2707342,0.28667483,0.7182571,0.7543437,0.052311067,-0.27193806,0.016570266,-0.14282031,-0.09633507,0.0006450806,0.13421686,-0.102468744,0.067738384,0.13791558,0.102298155,0.020687524,-0.18702222,-0.2501075,0.8280805,0.78886706,0.73181087,0.71510583,0.6697471,0.776542,0.7373305,0.771728,0.66201735,0.5365082,0.6507527,0.7103851,0.7715155,0.793954,0.7947466,0.61554396,0.6854236,0.74568844,0.7213701,0.7265138,0.3527158,0.33331886,0.4024417,-0.24451466,0.6560807,0.62924594,0.72295964,0.7179906,0.56332844,0.5775634,0.34133777,0.5205525,0.5191713,0.50849444,0.6295602,0.6375206,0.3513138,0.53813994,0.6877891,0.7573526,0.24463676,0.12908661,-0.19365442,0.11692216,0.5507864,0.6478435
0.39184436,0.34585539,0.7524566,0.801133,0.36412218,0.4374101,0.80547696,0.8016823,0.710582,0.6565116,0.84852195,0.8862577,0.8406652,0.79237294,0.7174904,0.6922396,0.75232637,1.0,0.21379252,0.051273353,0.56993836,0.6299711,0.75653833,0.75343555,0.67741734,0.64178884,0.3513609,0.45961645,0.64145094,0.6245247,0.6529493,0.6799067,0.60170025,0.6486044,0.40613967,0.62169755,0.4377822,0.44080004,0.473439,0.5085485,0.3693946,0.49079785,0.25002995,0.50691336,0.28281876,0.37506363,0.5798583,0.65461874,-0.12826987,0.34545916,0.30753326,0.2521564,0.31649595,0.4413186,0.5239212,0.64893174,0.32009605,0.0661956,0.08630581,-0.08308532,0.03480476,-0.09476014,0.4196235,0.24840675,0.23280634,0.39918587,0.3856366,0.4020843,-0.10430844,-0.2348161,0.6173376,0.6328077,0.44875532,0.4755437,0.38162622,0.5739933,0.3982442,0.4906065,0.43382147,0.75970423,0.69546217,0.85157466,0.70831203,0.766809,0.77540517,0.84383225,0.5544384,0.6749624,0.5419246,0.68159324,0.3337838,0.59324586,0.28872722,-0.026647847,0.36142218,0.5373904,0.5393189,0.49800327,0.5493163,0.6573531,0.2766635,0.42123136,0.44801337,0.45471832,0.4734171,0.47364196,0.29787648,0.37939647,0.5603228,0.51589143,0.47986025,0.35794678,-0.14446324,0.33986026,0.5676039,0.4891502
0.1160484,0.22854269,0.29841387,0.2950916,0.14946087,0.21046378,0.23990625,0.3040955,0.20280187,0.27962014,0.19160916,0.261718,0.21679315,0.29851043,0.16183983,0.21345125,0.11314068,0.21379252,1.0,0.17386839,0.18692057,0.21206126,0.25497282,0.309777,0.26140687,0.28630117,0.18211307,0.23912431,0.093468174,0.15504277,0.18488811,0.19690071,0.18883705,0.23695819,0.08698556,0.14907481,0.07055987,0.033491228,0.029910423,-0.043495897,0.07446879,0.04776172,-0.1791044,0.15748237,-0.013636396,-0.09069649,0.074384786,0.10114708,-0.07556437,0.051893592,-0.072675064,0.09034401,-0.15625478,-0.014438397,0.00649617,0.016548235,0.30507427,0.12642202,-0.051650908,0.082309455,0.06021042,-0.053945422,0.08243377,0.17955098,0.014250478,0.37024602,0.116465,0.071154065,0.09179738,0.21620607,0.11349091,0.14635397,0.1426561,0.13923822,0.07156393,0.0968301,0.05247107,0.05266456,0.00053753774,0.010610869,0.050432444,0.15717882,0.05692379,0.07048267,0.06579887,0.13694279,-0.012485395,0.048529513,0.025775446,0.035607852,0.08734398,0.1089123,0.0897886,-0.0768116,0.053992238,-0.1266172,0.030699532,0.020221196,0.10261735,0.075286835,0.024434548,0.0006524234,0.009426562,-0.028289532,0.022991322,0.0039266497,-0.22009572,-0.13640639,0.08197885,0.04480729,0.07077061,-0.06947885,0.024938365,0.123566546,0.10986898,0.024028115
0.20141004,0.43557692,0.036303453,0.09460851,-0.22687446,-0.20745467,0.084076196,0.07016217,-0.12568763,-0.115917504,-0.040629346,0.06562161,-0.041567586,-0.092848584,-0.14419055,-0.13267754,-0.1259307,0.051273353,0.17386839,1.0,-0.17250744,-0.15484391,-0.01114892,0.037154913,-0.073921256,-0.10613857,-0.18632036,-0.17414516,-0.23610726,-0.21528704,-0.18747805,-0.19397013,0.37451977,0.34255868,0.42252854,0.14942177,-0.24252942,-0.2558338,-0.20007646,-0.20111029,-0.18223768,-0.08497757,-0.03187523,0.16232759,0.10801289,-0.006720457,-0.017376037,0.006474524,-0.03271831,-0.017520482,0.021649327,0.16579758,0.046324793,0.041070428,-0.1785121,-0.17994864,0.31052473,0.38332728,0.069728926,0.11726615,0.25211376,-0.16155197,0.17065142,0.34616783,0.045873195,0.3701102,0.33669212,0.28930557,0.085373074,0.24701549,-0.2539646,-0.25796324,-0.25443,-0.21242423,-0.23532054,-0.22139168,-0.33492997,-0.30078086,-0.23421134,0.08836547,0.05745671,0.08221113,-0.11559209,-0.049540784,-0.0805737,0.07401162,-0.116566576,-0.11524341,-0.12825039,-0.072174035,-0.01368677,0.075116456,-0.13149883,0.16437006,-0.22220232,-0.118704356,-0.21701984,-0.2423378,-0.08536779,-0.08818771,-0.08981348,-0.17323786,-0.16598344,-0.18648729,-0.17874862,-0.16980259,-0.08808005,-0.050205212,-0.17820689,-0.25212422,0.045304816,-0.06279592,0.11639537,0.13418826,-0.100449175,-0.1707649
-0.038688384,-0.10653264,0.63721895,0.5823922,0.84806293,0.82571715,0.55113834,0.55283594,0.8040529,0.7751276,0.6374969,0.5827948,0.6862059,0.7787844,0.8393531,0.8501718,0.75548697,0.56993836,0.18692057,-0.17250744,1.0,0.8817089,0.68212056,0.60478795,0.8568065,0.8258311,0.83420324,0.87139654,0.84651256,0.84451795,0.8214417,0.7510886,0.0114992745,0.063968845,-0.17395441,-0.00092552113,0.82722753,0.7971322,0.81405234,0.7673532,0.8062068,0.6206295,-0.08970598,0.06520143,-0.17150709,0.1203538,0.22453599,0.2655457,0.043596607,0.043146156,0.03877629,-0.027643649,0.13105932,0.20908388,0.7668989,0.73357165,-0.048326712,-0.4637074,-0.07460924,-0.14719185,-0.15331957,0.0077596,-0.054594748,-0.26373896,-0.11868143,0.044774,-0.15401606,-0.2551184,-0.19623224,-0.11187842,0.8194285,0.7614242,0.8367044,0.8131403,0.71392626,0.7818269,0.7683177,0.7611673,0.6019484,0.20730455,0.3890283,0.567788,0.7818757,0.73505265,0.68392146,0.5027968,0.7382016,0.73024875,0.74164397,0.7126338,0.45147973,0.29799893,0.577867,-0.32714054,0.7845176,0.5388983,0.7550233,0.727553,0.6190762,0.5410448,0.41281852,0.6460766,0.60466534,0.5515628,0.6966254,0.6653225,0.2502557,0.48838183,0.72124493,0.78114516,0.027722128,0.03997467,-0.3327538,-0.035317313,0.5993938,0.66219753
-0.0036098424,-0.049001496,0.7092868,0.65293837,0.8250615,0.8752875,0.6093152,0.6170802,0.85114896,0.8530783,0.6617599,0.6186059,0.6979009,0.8177876,0.8799711,0.8942484,0.7246937,0.6299711,0.21206126,-0.15484391,0.8817089,1.0,0.7204461,0.66867006,0.85588074,0.8791748,0.8170887,0.8797422,0.8548392,0.8788335,0.8253059,0.8125869,0.090012945,0.12897453,-0.14024156,0.11576938,0.7719622,0.75819504,0.72464514,0.70742416,0.73008424,0.6892069,-0.11893516,0.0828184,-0.16240959,0.2019914,0.19544159,0.2819051,-0.06614894,0.05148213,-0.010934503,-0.06792787,0.14805333,0.30411568,0.6978325,0.69334126,-0.021331312,-0.4421201,-0.021069156,-0.13458155,-0.08696828,-0.063075334,-0.024253784,-0.20429228,-0.11632681,0.057239927,-0.13502042,-0.17099287,-0.23059477,-0.09806226,0.83859956,0.82708514,0.8286804,0.8507181,0.7286811,0.8157243,0.73687357,0.75646883,0.5366713,0.3125115,0.33066875,0.55255085,0.771655,0.7410009,0.64840585,0.5327218,0.729505,0.72204465,0.6946767,0.70787454,0.45417237,0.41046652,0.5905765,-0.21457465,0.719524,0.51534617,0.6973657,0.697013,0.57413846,0.5598758,0.48000497,0.6250709,0.6352963,0.58094704,0.6711014,0.6286009,0.18270178,0.53096426,0.6645496,0.7363778,0.07852245,0.14236295,-0.2795542,0.06340378,0.5829496,0.578329
0.2195655,0.21373121,0.9067404,0.88796854,0.6056239,0.63541776,0.87985927,0.86908895,0.8007256,0.75472796,0.8342234,0.79331815,0.8557492,0.86646366,0.79182446,0.7843546,0.7773475,0.75653833,0.25497282,-0.01114892,0.68212056,0.7204461,1.0,0.8832075,0.82693285,0.7980664,0.5659462,0.65439683,0.7182166,0.7102481,0.8522803,0.8554184,0.46597916,0.5179243,0.097108126,0.34054688,0.54425365,0.5791991,0.5187103,0.5435103,0.45835924,0.5782988,0.1524579,0.29818702,0.12118636,0.37645948,0.29646513,0.37248603,-0.111207195,0.22892234,0.25151625,0.09428615,0.22006263,0.42990133,0.5294828,0.6391346,0.10006535,-0.24317446,0.055583533,-0.23415609,-0.073795706,-0.1164356,0.2691126,0.08149219,0.09493083,0.32073325,0.16934693,0.18784508,-0.25598434,-0.23728803,0.7571974,0.73812276,0.606507,0.641921,0.47512633,0.6826708,0.5499573,0.6239215,0.33896378,0.49128243,0.4274151,0.5839786,0.6830741,0.7171296,0.6263476,0.5730834,0.58986443,0.67679584,0.554358,0.62043047,0.25099757,0.43145767,0.38284406,-0.28078988,0.54463446,0.49098122,0.5904635,0.60847056,0.47463182,0.5438898,0.25336003,0.4758453,0.4334652,0.3999421,0.52371186,0.50943065,0.15583654,0.41045856,0.58531165,0.62563777,0.23334962,0.17113912,-0.25764996,0.2027651,0.4617541,0.47805226
0.27460265,0.28861007,0.9110361,0.8868698,0.49482146,0.5623853,0.8846332,0.90992945,0.7945628,0.7704132,0.80461794,0.81456274,0.86485624,0.8471948,0.7464537,0.74132675,0.6623539,0.75343555,0.309777,0.037154913,0.60478795,0.66867006,0.8832075,1.0,0.7855372,0.79117906,0.4503751,0.58679444,0.60514396,0.6000113,0.75511754,0.8259194,0.49695477,0.58814776,0.14530438,0.40254486,0.38675457,0.41302463,0.37303978,0.40861213,0.35421064,0.48909864,0.23056866,0.37336993,0.18533596,0.3417606,0.32141167,0.40050915,-0.09225105,0.27370733,0.23214315,0.13956775,0.121545084,0.47411475,0.41415304,0.5409372,0.16553636,-0.12780805,0.09821941,-0.18610446,0.011330421,-0.13085355,0.3312996,0.17913593,0.13295564,0.41900766,0.21584472,0.27192387,-0.25069794,-0.19429521,0.6382229,0.64817,0.47042894,0.5186976,0.323937,0.5687119,0.39390418,0.47864258,0.21388072,0.47351107,0.39344558,0.54877084,0.6387235,0.65258867,0.55736333,0.5800905,0.5104966,0.59415895,0.41704765,0.519957,0.18404792,0.44161555,0.3053469,-0.21211098,0.38326272,0.370901,0.44362906,0.46831983,0.4099802,0.49049693,0.15554167,0.39907753,0.36859143,0.3469651,0.44130114,0.4260483,0.108054005,0.28996208,0.47908264,0.46706748,0.30532506,0.24340184,-0.21576592,0.2655325,0.41828632,0.372186
0.09483486,0.08843515,0.80447936,0.7626582,0.7908463,0.7971714,0.74037325,0.744428,0.8777494,0.8562682,0.71700734,0.6958137,0.80874896,0.8628304,0.8742174,0.8891252,0.73961633,0.67741734,0.26140687,-0.073921256,0.8568065,0.85588074,0.82693285,0.7855372,1.0,0.8989848,0.76217496,0.8373427,0.794362,0.7897907,0.8719073,0.82413375,0.18751308,0.2627068,-0.030986398,0.19695798,0.679157,0.6764387,0.6481552,0.6349565,0.64274734,0.56613815,-0.027904907,0.19963649,-0.057408664,0.24495658,0.27888826,0.3371748,-0.019143075,0.12676065,0.14712185,0.06677254,0.18170775,0.3879184,0.6423713,0.6987006,0.03841487,-0.3537548,-0.03430594,-0.17821324,-0.07481309,-0.058810342,0.08120256,-0.104622506,-0.032244217,0.20061709,-0.014181073,-0.022822883,-0.18962339,-0.11279151,0.79129606,0.7481353,0.7419239,0.73495936,0.59306747,0.72530466,0.6380457,0.6645274,0.42227423,0.2894184,0.34941116,0.59099674,0.7642129,0.73236233,0.6511542,0.5703186,0.6773764,0.72266257,0.64395136,0.67765266,0.37813887,0.43241066,0.5224667,-0.30561003,0.67604655,0.4839645,0.6685651,0.655715,0.5740104,0.57126546,0.33998653,0.5932706,0.543306,0.4830341,0.6190284,0.5809779,0.15178715,0.40345535,0.66458577,0.69447535,0.12842949,0.11046512,-0.31535846,0.13839561,0.57269233,0.5623638
0.034427356,0.023920635,0.8040433,0.7376752,0.7785987,0.83947086,0.7061772,0.72999877,0.88151264,0.9037145,0.68395823,0.6593674,0.76841956,0.8690507,0.8748675,0.8992444,0.6881505,0.64178884,0.28630117,-0.10613857,0.8258311,0.8791748,0.7980664,0.79117906,0.8989848,1.0,0.7553178,0.8496148,0.7909936,0.81197894,0.85030043,0.8616306,0.14846914,0.20777991,-0.13047794,0.14578898,0.6491566,0.65755147,0.58667064,0.5756474,0.6003228,0.5820285,-0.06242947,0.11109586,-0.065861836,0.20114721,0.16933289,0.2699741,0.0033993213,0.13575368,0.06360569,-0.049674317,0.0903649,0.41141728,0.5662513,0.62861264,0.014639569,-0.40363616,-0.03427743,-0.20041206,-0.039018426,-0.102990694,0.042500854,-0.14476682,-0.09462245,0.16310242,-0.07489745,-0.079617456,-0.22922842,-0.08267481,0.79900295,0.7939232,0.75144905,0.77143025,0.6206124,0.74860764,0.64465296,0.67291516,0.38957292,0.28259695,0.2629934,0.50335485,0.72596693,0.69835824,0.57034093,0.49744132,0.6458901,0.67191297,0.5673674,0.61575323,0.32825693,0.39958653,0.5011139,-0.28324965,0.6401665,0.3907811,0.60395175,0.6122261,0.48288882,0.5094816,0.32278356,0.55927795,0.51318383,0.46898764,0.58551943,0.54032457,0.05912454,0.40395644,0.5826576,0.6465852,0.06796788,0.15233885,-0.32130527,0.08046932,0.49622652,0.47034734
-0.23572664,-0.26217833,0.51771545,0.43611366,0.91216916,0.8801488,0.3801019,0.36629513,0.7066229,0.6847751,0.4101703,0.35503912,0.45950064,0.6298363,0.747296,0.76466674,0.6241853,0.3513609,0.18211307,-0.18632036,0.83420324,0.8170887,0.5659462,0.4503751,0.76217496,0.7553178,1.0,0.91249037,0.7956342,0.8133691,0.7672432,0.67768496,-0.18262318,-0.1748856,-0.37533116,-0.2008729,0.8057088,0.80812603,0.73272395,0.6778292,0.7474719,0.5762517,-0.25178477,-0.1410132,-0.32301104,0.062199112,-0.03811103,-0.008909649,-0.03103994,-0.12455986,-0.053448662,-0.22748265,0.021505408,0.12168246,0.64800173,0.6012863,-0.24824281,-0.5915858,-0.08859555,-0.15092152,-0.1704192,-0.04727433,-0.28864455,-0.42164958,-0.20620097,-0.10627161,-0.36127034,-0.4185574,-0.20160368,-0.035056237,0.780332,0.7364545,0.85150385,0.83882177,0.74531496,0.7542839,0.8008871,0.7752163,0.47447005,0.0043555386,0.102617264,0.32988665,0.6318541,0.59166825,0.45118353,0.26107082,0.6813273,0.65093297,0.6390647,0.586893,0.35651773,0.15578108,0.5873175,-0.36000982,0.81710654,0.38820624,0.6562303,0.65722984,0.42417312,0.34227514,0.40551677,0.58074236,0.50317115,0.43122092,0.6060447,0.55889106,0.08515964,0.4868271,0.5941423,0.7366172,-0.21124902,-0.1895717,-0.35905933,-0.17931527,0.40531236,0.5183234
-0.16725147,-0.18641815,0.6328082,0.5489832,0.9075075,0.9096735,0.5024077,0.5041694,0.8069437,0.79777855,0.51713634,0.47619355,0.5871315,0.7375269,0.8230791,0.84145504,0.66072357,0.45961645,0.23912431,-0.17414516,0.87139654,0.8797422,0.65439683,0.58679444,0.8373427,0.8496148,0.91249037,1.0,0.8256916,0.84117717,0.81771797,0.76959985,-0.086787134,-0.051267117,-0.30326825,-0.078636594,0.7865644,0.7842879,0.7145891,0.6732328,0.7353728,0.59283274,-0.1871177,-0.048595194,-0.26183975,0.10957542,0.04730629,0.10053019,-0.0196283,-0.05260198,-0.016390432,-0.17278829,0.01944455,0.21294947,0.65503323,0.6384152,-0.17563957,-0.5528105,-0.066789225,-0.15831795,-0.12359731,-0.050254595,-0.18422525,-0.3469769,-0.17276515,-0.017329171,-0.28954574,-0.3312589,-0.22633928,-0.031428955,0.8135455,0.78605586,0.85191286,0.8425814,0.7283392,0.7747899,0.7793854,0.7700924,0.48544487,0.093111396,0.16327548,0.40120628,0.69374454,0.64491445,0.510599,0.35701036,0.697632,0.6795455,0.63629645,0.618432,0.35310474,0.24810106,0.580527,-0.34972292,0.7846857,0.40676448,0.66127086,0.6740592,0.47405928,0.42226523,0.3907879,0.6032864,0.54406846,0.48292407,0.63611495,0.59047157,0.09289858,0.4770187,0.62800753,0.7370868,-0.0877615,-0.057085037,-0.33972663,-0.06778108,0.47530866,0.5387319
-0.057727247,-0.15379944,0.6629522,0.6007831,0.8223292,0.81710464,0.596735,0.56455016,0.82561094,0.7562305,0.6985612,0.60206926,0.70554316,0.7844887,0.87206143,0.84905523,0.84752667,0.64145094,0.093468174,-0.23610726,0.84651256,0.8548392,0.7182166,0.60514396,0.794362,0.7909936,0.7956342,0.8256916,1.0,0.9102393,0.85690665,0.8151162,0.07124719,0.091190994,-0.13862255,0.11496673,0.85352504,0.85341775,0.8022824,0.79091495,0.75171,0.6933023,-0.0077572246,0.05037661,-0.13604358,0.20914471,0.23894171,0.29145303,-0.05979798,0.0273638,0.092451036,-0.13111386,0.17478701,0.30209497,0.7684012,0.7870405,-0.09811887,-0.50495756,-0.032040477,-0.17318663,-0.15110062,-0.01999689,-0.05833697,-0.28306434,-0.10025483,-0.049814645,-0.12979482,-0.20192847,-0.22731434,-0.19165003,0.90761685,0.8815986,0.88661766,0.86657834,0.8093751,0.8670487,0.8536283,0.8731194,0.6936257,0.39667696,0.4315148,0.59122986,0.8060906,0.78479934,0.72241026,0.513017,0.77640194,0.7778904,0.7744777,0.7651446,0.38392153,0.35973307,0.5360295,-0.2908691,0.79288834,0.6075246,0.7792399,0.7845334,0.57648987,0.5905785,0.44383615,0.6540788,0.6268697,0.60266066,0.7212469,0.7047245,0.30154428,0.6119712,0.7423003,0.8351205,0.11231537,0.118883096,-0.26645675,0.037031457,0.5858728,0.6717638
-0.059824027,-0.17573003,0.663202,0.5950573,0.821857,0.85114706,0.5601003,0.5565324,0.80943793,0.78826606,0.6712518,0.5833762,0.656896,0.8014608,0.8544014,0.8684239,0.79484653,0.6245247,0.15504277,-0.21528704,0.84451795,0.8788335,0.7102481,0.6000113,0.7897907,0.81197894,0.8133691,0.84117717,0.9102393,1.0,0.8533542,0.82034284,0.047309376,0.05579056,-0.20475388,0.0689424,0.834937,0.84243566,0.7653514,0.7552929,0.7255974,0.7050729,-0.11498437,-0.008810983,-0.1758907,0.2017106,0.17199364,0.2421173,-0.044088893,0.029576838,0.024215287,-0.1460387,0.1282734,0.2717485,0.7136014,0.7279808,-0.09020302,-0.53479403,-0.03576263,-0.18325816,-0.17685437,-0.08822754,-0.11167995,-0.30367443,-0.14614783,-0.06305375,-0.1690022,-0.25202063,-0.23509882,-0.16035558,0.9051768,0.8917598,0.8905037,0.90042686,0.81340575,0.8765939,0.8474266,0.8671663,0.6391289,0.36099422,0.35459733,0.549635,0.75407094,0.7600304,0.6537135,0.4798538,0.72710645,0.7388989,0.72087955,0.72502106,0.3935663,0.349874,0.530312,-0.26267073,0.7691078,0.5445496,0.7365783,0.7443317,0.5310043,0.54405653,0.45810384,0.6215957,0.5980042,0.5658388,0.67634946,0.65128374,0.2038135,0.5888712,0.68415153,0.79406226,0.030292304,0.100969166,-0.29715142,-0.013057578,0.5421801,0.60481524
0.009730301,-0.07238178,0.79343927,0.7379072,0.80009294,0.7985418,0.72245795,0.7103675,0.84735686,0.8098921,0.7291131,0.66224384,0.77325046,0.8676363,0.85747653,0.8737255,0.81145865,0.6529493,0.18488811,-0.18747805,0.8214417,0.8253059,0.8522803,0.75511754,0.8719073,0.85030043,0.7672432,0.81771797,0.85690665,0.8533542,1.0,0.8963011,0.1345491,0.18748012,-0.15471719,0.11842536,0.7479718,0.7791623,0.6830784,0.6984061,0.62950265,0.63049084,0.0012838695,0.10786925,-0.063587084,0.25706446,0.21066938,0.27840745,-0.039564725,0.053965256,0.17864332,-0.06217471,0.13186339,0.3570255,0.6513539,0.7380192,-0.12160428,-0.5089009,-0.012122174,-0.21975923,-0.18005943,-0.10628009,-0.009316368,-0.23054345,-0.06161304,0.08277562,-0.090316676,-0.12884173,-0.27672118,-0.24672586,0.8925251,0.86300004,0.8104459,0.8131122,0.6658564,0.8160318,0.7765064,0.8147732,0.47846374,0.32374611,0.31697533,0.5284142,0.7434312,0.75530636,0.6195572,0.489821,0.69309884,0.75783837,0.6562456,0.6887329,0.2839319,0.34885833,0.4946783,-0.35914567,0.7416284,0.53980094,0.71120083,0.7458319,0.51418525,0.5463045,0.33474684,0.6092558,0.52859885,0.49426758,0.65122175,0.62928814,0.18560651,0.5217811,0.6806813,0.7808886,0.08766489,0.0661925,-0.31719413,0.06727942,0.5130403,0.59410197
