1.0,0.8788012,0.8880565,0.8905976,0.85584337,0.87537056,0.891519,0.8841039,0.86585385,0.8506207,0.87202203,0.8859591,0.8734203,0.88283956,0.8746318,0.87793034,0.8748133,0.87582827,0.88138884,0.88966876,0.8803874,0.86974686,0.8831534,0.8847501,0.8767326,0.8683687,0.8547245,0.8591288,0.8793902,0.8831587,0.880454,0.8820554,0.8799554,0.8800958,0.88196415,0.8790079,0.8774421,0.8827945,0.87887263,0.8822671,0.86968005,0.8825679,0.8838825,0.8852804,0.8620724,0.8804922,0.88456833,0.88600755,0.83420044,0.8581667,0.88233554,0.8631784,0.87552685,0.8609351,0.88390625,0.8826772,0.8943307,0.8844553,0.76495564,0.7555736,0.87936556,0.86098874,0.89095855,0.87990826,0.8798906,0.88246214,0.8440793,0.892014,0.75489885,0.8591646,0.8836098,0.88193184,0.87883425,0.88497734,0.87886363,0.88254803,0.8805584,0.88028127,0.87776834,0.8753873,0.8830034,0.88030374,0.8779332,0.87312376,0.8848599,0.87969065,0.86898327,0.8417429,0.8796151,0.86698186,0.88381094,0.87672734,0.88108176,0.87594485,0.84877527,0.8799771,0.87922937,0.88214844,0.8818797,0.8815013,0.8703428,0.8461325,0.8680011,0.8656399,0.8732953,0.8765761,0.87387985,0.87116873,0.8418039,0.8763092,0.88272125,0.8622837,0.858956,0.8526416,0.8656536,0.87755626
0.8788012,1.0,0.87099564,0.8835417,0.8377178,0.8576719,0.8714414,0.88404316,0.85584515,0.84082663,0.86231846,0.88078004,0.8666052,0.87369204,0.8674148,0.8683181,0.86180925,0.86551565,0.87153727,0.88516885,0.86654603,0.86381763,0.87014925,0.8740403,0.8538736,0.853202,0.83339506,0.8391898,0.86925185,0.8718532,0.8670992,0.8686295,0.8673427,0.8653411,0.86656994,0.86553967,0.86522937,0.8653709,0.8673676,0.86837775,0.8613905,0.86415064,0.8731999,0.87545,0.85970384,0.87752223,0.8699816,0.8721032,0.8357109,0.8475967,0.8706414,0.8671726,0.8482962,0.84431124,0.8668779,0.86743027,0.8797391,0.8881276,0.7635597,0.72985256,0.8733702,0.8619049,0.8800709,0.8845731,0.8687499,0.87929124,0.8362632,0.8818854,0.7575763,0.8693763,0.8699544,0.8690338,0.86783797,0.86721146,0.8618864,0.87262356,0.8666396,0.8618135,0.8619513,0.8644795,0.871058,0.87278235,0.8672468,0.85934377,0.8704361,0.86840683,0.84920466,0.8236705,0.8636489,0.85164243,0.86359787,0.8660253,0.8625772,0.86383927,0.834747,0.867268,0.8647056,0.8679166,0.8661126,0.8671069,0.85678685,0.83972126,0.85630316,0.8525081,0.86211574,0.8669174,0.86360604,0.86209124,0.8295669,0.85896254,0.8686721,0.845532,0.83744687,0.8463492,0.8592795,0.8672754
0.8880565,0.87099564,1.0,0.8909493,0.8795717,0.8903342,0.89346004,0.88733596,0.8848903,0.87665325,0.8878537,0.88761795,0.8885333,0.8904654,0.88975865,0.89064723,0.88826483,0.8849273,0.8735026,0.8832108,0.8911714,0.886806,0.8948969,0.89440286,0.88826025,0.8851074,0.87828135,0.8812846,0.8911168,0.8869345,0.8928063,0.8920635,0.8908013,0.8905902,0.89098334,0.88652176,0.88975763,0.8892655,0.8916462,0.88880926,0.8862516,0.8902259,0.88856167,0.88715756,0.86708015,0.87434846,0.8924896,0.8907027,0.8141382,0.85475475,0.8743571,0.86662585,0.8710811,0.8719533,0.8923363,0.8917288,0.8848894,0.8787395,0.7467004,0.74339163,0.85819685,0.84674424,0.88420004,0.8759348,0.8723771,0.8807163,0.8458628,0.88949287,0.7477833,0.84145397,0.8930436,0.89081794,0.8904595,0.8887802,0.8904981,0.8908242,0.8929003,0.88337207,0.8888051,0.881755,0.8916971,0.8899244,0.89175934,0.88788515,0.89256734,0.8910578,0.88695115,0.871969,0.89238554,0.88610595,0.8905715,0.8872929,0.88888603,0.8895462,0.8695849,0.8920437,0.89245534,0.89149153,0.8916539,0.8901662,0.886265,0.86601454,0.8851336,0.8845782,0.8871462,0.88993025,0.88848466,0.8845546,0.86204416,0.8894568,0.89213824,0.8746804,0.869163,0.86792654,0.88138026,0.890341
0.8905976,0.8835417,0.8909493,1.0,0.86661756,0.8815925,0.8913324,0.8922173,0.87731504,0.86450756,0.8821877,0.8916136,0.8842474,0.88976705,0.884746,0.8863102,0.88294905,0.88345015,0.8780697,0.8913891,0.8869365,0.88150877,0.8897596,0.8917381,0.8815567,0.878104,0.8649171,0.86857325,0.8873441,0.8877734,0.888098,0.8881498,0.8866918,0.88658106,0.8873571,0.8846756,0.8848959,0.88515466,0.88658756,0.88613355,0.88033223,0.8855419,0.8879547,0.88945514,0.8681777,0.8807649,0.8893295,0.88966984,0.8291906,0.86210436,0.8790483,0.872914,0.87158614,0.8703388,0.88806903,0.8871105,0.89011025,0.88746995,0.75514907,0.7430758,0.8715746,0.85923016,0.8891929,0.8847092,0.87637335,0.88506365,0.84617496,0.89203566,0.752852,0.8579288,0.88946587,0.88668865,0.8857089,0.88654816,0.88466746,0.88857067,0.88685924,0.88105464,0.8834502,0.88205534,0.8894574,0.8884808,0.8865964,0.88190436,0.8896739,0.8878669,0.87675965,0.8555799,0.88586235,0.8777185,0.88505036,0.8838301,0.8830909,0.88362783,0.8602414,0.88628304,0.88628215,0.8872367,0.8866584,0.88585526,0.87738234,0.8579332,0.87614,0.8743353,0.880051,0.88386655,0.8813749,0.87802035,0.8521954,0.88215685,0.8882705,0.8694538,0.8617258,0.86033523,0.87509435,0.8851061
0.85584337,0.8377178,0.8795717,0.86661756,1.0,0.8892869,0.87418604,0.8667084,0.89023095,0.8895403,0.8868405,0.8705372,0.88517374,0.8795666,0.8859735,0.88670963,0.88738537,0.877809,0.8313077,0.8484567,0.88406134,0.8867087,0.8816465,0.88156474,0.8839446,0.8893995,0.8934615,0.8899833,0.8868681,0.8744859,0.8869671,0.88613033,0.8809959,0.8859584,0.88035834,0.8796754,0.88691384,0.8818537,0.8862126,0.88062614,0.8849365,0.8831444,0.8711278,0.8687312,0.8391821,0.8386292,0.8823794,0.87798274,0.7723342,0.819657,0.8425923,0.8480213,0.8489202,0.86975867,0.8845,0.8852577,0.8518757,0.85001224,0.7027821,0.7084729,0.8072115,0.8092734,0.851734,0.8522801,0.8419602,0.856465,0.81284404,0.8633975,0.69000185,0.78287584,0.88466007,0.8835153,0.8835509,0.8775874,0.8871601,0.8815346,0.8867472,0.87330025,0.8860752,0.87224704,0.88370985,0.8818014,0.8865221,0.88828504,0.8820756,0.88581014,0.8894716,0.88852006,0.8882309,0.89024085,0.8818296,0.8814427,0.8780986,0.88754153,0.86493814,0.88550395,0.8848145,0.88534635,0.88608557,0.88368803,0.8833082,0.8640447,0.88311136,0.8832383,0.87918395,0.8846076,0.8834524,0.8768224,0.85494554,0.8801736,0.88315046,0.8763455,0.8715481,0.86029994,0.87628675,0.8846659
0.87537056,0.8576719,0.8903342,0.8815925,0.8892869,1.0,0.88606524,0.8810854,0.8905935,0.88711005,0.8909846,0.88383114,0.8902834,0.88940173,0.89110595,0.89266825,0.89071065,0.8858616,0.85634124,0.86928487,0.88980293,0.8901865,0.89161396,0.8901595,0.89004564,0.8916732,0.88885576,0.8900753,0.8915035,0.88530344,0.8929454,0.89171815,0.8905841,0.89157706,0.8901109,0.88665,0.89021474,0.8875662,0.89060545,0.8859468,0.8895733,0.8903347,0.88421744,0.88139457,0.8589715,0.85967976,0.8907208,0.88768035,0.7978702,0.83990425,0.8616159,0.8607206,0.86111665,0.8739317,0.8904845,0.8912987,0.8720828,0.8671574,0.7259603,0.720836,0.8348822,0.8310358,0.8717713,0.8672624,0.8574513,0.8690877,0.8361213,0.8802661,0.727649,0.8154458,0.8915934,0.8890545,0.8893088,0.8866356,0.8913477,0.88943535,0.8926983,0.8800618,0.8893967,0.88190395,0.89115506,0.89086646,0.8925468,0.8920682,0.8907348,0.89159304,0.89064085,0.88287866,0.8926248,0.8913123,0.88929236,0.88743156,0.8875289,0.89088535,0.8729304,0.89222944,0.8921601,0.89101887,0.8915646,0.89020157,0.8884478,0.8708945,0.887913,0.8868703,0.8860791,0.89041406,0.8895798,0.8843888,0.8636083,0.88896257,0.8910639,0.8797561,0.8726601,0.86870736,0.8829415,0.89150095
0.891519,0.8714414,0.89346004,0.8913324,0.87418604,0.88606524,1.0,0.88574654,0.8786935,0.86780787,0.88184106,0.88824666,0.8829611,0.8889158,0.8843963,0.88783836,0.8847448,0.88204205,0.87239695,0.884079,0.8909703,0.88174194,0.8899948,0.891755,0.88808936,0.8809766,0.87394184,0.8748669,0.8894452,0.888204,0.8899656,0.8915093,0.88505125,0.88933,0.88716376,0.8867326,0.8888717,0.8913422,0.88939637,0.89116263,0.8815704,0.8904867,0.8846229,0.88753414,0.8570275,0.8750475,0.89139235,0.89060324,0.81954724,0.85990065,0.88121486,0.8648971,0.8789478,0.87312686,0.8928886,0.8907083,0.88833827,0.88185996,0.751782,0.7501376,0.86476725,0.8520557,0.88474655,0.88045317,0.8764081,0.88213915,0.83400655,0.8890296,0.7326114,0.8408658,0.8921507,0.89110655,0.8892827,0.8907634,0.8906049,0.8900939,0.890552,0.8888949,0.88840085,0.8808685,0.88963753,0.887129,0.88712645,0.88417155,0.89177036,0.88914585,0.88366514,0.8613094,0.889665,0.8808096,0.890471,0.88267046,0.8845311,0.8863865,0.8567916,0.8887563,0.88790876,0.89105195,0.89038604,0.88787925,0.8786542,0.85366005,0.87591964,0.8746649,0.87975836,0.88359386,0.8812335,0.8759738,0.8486813,0.8830767,0.8903176,0.8747568,0.8723991,0.8553786,0.87197524,0.88551325
0.8841039,0.88404316,0.88733596,0.8922173,0.8667084,0.8810854,0.88574654,1.0,0.87858295,0.8696698,0.8836451,0.89029574,0.8859039,0.88884765,0.8872261,0.8877718,0.88108826,0.87958574,0.87843025,0.8880354,0.8833124,0.88478965,0.88912696,0.88878083,0.87522924,0.8784942,0.8633693,0.8686431,0.8862493,0.88373023,0.887554,0.8858472,0.88621074,0.8827689,0.88541836,0.8787584,0.88229644,0.87983745,0.8848598,0.88094497,0.88334596,0.88099015,0.88571453,0.8840929,0.87087137,0.87687486,0.8856781,0.88583285,0.8216337,0.85230124,0.8710503,0.87062615,0.8566408,0.8643071,0.882779,0.8840882,0.8839556,0.88593173,0.75581336,0.7455249,0.86344457,0.86133146,0.88376075,0.88412523,0.8715227,0.8872807,0.8508869,0.88851416,0.76108396,0.8538768,0.8861893,0.8842388,0.8855988,0.8808236,0.8811451,0.8863011,0.8849627,0.87268126,0.8782805,0.87798226,0.8871602,0.8889715,0.8862291,0.8803635,0.8858792,0.88509244,0.8721975,0.8576598,0.88195896,0.8769332,0.87922615,0.8823834,0.87994033,0.88167053,0.86184764,0.88594407,0.88484615,0.8839668,0.88321936,0.88319755,0.87962306,0.863001,0.87975675,0.8768862,0.8827323,0.88568044,0.8839196,0.8815298,0.8599267,0.8795208,0.8853922,0.86491746,0.8526726,0.8675836,0.8802515,0.88641477
0.86585385,0.85584515,0.8848903,0.87731504,0.89023095,0.8905935,0.8786935,0.87858295,1.0,0.8882887,0.8936978,0.8807076,0.89376354,0.8866344,0.89315784,0.8911416,0.89304405,0.8868719,0.845406,0.8631938,0.88705266,0.89135385,0.8878099,0.8871244,0.88493776,0.89004093,0.88740665,0.88846636,0.8910175,0.8826214,0.8912483,0.8887229,0.8901503,0.8902007,0.888038,0.8852635,0.8886539,0.88331395,0.88943046,0.8822421,0.88993675,0.88641167,0.88109046,0.87763083,0.85677725,0.850421,0.88808966,0.8840874,0.7877352,0.8332108,0.85033184,0.8570484,0.84771454,0.8733721,0.88646436,0.8883346,0.8623651,0.8623597,0.71772724,0.70699275,0.8232165,0.82262737,0.8644766,0.86457336,0.84680444,0.86567837,0.83196026,0.87326646,0.7162901,0.8073412,0.8894083,0.885683,0.88732535,0.88241845,0.88802934,0.88615185,0.8908793,0.87415653,0.88811696,0.8824839,0.89053947,0.8899733,0.89304394,0.89181715,0.88750356,0.8905016,0.88913596,0.8855682,0.8907517,0.8931133,0.88461536,0.8880571,0.8834071,0.8905046,0.8758064,0.8907101,0.8904648,0.8884496,0.8900706,0.88866484,0.887792,0.8714296,0.88960546,0.8878169,0.88440573,0.8908763,0.889669,0.8846829,0.862909,0.8864189,0.8878698,0.8811188,0.87231076,0.8724102,0.88577247,0.8915466
0.8506207,0.84082663,0.87665325,0.86450756,0.8895403,0.88711005,0.86780787,0.8696698,0.8882887,1.0,0.887653,0.8672604,0.88667023,0.8780805,0.8880902,0.8873638,0.88312215,0.87255543,0.838243,0.8495362,0.87935525,0.88970643,0.8823358,0.8787015,0.8747656,0.8848185,0.88671213,0.8859776,0.88319266,0.866294,0.88396263,0.8803857,0.8811553,0.87961173,0.87740725,0.8706747,0.8820882,0.8711109,0.8835191,0.8711677,0.8882617,0.87461907,0.86996174,0.8616838,0.84688455,0.83591753,0.87568545,0.8704227,0.76074374,0.81348085,0.8307406,0.84697616,0.8302211,0.8634847,0.8768367,0.87821245,0.8461462,0.8497369,0.7001293,0.70289886,0.80134255,0.80873305,0.8468325,0.8488021,0.83441585,0.8542549,0.8233403,0.86090624,0.71132016,0.78807634,0.879451,0.87730545,0.8816028,0.86640203,0.88100225,0.87616515,0.88248056,0.85964704,0.8771975,0.86430365,0.8798589,0.8801772,0.88662523,0.88428175,0.8760877,0.8818125,0.88492703,0.8886218,0.8822992,0.88658726,0.87168795,0.87677026,0.8725293,0.88341707,0.8717658,0.8817107,0.88300997,0.87778145,0.87874573,0.876577,0.8850963,0.8714608,0.8853199,0.88527626,0.88237953,0.8843043,0.88531727,0.8767788,0.8640264,0.87782717,0.87657183,0.86574334,0.85599387,0.86731327,0.8803815,0.8833782
0.87202203,0.86231846,0.8878537,0.8821877,0.8868405,0.8909846,0.88184106,0.8836451,0.8936978,0.887653,1.0,0.8843029,0.8956077,0.88900685,0.8939357,0.89249057,0.8936511,0.8881834,0.8557341,0.8700715,0.88889176,0.89270973,0.8909609,0.8894851,0.88403124,0.88872045,0.884248,0.8859356,0.8922007,0.8839231,0.89269525,0.88989985,0.8927202,0.89083374,0.8900537,0.8854827,0.8894909,0.88365364,0.89069754,0.88339436,0.8909108,0.8867739,0.8852299,0.88164276,0.8623545,0.8588692,0.88907284,0.8861817,0.796832,0.83869827,0.854687,0.86432016,0.8504409,0.8723442,0.88775533,0.88916963,0.8694311,0.8690154,0.7241494,0.7105906,0.8326566,0.8304564,0.8696787,0.8687042,0.85151947,0.87135005,0.8402359,0.8786838,0.7295429,0.81992775,0.8911895,0.88707197,0.8888456,0.88312787,0.88895816,0.8879947,0.89198726,0.8745785,0.8880086,0.88248044,0.89273614,0.89203805,0.8944517,0.89105254,0.8892145,0.8914392,0.8878513,0.8822337,0.890955,0.89238286,0.8844757,0.8888154,0.8854692,0.8912872,0.8769799,0.89094305,0.89138424,0.88859487,0.8900769,0.8889637,0.8901374,0.87624556,0.89080584,0.8892191,0.8874648,0.8919844,0.8914071,0.8856578,0.8647675,0.8878706,0.8886608,0.8775273,0.8670483,0.87439185,0.88713497,0.8926759
0.8859591,0.88078004,0.88761795,0.8916136,0.8705372,0.88383114,0.88824666,0.89029574,0.8807076,0.8672604,0.8843029,1.0,0.8858934,0.8938007,0.8848015,0.88918746,0.8870017,0.8897373,0.86378706,0.88338494,0.8869561,0.88149726,0.88738734,0.8899364,0.88542414,0.88256,0.8714322,0.8740395,0.8883309,0.8936506,0.88914174,0.8896147,0.88720566,0.8905893,0.888293,0.8907314,0.8853901,0.88715285,0.8845795,0.8875553,0.8805546,0.88885516,0.885984,0.8912773,0.8596317,0.87502563,0.89078146,0.8918331,0.82800144,0.8583302,0.8778078,0.8724123,0.8699665,0.87181383,0.8884128,0.88946754,0.88546526,0.88391155,0.74264294,0.72847265,0.86046606,0.854938,0.8848463,0.8872355,0.8701205,0.8810389,0.8333531,0.8871889,0.72880876,0.84192437,0.89037853,0.8877192,0.8844491,0.8907087,0.88658386,0.89114183,0.88829136,0.88355505,0.88602686,0.8890117,0.8919896,0.8923728,0.8866453,0.8876412,0.892814,0.8904366,0.87714267,0.8605122,0.8877546,0.88231623,0.88697493,0.88635385,0.88125294,0.8854139,0.853948,0.886904,0.8846085,0.88999754,0.88945585,0.8886544,0.87446785,0.8562251,0.87503225,0.8725571,0.87449604,0.8833076,0.8804416,0.87848544,0.8441358,0.880498,0.8895899,0.87837446,0.8694292,0.8568714,0.8740786,0.8871184
0.8734203,0.8666052,0.8885333,0.8842474,0.88517374,0.8902834,0.8829611,0.8859039,0.89376354,0.88667023,0.8956077,0.8858934,1.0,0.8900949,0.8944936,0.89303154,0.89361405,0.8891669,0.8579018,0.87327087,0.8894094,0.89289844,0.8915217,0.89073,0.8843303,0.8889149,0.88276756,0.8852397,0.8928399,0.88534385,0.89316726,0.8900303,0.8929035,0.89111966,0.8906471,0.8865183,0.8897686,0.8841118,0.8911958,0.884219,0.89106935,0.8870836,0.8858424,0.8830909,0.86410433,0.86082137,0.8898734,0.8867921,0.799566,0.84355474,0.857573,0.8666916,0.85200083,0.87387025,0.88795483,0.88912576,0.8712706,0.872055,0.7299885,0.7134274,0.8373308,0.8336277,0.87218726,0.8723582,0.8531892,0.87303513,0.8411028,0.88003147,0.7335509,0.82515687,0.89184374,0.8877878,0.8897609,0.8839505,0.8889467,0.88884807,0.89220643,0.8757385,0.8881024,0.884447,0.89335763,0.8933468,0.8947386,0.8915457,0.89015377,0.89224494,0.8875247,0.88068706,0.8913524,0.8922397,0.88428444,0.8889106,0.88479584,0.89135903,0.8766754,0.8917763,0.89196736,0.88944435,0.89035803,0.88890016,0.8888684,0.8747019,0.8898369,0.88833493,0.8871627,0.891795,0.89136237,0.8850777,0.86488825,0.888184,0.8898222,0.8782587,0.86719984,0.87402594,0.88734174,0.8928217
0.88283956,0.87369204,0.8904654,0.88976705,0.8795666,0.88940173,0.8889158,0.88884765,0.8866344,0.8780805,0.88900685,0.8938007,0.8900949,1.0,0.88944054,0.8930309,0.89048004,0.89038646,0.86310583,0.88018304,0.88904214,0.8866245,0.8912692,0.8920558,0.8889215,0.88819915,0.8799245,0.88303953,0.89087296,0.8913607,0.8927461,0.8919913,0.8906355,0.89250773,0.891621,0.89083517,0.88837445,0.8880277,0.8883238,0.8877275,0.8863147,0.8894498,0.887724,0.8891969,0.86194086,0.8689929,0.89254457,0.89183956,0.81514233,0.85366166,0.87132096,0.86949664,0.8677208,0.87383175,0.8905577,0.8916084,0.880726,0.8776885,0.72970027,0.7216095,0.85091144,0.84683245,0.8812863,0.8803283,0.86442405,0.87747616,0.8379695,0.88535154,0.7329996,0.8330268,0.8919872,0.88960594,0.8874124,0.88994426,0.8894163,0.8916373,0.89159703,0.88252515,0.8885849,0.88819575,0.8936366,0.8934779,0.89062774,0.8924622,0.89360744,0.89270574,0.8841889,0.8740234,0.8914008,0.8885663,0.88913095,0.8890717,0.885318,0.8898528,0.86540973,0.8910061,0.8898,0.8920302,0.8917044,0.8903812,0.8815236,0.86523396,0.8821428,0.8810108,0.88120204,0.8879516,0.8863316,0.8827567,0.85683787,0.8867605,0.89186704,0.88035494,0.87103367,0.8648455,0.88058037,0.89066595
0.8746318,0.8674148,0.88975865,0.884746,0.8859735,0.89110595,0.8843963,0.8872261,0.89315784,0.8880902,0.8939357,0.8848015,0.8944936,0.88944054,1.0,0.89395833,0.8911067,0.88476884,0.8624785,0.87446827,0.89026165,0.89445984,0.8925673,0.8910388,0.8831389,0.8878093,0.8829981,0.8854195,0.89283603,0.8828974,0.89345264,0.89078087,0.89193386,0.88998544,0.890013,0.88398594,0.8906261,0.88401204,0.8931292,0.8846132,0.8933864,0.8864978,0.8859422,0.8819111,0.8648649,0.8629235,0.8889965,0.8859537,0.8001964,0.84019065,0.85877895,0.86643654,0.85014796,0.8719051,0.8881505,0.88906753,0.87157434,0.8725863,0.73516405,0.72062016,0.8390892,0.83690095,0.87276846,0.8723859,0.85723007,0.8753104,0.8426545,0.8812524,0.73652035,0.8272758,0.89152884,0.88877636,0.8916503,0.88265723,0.8896702,0.8887374,0.8926111,0.87547153,0.88789505,0.8798085,0.89182043,0.8921363,0.8955956,0.8899042,0.8891468,0.8915295,0.888173,0.8812632,0.89102125,0.8902668,0.8843407,0.8886922,0.88573515,0.8916098,0.87598765,0.89201957,0.89248914,0.88888997,0.8899061,0.8887042,0.8914963,0.8762533,0.8914549,0.8899162,0.8901231,0.89336604,0.8929165,0.8872055,0.8672466,0.8870347,0.88899606,0.87456405,0.8659852,0.8768475,0.88926584,0.8933439
0.87793034,0.8683181,0.89064723,0.8863102,0.88670963,0.89266825,0.88783836,0.8877718,0.8911416,0.8873638,0.89249057,0.88918746,0.89303154,0.8930309,0.89395833,1.0,0.8925008,0.8881099,0.8604134,0.87573224,0.8914688,0.8930047,0.89238983,0.8920379,0.88838565,0.8909979,0.8859245,0.887145,0.89335686,0.88819396,0.8949348,0.8935143,0.8915975,0.8929481,0.89077646,0.88836384,0.89183414,0.8878324,0.89221764,0.88817734,0.8914971,0.8903477,0.885023,0.8845161,0.8596485,0.8633922,0.8914069,0.8891883,0.80118674,0.84565216,0.8640217,0.8659726,0.8594279,0.87494093,0.8907954,0.89156145,0.8752574,0.8751448,0.72903913,0.72845626,0.84140867,0.83906925,0.8746957,0.87611985,0.8619139,0.87646663,0.83436483,0.88248307,0.7258997,0.8238685,0.8931708,0.89073634,0.8913235,0.8876264,0.8920914,0.8914885,0.8937187,0.88117576,0.889906,0.884108,0.8934785,0.8937716,0.894415,0.893155,0.8923203,0.8936222,0.8895429,0.8807823,0.8927916,0.89136547,0.8878303,0.88892627,0.8855504,0.8920433,0.8689631,0.8926518,0.8922167,0.89211005,0.892493,0.89029735,0.887566,0.871182,0.8872955,0.88608223,0.88592875,0.8912441,0.89007986,0.8849501,0.86133397,0.8867905,0.89129287,0.8807017,0.87242097,0.86886907,0.884322,0.89278173
0.8748133,0.86180925,0.88826483,0.88294905,0.88738537,0.89071065,0.8847448,0.88108826,0.89304405,0.88312215,0.8936511,0.8870017,0.89361405,0.89048004,0.8911067,0.8925008,1.0,0.8933219,0.84991926,0.87017584,0.8906642,0.88941616,0.88915384,0.89088863,0.8901873,0.89170223,0.8871841,0.887624,0.8929792,0.88971657,0.8935201,0.89206773,0.892214,0.89466876,0.89134663,0.89188516,0.8905846,0.8887333,0.8901192,0.8882968,0.88707644,0.89123315,0.88491136,0.88520604,0.8551384,0.8594969,0.89236224,0.8897737,0.802579,0.8466715,0.8612359,0.8638036,0.85976756,0.8787565,0.8912773,0.8923469,0.8727922,0.8698434,0.72047704,0.7159522,0.83530456,0.8299202,0.8722287,0.8715142,0.8525866,0.87114495,0.82898074,0.87924343,0.71192455,0.81545466,0.89354926,0.8890762,0.8879207,0.889551,0.8914278,0.8901481,0.8931356,0.8830804,0.8925621,0.88838226,0.8949661,0.8927667,0.8931663,0.8943054,0.89261925,0.89435464,0.8899025,0.88175744,0.89397293,0.89417803,0.888882,0.89061874,0.8858058,0.89296997,0.87017095,0.89242154,0.8917937,0.89291835,0.89404625,0.8918235,0.8855959,0.8693026,0.88605946,0.8847158,0.8816344,0.8895579,0.88737506,0.88211733,0.85609007,0.8888742,0.89200145,0.88613063,0.87775826,0.86666423,0.882775,0.8923435
0.87582827,0.86551565,0.8849273,0.88345015,0.877809,0.8858616,0.88204205,0.87958574,0.8868719,0.87255543,0.8881834,0.8897373,0.8891669,0.89038646,0.88476884,0.8881099,0.8933219,1.0,0.84696776,0.87187403,0.885207,0.8811404,0.88491416,0.888415,0.88917416,0.88810754,0.88017756,0.8824679,0.88746154,0.8927263,0.88920206,0.88806516,0.8902027,0.893095,0.89041275,0.8937351,0.8841073,0.885317,0.8828096,0.8851238,0.878636,0.8885474,0.884961,0.88838327,0.8545399,0.86101216,0.89111346,0.8900767,0.81219333,0.85394603,0.8631859,0.8651739,0.8628873,0.8783344,0.88748264,0.8892238,0.87553144,0.8703376,0.7189859,0.7031806,0.83921075,0.82978725,0.8756923,0.87367004,0.8508349,0.866851,0.8265767,0.87938994,0.7104151,0.82008207,0.89004296,0.8837848,0.87998635,0.89005405,0.8858931,0.8874793,0.8886194,0.881738,0.88939184,0.8931073,0.8935537,0.8920887,0.8881056,0.89252615,0.8920568,0.8927206,0.8827878,0.8731131,0.8900599,0.890159,0.88679683,0.88950336,0.88251615,0.88834685,0.8633612,0.88862795,0.88747513,0.8902326,0.89155185,0.8897177,0.8766019,0.86291754,0.87852347,0.8768389,0.87244004,0.8833247,0.88076305,0.8767012,0.8473103,0.8865529,0.8906892,0.8877825,0.8777139,0.8598644,0.8772873,0.88859594
0.88138884,0.87153727,0.8735026,0.8780697,0.8313077,0.85634124,0.87239695,0.87843025,0.845406,0.838243,0.8557341,0.86378706,0.8579018,0.86310583,0.8624785,0.8604134,0.84991926,0.84696776,1.0,0.88647145,0.8588275,0.8569971,0.87163204,0.86777794,0.84669286,0.84602284,0.8248957,0.835825,0.8590649,0.8527252,0.861975,0.85914576,0.86635137,0.8529447,0.86518,0.8461789,0.85504776,0.8538083,0.8626836,0.8542997,0.8569126,0.85405654,0.8721659,0.8616811,0.87162846,0.8693017,0.86172414,0.8629683,0.81821895,0.83508956,0.858651,0.8481926,0.8423716,0.83258176,0.8594127,0.8584344,0.8797208,0.87170106,0.76559657,0.7527152,0.8736252,0.8544758,0.87968117,0.85893106,0.86414653,0.87377614,0.868406,0.881016,0.81376314,0.86795056,0.86149573,0.85961795,0.8641735,0.8538571,0.85402423,0.85952574,0.85944986,0.84545493,0.84829456,0.8450719,0.86040634,0.86103445,0.8621231,0.8473599,0.85970855,0.856096,0.8454456,0.82174784,0.85552603,0.84322333,0.85717076,0.8573567,0.86739165,0.8542331,0.8514804,0.86231905,0.86488104,0.8562296,0.8565494,0.8583217,0.86366683,0.84767044,0.8608302,0.8594195,0.87154335,0.8651122,0.8652703,0.8634117,0.855011,0.8630774,0.86109436,0.82364553,0.81283784,0.85511756,0.8598451,0.86151946
0.88966876,0.88516885,0.8832108,0.8913891,0.8484567,0.86928487,0.884079,0.8880354,0.8631938,0.8495362,0.8700715,0.88338494,0.87327087,0.88018304,0.87446827,0.87573224,0.87017584,0.87187403,0.88647145,1.0,0.87477756,0.8698277,0.88098997,0.88214695,0.86716557,0.86478025,0.8456274,0.8535005,0.87514174,0.8764881,0.877304,0.8767751,0.8791005,0.8735805,0.8790454,0.8710177,0.87180394,0.872902,0.8757175,0.8734163,0.8692572,0.8729432,0.8830574,0.88116676,0.8714089,0.880385,0.8790661,0.88011307,0.82940876,0.85508734,0.87407935,0.86607647,0.86148065,0.8557669,0.8763061,0.8751608,0.8892792,0.8854493,0.7603502,0.75010484,0.8783426,0.861996,0.89047265,0.8792077,0.8725547,0.88299835,0.855161,0.89079636,0.78251743,0.869484,0.8779637,0.8748112,0.87554044,0.8749838,0.87087435,0.8771611,0.8748789,0.86833364,0.86974984,0.8710665,0.8787888,0.87851375,0.8758691,0.8682494,0.87826014,0.8756254,0.8621845,0.8383602,0.8726629,0.86230034,0.8738551,0.87435114,0.87705237,0.871477,0.85437816,0.8769212,0.8776449,0.87539065,0.87486297,0.87509984,0.8693083,0.85242516,0.86774,0.8655058,0.8741062,0.8752393,0.87335426,0.87058145,0.8514142,0.87426704,0.87809104,0.8530742,0.8437568,0.85790205,0.8687615,0.8755793
0.8803874,0.86654603,0.8911714,0.8869365,0.88406134,0.88980293,0.8909703,0.8833124,0.88705266,0.87935525,0.88889176,0.8869561,0.8894094,0.88904214,0.89026165,0.8914688,0.8906642,0.885207,0.8588275,0.87477756,1.0,0.8900879,0.8908157,0.8930488,0.88872546,0.8858885,0.8833645,0.88154554,0.89520407,0.8877391,0.8929404,0.89366025,0.88631654,0.8928774,0.8866182,0.88864917,0.8945605,0.89282745,0.89444405,0.89358366,0.888899,0.8924124,0.8821988,0.88577676,0.8509264,0.8677977,0.8912029,0.8890743,0.8073692,0.85259116,0.874401,0.87023556,0.8697924,0.8755967,0.8943564,0.89229506,0.8777782,0.87750393,0.7426842,0.7314007,0.8483725,0.8410339,0.87420017,0.8784507,0.86589223,0.8766568,0.8226223,0.8819867,0.709622,0.8277484,0.8950902,0.8941259,0.8939255,0.88940686,0.8952695,0.89262515,0.8938792,0.8887956,0.89313155,0.8819112,0.89197516,0.89002067,0.8926706,0.8886613,0.8926687,0.8930604,0.890852,0.8731028,0.8940752,0.88826424,0.88880694,0.88477796,0.8826112,0.8920014,0.8597932,0.89017004,0.8890057,0.8929038,0.8919509,0.8892129,0.88334924,0.86217076,0.88047785,0.87946016,0.8820153,0.887175,0.8845299,0.87787974,0.8472814,0.88289946,0.8905558,0.8768127,0.8752488,0.85734546,0.8757251,0.88822854
0.86974686,0.86381763,0.886806,0.88150877,0.8867087,0.8901865,0.88174194,0.88478965,0.89135385,0.88970643,0.89270973,0.88149726,0.89289844,0.8866245,0.89445984,0.8930047,0.88941616,0.8811404,0.8569971,0.8698277,0.8900879,1.0,0.8905834,0.8891697,0.8806108,0.8865856,0.8835437,0.88348407,0.89284545,0.88029665,0.8918793,0.89005184,0.88747084,0.8880128,0.8853933,0.88092047,0.8913615,0.88341814,0.8928372,0.88460207,0.89375186,0.8854793,0.8807775,0.8774837,0.8583441,0.8594851,0.88621515,0.8823737,0.7909478,0.8368351,0.85612625,0.8647757,0.8484242,0.8685257,0.88683873,0.8872582,0.866735,0.87153786,0.73376596,0.7221202,0.83376265,0.83451897,0.8658021,0.87052405,0.85538995,0.8726252,0.8325272,0.87703663,0.7242156,0.8213896,0.89043325,0.8890966,0.89211833,0.8801053,0.8899847,0.8884119,0.8910389,0.8748692,0.8866672,0.8755556,0.8891951,0.8893912,0.8938044,0.88791096,0.88658834,0.8895602,0.8883885,0.8804972,0.8895824,0.888824,0.8814384,0.88471806,0.88136333,0.8901373,0.8707289,0.8892188,0.88925755,0.8870399,0.887278,0.885615,0.8893168,0.8730148,0.8881161,0.8866799,0.8878769,0.8907278,0.8898894,0.88267136,0.86160266,0.8825093,0.88592124,0.8713963,0.8640327,0.870941,0.8844997,0.88979733
0.8831534,0.87014925,0.8948969,0.8897596,0.8816465,0.89161396,0.8899948,0.88912696,0.8878099,0.8823358,0.8909609,0.88738734,0.8915217,0.8912692,0.8925673,0.89238983,0.88915384,0.88491416,0.87163204,0.88098997,0.8908157,0.8905834,1.0,0.8940951,0.88621885,0.886469,0.8799079,0.8828446,0.89177936,0.88545775,0.89409417,0.89156115,0.8921048,0.8902796,0.89191806,0.88542354,0.8902199,0.8864477,0.8923274,0.88652885,0.8897839,0.88845533,0.8890154,0.88547623,0.8702984,0.8710036,0.8917008,0.88940316,0.8102172,0.8488631,0.8690598,0.86886686,0.86333555,0.87132615,0.8904845,0.890874,0.88049734,0.8773155,0.74474823,0.73383534,0.85239166,0.84476686,0.8811355,0.87599,0.86769855,0.87977344,0.84924626,0.8878748,0.7509355,0.8390182,0.89268005,0.8897898,0.8909917,0.8857878,0.8902145,0.89028287,0.8931932,0.8784902,0.8873091,0.881461,0.8921054,0.89165896,0.89351386,0.88910216,0.8919373,0.8912843,0.8874694,0.87645966,0.8919098,0.88801837,0.8882249,0.8876753,0.88800913,0.8900774,0.87446725,0.8920895,0.89279747,0.89067876,0.8905028,0.88937867,0.8887936,0.8706891,0.8885596,0.8879616,0.89002806,0.8920132,0.8914596,0.8873209,0.86719805,0.88946366,0.891584,0.8729494,0.8644164,0.8731732,0.8853436,0.89183986
0.8847501,0.8740403,0.89440286,0.8917381,0.88156474,0.8901595,0.891755,0.88878083,0.8871244,0.8787015,0.8894851,0.8899364,0.89073,0.8920558,0.8910388,0.8920379,0.89088863,0.888415,0.86777794,0.88214695,0.8930488,0.8891697,0.8940951,1.0,0.88884985,0.88752633,0.880603,0.8815723,0.8937026,0.88971484,0.8940761,0.8941806,0.89078784,0.89297694,0.8916763,0.8900814,0.8922638,0.89091325,0.8930673,0.8915155,0.8870988,0.8909847,0.8892215,0.8894784,0.8637669,0.8733674,0.8937559,0.8921339,0.8152256,0.85700256,0.8749199,0.8712247,0.8701095,0.8759698,0.8937098,0.8931544,0.8827858,0.88117224,0.74290305,0.73322815,0.8549497,0.8466632,0.8816187,0.8803526,0.86893076,0.88103193,0.8392946,0.8883667,0.73527676,0.83982193,0.8947136,0.8925395,0.8912996,0.8898416,0.8922217,0.8925408,0.89407736,0.88613343,0.8914462,0.88569874,0.8938121,0.89245284,0.89286345,0.8905558,0.8941168,0.89393777,0.8878757,0.8738325,0.89385,0.8888934,0.89006466,0.8890002,0.8866371,0.8918713,0.86750335,0.8926879,0.89238226,0.8938116,0.89300966,0.8912283,0.8850839,0.86652213,0.8841581,0.8834058,0.8854586,0.8900672,0.887658,0.88299674,0.857446,0.88860667,0.89402455,0.87779176,0.87186444,0.86583656,0.88157016,0.8913465
0.8767326,0.8538736,0.88826025,0.8815567,0.8839446,0.89004564,0.88808936,0.87522924,0.88493776,0.8747656,0.88403124,0.88542414,0.8843303,0.8889215,0.8831389,0.88838565,0.8901873,0.88917416,0.84669286,0.86716557,0.88872546,0.8806108,0.88621885,0.88884985,1.0,0.89053583,0.8880694,0.8871886,0.88823235,0.88966066,0.8900407,0.8905026,0.88644385,0.893352,0.88811535,0.89174527,0.8869144,0.88945496,0.88585544,0.8881293,0.8796531,0.8912824,0.87986934,0.8836003,0.8453944,0.8575754,0.8912715,0.8890741,0.8005525,0.85094213,0.8688811,0.85557073,0.8736876,0.8788113,0.8914303,0.8906096,0.874275,0.8663343,0.7149612,0.7233212,0.83618885,0.8285445,0.87269384,0.868209,0.8568371,0.86593753,0.81775236,0.87687004,0.699381,0.80893934,0.8910003,0.8874397,0.8833475,0.89133126,0.8903952,0.88793933,0.89068437,0.8864796,0.89071137,0.8861427,0.89028656,0.88775474,0.8870977,0.89194494,0.89203906,0.8915659,0.88918716,0.8762759,0.8923859,0.889744,0.89054966,0.88536644,0.882406,0.8884728,0.86098534,0.8897561,0.8887564,0.8918592,0.89224446,0.8886524,0.8759665,0.85628206,0.8753536,0.8753135,0.87196594,0.8811083,0.87855035,0.87413603,0.84734714,0.8865462,0.8911592,0.8878277,0.88308734,0.85089666,0.87064666,0.8858485
0.8683687,0.853202,0.8851074,0.878104,0.8893995,0.8916732,0.8809766,0.8784942,0.89004093,0.8848185,0.88872045,0.88256,0.8889149,0.88819915,0.8878093,0.8909979,0.89170223,0.88810754,0.84602284,0.86478025,0.8858885,0.8865856,0.886469,0.88752633,0.89053583,1.0,0.8898635,0.8911034,0.88880384,0.8850234,0.8917276,0.8897902,0.8890607,0.8908937,0.88880104,0.88700205,0.885743,0.88427603,0.88590056,0.8830799,0.88391703,0.8871212,0.88054705,0.87859213,0.8525688,0.8522092,0.88876194,0.8857227,0.7896062,0.83927745,0.85336185,0.856182,0.8566073,0.87593377,0.8870086,0.8885651,0.8658225,0.8626945,0.704705,0.7161281,0.82461804,0.8242405,0.8671785,0.86310524,0.8476596,0.8661444,0.82728004,0.87398165,0.71284765,0.8030337,0.8886724,0.8853671,0.88408923,0.88558424,0.88726777,0.88554823,0.88946074,0.87760574,0.8878125,0.8836114,0.8901927,0.8896197,0.8888164,0.8935812,0.8886487,0.89115316,0.88712025,0.8845825,0.8906917,0.892696,0.8853001,0.8872631,0.8833115,0.889152,0.8708609,0.8910672,0.8907521,0.89014906,0.8904891,0.8878254,0.88284487,0.86798495,0.88368106,0.8834721,0.8793454,0.8861881,0.8848633,0.88000035,0.8620964,0.88816005,0.89021206,0.884869,0.8741201,0.86451125,0.8813129,0.8897159
0.8547245,0.83339506,0.87828135,0.8649171,0.8934615,0.88885576,0.87394184,0.8633693,0.88740665,0.88671213,0.884248,0.8714322,0.88276756,0.8799245,0.8829981,0.8859245,0.8871841,0.88017756,0.8248957,0.8456274,0.8833645,0.8835437,0.8799079,0.880603,0.8880694,0.8898635,1.0,0.8917863,0.88481116,0.87695056,0.88612205,0.88554424,0.8799805,0.8874936,0.8804774,0.88247806,0.88506186,0.8812572,0.8834884,0.880195,0.88210523,0.8837416,0.86983824,0.8701112,0.8325781,0.83742416,0.8821945,0.8776299,0.76915914,0.8258979,0.84446186,0.84492,0.8520935,0.8728773,0.8840405,0.88436,0.85086054,0.8476869,0.6924995,0.7017196,0.80306375,0.80355453,0.8502188,0.8510606,0.8372772,0.85180104,0.80349344,0.86059344,0.6749121,0.7772232,0.8841534,0.88189465,0.8801721,0.8792703,0.8872829,0.8812317,0.8860379,0.87488985,0.886508,0.87444,0.8833815,0.8817159,0.8849186,0.8896689,0.88294446,0.88623846,0.8902678,0.88873416,0.88830626,0.89100736,0.88151944,0.879951,0.87480146,0.8865595,0.86123186,0.8844011,0.88369113,0.8853655,0.8859321,0.8821699,0.8778686,0.8607129,0.8776716,0.8782935,0.87224615,0.8796905,0.87908757,0.8718278,0.8484078,0.87956995,0.88333315,0.8811764,0.8760409,0.8524794,0.87114686,0.8826454
0.8591288,0.8391898,0.8812846,0.86857325,0.8899833,0.8900753,0.8748669,0.8686431,0.88846636,0.8859776,0.8859356,0.8740395,0.8852397,0.88303953,0.8854195,0.887145,0.887624,0.8824679,0.835825,0.8535005,0.88154554,0.88348407,0.8828446,0.8815723,0.8871886,0.8911034,0.8917863,1.0,0.8836336,0.8769568,0.887243,0.8841896,0.8854919,0.88636863,0.88498247,0.8811739,0.8817503,0.8776733,0.8823006,0.87614614,0.88296944,0.88201195,0.8753775,0.8714999,0.8475194,0.83948326,0.88367134,0.87877357,0.77405506,0.83270794,0.844677,0.8494463,0.8465763,0.8723624,0.88210994,0.88373274,0.8547273,0.8481961,0.6911704,0.69538534,0.8102674,0.8056728,0.85728395,0.8511778,0.83829546,0.85329694,0.8216291,0.86491436,0.7038621,0.7879717,0.88378805,0.8792547,0.8800422,0.87866265,0.88410544,0.8803312,0.88551956,0.86967707,0.8836344,0.8755007,0.8845554,0.88414186,0.88688207,0.8902855,0.88279116,0.88673854,0.88777316,0.8904059,0.8871843,0.8917362,0.88086987,0.8838288,0.87985927,0.8868745,0.87253535,0.88717157,0.88766706,0.884486,0.8862238,0.8834095,0.8821532,0.8699522,0.88349783,0.8843339,0.87689877,0.88331,0.88312894,0.8772462,0.8626924,0.88593566,0.8846549,0.88073695,0.8712978,0.8629654,0.8780628,0.88597816
0.8793902,0.86925185,0.8911168,0.8873441,0.8868681,0.8915035,0.8894452,0.8862493,0.8910175,0.88319266,0.8922007,0.8883309,0.8928399,0.89087296,0.89283603,0.89335686,0.8929792,0.88746154,0.8590649,0.87514174,0.89520407,0.89284545,0.89177936,0.8937026,0.88823235,0.88880384,0.88481116,0.8836336,1.0,0.8887064,0.89433277,0.89455944,0.8891836,0.89365,0.8888165,0.8893988,0.8949214,0.89209706,0.89491695,0.8927065,0.8907872,0.8923372,0.88462085,0.886161,0.8565368,0.8669701,0.8922346,0.89006734,0.80620384,0.84909445,0.8705162,0.8695643,0.8660119,0.8758566,0.89391166,0.8934348,0.87685525,0.87835044,0.7399603,0.7311714,0.8463674,0.84292775,0.8747379,0.87895447,0.8644287,0.8784127,0.8295019,0.88286614,0.7169643,0.8279474,0.8955347,0.89450437,0.89452195,0.8896376,0.8947068,0.8934376,0.8947699,0.8868764,0.8932035,0.8840999,0.8938306,0.89236706,0.89422673,0.89094174,0.8931375,0.89381945,0.89063954,0.8764483,0.89464164,0.89046407,0.8893265,0.88765746,0.8849229,0.89297414,0.865138,0.8923149,0.8909699,0.89381355,0.8931393,0.8912194,0.8863954,0.8663195,0.884908,0.8833288,0.8853042,0.89070505,0.8881852,0.88219076,0.8537485,0.8850893,0.8918885,0.87854207,0.8738999,0.8640025,0.88058805,0.89133286
0.8831587,0.8718532,0.8869345,0.8877734,0.8744859,0.88530344,0.888204,0.88373023,0.8826214,0.866294,0.8839231,0.8936506,0.88534385,0.8913607,0.8828974,0.88819396,0.88971657,0.8927263,0.8527252,0.8764881,0.8877391,0.88029665,0.88545775,0.88971484,0.88966066,0.8850234,0.87695056,0.8769568,0.8887064,1.0,0.8896091,0.8908945,0.88595814,0.89318365,0.8886648,0.8948174,0.88714814,0.89089876,0.88449657,0.8905977,0.8786045,0.8921233,0.88407874,0.89199716,0.8514157,0.8702907,0.8927521,0.893138,0.8229317,0.86077726,0.87709475,0.8676044,0.87431526,0.87643445,0.8905659,0.8915988,0.882734,0.8790992,0.7368063,0.72269183,0.8537534,0.843992,0.8806464,0.88356274,0.86549556,0.8751315,0.8218276,0.88407403,0.70757955,0.83080554,0.8916745,0.8885558,0.88333976,0.894783,0.88875794,0.8917226,0.8897877,0.88895744,0.8899347,0.8930369,0.8929049,0.8921507,0.88620085,0.8900608,0.8943893,0.8918792,0.8807355,0.86308366,0.89006484,0.88521385,0.8903501,0.8867032,0.88158387,0.887123,0.85139495,0.88823277,0.8850605,0.8926212,0.8922428,0.8907767,0.87274265,0.85216033,0.87343913,0.8707201,0.8709672,0.88194746,0.8784153,0.8753171,0.83849704,0.8815119,0.8918186,0.88645285,0.8798912,0.8528982,0.8716458,0.8869092
0.880454,0.8670992,0.8928063,0.888098,0.8869671,0.8929454,0.8899656,0.887554,0.8912483,0.88396263,0.89269525,0.88914174,0.89316726,0.8927461,0.89345264,0.8949348,0.8935201,0.88920206,0.861975,0.877304,0.8929404,0.8918793,0.89409417,0.8940761,0.8900407,0.8917276,0.88612205,0.887243,0.89433277,0.8896091,1.0,0.8949158,0.8924307,0.89416194,0.8930194,0.8901781,0.89324605,0.8902108,0.89358395,0.8902377,0.89078283,0.8919348,0.88780105,0.88691497,0.86233795,0.86692685,0.8937023,0.89147824,0.80536467,0.8483686,0.8674858,0.86877096,0.8641491,0.876804,0.8928472,0.89327675,0.87778455,0.8755189,0.73300827,0.7285365,0.8457429,0.8403293,0.8777633,0.8769071,0.8640591,0.8786579,0.8376073,0.88487214,0.72903496,0.82758564,0.8948145,0.8924347,0.89233774,0.8900355,0.8933175,0.89229965,0.8950463,0.88371146,0.892055,0.8861236,0.8947497,0.89426464,0.89459187,0.89342856,0.89409995,0.8944496,0.8901831,0.8804148,0.8942998,0.89223266,0.89025724,0.8901845,0.8882869,0.89334744,0.8712293,0.8938892,0.8937914,0.8942796,0.89415705,0.8923515,0.8882871,0.8709001,0.8882636,0.8871586,0.88768214,0.89219904,0.8910291,0.88583106,0.8627909,0.88905144,0.8939047,0.8815109,0.87364936,0.8707602,0.88539106,0.8938424
0.8820554,0.8686295,0.8920635,0.8881498,0.88613033,0.89171815,0.8915093,0.8858472,0.8887229,0.8803857,0.88989985,0.8896147,0.8900303,0.8919913,0.89078087,0.8935143,0.89206773,0.88806516,0.85914576,0.8767751,0.89366025,0.89005184,0.89156115,0.8941806,0.8905026,0.8897902,0.88554424,0.8841896,0.89455944,0.8908945,0.8949158,1.0,0.88895684,0.8945035,0.8903256,0.89150065,0.8940735,0.89340603,0.8936166,0.8934556,0.8884162,0.893528,0.88560545,0.88796836,0.85502833,0.86934644,0.89371574,0.8920377,0.8082551,0.8503381,0.8725855,0.8685805,0.8703049,0.87657875,0.89477396,0.894341,0.87917763,0.8787413,0.73533815,0.7330494,0.8483065,0.84424317,0.8774625,0.8800023,0.86896807,0.8790228,0.8279869,0.88498324,0.71587974,0.8271176,0.8950299,0.89454436,0.8921878,0.8921664,0.8946407,0.893696,0.89486074,0.8893721,0.8937273,0.8859591,0.8940118,0.8924458,0.89256763,0.8922701,0.8943567,0.894277,0.88976675,0.8763073,0.8944235,0.8901777,0.89165175,0.8886807,0.8860642,0.89298105,0.86263525,0.8926285,0.89141566,0.89534336,0.8944636,0.8922286,0.8847765,0.863671,0.88336694,0.8821189,0.8836759,0.8895889,0.8871639,0.8820023,0.8522729,0.8857018,0.8934932,0.8819074,0.87741727,0.8623437,0.8795124,0.891547
0.8799554,0.8673427,0.8908013,0.8866918,0.8809959,0.8905841,0.88505125,0.88621074,0.8901503,0.8811553,0.8927202,0.88720566,0.8929035,0.8906355,0.89193386,0.8915975,0.892214,0.8902027,0.86635137,0.8791005,0.88631654,0.88747084,0.8921048,0.89078784,0.88644385,0.8890607,0.8799805,0.8854919,0.8891836,0.88595814,0.8924307,0.88895684,1.0,0.890914,0.89436877,0.88668406,0.88502055,0.88263106,0.88775223,0.88121253,0.8859564,0.8869392,0.889819,0.884336,0.8722841,0.8635779,0.89083266,0.88853335,0.80929744,0.8463471,0.86012685,0.8631305,0.85618085,0.8741213,0.887162,0.8886472,0.87790847,0.8707086,0.7270929,0.7208166,0.84376264,0.8339337,0.88068867,0.86913013,0.85615695,0.8734704,0.854245,0.8846872,0.75359714,0.8301214,0.89069235,0.8846907,0.885656,0.88536626,0.8861565,0.8864194,0.8906602,0.874168,0.8857829,0.88494694,0.89311475,0.8924787,0.89301413,0.8911507,0.8903847,0.89093083,0.8853909,0.87873226,0.8904448,0.8902836,0.8868367,0.89065254,0.8899939,0.8891008,0.8812841,0.8923564,0.89380366,0.8888751,0.890991,0.8897607,0.888754,0.87638354,0.8903615,0.8895028,0.88682157,0.8916029,0.8912149,0.88815266,0.8713048,0.89273155,0.89106303,0.8789305,0.86621124,0.87636936,0.8876918,0.89318824
