1.0,-0.032020334,0.5149997,0.10978206,-0.16417956,-0.04501956,0.55679095,-0.19211163,-0.45420095,-0.49225298,0.25201696,-0.086598724,0.64184415,-0.22356181,-0.31388545,-0.4513339,0.441229,-0.17034929,0.5640625,0.16864707,0.15264487,-0.5830608,-0.06642765,-0.36886597,-0.12162131,0.16434796,0.059494685,0.09859907,-0.21829347,0.18750304,-0.028387876,-0.5876633,0.48842642,0.007019022,0.249182,-0.031042054,0.119717956,-0.09424648,0.13506381,0.024019998,-0.009806244,-0.10602168,0.2977445,0.04512328,0.3736995,0.044719193,0.45406803,0.13307035,-0.036388822,0.015859699,0.096554875,0.1710698,0.021938898,0.0021093388,0.31948173,-0.08672969,0.7783785,-0.31227222,0.16936061,-0.15767068,0.5126677,-0.17535639,0.4875344,-0.43151674,0.14374314,0.014013482,0.4513118,0.062860966,0.56876284,0.12888616,0.422689,-0.08663659,-0.07814035,-0.17774738,0.46650496,0.025252264,0.022266002,-0.009750187,0.16088325,0.13600747,0.70490557,-0.41397992,0.25134063,-0.71601486,0.5891014,-0.5503432,0.16033214,-0.6039955,0.5369425,-0.1493813,0.10493022,-0.48912418,0.13084191,-0.34060004,0.13592805,-0.049557474,0.13175957,0.1693148,0.30811948,-0.2333566,0.111075446,-0.056708932,-0.028925853,-0.51615626,0.026030324,-0.025923798,0.11313636,0.14620247,0.080129,0.042096216,0.14587517,0.16187753,-0.12620571,-0.1450824,-0.03945096,-0.016051589
-0.032020334,1.0,0.15519188,0.55862033,-0.1509562,-0.3815813,0.18859926,0.54566884,0.031991646,0.09306964,0.2385701,0.52882504,-0.21191816,0.5230943,0.030791325,0.067646265,-0.12970668,0.17699572,0.30902785,0.52312577,-0.41401848,0.36432368,0.034825914,0.32327592,-0.38879222,-0.48582014,-0.12499177,-0.43308055,0.3606343,0.057481576,0.011560623,0.4894758,0.2323809,0.32964364,0.27786568,0.3312508,0.17843992,0.25408077,-0.09167221,0.2685306,-0.33307105,0.0888438,0.146035,0.42385766,0.07239513,0.23669606,0.12564194,0.36432666,0.021979066,0.13029954,-0.10811508,-0.14983363,0.15070464,0.22741057,0.023549268,0.3263197,-0.22186685,0.6907582,-0.058739025,-0.021049498,-0.121779755,-0.053979218,-0.099660985,0.5854944,-0.013459799,0.35807577,0.34438875,0.54490536,0.36268026,0.4130046,-0.102200344,0.16694672,0.09587966,0.2028882,-0.06724079,0.05124378,0.06829899,0.046658188,0.14831364,0.22107066,-0.47863576,0.4737143,-0.41525313,0.22058234,-0.49622566,0.45176375,-0.4684788,0.26192024,-0.36147812,0.2405929,0.0022769053,0.2913265,-0.08849113,0.16874032,0.23462565,0.25585526,0.005832831,0.21649171,-0.22273149,0.16348758,-0.26404592,-0.0041785,-0.34794167,0.10167177,-0.36243495,0.0736102,-0.06988295,0.009112693,0.3678979,0.05943516,0.26364568,0.058653556,0.087108,-0.088375,-0.046822708,0.0694692
0.5149997,0.15519188,1.0,0.48921528,-0.046594918,0.06666582,0.6828703,0.1423844,-0.13915853,-0.021857832,0.5422343,0.25231865,0.5685132,0.20699275,0.18608467,-0.0557975,0.54514134,0.1504977,0.55123,0.48984888,0.0047911834,-0.1435623,0.48230475,0.23740226,-0.12044005,0.1282412,0.2701689,0.08439979,0.19678266,0.3467928,0.22927566,-0.027504593,0.64398426,0.54943115,0.45031732,0.41771266,0.42269382,0.14283189,0.4811752,0.35992777,0.20493616,0.14548987,0.2704392,0.31643534,0.15537296,0.09781456,0.5191409,0.30090636,-0.08063645,0.109401844,0.14190093,0.06575072,-0.02205161,0.0006437854,0.6297246,0.36378762,0.41299197,0.012715803,0.03154772,-0.124411784,0.36612904,-0.18242316,0.35700315,-0.12869276,0.10210237,0.07549999,0.463649,0.268004,0.32508987,0.39243868,0.49101165,0.36942247,0.25178006,0.24727547,0.37413928,0.44277832,0.13015608,0.34451544,0.2589351,0.2974151,0.41979018,-0.041233197,0.26159057,-0.22133787,0.4304461,-0.025209138,0.17601937,-0.14209001,0.47523877,0.2518992,0.17435525,-0.05545869,0.0016342084,-0.30156216,0.405778,0.113453984,0.45749247,0.53464574,0.47034663,0.30962843,-0.052062776,-0.053328913,0.02498358,-0.28787482,0.042363573,-0.017395895,0.25614238,0.31538036,0.27606377,0.2524834,0.4419392,0.43302158,-0.03524811,-0.14104393,-0.10945524,0.23335901
0.10978206,0.55862033,0.48921528,1.0,-0.0730039,-0.073248066,0.37588754,0.6760103,0.058411963,0.19264627,0.549236,0.5773004,0.0931718,0.6042531,0.32765958,0.22015993,0.19128495,0.41951922,0.40758732,0.66213727,-0.19664389,0.29648146,0.36073065,0.48776877,-0.26538417,-0.25287083,0.100439556,-0.1252606,0.41447142,0.37969753,0.042239815,0.32809624,0.44203845,0.511263,0.45879987,0.41026497,0.36688113,0.3739941,0.38440245,0.5142614,0.04630829,0.1685251,0.29725763,0.46608153,-0.013781888,0.18557368,0.41632962,0.36382264,-0.15915072,0.0961275,0.12121161,-0.10767718,0.0983752,0.18463685,0.43441474,0.47992,-0.08459588,0.51238596,-0.039608724,-0.06555079,0.046977118,-0.09133033,-0.017256072,0.39224562,-0.049567208,0.2433221,0.36470032,0.420997,0.1713585,0.36805636,0.1733684,0.49350426,0.27828762,0.4047597,0.14002219,0.30039665,0.0789075,0.3412609,0.3342441,0.40177673,-0.08634257,0.45236284,0.013087642,0.22182633,-0.08311474,0.43678966,-0.18349597,0.25840643,-0.042643853,0.29572275,0.17170562,0.26275548,-0.002096693,-0.09470998,0.42023787,0.25342357,0.36021337,0.4974821,0.15403974,0.3599122,-0.26265892,-0.11833611,-0.1805334,-0.0970224,-0.094926216,-0.04002318,0.28416377,0.15352091,0.31753457,0.2732895,0.45441663,0.17802922,0.0103473095,-0.25670862,-0.17390987,0.30775893
-0.16417956,-0.1509562,-0.046594918,-0.0730039,1.0,0.64016515,-0.24976356,-0.06298174,0.6078223,0.2520361,0.12003965,0.068956815,-0.12052954,0.16607863,0.20092753,0.34730387,0.12155961,-0.0149425855,-0.30278176,-0.27784178,-0.03149121,-0.11164637,0.1325086,0.23333879,0.74034554,0.5969723,0.35514197,0.61654013,0.0028081639,0.049278036,0.008475787,0.0023896804,-0.07882619,-0.0015545243,0.05859303,-0.03681711,0.070328824,-0.054393534,0.2017374,0.03190387,0.36152306,-0.094530955,-0.19077222,-0.20600851,-0.10067316,-0.32697076,-0.05259836,-0.25267875,-0.013400983,-0.035915654,0.20378558,0.15583639,-0.12613614,0.030024005,0.1587505,-0.04544284,-0.23674375,-0.2400722,0.026761964,-0.20982,-0.24480301,0.14003631,0.041218713,-0.24124134,-0.15782137,-0.098692104,-0.14691825,-0.35703045,-0.3567486,-0.15145348,0.020879077,0.17188253,0.12925258,0.20234075,-0.021938391,0.21054944,-0.025991788,0.038237944,-0.008076539,0.22417705,-0.020460362,0.025901023,0.099501334,0.38741267,0.14232199,-0.02396325,0.542191,0.23323548,0.21770929,-0.3382002,0.31271014,0.19065864,0.054143537,-0.20891921,0.035638437,-0.07447652,-0.07103244,-0.12803099,0.18281561,-0.089053676,0.18360889,0.12528893,0.2957704,0.5069835,0.46760243,0.26204228,0.04146211,-0.046750356,0.10285232,-0.078706905,-0.26440784,-0.20474233,0.25838673,0.008929694,0.14777729,0.14961387
-0.04501956,-0.3815813,0.06666582,-0.073248066,0.64016515,1.0,-0.21774977,-0.09694477,0.5363549,0.3581601,0.21271986,0.05670668,0.15151684,0.14850114,0.3408369,0.4926724,0.28900215,0.12108107,-0.19338161,-0.17970204,0.28298187,-0.13614526,0.23249005,0.19923358,0.7013419,0.6972031,0.3276474,0.63626856,0.07464351,0.3025474,0.053096894,-0.109730996,-0.08648884,-0.008878076,-0.014638825,-0.013179346,0.14197984,0.056524877,0.26290682,0.10858516,0.50471985,-0.0050942437,-0.19535573,-0.18857804,-0.1355239,-0.32766768,0.042016976,-0.18828456,-0.10587824,-0.028817372,0.2890892,0.27281725,-0.26854175,-0.09312592,0.2701229,-0.017734552,-0.13574114,-0.3976045,-0.019760257,-0.09796292,-0.054195255,0.21990803,0.094746016,-0.41676596,-0.063549355,-0.22265778,-0.28750148,-0.32325238,-0.35636,-0.24968682,0.1821717,0.32411152,0.22513463,0.26076567,0.067908116,0.3578068,-0.031301953,0.11255904,0.036314864,0.2737109,0.23896332,-0.019461203,0.449323,0.27479985,0.36540323,-0.040770903,0.6403407,0.07556088,0.31338972,-0.15613797,0.2123156,0.061583605,0.024350548,-0.21065316,0.038293038,-0.091948114,0.1424579,-0.035591446,0.23800935,0.046634987,0.35541725,0.12614934,0.27858633,0.28504774,0.58647245,0.21466154,0.2874813,0.13869807,-0.13404536,0.07001367,-0.15055293,-0.0342292,0.14020759,0.09651952,0.12059481,0.22540879
0.55679095,0.18859926,0.6828703,0.37588754,-0.24976356,-0.21774977,1.0,0.20650396,-0.27512294,-0.09166597,0.391951,0.24034694,0.6390084,0.07351707,0.0857638,-0.2630401,0.49655443,0.19588399,0.6379903,0.4870634,0.030726323,-0.14953229,0.38441655,-0.005107587,-0.3177494,-0.019737659,0.16417536,-0.053662624,0.24372531,0.2528354,0.24648778,-0.13074556,0.73272866,0.5132397,0.4705881,0.31116658,0.35058463,0.10885967,0.37138337,0.31268972,0.06545523,0.08918966,0.28736138,0.25831866,0.17278078,0.22826508,0.41875875,0.2813011,-0.17600353,0.052289173,-0.05166524,-0.022102848,0.04303165,-0.07611483,0.477491,0.32013667,0.51794666,0.059634954,0.030190537,-0.15535219,0.35002023,-0.41761276,0.16702051,-0.08736655,0.015300041,0.12059442,0.46095103,0.29647753,0.43106392,0.38455686,0.5618604,0.28675905,0.20982099,0.049375296,0.42078018,0.2296749,0.15120265,0.2174289,0.34829766,0.20892242,0.43997595,-0.057717863,0.25524837,-0.34278995,0.37016645,-0.16617689,0.011716384,-0.28457293,0.37295467,0.24363013,0.10864944,-0.1057711,0.10135638,-0.15837349,0.3004785,0.0914511,0.36533442,0.48214117,0.36183715,0.16042803,-0.092889674,-0.07754948,0.017572166,-0.3773008,-0.10211899,-0.10282806,0.16519944,0.28174278,0.2632364,0.21298061,0.43833074,0.3488261,-0.05828799,-0.18523334,-0.07377738,0.027682904
-0.19211163,0.54566884,0.1423844,0.6760103,-0.06298174,-0.09694477,0.20650396,1.0,0.20433687,0.3665383,0.40668923,0.6179795,-0.11009476,0.6452084,0.38435358,0.35686806,-0.028705692,0.62527466,0.18592396,0.55824494,-0.21188805,0.49703348,0.26843825,0.53637666,-0.20424362,-0.3133911,0.0241381,-0.19226351,0.49559024,0.44478515,0.055381574,0.48541582,0.2568588,0.33817986,0.37637785,0.26911435,0.22610465,0.31430313,0.22894882,0.49574822,-0.038700912,0.108813174,0.17856205,0.3171929,-0.15582858,0.19584969,0.1634925,0.26059663,-0.11849406,0.035573505,0.0674639,-0.16469477,-0.008668886,0.18536137,0.28135106,0.45082742,-0.317812,0.60613424,-0.22935432,-0.012335219,-0.023842957,-0.110582836,-0.24414678,0.4792389,-0.17496587,0.23245873,0.1550147,0.28403354,-0.049418747,0.20073533,0.07840362,0.56062245,0.33417034,0.3989295,0.082545005,0.17233118,0.05491359,0.15621206,0.26494887,0.2689321,-0.29247463,0.56179154,-0.03898271,0.46952468,-0.31251717,0.51649433,-0.26626953,0.4079503,-0.266078,0.30194,0.121857196,0.4277001,-0.031987034,0.032029953,0.3834894,0.24091235,0.33280197,0.38442993,-0.033553816,0.34402934,-0.20408446,-0.059322577,-0.17727883,0.1149481,-0.059542626,-0.01846953,0.2375777,0.17711733,0.22975187,0.2573499,0.3225716,0.054903112,0.08600537,-0.12201343,-0.07917465,0.27856347
-0.45420095,0.031991646,-0.13915853,0.058411963,0.6078223,0.5363549,-0.27512294,0.20433687,1.0,0.64566684,0.21095991,0.34036985,-0.2277985,0.48919544,0.5783623,0.6340632,0.13977027,0.293559,-0.2569643,0.0017219315,-0.010869094,0.29526922,0.30227298,0.4258771,0.6092147,0.38459498,0.243743,0.34457746,0.38501203,0.16229603,0.13083214,0.39283848,-0.053212024,0.21927103,0.110458955,0.20657898,0.2833792,0.21035773,0.20132922,0.17611662,0.4022469,0.14279465,-0.3083943,-0.08202649,-0.24809648,-0.12024223,-0.22128125,-0.12943287,-0.089526065,0.00046218533,0.082173705,0.049977448,-0.17543042,0.09411743,0.13666718,0.1163433,-0.5921821,0.050397344,-0.09535721,-0.10365991,-0.3388286,0.23114826,-0.29803997,0.021170376,-0.15548483,-0.12560493,-0.26915085,-0.14843605,-0.48293915,-0.10378629,0.011595117,0.43113217,0.3687718,0.3603132,-0.11515069,0.35738096,-0.01639325,0.13552773,0.056277927,0.3438122,-0.3308635,0.41563478,0.050298348,0.7125732,-0.16631253,0.40700662,0.3405866,0.50322056,-0.10295671,-0.007799275,0.010654093,0.4047842,-0.12940694,0.004930027,0.11788187,0.02294096,0.07415286,-0.019983867,-0.077486575,0.2096003,0.12892185,0.17131793,0.17499349,0.62775046,0.30073968,0.20447592,0.10310539,0.04998312,-0.050058298,0.054040503,-0.13741185,-0.16682951,0.13097799,0.057380747,0.092476,0.1851237
-0.49225298,0.09306964,-0.021857832,0.19264627,0.2520361,0.3581601,-0.09166597,0.3665383,0.64566684,1.0,0.20788723,0.40873998,-0.09519484,0.52873427,0.7006652,0.6606995,0.15246424,0.4583441,-0.10414725,0.2451071,6.441643e-06,0.5731268,0.5960135,0.5759866,0.25427985,0.20906805,0.1879983,0.12336033,0.6173411,0.32479626,0.3373796,0.55472624,0.0024853582,0.40135512,0.057284337,0.34443864,0.23656806,0.28397533,0.26668617,0.35580674,0.28318086,0.2776477,-0.26190346,0.07541461,-0.39977023,0.065680504,-0.19617765,0.018248452,-0.15324578,-0.11099023,-0.058663823,-0.083476126,-0.07854663,-0.040263772,0.18581168,0.3643904,-0.51844174,0.24485195,-0.11152339,-0.013800564,-0.3843529,0.04954009,-0.44796494,0.19984674,-0.19690675,-0.078210905,-0.4099924,0.07616707,-0.4387918,0.04996455,0.20843142,0.6258172,0.46265456,0.44016987,-0.103304654,0.39898095,0.1167513,0.24060094,0.17040971,0.20039512,-0.3246494,0.4865146,0.20949495,0.70504695,-0.25876454,0.5087153,0.12725708,0.50537497,-0.24674425,0.35643962,0.039792955,0.48594394,-0.06082178,0.22192465,0.20293885,0.24623103,0.26959082,0.13274467,-0.023449544,0.42620033,0.060981188,-0.0035377503,0.053831406,0.45543042,0.15629137,0.07827457,0.19727992,0.10268941,0.070347264,0.2410032,0.13411604,0.039238032,0.086303934,0.13024554,0.058110856,0.11865744
0.25201696,0.2385701,0.5422343,0.549236,0.12003965,0.21271986,0.391951,0.40668923,0.21095991,0.20788723,1.0,0.47677648,0.29946086,0.5447732,0.44950354,0.32403728,0.39802042,0.34462598,0.40969425,0.46288377,0.0066155302,0.09748885,0.34871957,0.36792833,0.07664876,0.1295303,0.21142648,0.11082759,0.3867768,0.53977215,0.13675821,0.17692044,0.40390882,0.35469857,0.37939358,0.32310688,0.46047553,0.29829875,0.4321169,0.4204535,0.23799461,0.20724964,0.14242646,0.30263674,0.024196586,0.107616596,0.36862928,0.20626031,-0.06643226,0.07379282,0.16653982,0.22466809,-0.09920216,0.07298098,0.56245816,0.3039425,0.036173288,0.14386919,-0.095653236,-0.102321275,0.18487638,0.005697643,0.14641218,-0.005262888,-0.032244306,0.10410252,0.29634,0.20183615,0.08433415,0.2206682,0.33175316,0.53517354,0.40010855,0.4141852,0.1354298,0.48956215,0.14236516,0.23319577,0.22860153,0.41836345,0.18913336,0.28038144,0.21658121,0.15628557,0.202258,0.20823646,0.12014258,0.069752455,0.24898174,0.17137322,0.12701797,0.07829966,0.001716457,-0.18491414,0.44477388,0.104355864,0.39938667,0.39349416,0.19284916,0.35272664,-0.08065567,-0.06530893,0.049099095,-0.06835793,0.09093161,0.004312389,0.35846752,0.24076997,0.104551986,0.21863265,0.2374512,0.1588505,0.1036092,-0.085218236,-0.13525976,0.36645043
-0.086598724,0.52882504,0.25231865,0.5773004,0.068956815,0.05670668,0.24034694,0.6179795,0.34036985,0.40873998,0.47677648,1.0,0.098325245,0.7578783,0.4896142,0.33066672,0.31148633,0.5467633,0.22258973,0.44775102,-0.10813962,0.36302724,0.35045984,0.46079364,-0.024713755,-0.14297357,0.23414114,-0.086885005,0.5665253,0.41821796,0.16914167,0.44037262,0.45879623,0.5075016,0.5848805,0.46659112,0.44613186,0.47663048,0.33236608,0.5444089,0.11958785,0.19027807,0.15714659,0.29219845,-0.138501,-0.02361658,0.22239006,0.30338705,-0.21717265,0.16556962,0.26680595,-0.08368229,-0.03490525,0.19926728,0.31523213,0.39723316,-0.2630509,0.44441044,-0.17082539,-0.076944396,-0.15421207,-0.10195482,-0.21000957,0.23986562,-0.066044435,0.32048556,0.18347383,0.28538778,0.017331047,0.26900223,0.23361357,0.62415475,0.3189015,0.53859156,0.06936831,0.39541772,0.154087,0.25762078,0.2932832,0.55240846,-0.20777595,0.5952898,0.037808012,0.39772546,-0.18559687,0.47673786,-0.07589629,0.18602529,-0.15573074,0.31148347,0.18682832,0.37983525,-0.06423119,0.014893585,0.42968684,0.2876402,0.3835124,0.39330798,0.0045672925,0.35830393,-0.102053136,-0.081493296,-0.18230957,0.16859621,-0.04307352,-0.118159,0.17800783,0.025140114,0.26283577,0.3704695,0.2865153,0.02746009,-0.04543854,-0.12823108,-0.22170132,0.24697039
0.64184415,-0.21191816,0.5685132,0.0931718,-0.12052954,0.15151684,0.6390084,-0.11009476,-0.2277985,-0.09519484,0.29946086,0.098325245,1.0,-0.062024135,0.03952819,-0.20452812,0.6744154,0.14147122,0.54853964,0.21901177,0.25440815,-0.3855035,0.3425767,-0.19700955,-0.06309733,0.31420955,0.23615307,0.1891966,0.14353302,0.3850509,0.15951663,-0.40088958,0.555841,0.2621804,0.28815216,0.06999401,0.19230202,0.035328135,0.34850353,0.21122804,0.21782881,0.030907301,0.19930191,0.02743435,0.16948834,-0.005999545,0.4506156,0.16754866,-0.18094352,-0.03575275,0.15245488,0.097135305,-0.036935646,-0.13431545,0.42480916,0.16285516,0.646949,-0.29463315,0.054204144,-0.16159663,0.4073917,-0.25704283,0.3365167,-0.4676345,0.09440438,-0.011215721,0.19361544,0.04680208,0.25077885,0.09998114,0.60242647,0.24782044,0.23428905,0.043091025,0.43588632,0.19600832,0.14405832,0.079666264,0.34796935,0.22129029,0.7374307,-0.23982255,0.53183424,-0.47710028,0.66516894,-0.41822192,0.3790363,-0.48715967,0.5106358,0.1170449,0.18027967,-0.27578938,0.20381092,-0.23302403,0.17804752,0.0015550705,0.37836134,0.34198987,0.44199783,0.039079987,0.1574928,-0.07186413,0.09041821,-0.3401068,0.23732947,-0.07865385,0.22762372,0.255337,0.10133915,0.21160257,0.32560298,0.33531645,-0.1260499,-0.011892918,0.01073847,0.045093108
-0.22356181,0.5230943,0.20699275,0.6042531,0.16607863,0.14850114,0.07351707,0.6452084,0.48919544,0.52873427,0.5447732,0.7578783,-0.062024135,1.0,0.54452246,0.5391812,0.20636374,0.5358102,0.15623678,0.4917338,-0.19398639,0.44309622,0.3491436,0.55324394,0.034893513,-0.13432218,0.13046329,-0.0906617,0.619437,0.42973426,0.0813769,0.5484039,0.26327685,0.45054176,0.40915596,0.44131795,0.384535,0.51360875,0.26642898,0.51959443,0.12965122,0.23985061,0.076479554,0.38122618,-0.12371235,0.108495004,0.23370159,0.3355116,-0.14679152,0.18299481,0.12399129,-0.037090417,-0.06751684,0.22777595,0.3082906,0.4481838,-0.42884448,0.5135222,-0.14071536,-0.05300362,-0.22484657,0.05099368,-0.16093674,0.34970152,-0.034020796,0.2636378,0.122921206,0.3069418,-0.11011674,0.22989687,0.049960207,0.58989006,0.41610295,0.58560085,-0.097264335,0.4094891,0.13511881,0.29708442,0.2817908,0.50502086,-0.3459534,0.68003833,0.0047840853,0.555465,-0.3032795,0.61869466,-0.02291818,0.42324275,-0.25207913,0.3268953,0.11643821,0.5100082,-0.13015528,-0.046565115,0.46599331,0.3387623,0.31059822,0.40836835,-0.097511835,0.44796437,-0.13222092,0.028189203,-0.20189603,0.32580227,-0.04417498,0.031489912,0.15022881,0.13039204,0.27317545,0.36419493,0.31660673,0.06025637,0.11971033,-0.042958405,-0.08959835,0.28107953
-0.31388545,0.030791325,0.18608467,0.32765958,0.20092753,0.3408369,0.0857638,0.38435358,0.5783623,0.7006652,0.44950354,0.4896142,0.03952819,0.54452246,1.0,0.6343245,0.30820107,0.51047564,-0.012768537,0.28047797,0.08443364,0.4203111,0.56223595,0.52677023,0.25001478,0.19471693,0.33992055,0.1531271,0.573183,0.40113938,0.30945435,0.42284715,0.18780866,0.47248676,0.26725107,0.37933752,0.45722795,0.27563986,0.46730876,0.39776823,0.5039947,0.33701107,-0.16762649,0.09051792,-0.36037904,-0.018800896,-0.042847693,-0.010055083,-0.20204754,0.058952436,0.047395635,0.0020324227,-0.14108804,-0.07395647,0.40730476,0.34970915,-0.44899145,0.1999824,-0.23100911,-0.12996489,-0.2037859,-0.06698836,-0.33699122,0.09035514,-0.12862572,-0.037280735,-0.20426434,0.0068208836,-0.330557,0.019260159,0.25772816,0.6534943,0.48350102,0.43860412,0.01225204,0.5474853,0.042032365,0.31943852,0.13863139,0.32129827,-0.1249564,0.44641998,0.32055208,0.565759,-0.046790026,0.45392027,0.21191783,0.35549867,-0.0150666,0.3830349,-0.001584517,0.3080916,-0.124894425,0.005233917,0.21295469,0.05030018,0.41045907,0.28519303,0.007958415,0.5181131,0.034901425,-0.042349957,0.049626578,0.21712302,0.13110447,-0.071037635,0.38679254,0.12270281,-0.10786966,0.26939696,0.18800487,0.17686744,-0.027053555,-0.035936892,-0.15964814,0.30255994
-0.4513339,0.067646265,-0.0557975,0.22015993,0.34730387,0.4926724,-0.2630401,0.35686806,0.6340632,0.6606995,0.32403728,0.33066672,-0.20452812,0.5391812,0.6343245,1.0,0.010457128,0.44330922,-0.19587655,0.1758731,0.07349348,0.5035741,0.31302845,0.5285648,0.3181702,0.23018636,0.11410073,0.13193752,0.5469756,0.4042066,0.15620825,0.46785226,-0.20724952,0.15745491,0.02196636,0.17132702,0.25349942,0.32757694,0.27726942,0.33261722,0.3732932,0.35525557,-0.2178423,0.09200164,-0.30096436,0.0033340205,-0.09829999,0.01504617,-0.052421354,0.086587265,0.040781546,0.0732909,-0.21161304,-0.05824339,0.17265122,0.30333605,-0.60317945,0.19621891,-0.18916586,-0.06094617,-0.28624544,0.21353339,-0.3159588,0.1940106,-0.10698693,-0.136737,-0.30997756,0.03286433,-0.42183113,-0.09257049,0.0069681453,0.47484314,0.48318687,0.50995934,-0.07877288,0.44595715,0.20294179,0.29439652,0.14820598,0.32744133,-0.2960656,0.5625852,0.27151948,0.7203774,-0.256135,0.5488576,0.15676583,0.5487979,-0.23320445,0.22535802,-0.017666781,0.34981677,-0.12594394,0.06857147,0.18760528,0.1589159,0.19295056,0.11515974,-0.12574214,0.41436014,-0.029631428,0.068318695,0.06640593,0.4362283,0.26211393,0.21876405,0.23279095,0.1732607,-0.10132035,0.15742739,0.038094282,0.079097204,0.17385861,0.09278646,0.089129075,0.30046648
0.441229,-0.12970668,0.54514134,0.19128495,0.12155961,0.28900215,0.49655443,-0.028705692,0.13977027,0.15246424,0.39802042,0.31148633,0.6744154,0.20636374,0.30820107,0.010457128,1.0,0.20836288,0.42434174,0.19035995,0.18909651,-0.24996534,0.44354412,0.0036423637,0.18168268,0.35611624,0.33958277,0.32798302,0.27961,0.3605105,0.19956182,-0.226744,0.61032355,0.42378187,0.3821262,0.2991253,0.37759185,0.203299,0.48086503,0.281991,0.3574071,0.097597405,0.02728398,0.011354022,0.14246728,-0.09172539,0.2952695,0.089897014,-0.14610578,0.06260994,0.21343994,0.0882074,-0.07765456,-0.061005857,0.43386543,0.09713553,0.38956782,-0.2396561,0.072087266,-0.2629641,0.27375197,-0.13767429,0.20452048,-0.41198617,0.08840954,0.051104676,0.18370704,-0.0055358536,0.1414447,0.18141913,0.54020053,0.39019978,0.24800996,0.18172082,0.32485226,0.34215072,0.010951198,0.13200948,0.40312192,0.42517537,0.56468976,-0.039070755,0.4470911,-0.16452885,0.52967405,-0.1915769,0.45364115,-0.24003568,0.42936385,0.037203122,0.20279048,-0.13331406,0.058846533,-0.31104875,0.17421347,0.034656387,0.28438574,0.2523508,0.31240073,0.048139937,0.15277037,-0.100150764,0.05240696,-0.08855877,0.2011091,-0.13169947,0.23390515,0.1626577,0.1805994,0.19917676,0.17651078,0.120670326,-0.15474999,-0.09157306,-0.12092362,0.11958769
-0.17034929,0.17699572,0.1504977,0.41951922,-0.0149425855,0.12108107,0.19588399,0.62527466,0.293559,0.4583441,0.34462598,0.5467633,0.14147122,0.5358102,0.51047564,0.44330922,0.20836288,1.0,0.14405814,0.46832132,0.04564821,0.3487599,0.3493422,0.4076611,-0.057238974,-0.10007175,-0.043380074,-0.14269593,0.5677278,0.5556821,0.046840664,0.33637112,0.26948604,0.43594489,0.41179046,0.30574116,0.21575703,0.38318875,0.29359093,0.43862584,0.13363579,0.10537792,0.17925192,0.22025532,-0.14762522,0.018822812,0.20151506,0.22957064,-0.23345758,0.22687799,0.20469745,-0.021068688,-0.16113138,0.2062586,0.3520032,0.38637948,-0.1901967,0.44151306,-0.18282908,0.13645917,-0.04642904,-0.058171052,-0.15279257,0.26497558,-0.15259075,0.178985,0.0041330424,0.16535045,-0.13439436,0.23755762,0.2300039,0.63257307,0.41984794,0.47806263,0.10394792,0.2699528,0.16145119,0.27656716,0.44131956,0.5148752,-0.0018098371,0.59577245,0.3394729,0.4140859,-0.08104606,0.38892362,-0.024385195,0.21813469,-0.13639748,0.33158192,0.22610344,0.37943235,0.0075696665,-0.02556563,0.30571243,0.17913099,0.45915952,0.34890008,0.09427678,0.41211772,-0.11918915,0.068332516,-0.113690645,0.20824216,0.1450836,-0.06812934,0.3326798,0.22033416,0.16061705,0.35839835,0.29827955,0.10096362,0.009130207,-0.0048677907,0.044644885,0.1794241
0.5640625,0.30902785,0.55123,0.40758732,-0.30278176,-0.19338161,0.6379903,0.18592396,-0.2569643,-0.10414725,0.40969425,0.22258973,0.54853964,0.15623678,-0.012768537,-0.19587655,0.42434174,0.14405814,1.0,0.65188104,0.01601981,-0.10658049,0.24767251,0.01024256,-0.3597867,-0.12111275,-0.0029326237,-0.1751097,0.2597917,0.3157776,0.09605076,-0.033018596,0.6140745,0.3974177,0.31617507,0.28380466,0.1995951,0.19670187,0.18201606,0.29138586,-0.0968598,0.17430912,0.3076842,0.382624,0.25085798,0.30726364,0.40888554,0.3764209,-0.09252873,-0.07860394,-0.025407985,0.037567656,0.13688415,0.06720221,0.34737578,0.26814535,0.4339167,0.15138696,-0.041002464,-0.20260133,0.2886432,-0.120765306,0.24568985,-0.03484391,0.19486065,0.0640819,0.42439857,0.44518793,0.56798005,0.38347292,0.38749117,0.17034821,0.20004822,0.06351086,0.3112982,0.10344667,0.12232593,0.13778868,0.37170318,0.23432949,0.32991445,0.05097739,0.13991988,-0.31920707,0.21519093,-0.08849417,-0.06786534,-0.2759689,0.17824773,0.21410392,0.04792413,-0.10331903,0.13828205,-0.03133074,0.2990881,0.22081931,0.26720965,0.41708216,0.29011345,0.15468107,-0.04187567,-0.045873493,0.033892866,-0.30159366,-0.05761543,-0.07171911,0.11746536,0.2795211,0.28535718,0.19482978,0.39552164,0.24022576,0.026251506,-0.08462447,-0.0012436091,-0.030097052
0.16864707,0.52312577,0.48984888,0.66213727,-0.27784178,-0.17970204,0.4870634,0.55824494,0.0017219315,0.2451071,0.46288377,0.44775102,0.21901177,0.4917338,0.28047797,0.1758731,0.19035995,0.46832132,0.65188104,1.0,-0.1876308,0.28863907,0.40445516,0.4515288,-0.4327636,-0.3064403,-0.037023168,-0.30794254,0.5657278,0.4441821,0.14312749,0.39530367,0.49626824,0.5924281,0.35314673,0.46856526,0.30118147,0.35843658,0.28589472,0.5381255,-0.12169467,0.27060726,0.26393032,0.530708,0.049507346,0.37430674,0.37322602,0.46621448,-0.053178612,0.043368272,-0.036073513,-0.07217298,0.11056112,0.13023362,0.47472796,0.5768818,0.008528495,0.48824862,-0.02151444,0.015464848,0.087014966,-0.062659495,0.0043470105,0.3630263,0.08085298,0.14467025,0.3664131,0.53904015,0.32423174,0.52917856,0.29284447,0.45924172,0.39146867,0.3786495,0.23452896,0.24361554,0.22912249,0.2757173,0.44953832,0.33895162,-0.056873195,0.44018275,0.07512204,0.13105531,-0.13535447,0.37535343,-0.24702701,0.12275954,-0.060355376,0.44397116,0.058201272,0.28454494,0.027873805,0.066420406,0.45631355,0.33490524,0.42107746,0.5614587,0.23373187,0.4837919,-0.2497567,-0.045002345,-0.12709494,-0.07489544,-0.10067354,-0.037170675,0.21314733,0.37198102,0.36517605,0.28994185,0.56672555,0.2967494,0.11183459,-0.115401216,-0.027398953,0.15661244
0.15264487,-0.41401848,0.0047911834,-0.19664389,-0.03149121,0.28298187,0.030726323,-0.21188805,-0.010869094,6.441643e-06,0.0066155302,-0.10813962,0.25440815,-0.19398639,0.08443364,0.07349348,0.18909651,0.04564821,0.01601981,-0.1876308,1.0,-0.102297135,0.09871792,-0.15522902,0.14305963,0.21184835,0.07130751,0.18441941,-0.0815185,0.11915355,0.13537937,-0.22038074,-0.033485062,-0.14617005,-0.0102689015,-0.122511305,0.052560512,0.072817296,0.004271703,-0.041181143,0.2912735,0.23281568,0.073955424,-0.083590455,-0.041164067,-0.012047147,0.043749876,-0.0041529248,-0.16548988,-0.042072956,0.10354209,0.26659417,-0.37093645,-0.09888387,-0.004006363,-0.1532467,0.100626774,-0.3374068,-0.20970567,-0.1003394,0.20285037,0.13518041,0.04957886,-0.3180422,-0.0011527714,-0.14235394,-0.20345755,-0.068864256,-0.1273831,-0.33315536,0.24902171,-0.06546855,0.10951254,-0.0057777637,0.08621539,0.1552889,0.13306358,0.14811036,-0.058344893,0.06491779,0.36344355,-0.1019104,0.3571734,-0.1493498,0.28713375,-0.19061992,0.25942087,-0.2808981,0.2245473,0.0642627,-0.008120869,-0.19423568,-0.10604744,0.11394083,-0.06165263,0.024494393,0.18721893,-0.052533936,0.10899714,-0.00018118478,0.24447165,0.16137768,0.20161523,-0.09480118,0.19505008,0.08144575,0.005696455,-0.073629655,-0.3566822,0.15577076,0.02346023,0.052189745,-0.008624694,0.028695073,0.13671426,-0.10424646
-0.5830608,0.36432368,-0.1435623,0.29648146,-0.11164637,-0.13614526,-0.14953229,0.49703348,0.29526922,0.5731268,0.09748885,0.36302724,-0.3855035,0.44309622,0.4203111,0.5035741,-0.24996534,0.3487599,-0.10658049,0.28863907,-0.102297135,1.0,0.268654,0.4650591,-0.16849017,-0.29964155,-0.06281852,-0.3199223,0.50544775,0.10281628,0.14636841,0.62139183,-0.12562263,0.23196626,0.06237836,0.27588052,0.19413953,0.37445742,0.08784733,0.30559623,0.05883326,0.3692164,-0.042126205,0.2803831,-0.31380826,0.21806519,-0.21758546,0.18374538,-0.0382226,-0.004518232,-0.06905785,-0.12617147,-0.03483589,0.078179315,-0.03127126,0.3626645,-0.5996275,0.54094505,-0.21279494,0.11326751,-0.36313823,0.014575368,-0.5680589,0.58113325,-0.14961103,0.08936157,-0.16500817,0.34579578,-0.28094456,0.09285203,-0.08373134,0.30229205,0.3015015,0.32913688,-0.19455646,0.17544302,0.16208161,0.24882656,0.02100631,0.021679578,-0.5767651,0.6097945,-0.07219791,0.63764846,-0.573047,0.697438,-0.27990374,0.5749556,-0.484721,0.47426707,-0.10678838,0.4679932,-0.0951082,0.41630653,0.23721679,0.31638557,0.17340578,0.1254613,-0.22224303,0.4601565,-0.16499805,0.021210926,-0.08739031,0.3375507,-0.12319943,0.07718172,0.053126555,0.010662039,0.032389916,0.21585457,0.18022184,0.08264695,0.0202758,0.123516805,0.059223343,0.16571224
-0.06642765,0.034825914,0.48230475,0.36073065,0.1325086,0.23249005,0.38441655,0.26843825,0.30227298,0.5960135,0.34871957,0.35045984,0.3425767,0.3491436,0.56223595,0.31302845,0.44354412,0.3493422,0.24767251,0.40445516,0.09871792,0.268654,1.0,0.5238903,0.12766027,0.2739854,0.36073038,0.20512715,0.54006463,0.3528214,0.55202144,0.39481473,0.43322477,0.69853985,0.25137475,0.5101806,0.27256545,0.138157,0.42625338,0.32474527,0.29625675,0.23497365,-0.011318625,0.14657268,-0.14998592,0.08316468,0.071821906,0.16514443,-0.19973561,-0.10252496,-0.01002432,-0.06254505,0.060078986,-0.06580095,0.42354906,0.38303193,-0.049148947,0.087745726,-0.0001302715,-0.12416014,-0.048158646,-0.21369475,-0.1672246,0.025871478,-0.07321042,-0.0040767854,-0.0799192,0.17658336,-0.16518709,0.22811812,0.534755,0.6236231,0.4117942,0.32860532,0.18822782,0.46938002,0.23137254,0.3859753,0.3205476,0.16172107,0.08407114,0.1895007,0.28464124,0.31561098,0.09807454,0.18327764,0.20255849,0.19812052,0.09451022,0.2817275,0.13634893,0.2583184,0.044640727,0.027950393,0.31645826,0.25352588,0.41728118,0.32033244,0.3084401,0.42816553,0.0075549423,-0.057314225,0.2063175,0.10947868,0.15873183,-0.04773273,0.22921373,0.079644606,0.20118605,0.28185952,0.34217897,0.26057273,0.085050404,0.07969717,-0.032392178,0.034203358
-0.36886597,0.32327592,0.23740226,0.48776877,0.23333879,0.19923358,-0.005107587,0.53637666,0.4258771,0.5759866,0.36792833,0.46079364,-0.19700955,0.55324394,0.52677023,0.5285648,0.0036423637,0.4076611,0.01024256,0.4515288,-0.15522902,0.4650591,0.5238903,1.0,0.088773474,0.0004382559,0.19474782,0.04259276,0.4938348,0.41862273,0.29099917,0.6886727,0.12203293,0.46776783,0.17855293,0.41355616,0.23005725,0.20179185,0.30378908,0.43143928,0.06301333,0.15503241,-0.0068968562,0.2948023,-0.34934735,0.069115885,0.11176006,0.15915872,-0.03665396,-0.056630116,-0.018097578,-0.032002777,0.024760187,0.03434751,0.3990845,0.4851725,-0.4615669,0.36496568,-0.12727946,0.054079793,-0.16839026,-0.009372031,-0.19809723,0.30872032,-0.116271846,0.050893344,-0.039233178,0.1959321,-0.23384349,0.2816485,0.11287432,0.5918774,0.41184515,0.53585124,0.04958361,0.37447754,0.16678374,0.16907814,0.15519492,0.17276724,-0.39002848,0.4590967,-0.09637442,0.65152997,-0.3226276,0.5620251,-0.11768697,0.52131635,-0.15227675,0.26196033,0.06898605,0.5303855,-0.06697427,0.024932548,0.36686808,0.21007395,0.37390783,0.3291543,0.15571731,0.5808155,-0.13189322,0.01495337,0.10461735,0.288539,0.06453457,-0.028822074,0.20018962,0.1468502,0.20459168,0.19242854,0.28199512,0.13837579,0.23910956,-0.039044067,-0.1487766,0.2483243
-0.12162131,-0.38879222,-0.12044005,-0.26538417,0.74034554,0.7013419,-0.3177494,-0.20424362,0.6092147,0.25427985,0.07664876,-0.024713755,-0.06309733,0.034893513,0.25001478,0.3181702,0.18168268,-0.057238974,-0.3597867,-0.4327636,0.14305963,-0.16849017,0.12766027,0.088773474,1.0,0.7460975,0.37811312,0.68455833,-0.1231128,0.030200548,0.12744687,-0.1138622,-0.09705457,-0.079574585,-0.015216913,-0.071202025,0.075172134,-0.117582634,0.10673236,-0.13874635,0.4425775,-0.12110403,-0.27601066,-0.41720903,-0.1514403,-0.4026398,-0.23385406,-0.37600273,-0.096302606,-0.05281444,0.1864904,0.22881068,-0.16002665,-0.0133968815,0.08726487,-0.27980515,-0.17924042,-0.46008095,-0.017321864,-0.16631399,-0.11059394,0.156862,-0.029872563,-0.47729415,-0.1260621,-0.27528727,-0.2918047,-0.48515585,-0.4371139,-0.35648334,0.09485716,0.1627524,0.059448127,0.04409776,-3.1835058e-05,0.21722503,-0.19252843,0.00074108556,-0.15565473,0.11416187,0.0828087,-0.134994,0.15080121,0.31265512,0.23512408,-0.15540858,0.5728032,0.1692558,0.29412884,-0.3949971,0.08726602,0.011693588,-0.017170465,-0.21335952,0.0055518453,-0.13174029,-0.052859943,-0.2680481,0.097864054,-0.1308399,0.42435238,0.13169712,0.4086393,0.38279364,0.4703551,0.16341485,0.09192341,-0.13282336,-0.18734722,-0.053180266,-0.41665906,-0.27721995,0.10812449,0.15675925,0.06483264,0.10050444
0.16434796,-0.48582014,0.1282412,-0.25287083,0.5969723,0.6972031,-0.019737659,-0.3133911,0.38459498,0.20906805,0.1295303,-0.14297357,0.31420955,-0.13432218,0.19471693,0.23018636,0.35611624,-0.10007175,-0.12111275,-0.3064403,0.21184835,-0.29964155,0.2739854,0.0004382559,0.7460975,1.0,0.4294866,0.6943589,-0.04869523,0.19950125,0.2889991,-0.25861058,0.044628467,-0.022398176,-0.016231028,-0.05247455,0.08836885,-0.19398558,0.24709992,-0.08026627,0.51300204,-0.091783635,-0.24947648,-0.3966299,-0.15361011,-0.29674992,-0.025189474,-0.33260378,-0.12544118,-0.1856438,0.10445732,0.19126041,-0.07429057,-0.15816876,0.23261477,-0.16657329,0.13250284,-0.6111651,0.07117694,-0.20132962,0.05150906,0.0017896061,0.054934233,-0.6384129,-0.11268862,-0.40261692,-0.23725078,-0.42232198,-0.2768134,-0.3194024,0.3651396,0.206606,0.18186212,0.03621523,0.2161065,0.26720008,0.018171664,0.028996196,-0.0022897886,0.09886032,0.39283815,-0.29679814,0.39046225,0.05217275,0.46073917,-0.36653364,0.65247494,-0.068063505,0.4528597,-0.3307421,0.09869724,-0.1883576,0.0958837,-0.25100484,-0.0033041623,-0.13546763,0.07791882,-0.15564469,0.26526392,-0.10818573,0.44018272,0.05915907,0.47856006,0.16886745,0.53967965,0.18111047,0.14413084,0.009484728,-0.14352097,-0.016377237,-0.25327483,-0.020741442,0.09627406,0.13108113,0.09967495,0.056748908
0.059494685,-0.12499177,0.2701689,0.100439556,0.35514197,0.3276474,0.16417536,0.0241381,0.243743,0.1879983,0.21142648,0.23414114,0.23615307,0.13046329,0.33992055,0.11410073,0.33958277,-0.043380074,-0.0029326237,-0.037023168,0.07130751,-0.06281852,0.36073038,0.19474782,0.37811312,0.4294866,1.0,0.54484737,0.0750657,0.17285344,0.34244642,-0.059375014,0.2019972,0.21099478,0.12957156,0.075398855,0.21796878,-0.12038982,0.42383322,0.12624222,0.4921724,0.14419621,-0.21043529,-0.19974108,-0.18729089,-0.17204323,0.018211063,-0.127691,-0.11972583,-0.08029621,0.089823656,-0.067602016,0.021401426,-0.110753864,0.30992898,0.1259588,0.029035278,-0.22328135,-0.07365069,-0.19246887,0.12947169,-0.1977997,-0.003718303,-0.23627539,-0.14266194,0.07462643,-0.020912688,-0.19639498,-0.2160421,-0.06488898,0.3103273,0.3394875,0.12033402,0.07969442,0.16284989,0.28712052,-0.050614137,0.043243807,-0.024454976,0.062884584,0.1450407,-0.14609917,0.19939256,0.14197181,0.28659746,-0.10146447,0.34586713,0.07459538,0.3756928,-0.06896004,0.22344092,0.01160914,0.029156689,-0.21134017,0.17668898,-0.06372513,0.24697396,0.13566329,0.35059902,0.21013315,0.20673116,-0.07856581,0.24044783,-0.005684047,0.28813514,-0.02577283,0.31343472,0.006416987,0.027060907,0.08009343,0.021636957,0.1616918,-0.012229915,-0.19285445,-0.16370644,0.27410427
0.09859907,-0.43308055,0.08439979,-0.1252606,0.61654013,0.63626856,-0.053662624,-0.19226351,0.34457746,0.12336033,0.11082759,-0.086885005,0.1891966,-0.0906617,0.1531271,0.13193752,0.32798302,-0.14269593,-0.1751097,-0.30794254,0.18441941,-0.3199223,0.20512715,0.04259276,0.68455833,0.6943589,0.54484737,1.0,-0.1674985,0.05385303,0.16548602,-0.27017513,0.03732976,-0.03686971,-0.042500053,-0.09497048,0.07159546,-0.17310734,0.29292664,-0.017279096,0.4156705,-0.084242575,-0.24200766,-0.42289412,-0.13068065,-0.33068547,-0.06292194,-0.31754667,-0.07693273,-0.15754744,0.14079604,0.15287416,-0.07006232,-0.23001172,0.1799515,-0.17026423,0.07038472,-0.5586725,0.104270875,-0.20264497,0.012778432,-0.0023762933,0.060904387,-0.5641985,-0.03490341,-0.23704857,-0.19228698,-0.45197195,-0.33738422,-0.26853973,0.23097992,0.17886588,0.05472065,-0.019815804,0.17536882,0.17640676,-0.14337154,-0.06432762,-0.051974677,0.03157912,0.3172432,-0.3396526,0.24988812,0.07333406,0.44884005,-0.30705127,0.5360445,-0.01383557,0.46336448,-0.3562262,0.23046017,-0.12136864,0.12420142,-0.29765803,-0.039808962,-0.21830353,-0.0021719325,-0.13771658,0.33839703,-0.23173745,0.34356794,-0.05601838,0.40480918,0.04847855,0.45277408,-0.010002664,0.18856207,-0.010297194,-0.083684765,-0.08249713,-0.24812852,-0.16904527,0.03294678,-0.073233545,-0.08715266,0.14976239
-0.21829347,0.3606343,0.19678266,0.41447142,0.0028081639,0.07464351,0.24372531,0.49559024,0.38501203,0.6173411,0.3867768,0.5665253,0.14353302,0.619437,0.573183,0.5469756,0.27961,0.5677278,0.2597917,0.5657278,-0.0815185,0.50544775,0.54006463,0.4938348,-0.1231128,-0.04869523,0.0750657,-0.1674985,1.0,0.44646108,0.26146019,0.54289544,0.282187,0.56277317,0.28447914,0.47260657,0.35727,0.42985493,0.35287926,0.52977324,0.16071397,0.38268661,0.020002825,0.37504554,-0.097851306,0.1806915,0.12953119,0.35167843,-0.1759005,0.028801382,-0.09248719,-0.0111098485,-0.0014460429,-0.03041041,0.27888787,0.5402304,-0.3411905,0.40932837,-0.08316627,-0.08467732,-0.21824722,-0.08944977,-0.27350917,0.36753666,-0.12873864,0.12275452,0.02842364,0.4425828,-0.055443637,0.36669064,0.27944314,0.57160103,0.55208254,0.532058,0.08291591,0.39207327,0.40500927,0.32705536,0.50004065,0.42635193,-0.211277,0.68374205,0.2143131,0.49785322,-0.24634436,0.5224147,-0.07687165,0.33458394,-0.2902108,0.41579476,0.05919028,0.36493033,0.013104966,0.1615534,0.34701633,0.36903122,0.31418586,0.3574859,-0.03153197,0.4456,-0.19083409,-0.0819065,-0.07107804,0.2905208,0.0060861367,0.06694904,0.10202001,0.20373689,0.29507688,0.30593097,0.3958398,0.23502901,0.17903808,0.04505948,0.064085566,0.17040733
0.18750304,0.057481576,0.3467928,0.37969753,0.049278036,0.3025474,0.2528354,0.44478515,0.16229603,0.32479626,0.53977215,0.41821796,0.3850509,0.42973426,0.40113938,0.4042066,0.3605105,0.5556821,0.3157776,0.4441821,0.11915355,0.10281628,0.3528214,0.41862273,0.030200548,0.19950125,0.17285344,0.05385303,0.44646108,1.0,0.19637859,0.121229924,0.3043011,0.25721458,0.31902927,0.1880807,0.2666666,0.30602238,0.45633727,0.4804171,0.24563545,0.17477235,0.088849664,0.15918145,-0.14216568,0.08755101,0.42626017,0.16578494,-0.1294085,-0.03128559,0.13569334,0.07919494,-0.16003811,0.027643956,0.5502258,0.37384823,0.030834267,0.030604767,-0.12307524,-0.06411467,0.16048935,-0.07822202,0.05090301,-0.11047004,-0.058431532,-0.00053853425,0.063091554,0.06313732,0.008624265,0.081389,0.42477414,0.60977715,0.5125818,0.54307854,0.41395736,0.4120336,0.36174783,0.210722,0.29618898,0.46985948,0.28828657,0.30963585,0.44554496,0.16499116,0.2106231,0.12905535,0.15267485,-0.0062529827,0.13893601,0.18222533,0.13572372,0.13764039,0.036278453,-0.1771509,0.41524488,0.2134798,0.5360452,0.37665382,0.2386997,0.39878163,-0.025693199,0.05977641,0.06700727,0.014279186,0.31314278,-0.045755945,0.39899963,0.34779406,0.15123315,0.2813084,0.26561671,0.20726377,0.12331039,-0.0661225,-0.046056926,0.31071588
