1.0,0.6521635,0.7076634,0.69482857,0.20551965,-0.19400787,0.8382992,0.5607196,0.10816222,-0.21390131,0.76599216,0.50430804,0.79011554,0.31362262,0.4366489,0.12682472,0.74318635,0.5565661,0.8378928,0.610339,-0.03234097,0.46880406,0.5147998,0.5444311,0.030622423,0.047247417,-0.26319793,0.07920728,0.7746163,0.6409419,0.39440468,0.33925307,0.6983422,0.6789634,0.61088365,0.6396636,0.64888006,0.5824548,0.4975095,0.524745,0.5713772,0.6391737,0.7249701,0.7443767,0.6895243,0.7166986,0.6882545,0.6053621,0.65575516,0.7496595,0.8562151,0.6676291,0.62176234,0.5650527,0.5550407,0.41782308,0.8404341,0.6021224,0.6859908,0.32363203,0.6637808,0.64052767,0.5199958,0.66760916,0.6309789,0.6722527,0.75467783,0.66999155,0.75110126,0.6719591,0.3822846,0.5015969,0.5060067,0.60165185,0.44267777,0.33763933,0.3862542,0.29446226,0.46128947,0.54499084,0.628878,0.6129765,0.54884994,0.3995255,0.76370925,0.5741591,0.60706866,0.5028139,0.5598013,0.36810675,0.6812443,0.5453486,0.46606192,0.3720859,0.55477804,0.5994013,0.43663582,0.52136296,0.5272325,0.6029232,0.51089454,0.32557806,0.5752722,0.47830373,0.5714557,0.48068056,0.6010254,0.51481396,0.6460606,0.5880879,0.452466,0.57196724,0.4318678,0.5034381,0.49419156,0.27053592
0.6521635,1.0,0.2658456,0.76595736,-0.054222785,-0.34162828,0.45176837,0.82591856,-0.14928134,-0.1097203,0.43406436,0.67860556,0.46117693,0.6243213,0.22223665,0.22660667,0.47704217,0.50894976,0.6874806,0.5213429,-0.39650926,0.4466767,0.37613913,0.39116418,-0.19938785,-0.25104806,-0.38594323,-0.33189356,0.64685756,0.3609248,0.2978,-0.022774888,0.5710332,0.3196025,0.3200903,0.6106492,0.6026401,0.3305545,0.4898671,0.36980623,0.76285744,0.42682546,0.56787837,0.48067686,0.61808044,0.53301966,0.49445328,0.36773175,0.5066857,0.7216853,0.5745319,0.7863851,0.46996465,0.65815806,0.47408667,0.081481256,0.6490422,0.89775425,0.738481,0.6695303,0.4884205,0.87561613,0.351486,0.77395815,0.40580425,0.77900374,0.6487129,0.5002069,0.6651686,0.69118834,0.61056167,0.37643558,0.10997274,0.3963482,-0.07554744,0.00053838216,0.4049855,0.3104501,0.24945429,0.14779589,0.61992836,0.57643217,0.37757054,0.2226856,0.51418203,0.50804865,0.39038202,0.3364909,0.18079782,0.16493033,0.50567836,0.3795805,0.16569364,0.23450191,0.44755027,0.38243827,0.41175687,0.39904618,0.36579838,0.45866442,0.25318423,0.2167623,0.45729646,0.3477558,0.48684445,0.31607202,0.36446226,0.24622801,0.5685251,0.32547554,0.26652518,0.47819585,0.36410058,0.34929973,0.40650165,0.049630474
0.7076634,0.2658456,1.0,0.4711239,0.47410488,0.11307372,0.7659417,0.22652479,0.308089,-0.04068837,0.6287054,0.30898768,0.55010253,0.07158542,0.58808,0.1163141,0.57698214,0.38284382,0.7059145,0.48358396,0.3055046,0.29327232,0.72635835,0.5380858,0.3193503,0.24001522,0.031893976,0.30955043,0.4984218,0.5720427,0.42540902,0.3705681,0.48398387,0.5183084,0.64882886,0.4073309,0.4917979,0.48428747,0.43715632,0.50705063,0.2561222,0.4982083,0.43749657,0.5303458,0.30701607,0.40852112,0.53532594,0.5970168,0.33107445,0.36723417,0.6450006,0.3294226,0.684041,0.2122769,0.44082925,0.42717597,0.44499278,0.22793834,0.3364347,-0.0250687,0.4634557,0.2976113,0.4344761,0.34754407,0.50519764,0.20570663,0.5330269,0.47365996,0.4985783,0.30885026,0.13965489,0.32993957,0.48441136,0.44912344,0.5105912,0.34978,0.25048408,0.15624796,0.41517398,0.5248106,0.40888664,0.40028232,0.5333501,0.48115095,0.57398176,0.519772,0.6062899,0.5837076,0.72319263,0.54615766,0.43654788,0.46177685,0.49565902,0.3597632,0.49796885,0.5318983,0.48442152,0.48575673,0.43593377,0.4087694,0.4964122,0.29029962,0.37882832,0.29160455,0.38237178,0.31696397,0.3686034,0.44909626,0.45576742,0.46521357,0.65740675,0.40996897,0.16407037,0.36850545,0.29257268,0.31597927
0.69482857,0.76595736,0.4711239,1.0,0.1307128,-0.013349215,0.71685946,0.8597456,0.17284618,0.09712738,0.600216,0.77594763,0.63893425,0.6275078,0.47324404,0.43598825,0.5243561,0.46003717,0.7682307,0.728145,-0.20326583,0.59712636,0.6750112,0.7760893,0.06604369,0.084299155,-0.16247858,-0.008964789,0.7105065,0.49605882,0.6391109,0.3416863,0.61635953,0.47453222,0.53707725,0.6610414,0.68201995,0.51863146,0.639165,0.54675686,0.6253933,0.4914023,0.6954947,0.68648434,0.64781475,0.61646765,0.7368366,0.6273643,0.46926403,0.7207377,0.73217654,0.81979454,0.68581325,0.7271311,0.6287507,0.3715687,0.52656686,0.6621345,0.5453654,0.32234818,0.3618357,0.6542898,0.28193298,0.6749507,0.38575783,0.6760738,0.7303279,0.561938,0.66667795,0.5609136,0.5015934,0.63851064,0.42479345,0.42878595,0.17173043,0.19443458,0.44509605,0.49168047,0.44761917,0.2748816,0.55639255,0.6593994,0.50776905,0.3987727,0.62441915,0.8063888,0.45060083,0.5638642,0.41970238,0.5540804,0.6511625,0.60926104,0.49355492,0.4854617,0.5673086,0.5016018,0.54963386,0.5114421,0.48725116,0.55264336,0.5196946,0.47072586,0.70412743,0.58445495,0.6529996,0.48506516,0.50484633,0.36205256,0.63400954,0.50120103,0.5660208,0.52537054,0.495793,0.44391817,0.5717443,0.22171547
0.20551965,-0.054222785,0.47410488,0.1307128,1.0,0.5224164,0.38775277,-0.009416088,0.70273095,0.21608798,0.33201417,0.18475768,0.33695143,-0.016848233,0.7070947,0.3248634,0.30758485,0.29337397,0.2652948,0.28239694,0.5630711,0.25125915,0.5084746,0.44258517,0.8479121,0.74587035,0.47755793,0.5263197,0.17515801,0.40782622,0.5348075,0.38872287,0.3156065,0.29229268,0.48539236,0.30693677,0.32251352,0.34058952,0.35548925,0.37893915,-0.04228874,0.24936926,0.27550203,0.38891315,0.17935163,0.2773931,0.3258075,0.47711754,0.07460803,0.090223074,0.29388842,0.07271211,0.3824141,0.07279466,0.28985712,0.38513675,0.036001448,-0.053380657,0.075952366,-0.21484035,0.09625067,-0.0653583,0.29784995,0.19200471,0.2982484,0.008770776,0.34325185,0.30350518,0.3301999,-0.0109369885,-0.15860319,0.16877647,0.33639902,0.2594866,0.399316,0.325164,0.114530936,0.11825136,0.31028578,0.34257904,0.29647702,0.34061754,0.5418038,0.4899634,0.4544829,0.4124963,0.45483002,0.5046338,0.63557005,0.5489994,0.31800583,0.33731794,0.37888017,0.37563834,0.3473619,0.4030732,0.3754566,0.3662574,0.38996318,0.19007914,0.48613134,0.38799536,0.28629807,0.23417883,0.33456868,0.27775225,0.28409958,0.3911066,0.31228375,0.38504407,0.5177719,0.28702885,0.12585513,0.09722251,0.20103535,0.27352855
-0.19400787,-0.34162828,0.11307372,-0.013349215,0.5224164,1.0,0.069113076,-0.10494552,0.6712469,0.7288391,0.20212626,0.17015755,0.10331732,0.084891506,0.46857563,0.50548947,0.036324017,-0.16011865,-0.11545402,0.04344857,0.2840587,0.044905197,0.32329413,0.31875342,0.6819788,0.7467603,0.7064374,0.61642605,-0.13704088,-0.04519854,0.3576786,0.49953464,-0.11628956,-0.05175254,0.12500878,-0.06065692,0.05137118,0.103238,0.15319422,0.18866871,-0.32892036,-0.13076366,-0.055212658,0.10247225,-0.2101865,-0.16605906,0.18899918,0.18323971,-0.3943318,-0.26982132,-0.07831913,-0.16453215,0.17937392,-0.09773738,0.19360638,0.29511362,-0.40749398,-0.32831636,-0.45341232,-0.4594754,-0.43914306,-0.41175088,-0.2029449,-0.14583172,-0.28994697,-0.3141286,-0.093774416,-0.1064137,-0.18771161,-0.4530023,-0.2148403,0.22758517,0.27625117,-0.21847844,0.25226125,0.2345227,0.06271852,0.3157732,0.25243422,-0.07058938,-0.12817644,-0.0094888965,0.18383378,0.29987067,0.04210675,0.28209206,-0.09341128,0.22864394,0.3214348,0.5094505,0.012786022,0.14082634,0.2055159,0.20513788,0.017253948,-0.021264521,0.13038719,0.0644685,0.06795943,-0.033482887,0.16095959,0.18435174,0.14800768,0.16521947,0.065008916,0.09000019,0.030081993,0.06412161,-0.034864474,0.01530103,0.303327,0.012991617,0.0628729,-0.012254061,0.095756926,0.17430235
0.8382992,0.45176837,0.7659417,0.71685946,0.38775277,0.069113076,1.0,0.5009285,0.34874216,-0.043139767,0.7615714,0.53079396,0.8132791,0.26853335,0.60667884,0.22122699,0.6870556,0.4941604,0.81924295,0.69609463,0.2252099,0.57064563,0.66653097,0.7742562,0.2646664,0.28485402,-0.036629703,0.28596002,0.7527232,0.66431516,0.6492749,0.5894363,0.6737296,0.7040434,0.7139812,0.6369247,0.68250376,0.65439737,0.59499913,0.58585095,0.43771917,0.6169283,0.7334015,0.7781316,0.6513256,0.71111757,0.7674769,0.7180229,0.5522827,0.67192423,0.84909517,0.62718403,0.7344983,0.55789,0.6458854,0.56807935,0.6046324,0.40328956,0.4675418,0.05795793,0.45986843,0.410124,0.3883782,0.5408678,0.5555429,0.51333034,0.74343026,0.6570221,0.74083066,0.5472475,0.30378246,0.67694193,0.71268535,0.57054275,0.58187175,0.42600328,0.41069543,0.44833496,0.5823111,0.55704635,0.55201083,0.62961537,0.61886024,0.48561433,0.7631314,0.71315664,0.6425634,0.66923386,0.704461,0.6153751,0.7132564,0.66375077,0.65017503,0.58243996,0.6667061,0.6385887,0.5593323,0.56497973,0.5862744,0.5752299,0.66981184,0.54587805,0.7331769,0.664007,0.7128705,0.63362086,0.69455415,0.5378989,0.63796276,0.6970497,0.66376215,0.5643153,0.4892287,0.51130533,0.57272595,0.4129317
0.5607196,0.82591856,0.22652479,0.8597456,-0.009416088,-0.10494552,0.5009285,1.0,0.031084277,0.17406526,0.516228,0.8585216,0.54417616,0.8056221,0.41854402,0.48826578,0.47696576,0.43931803,0.70239675,0.6216791,-0.36408466,0.6325245,0.5407283,0.5798455,-0.08448965,-0.061230324,-0.22405097,-0.20635465,0.6605224,0.36309615,0.4965998,0.12723456,0.57032484,0.3153898,0.366061,0.5694833,0.6706336,0.4182524,0.627975,0.46466118,0.7034279,0.37702426,0.56778836,0.511698,0.59629977,0.53473693,0.5762482,0.47115803,0.3930087,0.70875615,0.5597287,0.83159745,0.5632585,0.7406767,0.617554,0.22447856,0.44791466,0.74629617,0.5359555,0.4703601,0.2722779,0.6710492,0.18360712,0.67864174,0.30179644,0.70890665,0.6712223,0.478507,0.60634714,0.55097044,0.5780654,0.5684808,0.27810016,0.31684014,-0.037046373,0.041178387,0.43560943,0.51872617,0.31346047,0.052586325,0.55471694,0.61361194,0.47983092,0.32675496,0.5437863,0.72780466,0.39234,0.47922578,0.28093916,0.42820162,0.5939265,0.52967745,0.3492393,0.45084327,0.47435093,0.31816748,0.48778635,0.3608496,0.39380237,0.45470467,0.43616432,0.3925389,0.644882,0.534634,0.61160773,0.45004472,0.45897055,0.28604838,0.5948631,0.435403,0.39339903,0.45116773,0.46806684,0.33950147,0.4786081,0.09338577
0.10816222,-0.14928134,0.308089,0.17284618,0.70273095,0.6712469,0.34874216,0.031084277,1.0,0.372767,0.37341994,0.26439103,0.35406455,0.07757909,0.6847085,0.37712437,0.22820531,0.0052079833,0.14688198,0.21968494,0.32423815,0.113474034,0.4122386,0.50500196,0.79736745,0.7805441,0.4722545,0.42648995,0.10022785,0.17060061,0.58444566,0.4869257,0.12526345,0.17718266,0.3063574,0.17089345,0.19483918,0.2294305,0.1816499,0.14820941,-0.22733472,-0.029317275,0.21972096,0.32592955,0.11059475,0.18633805,0.27963775,0.30398887,-0.070152156,0.064951174,0.23507112,0.07163079,0.2607279,0.09477205,0.21995805,0.30177674,-0.0829976,-0.12566194,-0.1574655,-0.27419207,-0.15794522,-0.20316425,0.03259122,0.116105944,0.015880208,-0.07444619,0.19005099,0.15337121,0.14940043,-0.14328746,-0.1205356,0.28466427,0.3483905,-0.035070024,0.32540736,0.19782843,0.09761513,0.27400848,0.4109978,0.13192806,0.046468835,0.25122353,0.38819915,0.30045274,0.30727136,0.39545238,0.12290874,0.2488149,0.48951355,0.48500007,0.25443277,0.3047013,0.3458953,0.34686866,0.17497991,0.11942518,0.19047046,0.14346921,0.15224071,0.108506456,0.39946282,0.37887532,0.35829115,0.33513546,0.2989117,0.2404485,0.26175594,0.19081272,0.21532898,0.22274633,0.34682086,0.09820625,0.18603069,0.08068957,0.21527435,0.2950706
-0.21390131,-0.1097203,-0.04068837,0.09712738,0.21608798,0.7288391,-0.043139767,0.17406526,0.372767,1.0,0.1522765,0.37274006,-0.006238844,0.4735284,0.33703375,0.7348235,-0.033297982,-0.1585308,-0.071971804,0.03792175,-0.07218311,0.16069722,0.35256034,0.20021701,0.36270893,0.45128527,0.5281356,0.32632315,-0.12196293,-0.20585243,0.22183008,0.2451058,-0.14788266,-0.14985535,-0.0042878943,-0.054224204,0.12497125,0.065373525,0.25197437,0.23735446,-0.061125696,-0.18235523,-0.13584967,-0.0443003,-0.2169669,-0.21231487,0.13317384,0.07966899,-0.36951,-0.21303016,-0.17189074,-0.013772078,0.24384125,0.015767053,0.26563835,0.12331134,-0.41644388,-0.08277335,-0.3784375,-0.23360264,-0.44842038,-0.18387224,-0.29188514,-0.037034765,-0.35832614,-0.18559304,-0.08838973,-0.15469699,-0.19906706,-0.33387995,0.08434671,0.2619544,0.15924154,-0.31760865,0.016813483,0.08710334,0.19641241,0.45088533,0.17651281,-0.27352384,-0.1161834,-0.08872384,0.030217145,0.16361,-0.076828636,0.31886476,-0.13399902,0.2218774,0.11695937,0.46651998,-0.040081307,0.0693944,0.06378457,0.1545963,0.046827316,-0.11451394,0.16515899,0.0020659093,-0.007873808,-0.08144855,0.059151784,0.10670161,0.14892896,0.18318838,0.11270869,0.047658376,-0.018557891,-0.054046463,0.037222825,-0.026308976,0.28363046,-0.07066213,0.04784441,-0.09110432,0.108353116,0.038213126
0.76599216,0.43406436,0.6287054,0.600216,0.33201417,0.20212626,0.7615714,0.516228,0.37341994,0.1522765,1.0,0.61865145,0.8482269,0.4385963,0.6519504,0.36085394,0.8248438,0.479782,0.74835646,0.5644798,0.0054551046,0.47581315,0.56082255,0.5801718,0.25921014,0.30006912,0.038201544,0.2623496,0.7376915,0.58155227,0.4764759,0.55761576,0.6675415,0.6557423,0.6158874,0.5422694,0.7188446,0.6377137,0.59045947,0.55547905,0.3472641,0.5030539,0.6135939,0.6952289,0.47765878,0.5250856,0.6767942,0.5985605,0.33503667,0.58513546,0.70986634,0.55153,0.6227522,0.46738434,0.67179394,0.54978347,0.5510448,0.41097596,0.3980404,0.035531722,0.3795697,0.3925695,0.39540473,0.57342184,0.46387234,0.45023403,0.67998344,0.59642124,0.5851441,0.3869171,0.3925382,0.64782935,0.649069,0.4072193,0.5745933,0.42872947,0.45158243,0.52030045,0.5941118,0.44656685,0.5775963,0.55933136,0.6327522,0.5803865,0.7655107,0.6387514,0.57298213,0.53591466,0.7107076,0.5661789,0.6700762,0.6232175,0.55094236,0.4812935,0.5295086,0.48314667,0.5007178,0.45663512,0.5546991,0.5616765,0.5862761,0.36601502,0.631458,0.5425777,0.61557585,0.6028703,0.64158773,0.54921466,0.5555604,0.5619188,0.511806,0.5506302,0.42426667,0.5270463,0.4519968,0.281437
0.50430804,0.67860556,0.30898768,0.77594763,0.18475768,0.17015755,0.53079396,0.8585216,0.26439103,0.37274006,0.61865145,1.0,0.57942677,0.8550153,0.61735266,0.6174112,0.54968107,0.43165165,0.68873596,0.6024226,-0.19706614,0.6354624,0.6322986,0.6125668,0.15687954,0.16330338,-0.022398382,-0.070712954,0.62343645,0.39256138,0.6016898,0.24887964,0.560767,0.32703748,0.4441533,0.5162738,0.68505543,0.46887833,0.6526862,0.46984947,0.5331376,0.3421018,0.5617893,0.5652137,0.5227304,0.49456465,0.59872097,0.5320201,0.27996588,0.65209466,0.5373233,0.7423602,0.5993941,0.7068618,0.634217,0.3296661,0.34573027,0.6142418,0.3656346,0.2484817,0.14453693,0.5376874,0.14002168,0.6366751,0.22693545,0.56509775,0.638673,0.43902817,0.5743329,0.409945,0.50872964,0.632724,0.37602842,0.25855672,0.08519522,0.14967392,0.43233436,0.5777789,0.39682376,0.077463284,0.52107203,0.62825745,0.52885205,0.4528143,0.5619193,0.7826597,0.36647797,0.52376294,0.4080052,0.578953,0.60528296,0.6027194,0.4265217,0.50490725,0.49120745,0.33654493,0.52520406,0.40979213,0.4254031,0.47135898,0.49274364,0.43936285,0.68903184,0.56935227,0.64833134,0.485125,0.4978406,0.332043,0.59643435,0.47966093,0.4771038,0.4945767,0.43863973,0.38178226,0.5413765,0.18290986
0.79011554,0.46117693,0.55010253,0.63893425,0.33695143,0.10331732,0.8132791,0.54417616,0.35406455,-0.006238844,0.8482269,0.57942677,1.0,0.39716223,0.6176643,0.29155615,0.82448524,0.56634396,0.7218427,0.5838291,0.051367365,0.552794,0.45089713,0.63535976,0.19769382,0.3254023,-0.063546225,0.2779626,0.8288652,0.7149453,0.5411073,0.559755,0.7117663,0.66916525,0.6359089,0.63636345,0.7413772,0.6854614,0.53122056,0.5279169,0.42973503,0.6055772,0.73172235,0.78924567,0.6848624,0.6923609,0.70447487,0.6348972,0.5472428,0.6718243,0.8035302,0.60629237,0.5139988,0.5740442,0.6124708,0.5443795,0.66715854,0.4433483,0.49452576,0.09763118,0.40632868,0.37580824,0.3932226,0.616064,0.52815145,0.57633376,0.70309025,0.6423786,0.6962173,0.5163261,0.23178518,0.70046383,0.6892183,0.61276335,0.5721057,0.46291834,0.322102,0.48127437,0.5922522,0.5350667,0.6461457,0.73949605,0.6669181,0.5227303,0.8551442,0.6374015,0.5333265,0.50612104,0.6449268,0.4904149,0.7505287,0.6358307,0.5752496,0.4899464,0.46730325,0.52616143,0.39004824,0.42693853,0.541538,0.6295818,0.61762846,0.39485267,0.68258655,0.62002766,0.6846378,0.6255599,0.68133146,0.533712,0.5996461,0.61569685,0.39856368,0.5957194,0.59850585,0.58366495,0.5056156,0.2378726
0.31362262,0.6243213,0.07158542,0.6275078,-0.016848233,0.084891506,0.26853335,0.8056221,0.07757909,0.4735284,0.4385963,0.8550153,0.39716223,1.0,0.41259056,0.7165641,0.3712751,0.26656273,0.46966124,0.37327945,-0.44817492,0.48811626,0.43824816,0.3709972,-0.019030068,0.035613853,-0.044630587,-0.17925827,0.44348353,0.16337675,0.35879353,0.03394531,0.33584857,0.12097714,0.20559815,0.35083082,0.5358357,0.28151754,0.50501823,0.3522201,0.5051595,0.18458287,0.34999505,0.3292994,0.3557526,0.29042664,0.3861648,0.28991,0.16020717,0.47814274,0.30429336,0.6316229,0.41704804,0.584837,0.48133484,0.126556,0.21236652,0.5842321,0.2671569,0.31071645,-0.0011960139,0.48176685,0.008127759,0.537303,0.057028007,0.4591209,0.44550154,0.2476578,0.35356906,0.2832915,0.49748683,0.46952942,0.18240789,0.08592132,-0.07483692,-0.0100411605,0.35153273,0.506854,0.25234413,-0.120628834,0.35198978,0.4117148,0.33685258,0.2559021,0.32574752,0.5945675,0.16887592,0.3148494,0.14851676,0.393826,0.37858602,0.37663886,0.1823896,0.30567238,0.27125186,0.12649119,0.3420243,0.19832483,0.2246352,0.31081316,0.28169876,0.24628486,0.5019318,0.40239316,0.4664455,0.29784474,0.2874836,0.121669754,0.4343182,0.26121572,0.28912234,0.33376306,0.36919236,0.2844092,0.385979,-0.037447203
0.4366489,0.22223665,0.58808,0.47324404,0.7070947,0.46857563,0.60667884,0.41854402,0.6847085,0.33703375,0.6519504,0.61735266,0.6176643,0.41259056,1.0,0.5245813,0.56752306,0.39850265,0.5813135,0.50737107,0.28722453,0.543592,0.72150695,0.6389692,0.6356871,0.5931781,0.30948123,0.29182085,0.48617357,0.5281692,0.7137994,0.46699607,0.5371285,0.4394746,0.6007893,0.42484888,0.6131923,0.5213046,0.6059857,0.50450563,0.22274774,0.3413659,0.43326202,0.51744705,0.33645627,0.4444567,0.49392617,0.57146525,0.1484304,0.38368756,0.4805475,0.37104997,0.57627535,0.34126866,0.551557,0.47692963,0.18307,0.19994432,0.16315834,-0.122385114,0.117742606,0.14520955,0.2496346,0.40162933,0.3547465,0.19619285,0.5500511,0.4410893,0.49754968,0.18636763,0.16017137,0.5096565,0.54499465,0.31050268,0.41934898,0.31383118,0.29635188,0.42598975,0.47650528,0.28379455,0.45166403,0.56711507,0.7635988,0.6060916,0.6528417,0.70623744,0.5866983,0.65611976,0.7609274,0.73338604,0.5566813,0.59705883,0.54597235,0.5655215,0.4728852,0.37404564,0.52492696,0.40198013,0.4471648,0.36760366,0.6734909,0.47679988,0.5694147,0.47565606,0.56036156,0.4757685,0.50514364,0.50466716,0.47450015,0.5134465,0.63376105,0.43422177,0.3198795,0.33226988,0.37540975,0.30372852
0.12682472,0.22660667,0.1163141,0.43598825,0.3248634,0.50548947,0.22122699,0.48826578,0.37712437,0.7348235,0.36085394,0.6174112,0.29155615,0.7165641,0.5245813,1.0,0.24071537,0.1663314,0.23590517,0.2859075,-0.14199339,0.4474917,0.49901682,0.42041293,0.38659555,0.4549695,0.35468635,0.25197986,0.22420117,0.16008611,0.45981574,0.29860827,0.20708342,0.1616467,0.24068178,0.26000717,0.44875953,0.36914638,0.5374394,0.5248399,0.25114226,0.21250165,0.22159396,0.30778936,0.121997505,0.14978464,0.41200653,0.38227135,-0.046846118,0.15683892,0.16348293,0.32731032,0.39012513,0.33683664,0.44085473,0.33451444,-0.030096766,0.19479175,0.005833981,-0.0073915296,-0.14902419,0.10590228,0.005146763,0.2519345,-0.026856123,0.13569151,0.27564958,0.14548,0.121051736,-0.0059683225,0.21693738,0.4438559,0.31549397,0.05773456,0.12228806,0.21601456,0.2937831,0.48169807,0.2892903,-0.044829004,0.20950481,0.256688,0.3760643,0.42539895,0.26448262,0.5851172,0.18211886,0.45790815,0.29921994,0.58261365,0.28929514,0.33118087,0.26976693,0.30212796,0.2557689,0.2277883,0.3327277,0.29866734,0.3059875,0.29527277,0.3314016,0.23685285,0.4145449,0.29614374,0.37250572,0.2782189,0.20697977,0.20188029,0.289809,0.23262848,0.41529566,0.32190168,0.31196275,0.22104083,0.3704312,0.06903769
0.74318635,0.47704217,0.57698214,0.5243561,0.30758485,0.036324017,0.6870556,0.47696576,0.22820531,-0.033297982,0.8248438,0.54968107,0.82448524,0.3712751,0.56752306,0.24071537,1.0,0.6816091,0.72118926,0.4771196,0.064716294,0.45908728,0.41300976,0.4284116,0.1439738,0.17271052,-0.12328938,0.17479566,0.78972256,0.69983375,0.36017072,0.4227423,0.77233475,0.671121,0.651587,0.5535267,0.74777806,0.65062755,0.5421692,0.514093,0.4455974,0.58843744,0.65496373,0.70200145,0.5922269,0.60318375,0.60982955,0.603892,0.4925156,0.6477631,0.72424036,0.55546725,0.48404405,0.5106852,0.6148965,0.53657156,0.6714431,0.5017068,0.53437674,0.10258101,0.53657985,0.4777041,0.5640024,0.6448865,0.62635034,0.52108926,0.7075579,0.71067864,0.66888016,0.53881335,0.28245133,0.5989838,0.64736754,0.58515435,0.51649654,0.48650113,0.30073905,0.37165338,0.5990973,0.5338488,0.77088434,0.6489874,0.63604534,0.62123716,0.83475757,0.496855,0.59764266,0.5173111,0.6802032,0.4236776,0.7193104,0.62665564,0.5393252,0.4454579,0.4929761,0.50608444,0.41928247,0.41354424,0.58767045,0.63524574,0.57572776,0.31684133,0.5349568,0.4835518,0.57743156,0.5792481,0.5938766,0.5454179,0.542106,0.5473601,0.33437127,0.58134097,0.44893417,0.5130082,0.42636657,0.22858888
0.5565661,0.50894976,0.38284382,0.46003717,0.29337397,-0.16011865,0.4941604,0.43931803,0.0052079833,-0.1585308,0.479782,0.43165165,0.56634396,0.26656273,0.39850265,0.1663314,0.6816091,1.0,0.60325474,0.555839,0.20962514,0.51111364,0.33320573,0.33482695,0.06295219,0.060294878,-0.25981966,0.027346065,0.6894147,0.815037,0.3216887,0.2883553,0.8705145,0.7038441,0.7271411,0.6660231,0.72254306,0.6931185,0.5399886,0.5057383,0.5443232,0.7529716,0.5938546,0.61809963,0.5631714,0.6096138,0.50290674,0.6117959,0.60789907,0.59521544,0.61842906,0.5168556,0.34845248,0.48093745,0.44166803,0.48353025,0.63514173,0.58770066,0.672461,0.2659922,0.69521546,0.54261434,0.78681624,0.71105105,0.7750424,0.56969196,0.69913995,0.7787322,0.71453947,0.67932165,0.1622447,0.5016453,0.4745146,0.8154223,0.3168607,0.51806,0.10712633,0.13832314,0.39906284,0.69100046,0.9090272,0.7404704,0.47522888,0.5815408,0.7596268,0.46224007,0.598374,0.55492043,0.46322024,0.3446289,0.6184615,0.5398023,0.43001324,0.3023425,0.43438014,0.62481815,0.36124524,0.4772865,0.58465827,0.63550735,0.4408901,0.18006326,0.36575526,0.2960428,0.4922969,0.467137,0.5024043,0.50913674,0.55942756,0.50015986,0.28319559,0.53448266,0.34889746,0.38745865,0.29326662,0.17748876
0.8378928,0.6874806,0.7059145,0.7682307,0.2652948,-0.11545402,0.81924295,0.70239675,0.14688198,-0.071971804,0.74835646,0.68873596,0.7218427,0.46966124,0.5813135,0.23590517,0.72118926,0.60325474,1.0,0.735728,0.022250414,0.60151285,0.6930978,0.64511335,0.08013878,0.03299705,-0.1842261,0.0068845437,0.79106516,0.64182764,0.54112446,0.31426328,0.75741297,0.60550755,0.6576156,0.64485306,0.75907826,0.585384,0.65977484,0.5765846,0.6195563,0.6009499,0.6666142,0.6655417,0.65017056,0.679518,0.6751175,0.65332675,0.53561676,0.7490857,0.8074775,0.7534225,0.71310794,0.6360395,0.6791672,0.4351925,0.660382,0.65614957,0.66330844,0.31322345,0.59361744,0.65310496,0.4842573,0.6796727,0.6215971,0.6446139,0.8240457,0.70426977,0.83254284,0.665518,0.4906397,0.58501494,0.5132867,0.5502056,0.34075204,0.24731153,0.48618764,0.44517544,0.4534591,0.44999865,0.6878227,0.67168677,0.642494,0.49728668,0.7672431,0.71430755,0.70060396,0.64507365,0.6371947,0.5324384,0.71562654,0.6699234,0.56534004,0.56406754,0.65165603,0.57375574,0.6019561,0.5199871,0.56573176,0.57950765,0.6246399,0.5061969,0.6967234,0.6024771,0.7229693,0.60772175,0.6325576,0.54463893,0.6875649,0.61194956,0.5896064,0.5639109,0.41738015,0.42843324,0.54446393,0.32152203
0.610339,0.5213429,0.48358396,0.728145,0.28239694,0.04344857,0.69609463,0.6216791,0.21968494,0.03792175,0.5644798,0.6024226,0.5838291,0.37327945,0.50737107,0.2859075,0.4771196,0.555839,0.735728,1.0,0.20144778,0.60884666,0.5970777,0.73710036,0.16117552,0.21647772,-0.15034413,0.13143285,0.64856714,0.6022232,0.6903823,0.48055717,0.7120869,0.6086373,0.6799009,0.66869116,0.64770657,0.6076085,0.55328596,0.4981693,0.50326544,0.5749578,0.5965512,0.62698555,0.5698378,0.6344307,0.5934337,0.58657956,0.4840767,0.56200975,0.6922265,0.67880154,0.5632885,0.5669742,0.52713394,0.41590905,0.49048427,0.48781455,0.49740243,0.12301672,0.44219,0.5265253,0.4089245,0.6159944,0.48670077,0.63001347,0.67050326,0.6202461,0.70579255,0.5987954,0.3667305,0.6339068,0.5517551,0.5535749,0.40127376,0.4051322,0.39487723,0.4205014,0.3927369,0.48180303,0.5800902,0.6659312,0.4217673,0.4222393,0.6521553,0.69912225,0.5233343,0.626095,0.4391402,0.53578824,0.59376365,0.5864715,0.50155014,0.47287077,0.6080977,0.5847048,0.49732175,0.5077174,0.47239402,0.5206469,0.466548,0.42581356,0.64920384,0.5252589,0.6463008,0.5624701,0.6083862,0.46132985,0.7293379,0.64219683,0.54635483,0.41635767,0.36149144,0.361162,0.5102584,0.3431941
-0.03234097,-0.39650926,0.3055046,-0.20326583,0.5630711,0.2840587,0.2252099,-0.36408466,0.32423815,-0.07218311,0.0054551046,-0.19706614,0.051367365,-0.44817492,0.28722453,-0.14199339,0.064716294,0.20962514,0.022250414,0.20144778,1.0,0.15593255,0.17201838,0.17918348,0.49158993,0.44292518,0.26981825,0.3732857,-0.017678248,0.31777743,0.2817474,0.37236378,0.19937477,0.3230446,0.39715302,0.11004658,0.054852508,0.27337402,0.08884771,0.14638354,-0.24138547,0.22370581,0.06196891,0.14087756,-0.003573081,0.15366954,0.09591468,0.2892477,0.086216375,-0.102305144,0.09613787,-0.19902866,0.12053682,-0.120151065,0.039808314,0.36714852,-0.08034542,-0.35718518,-0.10067253,-0.3727977,0.10413014,-0.3113573,0.21092217,-0.14933343,0.24099997,-0.1581427,0.08568706,0.20160903,0.12330098,-0.0005370266,-0.25991562,0.112523064,0.38082862,0.24424474,0.4288082,0.41806015,-0.0645291,-0.093488306,0.11388342,0.41480944,0.107984625,0.1395955,0.12793621,0.26732114,0.20059043,0.058217276,0.25618112,0.30574635,0.37899244,0.28729704,0.1408898,0.19975813,0.32883826,0.2576667,0.25278574,0.34150586,0.19836022,0.26146784,0.26639393,0.058764197,0.2596518,0.2190362,0.0531624,0.07053357,0.07816061,0.18891649,0.18488128,0.28498405,0.09883661,0.34917158,0.30523545,0.06883754,-0.10338138,-0.07133235,0.01773444,0.33790118
0.46880406,0.4466767,0.29327232,0.59712636,0.25125915,0.044905197,0.57064563,0.6325245,0.113474034,0.16069722,0.47581315,0.6354624,0.552794,0.48811626,0.543592,0.4474917,0.45908728,0.51111364,0.60151285,0.60884666,0.15593255,1.0,0.5272517,0.591186,0.11554023,0.18605699,0.033846315,0.115433365,0.6465345,0.55919105,0.624127,0.38169503,0.6217259,0.5368312,0.47293633,0.5640048,0.6850734,0.6346234,0.71991414,0.65762216,0.56626695,0.5879908,0.5422352,0.5161713,0.5177561,0.5886288,0.5932888,0.59427875,0.38864043,0.5444957,0.50777787,0.553246,0.5437953,0.5758891,0.649778,0.5408288,0.32756272,0.379592,0.3839183,0.17135142,0.23873642,0.31921738,0.17603487,0.39850852,0.36401263,0.48291263,0.6018019,0.49229032,0.5713634,0.48482946,0.36960125,0.6579144,0.58696026,0.5195685,0.27075186,0.38086456,0.4042995,0.55135226,0.3637498,0.27378505,0.5338497,0.65367323,0.59492284,0.48148593,0.61497873,0.6866667,0.5836412,0.69849294,0.49753886,0.58239174,0.6677231,0.6425845,0.549993,0.6065256,0.5824518,0.48166394,0.5411091,0.5121085,0.5756731,0.48085538,0.6452185,0.4886261,0.6860724,0.57669675,0.71649754,0.61352617,0.5831263,0.5448258,0.5023079,0.6257055,0.5343109,0.49399683,0.46973768,0.3430322,0.5259402,0.19692518
0.5147998,0.37613913,0.72635835,0.6750112,0.5084746,0.32329413,0.66653097,0.5407283,0.4122386,0.35256034,0.56082255,0.6322986,0.45089713,0.43824816,0.72150695,0.49901682,0.41300976,0.33320573,0.6930978,0.5970777,0.17201838,0.5272517,1.0,0.72801614,0.4532541,0.36365837,0.22328329,0.22325908,0.43489045,0.4233094,0.666991,0.37254623,0.45579743,0.37131995,0.61285,0.43983883,0.5737322,0.4601005,0.6612916,0.61512953,0.357995,0.36904323,0.43404073,0.48881868,0.2982311,0.373532,0.6213617,0.67497426,0.15130872,0.4040418,0.52737474,0.47865257,0.81822133,0.42799783,0.6252735,0.44254366,0.17477404,0.32155848,0.24310364,0.03422883,0.20926413,0.30702284,0.240068,0.38655102,0.32234916,0.23990779,0.5963062,0.42865524,0.48309246,0.20399146,0.32817683,0.4754442,0.43311727,0.24817866,0.24926293,0.23376234,0.40971777,0.42643008,0.39444894,0.25728998,0.38248757,0.445813,0.5641502,0.5117159,0.5079261,0.8049682,0.5660309,0.7354498,0.6687227,0.8075044,0.5001366,0.59134334,0.5631313,0.57548314,0.58002186,0.46777803,0.6664059,0.54321605,0.49458128,0.3647525,0.6090166,0.5233403,0.570444,0.49132234,0.54480135,0.37239838,0.374236,0.39264122,0.4827279,0.46815926,0.82951653,0.41029525,0.29361737,0.28008294,0.43437052,0.3111419
0.5444311,0.39116418,0.5380858,0.7760893,0.44258517,0.31875342,0.7742562,0.5798455,0.50500196,0.20021701,0.5801718,0.6125668,0.63535976,0.3709972,0.6389692,0.42041293,0.4284116,0.33482695,0.64511335,0.73710036,0.17918348,0.591186,0.72801614,1.0,0.42649454,0.47791165,0.1127922,0.34993255,0.60075754,0.5194368,0.85620725,0.6374878,0.5296392,0.48824865,0.5928624,0.58787096,0.61129105,0.5546872,0.6176091,0.5310335,0.35884622,0.42365494,0.63197356,0.69196707,0.5094445,0.53622204,0.7271761,0.697248,0.26864946,0.5157673,0.6678483,0.6091577,0.6970114,0.5676274,0.60807264,0.5396016,0.27868396,0.29667544,0.26211283,0.005815043,0.14509976,0.26546106,0.17597236,0.4441598,0.29869387,0.40347895,0.6237288,0.47924644,0.5914308,0.3062603,0.28853655,0.6777458,0.6110675,0.37831822,0.40408766,0.3232162,0.40392295,0.52784127,0.4846533,0.3591529,0.3927936,0.6127973,0.55068374,0.4446196,0.6004383,0.8260197,0.45415553,0.6541865,0.5848658,0.73215723,0.6079382,0.6558052,0.63628906,0.6493699,0.59829736,0.49801964,0.5617745,0.52532554,0.5057988,0.48455653,0.63697714,0.6567384,0.7666957,0.6730705,0.6914392,0.60284215,0.56243956,0.4086088,0.55699277,0.5462911,0.6995472,0.4516945,0.50480384,0.430961,0.5941106,0.35265115
0.030622423,-0.19938785,0.3193503,0.06604369,0.8479121,0.6819788,0.2646664,-0.08448965,0.79736745,0.36270893,0.25921014,0.15687954,0.19769382,-0.019030068,0.6356871,0.38659555,0.1439738,0.06295219,0.08013878,0.16117552,0.49158993,0.11554023,0.4532541,0.42649454,1.0,0.83991975,0.6363413,0.47263846,-0.011298782,0.17322193,0.52207613,0.4414109,0.13069475,0.19097342,0.35842517,0.19479784,0.18952435,0.20963754,0.28622225,0.24736698,-0.2230339,0.029715115,0.16550489,0.29887882,0.0431163,0.1291555,0.26371306,0.36821118,-0.1279169,-0.019881664,0.11352095,-0.037381705,0.31996524,0.018148417,0.2259412,0.35737205,-0.17074569,-0.21417306,-0.16799822,-0.3437814,-0.16213162,-0.24933766,0.10096625,0.031992577,0.048197377,-0.152092,0.19424716,0.15408912,0.117855534,-0.23188527,-0.14697655,0.14473724,0.30588174,-0.02400362,0.34300032,0.24413766,0.11121226,0.16547994,0.27092937,0.15423447,0.06777324,0.16306427,0.38433468,0.3850868,0.26088133,0.38564175,0.23757446,0.39198816,0.52960694,0.56359553,0.22900178,0.2732308,0.32048202,0.34400827,0.26309815,0.23468643,0.3124365,0.29605764,0.27138644,0.070041135,0.38206142,0.3715933,0.25954393,0.22326735,0.22661807,0.22333753,0.21170008,0.25444493,0.16805418,0.26869166,0.48825276,0.17591089,0.08235328,0.041501537,0.1466536,0.3124472
0.047247417,-0.25104806,0.24001522,0.084299155,0.74587035,0.7467603,0.28485402,-0.061230324,0.7805441,0.45128527,0.30006912,0.16330338,0.3254023,0.035613853,0.5931781,0.4549695,0.17271052,0.060294878,0.03299705,0.21647772,0.44292518,0.18605699,0.36365837,0.47791165,0.83991975,1.0,0.64934736,0.64101034,0.058474075,0.25162327,0.5384555,0.5814868,0.1271277,0.23790282,0.33857453,0.21810618,0.20213225,0.3025591,0.22676629,0.28906938,-0.19979818,0.10286043,0.19125779,0.35416043,0.056163978,0.1331844,0.31524765,0.3845472,-0.094260976,-0.042420276,0.14992225,-0.03083073,0.23128438,0.038763896,0.23752193,0.43131825,-0.12808198,-0.25227734,-0.21286555,-0.37587819,-0.2021686,-0.31308925,0.039100572,0.029038405,-0.013401058,-0.0935142,0.14135751,0.13679254,0.08934495,-0.23735932,-0.23891373,0.27585843,0.42111325,0.07061167,0.44337988,0.3584139,0.05826833,0.2434184,0.2992094,0.23535891,0.04615156,0.22403187,0.3387683,0.38585636,0.28704068,0.38411203,0.11619467,0.3283719,0.47026187,0.572074,0.24496752,0.29556787,0.36942568,0.3619764,0.19672845,0.22557014,0.1864409,0.24103959,0.23380774,0.12779732,0.3871496,0.3567408,0.311379,0.29436702,0.244816,0.2831452,0.2457277,0.25864142,0.17050603,0.28485098,0.3970959,0.15022822,0.25702006,0.1272751,0.17006896,0.24185616
-0.26319793,-0.38594323,0.031893976,-0.16247858,0.47755793,0.7064374,-0.036629703,-0.22405097,0.4722545,0.5281356,0.038201544,-0.022398382,-0.063546225,-0.044630587,0.30948123,0.35468635,-0.12328938,-0.25981966,-0.1842261,-0.15034413,0.26981825,0.033846315,0.22328329,0.1127922,0.6363413,0.64934736,1.0,0.47565463,-0.2602245,-0.13335623,0.17384939,0.30004045,-0.23387092,-0.09894214,-0.06424126,-0.13246474,-0.047615897,-0.014828353,0.1429095,0.20161958,-0.35052702,-0.1369476,-0.16814247,-0.020547476,-0.2484931,-0.19292097,0.06773288,0.051380828,-0.3879857,-0.2972714,-0.24495195,-0.30939788,0.097131014,-0.22598365,0.13210802,0.22146432,-0.44832167,-0.39816582,-0.42134896,-0.35740286,-0.4422641,-0.47851,-0.26582405,-0.31923717,-0.2972825,-0.39429063,-0.12629484,-0.1839226,-0.25083116,-0.5043227,-0.18977536,-0.017760778,0.10522766,-0.28051758,0.14730547,0.06632199,0.04970513,0.22190897,0.120555125,-0.14819123,-0.23058918,-0.1637111,0.18046927,0.22086816,-0.07424285,0.12628746,-0.011099496,0.1648065,0.2756497,0.37816826,-0.018980004,0.035735894,0.12780707,0.19041342,0.021909798,-0.059710972,0.13556822,0.0610735,0.06530899,-0.18909696,0.18474075,0.2089057,0.070701875,0.09622346,0.03917063,0.068392195,-0.013902228,0.12455787,-0.16593754,-0.00017896574,0.2972573,-0.0056274445,-0.04491218,-0.116359144,-0.040655226,0.10925014
0.07920728,-0.33189356,0.30955043,-0.008964789,0.5263197,0.61642605,0.28596002,-0.20635465,0.42648995,0.32632315,0.2623496,-0.070712954,0.2779626,-0.17925827,0.29182085,0.25197986,0.17479566,0.027346065,0.0068845437,0.13143285,0.3732857,0.115433365,0.22325908,0.34993255,0.47263846,0.64101034,0.47565463,1.0,0.058969323,0.28418252,0.27489427,0.53822625,0.036988728,0.16935977,0.24379402,0.04735148,0.09143374,0.26416865,0.1117691,0.30768827,-0.22399369,0.19511357,0.062499285,0.24979365,-0.10228631,-0.055713724,0.23051205,0.29409644,-0.14331529,-0.23609608,0.1442007,-0.16206703,0.15169604,-0.17480303,0.13910912,0.3869491,-0.105373695,-0.36309704,-0.2385532,-0.47141895,-0.12504028,-0.3694158,0.016744003,-0.15090157,-0.017474253,-0.21290743,-0.030739218,-0.0076364106,-0.025888726,-0.27311975,-0.38673568,0.20905529,0.43274653,0.20729822,0.5433081,0.45412284,-0.00018162567,0.12646689,0.23040411,0.3193536,0.011977132,0.086553976,0.24667828,0.36535466,0.21189685,0.18520944,0.109958775,0.2799638,0.38927603,0.38449764,0.045105502,0.13721915,0.28061074,0.19607762,0.118396334,0.20018828,0.048050243,0.12281533,0.17078811,0.07352901,0.2474114,0.18106547,0.12378613,0.13504718,0.12621635,0.23354727,0.11992024,0.18357144,0.06327205,0.17497678,0.24624002,0.07743182,0.10682519,0.08568252,0.120826565,0.12307634
0.7746163,0.64685756,0.4984218,0.7105065,0.17515801,-0.13704088,0.7527232,0.6605224,0.10022785,-0.12196293,0.7376915,0.62343645,0.8288652,0.44348353,0.48617357,0.22420117,0.78972256,0.6894147,0.79106516,0.64856714,-0.017678248,0.6465345,0.43489045,0.60075754,-0.011298782,0.058474075,-0.2602245,0.058969323,1.0,0.7341967,0.51561433,0.41188633,0.8188113,0.6917215,0.65846723,0.73859465,0.8333445,0.7380274,0.639372,0.59495395,0.61810267,0.6709838,0.75575596,0.7331004,0.7267355,0.7079474,0.7043948,0.6348555,0.60757184,0.76498437,0.7774215,0.7273532,0.5516507,0.6556262,0.684426,0.53661424,0.71286565,0.62963265,0.6781088,0.31205836,0.56554794,0.56872106,0.4912713,0.7207953,0.64679974,0.6845691,0.7933207,0.73544675,0.76243305,0.6958737,0.45132998,0.7013812,0.60183877,0.679944,0.4092863,0.3503927,0.39742127,0.49710262,0.5274646,0.5292158,0.7730867,0.80244416,0.6334082,0.5219452,0.84643596,0.6422142,0.6229977,0.5610144,0.57303846,0.42837572,0.77763283,0.66056955,0.54074883,0.48610446,0.57336503,0.5848883,0.51193845,0.5241141,0.63359135,0.68351924,0.5921402,0.36566156,0.6730314,0.555485,0.71354043,0.62435335,0.68449825,0.56629837,0.5662865,0.5555602,0.4070248,0.62610984,0.57178414,0.5572866,0.5321844,0.14313388
0.6409419,0.3609248,0.5720427,0.49605882,0.40782622,-0.04519854,0.66431516,0.36309615,0.17060061,-0.20585243,0.58155227,0.39256138,0.7149453,0.16337675,0.5281692,0.16008611,0.69983375,0.815037,0.64182764,0.6022232,0.31777743,0.55919105,0.4233094,0.5194368,0.17322193,0.25162327,-0.13335623,0.28418252,0.7341967,1.0,0.48990446,0.4514279,0.81676173,0.75063235,0.7737077,0.65906024,0.7046173,0.7746247,0.52050215,0.5935849,0.41591638,0.8060598,0.62290716,0.71682465,0.54018295,0.6248619,0.57557845,0.7111138,0.57716864,0.5386023,0.71477246,0.45412704,0.3806483,0.42034465,0.43788478,0.632394,0.6299905,0.35518134,0.563963,0.083514884,0.61939496,0.3483455,0.67353433,0.5373657,0.7179819,0.47077572,0.66586745,0.70151484,0.65879893,0.5695724,0.020796577,0.5358358,0.5740063,0.8900633,0.5110654,0.5847838,0.12365162,0.18439408,0.4174512,0.79448897,0.74987584,0.8108312,0.6225453,0.6917778,0.8244862,0.5541677,0.64111066,0.5881941,0.64150715,0.47132698,0.6591247,0.60864097,0.5832239,0.39125127,0.44911233,0.69439363,0.36521867,0.5288596,0.6378292,0.69012517,0.5823487,0.2582564,0.46681818,0.33115277,0.5579995,0.53216594,0.56457883,0.65412027,0.51716596,0.5717204,0.3813418,0.625888,0.4119451,0.50533324,0.37110335,0.21552017
0.39440468,0.2978,0.42540902,0.6391109,0.5348075,0.3576786,0.6492749,0.4965998,0.58444566,0.22183008,0.4764759,0.6016898,0.5411073,0.35879353,0.7137994,0.45981574,0.36017072,0.3216887,0.54112446,0.6903823,0.2817474,0.624127,0.666991,0.85620725,0.52207613,0.5384555,0.17384939,0.27489427,0.51561433,0.48990446,1.0,0.5642223,0.49776673,0.41404504,0.56322265,0.55567497,0.57763344,0.5443416,0.60199016,0.48977318,0.31991833,0.35869622,0.58235544,0.6163268,0.48236728,0.5307954,0.62384087,0.66053015,0.2229181,0.4568817,0.57382196,0.5311008,0.5963252,0.52829933,0.55036056,0.5169914,0.17092037,0.23071493,0.21136394,-0.04661415,0.06695236,0.1910868,0.12868492,0.39107102,0.26460317,0.33266804,0.55954933,0.4365422,0.53777647,0.2541248,0.25846463,0.62689734,0.54735476,0.3258989,0.33749366,0.30566648,0.35574332,0.52695304,0.43093562,0.27003235,0.363275,0.6262851,0.5663851,0.47452602,0.56022626,0.7780407,0.4511246,0.6241097,0.5670682,0.70490485,0.58513117,0.6573912,0.62632746,0.65148294,0.6238965,0.5130005,0.5744668,0.5641382,0.51189196,0.47552347,0.67600334,0.6511447,0.7441374,0.6302563,0.6772017,0.5760174,0.56192505,0.42648843,0.48992398,0.53254795,0.6836758,0.44863144,0.48199806,0.41235295,0.58994657,0.33654833
0.33925307,-0.022774888,0.3705681,0.3416863,0.38872287,0.49953464,0.5894363,0.12723456,0.4869257,0.2451058,0.55761576,0.24887964,0.559755,0.03394531,0.46699607,0.29860827,0.4227423,0.2883553,0.31426328,0.48055717,0.37236378,0.38169503,0.37254623,0.6374878,0.4414109,0.5814868,0.30004045,0.53822625,0.41188633,0.4514279,0.5642223,1.0,0.42923874,0.59992194,0.49161407,0.39241698,0.48607644,0.63605267,0.4169156,0.44644967,0.034575485,0.44079784,0.46215373,0.56391364,0.28445247,0.37970623,0.60799766,0.55609006,0.19286884,0.2481922,0.47102517,0.27122438,0.4123229,0.29660088,0.49478176,0.6864129,0.16928747,-0.014168922,0.026720172,-0.2685441,0.09466497,-0.046991553,0.19592893,0.21191894,0.2254343,0.14359894,0.36361673,0.41657797,0.3161721,0.14463396,0.102473184,0.6885876,0.7501379,0.32532883,0.6626116,0.60252297,0.27404407,0.45699453,0.53040725,0.45936707,0.2811225,0.3520723,0.3256633,0.46871418,0.47900847,0.47509855,0.33080953,0.5088407,0.551192,0.58197343,0.4949167,0.5480976,0.6018341,0.4914965,0.44399217,0.45159188,0.3485698,0.41699725,0.4720784,0.46831086,0.46629754,0.3876226,0.56379837,0.5114234,0.4792146,0.54023314,0.5736551,0.44456702,0.30094206,0.5083376,0.47041467,0.38033092,0.4121115,0.4326944,0.36370754,0.33480343
