1.0,0.67922646,0.79315794,0.786801,0.72106034,0.73664033,0.803991,0.8020353,0.7421222,0.7603688,0.8063393,0.79181314,0.79762936,0.77973336,0.75572217,0.75138474,0.80489403,0.7892129,0.55228937,0.5346372,0.75979805,0.74909055,0.77842623,0.75966895,0.7051228,0.7009347,0.74079657,0.70965207,0.77056193,0.7769784,0.76918733,0.76914173,0.7508881,0.7481566,0.7429382,0.6811417,0.7639729,0.7412917,0.75061905,0.7679351,0.7665152,0.75098485,0.6087047,0.65676177,0.29623485,0.29546311,0.7828669,0.77955604,-0.05822325,-0.047640312,0.38685903,0.16430193,0.3875956,-0.15923026,0.7480616,0.77126586,0.80082273,0.68384546,-0.21554624,0.3255588,0.38590273,0.014403948,0.7090939,0.68018746,0.24050122,0.12812471,0.4875081,0.58345383,-0.15476054,0.2168878,0.78425395,0.7712315,0.77705497,0.77301174,0.75578755,0.7737002,0.7622138,0.7663443,0.76474315,0.7965008,0.7504933,0.77442306,0.72509557,0.72638744,0.7780959,0.7414394,0.7404543,0.7389674,0.75890166,0.73499763,0.7516113,0.6474811,0.72245336,0.6338742,0.6658301,0.7374157,0.6705604,0.7255022,0.7410128,0.75136167,0.6947313,0.58783257,0.7610303,0.74571604,0.6965379,0.7234986,0.73835456,0.6265201,0.7708,0.7626383,0.7173625,0.65010595,0.36800945,0.5841961,0.46261656,0.76793975
0.67922646,1.0,0.7344253,0.7286914,0.68150526,0.68945163,0.7287768,0.74214554,0.69378924,0.6986434,0.7361236,0.7521563,0.7169112,0.72670895,0.70365405,0.70315176,0.73077935,0.7356542,0.4555749,0.5219851,0.7093612,0.7022958,0.718599,0.7149804,0.6803799,0.67343926,0.70035994,0.6793309,0.71136683,0.71522576,0.70715576,0.71582365,0.7358939,0.6985246,0.6633449,0.6338203,0.7103268,0.70264345,0.7047901,0.71342266,0.7163984,0.7022777,0.51598406,0.591648,0.21330176,0.2383912,0.723948,0.71095467,-0.0097130025,-0.084574945,0.37920007,0.15965635,0.29398996,-0.1871638,0.6992129,0.72505933,0.7331089,0.60867035,-0.21149077,0.23697722,0.3388479,-0.017005341,0.6229404,0.62849516,0.17365168,0.10176112,0.4082338,0.5276137,-0.13596295,0.26334625,0.72298014,0.71395755,0.7171152,0.7109812,0.70236033,0.71276754,0.7019676,0.7075003,0.70632887,0.7680598,0.69983065,0.7374539,0.6845234,0.692865,0.70980424,0.7151907,0.6933399,0.6983379,0.70471627,0.7120021,0.71077466,0.5809471,0.6126986,0.55650663,0.6384531,0.68238324,0.6369159,0.6845715,0.6950988,0.69986665,0.58460283,0.45565385,0.7148096,0.69995457,0.68510556,0.70066196,0.69776404,0.64909863,0.6997666,0.6879811,0.6556357,0.5556456,0.42931238,0.6584629,0.47762534,0.67861843
0.79315794,0.7344253,1.0,0.8901417,0.8690946,0.87493885,0.89147687,0.8891412,0.8747881,0.87942326,0.88638556,0.8697764,0.8891618,0.88861865,0.8807134,0.8804267,0.8884045,0.8811622,0.502255,0.53589237,0.8806977,0.87989724,0.88969505,0.8802771,0.86449444,0.8604792,0.8771017,0.8615646,0.8882738,0.88929397,0.88677126,0.88572115,0.84570366,0.8384718,0.8125721,0.7280201,0.8859563,0.87453794,0.88177127,0.886441,0.8804152,0.87980556,0.62858677,0.7159734,0.28318915,0.374838,0.8667657,0.8616519,-0.08812784,-0.10570095,0.45352158,0.13351,0.48414326,-0.12604329,0.87238413,0.88568133,0.8158769,0.62831575,-0.3028248,0.31063345,0.37365872,-0.037966073,0.74282634,0.74531066,0.27402762,0.12661508,0.5345184,0.59067297,-0.16794488,0.2422121,0.8907553,0.8879196,0.8879915,0.88883734,0.88306403,0.88565725,0.8844255,0.88659835,0.8698163,0.85396296,0.8800114,0.88349515,0.8667279,0.8644973,0.88365996,0.87284344,0.8707279,0.87639946,0.88056237,0.8716706,0.85223156,0.7273118,0.7934164,0.7359304,0.8026216,0.87154436,0.81066996,0.8484249,0.8559102,0.8454011,0.7597595,0.64035743,0.8632744,0.86626154,0.84613895,0.85438824,0.8703128,0.8049095,0.8793561,0.8643329,0.78351706,0.6497086,0.44944152,0.6821448,0.5937793,0.8001377
0.786801,0.7286914,0.8901417,1.0,0.8702102,0.87682843,0.8901377,0.8881419,0.8754127,0.88031477,0.88312423,0.8657666,0.88818526,0.88924086,0.88113004,0.8817015,0.88796824,0.8783104,0.5021112,0.5400833,0.88424,0.88262707,0.890056,0.88043267,0.8681542,0.86564016,0.8777251,0.86225444,0.8891029,0.8907221,0.8891079,0.8882678,0.8319294,0.8267636,0.8170447,0.7112883,0.88557583,0.8737264,0.8817631,0.88854927,0.8808301,0.882084,0.61691934,0.7202125,0.29955706,0.35460758,0.863705,0.86117893,-0.08049013,-0.11371222,0.44359487,0.14164484,0.49173898,-0.12056945,0.8699923,0.8889269,0.81806356,0.6271101,-0.3162378,0.3230847,0.38219872,-0.04699666,0.7406585,0.7358213,0.26904356,0.12460237,0.5312187,0.5850543,-0.17972785,0.23741521,0.8912167,0.89067334,0.89034635,0.89169127,0.88489467,0.88876796,0.88495874,0.88814294,0.86621475,0.8452198,0.880694,0.8846329,0.8677579,0.8645003,0.8832739,0.8716738,0.8729103,0.87935936,0.8790371,0.8746876,0.85581803,0.72359556,0.7974517,0.7429367,0.794314,0.8721045,0.80436736,0.8467257,0.8558757,0.8491981,0.7641815,0.6354888,0.862687,0.8699373,0.8491773,0.85579723,0.87164813,0.8077985,0.8808373,0.86095417,0.77885073,0.64038557,0.44924313,0.68705547,0.58497226,0.80185676
0.72106034,0.68150526,0.8690946,0.8702102,1.0,0.89122665,0.866997,0.8665601,0.89110845,0.8849438,0.861312,0.8340459,0.87193197,0.8774579,0.8898645,0.88946563,0.8625839,0.86463964,0.4089453,0.4578059,0.87849593,0.88462114,0.8784404,0.8814163,0.8879734,0.88915646,0.8886626,0.8903562,0.88524675,0.8812867,0.8811911,0.88214666,0.8195868,0.80732876,0.7716939,0.65464807,0.88087815,0.87467116,0.88585156,0.87908804,0.8679687,0.8759932,0.60652715,0.6941276,0.26069507,0.3655191,0.8266265,0.83923197,-0.10525529,-0.11565051,0.45132357,0.092398115,0.51273596,-0.0952888,0.8725408,0.88007176,0.74597,0.5459351,-0.3434996,0.2649933,0.33459228,-0.07541666,0.6986599,0.7489536,0.27780318,0.10321882,0.5054873,0.5334434,-0.17812708,0.22904573,0.87837327,0.87759686,0.8731804,0.8765153,0.88370067,0.8683322,0.8843867,0.8818306,0.85688835,0.80540735,0.8827548,0.8713666,0.89134413,0.88668704,0.87357295,0.8761586,0.8844823,0.8896993,0.8802169,0.8841409,0.82163244,0.6886021,0.77929765,0.7566424,0.80972177,0.8777192,0.8144548,0.84209675,0.84488684,0.83635,0.7458617,0.6164375,0.8498412,0.8551384,0.8603367,0.8500093,0.8786435,0.836691,0.8735059,0.85136473,0.7459453,0.63017595,0.41080645,0.6532389,0.6145143,0.7416745
0.73664033,0.68945163,0.87493885,0.87682843,0.89122665,1.0,0.8732365,0.8708197,0.88995063,0.8881996,0.86826,0.83583456,0.87746006,0.88095266,0.89182705,0.8912996,0.8698177,0.86699307,0.41581032,0.47062412,0.8857898,0.88980645,0.8820006,0.8808169,0.88715076,0.88818836,0.891431,0.8871095,0.8883497,0.885975,0.8849311,0.8849023,0.81812036,0.8105697,0.7826686,0.6623845,0.8853259,0.8754033,0.89065665,0.88484025,0.87700635,0.88235575,0.6174417,0.7122622,0.25904474,0.36055836,0.8372189,0.85070914,-0.10984456,-0.12603423,0.45205668,0.10760592,0.5104992,-0.08944909,0.8758592,0.8838393,0.7593979,0.557023,-0.32608962,0.26806745,0.34629527,-0.06501705,0.71427226,0.7493174,0.27516705,0.10441667,0.51545274,0.5509314,-0.18717176,0.2247877,0.8840608,0.8837308,0.88077354,0.88221157,0.8885878,0.8767798,0.8858023,0.88557434,0.85847795,0.8111214,0.8835915,0.87500435,0.89019233,0.8820464,0.88156503,0.8742445,0.88915557,0.89132667,0.8853869,0.8832231,0.8343171,0.6935188,0.7888517,0.7547434,0.8023064,0.88023126,0.813241,0.84329253,0.8489689,0.840968,0.75192535,0.62156767,0.86164576,0.8635088,0.8668773,0.8527477,0.88195056,0.8269447,0.87863827,0.85597336,0.7543233,0.6396223,0.41651392,0.65961504,0.61564595,0.7572698
0.803991,0.7287768,0.89147687,0.8901377,0.866997,0.8732365,1.0,0.8901021,0.87416804,0.87972915,0.8885743,0.8707332,0.8909363,0.8885096,0.8800719,0.8798435,0.89019394,0.8815594,0.5130318,0.5363852,0.879545,0.8776222,0.8889686,0.879307,0.86046886,0.8571655,0.8744653,0.85752326,0.88737655,0.8892006,0.88673,0.88604265,0.84383005,0.83572906,0.8135689,0.72541034,0.8845356,0.8724851,0.87901473,0.8849805,0.8778568,0.8776761,0.62430996,0.71530336,0.3040337,0.36989394,0.8654648,0.8601135,-0.0905209,-0.116423674,0.44590008,0.14530315,0.48214403,-0.14000314,0.87097025,0.88539535,0.82271785,0.63774496,-0.31236267,0.3097396,0.3687344,-0.045612782,0.7427099,0.74854106,0.27162167,0.12762298,0.5316541,0.60021627,-0.17681819,0.23225583,0.89044017,0.8871821,0.8869928,0.88796663,0.8814354,0.8843537,0.8840072,0.88571244,0.8699875,0.85286343,0.8796115,0.8833992,0.865958,0.8640139,0.88305336,0.86908054,0.86947507,0.8759423,0.8780879,0.8709709,0.85128313,0.72142184,0.7981012,0.73793024,0.79693854,0.8688583,0.8052699,0.8455273,0.8526394,0.84454876,0.7673099,0.6466956,0.8622043,0.86252415,0.8414646,0.84937125,0.8692786,0.7976264,0.87861204,0.8620526,0.7867932,0.64892143,0.4383575,0.67576146,0.5877927,0.800914
0.8020353,0.74214554,0.8891412,0.8881419,0.8665601,0.8708197,0.8901021,1.0,0.8747248,0.8801479,0.888534,0.878772,0.88788927,0.8901703,0.8792512,0.8799144,0.88799673,0.88393015,0.5143295,0.5389475,0.8746118,0.87336284,0.88856006,0.8839212,0.8599635,0.8538031,0.8747227,0.86075425,0.8844304,0.88700473,0.88404495,0.88488644,0.85365707,0.8457569,0.8113426,0.7377102,0.88253367,0.8769639,0.8781111,0.8846372,0.8731886,0.87398314,0.6250933,0.716005,0.28517675,0.37223566,0.8669201,0.85397375,-0.07701843,-0.11123744,0.44658187,0.1461127,0.48604807,-0.12639321,0.87465787,0.8849201,0.8213972,0.6428863,-0.32109377,0.3121617,0.37282655,-0.04199484,0.7483427,0.75150853,0.2625296,0.12313893,0.5177932,0.58620834,-0.1683294,0.24134852,0.88757056,0.8825831,0.8831091,0.88352305,0.8794151,0.8792303,0.8840876,0.88461304,0.8740707,0.8607658,0.87855977,0.882439,0.86683863,0.8687649,0.88049436,0.87444574,0.8651651,0.8741144,0.87849844,0.8730557,0.8504248,0.7271857,0.78822386,0.7442845,0.8142334,0.872738,0.81961656,0.8545001,0.86071664,0.8404311,0.7598163,0.6380894,0.8630076,0.8591329,0.8440289,0.8553822,0.871667,0.810617,0.87949383,0.8678009,0.79058546,0.6468092,0.42815214,0.6798537,0.5993961,0.8053247
0.7421222,0.69378924,0.8747881,0.8754127,0.89110845,0.88995063,0.87416804,0.8747248,1.0,0.89039284,0.8734195,0.84821665,0.88079876,0.88412803,0.8919508,0.8922345,0.87202,0.87475115,0.42502007,0.4732676,0.87766117,0.8828998,0.8846862,0.8881779,0.88361657,0.8831112,0.88910675,0.88834244,0.88738674,0.88611776,0.88610554,0.8869369,0.833747,0.8252484,0.77980334,0.67800313,0.88427687,0.880332,0.8860993,0.881767,0.8668175,0.8744072,0.6086599,0.6984333,0.26281828,0.3729708,0.8380887,0.84546334,-0.09191314,-0.12141659,0.4581797,0.10417308,0.5174619,-0.108841084,0.8778557,0.8827323,0.76260006,0.5673303,-0.3399479,0.2742781,0.34019247,-0.07798187,0.7128835,0.7548515,0.2695183,0.106480345,0.5090902,0.55229235,-0.18100078,0.23575187,0.88235813,0.88018835,0.87582916,0.87920785,0.8849143,0.86984134,0.8897941,0.88672334,0.87038505,0.8196219,0.887871,0.8770311,0.8919929,0.8895157,0.878986,0.8793455,0.8807529,0.8888272,0.8831654,0.885563,0.833161,0.7031471,0.7865426,0.75329125,0.820796,0.8813868,0.8220667,0.85084665,0.85427856,0.8325397,0.7544117,0.6194925,0.85932744,0.85638857,0.8620003,0.8558812,0.88174665,0.83718324,0.8788248,0.8601157,0.76298004,0.6335527,0.4057123,0.65784764,0.6154407,0.7606333
0.7603688,0.6986434,0.87942326,0.88031477,0.8849438,0.8881996,0.87972915,0.8801479,0.89039284,1.0,0.88177836,0.8560338,0.88561565,0.88684076,0.8916076,0.89212304,0.88074726,0.877834,0.44949287,0.5027997,0.8794435,0.8825596,0.88690513,0.88721555,0.8765282,0.8744004,0.8871492,0.8818387,0.8879546,0.88952935,0.8884012,0.8885942,0.8379619,0.83899677,0.7979068,0.70580584,0.88723063,0.88251907,0.88791174,0.8859803,0.8713937,0.8783218,0.6139151,0.7127812,0.26956716,0.37990248,0.84931153,0.85205007,-0.09837222,-0.108775035,0.45274603,0.11443485,0.50461864,-0.12139693,0.8821496,0.8841643,0.7816759,0.58413637,-0.33187842,0.2757719,0.34968624,-0.05449761,0.7365265,0.76502347,0.26196814,0.11524289,0.5101907,0.5722947,-0.17213106,0.23200831,0.8868407,0.88442653,0.8810657,0.88269746,0.8870832,0.87516975,0.89101106,0.88993484,0.87591136,0.8280167,0.88722515,0.8772999,0.8872364,0.88319933,0.8857803,0.8742499,0.8771989,0.8859684,0.88734686,0.88005346,0.84433264,0.7201646,0.7911373,0.74977005,0.82454073,0.88478327,0.82831204,0.85825765,0.8627013,0.83484393,0.7704901,0.63080907,0.8730129,0.8631518,0.86851233,0.8604873,0.88700926,0.82882774,0.88550586,0.8718775,0.78374356,0.63987666,0.40707937,0.65968907,0.6137602,0.7905666
0.8063393,0.7361236,0.88638556,0.88312423,0.861312,0.86826,0.8885743,0.888534,0.8734195,0.88177836,1.0,0.87603515,0.8904589,0.88701683,0.8780821,0.87816423,0.8902982,0.884971,0.5036484,0.5378976,0.8699478,0.86857325,0.8867384,0.88042736,0.85266715,0.8464443,0.8712181,0.85548115,0.8817137,0.8858205,0.8832284,0.88292027,0.85288286,0.85198396,0.8139451,0.7462967,0.8815726,0.87436616,0.87503415,0.8807097,0.8688552,0.87015253,0.619748,0.71395063,0.29585516,0.38701934,0.8664802,0.8566796,-0.06480259,-0.11001166,0.45267886,0.14654681,0.4746525,-0.13824978,0.8748289,0.8794851,0.8237722,0.6460154,-0.30090216,0.30865955,0.36578822,-0.034595184,0.755682,0.7594065,0.26212248,0.12928551,0.51929617,0.6024984,-0.17519617,0.2308027,0.8858552,0.88051385,0.87992764,0.8800452,0.87586623,0.87559444,0.88313013,0.8838452,0.87953025,0.8572976,0.87832904,0.879177,0.8647898,0.8653702,0.8820176,0.86633116,0.86014324,0.8697735,0.87804174,0.8657811,0.8514541,0.7395081,0.7906019,0.73340654,0.8150112,0.87084675,0.81922096,0.8542113,0.8584079,0.83379644,0.76829946,0.64186203,0.86821914,0.8573402,0.84567636,0.85313094,0.87279254,0.8006506,0.8787462,0.86984533,0.79839325,0.6507407,0.42393115,0.664986,0.59230006,0.8140086
0.79181314,0.7521563,0.8697764,0.8657666,0.8340459,0.83583456,0.8707332,0.878772,0.84821665,0.8560338,0.87603515,1.0,0.86798537,0.87263596,0.84983563,0.85254055,0.8707537,0.87435514,0.5641233,0.5534308,0.8371632,0.8354246,0.8686447,0.8686547,0.8264615,0.8146372,0.8435492,0.8296133,0.8572002,0.86456,0.8612968,0.8653667,0.86335826,0.8595818,0.80888206,0.775053,0.8579518,0.86265546,0.8467828,0.85756457,0.8382006,0.84108293,0.59901255,0.6768318,0.30565938,0.38076797,0.85838366,0.82384306,-0.036922462,-0.0847438,0.4192468,0.1494642,0.4793443,-0.14288665,0.85827696,0.8588393,0.8224322,0.6627702,-0.33505246,0.31983885,0.3851628,-0.0345005,0.727657,0.73290116,0.2658635,0.13864978,0.4889758,0.5954215,-0.13674377,0.22844355,0.8635231,0.8554737,0.8558597,0.8592936,0.8503299,0.8530438,0.8644297,0.8630571,0.87040967,0.86513776,0.8586322,0.86068267,0.83535135,0.84760135,0.84980905,0.85617507,0.8231327,0.8404494,0.84991586,0.8475063,0.82730204,0.7454157,0.7586803,0.73735636,0.8233237,0.85109496,0.8214165,0.85325867,0.8520749,0.81189966,0.7455349,0.63352215,0.84145916,0.8276715,0.8135257,0.84715855,0.84621775,0.8080292,0.85355866,0.85493577,0.7899902,0.63051033,0.43054202,0.67049354,0.57682294,0.8138943
0.79762936,0.7169112,0.8891618,0.88818526,0.87193197,0.87746006,0.8909363,0.88788927,0.88079876,0.88561565,0.8904589,0.86798537,1.0,0.8894697,0.8849332,0.8841938,0.89031196,0.8838422,0.49296898,0.52859795,0.87857145,0.8783516,0.8908299,0.8827643,0.8642131,0.8614177,0.8788817,0.8650211,0.8893283,0.89098024,0.8894616,0.88796467,0.8417384,0.8371642,0.8114351,0.72253674,0.8863368,0.87532943,0.88130784,0.88534874,0.87519515,0.8770498,0.61768115,0.71559507,0.3008979,0.37325254,0.86129355,0.8595147,-0.08228354,-0.10677575,0.44353458,0.1313413,0.4894901,-0.1310835,0.87376845,0.88464475,0.813887,0.62587684,-0.31665212,0.31113204,0.36631435,-0.043100912,0.7473276,0.75557816,0.26643434,0.123690076,0.52865386,0.5991205,-0.1738575,0.23057993,0.89058733,0.8873638,0.8857848,0.88743156,0.88250375,0.88214934,0.8883426,0.889272,0.87622076,0.8464008,0.88390344,0.8834622,0.87308615,0.8708071,0.8862542,0.8698338,0.87102276,0.8788008,0.8814491,0.87252986,0.85173213,0.72509825,0.7991154,0.7390081,0.8051808,0.87408876,0.8102522,0.8493237,0.8544896,0.8402033,0.7734649,0.64519304,0.864976,0.86621517,0.84678215,0.8524707,0.87479734,0.80462295,0.8814617,0.8660559,0.7899499,0.6498789,0.426572,0.6661878,0.5823835,0.80068374
0.77973336,0.72670895,0.88861865,0.88924086,0.8774579,0.88095266,0.8885096,0.8901703,0.88412803,0.88684076,0.88701683,0.87263596,0.8894697,1.0,0.88712424,0.88819295,0.88757896,0.88381207,0.48862323,0.5174555,0.8814822,0.88177776,0.89156526,0.88816595,0.87263566,0.8681191,0.88407135,0.8723512,0.8896684,0.89150965,0.8900074,0.89127415,0.84813446,0.8436248,0.8130838,0.7229179,0.88887316,0.8837579,0.8855196,0.8893858,0.8769144,0.88029546,0.6196119,0.71436656,0.29066584,0.37644503,0.86341894,0.85582304,-0.069804184,-0.116046265,0.44971225,0.13708766,0.50616926,-0.12859142,0.88017374,0.8894811,0.80467606,0.6144056,-0.32198527,0.3136582,0.36723086,-0.04826767,0.7404349,0.75665146,0.27797046,0.120757796,0.5174577,0.5806711,-0.1747687,0.24206477,0.8906583,0.8885652,0.8868133,0.88797456,0.88679034,0.883474,0.89051145,0.8914794,0.8776369,0.85117257,0.88753736,0.8853675,0.8776329,0.878459,0.8846035,0.88027626,0.8731371,0.88364905,0.8837674,0.8828808,0.8522918,0.7327292,0.7921829,0.7554173,0.8190784,0.88121283,0.82555467,0.8606128,0.8626696,0.8407982,0.76424205,0.6360113,0.8660852,0.86637694,0.85633737,0.86307144,0.8791839,0.8258538,0.88335806,0.8692759,0.78674066,0.64111215,0.43403187,0.67735523,0.6068747,0.79499185
0.75572217,0.70365405,0.8807134,0.88113004,0.8898645,0.89182705,0.8800719,0.8792512,0.8919508,0.8916076,0.8780821,0.84983563,0.8849332,0.88712424,1.0,0.89382845,0.87875646,0.87687874,0.43650267,0.4909857,0.88481146,0.88801026,0.8871792,0.88570803,0.8821149,0.8819291,0.8908752,0.8860417,0.8908625,0.8898298,0.8891508,0.8894497,0.8302829,0.82419395,0.7922404,0.68562084,0.88830626,0.87874943,0.8903834,0.88701,0.8769554,0.882799,0.61656225,0.71246225,0.26665723,0.36587757,0.8456522,0.85387015,-0.097465724,-0.11692684,0.45440376,0.11137605,0.5071442,-0.111388355,0.87832975,0.8871979,0.7783703,0.57681495,-0.33121535,0.27396002,0.35049555,-0.057879414,0.72406614,0.75936973,0.26712796,0.116058014,0.5166995,0.5669933,-0.18380071,0.23915333,0.8884051,0.8864573,0.8828546,0.88430977,0.88891757,0.8776031,0.89011025,0.8896744,0.8681639,0.8276913,0.8878195,0.8810103,0.89050376,0.88607645,0.88541764,0.87841916,0.88567114,0.8910853,0.8868723,0.88472897,0.83996785,0.70423484,0.7919776,0.74680376,0.8114354,0.8812808,0.8161575,0.8491534,0.85519373,0.84114194,0.763241,0.63127804,0.8651593,0.8664289,0.86478746,0.85541713,0.8840842,0.8258585,0.88331807,0.863798,0.7711021,0.6450556,0.41977584,0.6648696,0.6105061,0.7736767
0.75138474,0.70315176,0.8804267,0.8817015,0.88946563,0.8912996,0.8798435,0.8799144,0.8922345,0.89212304,0.87816423,0.85254055,0.8841938,0.88819295,0.89382845,1.0,0.87852687,0.87691164,0.44100213,0.48942104,0.88423455,0.88772494,0.8876998,0.88747966,0.8831045,0.88213825,0.89079034,0.8863609,0.89025074,0.89043635,0.8893887,0.8901611,0.83388454,0.82899314,0.79535913,0.6897728,0.8887885,0.8826239,0.89046603,0.8878883,0.8757359,0.8825006,0.6162568,0.71294516,0.27083218,0.36933544,0.8482597,0.85258734,-0.09755534,-0.12006762,0.45671538,0.112319,0.51084954,-0.10919264,0.8810169,0.88784534,0.7765829,0.57620823,-0.32531685,0.28013775,0.34716573,-0.06401942,0.7222537,0.76001936,0.2688564,0.11612771,0.51135373,0.5673598,-0.18010107,0.24534632,0.88775694,0.8864191,0.8828658,0.88477474,0.88970876,0.87765586,0.8913293,0.89078104,0.87137854,0.82823473,0.8892573,0.8812784,0.8905039,0.8872822,0.884961,0.8795814,0.8833765,0.8912526,0.88750654,0.88633025,0.84230024,0.7112258,0.78921527,0.74966556,0.8175007,0.8841246,0.82251877,0.85434324,0.8588499,0.84040457,0.7619591,0.6294228,0.8673637,0.86492455,0.8673736,0.85954684,0.88507134,0.8330055,0.884496,0.8661004,0.77128625,0.63988864,0.42270592,0.6671045,0.6164379,0.77556556
0.80489403,0.73077935,0.8884045,0.88796824,0.8625839,0.8698177,0.89019394,0.88799673,0.87202,0.88074726,0.8902982,0.8707537,0.89031196,0.88757896,0.87875646,0.87852687,1.0,0.88433206,0.5127209,0.5541247,0.8771062,0.8742857,0.88702184,0.87764454,0.85562456,0.8513614,0.8720218,0.85529184,0.88447446,0.888273,0.8844043,0.883986,0.8450852,0.84236634,0.8188374,0.7372252,0.8838603,0.8724582,0.8777475,0.88463473,0.87625784,0.8770021,0.6241582,0.72382367,0.3040582,0.37468016,0.86836815,0.8631907,-0.074844174,-0.11737686,0.4403392,0.13890944,0.48770145,-0.14391738,0.87126094,0.8836182,0.82725936,0.6379004,-0.30179486,0.31970897,0.36571202,-0.04392933,0.75403714,0.75628275,0.27280474,0.13622454,0.5287089,0.6019939,-0.16224636,0.23973297,0.8888494,0.8855373,0.8860417,0.8855222,0.87912077,0.88176054,0.8832463,0.885993,0.8754097,0.8539908,0.8781466,0.8802373,0.86401343,0.86183614,0.88444805,0.8634102,0.8640932,0.87289315,0.8784217,0.8678446,0.8563718,0.733095,0.79507333,0.7363236,0.8025359,0.86928785,0.8097093,0.8503342,0.8577741,0.83866477,0.76782644,0.6444838,0.8690645,0.8654231,0.8465111,0.85395217,0.8716024,0.7976996,0.879588,0.86534166,0.79707223,0.64955115,0.4312855,0.67969215,0.588401,0.8153275
0.7892129,0.7356542,0.8811622,0.8783104,0.86463964,0.86699307,0.8815594,0.88393015,0.87475115,0.877834,0.884971,0.87435514,0.8838422,0.88381207,0.87687874,0.87691164,0.88433206,1.0,0.48852268,0.5332646,0.8671248,0.8663544,0.8817359,0.88026553,0.8554454,0.8504147,0.8709892,0.8608365,0.8790528,0.88257223,0.8780283,0.8801384,0.85172576,0.84167767,0.79952073,0.7209729,0.8757823,0.87028366,0.8717958,0.87538636,0.8628076,0.86608326,0.62336665,0.7112712,0.3034896,0.36877975,0.8595004,0.84865,-0.045140557,-0.08855882,0.45331693,0.12194251,0.4768754,-0.14827678,0.8669747,0.8786149,0.80657554,0.63615644,-0.30929452,0.3284079,0.35254204,-0.057701226,0.7345043,0.7582205,0.27129924,0.12478937,0.5092185,0.6016409,-0.14104287,0.25014162,0.88131386,0.8739758,0.87323195,0.8757243,0.87177086,0.8676566,0.88085073,0.8804615,0.8741628,0.8535624,0.8754607,0.87803185,0.8678667,0.8707892,0.87311405,0.8699744,0.8588538,0.86960053,0.871972,0.87045836,0.8414675,0.7217671,0.7823629,0.74996763,0.8098265,0.86448866,0.811484,0.84987265,0.8557301,0.83117473,0.75489885,0.6345409,0.85906386,0.85818124,0.8402525,0.8509665,0.86761564,0.81213367,0.8700653,0.85720855,0.79418564,0.6481283,0.43087688,0.6603888,0.5795041,0.8007197
0.55228937,0.4555749,0.502255,0.5021112,0.4089453,0.41581032,0.5130318,0.5143295,0.42502007,0.44949287,0.5036484,0.5641233,0.49296898,0.48862323,0.43650267,0.44100213,0.5127209,0.48852268,1.0,0.4456587,0.43158877,0.4239241,0.4846277,0.47053957,0.4078506,0.3946777,0.4237891,0.39341515,0.46296066,0.47984502,0.46668613,0.46939117,0.50820124,0.49195963,0.52668834,0.5385107,0.45739198,0.45786142,0.4322137,0.46576944,0.45225573,0.4492209,0.29764456,0.30599162,0.24136923,0.32769546,0.48908514,0.43053427,-0.10694698,-0.077519454,0.06661589,0.13450214,0.22145645,-0.19201101,0.44593763,0.46418354,0.5863262,0.4946726,-0.16492283,0.14113118,0.24971244,-0.033827566,0.39909145,0.32670066,0.20149168,0.20811547,0.1896523,0.41767025,0.04881287,0.057427205,0.48154485,0.46882927,0.47755843,0.48775256,0.4411551,0.48257777,0.467538,0.47163633,0.48636448,0.5332754,0.4587817,0.4763757,0.40491766,0.42946377,0.4492331,0.42967445,0.41070762,0.43136066,0.43410552,0.4363766,0.4401719,0.46244666,0.4115636,0.40848464,0.42017242,0.43115443,0.4129406,0.44059357,0.4331623,0.43879023,0.4084928,0.44099426,0.4431704,0.42651978,0.3743978,0.43209663,0.4232252,0.37099254,0.4555814,0.45323402,0.42703253,0.3364241,0.22837342,0.45696405,0.18231954,0.5103818
0.5346372,0.5219851,0.53589237,0.5400833,0.4578059,0.47062412,0.5363852,0.5389475,0.4732676,0.5027997,0.5378976,0.5534308,0.52859795,0.5174555,0.4909857,0.48942104,0.5541247,0.5332646,0.4456587,1.0,0.5024329,0.49028316,0.52108055,0.49765152,0.45651662,0.44015434,0.47616157,0.44995046,0.50597274,0.5206997,0.5136735,0.51032656,0.52708876,0.53205353,0.5369833,0.5354606,0.50918716,0.5031918,0.49804336,0.52239186,0.51110953,0.5187747,0.3878975,0.4683901,0.21435075,0.21421814,0.5615478,0.53867537,-0.04624263,0.040828645,0.23516859,0.15395834,0.33296308,-0.14625005,0.49786392,0.5194239,0.601745,0.49235818,-0.124766424,0.2928145,0.3434524,0.052054886,0.48977745,0.42901596,0.061481785,0.10854634,0.41049916,0.41300645,0.0920146,0.108966544,0.5238454,0.52231646,0.52852803,0.52659005,0.49999112,0.52705365,0.5024112,0.5163846,0.5160629,0.58765286,0.50146425,0.52688277,0.45249733,0.4588865,0.51339436,0.47389352,0.46299785,0.47549468,0.4926385,0.47478467,0.54479295,0.3962539,0.4420389,0.3654987,0.45049772,0.49305448,0.4594791,0.5061331,0.5203719,0.49246988,0.4852653,0.34192294,0.5303825,0.5449136,0.47006974,0.5066177,0.49512812,0.39983392,0.5183664,0.53097683,0.57290596,0.42683688,0.23147076,0.51198757,0.27106726,0.6056181
0.75979805,0.7093612,0.8806977,0.88424,0.87849593,0.8857898,0.879545,0.8746118,0.87766117,0.8794435,0.8699478,0.8371632,0.87857145,0.8814822,0.88481146,0.88423455,0.8771062,0.8671248,0.43158877,0.5024329,1.0,0.8930042,0.8810252,0.8711997,0.87853855,0.87868595,0.8852579,0.87211317,0.88762736,0.88611513,0.8836342,0.88298196,0.81307167,0.8048947,0.79467565,0.6724668,0.88616365,0.86899847,0.88863134,0.8890697,0.8887517,0.8879123,0.628563,0.7363415,0.28179353,0.356971,0.85034966,0.8655546,-0.10049552,-0.12634459,0.4403583,0.12623477,0.49785322,-0.116178796,0.86970353,0.8872894,0.7834769,0.59015405,-0.2937869,0.30626085,0.36134163,-0.050065733,0.7338876,0.7497838,0.2687713,0.11781111,0.54817396,0.56735003,-0.18985103,0.25104833,0.88728696,0.88898015,0.88918823,0.8865093,0.8878669,0.8856422,0.87957406,0.8842966,0.85086614,0.8231658,0.87691593,0.87909657,0.87570786,0.865302,0.88494515,0.86914295,0.88725716,0.8868245,0.883197,0.8773122,0.8486772,0.6947526,0.794383,0.7456155,0.77781844,0.8730089,0.79852635,0.83742756,0.8498521,0.85262984,0.7517201,0.62808555,0.8654581,0.87426347,0.8603599,0.85165614,0.8760747,0.8067398,0.8784463,0.85487497,0.7649572,0.65471506,0.45233044,0.6731989,0.60872257,0.77244234
0.74909055,0.7022958,0.87989724,0.88262707,0.88462114,0.88980645,0.8776222,0.87336284,0.8828998,0.8825596,0.86857325,0.8354246,0.8783516,0.88177776,0.88801026,0.88772494,0.8742857,0.8663544,0.4239241,0.49028316,0.8930042,1.0,0.88245755,0.874858,0.8830083,0.8842108,0.888582,0.87899077,0.8892404,0.8867951,0.8853583,0.8847193,0.81347424,0.8046693,0.7919131,0.66662353,0.88683283,0.87195283,0.8905303,0.88841647,0.8854296,0.8871545,0.620909,0.72716093,0.27449837,0.361537,0.84599787,0.86066324,-0.11160281,-0.1198378,0.45205894,0.11916221,0.5040746,-0.10602934,0.8722654,0.88736147,0.77382475,0.569735,-0.30063072,0.29261783,0.3560681,-0.05002411,0.7289142,0.7469749,0.27030247,0.10868872,0.53989804,0.5635791,-0.19322146,0.24728942,0.886964,0.8884428,0.88719904,0.886103,0.88933915,0.8836804,0.88236177,0.8857537,0.8531226,0.82009465,0.88035136,0.8783713,0.88137215,0.8714647,0.88399714,0.87219155,0.8889197,0.8894903,0.8852547,0.8804949,0.8457968,0.6938738,0.79031384,0.7471331,0.78534395,0.87693596,0.8028679,0.840143,0.8505459,0.84958136,0.75211835,0.626808,0.86411273,0.87230134,0.8640463,0.8541518,0.878881,0.81660885,0.87915903,0.85523987,0.75673926,0.6445285,0.44451946,0.67281526,0.6095835,0.7657612
0.77842623,0.718599,0.88969505,0.890056,0.8784404,0.8820006,0.8889686,0.88856006,0.8846862,0.88690513,0.8867384,0.8686447,0.8908299,0.89156526,0.8871792,0.8876998,0.88702184,0.8817359,0.4846277,0.52108055,0.8810252,0.88245755,1.0,0.8890777,0.87418115,0.8697929,0.8832983,0.8719855,0.89120543,0.8921654,0.8926389,0.8913701,0.8454336,0.8395468,0.808776,0.72162706,0.8892107,0.8825618,0.8855638,0.8888256,0.8770355,0.8803689,0.6125862,0.7044719,0.28946254,0.376471,0.860466,0.8558103,-0.08219836,-0.11950184,0.448496,0.13704401,0.5029127,-0.12015983,0.8795607,0.888187,0.8048027,0.6114689,-0.32719,0.30409357,0.3664282,-0.044272613,0.7355698,0.7487236,0.27536613,0.12195624,0.51968086,0.57473767,-0.17882179,0.22754504,0.89089495,0.8894773,0.88766634,0.88978624,0.88732165,0.88485473,0.89138585,0.8917016,0.8778477,0.84328645,0.8881743,0.8845625,0.87789565,0.8772727,0.88520974,0.8788335,0.8744748,0.88315976,0.884944,0.8806318,0.8517397,0.7340623,0.7932146,0.7476491,0.81655824,0.88029116,0.82364196,0.85703665,0.8617418,0.8433849,0.76212984,0.63623375,0.8643775,0.86627537,0.85463876,0.8634611,0.8779619,0.82264566,0.8821048,0.8663081,0.7821484,0.6383484,0.42793256,0.6761079,0.5955093,0.7928219
0.75966895,0.7149804,0.8802771,0.88043267,0.8814163,0.8808169,0.879307,0.8839212,0.8881779,0.88721555,0.88042736,0.8686547,0.8827643,0.88816595,0.88570803,0.88747966,0.87764454,0.88026553,0.47053957,0.49765152,0.8711997,0.874858,0.8890777,1.0,0.87643147,0.870549,0.88328093,0.87937117,0.88515544,0.88616216,0.8860316,0.88723123,0.8527359,0.84668756,0.79202914,0.71349216,0.8828795,0.8847083,0.8812125,0.8818053,0.86424255,0.87039256,0.6090141,0.6935565,0.273988,0.37181365,0.85015416,0.84214544,-0.07084632,-0.11760307,0.4561612,0.11648364,0.5152258,-0.11630941,0.88026935,0.88275635,0.7856842,0.60035026,-0.35138243,0.29516283,0.35548183,-0.058440685,0.7200273,0.7475755,0.2797446,0.119813666,0.49444345,0.55352646,-0.16048536,0.24051762,0.88265914,0.8794688,0.87652427,0.8806849,0.8822101,0.8724009,0.89039594,0.8868343,0.8803819,0.83705306,0.8868347,0.8775932,0.88306946,0.88642496,0.87640584,0.8811387,0.8693415,0.8823601,0.88193697,0.8840094,0.8361692,0.7321158,0.7763124,0.7618514,0.8357707,0.8808401,0.8342688,0.8589287,0.86233705,0.83043003,0.74803287,0.62022215,0.8574117,0.85208327,0.85417444,0.8631145,0.8780616,0.8395526,0.87804145,0.8640682,0.77889085,0.62565404,0.40946555,0.67073965,0.61189944,0.77736926
0.7051228,0.6803799,0.86449444,0.8681542,0.8879734,0.88715076,0.86046886,0.8599635,0.88361657,0.8765282,0.85266715,0.8264615,0.8642131,0.87263566,0.8821149,0.8831045,0.85562456,0.8554454,0.4078506,0.45651662,0.87853855,0.8830083,0.87418115,0.87643147,1.0,0.8913233,0.8861225,0.8858015,0.8811712,0.8773006,0.87595445,0.8755591,0.8140281,0.8025057,0.76754683,0.6425485,0.8784934,0.8744281,0.88376176,0.87843615,0.8697254,0.87625736,0.6075326,0.6892562,0.26385936,0.3529286,0.8243856,0.834564,-0.08651558,-0.13965406,0.44254833,0.096075885,0.5223728,-0.06570586,0.8707946,0.8762464,0.7374245,0.5386484,-0.32522833,0.27952236,0.33105636,-0.070562616,0.6943225,0.7371349,0.28629696,0.10135028,0.4851719,0.5082387,-0.17423867,0.22870822,0.87216294,0.8752409,0.8737537,0.87661403,0.8811295,0.8708863,0.87921506,0.8778942,0.85261905,0.7952575,0.8791255,0.866776,0.8845663,0.8779453,0.86793965,0.8699288,0.8828434,0.88679624,0.8775399,0.88253677,0.82145417,0.69317675,0.77502966,0.7638582,0.8051938,0.8764338,0.8189016,0.84005225,0.8442291,0.83489746,0.7288254,0.59348845,0.8449565,0.8535807,0.8580146,0.8525197,0.87282383,0.8374495,0.8658982,0.8425499,0.7405832,0.6163921,0.4137624,0.6676115,0.62572557,0.7261341
0.7009347,0.67343926,0.8604792,0.86564016,0.88915646,0.88818836,0.8571655,0.8538031,0.8831112,0.8744004,0.8464443,0.8146372,0.8614177,0.8681191,0.8819291,0.88213825,0.8513614,0.8504147,0.3946777,0.44015434,0.87868595,0.8842108,0.8697929,0.870549,0.8913233,1.0,0.8839302,0.884964,0.8799298,0.8748673,0.87405485,0.87401843,0.7963187,0.78130436,0.7580824,0.61385334,0.87357455,0.8640627,0.88083404,0.8735916,0.86667275,0.87288314,0.6004522,0.69159025,0.2648944,0.34689456,0.8142021,0.8337162,-0.10183888,-0.13927367,0.44283345,0.085607,0.5159547,-0.07623242,0.8602433,0.8743539,0.72950464,0.5270267,-0.32503834,0.26659018,0.33065683,-0.08692247,0.68216,0.73175603,0.27837908,0.09295921,0.49593782,0.5193288,-0.18496871,0.23030476,0.8707359,0.8729195,0.86982095,0.87365484,0.8787912,0.86747277,0.87537307,0.8743341,0.84064835,0.7853077,0.87432736,0.8658985,0.884838,0.8759857,0.86550874,0.86629546,0.8857217,0.88668466,0.8721075,0.8793241,0.8158451,0.66924286,0.7765875,0.75404996,0.7831577,0.8686742,0.7943637,0.82469606,0.83002615,0.83475286,0.7291437,0.59503824,0.839428,0.8525612,0.8532804,0.84134275,0.8674391,0.8282376,0.86309433,0.8320119,0.7188626,0.614351,0.41700232,0.66085666,0.6058301,0.7155664
0.74079657,0.70035994,0.8771017,0.8777251,0.8886626,0.891431,0.8744653,0.8747227,0.88910675,0.8871492,0.8712181,0.8435492,0.8788817,0.88407135,0.8908752,0.89079034,0.8720218,0.8709892,0.4237891,0.47616157,0.8852579,0.888582,0.8832983,0.88328093,0.8861225,0.8839302,1.0,0.88867897,0.88820195,0.8858417,0.88437766,0.88536143,0.82840633,0.82256246,0.7871236,0.67890584,0.8872654,0.8800869,0.8909815,0.8865973,0.87855256,0.88257587,0.61740637,0.71121615,0.25982717,0.3600416,0.8453484,0.8519825,-0.098244295,-0.1267082,0.43997487,0.105599165,0.51988703,-0.09818294,0.880315,0.8848385,0.7628946,0.56630313,-0.3157,0.28035316,0.34682775,-0.06578279,0.72310853,0.7550161,0.27174038,0.11596279,0.51372236,0.55733883,-0.18277608,0.25775063,0.88418937,0.8840931,0.8822231,0.8825455,0.8887085,0.87707204,0.8868952,0.88685906,0.8648302,0.8179551,0.8849202,0.8742212,0.888494,0.88214606,0.8822595,0.87718093,0.8858338,0.8900838,0.8877991,0.8850079,0.84134936,0.7064659,0.7849831,0.76112074,0.81402147,0.88278013,0.8240092,0.85076445,0.85858804,0.8364667,0.7486642,0.62837946,0.8634377,0.86430395,0.86726236,0.85727865,0.88310844,0.8301754,0.87882245,0.8607947,0.76626045,0.64301103,0.41442546,0.66418076,0.6304838,0.76102287
0.70965207,0.6793309,0.8615646,0.86225444,0.8903562,0.8871095,0.85752326,0.86075425,0.88834244,0.8818387,0.85548115,0.8296133,0.8650211,0.8723512,0.8860417,0.8863609,0.85529184,0.8608365,0.39341515,0.44995046,0.87211317,0.87899077,0.8719855,0.87937117,0.8858015,0.884964,0.88867897,1.0,0.87861145,0.8750675,0.873836,0.87593204,0.81756353,0.81132823,0.7662836,0.65293694,0.8755364,0.8730221,0.88220245,0.8739744,0.8611093,0.87059057,0.60416,0.69393075,0.2451662,0.34603173,0.82387674,0.8300447,-0.10251734,-0.12032895,0.44603932,0.08372146,0.52107704,-0.07795409,0.87202865,0.8740453,0.7331196,0.5368118,-0.33914942,0.26031604,0.32911307,-0.07677606,0.69505155,0.7481025,0.265748,0.11476739,0.49498677,0.53334475,-0.1644655,0.25900996,0.87110895,0.8703231,0.8661417,0.86954194,0.8794482,0.85970676,0.8803228,0.87694395,0.8564015,0.7985218,0.8786756,0.86331934,0.8899627,0.88551927,0.86840504,0.87155414,0.87940943,0.8856685,0.878895,0.8816826,0.81772584,0.689141,0.76973987,0.7616697,0.8206145,0.87603617,0.82060695,0.84115505,0.84839714,0.82300293,0.73867667,0.60664946,0.8473752,0.84750485,0.8617921,0.8484027,0.877189,0.8395981,0.8695704,0.8500609,0.7496346,0.619019,0.3997352,0.652503,0.6278818,0.7368903
0.77056193,0.71136683,0.8882738,0.8891029,0.88524675,0.8883497,0.88737655,0.8844304,0.88738674,0.8879546,0.8817137,0.8572002,0.8893283,0.8896684,0.8908625,0.89025074,0.88447446,0.8790528,0.46296066,0.50597274,0.88762736,0.8892404,0.89120543,0.88515544,0.8811712,0.8799298,0.88820195,0.87861145,1.0,0.8930895,0.8918006,0.8907456,0.83359325,0.8253846,0.80132926,0.6939645,0.890994,0.8794879,0.8898362,0.8903809,0.8832702,0.8854408,0.61892915,0.7152186,0.2842347,0.3664932,0.8552441,0.8605322,-0.090331994,-0.114629135,0.44734648,0.12541682,0.50174373,-0.11501696,0.8776466,0.8903163,0.7934233,0.5942764,-0.32614726,0.30515966,0.36014134,-0.05278701,0.7318154,0.75148314,0.2751218,0.11551299,0.52332085,0.5757537,-0.18335572,0.23435578,0.8924408,0.89133996,0.8901432,0.891638,0.89039886,0.88712597,0.89070964,0.89161366,0.870079,0.834485,0.8875856,0.8847513,0.88335127,0.8779692,0.88714147,0.87786067,0.88399756,0.88896537,0.8869459,0.8831501,0.8502326,0.7133137,0.7971184,0.75086546,0.8051891,0.88028663,0.8144669,0.85121095,0.8564418,0.8499607,0.76236606,0.63746464,0.86379653,0.87025934,0.85871315,0.85961694,0.880541,0.8218572,0.8824143,0.86257136,0.773658,0.64386386,0.4348758,0.67168415,0.6007441,0.7818309
0.7769784,0.71522576,0.88929397,0.8907221,0.8812867,0.885975,0.8892006,0.88700473,0.88611776,0.88952935,0.8858205,0.86456,0.89098024,0.89150965,0.8898298,0.89043635,0.888273,0.88257223,0.47984502,0.5206997,0.88611513,0.8867951,0.8921654,0.88616216,0.8773006,0.8748673,0.8858417,0.8750675,0.8930895,1.0,0.8926478,0.8918749,0.83823377,0.83402824,0.8107422,0.7098713,0.89124,0.8819348,0.88900703,0.89119315,0.88123673,0.8847767,0.62094986,0.7177519,0.29059693,0.36900404,0.86013204,0.8606358,-0.08553286,-0.113199785,0.45044938,0.12333401,0.5029466,-0.12005639,0.8795783,0.89047563,0.80394536,0.60573775,-0.31865707,0.301453,0.36611193,-0.055129956,0.7358606,0.75408274,0.2730726,0.11724811,0.5208069,0.5849041,-0.17656273,0.23382819,0.89301646,0.89185244,0.89027333,0.89214104,0.88970625,0.88707495,0.89192396,0.8932087,0.87504256,0.8416132,0.8887684,0.88653475,0.88098097,0.8773873,0.8874134,0.8767608,0.8797102,0.88679904,0.88657886,0.8819378,0.85363007,0.7226278,0.7964328,0.74863625,0.80947894,0.88153064,0.81830776,0.8559405,0.86108947,0.84871364,0.7694942,0.6375302,0.86936665,0.87060064,0.85942507,0.8612785,0.8808974,0.8212374,0.88532764,0.8678004,0.78155077,0.6444357,0.4337764,0.67664105,0.6007028,0.7962746
0.76918733,0.70715576,0.88677126,0.8891079,0.8811911,0.8849311,0.88673,0.88404495,0.88610554,0.8884012,0.8832284,0.8612968,0.8894616,0.8900074,0.8891508,0.8893887,0.8844043,0.8780283,0.46668613,0.5136735,0.8836342,0.8853583,0.8926389,0.8860316,0.87595445,0.87405485,0.88437766,0.873836,0.8918006,0.8926478,1.0,0.8933227,0.8333527,0.8297607,0.8060992,0.70880383,0.88912904,0.8803389,0.8864971,0.8885152,0.87654257,0.8812751,0.610819,0.70536065,0.29796916,0.37025937,0.8545263,0.8559963,-0.089635506,-0.11112183,0.44793022,0.1350891,0.5061753,-0.122951634,0.87723494,0.8880944,0.79862815,0.5938972,-0.33028483,0.2967755,0.37196487,-0.046186026,0.7280096,0.7465962,0.27144668,0.11669559,0.52149266,0.5751541,-0.18311146,0.2262226,0.8914632,0.89086807,0.8875615,0.89019763,0.88873714,0.8849214,0.8915441,0.8924498,0.8728703,0.8350785,0.8887954,0.88417095,0.8799401,0.87723184,0.8854602,0.87772346,0.87726915,0.88496953,0.88388324,0.87968624,0.85130334,0.722147,0.79693276,0.7443794,0.8087281,0.88066083,0.8167212,0.8533813,0.8590655,0.8449561,0.7691559,0.6350265,0.8644422,0.8694515,0.858715,0.8608267,0.87848306,0.8227331,0.88364506,0.8657064,0.77457464,0.6376044,0.43468276,0.6725861,0.59217966,0.7907529
0.76914173,0.71582365,0.88572115,0.8882678,0.88214666,0.8849023,0.88604265,0.88488644,0.8869369,0.8885942,0.88292027,0.8653667,0.88796467,0.89127415,0.8894497,0.8901611,0.883986,0.8801384,0.46939117,0.51032656,0.88298196,0.8847193,0.8913701,0.88723123,0.8755591,0.87401843,0.88536143,0.87593204,0.8907456,0.8918749,0.8933227,1.0,0.83606684,0.8320137,0.8075104,0.71023244,0.88796216,0.8807655,0.8860002,0.88767576,0.8749696,0.87995994,0.61143833,0.7106564,0.30341902,0.36877614,0.85614383,0.8554153,-0.08567235,-0.10763315,0.44591376,0.13426374,0.51502,-0.12741435,0.877944,0.8884711,0.7962321,0.5957082,-0.33200896,0.29602233,0.37356323,-0.047872707,0.7248032,0.7514149,0.2793571,0.11704015,0.522382,0.5750522,-0.1804601,0.23829204,0.89114976,0.88967425,0.88590825,0.888637,0.88840586,0.8823444,0.89134616,0.89211804,0.8729267,0.8385485,0.8888091,0.88390696,0.8807726,0.87984616,0.88341945,0.87982064,0.8765597,0.8851447,0.8827147,0.8815061,0.85018015,0.72325677,0.7963431,0.751555,0.8115981,0.8802044,0.8178469,0.85505617,0.86070186,0.843712,0.7679589,0.63602304,0.86537015,0.86775315,0.8591162,0.8608941,0.8794064,0.8276581,0.8836153,0.8659263,0.7725821,0.639024,0.43657723,0.6716672,0.59923834,0.7904765
0.7508881,0.7358939,0.84570366,0.8319294,0.8195868,0.81812036,0.84383005,0.85365707,0.833747,0.8379619,0.85288286,0.86335826,0.8417384,0.84813446,0.8302829,0.83388454,0.8450852,0.85172576,0.50820124,0.52708876,0.81307167,0.81347424,0.8454336,0.8527359,0.8140281,0.7963187,0.82840633,0.81756353,0.83359325,0.83823377,0.8333527,0.83606684,1.0,0.86785,0.76145613,0.7741352,0.8410222,0.8558094,0.83124745,0.8364426,0.8165735,0.8190987,0.5884408,0.65977323,0.25179976,0.38030022,0.8373314,0.8021899,-0.03524642,-0.09683694,0.41005895,0.16230874,0.46106303,-0.14505687,0.85269016,0.83295614,0.7679373,0.64042854,-0.30499598,0.31196818,0.29558757,-0.05508468,0.7077188,0.7362981,0.26760718,0.1007342,0.4847532,0.53635275,-0.12657014,0.24509917,0.8341841,0.8263491,0.8305152,0.8289062,0.8302752,0.8221615,0.8443747,0.8391464,0.8621669,0.8388239,0.8405521,0.8326381,0.8241114,0.8350276,0.833508,0.83636457,0.80099756,0.8214827,0.8388503,0.8320397,0.8081288,0.7400282,0.72659355,0.7174628,0.83437955,0.8395124,0.8400214,0.8482805,0.84223086,0.7756925,0.6953043,0.5872157,0.8312909,0.7943324,0.80801684,0.83519334,0.83318704,0.803776,0.82476306,0.8377918,0.79321396,0.62759507,0.37967685,0.6340147,0.6299364,0.7658482
