1.0,0.13029012,0.6955906,0.27276653,0.6309765,0.5137437,0.60752034,0.2581832,0.6943576,0.48472375,0.90081364,0.36697024,0.82315856,0.3727323,0.7099196,0.37007228,0.61763555,0.49047363,0.59883124,0.44181517,0.406574,0.43967864,0.6898042,0.4762387,0.503149,0.36174414,0.32100448,0.3982575,0.54312265,0.48183048,0.6374211,0.57108796,0.5521324,0.5176984,0.5862192,0.36211154,0.5895674,0.529947,0.46351945,0.6362707,0.48394293,0.5930669,0.5695637,0.3926717,0.50391424,0.3997824,0.4481543,0.35057926,0.41232896,0.42139605,0.799196,0.5866491,0.63590074,0.3834869,0.41791716,0.44042763,0.4845613,0.27546048,0.2957591,-0.00092774566,0.24484065,0.06980456,0.32746136,0.15166393,0.7510133,0.34216383,0.5832309,0.4426837,0.2798086,-0.11226205,0.32178286,0.29568997,0.54102284,0.4521427,0.67562604,0.41599897,0.39116415,0.34693715,0.5161091,0.35268068,0.59263587,0.40790138,0.5805597,0.43758994,0.73563486,0.46487716,0.43433613,0.3814299,0.71660423,0.5563042,0.5407746,0.36496794,0.5386321,0.3843239,0.3454845,0.27058032,0.5114025,0.026917443,0.33963642,0.22374508,0.63474107,0.42725947,0.62784886,0.5659411,0.50201374,0.5034621,0.56464237,0.48061582,0.2165933,0.28784016,0.46127236,0.24998583,0.2276635,0.30148387,0.30189466,0.2911789
0.13029012,1.0,0.21276492,0.55589175,0.00094040635,0.43107757,0.009596819,0.6225335,0.39204007,0.52847546,0.11046544,0.7257338,0.043629285,0.49878508,0.23955947,0.38452667,0.046719898,0.42682537,0.3389718,0.34493864,0.08425349,0.18225375,0.08599656,0.42474833,-0.047082156,0.18334246,-0.0023462237,0.16399261,0.20699763,0.14570096,0.16164038,0.30618286,-0.10613629,-0.0036508334,0.03873808,0.06825512,0.19238667,-0.066993944,-0.056866128,0.16486837,0.2406791,0.08266334,0.19535878,-0.024305709,0.14201966,0.17538233,0.18591228,0.07272325,-0.06592363,0.45892224,0.035769694,0.56184125,0.18507767,0.27517593,0.092887096,0.06536235,-0.21953322,0.67054075,0.2642741,-0.012496666,-0.15186794,0.35563517,-0.3726267,0.63255197,-0.034225885,0.4887906,0.17469917,0.052133854,0.16601579,-0.2338003,0.035656665,0.1603678,0.12898941,0.07783326,0.16065688,0.058694355,0.2542304,0.14957823,0.2318213,-0.27923182,-0.026168948,0.26379576,0.24176133,0.23134884,0.05570162,0.55413675,-0.074542314,0.15730724,0.10020515,0.38754073,0.16154101,0.24192432,0.15763049,0.1454904,0.19433728,-0.08709953,0.0909819,-0.14856593,-0.002334789,-0.09724943,0.24847919,0.25256127,0.3165028,0.31681654,0.04383551,0.03135705,0.03836468,-0.016185464,-0.005608315,0.08439395,0.07134417,-0.023808908,0.16779351,0.19998902,0.1734364,0.19245377
0.6955906,0.21276492,1.0,0.63820803,0.5817194,0.44206697,0.7593384,0.5129792,0.59925437,0.39879158,0.70793635,0.35902143,0.72001255,0.4284203,0.5851032,0.27499193,0.52772796,0.3919694,0.80628973,0.561129,0.55760944,0.48915926,0.898955,0.7845324,0.7368651,0.43314558,0.3804064,0.38306513,0.5396669,0.17464577,0.8015566,0.7317219,0.49392807,0.5736531,0.6905575,0.45260495,0.64479476,0.43425658,0.6061974,0.6388329,0.42679444,0.5280667,0.6443618,0.41861778,0.58628094,0.37517405,0.6407942,0.3950309,0.37681502,0.33531365,0.6526764,0.5528691,0.68831027,0.5548781,0.6788712,0.45722693,0.24066168,0.30673617,0.018912073,-0.23537587,0.0493993,-0.04004252,0.1683132,0.23961619,0.53340095,0.30581942,0.6646567,0.43647674,0.38285094,0.032008633,0.51920795,0.5907687,0.720957,0.30891657,0.74642897,0.57182324,0.44227922,0.51707053,0.6316347,0.3520146,0.4870544,0.38988796,0.5429657,0.38153934,0.49222678,0.4755721,0.3944885,0.38414478,0.7079396,0.68591404,0.6189154,0.41789195,0.61460406,0.50741965,0.64749,0.41617188,0.812282,0.26206723,0.49194568,0.35986272,0.7332884,0.5986074,0.70717883,0.71292275,0.68635786,0.59544826,0.664963,0.6179352,0.40537772,0.4503931,0.6972123,0.3561162,0.20907362,0.2832332,0.5169199,0.48337692
0.27276653,0.55589175,0.63820803,1.0,0.19940259,0.47460052,0.5098333,0.81948584,0.485664,0.39378214,0.29829192,0.6482707,0.3015929,0.54770184,0.37198102,0.3146264,0.24411738,0.39785552,0.72502655,0.6619089,0.3613112,0.40059736,0.4942498,0.8163004,0.30296132,0.32523358,0.20332752,0.23170146,0.43795863,0.12728456,0.58971006,0.68154365,0.15424794,0.32123187,0.4082213,0.4262973,0.4777179,0.107055865,0.3200143,0.36362556,0.37698033,0.18223378,0.57433176,0.2692274,0.56376183,0.39221233,0.5641075,0.30071017,0.2263517,0.47023225,0.33414826,0.6010266,0.47038424,0.5755356,0.5289274,0.32492688,-0.097826436,0.5196813,0.2246263,-0.051615033,-0.0442217,0.18978237,-0.17836617,0.49371523,0.23186205,0.48050177,0.5797654,0.34484398,0.40647385,-0.10492162,0.34854054,0.5311284,0.41955334,0.1418436,0.4526321,0.29583737,0.49673554,0.41331813,0.4429052,-0.070063636,0.19641052,0.3538933,0.3876375,0.3534483,0.25733337,0.6460197,0.13263318,0.33698583,0.39426365,0.6378977,0.45091495,0.37459448,0.4271446,0.32568333,0.58441097,0.22396551,0.5302338,0.11782995,0.3972545,0.260996,0.5513349,0.48442203,0.60350454,0.5968798,0.38727406,0.38010776,0.35133174,0.3467805,0.25074825,0.44582605,0.46149394,0.3705686,0.24601835,0.37564975,0.5281156,0.4388787
0.6309765,0.00094040635,0.5817194,0.19940259,1.0,0.6068523,0.44758466,0.13612644,0.5952973,0.29950926,0.6917133,0.20585668,0.5310381,0.0015480659,0.58810014,0.14009157,0.4788381,0.31026503,0.48407313,0.36871082,0.3777,0.37873554,0.6575629,0.4687592,0.7549516,0.6404815,0.7190941,0.527953,0.4571668,0.41746566,0.63981074,0.6235836,0.45276746,0.48877355,0.49232498,0.36323795,0.52196467,0.52921027,0.5044131,0.5404001,0.3215023,0.4693268,0.5174442,0.40960968,0.37161744,0.25266677,0.5450434,0.49205908,0.21116355,0.29459396,0.48557994,0.36545205,0.63790166,0.42065918,0.4254336,0.53826195,0.28420332,0.078823805,0.116538286,-0.12040513,0.080841154,-0.21885923,0.18009648,0.0008258954,0.35026234,0.14834583,0.48807514,0.40103906,0.19179912,-0.07520402,0.38050523,0.26557836,0.51802725,0.447286,0.583986,0.4700035,0.3295053,0.35878766,0.44507307,0.3141931,0.44321573,0.31725532,0.5128426,0.3444406,0.54965633,0.3557213,0.46456072,0.42406967,0.69079727,0.5782231,0.51935834,0.4376737,0.5715598,0.42354125,0.38936815,0.31194106,0.5463222,0.06572853,0.38240218,0.26824415,0.57821345,0.41147363,0.521721,0.5167446,0.41558796,0.4385517,0.54712164,0.5458455,0.27160376,0.33130804,0.5859616,0.33754036,0.33961904,0.33367443,0.35897306,0.2639729
0.5137437,0.43107757,0.44206697,0.47460052,0.6068523,1.0,0.3748807,0.5846041,0.7498827,0.7533969,0.5782171,0.654337,0.45720613,0.4332561,0.6990602,0.5040054,0.45986134,0.61931634,0.56040496,0.5856025,0.3254526,0.39746696,0.39235255,0.4708582,0.36087605,0.49366745,0.6026323,0.7041043,0.6068157,0.6423247,0.62277335,0.70311815,0.30016074,0.40324163,0.37600234,0.5196313,0.60773337,0.47311282,0.35452968,0.51059556,0.5235829,0.48521474,0.60512275,0.39914832,0.54461855,0.37244105,0.48709506,0.44922122,0.14726643,0.4954895,0.3576749,0.51226795,0.52776825,0.4347899,0.35990036,0.51258475,0.08291893,0.47188917,0.29499042,-0.07113963,-0.023103587,0.09239326,-0.07508048,0.41242132,0.25251043,0.45328236,0.5795489,0.40126988,0.3108354,-0.2614603,0.32222834,0.306474,0.43181518,0.51862776,0.51349443,0.36159447,0.46469113,0.3950054,0.47221062,0.080909826,0.43140757,0.503676,0.65209436,0.5896572,0.5585604,0.690929,0.33835095,0.49196315,0.5574871,0.6433792,0.5039039,0.46961322,0.56516576,0.40644094,0.3887435,0.2183534,0.3640318,-0.036410768,0.34705943,0.21390575,0.59285176,0.43707338,0.67950016,0.6447885,0.34760058,0.42581585,0.44923624,0.4973482,0.25442415,0.3879307,0.41195115,0.35895452,0.40269503,0.49082536,0.50270194,0.3439021
0.60752034,0.009596819,0.7593384,0.5098333,0.44758466,0.3748807,1.0,0.42691216,0.4317277,0.22482394,0.63368404,0.19969678,0.77369523,0.320194,0.42942056,0.14638038,0.5629999,0.36174732,0.70621544,0.62385166,0.53682065,0.4579179,0.6676186,0.5581657,0.56736636,0.37964836,0.23832779,0.34452397,0.59473324,0.34454373,0.7832359,0.7180785,0.5871662,0.6209178,0.741025,0.63182425,0.5195597,0.48060304,0.50197613,0.55388474,0.3121835,0.4290811,0.69553643,0.47030586,0.6288731,0.39642364,0.62840915,0.39862552,0.38395962,0.3235865,0.5774332,0.4697984,0.44926372,0.3795644,0.56027305,0.42691433,0.4387699,0.11089824,0.060804028,-0.18930656,0.25222066,-0.112116754,0.41375005,0.03371591,0.5953432,0.258005,0.66307855,0.5519995,0.3929902,0.17421617,0.4423622,0.5072039,0.6267671,0.4117004,0.6319362,0.5228219,0.37222767,0.44667718,0.5111955,0.47412696,0.5903016,0.40060243,0.4637239,0.35785094,0.5778727,0.44027245,0.35841414,0.23707245,0.5730717,0.48287067,0.45555726,0.23967747,0.4781617,0.32796308,0.5682314,0.43351653,0.6507466,0.30255792,0.5525165,0.44040185,0.58067477,0.41751876,0.586274,0.5205375,0.6238846,0.5450568,0.5350328,0.4608447,0.409103,0.38877732,0.527849,0.48720396,0.25611836,0.25110206,0.48890495,0.4007212
0.2581832,0.6225335,0.5129792,0.81948584,0.13612644,0.5846041,0.42691216,1.0,0.53945273,0.49939612,0.30891824,0.7808085,0.36856622,0.6364683,0.43059134,0.3216321,0.35326356,0.5396377,0.68394184,0.6321623,0.34262356,0.37648875,0.35789233,0.6372662,0.19274141,0.3456766,0.23586863,0.31397837,0.5467666,0.23469336,0.51799715,0.60764676,0.17374453,0.34150198,0.3950217,0.45117408,0.47453824,0.11622536,0.32777715,0.34190565,0.3690644,0.15664728,0.57878685,0.3354425,0.5855329,0.43142694,0.52129215,0.31569973,0.23397976,0.5558129,0.26585454,0.62997717,0.38492388,0.47323582,0.53732437,0.2995949,-0.07669389,0.5750976,0.21595941,-0.12433641,-0.03954034,0.1488849,-0.13016811,0.53144217,0.23625265,0.5792053,0.5716083,0.36979657,0.3923796,-0.024503976,0.39519918,0.4675023,0.36238623,0.17729089,0.38469946,0.22437735,0.49367988,0.37927502,0.48401958,-0.042831592,0.27789328,0.4468036,0.46339545,0.4289834,0.28361762,0.7160513,0.06418755,0.304975,0.3645575,0.57002497,0.49904403,0.40114787,0.44534278,0.39563188,0.56301606,0.2275584,0.47098878,0.13069884,0.40800852,0.2621539,0.56685346,0.50115985,0.62490106,0.6011331,0.42252466,0.4110438,0.30524665,0.31476384,0.25957692,0.40851387,0.3539266,0.37698287,0.30156526,0.42309123,0.59884566,0.3809772
0.6943576,0.39204007,0.59925437,0.485664,0.5952973,0.7498827,0.4317277,0.53945273,1.0,0.67680097,0.7060976,0.65668166,0.54413825,0.49734145,0.7873466,0.5029042,0.44097254,0.5447297,0.60968643,0.5452384,0.38006234,0.39990416,0.5591455,0.5612924,0.43307447,0.42488223,0.4723075,0.43731144,0.5509331,0.4448649,0.61748236,0.6372582,0.22961628,0.31209067,0.40161285,0.3638335,0.5728472,0.28200477,0.34262303,0.4623324,0.5746439,0.40780798,0.6366707,0.36555958,0.5304036,0.39418507,0.546231,0.4810599,0.26072496,0.56241596,0.59253585,0.5805485,0.67111915,0.51567894,0.39993754,0.34397593,0.113876216,0.53323066,0.39585572,-0.030029481,-0.002573203,0.0907293,-0.069998145,0.47371742,0.39939186,0.49918485,0.6202457,0.39766598,0.35015896,-0.2681582,0.24607562,0.3153021,0.46214703,0.3729882,0.52832264,0.2716134,0.44968435,0.4551921,0.5932581,-0.0033061607,0.3966032,0.4266941,0.5954624,0.47805545,0.54323125,0.6467621,0.1984103,0.45841807,0.5948503,0.6169264,0.54024476,0.4957014,0.54945457,0.34216422,0.3921748,0.12356812,0.42956504,-0.11612323,0.31974077,0.11713996,0.6473771,0.44134966,0.69987166,0.710053,0.33052868,0.43307573,0.39939347,0.33114773,0.1589953,0.353357,0.42181513,0.27873027,0.38604718,0.4329634,0.41409492,0.19521211
0.48472375,0.52847546,0.39879158,0.39378214,0.29950926,0.7533969,0.22482394,0.49939612,0.67680097,1.0,0.48517403,0.6505845,0.3936089,0.69099903,0.6316858,0.7650035,0.33101085,0.5848875,0.44174412,0.43711427,0.24781883,0.28259525,0.2764265,0.33493406,0.08924288,0.08224582,0.20072126,0.5678424,0.47129065,0.46302417,0.41528916,0.44353306,0.1864218,0.24946544,0.23154865,0.35890853,0.54722047,0.3763627,0.22111706,0.49119946,0.5508525,0.52929014,0.44123682,0.28926343,0.41970938,0.3089233,0.31353915,0.27239066,0.16111825,0.39737687,0.32106635,0.48317057,0.4168841,0.29303166,0.21403395,0.36453885,-0.02007677,0.64406055,0.29346716,-0.083688036,-0.08976972,0.39923787,-0.2154455,0.56195164,0.25664175,0.52963763,0.4582173,0.22129346,0.23568346,-0.39229754,0.18518747,0.25966263,0.37985107,0.40588322,0.45876744,0.27620944,0.38798517,0.28260395,0.34369063,-0.04325265,0.28020898,0.4316663,0.55756664,0.5852701,0.42757657,0.56778973,0.29930902,0.4685869,0.39469132,0.4988918,0.38187012,0.38393402,0.44917333,0.31125605,0.24898958,0.15696394,0.22539453,-0.07642199,0.20655179,0.1086208,0.48089507,0.37929067,0.6042244,0.5893555,0.28410465,0.34104007,0.32822645,0.36964154,0.19625555,0.26772055,0.23289734,0.15515749,0.2372346,0.41120908,0.3130287,0.30975875
0.90081364,0.11046544,0.70793635,0.29829192,0.6917133,0.5782171,0.63368404,0.30891824,0.7060976,0.48517403,1.0,0.38373688,0.8527528,0.3547439,0.76010007,0.36385626,0.7007849,0.5666543,0.6214013,0.5034662,0.3466865,0.36861533,0.706475,0.4892045,0.5694799,0.43629187,0.4117014,0.42487207,0.6222977,0.54593223,0.71635807,0.6716819,0.59887916,0.5975655,0.646791,0.4596585,0.61572564,0.584444,0.50459284,0.6145931,0.48531067,0.59224844,0.667976,0.48985732,0.5297208,0.43475607,0.54750115,0.446436,0.37766552,0.43822852,0.7269837,0.5744573,0.6885993,0.45119122,0.46383464,0.51070756,0.41977745,0.28065485,0.19841047,-0.119452916,0.13873592,-0.053827748,0.28969544,0.15701365,0.65773624,0.36206552,0.6522404,0.48181608,0.3121078,-0.08907611,0.39495212,0.26862857,0.5552931,0.5181608,0.67965573,0.452355,0.41636124,0.322899,0.5575378,0.43290612,0.63363355,0.506969,0.63888514,0.52645195,0.77106625,0.5684968,0.46568266,0.44018698,0.7759859,0.6531043,0.5867451,0.4351023,0.61750126,0.45417312,0.4136927,0.28682804,0.5652076,-0.0003726227,0.4305929,0.2652528,0.6982746,0.47567955,0.6634992,0.6016274,0.5666368,0.55034417,0.6251176,0.53518856,0.26007944,0.29341343,0.53277296,0.32598957,0.33478868,0.37933597,0.42351612,0.34861088
0.36697024,0.7257338,0.35902143,0.6482707,0.20585668,0.654337,0.19969678,0.7808085,0.65668166,0.6505845,0.38373688,1.0,0.30066255,0.64924073,0.51996374,0.5018184,0.30963022,0.6494699,0.5214717,0.5406111,0.12407506,0.27547675,0.26800948,0.5395569,0.07822382,0.31503552,0.19600828,0.27223033,0.46847257,0.4026986,0.40942794,0.5201536,0.047186296,0.16989025,0.1975253,0.28281748,0.3685139,0.07289176,0.12789913,0.26385432,0.41877985,0.13262624,0.45729038,0.23348892,0.4093965,0.37756142,0.3604878,0.2356862,0.13541652,0.6442706,0.3445959,0.7084784,0.39492399,0.45366073,0.28236684,0.25457606,-0.09445954,0.70544374,0.39122015,-0.070014715,-0.0780683,0.27320865,-0.22737755,0.6010219,0.21228825,0.6055968,0.43560642,0.21592979,0.29901004,-0.289655,0.12533553,0.22059026,0.20803973,0.23414999,0.26922596,0.048925795,0.39807433,0.22948936,0.37380376,-0.20415713,0.21247786,0.40728402,0.44958523,0.45164096,0.34391147,0.74606293,0.093416505,0.39015892,0.30863735,0.56189233,0.41308826,0.42442727,0.3597575,0.2956543,0.28815204,-0.034591522,0.21890505,-0.17630054,0.16006812,-0.02120662,0.47383988,0.34256363,0.5393615,0.49501497,0.16810629,0.22305714,0.19533123,0.18391053,-0.0010882681,0.19562632,0.18036856,0.18788223,0.24777839,0.37911347,0.37240112,0.2121433
0.82315856,0.043629285,0.72001255,0.3015929,0.5310381,0.45720613,0.77369523,0.36856622,0.54413825,0.3936089,0.8527528,0.30066255,1.0,0.40939948,0.6134768,0.23183031,0.7661224,0.51309097,0.61691296,0.4841259,0.40272236,0.42899606,0.6922622,0.4586201,0.5108949,0.33200455,0.2755933,0.41495386,0.6568432,0.46522176,0.7022653,0.6310779,0.6286,0.6246024,0.7614999,0.5078626,0.56075186,0.57842314,0.5281035,0.6230822,0.3536093,0.5855245,0.6401278,0.544971,0.6244032,0.48073977,0.49262074,0.3728735,0.44669953,0.39052665,0.7333706,0.56270087,0.5251115,0.37379235,0.50042367,0.47305244,0.50767255,0.13431114,0.06834899,-0.18897091,0.24374875,-0.060797498,0.4904528,0.028167153,0.76391494,0.31487882,0.66088784,0.5226858,0.34608638,0.093557656,0.4475445,0.3808972,0.6515156,0.46167797,0.696592,0.509481,0.3370235,0.3542084,0.5803192,0.5792543,0.7171866,0.4636327,0.54082936,0.4020678,0.7101853,0.46841606,0.4084476,0.2706977,0.66697323,0.5087006,0.56027436,0.32417494,0.53405285,0.45319372,0.43964225,0.44706276,0.6114671,0.15546523,0.44412687,0.33801973,0.64966077,0.45997068,0.6170852,0.54617363,0.65254235,0.5879907,0.5989323,0.55371183,0.36421168,0.29177123,0.5265096,0.33048543,0.20117877,0.28547937,0.46379226,0.3398686
0.3727323,0.49878508,0.4284203,0.54770184,0.0015480659,0.4332561,0.320194,0.6364683,0.49734145,0.69099903,0.3547439,0.64924073,0.40939948,1.0,0.5243141,0.7562204,0.36641648,0.52209026,0.5110348,0.4558825,0.17406549,0.27578428,0.25609183,0.42960563,-0.06755493,-0.16233629,-0.0790322,0.17606704,0.4968194,0.22313203,0.3903327,0.41244784,0.15826203,0.20614101,0.23031217,0.30152643,0.4409925,0.14937477,0.18330036,0.37330863,0.51056343,0.32882822,0.45816222,0.35643098,0.5480769,0.469814,0.32423973,0.20316559,0.4186097,0.49468294,0.4105854,0.5884017,0.36770293,0.3841922,0.30784926,0.24233672,-0.07911755,0.7309151,0.34816873,-0.04177831,-0.038172178,0.47040483,-0.17208719,0.64847285,0.33991173,0.706089,0.5088855,0.20178728,0.29721874,-0.36398375,0.23013683,0.29673368,0.326857,0.19497521,0.3873497,0.10794892,0.43034887,0.2365042,0.31713843,-0.11692337,0.27884054,0.40182555,0.5101075,0.52702075,0.35258952,0.6042818,0.1695141,0.38383323,0.30211085,0.4542438,0.45998496,0.39589992,0.38914236,0.3462599,0.3724753,0.11380831,0.266454,-0.07491292,0.22795092,0.101667374,0.49372235,0.4321813,0.58206356,0.54951596,0.2731351,0.32201576,0.2648024,0.28896978,0.17013463,0.3162025,0.19707288,0.16132195,0.14389928,0.39271742,0.3768817,0.28622884
0.7099196,0.23955947,0.5851032,0.37198102,0.58810014,0.6990602,0.42942056,0.43059134,0.7873466,0.6316858,0.76010007,0.51996374,0.6134768,0.5243141,1.0,0.64487916,0.6436289,0.6628466,0.64893466,0.52052844,0.31176364,0.49378338,0.5354683,0.43530324,0.4027813,0.3047174,0.49030906,0.5153901,0.74411106,0.6043539,0.65549517,0.6399959,0.51641995,0.5289669,0.43724126,0.4577771,0.74528754,0.54648715,0.5650632,0.6511013,0.6772614,0.6105962,0.6289282,0.47126648,0.5220477,0.42646942,0.54139084,0.48655045,0.3791722,0.4660998,0.54715484,0.46866518,0.7015203,0.4872083,0.5226395,0.57760334,0.25914863,0.5259101,0.3567437,-0.006209053,0.08005764,0.10225395,0.047945213,0.4170982,0.41904223,0.5288387,0.6558374,0.47297263,0.35120302,-0.3268482,0.48422405,0.33596054,0.5201779,0.60305244,0.598356,0.36402893,0.58986515,0.4275899,0.56280553,0.2028591,0.6024148,0.62910247,0.83830357,0.7219282,0.7440427,0.7184536,0.4871979,0.660041,0.8029574,0.7264233,0.66779464,0.57980067,0.6723183,0.48171458,0.42070678,0.19015466,0.4944418,-0.09620285,0.43725953,0.26230833,0.7101499,0.48948994,0.7382688,0.694405,0.44033912,0.5404018,0.5635101,0.5076869,0.20485993,0.37477627,0.44020253,0.35888898,0.45502183,0.50103414,0.5108568,0.35203236
0.37007228,0.38452667,0.27499193,0.3146264,0.14009157,0.5040054,0.14638038,0.3216321,0.5029042,0.7650035,0.36385626,0.5018184,0.23183031,0.7562204,0.64487916,1.0,0.24920598,0.49292418,0.3606265,0.36343086,0.07279997,0.21894898,0.14697511,0.2290886,-0.07184282,-0.17523348,0.042367257,0.27861106,0.4472225,0.40041697,0.32745716,0.33624434,0.17004642,0.16340563,0.036460195,0.20681454,0.46499574,0.25234848,0.14969115,0.4115126,0.6079119,0.42141846,0.35690027,0.24660517,0.34610298,0.28887606,0.263043,0.22850344,0.2592921,0.32552767,0.25826406,0.3461039,0.3931151,0.31863046,0.16904192,0.3430353,-0.07239446,0.71680874,0.38745227,0.076639876,-0.14004347,0.5265519,-0.32718763,0.6085395,0.15211183,0.5751743,0.36416897,0.11066349,0.14003442,-0.6026332,0.1635107,0.12817603,0.21817091,0.39369902,0.29773867,0.10543416,0.43576562,0.18113418,0.15872847,-0.1989733,0.20248818,0.3977587,0.5861196,0.654415,0.41965356,0.5564235,0.35882223,0.5795664,0.3701709,0.48219642,0.3665246,0.42029637,0.38008538,0.23725566,0.18369617,-0.038279574,0.12067749,-0.20473243,0.16061334,0.07364036,0.40587506,0.28820994,0.5059762,0.45597377,0.097258784,0.19885841,0.221712,0.23883489,0.06435063,0.259711,0.11640065,0.13765495,0.2520441,0.39112756,0.19496919,0.24761447
0.61763555,0.046719898,0.52772796,0.24411738,0.4788381,0.45986134,0.5629999,0.35326356,0.44097254,0.33101085,0.7007849,0.30963022,0.7661224,0.36641648,0.6436289,0.24920598,1.0,0.7190786,0.6014029,0.5599886,0.3501953,0.42771426,0.53191453,0.34174848,0.44861528,0.34988287,0.39904287,0.4610132,0.8107658,0.61066,0.6195018,0.59981805,0.793842,0.8046772,0.77101356,0.6050799,0.64364564,0.69290394,0.62910473,0.6711901,0.40857014,0.4780304,0.60969853,0.643609,0.5650717,0.5689089,0.504861,0.46383616,0.5140765,0.43338656,0.5320119,0.4520632,0.507347,0.36805305,0.5869342,0.6276067,0.64902204,0.21493,0.1549534,-0.13388102,0.42820165,-0.116715,0.57947594,0.11392368,0.5910542,0.43637645,0.6877075,0.72998923,0.49662903,0.18463998,0.6248814,0.36189193,0.56594473,0.59353167,0.59902084,0.4471416,0.4333177,0.34873942,0.67286545,0.67891335,0.90372765,0.7423784,0.6863028,0.58662504,0.7929061,0.5866697,0.5467766,0.40596554,0.7161404,0.5775602,0.6556364,0.49918103,0.62032855,0.551232,0.46690255,0.3898829,0.55568236,0.12918365,0.58469635,0.44960326,0.66541123,0.510621,0.61162287,0.51205903,0.63915783,0.6245507,0.6138774,0.57374257,0.35143772,0.2806924,0.46718445,0.47213557,0.38089243,0.42961183,0.6090642,0.42139977
0.49047363,0.42682537,0.3919694,0.39785552,0.31026503,0.61931634,0.36174732,0.5396377,0.5447297,0.5848875,0.5666543,0.6494699,0.51309097,0.52209026,0.6628466,0.49292418,0.7190786,1.0,0.5684166,0.6340689,0.17918265,0.37601256,0.30680174,0.30885032,0.21200284,0.27732602,0.2679449,0.45655936,0.75353384,0.7479084,0.55269325,0.58238775,0.5455162,0.60679436,0.49606448,0.5328295,0.6321628,0.5532284,0.35594463,0.5676737,0.55292785,0.44399577,0.5353237,0.42068568,0.40752307,0.5189934,0.39789444,0.33377403,0.34151548,0.55331445,0.3727575,0.55605626,0.43730256,0.37531757,0.37763378,0.5203033,0.38353017,0.5939639,0.38526523,-0.13273054,0.23973508,0.09487321,0.18725465,0.48650506,0.40176222,0.6891901,0.5643384,0.5766622,0.43653756,-0.07890682,0.41241682,0.26086497,0.33362186,0.6311743,0.4271987,0.3218628,0.5048322,0.28144592,0.5060837,0.3150426,0.6823447,0.84889156,0.71287036,0.7137476,0.7019404,0.8154222,0.36539614,0.49115494,0.5652491,0.6554826,0.5300014,0.5144546,0.49123105,0.3827732,0.2987167,0.10489228,0.30993405,-0.18112198,0.39513913,0.21028896,0.53625715,0.3819213,0.5851554,0.4773514,0.38205466,0.41013205,0.46950167,0.38945422,0.08479685,0.14540946,0.2131322,0.38439453,0.4192181,0.47294262,0.5014459,0.38506153
0.59883124,0.3389718,0.80628973,0.72502655,0.48407313,0.56040496,0.70621544,0.68394184,0.60968643,0.44174412,0.6214013,0.5214717,0.61691296,0.5110348,0.64893466,0.3606265,0.6014029,0.5684166,1.0,0.8198102,0.5693746,0.5497014,0.71850634,0.7139174,0.5430528,0.47271892,0.36119527,0.4526935,0.7190408,0.37174153,0.7898539,0.7835658,0.6207189,0.6987256,0.65909624,0.5986105,0.7069115,0.46017835,0.63806194,0.6642709,0.5052422,0.42854398,0.7446673,0.51394415,0.6758403,0.54203,0.728376,0.5008112,0.44922823,0.5332247,0.51408666,0.615727,0.6466949,0.55659825,0.76645803,0.5562309,0.3176912,0.45137507,0.2355734,-0.16789937,0.21018252,0.05744489,0.16847014,0.3747851,0.5074874,0.56036496,0.7759671,0.62294364,0.56172615,0.059779834,0.62883514,0.56840533,0.62255615,0.4119789,0.6649631,0.48516116,0.556581,0.5279213,0.6392582,0.28233787,0.5721471,0.57609373,0.6778432,0.57465625,0.5731807,0.684847,0.39910847,0.43123305,0.69569784,0.7117269,0.6870286,0.5389688,0.7180402,0.58245325,0.7353556,0.39090785,0.72217363,0.27216187,0.6263846,0.49360713,0.7812915,0.69677114,0.80355173,0.7742527,0.672499,0.6690622,0.61348283,0.5574009,0.42590383,0.5294342,0.5896919,0.5023472,0.42509755,0.5339825,0.6598558,0.6274596
0.44181517,0.34493864,0.561129,0.6619089,0.36871082,0.5856025,0.62385166,0.6321623,0.5452384,0.43711427,0.5034662,0.5406111,0.4841259,0.4558825,0.52052844,0.36343086,0.5599886,0.6340689,0.8198102,1.0,0.48947826,0.46200648,0.5120693,0.5933925,0.3412207,0.45399562,0.303578,0.40260124,0.69099295,0.5326341,0.67876744,0.7584841,0.5456429,0.64511645,0.59682256,0.60934675,0.54816645,0.3864904,0.43175977,0.50905627,0.47686,0.2873857,0.746251,0.5093123,0.6518322,0.60321486,0.67271423,0.5354823,0.3687568,0.6316237,0.39906242,0.60658133,0.5231301,0.53823054,0.5521686,0.5269182,0.31843337,0.4554476,0.36769256,-0.13615555,0.26940456,0.07334626,0.14899562,0.39794913,0.40096608,0.5878818,0.77561337,0.68667907,0.6226793,0.06521296,0.46304527,0.3878222,0.43608195,0.5122316,0.4770467,0.34216225,0.44587278,0.43067637,0.5429415,0.218804,0.5330654,0.6026732,0.5711037,0.5666039,0.55417675,0.7184224,0.3218839,0.34879246,0.51017565,0.6285937,0.54119813,0.51642364,0.60102963,0.44795159,0.59719324,0.25059116,0.5083062,0.1163728,0.5596768,0.41281328,0.67328244,0.57181305,0.71210015,0.6472253,0.5184415,0.53776747,0.4385505,0.3413355,0.35773706,0.43320972,0.4502938,0.5209413,0.48958203,0.5703217,0.5771999,0.55025834
0.406574,0.08425349,0.55760944,0.3613112,0.3777,0.3254526,0.53682065,0.34262356,0.38006234,0.24781883,0.3466865,0.12407506,0.40272236,0.17406549,0.31176364,0.07279997,0.3501953,0.17918265,0.5693746,0.48947826,1.0,0.5840944,0.5075546,0.42145213,0.4632393,0.47958332,0.37444386,0.43572196,0.4504332,0.12886356,0.45147035,0.45792183,0.44228855,0.50720644,0.50576544,0.4667189,0.5244212,0.35859168,0.54338545,0.5678449,0.28032854,0.3973503,0.45739287,0.32681492,0.4643669,0.2581928,0.5302871,0.46526736,0.36544582,0.21863838,0.3397078,0.29058686,0.410788,0.25480047,0.6295564,0.44237062,0.35617068,0.16631494,0.1908596,-0.09725659,0.33676866,-0.038255006,0.255329,0.08632281,0.38860857,0.19769387,0.5415646,0.52689886,0.3455996,0.20017052,0.442536,0.65590054,0.6512388,0.33376804,0.56471163,0.47095847,0.3458144,0.6732143,0.42154917,0.26762357,0.34785244,0.25261402,0.307758,0.22473419,0.27783948,0.20722076,0.16012648,0.11448399,0.46886757,0.33555913,0.43623194,0.298567,0.49125776,0.36249596,0.61507046,0.47962314,0.5596311,0.5786777,0.49673328,0.51409024,0.52658457,0.4612071,0.5555507,0.56414944,0.48266307,0.4800092,0.34159467,0.26073202,0.48625463,0.47457743,0.4767509,0.36149797,0.21548371,0.23138848,0.43853828,0.41156116
0.43967864,0.18225375,0.48915926,0.40059736,0.37873554,0.39746696,0.4579179,0.37648875,0.39990416,0.28259525,0.36861533,0.27547675,0.42899606,0.27578428,0.49378338,0.21894898,0.42771426,0.37601256,0.5497014,0.46200648,0.5840944,1.0,0.47192737,0.4263327,0.3935516,0.37076533,0.37844452,0.5363168,0.6123074,0.37808868,0.5429038,0.523128,0.4635873,0.49148253,0.43008548,0.46973947,0.6308976,0.4895078,0.5891117,0.67486525,0.47218838,0.539095,0.43672657,0.34552234,0.4115531,0.3224393,0.46064135,0.38360986,0.37948105,0.2610346,0.37464097,0.35114175,0.38944465,0.23593773,0.5172483,0.4776206,0.33387202,0.21168922,0.27130985,0.10088886,0.34677473,0.020536235,0.20302896,0.13670078,0.41211143,0.336605,0.47677934,0.50298476,0.32701153,-0.05819638,0.5386618,0.6365012,0.6316429,0.49677882,0.6165082,0.48385254,0.48938364,0.5874739,0.34585306,0.2080444,0.462811,0.403245,0.5037263,0.35479382,0.46546882,0.40145615,0.33591786,0.31549656,0.539205,0.4518759,0.5096231,0.34187227,0.48106155,0.36877623,0.46582276,0.40495968,0.48562604,0.28552964,0.4458772,0.43004948,0.50725436,0.36333212,0.50852394,0.47487584,0.39762068,0.48259446,0.36437246,0.36025676,0.24132398,0.33018145,0.3588386,0.42654422,0.30527726,0.3468561,0.40396085,0.40159926
0.6898042,0.08599656,0.898955,0.4942498,0.6575629,0.39235255,0.6676186,0.35789233,0.5591455,0.2764265,0.706475,0.26800948,0.6922622,0.25609183,0.5354683,0.14697511,0.53191453,0.30680174,0.71850634,0.5120693,0.5075546,0.47192737,1.0,0.7655686,0.80859125,0.5241364,0.4721776,0.35708484,0.48887983,0.15152103,0.75127053,0.68812877,0.47466508,0.5494161,0.693561,0.38295206,0.57260627,0.4112723,0.60569596,0.6036621,0.36776987,0.48553973,0.60034716,0.43687475,0.5430667,0.38470197,0.60056055,0.42744637,0.35961092,0.31148297,0.68333346,0.53088975,0.7161365,0.593258,0.63497823,0.45724806,0.2951032,0.1521067,-0.033710033,-0.23050691,0.077310994,-0.15458481,0.24452868,0.06947167,0.52355313,0.15733542,0.6239176,0.4267714,0.34661585,0.07485608,0.4741981,0.5124864,0.6980978,0.2970872,0.70923245,0.5622056,0.3200736,0.46122366,0.611435,0.40134025,0.46647096,0.285677,0.44863844,0.27442193,0.46344838,0.3596576,0.3953694,0.32589072,0.6917268,0.6490561,0.6044776,0.42347145,0.6030496,0.5231906,0.5937715,0.4033064,0.79053515,0.2382199,0.4514135,0.3301853,0.71725506,0.5769969,0.6377547,0.6456025,0.6552114,0.54994935,0.62615395,0.5902095,0.3992682,0.37227613,0.7411648,0.3371828,0.20493619,0.2626591,0.42792007,0.3984082
0.4762387,0.42474833,0.7845324,0.8163004,0.4687592,0.4708582,0.5581657,0.6372662,0.5612924,0.33493406,0.4892045,0.5395569,0.4586201,0.42960563,0.43530324,0.2290886,0.34174848,0.30885032,0.7139174,0.5933925,0.42145213,0.4263327,0.7655686,1.0,0.58775616,0.4874319,0.3822712,0.2577089,0.41813523,0.086775586,0.66001046,0.7360158,0.21644212,0.3635852,0.5286185,0.32405603,0.49466893,0.16404474,0.43078828,0.44562307,0.36389953,0.31286812,0.5800257,0.3221399,0.57641476,0.39274165,0.5852815,0.36618412,0.2782647,0.44523162,0.51906663,0.6485918,0.65483874,0.6818562,0.5745439,0.37449092,0.025600195,0.3717635,0.125416,-0.11965654,-0.053773634,0.023341471,-0.0483617,0.3339994,0.32087517,0.31951934,0.60708916,0.32090777,0.35937172,-0.082799435,0.3643419,0.5117475,0.5816777,0.14975195,0.61832654,0.39609137,0.40957677,0.46289,0.5043214,0.0737729,0.2546467,0.24087635,0.37783775,0.2550975,0.3189022,0.52644426,0.24136482,0.3349589,0.536372,0.70189214,0.5357486,0.42951673,0.49982873,0.44671103,0.6234601,0.3109979,0.67565143,0.14214432,0.35609007,0.2101565,0.65084946,0.562985,0.62175,0.6459302,0.46331638,0.40633416,0.45695302,0.4546379,0.33398563,0.46218106,0.65354234,0.30733204,0.17788075,0.27262986,0.46070024,0.4215308
0.503149,-0.047082156,0.7368651,0.30296132,0.7549516,0.36087605,0.56736636,0.19274141,0.43307447,0.08924288,0.5694799,0.07822382,0.5108949,-0.06755493,0.4027813,-0.07184282,0.44861528,0.21200284,0.5430528,0.3412207,0.4632393,0.3935516,0.80859125,0.58775616,1.0,0.6515636,0.6687158,0.4092796,0.41684613,0.16292612,0.7082749,0.6315007,0.46677625,0.5370921,0.61958504,0.37282392,0.5061808,0.46155274,0.58056235,0.5154027,0.23582502,0.385826,0.5057524,0.36847603,0.35680354,0.22618398,0.56935745,0.4343736,0.19694352,0.15836217,0.46738946,0.31070837,0.5888425,0.46269774,0.596792,0.4267886,0.3237688,-0.034947123,-0.12682885,-0.22225548,0.08852602,-0.378812,0.27484092,-0.06962198,0.29913047,-0.00226964,0.46308866,0.4176427,0.28533804,0.21035025,0.48460236,0.4177566,0.6151323,0.31020975,0.6205967,0.5643803,0.27445045,0.39886087,0.57598597,0.4558053,0.43545637,0.27366865,0.39329177,0.21026379,0.38721436,0.22933267,0.38932693,0.28411865,0.6301196,0.5375244,0.49479544,0.3474573,0.52646565,0.4185485,0.5494433,0.38431904,0.75835395,0.3064417,0.48144263,0.35328484,0.5572149,0.4305276,0.4532323,0.47014835,0.56617856,0.47097245,0.60756063,0.5647587,0.40487432,0.36277297,0.7069065,0.39231345,0.26551956,0.18360585,0.4261838,0.32592258
0.36174414,0.18334246,0.43314558,0.32523358,0.6404815,0.49366745,0.37964836,0.3456766,0.42488223,0.08224582,0.43629187,0.31503552,0.33200455,-0.16233629,0.3047174,-0.17523348,0.34988287,0.27732602,0.47271892,0.45399562,0.47958332,0.37076533,0.5241364,0.4874319,0.6515636,1.0,0.66161317,0.3840865,0.40468425,0.3386699,0.48839396,0.5717751,0.32018006,0.40816718,0.4159256,0.31941232,0.34335333,0.2671129,0.3925575,0.3627872,0.13835631,0.16031648,0.4716752,0.31576064,0.29544654,0.21096997,0.52678573,0.49627268,0.08245142,0.38377798,0.28006572,0.40183708,0.4801223,0.40295288,0.49092838,0.45560828,0.28793985,0.022279587,0.081811264,-0.1792201,0.115665026,-0.39893153,0.19028966,-0.045730565,0.16331874,0.0693337,0.4006195,0.40242425,0.19835494,0.19827507,0.32785597,0.34409174,0.39055067,0.36581835,0.3906991,0.38331008,0.25293696,0.44975612,0.46215647,0.25576997,0.30876574,0.23856089,0.2972143,0.16012509,0.32204667,0.36111853,0.1795487,0.18077786,0.496185,0.48878077,0.422735,0.34935695,0.46743873,0.39553645,0.44087327,0.2385925,0.47896868,0.27787945,0.38495597,0.3213092,0.48337945,0.3859175,0.43513805,0.42319286,0.3604208,0.31755945,0.3097468,0.2617221,0.26692745,0.2762894,0.4992905,0.37080738,0.33641574,0.26623577,0.397499,0.25315556
0.32100448,-0.0023462237,0.3804064,0.20332752,0.7190941,0.6026323,0.23832779,0.23586863,0.4723075,0.20072126,0.4117014,0.19600828,0.2755933,-0.0790322,0.49030906,0.042367257,0.39904287,0.2679449,0.36119527,0.303578,0.37444386,0.37844452,0.4721776,0.3822712,0.6687158,0.66161317,1.0,0.5758994,0.43007892,0.3494571,0.51039934,0.53889793,0.32498705,0.42591366,0.38336632,0.37156373,0.48082012,0.43880382,0.5137211,0.42900994,0.25771397,0.33295444,0.41450515,0.3017202,0.29699272,0.16189268,0.44382653,0.4711539,0.10209266,0.1667269,0.22491372,0.15391612,0.48598495,0.349327,0.465044,0.5029092,0.19569191,0.056569025,0.0012574437,-0.010842252,0.036821272,-0.32204697,0.094772905,0.022944197,0.051800154,0.036552515,0.3845967,0.36237568,0.19515443,0.060406666,0.4517783,0.29592887,0.401922,0.41191027,0.4049226,0.37379935,0.3402416,0.40036187,0.45671088,0.291574,0.39193308,0.3394439,0.46298242,0.3402882,0.38819402,0.32704812,0.37055153,0.40343764,0.5720129,0.5192239,0.45517212,0.3918924,0.48416552,0.37226227,0.40951672,0.2765925,0.49121535,0.15468585,0.37144607,0.2847044,0.46435025,0.3098966,0.42362347,0.43657437,0.33272603,0.41229162,0.41592002,0.45391518,0.27628955,0.3655236,0.5115702,0.37964937,0.3511643,0.2999523,0.40192834,0.23519313
0.3982575,0.16399261,0.38306513,0.23170146,0.527953,0.7041043,0.34452397,0.31397837,0.43731144,0.5678424,0.42487207,0.27223033,0.41495386,0.17606704,0.5153901,0.27861106,0.4610132,0.45655936,0.4526935,0.40260124,0.43572196,0.5363168,0.35708484,0.2577089,0.4092796,0.3840865,0.5758994,1.0,0.54983985,0.52121717,0.5273014,0.5033422,0.487157,0.53083056,0.46352917,0.5627885,0.6455388,0.684242,0.5449394,0.63605094,0.33846354,0.6040261,0.404704,0.30962068,0.3734872,0.17264888,0.34471762,0.340034,0.14121167,0.099899374,0.21915197,0.18192913,0.31385675,0.10127459,0.41929775,0.5644185,0.29649353,0.21804218,0.07584729,-0.029233713,0.21809724,0.010904319,0.17271693,0.15832019,0.27805692,0.23564774,0.4377643,0.43420845,0.29977307,0.004178448,0.45318562,0.41855797,0.51729506,0.53569114,0.5304527,0.51333284,0.39064112,0.39981183,0.38319334,0.3334166,0.50008357,0.46634582,0.54176015,0.49644348,0.50831306,0.36351937,0.47479522,0.41786325,0.51721615,0.4199535,0.39240506,0.26712176,0.48297542,0.3827864,0.39641216,0.5109274,0.41845086,0.28316933,0.4135241,0.4086764,0.42504504,0.33385485,0.5115908,0.5055434,0.4122083,0.5165126,0.46432936,0.53976494,0.37486196,0.34011957,0.36336496,0.3933201,0.26816717,0.38249153,0.42891023,0.3930158
0.54312265,0.20699763,0.5396669,0.43795863,0.4571668,0.6068157,0.59473324,0.5467666,0.5509331,0.47129065,0.6222977,0.46847257,0.6568432,0.4968194,0.74411106,0.4472225,0.8107658,0.75353384,0.7190408,0.69099295,0.4504332,0.6123074,0.48887983,0.41813523,0.41684613,0.40468425,0.43007892,0.54983985,1.0,0.71011317,0.7237182,0.7236091,0.72401094,0.75403404,0.617931,0.6860716,0.782123,0.66656405,0.66005003,0.73510784,0.55971354,0.535841,0.7466923,0.6905227,0.6462236,0.65356964,0.6733273,0.60358185,0.55220985,0.5515713,0.46567115,0.5252822,0.5589256,0.46381086,0.6783788,0.68632424,0.46272597,0.41741273,0.32000715,-0.09434891,0.33497974,-0.0116227325,0.30947298,0.28181434,0.5142353,0.5885874,0.7509627,0.74522907,0.45698208,-0.054559574,0.7038579,0.477633,0.616443,0.72773314,0.64824355,0.5103121,0.67101616,0.49096414,0.61696064,0.41092503,0.7654512,0.761897,0.8078553,0.721293,0.77159613,0.7382481,0.5337996,0.51853186,0.734398,0.6632458,0.75120074,0.6485693,0.7428141,0.58891505,0.5754959,0.43595755,0.57064193,0.16892456,0.6987636,0.5574829,0.7371861,0.57902586,0.7492256,0.6483024,0.5791397,0.63208324,0.59474,0.54582787,0.36635682,0.390392,0.4672846,0.58900076,0.5790796,0.6179475,0.66424245,0.51355547
0.48183048,0.14570096,0.17464577,0.12728456,0.41746566,0.6423247,0.34454373,0.23469336,0.4448649,0.46302417,0.54593223,0.4026986,0.46522176,0.22313203,0.6043539,0.40041697,0.61066,0.7479084,0.37174153,0.5326341,0.12886356,0.37808868,0.15152103,0.086775586,0.16292612,0.3386699,0.3494571,0.52121717,0.71011317,1.0,0.5027771,0.54440594,0.5497702,0.5474312,0.3525716,0.5314733,0.5381746,0.6609048,0.32667518,0.51889795,0.4865811,0.4818466,0.52007115,0.45640212,0.33989936,0.4205816,0.37737954,0.41358027,0.22887954,0.45340383,0.2834429,0.34991747,0.33432135,0.21499728,0.2127884,0.5734376,0.43490285,0.285066,0.38697863,0.005823905,0.26961538,0.012250069,0.23410735,0.15989463,0.34988627,0.4276536,0.4636741,0.53235084,0.24731374,-0.15957963,0.32500204,0.10709753,0.25585458,0.80204844,0.38407657,0.33354092,0.45646644,0.22927265,0.3313378,0.30565047,0.62385213,0.6781904,0.6567843,0.65552676,0.7573953,0.64583796,0.4849266,0.4571173,0.51529425,0.48605672,0.42459735,0.43282413,0.46620992,0.29766405,0.13319321,0.1548644,0.15397997,-0.15806402,0.38235262,0.27331266,0.42590237,0.2311947,0.46924344,0.3568381,0.22470258,0.34237745,0.37263805,0.32914123,0.061145756,0.11852514,0.16893074,0.38869557,0.51874125,0.48830336,0.3473267,0.29483533
0.6374211,0.16164038,0.8015566,0.58971006,0.63981074,0.62277335,0.7832359,0.51799715,0.61748236,0.41528916,0.71635807,0.40942794,0.7022653,0.3903327,0.65549517,0.32745716,0.6195018,0.55269325,0.7898539,0.67876744,0.45147035,0.5429038,0.75127053,0.66001046,0.7082749,0.48839396,0.51039934,0.5273014,0.7237182,0.5027771,1.0,0.8917637,0.5900322,0.65015525,0.68929774,0.6409267,0.7123761,0.6046854,0.6143009,0.6318804,0.5234261,0.5354117,0.74281883,0.4850486,0.6027376,0.4156288,0.68037057,0.47216064,0.33082458,0.43545124,0.57366073,0.5470906,0.59328985,0.5180613,0.6159153,0.5329558,0.30190873,0.30637375,0.15203322,-0.15550584,0.14557563,-0.05913483,0.20618014,0.24360558,0.50257814,0.4150427,0.68665457,0.56755245,0.42783484,0.006668177,0.5399939,0.46202922,0.6328152,0.51199186,0.72113323,0.54045886,0.52742267,0.46281782,0.61654943,0.36597976,0.6285664,0.57774454,0.711437,0.5928118,0.6795819,0.645564,0.49206245,0.4967284,0.72304434,0.7167827,0.6279699,0.4757956,0.6681709,0.45516545,0.6072714,0.42083508,0.72345245,0.16111594,0.592127,0.39352092,0.7238675,0.5107157,0.6962425,0.65061444,0.59214026,0.600287,0.6612694,0.6088514,0.36315417,0.4172373,0.6029828,0.49672502,0.41925034,0.45763487,0.59708846,0.4703175
0.57108796,0.30618286,0.7317219,0.68154365,0.6235836,0.70311815,0.7180785,0.60764676,0.6372582,0.44353306,0.6716819,0.5201536,0.6310779,0.41244784,0.6399959,0.33624434,0.59981805,0.58238775,0.7835658,0.7584841,0.45792183,0.523128,0.68812877,0.7360158,0.6315007,0.5717751,0.53889793,0.5033422,0.7236091,0.54440594,0.8917637,1.0,0.5076435,0.6395382,0.65918314,0.6420682,0.6883811,0.52295357,0.5479466,0.59839,0.5283752,0.4949369,0.79321074,0.54261315,0.6405082,0.49686503,0.7409869,0.5612389,0.30645972,0.5515567,0.49885288,0.63421345,0.6420225,0.6096222,0.60762966,0.5736319,0.2347513,0.36603734,0.21689181,-0.14122044,0.10065701,-0.05029401,0.12631802,0.31703198,0.40779132,0.44760948,0.73732895,0.5797101,0.47776937,-0.047501754,0.5308649,0.4880195,0.64926577,0.55504113,0.69357413,0.5179069,0.534581,0.5153251,0.60959226,0.29017895,0.5587455,0.558581,0.658577,0.5626189,0.62464887,0.7398073,0.43515578,0.4850336,0.6898276,0.77001673,0.6578188,0.53478026,0.68641704,0.50046176,0.6182941,0.3681223,0.6694141,0.12108268,0.58270425,0.37785557,0.7698404,0.5664665,0.75118434,0.7064269,0.5577816,0.6073073,0.62977827,0.5705627,0.3306768,0.46179578,0.6328057,0.50568914,0.47800928,0.5075204,0.642517,0.47838375
