1.0,0.17712344,0.61133033,0.22048679,0.4126755,0.16860484,0.6367949,0.00086143834,0.4966921,0.1135525,0.57289624,0.00027763206,0.65197766,-0.114865996,0.21863417,-0.024196444,0.4131058,0.3958772,0.7326009,0.587386,0.1383606,0.35336453,0.56978345,0.2087641,0.5337534,0.3986969,0.2566591,0.23512547,0.29585624,0.37079567,0.4817749,0.5154795,0.4860301,0.50764865,0.47753227,0.4747454,0.4393058,0.33607522,0.03574509,0.47390577,0.076250166,0.26934093,0.52722377,0.44224182,0.5514934,0.60298157,0.5377739,0.38778755,0.5164431,0.48730758,0.7178604,0.4371426,0.4409167,0.1752629,0.41853648,0.3956105,0.72424996,0.45585307,0.109668784,0.2468387,0.20453596,-0.12158739,0.7069191,0.34067634,0.5908531,0.41949505,0.60676384,0.6138302,0.582127,0.5597046,0.42880535,0.30360878,0.35767806,0.42085978,0.38801894,0.25034806,0.39024362,0.38469678,0.3104237,0.4295771,0.5274868,0.247613,0.2987898,0.16022374,0.6375564,0.53472686,0.2524123,0.34702694,0.5881077,0.38213786,0.43356618,0.4153425,0.35646847,0.5665398,0.43872553,0.21968652,0.5089325,0.3467197,0.34288368,0.24530213,0.44851455,0.4310165,0.34900796,0.5100668,0.45645577,0.5077407,0.29254997,0.2372873,0.047809206,0.37934664,0.60732293,0.27407292,0.404616,0.35450864,0.3425307,0.22584558
0.17712344,1.0,0.27689168,0.18330248,0.12176352,-0.04057405,0.40272322,0.18889935,0.12458847,-0.05650546,0.009379896,0.20286575,0.06304814,-0.08164174,-0.11583454,-0.0006277049,0.08537271,0.16048081,0.21512052,0.28939125,-0.15922502,0.22168168,0.43128213,0.39812866,-0.02936111,0.041921828,0.011096036,-0.051135026,0.04782606,0.12891741,0.11750086,0.14145888,0.0681925,0.09597771,-0.06332505,-0.11279632,-0.010986461,-0.1964544,-0.01892478,-0.014756498,0.059419803,-0.09158684,0.082713105,0.046299964,0.13198921,0.041947387,0.02791891,0.030537177,0.11218604,0.25050497,0.05532876,0.23868139,0.01162999,0.30044615,0.008889813,0.055243976,0.28062603,0.40151438,0.08101161,0.09722313,0.20263016,0.07280913,0.16388099,0.28992677,0.15617234,0.15930432,0.14989617,0.088448994,0.21150365,0.15553252,0.065547496,0.12881492,0.08443826,0.06385171,-0.12830953,-0.04756019,-0.033843327,0.0387932,0.05392986,-0.04398235,0.11229072,0.23924862,-0.08910742,-0.14452575,-0.17390935,0.26851982,0.023885448,-0.064436175,-0.052554034,0.20127535,0.20301032,0.2650457,0.2829795,0.080852196,-0.21988115,-0.18410248,-0.12170704,-0.11855587,0.067091845,0.112821214,0.0046892418,0.08286184,0.09885431,0.034006868,0.08243236,0.09156939,-0.096151665,0.24848652,-0.07649711,0.106524654,-0.0714664,-0.065789476,-0.008193907,0.04184855,0.15091842,-0.15233058
0.61133033,0.27689168,1.0,0.54420185,-0.04158693,-0.335815,0.8411217,0.390601,0.17632173,-0.4195879,-0.017178863,0.15758814,0.2379218,0.0588554,-0.35861397,-0.3704735,-0.05003843,0.15508482,0.5886547,0.54371953,-0.27368444,0.04905564,0.5416944,0.5434404,0.15473616,0.2575439,-0.29588082,-0.3089503,-0.16912521,0.085425675,0.023030723,0.31924516,-0.0047497763,0.07625755,0.1259877,0.14181703,0.10768171,-0.1424364,0.002123316,0.23308827,0.14417733,-0.11181818,0.27905932,0.32366464,0.16437827,0.2907059,0.3457365,0.3008181,0.42761853,0.3904188,0.46030506,0.43773964,0.40674934,0.26600373,0.31280673,-0.06362927,0.45245838,0.33728403,0.22602364,0.15008545,0.21077077,0.039851427,0.45554614,0.2577911,0.28912163,0.40802768,0.22919188,0.3002322,0.22249104,0.52882105,0.13904957,0.010720952,-0.0077734203,0.084700525,0.06717511,-0.10072559,0.19414774,0.13802804,0.013528793,0.017569387,0.20954266,0.22204737,-0.20186675,-0.17049088,0.26067346,0.19857356,0.17640316,-0.03573871,0.066588834,-0.06531618,0.34789985,0.16621841,0.3111329,0.17068142,0.1328271,-0.02912206,0.13856345,0.002106063,0.22892003,0.26537117,0.14000723,0.095894195,0.23343205,0.30771965,0.09918716,0.3495527,0.23979948,0.05484194,-0.0009302898,0.27970368,0.2973538,0.16969232,0.21109767,0.20747702,0.17790453,0.030945629
0.22048679,0.18330248,0.54420185,1.0,-0.32132012,-0.36291996,0.49238044,0.7287521,-0.19651252,-0.58447164,-0.3902602,0.6382188,-0.16035065,0.6166676,-0.590657,-0.14169087,-0.3537747,0.09239056,0.4421523,0.56870425,-0.5795007,-0.20108499,0.13122424,0.7747535,-0.13242581,0.118535005,-0.5862262,-0.5426659,-0.2215269,-0.17005312,-0.3248505,0.0874337,-0.26692244,-0.06371353,0.04830423,0.13319887,0.172782,-0.24901329,0.26527205,-0.012248002,0.3667356,-0.31862026,0.25504488,0.45991805,0.05483624,0.21223448,0.43552884,0.45953116,0.4003825,0.3594295,0.3192478,0.5166863,0.48968422,0.35982192,0.44110188,-0.25086766,0.081838004,0.29812264,0.37750873,0.4003803,0.30880484,0.3855444,0.17955579,0.3681002,0.2534774,0.59810513,0.09268919,0.19610538,0.14200054,0.534191,-0.1615695,-0.14169656,-0.39788324,-0.21579225,-0.20390004,-0.41179904,0.17412625,0.07756403,-0.30959457,-0.14578813,0.023015661,0.3911057,-0.4130468,-0.11578478,0.033978697,0.15601863,0.2991641,-0.23344044,-0.32760692,-0.26424283,0.40503138,0.01084784,0.373998,-0.108758345,-0.024365785,-0.004194492,0.19505598,0.09265064,0.40095603,0.4069931,0.08860046,-0.111894354,0.42105046,0.25817034,-0.01822798,0.14582321,0.49061337,0.031946573,-0.051949885,0.32940063,0.24203405,0.31935787,0.21221572,0.22956204,0.14455827,-0.10494534
0.4126755,0.12176352,-0.04158693,-0.32132012,1.0,0.72076344,0.1071428,-0.5990932,0.7959963,0.795747,0.6013359,-0.34752727,0.48364374,-0.47534034,0.66842264,0.44837147,0.81653714,0.58482975,0.30632576,0.22968382,0.64221746,0.639329,0.3855613,-0.17635089,0.74805224,0.653593,0.82939196,0.8038801,0.64831066,0.58601946,0.8278797,0.5996645,0.79777354,0.7425562,0.58937067,0.3918867,0.50027734,0.65660566,0.045413073,0.32771444,-0.047878765,0.46732426,0.3541745,0.2131699,0.45307198,0.4148563,0.26543188,0.121508695,0.07824945,0.2009613,0.25337827,0.017582685,0.038591404,0.036495358,0.21160275,0.7116648,0.5343845,0.28184268,-0.3465872,0.13753434,-0.32321033,-0.56782395,0.42380834,-0.021306088,0.12712158,-0.0045975694,0.6080699,0.4790339,0.6236997,0.14397742,0.59699,0.54934657,0.51359314,0.6481047,0.43272763,0.61885816,0.28699178,0.34379867,0.7676415,0.722648,0.7373795,0.28733587,0.694175,0.39412436,0.45649442,0.62148374,0.3010226,0.7574932,0.6701919,0.79027396,0.19532166,0.58484274,0.12919843,0.60054153,0.4853349,0.32955605,0.41127017,0.367834,0.11553447,0.036063917,0.41895297,0.31233788,0.1994588,0.19169965,0.4608885,0.33770296,0.08231216,0.3587568,0.2554161,0.12211636,0.34196046,0.048824485,0.2131255,0.21474381,0.30848965,0.3610625
0.16860484,-0.04057405,-0.335815,-0.36291996,0.72076344,1.0,-0.17380482,-0.5673611,0.6217783,0.7657133,0.44604123,-0.23999421,0.4330098,-0.27738506,0.725936,0.59601146,0.6087777,0.34230593,0.22999446,0.15607138,0.6241011,0.5263773,-0.017588371,-0.35156474,0.5490482,0.518181,0.76435184,0.80998874,0.5961451,0.500827,0.6337969,0.39368746,0.6288333,0.5901098,0.5767262,0.42756417,0.5533593,0.67546445,0.1702863,0.31191233,0.123608254,0.4690525,0.46810177,0.33921584,0.5098747,0.43430027,0.30274522,0.23821086,-0.0039022395,0.19194429,0.15442058,-0.024375593,0.043766204,0.08749803,0.17208833,0.641386,0.2801187,0.08050196,-0.28893656,0.10362144,-0.30172613,-0.43899775,0.20868395,-0.06991099,0.15673685,0.025369057,0.56951874,0.42394754,0.49701142,-0.033572804,0.51284957,0.4166633,0.4008967,0.50745934,0.31929976,0.5740028,0.40009385,0.40487045,0.50572807,0.64724284,0.56456363,0.35803297,0.7245895,0.48521397,0.42772424,0.53537816,0.1627795,0.5918876,0.51365197,0.6438447,0.21281375,0.49657798,0.2111261,0.6259964,0.4055806,0.38391626,0.48976332,0.500906,0.24834538,0.117711134,0.48066226,0.41444978,0.31345832,0.2688691,0.45722947,0.285837,0.13574652,0.38026917,0.14725313,0.236823,0.3305072,0.27283064,0.3595208,0.29726827,0.40771475,0.32756418
0.6367949,0.40272322,0.8411217,0.49238044,0.1071428,-0.17380482,1.0,0.26673645,0.34349847,-0.2732244,0.1039401,0.1420343,0.3718359,-0.08422337,-0.23212703,-0.25749192,0.08242346,0.21314351,0.6323297,0.57036996,-0.18206748,0.20850554,0.592254,0.4769556,0.21299687,0.3446202,-0.149357,-0.15933521,0.019880874,0.293699,0.16768529,0.44030872,0.15805931,0.23573533,0.22954543,0.2183487,0.2424297,-0.011107449,0.013261008,0.2867928,0.15536338,0.0058167083,0.3615965,0.38747704,0.2760627,0.36822447,0.38649222,0.34456056,0.43128163,0.50085956,0.4740467,0.4625488,0.4090368,0.38161743,0.3403526,0.12851623,0.5370375,0.3921373,0.081855044,0.13068753,0.17845978,-0.064740345,0.52180743,0.3366629,0.38145176,0.40579018,0.3649709,0.40695697,0.32924637,0.5111749,0.26534954,0.16956176,0.16057824,0.2678568,0.14470935,0.054642107,0.29343858,0.30927598,0.10887395,0.12567559,0.35849878,0.37777096,-0.044683605,-0.07066091,0.27855378,0.27070588,0.19349276,0.059629474,0.123652406,0.12467544,0.47873157,0.3812019,0.43161753,0.29756296,0.148249,0.011643704,0.1448081,0.0367058,0.3117443,0.3300902,0.20523524,0.18697505,0.32203656,0.35382885,0.16773482,0.35965574,0.16300555,0.20844641,-0.022062974,0.3311658,0.23741326,0.19273673,0.25617298,0.22629206,0.24735968,0.010777209
0.00086143834,0.18889935,0.390601,0.7287521,-0.5990932,-0.5673611,0.26673645,1.0,-0.455439,-0.68081915,-0.44807756,0.6817209,-0.32732636,0.70277935,-0.7005049,-0.21774845,-0.6076658,-0.21365118,0.1788356,0.27227286,-0.7029922,-0.3362842,0.05761915,0.7206339,-0.39972445,-0.22412837,-0.7421704,-0.73361814,-0.4364841,-0.41138208,-0.47958842,-0.18266603,-0.54573655,-0.38983217,-0.2449409,-0.10280162,-0.15122187,-0.47289634,0.22661331,-0.107437916,0.2059567,-0.49036628,-0.0040319134,0.17302467,-0.18767172,-0.09104709,0.19943996,0.2560112,0.25409856,0.15120967,0.07892885,0.37173936,0.22233577,0.2789817,0.2356084,-0.4453716,-0.2183091,0.10445404,0.4347411,0.2210924,0.379773,0.60917884,-0.12856616,0.2645417,0.09149896,0.4687673,-0.20589626,-0.1387848,-0.1429549,0.27383828,-0.441893,-0.28575718,-0.4560117,-0.47209087,-0.37826425,-0.57910186,0.00030774903,-0.037493635,-0.56155896,-0.5134664,-0.3554584,0.12260746,-0.60976726,-0.23746371,-0.21699208,-0.025633665,0.10997814,-0.4541298,-0.45208964,-0.40582582,0.20617838,-0.22874096,0.2485169,-0.34152535,-0.2681291,-0.1842196,-0.05864141,-0.11839876,0.20129989,0.2723647,-0.111824065,-0.18431298,0.21630563,0.13068104,-0.1112796,-0.04633535,0.2694128,-0.17568621,-0.01963432,0.17390469,0.033403393,0.15102252,0.027854098,0.09455544,-0.028608026,-0.23266518
0.4966921,0.12458847,0.17632173,-0.19651252,0.7959963,0.6217783,0.34349847,-0.455439,1.0,0.6632345,0.51669574,-0.25972435,0.5425869,-0.45773807,0.5239946,0.28552723,0.6845488,0.4969817,0.3727358,0.26551884,0.52070016,0.640878,0.40674165,-0.11773404,0.667918,0.660787,0.6547443,0.66997117,0.562408,0.5812963,0.7235429,0.5419582,0.68848956,0.6269024,0.5632232,0.36383456,0.47532874,0.5615143,0.044542354,0.32350546,-0.007868292,0.37219238,0.38383412,0.26752716,0.43816304,0.40892705,0.27494565,0.15876016,0.09242238,0.273794,0.24797629,0.1127341,0.103391275,0.16692618,0.28204697,0.6517134,0.5230118,0.28773692,-0.35557157,0.084446676,-0.35180953,-0.55985415,0.45399147,0.09542048,0.22670002,0.101903394,0.57977396,0.4657058,0.5284066,0.2097859,0.5646752,0.5010707,0.497599,0.61665106,0.40372923,0.60101306,0.36832637,0.39652944,0.72947043,0.6547218,0.74311763,0.39574102,0.5706094,0.3034714,0.5062161,0.56349146,0.24112633,0.65525687,0.63946015,0.75028247,0.35020858,0.6586641,0.26851493,0.6401154,0.42505655,0.2332675,0.30642265,0.2487001,0.13270228,0.11855416,0.4381002,0.42829776,0.30401814,0.32275373,0.40334958,0.35422415,0.06389013,0.36322314,0.21020049,0.16868702,0.27340356,0.07118293,0.27914998,0.3177734,0.36782205,0.32041007
0.1135525,-0.05650546,-0.4195879,-0.58447164,0.795747,0.7657133,-0.2732244,-0.68081915,0.6632345,1.0,0.5879353,-0.3769874,0.37410083,-0.45735708,0.76381284,0.5476406,0.7443979,0.40310755,-0.025609637,-0.111591026,0.6949211,0.5277428,0.104307815,-0.45591736,0.55269074,0.3885633,0.8155122,0.8506762,0.6515286,0.4468668,0.7295075,0.33175033,0.6706591,0.55640864,0.42692602,0.21599948,0.32460523,0.59198654,-0.07273163,0.11634887,-0.17456014,0.41899592,0.16178012,-0.0039467914,0.28479818,0.17568803,-0.0013137148,-0.10094084,-0.19529958,-0.038074613,-0.033107944,-0.2536582,-0.2513041,-0.15960938,-0.084184274,0.6130081,0.23760994,0.06828142,-0.4772453,-0.02669371,-0.36585873,-0.50909275,0.13809416,-0.13572198,0.01120696,-0.18086514,0.406544,0.22780645,0.39427134,-0.1832792,0.41176575,0.43295342,0.5098315,0.52325344,0.30155703,0.58853394,0.122691445,0.17030634,0.6687561,0.6207198,0.5332632,0.10382893,0.6937846,0.4096105,0.30424875,0.42929545,0.10503922,0.65402186,0.611263,0.7492505,-0.0819332,0.3941836,-0.09745824,0.43004468,0.28413212,0.23455696,0.1991445,0.24889943,-0.10610238,-0.1743266,0.29324648,0.25910634,0.01728714,0.013404913,0.28153008,0.0979682,-0.13143124,0.25074732,0.18798557,-0.11956118,0.110291146,-0.11147825,0.03411826,0.04986107,0.15867828,0.33391628
0.57289624,0.009379896,-0.017178863,-0.3902602,0.6013359,0.44604123,0.1039401,-0.44807756,0.51669574,0.5879353,1.0,-0.30416906,0.76011026,-0.3629352,0.65926415,0.24082376,0.7002477,0.3503209,0.27147153,0.026144162,0.46013495,0.45365927,0.45716545,-0.3176174,0.561719,0.191518,0.60348654,0.6169622,0.6086888,0.5361773,0.74756896,0.40958634,0.67177147,0.59828633,0.47307402,0.3603453,0.31488925,0.5163578,-0.17536674,0.31822,-0.21232873,0.51349247,0.2278927,0.060625434,0.38891193,0.34073246,0.1378139,0.010716184,0.022509255,0.040256977,0.38292944,-0.09922871,-0.0635777,-0.24883917,-0.05616373,0.48978484,0.49007267,0.11786347,-0.22077663,-0.004281466,0.09402173,-0.31130737,0.4567314,0.0735037,0.315259,-0.07196446,0.51214874,0.4163332,0.4495939,0.067631125,0.51976115,0.39706343,0.59592116,0.5824756,0.43830845,0.5071351,0.2132743,0.24939853,0.4525181,0.47112492,0.4693584,0.0062465793,0.61957467,0.3560303,0.54276943,0.44759053,0.06231246,0.5215562,0.82263684,0.6196329,0.03033799,0.34297302,-0.024663368,0.45843726,0.2842207,0.14641528,0.3219169,0.26558787,-0.020242022,-0.19315413,0.24062598,0.3775508,-0.014909027,0.17664406,0.34675422,0.19556324,-0.13884868,0.20236507,0.1217451,0.00532857,0.35630462,-0.05942314,0.07728412,0.08433901,0.15956125,0.20512971
0.00027763206,0.20286575,0.15758814,0.6382188,-0.34752727,-0.23999421,0.1420343,0.6817209,-0.25972435,-0.3769874,-0.30416906,1.0,-0.19860323,0.7291389,-0.30299282,0.23465425,-0.32558522,0.07777613,0.28531328,0.44194055,-0.5098428,-0.17847309,0.030304797,0.6517894,-0.40287098,-0.11113959,-0.5136362,-0.40511352,0.027430361,-0.091701224,-0.30710062,-0.028276252,-0.2126316,-0.10190199,-0.008971693,0.05176831,0.15885799,-0.1556409,0.25700167,-0.117079966,0.42483315,-0.17015706,0.16071221,0.32233077,0.0746664,0.14331627,0.26726502,0.33481064,0.35414058,0.28748593,0.15805122,0.36703104,0.37173975,0.33709544,0.24137303,-0.25243685,-0.09624608,0.2739773,0.4183691,0.33090594,0.41377422,0.4444165,-0.0015384827,0.4466313,0.34738487,0.50042295,0.030363666,0.14174631,0.06945698,0.24434073,-0.2846926,-0.18273243,-0.3172166,-0.23842317,-0.3271483,-0.40852198,0.027843393,0.056925785,-0.36080787,-0.19061548,-0.031151613,0.44880953,-0.20426711,0.017937478,-0.013418371,0.17990085,0.42160776,-0.19936045,-0.25311753,-0.082889594,0.27969357,-0.013362805,0.26832938,-0.19623737,-0.11802854,-0.02977932,0.07684467,0.1378958,0.3581841,0.28002375,0.06938758,-0.10556196,0.4388467,0.2435483,-0.0057990504,-0.06534175,0.4442443,0.052743614,0.020472081,0.10046413,-0.052844137,0.3019447,0.14459507,0.2697866,0.17799568,-0.048297547
0.65197766,0.06304814,0.2379218,-0.16035065,0.48364374,0.4330098,0.3718359,-0.32732636,0.5425869,0.37410083,0.76011026,-0.19860323,1.0,-0.3366503,0.5524654,0.11399653,0.54457235,0.26623425,0.48917106,0.25199163,0.35509348,0.488399,0.42147228,-0.1956435,0.52566206,0.25177085,0.44543934,0.49388257,0.5428674,0.58762455,0.63237214,0.45338908,0.6203491,0.5655843,0.5488723,0.48222446,0.40381092,0.52397645,-0.10169306,0.4667818,-0.066153094,0.5059302,0.448585,0.3239971,0.54963976,0.5080375,0.31879938,0.25827634,0.18833554,0.26239407,0.5292733,0.12640935,0.16609275,-0.0005176067,0.0786451,0.44956943,0.5473754,0.1636431,-0.13565758,-0.030129526,0.098555595,-0.27910668,0.5323675,0.16470186,0.5110077,0.0920573,0.5945241,0.54826766,0.4720338,0.21228229,0.6448718,0.3243902,0.5502817,0.6295843,0.39937955,0.42953375,0.38046387,0.41317454,0.3348077,0.4640023,0.530816,0.2580915,0.5696741,0.25040138,0.58919513,0.45193177,0.042872515,0.38796434,0.65805584,0.50411534,0.24740823,0.4645694,0.25739607,0.5983253,0.33345,0.19942826,0.3863759,0.3429499,0.22036572,0.027838886,0.34059346,0.48747507,0.2106471,0.36218065,0.3993877,0.30099955,-0.006852327,0.33748427,0.05528674,0.26720354,0.41062203,0.20324351,0.3414959,0.24554504,0.37005943,0.16905566
-0.114865996,-0.08164174,0.0588554,0.6166676,-0.47534034,-0.27738506,-0.08422337,0.70277935,-0.45773807,-0.45735708,-0.3629352,0.7291389,-0.3366503,1.0,-0.3786065,0.17023478,-0.47128856,-0.11355603,0.1445923,0.2670834,-0.5111785,-0.34143013,-0.18073088,0.5696691,-0.40781128,-0.19278431,-0.5558253,-0.47974986,-0.17358041,-0.31110469,-0.41279513,-0.21355496,-0.36290032,-0.21689197,-0.026110666,0.03313074,0.085001655,-0.18207055,0.25011718,-0.14038366,0.35678783,-0.22634643,0.12685779,0.29094577,-0.07771997,0.032582562,0.25384942,0.3501007,0.1729385,0.08118666,0.11999783,0.26399875,0.27893052,0.16433744,0.24507122,-0.32581615,-0.2912259,0.039012313,0.5056673,0.28698608,0.3838491,0.55425996,-0.10934834,0.2393165,0.1513292,0.43189102,-0.0865997,0.0072506242,-0.045698136,0.22694504,-0.34640354,-0.33151582,-0.51011044,-0.37622738,-0.34751582,-0.5172809,0.02539054,-0.070529565,-0.49025416,-0.31595048,-0.24347734,0.2494101,-0.33155158,0.060896493,0.0011186838,0.04519331,0.29842916,-0.23629019,-0.3085586,-0.31626973,0.1714412,-0.22911178,0.20161515,-0.26529405,-0.11413194,-0.02585042,0.15109159,0.1582627,0.3089014,0.29048598,0.0050198473,-0.16997677,0.2827504,0.16234496,0.0027333272,-0.043957893,0.46950638,-0.22543101,-0.02419775,0.06703039,0.12591253,0.3318296,0.13722494,0.20898141,0.09529231,-0.034004897
0.21863417,-0.11583454,-0.35861397,-0.590657,0.66842264,0.725936,-0.23212703,-0.7005049,0.5239946,0.76381284,0.65926415,-0.30299282,0.5524654,-0.3786065,1.0,0.58803666,0.6832366,0.39571193,0.1169177,-0.0036752855,0.6924874,0.46758786,0.09732615,-0.52890426,0.40242025,0.26736075,0.8078476,0.8599525,0.75295335,0.577974,0.6726736,0.30025142,0.72920716,0.59305626,0.523867,0.37652928,0.41368076,0.6842405,-0.111858375,0.2921401,-0.048612405,0.65151685,0.26300287,0.10900759,0.4358419,0.34889072,0.08947223,0.024374625,-0.024094438,0.06439116,0.15244363,-0.20422502,-0.043258328,-0.14908072,-0.07596724,0.5828987,0.3582849,0.047949452,-0.24119063,0.003713669,-0.08425675,-0.39181632,0.31413302,-0.08347793,0.24307439,-0.14093319,0.50630057,0.3927147,0.38584012,-0.1431876,0.50690633,0.35709247,0.53620356,0.60382736,0.3576063,0.5509331,0.14740133,0.22382723,0.5286129,0.65281,0.5311903,0.1774797,0.87427396,0.53603095,0.51254547,0.36000758,0.1732306,0.6388464,0.70504737,0.6357191,-0.03452913,0.342221,-0.075884834,0.5165904,0.38195255,0.34499732,0.3416864,0.45740905,0.07149515,-0.0802772,0.29560006,0.34730816,0.03773185,0.13208705,0.37360176,0.14509872,-0.0070367693,0.2784486,0.15725927,-0.06546027,0.16370977,0.11985933,0.2126992,0.121974126,0.24575616,0.29881418
-0.024196444,-0.0006277049,-0.3704735,-0.14169087,0.44837147,0.59601146,-0.25749192,-0.21774845,0.28552723,0.5476406,0.24082376,0.23465425,0.11399653,0.17023478,0.58803666,1.0,0.35755208,0.29567713,0.16998872,0.15825063,0.3360939,0.3456695,0.032542735,0.017378438,0.148546,0.34280595,0.4347266,0.5309967,0.6116843,0.4341701,0.47085327,0.34319195,0.47639558,0.4389302,0.46386603,0.2952961,0.49096847,0.51213366,0.16487005,0.106857084,0.28229308,0.35549113,0.30639145,0.30045626,0.29707903,0.28327623,0.24503466,0.26075396,0.066679806,0.16242492,0.06441125,-0.03667933,0.09861333,0.07705163,0.100698605,0.39906526,0.08083693,0.07774942,-0.11292863,0.20617762,-0.005919249,-0.11569851,0.106247455,0.030502852,0.18485005,0.14757055,0.3664942,0.32237837,0.34107146,-0.050517786,0.25512758,0.2629938,0.24384011,0.3129868,0.091009244,0.28931528,0.19375233,0.2276813,0.2524217,0.4284055,0.38126376,0.47022244,0.6005085,0.50621563,0.3193879,0.47283268,0.41996974,0.49890557,0.3362105,0.547216,0.15264054,0.3035159,0.15242942,0.31498227,0.17135954,0.2506252,0.31261837,0.49722454,0.3038015,0.16103727,0.37265646,0.15025815,0.30739683,0.21726693,0.30008468,0.10969657,0.22994308,0.23259413,0.124032855,-0.024410427,0.10972682,0.31905064,0.26495486,0.22157125,0.30170357,0.24629216
0.4131058,0.08537271,-0.05003843,-0.3537747,0.81653714,0.6087777,0.08242346,-0.6076658,0.6845488,0.7443979,0.7002477,-0.32558522,0.54457235,-0.47128856,0.6832366,0.35755208,1.0,0.7386173,0.25917125,0.1783982,0.6092898,0.48405263,0.40014806,-0.23316707,0.6094779,0.5045515,0.7486546,0.7662557,0.7201474,0.6173074,0.7369108,0.50934684,0.84830123,0.7914449,0.53970623,0.35743052,0.41904962,0.6096883,-0.16810709,0.2115126,-0.104188725,0.5334521,0.2262036,0.11905874,0.4288387,0.39654332,0.12662919,-0.019099565,0.039493527,0.1391008,0.22732802,-0.05420032,0.021071428,-0.12956056,0.077241585,0.5862204,0.67468774,0.3827691,-0.29729575,0.14052813,-0.13768661,-0.49234653,0.55460835,-0.013536012,0.19611846,-0.06564113,0.57394665,0.4673866,0.6483736,0.2187305,0.55739033,0.5011517,0.5195858,0.6739485,0.38709047,0.5614187,0.11346325,0.16340607,0.8163775,0.7426394,0.7801477,0.19986121,0.70394266,0.4365005,0.48410982,0.4981675,0.23008773,0.7510825,0.7083817,0.7386965,0.07331767,0.45698455,-0.027949752,0.4391579,0.4123023,0.28383037,0.31696972,0.31909457,-0.0008407143,-0.12200499,0.21231551,0.19686477,0.020884266,0.042773798,0.33938426,0.17785762,0.01916389,0.32881823,0.24456038,-0.03763805,0.20714039,-0.06886887,0.05621004,0.05319459,0.18143179,0.32211894
0.3958772,0.16048081,0.15508482,0.09239056,0.58482975,0.34230593,0.21314351,-0.21365118,0.4969817,0.40310755,0.3503209,0.07777613,0.26623425,-0.11355603,0.39571193,0.29567713,0.7386173,1.0,0.40494847,0.47781578,0.3201704,0.29739508,0.4013027,0.15341502,0.39854768,0.527591,0.45301735,0.46879858,0.6059079,0.46454751,0.42910925,0.47742298,0.66749007,0.72648585,0.49262077,0.38972783,0.4143241,0.50168675,-0.117043674,0.16641508,0.09959294,0.37702265,0.2608724,0.26713485,0.43809235,0.4843581,0.26951003,0.11235888,0.3039236,0.3497606,0.28810537,0.21395004,0.27727553,0.044191577,0.2906225,0.39291582,0.70591193,0.6559598,0.032917395,0.36313623,0.0824692,-0.22453815,0.63883436,0.15507205,0.30649894,0.22057003,0.5721393,0.5579714,0.7006394,0.48592407,0.37600297,0.34493697,0.23008618,0.51089764,0.16877203,0.24480657,0.019100396,0.101534605,0.68100345,0.7058357,0.7770603,0.3977384,0.480117,0.4383608,0.44092083,0.48966074,0.48177448,0.69730234,0.47786736,0.56379825,0.16819961,0.32866585,0.013591396,0.2717484,0.4107571,0.34615192,0.3696736,0.35878882,0.14752012,0.07874765,0.22092792,-0.013722705,0.18488555,0.092527844,0.324272,0.18383065,0.34978223,0.26156762,0.29957607,0.029901471,0.19256502,0.06169917,0.10659345,0.14172919,0.19426602,0.35456482
0.7326009,0.21512052,0.5886547,0.4421523,0.30632576,0.22999446,0.6323297,0.1788356,0.3727358,-0.025609637,0.27147153,0.28531328,0.48917106,0.1445923,0.1169177,0.16998872,0.25917125,0.40494847,1.0,0.86195153,0.024542369,0.33881816,0.46560544,0.4846374,0.37046498,0.4951408,0.09832376,0.16020776,0.27628338,0.3919222,0.34721187,0.5493435,0.4566011,0.57005906,0.57373667,0.58073366,0.61666983,0.37679282,0.17144847,0.49063274,0.32224375,0.26157978,0.73187923,0.7065832,0.6625622,0.7316171,0.72470963,0.6311298,0.67071164,0.6869637,0.7046053,0.64399534,0.6466003,0.43587345,0.60154563,0.4068051,0.6481363,0.5211982,0.2883814,0.4063961,0.27918,-0.026420582,0.69617033,0.4535385,0.59222704,0.5966942,0.7072646,0.7413823,0.7204072,0.666756,0.45862854,0.28643936,0.21731475,0.38660356,0.21584876,0.16142023,0.4850213,0.5015255,0.123690695,0.3946008,0.5502181,0.5703865,0.25277013,0.20124488,0.5747537,0.6116904,0.3822186,0.34982285,0.35949647,0.36499667,0.6206297,0.5283049,0.58284944,0.6128182,0.47272322,0.32026598,0.6130067,0.5049278,0.64170116,0.49278894,0.5626769,0.3597623,0.567628,0.58078444,0.49433205,0.54889804,0.50870794,0.26614514,0.03809256,0.5568447,0.578657,0.5591685,0.5931487,0.53681445,0.5789508,0.28104705
0.587386,0.28939125,0.54371953,0.56870425,0.22968382,0.15607138,0.57036996,0.27227286,0.26551884,-0.111591026,0.026144162,0.44194055,0.25199163,0.2670834,-0.0036752855,0.15825063,0.1783982,0.47781578,0.86195153,1.0,-0.06469246,0.23261493,0.3612374,0.5984849,0.23196188,0.4739909,0.013077486,0.055653967,0.18720539,0.24084902,0.14864072,0.43434855,0.32973066,0.47589567,0.46341437,0.4585822,0.5593005,0.27540675,0.2258578,0.34167317,0.39078575,0.14472724,0.66467524,0.6927311,0.5885288,0.6608569,0.6691026,0.6152038,0.6921323,0.7143377,0.60812724,0.69045967,0.6515817,0.49908385,0.6060862,0.2957805,0.6060541,0.63447016,0.3882021,0.53970325,0.2820605,0.08882411,0.6461033,0.4730673,0.5363517,0.6692238,0.60249436,0.6525786,0.68344986,0.68771356,0.25826117,0.1616501,-0.0067899507,0.23555905,0.06734942,-0.012005301,0.32591805,0.3503359,0.107914254,0.36334297,0.51945466,0.5958096,0.13793749,0.17537393,0.44143632,0.5534275,0.4886251,0.2927662,0.15075427,0.24594761,0.5781827,0.43367496,0.538176,0.45174873,0.44517234,0.33761004,0.5512693,0.46825197,0.6380986,0.5410239,0.45214698,0.19281779,0.5547839,0.44946772,0.4061849,0.4353616,0.5725006,0.21280809,0.07229564,0.49949622,0.45293918,0.5365959,0.5185306,0.47344813,0.5046443,0.23626599
0.1383606,-0.15922502,-0.27368444,-0.5795007,0.64221746,0.6241011,-0.18206748,-0.7029922,0.52070016,0.6949211,0.46013495,-0.5098428,0.35509348,-0.5111785,0.6924874,0.3360939,0.6092898,0.3201704,0.024542369,-0.06469246,1.0,0.44276068,0.020034824,-0.51891667,0.5132942,0.37714103,0.74442035,0.76838756,0.47064447,0.37309986,0.53839254,0.28535658,0.5625171,0.47260952,0.4363227,0.2956255,0.274377,0.58797085,-0.09788977,0.27957654,-0.24897887,0.36946562,0.19614303,0.04311857,0.35964635,0.2522655,0.03828745,-0.07829815,-0.064900264,0.037095252,0.029386839,-0.19773234,-0.12798987,-0.10265072,0.05614662,0.57951164,0.28067514,0.03212725,-0.34317535,-0.079674214,-0.35874718,-0.5207025,0.21191013,-0.21871878,0.039190255,-0.18754625,0.39737943,0.2541791,0.32473055,-0.0826337,0.46496812,0.46801227,0.44409147,0.47053182,0.34926674,0.5301048,0.17789972,0.21264395,0.5463137,0.53258604,0.4291567,-0.0052249143,0.63353264,0.38974988,0.3020371,0.2350315,0.086482026,0.5880575,0.52417415,0.53880715,-0.027794814,0.34718862,-0.11428236,0.50104076,0.40950617,0.38234663,0.25949365,0.2862172,-0.029574003,-0.106467955,0.33671358,0.32594776,-0.022544598,0.089257315,0.266036,0.19743447,-0.04077457,0.17262745,0.21401498,0.0073450413,0.1463344,-0.020013198,0.11137291,0.053060617,0.0672427,0.35702497
0.35336453,0.22168168,0.04905564,-0.20108499,0.639329,0.5263773,0.20850554,-0.3362842,0.640878,0.5277428,0.45365927,-0.17847309,0.488399,-0.34143013,0.46758786,0.3456695,0.48405263,0.29739508,0.33881816,0.23261493,0.44276068,1.0,0.318528,-0.074569754,0.525276,0.5174575,0.5662347,0.57977605,0.46340394,0.4931516,0.6634987,0.53852475,0.5482833,0.52196324,0.51627046,0.3577259,0.4799908,0.52221864,0.02269132,0.35220674,0.12969688,0.36196223,0.42904738,0.30383176,0.4787524,0.41244468,0.32054785,0.21900873,0.17860264,0.33175287,0.29432154,0.16654481,0.11442613,0.2015909,0.19809972,0.60327345,0.38853744,0.17384215,-0.25482833,0.20339605,-0.25509366,-0.3831136,0.31070873,0.06837594,0.24838342,0.052405324,0.503986,0.46116188,0.44680104,0.089509115,0.5413019,0.5024957,0.5095182,0.56195265,0.35927767,0.47099125,0.46670288,0.5389048,0.44839275,0.44811183,0.5322079,0.3847941,0.45003068,0.2926188,0.34178644,0.5357267,0.1326682,0.46102282,0.46116468,0.63402754,0.29853114,0.60112727,0.30119243,0.6235566,0.28515515,0.19386695,0.30774516,0.2883357,0.212268,0.15737653,0.43680876,0.4187489,0.3213254,0.2878183,0.45645177,0.3514618,0.04377283,0.34244812,0.15549128,0.20874256,0.31073236,0.13206157,0.28935823,0.28596547,0.43876263,0.23190299
0.56978345,0.43128213,0.5416944,0.13122424,0.3855613,-0.017588371,0.592254,0.05761915,0.40674165,0.104307815,0.45716545,0.030304797,0.42147228,-0.18073088,0.09732615,0.032542735,0.40014806,0.4013027,0.46560544,0.3612374,0.020034824,0.318528,1.0,0.39188805,0.3573999,0.2583618,0.15605849,0.08894749,0.30822855,0.44063133,0.51843184,0.55919933,0.41752645,0.43047363,0.22696087,0.13612379,0.2088655,0.09134992,-0.038393054,0.2533702,-0.023081178,0.102434345,0.10515253,0.06363975,0.18139696,0.21111523,0.13682845,0.031367503,0.18161918,0.16406515,0.29958916,0.15265253,0.08357285,0.026409376,0.14312556,0.26125634,0.5717367,0.37642545,-0.080478825,0.1146118,0.25015697,-0.098647565,0.47935432,0.18765885,0.22638844,0.1288146,0.3772112,0.34421876,0.4388215,0.39600474,0.31623393,0.37188983,0.37859786,0.41768938,0.23996134,0.25283375,0.10319706,0.2009514,0.35278618,0.21230295,0.37057102,0.18921502,0.21312544,0.05633213,0.2742042,0.46873784,0.21944739,0.28879172,0.4903196,0.4886115,0.215119,0.3631718,0.17328943,0.24757287,0.026998674,-0.08399928,0.07529039,-0.024013728,0.01106371,-0.0172613,0.10477684,0.12584624,0.068557516,0.1167783,0.1411415,0.18744649,-0.084115826,0.19168667,0.024606068,0.10254478,0.22391513,-0.09836558,0.00080546085,0.052749593,0.17967921,0.04104069
0.2087641,0.39812866,0.5434404,0.7747535,-0.17635089,-0.35156474,0.4769556,0.7206339,-0.11773404,-0.45591736,-0.3176174,0.6517894,-0.1956435,0.5696691,-0.52890426,0.017378438,-0.23316707,0.15341502,0.4846374,0.5984849,-0.51891667,-0.074569754,0.39188805,1.0,-0.115969956,0.16931178,-0.48564938,-0.4852558,-0.16726209,-0.079850875,-0.14737257,0.20112447,-0.13065737,0.0229955,0.05342788,0.04031126,0.14267994,-0.25054672,0.22494294,-0.040618222,0.32253942,-0.31695595,0.23012492,0.383372,0.047699504,0.18208309,0.38107088,0.39969212,0.41150883,0.37686214,0.23731042,0.52899164,0.4267524,0.43582055,0.40614858,-0.15879022,0.1424728,0.40362188,0.35029137,0.3874487,0.30085728,0.39121062,0.19042185,0.38743284,0.19380058,0.5440157,0.123411074,0.19520311,0.26891404,0.53788435,-0.12423854,-0.02962131,-0.33274972,-0.18160611,-0.265738,-0.33952737,0.09295612,0.055298578,-0.21305197,-0.18387084,0.053225048,0.41382056,-0.36847708,-0.16374786,-0.044893965,0.3163146,0.36094743,-0.12133873,-0.25612316,-0.024077142,0.43587092,0.15935503,0.41095564,-0.089746095,-0.05374239,-0.04356189,0.0960996,0.053195585,0.36838725,0.40156347,0.05734247,-0.18272394,0.34878194,0.18692377,0.056598034,0.13454235,0.40478864,-0.007125933,0.030840177,0.25937292,0.15251896,0.2648555,0.15764953,0.2470805,0.212836,-0.079911605
0.5337534,-0.02936111,0.15473616,-0.13242581,0.74805224,0.5490482,0.21299687,-0.39972445,0.667918,0.55269074,0.561719,-0.40287098,0.52566206,-0.40781128,0.40242025,0.148546,0.6094779,0.39854768,0.37046498,0.23196188,0.5132942,0.525276,0.3573999,-0.115969956,1.0,0.64511883,0.629254,0.5579231,0.38422677,0.4329656,0.75055575,0.63616174,0.6055301,0.6265803,0.6193057,0.40683055,0.3911371,0.52309304,0.076278366,0.42695254,-0.17801832,0.31425965,0.42027217,0.28927925,0.4208854,0.38410163,0.3888238,0.19579911,0.10130897,0.15272677,0.35336706,0.056341097,0.08434339,-0.017719042,0.28379872,0.57311016,0.46787205,0.12527537,-0.3385696,0.12630138,-0.29129586,-0.45226446,0.3725762,-0.06835397,0.052777883,0.075189285,0.564295,0.44678062,0.5176653,0.2564794,0.58480966,0.42103845,0.43947133,0.49478695,0.49176657,0.5890443,0.47517076,0.39867756,0.5561325,0.5797252,0.54756105,0.12453918,0.45581776,0.2218961,0.48958263,0.5827393,0.12934826,0.5695197,0.5952147,0.5819448,0.19609222,0.42921072,0.12755421,0.56770647,0.44715255,0.28199673,0.4638101,0.31500718,0.08113059,0.002227736,0.40610567,0.38937294,0.14081244,0.28024864,0.3937697,0.3641499,0.064479545,0.22123194,0.153776,0.27605844,0.5872487,0.042159807,0.26603836,0.2193722,0.22875445,0.28852373
0.3986969,0.041921828,0.2575439,0.118535005,0.653593,0.518181,0.3446202,-0.22412837,0.660787,0.3885633,0.191518,-0.11113959,0.25177085,-0.19278431,0.26736075,0.34280595,0.5045515,0.527591,0.4951408,0.4739909,0.37714103,0.5174575,0.2583618,0.16931178,0.64511883,1.0,0.4799065,0.4630678,0.33118764,0.46639356,0.57128197,0.6788684,0.5693252,0.62288237,0.62458056,0.4428866,0.51851004,0.50710034,0.15727744,0.30624494,0.14638813,0.24373534,0.5379469,0.5127692,0.44428027,0.5000382,0.52264076,0.4030786,0.3464889,0.45237046,0.32322517,0.3138853,0.37531185,0.3396641,0.47025177,0.53120685,0.49605742,0.28910646,-0.21076415,0.32773486,-0.34110638,-0.40171105,0.4702767,-0.025019806,0.15690699,0.22693343,0.5845442,0.50864065,0.56595695,0.3442398,0.5090468,0.38801965,0.20384152,0.44103548,0.35432935,0.47786796,0.44374365,0.40175286,0.5630885,0.6415273,0.710128,0.4929967,0.4366221,0.28595838,0.50178766,0.5692285,0.40576485,0.61697626,0.37789854,0.5217898,0.43859243,0.5283639,0.29689375,0.53908205,0.54358834,0.4050557,0.4623213,0.42289266,0.36159676,0.35592204,0.44018835,0.2627471,0.42004314,0.35202223,0.45863214,0.4385682,0.3973479,0.28063518,0.28258693,0.28306684,0.4170323,0.31695992,0.40511888,0.33607376,0.40669125,0.3237453
0.2566591,0.011096036,-0.29588082,-0.5862262,0.82939196,0.76435184,-0.149357,-0.7421704,0.6547443,0.8155122,0.60348654,-0.5136362,0.44543934,-0.5558253,0.8078476,0.4347266,0.7486546,0.45301735,0.09832376,0.013077486,0.74442035,0.5662347,0.15605849,-0.48564938,0.629254,0.4799065,1.0,0.8803318,0.58721083,0.4901271,0.732797,0.39756495,0.7165957,0.6175803,0.49352983,0.3265187,0.39269134,0.67109597,-0.044768997,0.3330702,-0.118269116,0.5375694,0.2516226,0.06622628,0.41368258,0.3153309,0.12778774,-0.011706913,-0.048048608,0.106460705,0.12424517,-0.129382,-0.09136805,-0.08830016,0.06420094,0.6945607,0.4093116,0.12999976,-0.3348327,0.008967412,-0.2968159,-0.53669935,0.3130061,-0.15784787,0.074797295,-0.17927,0.50308245,0.34980202,0.4393369,-0.07473987,0.5274954,0.47193143,0.53263927,0.5697861,0.41271913,0.66307145,0.19995864,0.28101,0.67676127,0.6670818,0.56081873,0.10423405,0.7519514,0.44508055,0.400861,0.42128843,0.11696419,0.69071096,0.64855516,0.6710817,0.01067856,0.4033772,-0.03406572,0.5893372,0.42383155,0.35305247,0.33680514,0.3673636,0.016512709,-0.05824825,0.354106,0.3825025,0.041494098,0.11402192,0.44303033,0.24385464,-0.047265757,0.2882892,0.18128784,0.036511462,0.24899532,0.026072776,0.19894294,0.12007197,0.25152263,0.29014513
0.23512547,-0.051135026,-0.3089503,-0.5426659,0.8038801,0.80998874,-0.15933521,-0.73361814,0.66997117,0.8506762,0.6169622,-0.40511352,0.49388257,-0.47974986,0.8599525,0.5309967,0.7662557,0.46879858,0.16020776,0.055653967,0.76838756,0.57977605,0.08894749,-0.4852558,0.5579231,0.4630678,0.8803318,1.0,0.69703543,0.5634705,0.7161641,0.37229308,0.75695664,0.6476765,0.5669678,0.42336828,0.4794469,0.72779673,-0.056460515,0.30493146,-0.069149345,0.59530216,0.35632366,0.1813334,0.50338346,0.40361163,0.18371141,0.09222294,0.01656201,0.15116267,0.14355464,-0.08440021,-0.013132557,-0.0076044113,0.05125302,0.7081589,0.40053353,0.115581,-0.3336581,0.05398582,-0.2859291,-0.5179904,0.34042728,-0.07379603,0.15573299,-0.13115035,0.57923406,0.42857006,0.49405986,-0.062996686,0.5630732,0.44019422,0.52734405,0.6095317,0.369557,0.61484706,0.2375601,0.28801915,0.6547568,0.73228276,0.6432821,0.22119746,0.7937179,0.5153378,0.45773527,0.44241226,0.17709672,0.73342943,0.6517145,0.7129578,0.08183639,0.48863363,0.026041646,0.6105528,0.47725436,0.44754198,0.3975782,0.4739491,0.12672243,0.013037404,0.4024571,0.36671177,0.10138934,0.16784509,0.40839446,0.25795868,0.024251083,0.3304697,0.22427401,0.049766086,0.22722742,0.121957354,0.26820508,0.18880092,0.2954166,0.35468417
0.29585624,0.04782606,-0.16912521,-0.2215269,0.64831066,0.5961451,0.019880874,-0.4364841,0.562408,0.6515286,0.6086888,0.027430361,0.5428674,-0.17358041,0.75295335,0.6116843,0.7201474,0.6059079,0.27628338,0.18720539,0.47064447,0.46340394,0.30822855,-0.16726209,0.38422677,0.33118764,0.58721083,0.69703543,1.0,0.75186855,0.6699227,0.4526881,0.7628305,0.71496934,0.58761185,0.437842,0.51725215,0.6753558,-0.10429351,0.23137838,0.11602558,0.6507834,0.28848943,0.22918147,0.48339704,0.42107525,0.20232698,0.12711799,0.09562626,0.12989084,0.23291184,-0.032853797,0.08862672,0.008774242,0.070155725,0.5306962,0.4455712,0.28581375,-0.20586038,0.14250109,0.0052133743,-0.29332748,0.37849486,0.12340303,0.31572196,0.06800909,0.6040744,0.5534787,0.55525774,0.107699156,0.52209616,0.44581404,0.53811085,0.7064899,0.31947586,0.4796479,0.20369741,0.29828995,0.55488396,0.6355371,0.68544614,0.45632145,0.7776096,0.593251,0.51401675,0.50027245,0.3623856,0.6747037,0.6504953,0.73129314,0.14760268,0.48605365,0.087745585,0.4017872,0.29410776,0.30224577,0.3505552,0.41551763,0.17334028,0.007317074,0.3198761,0.19414765,0.22653212,0.19988988,0.29714417,0.16796437,0.10725357,0.40238744,0.17420304,-0.024721615,0.14200822,0.10307511,0.16517384,0.1897647,0.258113,0.26946074
0.37079567,0.12891741,0.085425675,-0.17005312,0.58601946,0.500827,0.293699,-0.41138208,0.5812963,0.4468668,0.5361773,-0.091701224,0.58762455,-0.31110469,0.577974,0.4341701,0.6173074,0.46454751,0.3919222,0.24084902,0.37309986,0.4931516,0.44063133,-0.079850875,0.4329656,0.46639356,0.4901271,0.5634705,0.75186855,1.0,0.68005955,0.6479925,0.7412221,0.7036222,0.5827171,0.45204327,0.4702752,0.586274,-0.08937741,0.4217096,0.11540313,0.684335,0.40347806,0.34158602,0.4985664,0.48757622,0.31378654,0.23685749,0.17068315,0.22480725,0.26720753,0.057918932,0.2704619,0.15402886,0.16757093,0.5794601,0.54917777,0.22502767,-0.29581556,0.049805943,-0.008247833,-0.36845654,0.47791052,0.09061185,0.29731056,-0.014089336,0.63062733,0.6198565,0.5314887,0.21923119,0.6382456,0.42321125,0.5914802,0.80199313,0.47169122,0.5562606,0.38940835,0.46276298,0.5014044,0.6106265,0.69427395,0.55054253,0.7027796,0.45524108,0.568263,0.4570224,0.2725784,0.5774246,0.6017161,0.66696525,0.34640598,0.58465356,0.29063037,0.47940007,0.2620726,0.21539739,0.27860504,0.31366274,0.26725626,0.14282553,0.30755198,0.21983533,0.24534655,0.27747628,0.2914882,0.2832093,0.04285067,0.4123585,0.07573629,0.18648636,0.18999973,0.21962355,0.29189992,0.27054387,0.3024995,0.1573009
0.4817749,0.11750086,0.023030723,-0.3248505,0.8278797,0.6337969,0.16768529,-0.47958842,0.7235429,0.7295075,0.74756896,-0.30710062,0.63237214,-0.41279513,0.6726736,0.47085327,0.7369108,0.42910925,0.34721187,0.14864072,0.53839254,0.6634987,0.51843184,-0.14737257,0.75055575,0.57128197,0.732797,0.7161641,0.6699227,0.68005955,1.0,0.6788949,0.7745887,0.7101088,0.6306236,0.40323684,0.4473086,0.57290083,-0.03594589,0.34668097,-0.111392535,0.46286735,0.36386913,0.21587151,0.4289951,0.3845374,0.26690796,0.13820907,0.0606526,0.13911588,0.2890212,-0.012347373,0.022068419,0.013999765,0.09015163,0.6495306,0.4837838,0.116411366,-0.39982545,0.058676567,-0.18895632,-0.45312345,0.39105698,-0.018813957,0.18330057,-0.014781132,0.6191086,0.49163857,0.5240701,0.071352705,0.61970013,0.5056006,0.6325421,0.6666663,0.48301935,0.6565445,0.3807854,0.3923192,0.6440859,0.6271814,0.63739073,0.2524525,0.691646,0.32367682,0.521166,0.65638214,0.20951827,0.64424366,0.7568264,0.8091331,0.19564515,0.55855477,0.1586043,0.599585,0.3354003,0.19739188,0.34721693,0.32619503,0.09072725,-0.008849698,0.3776303,0.4154844,0.17056407,0.2645482,0.4266936,0.34240174,-0.037419014,0.31593132,0.17402951,0.086633064,0.38470453,0.03814092,0.2364697,0.22513379,0.3302423,0.277486
