1.0,0.8661277,0.79181945,0.85227436,0.45992762,0.4158953,0.86262196,0.7969611,0.564814,0.44919246,0.8360443,0.8124008,0.76195616,0.7954684,0.18011048,0.3023374,0.66703206,0.59630007,0.88926566,0.8622236,0.035762288,-0.03857951,0.69724494,0.6964191,0.21779075,0.3389873,0.31848744,0.55226547,0.4813508,0.43862623,0.46088395,0.4958489,0.765745,0.60625595,0.57659036,0.6118215,0.40464413,0.45376232,0.45535555,0.4366291,0.26458803,0.27359533,0.723571,0.6129551,0.7084922,0.674416,0.68620026,0.52437544,0.6629672,0.5081298,0.7115923,0.4290674,0.37345666,0.1359355,0.45844704,0.47018582,0.92839044,0.8226069,0.7646733,0.76933235,0.90939015,0.83546466,0.809859,0.75972134,0.8112327,0.7810939,0.7270491,0.77145296,0.8592256,0.74171346,0.051109552,0.073755816,0.63885385,0.51694494,0.6484222,0.6947562,0.5685901,0.563912,0.65109944,0.6398949,0.73988,0.6197379,-0.12095913,0.044903617,0.54965544,0.46528962,0.030309688,0.054558944,0.5404658,0.47917846,-0.030296987,0.0110791465,0.40529865,0.23666681,0.5218401,0.59962153,0.80310404,0.6481025,0.6126285,0.46439576,0.17147571,0.15460059,0.22848432,0.2201591,0.18737043,0.044594422,0.12028079,0.045626823,0.40623397,0.70745707,0.75129944,0.59041137,0.15877923,-0.035622764,0.3867525,0.4669345
0.8661277,1.0,0.63161093,0.79073876,0.38044584,0.5982043,0.73962384,0.8307071,0.5119394,0.6221797,0.8671603,0.84280574,0.79538864,0.8449526,0.33137372,0.4374552,0.59110963,0.6036723,0.87354577,0.83907175,0.004596817,-0.14003523,0.7351764,0.77676755,0.20498528,0.3232024,0.16521786,0.51938385,0.425901,0.53432435,0.4493164,0.49143544,0.5982543,0.42377287,0.4886964,0.5475362,0.35263112,0.34864026,0.44351423,0.3905058,0.1641065,0.29563698,0.82286716,0.65428686,0.7694802,0.79244936,0.68716836,0.49102896,0.80834925,0.740919,0.8684961,0.68844736,0.57582515,0.28662276,0.49741372,0.48642,0.92148703,0.94627327,0.85354936,0.89613026,0.8935931,0.9021879,0.74606955,0.8242832,0.8375132,0.81087005,0.7516498,0.78391576,0.9333341,0.9163996,-0.042992413,-0.07396249,0.5626904,0.44330508,0.53222144,0.661163,0.46527064,0.40948528,0.5721385,0.54317325,0.75781673,0.7538335,-0.026499052,0.19676629,0.72829133,0.67500967,0.10784924,0.044510256,0.6244639,0.5890897,-0.08060806,-0.06581458,0.48741108,0.29768094,0.55585134,0.60424054,0.8653319,0.7140427,0.6457313,0.47885802,0.08845052,0.10918255,0.09685889,0.09077233,0.16926993,0.040344995,0.15923165,0.11075486,0.3175396,0.8570221,0.86694795,0.59201175,0.12328575,-0.1567959,0.28924143,0.5435367
0.79181945,0.63161093,1.0,0.8666099,0.2550779,0.34921658,0.745224,0.6501374,0.43062654,0.08080802,0.6377201,0.58914363,0.5917283,0.5942467,0.1332252,0.19860224,0.6919032,0.5597425,0.81692374,0.8274744,0.12783849,0.03656899,0.7242518,0.6660543,0.10145847,0.11057217,0.33339795,0.4733575,0.53832906,0.42815742,0.62742203,0.61178315,0.8464116,0.82423073,0.45714197,0.6921537,0.5176298,0.44976974,0.43350157,0.35918438,0.104736954,0.07465708,0.59756434,0.6911241,0.55076855,0.51395774,0.703533,0.6556274,0.45551363,0.30310893,0.53466964,0.265161,0.2966783,0.051165886,0.3497814,0.31468117,0.71322423,0.597047,0.644125,0.601585,0.7357275,0.6516165,0.6820406,0.64746374,0.6080245,0.64631146,0.57756764,0.74886686,0.6744106,0.5557973,0.32218263,0.34173936,0.61700165,0.5141113,0.5046341,0.54441893,0.704518,0.65699637,0.76363176,0.61324155,0.5632565,0.48718503,-0.056633584,0.08252506,0.34374928,0.3238932,0.049294233,0.1722982,0.25297126,0.19385435,0.003761717,0.018250443,0.20594685,0.14456601,0.3930274,0.43626517,0.54801035,0.46749952,0.41245812,0.3183521,0.30151698,0.26162118,0.38067514,0.31561562,0.29538816,0.06905566,0.11111492,0.013449118,0.34365138,0.5056973,0.5190146,0.42120415,0.11292823,0.005369886,0.5032254,0.4528111
0.85227436,0.79073876,0.8666099,1.0,0.4096151,0.49428704,0.8199487,0.80609965,0.565979,0.3112919,0.7939691,0.75433785,0.7615321,0.77578115,0.28869915,0.3968929,0.73397124,0.6556971,0.90246177,0.8545978,0.07609939,0.026730128,0.78038245,0.76432365,0.20294885,0.23645405,0.3571111,0.60494465,0.63881475,0.5892969,0.64979607,0.67701787,0.81462127,0.7090844,0.5431458,0.74778503,0.58135325,0.5413604,0.5848398,0.52033925,0.25032312,0.27071446,0.75339985,0.7747209,0.70660347,0.6720902,0.8064674,0.7179125,0.63416505,0.4632562,0.71490747,0.43723944,0.39884105,0.15371911,0.5641191,0.5303679,0.8361331,0.76733124,0.8053263,0.76281595,0.8555716,0.816747,0.7976754,0.80863184,0.7779966,0.8040086,0.7348343,0.8643155,0.83672744,0.7419602,0.31698245,0.31770822,0.71931696,0.62476707,0.6228316,0.6984597,0.6784023,0.6352276,0.7862004,0.67649215,0.71553904,0.6528152,-0.062477224,0.12911344,0.5730081,0.5341088,0.12064777,0.034431115,0.52877307,0.45278102,-0.024971532,0.0047140676,0.40655836,0.33226445,0.5431749,0.63535297,0.7653381,0.69166857,0.65099037,0.5076221,0.23734765,0.08868497,0.24345838,0.23071429,0.41149813,0.18584841,0.31840566,0.21352108,0.4821983,0.6765305,0.7318163,0.6184054,0.13492037,-0.11308827,0.4138035,0.62382567
0.45992762,0.38044584,0.2550779,0.4096151,1.0,0.21893308,0.48940217,0.36879244,0.801237,0.4185875,0.50217295,0.55860776,0.45752963,0.46345967,0.42535654,0.5544757,0.4065228,0.46987846,0.3888665,0.28495616,0.375011,0.5562724,0.2858435,0.44459337,0.237217,0.45736054,0.4961591,0.4218536,0.43195698,0.49289656,0.16058719,0.27526584,0.31868038,0.03647693,0.71282035,0.36930215,0.2411116,0.3969738,0.52991295,0.5559928,0.49657065,0.40457785,0.44469035,0.27213132,0.5777865,0.43997487,0.34085423,0.24842457,0.35350505,0.11014097,0.37833133,0.22847489,0.0793229,0.15122502,0.5600475,0.69965667,0.44840136,0.32652864,0.49907598,0.36242974,0.37458163,0.31984165,0.41815233,0.35707197,0.4680828,0.48531654,0.7137179,0.47750401,0.45702845,0.2894342,0.1967228,0.3017157,0.45268258,0.4719635,0.5108137,0.47985515,0.09299661,0.1059585,0.28641525,0.49658516,0.49256337,0.42985982,0.18878834,0.26031026,0.46214345,0.45066887,0.08935594,0.05177989,0.6086987,0.62318593,0.32122895,0.5019628,0.69988316,0.48408547,0.6762895,0.782158,0.54879516,0.5611792,0.6823724,0.70984167,0.20923528,0.09731755,0.3415171,0.5450571,0.48441342,0.52206504,0.35764822,0.28339112,0.7563924,0.39081392,0.40176702,0.7244181,0.5738554,0.2329632,0.38468274,0.5649833
0.4158953,0.5982043,0.34921658,0.49428704,0.21893308,1.0,0.300232,0.46769524,0.39652553,0.5384373,0.44903764,0.4979552,0.4548706,0.5192369,0.5556613,0.586639,0.35789096,0.4858907,0.5675319,0.5015423,0.26419398,0.022136146,0.6104434,0.64990866,0.049923267,0.012155614,0.1325361,0.53892547,0.24291132,0.57920176,0.47212824,0.44444418,0.30415872,0.20473284,0.358796,0.38433796,0.24730398,0.10457152,0.37685,0.26702544,-0.038297996,0.13415137,0.67448217,0.6048938,0.65622216,0.67465055,0.52862203,0.44021013,0.6354012,0.6288996,0.71847075,0.66080296,0.6731916,0.46519965,0.41556382,0.41867438,0.49711832,0.6196479,0.6892071,0.6924682,0.4960417,0.5639269,0.27259165,0.44448975,0.44310585,0.4622319,0.6036954,0.63161796,0.64813745,0.70422196,0.057639845,-0.014301284,0.25532362,0.26225683,0.11791552,0.35038647,0.2687921,0.110023804,0.37713063,0.2941393,0.43431985,0.6544848,0.34059402,0.51392657,0.6225008,0.6750973,0.32001048,0.16319534,0.41319028,0.51855356,0.21024223,0.18395692,0.46303797,0.20750135,0.49622715,0.40459982,0.5562817,0.54928833,0.5142741,0.4832573,0.17894828,0.15191463,0.20059577,0.2571899,0.37903455,0.2328214,0.051635955,0.01259268,0.25610763,0.67382747,0.6258779,0.565534,0.3651022,0.052559454,0.37480024,0.5738915
0.86262196,0.73962384,0.745224,0.8199487,0.48940217,0.300232,1.0,0.8431974,0.5796362,0.33148727,0.828929,0.7913507,0.8053089,0.7835204,0.17245792,0.2690993,0.76507694,0.6639471,0.8250724,0.7286313,0.04563495,-0.004844234,0.64188063,0.59164006,0.268816,0.32104787,0.43323326,0.5528896,0.6629582,0.49357867,0.5699542,0.62359333,0.8100399,0.6481675,0.6333338,0.70321023,0.59410703,0.6508661,0.59609026,0.5987174,0.42785254,0.42301646,0.6029656,0.6042328,0.5499852,0.54788554,0.7223447,0.62225425,0.5107158,0.30980715,0.5932678,0.27894375,0.16367276,-0.058330078,0.55157846,0.5189023,0.8314954,0.6732789,0.6693002,0.63023204,0.8447426,0.7639036,0.882925,0.7152882,0.84174806,0.7733815,0.6612605,0.7191526,0.73429257,0.6155958,0.32388207,0.3150112,0.79809856,0.6788283,0.7809097,0.74683857,0.67784697,0.6950298,0.73005605,0.7574372,0.7886752,0.60942197,-0.23753509,-0.13100517,0.5529059,0.36920866,0.045107372,-0.13583502,0.5767788,0.40531236,-0.18578634,-0.11056432,0.40577245,0.38596582,0.4060185,0.6121837,0.7494176,0.64581114,0.5999874,0.4114841,0.11372443,-0.006729304,0.07482416,0.107950665,0.31608105,0.18622921,0.28063422,0.24538144,0.4551805,0.5622714,0.6660768,0.55832636,0.002075783,-0.21675673,0.25372458,0.46141765
0.7969611,0.8307071,0.6501374,0.80609965,0.36879244,0.46769524,0.8431974,1.0,0.5542717,0.48269296,0.8790988,0.8524107,0.88949597,0.91117644,0.27746916,0.41508207,0.75885326,0.71799904,0.8401559,0.7650946,-0.0023597984,-0.14081462,0.774582,0.72027117,0.28641748,0.31448182,0.30970398,0.5819037,0.6340881,0.5928972,0.61200744,0.6307314,0.72864985,0.5571623,0.5693984,0.70966464,0.58157605,0.6128555,0.62064093,0.59223396,0.37453645,0.48526677,0.65294254,0.60435516,0.55893594,0.5602624,0.73007387,0.6115364,0.5766276,0.43424046,0.69060075,0.4557692,0.2574978,0.005114669,0.5833898,0.5042047,0.83838487,0.80123293,0.71125406,0.70842296,0.827759,0.829849,0.8478178,0.8632621,0.8379596,0.84986895,0.66204286,0.7253353,0.8111606,0.76404095,0.2549038,0.2103991,0.7496442,0.63938963,0.7197405,0.79520667,0.6240136,0.6195621,0.71373403,0.6983205,0.8646166,0.7995407,-0.22218913,0.02065442,0.7268726,0.5980004,0.0375189,-0.20084381,0.6180705,0.45612973,-0.31619713,-0.28832713,0.43179867,0.42838803,0.40711838,0.6017022,0.81154484,0.6944902,0.6038291,0.36346525,-0.07099889,-0.099343434,-0.07927263,-0.05113164,0.2545417,0.09538302,0.35396412,0.29849616,0.35960627,0.66761357,0.7757621,0.5600532,-0.109653525,-0.3811447,0.09174065,0.4818671
0.564814,0.5119394,0.43062654,0.565979,0.801237,0.39652553,0.5796362,0.5542717,1.0,0.4413001,0.63563055,0.6706895,0.62318176,0.6396943,0.6573087,0.7649245,0.6286625,0.6855109,0.5535703,0.46721336,0.47120872,0.4535925,0.49900097,0.6441069,0.13364369,0.27878502,0.48773485,0.584536,0.5838113,0.6993299,0.34849066,0.42841092,0.5025547,0.24944673,0.7415891,0.5523377,0.4501089,0.5150981,0.709703,0.6754686,0.5673708,0.46698034,0.5612717,0.44768834,0.642277,0.5043511,0.53063625,0.45007735,0.41805565,0.15267143,0.48010924,0.2872253,0.18588789,0.1588726,0.6888728,0.76389664,0.5713135,0.47470593,0.6266338,0.50835246,0.5000632,0.45017198,0.5131981,0.5290964,0.52543926,0.60117346,0.7684269,0.6435425,0.58377963,0.45820382,0.29711306,0.39940628,0.6047468,0.6502441,0.5901788,0.6313918,0.30366153,0.2560458,0.5171641,0.67553365,0.6608856,0.65613174,0.1831575,0.38872084,0.5893814,0.5978578,0.16321942,0.03321914,0.6534597,0.6512579,0.2438203,0.36638698,0.7578082,0.5936276,0.80260915,0.81977147,0.6475471,0.6508465,0.74918324,0.7358773,0.16042215,0.10809237,0.31151477,0.520943,0.53953433,0.5315479,0.42546126,0.32574734,0.79315656,0.4904291,0.50920516,0.7893451,0.47013247,0.09297724,0.40956643,0.6722846
0.44919246,0.6221797,0.08080802,0.3112919,0.4185875,0.5384373,0.33148727,0.48269296,0.4413001,1.0,0.54627186,0.61577827,0.5737345,0.61098844,0.40837955,0.5219827,0.24388154,0.39603442,0.40864915,0.36414513,-0.017338486,-0.097862996,0.38193712,0.4855336,0.25439197,0.43272045,0.2037172,0.45000988,0.19452307,0.38511944,0.092916586,0.12911868,0.08149678,-0.1828352,0.41926882,0.1937758,0.07918486,0.20362648,0.38938555,0.39322388,0.34961295,0.52485573,0.5753513,0.28731886,0.6034064,0.59561694,0.32867262,0.09406975,0.6112945,0.57538354,0.6590272,0.5386253,0.40349546,0.2716262,0.528599,0.55325675,0.57844114,0.63576245,0.5705793,0.5778969,0.51071465,0.54004204,0.408457,0.47489083,0.52586234,0.5058366,0.5833672,0.42546707,0.60621893,0.61874723,-0.21292879,-0.25249392,0.26494616,0.22846864,0.34785563,0.49203762,-0.027345838,-0.036726292,0.16446277,0.26714116,0.55889624,0.5684238,0.023665877,0.1857993,0.7048668,0.6260396,0.09686534,-0.19879326,0.7345626,0.7351314,-0.05873601,0.01597551,0.59077203,0.45974988,0.4498648,0.53052026,0.6806317,0.630064,0.6027382,0.49833712,-0.11532466,-0.11074151,-0.17293856,0.013354086,0.18738136,0.2819064,0.28972828,0.32113758,0.36168653,0.6598137,0.66906035,0.48687428,0.17429106,-0.19148374,-0.035922047,0.4634064
0.8360443,0.8671603,0.6377201,0.7939691,0.50217295,0.44903764,0.828929,0.8790988,0.63563055,0.54627186,1.0,0.91466045,0.9086446,0.9040917,0.37723038,0.4889011,0.7955535,0.7798331,0.8493716,0.772096,0.07618899,-0.023927115,0.7418234,0.74285525,0.24521323,0.3702425,0.37699166,0.5649658,0.6804679,0.6746199,0.5541807,0.6126837,0.6954213,0.4858487,0.628903,0.70780045,0.58359003,0.6119423,0.6606325,0.6355697,0.4208992,0.49063775,0.76984215,0.6732757,0.68966615,0.6775122,0.772045,0.6285973,0.6747429,0.50905484,0.7524863,0.49851182,0.35041317,0.117013246,0.67982394,0.6404,0.8873325,0.82969946,0.795571,0.7765479,0.8543461,0.80440396,0.8291459,0.82354903,0.8539418,0.8342748,0.7553082,0.78924876,0.85192096,0.7948247,0.24821763,0.21432976,0.77842015,0.6581548,0.72990435,0.79403555,0.5846853,0.56879985,0.72341764,0.75014985,0.8818909,0.79896885,-0.1273997,0.07535195,0.75111365,0.6470023,0.0512704,-0.14478177,0.70719486,0.5834563,-0.16503508,-0.11886484,0.5603682,0.49575123,0.54702836,0.7441649,0.87641513,0.7732708,0.73658895,0.5357344,0.030620264,-0.012755305,0.0012127459,0.075884625,0.29432312,0.2011835,0.37082583,0.33075216,0.48995355,0.7363258,0.82219315,0.6723943,0.03603425,-0.30057588,0.18586549,0.5997888
0.8124008,0.84280574,0.58914363,0.75433785,0.55860776,0.4979552,0.7913507,0.8524107,0.6706895,0.61577827,0.91466045,1.0,0.89839655,0.902396,0.36523908,0.51775086,0.7557005,0.79450953,0.80653256,0.7454843,0.11889195,0.025204219,0.7024046,0.73101354,0.20598714,0.39022475,0.4536816,0.65232563,0.6192413,0.66725713,0.49738935,0.5365024,0.6336507,0.3913838,0.6531162,0.63543224,0.49839395,0.5729279,0.66342705,0.64218086,0.46196064,0.5462283,0.7478016,0.60106003,0.69630903,0.66662437,0.69676095,0.52668005,0.64482766,0.49249637,0.7321437,0.5008898,0.32793283,0.15361258,0.68645906,0.67554986,0.86136556,0.8122665,0.77137625,0.74310184,0.80346906,0.76065254,0.7860808,0.80207974,0.7961184,0.7962565,0.7656554,0.74532586,0.82806003,0.77090776,0.18824507,0.1857054,0.7208291,0.61889917,0.747193,0.8000879,0.46400476,0.46349815,0.6402316,0.73291135,0.8621498,0.78758496,-0.116172895,0.09956339,0.7500585,0.66473436,0.03336199,-0.1336108,0.7358688,0.646173,-0.14301191,-0.053611193,0.6053808,0.514799,0.5728902,0.76561594,0.8797343,0.7778491,0.74540854,0.58168894,0.005422786,-0.03708443,0.028622339,0.12849909,0.3007544,0.23462108,0.36645964,0.31415963,0.5487827,0.7498831,0.8076617,0.6946152,0.10964044,-0.23371123,0.17489232,0.605143
0.76195616,0.79538864,0.5917283,0.7615321,0.45752963,0.4548706,0.8053089,0.88949597,0.62318176,0.5737345,0.9086446,0.89839655,1.0,0.92518675,0.36290923,0.4953823,0.8072209,0.80695933,0.80399305,0.6997265,0.04170959,-0.10438811,0.7585291,0.72916776,0.3124369,0.34558588,0.42540625,0.6383153,0.71162444,0.66239125,0.62846625,0.6652097,0.6778751,0.4693812,0.61953247,0.72868866,0.656446,0.7183765,0.73490435,0.7316219,0.5169349,0.6162072,0.7104443,0.659113,0.6180707,0.61043984,0.78956926,0.652038,0.622508,0.42937365,0.70339227,0.41765663,0.24539515,0.0065497486,0.7463362,0.6721251,0.8433914,0.783354,0.7517486,0.7178485,0.81744105,0.7658877,0.84487665,0.8217503,0.8230691,0.8163905,0.71397156,0.74762464,0.7920912,0.75669646,0.31356266,0.25013232,0.80995977,0.7147038,0.7853117,0.85993344,0.6066359,0.615716,0.73462135,0.7626745,0.9066361,0.7958423,-0.2594287,-0.027577663,0.7723784,0.6259431,0.023475727,-0.30941722,0.74450463,0.5766027,-0.32338354,-0.25201398,0.5661411,0.59815985,0.48562157,0.72879946,0.86144876,0.80072707,0.7265391,0.50220287,-0.09952704,-0.13480346,-0.14073682,0.012898924,0.31618953,0.260486,0.4605981,0.45515147,0.5167921,0.69246763,0.81227,0.6268352,-0.093829975,-0.44056794,0.07119267,0.6000742
0.7954684,0.8449526,0.5942467,0.77578115,0.46345967,0.5192369,0.7835204,0.91117644,0.6396943,0.61098844,0.9040917,0.902396,0.92518675,1.0,0.39093167,0.5335733,0.75752604,0.777888,0.83377415,0.76841277,0.09049382,-0.062053375,0.7546381,0.7602569,0.26311114,0.31223175,0.3740198,0.6202335,0.63326895,0.66194355,0.5466661,0.5799364,0.6428289,0.42124966,0.596626,0.6650737,0.5437707,0.6079683,0.65289795,0.65107465,0.4530137,0.56834435,0.715014,0.60563457,0.6537203,0.62244946,0.73075557,0.5768383,0.6313364,0.46813333,0.7224072,0.47461385,0.31119198,0.09397995,0.69543225,0.64555275,0.8610535,0.834486,0.76243174,0.74441373,0.8211144,0.8096696,0.8104633,0.8604058,0.80221415,0.825836,0.72822446,0.74835753,0.84012103,0.79481494,0.21313518,0.1726222,0.7294018,0.64908195,0.7148347,0.8147625,0.53056085,0.5324283,0.67452466,0.71207416,0.8781714,0.82087713,-0.18121955,0.0952194,0.7675917,0.6765336,0.047595374,-0.19395848,0.7323383,0.6023787,-0.22633505,-0.18693772,0.5502091,0.5005725,0.53234977,0.71533924,0.86571646,0.7799107,0.7299808,0.5216451,-0.073613726,-0.08292817,-0.045970894,0.039045557,0.29763177,0.1908922,0.4034835,0.3500132,0.49236268,0.72693276,0.82284796,0.65573514,-0.0053109373,-0.3353937,0.116302095,0.5941592
0.18011048,0.33137372,0.1332252,0.28869915,0.42535654,0.5556613,0.17245792,0.27746916,0.6573087,0.40837955,0.37723038,0.36523908,0.36290923,0.39093167,1.0,0.87910545,0.3765965,0.5602754,0.32235363,0.26933995,0.5265694,0.38554907,0.34438998,0.52089775,-0.04531146,-0.09551507,0.2013254,0.33122826,0.4750086,0.7670225,0.28014416,0.33037424,0.12720764,-0.027732236,0.38310188,0.29674977,0.35849088,0.21338233,0.54527086,0.44685727,0.2890193,0.30050448,0.51250374,0.47497803,0.5079988,0.50226945,0.42217678,0.39361796,0.4503758,0.2885368,0.47788262,0.44134507,0.4951593,0.46822175,0.6277907,0.6599437,0.26657957,0.3417536,0.5104089,0.4534235,0.22839159,0.2550422,0.13289665,0.27119386,0.2349862,0.29324389,0.51909053,0.50608873,0.38726208,0.42814758,0.30184975,0.319957,0.34311023,0.443813,0.14377004,0.28389853,0.11807189,-0.04085322,0.34726045,0.36720797,0.40227842,0.6025234,0.5620356,0.6718399,0.6041278,0.6812518,0.2561728,0.06698766,0.54084957,0.62616765,0.39204997,0.37081102,0.66561514,0.514302,0.6480451,0.5444369,0.44104096,0.5566349,0.6350983,0.6896437,0.16406235,0.052183546,0.14657304,0.30938444,0.5662303,0.5832849,0.3431315,0.30041036,0.5441403,0.38513982,0.39217243,0.642652,0.42488945,0.015609641,0.2957465,0.7074518
0.3023374,0.4374552,0.19860224,0.3968929,0.5544757,0.586639,0.2690993,0.41508207,0.7649245,0.5219827,0.4889011,0.51775086,0.4953823,0.5335733,0.87910545,1.0,0.46438348,0.642628,0.42736253,0.3515034,0.4597127,0.3379151,0.47904423,0.6294875,0.08837746,0.116933994,0.32487455,0.5443196,0.51991385,0.7968612,0.3527313,0.38693866,0.23009358,0.027305404,0.50055635,0.40276965,0.40172774,0.33275077,0.67361516,0.5832814,0.4211267,0.45274526,0.59286857,0.49226308,0.59968555,0.5498014,0.49039778,0.43479863,0.48062623,0.29668128,0.53730786,0.45324588,0.4243827,0.38351223,0.7023034,0.7382227,0.38514733,0.4453572,0.6038164,0.5225394,0.32809746,0.3596126,0.2828853,0.43787134,0.3356078,0.44796985,0.6453174,0.59594595,0.50317234,0.50350016,0.28618106,0.30498573,0.41629955,0.49232018,0.31263518,0.44035026,0.15192638,0.043358095,0.39656496,0.4614146,0.5309752,0.71172017,0.4504636,0.6527337,0.68911356,0.7939752,0.26228577,-0.031562734,0.6511317,0.72840023,0.31956708,0.3424088,0.7658507,0.59821427,0.6955909,0.6727453,0.57155484,0.65550584,0.71675056,0.7391998,0.101422735,-0.0467764,0.14284872,0.32580465,0.58206505,0.56521857,0.4494281,0.37324297,0.6478864,0.49382767,0.52055454,0.7327163,0.4546257,0.0015932686,0.24771576,0.74474627
0.66703206,0.59110963,0.6919032,0.73397124,0.4065228,0.35789096,0.76507694,0.75885326,0.6286625,0.24388154,0.7955535,0.7557005,0.8072209,0.75752604,0.3765965,0.46438348,1.0,0.8809617,0.7448837,0.63427943,0.22102785,0.07917249,0.7136439,0.6362827,0.12643173,0.1844446,0.5408268,0.59666365,0.8287837,0.7171505,0.73765904,0.74729455,0.8092225,0.68705076,0.6715495,0.84040326,0.8023298,0.7808555,0.7878073,0.7388604,0.5214119,0.491187,0.59667164,0.6934497,0.49487266,0.45790905,0.80520827,0.78323585,0.4070805,0.14658962,0.49986383,0.19204938,0.13520016,-0.091757834,0.6950827,0.60482454,0.6763397,0.5408361,0.6204078,0.54386747,0.6648388,0.5633211,0.71885437,0.6320345,0.65274423,0.67966604,0.6281207,0.7329106,0.62431645,0.539613,0.5927398,0.5584836,0.86680657,0.7836362,0.75262225,0.74588543,0.7558878,0.7330439,0.87558866,0.8550733,0.8305797,0.7284361,-0.14122334,0.017343806,0.5859869,0.48825523,0.045972846,-0.20550878,0.5273043,0.37142095,-0.14797588,-0.10710126,0.47484168,0.55107856,0.4479167,0.65062916,0.6697654,0.6549088,0.61599857,0.4497391,0.07245397,-0.058882713,0.04403691,0.15446481,0.46512905,0.34300062,0.4100199,0.39826548,0.5548278,0.46139953,0.5979094,0.6155505,-0.01077181,-0.28869352,0.24131985,0.579329
0.59630007,0.6036723,0.5597425,0.6556971,0.46987846,0.4858907,0.6639471,0.71799904,0.6855109,0.39603442,0.7798331,0.79450953,0.80695933,0.777888,0.5602754,0.642628,0.8809617,1.0,0.7000182,0.6032261,0.34930524,0.18716922,0.68004507,0.6699062,0.15105313,0.1508851,0.51286834,0.6206991,0.78936166,0.83029926,0.6587477,0.67410344,0.64080185,0.47004464,0.63352054,0.7164776,0.7147863,0.6904432,0.79915416,0.7541726,0.5269194,0.5588541,0.65439564,0.68691,0.5626161,0.55703545,0.75761545,0.6999749,0.49361825,0.2628966,0.58137137,0.3172023,0.26642027,0.10402748,0.7806135,0.7262541,0.65117526,0.5835778,0.66444695,0.58243066,0.61233,0.55351335,0.64194244,0.6296655,0.5950577,0.63226664,0.666218,0.7313235,0.6382091,0.6016697,0.529913,0.5092061,0.7911473,0.7425121,0.66325384,0.70725703,0.58612746,0.5409718,0.76976603,0.77944535,0.8073472,0.79550505,0.031145995,0.20555216,0.7034913,0.6453775,0.1347756,-0.15851086,0.6447818,0.5577202,-0.04603582,-0.016639644,0.59894425,0.6056658,0.5283576,0.70584303,0.7236934,0.7403003,0.7039904,0.5875179,0.069859646,-0.07827999,0.024711536,0.16717714,0.4882077,0.41300973,0.42090484,0.41428858,0.5905332,0.5470025,0.6533734,0.6848058,0.105813846,-0.25474668,0.20633231,0.6865218
0.88926566,0.87354577,0.81692374,0.90246177,0.3888665,0.5675319,0.8250724,0.8401559,0.5535703,0.40864915,0.8493716,0.80653256,0.80399305,0.83377415,0.32235363,0.42736253,0.7448837,0.7000182,1.0,0.9028183,0.08058111,-0.050395716,0.821933,0.79413533,0.22799237,0.24289985,0.3028432,0.59349054,0.5798106,0.59799045,0.6451728,0.6700749,0.788863,0.66966957,0.54489946,0.7273769,0.5388052,0.49833778,0.54374564,0.48424593,0.19825909,0.28247347,0.8099445,0.7809005,0.74703974,0.7319543,0.81430674,0.6944903,0.711669,0.5545792,0.7844826,0.5190951,0.4868234,0.18196239,0.53989124,0.5077433,0.89262056,0.84893775,0.8445715,0.83090514,0.89537024,0.8649353,0.7840983,0.80542713,0.8133033,0.7989246,0.76021904,0.8748643,0.8953477,0.8294073,0.20963396,0.17765434,0.68477166,0.5656903,0.58845514,0.67915386,0.680033,0.6220861,0.7588407,0.6648879,0.7628525,0.7360124,-0.02255767,0.16528012,0.64336973,0.5860158,0.1075389,0.035732657,0.542652,0.48206455,-0.028399382,-0.014626661,0.4413972,0.30280894,0.5238885,0.5982782,0.8090388,0.70619357,0.64878106,0.49147594,0.19394594,0.13110527,0.2187534,0.21238676,0.3065551,0.107659295,0.17863226,0.11413098,0.40568444,0.7613408,0.80860513,0.625628,0.14848344,-0.095704116,0.4160114,0.6052061
0.8622236,0.83907175,0.8274744,0.8545978,0.28495616,0.5015423,0.7286313,0.7650946,0.46721336,0.36414513,0.772096,0.7454843,0.6997265,0.76841277,0.26933995,0.3515034,0.63427943,0.6032261,0.9028183,1.0,0.10076389,-0.038732126,0.74506456,0.75580865,0.12892777,0.1508641,0.23789984,0.49103078,0.45926055,0.5138179,0.48026395,0.48109108,0.6983373,0.60150063,0.38938034,0.5700628,0.36370358,0.32139683,0.38220578,0.31903088,0.08743401,0.18206021,0.7212361,0.6629271,0.6746524,0.6524847,0.6671702,0.5329928,0.64230937,0.5531729,0.70500904,0.49797484,0.5089517,0.27221373,0.4001877,0.3993679,0.8401983,0.82336676,0.75060946,0.7676253,0.81791186,0.7947779,0.6919112,0.7822259,0.68284434,0.6992933,0.63576955,0.7724638,0.837664,0.77388674,0.09373732,0.104888886,0.5495244,0.4353336,0.46709698,0.570645,0.54002756,0.48350328,0.6410564,0.56724656,0.6402748,0.63896555,0.019026397,0.22096196,0.5192937,0.5392361,0.07044083,0.1799931,0.4263929,0.40961003,0.023298537,-0.0015900888,0.3235947,0.14068204,0.47622705,0.49993607,0.7119463,0.5775597,0.54552877,0.43110335,0.20191316,0.2510786,0.292331,0.18704945,0.17976652,-0.016031481,0.080881074,-0.045147594,0.31083742,0.70747596,0.6973571,0.5216672,0.13436274,-0.036238264,0.39845493,0.5145369
0.035762288,0.004596817,0.12783849,0.07609939,0.375011,0.26419398,0.04563495,-0.0023597984,0.47120872,-0.017338486,0.07618899,0.11889195,0.04170959,0.09049382,0.5265694,0.4597127,0.22102785,0.34930524,0.08058111,0.10076389,1.0,0.63575774,0.12426385,0.23943733,-0.10858915,-0.25058606,0.2509674,0.11279694,0.1997563,0.4529018,0.059745193,0.037567478,0.053204503,-0.037515122,0.2872271,0.04098127,0.103591286,-0.00038607707,0.24637191,0.19280352,0.13429314,0.02123138,0.13114388,0.13743423,0.20372812,0.1825618,0.069724545,0.10598771,0.06609926,-0.04054165,0.08637231,0.09332011,0.2005172,0.33784947,0.25320345,0.3782385,0.021697994,0.0037121952,0.15464778,0.07331467,-0.072151534,-0.0703552,-0.08490123,-0.035091557,-0.09823967,0.00042475646,0.23409885,0.1689739,0.089026004,0.045723025,0.26760188,0.3687507,0.115847796,0.24032587,-0.033680905,0.025006104,-0.05001986,-0.15517205,0.07847555,0.16521378,0.0583756,0.21372585,0.5259965,0.57993907,0.18375637,0.3012133,0.26467377,0.3523635,0.13680898,0.27975872,0.50043935,0.49233925,0.3161551,0.116267115,0.43752095,0.28058353,0.06841175,0.16881731,0.2474524,0.44052407,0.18083267,0.3373539,0.41969723,0.47076648,0.26016715,0.33271712,-0.042332944,-0.09102287,0.39157215,0.06950254,-0.011883864,0.36287564,0.48908713,0.34028286,0.40222088,0.34104794
-0.03857951,-0.14003523,0.03656899,0.026730128,0.5562724,0.022136146,-0.004844234,-0.14081462,0.4535925,-0.097862996,-0.023927115,0.025204219,-0.10438811,-0.062053375,0.38554907,0.3379151,0.07917249,0.18716922,-0.050395716,-0.038732126,0.63575774,1.0,-0.100642994,0.061482847,-0.12784885,-0.028301628,0.31616876,-0.008529315,0.16311714,0.31713557,-0.10922304,-0.03221351,-0.007005464,-0.12815946,0.3239338,-0.008232835,0.028742848,0.03653279,0.1958003,0.17690907,0.17500724,-0.016183322,0.034533978,-0.0034605388,0.1768026,0.06291071,-0.039092075,-0.0045688935,-0.0843327,-0.19102713,-0.07408295,-0.045014706,-0.024961809,0.23953642,0.20599149,0.36481407,-0.095356576,-0.17725095,0.048956674,-0.079733126,-0.16284198,-0.17789617,-0.11169255,-0.08808477,-0.1250077,-0.012332078,0.2535118,0.09843077,-0.031598445,-0.1748688,0.27163577,0.45038182,0.09975063,0.2135814,0.022871733,-0.010735818,-0.13470578,-0.17271395,0.013070763,0.12240629,-0.04963683,0.0121375695,0.44700864,0.4283233,-0.0031342884,0.12491648,0.15766889,0.30678648,0.115281686,0.23103516,0.5753223,0.64775306,0.32743916,0.1259494,0.44866377,0.35611695,0.0047590053,0.101098195,0.27367145,0.46195278,0.4059665,0.23887989,0.548953,0.583976,0.42018142,0.39979312,0.13265857,0.009968335,0.486391,-0.08411976,-0.13588099,0.40277022,0.6134046,0.47416854,0.41228274,0.3192724
0.69724494,0.7351764,0.7242518,0.78038245,0.2858435,0.6104434,0.64188063,0.774582,0.49900097,0.38193712,0.7418234,0.7024046,0.7585291,0.7546381,0.34438998,0.47904423,0.7136439,0.68004507,0.821933,0.74506456,0.12426385,-0.100642994,1.0,0.8728767,0.28818646,0.24240053,0.22430204,0.6000533,0.5325666,0.60031605,0.7613256,0.7159817,0.7443358,0.62999123,0.54772073,0.7544742,0.5653996,0.48781937,0.5755951,0.47823596,0.14824985,0.25874683,0.7315011,0.73781776,0.6492521,0.6419149,0.7770144,0.6951383,0.6363634,0.5159372,0.74323624,0.5479749,0.43152687,0.12524192,0.49353218,0.42648777,0.74400264,0.74449223,0.7667327,0.746619,0.7410201,0.74271816,0.68124104,0.7630894,0.7072683,0.7880179,0.71139604,0.7975323,0.7842603,0.75262916,0.27336466,0.17021602,0.61507446,0.49609697,0.48437575,0.6560133,0.6501816,0.57979447,0.737927,0.5847966,0.7407596,0.8015512,0.024740508,0.28270224,0.70964146,0.6884963,0.12384378,-0.022504084,0.44285223,0.39264455,-0.11595022,-0.098179296,0.401566,0.30923855,0.43859485,0.5224081,0.70192313,0.63614243,0.51996386,0.36457357,0.062096976,0.12341964,0.14099412,0.20613496,0.26766577,0.09492123,0.19759311,0.15689953,0.3120523,0.7047988,0.74024045,0.5259983,0.094123684,-0.1461877,0.32030398,0.5640017
0.6964191,0.77676755,0.6660543,0.76432365,0.44459337,0.64990866,0.59164006,0.72027117,0.6441069,0.4855336,0.74285525,0.73101354,0.72916776,0.7602569,0.52089775,0.6294875,0.6362827,0.6699062,0.79413533,0.75580865,0.23943733,0.061482847,0.8728767,1.0,0.22125815,0.23412329,0.18982853,0.5721918,0.47655147,0.6560923,0.61322796,0.61854964,0.6161239,0.4596639,0.5710723,0.6619282,0.44453877,0.3881749,0.55376685,0.46544716,0.15027711,0.24827547,0.7930841,0.71314865,0.78223234,0.7404091,0.71753097,0.5905036,0.72220695,0.5858487,0.8089556,0.6779656,0.53183985,0.28096658,0.541591,0.53903335,0.7535876,0.7861763,0.84313124,0.80702907,0.7235853,0.73766136,0.6171469,0.78608894,0.6969685,0.7906501,0.81172466,0.82872725,0.8231365,0.790583,0.15364668,0.12289363,0.5432141,0.45296276,0.4149716,0.6184068,0.4721695,0.37222445,0.63803667,0.546392,0.7029467,0.8158084,0.16907215,0.46199232,0.73546785,0.79931754,0.1746186,0.12812518,0.5552187,0.568259,0.04538104,0.1072481,0.57001275,0.38439623,0.6427921,0.65815187,0.74968654,0.69624835,0.6173659,0.5277031,0.15616481,0.19205265,0.25986016,0.3561667,0.31973848,0.18720803,0.24412824,0.1585605,0.44868204,0.78109485,0.7522921,0.61773145,0.299832,-0.011201782,0.4277134,0.6773418
0.21779075,0.20498528,0.10145847,0.20294885,0.237217,0.049923267,0.268816,0.28641748,0.13364369,0.25439197,0.24521323,0.20598714,0.3124369,0.26311114,-0.04531146,0.08837746,0.12643173,0.15105313,0.22799237,0.12892777,-0.10858915,-0.12784885,0.28818646,0.22125815,1.0,0.49668592,-0.017584091,0.14842722,0.18510301,0.049895745,0.2650601,0.2816806,0.17065859,0.10170472,0.16078256,0.2201499,0.23517905,0.33642393,0.24498099,0.32703838,0.20477237,0.28766176,0.19268325,0.20704217,0.19787286,0.23443559,0.27939594,0.23087575,0.28554672,0.13167913,0.24100626,0.034173347,-0.038786698,-0.11847163,0.24687423,0.2588795,0.2721985,0.22064635,0.25161287,0.18562414,0.27756372,0.28204116,0.325275,0.27211323,0.36270428,0.3237063,0.2258591,0.21108793,0.22011937,0.20596184,0.06280231,-0.037016466,0.25246453,0.16924362,0.20803928,0.2114529,0.20525499,0.26327953,0.17113969,0.07856282,0.22662888,0.15044174,-0.19230825,-0.1563067,0.26572978,0.14488305,0.0529814,-0.26831612,0.32719427,0.24815343,-0.21075721,-0.13430302,0.15654778,0.29234397,0.0142805595,0.15863322,0.3065741,0.3184021,0.20662272,0.07839436,-0.15930331,-0.16134661,-0.23783943,-0.06229758,-0.025466787,0.019091934,0.13352393,0.18276209,0.057891678,0.22858736,0.3210458,0.08678662,-0.09048676,-0.19184993,-0.13709375,0.17645729
0.3389873,0.3232024,0.11057217,0.23645405,0.45736054,0.012155614,0.32104787,0.31448182,0.27878502,0.43272045,0.3702425,0.39022475,0.34558588,0.31223175,-0.09551507,0.116933994,0.1844446,0.1508851,0.24289985,0.1508641,-0.25058606,-0.028301628,0.24240053,0.23412329,0.49668592,1.0,0.15743376,0.28077722,0.15924187,0.04971678,0.12802462,0.18711281,0.21221843,0.038289197,0.36709833,0.2535623,0.11492797,0.32764947,0.29223198,0.33595142,0.35764956,0.35944492,0.3000167,0.12024653,0.35459393,0.2949173,0.22116059,0.0834701,0.28691277,0.13241042,0.29556537,0.116800636,-0.09397356,-0.20489053,0.25201157,0.28360182,0.36780933,0.2865593,0.2989255,0.25481495,0.31249407,0.299703,0.3878495,0.33455744,0.40389588,0.43345872,0.4309547,0.2675194,0.32624066,0.21999274,-0.09423141,-0.12512879,0.26050252,0.11485986,0.38533112,0.3032839,0.10414295,0.17600131,0.15765175,0.21564335,0.35593233,0.23806895,-0.18959211,-0.14636256,0.32040313,0.25042444,0.098393455,-0.29011148,0.39418712,0.3541388,-0.15582536,0.033598717,0.37790748,0.3245151,0.20452474,0.417011,0.41520593,0.361869,0.2876725,0.15614107,-0.039000142,-0.13728198,-0.10083783,0.08254693,0.040481254,0.08436652,0.24580897,0.25035563,0.26164457,0.32913965,0.3808576,0.24804178,0.14934237,-0.025319777,-0.057172164,0.15644874
0.31848744,0.16521786,0.33339795,0.3571111,0.4961591,0.1325361,0.43323326,0.30970398,0.48773485,0.2037172,0.37699166,0.4536816,0.42540625,0.3740198,0.2013254,0.32487455,0.5408268,0.51286834,0.3028432,0.23789984,0.2509674,0.31616876,0.22430204,0.18982853,-0.017584091,0.15743376,1.0,0.5835902,0.6076918,0.45942616,0.31069392,0.32535332,0.38669366,0.25531957,0.4940967,0.39931324,0.48061422,0.5683956,0.6228648,0.6224759,0.60223764,0.51884043,0.25229874,0.28948784,0.23351333,0.14095515,0.3655744,0.38251907,0.012123252,-0.17617695,0.11819916,-0.14842021,-0.117413744,-0.12120809,0.5630916,0.54474586,0.275529,0.10754298,0.24831021,0.13780029,0.2582483,0.13807099,0.41417003,0.21404546,0.25225002,0.305781,0.34949893,0.3328811,0.23242526,0.091038644,0.53850186,0.5631467,0.5561732,0.5684832,0.62513083,0.5205167,0.2735716,0.34545508,0.4325334,0.56906265,0.4308956,0.2580995,-0.11151518,-0.07260028,0.24868146,0.17751808,-0.049210884,-0.20198497,0.43988273,0.3313592,0.027509768,0.119116396,0.38604048,0.49109676,0.30810377,0.5758486,0.34419844,0.43870488,0.49177536,0.47279507,0.08469459,-0.08101613,0.07329095,0.20270392,0.53952074,0.5387656,0.50092196,0.44159085,0.6317017,0.12067206,0.21255578,0.49644303,0.12883411,-0.12813714,0.106443614,0.3819373
0.55226547,0.51938385,0.4733575,0.60494465,0.4218536,0.53892547,0.5528896,0.5819037,0.584536,0.45000988,0.5649658,0.65232563,0.6383153,0.6202335,0.33122826,0.5443196,0.59666365,0.6206991,0.59349054,0.49103078,0.11279694,-0.008529315,0.6000533,0.5721918,0.14842722,0.28077722,0.5835902,1.0,0.52824146,0.5640163,0.5428766,0.52635276,0.53855723,0.39408877,0.53829515,0.59091866,0.488847,0.5116271,0.6812214,0.6221113,0.46072274,0.5149534,0.5775211,0.5524529,0.5643651,0.49675927,0.6076073,0.5438303,0.39373067,0.24893108,0.5090106,0.28240022,0.23094301,0.03808309,0.61284655,0.57690305,0.5605611,0.49386945,0.60636383,0.51407504,0.5527297,0.5141492,0.5603,0.54995745,0.49699175,0.57197714,0.61671984,0.648484,0.5761729,0.5000498,0.31094292,0.28033173,0.5485134,0.51389253,0.60018414,0.6554262,0.39879408,0.3947948,0.55966747,0.5842046,0.5977475,0.5924303,-0.052622817,0.14076947,0.53866214,0.5240928,0.18077292,-0.18758953,0.5688782,0.53504586,-0.031589787,0.0734186,0.5201045,0.47017798,0.46207535,0.60755277,0.63004273,0.6112062,0.6013136,0.504677,0.09458429,-0.09683765,0.082707606,0.21488205,0.4896762,0.37021592,0.425487,0.3363929,0.569166,0.5224227,0.58369976,0.60944486,0.21756153,-0.10171394,0.19305801,0.5338402
0.4813508,0.425901,0.53832906,0.63881475,0.43195698,0.24291132,0.6629582,0.6340881,0.5838113,0.19452307,0.6804679,0.6192413,0.71162444,0.63326895,0.4750086,0.51991385,0.8287837,0.78936166,0.5798106,0.45926055,0.1997563,0.16311714,0.5325666,0.47655147,0.18510301,0.15924187,0.6076918,0.52824146,1.0,0.763422,0.68744445,0.7337174,0.6478395,0.5354995,0.57804686,0.748166,0.8597395,0.81127495,0.84263664,0.8187002,0.6092003,0.56840277,0.5027894,0.66677624,0.37401965,0.37970018,0.75943685,0.79826915,0.31124088,0.025998458,0.3939198,0.082402125,0.06532176,-0.080521196,0.79760885,0.6933214,0.4965098,0.36756605,0.5151734,0.4189957,0.51394296,0.40931126,0.62328845,0.50095123,0.5363423,0.5566403,0.51245636,0.64322007,0.46043432,0.40176523,0.7778507,0.72941077,0.87338835,0.8707104,0.73234624,0.6767376,0.66825783,0.66593915,0.8013452,0.7923668,0.70858526,0.5982827,-0.07749589,0.014376278,0.53887135,0.42565513,0.054212164,-0.32521614,0.5771453,0.40730166,-0.10600631,-0.09420538,0.50072426,0.65308726,0.37934983,0.6645772,0.58739525,0.6751446,0.6613438,0.5156974,0.057557896,-0.21832415,-0.08818443,0.045423247,0.6271322,0.5287455,0.6392524,0.59540784,0.6069935,0.29014832,0.48671782,0.60590905,-0.050865438,-0.4175131,0.08004367,0.62382525
0.43862623,0.53432435,0.42815742,0.5892969,0.49289656,0.57920176,0.49357867,0.5928972,0.6993299,0.38511944,0.6746199,0.66725713,0.66239125,0.66194355,0.7670225,0.7968612,0.7171505,0.83029926,0.59799045,0.5138179,0.4529018,0.31713557,0.60031605,0.6560923,0.049895745,0.04971678,0.45942616,0.5640163,0.763422,1.0,0.5713134,0.6069845,0.46798426,0.30027336,0.5795111,0.62978613,0.63191324,0.5201685,0.7669799,0.67653346,0.42634594,0.45300838,0.68372566,0.6939087,0.590492,0.59047496,0.6938815,0.6714098,0.50366735,0.32059732,0.5893627,0.45418936,0.4204159,0.33023563,0.78724974,0.75886214,0.5080376,0.5157218,0.66569304,0.5968529,0.47325152,0.45919654,0.45152086,0.5268477,0.4864676,0.5478261,0.6579254,0.71715415,0.58779305,0.5923398,0.53973764,0.5197159,0.6731838,0.6980684,0.48389223,0.582554,0.43036106,0.33475974,0.66877204,0.6853067,0.6689308,0.7705758,0.2931329,0.45647433,0.7145643,0.74939066,0.22739722,-0.06289816,0.63413024,0.61425483,0.16695328,0.16676082,0.6441122,0.5927751,0.628792,0.71538687,0.65565205,0.7177541,0.7443035,0.6860802,0.13734752,-0.0069455435,0.1251685,0.22818334,0.6237797,0.5270094,0.47917178,0.4114461,0.62574863,0.5373409,0.5969374,0.7436053,0.26363468,-0.15757383,0.26901644,0.7857401
0.46088395,0.4493164,0.62742203,0.64979607,0.16058719,0.47212824,0.5699542,0.61200744,0.34849066,0.092916586,0.5541807,0.49738935,0.62846625,0.5466661,0.28014416,0.3527313,0.73765904,0.6587477,0.6451728,0.48026395,0.059745193,-0.10922304,0.7613256,0.61322796,0.2650601,0.12802462,0.31069392,0.5428766,0.68744445,0.5713134,1.0,0.9285735,0.7318515,0.7235022,0.49265698,0.8309288,0.82319236,0.6917875,0.6710668,0.6034984,0.22470658,0.26098934,0.55939263,0.78442615,0.40651837,0.45549908,0.83538395,0.8770976,0.409593,0.2004499,0.50555503,0.22587265,0.19358529,-0.13847089,0.5454524,0.4002143,0.4888205,0.42706817,0.5831064,0.5113366,0.55219084,0.4989065,0.55479294,0.502688,0.547217,0.5788321,0.52487314,0.699353,0.4981251,0.49917412,0.62432563,0.4627615,0.69161266,0.6114799,0.48631135,0.557836,0.83080345,0.76965594,0.8179634,0.61096376,0.6204865,0.63370174,-0.08167823,0.04855303,0.5230327,0.44222993,0.14630009,-0.24257533,0.32087973,0.20230451,-0.21652493,-0.19490038,0.30955905,0.40018147,0.22359452,0.4158343,0.5102208,0.55058944,0.40833,0.23487532,0.07825377,-0.14854431,-0.01971975,0.11156184,0.43424287,0.22530945,0.27431026,0.2907576,0.30670962,0.41660768,0.5507453,0.40340734,-0.05561711,-0.28106877,0.21599235,0.5352281
0.4958489,0.49143544,0.61178315,0.67701787,0.27526584,0.44444418,0.62359333,0.6307314,0.42841092,0.12911868,0.6126837,0.5365024,0.6652097,0.5799364,0.33037424,0.38693866,0.74729455,0.67410344,0.6700749,0.48109108,0.037567478,-0.03221351,0.7159817,0.61854964,0.2816806,0.18711281,0.32535332,0.52635276,0.7337174,0.6069845,0.9285735,1.0,0.73485446,0.6964913,0.5546294,0.85785586,0.8501128,0.7452822,0.7084946,0.6677317,0.29654554,0.31458658,0.60446686,0.80827826,0.47653028,0.51152194,0.86625534,0.89334023,0.45551023,0.21652032,0.539638,0.24924566,0.18728523,-0.16409518,0.61294824,0.4796961,0.534876,0.45209536,0.64212555,0.5530481,0.59506124,0.52925503,0.5990222,0.53251225,0.61116755,0.6292945,0.6048455,0.746866,0.53755057,0.52127105,0.6349861,0.48764288,0.74990493,0.67930835,0.54714435,0.5980626,0.84066105,0.7842491,0.8324473,0.65828097,0.6504975,0.6360829,-0.106896125,0.021745382,0.5385223,0.4420804,0.1503875,-0.2521689,0.40959612,0.2707946,-0.20469937,-0.15288462,0.40109253,0.48909947,0.31420782,0.5221578,0.5713511,0.6164503,0.4931764,0.30775493,0.1523067,-0.13814016,0.007850886,0.15962128,0.5047029,0.2826711,0.36243075,0.37901986,0.38750765,0.4472552,0.5896839,0.47280788,-0.009680223,-0.2807905,0.24671954,0.5948254
