1.0,0.44594723,0.69432783,0.3403277,-0.43500856,-0.42306322,0.80293846,0.38882917,-0.41192654,-0.40493265,0.7659829,0.25950435,0.62195987,0.17571008,-0.14076616,-0.18595262,0.27948406,0.22167626,0.68477696,0.65383005,-0.41228002,-0.3975036,0.54686034,0.050175227,-0.010068667,-0.49532884,-0.50068045,-0.5174378,0.17536108,0.09839408,0.20705968,0.24281009,0.4460392,0.11620327,0.28183892,0.03422639,0.26210555,0.35019568,-0.080181025,0.33258516,0.3159616,0.3264462,0.5405707,0.5002907,0.50527936,0.4630312,0.44746205,0.37651885,0.569598,0.54528373,0.62640405,0.6104465,0.38600448,0.22783959,0.14791094,0.34311828,0.82391095,0.4302031,0.6079733,0.530342,0.733193,0.33049965,0.6283241,0.12599596,0.54711246,0.45839876,0.45922413,0.5194818,0.50436944,0.5524182,0.022055862,-0.10683861,-0.12623419,0.22613046,0.082789406,0.14093336,0.01634352,0.17279442,-0.3462433,-0.024893535,0.2374866,0.12693799,0.3257428,0.37327722,0.36518684,0.26180917,0.17628677,-0.002516747,0.27226263,0.24560182,0.2611809,0.017642684,0.2206872,-0.0333888,0.27565777,0.35712954,0.34309056,0.44228607,0.3152079,0.22491257,0.14176244,-0.13771187,0.25350052,0.35963592,0.1463925,0.1820714,0.18111911,0.23576161,0.3120658,0.20181453,0.44012076,0.36563542,0.3006081,0.14701203,0.15576534,0.19283767
0.44594723,1.0,0.54811805,0.68906546,-0.5616744,-0.5147114,0.35909423,0.8055654,-0.42319885,-0.24916543,0.29417247,0.67269593,0.04243391,0.70468915,-0.38470498,-0.17614453,0.3062719,0.63003343,0.78673595,0.7232269,-0.57647073,-0.60505843,0.5600936,0.103228174,-0.18266816,-0.5182193,-0.6551022,-0.6454909,0.20518576,-0.065983824,-0.11359194,0.15222992,0.23419446,0.06307668,0.1734257,-0.091667995,0.4155581,0.16510896,0.017258203,0.035489567,0.58151275,-0.04343844,0.43326324,0.40190724,0.48903233,0.53448427,0.26788625,0.27632657,0.52564,0.59983027,0.53907746,0.62837046,0.27422732,0.5481047,0.28736016,0.24518804,0.43041256,0.7233238,0.5982541,0.7534124,0.63315606,0.4950897,0.36583206,0.44826677,0.39004856,0.4821377,0.48569754,0.5469236,0.7028843,0.74566054,-0.20333955,-0.14073835,-0.049039796,0.11558848,-0.36595765,-0.2115655,-0.12418637,0.10992155,-0.18834879,0.12747741,0.18420468,0.44558376,0.40917957,0.40119424,0.15993306,0.53112006,0.103687905,-0.028193379,0.07504563,0.4687944,0.2071734,0.32015076,0.18721764,-0.0055447016,0.30678037,0.26836243,0.19731106,0.13943192,0.2950133,0.21628052,-0.027428133,-0.26454148,0.32682362,0.33195183,0.24068096,0.34061366,0.36874157,0.5836202,0.3569534,0.20568979,0.22454886,0.3053266,0.27220944,0.18236756,0.2749062,0.30044144
0.69432783,0.54811805,1.0,0.6288299,-0.5107665,-0.50506663,0.8062663,0.5641819,-0.5298968,-0.4537702,0.46489814,0.3595632,0.41276607,0.35448697,-0.4233612,-0.344877,0.23814125,0.26707688,0.6922792,0.65343267,-0.48937064,-0.4988607,0.72592795,0.30526403,-0.111504674,-0.54959846,-0.60706913,-0.6070857,0.12016164,-0.015406124,0.108317904,0.26825967,0.20392638,-0.072144724,0.03957876,-0.04597391,0.26427817,0.15104619,-0.12565234,0.1416635,0.34602118,0.11496682,0.3075345,0.27676708,0.31633958,0.35329282,0.15205477,0.1330717,0.44332686,0.4097456,0.42348027,0.48105714,0.17195952,0.23562178,0.109417155,0.20355569,0.6549029,0.5652964,0.5958848,0.59032166,0.6942607,0.41103038,0.44405007,0.20036902,0.35733443,0.4633478,0.28396904,0.37636706,0.5318803,0.5763076,0.032079592,0.002140623,-0.04655467,0.17024775,-0.17495327,-0.07574651,-0.03686063,0.19231428,-0.31796688,0.03466735,0.1648937,0.24739017,0.34407452,0.30643022,0.15636377,0.19747087,0.116117194,-0.03892713,0.04789937,0.17247625,0.089831725,0.0037618726,0.067207135,-0.08747824,0.21283545,0.16036886,0.084337525,0.14527696,0.10222704,0.03415542,-0.047292158,-0.3000539,0.18908526,0.2569572,0.052843112,0.1085722,0.16986454,0.36262366,0.43922758,0.10942689,0.14120032,0.18116494,0.11514414,0.1076389,0.16123514,0.06986028
0.3403277,0.68906546,0.6288299,1.0,-0.4654645,-0.42815277,0.40967992,0.81194043,-0.33163205,-0.17937201,0.17293471,0.72073203,0.007598422,0.76494014,-0.41731462,-0.10552098,0.35896963,0.57374775,0.6467237,0.62894654,-0.3926878,-0.48791862,0.788289,0.46973935,-0.010575914,-0.34599,-0.5397877,-0.49172905,0.2873556,0.014686941,0.18131445,0.45997378,0.10012847,-0.01559377,0.025522573,-0.13752294,0.4019575,0.019536698,0.004443811,-0.09366774,0.58220273,-0.1660368,0.26667818,0.17929353,0.3408792,0.34384724,0.030453064,0.00477963,0.4187244,0.39393747,0.36861706,0.53092796,0.17612344,0.48065996,0.21041496,0.06718917,0.22922732,0.73655266,0.5066936,0.62374115,0.49324378,0.52787244,0.21610893,0.4818673,0.2186582,0.49632862,0.33147988,0.3655972,0.5912973,0.6139206,0.1406885,0.21091536,0.16515392,0.19707513,-0.40091732,-0.28388178,0.04407689,0.30188498,-0.07254984,0.17686352,0.15466917,0.5045633,0.40623426,0.32713312,0.028459406,0.4456333,0.10580973,0.03379056,-0.05200789,0.40273336,0.06572634,0.23076782,0.061490662,0.07488072,0.27282587,0.10964742,0.023632403,-0.08120127,0.04272062,-0.013163846,-0.049544033,-0.17567712,0.2738985,0.28721687,0.10593901,0.1740214,0.2942244,0.4905394,0.4860678,0.1451867,-0.004611753,0.064999215,0.011940798,0.1071451,0.20313667,0.085114494
-0.43500856,-0.5616744,-0.5107665,-0.4654645,1.0,0.90823185,-0.44006166,-0.6753442,0.85107976,0.70506537,-0.17121574,-0.36222506,0.12929729,-0.3769483,0.6992505,0.64009154,-0.0023119366,-0.22562927,-0.68396306,-0.59379363,0.79828393,0.79205203,-0.34270313,0.26155785,0.5269284,0.840083,0.917937,0.8983016,0.1171167,0.37219366,0.3125198,-0.018416349,-0.010637916,0.34089652,0.12726484,0.43504646,-0.055908304,0.017818492,0.33573496,0.16152222,-0.42214558,0.0593548,-0.26763386,-0.24778669,-0.33740747,-0.46368167,-0.062321264,-0.12653674,-0.44000292,-0.50651366,-0.45943677,-0.6182247,0.007981156,-0.56073815,0.0135804415,-0.07401476,-0.4624701,-0.56476814,-0.70725787,-0.6875532,-0.6486432,-0.35802397,-0.06593174,0.06652188,-0.32644898,-0.34002295,-0.25179312,-0.43453103,-0.56534386,-0.59816456,0.27521786,0.27089632,0.3053311,0.07599024,0.42569137,0.28319225,0.47107333,0.08177649,0.47714993,0.25045547,0.17163251,-0.00847458,-0.14965355,-0.30210155,0.08520192,-0.19407824,-0.0015937535,0.20976566,0.25454286,-0.14271307,0.054893337,-0.08116892,0.0024500405,0.19004288,0.035874914,0.010206156,0.09624256,-0.042934526,-0.08173598,-0.04133775,0.24155878,0.47968185,-0.058910523,-0.14480408,0.05955841,-0.09114895,-0.15062505,-0.41242418,-0.09152563,-0.04806008,0.021869836,-0.17136128,-0.21590184,0.08720074,-0.00080946716,-0.03865866
-0.42306322,-0.5147114,-0.50506663,-0.42815277,0.90823185,1.0,-0.45129848,-0.6213817,0.80394864,0.69165915,-0.16623378,-0.2998264,0.10187979,-0.31473207,0.66529346,0.65302044,0.037686754,-0.17796203,-0.650614,-0.5526201,0.7358937,0.78453046,-0.35187793,0.22558074,0.4594337,0.81464314,0.8794135,0.8870604,0.10493336,0.38165566,0.27373752,-0.004818264,-0.026454318,0.3467165,0.09403524,0.41582164,-0.0639108,0.0254052,0.3024876,0.15368997,-0.41814113,0.090691455,-0.26472127,-0.2223345,-0.2896261,-0.3885258,-0.08683047,-0.12153718,-0.40398768,-0.4168719,-0.41313547,-0.5504176,0.028552907,-0.4976092,-0.01450869,-0.083525665,-0.4394439,-0.51186186,-0.65303844,-0.6042531,-0.6084533,-0.33383328,-0.08931168,0.09137844,-0.2966431,-0.29160646,-0.22170416,-0.41182947,-0.53301746,-0.547514,0.24456926,0.21577446,0.28276685,0.09888109,0.39294687,0.30660433,0.4384092,0.07574098,0.4387614,0.24567878,0.16225164,0.01228055,-0.16558254,-0.2849662,0.099176355,-0.16868778,-0.035652015,0.20344825,0.21345347,-0.1480296,0.058475446,-0.07694024,0.0053635743,0.19392797,0.009775419,0.021496639,0.08436523,-0.04543709,-0.092051424,-0.0146552585,0.26401964,0.4206894,-0.03873867,-0.15277308,0.05939475,-0.07105604,-0.1436715,-0.42146745,-0.07623551,-0.033509687,0.024293022,-0.17447434,-0.19511698,0.07710789,-0.018272793,-0.020574247
0.80293846,0.35909423,0.8062663,0.40967992,-0.44006166,-0.45129848,1.0,0.3719554,-0.455024,-0.44719288,0.54786634,0.123700954,0.53372705,0.08255117,-0.27024475,-0.31461507,0.092117555,0.038197756,0.5504911,0.5069289,-0.3970001,-0.4236594,0.6159233,0.14408848,-0.089786135,-0.4915476,-0.5093472,-0.53531677,0.021773567,-0.026940618,0.14184897,0.16559906,0.20907953,-0.13152847,0.027709987,-0.10781141,0.07809023,0.13930929,-0.2027668,0.1515137,0.15524742,0.184137,0.28393543,0.23617807,0.2317373,0.26302934,0.15603568,0.094586715,0.36795622,0.31026888,0.3665868,0.3692113,0.09390865,0.07984662,-0.045443635,0.18193008,0.68264323,0.38684607,0.5070762,0.4652655,0.62169343,0.2562558,0.40008655,0.007841497,0.3369013,0.33657184,0.19331403,0.29570168,0.36193112,0.423865,0.054591827,-0.06404539,-0.14997275,0.10990887,-0.020652844,0.008199343,-0.09694518,0.06248974,-0.4202577,-0.14301632,0.08413903,0.019119438,0.23418713,0.30043268,0.1565963,0.028901748,0.112989984,-0.10094167,0.03351691,0.014939989,0.037715547,-0.146842,0.01666762,-0.19204238,0.08863827,0.07302712,0.05796584,0.17094308,0.085648894,0.011975848,-0.09765247,-0.27484423,0.06400032,0.1688419,-0.06569293,-0.00031291987,0.021730613,0.16030346,0.30567753,0.03137413,0.13634707,0.19620627,0.16722757,-0.020045795,0.047805283,-0.07473665
0.38882917,0.8055654,0.5641819,0.81194043,-0.6753442,-0.6213817,0.3719554,1.0,-0.52955836,-0.34453693,0.20041032,0.74681604,-0.12079435,0.76521474,-0.49120167,-0.26411352,0.2346051,0.5863325,0.8086781,0.7590725,-0.65744054,-0.7038085,0.6743654,0.1623686,-0.24267821,-0.616188,-0.7546995,-0.7346587,0.17291954,-0.17187536,-0.12763293,0.24545872,0.13927895,-0.11267998,-0.0016421124,-0.28698036,0.33551574,0.018908234,-0.09508232,-0.10917879,0.5848309,-0.19765922,0.37522158,0.32167006,0.46336502,0.46886143,0.11678199,0.16553357,0.476166,0.5753109,0.44975612,0.6399372,0.17411694,0.62638324,0.20642686,0.14881855,0.3795367,0.85203594,0.6679337,0.709595,0.6235785,0.56877315,0.18880196,0.44480905,0.32675952,0.50387293,0.4143795,0.50855094,0.748788,0.7753073,-0.16900553,-0.024041733,-0.050999206,0.05067736,-0.5207693,-0.33867338,-0.23574041,0.14754279,-0.22391221,0.0134719955,0.02364761,0.4147059,0.37510303,0.38311255,-0.006530261,0.45595512,0.03863849,-0.11283662,-0.10278431,0.42114562,0.07937602,0.2655438,0.11463664,0.052784324,0.20689178,0.1389462,0.025834765,0.024426041,0.20812377,0.15640594,-0.06371271,-0.2679127,0.3073843,0.32938915,0.14735202,0.24508286,0.36455473,0.5476194,0.39708465,0.19761631,0.09330679,0.26498252,0.24473585,0.16132139,0.247322,0.20010048
-0.41192654,-0.42319885,-0.5298968,-0.33163205,0.85107976,0.80394864,-0.455024,-0.52955836,1.0,0.8427529,-0.11970146,-0.20141704,0.10616525,-0.22524512,0.774398,0.7762614,0.05293538,-0.096450396,-0.57920307,-0.49727526,0.71699125,0.73037183,-0.22052872,0.32149392,0.66309446,0.87910426,0.8134591,0.82031834,0.26076046,0.47107944,0.36738446,0.09561628,0.06599146,0.39934948,0.15774037,0.45623407,0.030124228,0.08794416,0.32059798,0.13599578,-0.25072825,0.11188252,-0.16729201,-0.14277521,-0.26689842,-0.3334524,-0.015897367,-0.061682522,-0.32107216,-0.41068736,-0.35886428,-0.5032072,0.034007642,-0.3960855,0.047803752,-0.02657365,-0.46201923,-0.46538144,-0.6008377,-0.5607788,-0.57295716,-0.24948753,-0.027474914,0.13955395,-0.27337793,-0.2641295,-0.16935523,-0.3044546,-0.46697092,-0.5348941,0.3082573,0.31793135,0.36488837,0.20707071,0.44033512,0.34050635,0.485213,0.14558008,0.47834995,0.27754724,0.21115535,0.08225008,-0.085864544,-0.17286702,0.12121307,-0.038929805,-0.012186874,0.17500533,0.25288537,0.000492145,0.1252299,0.00861604,0.0749642,0.16463701,0.07639737,0.04206309,0.089682326,-0.046138074,0.027550409,0.043536622,0.23681675,0.42997244,-0.0050836313,-0.11255325,0.10810624,-0.028781062,-0.082451984,-0.35348082,-0.05849753,-0.034021236,0.025337134,-0.0704412,-0.09638384,0.052369516,0.019110011,0.021341052
-0.40493265,-0.24916543,-0.4537702,-0.17937201,0.70506537,0.69165915,-0.44719288,-0.34453693,0.8427529,1.0,-0.2017305,-0.09989906,0.004489188,-0.085642375,0.61506426,0.6914636,0.027293183,0.00075042696,-0.4462202,-0.3972131,0.5007878,0.53223395,-0.13000335,0.26578787,0.54262537,0.72349477,0.61999005,0.639177,0.18993285,0.3359949,0.28733945,0.08544197,0.048091322,0.37775937,0.118184,0.3671548,0.06776672,0.055604972,0.24528186,0.0489127,-0.16276214,0.03721946,-0.17668256,-0.14788526,-0.24075334,-0.26953188,-0.049739093,-0.070925795,-0.2849456,-0.28348482,-0.32597056,-0.40656182,-0.0076917177,-0.28220123,0.04799851,-0.032349125,-0.41512918,-0.3302772,-0.5193026,-0.36551985,-0.46803093,-0.2020595,-0.04112012,0.13720879,-0.27166677,-0.2802144,-0.12292862,-0.22168645,-0.34598967,-0.38606846,0.21929413,0.2586159,0.27305627,0.15085734,0.27361643,0.21593277,0.3844204,0.0631794,0.3787658,0.29155862,0.17904586,0.077602595,-0.06701543,-0.14179058,0.04931583,-0.018291045,-0.14265959,-0.0015002703,0.15813608,0.0016729739,0.08818616,0.035800423,0.04307404,0.08257655,0.063961074,0.026096338,0.04725981,-0.06922399,0.017443432,0.058250923,0.14413157,0.20675641,-0.011665365,-0.1180119,0.10775482,0.016432803,-0.0110173505,-0.21523128,0.034771442,-0.018839423,0.0025139072,-0.071218036,-0.095510006,-0.011799256,0.044466224,0.038578857
0.7659829,0.29417247,0.46489814,0.17293471,-0.17121574,-0.16623378,0.54786634,0.20041032,-0.11970146,-0.2017305,1.0,0.3670787,0.76022017,0.21855327,0.26014334,0.17694733,0.53304887,0.399561,0.5195285,0.5129587,-0.09525809,-0.058815457,0.4455877,0.17492585,0.21952546,-0.1615074,-0.21149482,-0.21939656,0.47256,0.4646706,0.45223925,0.44116932,0.6311591,0.41934836,0.49568304,0.29396388,0.39406267,0.54394543,0.22714737,0.55227643,0.34487355,0.5464038,0.63363564,0.5452976,0.5145036,0.36875945,0.60419875,0.5109375,0.51460254,0.42505318,0.60485256,0.4983329,0.5319522,0.16715842,0.34277666,0.5227552,0.6853419,0.25814494,0.38607144,0.2983991,0.4747924,0.20799842,0.6718096,0.17982905,0.54691845,0.349519,0.5044348,0.48000017,0.3783593,0.34989983,0.24171306,0.097776115,0.13782269,0.4266542,0.40151486,0.40136,0.32640484,0.39182913,-0.037516568,0.17731716,0.483109,0.31383187,0.37866893,0.4655702,0.6165969,0.42151874,0.35055345,0.23022605,0.5768891,0.45333093,0.44367516,0.17475556,0.41937193,0.14049907,0.44669893,0.5488513,0.56043375,0.5696299,0.46335804,0.34479424,0.4133307,0.089581475,0.40375656,0.4534768,0.35360157,0.35955766,0.2222854,0.0647549,0.29760882,0.36091852,0.57809067,0.4330234,0.37647742,0.27158895,0.27506772,0.31218565
0.25950435,0.67269593,0.3595632,0.72073203,-0.36222506,-0.2998264,0.123700954,0.74681604,-0.20141704,-0.09989906,0.3670787,1.0,0.04072731,0.88923013,-0.12181307,0.16549341,0.5985447,0.83069545,0.6458573,0.65355194,-0.27763337,-0.31552982,0.64143217,0.3884089,0.05554909,-0.21066031,-0.4260478,-0.36319077,0.55339056,0.31270552,0.22243702,0.5401494,0.39473748,0.30060124,0.3029106,0.07038309,0.57731026,0.2936624,0.25951433,0.14998469,0.69502085,0.062744685,0.49441302,0.40254676,0.5381758,0.47424147,0.28633958,0.29551917,0.5006294,0.49340832,0.51544106,0.6141193,0.4387265,0.62949044,0.42739657,0.31313178,0.22713067,0.6988237,0.45956275,0.49303573,0.38413745,0.47364095,0.31339222,0.58251715,0.36498588,0.4955402,0.53359336,0.5180845,0.6416072,0.5826196,0.11863878,0.20007482,0.2614916,0.37926286,-0.18314098,-0.025927994,0.18713777,0.4321764,0.10298159,0.2905524,0.33719623,0.6976117,0.532009,0.4661503,0.31028447,0.7308204,0.32435188,0.2951006,0.24699506,0.6980379,0.3449647,0.4859941,0.34555343,0.26306516,0.45814055,0.39271456,0.3249644,0.20178017,0.35501418,0.30403402,0.29887688,-0.017336022,0.50549483,0.46518478,0.41830558,0.4607382,0.4544857,0.45294464,0.4636167,0.364146,0.27871004,0.2996906,0.26084745,0.32909897,0.4015271,0.36681128
0.62195987,0.04243391,0.41276607,0.007598422,0.12929729,0.10187979,0.53372705,-0.12079435,0.10616525,0.004489188,0.76022017,0.04072731,1.0,-0.022218663,0.38966197,0.21716425,0.48630083,0.1692178,0.21699439,0.26697093,0.13039787,0.16568525,0.3251042,0.2857346,0.36204946,0.083320424,0.061406054,0.04315393,0.4469355,0.52680194,0.46105805,0.27744314,0.5086205,0.4018851,0.49763808,0.46284273,0.3079965,0.5017951,0.27866754,0.5637715,0.11503715,0.5577761,0.42723897,0.41085753,0.34545594,0.28486365,0.47771743,0.3897731,0.3720287,0.2044176,0.41756538,0.227414,0.44474378,-0.05187959,0.26724988,0.42882758,0.5518977,-0.023420459,0.13770589,0.09080096,0.26684248,0.05125637,0.6514702,0.11530094,0.45289192,0.23557456,0.35484788,0.31387302,0.14055657,0.0967005,0.36068392,0.18305439,0.2636798,0.48993272,0.56768614,0.5094225,0.48273686,0.35263288,0.09033854,0.23568156,0.55708766,0.23124792,0.33246234,0.28165388,0.6188829,0.19703494,0.26591864,0.16382132,0.5243361,0.19794911,0.44344488,0.10737038,0.34130362,0.11030698,0.37262043,0.42759606,0.47084317,0.46980187,0.3331443,0.2702611,0.34836057,0.13985491,0.32426852,0.34393978,0.27895856,0.2587543,0.16397566,-0.028871056,0.28436545,0.24588661,0.45952457,0.2979521,0.25548643,0.2949168,0.24819197,0.2443626
0.17571008,0.70468915,0.35448697,0.76494014,-0.3769483,-0.31473207,0.08255117,0.76521474,-0.22524512,-0.085642375,0.21855327,0.88923013,-0.022218663,1.0,-0.21597953,0.12813117,0.58978516,0.82399774,0.60721403,0.6115751,-0.2752704,-0.33865198,0.6387969,0.38201675,0.04016925,-0.22598842,-0.4346604,-0.37267616,0.5337706,0.24270426,0.16825894,0.4828242,0.3148101,0.2634423,0.30904514,0.07804474,0.62404096,0.2605684,0.32045832,0.12193843,0.7326999,-0.011191549,0.45341855,0.38172397,0.5426524,0.5122313,0.24799514,0.2641636,0.4813152,0.47167364,0.4969087,0.61233264,0.41987586,0.6573684,0.4928513,0.28831372,0.14317557,0.6786314,0.434164,0.50408614,0.32611924,0.50310063,0.25960344,0.5673146,0.34115353,0.4718055,0.54593617,0.51432204,0.6623481,0.56209433,0.1285965,0.25966915,0.35300428,0.37423632,-0.24937508,-0.08797038,0.204797,0.47137144,0.18330973,0.38553125,0.37935397,0.7141286,0.532525,0.41706538,0.28212905,0.7303738,0.27816588,0.23116583,0.19835939,0.6755954,0.36059123,0.5678603,0.3344496,0.31262407,0.4830906,0.38493758,0.3054277,0.15746862,0.3325028,0.28197455,0.25478715,-0.029754175,0.5653473,0.5134252,0.43857235,0.49816158,0.54316664,0.53788495,0.5022795,0.39943302,0.2316641,0.26871747,0.22992192,0.39334816,0.45459506,0.41633105
-0.14076616,-0.38470498,-0.4233612,-0.41731462,0.6992505,0.66529346,-0.27024475,-0.49120167,0.774398,0.61506426,0.26014334,-0.12181307,0.38966197,-0.21597953,1.0,0.79046816,0.25531504,0.011271593,-0.39028308,-0.31273717,0.6130221,0.67721564,-0.20260485,0.2048271,0.591419,0.70608175,0.68204087,0.673699,0.37377906,0.6056202,0.41406614,0.15994024,0.30005154,0.47180614,0.33556977,0.45972696,0.048125416,0.28674185,0.34000626,0.33387735,-0.1992274,0.3497389,0.06891988,0.06866007,-0.056656647,-0.17249824,0.20005603,0.15783234,-0.11975974,-0.226584,-0.12094077,-0.3067298,0.17009823,-0.2987762,0.1469251,0.20121829,-0.15797871,-0.40852943,-0.39737958,-0.45104137,-0.41017854,-0.22047044,0.15254387,0.061625756,-0.017987164,-0.21734877,0.0024595486,-0.10612166,-0.33554757,-0.43024564,0.3138577,0.27977943,0.33731624,0.3335726,0.6284204,0.543806,0.4904237,0.22551091,0.43478802,0.20573232,0.33879566,0.14056112,0.098028004,0.12758215,0.40649644,0.054720577,0.16483825,0.27191526,0.43637872,0.09926097,0.26537344,0.0706844,0.24503008,0.24438529,0.18068205,0.22086991,0.26451522,0.2098753,0.20510323,0.19851968,0.40262687,0.46858823,0.11565317,0.06036587,0.19790156,0.08906765,-0.025220247,-0.4095309,-0.06348221,0.13270277,0.23164368,0.1147523,0.09321562,0.17635795,0.053092092,0.13237143
-0.18595262,-0.17614453,-0.344877,-0.10552098,0.64009154,0.65302044,-0.31461507,-0.26411352,0.7762614,0.6914636,0.17694733,0.16549341,0.21716425,0.12813117,0.79046816,1.0,0.38349319,0.27047387,-0.29368854,-0.24001801,0.5920729,0.6236607,0.032613825,0.38219592,0.6818171,0.7018341,0.6140147,0.63803947,0.50639755,0.6817456,0.50558466,0.34405276,0.30703154,0.5863617,0.38120264,0.5197646,0.30362117,0.33992413,0.4836029,0.35891166,0.020686062,0.27863175,0.10951028,0.10705952,0.008456681,-0.07648493,0.17233741,0.15425934,-0.09895658,-0.18657044,-0.06614117,-0.17615478,0.27839884,-0.12269383,0.280837,0.25101662,-0.2632966,-0.25488168,-0.39078847,-0.36387914,-0.41500786,-0.13304818,0.12582996,0.25432205,-0.05343078,-0.09657522,0.08964707,-0.06448902,-0.21585846,-0.32266033,0.3598716,0.3946701,0.4584788,0.43441394,0.4585466,0.4422354,0.6043913,0.4067337,0.5298351,0.4436113,0.42984468,0.39017677,0.2385406,0.22108541,0.40297678,0.33347526,0.26875353,0.42787433,0.45933425,0.33582622,0.329123,0.28979304,0.2950649,0.28671613,0.32170945,0.29835075,0.31730932,0.19888759,0.223055,0.25519276,0.45996827,0.36236253,0.28661188,0.1956227,0.34330815,0.26607114,0.17452641,-0.1556626,0.16286217,0.18593147,0.26414263,0.10622583,0.022675747,0.2404751,0.22418784,0.25517264
0.27948406,0.3062719,0.23814125,0.35896963,-0.0023119366,0.037686754,0.092117555,0.2346051,0.05293538,0.027293183,0.53304887,0.5985447,0.48630083,0.58978516,0.25531504,0.38349319,1.0,0.7556103,0.36370257,0.438174,0.10369289,0.13630764,0.44172212,0.38803792,0.3129706,0.097118765,-0.02632972,0.028138923,0.8096529,0.6982267,0.51916856,0.5471549,0.6622918,0.6539879,0.6544335,0.53669846,0.73735136,0.6643818,0.63066363,0.5928809,0.60073924,0.49437267,0.6400046,0.57321525,0.63996184,0.55715215,0.55639696,0.52040744,0.58451974,0.41882744,0.6474411,0.51753736,0.6935294,0.50741696,0.68064153,0.5837847,0.2795069,0.28040457,0.26934686,0.22051716,0.17805833,0.3493406,0.62208307,0.45096913,0.61539644,0.4200272,0.6584134,0.5705715,0.4475471,0.3077972,0.46303612,0.36899874,0.58658886,0.70996255,0.3730512,0.43417218,0.6555601,0.6895897,0.45813453,0.5711318,0.8156528,0.7808971,0.6474915,0.4560803,0.81176585,0.75172657,0.56277907,0.50993174,0.67350745,0.7210126,0.7428489,0.6380353,0.6534761,0.47987142,0.7062788,0.68547165,0.6544756,0.5216251,0.54971427,0.50305676,0.6479437,0.2554327,0.7241276,0.6705273,0.6434672,0.6667245,0.53431445,0.31456897,0.52023476,0.5497429,0.5345268,0.42550156,0.38156143,0.6142622,0.56261486,0.5714873
0.22167626,0.63003343,0.26707688,0.57374775,-0.22562927,-0.17796203,0.038197756,0.5863325,-0.096450396,0.00075042696,0.399561,0.83069545,0.1692178,0.82399774,0.011271593,0.27047387,0.7556103,1.0,0.567858,0.56224006,-0.16440508,-0.15372227,0.5342791,0.30396354,0.11408248,-0.12807241,-0.3128528,-0.26238763,0.6757302,0.4714604,0.27669585,0.48387223,0.55604255,0.53004855,0.52865744,0.3493758,0.7545997,0.56054825,0.49506378,0.4290928,0.7050132,0.24057417,0.6356865,0.56545335,0.63550377,0.56348056,0.49609873,0.51105934,0.56952983,0.5423645,0.6125297,0.5949898,0.5755585,0.6655957,0.650301,0.5734989,0.24759524,0.5307819,0.3789891,0.44084817,0.30906555,0.42385986,0.48156393,0.5480577,0.50347865,0.42669725,0.64887315,0.6261894,0.6049572,0.5450207,0.19531263,0.24042042,0.42270836,0.5477909,-0.0062892325,0.16966905,0.3863414,0.5678022,0.2845775,0.5669672,0.6233179,0.8268567,0.63225,0.5411664,0.55573726,0.8395619,0.43634796,0.3577611,0.47028098,0.79306614,0.5735875,0.6620516,0.53445697,0.36370504,0.63844526,0.6146145,0.5344996,0.4154662,0.55412936,0.509088,0.4129064,0.035109974,0.66515934,0.6261799,0.61990947,0.69077116,0.5916074,0.5078898,0.48977682,0.51940876,0.47133788,0.46151406,0.38564134,0.51681584,0.56959224,0.58969134
0.68477696,0.78673595,0.6922792,0.6467237,-0.68396306,-0.650614,0.5504911,0.8086781,-0.57920307,-0.4462202,0.5195285,0.6458573,0.21699439,0.60721403,-0.39028308,-0.29368854,0.36370257,0.567858,1.0,0.92510515,-0.6960498,-0.6363504,0.6539186,0.07223854,-0.23648703,-0.68572307,-0.75988275,-0.7489055,0.24397741,-0.047756426,-0.03088629,0.2555433,0.4276131,0.07169428,0.25765374,-0.08729946,0.43751463,0.28007096,-0.03369292,0.18753588,0.59187675,0.14366274,0.6403024,0.6034135,0.6949304,0.6397047,0.43193623,0.44769606,0.7170325,0.76874256,0.7214048,0.80648017,0.4166846,0.62947434,0.35057673,0.38191444,0.73277575,0.8106647,0.83803755,0.76823163,0.848536,0.6501281,0.55047727,0.40250504,0.61953175,0.6349369,0.64979136,0.7271446,0.871992,0.88700587,-0.14900643,-0.08259522,-0.06627358,0.18393677,-0.28078696,-0.09733713,-0.11729445,0.24969295,-0.2551677,0.05218126,0.21049146,0.39507243,0.44480708,0.4210497,0.2758473,0.52454644,0.10982794,-0.07266191,0.18329358,0.5020402,0.3199889,0.3001697,0.34314293,0.16722015,0.38951543,0.39970338,0.29480395,0.35897216,0.4255268,0.32843387,0.17295441,-0.1593152,0.44224486,0.48803645,0.30523077,0.35613883,0.38856563,0.510477,0.4378153,0.35893512,0.39788797,0.4620418,0.43309984,0.30879387,0.30514592,0.36979982
0.65383005,0.7232269,0.65343267,0.62894654,-0.59379363,-0.5526201,0.5069289,0.7590725,-0.49727526,-0.3972131,0.5129587,0.65355194,0.26697093,0.6115751,-0.31273717,-0.24001801,0.438174,0.56224006,0.92510515,1.0,-0.61923045,-0.5444531,0.6427587,0.15911797,-0.1903694,-0.5845026,-0.6594189,-0.63381886,0.3088198,0.036284145,-0.0030838004,0.27383143,0.46964434,0.12909415,0.31099692,-0.026082486,0.449337,0.28841645,0.0066968086,0.20378532,0.5905591,0.16581918,0.66077083,0.6410233,0.7465767,0.6789036,0.4478014,0.4588951,0.75545007,0.77798176,0.736944,0.7981061,0.4738968,0.6246857,0.37441415,0.3687317,0.72012395,0.83395857,0.83613944,0.7275775,0.8281582,0.71843666,0.61476827,0.5084669,0.6731009,0.7293554,0.69706565,0.7645884,0.88357824,0.8796134,-0.09226839,-0.014805058,0.015800921,0.25011522,-0.20525058,-0.04604236,-0.04923756,0.30655324,-0.1719813,0.08017084,0.27360952,0.46709368,0.43435547,0.37281397,0.33507165,0.54071516,0.09975189,-0.048663765,0.21025681,0.50904727,0.38031304,0.30952483,0.38807276,0.2584042,0.41337082,0.42011932,0.31434733,0.35401142,0.45851025,0.353713,0.26208475,-0.03783175,0.4919001,0.49433517,0.32075953,0.3404688,0.36875722,0.49555415,0.46659917,0.3682065,0.4040902,0.48955384,0.46616858,0.38292766,0.32979593,0.38476545
-0.41228002,-0.57647073,-0.48937064,-0.3926878,0.79828393,0.7358937,-0.3970001,-0.65744054,0.71699125,0.5007878,-0.09525809,-0.27763337,0.13039787,-0.2752704,0.6130221,0.5920729,0.10369289,-0.16440508,-0.6960498,-0.61923045,1.0,0.7878101,-0.27555493,0.3034755,0.59044576,0.8229526,0.8385559,0.833482,0.25025338,0.4853254,0.48227945,0.17024037,0.027676068,0.36255896,0.17848957,0.41543844,0.030415691,0.07606762,0.46536547,0.19194691,-0.26164633,0.09772119,-0.21202588,-0.2573471,-0.33648494,-0.45979735,-0.0114992075,-0.12880889,-0.42632914,-0.59187007,-0.382912,-0.53985196,0.078346975,-0.47696707,0.07224502,-0.057952113,-0.5333696,-0.5941546,-0.7275571,-0.7420267,-0.7303037,-0.4114076,-0.11144235,-0.03829113,-0.32091105,-0.3646407,-0.27095163,-0.45088452,-0.59548795,-0.7063923,0.46018505,0.36545217,0.42755315,0.19998476,0.5157328,0.32808396,0.5521756,0.2235914,0.51216906,0.32546514,0.2553388,0.072338864,-0.08403381,-0.2024429,0.15148808,-0.05020461,0.2151889,0.41242582,0.32556808,0.009537684,0.0973936,0.04738553,0.027963728,0.1861656,0.11891053,0.06492747,0.1922455,-0.010962351,-0.06344317,-0.045479067,0.24481948,0.4696962,0.0009216342,-0.04503221,0.11772598,-0.0077622086,-0.07078272,-0.36919188,-0.11025013,-0.061403066,0.039040428,-0.17269829,-0.23955743,0.08480954,0.042705543,-0.03927476
-0.3975036,-0.60505843,-0.4988607,-0.48791862,0.79205203,0.78453046,-0.4236594,-0.7038085,0.73037183,0.53223395,-0.058815457,-0.31552982,0.16568525,-0.33865198,0.67721564,0.6236607,0.13630764,-0.15372227,-0.6363504,-0.5444531,0.7878101,1.0,-0.33182484,0.2648355,0.5225842,0.8268284,0.8334946,0.85381037,0.30165187,0.57310206,0.4755667,0.22345316,0.11268442,0.4333338,0.207677,0.48786518,0.03667425,0.211208,0.3899327,0.33663046,-0.34387344,0.32816896,-0.10952483,-0.09650246,-0.23389937,-0.33541918,0.06774195,0.032541495,-0.30284718,-0.4140915,-0.30063033,-0.4827883,0.11813296,-0.3966645,0.1257136,0.10252487,-0.39746177,-0.5854894,-0.59739435,-0.66910946,-0.5968466,-0.2841516,-0.043283336,-0.03342918,-0.20945995,-0.28453234,-0.1575797,-0.3135311,-0.51141834,-0.60191625,0.5187044,0.4740808,0.52256376,0.35028163,0.622971,0.54908866,0.6135789,0.3084827,0.53272575,0.3443161,0.28515822,0.07208777,-0.11646792,-0.17464796,0.22356288,-0.056414686,0.16247025,0.36389855,0.35630372,-0.017251654,0.1750616,0.03450486,0.16629751,0.2715784,0.12449869,0.12833287,0.16984786,0.08505173,0.0281402,0.07864064,0.37122563,0.46062142,0.024115669,-0.06509993,0.11233288,-0.00031625226,-0.13980459,-0.41639274,-0.12647842,0.072813965,0.08662491,-0.085110515,-0.12544666,0.16281652,-0.0052020517,0.024182254
0.54686034,0.5600936,0.72592795,0.788289,-0.34270313,-0.35187793,0.6159233,0.6743654,-0.22052872,-0.13000335,0.4455877,0.64143217,0.3251042,0.6387969,-0.20260485,0.032613825,0.44172212,0.5342791,0.6539186,0.6427587,-0.27555493,-0.33182484,1.0,0.5855928,0.23645073,-0.27702877,-0.4419099,-0.425012,0.44648138,0.23560922,0.41758758,0.559991,0.37153012,0.1682425,0.22994295,0.116224475,0.5324876,0.25887695,0.16913038,0.21761185,0.5311421,0.089035414,0.45899186,0.33889726,0.42045817,0.33291492,0.26756248,0.21045984,0.43815628,0.3702951,0.42980283,0.47966465,0.38437396,0.37974235,0.35595512,0.31999904,0.4453874,0.6238914,0.46288309,0.44391835,0.49411234,0.51584643,0.42496896,0.44438812,0.3445109,0.46312162,0.44545424,0.44357455,0.6169418,0.5506711,0.29397932,0.34787983,0.27605763,0.3521154,-0.15356621,-0.032276753,0.24074765,0.48465347,-0.037392497,0.29401863,0.3492209,0.5278389,0.46297744,0.36979043,0.24663258,0.47152868,0.25005662,0.11348986,0.234819,0.5006835,0.2818011,0.27497944,0.27013344,0.1995459,0.47606626,0.33355233,0.2644242,0.20695214,0.26102293,0.17344618,0.19137372,-0.06470842,0.4489939,0.49327886,0.2912447,0.34311652,0.40939096,0.4595799,0.62004864,0.31512764,0.27403903,0.2668625,0.18621498,0.28946662,0.3903211,0.21940088
0.050175227,0.103228174,0.30526403,0.46973935,0.26155785,0.22558074,0.14408848,0.1623686,0.32149392,0.26578787,0.17492585,0.3884089,0.2857346,0.38201675,0.2048271,0.38219592,0.38803792,0.30396354,0.07223854,0.15911797,0.3034755,0.2648355,0.5855928,1.0,0.555304,0.3620938,0.20554663,0.2332116,0.490346,0.4735457,0.61066496,0.6258629,0.1710912,0.28764012,0.11706516,0.26836687,0.32113573,0.08399821,0.25826976,0.11955415,0.19163829,0.04015005,0.0820691,-0.009243056,0.019474091,-0.065705985,0.0208019,-0.039099775,0.040264625,-0.10695058,-0.04061907,-0.017608667,0.20925134,-0.015713543,0.17741914,0.06750767,-0.040107448,0.18596971,-0.06899128,-0.050964147,-0.030507334,0.2860283,0.15987761,0.44734526,-0.08923388,0.25430244,0.077007525,-0.013674505,0.10751085,0.016388142,0.5371987,0.5814815,0.48638335,0.3988578,0.15256144,0.15144256,0.5158449,0.47039866,0.27289343,0.39438704,0.30785075,0.45660302,0.1677767,0.006513477,0.10365726,0.22748737,0.12457606,0.22653994,0.19569403,0.2598648,0.16520369,0.16793403,0.1605165,0.22630894,0.30787843,0.17311089,0.11982659,-0.04727042,0.013002857,-0.008109764,0.24101983,0.19826542,0.21223542,0.14392549,0.12855718,0.08309868,0.14556828,0.06774314,0.3828266,0.08032523,0.04441207,-0.043745488,-0.11924159,0.21158227,0.20015086,0.0326673
-0.010068667,-0.18266816,-0.111504674,-0.010575914,0.5269284,0.4594337,-0.089786135,-0.24267821,0.66309446,0.54262537,0.21952546,0.05554909,0.36204946,0.04016925,0.591419,0.6818171,0.3129706,0.11408248,-0.23648703,-0.1903694,0.59044576,0.5225842,0.23645073,0.555304,1.0,0.62357014,0.5052075,0.51333183,0.48196068,0.5848747,0.67129767,0.4165192,0.27432084,0.46308362,0.34650826,0.5105231,0.31640714,0.27702594,0.48127228,0.30878344,0.058968846,0.23606153,0.12482172,0.058801305,-0.02890747,-0.16863722,0.25272214,0.13278463,-0.12362931,-0.3027221,-0.067315154,-0.17508441,0.31141078,-0.18994795,0.25104177,0.15364139,-0.15128753,-0.25951824,-0.38891184,-0.41718394,-0.32455203,-0.05476004,0.18323925,0.16822784,-0.094753146,-0.09853952,0.07359373,-0.104313195,-0.16065595,-0.33939618,0.5059345,0.453497,0.47827387,0.4177676,0.44176635,0.39308983,0.6305559,0.44279453,0.4307147,0.46686906,0.4299582,0.29647842,0.11402366,0.0142520135,0.2809231,0.21700911,0.18936586,0.3337399,0.44176644,0.28789955,0.2764693,0.20790303,0.23065557,0.23898874,0.37323323,0.259822,0.34511006,0.20378512,0.15893553,0.1450397,0.3502986,0.33389637,0.22040892,0.20814216,0.258592,0.22098958,0.18578361,-0.11879079,0.18578985,0.120108746,0.27632684,0.045978557,-0.10278224,0.16336437,0.21547632,0.17186153
-0.49532884,-0.5182193,-0.54959846,-0.34599,0.840083,0.81464314,-0.4915476,-0.616188,0.87910426,0.72349477,-0.1615074,-0.21066031,0.083320424,-0.22598842,0.70608175,0.7018341,0.097118765,-0.12807241,-0.68572307,-0.5845026,0.8229526,0.8268284,-0.27702877,0.3620938,0.62357014,1.0,0.85085326,0.87344396,0.29358584,0.5213942,0.4565153,0.1952825,-0.022582423,0.3541155,0.098987035,0.4248704,-0.0018626321,0.04027009,0.34673476,0.09677473,-0.26491043,0.10519232,-0.2572904,-0.2589249,-0.34691188,-0.3993451,-0.09152634,-0.16824055,-0.38880256,-0.5096065,-0.41786546,-0.5360801,-0.01588546,-0.43763998,0.010026284,-0.118241735,-0.5617435,-0.51972395,-0.6789655,-0.6138943,-0.6765635,-0.28891453,-0.14455856,0.07485894,-0.35151413,-0.2976927,-0.2577496,-0.4144817,-0.55774456,-0.6421627,0.46950462,0.41122478,0.45925638,0.2613518,0.5188544,0.3766185,0.559121,0.18191692,0.52413434,0.2780533,0.20177837,0.079045415,-0.1404327,-0.23272638,0.0858094,-0.07659203,0.049912006,0.28013533,0.20359746,-0.0426975,0.054854665,-0.019429915,-0.003474938,0.14855346,0.029405486,-0.024107514,0.05584738,-0.13241151,-0.10547636,-0.07186467,0.20470741,0.45382833,-0.065149985,-0.17651667,0.018749956,-0.09935914,-0.18297827,-0.41660222,-0.11286193,-0.091890134,-0.08668703,-0.2151129,-0.21791172,-6.492062e-05,-0.06978179,-0.09442491
-0.50068045,-0.6551022,-0.60706913,-0.5397877,0.917937,0.8794135,-0.5093472,-0.7546995,0.8134591,0.61999005,-0.21149482,-0.4260478,0.061406054,-0.4346604,0.68204087,0.6140147,-0.02632972,-0.3128528,-0.75988275,-0.6594189,0.8385559,0.8334946,-0.4419099,0.20554663,0.5052075,0.85085326,1.0,0.9453751,0.073759176,0.3466509,0.30529132,-0.031134477,-0.0624892,0.29049015,0.099309154,0.3803078,-0.12060637,-0.01835171,0.34176356,0.14788197,-0.47311732,0.06905818,-0.30466357,-0.28705382,-0.36488092,-0.49720192,-0.09616943,-0.14299043,-0.47571453,-0.56785303,-0.48526433,-0.637277,-0.002107491,-0.5619305,-0.019551225,-0.102477774,-0.52676755,-0.6387215,-0.7394392,-0.7476001,-0.7124867,-0.38006473,-0.16236252,-0.010478723,-0.35762542,-0.3501404,-0.2879068,-0.4883126,-0.62178427,-0.67754894,0.29180476,0.27607927,0.29695064,0.033361416,0.45273927,0.2776057,0.4516176,0.09378333,0.4959316,0.18194407,0.10695671,-0.0766143,-0.2308025,-0.36716378,0.048404165,-0.22822912,0.017233804,0.25074452,0.22965227,-0.17122474,0.044332005,-0.06839183,0.020707412,0.2163517,-0.0063537345,-0.027137127,0.079731345,-0.05301377,-0.12689081,-0.060559805,0.27513987,0.5276483,-0.09073564,-0.16856271,0.02265282,-0.12444301,-0.18449268,-0.47843438,-0.17430945,-0.07223476,-0.011679474,-0.22012143,-0.2414649,0.04644847,-0.0810632,-0.08351861
-0.5174378,-0.6454909,-0.6070857,-0.49172905,0.8983016,0.8870604,-0.53531677,-0.7346587,0.82031834,0.639177,-0.21939656,-0.36319077,0.04315393,-0.37267616,0.673699,0.63803947,0.028138923,-0.26238763,-0.7489055,-0.63381886,0.833482,0.85381037,-0.425012,0.2332116,0.51333183,0.87344396,0.9453751,1.0,0.12071078,0.39710683,0.337753,0.042932197,-0.050140023,0.32669216,0.104891755,0.38587445,-0.095814474,0.0012156179,0.33686998,0.13477492,-0.43109754,0.11240439,-0.29202735,-0.2678205,-0.34404793,-0.45174015,-0.099112585,-0.1479596,-0.4344522,-0.5408528,-0.45248187,-0.59598476,0.015551803,-0.5066196,-0.010070083,-0.11281925,-0.5462873,-0.61025274,-0.71476877,-0.7257006,-0.70983064,-0.35780123,-0.15663311,0.014680058,-0.351071,-0.31675196,-0.26728672,-0.4648097,-0.60833496,-0.66660523,0.33921954,0.3110261,0.34519404,0.1042668,0.47528175,0.32160497,0.47245234,0.12537932,0.5297389,0.2236993,0.13969532,-0.030952776,-0.20893042,-0.32880116,0.07382448,-0.1877889,0.031420957,0.2821689,0.22091307,-0.14389215,0.049048565,-0.063936405,0.012118409,0.22455056,0.00035215283,-0.009937494,0.07220345,-0.06527182,-0.124547064,-0.06280918,0.28493547,0.50490105,-0.07302569,-0.17485772,0.025482414,-0.10520947,-0.17964706,-0.46443647,-0.16271168,-0.05994305,-0.031171914,-0.21833678,-0.23855408,0.03673816,-0.07392809,-0.06792914
0.17536108,0.20518576,0.12016164,0.2873556,0.1171167,0.10493336,0.021773567,0.17291954,0.26076046,0.18993285,0.47256,0.55339056,0.4469355,0.5337706,0.37377906,0.50639755,0.8096529,0.6757302,0.24397741,0.3088198,0.25025338,0.30165187,0.44648138,0.490346,0.48196068,0.29358584,0.073759176,0.12071078,1.0,0.8090442,0.6407072,0.6745192,0.6715375,0.6712179,0.59804356,0.5668486,0.74951833,0.6547934,0.63972855,0.57673126,0.56508887,0.4840321,0.5929263,0.5324949,0.50628877,0.42102832,0.54562336,0.5116175,0.45126227,0.28192693,0.49565938,0.3558107,0.63543314,0.42023757,0.6774883,0.57813156,0.1508302,0.1998537,0.11163404,0.05241933,0.041778717,0.27197453,0.51588035,0.4373223,0.45378685,0.28659278,0.55172914,0.48270524,0.35141793,0.16394725,0.63763106,0.5877915,0.77114654,0.80875254,0.49841738,0.54187095,0.7656871,0.77264357,0.5443341,0.5898417,0.7685043,0.7209707,0.5740602,0.3812495,0.6949714,0.701889,0.51221836,0.4579229,0.6774272,0.7322368,0.68233263,0.6156275,0.6371266,0.46273693,0.6795067,0.638145,0.59335226,0.46193397,0.58921266,0.536411,0.60603493,0.32164705,0.670064,0.60004085,0.6338547,0.60199505,0.49013805,0.25125107,0.4237982,0.51813066,0.48422885,0.48216245,0.40784267,0.5946554,0.55208606,0.5493173
0.09839408,-0.065983824,-0.015406124,0.014686941,0.37219366,0.38165566,-0.026940618,-0.17187536,0.47107944,0.3359949,0.4646706,0.31270552,0.52680194,0.24270426,0.6056202,0.6817456,0.6982267,0.4714604,-0.047756426,0.036284145,0.4853254,0.57310206,0.23560922,0.4735457,0.5848747,0.5213942,0.3466509,0.39710683,0.8090442,1.0,0.6624162,0.575851,0.560765,0.7121611,0.555364,0.6777235,0.54407036,0.6982322,0.5789217,0.658072,0.2612697,0.6315857,0.40336668,0.40327388,0.2664584,0.23665051,0.4336649,0.41961917,0.24586295,0.06758086,0.27855924,0.1072356,0.48560464,0.1293103,0.4730491,0.5429179,0.1005652,-0.11630834,-0.093734205,-0.18398379,-0.13490218,0.023069426,0.4434199,0.2349588,0.28652477,0.1318982,0.30430862,0.2737585,-0.005240482,-0.13129461,0.60958815,0.5105467,0.6527827,0.8389511,0.66990995,0.7515098,0.7718208,0.67396426,0.46974656,0.5627715,0.71758705,0.596897,0.39269632,0.32350463,0.6894874,0.5363516,0.4755016,0.53150123,0.6375847,0.51601344,0.5796481,0.39631185,0.51364875,0.2829962,0.517265,0.5353745,0.5065856,0.4566857,0.4705292,0.4772199,0.5711989,0.25921753,0.45152655,0.360849,0.48034745,0.42761487,0.27004412,-0.051576287,0.271673,0.3478291,0.41962278,0.36881745,0.28474307,0.44248474,0.3589197,0.38270345
0.20705968,-0.11359194,0.108317904,0.18131445,0.3125198,0.27373752,0.14184897,-0.12763293,0.36738446,0.28733945,0.45223925,0.22243702,0.46105805,0.16825894,0.41406614,0.50558466,0.51916856,0.27669585,-0.03088629,-0.0030838004,0.48227945,0.4755667,0.41758758,0.61066496,0.67129767,0.4565153,0.30529132,0.337753,0.6407072,0.6624162,1.0,0.8158114,0.48320484,0.57799417,0.41201863,0.43547836,0.44710165,0.41774166,0.44865245,0.425016,0.26923627,0.40777582,0.31711453,0.14262617,0.12515701,-0.066332415,0.36440453,0.1705929,0.106328994,-0.10361812,0.17751764,0.06274987,0.42914808,-0.03430113,0.35404882,0.28688896,-0.0011436903,-0.11680431,-0.18189144,-0.18021129,-0.14441858,0.022488508,0.28884134,0.0804628,0.06863114,-0.03617602,0.22151014,0.044656053,-0.006876097,-0.17561857,0.8242236,0.64090115,0.6140665,0.5636538,0.5670134,0.4823152,0.77185434,0.6200688,0.4029426,0.48683092,0.52942014,0.328587,0.24997225,0.14175835,0.41696295,0.3184646,0.38978747,0.4472008,0.5785714,0.42641783,0.35538757,0.22030105,0.33891425,0.30614683,0.4864294,0.4246685,0.47465914,0.30112287,0.19271229,0.117132284,0.45688528,0.30598935,0.30985647,0.34072083,0.3186883,0.29907802,0.17893708,-0.053136583,0.2763119,0.28239384,0.33100444,0.072433814,-0.033245947,0.18819153,0.2582475,0.17132667
