1.0,0.6009459,0.8544218,0.82767,-0.0072087906,-0.012011663,0.77380544,0.75704104,0.34911233,0.11290235,0.727164,0.7837857,0.696312,0.73372406,0.32942677,0.22310458,0.65611327,0.7683932,0.8173561,0.84538573,-0.17185837,0.061303493,0.7092941,0.6780996,0.0129816355,0.0025959092,0.016791325,-0.06603454,0.50770384,0.6127494,0.40396354,0.452615,0.7469595,0.7340342,0.5538409,0.50143474,0.11992426,0.27438787,0.40570006,0.1855166,0.11749432,0.4312991,0.7606164,0.7219181,0.72323483,0.7776546,0.6880576,0.638025,0.7069804,0.6189806,0.6800571,0.57373327,0.4554866,0.51901805,0.54937893,0.42769936,0.802768,0.58205026,0.6496159,0.1629968,0.7386905,0.48278734,0.66599566,0.6091459,0.6411633,0.67105186,0.8315684,0.8088379,0.77128553,0.7316352,0.37981668,0.7101007,0.48922873,0.5152958,0.32273734,0.49107957,0.5674898,0.6284023,0.55024844,0.5531493,0.6697542,0.57290936,0.4559047,0.2895399,0.41015932,0.4567165,0.06979956,0.16004643,0.3396585,0.29360542,0.57128626,0.4757463,0.26010814,0.5068442,0.35449374,0.48230362,0.7294144,0.77001625,0.6693093,0.6534701,0.4492859,0.30480894,0.4972613,0.40776956,0.5377099,0.5741432,0.67564064,0.29763052,0.26534244,0.47550452,0.6632513,0.4884583,0.45183334,0.5649222,0.66767687,0.60881865
0.6009459,1.0,0.5693424,0.70245814,-0.3889616,-0.5388391,0.27502498,0.7971436,-0.0314327,-0.37589937,0.58726805,0.59581244,0.1818845,0.6673199,0.5803644,-0.24269174,0.6724066,0.42601073,0.50853646,0.43185183,-0.20639037,-0.42324147,0.292538,0.63466126,-0.28362024,-0.5339234,-0.36033723,-0.6132921,0.65544546,0.29072678,0.068556115,0.3438133,0.3365283,0.45812675,0.25031263,0.27356505,-0.07334561,-0.303666,0.3390195,-0.3655332,0.24280982,-0.00073976815,0.4166714,0.25365072,0.50213915,0.6560169,0.50170153,0.14871322,0.57448685,0.7691123,0.21570475,0.82888776,-0.19226061,0.6474635,0.17292394,-0.012736506,0.2579619,0.90255946,0.60922104,0.6947045,0.43204588,0.88194025,0.1236003,0.7031849,0.3137552,0.78250915,0.71185553,0.41060257,0.8193642,0.72667223,-0.25531304,0.41919717,0.64877295,-0.16037983,-0.2611846,-0.14492367,0.46768492,0.2524909,0.42349687,0.13653056,0.31425717,0.6889644,0.3351509,0.14497468,-0.2139442,0.5677144,-0.2480824,-0.11273616,-0.15355724,0.1752663,0.0744162,0.717013,-0.3195096,0.4910097,0.23165756,0.1756835,0.4734256,0.5778039,0.5196537,0.31009793,0.021067014,0.26987937,0.35230947,0.2087442,0.20949203,0.32630557,0.66953933,0.13314085,0.032010198,0.07842156,0.4025512,0.17293082,0.06958475,0.43576288,0.70823425,0.47039405
0.8544218,0.5693424,1.0,0.8842633,0.05984518,0.029856145,0.8402969,0.829914,0.42318222,0.17506859,0.6814514,0.7553018,0.72725636,0.74082446,0.36902058,0.22644916,0.63437486,0.6919832,0.8541059,0.86823964,-0.07319497,0.09319713,0.8257055,0.7780873,0.15574853,0.051972765,0.111832894,-0.0745617,0.5181266,0.5425044,0.5202011,0.5836262,0.78355885,0.77777857,0.60234785,0.6018463,0.21131827,0.28146747,0.46899033,0.19445033,0.20780194,0.5286407,0.75400573,0.71659017,0.6987418,0.74907327,0.7588022,0.67527336,0.66583574,0.6557664,0.5812128,0.60287,0.4238754,0.5956045,0.61498016,0.48527122,0.68950504,0.6210032,0.59706205,0.17368324,0.7136438,0.49980122,0.6351319,0.6561419,0.6364612,0.7215413,0.8908964,0.8561681,0.7590743,0.7318412,0.46831444,0.81262165,0.582966,0.4045468,0.3229523,0.4574177,0.7267928,0.7166329,0.58257204,0.50278616,0.68051076,0.6090904,0.5361953,0.31772602,0.46277216,0.546914,0.10547125,0.21800412,0.40584165,0.4395243,0.5960978,0.63339156,0.23473904,0.64606607,0.4940398,0.49296588,0.78314465,0.8079861,0.7841551,0.7472519,0.44912076,0.4579056,0.6067764,0.5613702,0.6112163,0.6378475,0.68435264,0.46063665,0.26278704,0.51601744,0.65514565,0.57157797,0.49324676,0.6869757,0.6872918,0.7229175
0.82767,0.70245814,0.8842633,1.0,0.020150222,0.006504959,0.66713166,0.91020954,0.3807756,0.1456286,0.75480556,0.82856745,0.6555973,0.8720668,0.4898612,0.23546687,0.7700601,0.7344686,0.8396008,0.79004085,-0.07730359,0.08104934,0.72798693,0.8872827,0.06828708,-0.0035717615,0.063605234,-0.12848328,0.6811571,0.60456645,0.48893374,0.6646232,0.77997285,0.8231015,0.5872605,0.62969685,0.27074584,0.2494104,0.5428403,0.17699596,0.33133835,0.48388246,0.7607785,0.67684835,0.6947331,0.785075,0.7757983,0.612557,0.671006,0.68267447,0.48146725,0.64377236,0.30921954,0.7035895,0.61648494,0.4644875,0.5773161,0.7227111,0.5445495,0.2572867,0.5931624,0.60567683,0.52561694,0.77681464,0.54520106,0.7974274,0.91650397,0.8454246,0.77390724,0.7302644,0.32364383,0.77873904,0.6797702,0.3463535,0.26295298,0.3985226,0.7393544,0.71961737,0.6930564,0.53762376,0.7248825,0.74225557,0.57751536,0.34420893,0.36960557,0.68360597,0.11947486,0.2804164,0.37410942,0.5070031,0.5584314,0.65403265,0.23332734,0.66137326,0.5141286,0.5419557,0.7925145,0.8226344,0.78735423,0.6984705,0.4944422,0.47223425,0.63951075,0.5395717,0.63269573,0.69036293,0.7349633,0.4326686,0.24614051,0.5164266,0.70473564,0.57560176,0.47575635,0.7038802,0.7617915,0.7184683
-0.0072087906,-0.3889616,0.05984518,0.020150222,1.0,0.7859795,0.033439584,-0.03934687,0.66530555,0.80297416,0.20368448,0.20428032,0.3905658,0.16811608,0.25128967,0.6873547,0.19479166,0.4099689,0.21674779,0.2402675,0.542997,0.7563372,0.2801294,0.15023775,0.7557353,0.8761116,0.668257,0.69137853,0.19968612,0.3859355,0.65121835,0.53355914,0.425984,0.3964555,0.3104445,0.3770033,0.67674613,0.62288386,0.4420601,0.75788736,0.47612414,0.5290577,0.31699833,0.39477783,-0.05154906,0.010797835,0.33971044,0.5369764,-0.18720213,-0.25691965,-0.11292991,-0.35918522,0.48874363,0.10496498,0.54956925,0.6963174,-0.020606682,-0.17189853,-0.42473397,-0.6694643,-0.2613209,-0.4852882,0.12850496,0.09502289,-0.20063439,-0.25940648,-0.021296011,0.18757835,-0.25938004,-0.27773547,0.6428431,0.35351872,0.25315276,0.47158,0.6106755,0.5646193,0.37351835,0.5244008,0.37846994,0.4331581,0.47405982,0.17291473,0.46929634,0.4135341,0.7145868,0.30185318,0.7236016,0.7319856,0.6702713,0.59826183,0.30069986,-0.11549299,0.5608942,0.33555168,0.38901955,0.44016972,0.3433544,0.24526027,0.15882328,0.26233247,0.49104562,0.34647802,0.41350845,0.494871,0.45244762,0.3973783,-0.166403,0.42647943,0.10799684,0.44203317,0.30738115,0.31108236,0.11490006,0.23283972,-0.09043883,0.06891597
-0.012011663,-0.5388391,0.029856145,0.006504959,0.7859795,1.0,0.081764616,-0.14197333,0.60001135,0.8846038,0.18303026,0.11100418,0.47340238,0.06121949,0.061745342,0.7935629,0.12465179,0.35125893,0.2177988,0.18624675,0.42774704,0.8405466,0.30687296,0.11121822,0.5735861,0.8676941,0.71868336,0.86014175,0.047042653,0.3257849,0.58538175,0.42907852,0.4166624,0.34407106,0.33327702,0.35504377,0.68347263,0.7774027,0.38477316,0.8814681,0.3380893,0.59300643,0.34473044,0.40771627,-0.045559943,-0.04766449,0.26263735,0.5414166,-0.25510243,-0.35688823,-0.019016843,-0.5081851,0.60601616,0.041000906,0.60283643,0.71693754,0.07706336,-0.3689372,-0.5107402,-0.784464,-0.24841107,-0.6536613,0.19721712,-0.027874215,-0.12574755,-0.3042509,-0.055823002,0.24445795,-0.3857019,-0.3536013,0.70780027,0.29956412,0.055632398,0.5890368,0.74579996,0.70004225,0.27682933,0.50562626,0.35826916,0.5041767,0.47511527,0.037824955,0.42179537,0.43809947,0.7993104,0.18005286,0.7984089,0.7808434,0.7832952,0.54460657,0.44941792,-0.2598031,0.77226806,0.18266955,0.4179094,0.5146448,0.31356338,0.18660954,0.13561487,0.297666,0.6596038,0.30020297,0.40139285,0.47616243,0.54038703,0.46628636,-0.14832911,0.42428693,0.28609002,0.5706675,0.3364255,0.4040686,0.28550997,0.21424966,-0.11288516,0.093537204
0.77380544,0.27502498,0.8402969,0.66713166,0.033439584,0.081764616,1.0,0.6187744,0.37560475,0.17561187,0.46017104,0.6288692,0.70881677,0.50271565,-0.019145167,0.14694181,0.32076728,0.49817884,0.68330944,0.78146756,-0.22652118,0.08101626,0.69068456,0.47363454,0.09071404,0.10185973,0.08197176,0.040458027,0.18944833,0.4153929,0.32929504,0.30327183,0.6312354,0.57049423,0.3947916,0.37701342,0.039108135,0.31349924,0.19743076,0.18704297,-0.11868634,0.47003955,0.61332375,0.6587045,0.61752766,0.6042451,0.53855413,0.59785706,0.6331202,0.49797043,0.7209788,0.41264683,0.52603805,0.29946592,0.48783517,0.37294975,0.7714961,0.30451787,0.6038723,0.013501643,0.83444285,0.30269367,0.7569557,0.4212381,0.64919335,0.5189724,0.68411106,0.7433119,0.5717486,0.6195973,0.5213047,0.6509531,0.24621521,0.46792305,0.36146227,0.44771963,0.5134225,0.58667314,0.3263256,0.39209312,0.47798514,0.29014134,0.20678611,0.091306426,0.4457285,0.20159559,-0.0045514936,0.026782563,0.36522576,0.2148616,0.627553,0.40748176,0.31315032,0.41198483,0.28515786,0.33279696,0.6071857,0.61260563,0.64028853,0.7047967,0.36465913,0.26819527,0.38406146,0.39270672,0.47303867,0.45803502,0.52217233,0.31453475,0.22194712,0.431661,0.4756103,0.5143748,0.58864677,0.5537528,0.4876394,0.591444
0.75704104,0.7971436,0.829914,0.91020954,-0.03934687,-0.14197333,0.6187744,1.0,0.36398482,0.052585028,0.7436886,0.84299535,0.55031854,0.85624444,0.55324703,0.09775802,0.794846,0.6630264,0.7631248,0.7174698,-0.08012266,-0.05917232,0.5727787,0.8365764,-0.02673751,-0.13589193,-0.033836003,-0.28163412,0.7574397,0.54109174,0.40517238,0.64515865,0.6999986,0.77633,0.4196667,0.5219409,0.23708782,0.074020505,0.5797603,0.023717687,0.35480288,0.36087647,0.70291215,0.6045606,0.6649874,0.7987773,0.77870363,0.5215758,0.7022614,0.77440584,0.39421776,0.75438386,0.16756466,0.7556299,0.549075,0.3872834,0.48113698,0.817304,0.5948353,0.38719404,0.5873962,0.72509724,0.45394027,0.8752023,0.38938785,0.81752706,0.901288,0.74258673,0.81422573,0.7679202,0.16324417,0.7226488,0.7570507,0.16684052,0.12172091,0.21527086,0.7450171,0.6222463,0.6710513,0.4189683,0.61760724,0.8016528,0.51896924,0.26886606,0.22580606,0.718984,0.06591448,0.19585557,0.27817652,0.509509,0.42293513,0.76060045,0.06632081,0.7035332,0.47133258,0.44290978,0.7509246,0.79982984,0.77888423,0.6382644,0.36318246,0.4813513,0.6353712,0.52624476,0.5369651,0.62423015,0.7132447,0.4377327,0.12857577,0.40130213,0.6321331,0.47852588,0.35413143,0.6983342,0.76876473,0.6692106
0.34911233,-0.0314327,0.42318222,0.3807756,0.66530555,0.60001135,0.37560475,0.36398482,1.0,0.71832603,0.449715,0.53298783,0.55146414,0.45744404,0.31350493,0.64460814,0.41010597,0.5832844,0.5019545,0.53629595,0.3337437,0.594546,0.49871993,0.4456235,0.5654716,0.6304123,0.586595,0.49758422,0.3595623,0.5525864,0.65302277,0.58828896,0.62482315,0.60354066,0.42986462,0.49270955,0.52882916,0.5590242,0.5535688,0.58366525,0.35644004,0.59474045,0.5714572,0.58852416,0.3319821,0.37304068,0.6075861,0.64863,0.23870057,0.14042565,0.1981425,0.061425578,0.49981138,0.3439842,0.68523663,0.7058796,0.2920898,0.16554566,0.01134848,-0.41854164,0.13007016,-0.08455972,0.33617684,0.37531805,0.06442907,0.123775646,0.3786569,0.4874321,0.13059726,0.13291585,0.66214687,0.6370592,0.41841903,0.51007545,0.5778592,0.63504446,0.5621086,0.6743207,0.52856576,0.5382512,0.6148109,0.4313696,0.4751324,0.42906937,0.68203986,0.48022255,0.54185253,0.5903499,0.6474107,0.6437194,0.49996442,0.23735781,0.54636043,0.5290621,0.5124284,0.4821708,0.5690221,0.51785743,0.48145065,0.5228693,0.46507412,0.42361027,0.5500243,0.5684027,0.600487,0.5512902,0.25308087,0.47616184,0.19957231,0.44126505,0.5313806,0.5100623,0.32931477,0.4370602,0.2586666,0.36581334
0.11290235,-0.37589937,0.17506859,0.1456286,0.80297416,0.8846038,0.17561187,0.052585028,0.71832603,1.0,0.3211927,0.29079774,0.54130775,0.2524134,0.23679973,0.8367685,0.29092577,0.47818604,0.36403635,0.30649245,0.50696164,0.80987823,0.40582407,0.30642748,0.6437634,0.8418893,0.71681327,0.78362304,0.23315702,0.39939597,0.7166153,0.58841157,0.5446267,0.50785816,0.44210646,0.5217319,0.75044155,0.7066414,0.5484534,0.8562927,0.48219055,0.58114827,0.46066254,0.451562,0.03884823,0.07241174,0.4256178,0.61402506,-0.12217353,-0.2075078,-0.008226977,-0.33791727,0.5632832,0.1571758,0.6630347,0.77641124,0.15219238,-0.17125128,-0.38889557,-0.674097,-0.12300891,-0.48158845,0.25455868,0.19583786,-0.03599378,-0.087378964,0.10727674,0.34646314,-0.23998766,-0.2513266,0.70966697,0.43051812,0.27404326,0.56721944,0.738007,0.70652986,0.41136953,0.6042639,0.49122116,0.5517472,0.56430143,0.21153834,0.5603759,0.4551176,0.8231588,0.3811817,0.8434379,0.82041126,0.8022794,0.68275684,0.43856972,-0.10040662,0.6856586,0.31959745,0.5220397,0.55751073,0.42123935,0.3087728,0.24259841,0.3491194,0.6552927,0.4126711,0.5016139,0.5783873,0.58608407,0.52749944,-0.049552813,0.5606974,0.2400584,0.58101594,0.39458582,0.365349,0.21450096,0.3174789,0.00047077332,0.18996921
0.727164,0.58726805,0.6814514,0.75480556,0.20368448,0.18303026,0.46017104,0.7436886,0.449715,0.3211927,1.0,0.72347337,0.690954,0.7487619,0.63526565,0.4346616,0.8819035,0.78890216,0.7988806,0.67339706,0.1020465,0.2819858,0.59992063,0.7376696,0.064131536,0.14681901,0.20460118,0.08466825,0.80642515,0.6821954,0.5632353,0.6940909,0.7929196,0.81241626,0.5386889,0.577987,0.5251078,0.40277892,0.74125624,0.4091206,0.5462569,0.5571398,0.82237566,0.67790663,0.5514603,0.6938061,0.80341876,0.6720434,0.49170384,0.5422004,0.29904747,0.42270392,0.39625823,0.7358546,0.73273385,0.63852775,0.40405136,0.5865717,0.29931486,0.07770992,0.3840806,0.36888614,0.40746593,0.73471415,0.30494606,0.5624746,0.7490493,0.6477724,0.5972479,0.51520014,0.36589593,0.72772294,0.7623314,0.45086884,0.44098806,0.5007607,0.70364726,0.695755,0.84764534,0.6690786,0.8354847,0.8086089,0.7234178,0.62463933,0.5249589,0.74460363,0.44098964,0.5352528,0.5382267,0.6036816,0.4883567,0.48571905,0.37756488,0.69968385,0.5843596,0.67400193,0.8048146,0.78673905,0.6648492,0.5909952,0.6068446,0.4737281,0.75829536,0.63006365,0.6949767,0.7698837,0.6121637,0.5162495,0.24817964,0.5988573,0.7247266,0.54358417,0.35759524,0.6659899,0.66430837,0.5378318
0.7837857,0.59581244,0.7553018,0.82856745,0.20428032,0.11100418,0.6288692,0.84299535,0.53298783,0.29079774,0.72347337,1.0,0.70552593,0.9006578,0.50605726,0.33012587,0.75671804,0.7710118,0.80219805,0.75288546,-0.04976001,0.119651444,0.6238888,0.7577266,0.1330567,0.09784021,0.122149,-0.0200941,0.7134412,0.66923964,0.5549343,0.6991445,0.780102,0.8279005,0.46123758,0.49963942,0.3236832,0.21992424,0.56307423,0.24073344,0.33816364,0.41518176,0.7634843,0.6609567,0.594419,0.796303,0.74894387,0.6131465,0.623045,0.62377745,0.47608507,0.57540476,0.3198308,0.61281395,0.60123664,0.5156621,0.59364456,0.66604066,0.4884021,0.14583682,0.55973965,0.50641394,0.58614403,0.8385612,0.3697663,0.65237975,0.784485,0.73828906,0.65337634,0.5781207,0.30061784,0.70670927,0.6764477,0.40747592,0.327165,0.45130125,0.68895847,0.6956015,0.67052805,0.52528924,0.7087549,0.72516745,0.52839273,0.2560275,0.39125344,0.6599743,0.2526462,0.34337667,0.38971305,0.5455053,0.4429438,0.5522387,0.23145147,0.61158216,0.50286627,0.5097941,0.75603205,0.78104603,0.65233976,0.58993596,0.4449647,0.41843456,0.5741761,0.49638715,0.5423504,0.6390548,0.61710167,0.38322678,0.21892183,0.47693545,0.62601227,0.43843237,0.32722637,0.59222764,0.6528112,0.60674477
0.696312,0.1818845,0.72725636,0.6555973,0.3905658,0.47340238,0.70881677,0.55031854,0.55146414,0.54130775,0.690954,0.70552593,1.0,0.6743759,0.30188125,0.5953924,0.6051298,0.7168889,0.7954874,0.7326688,0.06189771,0.44622272,0.80056375,0.6188905,0.27043775,0.40263537,0.44009322,0.37088114,0.49119675,0.64886713,0.67218906,0.63371086,0.81460285,0.7564219,0.5267453,0.51237935,0.50840604,0.60026836,0.54507333,0.6128631,0.30614787,0.6456593,0.82002854,0.76863027,0.5239551,0.6014069,0.71026915,0.80356556,0.42210603,0.35143712,0.45952597,0.17104517,0.6398301,0.48002827,0.7504701,0.70125455,0.5715206,0.2512837,0.20429555,-0.2548957,0.4743362,0.03878991,0.6569156,0.5193704,0.42479622,0.34912717,0.61395586,0.7077514,0.3823138,0.37062365,0.65825367,0.71802926,0.46774453,0.6652109,0.6436972,0.71672803,0.6370464,0.7578963,0.67024547,0.69125956,0.8027556,0.4901229,0.61534846,0.4329315,0.7462357,0.48454896,0.52361804,0.56297415,0.6879016,0.55669504,0.63171464,0.25965884,0.59290224,0.52594286,0.54869896,0.6278539,0.7353537,0.70791304,0.5968373,0.66417736,0.6992516,0.38585302,0.6340912,0.6139012,0.67267877,0.71695095,0.43913388,0.498098,0.37074307,0.6896837,0.66127115,0.60019857,0.5110969,0.5941993,0.48112857,0.53639084
0.73372406,0.6673199,0.74082446,0.8720668,0.16811608,0.06121949,0.50271565,0.85624444,0.45744404,0.2524134,0.7487619,0.9006578,0.6743759,1.0,0.6288041,0.340792,0.8246733,0.77524424,0.8049796,0.70055866,0.035953145,0.119860575,0.64777833,0.8735719,0.1486197,0.062968016,0.11174821,-0.10704669,0.7914908,0.6456019,0.54800457,0.74930227,0.76188564,0.8321807,0.5415617,0.59658754,0.40493813,0.20685433,0.6424417,0.23313619,0.45867705,0.40773472,0.7541694,0.61750054,0.57034403,0.7664601,0.78863853,0.59812546,0.57914484,0.61192805,0.31096175,0.59176534,0.23072746,0.71284974,0.6008784,0.50331664,0.44543618,0.7246295,0.4164797,0.20649482,0.428056,0.54537094,0.42458278,0.8439438,0.36216953,0.70530754,0.80694413,0.7264029,0.6724801,0.58343714,0.26596722,0.7282246,0.780157,0.3174404,0.26202732,0.4014282,0.7174959,0.70046383,0.7472235,0.5323532,0.7348389,0.78048337,0.6464107,0.2933031,0.36581317,0.7804285,0.27763352,0.39567432,0.3775916,0.6130159,0.4069674,0.6105771,0.18988729,0.6665749,0.56404185,0.5451998,0.75455314,0.7813357,0.685708,0.57818145,0.45497257,0.46266466,0.6428139,0.55737823,0.5579472,0.6711382,0.6379885,0.42952204,0.21059558,0.48558396,0.6684565,0.46098754,0.29333624,0.6433915,0.68046683,0.61970806
0.32942677,0.5803644,0.36902058,0.4898612,0.25128967,0.061745342,-0.019145167,0.55324703,0.31350493,0.23679973,0.63526565,0.50605726,0.30188125,0.6288041,1.0,0.3420592,0.7551049,0.55254847,0.4892886,0.31110972,0.38555157,0.1575725,0.32869026,0.66039956,0.2717944,0.09040152,0.16127512,-0.09516194,0.77777445,0.38222745,0.5239602,0.68910366,0.4552672,0.5775923,0.45278674,0.52826536,0.53421164,0.089617826,0.7012172,0.19647038,0.73655283,0.26222026,0.47237495,0.27188852,0.22099729,0.4370807,0.60808814,0.36715344,0.13671575,0.3449384,-0.19750214,0.38890213,-0.020991752,0.6550923,0.42427495,0.41261446,0.0028941394,0.6557149,0.04987775,0.18510932,-0.028603388,0.3747699,-0.06036677,0.65804344,0.0052670664,0.49289316,0.49015915,0.34865665,0.36751544,0.24376106,0.080621675,0.46900955,0.8050464,0.008306846,0.1272869,0.18785578,0.5840868,0.4538323,0.6714442,0.39685118,0.5371338,0.7311827,0.75556314,0.5097482,0.22453038,0.793616,0.40537882,0.500961,0.2797911,0.61125743,0.06811529,0.49605724,0.00561855,0.5597455,0.4843895,0.4019744,0.51369065,0.50635046,0.41353545,0.2509509,0.297448,0.5196531,0.5983692,0.5336439,0.41224226,0.4883349,0.3556905,0.488426,0.11592218,0.27895045,0.4458504,0.20602337,-0.10287017,0.40799356,0.43828315,0.35997003
0.22310458,-0.24269174,0.22644916,0.23546687,0.6873547,0.7935629,0.14694181,0.09775802,0.64460814,0.8367685,0.4346616,0.33012587,0.5953924,0.340792,0.3420592,1.0,0.3898011,0.5257062,0.39653432,0.34785998,0.45471978,0.7626696,0.49056494,0.41008824,0.5537801,0.7551233,0.66842544,0.6927588,0.310354,0.4863058,0.71545446,0.58990854,0.579065,0.5294075,0.55446905,0.5710358,0.70697165,0.6818636,0.56664515,0.80736536,0.5243297,0.5791625,0.5283641,0.4926467,0.14346503,0.17033409,0.48582342,0.63320744,-0.061473727,-0.13632505,0.008365401,-0.27155975,0.5689007,0.23196478,0.6456577,0.7440773,0.21212585,-0.09456745,-0.3087523,-0.6173146,-0.080502726,-0.39711064,0.26960796,0.21156788,0.09229793,-0.013667185,0.2071345,0.40253273,-0.13287959,-0.1448742,0.66722566,0.4395963,0.30423546,0.5943996,0.6968658,0.714747,0.41917455,0.6137247,0.56291187,0.6308198,0.66635233,0.3142683,0.65041155,0.6061742,0.8242799,0.43794522,0.80632305,0.8198673,0.76206136,0.6217258,0.44767532,-0.074122086,0.6834905,0.3039451,0.50781125,0.5825938,0.46290952,0.35872534,0.26244766,0.3318883,0.6721025,0.36972907,0.5473765,0.55182666,0.6031918,0.58224803,0.033355173,0.5202589,0.3311549,0.5452055,0.44868174,0.4037857,0.24625123,0.27850357,0.083542965,0.24073243
0.65611327,0.6724066,0.63437486,0.7700601,0.19479166,0.12465179,0.32076728,0.794846,0.41010597,0.29092577,0.8819035,0.75671804,0.6051298,0.8246733,0.7551049,0.3898011,1.0,0.79219323,0.7491092,0.5947709,0.18957075,0.22827205,0.54548234,0.8174144,0.09744262,0.09526554,0.20214467,-0.011201795,0.9194456,0.65182245,0.6024878,0.7892184,0.7576799,0.8333031,0.511095,0.59799767,0.5498037,0.24625471,0.811439,0.32296437,0.66617566,0.4278805,0.7698732,0.5908143,0.5044531,0.64783746,0.82799363,0.6137022,0.4293654,0.5524424,0.14800373,0.49606872,0.2550387,0.7830018,0.6708191,0.5920009,0.30081818,0.7031894,0.23708789,0.15187459,0.257174,0.4429875,0.30920187,0.84730154,0.18414412,0.6168065,0.75754523,0.6254244,0.589249,0.4954167,0.22983699,0.6942402,0.8614815,0.3306496,0.35320756,0.399733,0.7309115,0.65641356,0.88906497,0.6253949,0.793687,0.8908905,0.7834212,0.5620577,0.4332139,0.8707098,0.45559523,0.56043535,0.48143616,0.6895535,0.33373824,0.5462817,0.21301883,0.7011212,0.6154403,0.6361332,0.77615446,0.77837586,0.635514,0.50098,0.5474634,0.50062364,0.7653829,0.64251065,0.64538115,0.7529639,0.57502764,0.53479517,0.21567167,0.5420248,0.6923465,0.4280753,0.1890529,0.62780434,0.66763854,0.5768765
0.7683932,0.42601073,0.6919832,0.7344686,0.4099689,0.35125893,0.49817884,0.6630264,0.5832844,0.47818604,0.78890216,0.7710118,0.7168889,0.77524424,0.55254847,0.5257062,0.79219323,1.0,0.81895363,0.7790981,0.23031905,0.42831847,0.68726164,0.72996855,0.3406948,0.37914056,0.36256686,0.24847616,0.68420887,0.78494054,0.7140894,0.754373,0.862121,0.8857739,0.632118,0.65381724,0.51194566,0.4883395,0.68431884,0.5342312,0.45853218,0.61244166,0.83838975,0.7643362,0.5241379,0.6391065,0.802098,0.7845234,0.4431394,0.41299602,0.38659385,0.3305152,0.5661725,0.62462646,0.7616996,0.745887,0.53910434,0.5059652,0.26633084,-0.0882929,0.32083008,0.19866116,0.49880642,0.6634558,0.32506576,0.46176785,0.7050127,0.75986016,0.5129259,0.43236408,0.5271712,0.76869893,0.6707468,0.6440086,0.563513,0.6722502,0.68737954,0.78295946,0.7639812,0.7722581,0.84693736,0.7155129,0.72031903,0.54157573,0.6326918,0.6961603,0.48061022,0.5912427,0.60898185,0.65060854,0.5162259,0.36963028,0.41184667,0.60922825,0.59625286,0.70380354,0.821368,0.80196637,0.6195079,0.6441561,0.64007604,0.5273163,0.693812,0.647588,0.6822882,0.7162112,0.5532739,0.5410836,0.34590793,0.6873523,0.7599802,0.5317764,0.2867622,0.61742795,0.58412516,0.5431827
0.8173561,0.50853646,0.8541059,0.8396008,0.21674779,0.2177988,0.68330944,0.7631248,0.5019545,0.36403635,0.7988806,0.80219805,0.7954874,0.8049796,0.4892886,0.39653432,0.7491092,0.81895363,1.0,0.8554989,0.08113581,0.3021135,0.7826737,0.77876514,0.17656772,0.20154244,0.25735107,0.11415656,0.64645344,0.7032963,0.62338674,0.68276256,0.85932267,0.86816543,0.59455836,0.5834008,0.3880116,0.43912008,0.5846643,0.4128008,0.3356533,0.61850274,0.84645563,0.7432649,0.6187868,0.7544476,0.7760513,0.7474734,0.5447264,0.51507866,0.46756977,0.4447621,0.51147264,0.6050256,0.7095845,0.63501304,0.6057642,0.5512649,0.38989443,0.037740935,0.5377814,0.36831185,0.5702378,0.69486576,0.48388854,0.6014978,0.80468863,0.7954609,0.6456185,0.5689015,0.5151529,0.8092946,0.6589144,0.5551347,0.48605156,0.6402263,0.70343477,0.764752,0.74172914,0.6662201,0.827374,0.6867216,0.67371875,0.49502733,0.5654102,0.63810265,0.33076024,0.44574282,0.5279471,0.56364423,0.57170665,0.47534862,0.41071233,0.63394654,0.5990982,0.63082045,0.7941279,0.80882746,0.69875145,0.70093757,0.59959644,0.4653129,0.66784453,0.62613356,0.661195,0.70861185,0.64412636,0.5064828,0.34020513,0.6210589,0.716535,0.5837946,0.42329407,0.6793623,0.62589616,0.62005645
0.84538573,0.43185183,0.86823964,0.79004085,0.2402675,0.18624675,0.78146756,0.7174698,0.53629595,0.30649245,0.67339706,0.75288546,0.7326688,0.70055866,0.31110972,0.34785998,0.5947709,0.7790981,0.8554989,1.0,0.065358445,0.27016115,0.7693897,0.68177354,0.2845897,0.26609945,0.23053128,0.10213272,0.47752777,0.6989013,0.5557473,0.5569352,0.81597906,0.80362546,0.57774794,0.5530827,0.24118401,0.45866337,0.46045607,0.3557108,0.19165839,0.6369642,0.77441436,0.8188387,0.73555726,0.7302327,0.7130954,0.76981586,0.603063,0.5511194,0.602324,0.46763325,0.5892127,0.5099902,0.7007694,0.5961708,0.69514394,0.49286455,0.4780906,-0.007493676,0.58263093,0.33708513,0.6090854,0.53968215,0.54449135,0.5356988,0.78683716,0.81780696,0.6982952,0.6943369,0.6046381,0.82603616,0.49759188,0.5897617,0.43048522,0.5931688,0.69884133,0.7672054,0.584473,0.6296038,0.7175544,0.5509314,0.53326434,0.3812945,0.57185143,0.4816644,0.19508712,0.29699913,0.5290267,0.46286827,0.7009523,0.5234465,0.4122795,0.6232622,0.45814097,0.56150067,0.7904446,0.8128222,0.77146083,0.80228186,0.53864855,0.43788633,0.61148536,0.5603891,0.6590159,0.647698,0.65473855,0.42405215,0.21633005,0.54149944,0.71943146,0.66439277,0.53708225,0.69472396,0.6099487,0.65399015
-0.17185837,-0.20639037,-0.07319497,-0.07730359,0.542997,0.42774704,-0.22652118,-0.08012266,0.3337437,0.50696164,0.1020465,-0.04976001,0.06189771,0.035953145,0.38555157,0.45471978,0.18957075,0.23031905,0.08113581,0.065358445,1.0,0.558797,0.13897881,0.19706783,0.60485005,0.56362,0.49270555,0.3582798,0.22965722,0.1402471,0.5317507,0.418839,0.20161454,0.24337153,0.3270805,0.42081073,0.5580123,0.26988444,0.46661752,0.43810445,0.5530067,0.34508026,0.1276514,0.09303114,-0.18994823,-0.20386119,0.22010016,0.3077807,-0.41338763,-0.30873686,-0.4785334,-0.31914067,0.24742958,0.072742745,0.28042668,0.4505387,-0.3029655,-0.10280288,-0.4261908,-0.40578628,-0.4383527,-0.3683145,-0.25291565,0.037348874,-0.2910608,-0.16192435,-0.07534799,-0.032608036,-0.30302814,-0.3123733,0.36101663,0.23757224,0.33252037,0.1395655,0.369817,0.29899555,0.2593483,0.30094528,0.33582586,0.31287885,0.2407714,0.17241442,0.49360344,0.41744658,0.4133441,0.37868547,0.5267917,0.5624855,0.42647702,0.5366148,-0.03670123,-0.08669488,0.16030091,0.14504127,0.34735066,0.26491368,0.16406046,0.078716025,0.028227895,0.04911802,0.24025024,0.32826057,0.40413374,0.48303688,0.26593313,0.19576815,-0.23771077,0.50088674,0.074957095,0.24305332,0.0812012,0.07375633,-0.26496902,0.057280634,-0.19094458,0.02252813
0.061303493,-0.42324147,0.09319713,0.08104934,0.7563372,0.8405466,0.08101626,-0.05917232,0.594546,0.80987823,0.2819858,0.119651444,0.44622272,0.119860575,0.1575725,0.7626696,0.22827205,0.42831847,0.3021135,0.27016115,0.558797,1.0,0.34571332,0.20519519,0.6077719,0.85324484,0.7095462,0.7755669,0.16556786,0.39649242,0.6218954,0.48553267,0.4906326,0.42974964,0.4090417,0.4562138,0.70449185,0.79758865,0.47393212,0.86711234,0.45120773,0.701413,0.40846187,0.4565801,0.020134458,-0.047082767,0.3684631,0.61867815,-0.21003,-0.33357945,-0.08292966,-0.47677913,0.6537209,0.11489666,0.63196504,0.77593744,0.046844296,-0.29534733,-0.4770752,-0.7542223,-0.23082525,-0.5663911,0.15889227,0.026557906,-0.092017226,-0.25484735,0.046871714,0.28149703,-0.29013607,-0.25661245,0.75639695,0.41629592,0.19242196,0.58564526,0.75831133,0.7101968,0.33273706,0.5566495,0.46747202,0.60627985,0.5334942,0.13403602,0.5238865,0.5426317,0.8109296,0.28701323,0.7606773,0.7875215,0.79867953,0.60743314,0.46383315,-0.19121018,0.76501226,0.26988855,0.452801,0.5507117,0.39928007,0.28198782,0.21806136,0.37518227,0.69033,0.36587867,0.5155774,0.5773281,0.596858,0.5024363,-0.044868484,0.5262106,0.29343522,0.5845431,0.4229776,0.49406993,0.26031238,0.29419845,-0.05094764,0.14090082
0.7092941,0.292538,0.8257055,0.72798693,0.2801294,0.30687296,0.69068456,0.5727787,0.49871993,0.40582407,0.59992063,0.6238888,0.80056375,0.64777833,0.32869026,0.49056494,0.54548234,0.68726164,0.7826737,0.7693897,0.13897881,0.34571332,1.0,0.7362191,0.37904373,0.3205899,0.31052688,0.20617388,0.4268158,0.58282435,0.70623326,0.61685514,0.7748696,0.72879034,0.741143,0.6692202,0.37069243,0.44617572,0.47949243,0.43925527,0.31646052,0.6160492,0.7175137,0.6734823,0.4925952,0.5320386,0.7044653,0.74817884,0.39868653,0.3953959,0.43673682,0.27366447,0.5352856,0.446036,0.6120519,0.5963303,0.57071036,0.38267493,0.3148687,-0.080458306,0.5053702,0.19229168,0.56926614,0.47695705,0.635593,0.5183004,0.6834505,0.7438019,0.45484048,0.41706228,0.61039084,0.74775714,0.48561475,0.5733225,0.5047306,0.66246563,0.64766914,0.75494003,0.5795851,0.6110842,0.7493251,0.48471236,0.64892185,0.44246295,0.6469356,0.5090118,0.313619,0.4302853,0.51320124,0.4895051,0.5542789,0.35494944,0.38416982,0.49991018,0.51928264,0.55330235,0.69309855,0.68924534,0.59027284,0.6222321,0.5237735,0.35945797,0.5522856,0.5544606,0.59410805,0.60034937,0.46606925,0.46614835,0.4135297,0.5559828,0.59039885,0.5233408,0.42401728,0.53478336,0.4720065,0.6075746
0.6780996,0.63466126,0.7780873,0.8872827,0.15023775,0.11121822,0.47363454,0.8365764,0.4456235,0.30642748,0.7376696,0.7577266,0.6188905,0.8735719,0.66039956,0.41008824,0.8174144,0.72996855,0.77876514,0.68177354,0.19706783,0.20519519,0.7362191,1.0,0.23774682,0.11484074,0.19468203,-0.045127414,0.74859226,0.543717,0.6375792,0.7994417,0.75817245,0.8330543,0.6924659,0.7765104,0.46201733,0.24969478,0.704096,0.27024218,0.55678135,0.5023417,0.731988,0.6066062,0.5494316,0.6555718,0.8170945,0.6173055,0.48690635,0.58090603,0.22551934,0.54587257,0.27304476,0.7493016,0.64198035,0.5525659,0.38504878,0.7058066,0.34809992,0.17112762,0.37364402,0.49057448,0.33352157,0.7835353,0.42488712,0.757801,0.83419704,0.7567002,0.62773955,0.56710774,0.3475413,0.7775777,0.7963943,0.26456508,0.29989144,0.4137518,0.7879017,0.75264525,0.7611784,0.5476,0.73216945,0.76705396,0.7563889,0.42842978,0.43579167,0.8222973,0.31297824,0.45962268,0.45886785,0.68024844,0.47113606,0.6406552,0.20941538,0.6759299,0.6163507,0.5713286,0.77345866,0.77996224,0.7374745,0.6210744,0.50301874,0.57358056,0.72800976,0.65539956,0.6619503,0.71691066,0.6213217,0.5533589,0.27197152,0.5169529,0.6582378,0.5169285,0.32277286,0.6693578,0.68963903,0.694142
0.0129816355,-0.28362024,0.15574853,0.06828708,0.7557353,0.5735861,0.09071404,-0.02673751,0.5654716,0.6437634,0.064131536,0.1330567,0.27043775,0.1486197,0.2717944,0.5537801,0.09744262,0.3406948,0.17656772,0.2845897,0.60485005,0.6077719,0.37904373,0.23774682,1.0,0.75486666,0.5610582,0.49589646,0.061818477,0.1790715,0.6395974,0.47128436,0.30987617,0.30809262,0.49124113,0.46557078,0.46992835,0.41508055,0.3214489,0.52196175,0.41660437,0.43270996,0.2181447,0.2632952,-0.0600343,-0.064186074,0.30287012,0.45705923,-0.23529701,-0.21517475,-0.13511176,-0.20325205,0.34291524,0.05294584,0.40650496,0.50778,-0.00080752285,-0.06614607,-0.3195017,-0.5076836,-0.18246232,-0.3418438,-0.0031232662,0.020314073,0.055391878,-0.07623876,0.067252114,0.22341213,-0.18410093,-0.17133082,0.62029696,0.38204983,0.24300867,0.28173277,0.43770933,0.45221314,0.38386473,0.49849203,0.25536346,0.32190076,0.31048408,0.05547859,0.4131752,0.24372143,0.55858344,0.264162,0.47620484,0.50132334,0.5121152,0.50626475,0.26465258,0.064041,0.33316493,0.2821206,0.38679826,0.30646294,0.31591558,0.24027614,0.22463574,0.28778106,0.28258458,0.3783121,0.34715316,0.47511518,0.39422294,0.2801582,-0.06647907,0.39258608,0.19497918,0.30980086,0.2501321,0.2836407,0.06447322,0.23260632,-0.06927455,0.23650245
0.0025959092,-0.5339234,0.051972765,-0.0035717615,0.8761116,0.8676941,0.10185973,-0.13589193,0.6304123,0.8418893,0.14681901,0.09784021,0.40263537,0.062968016,0.09040152,0.7551233,0.09526554,0.37914056,0.20154244,0.26609945,0.56362,0.85324484,0.3205899,0.11484074,0.75486666,1.0,0.7359075,0.7924526,0.049590774,0.3724292,0.6293319,0.43650103,0.4212156,0.35839617,0.37015694,0.40175608,0.6271354,0.7338181,0.3580888,0.8376535,0.36563942,0.6038342,0.31287357,0.42390886,-0.01582393,-0.061774496,0.27065,0.5601147,-0.22367306,-0.37002942,-0.016011452,-0.48180357,0.5993072,-0.022233203,0.54898584,0.70597225,0.07866131,-0.34780362,-0.43035355,-0.77761054,-0.20519976,-0.6082203,0.1855281,-0.051332,-0.08629114,-0.29320344,-0.034047615,0.25019488,-0.33494267,-0.3043405,0.7428486,0.33449706,0.083296105,0.6049883,0.7280129,0.6848301,0.2689001,0.51104385,0.3374707,0.5186888,0.46033534,0.04697017,0.40819564,0.44058195,0.78787744,0.18101849,0.7044672,0.7043241,0.73674995,0.5216242,0.41298264,-0.2394696,0.70452726,0.1987632,0.33917767,0.4428166,0.30912852,0.17934017,0.1381501,0.29796597,0.5619575,0.28722715,0.3743098,0.45935702,0.49486852,0.3822143,-0.17057487,0.41554835,0.19098763,0.48390913,0.30738682,0.35840744,0.21616745,0.20159993,-0.17290798,0.08587175
0.016791325,-0.36033723,0.111832894,0.063605234,0.668257,0.71868336,0.08197176,-0.033836003,0.586595,0.71681327,0.20460118,0.122149,0.44009322,0.11174821,0.16127512,0.66842544,0.20214467,0.36256686,0.25735107,0.23053128,0.49270555,0.7095462,0.31052688,0.19468203,0.5610582,0.7359075,1.0,0.6658535,0.12539953,0.34499604,0.5800341,0.42682344,0.3987416,0.34745687,0.25136825,0.3220415,0.5537497,0.6180621,0.37929237,0.6944732,0.35966578,0.50709444,0.396223,0.41211858,0.08654721,0.030674627,0.30696574,0.51584154,-0.106153354,-0.16980045,-0.00052169984,-0.3112031,0.53672194,0.14489475,0.557946,0.64193857,0.025445605,-0.20497595,-0.36415115,-0.61863035,-0.17888466,-0.48312932,0.11744966,0.024874087,-0.109505944,-0.2057483,0.041413937,0.26704103,-0.22272877,-0.17880338,0.61836505,0.3576871,0.13035096,0.48601034,0.6363465,0.54130125,0.32961944,0.45889848,0.3657202,0.4732562,0.44738668,0.1484875,0.42851153,0.46233764,0.6573631,0.24826248,0.64599115,0.6542843,0.6693813,0.5046588,0.3646849,-0.094204,0.59406704,0.26684222,0.38825703,0.40254727,0.32004628,0.25873476,0.207144,0.33654848,0.5348479,0.38422695,0.41004136,0.45536706,0.50035065,0.43408906,0.015841618,0.41518942,0.2482965,0.45070708,0.38497117,0.37796947,0.20043336,0.23666745,0.057867378,0.15808316
-0.06603454,-0.6132921,-0.0745617,-0.12848328,0.69137853,0.86014175,0.040458027,-0.28163412,0.49758422,0.78362304,0.08466825,-0.0200941,0.37088114,-0.10704669,-0.09516194,0.6927588,-0.011201795,0.24847616,0.11415656,0.10213272,0.3582798,0.7755669,0.20617388,-0.045127414,0.49589646,0.7924526,0.6658535,1.0,-0.09334763,0.24021679,0.49641225,0.26809862,0.28533655,0.21197014,0.22615102,0.21761999,0.5352584,0.71138346,0.24802391,0.81301296,0.2220426,0.49712342,0.22655849,0.2956172,-0.08841009,-0.18582563,0.13374701,0.43692136,-0.32073927,-0.4467707,-0.014354101,-0.59317726,0.6113511,-0.081966616,0.49023518,0.62010795,0.068995394,-0.4928599,-0.53799695,-0.7664263,-0.22466512,-0.7175155,0.18311858,-0.17136909,-0.11181937,-0.40426764,-0.1748036,0.087774165,-0.4596703,-0.39397225,0.65581316,0.18569613,-0.09510575,0.57725626,0.71661323,0.6442353,0.12251153,0.37643552,0.21871728,0.42799768,0.32903254,-0.12609936,0.26103216,0.35152498,0.71819395,-0.010904674,0.68055254,0.6325616,0.7091135,0.38949573,0.39626235,-0.4055578,0.7311375,0.013641842,0.35268885,0.40568084,0.20909543,0.05482955,0.017510744,0.20078574,0.5624091,0.17290618,0.27202737,0.3626184,0.45126042,0.34571075,-0.22154431,0.31071553,0.30049732,0.4753688,0.24394785,0.3144139,0.22250801,0.09307289,-0.19936264,0.0066018454
0.50770384,0.65544546,0.5181266,0.6811571,0.19968612,0.047042653,0.18944833,0.7574397,0.3595623,0.23315702,0.80642515,0.7134412,0.49119675,0.7914908,0.77777445,0.310354,0.9194456,0.68420887,0.64645344,0.47752777,0.22965722,0.16556786,0.4268158,0.74859226,0.061818477,0.049590774,0.12539953,-0.09334763,1.0,0.63789123,0.55559343,0.7683648,0.6752973,0.7622928,0.38226855,0.49763805,0.5704127,0.15285696,0.7906258,0.25911474,0.7209055,0.32619315,0.65598375,0.47757047,0.40437022,0.5865457,0.75312376,0.49581686,0.35833934,0.50398636,0.0018847912,0.45178068,0.10516765,0.7555187,0.55941415,0.5081919,0.15246831,0.67557937,0.1802187,0.21007259,0.16202532,0.44954494,0.22987776,0.85546523,0.034625858,0.5485371,0.6651281,0.49256554,0.5114939,0.4162018,0.082117885,0.5645269,0.85386235,0.2244436,0.23700722,0.2605608,0.65341586,0.5421432,0.852427,0.54969805,0.7101619,0.8887942,0.7382485,0.49937955,0.31208396,0.8651906,0.43087497,0.5333765,0.38434973,0.6736477,0.17235619,0.50288147,0.12268294,0.66368896,0.53536934,0.5397083,0.6627057,0.6652344,0.52156055,0.35864303,0.43135574,0.44109443,0.6919864,0.5597931,0.5010091,0.6418127,0.45652223,0.52167463,0.11021976,0.41861692,0.5768763,0.30729073,0.048036892,0.5357376,0.5574042,0.4403188
0.6127494,0.29072678,0.5425044,0.60456645,0.3859355,0.3257849,0.4153929,0.54109174,0.5525864,0.39939597,0.6821954,0.66923964,0.64886713,0.6456019,0.38222745,0.4863058,0.65182245,0.78494054,0.7032963,0.6989013,0.1402471,0.39649242,0.58282435,0.543717,0.1790715,0.3724292,0.34499604,0.24021679,0.63789123,1.0,0.5663589,0.5709859,0.76400703,0.74984044,0.34913316,0.3800883,0.41259256,0.55108255,0.50571454,0.52238774,0.32020786,0.58318377,0.7022566,0.71291524,0.5850195,0.59925485,0.6057773,0.67857087,0.4315082,0.30957252,0.4007997,0.19710247,0.5223829,0.4441598,0.64248645,0.62618726,0.4735686,0.31691858,0.20331389,-0.13678014,0.27006066,0.11388995,0.52450633,0.5317368,0.20411347,0.25950715,0.5409384,0.6145308,0.41736475,0.3877571,0.4448158,0.6035641,0.4535086,0.7364199,0.5486892,0.62369305,0.52290636,0.6374353,0.7066497,0.7843398,0.80895174,0.65235263,0.5818519,0.5597894,0.5579082,0.5225628,0.39633405,0.5123705,0.5237957,0.4807509,0.47983184,0.19319004,0.51763463,0.4771542,0.41689953,0.59085834,0.62766653,0.63099486,0.47113895,0.51235616,0.57416195,0.28031513,0.5138832,0.42312506,0.5343204,0.5819478,0.45851326,0.3940077,0.20328629,0.5160636,0.65527695,0.49165136,0.34905022,0.47597829,0.43793532,0.35521123
0.40396354,0.068556115,0.5202011,0.48893374,0.65121835,0.58538175,0.32929504,0.40517238,0.65302277,0.7166153,0.5632353,0.5549343,0.67218906,0.54800457,0.5239602,0.71545446,0.6024878,0.7140894,0.62338674,0.5557473,0.5317507,0.6218954,0.70623326,0.6375792,0.6395974,0.6293319,0.5800341,0.49641225,0.55559343,0.5663589,1.0,0.8347006,0.76386786,0.7716222,0.67223275,0.69121385,0.7277695,0.506112,0.7378882,0.6899101,0.6666786,0.61126125,0.62796175,0.53107864,0.19404921,0.27467105,0.6886838,0.7163938,0.03842679,0.069889985,0.04955554,-0.023648234,0.515592,0.42153203,0.68689644,0.788399,0.26276064,0.23398729,-0.10434653,-0.3456337,0.088847585,-0.11095542,0.35525692,0.50673777,0.15401728,0.24469139,0.46099547,0.5515837,0.08669379,0.045039095,0.63460577,0.6567265,0.60414416,0.5491451,0.65756506,0.7029345,0.6667042,0.7635063,0.6908082,0.65957403,0.7459475,0.540368,0.7616177,0.58432317,0.7603349,0.6481124,0.7051219,0.7767145,0.7088723,0.76789916,0.35402462,0.16481729,0.4381415,0.48627076,0.63627625,0.62665105,0.6683687,0.58746135,0.41764814,0.44483763,0.5875748,0.48819926,0.66560805,0.701095,0.62195706,0.6406895,0.17815778,0.6594638,0.3606416,0.63013494,0.5169671,0.39429066,0.10793125,0.4243549,0.25888607,0.4573449
0.452615,0.3438133,0.5836262,0.6646232,0.53355914,0.42907852,0.30327183,0.64515865,0.58828896,0.58841157,0.6940909,0.6991445,0.63371086,0.74930227,0.68910366,0.58990854,0.7892184,0.754373,0.68276256,0.5569352,0.418839,0.48553267,0.61685514,0.7994417,0.47128436,0.43650103,0.42682344,0.26809862,0.7683648,0.5709859,0.8347006,1.0,0.79922545,0.85236907,0.6314317,0.73810357,0.73155713,0.39462027,0.81808186,0.54529613,0.749509,0.56662714,0.71680754,0.58539474,0.31791073,0.481867,0.8073615,0.67643356,0.22287622,0.33315837,0.052877933,0.25350416,0.37861693,0.6641237,0.73403215,0.7542357,0.22122806,0.4996447,0.023214916,-0.11735085,0.11901859,0.15700117,0.30972275,0.74009365,0.10305038,0.44851032,0.6282504,0.628138,0.31873593,0.24624816,0.4479967,0.6968833,0.79893285,0.37031525,0.50777465,0.53442484,0.76570183,0.7644666,0.8011783,0.60389364,0.79443586,0.7348991,0.8034503,0.5223745,0.6199616,0.83395535,0.6349098,0.7369872,0.64592856,0.84636873,0.37695265,0.41196662,0.341668,0.6688898,0.6707009,0.65757656,0.7699675,0.7087678,0.5750686,0.5127314,0.6179935,0.5985565,0.77147824,0.74014926,0.68904334,0.7559642,0.3937052,0.6770686,0.2816895,0.6516407,0.6165734,0.45087692,0.1726073,0.60072577,0.49839255,0.5499226
