1.0,0.5336302,0.581792,0.46788734,0.22258922,0.13140817,0.7794012,0.52392954,0.108879216,0.20205764,0.71111745,0.4948322,0.69436324,0.3510641,-0.055303335,-0.34767258,0.42155263,-0.05086022,0.66821146,0.68807775,-0.24640414,-0.33272555,0.44217455,0.26547942,-0.40074623,0.21799491,-0.0046081743,-0.09941342,0.26906145,-0.07724742,0.12350368,0.21651845,0.3279853,0.44098723,-0.056847826,-0.07297125,0.02189899,-0.41463897,0.1645339,-0.20719701,-0.21001281,0.02373005,-0.1936424,-0.275609,-0.12567833,-0.14970429,-0.03371086,-0.18716395,-0.007634088,0.38387868,-0.12771407,0.03421567,0.06496396,-0.37264177,-0.26908755,-0.39326093,0.7568344,0.48942932,0.03640568,0.4723051,-0.09722499,0.33970782,-0.03263636,0.2015112,0.014933825,0.44112656,-0.027156856,-0.012779998,0.3867677,0.33809134,-0.01413109,0.103027664,0.07658744,0.1584609,-0.38640592,0.103603445,0.55811995,0.22963974,-0.05403248,-0.23292197,-0.09463697,-0.05135461,-0.14282085,-0.28375983,-0.1599714,-0.114869244,-0.14749889,-0.028920045,-0.07895906,-0.12501435,-0.024780044,-0.0729585,0.33044267,0.118396066,0.34367713,0.32247776,0.45406228,-0.3075371,0.22384235,-0.20562118,0.28658256,-0.009884614,0.20082958,0.48418942,0.18844919,0.1646301,0.34636107,0.10881387,0.13951401,-0.015634267,-0.19507469,-0.14751361,0.11530243,0.16204092,0.06913568,0.05983178
0.5336302,1.0,0.4172436,0.4724834,0.2176287,0.072880834,0.46496883,0.6064014,0.091439866,0.066310145,0.31098,0.5888015,0.36376476,0.51170063,0.20012191,-0.20306456,0.3157934,0.1724702,0.51208156,0.49498877,-0.32229224,-0.09469211,0.39950034,0.3417743,-0.2210613,0.10140388,-0.095379725,-0.06884801,0.34127596,0.10153359,0.29114038,0.09771738,0.33519328,0.2802215,0.052916814,0.03611217,0.19492191,-0.25039005,0.12055284,-0.13741276,-0.24700662,-0.054620035,-0.003822371,-0.01853904,0.003553926,-0.032817986,0.15555796,0.06158662,0.09716242,0.4204542,0.0071669524,0.3460216,0.17850506,-0.027805645,-0.077568494,-0.26330048,0.437364,0.72146016,0.22508483,0.40544495,0.001471812,0.36441168,-0.07022797,0.28153127,0.032190014,0.45672292,0.10709872,0.07196324,0.2866906,0.29653493,0.053656045,-0.016068306,-0.02099521,0.29162052,-0.29924008,0.07127675,0.38965985,0.18979347,0.038728718,-0.015607204,0.1228723,0.26009303,-0.06162553,0.042343315,-0.003908697,0.2571051,-0.08570268,-0.06165166,-0.026927464,0.14225066,0.055750307,0.08092086,0.3360655,0.2602518,0.15684739,0.29329333,0.20771666,-0.0131124435,0.18103458,-0.052871857,0.10344587,0.05298974,0.07938223,0.20243567,0.06853627,0.26573545,0.22405346,-0.033861853,0.23684192,0.25730088,0.08916816,-0.01298811,0.16320963,-0.11882935,-0.08144013,-0.11715061
0.581792,0.4172436,1.0,0.40708736,0.25666788,0.15899715,0.7500902,0.40476727,0.32465744,-0.06352708,0.46164697,0.36586043,0.5563859,0.31997776,0.11672598,-0.021094235,0.26917937,0.029850425,0.78687495,0.5841879,-0.004354472,-0.25658634,0.79001766,0.5793878,-0.07080993,0.37273216,0.0879119,0.009295027,0.24786328,0.2447358,0.3708275,0.28019002,0.40199345,0.4903266,0.0021669262,0.12167272,0.24559854,-0.11872204,0.046274718,-0.021514269,-0.28084356,0.06949359,0.16563384,0.054737635,0.21786219,-0.014195586,0.12345741,-0.031666156,0.20734146,0.28665793,0.025462369,0.38526666,0.26908848,-0.07029868,-0.045664165,-0.19650263,0.44890875,0.3234024,0.3246106,0.10225974,0.15969028,-0.004944906,0.21001463,0.11751821,0.17521374,0.2928221,0.23809935,0.23518725,0.29248148,0.2197047,0.26960874,0.09474697,0.19930995,0.33187175,-0.027402265,0.16486146,0.31071955,0.2283128,0.105078265,0.09001566,0.07012753,0.10611241,0.12987013,-0.15247998,0.2136559,0.17632936,-0.11321039,-0.15783559,0.08954669,0.00422617,0.07836809,0.14520252,0.43344304,0.13666284,0.20756717,0.115831256,0.30945697,-0.07930877,0.25365558,-0.04309126,0.2021504,0.20230095,0.008104667,0.2091519,0.32976034,0.23746288,0.32837448,0.09294149,0.056762315,0.09979887,-0.047596138,-0.06565156,0.101505324,-0.033173196,0.12847209,0.08862948
0.46788734,0.4724834,0.40708736,1.0,0.01678549,0.074311025,0.5593118,0.71169317,0.18035933,0.32022524,0.41433337,0.5217327,0.44627348,0.63154984,0.07025205,-0.023871748,0.36652538,0.20404908,0.5123396,0.63362306,-0.02988294,-0.0636536,0.5730073,0.6026284,-0.2347151,0.083252236,-0.021392297,-0.14176269,0.37698266,0.26232344,0.427338,0.3801985,0.45473787,0.41616994,0.33372033,0.10557514,0.17632382,-0.26901233,0.28689346,0.09560084,-0.02281421,0.18614957,0.042397875,-0.0552442,0.19815058,0.05812727,0.1447007,-0.032324847,0.1717113,0.43832797,0.0058272905,0.2765601,-7.066452e-05,-0.035886675,0.029270697,-0.012585384,0.36642396,0.41882065,0.10911109,0.29012635,-0.013699324,0.3068048,-0.101175055,0.31025016,0.08486739,0.5208658,0.15264764,0.074082084,0.50730056,0.36337894,0.18553583,0.22947763,0.13293248,0.43264875,-0.08723611,0.22684248,0.33328998,0.16812918,0.0022252847,-0.08191364,0.16249666,0.31408623,0.21433018,-0.030178513,0.066145584,0.28078288,-0.015893398,0.044024527,-0.09034068,0.22702168,0.21570604,0.10828104,0.4374922,0.15416385,0.22069766,0.46054754,0.39488697,-0.05091375,0.2932941,0.03841635,0.4415148,0.082715824,0.36739528,0.3367177,0.09684825,0.15863921,0.05871055,0.2927746,0.077277996,0.17010032,0.05875038,-0.01769014,0.26031208,0.097397126,0.018616723,0.13764161
0.22258922,0.2176287,0.25666788,0.01678549,1.0,0.054476004,0.14169076,0.23810299,0.27733538,0.2165845,0.2087281,0.1231679,0.13273783,0.20200402,0.08373819,-0.08070127,0.025755834,-0.16959867,0.22975837,0.3402927,0.0030668322,-0.30991575,0.10359543,0.07575791,-0.02344162,0.31365108,0.14927405,-0.049131364,-0.008038478,-0.18228956,-0.0234795,-0.10443659,-0.11047491,0.08393827,-0.24254651,-0.15065873,0.009599525,-0.24725586,-0.0397447,-0.20990269,-0.17995523,-0.19578764,-0.25806388,-0.25631514,-0.16696386,-0.25217646,-0.19535509,-0.22244313,-0.14304596,-0.0055250493,-0.22594336,-0.049059324,-0.027620876,-0.30326787,-0.16054977,-0.3590702,0.055264868,0.07585512,-0.12242447,0.10773933,-0.24160624,-0.085590154,-0.19682194,0.11603663,-0.14918454,0.027393397,-0.21807276,-0.19478938,-0.02841586,0.0028087867,0.0110369185,-0.02381887,-0.014311711,-0.043148335,-0.18684362,-0.10233796,0.2380846,-0.06518451,-0.22684908,-0.36268276,-0.33924878,-0.031023165,-0.21159689,-0.122746825,-0.22717461,-0.03854587,0.018371284,-0.0072953044,-0.03930993,-0.092412576,-0.2846401,-0.12516299,-0.030149668,-0.033004273,0.30191845,0.04633923,0.15230738,-0.20048666,-0.054767773,-0.31979367,0.03022624,0.07700731,-0.06134264,0.1723909,0.11947106,0.1809026,0.22203659,-0.023842223,0.111574635,-0.111886226,-0.24946795,-0.34922603,-0.18743232,0.15800123,0.1365257,0.15335482
0.13140817,0.072880834,0.15899715,0.074311025,0.054476004,1.0,0.13110411,0.04103524,-0.067467466,-0.03551718,0.104182646,0.03938193,0.15637536,0.011869725,0.10734991,-0.26464704,0.2513804,-0.035896767,0.15859012,0.1565011,-0.22642964,0.15929365,0.15903693,0.15088007,-0.113906495,0.2565085,-0.12386776,0.23444675,0.18896386,0.07852965,0.116656266,0.050674073,0.1762982,0.24232659,0.19850704,0.13330369,0.1787558,-0.0196537,0.21332553,0.22593233,-0.16026156,0.27307388,0.037082277,0.056369457,0.10969906,-0.016362416,-0.0007245265,0.14228408,0.049707755,0.14354345,0.0064826366,0.1214714,0.2367889,-0.054013625,-0.04850273,0.009970429,0.22288443,0.010741653,0.0019250525,-0.078516275,-0.022652857,-0.20215164,-0.06877189,-0.0010492665,0.047050193,0.17337848,0.018377956,0.0456474,0.03617871,0.16061968,0.13964385,0.24016121,0.09300697,0.16578102,-0.016358268,0.016283024,0.16804256,0.20092654,-0.04305295,0.08959456,0.16699998,0.034161273,0.14171787,-0.00980772,0.14430551,0.040629048,0.0043375446,-0.06340224,0.119566545,0.037566207,0.034002345,-0.033847786,0.23246886,0.10076449,0.1479613,0.20489597,0.23488848,0.11195035,0.118338756,-0.0578459,0.33145556,-0.022897968,0.20661964,0.17383601,0.24371776,0.33411226,0.353306,0.11942717,0.23492354,0.26659477,0.040676147,-0.12778385,-0.117091924,-0.007962375,-0.14411655,-0.025901875
0.7794012,0.46496883,0.7500902,0.5593118,0.14169076,0.13110411,1.0,0.5100544,0.13112333,0.06940546,0.65370154,0.39441156,0.7416121,0.35454488,-0.06180706,-0.2077347,0.46200526,0.032418143,0.7597415,0.6505496,-0.16224279,-0.2667,0.69685006,0.5046438,-0.23670997,0.17145678,0.022996154,-0.05254208,0.34268805,0.126445,0.3760235,0.47046244,0.47774547,0.5416735,0.0582103,0.067394376,0.05999838,-0.28195933,0.24810696,-0.10099679,-0.12265932,0.1968483,-0.02822078,-0.17084534,0.056929458,-0.10341648,0.026669102,-0.18068224,0.088689685,0.31942058,-0.07238567,0.18632941,0.09136959,-0.2968196,-0.21587247,-0.286362,0.60090715,0.37764648,0.1314637,0.29924762,-0.0081071425,0.20936474,0.059994783,0.0773046,0.087590255,0.44736663,0.05988768,0.12676305,0.31266528,0.20872429,0.10834744,0.23383504,0.19337913,0.38794664,-0.11626851,0.2841373,0.441964,0.37433776,0.03927694,-0.027770009,0.060383577,-0.038971912,0.09788647,-0.19736637,0.03537922,0.00046064478,-0.15593444,-0.09716114,-0.07378679,-0.11816349,0.031133892,-0.051267035,0.4007608,0.016732331,0.21205205,0.24787363,0.37107384,-0.24643305,0.22139153,-0.16831206,0.2956771,-0.03831657,0.15767024,0.31359577,0.21549787,0.21041739,0.24655992,0.11006608,0.11632915,0.0021779672,-0.18056655,-0.11907111,0.095817104,0.060474765,0.079982966,0.038467225
0.52392954,0.6064014,0.40476727,0.71169317,0.23810299,0.04103524,0.5100544,1.0,0.20483063,0.32027072,0.48382384,0.5775898,0.50737584,0.71488976,0.22263251,-0.08829143,0.40065733,0.18223149,0.4562952,0.60870326,-0.10577196,-0.15792303,0.41255194,0.41165882,-0.24250239,0.15754986,-0.006293094,-0.12534611,0.41144255,0.13161658,0.24714969,0.28665656,0.33484554,0.342007,0.1623872,0.15780255,0.21246059,-0.36548832,0.18705127,-0.08293581,-0.09712916,-0.12052399,-0.1011008,-0.1161648,0.0093194265,-0.046317622,0.017376708,-0.0793088,0.04150802,0.4941613,-0.0594041,0.24870455,-0.052583706,-0.12834717,-0.08355277,-0.12037993,0.35075215,0.51292074,0.07304957,0.31522277,-0.13170238,0.3280943,-0.124648415,0.4163063,0.044172555,0.514143,0.033317372,-0.050171576,0.37026328,0.2888949,0.161675,0.15473455,0.12677377,0.30763492,-0.16780047,0.008739589,0.4463694,0.20208226,0.029563537,-0.20772435,0.028248653,0.31932464,-0.033894844,-0.0010241249,-0.11649152,0.2196585,-0.025007786,0.011800262,-0.12479562,0.25582203,0.14012252,0.0981852,0.40384075,0.21038528,0.22127374,0.38734928,0.3261398,-0.05516356,0.18350978,-0.09152447,0.33266023,0.1718853,0.27255875,0.38769057,0.10578175,0.2727816,0.18060125,0.28185242,0.153408,0.1919113,-0.013182549,-0.126589,0.1280402,0.15898849,0.09915206,0.041254677
0.108879216,0.091439866,0.32465744,0.18035933,0.27733538,-0.067467466,0.13112333,0.20483063,1.0,0.19033659,0.27904722,0.11050006,0.1711971,0.241619,0.1451371,0.4001446,0.068360485,0.053002104,0.18833265,0.18678896,0.13500725,-0.14981657,0.21470225,0.20297448,-0.0053605083,0.21399678,0.15361533,0.11529864,0.119794436,0.16119981,-0.033675577,-0.017425248,0.086140074,0.12672272,-0.028363734,0.19332875,0.13054585,-0.11018814,-0.12241735,-0.12657419,-0.20115446,-0.20743884,-0.07252444,-0.17828158,-0.033099342,-0.13788529,-0.1358576,-0.068815246,-0.07345881,-0.050561935,-0.17766906,0.046025112,0.033377737,-0.10623667,-0.03131581,-0.20056489,-0.010260378,0.15391402,0.015209151,0.07970202,-0.043142006,-0.031865317,0.06510072,0.24248612,-0.047371432,0.08066371,-0.023000883,-0.042594846,0.15003388,0.09886419,0.25495112,0.024545101,0.16911344,0.18495221,0.020266136,-0.028407523,0.11021156,-0.11793959,0.020929575,-0.10684441,-0.117915936,0.23268494,0.038488157,-0.048095915,-0.019892715,0.110227145,-0.039804306,-0.021755049,-0.09527672,-0.021069335,-0.10231376,-0.10042495,-0.049427673,-0.05383609,-0.006827036,0.018226558,0.11434403,-0.03227008,-0.089791395,-0.1916026,-0.12786794,0.2601574,-0.15680452,0.041226774,0.0676194,0.010137587,0.07930431,0.21665524,0.036064763,0.061406884,-0.07640358,-0.097344965,-0.12462527,0.09579708,0.12631862,-0.01750466
0.20205764,0.066310145,-0.06352708,0.32022524,0.2165845,-0.03551718,0.06940546,0.32027072,0.19033659,1.0,0.35286066,0.09702374,0.16477159,0.1956638,-0.06285502,0.1324119,0.20748441,-0.07750017,-0.031184586,0.18497612,0.09856555,0.03844992,-0.11595427,-0.074615136,-0.18812919,-0.11010266,0.058327317,-0.2803561,0.17387988,-0.14006564,-0.052697867,0.015583932,-0.018254954,-0.042928807,0.09168218,0.023935921,-0.04947934,-0.31932375,0.15340115,-0.048200026,0.07131694,-0.07174398,-0.24657536,-0.35487887,-0.20545432,-0.20082608,-0.12100429,-0.17246847,-0.15740363,0.0022731002,-0.25344634,-0.29799786,-0.27562162,-0.26984495,-0.101725146,-0.13482156,0.04253294,0.04034955,-0.27502406,0.25097927,-0.3376713,0.17943636,-0.36227244,0.048845705,-0.19774276,0.09204473,-0.20766643,-0.28819224,0.23614132,0.16257149,-0.10918325,0.103830524,0.103583895,0.025797488,-0.057532266,0.042966366,0.23208657,0.030002972,-0.14422467,-0.33162442,-0.13550265,0.064488836,-0.07366923,-0.24035588,-0.24169897,-0.14569525,-0.05509,0.1609816,-0.21925247,0.037268694,-0.059798434,-0.15066795,-0.0588515,-0.026003491,0.070946805,0.300672,0.1832426,-0.15928888,-0.05769026,-0.22439778,0.124503925,0.08396412,0.17749828,0.24883564,-0.09862217,-0.06158852,0.04635401,0.21654053,-0.05156496,-0.041788194,-0.1106165,-0.22675042,-0.04956329,0.20948033,0.0075483033,0.15016189
0.71111745,0.31098,0.46164697,0.41433337,0.2087281,0.104182646,0.65370154,0.48382384,0.27904722,0.35286066,1.0,0.33796093,0.8248838,0.4022665,0.012490866,-0.09636589,0.6195243,0.1259007,0.41753778,0.48943946,-0.12799433,-0.14699198,0.3612636,0.15874626,-0.27495348,0.22882566,0.14684474,-0.14621615,0.4297071,0.08215252,0.1925152,0.3363562,0.35853398,0.39722067,0.04723977,0.20696642,-0.033947203,-0.33092868,0.23810302,-0.13630673,-0.021064827,0.021585824,-0.29273066,-0.38632056,-0.25102437,-0.2290528,-0.22827572,-0.245876,-0.20954587,0.20916428,-0.22909896,-0.07935938,-0.18299522,-0.38988099,-0.42490157,-0.30033478,0.52727056,0.25957835,-0.16622385,0.3977374,-0.2566231,0.19573487,-0.0837546,0.23079874,-0.06463018,0.3805538,-0.20082647,-0.11230377,0.22401088,0.24420536,-0.0054301163,0.38854164,0.25084847,0.42592102,-0.087644435,0.21988015,0.41504902,0.32836115,-0.0072188764,-0.24188374,-0.0638458,0.033487137,-0.06392615,-0.18882042,-0.23875634,-0.17512362,-0.21878953,0.02059622,-0.21062835,-0.14639506,-0.11178708,-0.24363792,0.16110526,-0.060011674,0.15723503,0.17931288,0.24414773,-0.34805125,-0.009573671,-0.35084155,0.2180655,0.07589989,0.17383616,0.3496996,0.067051046,0.11432636,0.27898628,0.22496794,0.20864627,-0.052402433,-0.3897825,-0.28519797,-0.09178771,0.23551507,0.22056559,-0.00912123
0.4948322,0.5888015,0.36586043,0.5217327,0.1231679,0.03938193,0.39441156,0.5775898,0.11050006,0.09702374,0.33796093,1.0,0.35784087,0.62476516,0.23017623,-0.13363163,0.2756358,0.33072725,0.45977718,0.4863639,-0.21018201,-0.100975774,0.44321498,0.4454398,-0.23499586,0.052926857,-0.038241494,-0.170812,0.37290868,0.35351574,0.37296122,0.19591165,0.3837549,0.3568385,0.107949175,0.041764602,0.2530755,-0.08957181,0.16256522,0.0033827277,-0.163418,0.10166698,0.081399165,0.0331656,0.12767364,0.08267649,0.22552045,0.136607,0.1832352,0.44276148,0.12843549,0.38747346,0.052016303,0.10547154,0.051174957,-0.008910864,0.45241025,0.62496847,0.24004143,0.30695808,0.12612057,0.30217537,0.028356008,0.402526,0.13471979,0.51360637,0.2233238,0.12812772,0.37297162,0.35686204,0.06322639,0.079184964,-0.013068956,0.3573747,-0.21577212,0.16841516,0.2969844,0.15362865,0.15335079,0.03595943,0.2694737,0.40033573,0.08453642,0.14015275,0.1361047,0.39585456,0.10063855,0.04710549,0.105321914,0.30863753,0.10449171,0.20542812,0.37207872,0.3230037,0.19939213,0.3303166,0.21533065,0.03527587,0.23616503,0.063580126,0.23305741,0.18634993,0.19713715,0.31336156,-0.03386605,0.1931784,0.10888717,0.06284948,0.2251676,0.2499032,0.13514024,0.063233,0.26767144,-0.058373466,0.052107908,-0.035368096
0.69436324,0.36376476,0.5563859,0.44627348,0.13273783,0.15637536,0.7416121,0.50737584,0.1711971,0.16477159,0.8248838,0.35784087,1.0,0.47057867,0.10605873,-0.06514157,0.6596504,0.2015274,0.53515255,0.4950724,-0.086276956,-0.09607822,0.500822,0.31396756,-0.15063578,0.18318218,0.114035435,-0.016884327,0.52039975,0.21355624,0.34325102,0.4764807,0.41509318,0.42590502,0.083536126,0.2805402,0.04455623,-0.18632354,0.3171777,-0.024366437,-0.0404548,0.11532722,-0.13734415,-0.19693276,-0.056471765,-0.089583814,-0.11213931,-0.11952181,-0.017860228,0.37136382,-0.057109535,0.10461105,-0.0119030075,-0.23599483,-0.31751946,-0.14652136,0.5356205,0.25926685,-0.037853025,0.2928756,-0.16331504,0.09926876,0.041225564,0.1825665,0.10773393,0.4323942,-0.08766501,0.014919715,0.17016678,0.16923608,0.12374483,0.45951158,0.35194036,0.5344155,0.047051728,0.2528513,0.38049185,0.37248647,0.076166205,-0.06428081,0.052441027,0.08148314,0.078875646,-0.11183602,-0.04103109,-0.063778326,-0.2436105,0.03294931,-0.026745303,-0.03835248,0.03437597,-0.07087671,0.34023306,-0.007500248,0.14652647,0.1659615,0.20951106,-0.19161107,0.07202959,-0.18192789,0.2422119,0.06909945,0.14481823,0.34072828,0.1543068,0.22019115,0.19418472,0.2379731,0.20030439,0.057913166,-0.31408024,-0.15984216,0.014472722,0.1600094,0.15619071,-0.0031481932
0.3510641,0.51170063,0.31997776,0.63154984,0.20200402,0.011869725,0.35454488,0.71488976,0.241619,0.1956638,0.4022665,0.62476516,0.47057867,1.0,0.38959268,0.121682495,0.43695357,0.44155908,0.39446715,0.4782016,-0.046328925,-0.0014168292,0.392282,0.4717776,-0.038907837,0.08382737,-0.0011993257,-0.11842401,0.5691881,0.39933762,0.4281991,0.3522161,0.41840503,0.32233176,0.20401469,0.3023842,0.32031515,-0.0677124,0.24470827,0.04644075,-0.068917274,-0.02062147,0.040151905,0.070266426,0.13322864,0.12358194,0.1137057,0.13908772,0.18603264,0.5448289,0.13806586,0.41291478,0.05982029,0.18517435,0.07680544,0.09319799,0.28375813,0.5395989,0.1559681,0.21482573,-0.0006538898,0.19202657,0.045568585,0.5025145,0.21424937,0.54075,0.14577141,0.10803242,0.3290365,0.29817498,0.19141272,0.30879632,0.22772875,0.5355578,0.0018328169,0.15951376,0.30711895,0.17502442,0.13403746,0.03368823,0.21784744,0.55836964,0.12892632,0.25636092,0.10913239,0.43997478,0.02801291,-0.015951788,0.099750444,0.3684016,0.19834155,0.24368584,0.3591277,0.26528013,0.18343459,0.36478204,0.19865502,0.05659058,0.187919,0.0285448,0.22487858,0.30861366,0.2634282,0.32720235,0.07247085,0.31469783,0.08670643,0.20599124,0.26698962,0.29297692,0.02137907,-0.019677712,0.19994158,-0.038887896,0.14890862,0.029615065
-0.055303335,0.20012191,0.11672598,0.07025205,0.08373819,0.10734991,-0.06180706,0.22263251,0.1451371,-0.06285502,0.012490866,0.23017623,0.10605873,0.38959268,1.0,0.21843411,0.15646136,0.37968865,0.1268827,0.0145892445,0.10844539,0.25182706,0.15189764,0.29462838,0.26596043,0.08076455,-0.05771645,0.18061295,0.51173264,0.4843705,0.30832514,0.10925324,0.16666147,0.01810113,0.3011915,0.40798908,0.6157186,0.42553794,0.14616899,0.43277115,-0.18868063,-0.015839808,0.24505818,0.16744278,0.2599704,0.07740726,0.2550199,0.43036035,0.23681821,0.16854219,0.15248978,0.3394706,0.18024625,0.3193388,0.4443092,0.25310916,-0.040485483,0.1994364,0.13987415,-0.21965568,0.04691417,-0.20650423,0.12052829,0.19203159,0.1506872,-0.016285341,0.19875155,0.013685765,0.045175843,0.11019378,0.36453563,0.16946428,0.43127796,0.3063085,0.32450384,-0.040176883,0.038946424,0.031089593,0.15235074,0.15532638,0.26191023,0.5566805,0.30485108,0.3865189,0.41419408,0.53975266,0.12144854,0.096465535,0.44262224,0.59938157,0.33073893,0.4152291,0.32971257,0.5157405,0.077403925,0.15649778,0.06778734,0.43545696,0.10554071,0.26290312,0.15881142,0.43936914,0.13711439,0.25564805,0.12061527,0.2724634,0.059525922,0.16779809,0.16715015,0.49417126,0.2676738,0.14131321,0.19704372,0.046310764,0.007308741,-0.04007017
-0.34767258,-0.20306456,-0.021094235,-0.023871748,-0.08070127,-0.26464704,-0.2077347,-0.08829143,0.4001446,0.1324119,-0.09636589,-0.13363163,-0.06514157,0.121682495,0.21843411,1.0,0.0046261144,0.23381372,-0.13992736,-0.17542213,0.36788785,0.32126996,-0.017210258,0.066928625,0.33326885,-0.15967852,-0.0123161515,0.0756837,0.173149,0.39267412,0.12899227,-0.04349547,0.107202694,-0.236179,0.2119095,0.29288727,0.26425263,0.28296927,-0.018997395,0.22264278,0.06332843,0.025660153,0.33689624,0.22530237,0.31085706,0.30159658,0.21727833,0.30773264,0.30066097,-0.0029023793,0.22444841,0.10504006,0.157506,0.3704452,0.36933205,0.30519262,-0.22840509,-0.08861093,0.21288066,-0.21054229,0.202494,-0.22794259,0.2564355,0.0942003,0.28848082,-0.104226455,0.24691994,0.17719117,0.1458289,0.08757116,0.2670145,0.12494649,0.43843046,0.28259188,0.50201744,0.119875126,-0.265743,-0.1939101,0.22971435,0.24175456,0.24059531,0.42396128,0.3608866,0.18878826,0.32212585,0.28039098,0.07381925,0.14418127,0.13880478,0.22135915,0.24121736,0.22497891,-0.07367018,0.01622577,-0.24682419,-0.07731886,-0.12130751,0.3516831,-0.049093075,0.25647205,-0.21774465,0.3147795,-0.06312798,-0.158437,-0.083585344,0.016898213,-0.3087988,0.2736047,-0.103553556,0.21360868,0.16489337,0.20910498,0.16420522,-0.11421815,-0.06468689,-0.050532673
0.42155263,0.3157934,0.26917937,0.36652538,0.025755834,0.2513804,0.46200526,0.40065733,0.068360485,0.20748441,0.6195243,0.2756358,0.6596504,0.43695357,0.15646136,0.0046261144,1.0,0.2685763,0.19602433,0.3310708,-0.21492113,0.1508044,0.24548212,0.099354155,-0.2133269,-0.02310082,-0.08748672,-0.08151358,0.5738607,0.24800904,0.30110878,0.31849256,0.48712274,0.36036667,0.19532235,0.26794043,0.07484554,-0.16393973,0.3629009,0.08428967,0.014106192,0.16282733,-0.10422744,-0.13474756,-0.10725159,-0.09390007,-0.010823573,0.10355939,-0.07682536,0.21950105,-0.034940504,0.085596085,-0.017714819,-0.1225544,-0.24634425,-0.09159876,0.4277481,0.30404627,-0.022859765,0.3818368,-0.13170713,0.24480124,-0.03392371,0.28938952,0.056557223,0.45458058,-0.028871931,-0.010933811,0.26592517,0.3444476,0.009326748,0.4096229,0.20684457,0.6278137,-0.015459753,0.26789334,0.25581902,0.3935955,0.27464876,0.09928261,0.35714325,0.26037368,0.0880669,-0.0008292864,-0.00968659,0.010940103,-0.13082916,-0.032612715,-0.11504317,0.04646,0.07113958,-0.08767415,0.178982,0.09973853,0.043078266,0.2465593,0.1639575,0.0076365117,0.09328988,-0.15209137,0.16765143,0.093515225,0.25755292,0.2532994,-0.028930845,0.31320876,0.19532299,0.12847593,0.35647586,0.25223517,-0.13604221,-0.12370398,-0.0039807362,-0.034119003,0.022734217,-0.043418255
-0.05086022,0.1724702,0.029850425,0.20404908,-0.16959867,-0.035896767,0.032418143,0.18223149,0.053002104,-0.07750017,0.1259007,0.33072725,0.2015274,0.44155908,0.37968865,0.23381372,0.2685763,1.0,0.06485774,-0.055616915,0.048641898,0.2830378,0.20753942,0.2559039,0.10742191,-0.05455577,0.22984709,-0.052251652,0.4317229,0.6047429,0.43037543,0.2389087,0.47591388,0.16282234,0.16369082,0.39359143,0.21309797,0.30503783,0.123218946,0.1548043,0.28626382,0.1317111,0.37161908,0.33835912,0.30579996,0.40136006,0.26342368,0.28985816,0.27044103,0.34118417,0.44228667,0.4455246,0.11874806,0.41475347,0.13718857,0.3186844,0.16161546,0.22170098,0.30852252,-0.056541644,0.3522011,0.14915666,0.46804935,0.447092,0.4158546,0.30595124,0.4079147,0.38678277,0.19705373,0.1457705,0.038847294,0.31192774,0.17701885,0.56355566,0.3084463,0.33800918,-0.26762226,0.2557962,0.38886118,0.4802518,0.48699638,0.49642295,0.26518622,0.38976675,0.3449494,0.4568019,0.016141364,0.11944824,0.18982211,0.2530155,0.1871419,0.18333112,0.12662953,0.09648412,-0.22882822,0.12925422,-0.20066488,0.279741,0.03791893,0.25311294,-0.13595855,0.0044088233,0.08777512,-0.1589809,0.011051034,0.015015597,-0.16558345,0.040743727,0.2025451,0.18161349,0.11457121,0.23407345,0.22959393,-0.23440927,0.15198404,-0.10069095
0.66821146,0.51208156,0.78687495,0.5123396,0.22975837,0.15859012,0.7597415,0.4562952,0.18833265,-0.031184586,0.41753778,0.45977718,0.53515255,0.39446715,0.1268827,-0.13992736,0.19602433,0.06485774,1.0,0.71380824,-0.043974705,-0.24813484,0.7743545,0.6579792,-0.11903436,0.28613058,0.041639227,0.05591026,0.3500053,0.24949701,0.4719403,0.41060805,0.4113209,0.5606424,0.084528185,0.06941595,0.29730308,-0.047007687,0.15424639,0.045940023,-0.33342522,0.19935983,0.16533056,0.031933345,0.30244654,0.042598356,0.22222485,-0.0062499684,0.3162648,0.4973617,0.044287037,0.4480703,0.35700688,-0.03980609,0.0571079,-0.13744386,0.5566263,0.42042914,0.32520717,0.18028635,0.13003238,0.033242863,0.14746216,0.13488096,0.1718823,0.40904045,0.2390147,0.25533128,0.35754806,0.23743728,0.30544934,0.20713688,0.27891892,0.31605685,-0.049526274,0.24292979,0.4638754,0.28191817,0.046339247,0.013654925,0.04446411,0.08606427,0.16644272,-0.049134172,0.2556844,0.25302634,-0.032343037,-0.07776776,0.18621899,0.04939662,0.1426987,0.22850354,0.5519983,0.19882011,0.3250426,0.21441247,0.45985824,-0.15049094,0.35832328,0.01979952,0.3180919,0.17583275,0.14310274,0.3241564,0.39986742,0.2359274,0.3052863,0.10543071,0.08361301,0.16123231,0.03184012,0.001055615,0.3107373,0.031224646,0.08731464,0.20885684
0.68807775,0.49498877,0.5841879,0.63362306,0.3402927,0.1565011,0.6505496,0.60870326,0.18678896,0.18497612,0.48943946,0.4863639,0.4950724,0.4782016,0.0145892445,-0.17542213,0.3310708,-0.055616915,0.71380824,1.0,-0.05355123,-0.32921216,0.5207033,0.46272004,-0.22402246,0.28530687,0.022013726,-0.18128628,0.27714145,0.051968783,0.24939132,0.27230927,0.37605596,0.55023503,0.052966826,-0.019249713,0.20176297,-0.31218696,0.13461627,-0.10056967,-0.29566947,0.02957416,-0.07844104,-0.129697,0.09317363,-0.07610303,0.09113982,-0.1121058,0.17423862,0.5184569,-0.12529369,0.28418514,0.17615469,-0.20719199,-0.07777218,-0.3152672,0.5257568,0.43654796,0.14190136,0.4219243,-0.06706635,0.20064561,-0.054871757,0.31482324,-0.0036235806,0.56078374,0.053312264,0.04224816,0.49798495,0.4596749,0.14558782,0.1856538,0.14767525,0.21433236,-0.26028386,0.13543151,0.5960752,0.1802413,-0.03295806,-0.24731766,-0.07777466,0.10596071,-0.06827185,-0.19316149,-0.082363345,0.13491507,-0.042195447,-0.10941542,-0.07917759,0.047874574,0.11734163,0.1395171,0.48765385,0.20804971,0.4059588,0.35814154,0.5544604,-0.2386975,0.3938437,-0.07899809,0.44479334,0.14111672,0.36140516,0.43049234,0.29716268,0.30564198,0.4050896,0.11319098,0.089765295,0.08843304,-0.04938908,-0.1203815,0.2457182,0.18972062,0.12705348,0.21434404
-0.24640414,-0.32229224,-0.004354472,-0.02988294,0.0030668322,-0.22642964,-0.16224279,-0.10577196,0.13500725,0.09856555,-0.12799433,-0.21018201,-0.086276956,-0.046328925,0.10844539,0.36788785,-0.21492113,0.048641898,-0.043974705,-0.05355123,1.0,0.013231099,0.011686083,0.116609246,0.34663633,0.057271052,0.15328857,0.03434959,0.02268376,0.1339042,0.052725907,0.07288296,-0.11399103,-0.08805947,0.1225131,0.11799854,0.18548173,0.262029,-0.12428501,0.16737327,0.114679895,-0.05614907,0.11533275,0.06041527,0.17725477,0.05981844,-0.015744114,-0.09051512,0.11251101,-0.072353095,-0.0041214437,-0.06303897,-0.008338732,0.044545233,0.21004267,0.19799806,-0.27859077,-0.36473918,-0.051028408,-0.22258036,0.019748041,-0.3104406,0.18445368,-0.04420197,0.060109317,-0.20489411,0.0144659765,0.033211928,-0.03649283,-0.12605157,0.3212401,0.13031341,0.42295292,-0.036983978,0.4580237,0.015743233,-0.12086553,-0.14189251,-0.070304126,-0.039463427,-0.16197294,0.031374093,0.1489246,0.08477933,0.12513374,0.07667877,-0.0064923977,0.21100266,0.23678668,0.09682096,0.11421476,0.14243583,0.010111122,-0.15208189,-0.055370454,-0.19235061,0.026791018,-0.061545223,0.02369619,0.121123694,-0.014310477,0.21371572,-0.019543016,-0.010847217,0.16122408,-0.14386605,-0.16867818,0.160789,-0.38362923,-0.14516577,-0.072378,0.042341072,0.09379769,0.14749537,0.27281994,0.30406335
-0.33272555,-0.09469211,-0.25658634,-0.0636536,-0.30991575,0.15929365,-0.2667,-0.15792303,-0.14981657,0.03844992,-0.14699198,-0.100975774,-0.09607822,-0.0014168292,0.25182706,0.32126996,0.1508044,0.2830378,-0.24813484,-0.32921216,0.013231099,1.0,-0.12893724,-0.0549291,0.16175984,-0.2829433,-0.15074007,0.17283155,0.27390632,0.36410204,0.1416731,-0.08697955,0.037623845,-0.24425018,0.38465804,0.35125515,0.22802529,0.33888882,0.34202564,0.50529844,0.21678573,0.37670836,0.2360563,0.13265443,0.19461522,0.18053812,0.19089033,0.3956787,0.10921542,0.022033677,0.1412716,0.14100218,0.07487073,0.3547617,0.23531273,0.3562925,-0.18120773,-0.114454694,-0.038024057,-0.255792,0.053120095,-0.11162696,-0.05484315,-0.024948096,0.09298117,-0.12580156,0.08428531,0.01039053,-0.06106802,0.0324335,0.0617643,0.1373045,0.23364532,0.30519125,0.3173075,0.03723512,-0.31168136,-0.017674688,0.20555878,0.2760937,0.45321202,0.30764547,0.46511936,0.27645263,0.33326435,0.19252399,0.20360307,0.1863614,0.19797724,0.2573104,0.17411153,0.072307765,0.038214337,0.18853354,-0.22445382,0.05848331,-0.17859493,0.3909309,-0.098115124,0.19969277,0.0660557,0.13580152,0.18222365,-0.0010880434,-0.14800665,0.12482381,-0.1948683,0.13266678,0.077099085,0.31974685,0.23383455,0.13382055,0.16595268,-0.11538412,-0.25117257,-0.15119603
0.44217455,0.39950034,0.79001766,0.5730073,0.10359543,0.15903693,0.69685006,0.41255194,0.21470225,-0.11595427,0.3612636,0.44321498,0.500822,0.392282,0.15189764,-0.017210258,0.24548212,0.20753942,0.7743545,0.5207033,0.011686083,-0.12893724,1.0,0.7583898,-0.060011916,0.29067534,0.12063322,0.04176576,0.3422703,0.4290405,0.6087741,0.4872219,0.4931463,0.5569011,0.16036604,0.15373372,0.2794331,0.02644813,0.16934705,0.16954201,-0.15993804,0.31703824,0.33200446,0.169601,0.42775935,0.1351344,0.26999733,0.07156906,0.32895628,0.35244933,0.18481985,0.4964404,0.30145898,0.08059202,0.06716839,0.003454925,0.40133673,0.317848,0.3719246,0.039917655,0.25265563,-0.044759084,0.23591127,0.12987193,0.28247118,0.38067853,0.3569192,0.38796794,0.30029747,0.1670045,0.34357277,0.24903148,0.23156811,0.48001248,0.12356534,0.3382821,0.20731634,0.28202805,0.1446462,0.19808356,0.2346785,0.17116416,0.31909,0.008021989,0.37726966,0.34762433,-0.054472916,-0.07741831,0.1817867,0.10403376,0.19896914,0.23023745,0.53925776,0.12274488,0.16242215,0.1734149,0.31149977,0.008860539,0.32331085,0.10151649,0.291819,0.1366551,0.052935064,0.13369828,0.29488346,0.21224184,0.15882301,0.16941012,0.0729209,0.13679014,0.044563226,0.050800048,0.2306108,-0.11028962,0.10258362,0.13259463
0.26547942,0.3417743,0.5793878,0.6026284,0.07575791,0.15088007,0.5046438,0.41165882,0.20297448,-0.074615136,0.15874626,0.4454398,0.31396756,0.4717776,0.29462838,0.066928625,0.099354155,0.2559039,0.6579792,0.46272004,0.116609246,-0.0549291,0.7583898,1.0,0.14738484,0.1540694,-0.026907375,0.047710486,0.4277559,0.5248683,0.6642178,0.4991459,0.3785307,0.48425198,0.32704487,0.10384941,0.4418463,0.21524438,0.2815251,0.341306,-0.16548398,0.37587363,0.31173596,0.1633301,0.49789798,0.10791408,0.2799403,0.118719116,0.36850017,0.33637327,0.12029288,0.5307488,0.2572552,0.16334492,0.2888059,0.16540429,0.20944218,0.2549011,0.2949192,-0.09639405,0.19666429,-0.15384611,0.16836138,0.11322094,0.20970513,0.32235897,0.29748878,0.27265838,0.25676525,0.1380383,0.38423222,0.20672889,0.3014739,0.43388,0.20796244,0.25607398,0.22742896,0.2188516,0.15018748,0.19166756,0.2769025,0.31506997,0.5348744,0.2883998,0.49217743,0.5369604,0.18680191,0.032429285,0.3661068,0.3784751,0.22440505,0.29031265,0.51370394,0.18156664,0.18952256,0.30490404,0.34576,0.07044466,0.34934595,0.15500963,0.39386562,0.163174,0.24520607,0.1895365,0.32605317,0.2709063,0.057258084,0.17901011,0.05501405,0.27300933,0.18581301,0.057253852,0.29110584,0.013242222,0.0045366106,0.18941517
-0.40074623,-0.2210613,-0.07080993,-0.2347151,-0.02344162,-0.113906495,-0.23670997,-0.24250239,-0.0053605083,-0.18812919,-0.27495348,-0.23499586,-0.15063578,-0.038907837,0.26596043,0.33326885,-0.2133269,0.10742191,-0.11903436,-0.22402246,0.34663633,0.16175984,-0.060011916,0.14738484,1.0,-0.0384268,0.10208691,0.06855447,0.13810152,0.29713854,0.2309477,0.15754792,-0.070377395,-0.12267286,0.13368627,0.2704932,0.23278895,0.6192053,0.043837424,0.28440708,0.022025144,0.07978819,0.27911833,0.22120836,0.285182,0.08506237,0.1354358,0.17965592,0.27583835,-0.036276277,0.14458774,0.28070524,0.059870575,0.33495963,0.27093711,0.31910354,-0.4387491,-0.21599208,0.089008816,-0.36681718,0.07778542,-0.35322183,0.14540446,0.0027403058,0.1318482,-0.21499719,0.08264833,0.10116428,-0.26359898,-0.17585212,0.2059918,0.1099601,0.3838932,0.056743696,0.5292832,0.018629938,-0.14480594,0.0028539142,0.05827237,0.23924144,0.09046841,0.20482928,0.2867431,0.30202794,0.36605108,0.35331285,0.10887391,0.15076964,0.29642275,0.29859722,0.19177511,0.23277928,0.109541856,0.08317026,-0.086837776,-0.22950748,-0.1733728,0.20246664,0.010286671,0.18030226,-0.052040696,0.17119056,0.03455757,-0.0951489,0.15520582,0.15452375,-0.16403143,-0.023881044,-0.0611199,0.14161414,0.12695178,0.22666708,0.10720298,-0.04992386,0.010981381,-0.030591525
0.21799491,0.10140388,0.37273216,0.083252236,0.31365108,0.2565085,0.17145678,0.15754986,0.21399678,-0.11010266,0.22882566,0.052926857,0.18318218,0.08382737,0.08076455,-0.15967852,-0.02310082,-0.05455577,0.28613058,0.28530687,0.057271052,-0.2829433,0.29067534,0.1540694,-0.0384268,1.0,0.32988772,-0.014917125,-0.05969592,-0.06123987,-0.0053911996,-0.030241838,0.11613464,0.28214237,-0.06257241,0.04476517,0.0818234,-0.15199648,-0.079511225,-0.14520054,-0.06181759,-0.15357156,0.03844589,0.10855637,0.08221512,0.04812367,-0.03094502,-0.102127895,0.07785811,0.16871586,0.03027271,0.10798032,0.08953343,-0.025012957,-0.13864191,-0.17977877,0.14150102,-0.005767565,0.13931355,-0.02152071,0.0318814,-0.11595482,0.115991876,0.18051589,0.064296685,0.10462066,0.07661156,0.151332,0.08578981,0.043767147,0.17593929,0.050515566,0.07509588,-0.053232774,-0.029908614,-0.067672335,0.22965848,-0.07237165,-0.27909398,-0.19185586,-0.25131956,-0.055031374,-0.18059842,-0.080073096,-0.09050695,0.021034224,-0.14349313,-0.10380632,0.044912428,-0.13420725,0.06165472,0.11715906,0.22953466,0.052586567,0.2557154,0.024104925,0.23051104,-0.16704829,0.20072876,0.0038137217,0.15515676,0.13929641,0.053375654,0.2100426,0.41641298,0.15911557,0.40750626,0.0155440755,-0.0032018917,-0.16912213,-0.118877254,-0.08380444,0.010896438,0.21693827,0.23244058,0.21166815
-0.0046081743,-0.095379725,0.0879119,-0.021392297,0.14927405,-0.12386776,0.022996154,-0.006293094,0.15361533,0.058327317,0.14684474,-0.038241494,0.114035435,-0.0011993257,-0.05771645,-0.0123161515,-0.08748672,0.22984709,0.041639227,0.022013726,0.15328857,-0.15074007,0.12063322,-0.026907375,0.10208691,0.32988772,1.0,-0.15476692,-0.052421622,0.022561774,-0.022937052,0.09316777,0.09506068,0.16906919,-0.10542646,0.23223574,-0.09240827,0.010040217,-0.119131394,-0.2074549,0.28429314,-0.11238595,0.086038925,0.053669438,0.033239096,0.08221058,0.021175092,-0.1388222,0.044004127,0.065276004,0.11025776,0.038398463,-0.07831649,0.052702256,-0.1256005,-0.044656433,-0.059564106,-0.14495715,0.022741143,-0.017704014,0.046762586,0.001505805,0.20213513,0.15496443,0.060817365,0.04955368,0.061216302,0.18938181,-0.04555651,-0.14029336,-0.029777301,0.14316541,-0.012591949,0.03754881,0.12826675,0.10837424,-0.070938535,0.07954523,-0.06545941,-0.0013585918,-0.22311391,-0.08920255,-0.14453582,-0.08514972,-0.1357086,0.006065223,-0.25223875,0.00390532,-0.074236214,-0.15429157,0.07719996,0.058503162,0.06685531,-0.15426816,-0.09180089,-0.14477752,-0.052540332,-0.077295825,0.0062103835,0.060428336,-0.14661007,-0.024279727,-0.1039048,-0.11571428,0.17316836,-0.14228198,-0.0009831463,-0.01593764,-0.07647213,-0.2800935,-0.10433435,0.04824868,-0.041607738,0.14754598,0.3881048,-0.048750237
-0.09941342,-0.06884801,0.009295027,-0.14176269,-0.049131364,0.23444675,-0.05254208,-0.12534611,0.11529864,-0.2803561,-0.14621615,-0.170812,-0.016884327,-0.11842401,0.18061295,0.0756837,-0.08151358,-0.052251652,0.05591026,-0.18128628,0.03434959,0.17283155,0.04176576,0.047710486,0.06855447,-0.014917125,-0.15476692,1.0,0.050061665,0.11324988,-0.0049006226,-0.088116966,-0.06769835,-0.10516474,0.12230996,0.034318887,0.09419335,0.09057052,0.040894557,0.18682092,-0.14608249,0.16949594,0.093734406,0.12117774,0.10521961,0.050613083,-0.029013392,0.256961,-0.0119485855,-0.09198892,0.07300304,-0.061269403,0.24662101,0.04968375,0.18687484,0.11182775,0.03688798,-0.006097275,0.05614333,-0.19245292,0.101508506,-0.32939482,0.06826833,-0.08339507,0.117404126,-0.21894908,0.03973484,0.05534957,-0.12758785,-0.16007572,0.27973217,-0.03059033,0.16343203,0.038072564,0.09601406,-0.05194087,-0.12571983,-0.16385724,-0.004620007,0.17693041,0.12729415,0.02221712,0.23128892,-0.017273996,0.19199923,-0.049365856,0.049764425,0.17866708,0.23470418,-0.019650424,0.03329485,0.005440996,-0.05833918,0.0034780374,0.10346328,-0.02562613,-0.066282034,0.19244899,-0.13946506,0.122865275,-0.07059652,-0.011846092,-0.110157326,-0.007940503,0.079600476,0.096258864,-0.21993761,0.13248062,-0.025247315,0.14624228,0.093303144,0.14877537,-0.06938988,-0.08282892,-0.176784,-0.023755316
0.26906145,0.34127596,0.24786328,0.37698266,-0.008038478,0.18896386,0.34268805,0.41144255,0.119794436,0.17387988,0.4297071,0.37290868,0.52039975,0.5691881,0.51173264,0.173149,0.5738607,0.4317229,0.3500053,0.27714145,0.02268376,0.27390632,0.3422703,0.4277559,0.13810152,-0.05969592,-0.052421622,0.050061665,1.0,0.5551181,0.5895082,0.54413325,0.46890497,0.33668178,0.5192213,0.5268354,0.42553586,0.28538173,0.52795386,0.45820686,-0.08401928,0.2918011,0.15119353,0.0030526416,0.18794808,-0.012283011,0.22394252,0.3704585,0.20875944,0.37602633,0.050897323,0.33281133,0.196548,0.15689749,0.1551606,0.23774488,0.25374258,0.32168877,0.052821822,0.14111982,-0.07085577,-0.0050036763,0.033620715,0.20785174,0.13282783,0.4079311,0.08941297,0.09161298,0.1611915,0.317928,0.3695759,0.55983007,0.58862996,0.6954256,0.3278916,0.2863265,0.35518464,0.40531632,0.25702208,0.20111133,0.43739155,0.48946345,0.43216032,0.38228238,0.3504571,0.3732123,0.02952707,0.138596,0.29791567,0.4471767,0.307032,0.20177707,0.41740325,0.2957474,0.08655537,0.27433836,0.18149105,0.19359604,0.19171663,0.04797498,0.2886109,0.2927322,0.3514438,0.33409497,0.15317798,0.351097,0.107269496,0.2046339,0.27530614,0.49160373,0.11675081,0.064723976,0.22760235,0.05282817,0.03220288,-0.0039541903
-0.07724742,0.10153359,0.2447358,0.26232344,-0.18228956,0.07852965,0.126445,0.13161658,0.16119981,-0.14006564,0.08215252,0.35351574,0.21355624,0.39933762,0.4843705,0.39267412,0.24800904,0.6047429,0.24949701,0.051968783,0.1339042,0.36410204,0.4290405,0.5248683,0.29713854,-0.06123987,0.022561774,0.11324988,0.5551181,1.0,0.5747144,0.27453035,0.48468545,0.2036667,0.35498348,0.49080977,0.46564487,0.5264709,0.2004919,0.47035474,0.0027575048,0.3191325,0.5780691,0.40735143,0.5447631,0.3837892,0.5039714,0.498802,0.4979374,0.27298534,0.4253138,0.5871466,0.2902048,0.5138617,0.41028962,0.405096,0.095250644,0.1958038,0.41817504,-0.17447793,0.42132777,-0.092351556,0.38445306,0.2542979,0.40337983,0.18373811,0.49957773,0.37023467,0.27137128,0.24672848,0.30299228,0.26294482,0.39054263,0.66492295,0.43542263,0.3547129,-0.20966157,0.13363048,0.44493222,0.51362956,0.64544165,0.6179548,0.6186232,0.40070018,0.69217294,0.68654186,0.23126009,0.13475691,0.3441818,0.47814798,0.39360547,0.38184,0.35386613,0.31971747,-0.14399539,0.1824376,-0.058543373,0.42643815,0.21890567,0.4066331,0.0620361,0.26630697,0.20523357,-0.008789127,0.07261746,0.16808185,-0.17626393,0.11971416,0.18586014,0.3919974,0.32840586,0.3794737,0.3992032,-0.22471835,0.01681482,-0.11269307
