1.0,0.63889533,0.6403537,0.6883968,-0.2872918,-0.18203752,0.7783912,0.65880805,-0.025808241,-0.03458435,0.36754313,0.5602036,0.5371977,0.26827326,0.008408672,0.122873105,0.37455603,0.27298963,0.6506353,0.59920937,0.05673846,0.11368698,0.59508574,0.6160385,-0.14650927,-0.15905207,-0.25583485,-0.24356444,0.30558896,0.30066517,0.41196996,0.34317976,0.4612585,0.52542496,0.32221976,-0.0098562455,0.2418162,0.24021956,0.03573545,0.12697625,0.375003,0.14606464,0.40300328,0.28664094,0.45639423,0.32346138,0.22181647,0.1599432,0.46920836,0.5147722,0.6427375,0.71272534,0.040348474,0.1699662,0.06816267,0.0040862346,0.6990106,0.5776848,0.70543486,0.53659135,0.54788476,0.54935724,0.5925852,0.46330383,0.7295702,0.5820597,0.44177666,0.38086998,0.56540775,0.2973056,0.32247144,0.28422168,0.19749956,0.239416,0.005702951,-0.055570703,0.3441128,0.2933568,0.18640889,0.07536939,0.30127653,0.20506372,0.035398632,0.10645438,0.2915383,0.25449473,-0.015812568,0.1261998,0.06068538,-0.029909834,-0.0142356865,-0.08475659,0.083854735,-0.07958625,0.09267326,0.05461686,0.057396296,0.056799185,0.07064529,-0.06992151,0.4274709,0.090945825,0.27864254,0.17445788,0.086638026,0.12796879,0.03629258,0.076976076,0.22882141,0.2894103,0.22135659,0.07834145,0.1297885,0.30543938,0.15532121,0.05207623
0.63889533,1.0,0.31441867,0.54622555,-0.5363229,-0.4579884,0.47935814,0.6960943,-0.19156747,-0.21165772,0.08890841,0.6471899,0.3231451,0.47732788,0.019168926,0.13208906,0.25520626,0.22856884,0.29582816,0.22013855,-0.16578679,0.281871,0.3134025,0.3760914,-0.35877407,-0.31647757,-0.50767857,-0.4319464,0.40383393,0.32016468,0.32382667,0.34270516,-0.015214315,0.32730943,0.052221492,-0.048016317,0.16226701,0.13894388,0.049578164,0.03287289,0.1788237,0.12835415,0.1129376,0.109341316,0.32626787,0.24410027,-0.08400558,-0.07306339,0.40554982,0.73069245,0.46731603,0.7310396,-0.15541318,0.18012445,0.040451303,-0.14237215,0.39310527,0.8102717,0.6844253,0.6731672,0.30908388,0.6759973,0.38849673,0.69096094,0.5101285,0.6172932,0.18235134,-0.014586675,0.5912031,-0.031606384,0.37085474,0.36523288,0.019236324,0.15912618,-0.19477229,-0.1923703,0.38716212,0.3292802,0.20986193,-0.08684182,0.2475798,0.23285109,0.04183153,0.0018877543,0.050364736,0.24348623,-0.23023805,-0.10383586,-0.16834639,-0.18549356,-0.20251408,-0.1850485,-0.20807268,-0.19328131,0.023782294,0.0011101979,-0.10456066,-0.14794756,-0.07866614,-0.19206816,0.070815675,0.022007758,0.017417934,-0.0019851644,-0.0659855,-0.039725207,-0.22301099,0.048070118,0.18460046,0.03765386,-0.19656108,-0.06929556,-0.086271904,0.12250271,0.06899892,-0.00801904
0.6403537,0.31441867,1.0,0.8108417,0.08391498,0.1495331,0.7674856,0.61418307,0.13220362,0.18085968,0.44159636,0.3957694,0.45738012,0.18967086,0.09484713,0.22631791,0.35020173,0.271081,0.7736709,0.73987496,0.32608563,0.033536337,0.85273576,0.88504267,0.32301977,0.24470791,0.09591503,0.1152512,0.16855228,0.19343112,0.5852838,0.561399,0.5661298,0.63231564,0.4821009,0.13231246,0.34841242,0.23803112,0.051250327,0.20363966,0.44340426,0.15448369,0.37980354,0.2852704,0.15050474,0.1390747,0.34065467,0.23400426,0.2928574,0.22788614,0.39163893,0.40232363,0.16476934,-0.0578588,0.086684875,0.18246835,0.5279543,0.22392392,0.47439513,0.35107383,0.41067645,0.4618249,0.26036608,0.34143397,0.43215504,0.31183654,0.31692064,0.39165282,0.23424011,0.22465914,0.28533754,0.3900133,0.40812266,0.21201669,0.2733852,0.20739375,0.29527217,0.34174353,-0.041290045,0.103818364,0.15887953,0.1253399,0.08678857,0.15378217,0.31052968,0.26178113,0.17614655,0.25137147,0.26992092,0.2531175,0.06883231,-0.0026654466,0.19953385,0.013790112,0.028548922,-0.03178642,0.17200372,0.07899135,0.10058426,0.022014435,0.42522553,0.06597126,0.41130444,0.2619374,0.1716916,0.15274926,0.18760467,0.083471574,0.20264287,0.2943169,0.39919934,0.109893896,0.14539008,0.22348404,0.15501888,0.15375008
0.6883968,0.54622555,0.8108417,1.0,-0.024020037,0.051847953,0.7777862,0.83856094,0.21040124,0.19685516,0.42288566,0.60152936,0.48662004,0.42614403,0.22862184,0.38800904,0.41722837,0.29492307,0.66116804,0.74040747,0.17208874,0.21472822,0.7333017,0.8464066,0.18642047,0.19441086,-0.019567633,0.06889641,0.3453815,0.32371902,0.66003484,0.6230363,0.33078787,0.6291138,0.3487541,0.19411762,0.42982262,0.27902088,0.116195045,0.24429388,0.41569662,0.21260037,0.40647855,0.4041191,0.2759165,0.34840217,0.31596604,0.24568693,0.4119083,0.4077635,0.50804347,0.5605206,0.17264609,0.115806095,0.15462822,0.18898723,0.4075745,0.35730588,0.5042035,0.36331153,0.28626648,0.4757076,0.20652111,0.47221288,0.5042132,0.54060704,0.32313243,0.31423563,0.4834077,0.071435034,0.41227046,0.5396573,0.41636622,0.22535211,0.21595998,0.1779322,0.43328705,0.4805756,0.07947713,0.037829645,0.2895734,0.2868491,0.23074026,0.21972246,0.38061643,0.46630287,0.12715693,0.2778504,0.27204162,0.31677243,0.08923474,0.08972234,0.17490222,0.07239394,0.0804922,0.07772693,0.1593194,0.024148105,0.15667124,0.035928067,0.49667543,0.21108794,0.51274765,0.3624251,0.23165306,0.20954816,0.1714837,0.14063203,0.27620786,0.40835804,0.27545333,0.12573847,0.11689961,0.38409963,0.24986471,0.22163007
-0.2872918,-0.5363229,0.08391498,-0.024020037,1.0,0.7896755,-0.12635829,-0.12914002,0.5752555,0.67888767,0.30178794,-0.11161889,0.13300803,0.05566193,0.35619926,0.42368007,0.21724203,0.24024439,-0.16455285,0.056620732,0.5024567,0.10990438,0.10817135,0.1096184,0.7359808,0.67277426,0.78748876,0.7704433,-0.009087794,0.09790994,0.1828412,0.20995227,0.08700646,0.007564964,0.22463425,0.22044578,0.3963275,0.32759732,0.33612353,0.46693343,0.093897164,0.25787988,0.28245142,0.3138264,-0.18399116,0.040266283,0.479105,0.4379949,-0.16558939,-0.4806972,-0.07813794,-0.33124635,0.46297544,0.0038431033,0.36201388,0.66172403,-0.15853943,-0.53256446,-0.40074807,-0.49046254,-0.15242872,-0.24437852,-0.18172194,-0.2029909,-0.17573449,-0.21076933,0.08383846,0.21384156,-0.35093823,-0.035405394,0.10384664,0.19617766,0.51831234,0.22741033,0.5633901,0.5479494,0.09943524,0.2210655,0.069781885,0.3660094,0.15965082,0.23900466,0.38072714,0.48239052,0.39640263,0.27049443,0.5928877,0.5925859,0.59311885,0.65921366,0.52574784,0.44482878,0.4703609,0.3635329,0.20445694,0.3073178,0.44770464,0.46367174,0.45503557,0.48420635,0.25437966,0.19465092,0.41073817,0.39870414,0.43911564,0.4281897,0.5554258,0.14034261,0.13605125,0.3896314,0.5746174,0.35908762,0.3029356,0.29569086,0.3522075,0.45220345
-0.18203752,-0.4579884,0.1495331,0.051847953,0.7896755,1.0,-0.05382117,-0.05489267,0.6735344,0.7887204,0.3235497,-0.047207933,0.15959498,0.063720115,0.3836469,0.5301055,0.2920471,0.31555137,-0.09846911,0.1621413,0.58485025,0.038542125,0.095243506,0.16255654,0.7264263,0.7732193,0.85483474,0.86359274,-0.020050764,0.20964894,0.2095747,0.2245751,0.2661601,0.14737684,0.21961884,0.178471,0.41976812,0.35721222,0.279276,0.4684907,0.15688649,0.28941292,0.3485155,0.41937897,-0.06418984,0.129906,0.5045047,0.48475635,-0.09326099,-0.3757479,-0.030624483,-0.2595109,0.45739737,-0.099452734,0.29884192,0.69503397,-0.02369161,-0.5079452,-0.34894767,-0.36590725,-0.05241326,-0.14712499,-0.080507495,-0.15151004,-0.040021453,-0.095065035,0.24660888,0.3552169,-0.2308507,0.052951142,0.036538076,0.175163,0.54297286,0.29722822,0.62393224,0.66317827,0.010757216,0.18705699,0.009450161,0.4509701,0.22622554,0.3110304,0.4027951,0.59824824,0.43256506,0.3268413,0.6280972,0.65274686,0.54705715,0.68457246,0.5791948,0.5239975,0.5418541,0.3792939,0.20519546,0.22377075,0.38435474,0.47620875,0.48081854,0.523913,0.30180958,0.21057428,0.4531333,0.39667085,0.43553397,0.39937276,0.55298305,0.22602308,0.2088267,0.3765391,0.5752206,0.41002622,0.41367275,0.26283616,0.41084516,0.46885487
0.7783912,0.47935814,0.7674856,0.7777862,-0.12635829,-0.05382117,1.0,0.7567123,0.12965117,0.07890488,0.56975013,0.57776564,0.6604213,0.34497333,0.20502405,0.2581698,0.41682637,0.29581162,0.6572954,0.6090632,0.14957054,0.23930117,0.74443936,0.7635307,0.026036665,-0.007484781,-0.14398032,-0.05689576,0.46830148,0.44736695,0.710391,0.6044276,0.45488355,0.48186606,0.5023964,0.16005528,0.38155717,0.39093032,0.17641643,0.24646705,0.30112368,0.3163909,0.319997,0.31387886,0.2554868,0.27338496,0.26852414,0.26978645,0.35980743,0.38697204,0.4805319,0.5007748,0.08966342,0.11562534,0.17824669,0.12053803,0.5109849,0.36161843,0.50090575,0.40394545,0.2824637,0.36841878,0.3373092,0.28781295,0.5237732,0.46167782,0.20701447,0.286579,0.42206553,0.24625488,0.49080053,0.45955077,0.4040114,0.39934808,0.26937753,0.1610739,0.52871585,0.48326695,0.17771687,0.055559307,0.31862703,0.23497276,0.2119184,0.15718143,0.42275128,0.3854947,0.1102669,0.21168672,0.25338694,0.08529651,0.022852516,-0.055522174,0.083217904,-0.05193486,0.22091016,0.11042321,0.1393892,0.061858203,0.1041758,-0.013455117,0.41031548,0.13834596,0.39230645,0.3025469,0.075039215,0.17864133,0.13046849,0.13414727,0.20476462,0.3338505,0.18909343,0.033567633,0.07380462,0.30138,0.1572802,0.12152955
0.65880805,0.6960943,0.61418307,0.83856094,-0.12914002,-0.05489267,0.7567123,1.0,0.26025853,0.23870744,0.53512764,0.80413467,0.66362715,0.67866164,0.40326762,0.51232564,0.5305145,0.4417253,0.4090825,0.49051985,0.14942285,0.47838262,0.635067,0.72796214,0.076118395,0.10090234,-0.14607921,-0.004574649,0.61950177,0.57720846,0.7453003,0.70065314,0.14131832,0.4670579,0.37672788,0.2819163,0.53707975,0.45970947,0.34454462,0.39177576,0.3175356,0.38540587,0.3771713,0.43352902,0.23851487,0.37908423,0.31125763,0.31857684,0.36179706,0.52375716,0.5643613,0.65637654,0.1851623,0.28092694,0.3506789,0.26025185,0.34687454,0.51855856,0.49499553,0.38438597,0.18012203,0.49167415,0.26158667,0.5472405,0.4753095,0.63750064,0.2259324,0.1563288,0.5485003,-0.0027966783,0.64319026,0.66986233,0.46872,0.42555106,0.2463188,0.21973076,0.6604795,0.6646929,0.31170037,0.09280065,0.47983736,0.471285,0.4143922,0.32460934,0.4881746,0.63886505,0.17920202,0.29756212,0.30764458,0.25862688,0.1007858,0.09785219,0.05848866,0.03870377,0.2874497,0.26790065,0.23047993,0.10419834,0.2094671,0.0949228,0.36368325,0.24798572,0.42097747,0.38139316,0.2378568,0.28993195,0.14029957,0.2833584,0.32113504,0.43719608,0.18003936,0.11336521,0.06512891,0.40216696,0.34737015,0.27247933
-0.025808241,-0.19156747,0.13220362,0.21040124,0.5752555,0.6735344,0.12965117,0.26025853,1.0,0.8277874,0.5693588,0.27209923,0.47960824,0.4835051,0.78140664,0.7273858,0.57932544,0.403542,-0.1873594,0.13079141,0.53925914,0.44385013,0.12328337,0.23270221,0.6987772,0.75048566,0.6883266,0.7313966,0.40831575,0.46646658,0.48392826,0.46848232,0.049488988,0.14551263,0.32890087,0.45658973,0.6655674,0.51175725,0.56606084,0.5511347,0.1511414,0.4695481,0.43756253,0.559015,-0.009008994,0.3384003,0.5764383,0.6207202,0.065272644,-0.14914556,0.2548312,0.004684714,0.68586504,0.23779218,0.62800676,0.7012902,-0.055821564,-0.23619133,-0.25600055,-0.37162456,-0.15798369,-0.18264358,-0.032655165,-0.02048204,0.033385694,0.16259281,0.22051674,0.29751602,0.11387855,-0.020663792,0.3660567,0.45444813,0.7013031,0.41646358,0.67389184,0.6585543,0.34520888,0.49379477,0.35234055,0.40174925,0.55746716,0.5673761,0.72211945,0.674426,0.69872856,0.6344114,0.66982263,0.6015456,0.75650537,0.75449777,0.6541571,0.6267771,0.43720376,0.46164298,0.41067857,0.5768492,0.616413,0.5267425,0.59311527,0.6078867,0.310355,0.49375775,0.395713,0.5766861,0.53321457,0.49134418,0.54732573,0.41489232,0.21098474,0.5588396,0.5292789,0.35749745,0.25900826,0.35320497,0.4763752,0.5318056
-0.03458435,-0.21165772,0.18085968,0.19685516,0.67888767,0.7887204,0.07890488,0.23870744,0.8277874,1.0,0.582886,0.28461537,0.47962338,0.46596685,0.69421554,0.7873784,0.57296675,0.5492099,-0.1223135,0.16908501,0.65307695,0.4353517,0.21228439,0.30345377,0.76730853,0.76438546,0.72982067,0.7478666,0.37417644,0.5316618,0.47041067,0.48811212,0.12381947,0.16501813,0.411584,0.43743488,0.702666,0.6174511,0.6003196,0.6955916,0.25681087,0.5541021,0.45136553,0.55690795,-0.068847954,0.2658662,0.6281505,0.6504887,-0.07044847,-0.17698574,0.24283092,0.031238504,0.6393606,0.1992195,0.60388744,0.82205915,0.051859744,-0.23070446,-0.21290432,-0.34356365,-0.076534875,-0.05025096,0.021072071,0.025999177,0.04535078,0.1610287,0.2876167,0.32757148,0.059185307,0.048897468,0.37887695,0.47099477,0.76052845,0.5414512,0.7492471,0.74162304,0.37371844,0.52648324,0.33528715,0.55046934,0.5503194,0.61073875,0.7155971,0.781365,0.72447807,0.66770715,0.7200001,0.7323487,0.74363476,0.796504,0.62020576,0.5916456,0.4438356,0.39418986,0.4390029,0.5197365,0.6147868,0.6242343,0.5767345,0.60709035,0.33392298,0.3654298,0.4728654,0.55278903,0.582604,0.5575692,0.5806535,0.48036355,0.304281,0.5935786,0.6498262,0.37753576,0.28894153,0.38457683,0.5809793,0.6030573
0.36754313,0.08890841,0.44159636,0.42288566,0.30178794,0.3235497,0.56975013,0.53512764,0.5693588,0.582886,1.0,0.5730326,0.8656145,0.6236281,0.69270074,0.62079257,0.7001543,0.5943832,0.1578332,0.2864616,0.49745128,0.6123736,0.5739028,0.54824924,0.45942777,0.36131018,0.2424305,0.3444849,0.70806944,0.75875616,0.7482327,0.6819784,0.27741966,0.22877876,0.6415472,0.49172634,0.7477729,0.76616526,0.67355514,0.66893685,0.25205216,0.66859,0.5238772,0.5803771,0.050083544,0.29329997,0.61078566,0.68239164,0.06329739,0.11179206,0.5020422,0.30977565,0.54523975,0.3516769,0.6398047,0.60450405,0.28431448,0.10215,0.06948744,-0.063094504,0.0013574137,0.046057362,0.24026352,0.11937762,0.24658743,0.32031295,0.22092207,0.26434767,0.3006874,0.18233725,0.7166276,0.6499694,0.7598019,0.7262781,0.7091765,0.55698806,0.7235076,0.7433702,0.51931304,0.42978275,0.6858357,0.64803153,0.7138126,0.5666344,0.84595823,0.7304111,0.5341948,0.5258156,0.69558424,0.48499703,0.43975416,0.32541722,0.29701516,0.24101347,0.606415,0.57951885,0.60151917,0.50415814,0.5080785,0.4335428,0.37740394,0.34003732,0.41987532,0.53542304,0.45040116,0.4782221,0.4545585,0.5172489,0.2555037,0.6438651,0.5261748,0.2767712,0.21499228,0.42868385,0.42112607,0.39105126
0.5602036,0.6471899,0.3957694,0.60152936,-0.11161889,-0.047207933,0.57776564,0.80413467,0.27209923,0.28461537,0.5730326,1.0,0.68665856,0.78517324,0.40471357,0.5839827,0.56299806,0.59148407,0.25865364,0.34597802,0.21477076,0.48299584,0.46104077,0.5146539,0.027967101,0.09295465,-0.09608083,-0.017845728,0.6174256,0.6721837,0.6239059,0.58027977,0.16564462,0.37285897,0.41963097,0.21549378,0.5077583,0.5217246,0.36699402,0.39794287,0.22828826,0.43859094,0.4467322,0.5339191,0.3452749,0.4371509,0.3136709,0.39279586,0.3310222,0.5454224,0.61616343,0.66613823,0.22521685,0.39621902,0.3365476,0.3323507,0.37082097,0.5168152,0.37250024,0.3453968,0.14987046,0.45327625,0.37521738,0.570266,0.5044715,0.6512878,0.26321414,0.16310368,0.532443,0.06344167,0.62170714,0.5889732,0.4174219,0.5287766,0.24825594,0.2616205,0.63624775,0.6081427,0.3793288,0.27007082,0.5348058,0.5935048,0.43082216,0.49846023,0.5225802,0.67095983,0.22220719,0.30622745,0.24566868,0.21331133,0.16685441,0.17746559,0.053024296,-0.005561834,0.33484372,0.32081267,0.2424058,0.2379685,0.2323466,0.19591416,0.32150525,0.1336937,0.33947036,0.28766948,0.24209243,0.2916052,0.18138859,0.4014712,0.23426703,0.42086446,0.1911919,0.1678848,0.07296435,0.3190638,0.36117867,0.26749045
0.5371977,0.3231451,0.45738012,0.48662004,0.13300803,0.15959498,0.6604213,0.66362715,0.47960824,0.47962338,0.8656145,0.68665856,1.0,0.69839126,0.63561606,0.6241589,0.7324512,0.60583854,0.191516,0.2782396,0.44580802,0.6109484,0.5612376,0.5624443,0.30626836,0.26055676,0.07258769,0.15262024,0.7814075,0.78633547,0.77720034,0.693708,0.22155815,0.2562292,0.57673097,0.3596412,0.7205757,0.72917753,0.63225144,0.61516047,0.32942772,0.58070076,0.5176001,0.5233483,0.19061597,0.3591501,0.526919,0.5865639,0.19870295,0.31411716,0.6320861,0.50177115,0.46469402,0.39864329,0.6238997,0.5242669,0.39418045,0.294561,0.26967505,0.14505123,0.104432665,0.24338609,0.3580221,0.27895743,0.39246836,0.43725097,0.2348423,0.21313412,0.4095965,0.11139286,0.7679825,0.66046095,0.7114245,0.7079397,0.5932456,0.45643064,0.7584241,0.74663794,0.5266122,0.36162442,0.7082871,0.62442845,0.653851,0.54358536,0.793991,0.7167452,0.43577594,0.4576733,0.5791661,0.35758442,0.32474557,0.21754704,0.16792384,0.10832272,0.55702364,0.53016114,0.50742966,0.44715127,0.39510176,0.3377822,0.352077,0.2681809,0.3621913,0.44334474,0.36536434,0.43247136,0.30620244,0.4727745,0.25634238,0.60517293,0.45509222,0.16651008,0.15298541,0.4069434,0.42455885,0.3273688
0.26827326,0.47732788,0.18967086,0.42614403,0.05566193,0.063720115,0.34497333,0.67866164,0.4835051,0.46596685,0.6236281,0.78517324,0.69839126,1.0,0.6829847,0.74480575,0.6276223,0.5787584,-0.06623461,0.12810977,0.31990644,0.7109959,0.31915545,0.3708956,0.25595555,0.24646479,0.0610586,0.1513709,0.747336,0.7111096,0.6628429,0.64713216,-0.13956922,0.17328703,0.3516547,0.3778473,0.6800763,0.6134419,0.642053,0.551863,0.18948334,0.52489436,0.42660776,0.5001591,0.15773135,0.39065638,0.3791409,0.4631306,0.19474192,0.4044994,0.5269535,0.5005266,0.44673178,0.48149782,0.6153617,0.49835607,0.09865354,0.41046652,0.1728944,0.057760734,-0.04175315,0.23854548,0.19161014,0.44431034,0.27728355,0.5350104,0.14623655,0.019351015,0.45975697,-0.1576501,0.7363349,0.7178424,0.5670028,0.5453917,0.415385,0.36321846,0.72851133,0.7594042,0.552745,0.26094007,0.6793082,0.71134406,0.69649976,0.6208981,0.6517986,0.7855944,0.3420859,0.41118994,0.4939661,0.4402883,0.32590327,0.32515585,0.09463475,0.17720236,0.51794165,0.5623901,0.44750407,0.32805198,0.38259283,0.3309506,0.21862751,0.32290652,0.27708322,0.4291189,0.39484644,0.4284045,0.2642006,0.4764458,0.2662162,0.53151584,0.23709978,0.17948768,0.058609277,0.38889185,0.4405498,0.34759533
0.008408672,0.019168926,0.09484713,0.22862184,0.35619926,0.3836469,0.20502405,0.40326762,0.78140664,0.69421554,0.69270074,0.40471357,0.63561606,0.6829847,1.0,0.7436667,0.6084528,0.4367253,-0.22130786,-0.005119638,0.5027501,0.73076034,0.19189489,0.2732056,0.54386544,0.5441439,0.38410312,0.49124953,0.6956527,0.6752322,0.6535615,0.6040038,-0.13869861,0.02413471,0.39166513,0.5649349,0.7604111,0.6416458,0.7358449,0.6329625,0.12310101,0.6013943,0.3710295,0.52002025,-0.10955585,0.26674622,0.5390266,0.62678653,0.02008238,0.039034925,0.344885,0.1530324,0.6579151,0.38301095,0.7805286,0.6627479,-0.11337548,0.006161089,-0.17511152,-0.276028,-0.27009284,-0.10721339,-0.06741373,0.037532296,-0.036864232,0.24350877,0.06345036,0.07319858,0.23620628,-0.066910654,0.60740113,0.6251627,0.7325834,0.5591237,0.685247,0.581932,0.5977747,0.69216055,0.5396118,0.32993752,0.66306084,0.6544764,0.8501189,0.59060514,0.7713306,0.7654458,0.62432665,0.5062511,0.7928497,0.6572928,0.5387592,0.50648165,0.24626517,0.4031345,0.5884931,0.6770656,0.66003805,0.48773673,0.5643579,0.5396578,0.16029409,0.5093487,0.29973245,0.5633742,0.50535035,0.45030597,0.44157812,0.47216788,0.28162414,0.5637039,0.3849674,0.25231367,0.13312326,0.35343605,0.4427148,0.4716102
0.122873105,0.13208906,0.22631791,0.38800904,0.42368007,0.5301055,0.2581698,0.51232564,0.7273858,0.7873784,0.62079257,0.5839827,0.6241589,0.74480575,0.7436667,1.0,0.5984698,0.5844614,-0.023928579,0.2458505,0.562537,0.5371673,0.25532883,0.38332558,0.5864476,0.62618995,0.46316493,0.53104556,0.5391143,0.6947514,0.6434746,0.5883377,0.03441177,0.19491127,0.3906735,0.34501344,0.743742,0.6452752,0.5866412,0.66027355,0.31945696,0.5193324,0.5344054,0.60618716,0.13803747,0.39582622,0.5835495,0.6262295,0.18821082,0.16837332,0.4309433,0.31399125,0.5649252,0.28636688,0.5964226,0.7393613,0.067941986,-0.025743788,-0.08434422,-0.07598053,-0.12471666,0.15057497,0.058381956,0.23457283,0.2064573,0.37197873,0.24481593,0.21374534,0.24140999,-0.12015432,0.5309587,0.56238604,0.6998459,0.5780048,0.62321925,0.6304347,0.5111337,0.6154206,0.3172303,0.37814593,0.5958828,0.6614447,0.76185095,0.8330094,0.7563419,0.8351113,0.5868441,0.6942542,0.6723011,0.7217332,0.5221107,0.4847415,0.3235708,0.2685257,0.45474383,0.50553596,0.51885283,0.504077,0.52737457,0.4922875,0.349926,0.29302052,0.48250595,0.5071414,0.4751008,0.50744975,0.48019552,0.48610198,0.3459222,0.5740543,0.48960155,0.34410903,0.2381062,0.42294922,0.59001225,0.5279574
0.37455603,0.25520626,0.35020173,0.41722837,0.21724203,0.2920471,0.41682637,0.5305145,0.57932544,0.57296675,0.7001543,0.56299806,0.7324512,0.6276223,0.6084528,0.5984698,1.0,0.7865309,0.0021779279,0.2510181,0.46622872,0.4997277,0.37878424,0.4236033,0.3584891,0.45198917,0.28703916,0.30954123,0.6720231,0.66849375,0.5893574,0.59865403,0.29774743,0.510419,0.45726448,0.4747521,0.6935987,0.64258903,0.56108934,0.53878736,0.29407325,0.5424489,0.596456,0.6578303,0.31946364,0.5438905,0.5770657,0.6629664,0.28455424,0.26270297,0.53878415,0.37579465,0.58430964,0.47505572,0.597907,0.56029695,0.5072058,0.301951,0.2739262,0.033150837,0.28828558,0.2444152,0.48213604,0.47717103,0.43720618,0.52061886,0.5420073,0.48325342,0.5225937,0.122945026,0.582806,0.665304,0.7247334,0.62422734,0.5694912,0.59817016,0.5593511,0.658516,0.610252,0.6313041,0.8670823,0.7961788,0.6604749,0.6226957,0.742498,0.66470647,0.4201975,0.42444205,0.51858324,0.4741492,0.53124887,0.5103502,0.35638273,0.35034022,0.47771236,0.5675612,0.58425486,0.60668755,0.60345143,0.5743294,0.34160575,0.40269142,0.2897029,0.40475047,0.54276806,0.46945384,0.3580464,0.50302595,0.19069754,0.57272524,0.54009485,0.37657312,0.2798245,0.36959854,0.48496425,0.40595013
0.27298963,0.22856884,0.271081,0.29492307,0.24024439,0.31555137,0.29581162,0.4417253,0.403542,0.5492099,0.5943832,0.59148407,0.60583854,0.5787584,0.4367253,0.5844614,0.7865309,1.0,-0.0070155337,0.1905937,0.53887445,0.46610728,0.38148767,0.35227254,0.35114,0.37212205,0.26474333,0.28274474,0.5890764,0.70822734,0.49601912,0.55920744,0.30613765,0.4053406,0.48146248,0.30303496,0.59473205,0.711941,0.5224875,0.64390093,0.2269247,0.59514195,0.52008206,0.59530556,0.25320566,0.4335675,0.512962,0.60892683,0.15877292,0.24636696,0.41420305,0.3555282,0.3793439,0.43929324,0.4786944,0.6418123,0.53239995,0.3235589,0.22589667,0.100333214,0.28600928,0.3452533,0.5084998,0.52623427,0.3810087,0.48591232,0.49300012,0.3901646,0.37672004,0.25009134,0.5993091,0.5839906,0.62408584,0.73829764,0.50285786,0.5971048,0.54633033,0.58925706,0.5486752,0.7645364,0.753757,0.821471,0.5451754,0.72679967,0.64177644,0.6476753,0.37063038,0.48530143,0.38971207,0.39357042,0.38660705,0.3940651,0.20793216,0.11233766,0.49581647,0.45373946,0.48306093,0.64577186,0.5083389,0.54207605,0.25537845,0.10220891,0.2626181,0.2792213,0.40732345,0.46377048,0.37641168,0.5056331,0.21518005,0.4940664,0.51169723,0.36426693,0.23084119,0.37610927,0.49651,0.44451413
0.6506353,0.29582816,0.7736709,0.66116804,-0.16455285,-0.09846911,0.6572954,0.4090825,-0.1873594,-0.1223135,0.1578332,0.25865364,0.191516,-0.06623461,-0.22130786,-0.023928579,0.0021779279,-0.0070155337,1.0,0.7984257,0.06895507,-0.21782956,0.6542655,0.68728006,-0.002730482,-0.07138018,-0.1361299,-0.15601525,-0.10957429,-0.02723717,0.2968213,0.20622459,0.5859887,0.49592197,0.3394761,-0.108090155,0.0067687538,-0.023782084,-0.23781951,-0.07857305,0.38829073,-0.09184159,0.20039353,0.074259095,0.24394199,0.038241044,0.07927872,-0.030399412,0.2556464,0.24749535,0.30472785,0.40025878,-0.08307056,-0.1281699,-0.21891648,-0.11082477,0.5076425,0.1908556,0.45798832,0.42192894,0.40766448,0.39974844,0.22796857,0.20270902,0.44954675,0.24971493,0.26589027,0.33167997,0.21745992,0.31328282,-0.0061124796,0.009463077,0.030018663,-0.032750633,-0.05108843,-0.13713032,0.03403175,-0.013783086,-0.2882465,-0.13362932,-0.14485928,-0.16300675,-0.20627505,-0.07398274,0.05564365,0.031954654,-0.037176248,0.076318204,-0.019355107,-0.007527358,-0.14902271,-0.20852453,0.060380254,-0.16126366,-0.20866226,-0.27535108,-0.115064085,-0.14592099,-0.16273473,-0.23892933,0.38356254,-0.09422748,0.34805074,0.10042205,-0.016490677,-0.037245132,0.032256324,-0.014637005,0.14443052,0.090036675,0.189828,-0.05964224,0.05034086,0.11040137,-0.019883314,-0.07388165
0.59920937,0.22013855,0.73987496,0.74040747,0.056620732,0.1621413,0.6090632,0.49051985,0.13079141,0.16908501,0.2864616,0.34597802,0.2782396,0.12810977,-0.005119638,0.2458505,0.2510181,0.1905937,0.7984257,1.0,0.13469177,-0.09514928,0.6141747,0.6861987,0.18296392,0.19300295,0.15158303,0.14035623,-0.019703323,0.0991081,0.3673617,0.2628839,0.6584059,0.7083026,0.3922802,0.10198378,0.21580705,0.1359214,-0.06792936,0.11467759,0.45461744,0.057164885,0.46517,0.38757056,0.41527468,0.37899184,0.30972114,0.22652999,0.4080173,0.26074505,0.40124974,0.36956665,0.20468369,0.077774666,-0.022748955,0.16288431,0.493741,0.07184821,0.331413,0.1729789,0.4234063,0.2619522,0.2897229,0.25598982,0.56963336,0.43242827,0.5052944,0.59282273,0.39413744,0.2846443,0.0678832,0.17806464,0.2399644,0.04576866,0.123733066,0.10873511,0.08742823,0.12968816,-0.1483038,0.06935357,0.13490085,0.15600727,0.07686107,0.24916708,0.2954618,0.28419435,0.16195646,0.35378775,0.20481408,0.32461175,0.23138547,0.19061626,0.39445186,0.17352816,-0.055480506,-0.03014957,0.122059695,0.08873007,0.16977495,0.07847475,0.6256702,0.17835923,0.57928497,0.363812,0.2903526,0.24157573,0.24979343,0.13663831,0.18320139,0.36494762,0.4139128,0.24068534,0.276099,0.39024556,0.23242109,0.14472403
0.05673846,-0.16578679,0.32608563,0.17208874,0.5024567,0.58485025,0.14957054,0.14942285,0.53925914,0.65307695,0.49745128,0.21477076,0.44580802,0.31990644,0.5027501,0.562537,0.46622872,0.53887445,0.06895507,0.13469177,1.0,0.31501,0.36733386,0.3522562,0.71942353,0.65254533,0.54894036,0.5578281,0.29918417,0.44675025,0.4619118,0.5001576,0.21886772,0.104077525,0.40600014,0.20127119,0.633819,0.55594605,0.49083722,0.62915015,0.38511536,0.4028206,0.4136965,0.41808352,-0.0325204,0.11771345,0.5356038,0.5229862,-0.032367438,-0.10960279,0.29295242,0.14296675,0.50760543,0.17752315,0.5185141,0.71103966,0.22901914,-0.08455251,-0.039696325,-0.1053686,0.087001845,0.11980537,0.13993317,0.096412055,0.10122033,0.11643938,0.22765678,0.26760733,-0.083995834,0.15920982,0.3831725,0.38785693,0.6343965,0.5231473,0.61112994,0.56750315,0.3082486,0.40848523,0.24655181,0.47713116,0.41119918,0.43249083,0.4646041,0.60884696,0.56645274,0.48133364,0.55672663,0.53586566,0.6105071,0.5827926,0.4452215,0.39691827,0.29987645,0.20216961,0.38247517,0.3585304,0.5108881,0.5710855,0.39631078,0.45056334,0.2233406,0.16094606,0.34420884,0.36497408,0.41064134,0.43110904,0.50234276,0.3265076,0.40145788,0.4535156,0.5991117,0.22376256,0.22055618,0.2356305,0.45572168,0.4396424
0.11368698,0.281871,0.033536337,0.21472822,0.10990438,0.038542125,0.23930117,0.47838262,0.44385013,0.4353517,0.6123736,0.48299584,0.6109484,0.7109959,0.73076034,0.5371673,0.4997277,0.46610728,-0.21782956,-0.09514928,0.31501,1.0,0.27178937,0.23993741,0.28035393,0.14864925,0.0075422768,0.16715184,0.8276067,0.74227357,0.6297606,0.6349775,-0.27710888,-0.103948645,0.40713143,0.5494064,0.6945029,0.74024934,0.7910803,0.68681777,0.06432731,0.7305157,0.21768402,0.33651683,-0.1714479,0.17348789,0.35754085,0.4682129,-0.05697643,0.15158351,0.3798106,0.31416026,0.40441927,0.510746,0.74117124,0.5093288,-0.044437222,0.30592412,0.039497744,-0.09616238,-0.21909086,0.009308097,0.052132174,0.1443349,0.0346104,0.36138877,-0.061226238,-0.109582335,0.3330589,0.026424564,0.8097266,0.68311983,0.60633016,0.6370132,0.51397014,0.34464315,0.78410363,0.77945536,0.6578187,0.25295857,0.6486393,0.63922876,0.73052764,0.4420557,0.6554037,0.7118856,0.30216596,0.35601175,0.60015637,0.38751227,0.26968896,0.23705235,0.005134929,0.16389957,0.63452923,0.6802765,0.5899564,0.40200648,0.40392867,0.3088403,0.059038565,0.39019087,0.18915568,0.5160977,0.36027673,0.49204707,0.2380068,0.41982394,0.3098986,0.5638801,0.21126387,0.06772422,-0.027473114,0.4079371,0.42795846,0.44018215
0.59508574,0.3134025,0.85273576,0.7333017,0.10817135,0.095243506,0.74443936,0.635067,0.12328337,0.21228439,0.5739028,0.46104077,0.5612376,0.31915545,0.19189489,0.25532883,0.37878424,0.38148767,0.6542655,0.6141747,0.36733386,0.27178937,1.0,0.874342,0.3285134,0.15398367,0.024626577,0.09870454,0.36918476,0.3678346,0.66196585,0.66291445,0.44816595,0.4469493,0.5519062,0.16239692,0.43555015,0.44944307,0.28652853,0.42959666,0.4072333,0.35864,0.32607275,0.25725472,0.055171173,0.07881023,0.33718604,0.29721704,0.13615839,0.19232628,0.3711109,0.38503247,0.14938986,0.09678067,0.23032036,0.28326514,0.4699736,0.30380183,0.42488804,0.280871,0.31441936,0.3853803,0.25897107,0.2989952,0.35668367,0.3183375,0.20168616,0.24244869,0.21074925,0.28453004,0.5499985,0.50905854,0.4660992,0.42601365,0.33661768,0.23289695,0.5321521,0.51713854,0.14750636,0.18081827,0.27740994,0.26493257,0.22974141,0.21691123,0.4065114,0.3739182,0.2129361,0.31634945,0.32956946,0.23639409,0.05522036,-0.042528566,0.097424775,-0.06750738,0.25124273,0.13944684,0.2618499,0.16698816,0.1164911,0.033912364,0.32881334,0.03465112,0.38691068,0.30780852,0.16546309,0.25670773,0.25459734,0.1323988,0.25986618,0.38982987,0.39468446,0.074049555,0.073113024,0.30842966,0.20403475,0.18086997
0.6160385,0.3760914,0.88504267,0.8464066,0.1096184,0.16255654,0.7635307,0.72796214,0.23270221,0.30345377,0.54824924,0.5146539,0.5624443,0.3708956,0.2732056,0.38332558,0.4236033,0.35227254,0.68728006,0.6861987,0.3522562,0.23993741,0.874342,1.0,0.37046438,0.2655751,0.08558128,0.15045814,0.35395035,0.37101302,0.71577704,0.71299344,0.42672968,0.5444567,0.5109983,0.24832334,0.47725382,0.38824758,0.21106839,0.3530746,0.44723895,0.3112871,0.3541653,0.33794,0.07904392,0.15192291,0.37251747,0.30499816,0.20292112,0.23701467,0.423449,0.443904,0.20867701,0.017190037,0.2172636,0.28864694,0.43088153,0.26102227,0.40961716,0.315429,0.26154643,0.44120574,0.16954634,0.3222337,0.350178,0.34443378,0.24533276,0.2801345,0.2992143,0.1887791,0.46002477,0.53594524,0.5216724,0.37446144,0.39199772,0.29894435,0.4760245,0.5194635,0.08110588,0.15611328,0.2707533,0.25144777,0.24817018,0.24362895,0.43077585,0.43757367,0.24469937,0.32353735,0.34905624,0.32633823,0.06324231,0.0014909508,0.12043755,-0.020939393,0.13377076,0.087351516,0.22828451,0.11244011,0.11822874,0.024536185,0.38339853,0.106651634,0.44938862,0.32074562,0.20886187,0.21816951,0.20714664,0.18504027,0.2582067,0.38127565,0.39247105,0.08660284,0.095734216,0.27394232,0.23434584,0.2356838
-0.14650927,-0.35877407,0.32301977,0.18642047,0.7359808,0.7264263,0.026036665,0.076118395,0.6987772,0.76730853,0.45942777,0.027967101,0.30626836,0.25595555,0.54386544,0.5864476,0.3584891,0.35114,-0.002730482,0.18296392,0.71942353,0.28035393,0.3285134,0.37046438,1.0,0.79443806,0.71641725,0.71990496,0.17076565,0.2569699,0.41521534,0.46924326,0.09638737,0.09773916,0.3438717,0.3179804,0.61176896,0.44172406,0.47394574,0.573293,0.3223047,0.36443228,0.35396287,0.36688137,-0.25568065,0.0344005,0.5770886,0.50750434,-0.13984452,-0.31110892,0.10809741,-0.08441716,0.58596015,0.03682039,0.49567965,0.6978565,-0.045303367,-0.34658003,-0.2497432,-0.34112585,-0.09516723,-0.07300586,-0.13985786,-0.06828953,-0.13302039,-0.10230161,0.12679909,0.21555294,-0.1937776,-0.00585079,0.27206457,0.38826877,0.64880973,0.33325484,0.6524085,0.5785725,0.2337464,0.3876322,0.1539669,0.39699298,0.28363258,0.34143195,0.5078676,0.5533855,0.5484902,0.4569982,0.5926164,0.57988507,0.7174684,0.7634393,0.47803918,0.4253424,0.37776795,0.32201096,0.30925098,0.37535116,0.56645733,0.48954746,0.4464296,0.471318,0.26860067,0.22576773,0.36383167,0.4531934,0.43741462,0.44063148,0.52293354,0.29025304,0.24140045,0.4673289,0.6502356,0.2862127,0.20338386,0.26246133,0.40475777,0.47706163
-0.15905207,-0.31647757,0.24470791,0.19441086,0.67277426,0.7732193,-0.007484781,0.10090234,0.75048566,0.76438546,0.36131018,0.09295465,0.26055676,0.24646479,0.5441439,0.62618995,0.45198917,0.37212205,-0.07138018,0.19300295,0.65254533,0.14864925,0.15398367,0.2655751,0.79443806,1.0,0.7618787,0.7641558,0.11449049,0.2392769,0.33287892,0.37669677,0.14346817,0.24964842,0.2338963,0.2536392,0.55434805,0.33249614,0.31228125,0.43928367,0.3558987,0.23880517,0.39315295,0.4533318,-0.042898428,0.1978344,0.5205955,0.49626666,0.029410195,-0.21324678,0.09152174,-0.10077971,0.5652649,0.019449212,0.41404274,0.6791477,0.006146268,-0.38494682,-0.2640688,-0.3122176,-0.04090318,-0.04110422,-0.09216728,0.034818932,-0.018192189,0.0015045317,0.25934055,0.32046187,-0.10256382,-0.09728073,0.13409677,0.3369553,0.6079567,0.24240084,0.58632123,0.6643907,0.08357042,0.2885938,0.053466834,0.42081386,0.32733664,0.38110957,0.4855546,0.58869857,0.48689762,0.44597477,0.5719758,0.53329533,0.6091309,0.7556903,0.5775723,0.561002,0.4555849,0.39745906,0.18297945,0.27144083,0.43088105,0.46455452,0.47109306,0.55617833,0.29730147,0.2651967,0.41888514,0.39972025,0.472777,0.3659096,0.526443,0.27652898,0.20051454,0.4216012,0.59541583,0.34850606,0.28186303,0.22183347,0.4202835,0.44821936
-0.25583485,-0.50767857,0.09591503,-0.019567633,0.78748876,0.85483474,-0.14398032,-0.14607921,0.6883266,0.72982067,0.2424305,-0.09608083,0.07258769,0.0610586,0.38410312,0.46316493,0.28703916,0.26474333,-0.1361299,0.15158303,0.54894036,0.0075422768,0.024626577,0.08558128,0.71641725,0.7618787,1.0,0.8623655,-0.09722987,0.072598204,0.14727865,0.15987545,0.2579515,0.17290153,0.20253314,0.20335796,0.33243817,0.25970206,0.23633543,0.3671698,0.044437386,0.21483722,0.35617957,0.42293683,0.005933775,0.2099666,0.46084684,0.45097744,0.004379666,-0.3732478,-0.024716076,-0.309271,0.53023475,-0.0131593,0.2903649,0.616312,-0.051728558,-0.5059527,-0.36859334,-0.4565838,-0.034670502,-0.22240475,-0.06364771,-0.16019735,-0.03287111,-0.0646282,0.26448146,0.41191506,-0.2345176,0.06377883,-0.045017645,0.097505055,0.45285165,0.15866134,0.51105446,0.6139509,-0.07236782,0.10558172,0.025576442,0.4510751,0.21934374,0.294034,0.38413918,0.5712496,0.37612092,0.26183128,0.650702,0.59224683,0.5309759,0.6981917,0.6187661,0.60829365,0.5570405,0.4431841,0.187113,0.27480894,0.43632078,0.46046892,0.4836898,0.5426265,0.24977629,0.25033033,0.34423694,0.35174763,0.4532483,0.34748662,0.5829982,0.17739446,0.15714364,0.3707795,0.572929,0.41816956,0.3391323,0.20726955,0.33700237,0.40236977
-0.24356444,-0.4319464,0.1152512,0.06889641,0.7704433,0.86359274,-0.05689576,-0.004574649,0.7313966,0.7478666,0.3444849,-0.017845728,0.15262024,0.1513709,0.49124953,0.53104556,0.30954123,0.28274474,-0.15601525,0.14035623,0.5578281,0.16715184,0.09870454,0.15045814,0.71990496,0.7641558,0.8623655,1.0,0.05593669,0.22555403,0.27618402,0.2830329,0.1871304,0.11384482,0.22432272,0.25990263,0.4539695,0.39389858,0.37426326,0.51612985,0.09941998,0.3661824,0.30635953,0.42677122,-0.10620528,0.15643889,0.47016737,0.48526746,-0.03273664,-0.34025058,-0.036766272,-0.26484582,0.49823904,-0.0014052108,0.40616587,0.7012538,-0.1347238,-0.4813595,-0.40668944,-0.45332938,-0.1455595,-0.2535465,-0.1466081,-0.17974587,-0.08456995,-0.01318338,0.14573099,0.29868126,-0.19043063,0.01418344,0.11588793,0.24849892,0.5573117,0.2777901,0.6091783,0.65503395,0.0985302,0.26061353,0.082643755,0.36499992,0.2860751,0.3527059,0.5100326,0.59293723,0.44531792,0.3734417,0.67634714,0.66484344,0.63465565,0.72873294,0.6399349,0.59196377,0.53263414,0.45358914,0.29399925,0.3435958,0.47175667,0.46688285,0.5206238,0.5565377,0.26038235,0.34064952,0.47310808,0.49916583,0.4656404,0.4379846,0.6252815,0.21108894,0.2540932,0.44577405,0.5252501,0.41140807,0.3390848,0.3098183,0.39240152,0.49596536
0.30558896,0.40383393,0.16855228,0.3453815,-0.009087794,-0.020050764,0.46830148,0.61950177,0.40831575,0.37417644,0.70806944,0.6174256,0.7814075,0.747336,0.6956527,0.5391143,0.6720231,0.5890764,-0.10957429,-0.019703323,0.29918417,0.8276067,0.36918476,0.35395035,0.17076565,0.11449049,-0.09722987,0.05593669,1.0,0.8331,0.7258635,0.7166058,-0.118080325,0.07432874,0.44480228,0.48828417,0.7049264,0.7586426,0.7477598,0.6227933,0.122810505,0.7282972,0.2609564,0.4070574,-0.0010764722,0.28012225,0.4019941,0.50951356,0.0429664,0.28240824,0.45134187,0.3884891,0.36866608,0.5360626,0.6888837,0.43908003,0.16492161,0.4356136,0.21945882,0.06343324,-0.10583699,0.1223083,0.19543858,0.28225955,0.16557674,0.44760302,0.05900959,-0.023992734,0.5018874,0.055451218,0.85841906,0.7563096,0.6691756,0.7537599,0.53904325,0.4058083,0.86507154,0.83187026,0.73034465,0.34245765,0.75309986,0.6964747,0.7103449,0.43377796,0.70018226,0.7173915,0.27685413,0.2928726,0.49039915,0.2568252,0.20516317,0.19577612,-0.030519865,0.08236938,0.6519569,0.638766,0.51463306,0.4056322,0.3746262,0.31608894,0.09770652,0.34176853,0.16824096,0.400675,0.31200507,0.40349126,0.16361687,0.4403494,0.21643987,0.5107257,0.21000691,0.052615285,-0.012381837,0.3279311,0.36300275,0.34842846
0.30066517,0.32016468,0.19343112,0.32371902,0.09790994,0.20964894,0.44736695,0.57720846,0.46646658,0.5316618,0.75875616,0.6721837,0.78633547,0.7111096,0.6752322,0.6947514,0.66849375,0.70822734,-0.02723717,0.0991081,0.44675025,0.74227357,0.3678346,0.37101302,0.2569699,0.2392769,0.072598204,0.22555403,0.8331,1.0,0.7208846,0.6613513,0.10166879,0.11594154,0.5520106,0.40582737,0.70268685,0.84830326,0.6959036,0.7188189,0.18149337,0.77880025,0.3944535,0.53397316,0.087832,0.3270882,0.47410703,0.61150765,0.09107332,0.28398386,0.47549123,0.40685722,0.34409893,0.40454918,0.61831826,0.586617,0.24742226,0.28501076,0.103866495,0.10685122,-0.0882762,0.18258087,0.24746905,0.23868737,0.25408357,0.467764,0.1713883,0.12392732,0.4314503,0.18793249,0.7826253,0.6451095,0.6731094,0.87195045,0.6213428,0.5601804,0.7571129,0.74742335,0.5849584,0.46649915,0.7400951,0.75041646,0.73591286,0.6448819,0.7607391,0.7944207,0.40939653,0.500215,0.519842,0.34507522,0.3067304,0.26007697,0.087894045,0.062023677,0.63571185,0.5609734,0.49073625,0.48991203,0.42254364,0.36957678,0.19540885,0.2387846,0.30868307,0.42270678,0.31676713,0.44372934,0.3185506,0.54564023,0.30799508,0.51625043,0.2990885,0.19147253,0.087783,0.37434047,0.4806354,0.4145335
0.41196996,0.32382667,0.5852838,0.66003484,0.1828412,0.2095747,0.710391,0.7453003,0.48392826,0.47041067,0.7482327,0.6239059,0.77720034,0.6628429,0.6535615,0.6434746,0.5893574,0.49601912,0.2968213,0.3673617,0.4619118,0.6297606,0.66196585,0.71577704,0.41521534,0.33287892,0.14727865,0.27618402,0.7258635,0.7208846,1.0,0.858493,0.15518807,0.28151265,0.5969604,0.4526162,0.7056848,0.6821513,0.5851705,0.596559,0.25709724,0.60254055,0.41873127,0.512785,0.03875438,0.2987635,0.50069267,0.5353628,0.20095968,0.260553,0.4978248,0.39309683,0.4005854,0.25695053,0.56463945,0.49447957,0.19016485,0.22890604,0.21498491,0.11791007,-0.053316213,0.22295445,0.07764309,0.21744546,0.24462505,0.41782948,0.07486265,0.12942289,0.34725082,0.060058717,0.73313683,0.7184902,0.7200176,0.65125936,0.62152785,0.4857079,0.75516427,0.7811216,0.38794065,0.25401434,0.55883235,0.5378487,0.6327916,0.4808489,0.7085804,0.73750657,0.4211256,0.47586796,0.5992171,0.46113786,0.23691896,0.19008271,0.11615246,0.10001035,0.49105233,0.43934038,0.48844817,0.32196552,0.34788942,0.24817018,0.31097123,0.27327183,0.40330908,0.47733518,0.27693906,0.3851598,0.31845903,0.3459797,0.3214003,0.5351475,0.34527,0.120567076,0.0735467,0.3823515,0.36611164,0.3697634
0.34317976,0.34270516,0.561399,0.6230363,0.20995227,0.2245751,0.6044276,0.70065314,0.46848232,0.48811212,0.6819784,0.58027977,0.693708,0.64713216,0.6040038,0.5883377,0.59865403,0.55920744,0.20622459,0.2628839,0.5001576,0.6349775,0.66291445,0.71299344,0.46924326,0.37669677,0.15987545,0.2830329,0.7166058,0.6613513,0.858493,1.0,0.067731485,0.2421613,0.5150691,0.40834454,0.71410024,0.67229164,0.57414734,0.6190588,0.2520972,0.6165619,0.29851812,0.39802983,-0.07918261,0.17879118,0.42627746,0.448834,0.062204316,0.17371485,0.371272,0.34070787,0.33595285,0.19876464,0.5507988,0.51137215,0.2141949,0.2840081,0.2415644,0.12907779,-0.014921728,0.29091775,0.07596501,0.28622082,0.14060807,0.3245488,0.05728183,0.050528917,0.30100283,0.055653606,0.75063497,0.7856424,0.7233831,0.650221,0.60402876,0.49688,0.74901533,0.7889115,0.4320862,0.3289215,0.54115605,0.5391959,0.5698193,0.4667169,0.61771035,0.64860445,0.34968764,0.38902155,0.54382044,0.425837,0.16667582,0.13520133,0.016532809,0.01598797,0.45286712,0.3906668,0.41427523,0.31374592,0.29515767,0.23043631,0.17903425,0.22326812,0.31817985,0.40299493,0.25081244,0.37205485,0.26391524,0.35210282,0.33220348,0.49496853,0.32411924,0.04944205,-0.021390537,0.2978812,0.3204152,0.41255498
