1.0,0.48635614,0.49496698,0.2753704,0.07782352,-0.22824566,0.60308796,0.253901,0.107476965,-0.32420895,0.6356989,0.4520914,0.6550947,0.45627832,0.27423665,-0.08543213,0.5697138,0.47490302,0.5224158,0.60909605,-0.095538326,-0.12406682,0.12955967,0.15859139,-0.1796895,-0.40187055,0.0025458555,-0.123942636,0.64526683,0.5693322,0.19460484,0.21145044,0.58359075,0.6743249,0.4761454,0.33177707,0.42335662,0.49668464,0.12444018,0.22075759,0.20742856,0.32751477,0.47519028,0.33090153,0.525543,0.47054732,0.37351575,0.2751584,0.49182564,0.6531596,0.5795795,0.5439851,0.66798514,0.19284168,0.36284044,0.19287601,0.7813933,0.6322544,0.72252697,0.65730155,0.67556214,0.5639344,0.687099,0.55719185,0.69369656,0.5905826,0.649251,0.5926066,0.6339624,0.61116403,0.23325787,0.24785675,0.44140875,0.50374943,0.3119393,0.26490596,0.36628821,0.43631908,0.4967625,0.3044256,0.58182204,0.47209886,0.37310365,0.23101398,0.6736751,0.44853854,0.24185036,0.09998005,0.34744656,0.26762405,0.43825325,0.4152552,0.44891873,0.18490964,0.17054106,0.22462247,0.024806475,0.1633992,0.3285627,0.26245704,0.4665916,0.2083214,0.30721417,0.39368093,0.18805745,0.28541633,0.2593866,0.15546164,0.2586366,0.28967127,0.06491886,0.1688522,0.15765236,0.44723126,0.07591652,0.04823871
0.48635614,1.0,0.38041058,0.7502074,-0.08530915,-0.11319559,0.48861864,0.84755725,-0.15960109,0.023121605,0.603643,0.7075155,0.51291704,0.76931304,0.44569758,0.30075383,0.3276467,0.15422343,0.7616496,0.75077575,-0.12952568,-0.16605186,0.5079884,0.55545175,0.013421164,-0.1510817,-0.020497875,-0.0053012194,0.55260503,0.2775084,0.14295663,0.46023846,0.17043138,0.42830908,0.06450852,0.53907996,0.41656098,0.25389314,0.19629054,0.073670894,0.19201787,0.20498276,0.33314392,0.39672697,0.49518675,0.45426485,0.2600507,0.24912226,0.4595403,0.4667961,0.66880137,0.6935183,0.17872654,0.37901196,0.21453984,0.063071154,0.1231353,0.5974619,0.32066217,0.36146486,0.02879064,0.34786743,0.25060704,0.45402113,0.3787413,0.5500932,0.22041205,0.43925095,0.11310272,0.36926627,0.09763268,0.44595808,0.47349304,0.2862381,0.38572997,0.2558472,0.34356546,0.49110556,0.25833437,-0.045639437,0.13052769,0.19679281,0.14544779,0.26907164,0.2806728,0.7047818,0.21645299,0.114778854,-0.07134528,0.64709336,0.15018466,0.34237507,0.34279898,0.2612166,0.14215772,0.03471937,0.07500291,0.08174297,0.21716166,0.11803457,0.43586984,0.31072864,0.5700795,0.4790505,0.18332739,0.114389576,0.25604653,-0.02978136,0.26618448,0.3746316,0.379089,0.15976602,0.05773879,0.5198935,0.19791153,0.09960703
0.49496698,0.38041058,1.0,0.5559048,-0.40624794,0.012958273,0.7717447,0.41893837,-0.34243295,0.16056785,0.42979077,0.590128,0.63867384,0.38564292,0.048264425,0.15489614,-0.04647578,-0.059440207,0.5715906,0.64490694,-0.051386766,-0.13852374,0.60165095,0.4766035,0.1576083,-0.21140026,0.09871625,-0.058559403,0.18846053,0.30487046,0.36103612,0.31078708,0.35011688,0.35582492,0.122154124,0.16348143,0.17029056,0.288937,0.05040814,0.065784216,0.17275374,0.39190078,0.09319903,0.2460777,0.078285865,0.1446085,0.071029544,0.13565017,-0.041040115,0.06546872,0.5552098,0.05580282,0.30481994,-0.07209565,0.20070094,0.0036707192,0.12501875,-0.021857424,0.24065442,0.26159447,0.101159,-0.15957253,-0.0044613327,-0.15732753,0.3407365,-0.0567936,0.07243011,0.040974043,0.10225041,-0.002631816,0.27581504,0.16905805,0.026126709,0.42973113,0.37065834,0.418138,0.47799483,0.34056082,-0.15905198,-0.031033598,0.07427351,-0.14519674,0.119115695,-0.026786126,0.36081582,0.16981468,0.18011634,-0.008451513,0.37521088,0.19978864,0.029965533,-0.08676098,0.17721556,-0.11549995,-0.07572775,-0.12816826,-0.15940835,0.07495276,-0.018562995,-0.06669568,0.3457924,0.20645268,0.4848955,0.57377905,0.18804103,0.2865128,0.35027376,0.051596146,0.2307899,0.21471298,0.37280878,-0.0017596115,-0.07947518,0.30949265,0.27280253,0.1534015
0.2753704,0.7502074,0.5559048,1.0,-0.2052459,0.1745241,0.4386931,0.86109084,-0.23840806,0.3664243,0.4300961,0.78312266,0.5465346,0.7837213,0.49060667,0.5897317,0.10765854,0.02326786,0.7085213,0.8014018,0.08743788,0.06789853,0.8200999,0.8469608,0.3740118,0.16776428,0.19730644,0.140489,0.34016407,0.24635974,0.39228788,0.6354413,0.15725338,0.36867008,0.022748843,0.46360955,0.38199243,0.31022897,0.2901786,0.20014337,0.29759783,0.3607489,0.21711928,0.38566878,0.20462371,0.24594308,0.23577555,0.3656773,0.12313978,0.16508906,0.50221854,0.4021447,0.13268131,0.3165525,0.2562093,0.19456473,-0.10922105,0.2790006,0.025730299,0.081994794,-0.18172114,0.08184248,-0.01640687,0.11257265,0.1336309,0.23566058,0.05275368,0.25343248,-0.19090542,0.13294113,0.27495015,0.47180268,0.3018982,0.3025796,0.41060242,0.41434926,0.44822344,0.51716393,0.021102458,-0.043838218,-0.004032469,0.021825476,0.19775607,0.26756206,0.25162032,0.49923518,0.3378953,0.26364747,0.101113066,0.71464807,0.085075594,0.21525413,0.33419913,0.26332393,0.1522412,0.008166558,0.08425427,0.20488662,0.16562787,0.13832335,0.48510835,0.38142297,0.66100323,0.5755764,0.28071794,0.20904891,0.29630768,-0.01285746,0.2596908,0.3896318,0.5726073,0.21596195,0.14545831,0.46784166,0.2667888,0.041923657
0.07782352,-0.08530915,-0.40624794,-0.2052459,1.0,0.20119604,-0.22185619,-0.113536775,0.8123071,0.0059321206,0.047787562,-0.120806046,-0.040389046,0.039902028,0.36981356,0.10352873,0.43321648,0.47629005,-0.04122594,-0.13824823,0.32203186,0.23936544,-0.32103792,-0.18257491,-0.094133005,0.17554666,0.3420215,0.16857629,0.24942642,0.20250809,0.045006625,0.029555315,0.25866717,0.23912016,0.34440908,0.20166942,0.2871117,0.20308217,0.2932329,0.35360512,0.20523189,0.077964194,0.31628722,0.12138119,0.27058005,0.22907957,0.3112698,0.20428142,0.32478514,0.3637763,-0.12755474,0.32291025,0.30074275,0.33674565,0.33239728,0.3970928,0.34264114,0.27000222,0.094600745,0.011556616,0.29296494,0.40991786,0.3522236,0.36374122,0.14526579,0.37594196,0.4467904,0.4466427,0.28066248,0.46972936,0.12173722,0.15701535,0.2904521,0.052608363,-0.042285223,-0.08219753,-0.14826524,-0.012482404,0.42831933,0.42292106,0.40852502,0.48273543,0.32663685,0.42547095,0.26399365,0.1810067,0.19856939,0.34375656,0.17840534,0.07360012,0.40579486,0.47848573,0.18494573,0.38689995,0.4138807,0.4116828,0.32104087,0.24526516,0.36940074,0.42009258,-0.017048754,0.13855459,-0.25670275,-0.23737495,0.03944937,-0.021085719,-0.15191804,0.23058675,0.036683474,0.1178731,-0.106331445,0.28251347,0.32995087,-0.02458401,-0.13833039,-0.3395552
-0.22824566,-0.11319559,0.012958273,0.1745241,0.20119604,1.0,0.079851806,0.15461713,0.32388088,0.70455986,0.11287993,0.25274897,0.18880226,0.17439021,0.34392968,0.7005206,0.053986013,0.21010347,0.031830654,0.0011225863,0.4887524,0.54471105,0.25378907,0.2412572,0.42622587,0.6826048,0.51418823,0.36078447,-0.017043762,0.19981807,0.38308662,0.20549469,0.21633503,0.13612995,0.19360723,0.28805608,0.22466893,0.31946602,0.41894847,0.5197658,0.28261697,0.23059203,0.20651786,0.17828718,0.026001006,0.050036468,0.17722629,0.25157538,-0.06420028,-0.18335839,-0.092990324,-0.04751996,-0.037514087,0.12871966,0.37331355,0.46789864,-0.2524299,-0.3011311,-0.56581324,-0.61460143,-0.29637554,-0.15821594,-0.14171338,-0.33419338,-0.19064425,-0.14227934,-0.035944387,0.10292944,-0.4086188,-0.10170063,0.46659282,0.23151956,0.10499532,0.12725772,0.07819411,0.3920578,0.27556768,0.29324982,-0.0716708,0.3440892,0.115958855,0.07864094,0.40048623,0.46433946,0.22821514,0.11307388,0.42152494,0.5697122,0.49260962,0.324545,0.3365111,0.2065871,0.23063608,0.3696784,0.313371,0.21153307,0.29282928,0.3750683,0.2221842,0.4026992,0.2530938,0.1862577,0.18708207,0.15451452,0.41070005,0.28232026,0.19434766,0.23198563,0.097060375,0.16893877,0.23913266,0.28005865,0.37060535,0.04796965,0.33315417,0.0030298354
0.60308796,0.48861864,0.7717447,0.4386931,-0.22185619,0.079851806,1.0,0.41899487,-0.15553048,0.07799276,0.6940702,0.6734437,0.79242647,0.44976935,0.10674963,0.19910933,0.17001751,0.13871421,0.60738087,0.58274937,-0.09890667,-0.16660951,0.41064128,0.27811632,-0.0028216213,-0.23256864,0.08555095,-0.0034974734,0.34758207,0.41470677,0.25037977,0.12623723,0.41841117,0.44028154,0.17109826,0.24467535,0.2797537,0.38567072,0.101622075,0.12631065,0.15789875,0.3230341,0.24368699,0.21969682,0.31139147,0.26723647,0.09632133,0.037166726,0.1854839,0.23126315,0.66980195,0.28397077,0.30737633,-0.022710621,0.2667759,0.0636612,0.23431656,0.101908125,0.24803983,0.2513591,0.17521589,-0.019275619,0.20476675,-0.042168327,0.5424638,0.12778647,0.20289792,0.22167078,0.23951949,0.1619397,0.3141659,0.19851737,0.17248839,0.43301886,0.34260148,0.43816236,0.49209186,0.41057485,-0.021783711,0.12382594,0.25061712,0.005286375,0.24338965,0.13761698,0.47220993,0.35814983,0.22585909,0.062813886,0.457492,0.20277047,0.24047297,0.09940761,0.2448987,0.039162662,-0.018845238,-0.09669885,-0.14994997,0.013771548,0.06401762,0.021461979,0.4253953,0.25523603,0.48359653,0.5645608,0.24480857,0.3083256,0.36183032,0.10177523,0.25204372,0.22744156,0.19090638,-0.014779629,-0.031227525,0.33171868,0.34599206,0.15703814
0.253901,0.84755725,0.41893837,0.86109084,-0.113536775,0.15461713,0.41899487,1.0,-0.18734086,0.32306254,0.5133819,0.7163268,0.46762058,0.77739424,0.52860457,0.5460128,0.2572039,0.111300044,0.7390412,0.752234,0.0870714,0.049516477,0.687951,0.7326197,0.2002325,0.15484342,0.17943534,0.16088364,0.46504116,0.29062492,0.3367204,0.6573547,0.18442722,0.43035156,0.09107943,0.59083575,0.4776857,0.33369035,0.38190398,0.23175104,0.28287342,0.3402114,0.34117213,0.48055527,0.40775648,0.43237117,0.32359883,0.39761323,0.33690098,0.32054856,0.55320036,0.56283045,0.091493055,0.42151314,0.3131843,0.23490223,-0.107079886,0.40464264,0.017598296,0.09448831,-0.19734685,0.19796745,0.06596342,0.23478137,0.17565909,0.4158782,0.14854962,0.40688017,-0.14779893,0.25295964,0.3061813,0.5909144,0.48174897,0.33259633,0.4607165,0.39527082,0.47403207,0.6012524,0.16133533,0.008677162,0.07903843,0.15259096,0.18563572,0.38259938,0.252884,0.66667604,0.289849,0.24785508,0.026124625,0.7117421,0.16783623,0.31566367,0.41177896,0.3764337,0.27932832,0.10298407,0.21961403,0.24120432,0.28078124,0.23477045,0.5440725,0.45845518,0.7137293,0.6194932,0.3920902,0.2844351,0.4097843,0.051111042,0.37736768,0.5319328,0.5662018,0.3250358,0.19939116,0.545552,0.3618185,0.14338918
0.107476965,-0.15960109,-0.34243295,-0.23840806,0.8123071,0.32388088,-0.15553048,-0.18734086,1.0,0.06402147,0.0021290886,-0.109813966,-0.046246804,-0.030764448,0.28937998,0.057095308,0.32970506,0.4287139,-0.08258955,-0.17105055,0.33749324,0.22910218,-0.28650206,-0.20826788,0.015852222,0.15713872,0.30605057,0.15075736,0.16053887,0.20207682,0.041209783,-0.06531617,0.26686317,0.19044897,0.27595362,0.108651966,0.19134098,0.17016762,0.19778472,0.35655674,0.21359244,0.051872976,0.24288853,0.042502057,0.22063443,0.14041466,0.26253882,0.1590509,0.24830064,0.26468936,-0.13566712,0.21524136,0.27840063,0.264526,0.28138793,0.38827744,0.33957872,0.16333275,0.072646625,-0.0056153033,0.2953635,0.35234255,0.31927177,0.2734113,0.09209711,0.2676889,0.36494988,0.35245648,0.25766298,0.38031158,0.15248314,0.11330703,0.18539356,0.06352744,-0.07884544,-0.042392433,-0.15536098,-0.03674225,0.3516135,0.41950056,0.33733743,0.3648665,0.2719793,0.30901015,0.2533546,0.039551087,0.18117404,0.35447046,0.21405686,0.0138110835,0.36608255,0.3986318,0.16052645,0.2990976,0.34511253,0.3542258,0.2701124,0.2163686,0.31053716,0.41218004,0.0044003795,0.065588735,-0.24373782,-0.22640428,0.033923175,-0.0038633847,-0.12799685,0.25519058,-0.027290966,0.023949414,-0.15261918,0.2453309,0.31687492,-0.07291314,-0.14175299,-0.3296382
-0.32420895,0.023121605,0.16056785,0.3664243,0.0059321206,0.70455986,0.07799276,0.32306254,0.06402147,1.0,0.055679366,0.2744691,0.13794474,0.18414278,0.29301932,0.6579099,-0.11153198,-0.031313878,0.19647357,0.1079265,0.41942713,0.40678737,0.49381164,0.45417118,0.5920804,0.65956163,0.4915865,0.41993356,-0.08556528,-0.01782288,0.31012067,0.28782442,0.14041074,0.079557054,0.05515475,0.27312618,0.21248342,0.17068894,0.36947346,0.2850591,0.30524042,0.26879254,0.07388634,0.19599798,-0.04388268,0.023772897,0.085324444,0.20240405,-0.13543321,-0.29052386,-0.09142728,-0.092141986,-0.23141962,0.16190876,0.27427003,0.28686386,-0.45640612,-0.3591721,-0.6115442,-0.58007437,-0.58273154,-0.34572646,-0.30020076,-0.4820795,-0.28565562,-0.27489364,-0.19368315,-0.05545044,-0.5544113,-0.22241642,0.3769213,0.18059465,0.041803602,0.04591683,0.26171583,0.4366548,0.33084935,0.27386627,-0.28194782,0.11756064,-0.08221234,-0.13782997,0.12815028,0.29508808,0.012093775,0.054470453,0.2534863,0.32174706,0.30462208,0.27031964,0.12229116,0.06442622,0.069607325,0.24762125,0.16887578,0.048335034,0.27729502,0.3101696,0.18016468,0.1876664,0.22110991,0.34406534,0.3726845,0.32938743,0.42286012,0.2912852,0.2791059,0.28253052,0.10512805,0.18946722,0.43253914,0.21943945,0.18261427,0.13424537,0.38462538,0.19909735
0.6356989,0.603643,0.42979077,0.4300961,0.047787562,0.11287993,0.6940702,0.5133819,0.0021290886,0.055679366,1.0,0.6810242,0.81962335,0.6564532,0.4456496,0.35436624,0.60296345,0.50848097,0.66698194,0.65920603,0.07519499,0.03135125,0.24175993,0.24140868,-0.13382863,-0.059780892,0.20329504,0.0021541251,0.78085834,0.6278394,0.22507104,0.28400517,0.61395186,0.7623135,0.49320972,0.5212411,0.5754267,0.56292975,0.34351262,0.2991997,0.26431385,0.34756914,0.55875015,0.3909268,0.6180632,0.5225573,0.35577318,0.21919852,0.5321341,0.56030214,0.53281134,0.5601852,0.3583279,0.22983064,0.5001678,0.29125476,0.34188557,0.4831922,0.25141093,0.23921908,0.20991366,0.33214542,0.51121825,0.2843122,0.66207665,0.49219292,0.5085615,0.57679355,0.38601488,0.4707297,0.37362885,0.3710205,0.6037425,0.5290808,0.53010756,0.49853754,0.58524984,0.6456519,0.38468993,0.31567028,0.57625896,0.43282837,0.44575623,0.53495055,0.6575317,0.73480844,0.38492113,0.2624446,0.4460645,0.4655725,0.556072,0.4981143,0.5292426,0.3944659,0.24557336,0.16265437,0.1467074,0.17692313,0.4377203,0.36775324,0.6272748,0.40986857,0.58710814,0.58253783,0.40365356,0.40415162,0.4765719,0.2697793,0.3186685,0.4259894,0.14522438,0.23946361,0.29793876,0.5810292,0.3654874,0.19883743
0.4520914,0.7075155,0.590128,0.78312266,-0.120806046,0.25274897,0.6734437,0.7163268,-0.109813966,0.2744691,0.6810242,1.0,0.7350732,0.82541615,0.41321513,0.578299,0.25089374,0.28713113,0.6683174,0.74521726,0.049113102,0.029151361,0.56011426,0.5408033,0.10714642,0.06474173,0.18851797,0.075973235,0.4737934,0.51303226,0.28327283,0.40061945,0.3666669,0.5158405,0.19156565,0.48876688,0.38439664,0.48001522,0.23115988,0.27063116,0.24821796,0.37051404,0.29561237,0.34934542,0.2712152,0.27909768,0.16957965,0.23120226,0.20013829,0.27604738,0.5453072,0.4150352,0.20166074,0.16062476,0.32236293,0.25788847,0.08547563,0.322852,0.12919176,0.13368393,0.010345236,0.116451815,0.18073142,0.10771387,0.39146903,0.2760819,0.15805274,0.29857323,0.06700611,0.20238896,0.28442943,0.3796691,0.36295822,0.4797749,0.4010073,0.4809734,0.5103002,0.5619639,0.09098956,0.18013123,0.2194201,0.19938505,0.37978294,0.39040348,0.45133182,0.6556317,0.42268416,0.3632591,0.2990483,0.68398607,0.25130284,0.29275942,0.32073358,0.20249176,0.049898703,-0.03507346,-0.030187892,0.15192044,0.20571943,0.18793236,0.48531586,0.25424126,0.56802326,0.5623808,0.28896615,0.27361152,0.36757928,0.123391666,0.16192243,0.26770973,0.31295854,0.090079665,0.14252461,0.41806778,0.32112294,0.0755324
0.6550947,0.51291704,0.63867384,0.5465346,-0.040389046,0.18880226,0.79242647,0.46762058,-0.046246804,0.13794474,0.81962335,0.7350732,1.0,0.6509968,0.41533723,0.42699715,0.3841971,0.36244714,0.64886457,0.71251005,0.06087045,0.04395647,0.4611457,0.41905376,0.05625615,-0.011044365,0.23042026,0.1200625,0.5537413,0.54918265,0.3743734,0.2885612,0.52816874,0.63562316,0.34461534,0.40042245,0.44906074,0.5560894,0.27893147,0.30701354,0.31262568,0.40588936,0.43637377,0.32628575,0.4071378,0.33916292,0.26070243,0.20428307,0.31276262,0.3345497,0.58689123,0.4142554,0.44734088,0.17058854,0.44226584,0.27626738,0.3204549,0.30247256,0.20504698,0.17521851,0.2106449,0.19311434,0.31307766,0.13108109,0.5395137,0.27727866,0.37490115,0.4302305,0.25241354,0.34185275,0.43212232,0.3595977,0.39385435,0.5045571,0.46170488,0.50744754,0.56050473,0.56048197,0.20906773,0.27437013,0.4076154,0.24442445,0.45620644,0.388364,0.6525947,0.51274323,0.43117,0.27901357,0.5731634,0.45394656,0.46950182,0.3631354,0.48020327,0.32125303,0.18679802,0.09366556,0.018337399,0.17265908,0.2925148,0.26474378,0.56779486,0.36828735,0.5508643,0.5907119,0.3337612,0.37402767,0.34227398,0.15076692,0.26466644,0.3514461,0.21899587,0.14959507,0.20682566,0.4424516,0.28201133,0.0640694
0.45627832,0.76931304,0.38564292,0.7837213,0.039902028,0.17439021,0.44976935,0.77739424,-0.030764448,0.18414278,0.6564532,0.82541615,0.6509968,1.0,0.61172616,0.61395884,0.47944793,0.4400502,0.64666533,0.7514569,0.1565308,0.16254011,0.5327122,0.6152073,0.11605134,0.13758732,0.21431255,0.11836966,0.6623775,0.59680665,0.36469048,0.5707673,0.3861234,0.60321814,0.28583708,0.63023937,0.5713883,0.5895045,0.41614637,0.4216348,0.42366397,0.45345563,0.46185765,0.47986466,0.39647758,0.3805797,0.4095529,0.4287545,0.36908904,0.448267,0.46533516,0.6037352,0.29506794,0.36416778,0.4679125,0.45119384,0.20231757,0.5775585,0.17125274,0.17432746,0.09519883,0.41324097,0.34015414,0.4050152,0.32849726,0.5290737,0.33623755,0.50903547,0.06905038,0.33108184,0.34067622,0.5742737,0.62265927,0.54217315,0.47197443,0.4504182,0.49398825,0.63615566,0.40039074,0.27963373,0.35824782,0.42717847,0.48765448,0.5802753,0.51513654,0.77449864,0.5031218,0.4745635,0.23998538,0.8410062,0.38250244,0.5221568,0.5148876,0.4424049,0.2884344,0.21025367,0.20299199,0.26560396,0.44048727,0.40621445,0.5858089,0.31085733,0.588733,0.53018135,0.40421697,0.33646291,0.38830587,0.12323563,0.32220158,0.4254717,0.37453577,0.34219044,0.31734318,0.5882251,0.30414733,-0.00049313216
0.27423665,0.44569758,0.048264425,0.49060667,0.36981356,0.34392968,0.10674963,0.52860457,0.28937998,0.29301932,0.4456496,0.41321513,0.41533723,0.61172616,1.0,0.5970111,0.5513118,0.44120985,0.5417298,0.5075935,0.558866,0.5110737,0.41154882,0.57950157,0.22014864,0.49334252,0.41913077,0.34053135,0.56388676,0.4085726,0.5744799,0.6653458,0.4400219,0.5782413,0.45972788,0.7235488,0.6646486,0.49316466,0.71809477,0.6167797,0.4686212,0.3928759,0.67093855,0.6530455,0.50474674,0.5081305,0.6481277,0.70049363,0.47483167,0.4040283,0.32596663,0.6063136,0.4510742,0.66132325,0.673557,0.5822757,0.17839384,0.4335689,-0.057270877,-0.1208657,0.06560193,0.4176945,0.3378065,0.36538845,0.17194496,0.48844147,0.49973935,0.66216886,-0.0280255,0.42700115,0.47687283,0.6223259,0.6475226,0.3378073,0.3966534,0.36946324,0.38666204,0.54329056,0.52067393,0.36445,0.4697762,0.5034561,0.6733009,0.6593902,0.6279063,0.5782709,0.6933118,0.6808068,0.44417572,0.73269045,0.6130756,0.6791734,0.614312,0.7388305,0.68527216,0.55848426,0.6424678,0.62164134,0.63643223,0.65263534,0.51828444,0.48251075,0.3411655,0.28664458,0.46404988,0.3327083,0.26991466,0.30662084,0.36276117,0.559735,0.55935276,0.6222642,0.62389904,0.45301569,0.18761423,-0.06808467
-0.08543213,0.30075383,0.15489614,0.5897317,0.10352873,0.7005206,0.19910933,0.5460128,0.057095308,0.6579099,0.35436624,0.578299,0.42699715,0.61395884,0.5970111,1.0,0.2246473,0.31452614,0.3428137,0.34024432,0.49147597,0.56042284,0.5271048,0.5843206,0.4114579,0.7043311,0.5128311,0.40229732,0.27985927,0.3870377,0.51222974,0.5114371,0.25509587,0.33723873,0.2227253,0.56583023,0.4438397,0.49434862,0.61562896,0.5998148,0.36933196,0.3872105,0.3547415,0.3816823,0.1271321,0.15790395,0.30061415,0.42420176,0.043107808,-0.0010562426,0.09644517,0.22888598,0.015618283,0.29794568,0.47951564,0.5850248,-0.2291245,0.005696482,-0.4524933,-0.51502794,-0.31090492,0.00015557735,-0.038398,-0.10277408,-0.063259624,0.08171363,0.059612557,0.27942306,-0.4327013,-0.010487273,0.47442928,0.46490017,0.35454583,0.28289983,0.28421697,0.46117672,0.3964077,0.5003472,0.10676599,0.34697762,0.18976393,0.23590869,0.5446872,0.66877985,0.33631325,0.46084294,0.60292596,0.6903357,0.43080693,0.7007934,0.38101533,0.3900128,0.39703602,0.53396577,0.3800966,0.23333834,0.3597251,0.41753575,0.3572113,0.47194955,0.4304066,0.3218739,0.4132235,0.34896132,0.4636925,0.32780248,0.33386332,0.20922936,0.19779035,0.34255597,0.4421594,0.4166541,0.45872924,0.30330536,0.35292011,0.023657601
0.5697138,0.3276467,-0.04647578,0.10765854,0.43321648,0.053986013,0.17001751,0.2572039,0.32970506,-0.11153198,0.60296345,0.25089374,0.3841971,0.47944793,0.5513118,0.2246473,1.0,0.7905988,0.35298258,0.32697916,0.31848928,0.2734387,-0.08664521,0.052556828,-0.1561632,0.063476816,0.21303673,0.0563815,0.8442123,0.68982387,0.26578793,0.3431533,0.70952183,0.7959903,0.7542882,0.6315547,0.75395644,0.6459841,0.54447216,0.54223096,0.381385,0.40012485,0.71059686,0.4544387,0.6432046,0.57978004,0.64129364,0.5007565,0.6380438,0.7668121,0.18148941,0.6570429,0.5270014,0.44037002,0.68448764,0.57630706,0.6717622,0.72959185,0.35126168,0.28833687,0.51486933,0.74655116,0.80289924,0.6763284,0.5531093,0.79173046,0.8478194,0.82659966,0.4711703,0.71671826,0.43659973,0.48821074,0.82738954,0.56857836,0.42668357,0.31596828,0.40487447,0.5635953,0.83744013,0.6470478,0.8659296,0.8461285,0.58299655,0.71272635,0.71983033,0.6687695,0.42049998,0.4218854,0.40034097,0.424828,0.7124076,0.7837793,0.5907383,0.61245525,0.5281285,0.5396221,0.48001876,0.39321882,0.7233632,0.68010026,0.54939604,0.33075464,0.26337776,0.27146444,0.4705654,0.42992115,0.40150008,0.3864654,0.37448066,0.49700946,0.07619665,0.5194088,0.57193136,0.5287345,0.18852603,0.020181902
0.47490302,0.15422343,-0.059440207,0.02326786,0.47629005,0.21010347,0.13871421,0.111300044,0.4287139,-0.031313878,0.50848097,0.28713113,0.36244714,0.4400502,0.44120985,0.31452614,0.7905988,1.0,0.20375629,0.19248721,0.34166873,0.3660778,-0.1410594,-0.052931927,-0.123518586,0.16633362,0.2953262,0.0952463,0.67463315,0.79658294,0.24999419,0.23849855,0.6820871,0.7068776,0.71093255,0.50586015,0.55084795,0.73172045,0.46647072,0.6333048,0.3509331,0.4452038,0.6194381,0.3585294,0.4958804,0.4659778,0.5076337,0.38537735,0.5018877,0.65381545,0.07328382,0.52300894,0.52830654,0.34544462,0.5802804,0.67837524,0.60360855,0.60182893,0.26073247,0.16590618,0.49057153,0.6514917,0.6966754,0.54268086,0.45307553,0.6348528,0.6991569,0.6889374,0.38258386,0.5569333,0.39429203,0.3609135,0.669631,0.6147191,0.31929973,0.38841054,0.32768026,0.48473582,0.70729107,0.7399137,0.78067374,0.89118254,0.6527998,0.7474223,0.66652924,0.6046872,0.4690821,0.536092,0.4406258,0.43135148,0.71400964,0.74980974,0.5543741,0.5309391,0.3784548,0.50016767,0.3579904,0.41262394,0.63651013,0.7132134,0.4790573,0.1491178,0.14068735,0.22335151,0.38045427,0.41858056,0.34701848,0.34144711,0.17363048,0.28906214,-0.06670389,0.42933616,0.5125636,0.4198459,0.15277463,0.023903111
0.5224158,0.7616496,0.5715906,0.7085213,-0.04122594,0.031830654,0.60738087,0.7390412,-0.08258955,0.19647357,0.66698194,0.6683174,0.64886457,0.64666533,0.5417298,0.3428137,0.35298258,0.20375629,1.0,0.81784886,0.16472156,0.027880935,0.6224105,0.6240711,0.07624989,-0.010552043,0.24122706,0.041870452,0.5285199,0.32376698,0.39060423,0.5661137,0.4179724,0.58814216,0.26376975,0.59086365,0.51351887,0.34949705,0.37139776,0.21866988,0.2978502,0.340495,0.47372204,0.5460966,0.5858452,0.5604454,0.3933031,0.41150048,0.46300977,0.46468592,0.72326195,0.62422967,0.39515945,0.49315542,0.42688197,0.16244248,0.13606444,0.39645365,0.22191457,0.25922537,0.012734523,0.20474435,0.22227967,0.2540204,0.45446467,0.4075919,0.3612811,0.49752,0.13309723,0.3856244,0.30641177,0.48718262,0.48056078,0.4184458,0.5361556,0.4755709,0.4811969,0.5072621,0.21502687,0.06495051,0.2698765,0.19922349,0.26948127,0.33576202,0.49297795,0.5954786,0.34878343,0.22106013,0.29809156,0.55857134,0.3344163,0.40433094,0.4318077,0.36998963,0.28614765,0.17244275,0.23388763,0.3193094,0.3518887,0.28063715,0.54877234,0.46086326,0.5598685,0.56961834,0.2773511,0.24059893,0.31784636,0.09747784,0.33956623,0.5127862,0.56114304,0.32574484,0.20824613,0.55959785,0.18266281,0.09550506
0.60909605,0.75077575,0.64490694,0.8014018,-0.13824823,0.0011225863,0.58274937,0.752234,-0.17105055,0.1079265,0.65920603,0.74521726,0.71251005,0.7514569,0.5075935,0.34024432,0.32697916,0.19248721,0.81784886,1.0,0.019103292,-0.004859445,0.6723454,0.6982435,0.14022383,-0.07848836,0.1317835,-0.031057792,0.56724447,0.39472407,0.3866596,0.612333,0.40227368,0.6396458,0.2654623,0.50678456,0.47074443,0.39143473,0.24736273,0.19923034,0.2815108,0.3352239,0.4021657,0.460228,0.4412806,0.45207557,0.3513394,0.3917034,0.34549516,0.4315397,0.61336774,0.52449733,0.3893417,0.32271498,0.33140326,0.15466954,0.20166071,0.48358488,0.30078223,0.34891063,0.10048982,0.28209564,0.24671122,0.29466698,0.3841842,0.43662137,0.35136127,0.45206285,0.17902356,0.4096296,0.32012048,0.49380812,0.47208464,0.4452481,0.50192857,0.4232894,0.51662624,0.5813358,0.22887121,0.018942567,0.24161896,0.20592298,0.26891625,0.2825112,0.4999377,0.5751036,0.30271262,0.17795345,0.23128462,0.60643905,0.26806003,0.3057413,0.47719973,0.31741357,0.23438469,0.123736635,0.09943256,0.23112857,0.2838637,0.22153004,0.61387736,0.44514206,0.6501211,0.6415256,0.30466366,0.3122799,0.33175346,0.04569498,0.3799247,0.5184815,0.47596398,0.2469611,0.17767668,0.57834965,0.23318158,0.05509453
-0.095538326,-0.12952568,-0.051386766,0.08743788,0.32203186,0.4887524,-0.09890667,0.0870714,0.33749324,0.41942713,0.07519499,0.049113102,0.06087045,0.1565308,0.558866,0.49147597,0.31848928,0.34166873,0.16472156,0.019103292,1.0,0.7145495,0.18448628,0.30139995,0.19005534,0.607968,0.5818931,0.3070808,0.23386878,0.32843032,0.6455915,0.5212275,0.38417345,0.32236755,0.4716723,0.48793146,0.45657542,0.44063148,0.7290866,0.6773076,0.4647577,0.43218714,0.50004745,0.5643805,0.23148629,0.279912,0.527369,0.661842,0.15295655,0.115810774,-0.01133016,0.16856876,0.31312293,0.45475432,0.63903356,0.58336097,0.0357189,-0.08698754,-0.31525102,-0.38384727,-0.07379949,0.049477372,0.15129502,-0.048664544,-0.0670278,0.052784964,0.31006554,0.3573852,-0.21576391,0.051334444,0.48592672,0.38414428,0.38820124,0.37752223,0.2956695,0.34613892,0.22189882,0.26472345,0.32208496,0.4937086,0.4311196,0.36236593,0.58828104,0.56530106,0.46134797,0.17331575,0.6483106,0.6983724,0.590735,0.35557538,0.508397,0.47744945,0.41230023,0.56208724,0.56926435,0.5410212,0.6946108,0.6935271,0.56768733,0.6554853,0.27166072,0.31760257,0.0131263295,0.049451195,0.4086498,0.30204913,0.23545156,0.42417583,0.16337709,0.41703174,0.51927716,0.6899924,0.67193615,0.19748734,0.07650939,-0.08295586
-0.12406682,-0.16605186,-0.13852374,0.06789853,0.23936544,0.54471105,-0.16660951,0.049516477,0.22910218,0.40678737,0.03135125,0.029151361,0.04395647,0.16254011,0.5110737,0.56042284,0.2734387,0.3660778,0.027880935,-0.004859445,0.7145495,1.0,0.16365512,0.267108,0.32053652,0.6779651,0.48546833,0.3384851,0.15489738,0.29689837,0.57110924,0.4707103,0.34858257,0.27886838,0.41236097,0.44084096,0.4407174,0.41621372,0.64168257,0.68530905,0.43749934,0.33734652,0.49575263,0.45782018,0.20140962,0.25445494,0.5143691,0.6057759,0.11751153,0.07826501,-0.12481927,0.16217919,0.22635421,0.3645624,0.5734683,0.63722605,-0.011646736,-0.07297886,-0.37613437,-0.46890965,-0.06621851,0.07040303,0.12972553,-0.0450445,-0.11342818,0.07695929,0.2613085,0.3596592,-0.29591224,0.01830036,0.4932861,0.3632064,0.34335965,0.30714232,0.22153772,0.38126144,0.22720732,0.3054425,0.29254487,0.3844891,0.3494749,0.35256866,0.58786625,0.55359584,0.4047413,0.17051296,0.59490484,0.6659526,0.5362317,0.37658036,0.53887516,0.4506457,0.48870406,0.61449224,0.5134311,0.56842446,0.6477597,0.64348257,0.5073864,0.63120896,0.3433749,0.25913095,0.045884024,0.070741184,0.44366473,0.2787108,0.22556725,0.35477328,0.1105621,0.38452777,0.37330148,0.6126961,0.6421196,0.19898452,0.11054753,-0.011305234
0.12955967,0.5079884,0.60165095,0.8200999,-0.32103792,0.25378907,0.41064128,0.687951,-0.28650206,0.49381164,0.24175993,0.56011426,0.4611457,0.5327122,0.41154882,0.5271048,-0.08664521,-0.1410594,0.6224105,0.6723454,0.18448628,0.16365512,1.0,0.89782286,0.59639627,0.28593794,0.21851163,0.23969431,0.10176591,0.07985119,0.58156383,0.6419038,0.12088024,0.22452354,-0.06288431,0.36851296,0.3008484,0.19287923,0.33956727,0.23358524,0.37674636,0.36141056,0.15239497,0.36493108,0.088971786,0.13473251,0.21531054,0.383472,-0.027648313,-0.07366187,0.45672795,0.20307414,0.1272221,0.26486185,0.24607831,0.15314342,-0.23637135,-0.0152250035,-0.17830496,-0.11508371,-0.31181312,-0.11052765,-0.24693342,-0.11551034,-0.11033525,-0.017014617,-0.07133499,0.09733078,-0.39391667,-0.060671188,0.35646725,0.45298046,0.14979297,0.22729315,0.38768953,0.4466208,0.47221565,0.42039824,-0.1200522,-0.10989486,-0.14611895,-0.17737609,0.15060799,0.11463224,0.1852226,0.17640576,0.3167148,0.21310662,0.22216989,0.51852965,0.030448038,0.054256167,0.26810843,0.23655099,0.20367688,0.037815716,0.16159324,0.29781812,0.11355441,0.081083626,0.4356328,0.35593045,0.60195947,0.55829,0.32843423,0.23753966,0.30261755,0.026111672,0.28783834,0.4129724,0.72288275,0.27084318,0.09864434,0.35283202,0.25046894,0.08732449
0.15859139,0.55545175,0.4766035,0.8469608,-0.18257491,0.2412572,0.27811632,0.7326197,-0.20826788,0.45417118,0.24140868,0.5408033,0.41905376,0.6152073,0.57950157,0.5843206,0.052556828,-0.052931927,0.6240711,0.6982435,0.30139995,0.267108,0.89782286,1.0,0.5235984,0.3556234,0.30045515,0.22930971,0.21967176,0.13796385,0.6291742,0.7761099,0.12919062,0.2931169,0.040589124,0.48586515,0.4067497,0.27280587,0.45343167,0.3363619,0.44062248,0.3993474,0.27663204,0.4981497,0.17266187,0.23804763,0.32833186,0.5424431,0.080436535,0.03724306,0.42904598,0.3190237,0.18501875,0.41168287,0.3220548,0.24772333,-0.15121505,0.13182846,-0.13883328,-0.1089625,-0.24955048,0.028603302,-0.09821677,0.0374992,-0.094007194,0.1303759,0.045793075,0.2372653,-0.3662957,0.035009902,0.37507296,0.5402761,0.2822927,0.23929058,0.39169177,0.41448608,0.4233897,0.47963423,0.03647194,-0.027267806,-0.030363727,-0.010496327,0.2774087,0.256286,0.266007,0.29466707,0.43693307,0.3571492,0.20954646,0.6471343,0.11528195,0.19406135,0.36892462,0.3843935,0.3628901,0.20255798,0.28137183,0.4111614,0.21405903,0.21375988,0.43875986,0.41919586,0.55121815,0.48696446,0.37294632,0.23830652,0.261768,0.043435317,0.35579488,0.5019299,0.78012013,0.40763804,0.2528672,0.40753898,0.2074313,-0.0033897886
-0.1796895,0.013421164,0.1576083,0.3740118,-0.094133005,0.42622587,-0.0028216213,0.2002325,0.015852222,0.5920804,-0.13382863,0.10714642,0.05625615,0.11605134,0.22014864,0.4114579,-0.1561632,-0.123518586,0.07624989,0.14022383,0.19005534,0.32053652,0.59639627,0.5235984,1.0,0.43972233,0.19925252,0.33493322,-0.16145173,-0.12682404,0.3317974,0.2707459,0.060976163,-0.012111337,-0.096336424,0.08780612,0.17627674,0.007821207,0.1861737,0.20709173,0.3835283,0.16063598,-0.037622273,-0.0005510613,-0.1490723,-0.12057838,0.12816104,0.15274337,-0.24668738,-0.29594555,-0.10053031,-0.093224525,-0.09780197,0.087593496,0.14955801,0.21614926,-0.28255004,-0.23675522,-0.37918597,-0.3764986,-0.35386136,-0.15638229,-0.28499845,-0.2394224,-0.35943192,-0.19309917,-0.13890189,-0.07918472,-0.46429694,-0.15292051,0.31598887,0.16096321,-0.07648689,-0.039774425,0.16738348,0.30047077,0.2668245,0.20331135,-0.1923931,-0.043736547,-0.20100437,-0.23120786,0.009017791,-0.016426865,-0.034125265,-0.18727255,0.16502395,0.13521658,0.16662602,0.1805624,-0.013992832,-0.03939036,0.059830155,0.17793591,0.10088253,0.054542318,0.209391,0.16821474,0.06801377,0.041242454,0.20678714,0.1927588,0.3345457,0.23451252,0.29499498,0.10758054,0.14285392,0.18552314,0.09028056,0.14790183,0.343573,0.15205497,0.09102025,0.07844124,0.2256966,0.03010151
-0.40187055,-0.1510817,-0.21140026,0.16776428,0.17554666,0.6826048,-0.23256864,0.15484342,0.15713872,0.65956163,-0.059780892,0.06474173,-0.011044365,0.13758732,0.49334252,0.7043311,0.063476816,0.16633362,-0.010552043,-0.07848836,0.607968,0.6779651,0.28593794,0.3556234,0.43972233,1.0,0.4741622,0.45674303,-0.026654456,0.0686036,0.45329213,0.37616307,0.119896404,0.06539698,0.16537453,0.3491107,0.26664197,0.2559185,0.57068056,0.51568913,0.31770423,0.21888469,0.23496063,0.28426203,-0.014335786,0.05561011,0.23903672,0.38716564,-0.09301187,-0.18639794,-0.21442041,-0.022203391,-0.07990818,0.2984832,0.3885042,0.5016822,-0.34950334,-0.2190276,-0.63014764,-0.7051361,-0.38963202,-0.12867902,-0.16881159,-0.26843497,-0.36277148,-0.09908506,-0.02216903,0.12559655,-0.5696264,-0.18402502,0.4226893,0.3165582,0.16950545,0.01601996,0.13150246,0.35281065,0.2337684,0.2923862,0.0033454315,0.27739668,0.07803158,0.15138187,0.40626085,0.47569337,0.15582766,0.097932115,0.45864,0.5771149,0.37879136,0.38809544,0.2949609,0.2589136,0.18509991,0.4624498,0.41467664,0.31299943,0.51206297,0.46751025,0.32087657,0.4412519,0.18648084,0.22209057,0.11742395,0.09237553,0.4353595,0.26976392,0.20518833,0.25339594,0.13743483,0.23785432,0.37462366,0.40334517,0.45240238,0.017766263,0.20938513,0.04907094
0.0025458555,-0.020497875,0.09871625,0.19730644,0.3420215,0.51418823,0.08555095,0.17943534,0.30605057,0.4915865,0.20329504,0.18851797,0.23042026,0.21431255,0.41913077,0.5128311,0.21303673,0.2953262,0.24122706,0.1317835,0.5818931,0.48546833,0.21851163,0.30045515,0.19925252,0.4741622,1.0,0.25083888,0.20423664,0.31702232,0.40574086,0.32890204,0.3191768,0.27976245,0.36144486,0.3021026,0.4134342,0.4203109,0.57824504,0.5448686,0.43978062,0.48524046,0.36225003,0.40417346,0.195509,0.23592867,0.37148416,0.44823483,0.11032677,0.10273991,0.019668689,0.12713912,0.20284042,0.32876965,0.52173376,0.5088293,-0.0031702188,-0.10040004,-0.28476116,-0.28104225,-0.14066067,-0.016121015,0.08998985,-0.12584342,0.040203694,0.0012685687,0.19975269,0.2698168,-0.16693397,0.04422872,0.41107744,0.25726914,0.24531306,0.29198286,0.31375512,0.38249534,0.29819095,0.26871037,0.10997717,0.43237075,0.3117712,0.24614695,0.42954972,0.5544277,0.3376122,0.20177886,0.423742,0.5254498,0.48309374,0.27137408,0.4028369,0.3872624,0.33729056,0.4062955,0.4035038,0.3849417,0.41044435,0.47508842,0.45174164,0.47128442,0.28812286,0.3791908,0.18471642,0.23014419,0.37148595,0.3012822,0.20533782,0.35128585,0.19725943,0.32972923,0.38394484,0.44647843,0.43352097,0.27870184,0.23884286,0.07057087
-0.123942636,-0.0053012194,-0.058559403,0.140489,0.16857629,0.36078447,-0.0034974734,0.16088364,0.15075736,0.41993356,0.0021541251,0.075973235,0.1200625,0.11836966,0.34053135,0.40229732,0.0563815,0.0952463,0.041870452,-0.031057792,0.3070808,0.3384851,0.23969431,0.22930971,0.33493322,0.45674303,0.25083888,1.0,-0.053687174,0.040410593,0.274776,0.16716765,0.09281916,0.041592635,0.04158507,0.18961763,0.20274027,0.14988019,0.39222166,0.29351693,0.17762731,0.20849068,0.13274087,0.14813678,0.02592334,-0.0026511215,0.2023636,0.2101236,0.02615194,-0.13844979,0.005933523,0.071375646,0.05167479,0.27455235,0.29187295,0.3460769,-0.13302067,-0.10094696,-0.3560356,-0.355159,-0.20006332,-0.028614314,-0.07991576,-0.094939984,-0.14729461,-0.031416964,-0.004241482,0.15378347,-0.2665505,0.036877126,0.30681667,0.30758277,0.14942558,0.046533756,0.16723303,0.19394566,0.17111577,0.16133112,0.07426986,0.19481803,0.02810587,0.07256602,0.22487809,0.20753126,0.09514269,0.0040336596,0.2974461,0.30460295,0.23999791,0.16399407,0.18230085,0.17686686,0.15175635,0.33195266,0.29980677,0.14968413,0.31684864,0.29941836,0.22057766,0.20605463,0.16714582,0.19880201,0.12859401,0.12487441,0.27361822,0.14784727,0.11527761,0.26438764,0.049974203,0.1262123,0.26569602,0.23112899,0.19474344,0.030407146,0.15389101,0.03404762
0.64526683,0.55260503,0.18846053,0.34016407,0.24942642,-0.017043762,0.34758207,0.46504116,0.16053887,-0.08556528,0.78085834,0.4737934,0.5537413,0.6623775,0.56388676,0.27985927,0.8442123,0.67463315,0.5285199,0.56724447,0.23386878,0.15489738,0.10176591,0.21967176,-0.16145173,-0.026654456,0.20423664,-0.053687174,1.0,0.7423818,0.28915793,0.44945815,0.67775846,0.846409,0.65509355,0.6420258,0.7182167,0.63876677,0.47941047,0.45238423,0.3641043,0.4202677,0.6596991,0.47055638,0.64687836,0.5762032,0.5389376,0.446591,0.6005075,0.7509265,0.3439926,0.658073,0.44504455,0.33179116,0.60292125,0.4574046,0.56084764,0.7364119,0.39676642,0.3607393,0.3988413,0.6465428,0.71253663,0.60742563,0.58686936,0.7405294,0.72686344,0.744572,0.4485833,0.60718715,0.35807705,0.48042044,0.8113591,0.59364605,0.50932485,0.36099294,0.48993906,0.64972144,0.72288173,0.47328952,0.76235425,0.7171536,0.53792953,0.6868026,0.71364677,0.78215975,0.43539786,0.3653252,0.33821407,0.5430408,0.6138968,0.67848974,0.62898904,0.5262352,0.41655007,0.4020601,0.34598216,0.2899431,0.6451756,0.56500155,0.6475594,0.40512416,0.46996614,0.4520875,0.459104,0.44307867,0.49784374,0.3194889,0.4153106,0.5160467,0.16763256,0.45235464,0.46784356,0.65925336,0.29104584,0.07679228
0.5693322,0.2775084,0.30487046,0.24635974,0.20250809,0.19981807,0.41470677,0.29062492,0.20207682,-0.01782288,0.6278394,0.51303226,0.54918265,0.59680665,0.4085726,0.3870377,0.68982387,0.79658294,0.32376698,0.39472407,0.32843032,0.29689837,0.07985119,0.13796385,-0.12682404,0.0686036,0.31702232,0.040410593,0.7423818,1.0,0.43267098,0.38949904,0.72613466,0.75909936,0.67371583,0.5323308,0.5779996,0.8364646,0.48642704,0.65732884,0.38807568,0.6092294,0.5806193,0.43943733,0.40625745,0.40843052,0.47726136,0.45071638,0.36075312,0.5853323,0.26106706,0.43311536,0.5198612,0.1742588,0.6132214,0.6718779,0.5563757,0.49946684,0.28289777,0.21950658,0.46093124,0.50155944,0.60044646,0.40938085,0.49768165,0.51507264,0.60729426,0.59011084,0.34344384,0.40282163,0.48924357,0.4538575,0.6405717,0.7818383,0.3944428,0.48153326,0.5283087,0.60792285,0.6278228,0.6927547,0.742153,0.7428861,0.7021502,0.7319973,0.7531759,0.637774,0.5792919,0.57322794,0.54158586,0.5136343,0.62643033,0.60709935,0.6140942,0.43073758,0.34287444,0.41525283,0.23629662,0.3780494,0.576425,0.6185342,0.61468726,0.19593227,0.34025595,0.42693275,0.4802178,0.51457614,0.5547234,0.34546942,0.3033047,0.35740992,0.10715912,0.42899072,0.47958648,0.51512367,0.3018299,0.058946814
0.19460484,0.14295663,0.36103612,0.39228788,0.045006625,0.38308662,0.25037977,0.3367204,0.041209783,0.31012067,0.22507104,0.28327283,0.3743734,0.36469048,0.5744799,0.51222974,0.26578793,0.24999419,0.39060423,0.3866596,0.6455915,0.57110924,0.58156383,0.6291742,0.3317974,0.45329213,0.40574086,0.274776,0.28915793,0.43267098,1.0,0.76522285,0.4516134,0.4247058,0.416246,0.5643202,0.5304308,0.5437606,0.7120056,0.7033851,0.50859,0.533789,0.5460253,0.6688292,0.27723768,0.36325803,0.5614424,0.7495678,0.15551835,0.16894926,0.3782393,0.28651997,0.5167251,0.4008022,0.63147175,0.5523532,0.13423954,0.012957112,-0.10570249,-0.20598164,0.08157509,0.13226734,0.11371647,0.040060394,0.022380637,0.14772293,0.34234217,0.42055064,-0.1673213,0.08739424,0.6528131,0.5905857,0.3893862,0.5010686,0.33115783,0.454196,0.498096,0.5040599,0.33537242,0.33807895,0.35658148,0.2809342,0.6529098,0.46836025,0.58961904,0.22193591,0.7009303,0.6215358,0.6390168,0.47760224,0.46850815,0.386547,0.5679251,0.5562261,0.6386835,0.5501259,0.54869026,0.71669483,0.46156523,0.544261,0.49962357,0.31807736,0.26912484,0.32650313,0.50218934,0.40149254,0.41413328,0.30785987,0.40331098,0.57864344,0.74098027,0.6940371,0.5477001,0.32690436,0.20010242,-0.054971945
