1.0,0.82986856,0.6094678,0.7092873,-0.041124836,-0.2349362,0.6056722,0.6241037,0.2657549,0.12975046,0.6784046,0.65963274,0.52216727,0.47196126,-0.37139347,0.07335591,0.3284809,0.48542586,0.6783592,0.7472538,0.11080444,-0.04231431,0.12606749,0.14996259,-0.2875491,-0.41245887,-0.015538755,-0.247223,0.2214963,0.31735092,0.073433034,0.2412999,0.6400619,0.5788663,0.36408767,0.4310576,0.37382805,0.24887238,0.2596292,0.27434003,0.08957285,-0.16603686,0.6791327,0.57792884,0.58013463,0.53226537,0.6453254,0.58766,0.24809301,0.22959141,0.08520491,0.09977279,0.20031261,0.1801521,0.39740705,0.48722792,0.7715601,0.77059984,0.39096084,0.29212567,0.57251304,0.3957343,0.33793402,0.63955903,0.6599325,0.35373837,0.68495744,0.7430797,0.74211377,0.7661911,0.15149188,0.08873474,0.21728864,0.34549752,0.33038142,0.059992064,0.3040326,0.21800342,0.47304553,0.39837918,0.20389,0.35780814,-0.4305394,-0.27256224,0.23932052,-0.018825699,0.10351323,-0.40620604,0.24519356,-0.21520783,-0.06904234,0.1376857,-0.23722963,0.2452293,0.45807686,0.5722486,0.56585205,0.41335896,0.29865274,0.08903635,0.13902861,-0.08419321,0.0035804766,-0.12609152,-0.094427794,-0.03708031,0.18749878,0.11431065,0.4163291,0.47306505,0.52562326,0.30646124,-0.0050272495,0.00704648,0.17506336,0.3450044
0.82986856,1.0,0.46417013,0.6601378,-0.03416359,-0.3690606,0.4274985,0.57995343,0.16086218,-0.009843186,0.53925604,0.6332027,0.38407257,0.45573086,-0.5075612,0.0036933692,0.20123698,0.49170795,0.6485227,0.73038435,0.11383614,0.04069667,-0.05532184,0.02029949,-0.22216195,-0.35508308,0.012924028,-0.28521916,0.1193025,0.25548667,-0.041331742,0.14541379,0.595723,0.5307895,0.22410624,0.34028107,0.3901434,0.29333374,0.1478894,0.25230375,0.10477128,-0.1562272,0.6145656,0.5481181,0.5159987,0.50675786,0.5577032,0.5538602,0.23406622,0.31987122,0.07974877,0.17916648,0.058108483,0.26493645,0.25769448,0.40660805,0.6501988,0.78569216,0.39169398,0.34744626,0.45902058,0.469791,0.20959392,0.6869425,0.62196904,0.38188338,0.606182,0.67597723,0.683033,0.7138737,0.023623556,-0.025801096,0.08947225,0.2806941,0.25541943,0.0005988685,0.19919199,0.12314817,0.38423812,0.35952428,0.020898746,0.4126521,-0.56838715,-0.31661987,0.066139795,0.06752274,0.039031498,-0.4428556,0.07946209,-0.14805305,-0.08059114,0.08391361,-0.21109146,0.3119048,0.3814293,0.5481633,0.48450625,0.33655933,0.13250898,-0.0641483,0.11821771,-0.1672009,-0.059551235,-0.19002564,-0.2116181,-0.20021848,0.23351768,0.032771517,0.31436315,0.44335014,0.46685487,0.14558052,-0.060069904,-0.03602636,0.121827714,0.20238426
0.6094678,0.46417013,1.0,0.7262272,-0.24329667,-0.18878454,0.6448143,0.7516802,0.08785771,0.110138364,0.554038,0.46366683,0.49559486,0.38871846,-0.23373371,-0.18427739,0.2809899,0.33564907,0.64104676,0.6085985,0.38782197,0.20799044,0.41793227,0.27344912,-0.18702292,-0.4271278,-0.19575667,-0.096658856,0.31942564,0.3306471,0.006363849,0.13373458,0.61149484,0.62248117,0.5572083,0.5567433,0.27636304,0.19704586,0.13728243,0.058540795,0.29073924,-0.0005258509,0.407834,0.37180823,0.4557124,0.29622772,0.43036595,0.4445783,0.10900009,0.053903777,0.13795125,0.14672077,0.21872838,-0.08095169,0.3324346,0.25778982,0.69499105,0.5203504,0.14052594,0.07730157,0.6206712,0.16599381,0.482848,0.47907016,0.44390234,0.19027677,0.65862125,0.6458224,0.5642333,0.5459939,0.37865934,0.26151562,0.4352609,0.45962068,0.473819,0.35034853,0.44724938,0.4139043,0.44032836,0.30839184,0.35800102,0.045453623,-0.1928388,-0.313015,0.40020058,-0.14995791,0.21187192,-0.4986304,0.3801273,-0.22320569,0.10136827,0.012424309,0.08682446,0.11590873,0.43294343,0.40590435,0.41368142,0.31364304,0.35967287,0.2759139,0.18418866,0.012792715,0.117663845,0.17986907,0.059310984,0.24646793,0.22340518,0.34867957,0.4575112,0.37470192,0.3950612,0.1873222,0.17837389,-0.011696106,0.26228523,0.3681273
0.7092873,0.6601378,0.7262272,1.0,0.025944838,-0.23002906,0.53817266,0.6891891,0.1270494,0.059017323,0.53322035,0.51964,0.43457463,0.461255,-0.22268008,0.0008039286,0.28588107,0.51476705,0.7863948,0.80021256,0.31913665,0.16876616,0.2663115,0.36976978,-0.19605678,-0.36729774,-0.1083497,-0.13909495,0.26224908,0.34468183,-0.0013048555,0.15216377,0.62514794,0.59603757,0.39510283,0.4716262,0.27449462,0.19066235,0.11948983,0.06886453,0.29255638,-0.0009376139,0.41131938,0.42572185,0.47804248,0.36064282,0.41242665,0.45849255,0.13384028,0.017362876,0.23092185,0.089961275,0.20381379,0.1330429,0.32690144,0.3574586,0.68661326,0.6563923,0.21798289,0.14750394,0.48451635,0.31479096,0.4068512,0.5798709,0.4416781,0.24015982,0.60708,0.6602997,0.6415904,0.67188114,0.2583712,0.22541508,0.23535189,0.34853777,0.34064436,0.21982534,0.31194288,0.28478512,0.4268061,0.41886792,0.20652862,0.29009232,-0.2867879,-0.12511307,0.23230866,0.078653455,0.069562964,-0.3867251,0.28330386,-0.13707249,0.018954337,0.17997769,-0.016563393,0.23349965,0.42967916,0.44590136,0.4182662,0.35014844,0.29272708,0.20767362,0.19590835,0.02732676,0.13845623,0.12387543,0.020803949,0.09223109,0.25968805,0.25624165,0.45699656,0.37132004,0.37765148,0.20685303,0.061438303,0.036268853,0.2798058,0.37886208
-0.041124836,-0.03416359,-0.24329667,0.025944838,1.0,0.14917985,-0.022009846,-0.11137995,0.20761523,0.11798761,0.03503586,0.14067297,0.124893434,0.1964865,0.33497125,0.5105278,0.116896,0.16385525,0.0027783085,0.00187942,0.088957846,0.13984174,-0.11710372,0.26530513,0.007575057,0.3287878,0.06484967,0.08571637,0.16647592,0.17190918,0.090883516,0.047357757,-0.07619145,-0.10097666,-0.006392129,0.009302976,0.04813707,0.18504985,-0.06017075,-0.014205753,0.09052921,0.25061163,-0.024040509,-0.023858879,-0.20129514,0.072875366,-0.071533665,-0.04123386,-0.18600619,-0.0777244,0.049685054,-0.11571611,-0.08858291,0.264675,0.08120741,0.14129697,-0.14933877,-0.07404252,0.055702664,-0.11497228,-0.24877621,0.0012622953,-0.107067816,-0.11479356,-0.16684978,0.033744305,-0.12122922,-0.059851944,-0.060956843,-0.04478345,0.13391018,0.11935538,0.03042009,0.050670832,0.025351886,0.049432408,0.09247474,0.15885323,0.081018925,0.24015595,0.006682174,0.24383406,0.15683472,0.47147998,-0.19520505,0.2161159,-0.20040797,0.29730353,0.012637786,-0.0802826,0.17845583,0.2088155,0.09059301,0.06170519,-0.03966756,0.07701979,0.025394293,0.09047934,-0.0646644,-0.057113446,-0.017036434,0.06589189,0.008090016,-0.024345001,0.016489524,-0.012881166,-0.03526767,-0.13679722,-0.01631314,0.030994494,0.002429012,-0.070788,-0.146544,0.16139771,0.16014284,0.10009084
-0.2349362,-0.3690606,-0.18878454,-0.23002906,0.14917985,1.0,0.1735015,-0.053474974,0.3272423,0.36314386,0.090526335,0.0152817005,0.21723029,0.1402951,0.5448983,0.4844604,0.39550233,0.13339496,-0.28707513,-0.21235223,-0.1345269,-0.032404378,0.28969932,0.3831511,0.023225281,0.3929391,0.27059665,0.51390797,0.30196068,0.29461783,0.5455944,0.35748354,-0.10708875,-0.030994633,0.20574388,0.11404323,0.118061244,-0.004017659,0.44876385,0.19308208,0.26653334,0.17132328,-0.124775775,-0.21717378,0.0069132815,-0.0015854263,-0.027030539,-0.04250562,0.059491485,-0.17849436,0.045510467,-0.12726149,0.28621927,-0.20393586,0.27230102,-0.018732967,-0.09424166,-0.26776826,-0.20384455,-0.28496847,-0.023509633,-0.24813674,0.24332836,-0.28406882,-0.20920351,-0.2081737,-0.13724858,-0.12112387,-0.17072196,-0.10141599,0.3541642,0.46024933,0.3910579,0.21639465,0.19989906,0.0018264104,0.20687428,0.21469146,0.17420316,0.09735568,0.47969553,0.1950168,0.45611402,0.36372054,0.39438915,0.14410356,-0.059255697,0.3398722,0.37691197,-0.1201988,0.06676633,0.2385424,0.058748744,0.05584971,0.13431983,-0.010939117,0.116397046,0.09198516,0.33658308,0.40881708,0.10634625,0.32069984,0.18974803,0.22925909,0.31674358,0.3593208,-0.06355245,0.23611836,0.27614084,0.022544488,0.047194894,0.3504691,-0.06764733,0.21048398,0.21983548,0.3913186
0.6056722,0.4274985,0.6448143,0.53817266,-0.022009846,0.1735015,1.0,0.727805,0.32347915,0.34245968,0.71126133,0.581162,0.73645306,0.5731658,0.017441878,0.17505492,0.645143,0.5048061,0.4964606,0.5556999,0.29245615,0.16328683,0.46679145,0.48281804,-0.39031938,-0.22940236,-0.021526989,0.056825206,0.44453377,0.45460945,0.3858559,0.45503834,0.5432685,0.5813348,0.60975766,0.59196186,0.33786708,0.19752775,0.3117698,0.11952704,0.26727143,-0.014138155,0.43131018,0.33871058,0.45854384,0.45188695,0.49188158,0.45542547,0.17760642,-0.039896835,0.08100664,-0.005280666,0.29361045,-0.032470834,0.47782108,0.23439984,0.71047455,0.47703966,0.124588884,-0.021583661,0.53872603,0.07729841,0.55211407,0.33187804,0.36556607,0.22505204,0.55246866,0.58461624,0.49571678,0.5841842,0.59976745,0.5564181,0.5392576,0.5579293,0.46019474,0.23476098,0.5286068,0.46050733,0.58650196,0.5140694,0.6204543,0.3412281,-0.00458378,-0.050536443,0.49588317,-0.009511274,0.040033765,-0.27107206,0.5526086,-0.3793609,0.106313504,0.30031168,-0.05128259,0.23526232,0.41355643,0.4158402,0.50252366,0.33671024,0.5857722,0.37716785,0.3513793,0.13391821,0.22331752,0.23020636,0.22630069,0.45602706,0.1542205,0.3609162,0.5100068,0.4310513,0.5028132,0.37924188,0.18248847,0.11711008,0.48423588,0.6442368
0.6241037,0.57995343,0.7516802,0.6891891,-0.11137995,-0.053474974,0.727805,1.0,0.08385025,0.10530815,0.6202898,0.6417081,0.5986119,0.58976656,-0.27542263,-0.036212493,0.49824697,0.62745386,0.6229133,0.6884946,0.3941898,0.24096708,0.43517646,0.38759023,-0.18772541,-0.28748083,0.042095054,-0.09271211,0.41446674,0.48737308,0.235078,0.35884854,0.74740833,0.76782644,0.5565773,0.6638379,0.40494794,0.2688341,0.24279346,0.20698163,0.4154315,0.020346142,0.42789486,0.3480217,0.5777388,0.3944269,0.45801246,0.49164045,0.15088417,0.07821789,0.16926901,0.07402855,0.12386434,0.066629834,0.28745484,0.20009108,0.6896575,0.6244417,0.12157858,0.025570182,0.518199,0.18010616,0.44114712,0.5371125,0.45076987,0.33219308,0.59471214,0.6682281,0.5926313,0.63786376,0.3629741,0.40254244,0.46972895,0.5200185,0.4293781,0.18183169,0.43378964,0.3683164,0.634878,0.57533103,0.393941,0.38848084,-0.24864033,-0.22382723,0.36850226,0.012009314,0.13436157,-0.42719644,0.37207687,-0.25422472,0.05103611,0.12589492,0.020547766,0.36944953,0.474211,0.4572643,0.4442742,0.2264042,0.3336457,0.20035356,0.32739863,0.03545351,0.13385262,0.15645759,0.08379858,0.256562,0.24220848,0.29428148,0.5044862,0.43216562,0.4385411,0.13155957,0.07757912,-0.012929082,0.3381373,0.46123105
0.2657549,0.16086218,0.08785771,0.1270494,0.20761523,0.3272423,0.32347915,0.08385025,1.0,0.59551895,0.40560225,0.34327042,0.49256015,0.21885182,0.24264377,0.5502991,0.38111806,0.21726376,0.12760016,0.19057357,0.047966156,0.13189173,0.16147019,0.17091939,-0.3947565,-0.11259681,0.011475637,0.34289238,0.44846293,0.4999968,0.11955969,0.061785895,-0.020732172,0.07950902,0.3123821,0.29795417,0.23279962,0.20772614,0.42675406,0.21572945,0.04690225,-0.08045398,0.2890733,0.11758298,0.09499076,0.18420462,0.38863906,0.37904015,0.23153566,0.14147289,0.0877636,0.046217766,0.27624327,0.14844513,0.3683955,0.2090038,0.24068065,0.031721197,0.3035115,0.015176526,0.3947688,0.22239181,0.39167973,0.06945894,0.32111752,0.093871124,0.20730652,0.23573624,0.26841632,0.3046595,0.34365866,0.18196434,0.47398156,0.51908433,0.40116408,0.070325464,0.30434912,0.29573885,0.2918378,0.10827814,0.37282577,0.20358375,0.012819392,-0.06756819,0.25000432,-0.16975176,0.07844769,0.031732406,0.3145077,-0.22064425,0.0074613136,0.045023814,-0.19542609,0.013322976,0.3665237,0.44243574,0.42671472,0.40525156,0.3168521,0.18483172,-0.14354819,0.038816977,-0.19972308,-0.23724397,-0.21197948,0.013450489,0.12279827,0.27546066,0.41048226,0.41329274,0.4139042,0.47553277,0.027716143,-0.014138199,-0.100231275,0.297327
0.12975046,-0.009843186,0.110138364,0.059017323,0.11798761,0.36314386,0.34245968,0.10530815,0.59551895,1.0,0.31201023,0.13648196,0.43216068,0.12383244,0.16551188,0.34539077,0.46601266,0.1872465,0.15328872,0.18085928,0.33133653,0.34766364,0.07217374,0.29612032,-0.16527112,-0.039314665,-0.12058713,0.4008346,0.24245414,0.28211462,0.0009042463,-0.08063255,-0.05176433,0.073709905,0.4262152,0.38800827,0.18560398,0.15001042,0.23585027,0.06378625,0.18797971,0.14534831,0.26551697,0.22397302,0.12473065,0.17120399,0.31519982,0.3040361,0.10668575,0.048623793,0.011151015,-0.07655479,0.2775698,0.09830818,0.4639545,0.08340974,0.1091795,-0.11992725,0.101909116,-0.029030342,0.33766392,0.16482556,0.48484957,-0.12004855,0.13561413,0.11115017,0.2709344,0.23479123,0.29963464,0.21852516,0.4994218,0.22141965,0.4075574,0.45551395,0.44879633,0.28692946,0.3738082,0.3658842,0.1274802,0.14986676,0.46616247,0.27935237,0.046882667,-0.14866346,0.35795048,-0.17157711,-0.024130374,-0.19144586,0.36056203,-0.23825167,0.16564365,-0.018712131,-0.09365905,-0.00021080908,0.36171445,0.38591528,0.42651626,0.41654345,0.5275324,0.51337576,0.026345316,0.019472092,-0.0503438,0.13318594,0.12696193,0.2978454,0.17212471,0.42720214,0.31272334,0.4207108,0.33173722,0.38548928,0.27602288,0.04044009,-0.015428788,0.22083294
0.6784046,0.53925604,0.554038,0.53322035,0.03503586,0.090526335,0.71126133,0.6202898,0.40560225,0.31201023,1.0,0.72445303,0.84000885,0.67128664,-0.05281889,0.23682728,0.60591984,0.6302147,0.49480417,0.540442,0.22066954,0.049720593,0.34818235,0.3466159,-0.38005564,-0.21960261,-0.039736245,0.08299123,0.5383046,0.6055216,0.29083696,0.36438715,0.51336884,0.56110793,0.50275815,0.5385312,0.32847077,0.23357093,0.30757195,0.15092845,0.2930323,-0.16163321,0.4751987,0.29856896,0.3883867,0.4428042,0.55413795,0.5152686,0.1769015,0.078430146,0.07370131,-0.084835686,0.29196018,0.026353573,0.4673833,0.32844192,0.64766395,0.49924815,0.3001636,-0.060008515,0.5402494,0.22349864,0.48466247,0.38103947,0.46604514,0.103170566,0.5130086,0.5692302,0.5340352,0.59722924,0.5382153,0.40264085,0.5389551,0.61208004,0.5034823,0.18865648,0.46727666,0.44920683,0.61320055,0.4947656,0.45756206,0.2952624,-0.12319478,-0.10587851,0.36785758,-0.12207974,0.050556116,-0.29240185,0.46840453,-0.39820018,0.061114233,0.16896988,-0.060156785,0.1908277,0.41475242,0.45035437,0.49731526,0.32141,0.41442505,0.25863612,0.10899742,0.105130926,-0.023229685,-0.036425292,0.013501363,0.16224042,0.14322987,0.2805506,0.40824348,0.4142616,0.50849783,0.35870734,0.081400104,0.1499857,0.30764198,0.5296799
0.65963274,0.6332027,0.46366683,0.51964,0.14067297,0.0152817005,0.581162,0.6417081,0.34327042,0.13648196,0.72445303,1.0,0.66743135,0.7802507,-0.2273446,0.29163945,0.40382668,0.71532035,0.43878803,0.5348358,0.12356114,0.031782836,0.25925425,0.28414878,-0.28709045,-0.1883183,0.08789515,-0.05238024,0.5819552,0.69802755,0.2476067,0.3096116,0.61539775,0.5814467,0.407485,0.48285392,0.4790207,0.42468113,0.36291537,0.33647946,0.25052893,-0.11233867,0.5342992,0.38841033,0.41976312,0.5322105,0.5736933,0.5732024,0.17827962,0.21341242,0.08212232,0.028116772,0.079689726,0.12071597,0.34790763,0.42371222,0.5385449,0.6764543,0.27232528,0.074268796,0.38655227,0.25350714,0.23424816,0.535946,0.42799035,0.30048168,0.48814222,0.5852002,0.46626088,0.5023425,0.36745965,0.31566972,0.46504417,0.61215687,0.47070292,0.1382761,0.4204278,0.3769223,0.51415473,0.4581732,0.1966446,0.4405919,-0.31018102,-0.11817245,0.1451658,0.07419491,0.023569824,-0.20189135,0.22638078,-0.18687744,-0.1267599,0.116561934,-0.15847607,0.28927794,0.4710822,0.517162,0.5177693,0.3717474,0.20737682,0.1137137,0.030246576,0.050256766,-0.09303254,-0.1785279,-0.14548828,-0.04187296,0.18028606,0.10816612,0.4376237,0.46356133,0.5166508,0.27543712,-0.03601008,0.0623303,0.16569342,0.42276514
0.52216727,0.38407257,0.49559486,0.43457463,0.124893434,0.21723029,0.73645306,0.5986119,0.49256015,0.43216068,0.84000885,0.66743135,1.0,0.70692617,0.12295071,0.38403335,0.6760854,0.65453404,0.4251652,0.45650473,0.379857,0.2643848,0.416234,0.49247387,-0.34627214,-0.017614594,-0.053037595,0.20074706,0.6871184,0.68093187,0.3694105,0.38958552,0.40451628,0.49359632,0.540207,0.5706449,0.42348439,0.30996823,0.3440638,0.17787038,0.31662998,-0.032557726,0.41990197,0.24529691,0.28011432,0.33926582,0.52175677,0.51585656,0.09312633,0.07863046,0.037350476,-0.1085545,0.34417978,0.010931088,0.45698264,0.23734064,0.5379235,0.3505873,0.14398624,-0.19766793,0.4330702,0.08361278,0.4754484,0.19690485,0.31056526,0.13692051,0.423127,0.47822666,0.40940177,0.47721922,0.6680536,0.49793765,0.6933099,0.70930713,0.57528967,0.28794745,0.5282505,0.5041439,0.66487,0.5555124,0.5418213,0.33419394,0.009260846,-0.02962257,0.41427794,-0.10539908,0.021344652,-0.19128616,0.511393,-0.4517695,0.1273899,0.19528408,-0.019042498,0.18856247,0.4520968,0.4676353,0.48053616,0.3063244,0.44086576,0.32336435,0.14325608,0.119523495,0.029718895,0.06946876,0.06985716,0.24634463,0.18620205,0.28026137,0.4727213,0.47682962,0.48331296,0.31630453,0.1229464,0.08728074,0.36662465,0.5321994
0.47196126,0.45573086,0.38871846,0.461255,0.1964865,0.1402951,0.5731658,0.58976656,0.21885182,0.12383244,0.67128664,0.7802507,0.70692617,1.0,-0.024218408,0.36847517,0.42133945,0.7483035,0.3426561,0.37867025,0.15467077,0.06199399,0.23050189,0.37215558,-0.25004342,0.011035018,-0.038184803,0.038738173,0.66661733,0.70301455,0.37992084,0.39445505,0.437712,0.3919531,0.35059243,0.39140278,0.52324164,0.49064186,0.27889508,0.23554325,0.3141901,0.063177854,0.38453266,0.28244644,0.19585577,0.36499587,0.44797668,0.4525164,-0.023450915,0.19395769,0.033994768,-0.04419308,0.09016663,-0.019855792,0.44150066,0.42534608,0.46473348,0.59100354,0.06530283,-0.12813757,0.22049142,0.045895085,0.20705697,0.3780132,0.17070116,0.21374059,0.38728732,0.44915944,0.31289062,0.33432305,0.57097167,0.5385878,0.58444595,0.6421919,0.49853393,0.36063108,0.53862715,0.49387673,0.48420727,0.46618783,0.24778217,0.46629503,-0.15929417,0.10766188,0.20728794,0.23681171,-0.21350838,-0.07907479,0.3196736,-0.15194203,0.008586328,0.2739092,0.0016134424,0.21896352,0.3654779,0.3798572,0.4068935,0.26932916,0.23772277,0.2194411,0.054193906,0.08885626,0.048668794,0.0033817121,0.04728356,0.05916933,0.13632351,0.09976181,0.37137958,0.35345098,0.38155976,0.19144233,-0.016165182,0.1333401,0.3658022,0.4107205
-0.37139347,-0.5075612,-0.23373371,-0.22268008,0.33497125,0.5448983,0.017441878,-0.27542263,0.24264377,0.16551188,-0.05281889,-0.2273446,0.12295071,-0.024218408,1.0,0.5928433,0.26256987,-0.052065913,-0.2613668,-0.32528597,0.062505096,0.17141148,0.24148254,0.3635826,0.06296416,0.43428093,0.17705558,0.28372097,0.37318033,0.12899496,0.41224945,0.1856255,-0.29846615,-0.27797925,0.02467842,-0.09790786,0.06442555,0.056567073,0.2604578,0.08725032,0.20413066,0.37402147,-0.33643237,-0.33341694,-0.32201725,-0.1872173,-0.1585567,-0.17578761,-0.2014434,-0.28128034,0.019642944,-0.19137876,0.21537745,-0.18298332,0.19039726,0.009229563,-0.25050664,-0.4072397,-0.22984736,-0.43186316,-0.31601793,-0.41320595,0.016396346,-0.542667,-0.47499153,-0.29928216,-0.32610348,-0.35213456,-0.41487217,-0.3782071,0.2888765,0.3435086,0.21243308,-0.076796114,0.01626121,0.10371002,0.057358846,0.079729296,0.0120554855,0.034042764,0.44569987,0.009459859,0.8025681,0.69749737,0.28559214,0.16316706,-0.11860845,0.5018348,0.35770038,-0.0613052,0.11063729,0.3165856,0.14875466,-0.14181967,-0.036191218,-0.10170906,-0.066745296,0.02182395,0.25619408,0.31039008,0.1751207,0.3900003,0.35838068,0.37352294,0.38378403,0.38551554,-0.0633136,0.15641904,0.098058574,-0.07838643,-0.06886984,0.2097065,-0.0546881,0.3276354,0.27814883,0.21278116
0.07335591,0.0036933692,-0.18427739,0.0008039286,0.5105278,0.4844604,0.17505492,-0.036212493,0.5502991,0.34539077,0.23682728,0.29163945,0.38403335,0.36847517,0.5928433,1.0,0.39387682,0.33791587,-0.065953225,-0.025121203,0.072289854,0.20649303,0.113858335,0.36215934,-0.04899356,0.37312138,0.27384228,0.23428772,0.5386621,0.4285082,0.4270225,0.2856628,-0.0058620204,-0.034327067,0.10781683,0.08757056,0.46055543,0.4304855,0.49964377,0.45692408,0.26652038,0.38874975,0.1170811,0.031587664,-0.060085025,0.12645088,0.2942707,0.26704276,-0.09570556,0.050631933,-0.0071227388,-0.13132736,0.20772314,0.11725771,0.40814197,0.39018252,0.01167823,0.032644134,0.027712062,-0.24402086,-0.13349463,-0.16674094,0.027478373,-0.15981172,-0.14926435,0.06301625,-0.02034593,0.0071182,-0.08263735,-0.043696053,0.2726422,0.27806723,0.35410756,0.19456263,0.22889613,0.07259132,0.22295202,0.19476138,0.27176067,0.28357458,0.35866207,0.4468465,0.375741,0.5405018,0.25479108,0.3119239,-0.17260073,0.39592943,0.34714898,-0.02052556,0.015467758,0.35684446,-0.057227205,0.078635,0.33409217,0.3581715,0.32945824,0.33417767,0.29098478,0.3096504,0.10496921,0.27338445,0.121337116,0.09639453,0.15271892,0.1785421,0.12350695,0.09273106,0.3494477,0.33943447,0.28422803,0.35229173,-0.19269137,0.2506227,0.24039334,0.26794645
0.3284809,0.20123698,0.2809899,0.28588107,0.116896,0.39550233,0.645143,0.49824697,0.38111806,0.46601266,0.60591984,0.40382668,0.6760854,0.42133945,0.26256987,0.39387682,1.0,0.58161366,0.23337616,0.33927736,0.352284,0.25100657,0.4433895,0.6188426,-0.19951102,0.024042254,0.23745506,0.2629693,0.43653026,0.46438527,0.52942735,0.54086745,0.41202262,0.49463,0.5813001,0.5600347,0.37994415,0.14847092,0.47953334,0.2531203,0.43989673,0.06031957,0.3055029,0.19290717,0.3771414,0.41268468,0.40171385,0.39578992,0.18513143,-0.0006869112,0.1170585,-0.13449755,0.33956957,0.05106267,0.44458184,0.117539234,0.37803265,0.14268799,-0.0049422807,-0.24187307,0.29714683,0.036047414,0.542995,0.02703881,0.13273257,0.11020805,0.31666932,0.34036008,0.32826152,0.4410941,0.52134573,0.54077965,0.51990336,0.4410036,0.39040825,0.0665318,0.44181713,0.3365855,0.6099465,0.6153865,0.7699001,0.5481542,0.20473316,0.16083273,0.53475475,0.06873247,0.103564814,-0.0640405,0.6593224,-0.39033735,0.14938293,0.29846808,0.017725898,0.3705449,0.4472752,0.40575984,0.49631882,0.30829203,0.59332263,0.4798995,0.4812165,0.24877787,0.3206027,0.3655372,0.30380428,0.53986025,0.2146448,0.42603886,0.49206793,0.45246664,0.4576696,0.35894376,0.19497608,0.22102398,0.46234676,0.6718056
0.48542586,0.49170795,0.33564907,0.51476705,0.16385525,0.13339496,0.5048061,0.62745386,0.21726376,0.1872465,0.6302147,0.71532035,0.65453404,0.7483035,-0.052065913,0.33791587,0.58161366,1.0,0.4562258,0.54085433,0.31012157,0.20235552,0.26854768,0.4621021,-0.21608055,-0.046399374,0.17211957,0.057884973,0.5944016,0.67927396,0.33505452,0.38755968,0.5714494,0.55783206,0.34735465,0.49154684,0.459543,0.29730505,0.35743675,0.27790582,0.39488995,0.03763519,0.35040078,0.24344061,0.376044,0.4138475,0.4440953,0.49533027,0.1279147,0.17752631,0.1990794,-0.10019658,0.2008398,0.06249879,0.38481456,0.29841986,0.4691164,0.5434237,0.059333697,-0.0665046,0.28810418,0.2172189,0.2925233,0.42770076,0.29021353,0.3471688,0.39893,0.47079143,0.4416337,0.49157006,0.4044896,0.42224652,0.41996354,0.51257074,0.35717833,0.09464581,0.34850606,0.30695686,0.6165861,0.6732532,0.32770935,0.6081424,-0.16200805,0.08555534,0.28101867,0.28149605,-0.013346808,-0.19249544,0.37864432,-0.23483634,-0.031131519,0.3074167,-0.041257888,0.48080835,0.49567708,0.46757743,0.4491812,0.26807696,0.3417114,0.2773859,0.20316826,0.16782072,0.13408308,0.0770132,0.13336878,0.15430652,0.22596179,0.23264627,0.49269706,0.41989395,0.38503814,0.26580706,0.02406329,0.1137447,0.3696849,0.47927234
0.6783592,0.6485227,0.64104676,0.7863948,0.0027783085,-0.28707513,0.4964606,0.6229133,0.12760016,0.15328872,0.49480417,0.43878803,0.4251652,0.3426561,-0.2613668,-0.065953225,0.23337616,0.4562258,1.0,0.8811305,0.34210926,0.23461774,0.13573024,0.19308545,-0.22725631,-0.3953239,-0.103110425,-0.115798175,0.19333158,0.2747553,-0.1552785,-0.020513978,0.57279694,0.56234354,0.2899476,0.41404253,0.20670925,0.1187586,0.084894076,0.06274959,0.18150379,-0.06290548,0.39625916,0.36869082,0.44520292,0.33309937,0.43077946,0.47835284,0.11778094,0.057674702,0.13609193,0.07865187,0.17435706,0.23568486,0.32723814,0.27188444,0.6386069,0.5578163,0.26795143,0.2382496,0.49272677,0.40569967,0.35858443,0.52519894,0.54754114,0.3814274,0.57577866,0.62474775,0.72473055,0.69026256,0.15242518,0.034422774,0.14418776,0.3193896,0.26633662,0.15706623,0.18103318,0.17904025,0.3797968,0.40608275,0.1614231,0.26130685,-0.3194295,-0.23406579,0.23600988,-0.033198506,0.14821956,-0.49484354,0.19599237,-0.25440258,0.047467254,0.06409277,-0.07192471,0.20685999,0.48228002,0.46953768,0.40478864,0.34052926,0.3505229,0.2080098,0.21361057,-0.058447503,0.13169469,0.10569923,0.031988822,0.036642272,0.30723414,0.30763143,0.47830692,0.39058352,0.3379083,0.23013423,0.1290551,-0.011136049,0.16912407,0.25888088
0.7472538,0.73038435,0.6085985,0.80021256,0.00187942,-0.21235223,0.5556999,0.6884946,0.19057357,0.18085928,0.540442,0.5348358,0.45650473,0.37867025,-0.32528597,-0.025121203,0.33927736,0.54085433,0.8811305,1.0,0.3248311,0.22545575,0.20875831,0.2724196,-0.19572714,-0.36857206,-0.0028738633,-0.09543815,0.18813853,0.32253367,-0.06105925,0.08973248,0.6552226,0.6580667,0.34449708,0.47723302,0.2732547,0.12969008,0.17071508,0.1460731,0.20967819,-0.1425453,0.4892421,0.44310874,0.5654097,0.43594182,0.5054043,0.564438,0.21492976,0.06919959,0.17809893,0.06386114,0.18856059,0.2831634,0.31049654,0.2932175,0.677028,0.610609,0.28542823,0.28939736,0.5385336,0.45241532,0.38694608,0.5661364,0.6037415,0.39973566,0.6029791,0.6833509,0.7739091,0.7865533,0.12349973,0.053121727,0.15443273,0.34284613,0.2689527,0.058917176,0.18328537,0.14863797,0.48192614,0.46212175,0.2080501,0.37383583,-0.3750464,-0.27126545,0.23840825,-0.033138745,0.18592313,-0.47446105,0.20022513,-0.23663032,0.0034480875,0.10286665,-0.14225568,0.3013105,0.5203218,0.5443599,0.47887096,0.37134337,0.3415793,0.18216974,0.24569567,-0.11958182,0.10586001,0.055598676,-0.016840344,0.019440863,0.32549354,0.25967777,0.529838,0.4713835,0.42727566,0.2562205,0.071880825,-0.04584576,0.17595592,0.32615635
0.11080444,0.11383614,0.38782197,0.31913665,0.088957846,-0.1345269,0.29245615,0.3941898,0.047966156,0.33133653,0.22066954,0.12356114,0.379857,0.15467077,0.062505096,0.072289854,0.352284,0.31012157,0.34210926,0.3248311,1.0,0.80284053,0.2964161,0.3733218,0.18465224,0.09393429,-0.08894773,0.12137703,0.28700876,0.22662713,-0.084975496,-0.09624806,0.26035228,0.38065943,0.39686334,0.44551015,0.29402596,0.2613874,-0.029759679,0.06015954,0.44339877,0.2657025,0.13639756,0.18213245,0.17531866,0.043289237,0.16990407,0.29970762,-0.18064283,-0.052567568,0.036092937,-0.053898823,0.1210235,0.01820349,0.068977684,-0.08443626,0.15080446,0.0065368228,-0.0033508148,-0.13298675,0.1637202,-0.06346074,0.29542187,-0.037240073,0.010803934,0.12006019,0.26980203,0.25327185,0.18560152,0.14342363,0.35665974,0.09616344,0.29971963,0.248697,0.28478634,0.31228235,0.17397296,0.18606035,0.3036,0.4006366,0.28499407,0.12012804,0.06036523,-0.15594923,0.21883777,-0.15628022,0.15237348,-0.35009444,0.23934989,-0.17269215,0.26848662,-0.122307286,0.19586816,0.11548087,0.30834547,0.3715783,0.1603095,0.14130732,0.17447037,0.21266079,0.20139669,-0.009797436,0.115035,0.35905713,0.09752568,0.29062983,0.3539645,0.29818812,0.23959464,0.39992005,0.18765914,-0.18190649,0.155345,-0.05511282,0.19324096,0.05316513
-0.04231431,0.04069667,0.20799044,0.16876616,0.13984174,-0.032404378,0.16328683,0.24096708,0.13189173,0.34766364,0.049720593,0.031782836,0.2643848,0.06199399,0.17141148,0.20649303,0.25100657,0.20235552,0.23461774,0.22545575,0.80284053,1.0,0.17143734,0.30330956,0.1978105,0.16720244,-0.03207095,0.165402,0.27561542,0.15470119,-0.09222291,-0.14244083,0.10571924,0.21628274,0.2767628,0.31074312,0.36434,0.30690107,0.010548209,0.10385743,0.44709504,0.38956112,0.0771894,0.16788457,0.057965107,-0.039835695,0.11396653,0.27324316,-0.22329563,0.0011892793,0.020100912,-0.007965497,0.07601575,0.05405605,0.09701164,-0.07726723,0.012686141,-0.09211392,-0.024936585,-0.12908211,0.04337231,-0.060399685,0.17849855,-0.115752906,-0.0586859,0.14503771,0.17847288,0.16065468,0.1224225,0.034851536,0.2661483,0.08258734,0.26614106,0.19128749,0.26578075,0.3153044,0.13792883,0.1365258,0.23478293,0.30112094,0.277869,0.17268623,0.1407332,-0.040686026,0.23212805,-0.04835909,0.07266008,-0.22645843,0.19803862,-0.124646395,0.24379896,-0.051708944,0.17642422,0.13777663,0.3367865,0.34315854,0.14473327,0.16190605,0.18626757,0.24618211,0.24031545,0.043951713,0.1361292,0.3334428,0.10780862,0.23398647,0.39148477,0.26292935,0.26181614,0.38504028,0.16124476,-0.11931923,0.15767312,0.0077395774,0.19164884,-0.00937444
0.12606749,-0.05532184,0.41793227,0.2663115,-0.11710372,0.28969932,0.46679145,0.43517646,0.16147019,0.07217374,0.34818235,0.25925425,0.416234,0.23050189,0.24148254,0.113858335,0.4433895,0.26854768,0.13573024,0.20875831,0.2964161,0.17143734,1.0,0.59562176,0.018577982,0.11003803,0.26329362,0.1929018,0.37800768,0.3527866,0.52864754,0.46317327,0.41166884,0.52142715,0.32184318,0.30751896,0.15643533,-0.0056064157,0.34398043,0.15629968,0.25729907,-0.07380416,-0.05668483,-0.13819498,0.24656105,0.13776594,0.08403072,0.12251173,0.0335693,-0.20808926,0.08879368,-0.17396557,0.27223286,-0.20158641,0.053036924,-0.06937683,0.2606687,0.04418185,-0.121814325,-0.3320261,0.20398328,-0.3003416,0.24957262,-0.101575874,-0.036799446,-0.18481411,0.021795414,0.0814546,0.025315255,0.18166465,0.28854173,0.38420472,0.37943354,0.22110559,0.15017779,-0.026530812,0.086136796,0.075322576,0.46674207,0.3617049,0.45921,-0.00464797,0.3338648,0.027887505,0.39527446,-0.15055628,0.38030916,0.1308448,0.3695967,-0.18749258,0.023863373,0.103064716,0.1272838,0.095939815,0.26093537,0.12847668,0.07965874,0.018686226,0.19796109,0.18546788,0.27686265,0.16350922,0.25127864,0.29243755,0.13918377,0.3176609,0.2295467,0.23806877,0.38313085,0.14667262,0.10322404,0.06596367,0.050461426,0.04483978,0.25285584,0.38924226
0.14996259,0.02029949,0.27344912,0.36976978,0.26530513,0.3831511,0.48281804,0.38759023,0.17091939,0.29612032,0.3466159,0.28414878,0.49247387,0.37215558,0.3635826,0.36215934,0.6188426,0.4621021,0.19308545,0.2724196,0.3733218,0.30330956,0.59562176,1.0,0.019497477,0.2519687,0.17137158,0.20408651,0.37480727,0.3606781,0.571767,0.5226478,0.32747114,0.40645146,0.4015559,0.39862305,0.2490789,0.09182997,0.25964355,0.088158116,0.35632426,0.16656558,0.09535958,0.086303905,0.17612678,0.2991585,0.13558024,0.17540364,-0.042723026,-0.1618066,0.13667391,-0.15773042,0.3536013,-0.040587302,0.2504871,0.037077036,0.21237524,0.09022774,-0.24403985,-0.33665687,0.038296837,-0.17884648,0.3436024,-0.09502539,-0.13318542,-0.029187428,0.106899396,0.16729805,0.07301049,0.22385626,0.47848132,0.54227644,0.35102832,0.2446755,0.29937184,0.13584536,0.28776106,0.24068654,0.4438382,0.5415143,0.5621561,0.38335398,0.34193587,0.32298863,0.3886643,0.2175245,0.0596751,0.12076523,0.47925743,-0.24734716,0.19636734,0.41152444,0.09788883,0.2977372,0.32100484,0.21193182,0.24474975,0.1891147,0.36422366,0.37121683,0.42893735,0.2946898,0.4069582,0.49662983,0.36090106,0.4160073,0.20964122,0.22756799,0.43255863,0.2710126,0.1866053,0.14687434,0.11110338,0.2539401,0.554513,0.55797035
-0.2875491,-0.22216195,-0.18702292,-0.19605678,0.007575057,0.023225281,-0.39031938,-0.18772541,-0.3947565,-0.16527112,-0.38005564,-0.28709045,-0.34627214,-0.25004342,0.06296416,-0.04899356,-0.19951102,-0.21608055,-0.22725631,-0.19572714,0.18465224,0.1978105,0.018577982,0.019497477,1.0,0.4343792,0.16452934,-0.052721404,-0.22498046,-0.26840454,-0.06114591,-0.18989283,0.004981357,-0.005509051,-0.04501704,-0.11866299,0.070073634,0.06951666,-0.08052259,0.18389544,0.106354594,0.26245812,-0.15318932,-0.02619477,0.050765768,-0.09469699,-0.16337979,-0.0839108,-0.33953452,-0.09979764,-0.19168402,-0.0078037735,-0.12512419,-0.012010993,-0.23526132,-0.09237662,-0.36757576,-0.21122256,-0.24725468,-0.06754045,-0.35640553,-0.3733794,-0.23522024,-0.2721603,-0.3714935,-0.13501233,-0.15953712,-0.16458416,-0.30624175,-0.37407336,-0.29130408,-0.33055812,-0.23725405,-0.38380635,-0.15479745,-0.07031586,-0.21378252,-0.20601328,-0.19079098,-0.14731584,-0.13568607,-0.066552535,0.13267481,0.044305827,-0.08941362,0.057225075,0.14184868,0.16308133,-0.29189014,0.27588648,0.021953333,-0.20306364,0.1633298,-0.06953933,-0.049363296,-0.10362399,-0.18864875,-0.10712671,-0.27690485,-0.059665505,0.08825281,-0.17219497,0.17928174,0.27057365,0.103710875,-0.08422188,0.12230989,-0.2298111,-0.15670735,-0.09259456,-0.21145271,-0.3654615,-0.11980897,-0.12545337,-0.13426045,-0.40696543
-0.41245887,-0.35508308,-0.4271278,-0.36729774,0.3287878,0.3929391,-0.22940236,-0.28748083,-0.11259681,-0.039314665,-0.21960261,-0.1883183,-0.017614594,0.011035018,0.43428093,0.37312138,0.024042254,-0.046399374,-0.3953239,-0.36857206,0.09393429,0.16720244,0.11003803,0.2519687,0.4343792,1.0,0.15226638,0.1789407,0.08901777,-0.045617938,0.34230536,0.11362078,-0.26975363,-0.22303337,-0.19470975,-0.24637184,0.089563996,0.11722525,-0.034531347,0.04971649,0.08784903,0.24457812,-0.28125912,-0.24398692,-0.29052708,-0.20893699,-0.22796996,-0.17561722,-0.24604204,-0.08163408,-0.14963193,-0.3014777,-0.045273118,0.0215916,-0.15749466,-0.13885307,-0.42526442,-0.3473186,-0.4035786,-0.35154718,-0.53640705,-0.5637123,-0.26455247,-0.52512443,-0.56707454,-0.25015295,-0.45502695,-0.43779832,-0.52343065,-0.4260802,0.029184982,0.03849327,-0.022535466,-0.21004142,-0.10789425,-0.04421281,-0.11773997,-0.07812305,0.019800412,0.06444762,-0.041533217,0.009726724,0.39782718,0.39075077,-0.07183774,0.12522154,-0.1446451,0.44594884,-0.06508403,0.061801277,0.24271894,0.02852931,0.19330634,-0.09277206,-0.12716495,-0.19140957,-0.2295305,-0.16786951,-0.21748556,-0.037821975,0.008818284,-0.011698807,0.18072556,0.20863356,0.1306537,-0.018037377,-0.048699297,-0.27049306,-0.09507685,-0.15318938,-0.24527203,-0.31472397,-0.28815067,0.06561339,0.14481497,-0.1706671
-0.015538755,0.012924028,-0.19575667,-0.1083497,0.06484967,0.27059665,-0.021526989,0.042095054,0.011475637,-0.12058713,-0.039736245,0.08789515,-0.053037595,-0.038184803,0.17705558,0.27384228,0.23745506,0.17211957,-0.103110425,-0.0028738633,-0.08894773,-0.03207095,0.26329362,0.17137158,0.16452934,0.15226638,1.0,0.14390549,0.05692001,0.09670631,0.4551052,0.3964918,0.33422208,0.3158537,-0.026677689,0.013943115,0.23539537,0.04863411,0.5592479,0.58358616,0.1809496,0.050932433,-0.05493505,-0.15729117,0.31882545,0.15169191,0.09967462,0.0708331,0.20691924,-0.011297491,0.13611902,0.028855283,0.21170421,0.037328497,0.050337177,0.06669882,0.004539618,0.05504557,-0.10614576,-0.14032006,-0.031406812,-0.023967598,-0.08311294,0.017433714,-0.03293652,0.04486282,-0.12770247,-0.055863414,-0.11680836,0.03632988,-0.28286865,-0.00071360316,-0.031287495,-0.21161379,-0.17048977,-0.50568837,-0.20570995,-0.28251278,0.24599458,0.23796247,0.19999093,0.25169376,0.21315818,0.19649363,0.27212253,0.19164097,0.2745584,0.22380842,0.21872896,0.06502711,-0.21501411,0.21580361,-0.05475766,0.25178316,0.18731391,0.23090185,0.17112471,0.1145465,0.06300427,0.024919271,0.33540255,0.15085982,0.14159167,0.023312347,0.046831377,0.08868836,0.0012937072,-0.034592964,0.21276188,0.2026226,0.16820236,0.1588863,-0.24449468,0.08606525,0.08372921,0.23453799
-0.247223,-0.28521916,-0.096658856,-0.13909495,0.08571637,0.51390797,0.056825206,-0.09271211,0.34289238,0.4008346,0.08299123,-0.05238024,0.20074706,0.038738173,0.28372097,0.23428772,0.2629693,0.057884973,-0.115798175,-0.09543815,0.12137703,0.165402,0.1929018,0.20408651,-0.052721404,0.1789407,0.14390549,1.0,0.16664435,0.2712321,0.13701548,0.02241899,-0.17855315,-0.007845896,0.18259856,0.123626724,-0.03982071,-0.033950295,0.1864645,0.0016601159,0.19850813,-0.014275698,-0.1091306,-0.17933013,-0.114857785,-0.18199489,-0.038809974,0.035116788,0.05800595,-0.21132918,0.041161187,-0.16046183,0.20463963,-0.07279633,0.13247779,-0.15145446,-0.12806123,-0.33026165,0.030737896,-0.23319845,0.12410996,0.049035743,0.29456118,-0.23038504,-0.124056384,-0.20849578,-0.09714703,-0.103149794,-0.08670601,-0.073300414,0.33319837,0.22860546,0.3452821,0.31989053,0.22660904,0.08603509,0.12834112,0.20733045,0.1220909,-0.0390616,0.25054553,-0.028838085,0.18082102,0.0325013,0.24994718,-0.1255555,-0.053551532,0.037885766,0.25863552,-0.0747587,0.061557185,-0.06448202,0.08895731,-0.13352782,0.094729386,0.054096013,0.07140992,0.12620465,0.2338339,0.33031014,-0.06661996,0.09591801,0.008388637,0.12686148,0.049828917,0.18743253,0.09559293,0.35632804,0.20274405,0.17214333,0.08531188,0.2584697,0.08229043,-0.028020028,-0.0552025,0.23824579
0.2214963,0.1193025,0.31942564,0.26224908,0.16647592,0.30196068,0.44453377,0.41446674,0.44846293,0.24245414,0.5383046,0.5819552,0.6871184,0.66661733,0.37318033,0.5386621,0.43653026,0.5944016,0.19333158,0.18813853,0.28700876,0.27561542,0.37800768,0.37480727,-0.22498046,0.08901777,0.05692001,0.16664435,1.0,0.81366545,0.34722286,0.24730569,0.2444092,0.26508868,0.3891004,0.42042303,0.53394043,0.5266904,0.4589413,0.32840753,0.41387808,0.23751983,0.20801187,0.081995815,0.08687779,0.15907241,0.4219261,0.43195447,-0.0022547662,0.12560813,0.053422917,-0.012969874,0.22324581,-0.08294578,0.40873638,0.32272658,0.26989505,0.2375643,0.048414927,-0.2341417,0.16168356,-0.07418513,0.22871311,0.10347126,0.07014603,0.10267522,0.24857222,0.2958936,0.12116563,0.1084366,0.5707429,0.5064218,0.7232743,0.6370931,0.54224885,0.38978976,0.5165787,0.5237807,0.48307422,0.41454825,0.42755973,0.29523715,0.20469472,0.20446186,0.36600345,0.089778654,-0.05157232,0.07467547,0.42921108,-0.16663514,-0.013568494,0.1582004,0.08194511,0.043698482,0.4209629,0.39509642,0.38443372,0.30916312,0.3003157,0.3232499,0.003984705,0.23395321,0.018343678,0.026321542,0.047589414,0.17425679,0.13234225,0.23582712,0.4457598,0.39516607,0.3897619,0.34545887,0.009244916,0.09089959,0.21597248,0.36290756
0.31735092,0.25548667,0.3306471,0.34468183,0.17190918,0.29461783,0.45460945,0.48737308,0.4999968,0.28211462,0.6055216,0.69802755,0.68093187,0.70301455,0.12899496,0.4285082,0.46438527,0.67927396,0.2747553,0.32253367,0.22662713,0.15470119,0.3527866,0.3606781,-0.26840454,-0.045617938,0.09670631,0.2712321,0.81366545,1.0,0.2773957,0.21139881,0.3575922,0.41867065,0.45329228,0.51088923,0.45370373,0.46727204,0.45625067,0.3125789,0.37843078,0.018873405,0.31636015,0.12728605,0.21358636,0.25845832,0.46666977,0.49062926,0.14205885,0.11231327,0.12233645,0.012536927,0.24685183,0.000259103,0.36423808,0.28194124,0.33299214,0.31721234,0.115084164,-0.13284916,0.35300478,0.12975793,0.33651152,0.2791817,0.24607505,0.16883156,0.3208926,0.39175385,0.2584763,0.27475792,0.54546845,0.44569495,0.7222342,0.74134046,0.60112286,0.29375368,0.49296862,0.5094535,0.5183831,0.38819155,0.34444726,0.30591422,-0.02986673,-0.015644379,0.28559697,-0.014783044,-0.028406754,-0.07853266,0.34356102,-0.21286765,-0.04721787,0.03147479,0.010182263,0.09497074,0.45457524,0.44806656,0.4489085,0.3524267,0.24586631,0.22509867,-0.09163827,0.15757427,-0.14744349,-0.113013595,-0.1278094,0.035604626,0.112594806,0.24114335,0.46674755,0.45417926,0.45291063,0.35471004,-0.029077686,0.018230421,0.076678805,0.43667516
0.073433034,-0.041331742,0.006363849,-0.0013048555,0.090883516,0.5455944,0.3858559,0.235078,0.11955969,0.0009042463,0.29083696,0.2476067,0.3694105,0.37992084,0.41224945,0.4270225,0.52942735,0.33505452,-0.1552785,-0.06105925,-0.084975496,-0.09222291,0.52864754,0.571767,-0.06114591,0.34230536,0.4551052,0.13701548,0.34722286,0.2773957,1.0,0.8447417,0.23339804,0.23109639,0.09596521,0.04782555,0.29167473,0.07956106,0.48998493,0.31062388,0.25424945,0.087204486,-0.037296172,-0.16442287,0.14038064,0.19665657,0.06961104,-0.006748928,0.065293975,-0.04285727,-0.0019058354,-0.17835031,0.3483,-0.1932776,0.23395543,0.06768884,0.1588053,0.110529795,-0.29778337,-0.4749343,-0.10073809,-0.32004225,0.04820985,-0.13888086,-0.17807424,-0.11864869,-0.12626399,-0.06485632,-0.12704028,0.08862049,0.29148915,0.59988564,0.3066424,0.07716545,0.052476894,-0.13589743,0.1432257,0.039622944,0.4289051,0.39955667,0.49044788,0.30937806,0.4550309,0.44328865,0.42436436,0.25938538,0.056595188,0.34485713,0.5140966,-0.1185881,-0.038615424,0.49334002,-0.051220752,0.29219222,0.15209399,0.037580248,0.124336556,-0.032788195,0.24168962,0.18845437,0.4132064,0.35341895,0.36525217,0.26958218,0.3190771,0.33334202,-0.0056599467,0.07476077,0.28416726,0.04405375,0.07759566,0.15957522,-0.11595854,0.32306185,0.53185403,0.5221097
