1.0,0.80690473,0.6791137,0.66979027,0.185548,-0.11342379,0.7110089,0.6540496,0.25403273,0.22861871,0.6163627,0.6112763,0.5953234,0.5330445,0.03489307,0.28565124,0.53427,0.26720142,0.5797118,0.73699427,0.075759545,-0.16747765,0.22050618,0.35403162,0.27952322,-0.17656623,0.15899403,0.36103684,0.47577828,0.5497532,0.25097066,0.2113102,0.53851694,0.49578992,0.12340151,0.35643172,0.47870842,0.30872512,0.3435908,0.10463302,0.15888664,0.07820314,0.42695266,0.3556744,0.32396287,0.31198627,0.30202782,0.4197903,0.30952147,0.022238286,0.10778177,0.16299519,0.02032074,-0.19031486,0.44619024,0.22290204,0.841792,0.75957155,-0.10338306,-0.044592723,0.67429566,0.6360665,0.5373626,0.6021985,0.15954003,0.39378938,0.22703868,0.408789,0.54735845,0.5429312,0.23821843,0.30049807,0.34586158,0.29948005,0.2695342,0.35050237,0.44711787,0.1702724,0.31689933,0.06664141,0.41923422,0.49997708,-0.1387753,0.07790468,0.36211327,0.5445744,0.57331437,0.24535793,0.29917583,0.4748302,-0.037424322,0.32663685,-0.11204953,-0.11969511,0.08426267,0.074834235,0.38060835,0.42162797,0.35925263,0.4548368,-0.0035715322,0.087168954,-0.12924959,-0.16948298,0.24428168,-0.05229065,0.10521122,0.27117687,0.33363762,0.2965173,0.3873215,0.29157773,0.17030852,0.41053367,0.47941384,0.49021024
0.80690473,1.0,0.62512344,0.56860524,0.18115737,-0.19069307,0.6719097,0.6505134,0.29758665,0.18006013,0.52530736,0.63585466,0.5284765,0.47781885,0.045198623,0.21101286,0.547643,0.27713054,0.5434581,0.6858448,0.13818985,-0.056262545,0.15220885,0.31805387,0.30099088,-0.13679372,0.16036056,0.30903772,0.40616882,0.55020064,0.19488086,0.110695004,0.5952293,0.54443556,0.11338717,0.30026025,0.53261054,0.30182475,0.41335112,0.050363865,0.23794392,0.085856594,0.34254843,0.32556736,0.3668619,0.2845154,0.29450092,0.46318495,0.23417567,0.0647008,0.08184859,0.13911878,0.028103398,-0.1881464,0.33773866,0.23957455,0.7966036,0.85492057,-0.04352982,0.072931536,0.6811757,0.74905145,0.5607053,0.67092204,0.26406482,0.48138618,0.21724044,0.35406497,0.4885386,0.48527825,0.11743891,0.24790286,0.28659952,0.18129537,0.115551494,0.3268973,0.40484107,0.102745704,0.15148997,0.19149242,0.435691,0.4756794,-0.15135472,-0.04303293,0.3606098,0.52187335,0.51295173,0.20682248,0.14939491,0.50340855,-0.17220256,0.2022801,-0.26586717,-0.14492199,0.050494943,0.12737237,0.42626214,0.5038902,0.22922657,0.40208596,-0.107634455,0.02517655,-0.20580196,-0.14397223,0.15166403,-0.12586151,-0.007231969,0.28304732,0.34530997,0.4253697,0.43545693,0.3269177,0.118210144,0.3839562,0.5243051,0.5013295
0.6791137,0.62512344,1.0,0.7704083,0.061810497,-0.26568234,0.7212503,0.69536394,0.2964236,0.2372595,0.4661612,0.51119393,0.42649737,0.43693227,0.05127669,0.16696972,0.593454,0.34732836,0.72047967,0.773077,0.3248791,0.0025640533,0.43424767,0.37201893,0.31412894,-0.0011262296,-0.072383836,0.12011178,0.35290188,0.56679803,0.1538858,0.111733735,0.6877313,0.6330428,0.14963175,0.30152816,0.5775774,0.39444903,0.39002967,0.23506233,0.27805158,0.3155286,0.38171133,0.3789645,0.18952338,0.24979594,0.37686536,0.46008223,0.3198557,0.06990887,0.042369865,0.08259256,0.043852758,-0.16572064,0.4560291,0.2855991,0.73409283,0.6913432,-0.1575721,-0.19200034,0.6171911,0.6174393,0.51065975,0.57842296,0.20553102,0.37181494,0.2092179,0.44747496,0.37087464,0.58365136,0.1027793,0.3863006,0.16747649,0.14029059,0.1576603,0.39146626,0.4376327,0.068844624,0.285343,0.2708912,0.4786903,0.57400155,-0.057042334,0.088344164,0.32849655,0.5708893,0.48354995,-0.04252793,0.27986717,0.5065657,-0.09311807,0.32799247,0.02961962,0.048302516,-0.06271672,0.23673795,0.37232605,0.4621034,0.32503334,0.4071863,0.109593466,-0.12293715,0.038245667,0.036250386,0.2461604,0.15599358,0.15808117,0.3167644,0.28158507,0.3795926,0.4339525,0.37017843,0.1342201,0.35813704,0.4789333,0.5095077
0.66979027,0.56860524,0.7704083,1.0,0.021586573,-0.16963549,0.5698273,0.59178495,0.18354988,0.15705688,0.37569192,0.414954,0.3455795,0.3799168,0.035270307,0.19372436,0.43894094,0.3229072,0.63280344,0.7167885,0.21953502,-0.042764243,0.4017083,0.4067597,0.30400887,0.01876439,-0.052502032,0.11855456,0.33861235,0.4996826,0.18165474,0.21779045,0.55207235,0.49105108,0.08075478,0.2017509,0.46220568,0.3013325,0.29630744,0.148542,0.091513254,0.18216158,0.39326668,0.33181378,0.10812666,0.24562167,0.40407962,0.42762327,0.15719856,0.037312485,0.025558628,-0.0017701475,-0.03829165,-0.14419764,0.42456865,0.2847116,0.6422573,0.5999587,-0.2649417,-0.23370358,0.4793277,0.4893309,0.33442098,0.47725418,0.064807005,0.2654051,0.17514381,0.36938468,0.2832368,0.4574008,0.09758355,0.20594177,0.11471087,0.20978992,0.16416283,0.27079514,0.33286658,0.106463686,0.2866888,0.08028238,0.2668061,0.42779636,-0.101810485,0.19175358,0.17701857,0.4394335,0.31797966,-0.03928464,0.26501635,0.3158434,0.08707865,0.3371088,0.13070899,0.08386928,-0.021640545,0.1992222,0.3717895,0.40985042,0.41314352,0.4704345,0.06188329,0.09436146,0.14713843,0.02801341,0.23920982,0.24035768,0.018755583,0.11035224,0.21996078,0.21870707,0.3412201,0.40029925,0.26605332,0.40484625,0.41926542,0.35494056
0.185548,0.18115737,0.061810497,0.021586573,1.0,0.6215726,0.24001725,0.19662924,0.4290407,0.23957321,0.4917215,0.42793658,0.47892448,0.37346217,0.23027009,0.3551199,0.2693356,0.24164417,-0.19931237,0.0015702889,-0.2987348,-0.014210766,0.30805337,0.4977787,-0.22386508,-0.4608965,0.6244823,0.5970975,0.5095708,0.19414482,0.5632758,0.56383896,0.01739294,0.19811602,0.085601576,0.3753816,0.26113233,0.05929662,0.45803657,0.32151505,0.0012121062,-0.29630402,0.1780674,0.00023823982,0.02263858,-0.07185108,0.031689964,0.03685663,0.0470697,-0.013515729,0.0009927348,0.046363547,0.22406048,0.11162411,0.39517388,0.057016224,0.26426485,0.0955898,-0.082244396,-0.023501864,0.20396818,0.038079053,0.2555593,0.2746756,0.24525304,0.13846985,-0.017271958,0.12392834,-0.036469407,0.0074191433,0.4532545,0.57864195,0.47284842,0.29414335,0.31060198,0.010702863,0.47897962,0.6811921,0.1855666,0.13707162,0.28655162,0.3729609,0.124469824,0.20244753,0.31523922,0.18080497,0.15874936,0.5286616,0.5058567,0.2650861,0.0040461533,0.09780401,-0.2563611,-0.4048953,0.23591621,0.005754301,0.2282262,0.096304804,0.11609639,0.015026995,0.009287772,0.13425538,-0.10122104,-0.057428505,0.075963184,-0.06424526,0.28389922,0.15169424,0.16231532,0.025946783,0.1578074,-0.005116139,0.054756045,0.061359424,-0.024891635,0.07026602
-0.11342379,-0.19069307,-0.26568234,-0.16963549,0.6215726,1.0,-0.08190147,-0.09717671,0.12838125,0.032865934,0.117052846,0.04472113,0.2061405,0.08613891,0.17212749,0.2290612,-0.1653996,0.046271894,-0.41863182,-0.29318833,-0.45027286,-0.10981953,0.06061688,0.19895932,-0.43863392,-0.39356354,0.45462367,0.47277427,0.2882214,-0.16077583,0.3398761,0.3965659,-0.31426257,-0.17844844,0.07687763,0.24033289,-0.10345797,-0.09004967,0.10164497,0.17768058,-0.058234002,-0.3886069,0.011365691,-0.12114597,-0.061429627,-0.12931365,-0.099907,-0.16635601,-0.18778853,-0.08653979,0.007298336,-0.087557055,0.15547171,0.226691,0.08774777,-0.07807979,-0.1302393,-0.25128034,-0.1334448,-0.09354313,-0.16089058,-0.33963466,-0.0763788,-0.019184265,0.03862644,-0.13020106,-0.04855154,-0.06403229,-0.1446324,-0.24993798,0.48498946,0.26789618,0.41182196,0.3177406,0.24677525,-0.14115459,0.15752065,0.5170299,0.01196335,-0.16823806,-0.041587524,0.04314848,0.010939719,0.1941154,0.06229137,-0.16337015,-0.14733097,0.40441796,0.3712253,-0.13680789,0.26394963,0.023353148,-0.09103651,-0.3858127,0.2999519,-0.10028409,-0.044499528,-0.15658432,0.031776495,-0.1305503,0.03402153,0.25088558,0.006022261,-0.080727994,0.056709226,-0.027824543,0.2197258,-0.059484825,-0.0059497,-0.22671558,-0.18269333,-0.18504734,0.09681778,-0.10089182,-0.27535948,-0.16354176
0.7110089,0.6719097,0.7212503,0.5698273,0.24001725,-0.08190147,1.0,0.8766252,0.25978115,0.24988985,0.6849121,0.7520584,0.7555233,0.6888375,-0.019829659,0.12478726,0.62800246,0.3901343,0.5644872,0.62000024,0.0410644,-0.18057747,0.27076107,0.32636866,0.2501546,-0.19110897,0.17541486,0.43439624,0.5649711,0.5991311,0.23810604,0.13686536,0.596442,0.5495933,0.07585648,0.2944139,0.5199159,0.18904942,0.34225184,0.024160642,0.2393457,0.034575187,0.1774731,0.0849115,0.14545518,0.023408081,0.033194862,0.19142392,0.3106712,-0.073825695,-0.03223044,0.029123008,0.0679292,-0.46052936,0.31177884,0.010978025,0.8210647,0.6332273,-0.27125987,-0.29624924,0.7215753,0.53982246,0.8142518,0.7437264,0.29689887,0.29182878,-0.13762063,0.14074004,0.23974717,0.36102167,0.34169197,0.46137786,0.38121745,0.32559544,0.31994304,0.44583386,0.59253395,0.16322802,0.28989172,0.28289208,0.62510276,0.5747207,-0.14163312,-0.051522456,0.50847137,0.39907926,0.6278455,0.21424821,0.26320893,0.45027038,-0.15828942,0.19765288,-0.27250892,-0.26832372,-0.051463515,-0.028658252,0.1652709,0.22830628,0.09772145,0.13499025,0.14032325,-0.11641758,-0.32537603,-0.2174349,0.08454701,-0.1770542,0.22534789,0.41266495,0.28943,0.19957006,0.20478949,0.056084078,-0.11755652,0.14829066,0.3761491,0.37017024
0.6540496,0.6505134,0.69536394,0.59178495,0.19662924,-0.09717671,0.8766252,1.0,0.24321018,0.26963925,0.62317663,0.7313293,0.73481935,0.7069594,-0.06952889,0.1330123,0.5804591,0.44533575,0.55820674,0.58606994,0.023811616,-0.258575,0.24004902,0.3388885,0.24787036,-0.14936617,0.10168188,0.37524226,0.5747647,0.64581156,0.1671819,0.09600329,0.5452863,0.488829,0.04663315,0.28283706,0.50880575,0.21614408,0.3016136,-0.029491005,0.2675529,0.039081324,0.22133943,0.10369807,0.18136364,0.01435727,0.081108995,0.22478113,0.2637422,-0.028654281,-0.05585187,0.01583806,-0.0030392446,-0.4612158,0.3179314,0.07293122,0.76845014,0.6183073,-0.25449583,-0.2522083,0.68256116,0.56929153,0.75642776,0.7480863,0.258133,0.35171694,-0.1514155,0.15165846,0.1310696,0.30911267,0.3787678,0.45006883,0.401127,0.39150938,0.36705887,0.50887245,0.62186146,0.12625957,0.24717015,0.24732964,0.5890209,0.617694,-0.12188486,0.0039779255,0.470437,0.43708268,0.59744596,0.16879447,0.24505313,0.46435437,-0.053551093,0.29081073,-0.1819075,-0.23838584,0.003531186,-0.0007423136,0.17035127,0.23977858,0.1368799,0.17599066,0.12894283,-0.11699321,-0.30497915,-0.19445562,0.13376619,-0.13620679,0.20540401,0.31795147,0.2675005,0.18204464,0.17065845,0.040886004,-0.06775648,0.17759897,0.39067453,0.3542234
0.25403273,0.29758665,0.2964236,0.18354988,0.4290407,0.12838125,0.25978115,0.24321018,1.0,0.7122423,0.34156987,0.34449008,0.29342195,0.19536611,0.61337435,0.5972149,0.3874179,0.32320252,0.18523684,0.25947827,0.2363388,0.29176787,0.49830315,0.49554276,-0.016157562,0.038006864,0.11917593,0.19486405,0.40008196,0.47887185,0.42304096,0.4208206,0.21051842,0.3385159,0.33475935,0.5633135,0.3454189,0.5352654,0.54527175,0.39899507,0.23582575,0.2760616,0.40746614,0.48622274,0.12233559,0.10797706,0.4778034,0.5062403,-0.0400915,0.10306543,0.1557682,0.11323022,0.25246716,0.14341302,0.42469016,0.46367607,0.36410972,0.36452472,0.053864848,0.025367845,0.2593,0.23514737,0.2577792,0.087706424,0.3071569,0.3627909,0.28942335,0.484176,0.19168197,0.44740805,0.034072507,0.35070574,0.16279535,-0.016910084,0.12387105,0.11648824,0.36512098,0.25077602,0.018428162,0.075340636,0.4862006,0.533651,0.50418,0.49697027,0.5675322,0.5495589,0.27181208,0.13840492,0.40495953,0.46939227,0.22133803,0.48197484,0.08955141,-0.03669405,0.33699676,0.43113878,0.42885485,0.5306406,0.32528138,0.4134998,0.21431671,0.08279388,0.2604619,0.2425324,0.2890145,0.31586388,0.18459123,0.3168946,0.17510009,0.4793776,0.5321345,0.37102458,0.24180931,0.43504047,0.42624614,0.30181012
0.22861871,0.18006013,0.2372595,0.15705688,0.23957321,0.032865934,0.24988985,0.26963925,0.7122423,1.0,0.28166524,0.26653203,0.33475843,0.33692044,0.58100414,0.6174311,0.35182282,0.3205572,0.22408523,0.2729108,0.33400795,0.17940803,0.42708838,0.4456039,0.04140438,0.25273627,-0.1110927,0.088338874,0.4609394,0.5458647,0.2920835,0.27700967,0.22800829,0.32053554,0.31764197,0.49032485,0.32705057,0.55641145,0.4871294,0.29207587,0.313188,0.4172656,0.38484594,0.4696989,0.03468209,0.053076766,0.4063257,0.40111125,-0.06345204,-0.025423096,0.18026222,0.23631719,0.23517881,-0.0011548693,0.47542235,0.43983275,0.34741533,0.26771045,0.087603405,-0.16793026,0.29097483,0.18328223,0.2951866,0.07999722,0.2645833,0.3231471,0.15586816,0.4311496,0.0907996,0.48178926,0.07855967,0.27457163,0.088651404,0.078765586,0.18037167,0.2299045,0.34006137,0.048772022,0.051506788,-0.06353566,0.427044,0.48809257,0.53958565,0.5844289,0.56834847,0.49202833,0.31571928,0.03859664,0.5323869,0.5118341,0.38064334,0.5783366,0.23226413,0.021612111,0.28083456,0.4448722,0.34194112,0.38563448,0.36285692,0.3530247,0.40061435,-0.11442051,0.20543991,0.11348474,0.37703374,0.29101664,0.21675618,0.23572336,0.3017636,0.42372188,0.31534114,0.22257626,0.20274681,0.3916052,0.44831783,0.29517683
0.6163627,0.52530736,0.4661612,0.37569192,0.4917215,0.117052846,0.6849121,0.62317663,0.34156987,0.28166524,1.0,0.7974672,0.7900486,0.6906923,0.050662585,0.22262692,0.6621444,0.53379214,0.2453517,0.43440902,-0.13046838,-0.16040373,0.36666965,0.5061799,0.14030826,-0.36867583,0.4440068,0.5917789,0.72367483,0.5752671,0.43455935,0.3768456,0.32584545,0.37041172,-0.060724832,0.2679794,0.52947193,0.17255393,0.45770285,0.11605311,0.119593255,-0.1255964,0.09240593,-0.021005496,0.07534401,-0.073721625,0.06087655,0.16306822,0.30535424,-0.100201845,-0.04477479,-0.0040254346,0.12567736,-0.2515555,0.46272588,0.068591245,0.7077161,0.48179916,-0.0923879,-0.16407669,0.53800917,0.3271472,0.65932566,0.5467586,0.23820549,0.14866455,-0.1544952,0.096536845,0.2214691,0.2267354,0.41771612,0.6053293,0.5611192,0.42959642,0.51850706,0.37473753,0.6817202,0.4657167,0.35901847,0.24666598,0.5244892,0.5081586,-0.02738426,0.08158548,0.47975102,0.3720644,0.45065233,0.39728633,0.42239395,0.46701974,-0.10305338,0.22967415,-0.23826294,-0.34927708,0.11836593,0.012327185,0.29814175,0.22759221,0.19548689,0.1873514,0.07431419,-0.034788713,-0.19857162,-0.20721944,0.1569657,-0.08903839,0.29047564,0.28484452,0.35477796,0.21206906,0.25046897,0.053582657,-0.064979106,0.14317463,0.31305414,0.3635147
0.6112763,0.63585466,0.51119393,0.414954,0.42793658,0.04472113,0.7520584,0.7313293,0.34449008,0.26653203,0.7974672,1.0,0.75614226,0.6809739,0.06765233,0.18886769,0.6559149,0.56724936,0.3533798,0.46877983,-0.034000497,-0.11059918,0.29867804,0.44187844,0.16506074,-0.28075826,0.39259818,0.5142954,0.6749048,0.6148895,0.32214764,0.23419823,0.44325835,0.4505511,0.069867,0.27071398,0.61166984,0.24510092,0.49749854,0.1176808,0.26890793,-0.050361414,0.16862282,0.029527223,0.10607378,-0.025289156,0.0961449,0.21178839,0.24414252,-0.077380836,-0.07746029,0.0055688675,0.08124932,-0.3217556,0.43507084,0.16837607,0.7245327,0.56451094,-0.10021588,-0.12781736,0.5937556,0.44506875,0.6955606,0.6573445,0.2616611,0.24449107,-0.094197795,0.13782294,0.1651078,0.22015865,0.38566762,0.59484047,0.49307138,0.36651352,0.4221474,0.44068652,0.6315525,0.30941322,0.27634448,0.3310493,0.5896463,0.53679675,-0.064681776,0.016290773,0.46964648,0.39797297,0.44633391,0.32600805,0.3435665,0.5468698,-0.16162367,0.21924122,-0.34455046,-0.35791442,0.07261076,0.098245695,0.30308858,0.3047037,0.14552428,0.19315071,0.056068867,-0.08258034,-0.22976221,-0.15179022,0.17247596,-0.13010964,0.30302194,0.34601372,0.3684461,0.26140648,0.27683595,0.08111679,-0.034206804,0.21628542,0.41299477,0.43274614
0.5953234,0.5284765,0.42649737,0.3455795,0.47892448,0.2061405,0.7555233,0.73481935,0.29342195,0.33475843,0.7900486,0.75614226,1.0,0.84438425,0.012005819,0.2864728,0.52873117,0.43975282,0.2596981,0.4125541,-0.22777739,-0.37647614,0.21903107,0.45394573,0.038287725,-0.40382865,0.3564234,0.6467448,0.79789203,0.59234244,0.3490224,0.29853633,0.26198363,0.27925456,0.022243826,0.34945703,0.47356617,0.16131121,0.3612506,-0.016142102,0.25036344,-0.16696958,0.10098903,-0.040360864,0.07713934,-0.1055695,-0.037910458,0.124534585,0.22907041,-0.124467544,-0.059398722,0.0043166387,0.15465192,-0.36095208,0.38100496,0.04043956,0.68394923,0.4426464,-0.1599037,-0.21532306,0.5720709,0.3353268,0.7223102,0.6065046,0.26524165,0.21967645,-0.20450665,0.05399495,0.13445202,0.19337688,0.6216076,0.5801385,0.6508045,0.59527075,0.5409286,0.5133171,0.7373243,0.39734888,0.2851846,0.09773054,0.5380247,0.51438695,-0.014137702,0.032767687,0.5255365,0.32407326,0.5851148,0.35056484,0.38214445,0.40128487,0.0061901305,0.23545359,-0.27313742,-0.43728217,0.20803219,-0.035509884,0.207067,0.15900548,0.12976411,0.07626829,0.05649046,-0.068027645,-0.40188286,-0.33831647,0.088673,-0.26287028,0.2984264,0.2859674,0.4005527,0.16336371,0.09244423,-0.103719056,-0.11500996,0.073058344,0.2735892,0.30862486
0.5330445,0.47781885,0.43693227,0.3799168,0.37346217,0.08613891,0.6888375,0.7069594,0.19536611,0.33692044,0.6906923,0.6809739,0.84438425,1.0,-0.047032792,0.2469117,0.4973816,0.46307755,0.25426424,0.38764843,-0.1481677,-0.32253253,0.2646895,0.476519,0.08534175,-0.2848389,0.2531156,0.52851415,0.7539569,0.6615483,0.30884755,0.23717709,0.27432555,0.27695706,-0.032348733,0.20743234,0.48394248,0.18172705,0.33360088,-0.02506427,0.18488224,-0.093280695,0.11337471,-0.051404268,0.030246856,-0.028504727,0.014269409,0.12621142,0.24099864,-0.08678778,-0.04995331,0.03980608,0.2548522,-0.3094458,0.39328402,0.08524105,0.6401624,0.42390206,-0.034813385,-0.19571571,0.5905523,0.3833198,0.6424877,0.5836589,0.24686839,0.2795349,-0.19838034,0.04066604,0.03785134,0.16796766,0.51139814,0.5056823,0.52559584,0.5490769,0.43567008,0.5254962,0.70582944,0.3166906,0.23131414,0.09906961,0.4659322,0.4702143,0.013555108,0.030194558,0.45366076,0.32264164,0.48537937,0.31989783,0.34655988,0.416689,0.008387381,0.2305499,-0.18164678,-0.3373976,0.09352225,0.015163421,0.19991809,0.16560824,0.18189387,0.10102307,0.07634143,-0.13789546,-0.32051837,-0.3189305,0.07759737,-0.19027251,0.15339239,0.17610337,0.4176057,0.16817938,0.026060637,-0.051355477,-0.055687107,0.059660092,0.2925935,0.2422197
0.03489307,0.045198623,0.05127669,0.035270307,0.23027009,0.17212749,-0.019829659,-0.06952889,0.61337435,0.58100414,0.050662585,0.06765233,0.012005819,-0.047032792,1.0,0.66464305,0.17092328,0.10534159,-0.05253805,0.04808746,0.27657688,0.5287651,0.45459148,0.38395247,0.006202761,0.112573594,0.1285361,0.048855778,0.26951563,0.26285022,0.38365752,0.3441122,0.066775255,0.2360642,0.439762,0.4505938,0.24076912,0.53065085,0.5643738,0.55177915,0.29130036,0.33227155,0.3098801,0.43996263,0.03588777,0.12248232,0.44842413,0.39569238,-0.06447659,0.12588054,0.23932646,0.19217548,0.2028913,0.29041532,0.43582788,0.52076435,0.055063527,0.05592915,0.049793795,-0.105536915,0.034632456,-0.071212515,-0.0060835606,-0.14991775,0.33754805,0.15013662,0.3216153,0.43501177,0.1096725,0.30129558,-0.12016216,0.16834559,-0.036772743,-0.07322855,0.0992873,-0.11831147,0.11091688,0.14270626,-0.03696196,-0.05086549,0.33078325,0.32192886,0.46951118,0.5463707,0.5033026,0.33228338,0.042587955,0.09437657,0.497623,0.37555873,0.2905663,0.36279693,0.12964843,0.049715713,0.3925478,0.49301332,0.50725514,0.40679282,0.34055606,0.3836974,0.20845729,0.17740032,0.34428376,0.3502658,0.34984112,0.38027948,0.1467104,0.30865055,0.3084369,0.35679817,0.45718062,0.3311693,0.30459177,0.3788138,0.32028085,0.27578437
0.28565124,0.21101286,0.16696972,0.19372436,0.3551199,0.2290612,0.12478726,0.1330123,0.5972149,0.6174311,0.22262692,0.18886769,0.2864728,0.2469117,0.66464305,1.0,0.09693334,0.115247704,-0.026626406,0.13571861,-0.041387137,0.14759926,0.35229215,0.5098635,-0.04704373,-0.16297089,0.20828472,0.29517806,0.4841329,0.4069936,0.4223523,0.42401388,-0.044017646,0.09430978,0.27351934,0.5450285,0.20461506,0.48056364,0.45378998,0.33684844,0.26053435,0.08611518,0.47860885,0.4537259,0.20089416,0.23303911,0.41622517,0.3698158,0.014171712,0.2819247,0.16343214,0.27495953,0.19354388,0.28422937,0.5078173,0.4880601,0.23057327,0.1777044,-0.015576685,-0.00088557403,0.2071893,0.09044389,0.030274421,0.01945444,0.215122,0.3110975,0.2957666,0.43245926,0.119140126,0.27950504,0.18549095,0.2233364,0.3453304,0.3165437,0.3423573,0.18123683,0.24869964,0.21451579,-0.08682131,-0.3221653,0.18350607,0.4322048,0.37637714,0.5334547,0.42614523,0.5015636,0.17516693,0.1388541,0.55848336,0.39827967,0.4088998,0.47918475,0.12762824,-0.086732306,0.5957823,0.27532592,0.42656824,0.34958297,0.49388885,0.44314054,0.2028559,0.27333248,0.14374778,0.027003784,0.2395904,0.17473282,0.12696137,0.07178245,0.4084872,0.22446764,0.34304306,0.30235386,0.489837,0.435281,0.26610103,0.30100638
0.53427,0.547643,0.593454,0.43894094,0.2693356,-0.1653996,0.62800246,0.5804591,0.3874179,0.35182282,0.6621444,0.6559149,0.52873117,0.4973816,0.17092328,0.09693334,1.0,0.616674,0.48355782,0.5614685,0.38181537,0.17852941,0.48310488,0.4353233,0.33120197,0.055356454,0.11787559,0.19672248,0.5064305,0.6312248,0.31013235,0.241728,0.6517471,0.6832596,0.1446369,0.27691498,0.6349979,0.3595023,0.60195744,0.35003927,0.21575549,0.2927031,0.22159807,0.27508518,0.042465918,0.10165866,0.29365465,0.42894396,0.29646012,-0.042232297,0.049395364,0.15939203,0.1814802,-0.25323108,0.5092123,0.27351865,0.6978568,0.59604377,0.06219954,-0.058608163,0.5124121,0.5033842,0.6392409,0.5338372,0.3455795,0.24487923,0.06918395,0.3734908,0.29871163,0.5152723,0.047034822,0.47554865,0.15062852,-0.008456469,0.15377797,0.20450103,0.55675536,0.25172496,0.47918034,0.5576735,0.6891968,0.61408514,0.11372513,0.12880985,0.5255574,0.43227872,0.4660096,0.15975718,0.3426131,0.5976311,-0.174434,0.27835006,-0.1478246,-0.03675638,-0.124514826,0.33845434,0.4724335,0.47672567,0.22075804,0.33622974,0.20649567,-0.17430615,0.0396013,0.09255749,0.35014457,0.17381588,0.2765067,0.47971135,0.33990842,0.46094373,0.48878726,0.26966366,-0.017634744,0.30734992,0.51541024,0.48453987
0.26720142,0.27713054,0.34732836,0.3229072,0.24164417,0.046271894,0.3901343,0.44533575,0.32320252,0.3205572,0.53379214,0.56724936,0.43975282,0.46307755,0.10534159,0.115247704,0.616674,1.0,0.25361547,0.25232896,0.23952077,0.06051863,0.4715497,0.44670883,0.18760262,0.015936637,0.09390517,0.092318274,0.55190974,0.5943385,0.22494681,0.2456326,0.33836418,0.3994782,0.18313295,0.27964473,0.5525266,0.39364302,0.42178288,0.2577032,0.20553847,0.23374905,0.1208178,0.13692285,-0.071888074,-0.013322176,0.25605738,0.3004022,0.029171051,-0.10228921,-0.056390874,-0.06512432,0.16404833,-0.10109257,0.41570678,0.3229932,0.4136029,0.34918395,0.051084127,-0.120435216,0.23848608,0.24967909,0.41390997,0.28834563,0.18883654,0.16436018,-0.0826839,0.23080078,-0.062489375,0.24829486,0.18611382,0.44749823,0.24693538,0.14945027,0.2342789,0.27761412,0.58534503,0.3290293,0.3599949,0.42909893,0.52098763,0.53516173,0.15338326,0.25731322,0.4318946,0.35360873,0.1424284,0.10936764,0.3246113,0.46551633,0.08501249,0.38279238,0.02273369,-0.034005333,-0.04437506,0.41838893,0.31770927,0.30698305,0.23905587,0.2684718,0.23558488,-0.12002926,0.16772689,0.15343446,0.351683,0.24154967,0.27092203,0.24115908,0.2682696,0.36207318,0.27453807,0.11693667,0.06475363,0.24760011,0.3573091,0.28751463
0.5797118,0.5434581,0.72047967,0.63280344,-0.19931237,-0.41863182,0.5644872,0.55820674,0.18523684,0.22408523,0.2453517,0.3533798,0.2596981,0.25426424,-0.05253805,-0.026626406,0.48355782,0.25361547,1.0,0.8261892,0.5070374,-0.09507091,0.08553096,-0.009593633,0.25781348,0.3058241,-0.4109336,-0.08251135,0.123411074,0.4382157,-0.24967691,-0.25556815,0.6891844,0.5159957,0.20498472,0.15331264,0.42596337,0.39061528,0.20400678,0.06832262,0.33219236,0.44683403,0.33037668,0.370786,0.099596046,0.20354116,0.25953677,0.3748397,0.14697437,-0.0494464,0.053113647,0.03258824,-0.16904193,-0.31126973,0.27275515,0.26986724,0.6064716,0.63249254,-0.022561397,-0.16841818,0.49046406,0.59377205,0.47859716,0.48287743,0.03707834,0.28007305,0.16144732,0.39523154,0.4513018,0.61711735,-0.009653061,0.05905221,-0.0696521,-0.026774766,-0.05395649,0.43813646,0.2209106,-0.26331133,0.26968697,0.21753834,0.39617312,0.3340782,-0.039935905,-0.06601972,0.1633453,0.4040288,0.5169964,-0.28491136,0.06841038,0.36022326,-0.019755876,0.36678585,0.13742651,0.19404165,-0.2735744,0.30479333,0.22216953,0.3663146,0.19732952,0.32398942,0.06765735,-0.20860615,-0.0073830187,0.02090546,0.2073162,0.08341516,0.098180346,0.309729,0.1862204,0.4030099,0.28931513,0.18306378,-0.026577711,0.3334394,0.49024335,0.4295772
0.73699427,0.6858448,0.773077,0.7167885,0.0015702889,-0.29318833,0.62000024,0.58606994,0.25947827,0.2729108,0.43440902,0.46877983,0.4125541,0.38764843,0.04808746,0.13571861,0.5614685,0.25232896,0.8261892,1.0,0.40604967,-0.088890284,0.2251815,0.24985926,0.23518991,0.12411439,-0.1855249,0.115163416,0.29206106,0.5348789,0.0022114385,0.0015374841,0.67941904,0.5728418,0.19435789,0.28504097,0.49814066,0.399019,0.35330892,0.16758515,0.288077,0.3508098,0.37237963,0.41399267,0.16533084,0.28171483,0.3426996,0.48284113,0.23266415,-0.016478015,0.056917917,0.121269785,-0.062955745,-0.19507374,0.44694287,0.33656135,0.7271701,0.74984455,0.0048408215,-0.18233992,0.56652576,0.62953293,0.50781786,0.5761185,0.09725913,0.3192124,0.23307753,0.47943142,0.557764,0.660126,0.09343525,0.20626426,0.096957035,0.081684075,0.058008894,0.40638268,0.32869163,-0.04346987,0.2846749,0.17554839,0.41940767,0.42622572,-0.03785144,0.0500085,0.24699923,0.4968443,0.51832587,-0.105524756,0.24778758,0.43375847,-0.02744678,0.38826242,0.08562466,0.14098161,-0.11995675,0.29581633,0.37570694,0.485512,0.3042511,0.4365329,0.02680676,-0.08581448,0.0067382115,-0.02154743,0.26457816,0.12112275,0.124202274,0.32385176,0.27890995,0.44207656,0.38381606,0.29107004,0.083538815,0.40162188,0.54775524,0.5181499
0.075759545,0.13818985,0.3248791,0.21953502,-0.2987348,-0.45027286,0.0410644,0.023811616,0.2363388,0.33400795,-0.13046838,-0.034000497,-0.22777739,-0.1481677,0.27657688,-0.041387137,0.38181537,0.23952077,0.5070374,0.40604967,1.0,0.44224313,0.25598726,0.022017404,0.23682632,0.65932333,-0.50238425,-0.45814374,-0.15527889,0.28148702,-0.19886245,-0.23031783,0.5602811,0.51413184,0.39548635,0.11263845,0.33873293,0.48097715,0.289912,0.3434838,0.2666474,0.7520125,0.21152104,0.4301712,-0.004065277,0.18641925,0.35956314,0.39896983,-0.022871163,-0.050650485,0.094462425,0.12144438,0.04808216,-0.006025397,0.23514156,0.40995517,0.16475104,0.28100157,0.21548131,-0.0947704,0.07831783,0.27268872,0.11063244,-0.030012678,0.15307641,0.16783246,0.22671506,0.4305022,0.18737106,0.5689433,-0.43151015,-0.037634544,-0.4886721,-0.48733875,-0.31721836,0.05173205,-0.041410513,-0.3504644,0.15773004,0.31515327,0.2817955,0.13958588,0.28747725,0.16133143,0.16713189,0.2695758,0.16749701,-0.3183117,0.07448582,0.33331004,-0.05444748,0.26673114,0.21713874,0.4212628,-0.36147362,0.5682197,0.29888585,0.38093308,0.13349013,0.29537442,0.25283328,-0.29268423,0.32438526,0.3572322,0.34988105,0.38732114,0.040990755,0.3112491,0.06575289,0.553221,0.34819826,0.26338145,0.0060231043,0.30754164,0.47859156,0.34809384
-0.16747765,-0.056262545,0.0025640533,-0.042764243,-0.014210766,-0.10981953,-0.18057747,-0.258575,0.29176787,0.17940803,-0.16040373,-0.11059918,-0.37647614,-0.32253253,0.5287651,0.14759926,0.17852941,0.06051863,-0.09507091,-0.088890284,0.44224313,1.0,0.45934573,0.23101325,0.15698043,0.3008194,0.026322408,-0.27982345,-0.15104277,0.07780995,0.29195124,0.23260796,0.215255,0.37956735,0.23876029,0.031781055,0.18679167,0.25767824,0.40704143,0.55845237,-0.057635654,0.36737198,0.0915483,0.25837097,0.02971157,0.198047,0.31428015,0.24272968,0.03812368,0.10982834,0.17397825,0.10519884,0.20884515,0.2229528,0.1315174,0.25993043,-0.10243936,0.0145391375,0.0772248,0.021639677,-0.10341699,-0.045716997,-0.14489093,-0.2222144,0.18955801,-0.021932969,0.3050261,0.27156618,0.03599057,0.13580333,-0.5831809,-0.007884307,-0.3829898,-0.48215315,-0.2176735,-0.45429513,-0.15077071,0.04755561,0.006430149,0.2717005,0.109550625,0.061452445,0.2632695,0.28449076,0.17832197,0.11078889,-0.22740385,0.07787935,0.112691455,0.23922315,-0.12309909,-0.06743337,-0.06621389,0.16338944,-0.08545229,0.36546546,0.32039538,0.26829466,0.08583029,0.20718671,0.20959865,-0.0315616,0.4385675,0.4100911,0.19555324,0.40542102,-0.008763648,0.2278547,0.014324808,0.24045442,0.42239794,0.3910052,0.17470288,0.16933915,0.18097435,0.112608224
0.22050618,0.15220885,0.43424767,0.4017083,0.30805337,0.06061688,0.27076107,0.24004902,0.49830315,0.42708838,0.36666965,0.29867804,0.21903107,0.2646895,0.45459148,0.35229215,0.48310488,0.4715497,0.08553096,0.2251815,0.25598726,0.45934573,1.0,0.74316496,0.15285599,0.03453944,0.1848814,0.060167402,0.40857023,0.52212983,0.57676446,0.5955079,0.35072494,0.53189015,0.19796033,0.3726646,0.48562828,0.3813394,0.59862554,0.55827874,0.09027975,0.3141301,0.24770741,0.30301142,0.037404634,0.08266765,0.4397503,0.39133027,0.09249134,-0.007158429,0.068970345,0.0063930335,0.3435955,0.13532493,0.49410564,0.35083693,0.33621103,0.25929403,-0.06747828,-0.23856987,0.20174035,0.1255571,0.18004297,0.09947767,0.28689,0.15455583,0.17248309,0.38418734,-0.026907217,0.3232692,-0.036319118,0.46848664,0.085007556,-0.018466126,0.22937436,-0.059617143,0.45730072,0.4542666,0.32908294,0.31402966,0.39567724,0.5086341,0.30309683,0.5672842,0.44615573,0.40324834,0.08205555,0.19201557,0.502117,0.43126914,0.11556886,0.29767656,0.13557601,0.05346793,0.13617726,0.45222914,0.4574711,0.4209365,0.36608222,0.39218956,0.26323065,0.0003315146,0.4517121,0.38633907,0.39936736,0.52445495,0.19810443,0.2306719,0.27693743,0.31583673,0.47708935,0.3896686,0.28294623,0.3167144,0.3227441,0.17543876
0.35403162,0.31805387,0.37201893,0.4067597,0.4977787,0.19895932,0.32636866,0.3388885,0.49554276,0.4456039,0.5061799,0.44187844,0.45394573,0.476519,0.38395247,0.5098635,0.4353233,0.44670883,-0.009593633,0.24985926,0.022017404,0.23101325,0.74316496,1.0,0.105993845,-0.23357506,0.35832682,0.33488297,0.60416746,0.5880401,0.66705287,0.69564795,0.19625783,0.40232837,0.079919994,0.440985,0.44493985,0.29063168,0.56278604,0.39971828,0.09232948,0.055977814,0.2886527,0.2508697,0.095172085,0.12513353,0.37296605,0.36454687,0.11792547,0.0239528,0.104846895,0.14211653,0.33387142,0.10353819,0.529478,0.32834417,0.40470818,0.32803735,-0.058042247,-0.1045058,0.28603014,0.19111949,0.2084838,0.25852478,0.29063466,0.25119394,0.10483904,0.33236793,0.01577732,0.25753787,0.21382074,0.5464476,0.40118954,0.27404943,0.41013053,0.08268864,0.6115503,0.56662136,0.21150562,0.10502473,0.32837903,0.5375427,0.25198436,0.5199119,0.44116476,0.46669376,0.16522427,0.38280717,0.54571897,0.49021342,0.104435705,0.34345418,-0.011723841,-0.075578496,0.2874955,0.26824057,0.43414265,0.3814763,0.36441416,0.35562414,0.116769314,0.06863614,0.20798907,0.17807715,0.31653082,0.3123758,0.14685583,0.09321433,0.371134,0.24751437,0.39189506,0.29145673,0.2783706,0.31084195,0.28668413,0.2536281
0.27952322,0.30099088,0.31412894,0.30400887,-0.22386508,-0.43863392,0.2501546,0.24787036,-0.016157562,0.04140438,0.14030826,0.16506074,0.038287725,0.08534175,0.006202761,-0.04704373,0.33120197,0.18760262,0.25781348,0.23518991,0.23682632,0.15698043,0.15285599,0.105993845,1.0,0.10451975,-0.107392214,-0.1559522,0.014959007,0.21509133,-0.022230342,-0.03274401,0.3636679,0.3813683,-0.08432726,-0.08729715,0.218902,0.10732836,0.11154135,-0.0077505526,0.04178094,0.2719598,0.03628804,0.12289992,0.19131567,0.09352493,0.116847664,0.15405089,0.27302998,0.09930971,0.0031901,0.23091029,0.02594138,-0.13996206,0.048048723,0.05848076,0.29162475,0.2746365,-0.07636853,-0.05113547,0.31124473,0.41282448,0.17239395,0.23283333,0.21648589,0.24580371,0.008644488,0.14615938,0.17967297,0.2680902,-0.23369811,0.102083474,-0.15150024,-0.11807062,-0.03141754,0.093489215,0.06124707,-0.1603203,0.085742205,0.18717699,0.2229333,0.20409763,-0.13600856,-0.051904414,0.12684079,0.21118456,0.18013032,-0.017678792,-0.06414738,0.21938288,-0.23085268,0.0203462,0.0032218192,0.153428,-0.14110726,0.09505903,0.14474177,0.21054256,0.084150374,0.1836742,0.06468831,-0.15098464,-0.069099754,-0.06821697,0.0095421905,-0.028284492,-0.06797805,0.1815643,0.006261541,0.17805126,0.29032463,0.22648476,-0.031163363,0.15576407,0.2524824,0.25820935
-0.17656623,-0.13679372,-0.0011262296,0.01876439,-0.4608965,-0.39356354,-0.19110897,-0.14936617,0.038006864,0.25273627,-0.36867583,-0.28075826,-0.40382865,-0.2848389,0.112573594,-0.16297089,0.055356454,0.015936637,0.3058241,0.12411439,0.65932333,0.3008194,0.03453944,-0.23357506,0.10451975,1.0,-0.61670816,-0.5796246,-0.3186774,0.031004958,-0.38872504,-0.38411775,0.27307355,0.1649587,0.25286064,-0.12569645,0.030284112,0.24480505,-0.009731041,0.075303346,0.120748796,0.5914015,0.05655364,0.22143526,-0.12329352,0.01651433,0.1946223,0.14057979,-0.24141602,-0.039827738,0.0015060224,-0.0644461,-0.04441306,0.011604024,-0.004898004,0.23831783,-0.094011076,0.050663,0.20870355,-0.07706895,-0.14406154,0.09566476,-0.0932265,-0.18399863,-0.07717508,-0.0032180725,0.10771764,0.1301229,-0.036073603,0.26930952,-0.44153976,-0.3441376,-0.5952464,-0.4675969,-0.40014285,-0.043812342,-0.30537686,-0.5314759,-0.025555758,0.12545371,-0.051531967,-0.14668861,0.17013572,0.13189149,-0.11163889,-0.04773973,-0.05981745,-0.42326462,-0.105378084,0.020790767,0.17114395,0.1726716,0.37335312,0.36550987,-0.31625262,0.39316496,0.025697224,0.11706338,0.0147294095,0.09748905,0.2661113,-0.27470553,0.33351204,0.27024382,0.18873474,0.3454121,-0.06261129,0.03477398,-0.12408431,0.27496094,0.005944353,0.1004899,0.025265766,0.13084483,0.17389198,-0.0095910225
0.15899403,0.16036056,-0.072383836,-0.052502032,0.6244823,0.45462367,0.17541486,0.10168188,0.11917593,-0.1110927,0.4440068,0.39259818,0.3564234,0.2531156,0.1285361,0.20828472,0.11787559,0.09390517,-0.4109336,-0.1855249,-0.50238425,0.026322408,0.1848814,0.35832682,-0.107392214,-0.61670816,1.0,0.622142,0.3612204,0.057579633,0.627985,0.5121445,-0.13459393,0.016311891,-0.12750788,0.12610619,0.1743163,-0.15020195,0.3299815,0.19231588,-0.15361245,-0.4650548,-0.12794057,-0.23872003,0.053109337,-0.1259773,-0.12679246,-0.08966555,0.12927108,-0.010343796,-0.049373854,0.0371696,0.16026059,0.07294598,0.12307957,-0.17161469,0.14939797,-0.004987153,-0.15762663,0.015692929,0.12320131,-0.08025232,0.17190593,0.16239454,0.155791,-0.012464769,-0.08438727,-0.11845743,-0.032314382,-0.23957518,0.27337816,0.39438143,0.47075793,0.29159582,0.38524067,-0.13301378,0.26175627,0.6328092,0.13430686,0.1208253,0.18246646,0.18105534,-0.12513241,-0.03466491,0.24574721,0.00043004923,-0.042115644,0.63217133,0.23971719,0.07491856,-0.24078874,-0.27573064,-0.49529284,-0.526791,0.28204766,-0.2403118,0.1510795,0.0042350213,-0.07420106,-0.09022748,-0.18371287,0.3233607,-0.21003492,-0.17925479,-0.07672631,-0.2674418,0.10692034,0.1325898,0.11246637,-0.13885355,0.10213,-0.012048836,-0.04730607,-0.089516625,-0.10950751,0.06674651
0.36103684,0.30903772,0.12011178,0.11855456,0.5970975,0.47277427,0.43439624,0.37524226,0.19486405,0.088338874,0.5917789,0.5142954,0.6467448,0.52851415,0.048855778,0.29517806,0.19672248,0.092318274,-0.08251135,0.115163416,-0.45814374,-0.27982345,0.060167402,0.33488297,-0.1559522,-0.5796246,0.622142,1.0,0.57743657,0.23506577,0.47245106,0.38771743,-0.045022853,0.009451519,-0.17822312,0.15768449,0.21908371,-0.0711419,0.27152956,-0.02056938,-0.030746924,-0.42263573,0.006124492,-0.19163784,0.0534275,-0.096461065,-0.11767729,-0.07520357,0.13519959,0.011360407,-0.045748923,0.044618577,0.0979628,-0.08103063,0.23299742,-0.1316894,0.3812473,0.17505114,-0.1474745,-0.07428995,0.3559368,0.07669373,0.41448674,0.4218538,0.10597175,0.06760728,-0.22814122,-0.11895853,0.10065236,-0.066761225,0.54829156,0.38947764,0.6368002,0.5531942,0.463118,0.19829483,0.41234577,0.48422804,0.09842309,-0.11964648,0.23383614,0.1973256,-0.10257614,-0.0563305,0.26485923,0.09199,0.28765714,0.5412382,0.3631786,0.17677759,-0.06874724,0.018761529,-0.4493773,-0.51596117,0.28953242,-0.30701384,0.09376365,-0.0014803481,0.073544964,-0.03139271,-0.1414783,0.20143093,-0.3652447,-0.36382717,-0.04870582,-0.34178442,0.09946356,0.109525606,0.26110324,-0.087284714,-0.05469654,-0.10080742,-0.051845018,-0.039426293,0.024686942,0.14067553
0.47577828,0.40616882,0.35290188,0.33861235,0.5095708,0.2882214,0.5649711,0.5747647,0.40008196,0.4609394,0.72367483,0.6749048,0.79789203,0.7539569,0.26951563,0.4841329,0.5064305,0.55190974,0.123411074,0.29206106,-0.15527889,-0.15104277,0.40857023,0.60416746,0.014959007,-0.3186774,0.3612204,0.57743657,1.0,0.6643314,0.44780573,0.424578,0.16400118,0.25574335,0.14467265,0.43953428,0.55408704,0.3576068,0.5194037,0.18606097,0.30779403,-0.048148513,0.1776532,0.1033638,0.057350043,-0.03560388,0.1762148,0.2654919,0.10975131,-0.031297274,-0.013525662,0.01701996,0.20538427,-0.16848402,0.53047425,0.2927296,0.56014496,0.3849151,-0.10140292,-0.16919951,0.41277567,0.22724618,0.533344,0.45019415,0.27170613,0.216504,-0.07931846,0.18374252,0.05590181,0.20623907,0.5522175,0.5856821,0.65044624,0.6152599,0.6358475,0.42265567,0.72684926,0.49331903,0.2920592,-0.002468685,0.49076292,0.57400185,0.21199916,0.32821047,0.57096726,0.41536224,0.40810972,0.3675875,0.5385562,0.5159931,0.21589987,0.40140522,-0.115518525,-0.32980713,0.4123041,0.2036918,0.43458727,0.28402102,0.30478105,0.25048757,0.1756396,0.06185976,-0.1022109,-0.12769383,0.28945282,0.009976537,0.3486999,0.24639714,0.5618655,0.25837004,0.22400714,0.051388122,0.13386758,0.23831347,0.31209958,0.349807
0.5497532,0.55020064,0.56679803,0.4996826,0.19414482,-0.16077583,0.5991311,0.64581156,0.47887185,0.5458647,0.5752671,0.6148895,0.59234244,0.6615483,0.26285022,0.4069936,0.6312248,0.5943385,0.4382157,0.5348789,0.28148702,0.07780995,0.52212983,0.5880401,0.21509133,0.031004958,0.057579633,0.23506577,0.6643314,1.0,0.30645475,0.25892484,0.4423862,0.4598625,0.20539883,0.36667857,0.6785941,0.51970804,0.53698134,0.2178516,0.25186232,0.32666162,0.32097796,0.29304534,0.06320586,0.19295985,0.41147885,0.49488413,0.19687048,0.07397676,0.05500673,0.0912957,0.22790384,-0.17875482,0.5435473,0.45360336,0.65455794,0.59277636,-0.008509447,-0.15688752,0.52778846,0.45924973,0.5440703,0.41347617,0.24398881,0.3369002,0.045860734,0.36798924,0.14860663,0.46548006,0.161464,0.46362162,0.33519527,0.29525298,0.3348671,0.48487929,0.64288723,0.20958252,0.25163582,0.22071691,0.60065776,0.6170165,0.20606044,0.34725642,0.5811324,0.6165174,0.46553367,0.17566228,0.40838167,0.65510434,0.12243855,0.48625258,0.013511517,-0.04801284,0.13818224,0.4017535,0.47466806,0.5167905,0.39994594,0.47785732,0.24834962,-0.086836986,0.032678243,0.03572698,0.3469801,0.13922293,0.16541128,0.31224707,0.46294644,0.47734922,0.4024346,0.28185984,0.16905127,0.42373452,0.5778547,0.4930421
0.25097066,0.19488086,0.1538858,0.18165474,0.5632758,0.3398761,0.23810604,0.1671819,0.42304096,0.2920835,0.43455935,0.32214764,0.3490224,0.30884755,0.38365752,0.4223523,0.31013235,0.22494681,-0.24967691,0.0022114385,-0.19886245,0.29195124,0.57676446,0.66705287,-0.022230342,-0.38872504,0.627985,0.47245106,0.44780573,0.30645475,1.0,0.85253966,0.05251263,0.26974407,-0.089154504,0.31709826,0.24367295,0.07732692,0.46194902,0.36331302,-0.15045044,-0.14837746,0.16230612,0.16455188,0.036848918,0.09693995,0.27770376,0.26703742,0.10006623,0.0024100784,0.14154294,0.16257842,0.34677652,0.122550264,0.34526846,0.06772914,0.31015828,0.1865934,-0.1487307,-0.08872527,0.23091914,0.015521837,0.16885848,0.111306295,0.21094589,0.09569269,0.08785904,0.20400557,0.046587493,0.11275688,0.07146697,0.36549053,0.31321043,0.1500109,0.2778503,-0.30431953,0.38268083,0.68878454,0.25613493,0.08980342,0.27888176,0.37637204,0.22327964,0.40889475,0.44275796,0.27825877,0.0064478386,0.653513,0.46286952,0.31386152,-0.018623257,0.08898333,-0.23850337,-0.28332528,0.3300393,-0.027249083,0.32330275,0.27001408,0.23799138,0.24138604,0.04281205,0.29185182,0.16119532,0.1352239,0.21483225,0.15900496,0.010800671,0.09813452,0.21899287,0.04544498,0.3787813,0.34657916,0.25277045,0.17512171,0.13846721,0.1072148
