1.0,0.75648326,0.6191922,0.5603244,-0.29744536,-0.28968403,0.7480893,0.5578515,-0.21448615,-0.19464347,0.6444138,0.52327746,0.55663514,0.2504353,-0.13484833,-0.09360208,0.5813539,0.33491507,0.7411789,0.7373369,-0.22086053,-0.04333189,0.6596115,0.15832491,-0.14045048,-0.22755086,-0.08884826,-0.19092838,-0.03976783,0.060866196,0.18160242,0.17836712,0.5994519,0.49515775,0.25456238,0.28519377,0.3660827,0.15017755,-0.013998696,0.081716366,0.16621684,-0.22839159,0.31181374,0.2887805,0.23727372,-0.22109492,0.27798554,0.32644403,0.20118126,0.20480935,-0.04257503,0.05372037,0.046513457,-0.29554477,-0.116281696,-0.14393085,0.85224676,0.5082248,0.36835214,-0.19015229,0.5475551,0.03813481,0.49329016,0.02210285,0.38984695,0.07340343,0.23494749,0.21166617,0.6210484,0.4207603,-0.015548565,-0.2482281,-0.16781305,-0.18214272,-0.13602197,0.06225164,-0.005831603,-0.011436827,0.3868787,0.38714015,0.54143083,0.023545528,0.038407248,-0.011498641,0.21498816,-0.06785673,-0.2466873,-0.16938591,-0.22602406,-0.32752278,0.11221328,0.08925558,0.42357174,0.32564306,-0.22769985,-0.07099417,0.06803067,-0.04085799,-0.02210232,-0.11787968,0.08413591,-0.027602522,0.39499614,0.44878918,0.014360099,0.18348426,-0.21873197,0.060935777,0.24705108,0.20553334,0.22497138,-0.12037072,-0.078819275,-0.083130434,-0.028870124,0.19920658
0.75648326,1.0,0.53648996,0.5615959,-0.13258627,-0.265521,0.55314106,0.663861,-0.084283724,-0.087676406,0.5182968,0.6816142,0.39851442,0.49654734,0.005194234,0.09866935,0.5471126,0.5106218,0.71860486,0.65832716,-0.019003628,-0.039281115,0.46585354,0.35889578,-0.14381061,-0.046423778,-0.036261298,-0.30011877,0.15973413,0.19393301,0.10005464,0.3447084,0.53477764,0.44658056,0.27026588,0.27913767,0.38691404,0.28853303,0.08197581,0.19282411,0.25990215,-0.042015925,0.3174915,0.33786893,0.16272675,-0.07916813,0.2483155,0.30479255,0.23457024,0.21478677,-0.15363033,0.04813982,0.012192025,-0.18415895,-0.112646826,-0.029127209,0.6620356,0.74747056,0.28222334,-0.059859376,0.34126326,0.2507521,0.17559107,0.38226637,0.08831091,0.30842447,0.29683316,0.3078501,0.6875872,0.45521975,-0.11592958,-0.10332684,-0.16233124,-0.1461824,0.017118832,0.0863764,0.08346301,0.07411258,0.48652476,0.4298833,0.35068473,0.3678671,0.027621133,0.24309906,-0.13650306,0.26110584,-0.33048496,0.00058167777,-0.27792302,-0.066554084,-0.14385767,0.17268401,0.3007033,0.39123857,-0.16983677,-0.027028201,0.115743764,0.023297586,-0.09582747,-0.05312284,-0.069644675,0.108083464,0.18569198,0.420267,0.029154008,0.10282191,-0.18349394,0.124940366,0.28782803,0.18098806,0.26375303,-0.031053988,-0.08533532,-0.17159623,-0.14740759,0.16170639
0.6191922,0.53648996,1.0,0.7997223,-0.04095527,-0.100012496,0.7284199,0.5917556,-0.07170979,-0.049790334,0.46800548,0.43414065,0.36347368,0.22209272,-0.09542679,-0.07705456,0.46689683,0.28971362,0.68093145,0.6162067,-0.24139555,0.06695067,0.7018553,0.55511415,-0.040579595,-0.008544133,-0.035518277,-0.18446167,0.066574275,0.14475465,0.3770938,0.41302744,0.6974912,0.6953112,0.36574513,0.30785426,0.2753528,0.16905187,-0.07276504,0.029085077,0.14030577,-0.15198976,0.28118244,0.26784173,0.101069815,-0.07540689,0.22415628,0.30000263,0.14594145,0.055213653,-0.11208859,0.008803807,-0.050734553,-0.089655116,-0.03832589,0.026978273,0.55730844,0.4742339,0.12096462,-0.14817485,0.36364454,0.038091782,0.36418426,0.21194069,0.288779,0.1563438,0.21946795,0.25402653,0.3031798,0.32711995,-0.042289197,-0.20377727,-0.09182298,-0.1818975,-0.09687255,-0.0070965616,0.18238282,0.16538863,0.3878952,0.26324183,0.46716246,0.21302913,0.069130644,0.19586559,0.13656154,0.17240658,-0.053485487,0.1543262,-0.09765949,-0.06701187,0.11833061,0.21043639,0.2552376,0.2665408,-0.22715911,-0.10923314,0.14278954,0.11445127,0.07060721,0.10049443,0.13747938,0.16487508,0.34027988,0.48294923,0.120546624,0.22711726,-0.12587425,0.18805344,0.16581021,0.21018489,0.25766835,-0.046225652,0.01677875,-0.049499024,-0.10719758,0.2827943
0.5603244,0.5615959,0.7997223,1.0,0.06897025,0.030889036,0.6115774,0.71120656,-0.024224835,0.008220674,0.5119574,0.54981524,0.35902372,0.4738192,0.031962726,-0.016987786,0.48558053,0.44598165,0.6313886,0.64147174,-0.07576471,0.106591016,0.55506116,0.6158482,0.046038236,0.16226493,-0.050054986,-0.1534891,0.2539425,0.33220974,0.3788443,0.37007803,0.68648136,0.7258775,0.42439827,0.4570529,0.3294547,0.24313484,-0.11368715,-0.04321116,0.1422995,-0.108688295,0.37985957,0.36102337,0.24777725,0.06946715,0.34887606,0.38634014,0.15684095,0.084763184,-0.039335366,-0.019756144,-0.0065617855,-0.13254666,0.0921342,0.089192405,0.54940325,0.44862905,0.14987697,-0.1391625,0.29542816,0.018841475,0.31768283,0.2946681,0.17334244,0.22208028,0.36011982,0.4106176,0.34226236,0.41402662,0.04147075,-0.0144504355,0.035760373,-0.00026375166,0.11409882,0.17326027,0.3594151,0.34551412,0.40662536,0.3512559,0.44916087,0.36916432,0.06342615,0.2475457,0.12671207,0.29092512,-0.0899261,0.14929515,-0.04167648,-0.052496824,0.16865517,0.12701622,0.23170857,0.14940314,-0.19428237,-0.1683824,0.18939343,0.077189155,0.1585792,0.13688172,0.06636217,0.16995935,0.315731,0.43338487,0.09173072,0.25701925,-0.14445518,0.17935175,0.09228708,0.18092789,0.35506338,0.02789129,-0.103613585,0.0640925,-0.020394588,0.29749656
-0.29744536,-0.13258627,-0.04095527,0.06897025,1.0,0.4976171,-0.21833812,-0.027910506,0.7453647,0.53565055,-0.2125043,-0.119735084,-0.30011046,0.22306642,0.6308554,0.4753549,-0.011672077,0.18484816,-0.17670214,-0.087091506,0.61884284,0.42897743,-0.1734013,0.29650345,0.54829985,0.6701409,0.47318944,0.31571627,0.3968259,0.3364281,0.24195994,0.04044794,-0.06261832,-0.09795273,0.25502118,0.25500372,0.254131,0.32714,0.28718412,0.17140505,0.085642256,0.24070252,0.24947488,0.30678338,0.038873624,0.2738444,0.36699605,0.37287802,0.0697084,-0.06006156,-0.06322082,-0.13156117,-0.19808899,0.2857373,0.48947418,0.5569392,-0.21340087,-0.24725041,-0.11706608,-0.06446516,-0.17781833,0.09598753,-0.33827853,0.031720437,-0.451434,-0.07313863,0.23518007,0.30168965,-0.102546714,0.008509042,0.12206871,0.2284955,0.3358139,0.21904892,0.44450736,0.30632463,0.45033136,0.45581025,0.03821312,0.04007179,0.01796532,0.38527673,0.41520494,0.5093222,0.14740783,0.51672983,0.22333404,0.4499872,0.44426462,0.47756264,0.06528465,0.118868224,-0.21199177,0.06707276,0.37980592,0.20625313,0.4647864,0.45854405,0.45297718,0.54992104,0.11523256,0.23971298,0.09366095,-0.034205683,0.14174895,0.20052472,0.25820163,0.36880657,0.034222744,0.23032305,0.42413974,0.4450225,0.03412729,0.13787131,0.14725335,0.34646457
-0.28968403,-0.265521,-0.100012496,0.030889036,0.4976171,1.0,-0.24453777,-0.13400364,0.44346115,0.54045606,-0.07194362,-0.27185804,-0.14187361,0.01370745,0.45706204,0.39609593,-0.033004858,-0.021912245,-0.21174529,-0.1880575,0.3812936,0.6175547,-0.11936391,0.17586896,0.5844848,0.6170062,0.29690358,0.5753884,0.2220656,0.22879341,0.30253255,0.053553384,-0.056017395,-0.029502846,0.09532535,0.092081875,0.17200525,0.22794108,0.20376077,0.051721346,0.0073063,0.07837901,0.21249445,0.21583527,0.09537702,0.29305506,0.30412638,0.30929503,0.042393588,-0.19317168,0.17627035,-0.013848159,0.018095933,0.20998533,0.486797,0.3793163,-0.18768299,-0.37196845,0.009180209,-0.04960377,-0.16442382,-0.11849639,-0.16180606,-0.070856534,-0.3143527,-0.13848239,0.25836453,0.2758454,-0.15337455,0.058574867,0.16548796,0.10058392,0.29438162,0.18585943,0.26446143,0.16681531,0.3821567,0.41573712,-0.08871361,-0.07173819,0.03374656,0.09576008,0.30862558,0.3109522,0.28961846,0.34212473,0.28933573,0.41131487,0.39963138,0.17680396,0.35270774,-0.10277415,-0.17851889,-0.19081567,0.32852167,0.13950367,0.3825468,0.34267914,0.41811275,0.38554537,0.10174165,0.04358892,0.057833575,-0.11290512,-0.106728755,0.20785682,0.24222271,0.23872206,0.034258,0.24291804,0.2723344,0.23741905,0.12944853,0.34194988,0.3735072,0.23934351
0.7480893,0.55314106,0.7284199,0.6115774,-0.21833812,-0.24453777,1.0,0.6393306,-0.17325501,-0.13457237,0.5519209,0.4329354,0.5180177,0.15891355,-0.22634879,-0.24765778,0.49495584,0.18680336,0.63670605,0.5836426,-0.3386552,-0.07209178,0.6490715,0.2860725,-0.1803909,-0.17804588,-0.092533514,-0.21063168,-0.03404674,-0.011769118,0.24171716,0.2831302,0.65709484,0.6064769,0.2921373,0.29583654,0.24328735,0.049400955,-0.07644868,0.05512632,0.19831061,-0.264693,0.200257,0.17003556,0.0745728,-0.2290165,0.2149903,0.2695916,0.066489495,0.07745548,-0.07763717,0.011367944,-0.030129177,-0.25806293,-0.09917779,-0.0861215,0.68664557,0.47213817,0.106154025,-0.17773259,0.5117815,-0.05257345,0.49909714,0.0652539,0.39354038,0.084788695,0.15345596,0.15081854,0.35278875,0.25673467,0.014553788,-0.17284413,-0.12159269,-0.19564106,-0.13407679,0.033194244,0.0112136705,-0.024959762,0.40095794,0.24233261,0.508083,-0.007884445,0.003298921,-0.07473179,0.22838761,-0.036761563,-0.12629671,-0.1719645,-0.19156164,-0.20186737,0.08723848,0.13785228,0.29326326,0.34494457,-0.23754522,-0.043148633,0.06492773,0.053836633,-0.018260712,-0.045682203,0.09948847,0.053758647,0.37869394,0.42368895,0.050438374,0.13234513,-0.21599,0.1477172,0.26986694,0.24101236,0.1953247,-0.17439581,-0.0021912316,-0.0909218,-0.18322955,0.18212597
0.5578515,0.663861,0.5917556,0.71120656,-0.027910506,-0.13400364,0.6393306,1.0,-0.100992985,0.042170603,0.45573226,0.6372583,0.40079117,0.6574215,-0.07075181,-0.0882037,0.46623516,0.46966404,0.5396488,0.5224937,-0.12152134,-0.11332527,0.40451294,0.5859971,-0.15770727,0.1272074,-0.11726269,-0.27350417,0.26392278,0.258675,0.21335644,0.42739648,0.60043967,0.59207976,0.30315396,0.3882155,0.18887928,0.07065968,-0.075795636,0.012177372,0.16239442,-0.15795974,0.20214713,0.22022052,0.19340187,0.0014609747,0.19376989,0.21085641,0.108657084,0.13872638,-0.094708964,0.0013387396,-0.09286875,-0.28754017,-0.1049612,-0.08066412,0.5237453,0.6548248,0.18112251,0.01179702,0.37057516,0.1736918,0.34968802,0.53292596,0.13531862,0.3218398,0.22142026,0.2793731,0.36383164,0.24158092,0.03895611,0.13838984,0.016659826,-0.0061274003,0.12273707,0.22007923,0.19105285,0.13249122,0.39347896,0.3080252,0.3784385,0.44993997,-0.118962996,0.15965599,-0.054529995,0.2951062,-0.286849,-0.0032513235,-0.19150281,-0.100386515,-0.024283191,0.034344487,0.110320285,0.34632665,-0.156179,-0.08294012,0.04495093,-0.019642845,-0.07474898,-0.030438175,-0.1658159,0.19607273,0.16190492,0.40402615,0.016230406,0.13223837,-0.22433089,0.19085556,0.25991088,0.15479814,0.19215047,-0.14192405,-0.11959709,-0.02717325,-0.2148945,0.13232504
-0.21448615,-0.084283724,-0.07170979,-0.024224835,0.7453647,0.44346115,-0.17325501,-0.100992985,1.0,0.5517542,-0.17696348,-0.14590356,-0.31607705,0.09133845,0.68955344,0.52460146,0.039918683,0.11037785,-0.15481246,-0.08837704,0.667891,0.501636,-0.103339896,0.2572666,0.61407876,0.62018347,0.5910391,0.34237143,0.34037063,0.23517248,0.25573367,0.13508716,-0.0664628,-0.1528371,0.26750645,0.24135707,0.3406901,0.32358578,0.4103743,0.2912743,0.15544893,0.25176615,0.22871156,0.3266085,0.051988997,0.20564158,0.39077127,0.4422121,0.085469335,-0.03689693,-0.15326728,-0.076105975,-0.099729285,0.27698338,0.45907983,0.55318475,-0.19689736,-0.2498707,-0.06532682,0.12693562,-0.080867104,0.043202486,-0.26882756,-0.06714091,-0.4052071,-0.053674072,0.22114964,0.27785817,0.03696333,0.090039164,0.07883546,0.05966582,0.26811293,0.11795798,0.4014899,0.32833064,0.3270365,0.30065316,0.027340753,0.060130037,0.14446075,0.35618928,0.5666619,0.55989367,0.26116464,0.46120805,0.17904165,0.3932678,0.43609303,0.42142743,0.083680235,0.16024931,-0.22025457,0.17911744,0.36322954,0.3099509,0.49202853,0.5211625,0.49013174,0.61117524,0.16022015,0.12128345,0.07420483,-0.10095092,0.04432321,0.15694128,0.24380381,0.333802,0.07683895,0.22754885,0.43208614,0.3854053,0.011737577,0.116725326,0.15642546,0.37571007
-0.19464347,-0.087676406,-0.049790334,0.008220674,0.53565055,0.54045606,-0.13457237,0.042170603,0.5517542,1.0,-0.10665369,-0.13892624,-0.105738595,0.21015021,0.5254602,0.49981508,0.0023833532,0.12258486,-0.07020817,-0.060713902,0.4511753,0.43988556,0.040614337,0.2489367,0.47519913,0.5212024,0.45712817,0.32895014,0.2690523,0.27262592,0.3054343,0.1382658,0.022086615,-0.09219801,0.19290136,0.14257352,0.2718979,0.35408095,0.37550032,0.34386522,0.13622189,0.2950488,0.19018818,0.20398183,0.05554821,0.2768074,0.30530682,0.32889268,-0.0063132527,-0.039880678,-0.10200124,-0.01672902,-0.106994875,0.11876535,0.38504997,0.4323322,-0.119348794,-0.13625272,-0.010238887,0.17247601,0.018767148,0.09233613,-0.07782572,0.22887799,-0.3436508,0.061860435,0.29269528,0.2985852,0.13898902,0.13424131,0.26224855,0.23206753,0.2887657,0.23794287,0.39098355,0.28772622,0.29163724,0.2982676,-0.10143918,-0.012231234,0.018616162,0.35924298,0.31686234,0.44800237,0.19217171,0.47979665,0.010042632,0.32498,0.37748247,0.44698015,-0.023324188,-0.01568742,-0.24667047,0.06536747,0.39870417,0.27875432,0.47719985,0.47952002,0.36682916,0.45670122,0.0027172992,0.13647446,0.013069823,-0.018925082,0.09811433,0.14039627,0.17738819,0.32699126,0.20297492,0.3116281,0.38937372,0.3651668,0.095732786,0.06408347,0.010921822,0.27527943
0.6444138,0.5182968,0.46800548,0.5119574,-0.2125043,-0.07194362,0.5519209,0.45573226,-0.17696348,-0.10665369,1.0,0.6624932,0.7717771,0.3954883,-0.04561812,-0.0065647434,0.6870607,0.4208507,0.5318988,0.5628009,-0.21260482,0.023755379,0.49983782,0.23385513,0.056169674,-0.022037074,-0.12875831,-0.05850409,0.28039655,0.3714607,0.24500263,0.111241244,0.56289476,0.46576428,0.42821768,0.46529138,0.3659647,0.22735007,-0.19322659,-0.19293338,-0.010722607,-0.19052617,0.47570053,0.43180695,0.41293693,0.07276453,0.386578,0.3865558,0.16539443,0.14866208,-0.030814486,0.1555718,0.14105368,-0.039553422,-0.0070836362,-0.091811866,0.57981974,0.23937638,0.16736273,-0.061857432,0.34040192,-0.021775765,0.50666094,0.10421135,0.3224619,0.10476907,0.43055698,0.41325212,0.4201847,0.4160201,0.0038481713,-0.06877885,0.05232522,0.20479408,0.06605388,0.32655966,0.33261138,0.30864194,0.4324614,0.41247463,0.6167115,0.1421126,0.047984272,0.004572202,0.31647143,-0.0010651345,-0.078346156,-0.19118775,-0.2885896,-0.3205924,0.1931558,0.039466355,0.33726987,0.13618131,-0.29984376,-0.3144333,0.17838717,-0.04274163,0.16500475,0.042019915,0.01579817,0.05429866,0.2744031,0.25855312,-0.017232765,0.030125635,-0.09497809,-0.029568236,-0.10303323,0.0613553,0.3241606,-0.04318703,0.004892351,0.1581813,0.17439225,0.15172352
0.52327746,0.6816142,0.43414065,0.54981524,-0.119735084,-0.27185804,0.4329354,0.6372583,-0.14590356,-0.13892624,0.6624932,1.0,0.50241846,0.6669808,-0.105743095,-0.005501047,0.57151216,0.5949547,0.51426965,0.5089353,-0.12681638,-0.1262445,0.33378145,0.4010492,-0.15188849,0.038238395,-0.1878947,-0.2769283,0.37518567,0.3851189,0.13915218,0.2869046,0.5518669,0.5198741,0.38321644,0.42477226,0.2187443,0.1804282,-0.27232984,-0.19475451,-0.03265595,-0.1726643,0.3567336,0.3520839,0.3320976,0.13952085,0.2034628,0.21031004,0.13386172,0.22281921,-0.15539794,0.23445547,0.05967901,-0.0804253,-0.26914322,-0.17000529,0.4343094,0.5711135,0.1536979,-0.015524981,0.16062403,0.16475694,0.2164869,0.5001123,0.04389936,0.31534445,0.35847923,0.37425458,0.41494805,0.28338104,-0.12385129,0.024791023,-0.06386442,0.1210763,0.10715065,0.26202434,0.28242904,0.2555323,0.42983577,0.49327123,0.4111372,0.4659437,-0.1373564,0.08645296,-0.10800379,0.21536526,-0.2925905,-0.118388206,-0.49098396,-0.12338745,-0.08179062,0.122524664,0.20331392,0.27123666,-0.37564605,-0.36904776,-0.00035228516,-0.19093873,-0.07012269,-0.05051576,-0.13998558,0.2654363,0.15728919,0.32340205,0.079017036,-0.096150175,-0.25173217,-0.08529861,-0.07722742,-0.063123114,0.24383302,-0.06346926,-0.112854585,-0.0091309305,-0.09966801,0.020090727
0.55663514,0.39851442,0.36347368,0.35902372,-0.30011046,-0.14187361,0.5180177,0.40079117,-0.31607705,-0.105738595,0.7717771,0.50241846,1.0,0.33961612,-0.14081039,-0.13423558,0.67478156,0.37976903,0.4579517,0.45872143,-0.40359506,-0.14215332,0.5115602,0.1049711,-0.1534195,-0.2544446,-0.24178767,-0.13684715,0.25960612,0.3171078,0.23205894,0.04672255,0.45024136,0.42199814,0.29543948,0.37140137,0.2877458,0.107959,-0.13500932,-0.09176655,0.06613834,-0.20837153,0.25465906,0.18126115,0.22848862,-0.048449177,0.18208832,0.17113486,0.17174965,0.12976868,0.06253667,0.09109347,0.11811869,-0.20814613,-0.07960733,-0.18191293,0.55363363,0.2188207,0.08083687,-0.01625572,0.32113186,-0.012575954,0.5980387,0.08439219,0.37621474,0.046890073,0.25696072,0.18964492,0.35032126,0.27491513,0.15671556,0.06527789,0.14460789,0.28503105,-0.048988063,0.1951589,0.1609455,0.1304781,0.447961,0.36131975,0.5374826,-0.041031316,-0.070382014,-0.21701278,0.2232006,-0.19978261,-0.049699552,-0.24689536,-0.22482108,-0.29565665,0.15139937,0.009092582,0.26978436,0.18133613,-0.26946515,-0.2329552,0.01857982,-0.118234575,0.015955621,-0.07292646,-0.010424141,0.031216163,0.18488178,0.2657305,-0.0022817226,0.08480481,-0.028689219,-0.058425438,-0.0029537622,0.052218366,0.13243727,-0.09612047,0.0027582003,0.02495871,0.06387238,0.11115242
0.2504353,0.49654734,0.22209272,0.4738192,0.22306642,0.01370745,0.15891355,0.6574215,0.09133845,0.21015021,0.3954883,0.6669808,0.33961612,1.0,0.21376416,0.19527194,0.4904434,0.71766925,0.294375,0.3935975,0.15426654,-0.095311284,0.14618286,0.50755423,0.029402828,0.33202675,-0.11063691,-0.15915482,0.5365882,0.59078646,0.21319029,0.28012022,0.33882043,0.3156651,0.33131826,0.45220035,0.20645466,0.18256411,-0.09751244,-0.07630466,-0.01176983,-0.033033505,0.28799942,0.3097504,0.3840139,0.26620743,0.229493,0.21608263,0.17755514,0.23093602,-0.109389536,0.023820784,-0.056807138,-0.095612004,-0.0068035927,0.015022402,0.26776493,0.40215102,0.106447354,0.13316654,0.09696866,0.30323166,0.11080658,0.55755216,-0.14331004,0.32110068,0.34602815,0.3922281,0.35192195,0.20117834,0.1448422,0.38022056,0.21480098,0.35149175,0.35955414,0.41298658,0.43962798,0.39996928,0.36905587,0.42857963,0.27797514,0.6104939,-0.06690443,0.25376546,-0.10652807,0.41003194,-0.2579187,0.04565473,-0.15195498,0.016011162,-0.061401874,0.0010275908,0.020177005,0.28010798,-0.07598431,-0.18747316,0.09475648,-0.046754956,0.054196708,0.107648864,-0.19597065,0.36583626,0.08428117,0.29950038,0.08204222,0.09100339,-0.13178419,0.15324745,0.027705917,0.0040400494,0.26544678,0.10142939,-0.20315877,0.13610855,-0.058393996,0.1577198
-0.13484833,0.005194234,-0.09542679,0.031962726,0.6308554,0.45706204,-0.22634879,-0.07075181,0.68955344,0.5254602,-0.04561812,-0.105743095,-0.14081039,0.21376416,1.0,0.7979886,0.20215562,0.36068687,-0.06296803,0.045926683,0.6701619,0.48868978,-0.014779067,0.13533922,0.62161875,0.5252232,0.4719032,0.38914186,0.52634466,0.5108439,0.3368787,0.043241523,0.028214231,-0.08800444,0.32925096,0.3054218,0.5059179,0.5590468,0.5352838,0.42085233,0.2333157,0.4681318,0.40048656,0.4029161,0.21435502,0.34120265,0.5343352,0.52827966,0.26672342,0.080211364,-0.06013265,-0.08538276,0.013152669,0.21680224,0.66612387,0.6792733,-0.02432822,-0.24846305,0.072170585,0.07160974,0.014571552,0.155499,-0.20442362,-0.016921304,-0.30424204,0.046168745,0.43104735,0.47813332,0.26812398,0.36593777,0.24728234,0.26369247,0.36830854,0.3344645,0.5980155,0.45134112,0.42333233,0.42503712,0.06864224,0.24535151,0.20488477,0.3872312,0.6836283,0.5759253,0.28861824,0.47715846,0.17802487,0.40603536,0.5068533,0.43449092,0.0073566097,0.12851578,-0.09312727,0.090638086,0.5639668,0.38913575,0.6327286,0.5765986,0.5904626,0.6153309,0.12562835,0.1367311,0.0428342,-0.1117452,0.17566513,0.13208225,0.31600893,0.36298186,0.1479626,0.38860142,0.5428205,0.57201326,-0.03189207,0.034920257,0.1638107,0.44905573
-0.09360208,0.09866935,-0.07705456,-0.016987786,0.4753549,0.39609593,-0.24765778,-0.0882037,0.52460146,0.49981508,-0.0065647434,-0.005501047,-0.13423558,0.19527194,0.7979886,1.0,0.21376859,0.3615185,-0.0033668047,0.050554123,0.57870466,0.4647844,-0.02597392,0.054007128,0.5549333,0.45802575,0.4297671,0.35556138,0.4958853,0.52777725,0.31146073,0.09511897,0.028574742,-0.083900705,0.29902074,0.21644299,0.4774221,0.63774973,0.5169209,0.4391158,0.20592472,0.5294808,0.4586078,0.44505453,0.24578536,0.35757467,0.4798055,0.49234563,0.27969718,0.14284776,-0.087368675,0.022070758,0.123522975,0.27113274,0.53776234,0.6248332,-0.0327285,-0.15085697,0.11999895,0.12851068,-0.022363702,0.27073088,-0.26550013,0.06743345,-0.3138857,0.17119133,0.48718214,0.5161601,0.38945916,0.43089595,0.17889008,0.21002989,0.17461689,0.28483826,0.5076864,0.37048858,0.3770856,0.41827083,0.08515845,0.26761335,0.17534338,0.44754475,0.63550615,0.5990375,0.19968307,0.5155701,0.1005319,0.38668925,0.3310682,0.4421278,-0.060451698,0.15155117,-0.10958786,0.0877016,0.52356446,0.34295318,0.61048657,0.5485154,0.5071271,0.568256,0.037278205,0.16506182,-0.03694234,-0.07808868,0.21326126,0.01584143,0.3201009,0.21987395,0.12990631,0.3746756,0.5058066,0.5247615,0.06939371,-0.01442482,0.13182467,0.36450613
0.5813539,0.5471126,0.46689683,0.48558053,-0.011672077,-0.033004858,0.49495584,0.46623516,0.039918683,0.0023833532,0.6870607,0.57151216,0.67478156,0.4904434,0.20215562,0.21376859,1.0,0.65112185,0.53046054,0.6007047,-0.01350037,0.09564209,0.5217424,0.31859723,0.14462657,0.07971704,0.00038629133,-0.06685326,0.5041907,0.5999476,0.44310376,0.2550714,0.61429954,0.52710223,0.61246556,0.5961364,0.5557049,0.378946,0.07313611,0.10019259,0.16617872,-0.049099367,0.5442872,0.52982146,0.408287,0.088847384,0.48795605,0.5125626,0.22659303,0.2251631,-0.04374565,0.08024627,0.13454463,0.002063626,0.13839927,0.16585399,0.56270564,0.2695591,0.18167047,0.046871904,0.35020903,0.121175356,0.422492,0.15664776,0.18339129,0.18414636,0.54770976,0.52572024,0.5875816,0.5106902,0.13522707,0.043566436,0.1717634,0.2542403,0.18836977,0.37525928,0.41626644,0.37571323,0.66057783,0.6308355,0.74227935,0.3493051,0.25854915,0.20784777,0.30087382,0.18929859,-0.073682666,0.018538311,-0.09005223,-0.060299966,0.1655033,0.21684107,0.20632389,0.3701133,-0.14538819,-0.06003903,0.28161383,0.10341312,0.31893304,0.27900875,0.115499765,0.12994733,0.33785903,0.40146872,0.13051221,0.24643679,0.012464601,0.122522995,0.10610779,0.26773638,0.4487812,0.21351153,-0.0397172,0.118615985,0.20905387,0.463251
0.33491507,0.5106218,0.28971362,0.44598165,0.18484816,-0.021912245,0.18680336,0.46966404,0.11037785,0.12258486,0.4208507,0.5949547,0.37976903,0.71766925,0.36068687,0.3615185,0.65112185,1.0,0.37584934,0.5370926,0.13393685,0.016535932,0.34250617,0.29222724,0.1500414,0.21155629,-0.0742498,-0.09530356,0.52404547,0.6769685,0.3438624,0.13813788,0.43438318,0.35578635,0.5530958,0.5876148,0.38253686,0.3472241,0.06975807,0.08222314,0.03870058,0.0822616,0.45521605,0.43381613,0.48464578,0.2674226,0.36211306,0.33256847,0.2667189,0.3509837,-0.07004207,0.12240602,0.09694594,0.019722087,0.16666815,0.24164739,0.40458024,0.29853275,0.160167,0.0038464267,0.1898959,0.2741397,0.18974428,0.351336,-0.09638445,0.19135468,0.5067471,0.5508574,0.48238418,0.43699372,0.1412122,0.23669575,0.17419548,0.34701267,0.33093596,0.40534,0.42954403,0.4180048,0.42609164,0.72404945,0.48679596,0.5584322,0.21754754,0.25194192,0.12047594,0.37215334,-0.15005149,0.06800235,-0.06698253,0.100907646,-0.025508743,0.1720281,0.16299179,0.29446787,0.092155665,-0.047296245,0.26005507,0.120486006,0.27397645,0.28823653,-0.10808754,0.36577418,0.22972187,0.30414698,0.3475047,0.060332116,-0.034976345,0.1610793,0.06774654,0.17978734,0.39493096,0.35708627,-0.21471591,0.0010085928,-0.026230726,0.41589826
0.7411789,0.71860486,0.68093145,0.6313886,-0.17670214,-0.21174529,0.63670605,0.5396488,-0.15481246,-0.07020817,0.5318988,0.51426965,0.4579517,0.294375,-0.06296803,-0.0033668047,0.53046054,0.37584934,1.0,0.81570625,-0.20172308,-0.004845244,0.6033668,0.37470242,-0.12556328,-0.1446879,-0.0863802,-0.28208828,0.05111946,0.16061361,0.098867275,0.21141808,0.5762805,0.5160963,0.2759148,0.24144253,0.34117335,0.27636904,-0.07098609,0.1092593,0.17924547,0.0012461317,0.2698684,0.2304431,0.10288622,-0.17869568,0.21355519,0.29627553,0.15888467,0.17867121,-0.17673454,0.08835762,-0.0018357311,-0.13301772,-0.073490955,-0.025298297,0.6226922,0.597176,0.24552906,-0.17644267,0.34682608,0.14092761,0.2826766,0.283272,0.21806994,0.2874205,0.22861038,0.21310496,0.60142416,0.37575462,-0.20541097,-0.26215568,-0.16254804,-0.14112143,-0.08563808,-0.05895259,0.041018233,0.04577427,0.43023315,0.3293404,0.38803154,0.20899287,-0.009846987,0.18119992,-0.011477538,0.15614133,-0.19095623,0.0827132,-0.22642225,-0.12294807,-0.026113467,0.16798031,0.36971065,0.26517338,-0.2779479,-0.10752832,0.093536526,0.037235018,0.010291869,-0.0012181276,0.075613186,0.16136847,0.22255637,0.4853023,0.07281946,0.16349192,-0.11200902,0.16481282,0.15792607,0.14694409,0.23125437,-0.0031050283,0.058004897,-0.10895614,-0.058882095,0.22826906
0.7373369,0.65832716,0.6162067,0.64147174,-0.087091506,-0.1880575,0.5836426,0.5224937,-0.08837704,-0.060713902,0.5628009,0.5089353,0.45872143,0.3935975,0.045926683,0.050554123,0.6007047,0.5370926,0.81570625,1.0,-0.12439298,-0.0053980155,0.58060795,0.2581124,0.013708261,-0.06880933,-0.1343142,-0.173542,0.12458198,0.30229753,0.22726952,0.06188574,0.5963598,0.5210668,0.38064873,0.40293404,0.41942915,0.31135255,-0.0682216,0.052139662,0.11694809,-0.040858805,0.40628418,0.375125,0.3383723,-0.05543227,0.3527544,0.39814377,0.12838599,0.27112606,-0.07676484,0.05977255,0.06855698,-0.09064689,0.02534028,0.028174251,0.6951132,0.42422527,0.33448216,-0.17135023,0.35449475,0.1465702,0.34673285,0.1140802,0.27428916,0.20022579,0.36411047,0.3852639,0.601376,0.4854988,-0.12909041,-0.22474231,-0.031564016,0.032264426,0.033002403,0.13554114,0.17104931,0.17941038,0.41182378,0.47907934,0.4820789,0.22473358,0.049961396,0.12853096,0.19047347,0.116818905,-0.16714221,0.016668554,-0.18855315,-0.2027446,0.14276142,0.14673625,0.3754883,0.32651663,-0.1998044,-0.1380943,0.1687558,0.033607148,0.17790139,0.082867086,0.02605624,0.18612379,0.33802164,0.48339596,0.18313807,0.14773333,-0.18383741,0.13002177,0.09998445,0.20969695,0.34071985,0.12693416,-0.032889854,-0.0068898727,-0.010075344,0.3489131
-0.22086053,-0.019003628,-0.24139555,-0.07576471,0.61884284,0.3812936,-0.3386552,-0.12152134,0.667891,0.4511753,-0.21260482,-0.12681638,-0.40359506,0.15426654,0.6701619,0.57870466,-0.01350037,0.13393685,-0.20172308,-0.12439298,1.0,0.44715104,-0.23301062,0.12869516,0.54144114,0.53577125,0.52678186,0.27029723,0.29473883,0.24718496,0.08217227,0.10507888,-0.13459894,-0.2958777,0.18105063,0.09612683,0.30031914,0.37666723,0.42085484,0.3062719,0.15403844,0.4557895,0.22748433,0.30111444,0.11217405,0.2230459,0.39102423,0.3803849,0.025473451,-0.031457767,-0.19749643,-0.07266473,-0.106873974,0.25136393,0.45670384,0.5434803,-0.21059927,-0.1727836,0.038144115,0.012650402,-0.13428544,0.10699426,-0.38611796,0.013847978,-0.44913232,0.04352329,0.2797363,0.32777193,0.19010268,0.18364093,0.16345318,0.2812371,0.24491866,0.14735393,0.54346323,0.34466785,0.33344212,0.3382675,-0.023912175,0.10908589,-0.015060016,0.37267473,0.4885766,0.5829502,0.09146485,0.51429963,-0.05453504,0.30201566,0.3915005,0.43328977,-0.14658122,-0.0051536276,-0.23698421,0.027507862,0.39501175,0.33059606,0.43520364,0.39752114,0.3873531,0.43939,0.12592122,0.040347267,-0.036531918,-0.15371765,0.09590078,0.16311124,0.20293681,0.26570356,0.121317185,0.12890182,0.4197333,0.46483082,-0.060244597,0.054225016,0.19523154,0.26659778
-0.04333189,-0.039281115,0.06695067,0.106591016,0.42897743,0.6175547,-0.07209178,-0.11332527,0.501636,0.43988556,0.023755379,-0.1262445,-0.14215332,-0.095311284,0.48868978,0.4647844,0.09564209,0.016535932,-0.004845244,-0.0053980155,0.44715104,1.0,-0.019844731,0.10031024,0.5725488,0.49353424,0.5328757,0.5288187,0.20011549,0.17063299,0.31458426,0.09632221,0.180262,0.10756067,0.28041086,0.13705412,0.41938668,0.46914047,0.34973338,0.24066818,0.11683039,0.20670132,0.4528074,0.45518538,0.11191671,0.21266732,0.5464227,0.5572526,0.01526535,-0.12856814,-0.018852098,0.08107536,0.15260744,0.40764922,0.51462483,0.5281289,-0.013945537,-0.18559161,0.114041984,-0.007997371,0.009278102,-0.015324548,-0.16749114,-0.1178032,-0.2523878,-0.008591997,0.46069154,0.43165335,0.16581395,0.26100865,-0.0594559,-0.14525658,0.014382694,-0.05693732,0.28900662,0.17004642,0.31604162,0.32577252,0.025696328,0.06674944,0.22049491,0.21217611,0.49155462,0.44402695,0.3528553,0.44395557,0.23162238,0.42601177,0.35236272,0.35495904,0.2596202,0.05770429,-0.101381436,-0.079243466,0.3548767,0.30130106,0.5573203,0.46930796,0.5427498,0.50928843,0.34300518,-0.08136251,0.1790054,-0.11297532,-0.023582727,0.15610404,0.23917845,0.22252712,0.16547973,0.37797332,0.49893522,0.38100022,0.17799103,0.17589171,0.29602274,0.33223984
0.6596115,0.46585354,0.7018553,0.55506116,-0.1734013,-0.11936391,0.6490715,0.40451294,-0.103339896,0.040614337,0.49983782,0.33378145,0.5115602,0.14618286,-0.014779067,-0.02597392,0.5217424,0.34250617,0.6033668,0.58060795,-0.23301062,-0.019844731,1.0,0.32307583,0.02050415,-0.15701945,-0.065326124,-0.19008166,0.00451928,0.15797235,0.4598132,0.23860936,0.6079031,0.50858814,0.41899776,0.42405888,0.30090654,0.10265887,0.06763489,0.12900354,0.22068049,-0.13618463,0.200297,0.16859953,0.18667927,-0.09930579,0.19467206,0.2562456,0.21427594,0.14070317,-0.07131991,0.023666698,-0.038657412,-0.22124206,-0.036336116,-0.016501157,0.6337439,0.310401,0.26292357,-0.1535023,0.60839206,-0.008716389,0.5912153,0.07239908,0.40482724,0.013806718,0.18727866,0.18143013,0.44938165,0.354603,0.26236323,-0.08077922,0.0602427,0.012923656,-0.06820883,0.11866977,0.14905146,0.14727215,0.31156537,0.38257065,0.5725455,0.0096017625,0.17444673,-0.0023885006,0.31476548,-0.053592287,-0.17262837,-0.08300529,-0.019511145,-0.17592858,0.075784944,0.08217729,0.35136646,0.30118874,-0.10415478,0.036233626,0.1298685,0.1462346,0.09445815,0.07590696,0.14881021,0.071064726,0.3803443,0.41091564,0.22712156,0.2138558,-0.1477585,0.13025557,0.2871107,0.2196679,0.25908336,0.046483487,-0.17884406,-0.16262646,-0.06354089,0.34814075
0.15832491,0.35889578,0.55511415,0.6158482,0.29650345,0.17586896,0.2860725,0.5859971,0.2572666,0.2489367,0.23385513,0.4010492,0.1049711,0.50755423,0.13533922,0.054007128,0.31859723,0.29222724,0.37470242,0.2581124,0.12869516,0.10031024,0.32307583,1.0,0.1484231,0.45865485,0.09522177,-0.19239934,0.37273395,0.33332208,0.29086256,0.6071705,0.41949388,0.4411616,0.36173305,0.36072686,0.15503408,0.12426534,-0.05186856,-0.011465895,0.12980409,-0.00584355,0.1542175,0.21584827,0.064053155,0.13878702,0.17361741,0.25647366,0.09947805,-0.05167652,-0.24915302,-0.09458467,-0.21896157,0.01957261,0.013489764,0.11788545,0.057989355,0.42028788,0.034747962,0.020338122,0.08193035,0.12505694,0.037237927,0.57014817,-0.17646256,0.26493856,0.18522635,0.25314483,0.13328364,0.088857554,0.03728057,0.16105323,0.21302387,0.0646072,0.2159719,0.1913068,0.4406093,0.38054729,0.34551644,0.12459472,0.22846903,0.55787164,0.014021113,0.5115913,-0.14872889,0.5286059,-0.14920682,0.38132328,0.030391064,0.14898516,-0.07384016,0.12592818,-0.07313137,0.20100252,-0.17227508,-0.078974165,0.14753792,0.13918805,0.071467966,0.23936068,0.045212068,0.27765158,-0.005534409,0.34003398,-0.02987999,0.30939087,-0.03529641,0.3021011,0.090891145,0.07502988,0.26450557,0.027914835,-0.02976485,0.16520683,0.0760814,0.2667287
-0.14045048,-0.14381061,-0.040579595,0.046038236,0.54829985,0.5844848,-0.1803909,-0.15770727,0.61407876,0.47519913,0.056169674,-0.15188849,-0.1534195,0.029402828,0.62161875,0.5549333,0.14462657,0.1500414,-0.12556328,0.013708261,0.54144114,0.5725488,0.02050415,0.1484231,1.0,0.68738925,0.41919115,0.49315295,0.32591063,0.40021938,0.40172184,-0.02492995,0.066682376,-0.05100159,0.41368863,0.35365236,0.34169847,0.3392261,0.21801342,0.04748739,-0.008679791,0.17533065,0.47957748,0.49704778,0.41709247,0.4392232,0.54524165,0.5314677,0.12447441,0.07291239,0.07960886,0.01874733,0.16769901,0.34968314,0.5390516,0.529467,-0.07751369,-0.40103772,0.0921689,-0.051418643,0.036497436,0.11231672,-0.02939126,-0.17173488,-0.1495485,0.015806662,0.44888243,0.5201023,0.08527964,0.3089851,0.1274951,0.04051552,0.2567005,0.31041753,0.45558476,0.44376522,0.55222774,0.55991364,-0.037413135,0.15935011,0.31892076,0.2897763,0.5760182,0.5042586,0.5488985,0.4247642,0.23408328,0.33993724,0.35976237,0.20426963,0.3042742,0.092616744,-0.046990294,-0.098454796,0.33789775,0.106434084,0.55262464,0.4611434,0.69201297,0.64402974,0.14267589,0.021798424,0.19713618,-0.14266708,0.089779176,0.09634353,0.21085772,0.24824546,-0.08246672,0.24296495,0.47658926,0.44263846,-0.04969662,0.29266182,0.3892978,0.4255976
-0.22755086,-0.046423778,-0.008544133,0.16226493,0.6701409,0.6170062,-0.17804588,0.1272074,0.62018347,0.5212024,-0.022037074,0.038238395,-0.2544446,0.33202675,0.5252232,0.45802575,0.07971704,0.21155629,-0.1446879,-0.06880933,0.53577125,0.49353424,-0.15701945,0.45865485,0.68738925,1.0,0.35442048,0.37322253,0.48289445,0.44561693,0.35302576,0.24556407,0.020127263,0.0027473487,0.34335777,0.34174925,0.19588007,0.23139918,0.081151426,-0.058663104,-0.08401681,0.033801787,0.3958345,0.44064453,0.32882664,0.46323648,0.44263095,0.44766107,0.12067795,0.021571983,-0.07843361,0.009325013,0.05938054,0.3383895,0.3403062,0.39278814,-0.20020244,-0.16615517,0.051763855,0.015331194,-0.096082084,0.22341746,-0.21816072,0.18765807,-0.3753419,0.1857813,0.40214202,0.4595817,-0.030130882,0.1101607,0.07555382,0.18224257,0.28519043,0.24375346,0.45682615,0.4329552,0.6167776,0.6020655,0.018398533,0.1008627,0.16055836,0.56626356,0.3073467,0.547651,0.2007941,0.654809,0.13095263,0.38910058,0.21018589,0.23571996,0.20721518,0.0801968,-0.24339814,0.013269178,0.22599317,0.013998132,0.38856006,0.31858757,0.46605375,0.5183137,0.032368086,0.13321476,0.09548092,-0.006714878,-0.00733304,0.10273988,0.11503458,0.3081024,-0.06952026,0.1804527,0.39027157,0.300237,-0.027748423,0.3920211,0.30149698,0.30812266
-0.08884826,-0.036261298,-0.035518277,-0.050054986,0.47318944,0.29690358,-0.092533514,-0.11726269,0.5910391,0.45712817,-0.12875831,-0.1878947,-0.24178767,-0.11063691,0.4719032,0.4297671,0.00038629133,-0.0742498,-0.0863802,-0.1343142,0.52678186,0.5328757,-0.065326124,0.09522177,0.41919115,0.35442048,1.0,0.34477624,0.10023117,0.0027227134,0.20054157,0.12022331,-0.011702596,-0.096298434,0.1329708,0.046187457,0.2915128,0.3056377,0.476806,0.36540505,0.13722047,0.24727345,0.23995861,0.30379704,-0.06260934,0.08465424,0.40479156,0.42695105,0.068008214,-0.002482705,0.013575699,0.035907235,-0.039388742,0.18623771,0.39921933,0.5252153,-0.09089412,-0.15615109,0.018201157,0.1811334,0.09173518,0.05860127,-0.17759182,-0.058087412,-0.2578345,0.04233579,0.24007311,0.24121267,0.13949153,0.17659034,0.03150171,-0.090614505,-0.06640602,-0.15368445,0.14292924,0.1424411,0.09919819,0.0737902,-0.047045615,-0.016101625,0.11738892,0.26599333,0.56645143,0.49613145,0.26277265,0.42539445,0.15812178,0.3356809,0.3613548,0.48134172,0.061860625,0.07249932,-0.20201704,0.101186536,0.38371685,0.42824653,0.50438124,0.52283335,0.42656487,0.5043984,0.27163535,-0.09124705,0.1462229,-0.07864652,0.09615114,0.17282325,0.26753628,0.3204316,0.31329733,0.29935873,0.3944727,0.32537508,0.046737615,-0.037661552,0.053484373,0.27414662
-0.19092838,-0.30011877,-0.18446167,-0.1534891,0.31571627,0.5753884,-0.21063168,-0.27350417,0.34237143,0.32895014,-0.05850409,-0.2769283,-0.13684715,-0.15915482,0.38914186,0.35556138,-0.06685326,-0.09530356,-0.28208828,-0.173542,0.27029723,0.5288187,-0.19008166,-0.19239934,0.49315295,0.37322253,0.34477624,1.0,0.062089358,0.05404088,0.2869495,-0.13172688,-0.067148,-0.06636307,0.023438009,-0.00013191394,0.11299884,0.12068753,0.20212173,0.0019860468,-0.1734399,0.026687989,0.23126514,0.19750598,0.15942565,0.32252267,0.28636765,0.24942815,0.030394351,0.022705182,0.17371066,0.021339953,0.23150593,0.24155332,0.41056132,0.33663422,-0.06244721,-0.45501366,0.056936465,-0.07511279,-0.0389262,-0.11650143,-0.03144803,-0.28879657,-0.054248158,-0.19347794,0.15822038,0.23374745,-0.17391959,0.084251285,0.13044894,-0.04404744,-0.01447662,0.04296863,0.10640678,0.12980312,0.15530735,0.1541772,-0.3602803,-0.16252244,0.058652684,-0.059773333,0.3931137,0.16450962,0.423138,0.14452638,0.34290883,0.18241923,0.28459933,0.11528666,0.38707885,-0.07715134,-0.1451885,-0.19510545,0.40016758,0.17374276,0.3274316,0.27191487,0.4177824,0.31098893,0.13020384,-0.0823298,0.15745464,-0.24706292,-0.06353088,0.010439628,0.16325447,0.04478907,0.0077055166,0.19944951,0.16443706,0.17819561,-0.008319515,0.2214609,0.31762064,0.117175184
-0.03976783,0.15973413,0.066574275,0.2539425,0.3968259,0.2220656,-0.03404674,0.26392278,0.34037063,0.2690523,0.28039655,0.37518567,0.25960612,0.5365882,0.52634466,0.4958853,0.5041907,0.52404547,0.05111946,0.12458198,0.29473883,0.20011549,0.00451928,0.37273395,0.32591063,0.48289445,0.10023117,0.062089358,1.0,0.8022227,0.37058687,0.31407848,0.19780062,0.21490952,0.44483122,0.48536417,0.42348853,0.44597098,0.13508922,0.11456539,0.13199092,0.1763663,0.42352182,0.41356835,0.34639132,0.3896633,0.42546672,0.41290975,0.18160658,0.10151816,-0.05427007,0.06505381,0.053788733,0.13053887,0.2867689,0.33291245,0.006592333,-0.02163969,0.019297559,0.12337748,-0.097987294,0.2089515,-0.055921093,0.27587995,-0.16786647,0.25729176,0.50161165,0.4771761,0.23904635,0.2849923,0.24266256,0.4358625,0.50998205,0.6137832,0.5561385,0.5807251,0.60413224,0.57401294,0.37004015,0.40042937,0.37132153,0.5735449,0.2763586,0.38247922,0.090058,0.41678137,0.004050276,0.20254183,0.1192196,0.23761196,0.051977422,0.12716177,-0.18096016,0.14499389,0.117475994,0.011520256,0.32280838,0.22331344,0.36976874,0.42901713,-0.032421645,0.21010487,-0.060129076,0.060058247,0.07971864,0.13457642,0.1926281,0.21072996,-0.097341865,0.19732802,0.40953797,0.3186804,-0.0019448166,0.21332125,0.15611446,0.3248266
0.060866196,0.19393301,0.14475465,0.33220974,0.3364281,0.22879341,-0.011769118,0.258675,0.23517248,0.27262592,0.3714607,0.3851189,0.3171078,0.59078646,0.5108439,0.52777725,0.5999476,0.6769685,0.16061361,0.30229753,0.24718496,0.17063299,0.15797235,0.33332208,0.40021938,0.44561693,0.0027227134,0.05404088,0.8022227,1.0,0.41250002,0.16453119,0.31579056,0.29032245,0.5513792,0.55223536,0.44312516,0.47146457,0.050547447,0.02846266,0.006749689,0.16259523,0.5514098,0.5252558,0.49133348,0.45715028,0.46943277,0.44760904,0.2400444,0.18240435,-0.052753065,0.008607178,0.120943345,0.1592112,0.3271164,0.3468356,0.09822656,-0.05286478,0.098079585,0.08309583,-0.014184338,0.21253343,0.05214308,0.22018296,-0.08197208,0.21648584,0.58317256,0.59597826,0.3258349,0.4102226,0.23247348,0.38308182,0.45947245,0.65026695,0.54842895,0.5869152,0.710847,0.70407814,0.42349425,0.5616058,0.45516542,0.5733243,0.27713042,0.38248268,0.19633192,0.40415284,0.037634555,0.184436,0.09453543,0.16033651,0.08370228,0.15973078,-0.05333082,0.06492517,0.09401186,-0.07467229,0.35766512,0.20359455,0.42662337,0.42427132,-0.042576127,0.2318231,0.03715779,0.13557787,0.20105858,0.10881147,0.12564418,0.13809039,-0.15396862,0.19952612,0.4701767,0.42815757,-0.01135711,0.20219395,0.23561165,0.42095453
0.18160242,0.10005464,0.3770938,0.3788443,0.24195994,0.30253255,0.24171716,0.21335644,0.25573367,0.3054343,0.24500263,0.13915218,0.23205894,0.21319029,0.3368787,0.31146073,0.44310376,0.3438624,0.098867275,0.22726952,0.08217227,0.31458426,0.4598132,0.29086256,0.40172184,0.35302576,0.20054157,0.2869495,0.37058687,0.41250002,1.0,0.338402,0.4495806,0.4390524,0.48338428,0.5063381,0.35600534,0.21955366,0.22066113,0.13893661,0.13352127,-0.09236467,0.36582127,0.35508922,0.29579985,0.30583587,0.40756,0.4153475,0.170435,0.15081583,0.08016343,0.017262323,0.24483782,0.074659884,0.24377777,0.2930852,0.2808503,-0.09339668,0.19259614,-0.015255199,0.3266308,0.038790703,0.31032133,0.0054454803,0.13447271,-0.0055848835,0.41169623,0.42541265,0.2624678,0.39346215,0.4805632,0.18751977,0.1990464,0.18629147,0.15851241,0.3075302,0.42299464,0.39414993,0.1290707,0.29547185,0.5310786,0.20922671,0.43786418,0.24126583,0.44023377,0.22771187,0.055069946,0.11307981,0.22583658,0.10451506,0.30663562,0.1028195,0.072931565,0.2683585,0.2511518,0.1683252,0.33719236,0.2996801,0.4499316,0.4638001,0.17065586,0.16985385,0.4203578,0.23146257,0.20581383,0.24705167,-0.051204287,0.1473275,0.24829833,0.4047182,0.40129417,0.32087895,-0.17699753,0.18781796,0.15048935,0.50450283
