1.0,0.822617,0.5294783,0.5814307,-0.0482361,-0.29458436,0.5149434,0.56835014,0.32244357,0.08675424,0.56611043,0.62382835,0.69080454,0.71450114,0.21491846,0.35300317,0.6643719,0.71803147,0.61185014,0.70117044,0.335284,0.089513004,0.20679134,0.5379068,-0.39324248,-0.27712983,0.020769298,-0.25139722,0.6988984,0.6075507,0.43922707,0.3405247,0.7664623,0.7536391,0.5915435,0.5754272,0.3814501,0.5739815,0.5839893,0.44934633,0.29833883,0.343345,0.68713665,0.7463586,0.6203158,0.49645528,0.6694159,0.6181605,0.06143323,0.4722733,0.4003262,0.18200456,0.2552663,0.46664116,0.5876393,0.59596735,0.8704008,0.81084394,0.20018192,0.4138129,0.5634531,0.36220184,0.6245279,0.7692108,0.34314242,0.54259026,0.69389,0.71637577,0.70392954,0.71049094,0.36761487,0.48783866,0.37209532,0.5377675,0.09533589,0.42434406,0.43091556,0.3576169,0.24547157,0.40785807,0.5311519,0.58187,-0.40293777,0.043538332,0.26186663,0.37738958,-0.41215014,-0.31095064,0.4499988,0.44992292,0.4309978,0.26474288,-0.19812079,-0.03859034,0.36792347,0.324676,0.55782235,0.43911937,0.43842965,0.33895415,-0.11669765,0.17779571,-0.011122731,0.044863537,0.053503323,0.08566339,0.44217926,-0.023186438,0.31482473,0.5673084,0.49103475,0.5442706,0.03979596,0.24390702,0.14517422,0.22793119
0.822617,1.0,0.6558145,0.75055355,0.13970943,-0.1178805,0.5999688,0.7038348,0.45595175,0.18149222,0.5717391,0.7048756,0.69231796,0.7502958,0.31867573,0.51120967,0.6932328,0.7013033,0.68813604,0.7539898,0.3441063,0.11991305,0.23107833,0.6466449,-0.20744869,-0.083243154,0.22985552,-0.039328706,0.7563492,0.66252697,0.5436789,0.4346164,0.8059745,0.85965323,0.6989211,0.7005737,0.4865517,0.6698891,0.6749532,0.5138511,0.36114377,0.36794728,0.7103757,0.8016229,0.5535756,0.45735195,0.6982643,0.6883548,0.017546274,0.48405555,0.23527744,0.19227695,0.16595252,0.44609672,0.63709116,0.60854596,0.78146714,0.88086164,0.16998273,0.40512678,0.49159348,0.3362125,0.49438208,0.8719941,0.20070885,0.5638677,0.7406315,0.7660811,0.6753498,0.6538183,0.40793264,0.6090608,0.4552148,0.6569767,0.16098607,0.52107215,0.541247,0.4024753,0.32082132,0.5562631,0.58199716,0.7280432,-0.42578518,0.1685506,0.25276327,0.5711434,-0.4504213,-0.20624852,0.48818713,0.5587577,0.3114108,0.25490308,-0.32019898,0.025040766,0.38815677,0.3167316,0.59243983,0.4104179,0.39900014,0.30948392,-0.2072275,0.19092438,-0.032479104,0.18153739,0.06362802,0.16006045,0.5136693,-0.022482788,0.34310663,0.58937806,0.57964844,0.5930101,0.08799524,0.25726455,0.13030817,0.20598342
0.5294783,0.6558145,1.0,0.85542697,0.30790964,-0.11603065,0.7831136,0.85054266,0.4397127,0.12573767,0.31862965,0.5566524,0.44112813,0.5342844,0.29677823,0.44015756,0.48069695,0.38433746,0.7904641,0.77590317,0.48806325,0.3048197,0.6448323,0.7776067,-0.013476296,0.11401214,0.3229672,0.22272184,0.53810894,0.5671925,0.6358742,0.5309331,0.7020816,0.7352849,0.815498,0.76598793,0.61361146,0.53772795,0.6514701,0.41309333,0.37329197,0.28379655,0.58784884,0.5960878,0.31847572,0.41806698,0.5001275,0.5947472,0.013611042,0.36598274,0.16421707,0.10478339,-0.03340434,0.28296325,0.60810024,0.30030525,0.5090823,0.5232669,0.037553135,0.1969807,0.35104585,0.27807316,0.41960672,0.60284126,0.04067776,0.37289265,0.73937726,0.74692684,0.5867233,0.57261425,0.56363964,0.63971376,0.49192634,0.62843895,0.2774559,0.46293202,0.62403,0.5118989,0.4248953,0.5608058,0.62177044,0.6555975,-0.1790714,0.28908408,0.34381452,0.65732473,-0.2723909,-0.18782775,0.6174823,0.5081866,0.085259765,0.0073351166,-0.24234201,0.17770202,0.25707123,0.12476245,0.5027058,0.22540161,0.13752662,0.08095627,-0.30566117,0.14616217,0.16239564,0.39971375,0.4086304,0.4495996,0.6252031,0.2976402,0.31798983,0.5297124,0.63909125,0.49973214,0.10987698,0.16867599,0.13359228,0.22581376
0.5814307,0.75055355,0.85542697,1.0,0.32683325,-0.10699068,0.6913749,0.82737017,0.48235387,0.2058069,0.36066392,0.579894,0.45713708,0.5827973,0.3408934,0.5040671,0.48712263,0.44062433,0.7880951,0.8060536,0.4795372,0.26293397,0.5536525,0.7994607,-0.036769047,0.11034231,0.32669863,0.17773837,0.60824776,0.60929483,0.6328428,0.52857274,0.7204415,0.8006867,0.78164715,0.7789026,0.6226718,0.5676015,0.6748875,0.4076481,0.44588703,0.32125401,0.5893746,0.6349697,0.36578766,0.47708923,0.53835815,0.62456006,0.050716873,0.39601895,0.15987527,0.16495101,0.039400943,0.27457824,0.6027666,0.35149595,0.5618579,0.6215124,0.11661263,0.2864946,0.38777936,0.3564867,0.40197897,0.6878701,0.07654543,0.4166945,0.7029845,0.72803134,0.5971131,0.59440947,0.54184884,0.66015077,0.5035962,0.68735623,0.2897762,0.5244324,0.5858698,0.4758331,0.3156253,0.5277187,0.5734276,0.6853828,-0.25329718,0.3159886,0.28304705,0.69080335,-0.36147273,-0.14108986,0.53861314,0.49380538,0.12441587,0.08102752,-0.30418488,0.12969822,0.26527435,0.13009675,0.48589358,0.23994334,0.18710425,0.13872993,-0.2962358,0.17444307,0.13832076,0.4003215,0.3212567,0.35639343,0.577308,0.17335169,0.2976323,0.5292985,0.6422049,0.5362578,0.1488211,0.21615988,0.13099155,0.2190041
-0.0482361,0.13970943,0.30790964,0.32683325,1.0,0.4863495,0.34503818,0.21581645,0.6490045,0.5817454,0.335101,0.17051944,0.14257883,0.03933828,0.58560723,0.59638226,0.14206308,-0.016080394,0.28105584,0.20963864,0.24789108,0.29921937,0.30322027,0.44586858,0.56676483,0.6795552,0.4383854,0.36748675,0.14478552,0.19017969,0.2762618,0.24858774,0.073956385,0.20932212,0.32488653,0.36763358,0.45435086,0.33557844,0.35064402,0.32820794,0.49826694,0.43389264,-0.03583144,0.050014786,-0.23265648,-0.22006616,0.18806319,0.31858477,-0.31110185,-0.08592293,-0.3127682,-0.101445265,-0.17309439,0.023733228,0.2904118,0.12850039,-0.10868076,0.026655136,-0.3707681,-0.28568807,-0.29717907,-0.22916687,-0.3263615,0.15522736,-0.41657984,-0.17808402,-0.013914729,0.092014045,-0.12626274,-0.18112133,0.33098975,0.35904795,0.22765487,0.3981472,0.40157107,0.45655653,0.17871545,0.2054875,0.14042452,0.25347197,-0.01402269,0.15565152,0.38340047,0.5891959,0.2828882,0.491403,0.26435757,0.4347414,0.17463425,0.34352517,-0.08318791,0.08691657,-0.2835962,0.28948054,0.36296013,0.18367188,0.2939253,0.14363837,-0.00038333522,0.076061994,-0.08087376,0.12024157,0.09388505,0.27687165,0.11906289,0.18400942,0.112304516,0.096827835,0.27082324,0.3750624,0.4374673,0.26106343,0.16298911,0.3437036,0.17408128,0.3016874
-0.29458436,-0.1178805,-0.11603065,-0.10699068,0.4863495,1.0,-0.07916405,-0.13485634,0.15857536,0.5102418,0.07848795,-0.025987757,-0.0883359,-0.15688245,0.42429996,0.3558629,0.06218603,-0.104287766,-0.15459684,-0.2291992,-0.2292532,-0.10219473,-0.12947126,-0.052778218,0.56711274,0.5697768,0.5714023,0.5448767,-0.042090315,-0.08230312,0.14520554,0.18250823,-0.14244683,-0.097255565,0.010659416,0.05235124,0.041570563,0.07897713,0.012991722,0.23766874,0.03771007,0.09665112,-0.07743769,-0.03980499,-0.22153595,-0.24060771,0.0648721,0.120453276,-0.3118293,-0.2918647,-0.33362967,-0.09457078,-0.19627807,-0.22150525,0.10030318,0.13872053,-0.28490615,-0.1522316,-0.3141418,-0.37824973,-0.30619913,-0.31330287,-0.3509256,-0.029064111,-0.4388166,-0.13719274,-0.18724546,-0.11510669,-0.28720605,-0.47572124,0.00092386047,0.17583428,0.0015188968,-0.010739552,0.12739302,0.09851766,0.09267275,0.13168097,-0.015387004,0.093693376,-0.16452727,-0.0023329186,0.28700572,0.52564174,-0.042238995,0.2080915,0.2635405,0.5723404,0.055148233,0.28748786,0.14184158,0.34875986,0.071005926,0.46657956,0.25688198,0.13450299,0.123435795,0.17851076,0.13357694,0.21106423,0.13558228,-0.20399465,0.24424656,0.2031514,0.09825909,0.083203726,0.042191032,-0.060977228,0.07476313,-0.012468196,0.15612902,0.15222265,0.36605406,0.42329994,0.2500706,0.096778944
0.5149434,0.5999688,0.7831136,0.6913749,0.34503818,-0.07916405,1.0,0.7830788,0.50430506,0.10878397,0.43958497,0.6223019,0.57549244,0.54114443,0.4260057,0.42907146,0.49844837,0.36659136,0.6666412,0.6582035,0.4644892,0.28550112,0.5789029,0.77694035,0.0675538,0.21224539,0.26365638,0.16726656,0.48139545,0.5816874,0.6297828,0.5847705,0.6061437,0.68355227,0.79115564,0.75577503,0.62135464,0.598196,0.5871821,0.38777924,0.42695832,0.39372694,0.5526589,0.5557116,0.30090615,0.25089002,0.453933,0.5965903,-0.10894877,0.3417836,0.121053964,-0.003101295,-0.022359023,0.26386178,0.5777448,0.23709506,0.43835297,0.46323407,-0.08425971,0.043228198,0.22263119,0.19345309,0.3563833,0.5550429,-0.0013609031,0.2871557,0.6816979,0.6742997,0.43583778,0.4230145,0.6343421,0.68302447,0.5558238,0.70283365,0.30772945,0.61046255,0.63881654,0.6091354,0.42369077,0.55738443,0.6490038,0.5788477,-0.0007116744,0.271631,0.5851661,0.68395805,-0.05620871,-0.106744885,0.6262243,0.42750624,0.0029673586,-0.11045041,-0.28821477,0.18451138,0.2374309,0.077046305,0.4607132,0.16463597,0.02010145,-0.041630685,-0.3495042,0.1536783,0.09462619,0.3545549,0.33647904,0.4444732,0.5331791,0.28329062,0.22450075,0.55939704,0.6199179,0.3952892,-0.020039719,0.18298206,0.027337672,0.17924844
0.56835014,0.7038348,0.85054266,0.82737017,0.21581645,-0.13485634,0.7830788,1.0,0.38312763,0.040171437,0.3458232,0.6773661,0.54287297,0.6676311,0.26228973,0.41637558,0.57981014,0.4735532,0.6436213,0.6724046,0.47608158,0.28614905,0.61348593,0.7788766,-0.011124145,0.063438766,0.28709638,0.19555771,0.6143278,0.6371598,0.67784697,0.5925231,0.7076489,0.7477633,0.8097653,0.8013934,0.54494894,0.6123875,0.625397,0.4510294,0.34963542,0.3229202,0.63109505,0.668137,0.3683616,0.39061928,0.5058782,0.6353114,0.022032369,0.36140573,0.14789808,0.042210776,0.024481429,0.2601818,0.5660508,0.34361228,0.522449,0.5794857,0.083621345,0.21837452,0.36296296,0.34273124,0.4293644,0.65935314,0.032646175,0.4298007,0.7737543,0.7688877,0.5324541,0.48410207,0.6470262,0.69294983,0.58064544,0.6845224,0.29211903,0.5217522,0.67296183,0.5941215,0.4457725,0.6012431,0.68021905,0.73384297,-0.17899784,0.2774364,0.3176276,0.68733734,-0.28814998,-0.17764202,0.57694393,0.49005872,0.030050682,-0.035086818,-0.2314217,0.15510127,0.23768121,0.13808702,0.48879626,0.23167208,0.10952217,0.038229063,-0.345705,0.13980846,0.09564813,0.34381047,0.38331965,0.39637825,0.6698454,0.28101486,0.31014088,0.55075514,0.6337581,0.43731663,0.021153977,0.10814352,0.09179708,0.21452372
0.32244357,0.45595175,0.4397127,0.48235387,0.6490045,0.15857536,0.50430506,0.38312763,1.0,0.4478191,0.47690043,0.38063064,0.4277367,0.38583684,0.6662177,0.72401214,0.37720376,0.24558109,0.5202104,0.48332906,0.32671845,0.30583757,0.21940446,0.5627365,0.2819776,0.3605937,0.31545493,0.15922303,0.35019082,0.3934019,0.4208855,0.2584198,0.35596073,0.48501682,0.51776373,0.5013402,0.604204,0.45095667,0.59511185,0.37851956,0.5352877,0.51376957,0.22426058,0.39328843,0.078709915,0.05424392,0.439753,0.43924648,-0.15980282,0.20557046,-0.13755764,0.1011377,-0.05447049,0.28124467,0.5284734,0.33158988,0.23129344,0.3733914,-0.29302695,-0.17564395,-0.04219833,-0.06242227,-0.0012593946,0.48012918,-0.14765194,0.11249462,0.23908757,0.3301653,0.17361103,0.21091166,0.3880148,0.4436637,0.32470033,0.52087784,0.24625486,0.5004515,0.23410833,0.16500297,0.28736213,0.461305,0.33036605,0.44233188,0.20050138,0.45335287,0.5070889,0.56268495,0.052398443,0.0957338,0.40566835,0.4943322,0.06792525,0.10186799,-0.30454057,0.0059580137,0.30924392,0.22381406,0.45360005,0.2146233,0.19664766,0.15911563,-0.11695036,0.25216928,0.07012216,0.21920684,0.1507015,0.2487597,0.25804883,-0.010125414,0.32180753,0.50172013,0.4547559,0.4289678,0.017602967,0.29857922,0.077987745,0.23836069
0.08675424,0.18149222,0.12573767,0.2058069,0.5817454,0.5102418,0.10878397,0.040171437,0.4478191,1.0,0.34647718,0.09952673,0.14768234,0.04352531,0.3925104,0.47212443,0.23570023,0.01819695,0.21391937,0.1954092,0.089667946,0.22014885,0.009901774,0.31437957,0.38254353,0.4038746,0.3220994,0.20375519,0.12951533,-0.015986633,0.14380866,0.15207109,0.08617265,0.19663344,0.2807026,0.3369497,0.24828246,0.20998383,0.26301387,0.31836748,0.26510194,0.28920043,0.07333127,0.18599263,0.019973287,-0.103325844,0.32804528,0.34532022,-0.21522109,-0.009647383,-0.032241225,-0.04300681,-0.015772296,0.07491584,0.2942616,0.28270566,0.08895653,0.08386539,-0.2888522,-0.19729285,-0.024866756,-0.15581194,-0.077213526,0.20003733,-0.25472644,-0.064214535,-0.004387873,0.12216468,-0.062136613,-0.06072262,0.037557323,0.18897586,-0.0444738,0.1435343,0.04610778,0.25727314,0.043819748,0.0874499,0.11696645,0.07521027,0.07338591,0.10778312,0.17834474,0.3805198,0.22129302,0.33694115,0.21902893,0.44062766,0.18634515,0.30501077,0.33838785,0.34783122,0.067623354,0.1545097,0.32273573,0.18768074,0.28727767,0.27698132,0.25893405,0.28543228,0.2415104,-0.024637433,0.30889228,0.06988014,0.085209884,-0.06783357,0.05649746,-0.21645607,0.22846803,0.26998395,0.39174783,0.40750238,0.31007332,0.49293265,0.30180702,0.16672507
0.56611043,0.5717391,0.31862965,0.36066392,0.335101,0.07848795,0.43958497,0.3458232,0.47690043,0.34647718,1.0,0.6726675,0.70270604,0.5102494,0.4088414,0.49458,0.63888526,0.5590825,0.38761732,0.4028107,0.31195542,0.19220653,0.16229334,0.43592772,0.059340436,0.16499178,0.11575433,-0.061107595,0.59787995,0.44920003,0.3294276,0.25749436,0.4659479,0.47261363,0.42454925,0.4509932,0.3104209,0.5075177,0.40296757,0.39772388,0.3859842,0.43726328,0.34873956,0.43117595,0.2805353,0.065690786,0.5000176,0.46033213,-0.092393175,0.20323367,0.06734911,-0.077552125,0.08914992,0.4040718,0.42111805,0.46023813,0.4592529,0.49905953,-0.16649532,0.04455013,0.06729295,0.027802054,0.17778352,0.526586,-0.03282645,0.27120265,0.35428065,0.40738475,0.31821853,0.19465841,0.3747869,0.40173766,0.40783754,0.5279824,0.2521565,0.5330345,0.2752674,0.24605621,0.3408213,0.4037723,0.30464715,0.40133184,0.030200575,0.28811383,0.2777194,0.37475544,0.05381813,0.20462418,0.28232864,0.4200417,0.24780461,0.23271611,-0.24466278,0.16345988,0.39775854,0.28174135,0.42652214,0.3303757,0.2808482,0.2854218,0.03191964,0.15347892,0.06180171,0.18273689,0.075172484,0.1405793,0.35970908,0.0973085,0.30474827,0.48259398,0.41324264,0.42090824,-0.041024163,0.33386633,0.23088638,0.30769402
0.62382835,0.7048756,0.5566524,0.579894,0.17051944,-0.025987757,0.6223019,0.6773661,0.38063064,0.09952673,0.6726675,1.0,0.7705459,0.7723285,0.33430782,0.49523187,0.74132127,0.69357115,0.46231136,0.5007622,0.2848161,0.09429736,0.2915677,0.5348006,-0.10087111,-0.01946317,0.29603428,0.15561228,0.7732675,0.7040999,0.56955785,0.45834267,0.6162239,0.61443776,0.6247235,0.6187347,0.41243458,0.60329086,0.49728462,0.42320517,0.22270696,0.32167417,0.62205374,0.62232244,0.4971167,0.3540241,0.53968436,0.5664913,0.046549655,0.3104401,0.2401395,-0.045143917,0.11519145,0.39223838,0.5035667,0.441211,0.5942284,0.62623036,0.084868565,0.24665815,0.28578702,0.317115,0.46946183,0.7089787,0.077611096,0.49989662,0.66570765,0.6353365,0.51993275,0.35691744,0.596088,0.68726414,0.6746816,0.68378866,0.35438177,0.62490803,0.61244094,0.5116022,0.5190188,0.5886004,0.65685636,0.7402553,-0.24403165,0.22555113,0.30393973,0.554343,-0.25018492,-0.035063505,0.51043034,0.5171701,0.11704233,0.04679135,-0.24537085,0.15057196,0.3088551,0.21952282,0.45500433,0.30862314,0.16066176,0.12225109,-0.2035311,0.047873747,0.06115801,0.2623447,0.23275617,0.32102677,0.6442975,0.25252768,0.18351904,0.48141408,0.52863044,0.462773,0.08254282,0.21181493,0.085486025,0.12744589
0.69080454,0.69231796,0.44112813,0.45713708,0.14257883,-0.0883359,0.57549244,0.54287297,0.4277367,0.14768234,0.70270604,0.7705459,1.0,0.8102368,0.29604414,0.42379406,0.7769562,0.72849625,0.42822313,0.48901895,0.34840724,0.1408263,0.2517275,0.51526713,-0.20423943,-0.094115764,0.12469098,-0.10666218,0.70952636,0.65399176,0.4788797,0.3726919,0.6098382,0.61294806,0.54498196,0.54935306,0.36103377,0.6029511,0.50092745,0.42248082,0.31176415,0.44106355,0.51135206,0.5790579,0.467708,0.19114895,0.5318854,0.5215414,0.08259975,0.27697167,0.26117477,-0.034400176,0.18434787,0.40648732,0.47132224,0.46800962,0.6354082,0.65356296,-0.014236347,0.16498925,0.2939814,0.22459392,0.43602982,0.6917291,0.17301038,0.45459616,0.54922163,0.5542202,0.43087503,0.36867005,0.56378037,0.5709142,0.5326738,0.6462235,0.28402552,0.5662461,0.47827318,0.37276348,0.48058778,0.47984266,0.5787978,0.5937916,-0.18674761,0.1255191,0.35498306,0.39483726,-0.20670031,-0.07417171,0.4530898,0.4179273,0.1659476,0.055382725,-0.2505639,0.047610912,0.27486804,0.24829714,0.4598745,0.32091132,0.19943918,0.13898118,-0.13455172,0.14764576,-0.03082881,0.0903055,0.066219695,0.15228483,0.4830113,0.18459995,0.2076622,0.5273373,0.46487698,0.39513564,-0.11576914,0.2159927,0.054056592,0.22067866
0.71450114,0.7502958,0.5342844,0.5827973,0.03933828,-0.15688245,0.54114443,0.6676311,0.38583684,0.04352531,0.5102494,0.7723285,0.8102368,1.0,0.27883166,0.4643881,0.76162565,0.7796584,0.46682554,0.55661905,0.33365092,0.083833314,0.24667135,0.5141478,-0.28327832,-0.21776679,0.15727897,-0.05751186,0.7722245,0.72583145,0.5405992,0.41633514,0.67571384,0.6757275,0.5970294,0.58925754,0.38179433,0.5952375,0.5568639,0.43623865,0.23997387,0.3969284,0.60538054,0.6741765,0.505523,0.36786506,0.54867965,0.55213535,0.19673972,0.3246199,0.2937584,0.056098476,0.19135799,0.40442908,0.5123863,0.49850684,0.69591916,0.7369439,0.17945644,0.28056002,0.41918746,0.32787037,0.5323182,0.7597512,0.220145,0.54973847,0.6503531,0.64769363,0.5623699,0.4858033,0.61017996,0.6378255,0.6099271,0.66768295,0.30846253,0.5376005,0.5295623,0.39376816,0.46462494,0.5005335,0.6439244,0.7412664,-0.3249934,0.17363654,0.20648701,0.45944142,-0.40477908,-0.1647106,0.46997622,0.51016945,0.15978761,0.06198632,-0.2660639,0.020555733,0.2794175,0.2459917,0.48940286,0.36643597,0.23493564,0.15084419,-0.22000822,0.09817607,-0.012791206,0.12823035,0.12513915,0.2063209,0.5844599,0.1662473,0.20623706,0.5179538,0.47568274,0.43893498,-0.05161562,0.22404993,0.049155857,0.20666595
0.21491846,0.31867573,0.29677823,0.3408934,0.58560723,0.42429996,0.4260057,0.26228973,0.6662177,0.3925104,0.4088414,0.33430782,0.29604414,0.27883166,1.0,0.6865832,0.32609993,0.27892026,0.36472574,0.3293508,0.07631751,0.00997304,0.13475849,0.4446119,0.35145363,0.49071056,0.367107,0.23867877,0.3327179,0.3857106,0.5115914,0.49468365,0.19234806,0.35508823,0.44205448,0.4143169,0.58158374,0.44413877,0.4696064,0.31510428,0.505141,0.43420213,0.22175968,0.31279516,-0.015250643,0.07755415,0.37998667,0.42016256,-0.16665125,0.01507055,-0.21083258,-0.07807119,-0.17263848,0.03523257,0.5255007,0.33534083,0.15235022,0.2667756,-0.29362187,-0.29389974,-0.11710936,-0.18844643,-0.0527221,0.39266375,-0.30586928,-0.027278172,0.16795842,0.2675635,0.13231824,0.008935809,0.41517508,0.5701749,0.43584463,0.5508611,0.4543436,0.645499,0.33725843,0.40320295,0.11682329,0.3478607,0.15931943,0.31725982,0.31966794,0.6812967,0.38087907,0.5273436,0.25481677,0.41413906,0.412317,0.5207642,0.18153413,0.23246756,-0.2743212,0.3305593,0.41601706,0.1804282,0.42800453,0.23018189,0.27566203,0.23721334,-0.051109847,-0.021007394,0.16212024,0.2545153,0.16518918,0.29440534,0.2794338,0.003529404,0.189903,0.37058467,0.43171823,0.3527683,0.16123031,0.5239172,0.19045167,0.27934393
0.35300317,0.51120967,0.44015756,0.5040671,0.59638226,0.3558629,0.42907146,0.41637558,0.72401214,0.47212443,0.49458,0.49523187,0.42379406,0.4643881,0.6865832,1.0,0.47846463,0.39073476,0.4378861,0.4242197,0.2825629,0.31092322,0.111856684,0.4955843,0.35251105,0.4767741,0.36503828,0.24198735,0.57267874,0.57714385,0.4293785,0.30753547,0.3883727,0.4782514,0.53134143,0.5058419,0.65962124,0.5910052,0.65928215,0.5586026,0.5207909,0.5667952,0.385953,0.45750034,0.20251928,0.24985461,0.5671125,0.56677926,-0.19634447,0.20880914,-0.13131747,0.054695077,0.057584956,0.31462944,0.6803269,0.5458883,0.29787824,0.43270215,-0.11942666,-0.043608297,-0.008517598,0.019643744,0.074678145,0.5625813,-0.21783222,0.24569753,0.3621367,0.39356768,0.3084257,0.14983924,0.4380346,0.52951866,0.47665522,0.5672219,0.31502932,0.5521053,0.3757357,0.26936918,0.32831815,0.52653086,0.32798183,0.5770192,0.001106288,0.6861181,0.27261993,0.6360143,-0.072549865,0.22104193,0.43540233,0.7148296,0.24869569,0.36920324,-0.35332486,0.32492435,0.56900924,0.42055026,0.62468785,0.49714434,0.38673347,0.40914202,-0.053041417,0.07675996,0.22365677,0.30284292,0.24568264,0.2989794,0.45207614,-0.009924092,0.41230586,0.5754481,0.5530802,0.639198,0.25889525,0.4944917,0.30097246,0.33046848
0.6643719,0.6932328,0.48069695,0.48712263,0.14206308,0.06218603,0.49844837,0.57981014,0.37720376,0.23570023,0.63888526,0.74132127,0.7769562,0.76162565,0.32609993,0.47846463,1.0,0.7618153,0.43514937,0.4844766,0.302965,0.09230688,0.2037434,0.49559885,-0.055891074,-0.028215813,0.16516268,-0.041581012,0.7327051,0.55839366,0.45965406,0.40775198,0.6026702,0.60645777,0.6068028,0.59463644,0.33213663,0.57882863,0.50078756,0.47638318,0.25662994,0.40869138,0.6299177,0.66980106,0.39595526,0.23266982,0.6638519,0.59422654,0.024397759,0.22307158,0.17150648,0.008238567,0.105418235,0.33351102,0.5732463,0.59165734,0.6424901,0.6716708,-0.032178506,0.09079748,0.23536278,0.14670911,0.40868497,0.7280944,0.032229986,0.47004467,0.60563326,0.65652514,0.49191344,0.36356634,0.46544516,0.54844147,0.4347778,0.5762842,0.21314177,0.5567318,0.4556512,0.39714608,0.6042374,0.53372884,0.54782474,0.6781782,-0.16166489,0.2365748,0.17799914,0.46484804,-0.15538827,0.06071232,0.5171765,0.62712574,0.32911122,0.27741608,-0.12910974,0.17853662,0.3961815,0.32898235,0.55091417,0.4222047,0.3847713,0.3221526,-0.069031425,0.08409317,0.10828329,0.120218426,0.15663818,0.1571922,0.58541137,0.090986714,0.35511914,0.53865194,0.5029528,0.50676316,0.00084818545,0.36304173,0.22156546,0.31017604
0.71803147,0.7013033,0.38433746,0.44062433,-0.016080394,-0.104287766,0.36659136,0.4735532,0.24558109,0.01819695,0.5590825,0.69357115,0.72849625,0.7796584,0.27892026,0.39073476,0.7618153,1.0,0.41715327,0.5073471,0.23628154,-0.047679152,0.091807224,0.3493069,-0.3143723,-0.24029694,0.0666863,-0.18985134,0.7945586,0.66011983,0.3999594,0.34099355,0.6030179,0.58887875,0.44238862,0.43148568,0.31002387,0.5763165,0.49182367,0.39794385,0.24953161,0.3374901,0.57957137,0.6248096,0.47150853,0.388211,0.582925,0.51512927,0.09534837,0.24406746,0.27368683,0.026085975,0.16523878,0.41203094,0.52058256,0.6092179,0.7256472,0.7770133,0.19114015,0.3122239,0.35066953,0.21694855,0.43633178,0.7538554,0.179257,0.5064592,0.5670696,0.61647815,0.60725904,0.46108845,0.43142107,0.50676405,0.49986118,0.5883267,0.31853878,0.5121005,0.46604943,0.37575594,0.36423323,0.46656913,0.39503095,0.6189092,-0.36566415,0.15217598,0.01969108,0.2890438,-0.3748656,-0.087307945,0.35857624,0.5085924,0.3126234,0.2803566,-0.27454534,0.107023716,0.39785793,0.38314086,0.5123663,0.42888045,0.40774557,0.351212,-0.14126395,0.039417468,-0.11606492,0.021578126,-0.04467885,0.09699821,0.5116059,0.09838009,0.26390678,0.47063777,0.3998269,0.41174757,-0.0069140284,0.26986682,0.14246893,0.27928767
0.61185014,0.68813604,0.7904641,0.7880951,0.28105584,-0.15459684,0.6666412,0.6436213,0.5202104,0.21391937,0.38761732,0.46231136,0.42822313,0.46682554,0.36472574,0.4378861,0.43514937,0.41715327,1.0,0.90258116,0.39045468,0.1725828,0.4452627,0.6708459,-0.1105263,0.014822104,0.22562888,0.037792303,0.49684912,0.47998518,0.5060978,0.37389797,0.7011584,0.75178254,0.700432,0.6458398,0.6284794,0.42711267,0.6360705,0.31029433,0.39945585,0.22976159,0.5619008,0.597381,0.35389552,0.48788953,0.5603356,0.53862077,0.008879427,0.45226613,0.21131352,0.20381407,-0.02563734,0.3298337,0.64077055,0.32770565,0.6015445,0.59616786,0.00886992,0.20165604,0.36160037,0.26535928,0.42512584,0.6308459,0.15252168,0.34210488,0.6459409,0.70381993,0.66850257,0.73494935,0.3476721,0.51401323,0.34165594,0.55566907,0.21586114,0.4154918,0.46783316,0.3404004,0.3431988,0.52252626,0.5433951,0.5989707,-0.19371329,0.19048677,0.42676863,0.55423677,-0.26521134,-0.18712036,0.61087024,0.48126298,0.23526855,0.12594797,-0.2819393,0.030632438,0.24889474,0.14529394,0.46992454,0.21809596,0.2642016,0.18503751,-0.15109903,0.22933976,0.1196518,0.35245568,0.2744169,0.39199635,0.44237688,0.12757032,0.27334687,0.4632894,0.52318335,0.5338181,0.15576926,0.25923187,0.108295836,0.17733227
0.70117044,0.7539898,0.77590317,0.8060536,0.20963864,-0.2291992,0.6582035,0.6724046,0.48332906,0.1954092,0.4028107,0.5007622,0.48901895,0.55661905,0.3293508,0.4242197,0.4844766,0.5073471,0.90258116,1.0,0.42728058,0.18093695,0.42464066,0.6930077,-0.20579132,-0.06397956,0.17938143,-0.033816785,0.5762182,0.5385036,0.51930964,0.39545617,0.758591,0.8164487,0.7126587,0.67513025,0.6090323,0.49317914,0.6810202,0.36357307,0.4306621,0.27630377,0.610025,0.65768874,0.42607012,0.5305407,0.5921453,0.5749504,0.022062453,0.47420594,0.2733768,0.213431,0.04121426,0.3768489,0.6537661,0.38878715,0.6963976,0.68173265,0.091366515,0.28979126,0.45698026,0.31232914,0.48753235,0.68904084,0.2031156,0.3996998,0.6956814,0.7515017,0.7068697,0.7879,0.3864703,0.53921527,0.37344363,0.59387255,0.2196231,0.4471168,0.48732084,0.36241743,0.31080425,0.48775095,0.5577579,0.6111055,-0.27474207,0.1482797,0.36423522,0.528522,-0.33755368,-0.23643908,0.5874241,0.47365344,0.27870122,0.14753057,-0.27832475,-0.005791196,0.27062503,0.17329253,0.49081132,0.2585931,0.29906413,0.206962,-0.15428929,0.23845024,0.08847432,0.28206265,0.21523154,0.3131778,0.45651016,0.07264611,0.2901752,0.50537133,0.5393073,0.5400571,0.12608597,0.27157515,0.135296,0.21744534
0.335284,0.3441063,0.48806325,0.4795372,0.24789108,-0.2292532,0.4644892,0.47608158,0.32671845,0.089667946,0.31195542,0.2848161,0.34840724,0.33365092,0.07631751,0.2825629,0.302965,0.23628154,0.39045468,0.42728058,1.0,0.6922673,0.50889564,0.5280858,0.13377447,0.17477682,-0.16086419,-0.19674596,0.36846983,0.33168638,0.1371711,0.08358618,0.39886308,0.39687857,0.40122458,0.38232967,0.36177334,0.3843157,0.43833926,0.34087273,0.4925796,0.5349824,0.21812266,0.22314364,0.063845396,0.12778464,0.2433856,0.38061267,-0.14267974,0.21210966,0.09800332,-0.009366869,0.2053551,0.33033806,0.32804066,0.18642715,0.20942406,0.25778785,0.020181954,0.12243748,0.03323651,0.11321114,0.031054622,0.23120093,0.030585906,0.038193073,0.3655859,0.3599323,0.23192179,0.23512621,0.4537379,0.149194,0.27082947,0.45920837,0.15200122,0.26333505,0.13642853,0.11872727,0.2778332,0.36116645,0.1653797,0.22051358,0.043560807,0.21369733,0.12759496,0.27087736,-0.13608107,-0.11748029,0.14865936,0.20570783,0.010862634,0.03470135,-0.18906647,0.117433935,0.20922183,0.20527092,0.35039383,0.247242,0.039894238,0.12321921,-0.17200439,0.39346972,0.1482181,0.319249,0.2243516,0.20793463,0.3269361,0.32467812,0.42340335,0.50417924,0.39199263,0.29935,-0.3023006,0.12465002,0.21477494,0.5038948
0.089513004,0.11991305,0.3048197,0.26293397,0.29921937,-0.10219473,0.28550112,0.28614905,0.30583757,0.22014885,0.19220653,0.09429736,0.1408263,0.083833314,0.00997304,0.31092322,0.09230688,-0.047679152,0.1725828,0.18093695,0.6922673,1.0,0.38849872,0.36049047,0.37336382,0.34500235,-0.19072303,-0.047401212,0.1635447,0.15001294,-0.04871836,-0.13661371,0.22866967,0.19192746,0.23859596,0.24349496,0.28527263,0.2772172,0.373612,0.36708492,0.37429056,0.40688384,-0.006030744,0.04226846,-0.053340614,-0.02882965,0.098094516,0.22248045,-0.22299558,0.16501525,-0.03622596,-0.039402794,0.16764443,0.28270695,0.24929391,0.15662445,-0.022763444,0.012241842,-0.11497136,0.023667986,-0.07567179,0.00576956,-0.085059725,0.027992183,-0.15292764,-0.05303839,0.15976161,0.10483236,-0.03899005,0.016341392,0.22545458,-0.09393817,0.04624056,0.15818308,-0.104299866,0.010440259,-0.024018839,-0.080904186,0.23257768,0.22544165,0.087720826,0.074273184,0.10279796,0.22412285,0.15286624,0.17112453,-0.0017985966,-0.07400932,0.056110006,0.11535947,-0.0032178366,0.06025387,-0.020225218,0.06387539,0.20505345,0.22944683,0.30083176,0.21991812,0.034020633,0.111226276,0.081391476,0.30524564,0.2004121,0.20570672,0.22144149,0.086178936,0.17572312,0.1626813,0.43987766,0.399762,0.2679135,0.24155538,-0.19215466,0.008177745,0.26228335,0.33681577
0.20679134,0.23107833,0.6448323,0.5536525,0.30322027,-0.12947126,0.5789029,0.61348593,0.21940446,0.009901774,0.16229334,0.2915677,0.2517275,0.24667135,0.13475849,0.111856684,0.2037434,0.091807224,0.4452627,0.42464066,0.50889564,0.38849872,1.0,0.62152624,0.13353153,0.17132618,0.17165887,0.24113306,0.1994071,0.33080885,0.49564025,0.43327442,0.42899418,0.3900177,0.4961578,0.50204754,0.36440247,0.27308387,0.35636255,0.19887334,0.2917035,0.16475,0.13184914,0.13763915,0.021335075,0.08325913,0.060299832,0.24252805,0.0052771955,-0.012987146,0.064432256,-0.13209134,-0.14748348,-0.018193923,0.22025508,-0.057315957,0.12414227,0.0804236,-0.19096014,-0.093417615,0.150765,0.058245964,0.13196646,0.14761758,-0.07804129,-0.0038704001,0.35163024,0.3708124,0.1315389,0.1984044,0.5801702,0.40772447,0.35244378,0.4119769,0.2914528,0.23410304,0.41570804,0.3981664,0.24608585,0.2832283,0.30426997,0.22003308,0.20730503,0.21240854,0.28321394,0.3298735,0.05583804,-0.08399672,0.3134551,0.06198377,-0.12733552,-0.23447189,0.00025871297,0.20831083,-0.002996796,-0.121361084,0.1481723,-0.066382036,-0.18854846,-0.1756904,-0.21409234,0.1972359,0.21257524,0.3787158,0.46597743,0.33662942,0.3616396,0.45192862,0.1690606,0.28275955,0.39143714,0.08721479,-0.045696076,-0.0018868542,0.07441851,0.26801112
0.5379068,0.6466449,0.7776067,0.7994607,0.44586858,-0.052778218,0.77694035,0.7788766,0.5627365,0.31437957,0.43592772,0.5348006,0.51526713,0.5141478,0.4446119,0.4955843,0.49559885,0.3493069,0.6708459,0.6930077,0.5280858,0.36049047,0.62152624,1.0,0.10035961,0.27713755,0.26064876,0.11566222,0.49804893,0.544941,0.6577681,0.61109394,0.61114424,0.74710834,0.8204817,0.84052235,0.66581345,0.67728263,0.68884754,0.49070302,0.6070127,0.52066916,0.5123213,0.60617304,0.260904,0.26764044,0.5432479,0.69549125,-0.069848314,0.28856054,0.11178844,0.025114743,0.0018017283,0.236838,0.59428954,0.36027446,0.46919692,0.50253713,-0.084751084,0.051180225,0.26356587,0.15682176,0.27338898,0.6098331,-0.0513659,0.2654572,0.6119385,0.6825036,0.38181674,0.41373208,0.61378884,0.67125005,0.47618365,0.7224448,0.28835842,0.6335028,0.5873411,0.58567226,0.27929714,0.50518644,0.5436983,0.54108834,0.034616217,0.3743503,0.4752779,0.7001445,-0.07841228,-0.04365404,0.5345061,0.42033568,0.12843655,0.049659505,-0.2497997,0.19586958,0.31162757,0.15806288,0.53921676,0.25491136,0.17106447,0.1169753,-0.26938233,0.21413848,0.14806381,0.29891157,0.3189475,0.27472082,0.47792432,0.0846746,0.3618391,0.65277094,0.7389066,0.48146102,0.0372082,0.2792139,0.16558342,0.31391233
-0.39324248,-0.20744869,-0.013476296,-0.036769047,0.56676483,0.56711274,0.0675538,-0.011124145,0.2819776,0.38254353,0.059340436,-0.10087111,-0.20423943,-0.28327832,0.35145363,0.35251105,-0.055891074,-0.3143723,-0.1105263,-0.20579132,0.13377447,0.37336382,0.13353153,0.10035961,1.0,0.7302586,0.17678323,0.35150373,-0.19465666,-0.17106232,-0.021576496,0.03620166,-0.21205664,-0.14779864,0.046462063,0.050642695,0.1468504,0.01905443,0.017809631,0.119634576,0.1973085,0.19142891,-0.23776633,-0.19136353,-0.42218116,-0.358048,-0.08389496,0.025568262,-0.38983226,-0.19853987,-0.47190648,-0.24415615,-0.2624614,-0.16872875,0.055654462,-0.03833262,-0.5007807,-0.31628868,-0.4790128,-0.5293737,-0.5175842,-0.4138648,-0.5364422,-0.19836919,-0.60392135,-0.3462483,-0.22001614,-0.17205521,-0.40743402,-0.5138647,0.023222381,-0.03820118,-0.054716494,-0.0054200757,0.024392428,0.08085868,-0.10529801,-0.0124574145,0.09799619,0.1746801,-0.1996745,-0.09233104,0.5470818,0.5139582,0.10318112,0.24263586,0.4920795,0.5636076,-0.008677091,0.15389664,-0.09654184,0.12696502,0.028303763,0.39654115,0.17145321,0.07108951,0.05988453,0.0076657413,-0.05256309,0.053967323,0.11027944,0.058246613,0.27364698,0.34307283,0.24129212,0.22641702,0.036056522,0.061981667,0.22801597,0.046416074,0.0905863,0.044862267,0.008562061,0.20619465,0.23901741,0.23431814
-0.27712983,-0.083243154,0.11401214,0.11034231,0.6795552,0.5697768,0.21224539,0.063438766,0.3605937,0.4038746,0.16499178,-0.01946317,-0.094115764,-0.21776679,0.49071056,0.4767741,-0.028215813,-0.24029694,0.014822104,-0.06397956,0.17477682,0.34500235,0.17132618,0.27713755,0.7302586,1.0,0.26297542,0.35789895,-0.04009963,0.063009225,0.13687176,0.18217592,-0.1032815,0.0019128541,0.17751259,0.21966517,0.35848737,0.28487414,0.20180675,0.29564622,0.43839628,0.37774837,-0.10718945,-0.1175312,-0.33342916,-0.27103975,0.05398616,0.19630554,-0.45676512,-0.16982129,-0.4903089,-0.110328786,-0.18238072,-0.13168027,0.21678352,0.056030937,-0.36814514,-0.21081127,-0.38145268,-0.41389942,-0.4960524,-0.32889172,-0.49243444,-0.069908164,-0.5572121,-0.28747082,-0.10548005,-0.07660263,-0.3121394,-0.42627743,0.17730361,0.17169176,0.13265263,0.2173245,0.21566185,0.29712132,0.10757736,0.17594801,0.062945455,0.17217055,-0.16878915,-0.034445375,0.46902472,0.641378,0.1559498,0.4101582,0.40626085,0.4922816,0.071771115,0.26089922,-0.07287241,0.14156458,-0.18377542,0.46799916,0.32022664,0.110498995,0.21428095,0.11757322,0.009384316,0.100550786,0.012127032,0.04351384,0.21374664,0.3273184,0.21094361,0.16948211,0.053440522,0.037435085,0.24848132,0.2514916,0.29593685,0.17781045,0.12864016,0.30014983,0.23067854,0.25228828
0.020769298,0.22985552,0.3229672,0.32669863,0.4383854,0.5714023,0.26365638,0.28709638,0.31545493,0.3220994,0.11575433,0.29603428,0.12469098,0.15727897,0.367107,0.36503828,0.16516268,0.0666863,0.22562888,0.17938143,-0.16086419,-0.19072303,0.17165887,0.26064876,0.17678323,0.26297542,1.0,0.75230694,0.19783844,0.2386814,0.55277103,0.44370985,0.22912917,0.3036387,0.3418793,0.35980806,0.26456007,0.23555775,0.2555314,0.25487244,0.03395228,-0.045634896,0.2152502,0.23827974,0.11910829,0.0753695,0.15920302,0.26235375,-0.10418038,-0.04214263,-0.08481098,0.04363292,-0.2325885,-0.11411093,0.22015345,0.06694935,0.07422881,0.14772262,-0.11845571,-0.04780412,0.14226623,0.06364545,0.07247337,0.2981797,-0.0940466,0.2412468,0.21827579,0.23390125,0.088134274,0.008005685,0.26276213,0.5587847,0.28231385,0.26063132,0.26625663,0.23878808,0.49742037,0.39516932,0.08441694,0.20847325,0.27842167,0.3335147,-0.061881326,0.29181597,0.12862894,0.40948933,-0.10405737,0.12959962,0.3555054,0.33145517,-0.04690755,-0.0015055662,-0.06876445,0.1945816,0.110895336,-0.047881413,0.14760444,0.01801857,-0.06663036,-0.086595796,-0.25341433,-0.1701817,0.08440149,0.23224474,0.13931242,0.25014326,0.23487963,0.039199933,-0.05913388,0.06769383,0.3560525,0.20628768,0.47562006,0.19919328,0.014036741,-0.1221881
-0.25139722,-0.039328706,0.22272184,0.17773837,0.36748675,0.5448767,0.16726656,0.19555771,0.15922303,0.20375519,-0.061107595,0.15561228,-0.10666218,-0.05751186,0.23867877,0.24198735,-0.041581012,-0.18985134,0.037792303,-0.033816785,-0.19674596,-0.047401212,0.24113306,0.11566222,0.35150373,0.35789895,0.75230694,1.0,0.0011324015,0.100405805,0.41697225,0.30704293,0.038041584,0.050634764,0.18960056,0.20685962,0.13354719,0.022080004,0.06710354,0.091507144,-0.14824238,-0.24374323,0.0051154033,-0.0007641355,-0.017239308,-0.028083365,-0.08532029,0.030613454,-0.03511864,-0.1505293,-0.17599589,0.015186894,-0.35684004,-0.25865468,0.06736136,-0.14339921,-0.20877667,-0.16116637,-0.16548198,-0.16860361,-0.012665382,0.068308145,-0.021280933,0.0064143874,-0.29260904,0.06430843,0.072508805,0.04137244,-0.10793368,-0.19267596,0.19229499,0.37822965,0.24226621,0.06566232,0.16909267,0.05651232,0.38193798,0.2957838,0.116230406,0.16279724,0.1966991,0.21400918,0.09004852,0.2803946,0.09536382,0.3411805,0.07287414,0.17180528,0.26389197,0.19048767,-0.17810774,-0.10407519,0.08276369,0.27548024,-0.024150638,-0.14810337,-0.05283965,-0.14491704,-0.22843112,-0.20421056,-0.13899438,-0.28780627,0.20957392,0.31186303,0.30381393,0.31613868,0.23545319,0.16371803,-0.086960174,-0.117949225,0.15861101,0.059796266,0.47580913,0.06454952,0.01644283,-0.1525904
0.6988984,0.7563492,0.53810894,0.60824776,0.14478552,-0.042090315,0.48139545,0.6143278,0.35019082,0.12951533,0.59787995,0.7732675,0.70952636,0.7722245,0.3327179,0.57267874,0.7327051,0.7945586,0.49684912,0.5762182,0.36846983,0.1635447,0.1994071,0.49804893,-0.19465666,-0.04009963,0.19783844,0.0011324015,1.0,0.7612545,0.49150974,0.3958161,0.6502659,0.6509202,0.5732139,0.5726795,0.50772005,0.69116926,0.66281116,0.57186973,0.39248976,0.42266256,0.64221793,0.6568046,0.5192851,0.4674835,0.6683325,0.6516127,0.050316937,0.33487934,0.23343481,0.046699055,0.22122863,0.46221596,0.64741695,0.64879614,0.69807905,0.74714553,0.23857592,0.41037235,0.3330162,0.3562687,0.46276784,0.7650334,0.14274614,0.5360104,0.6717427,0.6505882,0.6359564,0.46625587,0.5452367,0.59867656,0.6381806,0.6899875,0.40056244,0.58146375,0.5854999,0.42430475,0.43558505,0.5245448,0.49610138,0.7133908,-0.36780655,0.31698632,0.085540004,0.48345026,-0.40746552,-0.09273519,0.4640161,0.6175979,0.3102884,0.3032211,-0.31642705,0.17940117,0.5287346,0.45785832,0.63300043,0.5346423,0.4087907,0.395425,-0.14445822,0.058329847,0.055378683,0.17269729,0.1444755,0.21696314,0.5986184,0.15807681,0.36875534,0.6224105,0.5883923,0.59197253,0.14207776,0.33115527,0.28073725,0.31617755
0.6075507,0.66252697,0.5671925,0.60929483,0.19017969,-0.08230312,0.5816874,0.6371598,0.3934019,-0.015986633,0.44920003,0.7040999,0.65399176,0.72583145,0.3857106,0.57714385,0.55839366,0.66011983,0.47998518,0.5385036,0.33168638,0.15001294,0.33080885,0.544941,-0.17106232,0.063009225,0.2386814,0.100405805,0.7612545,1.0,0.5846323,0.45953482,0.6123462,0.6151962,0.5679082,0.56642276,0.60610425,0.70757145,0.6440612,0.50529915,0.4430767,0.3963925,0.5483605,0.53591627,0.47238183,0.44592604,0.51513755,0.5784901,0.067496516,0.299731,0.18563424,0.07046746,0.18336596,0.33992514,0.5790363,0.46530497,0.5765882,0.6277723,0.22387694,0.31236628,0.28408575,0.34558764,0.4159419,0.67309064,0.14779393,0.4564905,0.6112906,0.5783693,0.56129336,0.40317237,0.68624043,0.6950685,0.75510246,0.7375273,0.45502663,0.5799102,0.6918133,0.52619916,0.31632218,0.552551,0.5135204,0.68807334,-0.29655272,0.33136803,0.25131437,0.5514474,-0.36840916,-0.21244997,0.44933,0.49764124,0.08133983,0.08618533,-0.48539743,0.23223746,0.4189841,0.35490403,0.5640648,0.42022723,0.19416432,0.18618608,-0.32322103,0.048075054,-0.03496163,0.23531505,0.19753347,0.30161425,0.54781926,0.23962237,0.28784654,0.6047903,0.55964166,0.48148152,0.1073343,0.19797121,0.071354106,0.23245293
0.43922707,0.5436789,0.6358742,0.6328428,0.2762618,0.14520554,0.6297828,0.67784697,0.4208855,0.14380866,0.3294276,0.56955785,0.4788797,0.5405992,0.5115914,0.4293785,0.45965406,0.3999594,0.5060978,0.51930964,0.1371711,-0.04871836,0.49564025,0.6577681,-0.021576496,0.13687176,0.55277103,0.41697225,0.49150974,0.5846323,1.0,0.81221884,0.524237,0.61263996,0.6908755,0.69201463,0.54506445,0.5149399,0.5459836,0.35024607,0.30458745,0.2006437,0.45919105,0.54966766,0.30273393,0.31560585,0.41223374,0.52695584,0.018021192,0.09974284,0.05083949,-0.04406137,-0.12790793,-0.01361543,0.50613314,0.26616213,0.4209699,0.42954862,-0.12169673,-0.00030901845,0.30542603,0.21998113,0.33590835,0.57119846,-0.071225464,0.28582144,0.5476682,0.59339976,0.3677601,0.3015244,0.6365332,0.83236045,0.62736416,0.6367248,0.4416213,0.56221676,0.7199072,0.6907323,0.26534873,0.45173508,0.55800205,0.55439144,0.018139217,0.37195155,0.35698164,0.5903652,-0.024943098,0.019337712,0.59831554,0.43410814,0.079380386,-0.05272643,-0.16471018,0.2353273,0.18738548,-0.008713749,0.37474704,0.12093274,0.09533589,-0.011857375,-0.3189022,-0.1258185,0.13425733,0.23915091,0.34395015,0.35489434,0.52653295,0.16803072,0.09453104,0.3553578,0.57427055,0.34051228,0.23374644,0.2191829,0.06225485,0.12594208
