1.0,0.8978349,0.8710161,0.92163604,0.46689096,0.5127006,0.863372,0.8926949,0.35708866,0.7150047,0.7934236,0.8314367,0.85534924,0.81209373,0.5716775,0.6162333,0.7771093,0.77484465,0.9255753,0.9440109,0.23380613,0.47159743,0.6141139,0.7253831,-0.20975715,0.30260545,0.58894867,0.5943531,0.6517871,0.699359,0.4663834,0.48377383,0.8671821,0.8979045,0.63455963,0.62920946,0.7274044,0.8024965,0.7148998,0.65577006,0.36377564,0.5974171,0.797121,0.75579613,0.46511862,0.48373485,0.76481885,0.8103798,0.3770816,0.34787554,0.5772828,0.3997561,0.46053964,0.36203027,0.78720844,0.72887486,0.9441299,0.72437316,0.42457816,0.30500033,0.9052389,0.17765673,0.71967685,0.60272205,0.6702232,0.29583493,0.88824564,0.8920415,0.551851,0.718695,0.69847804,0.61978155,0.37541285,0.80343086,0.2157097,0.66455114,0.5119482,0.6750381,0.58410454,0.7762858,0.7308209,0.775351,0.40548417,0.06559829,0.81195015,0.6796659,0.06733145,-0.04621574,0.7072592,0.6502059,0.5570423,-0.24186045,0.29838187,-0.1139567,0.4571181,0.7059636,0.7487401,0.74012524,0.7436282,0.5487073,-0.120343015,-0.10291936,0.3708699,0.03443833,0.41032553,0.39778402,0.6238297,0.13500142,0.5254133,0.3942643,0.75609165,0.7787434,0.462049,-0.14771594,-0.20345369,0.10816047
0.8978349,1.0,0.8151934,0.8485451,0.36985353,0.423257,0.7657409,0.89173865,0.25272763,0.61364627,0.7620741,0.82556677,0.7890341,0.79245514,0.44764686,0.4959066,0.77579135,0.70548403,0.8617235,0.8511019,0.12280418,0.358702,0.5053474,0.60854286,-0.29546648,0.29040217,0.47523552,0.48080802,0.5198013,0.5929712,0.43818367,0.35653704,0.8343542,0.84788764,0.5739441,0.6923102,0.64552134,0.75277334,0.6213543,0.5887109,0.26490346,0.5734257,0.8119589,0.753312,0.51431805,0.48444214,0.7134949,0.7559518,0.44236034,0.35483417,0.57227623,0.42820197,0.4806995,0.33618805,0.7389451,0.6385542,0.92071474,0.7944205,0.4230433,0.3933462,0.9240636,0.092243895,0.6321136,0.6258987,0.6640628,0.34503257,0.8590486,0.8944848,0.63462424,0.75213295,0.63045824,0.50993204,0.32519218,0.69370973,0.13742276,0.66407233,0.4580049,0.65342426,0.46657267,0.7614307,0.6600932,0.675996,0.25849575,-0.097231574,0.76719284,0.48270097,-0.08138713,-0.06594922,0.6175977,0.5913505,0.4839844,-0.268576,0.27606085,-0.25783086,0.40442646,0.6964115,0.72521985,0.71946114,0.7213259,0.41817302,-0.053094096,-0.22007048,0.22313128,-0.121169634,0.2887761,0.22568645,0.56228155,0.062378615,0.45072812,0.38661388,0.7588208,0.69018894,0.30161318,-0.28313905,-0.3182909,-0.025709582
0.8710161,0.8151934,1.0,0.9235845,0.66350555,0.6230446,0.91925883,0.90784365,0.5193714,0.7745991,0.8543425,0.87212306,0.8834548,0.8768283,0.69817007,0.7207694,0.8422491,0.8493908,0.8838341,0.8807833,0.44938546,0.6483099,0.8008116,0.8508632,0.06014481,0.5545097,0.72998,0.721701,0.78178173,0.81041056,0.70946455,0.7061513,0.88806134,0.85516757,0.7741487,0.6368841,0.7869243,0.81373644,0.8045618,0.7549462,0.5719726,0.670945,0.5973601,0.50122994,0.16535336,0.1782656,0.780368,0.759362,0.050779976,0.03646277,0.30575478,0.086641334,0.18149032,0.060598306,0.78679913,0.7665534,0.8983532,0.49636593,0.23125182,0.04393629,0.7806862,0.14600861,0.80434316,0.31169945,0.41780138,-0.010049855,0.7925103,0.7604614,0.31658715,0.5148326,0.78500694,0.75562286,0.5955413,0.85078233,0.47457343,0.78385204,0.70103633,0.7935737,0.68105376,0.8423884,0.8291426,0.7441647,0.5624253,0.24210148,0.84173983,0.50024074,0.28521988,0.21581815,0.7743404,0.68566656,0.31856075,-0.29803848,0.0059657088,-0.13498946,0.6378635,0.7480778,0.8092047,0.79082716,0.7435093,0.53846085,0.09394011,0.056154445,0.3818621,0.15131755,0.49040893,0.2634745,0.7222549,0.3517675,0.68603885,0.6147387,0.75782573,0.56644267,0.47724566,0.044766266,0.00853015,0.30312178
0.92163604,0.8485451,0.9235845,1.0,0.52522904,0.50822496,0.90450335,0.9288164,0.4009066,0.7077615,0.83062685,0.8299824,0.86960775,0.8401519,0.60348034,0.6425404,0.8161299,0.7991809,0.91974884,0.9261711,0.32955787,0.5209595,0.72761375,0.80609316,-0.09556592,0.390851,0.6269423,0.6240693,0.7004615,0.7343278,0.58572483,0.60207653,0.8945106,0.8795005,0.68753093,0.6572508,0.7304611,0.76843894,0.7388231,0.6596815,0.43996772,0.5840027,0.7050081,0.62401706,0.3384452,0.3268357,0.75168896,0.76483667,0.23553762,0.22711729,0.46157902,0.2697163,0.33975068,0.22291446,0.7553943,0.6996618,0.92537415,0.6412866,0.3330503,0.17086121,0.8600062,0.18993846,0.7623667,0.515445,0.57441056,0.18787041,0.83579874,0.8432982,0.4402807,0.6267691,0.71354896,0.6627543,0.451419,0.792398,0.30216852,0.6985298,0.5698829,0.7235939,0.592112,0.800393,0.76248056,0.78295976,0.44655472,0.14541256,0.8121407,0.61292624,0.13868737,0.014849205,0.72075784,0.61293036,0.4388187,-0.27673224,0.10225551,-0.15103012,0.5331977,0.70249605,0.7490561,0.7339839,0.7188037,0.5192233,-0.076526895,-0.055726502,0.33948296,0.07427548,0.4026848,0.3488383,0.66623396,0.22372054,0.59719926,0.47367066,0.748076,0.6777883,0.4502172,-0.118862174,-0.1335156,0.15187433
0.46689096,0.36985353,0.66350555,0.52522904,1.0,0.8335323,0.68173474,0.5509611,0.853094,0.77706337,0.65657854,0.71119267,0.668096,0.70636326,0.8281078,0.7902744,0.6509542,0.7732125,0.4951802,0.49733734,0.83843243,0.8588078,0.75135875,0.6702944,0.54693305,0.83654374,0.897376,0.8778502,0.8298673,0.82879096,0.68548524,0.799244,0.61363995,0.5569273,0.76561934,0.40632376,0.74715483,0.68120086,0.79089487,0.80980533,0.8222297,0.70930547,0.1110535,0.023130381,-0.35341373,-0.21913922,0.66095424,0.5749062,-0.43797013,-0.42696851,-0.16083087,-0.3530864,-0.29023588,-0.34953544,0.664478,0.7370966,0.5403683,-0.008827046,-0.14267579,-0.3833718,0.31182662,0.12919115,0.7790779,-0.14745636,-0.10114646,-0.52082336,0.46606782,0.3697533,-0.20509765,-0.01651831,0.7380229,0.8462359,0.8334225,0.73808014,0.8249414,0.6980725,0.80648184,0.71121955,0.7851926,0.6593837,0.77090156,0.6346138,0.79077345,0.6145353,0.6505288,0.32495016,0.7080771,0.70262337,0.7873469,0.7405389,0.042616125,0.104866706,-0.16977967,0.2899638,0.69517046,0.6215575,0.68867725,0.6932495,0.58156735,0.52530444,0.51929986,0.5413625,0.48294795,0.53091764,0.61203414,0.11344826,0.62279904,0.56438464,0.707123,0.76266223,0.5354061,0.1740788,0.5325766,0.5352688,0.4740149,0.6928343
0.5127006,0.423257,0.6230446,0.50822496,0.8335323,1.0,0.6951705,0.55870104,0.8840092,0.8838667,0.6864161,0.7597906,0.7009145,0.7352955,0.92339295,0.9069034,0.6866351,0.81671274,0.4875624,0.49376842,0.80521095,0.9038435,0.7104876,0.66627854,0.49400914,0.773692,0.8476359,0.9255943,0.8667934,0.88542384,0.5467122,0.75301147,0.6453869,0.6190474,0.8220292,0.42687255,0.8306223,0.7818946,0.8240021,0.8890382,0.85408014,0.83859134,0.2032267,0.1363836,-0.25821996,-0.06617014,0.7730762,0.68979007,-0.33465868,-0.2901255,-0.09951752,-0.31625605,-0.28610247,-0.34035417,0.7868012,0.83652234,0.5605097,0.045232177,-0.06484414,-0.36776718,0.3717622,0.060461137,0.79131925,-0.06665451,-0.06311643,-0.41498163,0.53100646,0.43727663,-0.122202374,0.06336132,0.8193194,0.85415894,0.82875997,0.79696846,0.8225143,0.7325425,0.86489296,0.78661,0.90309465,0.72745305,0.851014,0.705781,0.88401914,0.6797279,0.71029246,0.46963844,0.7145468,0.67168844,0.8349889,0.8481847,0.30181745,0.29062936,0.0074172495,0.31168512,0.6424451,0.7171436,0.7404349,0.77373385,0.6913813,0.67603546,0.5159552,0.5602526,0.6934629,0.63061297,0.7676471,0.32613313,0.5933982,0.5809126,0.6963015,0.7079752,0.5804152,0.26898402,0.5423158,0.5650374,0.51484865,0.7633196
0.863372,0.7657409,0.91925883,0.90450335,0.68173474,0.6951705,1.0,0.8923869,0.6327569,0.80869997,0.91875046,0.8826695,0.91487473,0.88738734,0.75928926,0.7721113,0.86130697,0.88524956,0.8342623,0.8438422,0.5269808,0.70021677,0.8572184,0.9124994,0.12841691,0.5776149,0.7615066,0.7618693,0.8442966,0.85407037,0.7527311,0.7878441,0.91892046,0.91302484,0.787386,0.62744546,0.7969762,0.83990604,0.81291205,0.79466444,0.6249256,0.7124175,0.5454317,0.48258165,0.09751778,0.1739381,0.80155253,0.8007644,0.010498073,0.017752882,0.2588435,0.06549966,0.14070733,0.046760716,0.802128,0.80958974,0.8822969,0.440406,0.1399502,-0.069825485,0.7472045,0.17383882,0.8661014,0.3124417,0.35913128,-0.071165666,0.76161504,0.74662775,0.20025662,0.39601725,0.84019595,0.82690465,0.6721919,0.90102047,0.5374145,0.8155113,0.7389033,0.8392675,0.7493112,0.8145606,0.8659603,0.8115485,0.6408309,0.35251838,0.83299506,0.6260838,0.35055357,0.24314687,0.823816,0.71776235,0.36261973,-0.15020256,0.03804946,-0.013864998,0.6631644,0.7549306,0.80612934,0.8161731,0.76053214,0.6199104,0.14431396,0.18938227,0.46369195,0.29158494,0.54355884,0.36281458,0.73927253,0.43718123,0.7362139,0.6392768,0.75264066,0.5489433,0.47515202,0.1286387,0.08966183,0.37737495
0.8926949,0.89173865,0.90784365,0.9288164,0.5509611,0.55870104,0.8923869,1.0,0.4564742,0.7206757,0.8788522,0.90409356,0.8893274,0.9134517,0.6094603,0.6436744,0.8679496,0.83577234,0.88539726,0.85917485,0.35228157,0.5441095,0.7303668,0.7588431,-0.11953585,0.47223338,0.6202855,0.6358587,0.697655,0.75227857,0.6495565,0.5944437,0.91934216,0.88550633,0.7181098,0.6841629,0.7377391,0.7882219,0.7233263,0.69102365,0.4605653,0.64416534,0.67705667,0.5854427,0.31770545,0.3009668,0.75708866,0.765734,0.2338198,0.1912259,0.39367437,0.24560231,0.28349724,0.1227815,0.7745036,0.7119826,0.92839676,0.6362514,0.35825467,0.15252252,0.8625072,0.15193832,0.7863127,0.49304572,0.51646197,0.1483635,0.8244767,0.83431625,0.42496338,0.5924206,0.77593195,0.6858417,0.5304484,0.79103816,0.3599818,0.75937027,0.621118,0.7771234,0.603579,0.8233155,0.792472,0.76250994,0.43327165,0.11644423,0.8116962,0.51823,0.12213147,0.10858607,0.7176888,0.655616,0.37984014,-0.253874,0.06285874,-0.18473336,0.5293457,0.7119346,0.7627715,0.76289356,0.73312414,0.51203674,0.047732215,-0.02548319,0.30214423,0.054946844,0.38869756,0.24614353,0.64037555,0.23574446,0.5701313,0.5152293,0.74064535,0.5903045,0.39667848,-0.10436259,-0.11604278,0.16720651
0.35708866,0.25272763,0.5193714,0.4009066,0.853094,0.8840092,0.6327569,0.4564742,1.0,0.76146686,0.63995194,0.6521192,0.63295144,0.66973484,0.8727147,0.8163729,0.5989447,0.72457945,0.33487245,0.34471586,0.8859322,0.8780915,0.74764997,0.642265,0.64386284,0.8066485,0.83732826,0.8709829,0.85012764,0.8141484,0.6330099,0.81593144,0.54883814,0.5104021,0.71643984,0.2686622,0.72145534,0.6343632,0.75616705,0.7899611,0.8733413,0.7203996,0.0067547113,-0.05228509,-0.42468753,-0.2602642,0.66608393,0.5514821,-0.45658892,-0.43692487,-0.25978237,-0.42092076,-0.41258037,-0.40734598,0.6179563,0.6910527,0.41968983,-0.14950307,-0.13009475,-0.5257971,0.19336556,0.047059875,0.73807067,-0.19920368,-0.22707035,-0.5603514,0.33241802,0.2525372,-0.3521353,-0.1517421,0.73626107,0.851674,0.8524445,0.68728197,0.8690635,0.6744889,0.79312927,0.6967197,0.81386894,0.56848043,0.73720825,0.624316,0.849693,0.7500249,0.5566211,0.39311874,0.7797358,0.7185006,0.71956146,0.6878883,0.06690359,0.2615495,-0.16757596,0.39884987,0.7009312,0.58540297,0.6297044,0.6319016,0.5174918,0.53935677,0.5510901,0.67239106,0.5609345,0.68587756,0.6511819,0.16703935,0.4959791,0.57341164,0.69651854,0.74902195,0.48250115,0.100357115,0.49405348,0.66142803,0.60761744,0.79824907
0.7150047,0.61364627,0.7745991,0.7077615,0.77706337,0.8838667,0.80869997,0.7206757,0.76146686,1.0,0.7740558,0.8368292,0.852507,0.8462562,0.9287165,0.9243979,0.80140203,0.89840066,0.70217794,0.7095043,0.66863805,0.8520729,0.72691727,0.72512716,0.28939557,0.6439766,0.81819874,0.90709084,0.8934505,0.9280113,0.5495348,0.7159782,0.7571085,0.75032973,0.78916323,0.47645432,0.8902871,0.89681894,0.8717754,0.8910504,0.75763,0.85033864,0.46925429,0.41379237,0.027472679,0.16167289,0.8198689,0.78230387,-0.08400561,-0.07207254,0.20803645,-0.06835602,-0.016169675,-0.07423028,0.88784677,0.8988954,0.73538226,0.31772876,0.06083212,-0.13680029,0.58618444,0.16099411,0.8051961,0.22241727,0.24611832,-0.15600313,0.70214605,0.6323933,0.15477529,0.31628975,0.8628421,0.8487635,0.71983314,0.90441877,0.65300566,0.7962714,0.7886958,0.8225983,0.86897916,0.83611655,0.91475976,0.8265738,0.7846507,0.51734704,0.85070324,0.61817807,0.5142775,0.41301042,0.8646203,0.86083776,0.47768316,0.0724151,0.120200805,0.14349198,0.6264406,0.7973321,0.8058418,0.8363332,0.799607,0.72312397,0.25561333,0.28880775,0.6464555,0.4094215,0.72791106,0.39282456,0.67553127,0.43217376,0.6965382,0.63115436,0.6702705,0.5296121,0.56788087,0.30707738,0.24923404,0.5757844
0.7934236,0.7620741,0.8543425,0.83062685,0.65657854,0.6864161,0.91875046,0.8788522,0.63995194,0.7740558,1.0,0.8989392,0.92179567,0.91840535,0.7346582,0.750629,0.9153086,0.86300606,0.74760467,0.7370809,0.5400314,0.6876687,0.824348,0.83788,0.11173582,0.63297033,0.6929298,0.7333502,0.81611496,0.83709085,0.7867756,0.76334137,0.8985275,0.87632304,0.7602084,0.6466814,0.7675572,0.82158756,0.76743585,0.77213085,0.6169429,0.72755575,0.5035813,0.4260424,0.05986899,0.13313466,0.768465,0.75699407,0.0055255485,-0.018078934,0.19674557,0.020478329,0.118215375,-0.03146965,0.77948576,0.76658666,0.84532624,0.40454087,0.08747405,-0.100748256,0.71040773,0.17234163,0.8635467,0.2817082,0.2985131,-0.10972729,0.71729195,0.70887905,0.15642586,0.32846236,0.8829759,0.8159624,0.72252834,0.8717325,0.5690477,0.8355253,0.7419272,0.85539776,0.69569194,0.7758095,0.86410093,0.7709639,0.6076221,0.34477717,0.8072902,0.535707,0.30542478,0.2703989,0.80304307,0.6915798,0.30247408,-0.18431681,-0.0074145305,-0.10754283,0.634522,0.7423785,0.79291934,0.8053527,0.7557616,0.5674142,0.2192705,0.1756164,0.40051347,0.23496585,0.5145373,0.28020462,0.7142656,0.43244165,0.7027875,0.64922225,0.7308216,0.46087214,0.4125849,0.107784554,0.0772331,0.3613235
0.8314367,0.82556677,0.87212306,0.8299824,0.71119267,0.7597906,0.8826695,0.90409356,0.6521192,0.8368292,0.8989392,1.0,0.89110035,0.94141597,0.76478904,0.78171796,0.8921214,0.9059334,0.7991694,0.78265774,0.5469578,0.7095471,0.77694505,0.7776352,0.08676353,0.629752,0.764085,0.7963415,0.821057,0.8681795,0.6745559,0.6925525,0.9085772,0.8740179,0.81000304,0.64381397,0.83170444,0.8723775,0.8192653,0.836188,0.62568337,0.78011847,0.5669596,0.47588643,0.12267607,0.18305613,0.83475155,0.81776047,0.039994393,0.009084546,0.23973729,0.051597383,0.09885694,-0.044340152,0.84818244,0.82396024,0.87959087,0.4686008,0.22399464,-0.026198018,0.76037174,0.14682996,0.86576307,0.31921583,0.33483922,-0.060740802,0.7858949,0.7604101,0.2555402,0.44223347,0.8562836,0.81616616,0.7022937,0.8676316,0.571527,0.81535554,0.7736993,0.850177,0.7671638,0.86695087,0.89269537,0.80694985,0.6206443,0.312981,0.84684384,0.5140186,0.34253618,0.36222067,0.813927,0.79836285,0.37506396,-0.062386647,0.0697719,-0.0047259987,0.63863975,0.7947965,0.8443968,0.8598975,0.80139375,0.60990506,0.27319196,0.18315634,0.45016643,0.24951142,0.5511002,0.2221211,0.67728966,0.3951788,0.6666987,0.66473943,0.7740199,0.5146951,0.4971524,0.15001233,0.11426676,0.40585497
0.85534924,0.7890341,0.8834548,0.86960775,0.668096,0.7009145,0.91487473,0.8893274,0.63295144,0.852507,0.92179567,0.89110035,1.0,0.9347013,0.783195,0.7925411,0.8873973,0.8815298,0.8196555,0.81964064,0.51128286,0.70875674,0.7899003,0.79269755,0.082307115,0.5774595,0.7207739,0.7752148,0.84628534,0.8635578,0.6873054,0.72756326,0.8666013,0.8521328,0.72453535,0.5687758,0.8353243,0.85707986,0.81726193,0.7755344,0.62741864,0.7541334,0.6137247,0.5458364,0.19231644,0.27410498,0.8043439,0.78894496,0.11095842,0.09047582,0.3391083,0.13738295,0.1986214,0.09111133,0.8279824,0.7872654,0.87752455,0.49429384,0.19186145,0.010911135,0.7535141,0.1872649,0.83239,0.38834384,0.42772847,0.01056475,0.77838737,0.7609681,0.28988233,0.45146525,0.8732504,0.8312275,0.64482325,0.90195024,0.5190335,0.82693744,0.68929565,0.8150301,0.71634644,0.81826097,0.8680011,0.81668776,0.60692376,0.32378495,0.8533271,0.62562275,0.28973013,0.19080068,0.8009013,0.70322794,0.4186496,-0.18856122,0.09114443,-0.08711229,0.61340797,0.76731676,0.8087093,0.7874311,0.7654168,0.58478516,0.06732487,0.07534479,0.43202186,0.16789687,0.51920563,0.32155338,0.6554249,0.28634715,0.6731711,0.5847031,0.7486856,0.59836656,0.4715284,0.071163826,0.007532886,0.33177844
0.81209373,0.79245514,0.8768283,0.8401519,0.70636326,0.7352955,0.88738734,0.9134517,0.66973484,0.8462562,0.91840535,0.94141597,0.9347013,1.0,0.7782967,0.7947717,0.91512465,0.90844196,0.79749787,0.7639079,0.5655358,0.718984,0.8059324,0.7779557,0.07759399,0.6465869,0.7405673,0.7910076,0.8385488,0.8819371,0.7096156,0.72314936,0.8867557,0.84240437,0.7900386,0.61574584,0.8320866,0.8440801,0.81428224,0.80997664,0.65113723,0.76374906,0.5469495,0.4563386,0.124389865,0.16770455,0.8115287,0.7828676,0.044045687,0.016534435,0.24162565,0.06093445,0.09578784,-0.03107132,0.82658476,0.7963558,0.86732155,0.45004138,0.21593949,-0.044253357,0.7459428,0.18362398,0.8531675,0.3239806,0.34877554,-0.054743174,0.75664425,0.73468375,0.24287412,0.42777348,0.8863855,0.83327967,0.706127,0.87383926,0.57196265,0.82601506,0.7624769,0.8531138,0.743439,0.8550385,0.8918315,0.8131298,0.6161693,0.33180416,0.8448344,0.52119106,0.32701957,0.31496987,0.79292667,0.7504825,0.33955556,-0.13707401,-0.00090758974,-0.047226798,0.6240747,0.7661983,0.8136092,0.8163538,0.7664034,0.58892196,0.19615503,0.15167935,0.43228507,0.2259164,0.5268169,0.2469931,0.6585864,0.3668935,0.65663576,0.6382114,0.7386369,0.50509644,0.48466462,0.12474046,0.09396386,0.39682537
0.5716775,0.44764686,0.69817007,0.60348034,0.8281078,0.92339295,0.75928926,0.6094603,0.8727147,0.9287165,0.7346582,0.76478904,0.783195,0.7782967,1.0,0.94826406,0.7250896,0.84868246,0.56221765,0.57903516,0.8117628,0.9277357,0.77966213,0.73224777,0.50451374,0.7298595,0.86199385,0.94631106,0.9364225,0.9307955,0.5977107,0.8085857,0.67674744,0.65154415,0.789727,0.3691714,0.8763529,0.8156959,0.88390064,0.8800405,0.86476696,0.82951367,0.26991132,0.19436476,-0.21392605,-0.0521538,0.7991463,0.70876116,-0.2990638,-0.27464572,-0.024381515,-0.29005307,-0.2508598,-0.2702296,0.8146739,0.8435955,0.60557663,0.09331523,-0.06382695,-0.3617336,0.4114142,0.096020475,0.81421906,0.0076151094,0.018890806,-0.37044895,0.54615474,0.46817008,-0.08706107,0.10724987,0.844405,0.8875048,0.8040061,0.8578115,0.79385555,0.7570059,0.83025223,0.8059704,0.8953986,0.74559677,0.88117063,0.7534709,0.8958322,0.709774,0.7523701,0.5501668,0.7043883,0.55526155,0.8496898,0.80758035,0.33641917,0.15055582,-0.009572211,0.24733785,0.70917267,0.7601036,0.7713164,0.7828228,0.72520554,0.692048,0.3937787,0.49259013,0.68962854,0.5871061,0.77651,0.3537255,0.61678374,0.5202005,0.7684619,0.7256169,0.61212325,0.36570257,0.5773576,0.5163207,0.46404433,0.7426359
0.6162333,0.4959066,0.7207694,0.6425404,0.7902744,0.9069034,0.7721113,0.6436744,0.8163729,0.9243979,0.750629,0.78171796,0.7925411,0.7947717,0.94826406,1.0,0.7522586,0.8789562,0.60947925,0.6120111,0.77106744,0.90693456,0.7678637,0.7395615,0.43007576,0.6973902,0.83143204,0.91909,0.9145422,0.9439543,0.561665,0.7736253,0.701657,0.6741072,0.81526256,0.41587624,0.8735529,0.83483666,0.87163997,0.88698405,0.8407878,0.8391467,0.32752836,0.2573652,-0.13964424,-0.011066742,0.8021488,0.7394873,-0.23113112,-0.1930159,0.04397155,-0.23603122,-0.16678682,-0.20958981,0.8371178,0.86847645,0.64101946,0.15395395,-0.048805382,-0.30434942,0.47431475,0.12595913,0.8004177,0.07875841,0.09147569,-0.2998097,0.5898226,0.5110168,-0.025254615,0.17043947,0.8449706,0.86673236,0.75517243,0.86089516,0.73787737,0.7442687,0.81033844,0.79342204,0.8967176,0.7859004,0.89905924,0.799762,0.8988147,0.7135426,0.8089384,0.6093629,0.6678365,0.5004144,0.8713462,0.83920056,0.41352642,0.12485701,0.04418372,0.18046479,0.6432994,0.7726675,0.7701099,0.7969158,0.752755,0.7446845,0.3319276,0.43819073,0.7372528,0.5721948,0.80779326,0.44950378,0.64111364,0.5143145,0.73762786,0.66922486,0.6373537,0.4426023,0.63498086,0.48124167,0.44022235,0.71466583
0.7771093,0.77579135,0.8422491,0.8161299,0.6509542,0.6866351,0.86130697,0.8679496,0.5989447,0.80140203,0.9153086,0.8921214,0.8873973,0.91512465,0.7250896,0.7522586,1.0,0.87636286,0.77651894,0.7386338,0.52344775,0.67023253,0.7184619,0.7484677,0.036376473,0.6344621,0.68476415,0.73528093,0.77737635,0.8248108,0.66878825,0.6508887,0.87673783,0.84619975,0.77538574,0.7358266,0.77926123,0.84960204,0.7622522,0.78830266,0.6176889,0.77934784,0.559712,0.45950302,0.14059475,0.17786966,0.77130383,0.75141513,0.057160445,0.014179295,0.26223794,0.059197895,0.16518332,-0.025947105,0.8132798,0.7889604,0.84849167,0.46496758,0.1287873,0.011788733,0.7426409,0.1616896,0.8267431,0.3350602,0.34512648,-0.017174589,0.7605246,0.74627095,0.27197665,0.41908938,0.85601,0.7673034,0.7038109,0.84513956,0.5345995,0.8597101,0.75229096,0.8836755,0.69428,0.85375005,0.8843951,0.7931274,0.5775309,0.2609954,0.8568485,0.4679571,0.24002466,0.276004,0.8217784,0.7518631,0.34623292,-0.13516289,0.03573238,-0.10804546,0.59140545,0.75374275,0.8051995,0.8369145,0.7909106,0.5730414,0.25048742,0.093480706,0.39055836,0.1675503,0.5275448,0.27444103,0.74177945,0.44014755,0.6557462,0.6380963,0.7312534,0.47456932,0.41613063,0.010159045,0.011966908,0.31200802
0.77484465,0.70548403,0.8493908,0.7991809,0.7732125,0.81671274,0.88524956,0.83577234,0.72457945,0.89840066,0.86300606,0.9059334,0.8815298,0.90844196,0.84868246,0.8789562,0.87636286,1.0,0.7768259,0.7621778,0.63882357,0.8113789,0.7930747,0.8164722,0.20432694,0.663651,0.8262999,0.860692,0.8890219,0.9325468,0.66161966,0.7567816,0.8524721,0.83210444,0.855956,0.6029694,0.856189,0.90286404,0.8443023,0.8867761,0.7143997,0.82234687,0.5007311,0.42693803,0.046338264,0.1331011,0.8340935,0.81589544,-0.07008483,-0.050271966,0.22739099,-0.020895602,0.044961445,-0.04812889,0.87537944,0.90409744,0.81404173,0.36347756,0.08385072,-0.12773447,0.6730619,0.13241266,0.83684313,0.26225695,0.28549865,-0.14639091,0.7435525,0.70352674,0.14780411,0.32510442,0.8712264,0.85178524,0.73197156,0.91488564,0.6337558,0.80589664,0.80521315,0.8609118,0.83332384,0.9001233,0.93115914,0.85326713,0.73903334,0.4604699,0.8733881,0.5987926,0.4564678,0.3769816,0.8934915,0.84634054,0.43049574,-0.013781376,0.08538971,0.086836,0.62510043,0.78597784,0.8163854,0.86916786,0.8285975,0.7590236,0.26225567,0.25560886,0.59354645,0.36395636,0.69120526,0.3812454,0.74174917,0.48023376,0.71858203,0.66550976,0.7225481,0.53820586,0.58126193,0.25975668,0.23043916,0.5086109
0.9255753,0.8617235,0.8838341,0.91974884,0.4951802,0.4875624,0.8342623,0.88539726,0.33487245,0.70217794,0.74760467,0.7991694,0.8196555,0.79749787,0.56221765,0.60947925,0.77651894,0.7768259,1.0,0.94653845,0.25639495,0.47276405,0.6122832,0.68370503,-0.2083447,0.3260367,0.5978992,0.59686226,0.63013285,0.69824475,0.4710868,0.4735354,0.8621396,0.8522196,0.647274,0.65723103,0.72097903,0.7784883,0.72446823,0.66485244,0.38809472,0.5759245,0.77198774,0.69776964,0.42113516,0.4081869,0.754782,0.79026085,0.29668242,0.2812095,0.52589166,0.35404888,0.4237482,0.3050716,0.7789098,0.7292065,0.9349721,0.7131131,0.36109656,0.3007676,0.896721,0.18868284,0.70147157,0.57771116,0.6464681,0.2649171,0.8720247,0.88268733,0.5570166,0.7234072,0.6596343,0.5846851,0.36585596,0.7661083,0.22227831,0.65563965,0.53126293,0.6807139,0.5535325,0.7903836,0.7288389,0.75634307,0.4005343,0.07316228,0.82785857,0.622639,0.0812814,-0.016759899,0.7280763,0.6505873,0.52082956,-0.23779695,0.24317779,-0.13773829,0.47798768,0.7103119,0.76100373,0.7510978,0.75354886,0.5358833,-0.076899864,-0.11350537,0.3555598,0.021707924,0.40477934,0.3755379,0.6525389,0.14475648,0.5422565,0.44214863,0.75927716,0.7401721,0.44795904,-0.17619582,-0.19327095,0.10845618
0.9440109,0.8511019,0.8807833,0.9261711,0.49733734,0.49376842,0.8438422,0.85917485,0.34471586,0.7095043,0.7370809,0.78265774,0.81964064,0.7639079,0.57903516,0.6120111,0.7386338,0.7621778,0.94653845,1.0,0.24280638,0.48217475,0.604406,0.7176704,-0.16242325,0.30349433,0.61258066,0.6069946,0.6454096,0.6898867,0.44743565,0.48219094,0.84496534,0.8673075,0.63666093,0.62658465,0.7221919,0.78406984,0.72659093,0.64659816,0.38297626,0.58005106,0.7778078,0.7222324,0.43179202,0.4355684,0.7496056,0.78072834,0.314855,0.28749174,0.5635825,0.36557204,0.44553614,0.35313827,0.7718468,0.7193649,0.9195697,0.7069228,0.37375343,0.29577473,0.8670771,0.14727832,0.69108874,0.5683706,0.6475675,0.27121475,0.87878245,0.87923753,0.54066545,0.70282,0.64956945,0.5916551,0.3517252,0.7853052,0.21827227,0.645718,0.49891782,0.6542967,0.564146,0.7699845,0.70787007,0.75192285,0.41439766,0.0808347,0.8058911,0.6623424,0.10109264,-0.037986472,0.71957165,0.63573414,0.5375788,-0.24614015,0.27431947,-0.089851364,0.4784055,0.70051813,0.7441601,0.73035747,0.7301195,0.5347992,-0.119087346,-0.09702259,0.3564859,0.034638718,0.41249743,0.38328117,0.6402966,0.11988151,0.54718626,0.41334704,0.7440082,0.77248853,0.4697331,-0.14304748,-0.19284372,0.108416416
0.23380613,0.12280418,0.44938546,0.32955787,0.83843243,0.80521095,0.5269808,0.35228157,0.8859322,0.66863805,0.5400314,0.5469578,0.51128286,0.5655358,0.8117628,0.77106744,0.52344775,0.63882357,0.25639495,0.24280638,1.0,0.869616,0.6982199,0.566011,0.71763825,0.7978217,0.79759604,0.8204114,0.790116,0.7568918,0.57744384,0.77768576,0.4483154,0.36502364,0.68256897,0.23161484,0.6456175,0.5094946,0.7036945,0.7113847,0.8495134,0.5979966,-0.13606884,-0.23306303,-0.5679047,-0.4160752,0.5713069,0.4340752,-0.59488595,-0.5397531,-0.4174893,-0.5739912,-0.547034,-0.5446009,0.5235499,0.5965306,0.31895652,-0.27675828,-0.20781547,-0.61990476,0.10676068,0.0029427814,0.7179066,-0.32386628,-0.3572412,-0.66073495,0.21664721,0.123835504,-0.46085623,-0.23201269,0.6673533,0.79560125,0.8427561,0.5943866,0.8968521,0.5643558,0.77475494,0.62766695,0.75529224,0.49598202,0.6887193,0.5358081,0.8394925,0.8119189,0.49748445,0.24439229,0.8307359,0.7522946,0.66991544,0.62244445,-0.055297185,0.2446583,-0.26996055,0.37187633,0.6726647,0.5026469,0.5686748,0.5594103,0.44652224,0.44014928,0.602954,0.7235691,0.53811127,0.7439093,0.637521,0.15114766,0.43139634,0.6135815,0.6826843,0.7512575,0.43263558,-0.008530541,0.52415127,0.72020566,0.6790069,0.8256549
0.47159743,0.358702,0.6483099,0.5209595,0.8588078,0.9038435,0.70021677,0.5441095,0.8780915,0.8520729,0.6876687,0.7095471,0.70875674,0.718984,0.9277357,0.90693456,0.67023253,0.8113789,0.47276405,0.48217475,0.869616,1.0,0.7714215,0.69348866,0.58100796,0.79853034,0.85337704,0.92833847,0.9005224,0.8907514,0.62876654,0.82835746,0.60884297,0.5632424,0.80231893,0.34691826,0.8282592,0.7495826,0.8382676,0.85301346,0.90650725,0.8060407,0.13822404,0.050101522,-0.3512997,-0.18568511,0.72281706,0.6184554,-0.4273093,-0.38080728,-0.15052427,-0.40854922,-0.33573788,-0.36391708,0.7378034,0.80172664,0.51826984,-0.04306259,-0.14849192,-0.4449076,0.302166,0.07299841,0.7773055,-0.1483353,-0.11357074,-0.50307304,0.4631607,0.36343172,-0.22525565,-0.028953064,0.8249502,0.88081616,0.8472179,0.79098374,0.8711289,0.735718,0.84230083,0.76650256,0.8687509,0.6897592,0.8342298,0.666402,0.9015546,0.75406927,0.6879279,0.4445929,0.77271336,0.64130867,0.8300371,0.775656,0.20113818,0.122576885,-0.10640711,0.24185406,0.6852705,0.6822844,0.7131324,0.7198102,0.6489518,0.64897484,0.48148063,0.56974876,0.6619769,0.64451325,0.77699894,0.31180868,0.6165281,0.5749924,0.7641242,0.74277437,0.5544509,0.24882115,0.5946588,0.6046056,0.5611449,0.7959996
0.6141139,0.5053474,0.8008116,0.72761375,0.75135875,0.7104876,0.8572184,0.7303668,0.74764997,0.72691727,0.824348,0.77694505,0.7899003,0.8059324,0.77966213,0.7678637,0.7184619,0.7930747,0.6122832,0.604406,0.6982199,0.7714215,1.0,0.87851274,0.3996678,0.6729562,0.7871592,0.7717355,0.85735655,0.8335508,0.85359895,0.9174103,0.7748456,0.69842166,0.7565383,0.41815147,0.71962726,0.65690774,0.7609214,0.7367335,0.72471136,0.60871726,0.20044698,0.11608504,-0.2574245,-0.17571808,0.6824684,0.6315123,-0.3364112,-0.27453622,-0.100192584,-0.28690943,-0.2293693,-0.28337163,0.62814695,0.667997,0.6684859,0.08762935,-0.060665697,-0.41370887,0.47238347,0.23013382,0.8406614,-0.0144448895,0.0065808003,-0.39785174,0.48007074,0.45364994,-0.17274071,0.088089116,0.78869694,0.8545919,0.78081995,0.7803338,0.7245202,0.70355105,0.788423,0.7581845,0.7396602,0.65479636,0.7830269,0.6809846,0.71831626,0.60690415,0.65152013,0.48040664,0.6005187,0.46520197,0.71440864,0.5781608,0.07941071,-0.08756427,-0.2593093,0.07042296,0.728752,0.6381909,0.68498516,0.66509366,0.5816964,0.5016868,0.30616742,0.44694632,0.43522927,0.4808384,0.5067867,0.19003804,0.61390054,0.5382583,0.759224,0.7221325,0.58681417,0.24462913,0.42992637,0.39533558,0.3791668,0.5959938
0.7253831,0.60854286,0.8508632,0.80609316,0.6702944,0.66627854,0.9124994,0.7588431,0.642265,0.72512716,0.83788,0.7776352,0.79269755,0.7779557,0.73224777,0.7395615,0.7484677,0.8164722,0.68370503,0.7176704,0.566011,0.69348866,0.87851274,1.0,0.29614457,0.5932393,0.7549685,0.72304606,0.83047634,0.8106851,0.7646804,0.8399939,0.81107855,0.80800676,0.76956683,0.53467035,0.7196541,0.7407006,0.7587505,0.74746025,0.6345992,0.6322698,0.3630571,0.30802977,-0.07675831,-0.0008986977,0.72771716,0.7115435,-0.17519596,-0.12534711,0.1210962,-0.11422619,-0.018458132,-0.07040804,0.69708705,0.74486095,0.7432881,0.2373985,0.0076203137,-0.23536965,0.57842445,0.17488265,0.7925328,0.11742795,0.19775486,-0.22980714,0.61241174,0.58738136,0.0040635574,0.21239427,0.75713956,0.7946336,0.6851777,0.83641666,0.5894237,0.7223534,0.7336241,0.775863,0.7477349,0.7327284,0.80074924,0.7240877,0.6886588,0.4609905,0.72594476,0.5503463,0.47256994,0.33718732,0.7606295,0.6428854,0.23159066,-0.114422336,-0.08587553,0.0880791,0.6777757,0.67393464,0.7210526,0.7399066,0.67171735,0.61040956,0.20541616,0.32028645,0.48620808,0.4128577,0.55194724,0.33387262,0.7220374,0.56873804,0.74925476,0.65183413,0.6590544,0.4145568,0.4858562,0.28049913,0.26164526,0.4826728
-0.20975715,-0.29546648,0.06014481,-0.09556592,0.54693305,0.49400914,0.12841691,-0.11953585,0.64386284,0.28939557,0.11173582,0.08676353,0.082307115,0.07759399,0.50451374,0.43007576,0.036376473,0.20432694,-0.2083447,-0.16242325,0.71763825,0.58100796,0.3996678,0.29614457,1.0,0.557983,0.5030926,0.48355755,0.46839273,0.3753539,0.36827156,0.56571865,-0.023120109,-0.06521446,0.27008322,-0.19569376,0.25787207,0.11877409,0.3465402,0.3537272,0.5832221,0.24771246,-0.48091182,-0.5120972,-0.7332688,-0.5792209,0.1771178,0.029986609,-0.73615485,-0.6879132,-0.60303533,-0.72754586,-0.7022281,-0.5982083,0.10472903,0.21250379,-0.15689458,-0.5861611,-0.45151117,-0.7144389,-0.3705057,-0.10638454,0.26761556,-0.5931443,-0.63694644,-0.76070243,-0.23937874,-0.31369725,-0.7052752,-0.58144295,0.24497323,0.4511366,0.5508842,0.19864109,0.70354444,0.19745576,0.40852016,0.22084552,0.46219748,0.07585993,0.260418,0.10616886,0.63745725,0.7549344,0.04516367,-0.019877428,0.81459004,0.679661,0.26540855,0.22612917,-0.28956333,0.2971543,-0.30596626,0.4497051,0.4752133,0.16419844,0.1707588,0.14572562,0.04317344,0.14514595,0.5248663,0.6732958,0.33048347,0.6692849,0.4016736,-0.07530157,0.14133692,0.4893266,0.43378857,0.5055632,0.048709005,-0.31433487,0.25190035,0.7883225,0.7214312,0.6998928
0.30260545,0.29040217,0.5545097,0.390851,0.83654374,0.773692,0.5776149,0.47223338,0.8066485,0.6439766,0.63297033,0.629752,0.5774595,0.6465869,0.7298595,0.6973902,0.6344621,0.663651,0.3260367,0.30349433,0.7978217,0.79853034,0.6729562,0.5932393,0.557983,1.0,0.7524697,0.77783245,0.7246024,0.7194624,0.69444245,0.7562398,0.5269036,0.4545861,0.73539585,0.43705255,0.6458452,0.60073376,0.66700494,0.7239324,0.8022474,0.71363807,-0.021834219,-0.12386687,-0.43541604,-0.32418323,0.56792235,0.45269054,-0.5013571,-0.4787075,-0.30658236,-0.4455023,-0.37907395,-0.5066952,0.55758345,0.6245935,0.41142312,-0.11228607,-0.20508803,-0.45684415,0.19602506,0.050726023,0.69086343,-0.2998068,-0.2477082,-0.58133227,0.35346156,0.25348952,-0.28996724,-0.15600316,0.7182904,0.76762336,0.8716462,0.6315917,0.8606947,0.7132821,0.7950665,0.72900546,0.6869496,0.5713558,0.6984252,0.48596993,0.7277379,0.5624645,0.55989486,0.11849853,0.65169436,0.75646347,0.6961125,0.6462308,-0.10848657,0.090554096,-0.2549165,0.18476747,0.65207493,0.55477726,0.61409247,0.62617683,0.49730965,0.4124354,0.6394917,0.52755314,0.39311263,0.4906994,0.5445811,0.045719862,0.587494,0.6285927,0.6699778,0.7474677,0.45954844,-0.028047973,0.4003291,0.50989926,0.49433938,0.67061514
0.58894867,0.47523552,0.72998,0.6269423,0.897376,0.8476359,0.7615066,0.6202855,0.83732826,0.81819874,0.6929298,0.764085,0.7207739,0.7405673,0.86199385,0.83143204,0.68476415,0.8262999,0.5978992,0.61258066,0.79759604,0.85337704,0.7871592,0.7549685,0.5030926,0.7524697,1.0,0.89583886,0.8820795,0.86662143,0.6427034,0.8067787,0.67856723,0.6559471,0.772311,0.4220694,0.79054517,0.7475123,0.85674614,0.8606323,0.7873292,0.70917654,0.23832843,0.16616814,-0.24372493,-0.09492119,0.77670807,0.6979022,-0.35017854,-0.30018696,-0.0431833,-0.2587323,-0.23016769,-0.23273711,0.73379135,0.79371035,0.6320266,0.088853166,-0.0235369,-0.3187187,0.4433224,0.07015553,0.80884236,-0.03684978,0.00097441446,-0.4031153,0.54171383,0.48236343,-0.12247757,0.107680276,0.73401743,0.8562205,0.7900085,0.7918855,0.7776187,0.6872065,0.7981037,0.7389699,0.8431547,0.73232585,0.81232125,0.72184235,0.8212499,0.6237649,0.7121788,0.46482703,0.70947385,0.6256665,0.82780993,0.76181436,0.18060297,0.12722461,-0.023644151,0.34445927,0.753552,0.6895665,0.76284057,0.761171,0.6675839,0.58222455,0.44320944,0.5012923,0.5586865,0.56547636,0.6650943,0.23767497,0.6700449,0.58006436,0.7544286,0.7713973,0.65986854,0.31450024,0.5631838,0.4992308,0.44574943,0.6687951
0.5943531,0.48080802,0.721701,0.6240693,0.8778502,0.9255943,0.7618693,0.6358587,0.8709829,0.90709084,0.7333502,0.7963415,0.7752148,0.7910076,0.94631106,0.91909,0.73528093,0.860692,0.59686226,0.6069946,0.8204114,0.92833847,0.7717355,0.72304606,0.48355755,0.77783245,0.89583886,1.0,0.91716164,0.9273934,0.603606,0.8014054,0.7025597,0.6654875,0.83809114,0.44410655,0.8900653,0.8301407,0.9000301,0.90150326,0.8663836,0.83480155,0.2780857,0.19167078,-0.21256907,-0.068267845,0.81267494,0.72656745,-0.31640545,-0.28902537,-0.032736443,-0.28653955,-0.2148624,-0.27948123,0.8249812,0.8622662,0.6398099,0.104211584,-0.029194392,-0.33131474,0.43602,0.08905486,0.83443713,-0.01570363,0.022836292,-0.38158578,0.5928282,0.49992228,-0.06946178,0.14534423,0.8377095,0.8934363,0.81800026,0.8461222,0.8141186,0.7622932,0.8523376,0.80747336,0.891422,0.7709583,0.8818665,0.7440526,0.8737882,0.664478,0.7553958,0.5060408,0.70324844,0.6056137,0.8664573,0.8327201,0.2913971,0.13245168,-0.031043982,0.24438804,0.7324713,0.76312214,0.79740494,0.8037439,0.7335623,0.67891204,0.44334906,0.49150854,0.6526615,0.57212585,0.7652209,0.31321338,0.65029925,0.52570367,0.77153766,0.7566756,0.64001286,0.36046824,0.6156827,0.5087204,0.45652232,0.73595035
0.6517871,0.5198013,0.78178173,0.7004615,0.8298673,0.8667934,0.8442966,0.697655,0.85012764,0.8934505,0.81611496,0.821057,0.84628534,0.8385488,0.9364225,0.9145422,0.77737635,0.8890219,0.63013285,0.6454096,0.790116,0.9005224,0.85735655,0.83047634,0.46839273,0.7246024,0.8820795,0.91716164,1.0,0.9437329,0.7062878,0.87977326,0.7465009,0.7180237,0.8044275,0.40901673,0.8663377,0.81928456,0.88675475,0.8708439,0.83383536,0.7792875,0.3076856,0.23015362,-0.19642282,-0.04611188,0.8134582,0.7302084,-0.2754126,-0.24448402,0.014090435,-0.23073287,-0.19545703,-0.20702827,0.7948597,0.8348691,0.68315196,0.12010879,-0.027782656,-0.35173973,0.4802043,0.13553843,0.8529384,0.041809775,0.069810085,-0.3583075,0.5710649,0.51711285,-0.08680366,0.1256027,0.85773295,0.9346454,0.80876374,0.89316404,0.78469384,0.77307934,0.8360963,0.8305142,0.8897429,0.78041923,0.89866084,0.78099215,0.86304,0.6592066,0.76747423,0.5600743,0.6697921,0.5058262,0.8460967,0.7731534,0.30237585,0.06164548,-0.022832,0.23448043,0.73906857,0.75168276,0.7905125,0.79076445,0.7227741,0.6728072,0.32899672,0.43797216,0.6334899,0.53763497,0.7191064,0.31948528,0.66063195,0.5414578,0.78586096,0.740769,0.67372197,0.39537957,0.5958248,0.48395336,0.42519057,0.6787253
0.699359,0.5929712,0.81041056,0.7343278,0.82879096,0.88542384,0.85407037,0.75227857,0.8141484,0.9280113,0.83709085,0.8681795,0.8635578,0.8819371,0.9307955,0.9439543,0.8248108,0.9325468,0.69824475,0.6898867,0.7568918,0.8907514,0.8335508,0.8106851,0.3753539,0.7194624,0.86662143,0.9273934,0.9437329,1.0,0.66764057,0.82623875,0.79271847,0.75949943,0.8529267,0.49447766,0.89661163,0.86704487,0.8988417,0.91039324,0.8116618,0.82486886,0.38223293,0.30158526,-0.10882052,0.008554618,0.83608496,0.7841286,-0.21337108,-0.18772994,0.07532255,-0.17634115,-0.11345265,-0.17460115,0.8575671,0.8889675,0.7390661,0.22585964,-0.002538803,-0.25942335,0.565046,0.14613485,0.8683455,0.12175513,0.15013659,-0.27428082,0.65785754,0.5976337,0.023005847,0.23151876,0.89074606,0.9056302,0.7875408,0.9118066,0.73640406,0.7815792,0.8431892,0.84646326,0.89688367,0.8411943,0.9401998,0.8278631,0.85659957,0.6325625,0.8403668,0.59362257,0.61843145,0.4921733,0.890126,0.847041,0.37222424,0.04408234,0.011039168,0.1560796,0.69282216,0.78993696,0.81845057,0.83847725,0.7852336,0.73672533,0.3246438,0.39055404,0.6701394,0.50439835,0.75328654,0.38325825,0.6945009,0.524646,0.76314783,0.71740717,0.69006747,0.4613539,0.62416595,0.41762426,0.37861592,0.6589694
0.4663834,0.43818367,0.70946455,0.58572483,0.68548524,0.5467122,0.7527311,0.6495565,0.6330099,0.5495348,0.7867756,0.6745559,0.6873054,0.7096156,0.5977107,0.561665,0.66878825,0.66161966,0.4710868,0.44743565,0.57744384,0.62876654,0.85359895,0.7646804,0.36827156,0.69444245,0.6427034,0.603606,0.7062878,0.66764057,1.0,0.84840196,0.6735481,0.6034761,0.625251,0.39741,0.5248779,0.5418602,0.5779043,0.59879434,0.5759959,0.48739472,0.07531467,-0.00553802,-0.3306638,-0.26013643,0.49686202,0.44282097,-0.35897285,-0.3735028,-0.2016735,-0.2961232,-0.21327153,-0.3167497,0.46892118,0.5376598,0.5528177,0.020937957,-0.16250621,-0.41107994,0.3399109,0.12772162,0.73099893,-0.12433575,-0.1013874,-0.47953928,0.34339187,0.31536683,-0.2266807,-0.06282204,0.7105322,0.7331675,0.7619268,0.66724014,0.6649791,0.69142747,0.6971681,0.69537425,0.5390097,0.51729864,0.65602976,0.48009002,0.52764785,0.40038297,0.5209326,0.20995414,0.42732155,0.4546891,0.5922807,0.4383539,-0.15478897,-0.23167534,-0.34106177,-0.061930932,0.6671391,0.50063384,0.5828417,0.57335144,0.4621789,0.31435445,0.38035154,0.34797513,0.17124477,0.27674308,0.31916592,-0.044415478,0.61669207,0.5471362,0.67329794,0.69683266,0.48353076,0.0350058,0.19433983,0.27804658,0.23489998,0.4137147
0.48377383,0.35653704,0.7061513,0.60207653,0.799244,0.75301147,0.7878441,0.5944437,0.81593144,0.7159782,0.76334137,0.6925525,0.72756326,0.72314936,0.8085857,0.7736253,0.6508887,0.7567816,0.4735354,0.48219094,0.77768576,0.82835746,0.9174103,0.8399939,0.56571865,0.7562398,0.8067787,0.8014054,0.87977326,0.82623875,0.84840196,1.0,0.66770124,0.6051737,0.7487545,0.34647775,0.69542074,0.62899256,0.7494188,0.74164903,0.7727973,0.61554205,0.06521874,-0.011913888,-0.42007998,-0.2690082,0.6434802,0.55368173,-0.47918802,-0.41704202,-0.2174487,-0.39540282,-0.33810285,-0.35305557,0.58525014,0.668876,0.5401368,-0.07352911,-0.21287629,-0.53454816,0.30590448,0.16515574,0.8037761,-0.18419117,-0.14224865,-0.5597004,0.3861296,0.32265645,-0.31930953,-0.10157759,0.7659838,0.8782242,0.8368955,0.7698898,0.81283855,0.689774,0.80483323,0.73778963,0.76030374,0.6047131,0.7645622,0.6163837,0.7811174,0.6783768,0.5947135,0.39725134,0.6889643,0.5729199,0.718932,0.57952577,0.02410221,0.0073870486,-0.2736296,0.17944822,0.75149983,0.6019255,0.65286404,0.6392098,0.5383333,0.5117726,0.38650733,0.52684844,0.47216302,0.5500107,0.5605142,0.1769146,0.6284927,0.6088284,0.7865712,0.7515182,0.5344437,0.14107183,0.42777383,0.52722317,0.48703742,0.67116034
