1.0,0.69225866,0.58815795,0.5182581,-0.38257667,-0.24219294,0.7649225,0.36603117,-0.14674492,-0.44300577,0.69218564,0.15896785,0.5809658,0.11428369,-0.08330282,-0.26243708,0.26036888,0.4306953,0.7407716,0.6706302,-0.033875037,-0.058750857,0.6532416,0.2099213,0.04901894,-0.28649423,-0.34744394,-0.44164443,0.5842019,0.5011634,0.32049832,0.009610735,0.65183866,0.45530012,0.52092576,0.3268989,0.12963487,0.2435518,-0.34661344,-0.12779738,0.568572,0.5453746,0.70349187,0.4853632,0.72157854,0.661761,0.57451195,0.6752982,0.80165464,0.7333189,0.89517087,0.7613797,0.7285181,0.6343972,-0.23168585,-0.16389968,0.8180724,0.6173663,0.74694306,0.4548402,0.805614,0.68112415,0.78191835,0.7171158,0.77540654,0.73999727,0.7618268,0.66903085,0.76193863,0.77306247,0.22792622,0.39326409,-0.051832654,-0.23952088,-0.19025375,-0.27228352,-0.34203085,-0.14313726,0.5302242,0.4250408,0.72551745,0.5361131,-0.05768892,0.12072866,0.6490994,0.32588655,-0.05567657,0.054924734,-0.028550513,-0.0039082025,0.21223296,0.34607595,-0.19772662,-0.32086587,0.49524775,0.60844946,0.21146032,0.44156998,0.46747014,0.39210612,0.12300189,-0.073345296,0.3239485,0.30101377,-0.043796554,-0.18656309,-0.02014298,-0.07691041,0.15323755,0.23671986,0.3343862,0.38732728,0.24884991,-0.19688785,0.27826598,-0.100221775
0.69225866,1.0,0.54912084,0.6434823,-0.12793063,-0.21066384,0.6754205,0.6792658,-0.14895165,-0.30685878,0.4616809,0.42192885,0.33188704,0.43237218,-0.016621534,-0.13883123,0.34524494,0.5227339,0.5606882,0.73883075,-0.05050764,0.0529062,0.40138924,0.44329017,-0.23683633,-0.16877873,-0.39497316,-0.45336804,0.71185535,0.57592547,0.21366122,0.2704108,0.57421887,0.69013876,0.51650316,0.5028612,0.21076895,0.30698717,-0.20707428,-0.082985945,0.61846375,0.538946,0.7684886,0.61414003,0.77375305,0.7091512,0.5945125,0.65766835,0.71954226,0.8214488,0.71053326,0.8734112,0.46469525,0.7920304,-0.11295676,-0.013277711,0.6151837,0.7935423,0.6089569,0.47173706,0.61569774,0.77855974,0.51829356,0.7837331,0.68747723,0.7920502,0.7867416,0.668588,0.7863867,0.74306613,-0.032836434,0.51400435,0.29662532,-0.07817229,-0.031796828,-0.05142994,-0.18062013,0.009075008,0.5505009,0.42159432,0.5145135,0.72865903,-0.028956892,0.19865546,0.45829764,0.64250237,-0.0803331,-0.030276483,-0.019478742,0.20321411,0.31901622,0.6336463,0.08576092,0.045009483,0.48257768,0.62047714,0.23422962,0.45943627,0.517173,0.4944975,0.21405102,0.24677679,0.4319678,0.41877288,0.25182956,0.056496736,0.09326009,0.2040688,0.29696485,0.30488184,0.2491924,0.48593372,0.3538218,-0.12942149,0.43791637,0.023233479
0.58815795,0.54912084,1.0,0.867763,0.20499115,-0.003714794,0.77142864,0.76811063,0.242393,0.008365343,0.4778371,0.5047021,0.5283638,0.51615196,0.39561993,0.20429206,0.4187037,0.4072995,0.53739816,0.7037317,0.36050287,0.33324584,0.75664973,0.7380218,0.14668663,0.17393729,-0.059274517,-0.1460889,0.5196048,0.4795068,0.5086727,0.5726889,0.53284246,0.5652777,0.5053198,0.55893695,0.45359245,0.46725518,0.20312165,0.33252245,0.5737103,0.49107915,0.54659855,0.5680655,0.37711003,0.458054,0.47053725,0.44425252,0.4160416,0.3884936,0.5202307,0.52345544,0.5845697,0.39258942,0.22525738,0.22537711,0.2764532,0.31912646,0.16836426,0.08632419,0.23350382,0.29710266,0.21662076,0.3726571,0.27131042,0.30883646,0.5281904,0.48947278,0.43105173,0.41960353,0.2694098,0.394101,0.47194177,0.30009037,0.32510573,0.30677348,0.24242298,0.34595644,0.23994267,0.2683956,0.35376266,0.46479094,0.32720205,0.38564664,0.46540552,0.61793077,0.20858973,0.2327553,0.2723688,0.39580244,0.4101469,0.37707156,0.315445,0.28926972,0.47632378,0.38946885,0.51780874,0.41265866,0.4718177,0.36478883,0.33476463,0.39793298,0.54065466,0.58278465,0.4327215,0.37420237,0.30069524,0.3664041,0.37385255,0.5820072,0.5592524,0.33016184,0.26991236,0.088002674,0.39480627,0.24001583
0.5182581,0.6434823,0.867763,1.0,0.270048,0.075008556,0.72942877,0.85843354,0.26534283,0.097550385,0.42094585,0.61409974,0.4342793,0.62447214,0.42640406,0.31193447,0.46124497,0.46612513,0.57173437,0.7802428,0.3160236,0.31554887,0.6676156,0.8364712,0.104487024,0.27890518,-0.017976385,-0.10911832,0.53840584,0.52731377,0.4628865,0.61395705,0.5512468,0.7171726,0.51695156,0.60923094,0.44057736,0.5184625,0.22664142,0.34687895,0.58124846,0.5050614,0.6221442,0.6676856,0.4569154,0.5155252,0.52187735,0.5365722,0.43132138,0.46275023,0.45352113,0.55647725,0.507736,0.50572497,0.2964718,0.34513214,0.26828647,0.41229478,0.1651898,0.11537437,0.22649209,0.36020592,0.18400519,0.43256834,0.30250007,0.38258502,0.6094088,0.5754692,0.4769164,0.47255203,0.18305287,0.43946496,0.5114065,0.32787195,0.3505171,0.35261074,0.28264335,0.40057057,0.3150788,0.3340217,0.3319933,0.5349658,0.35643297,0.4581963,0.4612907,0.7365574,0.2419354,0.2811899,0.3132651,0.54207426,0.48246694,0.52541894,0.3773245,0.36583275,0.5482325,0.48531348,0.5146822,0.53136075,0.56533384,0.48686767,0.36611632,0.48586535,0.616745,0.64522296,0.49071875,0.38948485,0.36245158,0.42462674,0.4102263,0.5907082,0.5789256,0.4618006,0.4003097,0.15731865,0.44299272,0.2946527
-0.38257667,-0.12793063,0.20499115,0.270048,1.0,0.64089036,0.0024019366,0.3106896,0.72235626,0.7783083,-0.0056802384,0.56914145,0.082028314,0.59087956,0.71685123,0.7731388,0.40085876,0.19615103,-0.07037616,0.07784261,0.4956461,0.42413834,0.09971918,0.51808625,0.32288387,0.76264685,0.5869491,0.53726614,0.098567344,0.15909971,0.37875226,0.6127568,0.09955447,0.28520474,0.13680725,0.38722798,0.5645686,0.43119237,0.7370157,0.6374507,0.10531035,0.08905621,-0.08629796,0.19886222,-0.2853328,-0.16012995,0.080170006,-0.05732875,-0.33761925,-0.37110746,-0.4455309,-0.30008096,-0.188694,-0.19382048,0.67954785,0.62717754,-0.44108447,-0.2590999,-0.5940486,-0.3767383,-0.53666586,-0.37903678,-0.54411423,-0.28402945,-0.44330165,-0.37753135,-0.08736735,0.008209934,-0.2861642,-0.2888342,-0.027418671,-0.088057116,0.5779947,0.6692002,0.68688434,0.71778125,0.73594797,0.60383004,-0.04578771,0.07090296,-0.17376792,0.048322987,0.65961486,0.5474795,0.07740078,0.41196173,0.50677365,0.40419602,0.56124103,0.6094178,0.42206886,0.20657642,0.61768764,0.6225615,0.13477336,0.046303242,0.34613535,0.2030821,0.23731816,0.24653192,0.39724222,0.51180124,0.39826328,0.4137962,0.540243,0.6463423,0.5119223,0.4532063,0.23256642,0.46025407,0.37591445,0.22021219,0.26053745,0.471909,0.31137037,0.4076314
-0.24219294,-0.21066384,-0.003714794,0.075008556,0.64089036,1.0,0.050863422,0.066500284,0.79456097,0.814075,0.17461586,0.49966586,0.27053383,0.4109534,0.6735622,0.75550985,0.49031395,0.34608525,0.025575424,0.03682138,0.45250422,0.32683963,0.14849567,0.21022283,0.5261252,0.7374424,0.7195614,0.6755409,0.1402913,0.25868332,0.52246636,0.3123178,0.24440093,0.27012247,0.17977883,0.3286269,0.5494815,0.48184133,0.67834693,0.66309637,0.045965858,0.13691662,-0.024329172,0.1785246,-0.24148771,-0.070719615,0.17987779,0.06444361,-0.17043996,-0.3145902,-0.33530477,-0.30618814,-0.10532316,-0.1996828,0.6762348,0.6859989,-0.15683931,-0.25511307,-0.41053066,-0.35010386,-0.28175074,-0.33803272,-0.24180745,-0.22278522,-0.24327081,-0.26124105,-0.0280441,0.11072644,-0.18268761,-0.109389946,0.14816391,-0.24083455,0.30244976,0.6073322,0.5912631,0.5248445,0.6220557,0.44539222,0.089639,0.2591845,0.12438088,0.06632925,0.73967606,0.71976835,0.33621612,0.27182862,0.6508111,0.67943466,0.7082944,0.58063525,0.5559394,0.28033707,0.5804123,0.42231363,0.2673127,0.16932943,0.31981692,0.3186688,0.35379928,0.4046619,0.51407707,0.3413141,0.42744315,0.43096867,0.45916685,0.553373,0.54613554,0.3680138,0.28247327,0.36875296,0.36787564,0.33522856,0.3848713,0.5345237,0.28200865,0.38388875
0.7649225,0.6754205,0.77142864,0.72942877,0.0024019366,0.050863422,1.0,0.65231633,0.19185339,-0.09974503,0.7094345,0.5258172,0.67185223,0.43112218,0.25501862,0.090113156,0.48153612,0.56571454,0.694113,0.7332292,0.15883714,0.081048876,0.77021754,0.4788891,0.16136189,0.014132454,-0.1744798,-0.22424006,0.656182,0.599294,0.58512247,0.29966086,0.6439957,0.6133499,0.57866246,0.56695515,0.3599019,0.45974782,-0.029829195,0.12109507,0.5686422,0.4863737,0.7102195,0.6600833,0.5649485,0.614533,0.61654544,0.59059703,0.5882188,0.5720798,0.67915857,0.62759006,0.6363886,0.48490185,0.087525055,0.111142166,0.58494663,0.44579327,0.43009427,0.23175095,0.5010126,0.49197808,0.52514595,0.53178424,0.53686213,0.5668507,0.702614,0.64751035,0.60649216,0.6515513,0.3362552,0.42138878,0.24655932,0.12869012,0.18304339,0.058443017,0.104758665,0.25192386,0.508957,0.5135828,0.6536667,0.54473716,0.2152594,0.3653562,0.6841723,0.5240398,0.13813251,0.21242167,0.23163927,0.24097311,0.3671145,0.41031924,0.14811449,0.03312878,0.5582318,0.5253436,0.36699724,0.4782924,0.5324412,0.46979606,0.35123548,0.20709181,0.51410335,0.5087701,0.2643908,0.193438,0.24025099,0.2547339,0.33815548,0.45716518,0.48572224,0.46171162,0.34911147,-0.0063722995,0.43730262,0.0977787
0.36603117,0.6792658,0.76811063,0.85843354,0.3106896,0.066500284,0.65231633,1.0,0.2109439,0.14467224,0.33708638,0.65661204,0.29750013,0.72054183,0.43267968,0.31173635,0.48418075,0.47904623,0.34602615,0.7159997,0.28995472,0.38990423,0.43908074,0.7757991,-0.024102159,0.2395623,-0.08376344,-0.14288898,0.55440104,0.54811645,0.33960018,0.6263215,0.4344378,0.73452127,0.44916445,0.6426481,0.41838506,0.4734412,0.25282755,0.35346332,0.54790384,0.3927026,0.56970555,0.63358784,0.42712787,0.5053929,0.45748985,0.4302714,0.34961846,0.44984186,0.34444094,0.5703594,0.3032689,0.5094844,0.31439468,0.38083237,0.19242783,0.4275019,0.09589019,0.14058048,0.12598275,0.3507138,0.08544828,0.3947046,0.22179532,0.34222975,0.5231168,0.4936298,0.41934794,0.39077136,0.078448,0.4085026,0.60890436,0.39287782,0.38580438,0.4213421,0.32550427,0.41993818,0.22172345,0.2520622,0.2303105,0.58639336,0.34603944,0.45888558,0.35207924,0.7993055,0.17958315,0.25795117,0.3086162,0.55181175,0.47786215,0.5799928,0.49002665,0.52473134,0.41334242,0.3775886,0.45837003,0.43873435,0.5061694,0.45466468,0.41984197,0.57551354,0.57629067,0.61923856,0.5764403,0.47257984,0.39475957,0.5088081,0.43705714,0.5340077,0.39940858,0.41268376,0.33701727,0.17016742,0.45443898,0.33487886
-0.14674492,-0.14895165,0.242393,0.26534283,0.72235626,0.79456097,0.19185339,0.2109439,1.0,0.82851034,0.32487142,0.6249394,0.47813007,0.5219203,0.8334801,0.82978386,0.5519756,0.3481539,0.13773933,0.15639517,0.59163177,0.37393534,0.34863564,0.3974909,0.5715597,0.790277,0.7155216,0.6734401,0.19674526,0.28040543,0.6047545,0.50735986,0.3100743,0.3023491,0.29719877,0.44790083,0.70175755,0.5584718,0.76249504,0.7204574,0.18665221,0.17443731,0.03146667,0.27663034,-0.2709348,-0.10932355,0.22680485,0.09758043,-0.22391495,-0.34254736,-0.28603896,-0.2809808,0.030696992,-0.18671887,0.72736824,0.654496,-0.20489612,-0.2861668,-0.49715856,-0.40957642,-0.34153336,-0.3846075,-0.30126578,-0.23187855,-0.2544144,-0.29886636,0.008198563,0.123879455,-0.16636501,-0.1330056,0.19189936,-0.15970364,0.45555913,0.67353654,0.7251246,0.66207415,0.72398293,0.55584925,0.04890281,0.25047162,0.12368302,0.09597375,0.8327798,0.7169017,0.41257852,0.38485888,0.75471675,0.60817033,0.79938745,0.6343815,0.5412076,0.25631306,0.61833024,0.48210433,0.32300168,0.18964449,0.47667235,0.3425158,0.42159632,0.4171237,0.54983276,0.41458628,0.4988935,0.5478684,0.5691266,0.6295172,0.5645027,0.4836741,0.31101623,0.55801827,0.55391824,0.3560529,0.430978,0.55636847,0.39294204,0.44892812
-0.44300577,-0.30685878,0.008365343,0.097550385,0.7783083,0.814075,-0.09974503,0.14467224,0.82851034,1.0,0.011085206,0.52392566,0.11885774,0.47379357,0.7625449,0.8647302,0.43643436,0.19354041,-0.1764193,-0.051466085,0.505678,0.3995514,0.018240301,0.30598712,0.49256548,0.82400405,0.7654686,0.75474954,-0.054429132,0.101608925,0.37534297,0.41351345,0.043131378,0.19411224,0.07818459,0.31971595,0.5059554,0.42014098,0.78458035,0.73075646,-0.04297215,-0.06717063,-0.16422823,0.12752454,-0.40009797,-0.23829718,0.040942233,-0.08106374,-0.419983,-0.4931732,-0.5408869,-0.44077587,-0.22873405,-0.31050035,0.77782756,0.7303057,-0.40221062,-0.42324367,-0.6570329,-0.44700992,-0.5683137,-0.53342384,-0.52737516,-0.42118087,-0.48061907,-0.5000703,-0.22097535,-0.07369147,-0.38968125,-0.36243412,0.03649416,-0.33673167,0.4070185,0.6894616,0.68192536,0.7124687,0.7420706,0.5120231,-0.152055,0.052093826,-0.15318082,-0.055860505,0.7699964,0.644827,0.15340059,0.29284656,0.66252494,0.60816675,0.74308145,0.6436433,0.49156988,0.17378213,0.6388932,0.5863613,0.13187477,-0.008493915,0.32805654,0.22840826,0.24703148,0.3022629,0.4830546,0.4311131,0.4008749,0.41706005,0.5225946,0.61727643,0.54787916,0.4146888,0.17469212,0.39282686,0.3547831,0.24267827,0.3200015,0.6218199,0.22117424,0.4499719
0.69218564,0.4616809,0.4778371,0.42094585,-0.0056802384,0.17461586,0.7094345,0.33708638,0.32487142,0.011085206,1.0,0.4837301,0.79323155,0.42241064,0.3385793,0.1534229,0.60092705,0.5994255,0.6752654,0.58661646,0.28722525,-0.047193587,0.67408335,0.2790278,0.32203376,0.06066203,0.009872102,-0.008968436,0.67302465,0.63597846,0.60631627,0.2643367,0.74083424,0.5554654,0.6702637,0.54226965,0.4374666,0.4121125,0.015800122,0.14759383,0.50365734,0.4979396,0.59209603,0.5365093,0.44689384,0.5385197,0.57771564,0.58490807,0.56684333,0.45382527,0.55397046,0.4198596,0.5701441,0.4197044,0.11702144,0.13302232,0.6573581,0.37676382,0.39298955,0.16356203,0.5409566,0.29540047,0.5882,0.47139043,0.571347,0.47186372,0.6439415,0.6590203,0.55184835,0.50875825,0.34084198,0.26861984,0.1548958,0.10037364,0.18645878,0.09755365,0.06438162,0.11483874,0.5672573,0.5440324,0.784376,0.53252614,0.3591746,0.44902378,0.82926667,0.39251018,0.27959532,0.34897715,0.39231053,0.27817106,0.43967655,0.37481794,0.09286606,-0.12582597,0.51993465,0.5550865,0.30152124,0.51451224,0.6069065,0.52859974,0.31894192,-0.0022918063,0.4005416,0.4067427,0.23366892,0.10317734,0.28779393,0.17377922,0.13246731,0.34776732,0.48003656,0.55413467,0.41114673,0.13309366,0.4125417,0.046533436
0.15896785,0.42192885,0.5047021,0.61409974,0.56914145,0.49966586,0.5258172,0.65661204,0.6249394,0.52392566,0.4837301,1.0,0.5270841,0.8677308,0.65359074,0.62577045,0.7354377,0.6639694,0.34801334,0.5148913,0.45817393,0.2577993,0.48964992,0.6579463,0.24123769,0.5313654,0.25762653,0.27532122,0.5321534,0.595261,0.62375456,0.65205777,0.5361619,0.70615774,0.5781136,0.7513347,0.6826264,0.657993,0.5661867,0.5408868,0.35461712,0.3634779,0.47730216,0.66183305,0.18580295,0.38315237,0.5254122,0.43799233,0.1519372,0.15819913,0.07047264,0.25166464,0.2862288,0.28713998,0.59786415,0.5888812,0.08251619,0.15050648,-0.19449975,-0.22992402,-0.058210313,0.011017966,-0.037725825,0.16195518,0.06519734,0.11367186,0.39645544,0.49308077,0.17125759,0.19066176,0.14468545,0.17494917,0.6359856,0.5923983,0.6564985,0.644499,0.655188,0.64398044,0.39226848,0.47096702,0.32361224,0.46222267,0.6564386,0.70249665,0.52223635,0.7243394,0.5017424,0.51642466,0.6350684,0.7255073,0.61351097,0.51535726,0.62055653,0.5011167,0.55451995,0.4249224,0.54969704,0.5507713,0.6198643,0.57865393,0.54270643,0.49394643,0.6330882,0.66989297,0.6695763,0.63382125,0.616176,0.62413746,0.42418185,0.6200366,0.65449643,0.597296,0.45798445,0.3815675,0.5151723,0.34344387
0.5809658,0.33188704,0.5283638,0.4342793,0.082028314,0.27053383,0.67185223,0.29750013,0.47813007,0.11885774,0.79323155,0.5270841,1.0,0.43021587,0.4267914,0.27082238,0.5653081,0.5712652,0.63630515,0.4862635,0.38260052,0.06969508,0.7100008,0.29710042,0.3384941,0.17790282,0.1395978,0.065997556,0.5936686,0.5615476,0.6247717,0.29398298,0.64042187,0.44034383,0.5735529,0.4672133,0.515233,0.51029724,0.1836091,0.267763,0.46494156,0.47948095,0.45228475,0.44775686,0.25442886,0.3313956,0.47199714,0.4699521,0.3662326,0.24987096,0.43941295,0.3162232,0.5331236,0.2248154,0.17453514,0.15554892,0.44256067,0.23649766,0.20364876,0.018699551,0.3619513,0.18586513,0.38692546,0.32906458,0.38442358,0.31530255,0.47097114,0.4709734,0.39496106,0.3778725,0.36875597,0.2121348,0.25864795,0.25012925,0.28687102,0.20136632,0.19475386,0.23480771,0.44873106,0.5057162,0.6654862,0.42240918,0.43775985,0.46690863,0.7280132,0.37933257,0.46468845,0.37432083,0.46041766,0.2826549,0.3607888,0.30444756,0.16859977,-0.016963642,0.5053907,0.4447224,0.44213343,0.4480448,0.51347333,0.4408532,0.32920805,0.07345741,0.3951979,0.45278546,0.27203783,0.22004935,0.30515835,0.29033965,0.2775767,0.3992983,0.5387431,0.4130711,0.36014938,0.058588043,0.3508823,0.07225127
0.11428369,0.43237218,0.51615196,0.62447214,0.59087956,0.4109534,0.43112218,0.72054183,0.5219203,0.47379357,0.42241064,0.8677308,0.43021587,1.0,0.65131766,0.575337,0.7197546,0.6715742,0.25238627,0.5263932,0.5437115,0.3661271,0.3576774,0.7441765,0.13882051,0.5274549,0.17588508,0.18529387,0.58333933,0.65793335,0.50878686,0.7689481,0.51957226,0.75803393,0.6012597,0.76514053,0.6773263,0.6595646,0.57514685,0.5488566,0.44050053,0.41942015,0.4563352,0.6198515,0.2251692,0.3846019,0.506829,0.42537594,0.20004027,0.2079099,0.05553384,0.28255054,0.18959364,0.37142047,0.55587703,0.5950443,0.08045818,0.27975237,-0.16199607,-0.14913811,-0.028468342,0.08273995,-0.04899327,0.24328582,0.09060683,0.13606523,0.4085875,0.5130527,0.21329886,0.16037667,0.12920448,0.30221045,0.7242923,0.6171499,0.59950125,0.67936933,0.6343633,0.6328277,0.34585908,0.4301659,0.2960103,0.5905734,0.6222404,0.6798385,0.44072464,0.7901953,0.43709388,0.47607997,0.5605554,0.7481246,0.62893087,0.6067455,0.6059515,0.56221807,0.48585358,0.42342356,0.52667516,0.525556,0.6239988,0.58189434,0.47575665,0.53691065,0.5648822,0.6348199,0.68636453,0.5940435,0.5895747,0.62799335,0.4653144,0.591732,0.5566508,0.5736093,0.4188383,0.33167255,0.4947122,0.3894921
-0.08330282,-0.016621534,0.39561993,0.42640406,0.71685123,0.6735622,0.25501862,0.43267968,0.8334801,0.7625449,0.3385793,0.65359074,0.4267914,0.65131766,1.0,0.88214,0.6462314,0.39760312,0.15854365,0.33248627,0.6488593,0.5075377,0.33872023,0.588475,0.4796323,0.76996183,0.6040267,0.5874837,0.33221424,0.43173084,0.5525328,0.64041775,0.33820066,0.46506864,0.36616677,0.5533399,0.6692646,0.5731536,0.74617785,0.7820058,0.32564107,0.27339938,0.17035268,0.38838503,-0.14153099,0.032548077,0.317305,0.16220257,-0.13414073,-0.22425084,-0.21010515,-0.14969394,0.056212068,-0.03209692,0.7549039,0.7583703,-0.16169049,-0.14985698,-0.43312198,-0.30327418,-0.3154105,-0.27329916,-0.30294037,-0.126764,-0.22676867,-0.24157377,0.10594751,0.20277427,-0.030684957,-0.055700533,0.13181266,-0.05856515,0.6183442,0.7421484,0.6909384,0.73378444,0.72427946,0.5393328,0.030827772,0.18942499,0.1325321,0.27260202,0.871495,0.80821025,0.42872417,0.5872858,0.75879896,0.6933211,0.8462625,0.7594582,0.6211901,0.40298668,0.73831934,0.66953146,0.3635953,0.20240133,0.60810095,0.44535187,0.51278174,0.5228835,0.6004499,0.5808994,0.5532991,0.65709233,0.7170242,0.73915374,0.64389837,0.6270607,0.36004266,0.6218178,0.5685591,0.45165074,0.5275654,0.636488,0.40221563,0.57709557
-0.26243708,-0.13883123,0.20429206,0.31193447,0.7731388,0.75550985,0.090113156,0.31173635,0.82978386,0.8647302,0.1534229,0.62577045,0.27082238,0.575337,0.88214,1.0,0.57875586,0.3436469,0.037937257,0.16562118,0.559595,0.4498124,0.21556291,0.5000743,0.5287974,0.8305323,0.7162313,0.7176278,0.14381205,0.3155312,0.50180864,0.543739,0.19459853,0.35950422,0.19911936,0.42587492,0.55371284,0.52854025,0.74389356,0.76499623,0.15022358,0.14690973,0.048708864,0.32648253,-0.23776403,-0.07485649,0.237471,0.09764294,-0.27282217,-0.3252052,-0.36233336,-0.2873749,-0.063177995,-0.13923585,0.8029929,0.8032568,-0.2795758,-0.2561445,-0.52325994,-0.3599743,-0.4389897,-0.38383925,-0.4294288,-0.25557104,-0.36533278,-0.33485556,-0.02795082,0.08417726,-0.18677615,-0.17340814,0.09996611,-0.15843377,0.5528608,0.7611907,0.7239461,0.7386529,0.7521381,0.5625076,-0.004093456,0.15589364,-0.0013704792,0.119351216,0.84431994,0.74008733,0.29616466,0.46929953,0.7465548,0.69132364,0.82303643,0.744652,0.5599002,0.32432464,0.70658815,0.6558965,0.29930657,0.118507735,0.54487914,0.42605937,0.42859736,0.45229974,0.5748481,0.55195564,0.49891445,0.57596594,0.63866055,0.7002059,0.6273786,0.5982547,0.25765517,0.52449363,0.51245385,0.37933233,0.4763047,0.61318773,0.3315568,0.5173822
0.26036888,0.34524494,0.4187037,0.46124497,0.40085876,0.49031395,0.48153612,0.48418075,0.5519756,0.43643436,0.60092705,0.7354377,0.5653081,0.7197546,0.6462314,0.57875586,1.0,0.8321476,0.29674438,0.46754152,0.5416955,0.3251374,0.48018146,0.55733323,0.34988347,0.51380825,0.20296666,0.2290172,0.6442221,0.7574199,0.69317406,0.6009786,0.62645006,0.7074625,0.6549679,0.7203453,0.63211286,0.7028984,0.45806378,0.55341214,0.44240192,0.47976443,0.5660934,0.64961743,0.2890415,0.4685198,0.65683943,0.5592803,0.32046032,0.24400976,0.19550851,0.27107754,0.3699002,0.37935707,0.5512797,0.6064165,0.35833615,0.2784864,0.025993217,-0.10186532,0.19126685,0.12384524,0.17521133,0.3364005,0.19806115,0.24477579,0.48519,0.587484,0.34133372,0.31806892,0.28067243,0.1922672,0.5267717,0.5423292,0.50474054,0.49364737,0.5013293,0.42859477,0.5471958,0.5992058,0.5801363,0.6486962,0.68669444,0.7779268,0.6970305,0.65735364,0.6087074,0.615458,0.6909373,0.6392396,0.6716871,0.6314906,0.49476412,0.34982714,0.6400264,0.5517613,0.5800783,0.6361048,0.7202592,0.68017554,0.5595577,0.38845778,0.5493328,0.64382625,0.5609636,0.49521622,0.60548306,0.5394867,0.43994415,0.5727908,0.640802,0.65006065,0.5538319,0.40083197,0.52479583,0.41426846
0.4306953,0.5227339,0.4072995,0.46612513,0.19615103,0.34608525,0.56571454,0.47904623,0.3481539,0.19354041,0.5994255,0.6639694,0.5712652,0.6715742,0.39760312,0.3436469,0.8321476,1.0,0.43386373,0.5278711,0.33984748,0.22469887,0.49613634,0.47939685,0.2044726,0.3135101,0.018457144,-0.0043402985,0.7343694,0.83669174,0.6154087,0.47887793,0.70012385,0.7303969,0.72899497,0.69226,0.53995556,0.69862694,0.23028849,0.34177878,0.4592796,0.59228253,0.7107228,0.71716607,0.5267458,0.63797414,0.77290034,0.71966785,0.5500493,0.50432616,0.43444654,0.49492413,0.4958051,0.57765955,0.33583668,0.45987076,0.55534595,0.52933824,0.30577382,0.02203575,0.44553754,0.39974234,0.4325461,0.57070714,0.42910427,0.5189768,0.659558,0.72224134,0.5483822,0.53135717,0.24477723,0.34572366,0.42160848,0.3961366,0.328406,0.26674432,0.32241714,0.37698746,0.71514815,0.75958145,0.72962505,0.76275116,0.46117824,0.6339938,0.69500405,0.6513889,0.38688818,0.49262133,0.447733,0.5126507,0.57772464,0.6933962,0.31329906,0.14074148,0.6839241,0.6879743,0.52736336,0.6858741,0.7324976,0.70012534,0.42508137,0.23059316,0.46235454,0.5489646,0.38715827,0.27784178,0.44764882,0.44652718,0.49704522,0.48380893,0.5893108,0.65727854,0.455743,0.17680565,0.500798,0.21338697
0.7407716,0.5606882,0.53739816,0.57173437,-0.07037616,0.025575424,0.694113,0.34602615,0.13773933,-0.1764193,0.6752654,0.34801334,0.63630515,0.25238627,0.15854365,0.037937257,0.29674438,0.43386373,1.0,0.7235442,0.072145484,-0.10183892,0.71546876,0.3651762,0.10600697,-0.023604954,-0.0961346,-0.20893323,0.59488535,0.49565867,0.44201466,0.18013172,0.68799466,0.53237516,0.54107285,0.34835893,0.32322997,0.34740916,-0.098639615,-0.008009889,0.5101856,0.6202287,0.5976187,0.5148936,0.5480282,0.53728163,0.5309592,0.5957811,0.61607957,0.53829896,0.6811193,0.5230664,0.6158064,0.45338747,-0.06613658,0.005871485,0.5864094,0.49908677,0.51422566,0.2465495,0.60994,0.49799404,0.5634087,0.58803564,0.6453417,0.59440726,0.7281007,0.6524074,0.63162285,0.6486687,0.11645019,0.32702616,0.112113014,-0.028099794,0.05004181,-0.07586544,-0.08110846,0.07947825,0.6167902,0.52937907,0.64575917,0.44472975,0.14674462,0.29317576,0.64750695,0.4044606,0.1515104,0.19229667,0.13861427,0.20198087,0.24794035,0.3619362,0.032787,-0.15963212,0.5374809,0.590165,0.24206151,0.4829265,0.4888416,0.46785045,0.20259908,0.0413986,0.4279576,0.39792025,0.09220928,0.03337749,0.12057706,0.099057324,0.2208394,0.3469067,0.47355187,0.48619086,0.3232638,-0.09419092,0.34312153,-0.0029644975
0.6706302,0.73883075,0.7037317,0.7802428,0.07784261,0.03682138,0.7332292,0.7159997,0.15639517,-0.051466085,0.58661646,0.5148913,0.4862635,0.5263932,0.33248627,0.16562118,0.46754152,0.5278711,0.7235442,1.0,0.26060238,0.19027744,0.59839135,0.63625777,-0.0069624656,0.12593962,-0.11439503,-0.23275767,0.6898172,0.60400474,0.43441117,0.48134142,0.7289957,0.80791056,0.6608665,0.642653,0.45854086,0.4231424,0.08216277,0.21920823,0.65752804,0.59626526,0.75778246,0.7230876,0.61540556,0.71279037,0.64787006,0.6585958,0.65359545,0.6401224,0.6197361,0.6702953,0.53972185,0.6567857,0.12285014,0.22665602,0.5606987,0.57291573,0.4270492,0.17449619,0.50660336,0.5139477,0.43092802,0.62921107,0.5458818,0.5683286,0.82386947,0.77294964,0.7019943,0.6760937,-0.0010313856,0.28305236,0.31665334,0.102359645,0.12867166,0.16282776,-0.0037462523,0.10656771,0.5237286,0.46889725,0.5841343,0.6486791,0.33458617,0.48651725,0.65910095,0.73818636,0.2042439,0.31651902,0.28359598,0.5111218,0.52503216,0.6395709,0.3203722,0.24581598,0.6259729,0.67032677,0.39912918,0.5816166,0.63682675,0.6046004,0.4663869,0.4846146,0.6887288,0.6880301,0.40088746,0.30187672,0.33452597,0.33274502,0.45196882,0.59846663,0.5287662,0.60245776,0.4735665,0.1337568,0.50505084,0.21606922
-0.033875037,-0.05050764,0.36050287,0.3160236,0.4956461,0.45250422,0.15883714,0.28995472,0.59163177,0.505678,0.28722525,0.45817393,0.38260052,0.5437115,0.6488593,0.559595,0.5416955,0.33984748,0.072145484,0.26060238,1.0,0.30425477,0.3059744,0.5259869,0.40297684,0.61603266,0.4042884,0.42975837,0.27510804,0.35833758,0.5890417,0.6295112,0.34786335,0.3740339,0.404797,0.5130094,0.6401662,0.5118431,0.6156766,0.57732624,0.34688988,0.2822447,0.15624169,0.30158386,-0.11678133,0.049023535,0.25324127,0.1575247,-0.034727335,-0.13736218,-0.11436058,-0.08315018,0.17542808,0.013613465,0.54796654,0.47307488,-0.092806056,-0.06768738,-0.3000085,-0.2852293,-0.14945865,-0.24542151,-0.21712959,-0.0330122,-0.13102275,-0.18261218,0.11212958,0.22501084,-0.027938602,-0.14334302,0.22214623,0.020641925,0.54523426,0.5731697,0.54853874,0.63595426,0.485008,0.29928875,0.11474328,0.14440827,0.1765723,0.25723484,0.66389096,0.5521059,0.39673886,0.43644312,0.5705391,0.44346464,0.65757084,0.58442056,0.52010465,0.33501732,0.4528647,0.42962196,0.35950258,0.1735786,0.43595093,0.27808332,0.45288435,0.3170717,0.39507258,0.4216026,0.43642855,0.52806586,0.5613129,0.48301443,0.51281834,0.479513,0.27750546,0.49435186,0.53779256,0.31104177,0.30803442,0.40184575,0.32877207,0.3583028
-0.058750857,0.0529062,0.33324584,0.31554887,0.42413834,0.32683963,0.081048876,0.38990423,0.37393534,0.3995514,-0.047193587,0.2577993,0.06969508,0.3661271,0.5075377,0.4498124,0.3251374,0.22469887,-0.10183892,0.19027744,0.30425477,1.0,0.1156678,0.41536304,0.15687352,0.49070358,0.2792872,0.17441055,0.17892924,0.25941038,0.14564234,0.47640505,0.08188283,0.22726555,0.091845825,0.2724945,0.43122876,0.45298862,0.56283045,0.6697522,0.36126858,0.28254232,0.10393211,0.1901026,-0.034832373,0.03755401,0.19924425,0.1154459,0.0042882604,-0.11811157,-0.0012105056,0.11675016,0.029228788,0.09094374,0.5084681,0.5511625,-0.13588643,-0.04599481,-0.22382502,-0.11076164,-0.23192188,-0.07058886,-0.23708509,-0.05715833,-0.19790976,-0.13739955,0.041042536,0.03910767,0.043444436,0.095189795,0.098339036,-0.01933924,0.4581823,0.57545906,0.40204254,0.47646138,0.40546596,0.33717114,-0.17821977,-0.06298479,-0.05873701,0.21965867,0.48505488,0.47991493,0.0837958,0.45747676,0.38133454,0.48091865,0.41499597,0.48718268,0.40663877,0.32346484,0.54700774,0.57474107,0.079181574,0.19536313,0.4497963,0.13919464,0.24509797,0.2598839,0.415893,0.49950734,0.3852267,0.43372604,0.51758814,0.53927964,0.2913663,0.382064,0.55176014,0.5240214,0.27258754,0.07470797,0.20666856,0.30398175,0.20798293,0.5212923
0.6532416,0.40138924,0.75664973,0.6676156,0.09971918,0.14849567,0.77021754,0.43908074,0.34863564,0.018240301,0.67408335,0.48964992,0.7100008,0.3576774,0.33872023,0.21556291,0.48018146,0.49613634,0.71546876,0.59839135,0.3059744,0.1156678,1.0,0.5258701,0.38978446,0.15672876,0.052824717,-0.0035588096,0.50165844,0.4886965,0.7141508,0.40094772,0.6440662,0.4670126,0.5323696,0.46453175,0.4852828,0.5116221,0.15224075,0.2876371,0.47502944,0.55225444,0.53900146,0.55119896,0.344576,0.4525734,0.53814566,0.54262584,0.45354906,0.34324375,0.5616082,0.40214428,0.73441595,0.30992714,0.20565893,0.19541606,0.43682587,0.22876187,0.24793431,0.0039366363,0.36287254,0.24174342,0.37704155,0.35258102,0.373349,0.33971107,0.54104316,0.5316819,0.41551304,0.45204395,0.46534938,0.29461354,0.2359853,0.220992,0.32729593,0.16935119,0.21594001,0.30770347,0.4656553,0.49187964,0.5541891,0.34539852,0.3704774,0.4074806,0.6666035,0.40992922,0.33158407,0.32272112,0.35210246,0.31042638,0.37895086,0.27392155,0.1775868,-0.0053124814,0.5879437,0.49864316,0.47527948,0.47921243,0.50609183,0.4100727,0.30877104,0.14749114,0.5053648,0.51441413,0.26204354,0.25127307,0.32581818,0.26954198,0.29753855,0.5450762,0.68498594,0.4253958,0.32088175,0.09610074,0.3990167,0.12310924
0.2099213,0.44329017,0.7380218,0.8364712,0.51808625,0.21022283,0.4788891,0.7757991,0.3974909,0.30598712,0.2790278,0.6579463,0.29710042,0.7441765,0.588475,0.5000743,0.55733323,0.47939685,0.3651762,0.63625777,0.5259869,0.41536304,0.5258701,1.0,0.16489418,0.52374744,0.12715168,0.09041073,0.48941988,0.51167566,0.4794606,0.81540954,0.46777776,0.70577794,0.5131067,0.65802205,0.5535531,0.58777916,0.45566183,0.48869866,0.48495418,0.4719011,0.48304522,0.616705,0.27414426,0.39161474,0.47722536,0.419601,0.24306263,0.2439099,0.1816268,0.33842728,0.3506571,0.39781988,0.452589,0.50270885,0.039424226,0.29411766,-0.088644266,-0.08712318,0.0029743903,0.16178168,-0.07037016,0.2863047,0.09458696,0.16610657,0.46439108,0.4867536,0.2901382,0.24393596,0.11165214,0.38420498,0.6629304,0.5080589,0.49449462,0.54697,0.48949015,0.5245846,0.268988,0.29309452,0.1844922,0.51836425,0.5046302,0.5664409,0.35377014,0.7725705,0.35149553,0.37010244,0.4380585,0.68755585,0.5385054,0.54834837,0.50711334,0.5539923,0.5072227,0.37938875,0.58309287,0.5143178,0.5389609,0.4790065,0.38596556,0.61707693,0.56927925,0.6598485,0.61063814,0.5326262,0.45689002,0.56228304,0.4464842,0.639445,0.64011675,0.4820514,0.41389135,0.31871805,0.46148688,0.397394
0.04901894,-0.23683633,0.14668663,0.104487024,0.32288387,0.5261252,0.16136189,-0.024102159,0.5715597,0.49256548,0.32203376,0.24123769,0.3384941,0.13882051,0.4796323,0.5287974,0.34988347,0.2044726,0.10600697,-0.0069624656,0.40297684,0.15687352,0.38978446,0.16489418,1.0,0.48872715,0.56210506,0.58022296,-0.021611668,0.15141001,0.48915413,0.14865048,0.19902395,0.040166248,0.12250104,0.17118779,0.25885952,0.3184284,0.3116106,0.46518758,0.045433775,0.09050675,-0.022177745,0.096614234,-0.13649227,-0.058671888,0.18420117,0.152644,-0.08770112,-0.2331989,-0.07685345,-0.21398202,0.28087297,-0.10848333,0.5008872,0.43538538,0.026566867,-0.2692628,-0.18128899,-0.09824491,-0.097024135,-0.23664686,-0.053592548,-0.17305763,-0.16647749,-0.18359579,0.0067068846,0.07020684,-0.10593793,-0.06375675,0.418939,-0.12620117,0.06108607,0.3553043,0.36628982,0.33014688,0.3583489,0.22875626,0.042907156,0.16293268,0.1513213,-0.06514863,0.52327895,0.38605046,0.39623323,0.062208883,0.4688935,0.4378536,0.5644013,0.3119041,0.37542534,0.04011814,0.16096018,0.083494954,0.30545777,0.07805595,0.36481354,0.35740414,0.29993516,0.23893477,0.3218729,0.07240203,0.26801163,0.30360165,0.19808726,0.2512171,0.32735384,0.25528276,-0.059185762,0.26167464,0.42953524,0.21097851,0.2051919,0.3631047,0.20454963,0.23252034
-0.28649423,-0.16877873,0.17393729,0.27890518,0.76264685,0.7374424,0.014132454,0.2395623,0.790277,0.82400405,0.06066203,0.5313654,0.17790282,0.5274549,0.76996183,0.8305323,0.51380825,0.3135101,-0.023604954,0.12593962,0.61603266,0.49070358,0.15672876,0.52374744,0.48872715,1.0,0.6800891,0.6328334,0.08623091,0.26637256,0.47858897,0.5734235,0.21349193,0.33079427,0.257271,0.4358588,0.6228149,0.593657,0.76221645,0.73673517,0.1308126,0.16015337,0.050287344,0.30425143,-0.24206154,-0.080567345,0.23893923,0.13264419,-0.21351515,-0.3403995,-0.3663903,-0.274299,-0.029057406,-0.11016139,0.7620987,0.74084836,-0.2842373,-0.25359812,-0.5000452,-0.3876742,-0.3905808,-0.37487447,-0.40096813,-0.21354376,-0.34063447,-0.31200197,0.0066803754,0.13178745,-0.20790648,-0.17575277,0.084880136,-0.12959895,0.46877205,0.6686527,0.6314314,0.6617035,0.7050878,0.53095376,0.036169637,0.13966434,-0.013476146,0.10973359,0.76218295,0.6794608,0.2646815,0.4229827,0.6548245,0.60238075,0.74820787,0.7150819,0.5927244,0.36221826,0.63682675,0.6015633,0.35062143,0.18005238,0.5173351,0.3981392,0.42618644,0.43635333,0.51980036,0.5281078,0.5046389,0.56295824,0.5648823,0.6139448,0.5175538,0.4807764,0.36193332,0.54821146,0.5410454,0.35984278,0.46030322,0.61053777,0.34747055,0.48109218
-0.34744394,-0.39497316,-0.059274517,-0.017976385,0.5869491,0.7195614,-0.1744798,-0.08376344,0.7155216,0.7654686,0.009872102,0.25762653,0.1395978,0.17588508,0.6040267,0.7162313,0.20296666,0.018457144,-0.0961346,-0.11439503,0.4042884,0.2792872,0.052824717,0.12715168,0.56210506,0.6800891,1.0,0.78259456,-0.13359712,-0.018762695,0.30518347,0.22491261,0.028479602,-0.0013713347,-0.024628902,0.103360064,0.36106333,0.2455272,0.56749284,0.5808138,-0.108776316,-0.038175136,-0.2392973,-0.04925612,-0.4200403,-0.29996908,-0.048141308,-0.1008419,-0.3601189,-0.48305738,-0.4625867,-0.50186205,-0.18483381,-0.36137053,0.5898292,0.5490116,-0.33029133,-0.4462534,-0.53258854,-0.34202114,-0.44635978,-0.51862735,-0.4316768,-0.4258443,-0.44817162,-0.45642176,-0.23800218,-0.15020701,-0.3451623,-0.33771664,0.042583127,-0.33876625,0.20195882,0.47013572,0.46839896,0.48963284,0.47640654,0.2696213,-0.18354575,-0.044339787,-0.13725977,-0.19515479,0.63926506,0.48146513,0.111438766,0.073647,0.54624075,0.5132264,0.60929793,0.441961,0.3651231,0.0073406193,0.4505556,0.36492115,0.06301348,-0.055339243,0.26699352,0.1559119,0.15006988,0.16960998,0.3199826,0.2738177,0.25896817,0.26426965,0.34706247,0.43791026,0.3594476,0.25530297,0.021464663,0.25258374,0.26138633,0.12244798,0.2761027,0.5344489,0.03969686,0.21045691
-0.44164443,-0.45336804,-0.1460889,-0.10911832,0.53726614,0.6755409,-0.22424006,-0.14288898,0.6734401,0.75474954,-0.008968436,0.27532122,0.065997556,0.18529387,0.5874837,0.7176278,0.2290172,-0.0043402985,-0.20893323,-0.23275767,0.42975837,0.17441055,-0.0035588096,0.09041073,0.58022296,0.6328334,0.78259456,1.0,-0.17802782,-0.003283673,0.3552512,0.2162901,-0.03537004,-0.05142012,-0.07554081,0.119468614,0.3119724,0.21125194,0.5519341,0.53240186,-0.15953332,-0.14820595,-0.25129893,-0.038539723,-0.47328338,-0.34886444,-0.067624256,-0.14635335,-0.4363667,-0.5136802,-0.5357196,-0.5598794,-0.22620167,-0.39916018,0.63423115,0.5370199,-0.41149285,-0.5139725,-0.57995,-0.38245854,-0.5191744,-0.5927634,-0.46969196,-0.49590704,-0.45112714,-0.51896197,-0.32688928,-0.21192843,-0.4301794,-0.43910846,0.16246767,-0.26438928,0.2487059,0.4746107,0.5306259,0.53197825,0.55126595,0.3226817,-0.20909101,-0.13205658,-0.17694998,-0.22145525,0.60471374,0.4161344,0.07276636,0.013502313,0.5516762,0.47092432,0.6359826,0.40385473,0.3366959,-0.03647293,0.41727582,0.35745233,0.029823052,-0.17461449,0.25331807,0.1267654,0.14971259,0.13238174,0.2881157,0.21826693,0.15689296,0.17957292,0.36957663,0.41355994,0.38493747,0.345351,-0.102869116,0.17290522,0.21792541,0.12186048,0.25319704,0.4960934,-0.0021503347,0.24878383
0.5842019,0.71185535,0.5196048,0.53840584,0.098567344,0.1402913,0.656182,0.55440104,0.19674526,-0.054429132,0.67302465,0.5321534,0.5936686,0.58333933,0.33221424,0.14381205,0.6442221,0.7343694,0.59488535,0.6898172,0.27510804,0.17892924,0.50165844,0.48941988,-0.021611668,0.08623091,-0.13359712,-0.17802782,1.0,0.81460863,0.4907899,0.45352963,0.719618,0.7581073,0.66989374,0.6108116,0.5105137,0.54262084,0.05185873,0.15866283,0.69596326,0.70067346,0.731403,0.6408041,0.61130905,0.6332934,0.67418516,0.6499132,0.6317785,0.63313144,0.5762732,0.64464706,0.44714984,0.6349786,0.047521353,0.1911379,0.58776814,0.71857715,0.47496924,0.26990288,0.56311274,0.60715234,0.49099064,0.731091,0.6256062,0.6633437,0.7499649,0.68926835,0.74116373,0.6453073,0.12202216,0.52802795,0.48865595,0.22023143,0.19579247,0.1444802,0.0839215,0.19547714,0.6629818,0.6256615,0.7298433,0.86055136,0.30114424,0.5270417,0.68053156,0.7085043,0.25265035,0.26248926,0.27729836,0.3696378,0.42434323,0.6670277,0.2166293,0.101977445,0.5341344,0.6543701,0.3464382,0.53080595,0.63673776,0.620193,0.31167623,0.26297447,0.42024323,0.489546,0.38863423,0.22068022,0.30192733,0.37172568,0.44816166,0.40843725,0.4127306,0.62936664,0.48072433,0.025526647,0.49416217,0.12720883
0.5011634,0.57592547,0.4795068,0.52731377,0.15909971,0.25868332,0.599294,0.54811645,0.28040543,0.101608925,0.63597846,0.595261,0.5615476,0.65793335,0.43173084,0.3155312,0.7574199,0.83669174,0.49565867,0.60400474,0.35833758,0.25941038,0.4886965,0.51167566,0.15141001,0.26637256,-0.018762695,-0.003283673,0.81460863,1.0,0.60981256,0.5173397,0.7357448,0.7559296,0.71547794,0.687342,0.52928805,0.6982106,0.1865172,0.35590416,0.61169136,0.6469924,0.7466446,0.72518486,0.56391263,0.64533985,0.7967993,0.75205123,0.6136705,0.55843085,0.504653,0.5291406,0.4651521,0.6217622,0.3216717,0.45001653,0.57440215,0.5770715,0.37176666,0.18393764,0.48508018,0.46671593,0.46996316,0.60323346,0.5110564,0.56311804,0.7015779,0.74134374,0.6308451,0.5770779,0.3432538,0.51007986,0.5038078,0.37033287,0.32188344,0.30035704,0.2735011,0.36770457,0.6437994,0.6467758,0.73437655,0.83114564,0.43751395,0.62381357,0.73539615,0.69883674,0.39428493,0.48218048,0.44584462,0.5199561,0.5954869,0.72693616,0.33272958,0.17899773,0.6693177,0.682274,0.5431497,0.7077899,0.80446494,0.7670523,0.42570955,0.2765427,0.46770665,0.5596194,0.45003825,0.2797571,0.42403203,0.44759873,0.44229308,0.486613,0.5261288,0.7277528,0.567747,0.16314591,0.52852935,0.2964351
0.32049832,0.21366122,0.5086727,0.4628865,0.37875226,0.52246636,0.58512247,0.33960018,0.6047545,0.37534297,0.60631627,0.62375456,0.6247717,0.50878686,0.5525328,0.50180864,0.69317406,0.6154087,0.44201466,0.43441117,0.5890417,0.14564234,0.7141508,0.4794606,0.48915413,0.47858897,0.30518347,0.3552512,0.4907899,0.60981256,1.0,0.52486557,0.6175135,0.5074415,0.5803064,0.6431083,0.64168715,0.64198744,0.4109595,0.49052826,0.37374154,0.43108207,0.48901784,0.6188451,0.1835095,0.37348694,0.60158956,0.48978493,0.28724363,0.16287646,0.24490009,0.15138687,0.47323704,0.20802726,0.5118714,0.46889782,0.29130524,0.079501115,0.01851805,-0.18083473,0.15864962,0.0038053088,0.2083955,0.1795896,0.19143945,0.16963747,0.42504323,0.52207357,0.22938456,0.24453372,0.47672895,0.1732704,0.3791216,0.455656,0.51808876,0.41383773,0.4586894,0.41300198,0.5039906,0.53788227,0.5625229,0.38055393,0.61343795,0.6194637,0.7214274,0.4506698,0.5633887,0.5216195,0.6063546,0.5175554,0.58510506,0.39632052,0.37433192,0.17802303,0.6488302,0.48884615,0.51720244,0.5480335,0.64425415,0.5416362,0.4831895,0.2728469,0.5592658,0.57636434,0.41810787,0.41547614,0.5335433,0.42408955,0.32509968,0.5851082,0.69917387,0.54665905,0.49184012,0.3402082,0.48239884,0.24440394
0.009610735,0.2704108,0.5726889,0.61395705,0.6127568,0.3123178,0.29966086,0.6263215,0.50735986,0.41351345,0.2643367,0.65205777,0.29398298,0.7689481,0.64041775,0.543739,0.6009786,0.47887793,0.18013172,0.48134142,0.6295112,0.47640505,0.40094772,0.81540954,0.14865048,0.5734235,0.22491261,0.2162901,0.45352963,0.5173397,0.52486557,1.0,0.44144133,0.61429787,0.5199143,0.67145824,0.71833587,0.59908104,0.6407878,0.61654776,0.4556757,0.41116884,0.3480743,0.53359,0.08189632,0.25147644,0.41527316,0.320293,0.10916079,0.09185523,0.0048295027,0.14841495,0.20600742,0.266088,0.57475704,0.5710176,-0.067616455,0.14827743,-0.25823542,-0.2589462,-0.13558124,-0.049963035,-0.2017608,0.13096257,-0.045787472,-0.0030516968,0.30958453,0.3872265,0.14486283,0.052038845,0.19439857,0.2751384,0.7213622,0.5914034,0.59674954,0.69576657,0.58294946,0.55180115,0.20506439,0.26981312,0.17985396,0.47926626,0.6442495,0.6014321,0.34520766,0.724435,0.4732453,0.42376962,0.5435961,0.7382148,0.5911424,0.51569366,0.60568804,0.5861625,0.42779893,0.36314732,0.5655591,0.41009167,0.5555745,0.46082112,0.43217754,0.5859688,0.53411067,0.6143306,0.6975001,0.6345305,0.6048736,0.614091,0.46262076,0.66825867,0.5912805,0.43492466,0.3962012,0.37081784,0.48924664,0.44442365
