1.0,0.8242803,0.74194425,0.66816276,0.11577873,0.23275603,0.6958703,0.8006932,0.10100152,0.46527568,0.8238536,0.86235034,0.8104031,0.87778145,0.6217841,0.6221655,0.7956513,0.5353531,0.8492637,0.8728363,0.32220447,0.3581371,0.6353771,0.44359887,-0.099700265,0.15402685,0.10634606,-0.020737225,0.5955907,0.540163,0.28251562,0.47821805,0.67853904,0.6429426,0.7655328,0.8121831,0.68761665,0.7778304,0.7153438,0.73192835,-0.042803805,0.22996593,0.48917794,0.6141244,0.0896898,0.12164464,0.7031732,0.5820975,0.041286528,0.14605635,0.13375744,-0.11120318,-0.14855348,-0.12042156,0.6603595,0.6307308,0.7006734,0.78021103,0.027140686,0.16174935,0.40293476,0.49481535,0.5119523,0.3220565,0.1835089,0.3031877,0.6693907,0.65330404,0.7447053,0.6965827,0.67832166,0.7526686,0.72256076,0.6426764,0.4433389,0.4812672,0.78643924,0.7197826,0.4229469,0.22784597,0.46108124,0.49005905,0.40867123,0.115355104,0.21105489,0.4455804,-0.11060375,-0.060959492,0.42835906,0.46919364,0.10641389,0.023638979,0.20140514,0.18791042,0.48521182,0.55829144,0.7808391,0.7586592,0.23931548,0.23291332,0.1631829,0.09698945,0.029101402,0.2546431,0.5439851,0.37534812,0.44826096,0.6290438,0.5305098,0.68732464,0.7314826,0.07709174,-0.1813988,0.26537192,0.35347557,0.6019316
0.8242803,1.0,0.71300685,0.7010878,0.047531962,0.34509096,0.53035414,0.8415015,0.0060248272,0.5754935,0.8086525,0.709705,0.81494975,0.81219417,0.6213192,0.73860997,0.64078325,0.4676335,0.84850526,0.80872595,0.1997907,0.23662494,0.58710414,0.38347992,-0.09715589,0.14270717,-0.013870367,-0.086131975,0.4036652,0.5955933,0.29625866,0.41715005,0.5928972,0.50235176,0.68041724,0.67907685,0.7092348,0.6566682,0.7400925,0.6296142,-0.12484836,0.3330702,0.40694752,0.46824512,-0.008040238,-0.03547989,0.59903574,0.40345764,-0.05454453,0.07466096,0.05913303,-0.24671888,-0.16931494,-0.23098324,0.6689714,0.5170222,0.64418226,0.83473355,-0.09268121,0.06767163,0.30524832,0.37917402,0.5383528,0.13457112,0.14656514,0.17126977,0.5201942,0.51428705,0.69690603,0.5656864,0.7259713,0.70342153,0.6535574,0.64103913,0.22807613,0.511612,0.70742416,0.6609813,0.27771035,0.12909685,0.48027295,0.38482073,0.5004252,0.09455316,0.32375,0.29632425,0.028390197,-0.079938285,0.49192223,0.19810031,0.12555736,-0.18767501,0.24746509,-0.015207317,0.4861491,0.4010625,0.70749265,0.7244028,0.2456243,0.036773913,0.1185316,0.057339754,0.0025894025,0.21676143,0.46560615,0.53181016,0.53608805,0.71113586,0.53551656,0.6467636,0.55757624,-0.111995034,-0.18635792,0.076552495,0.107884705,0.4923823
0.74194425,0.71300685,1.0,0.7848916,0.14714861,0.1702838,0.68557745,0.73788047,0.11932947,0.3883586,0.6652254,0.62562793,0.71662337,0.67685896,0.5286161,0.5280911,0.6166744,0.4881373,0.7518088,0.7553959,0.20318753,0.2760414,0.68688506,0.48249167,-0.0071969233,0.15019764,0.06269709,0.05475169,0.6158258,0.50844204,0.40237838,0.5114992,0.64741427,0.6066839,0.5518461,0.64797956,0.5893599,0.72104,0.6607856,0.65597653,-0.12239409,0.20550162,0.523049,0.56035745,0.11218896,0.062732756,0.62424034,0.5794191,0.049744677,0.14787787,0.11975229,-0.047642857,-0.0988079,0.06312576,0.6361556,0.72044843,0.6498563,0.6395453,-0.004147414,0.15765345,0.3690409,0.3693369,0.49687827,0.23883635,0.12565897,0.27571625,0.5655826,0.5656595,0.62642133,0.6183245,0.5382555,0.6337672,0.72065806,0.6154646,0.44690025,0.54675,0.72665,0.69443744,0.60380954,0.3310845,0.55130094,0.46087384,0.4543452,0.1641155,0.16732688,0.3629175,-0.1518458,-0.0931878,0.4759866,0.49155873,0.14937383,0.15254457,0.20914032,0.3024046,0.4576998,0.61695427,0.7235928,0.7744156,0.3337331,0.37980717,0.047209296,0.041426554,-0.04957966,0.24715918,0.42238918,0.40312213,0.21463372,0.6339827,0.58585376,0.61655974,0.70296323,0.15078926,-0.095555186,0.34851608,0.39257056,0.5881223
0.66816276,0.7010878,0.7848916,1.0,0.29407662,0.26652744,0.6325805,0.8153203,0.3066125,0.58599854,0.48974776,0.54115874,0.6645566,0.6334568,0.6372358,0.59881043,0.45626143,0.44163063,0.6534267,0.6896365,0.2722979,0.30268115,0.6969521,0.6638829,0.2496788,0.3439017,-0.06639557,0.04074918,0.584133,0.7230556,0.6339033,0.67418253,0.40955836,0.52021664,0.42531168,0.4896422,0.44976684,0.51781446,0.5370867,0.52779365,-0.15364604,0.1740971,0.3246885,0.36138234,-0.14065966,-0.13603002,0.40347317,0.4120231,-0.19372973,-0.040297277,-0.17647514,-0.23419844,-0.25713328,0.0039381166,0.4693204,0.5796221,0.4016512,0.5839912,-0.31322366,-0.123092435,0.042429656,0.25580934,0.23246898,0.18127032,-0.18435001,0.040084388,0.27069986,0.30073923,0.47293937,0.4125142,0.5321727,0.74003625,0.7091658,0.7414688,0.35513422,0.6514151,0.66675717,0.6256618,0.5016398,0.2635531,0.4023032,0.51947904,0.60152984,0.46663117,-0.055665504,0.19166632,-0.341793,-0.018052995,0.37454024,0.3923401,-0.0074168127,0.06768245,0.42239568,0.27487093,0.35488158,0.5321857,0.6302768,0.65183103,0.16048019,0.21557894,0.18091866,0.1571804,-0.11525019,0.30577925,0.27848813,0.34094667,0.18988657,0.50663745,0.5555992,0.5235583,0.549116,-0.013724523,-0.0615125,0.19180198,0.24728914,0.46378624
0.11577873,0.047531962,0.14714861,0.29407662,1.0,0.16947557,0.35280377,0.21436186,0.50824606,0.450896,-0.06558666,0.050446954,0.31576696,0.13116345,0.29452378,0.20945825,0.07089399,0.019822307,-0.024794484,0.073728174,0.19905895,0.36876237,0.31561473,0.47875845,0.46432298,0.47177187,0.11703421,0.21727909,0.38528758,0.49340567,0.4951646,0.53851736,-0.113466375,0.098228455,-0.048185974,0.058004938,0.1313301,0.04471061,0.02259864,0.2086498,-0.18784332,0.077959664,-0.2959659,-0.1607113,-0.5302248,-0.4771437,-0.13674612,0.0061366903,-0.53145194,-0.47630358,-0.49702647,-0.5011148,-0.31151867,0.07548537,0.0034785017,0.25042602,-0.04568948,0.05975724,-0.51294243,-0.4903373,-0.1945064,0.024787629,-0.20998949,0.04197323,-0.4585822,-0.410874,-0.2202646,-0.1907732,-0.12757243,-0.006777964,0.29921055,0.41969898,0.4629048,0.42093655,0.2535209,0.33757782,0.30009153,0.1379543,0.25203514,0.221569,0.13303126,0.31601432,0.44448736,0.4216443,-0.28502756,-0.18153453,-0.41980675,-0.04354596,0.00058835617,0.15970163,-0.27571315,0.00075929315,-0.013663235,0.17809212,0.032332767,0.14023957,0.16196327,0.24079329,-0.17716788,-0.04637543,0.20658505,0.25192675,-0.28780717,0.37194946,0.06462114,0.033212643,0.0037997488,0.019915802,0.04620235,0.15646008,0.19186944,-0.10059398,-0.18109432,-0.1075675,0.15140745,0.036627125
0.23275603,0.34509096,0.1702838,0.26652744,0.16947557,1.0,0.057945527,0.35135823,0.030743716,0.52710706,0.24276912,0.14906693,0.37217996,0.25077882,0.37881193,0.4519778,0.07116586,0.031112673,0.2530365,0.19831449,0.28496256,0.089635625,0.17436825,0.17641129,0.089762464,0.28356662,-0.088291615,-0.082531184,0.11514068,0.34771097,0.35181355,0.228261,-0.04544757,-0.012014117,0.12544274,0.12064688,0.24216104,0.06454095,0.09173345,0.072595604,-0.176687,0.18807791,-0.107220665,0.0009741571,-0.30911303,-0.20118782,-0.00039681143,-0.10883302,-0.28529537,-0.16237018,-0.16174676,-0.40880474,-0.15699027,-0.26445442,-0.012112298,-0.09436965,0.10134246,0.24793537,-0.33932742,-0.32185513,-0.07481427,-0.105603255,0.1231718,-0.16255537,-0.17542608,-0.28888956,-0.134015,-0.10198035,0.02044482,-0.04805522,0.32346296,0.3390963,0.29011044,0.3446095,-0.025103815,0.30919048,0.12853399,0.0007938983,-0.018333742,-0.13320121,0.28320637,-0.00387734,0.45167577,0.21376929,0.11379862,-0.21710026,-0.04078339,-0.15704364,-0.014657085,-0.23807694,-0.09197418,-0.19373573,0.17182548,0.00033405842,0.051040474,-0.039957438,0.056723423,0.08025106,-0.13345754,-0.2680351,0.16477892,0.23433174,-0.16441973,0.0044689514,-0.07461192,0.11518538,0.17971641,0.14444771,0.15371567,0.023207698,-0.01621661,-0.3608854,-0.26755527,-0.13469185,-0.23489448,-0.060041532
0.6958703,0.53035414,0.68557745,0.6325805,0.35280377,0.057945527,1.0,0.6694869,0.46684927,0.34389582,0.46142954,0.7143656,0.6318171,0.7367121,0.49270338,0.39475247,0.7029023,0.6517799,0.5432627,0.7401268,0.21478252,0.3556198,0.7010911,0.72205245,0.22047819,0.20655508,0.118630156,0.088231266,0.71315074,0.60864085,0.3265305,0.6688138,0.56349546,0.78265667,0.48251098,0.6833149,0.47562695,0.7049065,0.5433859,0.7422421,0.07158518,0.21789412,0.29579777,0.45946082,-0.035532683,-0.06572068,0.5319215,0.6899699,-0.21111375,-0.030621964,-0.15483333,-0.03855063,-0.34847122,0.0420734,0.5653675,0.87330383,0.4657109,0.64051175,-0.0015228586,0.13288076,0.31443694,0.6495018,0.216206,0.6146813,0.061110243,0.2448411,0.517278,0.5631011,0.6380056,0.7321051,0.48396075,0.7132638,0.7714534,0.68029916,0.5889682,0.40234873,0.78964376,0.6160596,0.6334971,0.56509805,0.21867056,0.79368526,0.2893875,0.37170786,-0.2399498,0.48761016,-0.26558438,0.019401465,0.3031146,0.7288613,-0.06470694,0.38398463,0.07350318,0.30190814,0.5051238,0.7278958,0.79304373,0.78697324,0.24613246,0.54145116,0.14527416,0.2020908,0.0029563433,0.53738993,0.54933465,0.29257718,0.19622226,0.5056423,0.468026,0.73453766,0.7628468,0.36402008,0.009717754,0.47739717,0.6126179,0.6851388
0.8006932,0.8415015,0.73788047,0.8153203,0.21436186,0.35135823,0.6694869,1.0,0.19629414,0.583376,0.6688464,0.71452713,0.7775936,0.8110453,0.7020946,0.73523265,0.62974554,0.5923734,0.77246433,0.8007823,0.22647436,0.23117429,0.70761174,0.6084489,0.1224731,0.2994535,-0.05451295,-0.04483544,0.54642594,0.69667923,0.44765157,0.60470814,0.54419124,0.6436992,0.6721267,0.6719597,0.60019535,0.6465639,0.6643612,0.64903176,-0.11121189,0.24033345,0.39651832,0.48619145,-0.080602586,-0.05740399,0.5545419,0.49799,-0.14106692,0.0050203796,-0.0706255,-0.22444427,-0.24988201,-0.10480846,0.6003915,0.62317646,0.50182456,0.8063558,-0.17044659,-0.0050000446,0.21744478,0.46103188,0.36804757,0.32250005,0.009731894,0.12025337,0.42872536,0.47750682,0.64427876,0.5500571,0.68535113,0.7973917,0.7308426,0.7606012,0.35884622,0.6188636,0.74943954,0.68047726,0.39389816,0.25693327,0.41858214,0.52646345,0.56268775,0.34119758,0.08060104,0.30434257,-0.18998738,0.019950422,0.46859902,0.37549123,0.03721391,-0.0011319539,0.35386565,0.17573084,0.4378194,0.5472734,0.7536847,0.724365,0.26681113,0.2157053,0.25321546,0.2145377,0.030214569,0.33183923,0.43073952,0.3766438,0.3619872,0.6370553,0.5893226,0.6358998,0.6009846,0.02414727,-0.07428955,0.23052026,0.27325797,0.5419312
0.10100152,0.0060248272,0.11932947,0.3066125,0.50824606,0.030743716,0.46684927,0.19629414,1.0,0.24182187,-0.24858035,0.11122533,0.09557878,0.14525492,0.3544113,0.14559832,0.07051627,0.25594592,-0.065086335,0.15880483,0.09248939,0.24201907,0.30394956,0.60389084,0.614958,0.3292988,0.023392858,0.16452453,0.47110963,0.45513347,0.36342826,0.561199,-0.068039656,0.29101402,-0.08834941,0.11827395,-0.09924714,0.058653347,-0.076021224,0.17060438,0.010335364,0.03622356,-0.12825021,0.032425284,-0.2910697,-0.2463912,-0.10721846,0.16360597,-0.4333336,-0.26397407,-0.46302974,-0.13155174,-0.4496901,0.13141571,-0.11389719,0.38446152,-0.21513978,0.108176745,-0.38028005,-0.2852168,-0.25001174,0.20473439,-0.36873433,0.3151291,-0.35965556,-0.1791898,-0.12793165,-0.060549267,-0.00042694662,0.07559858,0.06284671,0.3663043,0.37999812,0.45172387,0.37686297,0.21801291,0.31083313,0.089999594,0.37411568,0.41088066,-0.16584739,0.5085236,0.26787785,0.6761682,-0.61120844,0.044368815,-0.5071995,0.13099909,-0.07613439,0.37733033,-0.31458497,0.3945022,0.19779012,0.38394806,0.058823198,0.37308842,0.24214837,0.20042329,-0.13485172,0.2701613,0.39616206,0.32293323,-0.16235374,0.54344153,0.056055486,-0.13295555,-0.25397757,0.003446109,0.093333006,0.20531401,0.24117269,0.15168461,0.23109503,0.17717753,0.34616727,0.16339834
0.46527568,0.5754935,0.3883586,0.58599854,0.450896,0.52710706,0.34389582,0.583376,0.24182187,1.0,0.3673916,0.30255827,0.6041978,0.48189986,0.57054925,0.62148017,0.2723151,0.1706081,0.39656788,0.4340661,0.41555834,0.40200058,0.41619754,0.47619438,0.27122536,0.41615504,0.04027819,0.015640918,0.31286818,0.6833553,0.54714936,0.4721053,0.101215474,0.20872708,0.26510805,0.28151587,0.4752075,0.23791593,0.38496453,0.3618754,-0.2233844,0.19250381,-0.06870617,0.040463787,-0.40162352,-0.3844166,0.12534553,0.0381787,-0.4380525,-0.2869775,-0.3765444,-0.5239607,-0.30419657,-0.20798536,0.3010865,0.24737775,0.18738745,0.46043694,-0.49067572,-0.37866923,-0.108960874,0.06664179,0.1060704,-0.031219527,-0.2841588,-0.2755684,-0.036561865,0.014616082,0.19407544,0.13052309,0.5550752,0.6257343,0.5853404,0.6663736,0.14249028,0.5378964,0.4546689,0.372932,0.20794423,0.053635623,0.34134254,0.32799408,0.6642031,0.38459358,0.027926872,-0.101985954,-0.2598981,-0.123066835,0.2138548,0.07114553,-0.18162368,-0.19902293,0.26994005,0.09760788,0.17267315,0.20504016,0.38429043,0.39820325,-0.049375724,-0.14617671,0.25049692,0.16909465,-0.20959635,0.20357107,0.1472123,0.2583895,0.32569283,0.35393885,0.27561736,0.31001383,0.24614115,-0.25639,-0.18893854,-0.1326865,-0.071163446,0.22494464
0.8238536,0.8086525,0.6652254,0.48974776,-0.06558666,0.24276912,0.46142954,0.6688464,-0.24858035,0.3673916,1.0,0.7455732,0.8079161,0.7811723,0.41913217,0.568818,0.7250677,0.33834627,0.82092005,0.74567574,0.2727311,0.20677125,0.44434032,0.119833626,-0.38902318,-0.0137161175,0.12248682,-0.07765287,0.32610908,0.32695553,0.078788534,0.19555892,0.64979297,0.44080922,0.71348995,0.7184978,0.7606347,0.73182803,0.74254656,0.6190154,-0.07152917,0.29160792,0.48945546,0.5396552,0.15333919,0.1471169,0.71631265,0.4309904,0.18894033,0.1616954,0.28989992,-0.10014227,0.024090156,-0.13028906,0.66490304,0.4473425,0.7795467,0.67523354,0.15456362,0.22070146,0.48738468,0.34644377,0.7350219,0.07326219,0.33778992,0.31046346,0.6503583,0.6125508,0.70184004,0.61449814,0.675968,0.56372774,0.54692614,0.42012736,0.15377167,0.4083509,0.6172414,0.62677234,0.24421512,0.03909908,0.572266,0.21646892,0.31920645,-0.23643622,0.48626995,0.35419205,0.13714433,-0.12583876,0.48460403,0.22401486,0.24152614,-0.22233331,0.032582305,-0.033019315,0.46866232,0.37265775,0.61984605,0.66320026,0.26474285,0.02252385,-0.04009506,-0.12811996,0.08710967,0.04438576,0.49087745,0.5160421,0.5817881,0.6503808,0.49041563,0.613022,0.5600326,-0.049335983,-0.267439,0.16276047,0.17141898,0.47618037
0.86235034,0.709705,0.62562793,0.54115874,0.050446954,0.14906693,0.7143656,0.71452713,0.11122533,0.30255827,0.7455732,1.0,0.682234,0.8898982,0.5732655,0.5547686,0.85732645,0.6610376,0.7409624,0.8535503,0.22835013,0.23465703,0.58389544,0.43499547,-0.12570119,0.09132323,0.080570355,-0.020266734,0.6159732,0.4957838,0.12228531,0.42465815,0.70106614,0.7105672,0.71618915,0.79271364,0.5902882,0.76257354,0.6520688,0.714427,0.06477349,0.21419148,0.5352834,0.6476372,0.2252714,0.25727594,0.7181025,0.6396628,0.07961557,0.24365963,0.17371678,0.06471087,-0.116836816,-0.044859644,0.6056452,0.6534198,0.62130123,0.7588866,0.19588038,0.3100236,0.43782374,0.6118373,0.4519801,0.49327052,0.26101217,0.45933703,0.70933634,0.7219325,0.7794209,0.7527522,0.53967905,0.64679104,0.6505791,0.5548546,0.49586427,0.35943517,0.72320014,0.689465,0.42858538,0.36371383,0.31947848,0.5808717,0.24761519,0.14415808,0.121425524,0.6182528,-0.029896488,-0.0069702067,0.35362357,0.5594843,0.09374526,0.16260853,0.07225704,0.1700942,0.46669134,0.59563994,0.74627376,0.72906196,0.2766878,0.3479434,0.1178753,0.122193374,0.11151474,0.31878337,0.5592632,0.35171467,0.3742504,0.5936657,0.4457918,0.6784279,0.72211677,0.20921151,-0.10775335,0.3695553,0.47807282,0.6429828
0.8104031,0.81494975,0.71662337,0.6645566,0.31576696,0.37217996,0.6318171,0.7775936,0.09557878,0.6041978,0.8079161,0.682234,1.0,0.7875375,0.6335134,0.6901577,0.6834086,0.35480675,0.773667,0.7418724,0.33746243,0.3792501,0.5962793,0.39269266,-0.041059006,0.25159055,0.05897202,0.07373361,0.5002912,0.59831643,0.39708862,0.5066135,0.5162023,0.46226773,0.62143797,0.6950532,0.7628831,0.6777908,0.6835084,0.6946823,-0.1449601,0.3407049,0.25978094,0.3837935,-0.19987974,-0.18339708,0.53855604,0.3874561,-0.15126896,-0.15783298,-0.052631516,-0.40437832,-0.19984989,-0.12766294,0.6114397,0.55846417,0.70075864,0.700069,-0.18459937,-0.09528468,0.34102857,0.3138046,0.5808438,0.09637246,0.06062151,0.011912615,0.43870875,0.41925013,0.59737563,0.54686826,0.83820206,0.79191613,0.7686512,0.6686451,0.22981384,0.56545883,0.7579653,0.6237763,0.40410873,0.14086847,0.63999844,0.36721873,0.5980147,0.06675432,0.28957438,0.14565916,-0.13156505,-0.14380072,0.42697802,0.26608098,0.06581962,-0.19327323,0.13046739,0.038578182,0.4611308,0.4177169,0.67611414,0.72715074,0.13943772,0.025123432,0.10603316,0.015089918,-0.06269815,0.23073332,0.48824564,0.5011007,0.5095114,0.6178853,0.5601032,0.6636318,0.5961912,-0.13801202,-0.28217167,0.09106131,0.19120981,0.47102925
0.87778145,0.81219417,0.67685896,0.6334568,0.13116345,0.25077882,0.7367121,0.8110453,0.14525492,0.48189986,0.7811723,0.8898982,0.7875375,1.0,0.64312553,0.6813434,0.8028961,0.6281964,0.77814335,0.88272595,0.26487228,0.25811407,0.6365435,0.52255416,-0.023316722,0.13481033,0.034770872,-0.011375224,0.6058025,0.60142326,0.20791654,0.49006057,0.6377226,0.6808474,0.7180852,0.8108319,0.6918723,0.76071334,0.7289851,0.75566244,-0.0047378694,0.2778547,0.4570548,0.59376204,0.07421744,0.08715309,0.69873774,0.5932011,-0.027277384,0.15175065,0.047704607,-0.068626076,-0.21492538,-0.10385422,0.6299041,0.6854762,0.59481496,0.79800546,0.045906898,0.20026429,0.32201093,0.5764025,0.4347479,0.42371184,0.17606266,0.35081124,0.6336418,0.65799963,0.7633939,0.7171408,0.6718583,0.74425423,0.73302054,0.66865456,0.436369,0.43845338,0.7774227,0.71320975,0.4095312,0.31503695,0.34992784,0.59888566,0.38748878,0.1985721,0.103833996,0.520108,-0.087547116,0.008408189,0.43514255,0.50441396,0.05306426,0.061297562,0.13445283,0.13673505,0.5217517,0.6154865,0.7898004,0.777088,0.22635613,0.23644768,0.15971702,0.09864461,0.064230435,0.328439,0.56432766,0.4454623,0.45233056,0.7058164,0.5105957,0.71883106,0.70040256,0.12973693,-0.13084638,0.32692975,0.39118212,0.6355217
0.6217841,0.6213192,0.5286161,0.6372358,0.29452378,0.37881193,0.49270338,0.7020946,0.3544113,0.57054925,0.41913217,0.5732655,0.6335134,0.64312553,1.0,0.8043878,0.45665857,0.46559957,0.5723464,0.61638224,0.25456485,0.3049264,0.5763832,0.5040986,0.26158604,0.40453285,-0.03320058,0.12195883,0.6207855,0.63693243,0.44660568,0.5862971,0.3315259,0.40436247,0.47398192,0.5289707,0.5023205,0.40929776,0.46874878,0.6076477,-0.1487536,0.13271055,0.18609011,0.32900828,-0.19832136,-0.065453894,0.3082736,0.22022937,-0.20011735,-0.08032554,-0.15581402,-0.2735792,-0.3487984,-0.020337742,0.2752828,0.45823473,0.30586755,0.6115848,-0.28208202,-0.17134064,0.106782064,0.23611325,0.16672425,0.20812353,-0.09341846,0.022990601,0.26426306,0.24123773,0.40122122,0.28769097,0.60754216,0.69186854,0.657522,0.70211864,0.41374013,0.49971038,0.6021641,0.4662861,0.41195306,0.074926466,0.3970095,0.3964826,0.709996,0.5098901,0.09904546,0.074257314,-0.37050882,0.032672085,0.25277153,0.26899895,0.022464072,0.08868057,0.35948804,0.25121433,0.25074932,0.38886872,0.5626969,0.55971587,0.017480094,0.16542651,0.3157574,0.31215417,-0.055305116,0.32994524,0.34900498,0.17927776,0.22112808,0.50194556,0.48539457,0.40519235,0.46532035,-0.23239183,-0.13606162,0.05509264,0.22656426,0.31294996
0.6221655,0.73860997,0.5280911,0.59881043,0.20945825,0.4519778,0.39475247,0.73523265,0.14559832,0.62148017,0.568818,0.5547686,0.6901577,0.6813434,0.8043878,1.0,0.44524083,0.4426366,0.6397539,0.6469583,0.14639936,0.22150014,0.4574827,0.35677478,0.070942,0.30387542,-0.05930035,0.016158722,0.39492583,0.60271734,0.2946993,0.39284924,0.34948704,0.33907253,0.51113904,0.5146726,0.62277454,0.41885155,0.6096801,0.57901293,-0.089809865,0.3050112,0.24585347,0.33427015,-0.14156581,-0.067869075,0.37093836,0.1600732,-0.13289076,-0.025680963,-0.07640721,-0.31566736,-0.22844253,-0.16931705,0.3977903,0.38724753,0.33296126,0.6667322,-0.20557359,-0.102787465,0.050500717,0.2819323,0.2817097,0.10969737,-0.011159139,0.06230004,0.26448673,0.27932274,0.49895135,0.30310157,0.6911223,0.6186362,0.58703315,0.6263072,0.22951733,0.46876842,0.5420565,0.47572067,0.22030845,-0.011815476,0.39975807,0.33064067,0.6736266,0.3148893,0.24573857,0.08690659,-0.16722567,0.01046137,0.42462268,0.07545445,0.1141535,-0.12660886,0.35410383,0.037521344,0.35985503,0.3500667,0.5661003,0.556036,0.072645254,-0.015257464,0.26403183,0.11314362,0.008137567,0.2291336,0.27459478,0.36058044,0.41876385,0.63676655,0.4880787,0.43933642,0.37589228,-0.27048454,-0.16442047,0.016348884,0.080539174,0.2534887
0.7956513,0.64078325,0.6166744,0.45626143,0.07089399,0.07116586,0.7029023,0.62974554,0.07051627,0.2723151,0.7250677,0.85732645,0.6834086,0.8028961,0.45665857,0.44524083,1.0,0.5535567,0.69403154,0.7980166,0.29185164,0.26833045,0.55479765,0.3873112,-0.1586229,0.033212017,0.10704754,0.0015766108,0.5910282,0.43329802,0.07762355,0.36909944,0.6713443,0.6553393,0.6283529,0.7348164,0.6263199,0.76908463,0.66392523,0.70356065,0.10250654,0.17736758,0.49051726,0.55588037,0.19581182,0.2079644,0.68019825,0.5819977,0.10373924,0.1843237,0.15729718,0.09406488,-0.07365441,0.005744981,0.6099993,0.661467,0.6468937,0.6868469,0.19305386,0.30188614,0.47407776,0.55360126,0.52388704,0.41079774,0.24311014,0.4348314,0.6883993,0.70036143,0.74335235,0.7445629,0.5186865,0.6142979,0.60814625,0.48737544,0.4257617,0.28876165,0.685711,0.66737443,0.4367225,0.35689586,0.35554898,0.5696094,0.20848192,0.025553577,0.12322091,0.54935753,-0.0023246917,-0.01476775,0.40349066,0.5505298,0.08533268,0.10458723,0.06822523,0.14243422,0.4539279,0.60585713,0.7105192,0.72890484,0.23560408,0.3435092,0.048993427,0.031086508,0.045709435,0.26989463,0.5180476,0.40193874,0.34879002,0.57982665,0.46190017,0.68845683,0.70188224,0.24198155,-0.12272672,0.29010904,0.4476733,0.6397174
0.5353531,0.4676335,0.4881373,0.44163063,0.019822307,0.031112673,0.6517799,0.5923734,0.25594592,0.1706081,0.33834627,0.6610376,0.35480675,0.6281964,0.46559957,0.4426366,0.5535567,1.0,0.46224323,0.63033754,0.028371977,0.10879582,0.6034398,0.5836077,0.17141095,0.07817945,-0.01923754,0.043300465,0.49421772,0.5349893,0.18159027,0.49010321,0.5142218,0.79178774,0.54521716,0.5938383,0.25023848,0.50834066,0.418603,0.53416616,0.06968441,0.070002295,0.38787305,0.504546,0.2000256,0.1668345,0.47452882,0.6498414,-0.08521394,0.25017604,0.013734977,0.16465738,-0.20729657,0.073279664,0.52195853,0.65340734,0.24458247,0.7123071,0.18591397,0.3402686,0.28740555,0.77554125,0.106645636,0.7981115,0.17440104,0.39993164,0.49059626,0.6066724,0.56220365,0.6293887,0.31017065,0.50611514,0.4943411,0.5677701,0.5828606,0.38857827,0.5770723,0.5322902,0.3718405,0.49710402,0.05003023,0.71262383,0.13338089,0.41249996,-0.15719604,0.5626385,-0.19197276,0.11272207,0.26107144,0.58292836,-0.011740066,0.4015627,0.10647814,0.22302927,0.39676407,0.568722,0.6326557,0.6068165,0.5054034,0.572208,0.112305894,0.18920617,0.30439672,0.3955802,0.4498747,0.22209196,0.06418495,0.44082847,0.28871167,0.49821952,0.59873706,0.45653236,0.19933854,0.44400358,0.5329499,0.57174945
0.8492637,0.84850526,0.7518088,0.6534267,-0.024794484,0.2530365,0.5432627,0.77246433,-0.065086335,0.39656788,0.82092005,0.7409624,0.773667,0.77814335,0.5723464,0.6397539,0.69403154,0.46224323,1.0,0.86370844,0.20087314,0.1732783,0.581242,0.29864204,-0.22463205,0.0669397,0.0028613256,-0.034765337,0.44738305,0.43199077,0.21792561,0.32315588,0.6639078,0.51849,0.70367587,0.6971528,0.71027124,0.73036116,0.6912122,0.66548413,-0.07080239,0.27586892,0.5347993,0.5829212,0.16694082,0.18988307,0.69040036,0.4701147,0.10611686,0.17369132,0.22060366,-0.064597435,-0.012342621,-0.15694323,0.62066084,0.52913135,0.7193223,0.7419279,0.08168404,0.18791881,0.42074907,0.37975767,0.571455,0.18684158,0.23005053,0.30227616,0.6484402,0.5871662,0.77877504,0.62140334,0.66771644,0.65846574,0.5905398,0.5324035,0.30698073,0.4797169,0.65314764,0.6616851,0.3558184,0.12303716,0.4911887,0.32373792,0.3685959,-0.014245997,0.36266366,0.39139467,0.01668852,-0.064548805,0.40857095,0.265795,0.21218517,-0.058108892,0.21442842,0.070707515,0.479783,0.44075242,0.69299704,0.67862,0.25749272,0.13520324,0.07510859,0.021600856,0.10641711,0.16433029,0.4969792,0.3988199,0.4995002,0.65973353,0.5480598,0.6016459,0.6277329,-0.037879873,-0.09116288,0.2193229,0.20304143,0.48601538
0.8728363,0.80872595,0.7553959,0.6896365,0.073728174,0.19831449,0.7401268,0.8007823,0.15880483,0.4340661,0.74567574,0.8535503,0.7418724,0.88272595,0.61638224,0.6469583,0.7980166,0.63033754,0.86370844,1.0,0.21424828,0.22686519,0.65843266,0.508675,-0.055867765,0.1071798,0.03544264,-0.013306841,0.5976833,0.5438604,0.23209803,0.47096854,0.64701605,0.68637186,0.69545466,0.78214103,0.67448366,0.79717344,0.71446264,0.7449258,-0.016384782,0.3044766,0.5482013,0.64693266,0.1764419,0.1865169,0.7221077,0.6040301,0.0058165086,0.2111847,0.10283966,0.03410683,-0.14073826,-0.07347393,0.6383787,0.69762087,0.59864426,0.7793882,0.08820068,0.25109193,0.31165436,0.5562131,0.41436476,0.40826714,0.18092369,0.40843156,0.67824566,0.67775023,0.8364738,0.750612,0.60092604,0.71438235,0.70065165,0.65201867,0.49225304,0.45212534,0.7578495,0.7104642,0.45614445,0.31768265,0.32737622,0.59891754,0.3284571,0.19331047,0.087754995,0.5719194,-0.050130874,0.019095324,0.451252,0.5094712,0.10853511,0.13570555,0.21090665,0.17359874,0.5476735,0.6503726,0.801847,0.771293,0.24405307,0.30208418,0.13358968,0.07812241,0.04719249,0.34361267,0.54047644,0.37691495,0.4032512,0.6822952,0.54454696,0.70304817,0.732535,0.14415209,-0.06731515,0.36935514,0.41359708,0.63785845
0.32220447,0.1997907,0.20318753,0.2722979,0.19905895,0.28496256,0.21478252,0.22647436,0.09248939,0.41555834,0.2727311,0.22835013,0.33746243,0.26487228,0.25456485,0.14639936,0.29185164,0.028371977,0.20087314,0.21424828,1.0,0.31270036,0.2771716,0.2394875,0.066349864,0.19224964,0.18164167,0.10688439,0.27056664,0.29844537,0.35550618,0.32118982,0.047418457,0.13253437,0.16504847,0.19333902,0.27542514,0.2124259,0.23327707,0.22254427,-0.12212956,-0.06479963,-0.06883515,-0.012442791,-0.25596964,-0.19629878,0.09599429,0.009243772,-0.1943749,-0.24501318,-0.23602138,-0.3064459,-0.20842265,-0.0061590676,0.051950373,0.0731368,0.1567198,0.10041398,-0.31097016,-0.28103682,0.056388672,-0.058293264,0.055605598,-0.07446938,-0.27657616,-0.18489465,0.014118579,0.009351731,0.012538932,0.051366836,0.26227778,0.4248961,0.3393997,0.33415994,0.16019402,0.30096638,0.19361472,0.20741698,0.22673626,0.027507573,0.19253752,0.18925093,0.26691288,0.13610941,-0.050817132,-0.030291319,-0.32206622,-0.19677486,-0.026340459,0.16225359,-0.14571907,-0.1376711,-0.035314597,0.07131689,0.14587842,0.03453252,0.14653096,0.16503876,-0.21811028,-0.13926199,0.041404493,-0.07752793,-0.06854528,0.055248383,0.16220735,0.15972407,0.15242651,0.047072206,0.03374551,0.16893934,0.18371145,-0.20248964,-0.17112555,-0.044416368,-0.02967718,0.091549695
0.3581371,0.23662494,0.2760414,0.30268115,0.36876237,0.089635625,0.3556198,0.23117429,0.24201907,0.40200058,0.20677125,0.23465703,0.3792501,0.25811407,0.3049264,0.22150014,0.26833045,0.10879582,0.1732783,0.22686519,0.31270036,1.0,0.24928914,0.27502635,0.122249775,0.25782937,0.21834342,0.11112081,0.3709521,0.3777868,0.3082656,0.37625948,0.25725454,0.2064473,0.18453404,0.2609517,0.29045737,0.27810487,0.26025414,0.30889225,0.018175883,0.03938518,-0.05356841,0.039293587,-0.22647311,-0.27012378,0.10687179,0.14447308,-0.26410416,-0.17173305,-0.14765595,-0.30448267,-0.1572771,-0.0874291,0.2837579,0.30181178,0.29471102,0.246181,-0.19142504,-0.13915186,0.12188147,0.1946385,0.06722255,0.059933066,-0.16107467,-0.08496221,0.17964529,0.1116757,0.108083926,0.216889,0.38829434,0.3711015,0.39183682,0.33454812,0.22977467,0.22960925,0.36007982,0.22367823,0.28032055,0.2350446,0.26898575,0.33671364,0.2964723,0.13500889,0.07293307,0.013579179,-0.18139951,-0.26786843,0.0014343483,0.2198761,-0.079191625,0.040497586,0.0901808,0.032651998,0.13962473,0.21023506,0.3288205,0.36622202,0.0066330307,0.09792021,0.054752253,0.015427741,-0.036633924,0.28145817,0.30206686,0.26202783,0.18713725,0.14349869,0.15299639,0.26987663,0.4101252,-0.020776952,-0.26529804,-0.041211937,0.18263343,0.16461232
0.6353771,0.58710414,0.68688506,0.6969521,0.31561473,0.17436825,0.7010911,0.70761174,0.30394956,0.41619754,0.44434032,0.58389544,0.5962793,0.6365435,0.5763832,0.4574827,0.55479765,0.6034398,0.581242,0.65843266,0.2771716,0.24928914,1.0,0.7572668,0.3028271,0.20050748,-0.0099406615,0.19061795,0.6568156,0.62782204,0.57231534,0.77314407,0.45441294,0.7223779,0.53047705,0.59954727,0.45207423,0.5686023,0.48951146,0.5456146,-0.118243404,0.02083635,0.3188959,0.464401,-0.03362782,-0.04796541,0.4814501,0.58873564,-0.17724283,0.04180878,-0.11773454,-0.06782723,-0.22491153,0.10293859,0.48640287,0.656446,0.42042655,0.6638868,-0.11872673,0.05566047,0.2995722,0.47190535,0.21536867,0.48332295,-0.053761806,0.13392016,0.42318773,0.49366945,0.46315956,0.538124,0.49414054,0.6953749,0.7127208,0.7302605,0.57078636,0.631748,0.7583106,0.6713117,0.5019885,0.4517051,0.32266185,0.576683,0.40865737,0.44943705,-0.1046469,0.33324355,-0.33683538,0.001924736,0.2568045,0.526536,-0.13954897,0.2228449,0.20983715,0.29497206,0.31404984,0.51634836,0.6666428,0.6622898,0.28880358,0.38510424,0.19135576,0.23053771,-0.04142826,0.363826,0.3376749,0.26737323,0.084582366,0.42326355,0.36647612,0.53600246,0.6791562,0.24482667,0.019960208,0.3133975,0.3603768,0.5334799
0.44359887,0.38347992,0.48249167,0.6638829,0.47875845,0.17641129,0.72205245,0.6084489,0.60389084,0.47619438,0.119833626,0.43499547,0.39269266,0.52255416,0.5040986,0.35677478,0.3873112,0.5836077,0.29864204,0.508675,0.2394875,0.27502635,0.7572668,1.0,0.6190057,0.3059784,-0.07132561,0.08790496,0.63841313,0.7527659,0.583895,0.8317675,0.21804334,0.63698417,0.25139883,0.3773184,0.19273072,0.35699847,0.282854,0.4192645,-0.04095178,0.040196136,0.012947705,0.18225566,-0.28815132,-0.27661136,0.16081789,0.46685976,-0.46151826,-0.15343302,-0.4702506,-0.1943894,-0.44032884,0.031641085,0.26114154,0.61798114,0.06508815,0.49010786,-0.34233347,-0.15978585,-0.06298707,0.45390105,-0.17549619,0.552678,-0.33580878,-0.061527915,0.105747856,0.21541995,0.2916406,0.3903274,0.30228043,0.65886706,0.6569444,0.7707333,0.5314961,0.492937,0.62522554,0.4178419,0.486473,0.54620916,0.023225619,0.7561153,0.40865877,0.7264989,-0.50714344,0.23712663,-0.47898623,0.113673754,0.12736404,0.5514135,-0.31205124,0.3566001,0.25587368,0.36352763,0.27515188,0.5340187,0.54417723,0.533178,0.07507437,0.37830842,0.30717286,0.36286107,-0.14630602,0.5141942,0.20241453,0.09462967,-0.045837983,0.2755135,0.25388396,0.465421,0.5066743,0.26776665,0.089916945,0.30051565,0.36443284,0.47609624
-0.099700265,-0.09715589,-0.0071969233,0.2496788,0.46432298,0.089762464,0.22047819,0.1224731,0.614958,0.27122536,-0.38902318,-0.12570119,-0.041059006,-0.023316722,0.26158604,0.070942,-0.1586229,0.17141095,-0.22463205,-0.055867765,0.066349864,0.122249775,0.3028271,0.6190057,1.0,0.29490346,-0.10078137,0.13232705,0.32249168,0.47136965,0.5235345,0.5626313,-0.30075154,0.14902498,-0.17451236,-0.068030775,-0.21418309,-0.1961792,-0.18092233,-0.015580726,-0.01347128,-0.026114883,-0.40146032,-0.2552167,-0.5218463,-0.50831586,-0.37169278,-0.03834243,-0.5719174,-0.4051275,-0.6287457,-0.2936566,-0.33213562,0.14780265,-0.21277116,0.14478756,-0.42015073,-0.024239952,-0.5535285,-0.4579446,-0.417793,0.014462293,-0.51463425,0.25396824,-0.46378875,-0.4016099,-0.4013055,-0.31223392,-0.26159373,-0.19400865,-0.022812353,0.23764148,0.270184,0.4482574,0.26661545,0.27281517,0.15900412,-0.08648659,0.24427755,0.22196111,-0.19209762,0.34676394,0.34848574,0.72774166,-0.5737579,-0.22641955,-0.5253426,0.12099433,-0.10536349,0.18421149,-0.3893157,0.27382782,0.28033343,0.24428451,-0.0652662,0.1548355,0.04059336,0.023502033,-0.16415907,0.13639563,0.2693922,0.32254556,-0.19691926,0.32432663,-0.12735955,-0.1544239,-0.30979067,-0.10734572,-0.040674254,0.003242408,-0.010179841,0.05610891,0.10939664,-0.020881237,0.107668124,0.051405996
0.15402685,0.14270717,0.15019764,0.3439017,0.47177187,0.28356662,0.20655508,0.2994535,0.3292988,0.41615504,-0.0137161175,0.09132323,0.25159055,0.13481033,0.40453285,0.30387542,0.033212017,0.07817945,0.0669397,0.1071798,0.19224964,0.25782937,0.20050748,0.3059784,0.29490346,1.0,0.07170741,0.0921002,0.33016628,0.3991494,0.4290173,0.34212944,-0.058255635,0.09368505,0.041973278,0.12159685,0.14799808,0.02562655,0.079759575,0.20722502,-0.09897474,0.2131913,-0.1274921,-0.047468927,-0.32984534,-0.2672124,-0.06610066,-0.022950443,-0.33536324,-0.32645032,-0.32288387,-0.38227692,-0.35312283,0.022670222,-0.01865544,0.07987002,-0.06045409,0.08637749,-0.3999113,-0.38784677,-0.15820812,-0.020987473,-0.13588023,-0.017227365,-0.27817822,-0.26456493,-0.1518539,-0.14208554,-0.090539776,-0.07961287,0.3360211,0.38100877,0.36831316,0.3512331,0.1977826,0.2809412,0.2456375,0.15827683,0.18479669,0.054576457,0.16823016,0.23948875,0.43503535,0.3883262,-0.08559148,-0.1501177,-0.27970243,-0.024347482,-0.043507528,0.07413998,0.034158364,-0.033635225,0.22597122,0.08913472,-0.10527987,0.071668856,0.13102296,0.17367932,-0.13344516,-0.03884189,0.26669067,0.25288916,-0.12849963,0.23579115,0.11472999,0.099097766,0.033796452,0.12330066,0.099069946,0.056134325,0.07314301,-0.17897981,-0.057711914,-0.070932135,0.052462135,-0.062232524
0.10634606,-0.013870367,0.06269709,-0.06639557,0.11703421,-0.088291615,0.118630156,-0.05451295,0.023392858,0.04027819,0.12248682,0.080570355,0.05897202,0.034770872,-0.03320058,-0.05930035,0.10704754,-0.01923754,0.0028613256,0.03544264,0.18164167,0.21834342,-0.0099406615,-0.07132561,-0.10078137,0.07170741,1.0,0.24433105,0.17078559,-0.03263403,-0.010948149,0.043840587,0.0766865,0.028232783,0.0021852932,0.08213633,0.14368916,0.16534159,0.016805882,0.14793466,0.045580585,-0.038522903,0.05509949,0.13239641,0.102761954,0.07795643,0.20460224,0.16494147,0.02773427,0.02852731,0.15105246,0.036691822,0.014116922,0.033480078,0.09618561,0.13960677,0.17760056,0.0141330045,0.0816918,0.093280196,0.19962452,0.09414463,0.13821372,-0.008980835,0.058402162,0.10246457,0.18421952,0.13245305,-0.03297887,0.06416103,-0.021883259,0.07512355,0.10559322,-0.009345582,0.18797842,-0.048364416,0.14748856,0.12737857,0.18288171,-0.045396827,0.20142108,0.021928374,0.054651164,-0.12118181,0.11968294,0.07108597,-0.045717888,-0.0541026,0.052260708,0.13880852,0.024003988,0.050476845,-0.19157542,0.07147944,-0.07754315,0.038912054,0.09596853,0.15231393,0.091528624,0.09768406,0.060746256,0.06827233,0.11289882,0.13895984,0.26060158,-0.04669775,0.10902862,-0.010969286,0.015940458,0.015602127,0.23436393,0.110272445,0.0028441118,0.08980562,0.19129778,-0.025603078
-0.020737225,-0.086131975,0.05475169,0.04074918,0.21727909,-0.082531184,0.088231266,-0.04483544,0.16452453,0.015640918,-0.07765287,-0.020266734,0.07373361,-0.011375224,0.12195883,0.016158722,0.0015766108,0.043300465,-0.034765337,-0.013306841,0.10688439,0.11112081,0.19061795,0.08790496,0.13232705,0.0921002,0.24433105,1.0,0.13183054,0.034193866,0.15265957,0.23641022,0.021312047,0.08930056,-0.020666659,0.10281137,0.05112446,0.015677212,-0.050524198,0.10211641,0.06650615,-0.08123881,-0.050692644,0.022092208,-0.029126214,-0.029452614,0.014468214,0.043800827,-0.010259486,-0.11975452,-0.024005258,-0.054243162,-0.0046271486,0.1538706,-0.063162915,0.08340291,0.035780624,-0.012987457,-0.034579176,-0.0050209584,0.10103545,0.08602599,-0.06607936,0.103600845,-0.05495802,-0.00953637,0.05095628,0.039914545,-0.08594878,0.05831414,0.048364192,0.098840535,0.15247113,0.08766928,0.18355514,0.14336525,0.1688112,0.17050983,0.24959996,0.007377528,0.13999668,0.021977581,0.102038786,0.08855673,-0.046695,-0.12702677,-0.19100045,-0.28846917,-0.094421476,0.067743,-0.17599289,0.01777832,-0.05879433,0.0019248882,-0.14818731,-0.019172492,0.048887186,0.046325512,0.01600211,0.051681865,-0.006874506,-0.080428615,0.010798693,0.045211677,-0.02157617,0.039635357,-0.013360172,-0.042964555,0.021586223,-0.0836271,0.16872959,0.013262644,0.11037754,0.13454859,0.006428409,-0.13111381
0.5955907,0.4036652,0.6158258,0.584133,0.38528758,0.11514068,0.71315074,0.54642594,0.47110963,0.31286818,0.32610908,0.6159732,0.5002912,0.6058025,0.6207855,0.39492583,0.5910282,0.49421772,0.44738305,0.5976833,0.27056664,0.3709521,0.6568156,0.63841313,0.32249168,0.33016628,0.17078559,0.13183054,1.0,0.55598545,0.42613316,0.68434024,0.4148101,0.5690599,0.36778995,0.5290176,0.35919568,0.5148288,0.41586208,0.59272486,0.017221736,-0.021561626,0.32702002,0.4603805,0.017041916,0.06289154,0.4397225,0.5049804,-0.08161072,0.0566175,-0.09818218,0.02493044,-0.24522209,0.19322082,0.3110399,0.63921034,0.3699587,0.4696832,-0.07273433,0.06790462,0.18644884,0.3911443,0.14815,0.4232005,-0.084973045,0.22702946,0.42670944,0.4151057,0.39742658,0.49094632,0.41101786,0.5812007,0.7112725,0.5832783,0.6487075,0.33180428,0.6518249,0.56375366,0.65937495,0.4670677,0.31698734,0.5872984,0.4282251,0.47525832,-0.14307277,0.35723487,-0.3478815,0.008121916,0.19354668,0.62963504,0.008946693,0.372319,0.2431989,0.39528167,0.28991023,0.6164667,0.5969618,0.60752773,0.07803114,0.426323,0.23576242,0.3066067,-0.07457725,0.40017968,0.41893739,0.12822655,-0.06377533,0.37286443,0.34885782,0.47819272,0.6827432,0.2380649,-0.07375471,0.3068803,0.5444191,0.49375552
0.540163,0.5955933,0.50844204,0.7230556,0.49340567,0.34771097,0.60864085,0.69667923,0.45513347,0.6833553,0.32695553,0.4957838,0.59831643,0.60142326,0.63693243,0.60271734,0.43329802,0.5349893,0.43199077,0.5438604,0.29844537,0.3777868,0.62782204,0.7527659,0.47136965,0.3991494,-0.03263403,0.034193866,0.55598545,1.0,0.61193496,0.7378558,0.23661545,0.49065697,0.33248034,0.41023546,0.3716654,0.31186247,0.44184685,0.4633178,-0.06292334,0.14262791,-0.019109292,0.088454,-0.41162363,-0.40848547,0.16660658,0.27249765,-0.5077907,-0.2778149,-0.43352666,-0.445327,-0.3866999,-0.069960706,0.39430925,0.49561736,0.19359364,0.5983942,-0.47041914,-0.2987605,-0.055299636,0.33399153,0.026230242,0.32062623,-0.30327204,-0.1694895,0.04443984,0.13510936,0.29823533,0.32881767,0.55652994,0.76198864,0.7143032,0.832302,0.40716687,0.62517655,0.61804825,0.46570748,0.41562194,0.34333545,0.24720281,0.65902275,0.5995667,0.6457283,-0.17932224,0.075995944,-0.49719077,-0.011503869,0.27487797,0.31438565,-0.15697707,0.040033318,0.29549757,0.18308525,0.33978894,0.40998596,0.53033113,0.6235149,0.11527673,0.15537661,0.21267118,0.22555198,-0.03867346,0.475409,0.29410592,0.33052617,0.19696793,0.39389098,0.33269274,0.47384626,0.43015084,-0.056140505,-0.09041016,0.014344322,0.2166536,0.42767176
0.28251562,0.29625866,0.40237838,0.6339033,0.4951646,0.35181355,0.3265305,0.44765157,0.36342826,0.54714936,0.078788534,0.12228531,0.39708862,0.20791654,0.44660568,0.2946993,0.07762355,0.18159027,0.21792561,0.23209803,0.35550618,0.3082656,0.57231534,0.583895,0.5235345,0.4290173,-0.010948149,0.15265957,0.42613316,0.61193496,1.0,0.74685484,-0.120758235,0.20276205,0.10554573,0.17451872,0.15963504,0.112030804,0.12043882,0.19946545,-0.26195833,-0.028648255,-0.07643288,-0.017377965,-0.4453053,-0.4189303,-0.03614849,0.12073577,-0.4675314,-0.30298412,-0.46883318,-0.45591426,-0.22618209,0.040271457,0.100588724,0.21241333,0.06503036,0.22642794,-0.56026596,-0.4815039,-0.15158273,-0.055004507,-0.07094677,0.018953063,-0.47256932,-0.41554686,-0.19565451,-0.120581396,-0.097154066,-0.054244395,0.33599913,0.556023,0.4932271,0.6093757,0.2391945,0.63980645,0.40036228,0.28480002,0.3318626,0.15661651,0.35698545,0.28785208,0.59682006,0.57699335,-0.17509826,-0.20094395,-0.4648239,-0.051857844,0.0453293,0.17332602,-0.14325847,0.037500896,0.34317765,0.2905996,0.1211198,0.15389195,0.17048173,0.23230278,-0.045315832,0.016176749,0.11524368,0.24147916,-0.22475332,0.21466172,0.055721197,0.089260615,-0.087923124,0.09349789,0.13587232,0.1477324,0.21408983,-0.11579971,-0.122168325,-0.08371064,0.021352636,0.16420433
