1.0,0.7361067,0.65254575,0.49492875,-0.34846556,0.36991346,0.7250235,0.5645898,0.300313,0.19681853,0.63470143,0.44081727,0.45564348,0.28748605,0.4803377,0.35494074,0.624397,0.568836,0.72535634,0.7232591,0.47995293,0.0880856,0.57039523,0.39404005,0.11714586,0.20109202,-0.27689603,-0.33320707,0.62364143,0.6106052,0.35052016,0.2707817,0.67134315,0.63572,0.374718,0.43756434,0.17469417,0.039375436,-0.033988286,0.18382195,0.4634462,0.06838911,0.4898355,0.5911592,0.38477984,0.59277445,0.50741947,0.5530379,-0.07864401,0.1236269,0.29450703,0.21500854,0.36696544,0.13781564,0.36921018,0.22783226,0.87881106,0.6598709,0.4704304,0.34427777,0.54539156,0.29554456,0.70308053,0.35589674,0.032435607,0.13083,0.6397962,0.59991425,0.6218523,0.6436608,0.08177131,0.17864473,0.4356824,0.564331,0.357787,0.26855838,0.043932345,0.13675295,0.6009447,0.58787555,0.6939636,0.29242963,0.1094446,0.10331641,0.5357337,-0.08711977,0.013115314,-0.24492057,0.23901479,-0.23677751,0.3348465,0.04510825,-0.17115001,-0.41449335,0.58997667,0.4833157,0.5772128,0.46258447,0.42250037,0.33191463,-0.015267132,-0.39629158,0.07881548,-0.18601495,-0.074615516,-0.2757476,-0.35477087,-0.24052286,0.49601984,0.528268,0.58216095,0.49847713,0.27589604,-0.1549251,0.08811116,0.052615978
0.7361067,1.0,0.5954922,0.61220795,-0.06584703,0.20627633,0.51805806,0.69430643,0.33453324,0.40246007,0.63590235,0.68982136,0.47582686,0.5428599,0.578381,0.60553557,0.66030407,0.72259855,0.8062601,0.7577916,0.484796,0.124556355,0.5138455,0.5719749,0.12910542,0.20426905,-0.064668074,-0.25273922,0.7803881,0.76084656,0.46236283,0.47429296,0.7106156,0.747234,0.41462752,0.56919426,0.2799377,0.26110178,0.08455831,0.38175434,0.4701679,0.2670406,0.55144596,0.6536204,0.49655247,0.5834961,0.58637315,0.6428758,-0.005832476,0.20392764,0.18123329,0.31227845,0.24578926,0.12001324,0.51014864,0.46326116,0.6755917,0.8187902,0.3115154,0.30426332,0.42599675,0.29333383,0.3952597,0.5194514,-0.059181217,0.30346802,0.640545,0.6767964,0.60202557,0.6538065,0.2286505,0.39496925,0.6687711,0.7283919,0.5767465,0.46477148,0.13422914,0.26110986,0.6969002,0.70514274,0.6498999,0.5966205,0.12666954,0.3966362,0.40714255,0.30309308,0.0075673205,0.016383555,0.23723893,0.09896397,0.4377755,0.30260617,0.012548401,-0.07903866,0.5916303,0.5915368,0.6516377,0.6038107,0.55195326,0.50759137,0.15509276,-0.2835681,0.16041006,-0.07280626,0.049212348,-0.080319665,-0.19004549,-0.15568815,0.49613744,0.61700416,0.57590526,0.5932382,0.4167569,0.012586487,0.12888792,0.17557582
0.65254575,0.5954922,1.0,0.7895943,0.032345597,0.44603223,0.79406214,0.7350315,0.47416434,0.3451163,0.54212034,0.42273268,0.49396178,0.383576,0.49756274,0.44046032,0.62280136,0.53748256,0.6463323,0.6577965,0.5266017,0.118273385,0.7582857,0.69378614,0.35505116,0.44067985,-0.29032868,-0.15483984,0.62121016,0.5790562,0.5430099,0.55504835,0.57613677,0.6536889,0.48717636,0.6172219,0.34517768,0.24616207,0.039749306,0.33553448,0.5104599,0.3045899,0.5453088,0.5720348,0.34198782,0.59319603,0.5527533,0.564559,-0.071923,0.3117589,0.20499173,0.14704229,0.35015318,0.14856088,0.40257925,0.32415256,0.6466791,0.61763006,0.2137201,0.19146892,0.48917153,0.3493427,0.48414668,0.5561836,0.10365521,0.28957388,0.69299555,0.71576566,0.54835,0.6670988,0.26396412,0.4228349,0.56124496,0.5690807,0.47412124,0.38327834,0.112780586,0.2816586,0.59335893,0.5368106,0.5930629,0.4490242,0.18414137,0.24722251,0.46044242,0.2631639,0.13361076,0.0089100925,0.33754802,0.036868628,0.38664725,0.18095656,-0.09523198,-0.15549228,0.5698117,0.5282207,0.55302054,0.46898702,0.4422684,0.38189676,0.035828184,-0.1586328,0.18990193,0.037032027,0.13160789,-0.02585813,-0.20753476,-0.083605856,0.5302377,0.61487955,0.5437791,0.55055666,0.3920994,-0.1139997,0.14044227,0.15619077
0.49492875,0.61220795,0.7895943,1.0,0.09379902,0.33573142,0.5748161,0.7592421,0.42667168,0.45031577,0.456999,0.4600055,0.48162323,0.4710748,0.52518195,0.51344615,0.45387685,0.43486857,0.6447486,0.6855764,0.5362546,0.19652383,0.70710766,0.80155593,0.30483434,0.4511982,-0.11568805,-0.1327118,0.5434022,0.5222246,0.5175865,0.5805476,0.50004905,0.649859,0.42285272,0.6955946,0.370383,0.3175459,0.047047112,0.31652033,0.4699335,0.3207394,0.4498776,0.48290858,0.2662106,0.5268048,0.48198324,0.46832642,0.01912187,0.25890967,0.15044387,0.13947052,0.25023553,0.14033464,0.41674274,0.40468478,0.46270552,0.5365631,0.18773489,0.18701547,0.41524583,0.23495135,0.3096698,0.5059376,-0.025468333,0.37021664,0.5670859,0.67960024,0.48485556,0.608539,0.32821476,0.53189015,0.5225368,0.568881,0.50730914,0.4519543,0.18775618,0.3810101,0.58039576,0.43894404,0.5965712,0.6502926,0.25380948,0.4315493,0.38214368,0.5046955,0.13737568,0.21166138,0.18717182,0.10864159,0.40873152,0.30046836,-0.030606095,-0.030782226,0.4049082,0.4115325,0.43623206,0.3954542,0.4660578,0.42429307,0.13703255,-0.116323665,0.27721417,0.14162838,0.26030678,0.14871794,-0.08916677,-0.0066891564,0.43406817,0.48396584,0.39850897,0.45642632,0.39396584,0.022782056,0.20536773,0.22017987
-0.34846556,-0.06584703,0.032345597,0.09379902,1.0,0.0401897,-0.14084576,0.1900244,0.34088266,0.36972845,0.12395576,0.2449811,0.22781625,0.30377063,0.0961508,0.27162942,0.23771663,0.308534,-0.035769377,-0.14173652,-0.20221251,-0.1008095,0.052817155,0.23244543,0.46695948,0.3411213,0.11960575,0.47022554,0.13203819,0.12899177,0.350019,0.34370053,0.048224546,0.09530117,0.16361725,0.16457933,0.18678707,0.35903588,0.2690052,0.3315749,-0.05903947,0.3105653,0.21243279,0.13089241,0.18403322,0.043829903,0.15076129,0.15946873,-0.14953445,0.14156562,-0.13096538,-0.21527587,0.1673865,0.089708425,0.16256525,0.27975193,-0.36954084,0.016052967,-0.37506565,-0.46461698,-0.4643449,-0.09255887,-0.44585022,0.041920584,-0.09614976,-0.034096755,0.055307023,0.12027701,-0.3088163,0.07898682,0.09086625,0.23327932,0.16518901,-0.00034648034,0.14575998,0.1558826,0.071390405,0.107927494,-0.0363519,0.023651613,-0.1742874,0.23092704,0.20062011,0.34946454,-0.035045587,0.47701752,0.25146475,0.49495685,0.3026957,0.5701705,0.27043205,0.41409963,0.3915082,0.4931691,0.08245228,0.15616634,0.14912726,0.20356353,0.14365578,0.25503737,0.20601813,0.20066094,0.10358454,0.29116234,0.10882214,0.37473792,0.11014244,0.14630692,-0.080858916,0.2675246,0.12644702,0.1922097,0.23249231,0.21125458,-0.0899236,0.096696496
0.36991346,0.20627633,0.44603223,0.33573142,0.0401897,1.0,0.5674883,0.4634444,0.39146528,0.5090302,0.29956254,0.20186216,0.37325853,0.30535182,0.32138628,0.28656673,0.37917924,0.32357928,0.34855962,0.34978867,0.19686003,0.05823321,0.34940422,0.22286381,0.5762376,0.65477216,-0.08604864,0.11901213,0.33166975,0.37590632,0.50775754,0.41824302,0.42389885,0.4781825,0.41227338,0.42462575,0.36681044,0.27511165,0.25283638,0.3447301,0.42289293,0.22451968,0.4014728,0.3994239,0.09908538,0.46694633,0.43155456,0.37975854,-0.23345375,0.3507529,0.15107271,0.06776312,0.46417618,0.19759518,0.2878644,0.20241787,0.3706276,0.3042804,0.09522099,0.09049474,0.18336362,0.16394487,0.39123765,0.14234145,-0.015839528,-0.06464867,0.47192878,0.526461,0.2802029,0.47194916,0.21870364,0.27759096,0.2614895,0.38798708,0.2200523,0.1874846,0.17886075,0.27578628,0.2917132,0.24802357,0.36220428,0.16191852,0.2994813,0.13833955,0.30923554,0.14226636,0.39696443,0.14027447,0.42685023,0.11737973,0.3689514,0.22871146,0.012099161,-0.07920191,0.3806771,0.26951018,0.37565866,0.3518344,0.36830395,0.33488408,0.1290578,-0.10573554,0.3437373,0.1781112,0.1679348,0.049181864,-0.048606236,0.091795295,0.31370375,0.35260504,0.3347171,0.3703145,0.33513543,-0.03304652,0.203933,0.22986434
0.7250235,0.51805806,0.79406214,0.5748161,-0.14084576,0.5674883,1.0,0.7362977,0.32261366,0.27752423,0.48368198,0.38116476,0.50228894,0.3899884,0.37551275,0.2650753,0.595293,0.50508714,0.55106574,0.5666393,0.36963707,0.027824998,0.58582306,0.41654843,0.29326475,0.39185643,-0.27943227,-0.22187556,0.50568455,0.4647662,0.38578185,0.29727212,0.5362976,0.56311226,0.44420874,0.48359016,0.30087605,0.16327451,0.06319625,0.24575156,0.49918607,0.18447272,0.55394644,0.54218835,0.25969484,0.57663405,0.525437,0.48996723,-0.19847873,0.21824366,0.2257045,0.20108446,0.37665004,0.18419333,0.4311303,0.25662157,0.7021085,0.55114967,0.3220785,0.2341432,0.51527315,0.30860442,0.6050214,0.44510955,0.08025476,0.20275958,0.6663073,0.65365124,0.5189536,0.6322329,0.09693487,0.1776068,0.38097998,0.4306595,0.3233415,0.1562081,0.091541015,0.22870213,0.48452288,0.47564745,0.5486968,0.2713835,0.1505244,0.054356337,0.46313623,0.078377396,0.10941584,-0.15766768,0.4356242,0.0028463984,0.40589362,0.14374734,-0.14361331,-0.28638884,0.5304899,0.4277538,0.4925824,0.41922507,0.4463065,0.37427813,-0.051835567,-0.16598596,0.15594187,-0.027950728,0.05935565,-0.109971866,-0.2253104,-0.0398484,0.4313277,0.50711375,0.4932296,0.4945296,0.34237513,-0.15195328,0.13158384,0.12358125
0.5645898,0.69430643,0.7350315,0.7592421,0.1900244,0.4634444,0.7362977,1.0,0.444452,0.56089664,0.5231262,0.6455882,0.57326394,0.7286206,0.46381208,0.5226616,0.60846126,0.6554495,0.6627862,0.6387303,0.37188742,0.031904098,0.5670176,0.6279536,0.3876604,0.48281673,-0.15334211,-0.12730065,0.628979,0.5832401,0.5043754,0.4870193,0.6020205,0.6974526,0.47313514,0.63610095,0.3887824,0.3906023,0.15865752,0.41108534,0.5161932,0.3245522,0.5942845,0.57600313,0.36764336,0.618606,0.56267375,0.5234142,-0.12102572,0.2804187,0.09347679,0.20984922,0.37100095,0.17451067,0.5399462,0.4478889,0.5148705,0.6581004,0.22302766,0.17084272,0.34190437,0.25944632,0.33339447,0.56153446,-0.0915439,0.29725486,0.6570272,0.72821844,0.45754755,0.6660332,0.21892592,0.39045024,0.54799116,0.56760645,0.47691762,0.3942584,0.123936586,0.31123418,0.5650174,0.5511745,0.54244643,0.59901416,0.21825223,0.36949492,0.42025268,0.5290264,0.13383709,0.16205482,0.42510745,0.31780264,0.5510123,0.38235837,0.044793397,0.013693181,0.4925234,0.48646268,0.5275238,0.508471,0.5663549,0.5468448,0.18647884,-0.08928974,0.27667,0.08862839,0.18889563,0.11416423,-0.03175951,0.03581928,0.38164324,0.5546196,0.4438536,0.5076787,0.4238463,0.013056743,0.122934125,0.19878446
0.300313,0.33453324,0.47416434,0.42667168,0.34088266,0.39146528,0.32261366,0.444452,1.0,0.6956978,0.51266646,0.45666647,0.77217275,0.53581554,0.64963967,0.5993869,0.44694266,0.45282352,0.46946973,0.3849246,0.2424261,0.04048325,0.6861736,0.6002689,0.6016382,0.6118301,0.07400682,0.22774336,0.44481182,0.43317825,0.46529716,0.39784375,0.42846307,0.46686584,0.41769516,0.6050553,0.3309714,0.31450412,0.30943143,0.40744427,0.4537615,0.30908966,0.47362828,0.4869268,0.34567085,0.40017435,0.47586626,0.4956389,-0.12730935,0.2250275,0.030445896,-0.023153704,0.34884948,0.19264641,0.44844952,0.3878693,0.2316215,0.2958899,-0.001869249,-0.076435536,-0.008692252,0.07005445,0.083393976,0.010152417,0.101850614,-0.1395154,0.40130767,0.48415053,0.10758814,0.40556234,0.040468067,0.22675723,0.32160628,0.35622957,0.30224776,0.19311392,0.07460737,0.17091826,0.3914425,0.27555245,0.57731974,0.4936978,0.656268,0.51515675,0.6057719,0.46252486,0.6023088,0.47140917,0.37258974,0.34689623,0.48665392,0.32880524,0.29359606,0.14983147,0.42601168,0.34633702,0.46726346,0.45173517,0.45557225,0.4472625,0.23790069,-0.115021504,0.3585567,0.2533834,0.16360089,0.22528839,-0.24980785,-0.08904399,0.18179628,0.5067045,0.46110848,0.4722048,0.4066298,0.03391555,-0.04222668,0.068784565
0.19681853,0.40246007,0.3451163,0.45031577,0.36972845,0.5090302,0.27752423,0.56089664,0.6956978,1.0,0.3340908,0.48741034,0.62157863,0.67341805,0.47188237,0.5741301,0.3551691,0.47267175,0.4128532,0.35182142,0.20438479,-0.056493483,0.48894694,0.5613742,0.6528905,0.7107065,0.02164058,0.17360206,0.39010835,0.43229246,0.3957015,0.40097266,0.37924218,0.4756513,0.2545226,0.52580184,0.29501852,0.38644835,0.25109068,0.48359948,0.42986983,0.3488781,0.45506623,0.4498241,0.32591796,0.47443578,0.479217,0.47338912,-0.17363317,0.34164464,0.028318835,0.043873128,0.3335182,0.14128612,0.45561495,0.44691682,0.19255064,0.40219462,0.019586172,-0.029218763,0.057476785,0.17529832,0.0203754,0.18543032,-0.13618824,0.037002683,0.36241487,0.47929367,0.1415553,0.37486246,0.069887295,0.2489729,0.28996786,0.34707642,0.24312785,0.21115033,-0.028512565,0.20586886,0.4050609,0.374252,0.40203714,0.5285365,0.47100696,0.5590081,0.33588627,0.6498765,0.4035336,0.5630416,0.3118263,0.4218137,0.5435335,0.43790412,0.20059893,0.07955754,0.30694792,0.31376582,0.414326,0.47470483,0.54498214,0.5702611,0.33465677,-0.14562242,0.40142447,0.25838238,0.16736248,0.3008477,-0.16765304,0.009917037,0.18027227,0.46194273,0.3485821,0.4626145,0.44584414,0.017748391,0.022744888,0.102454714
0.63470143,0.63590235,0.54212034,0.456999,0.12395576,0.29956254,0.48368198,0.5231262,0.51266646,0.3340908,1.0,0.685871,0.6853521,0.46981275,0.61883414,0.6050797,0.7778464,0.73453116,0.65849924,0.5400757,0.28972667,-0.03171078,0.54556334,0.47465542,0.2787525,0.30965963,-0.03406086,0.024636902,0.69293517,0.6671868,0.49052265,0.46002302,0.61856574,0.61576533,0.40177023,0.48004198,0.25893193,0.16011798,0.10868506,0.29336187,0.42441776,0.22985236,0.50815654,0.58525574,0.450645,0.46543416,0.53927326,0.56336653,-0.0645395,0.14624362,0.10419049,0.12730879,0.34393638,0.17125891,0.4840557,0.420635,0.44707993,0.50669676,0.18011206,0.12937255,0.1296138,0.08940075,0.27710494,0.21927896,0.11031332,-0.022736233,0.4826524,0.51104933,0.2702326,0.5945857,0.081644356,0.28987107,0.59134424,0.5746168,0.47700927,0.2908898,0.055471886,0.13218747,0.6242891,0.44321164,0.65088403,0.47849137,0.34172586,0.4593425,0.5031238,0.1992289,0.23319246,0.1737704,0.3643172,0.1763978,0.4815887,0.27238318,0.18075722,-0.088782005,0.5629985,0.4418835,0.5657839,0.50449437,0.48296446,0.45755285,0.05288839,-0.2807887,0.1334762,-0.007146674,-0.0313119,-0.008203003,-0.36436608,-0.28062433,0.26575756,0.5739694,0.5583789,0.5232562,0.36586177,-0.011445941,-0.007670469,0.05452915
0.44081727,0.68982136,0.42273268,0.4600055,0.2449811,0.20186216,0.38116476,0.6455882,0.45666647,0.48741034,0.685871,1.0,0.5853406,0.81323594,0.6472115,0.7826866,0.6569321,0.74746853,0.68156785,0.54527646,0.32476002,-0.011286485,0.42900836,0.5204638,0.27288064,0.31348765,0.18108174,-0.06751641,0.73790294,0.7300242,0.5250686,0.48073608,0.65418726,0.68315095,0.4387729,0.5552798,0.26726905,0.36239055,0.22888158,0.39047557,0.36936218,0.40791398,0.46515903,0.5040787,0.39817876,0.41432738,0.41682953,0.44808102,-0.08052113,0.2199655,-0.02354573,0.17119363,0.1752046,-0.050826497,0.54794234,0.49996462,0.2655688,0.49131963,0.0089863185,0.052052002,0.028091554,0.052180484,0.10643587,0.2726293,-0.08529556,0.028243482,0.42498294,0.52304554,0.25453293,0.473185,0.16018033,0.33526185,0.6598743,0.64076877,0.53294224,0.3957025,0.10078474,0.30082303,0.646765,0.66630715,0.61318773,0.7135933,0.26363686,0.5666646,0.4424992,0.46155813,0.13678461,0.2696392,0.45091352,0.41406038,0.5844441,0.47756198,0.30240187,0.121892095,0.42800847,0.3745255,0.47993734,0.47016275,0.50354475,0.5335781,0.22111371,-0.1613983,0.18385792,-0.006984163,-0.0050269132,0.05377478,-0.2056269,-0.101171136,0.17754957,0.53249824,0.38397187,0.42955855,0.3612294,0.086675614,-0.05597481,0.08556528
0.45564348,0.47582686,0.49396178,0.48162323,0.22781625,0.37325853,0.50228894,0.57326394,0.77217275,0.62157863,0.6853521,0.5853406,1.0,0.6520329,0.6469605,0.5594279,0.5676404,0.5619113,0.5509655,0.41562933,0.16273539,-0.062129386,0.61295646,0.5221508,0.39674932,0.45348126,0.01761984,0.12750521,0.49639773,0.45681533,0.36497802,0.29584536,0.49712464,0.4990478,0.35118464,0.49052602,0.28273034,0.21692748,0.18176,0.36341798,0.5161503,0.2259897,0.50080425,0.51081645,0.38463148,0.377582,0.51536065,0.49285206,-0.18549097,0.117038876,0.029285535,0.076759055,0.3553015,0.21417852,0.55403644,0.44860926,0.34807894,0.41450894,0.13424335,0.020234453,0.08956592,0.02850524,0.15769173,0.12310895,0.095844194,-0.015960032,0.39297712,0.46645933,0.15207696,0.45807216,-0.06454021,0.13018948,0.34761432,0.36601982,0.32767737,0.09663097,0.008056315,0.07060239,0.48331004,0.36642233,0.6512904,0.5109855,0.5745626,0.49944237,0.588754,0.4063115,0.46054265,0.36354727,0.39524418,0.32407492,0.58068067,0.3352983,0.2282277,-0.010315974,0.4259288,0.3540011,0.4803581,0.47234368,0.5505014,0.5443744,0.12058695,-0.2370094,0.24301203,0.13150467,0.06511554,0.17019063,-0.29857498,-0.12883216,0.14307518,0.5126589,0.43787122,0.46635598,0.38294485,-0.030755578,-0.057927936,0.020783473
0.28748605,0.5428599,0.383576,0.4710748,0.30377063,0.30535182,0.3899884,0.7286206,0.53581554,0.67341805,0.46981275,0.81323594,0.6520329,1.0,0.5145553,0.6538442,0.46864468,0.6253882,0.5407322,0.37440866,0.1536398,-0.15560363,0.38642117,0.4866312,0.37100777,0.38842887,0.08406373,-0.008884052,0.5068447,0.4862433,0.36178216,0.3217508,0.51387954,0.5414527,0.38544136,0.5222421,0.23011696,0.35669878,0.24490456,0.3931564,0.36582187,0.3114779,0.44513452,0.41388962,0.35338706,0.3786773,0.3852013,0.36014557,-0.056109168,0.18432201,-0.093170665,0.17996715,0.13129568,-0.008933225,0.53615344,0.44887173,0.16685945,0.4116621,-0.023990106,-0.033626065,0.010897192,-0.00062787265,0.0203978,0.2436759,-0.13123758,0.011904274,0.35037154,0.4512747,0.13796613,0.33860612,0.013915189,0.20002462,0.42725465,0.42918327,0.36175302,0.20889471,-0.010243441,0.15928471,0.4795012,0.50965506,0.48059276,0.6434446,0.32327515,0.5057233,0.39759707,0.5733274,0.23883678,0.36545697,0.39619568,0.5073222,0.59049326,0.4390948,0.2792742,0.15339582,0.32244447,0.2922297,0.38795775,0.4184154,0.5149346,0.5537494,0.27270904,-0.14993747,0.20607343,0.013311013,0.0037615248,0.09826431,-0.10932869,-0.047517247,0.02022538,0.4470916,0.23814385,0.32852066,0.29712614,-0.00044909256,-0.14620896,-0.009592026
0.4803377,0.578381,0.49756274,0.52518195,0.0961508,0.32138628,0.37551275,0.46381208,0.64963967,0.47188237,0.61883414,0.6472115,0.6469605,0.5145553,1.0,0.82635266,0.51243776,0.49852216,0.68106574,0.6605667,0.53357375,0.3443058,0.65097207,0.60085326,0.3361215,0.42703068,0.28634998,0.057054907,0.73277426,0.7380425,0.64911246,0.6083039,0.6298009,0.689058,0.5558095,0.712952,0.5020042,0.4702981,0.34492558,0.48107487,0.59872156,0.49878994,0.47847098,0.53417075,0.36685693,0.4322039,0.51689154,0.53902864,-0.024452252,0.22735222,0.10180279,0.14024173,0.3237738,0.123024136,0.5625135,0.56089246,0.3595065,0.43592212,0.12840222,0.090070724,0.19734925,0.06033052,0.26915705,0.18457547,-0.02140886,0.011645457,0.491389,0.63309973,0.41454884,0.57137424,0.3493601,0.47240582,0.6476702,0.68436354,0.6113846,0.45610052,0.39349622,0.48806277,0.6268206,0.5185292,0.7934747,0.72100043,0.6690416,0.7127569,0.6274826,0.4052087,0.48185283,0.3416165,0.4317012,0.27165407,0.5938883,0.4830221,0.29583383,0.113886416,0.50932676,0.43147108,0.54247457,0.50932634,0.5742682,0.5605737,0.27747023,-0.116532974,0.42820808,0.2120158,0.23519416,0.18059066,-0.23730092,-0.041058626,0.367776,0.52133346,0.4599969,0.509243,0.4691624,0.2487779,0.17149581,0.26859242
0.35494074,0.60553557,0.44046032,0.51344615,0.27162942,0.28656673,0.2650753,0.5226616,0.5993869,0.5741301,0.6050797,0.7826866,0.5594279,0.6538442,0.82635266,1.0,0.5624745,0.63009864,0.6561616,0.58690196,0.47654414,0.22774416,0.54793787,0.628692,0.35689923,0.4275702,0.30203706,0.08309933,0.75801635,0.7706996,0.6553113,0.6312858,0.6384434,0.6924216,0.50912076,0.7034973,0.41018987,0.4767908,0.3633761,0.5430093,0.48954862,0.5642128,0.49705914,0.55347115,0.3598781,0.41232142,0.50394374,0.5429222,0.0070292917,0.30951995,-0.0012262169,0.14258642,0.24823973,0.051350594,0.5874883,0.60070163,0.20645268,0.44525227,-0.020419946,0.033566326,0.052934233,-0.02447351,0.06361163,0.19487321,-0.051146988,-0.0032934148,0.44481117,0.5910969,0.282899,0.51025796,0.32548386,0.47944486,0.6860519,0.7088177,0.6286217,0.5065376,0.25605184,0.42420825,0.63680506,0.609695,0.6665403,0.78679484,0.5555745,0.7843673,0.49500254,0.5307599,0.35707712,0.42659605,0.424121,0.41752523,0.61685586,0.54379326,0.3408635,0.20363657,0.48947647,0.42795146,0.5542615,0.54171264,0.5820612,0.60366327,0.335384,-0.08053446,0.34583503,0.17460465,0.16511492,0.19147848,-0.20071553,-0.0533086,0.2526785,0.57146996,0.44845015,0.522966,0.45945403,0.21408379,0.03364026,0.17987043
0.624397,0.66030407,0.62280136,0.45387685,0.23771663,0.37917924,0.595293,0.60846126,0.44694266,0.3551691,0.7778464,0.6569321,0.5676404,0.46864468,0.51243776,0.5624745,1.0,0.87509185,0.6664871,0.5238893,0.28560308,-0.040434822,0.4710523,0.43910265,0.33573967,0.359288,-0.10116742,0.0351873,0.78281856,0.75455266,0.6189002,0.5300543,0.7012453,0.6771621,0.52363575,0.51946074,0.36692533,0.32097128,0.2470764,0.4577439,0.42139122,0.36186442,0.6780116,0.73227674,0.5331611,0.6027002,0.68061274,0.7022721,-0.14428078,0.29829034,0.19031933,0.17611372,0.43635228,0.22937895,0.556158,0.47668257,0.55474055,0.67324567,0.12960137,0.012356224,0.21119356,0.18027739,0.36383456,0.36538532,0.042796187,0.008045825,0.68194944,0.6637516,0.34915027,0.67373747,0.19796711,0.334078,0.659478,0.63796663,0.5503341,0.3621603,0.14834554,0.24949512,0.64149743,0.65577275,0.54605496,0.42447,0.21033087,0.3063418,0.48352998,0.20201077,0.17555492,0.07495884,0.5708151,0.24641332,0.5154868,0.37178403,0.1858447,-0.01738624,0.71359974,0.62489086,0.71808153,0.65502876,0.5566728,0.513818,0.13416371,-0.15737522,0.16586371,0.034022693,-0.009133157,-0.021119326,-0.26802385,-0.11889718,0.47615603,0.7436539,0.69692,0.6978453,0.49646428,0.069760844,0.05178209,0.16813579
0.568836,0.72259855,0.53748256,0.43486857,0.308534,0.32357928,0.50508714,0.6554495,0.45282352,0.47267175,0.73453116,0.74746853,0.5619113,0.6253882,0.49852216,0.63009864,0.87509185,1.0,0.65479845,0.49075013,0.2056593,-0.1192593,0.42814052,0.46431848,0.37793598,0.33389154,-0.079921104,0.019825911,0.7577836,0.7552104,0.5575797,0.49938458,0.70414734,0.6810921,0.50052637,0.5140259,0.29278985,0.33916375,0.27397528,0.5030565,0.41927996,0.35919714,0.690527,0.7543831,0.56498617,0.61017305,0.6681501,0.7248649,-0.14487548,0.27555004,0.15239006,0.139884,0.38392153,0.16964221,0.57369334,0.51313436,0.48222086,0.70595723,0.06551335,-0.03178255,0.109816924,0.1406299,0.22423358,0.35864466,-0.09897469,-0.021769065,0.64608055,0.6368945,0.28117767,0.6233031,0.09482044,0.29254743,0.6191739,0.62642705,0.5182963,0.38837487,0.039601505,0.15975486,0.58937746,0.68354666,0.4835249,0.46123877,0.22229029,0.41135094,0.4338345,0.29143652,0.1171204,0.16773096,0.5277721,0.3427003,0.5448188,0.41326338,0.19980918,0.040798444,0.69062984,0.63143724,0.72046775,0.6961337,0.5866133,0.57779884,0.16445659,-0.21894202,0.121117234,-0.0009070466,-0.076928206,-0.00914829,-0.28727958,-0.14845721,0.36246437,0.7674129,0.6886555,0.7029868,0.46381596,0.015647085,-0.041668657,0.09571644
0.72535634,0.8062601,0.6463323,0.6447486,-0.035769377,0.34855962,0.55106574,0.6627862,0.46946973,0.4128532,0.65849924,0.68156785,0.5509655,0.5407322,0.68106574,0.6561616,0.6664871,0.65479845,1.0,0.85200477,0.52130115,0.16137853,0.6091275,0.5823941,0.2311252,0.3111488,-0.024488756,-0.16371465,0.8266803,0.7930063,0.61638165,0.56386274,0.8337205,0.8730948,0.51975554,0.65078586,0.35009027,0.28561622,0.13213998,0.4049314,0.5316289,0.30042744,0.5713137,0.64136046,0.45497984,0.6319783,0.57836217,0.6043491,-0.08481913,0.30474532,0.21043704,0.21699391,0.33984053,0.15478177,0.47027025,0.42704082,0.6283525,0.6790815,0.29179102,0.20440185,0.38326246,0.19006291,0.40235904,0.42983833,-0.044334624,0.18912436,0.69493765,0.74081707,0.6378671,0.696077,0.313731,0.5079857,0.7162472,0.7858377,0.6648911,0.51326084,0.2263566,0.35315037,0.78030676,0.6624732,0.7898647,0.6456965,0.2230728,0.4377882,0.44925168,0.30057225,0.09272152,0.114038244,0.3060641,0.07639434,0.45831397,0.33219782,0.07682946,-0.06804467,0.6100217,0.60664934,0.65653276,0.5648467,0.5137481,0.4820856,0.20346814,-0.27678356,0.18989843,-0.014360875,0.0643274,-0.04351605,-0.21923833,-0.15714358,0.52566695,0.6338332,0.5921535,0.5672993,0.42604804,0.05573913,0.1687448,0.24976456
0.7232591,0.7577916,0.6577965,0.6855764,-0.14173652,0.34978867,0.5666393,0.6387303,0.3849246,0.35182142,0.5400757,0.54527646,0.41562933,0.37440866,0.6605667,0.58690196,0.5238893,0.49075013,0.85200477,1.0,0.6883812,0.3711506,0.6699382,0.6375647,0.216828,0.35861248,-0.07455053,-0.26455793,0.75274694,0.7296175,0.5856185,0.59773386,0.6806884,0.80814296,0.40394345,0.61380035,0.4156688,0.286332,0.026376864,0.31740132,0.6020404,0.2635254,0.47047368,0.5495206,0.30242664,0.64076936,0.50932115,0.53322625,-0.09683312,0.35440904,0.24185717,0.20637867,0.315658,0.120636836,0.41455886,0.416593,0.66530263,0.65713096,0.40184695,0.36632726,0.5063344,0.3332502,0.47706613,0.52254325,-0.004114815,0.33841982,0.65527254,0.7347761,0.753117,0.74312234,0.45659813,0.5791695,0.69670355,0.77682453,0.65771276,0.5731895,0.3131943,0.47636175,0.7382606,0.62252283,0.7644433,0.6326263,0.20983116,0.42105243,0.3784671,0.30581003,0.09478032,0.07730496,0.20267385,-0.035157677,0.37075976,0.3033614,-0.10058215,-0.15689965,0.5010912,0.49169102,0.52720475,0.4443511,0.45740876,0.41613936,0.106449306,-0.15110359,0.29291084,0.152122,0.262264,0.056397744,-0.12568605,-0.024382168,0.615697,0.47756895,0.49242097,0.5233721,0.42348596,0.0708829,0.37973538,0.37744638
0.47995293,0.484796,0.5266017,0.5362546,-0.20221251,0.19686003,0.36963707,0.37188742,0.2424261,0.20438479,0.28972667,0.32476002,0.16273539,0.1536398,0.53357375,0.47654414,0.28560308,0.2056593,0.52130115,0.6883812,1.0,0.5782108,0.5572425,0.5426627,0.15504254,0.31357932,-0.006953667,-0.39497143,0.5251999,0.5137147,0.44395608,0.53155065,0.31747738,0.45382172,0.232663,0.49868903,0.35396355,0.25902873,-0.06358219,0.13879359,0.4877364,0.36827675,0.2029524,0.25348493,0.08427157,0.39645526,0.267796,0.28599823,-0.043369263,0.20072381,0.1448556,0.19319867,0.15470876,-0.016450034,0.26946697,0.32713345,0.47878382,0.46242812,0.36814022,0.3817109,0.55534047,0.4246835,0.34583458,0.52283275,0.06967681,0.41762546,0.42445183,0.5316228,0.63093066,0.44041196,0.53168696,0.54656523,0.56402475,0.5393372,0.51490927,0.49941304,0.33627108,0.54258025,0.583332,0.48750383,0.5578916,0.5046002,0.21405776,0.3636796,0.23929095,0.2899243,0.1332327,0.108950995,0.07396991,-0.09312277,0.20362158,0.19217925,-0.15694842,-0.157072,0.24368541,0.24271224,0.24706724,0.19695346,0.2979701,0.25143605,0.15291184,-0.038406637,0.36421928,0.257927,0.4007119,0.19645314,-0.014892647,0.150415,0.559604,0.23740631,0.22434841,0.33328357,0.34730518,0.06124516,0.38013107,0.3283678
0.0880856,0.124556355,0.118273385,0.19652383,-0.1008095,0.05823321,0.027824998,0.031904098,0.04048325,-0.056493483,-0.03171078,-0.011286485,-0.062129386,-0.15560363,0.3443058,0.22774416,-0.040434822,-0.1192593,0.16137853,0.3711506,0.5782108,1.0,0.1917126,0.21111248,0.046041973,0.13697071,0.14117076,-0.051124725,0.23544993,0.1909123,0.34780407,0.3499616,0.09179661,0.17036536,0.11284202,0.22554176,0.41373914,0.26582354,0.07835913,0.095465735,0.32122535,0.29183358,-0.03331458,-0.025623001,-0.14621036,0.03740534,0.017926214,-0.012723258,-0.025697514,0.029301556,0.040018804,0.09668516,0.07295876,0.015896006,0.07911053,0.16736704,0.09043032,0.11014701,0.19270737,0.24582401,0.23431106,0.2044468,0.11388889,0.2218341,0.04898654,0.2504717,0.14784212,0.22281551,0.39390302,0.25064155,0.6164913,0.49057835,0.2951495,0.29927668,0.43430752,0.41144124,0.5721067,0.5862538,0.19476691,0.17713177,0.22818291,0.2385163,0.21908508,0.23747711,0.03627892,0.15543051,0.20869221,0.11688962,0.06631516,-0.044271406,-0.05513014,0.18055741,-0.09985701,0.09955953,0.023194037,0.03050744,0.01016832,-0.010023245,0.033143103,0.0188337,0.039025795,0.3064638,0.41567415,0.47014508,0.60144925,0.38680014,0.3482858,0.42449778,0.3954942,-0.04560212,-0.0068747187,0.06616339,0.16835842,0.31758922,0.52731615,0.51715684
0.57039523,0.5138455,0.7582857,0.70710766,0.052817155,0.34940422,0.58582306,0.5670176,0.6861736,0.48894694,0.54556334,0.42900836,0.61295646,0.38642117,0.65097207,0.54793787,0.4710523,0.42814052,0.6091275,0.6699382,0.5572425,0.1917126,1.0,0.822901,0.40562668,0.5064713,-0.0736033,-0.14674945,0.5538437,0.51872826,0.47342473,0.4968633,0.46647337,0.5618592,0.31262955,0.6393617,0.3035868,0.18365827,0.06840388,0.29353023,0.5741937,0.31976637,0.49504733,0.5355244,0.3216176,0.5108635,0.5075649,0.54143554,-0.0755837,0.26761633,0.23784654,0.091675535,0.26218322,0.116670065,0.44279554,0.39897352,0.4986069,0.4462419,0.19923382,0.14592446,0.37748203,0.25665638,0.33729756,0.2850737,0.17496619,0.18049625,0.5313477,0.61446685,0.44441637,0.5783886,0.18399435,0.3557918,0.4420312,0.49600577,0.39057222,0.3005789,0.083100446,0.27513924,0.56585264,0.4211773,0.69367033,0.53767216,0.45622945,0.43390432,0.5696108,0.3463167,0.34882253,0.21664509,0.2650327,0.106420144,0.4248987,0.2502482,0.0056690406,-0.120960824,0.48126206,0.39457804,0.4938297,0.4295036,0.4743764,0.43024638,0.05226514,-0.12645558,0.30391055,0.17893985,0.19002153,0.115750074,-0.32407427,-0.12200859,0.38512632,0.5477338,0.51943594,0.5520285,0.4305097,-0.025039546,0.121968426,0.13611884
0.39404005,0.5719749,0.69378614,0.80155593,0.23244543,0.22286381,0.41654843,0.6279536,0.6002689,0.5613742,0.47465542,0.5204638,0.5221508,0.4866312,0.60085326,0.628692,0.43910265,0.46431848,0.5823941,0.6375647,0.5426627,0.21111248,0.822901,1.0,0.4195268,0.5295836,0.0049212314,-0.11563082,0.5622083,0.53459734,0.5267369,0.629268,0.4258359,0.586435,0.2744014,0.64792913,0.2868678,0.2771829,0.047279354,0.3049245,0.48647833,0.38317797,0.45632964,0.49295095,0.33456928,0.46493006,0.4485399,0.49991947,-0.035047565,0.30710647,0.1380339,0.10501402,0.16651687,0.005795432,0.40984482,0.44724214,0.34492132,0.48734346,0.13364898,0.11082041,0.2958064,0.29741618,0.108076945,0.41507936,0.061286774,0.28059128,0.47009918,0.6023651,0.41253632,0.54864794,0.28007546,0.51297474,0.53426003,0.5243674,0.48030156,0.38571385,0.095499866,0.32032242,0.5818512,0.44463575,0.5385267,0.65021145,0.3547231,0.52742183,0.3710961,0.5718896,0.21037166,0.3805988,0.17258616,0.24378845,0.38872442,0.3501767,-0.0041528177,0.06507149,0.39916962,0.3704422,0.42147264,0.397802,0.43886834,0.4325304,0.13332625,-0.03735997,0.32599828,0.26681858,0.26700974,0.27294683,-0.19011417,-0.089929566,0.35521063,0.49906093,0.43588114,0.5181146,0.41256806,0.028039081,0.15737113,0.1746116
0.11714586,0.12910542,0.35505116,0.30483434,0.46695948,0.5762376,0.29326475,0.3876604,0.6016382,0.6528905,0.2787525,0.27288064,0.39674932,0.37100777,0.3361215,0.35689923,0.33573967,0.37793598,0.2311252,0.216828,0.15504254,0.046041973,0.40562668,0.4195268,1.0,0.8631183,-0.07171481,0.28378493,0.24860333,0.30715626,0.53197134,0.4437206,0.29560694,0.37934428,0.31347612,0.4496179,0.27402568,0.38669583,0.29440394,0.3758886,0.3084324,0.29375082,0.41593248,0.33720684,0.15116157,0.42770547,0.34832668,0.34876326,-0.2801013,0.2577534,0.09174456,-0.010593056,0.38597867,0.11419664,0.2318963,0.26232967,0.08632969,0.24877746,-0.11326765,-0.113855064,-0.09868787,0.15075788,0.017712055,0.108467504,-0.16129556,-0.107276246,0.34871078,0.44252262,0.10569981,0.36998004,0.1855731,0.29703277,0.23445264,0.24051881,0.224803,0.2474811,0.11506901,0.27220812,0.16132316,0.17088968,0.17011653,0.23005134,0.44881675,0.36916235,0.21934035,0.4724262,0.52841175,0.56079286,0.41546378,0.3355728,0.35759848,0.38489005,0.16088393,0.12248004,0.26706624,0.2515182,0.29767948,0.32054144,0.3103923,0.34803477,0.27661416,0.051099382,0.39677545,0.39167133,0.27543375,0.31894395,-0.12227914,0.12508225,0.2447334,0.4013781,0.33954775,0.3725233,0.39398864,0.08272907,0.13334231,0.23013331
0.20109202,0.20426905,0.44067985,0.4511982,0.3411213,0.65477216,0.39185643,0.48281673,0.6118301,0.7107065,0.30965963,0.31348765,0.45348126,0.38842887,0.42703068,0.4275702,0.359288,0.33389154,0.3111488,0.35861248,0.31357932,0.13697071,0.5064713,0.5295836,0.8631183,1.0,-0.023578402,0.20492142,0.30444932,0.36933726,0.5696104,0.5020395,0.31348068,0.45729974,0.3020771,0.5549531,0.36443537,0.42872652,0.27494782,0.3821048,0.4486858,0.35560662,0.42492777,0.36630952,0.13511282,0.48571303,0.410084,0.3776675,-0.18700624,0.35121974,0.061224792,0.07007438,0.40835646,0.119759746,0.30562866,0.31983194,0.1997043,0.29680547,0.019299095,0.0016377402,0.058619767,0.2445722,0.11626399,0.17062426,-0.083536774,0.012349642,0.37422615,0.526447,0.23679195,0.44052377,0.25716034,0.34865743,0.30006167,0.33705714,0.26130772,0.26279175,0.1553633,0.3824311,0.24608548,0.19618388,0.30844763,0.33422866,0.50174475,0.42151752,0.292426,0.5529301,0.52369344,0.5488823,0.40146974,0.30180386,0.4226001,0.41431594,0.11689238,0.07211585,0.25816488,0.20932785,0.30838105,0.3201084,0.39995962,0.4022187,0.3012113,0.08564347,0.5155406,0.4439591,0.3900862,0.36899918,-0.09748318,0.10800399,0.31720278,0.36456946,0.33004922,0.41337353,0.45670068,0.1301504,0.24081872,0.28749824
-0.27689603,-0.064668074,-0.29032868,-0.11568805,0.11960575,-0.08604864,-0.27943227,-0.15334211,0.07400682,0.02164058,-0.03406086,0.18108174,0.01761984,0.08406373,0.28634998,0.30203706,-0.10116742,-0.079921104,-0.024488756,-0.07455053,-0.006953667,0.14117076,-0.0736033,0.0049212314,-0.07171481,-0.023578402,1.0,0.08523371,0.07290176,0.10204675,0.13268161,0.0767861,0.016234124,0.034291107,0.14266755,0.2268289,0.25153437,0.3051746,0.5084726,0.23469724,0.12066352,0.37100407,0.031825084,0.05611544,0.019675646,-0.16114378,0.0022688129,0.035629626,0.08880983,-0.09123881,-0.06723731,-0.0127678765,-0.056772113,-0.031983286,0.1680856,0.19963829,-0.3582715,-0.18114881,-0.28932273,-0.18492398,-0.28744715,-0.4177562,-0.32614732,-0.31404045,-0.09590826,-0.22454149,-0.094894044,0.042569313,-0.19857273,-0.08626047,0.14757529,0.07238054,0.14466527,0.12809259,0.21200947,0.036582943,0.2908442,0.27148092,-0.041056223,-0.0772794,0.009680725,0.21875882,0.32044658,0.3410248,0.13463889,0.20315453,0.19157222,0.18046457,0.20602094,0.4035967,0.17304753,0.3689701,0.49782985,0.45768613,-0.0001871751,2.849174e-05,0.044416104,0.11822526,0.10760718,0.14938678,0.22313637,0.29518482,0.25637347,0.18489398,0.17345418,0.2263685,0.050253518,0.056443993,-0.12783141,0.011521454,0.0012520975,0.026008273,0.16296461,0.4478987,0.088501215,0.19767529
-0.33320707,-0.25273922,-0.15483984,-0.1327118,0.47022554,0.11901213,-0.22187556,-0.12730065,0.22774336,0.17360206,0.024636902,-0.06751641,0.12750521,-0.008884052,0.057054907,0.08309933,0.0351873,0.019825911,-0.16371465,-0.26455793,-0.39497143,-0.051124725,-0.14674945,-0.11563082,0.28378493,0.20492142,0.08523371,1.0,-0.06306445,-0.02351711,0.2269261,0.11460093,-0.012595498,-0.0022158134,0.13030072,0.058663268,0.115132295,0.24294855,0.2882484,0.25095534,-0.0798184,0.12275928,0.07633688,0.015310812,0.008132177,-0.10485072,0.06419566,0.027444158,-0.003030473,0.020985305,-0.06519317,-0.30514085,0.115213655,0.13972397,-0.035525583,0.00513486,-0.34280896,-0.18906185,-0.23523124,-0.3624941,-0.4058514,-0.3362668,-0.2651799,-0.29361635,-0.08306252,-0.27390674,-0.02657318,-0.014481133,-0.32696265,-0.042236567,0.0046619396,0.10993617,-0.08401439,-0.05993096,0.015347573,0.010230755,0.18800853,0.05775968,-0.26507223,-0.21261837,-0.15907095,-0.061922543,0.20598538,0.1610611,-0.040114425,0.0929815,0.27475762,0.29056367,0.16727142,0.25902766,0.117196165,0.19655056,0.3373722,0.4225461,0.012717158,0.04154517,0.05432501,0.06997575,0.0046384376,0.05556276,0.14445272,0.08850343,0.12436179,0.24137308,0.09139103,0.19110903,0.09364262,0.07169586,-0.10664967,0.062011804,0.08269985,0.024809219,0.10621587,0.28073305,-0.012455547,0.14144416
0.62364143,0.7803881,0.62121016,0.5434022,0.13203819,0.33166975,0.50568455,0.628979,0.44481182,0.39010835,0.69293517,0.73790294,0.49639773,0.5068447,0.73277426,0.75801635,0.78281856,0.7577836,0.8266803,0.75274694,0.5251999,0.23544993,0.5538437,0.5622083,0.24860333,0.30444932,0.07290176,-0.06306445,1.0,0.91992265,0.72188944,0.6889771,0.80295676,0.8319248,0.5681969,0.6523361,0.49414888,0.44174412,0.27350396,0.51959234,0.552287,0.5323802,0.61097145,0.6982231,0.48877388,0.61869967,0.6383526,0.67917323,-0.104897246,0.37707505,0.16398148,0.2105854,0.40876514,0.16216777,0.56553733,0.5577122,0.5459793,0.7139636,0.20437421,0.15714379,0.2795639,0.21105658,0.3351538,0.45525014,-0.038981024,0.12640996,0.7081257,0.76126236,0.5630152,0.73157585,0.41943476,0.5723094,0.85184085,0.8195539,0.73221165,0.58387095,0.32988915,0.44246677,0.7752818,0.7507699,0.7197537,0.67104125,0.27369142,0.5299131,0.46817747,0.31444868,0.14073938,0.10819023,0.4887925,0.22901982,0.531635,0.46388903,0.17575152,0.057595048,0.69453907,0.66339093,0.7176723,0.6519164,0.57731974,0.5576589,0.20996833,-0.14465094,0.2777619,0.08894293,0.12386491,0.044892587,-0.2016871,-0.083869755,0.5853102,0.6962819,0.63514024,0.65691364,0.5241477,0.21324617,0.20617987,0.31380388
0.6106052,0.76084656,0.5790562,0.5222246,0.12899177,0.37590632,0.4647662,0.5832401,0.43317825,0.43229246,0.6671868,0.7300242,0.45681533,0.4862433,0.7380425,0.7706996,0.75455266,0.7552104,0.7930063,0.7296175,0.5137147,0.1909123,0.51872826,0.53459734,0.30715626,0.36933726,0.10204675,-0.02351711,0.91992265,1.0,0.7475607,0.7248115,0.8143562,0.8676318,0.5892105,0.65689,0.4473544,0.44607443,0.25810254,0.5197141,0.4991295,0.47539002,0.57535124,0.68722785,0.44944993,0.60669416,0.5996947,0.67723817,-0.10288364,0.3592235,0.18462394,0.15098965,0.3975609,0.11601527,0.48457256,0.50754,0.5401832,0.6867773,0.16446535,0.13039546,0.23493095,0.17980109,0.37322572,0.3823615,-0.047170624,0.08638132,0.6630284,0.75203526,0.5278585,0.7304417,0.40309718,0.56458956,0.8418563,0.8695946,0.7061096,0.6380495,0.31360364,0.46455708,0.7313606,0.743168,0.70217717,0.6313314,0.28449428,0.5293008,0.48241532,0.29620484,0.13332045,0.117516056,0.47962198,0.16966276,0.5292886,0.45044896,0.19343762,0.032826465,0.6746227,0.6431509,0.6917023,0.6336272,0.5503599,0.5366536,0.25140268,-0.21548767,0.25171423,0.047495402,0.07411363,0.014817229,-0.23943624,-0.09561706,0.57223785,0.6922108,0.64937073,0.6519807,0.50644046,0.18662089,0.18992676,0.29546776
0.35052016,0.46236283,0.5430099,0.5175865,0.350019,0.50775754,0.38578185,0.5043754,0.46529716,0.3957015,0.49052265,0.5250686,0.36497802,0.36178216,0.64911246,0.6553113,0.6189002,0.5575797,0.61638165,0.5856185,0.44395608,0.34780407,0.47342473,0.5267369,0.53197134,0.5696104,0.13268161,0.2269261,0.72188944,0.7475607,1.0,0.8514917,0.64999276,0.741404,0.6738367,0.66952753,0.5667787,0.58709615,0.37635016,0.5261197,0.5134597,0.5650554,0.5200561,0.5750718,0.3383913,0.51365024,0.53394383,0.56602895,-0.14127816,0.4298217,0.1897252,0.029777352,0.38284147,0.1995612,0.3821072,0.44110742,0.27648833,0.44559714,-0.014570594,-0.01836098,0.044947486,0.121544264,0.18771377,0.29441953,-0.046598718,0.029290697,0.61242086,0.73280364,0.35111046,0.6432631,0.5791411,0.71992487,0.7204122,0.7358264,0.68876153,0.63874227,0.50969094,0.6160973,0.4992181,0.4933864,0.52625006,0.54067385,0.38417262,0.50026226,0.3687404,0.38376036,0.3803772,0.28466627,0.59021336,0.29832137,0.44093245,0.49984267,0.23315957,0.2677602,0.5623597,0.55054116,0.575564,0.5381484,0.4156513,0.42633498,0.31117028,0.042391613,0.3925422,0.34381324,0.35459617,0.29762957,0.04250887,0.15099196,0.5386802,0.61326575,0.57521945,0.58721715,0.52883446,0.319924,0.33258778,0.48601812
