1.0,0.7565786,0.79058677,0.5636776,-0.46106073,-0.5748755,0.85584563,0.6407833,-0.2663764,-0.4901726,0.31955853,0.4720876,0.5823552,0.3745651,-0.29089224,-0.22575848,0.31860188,0.5448101,0.85563165,0.8175332,-0.43107653,0.069830894,0.38021603,0.3290481,-0.42507905,-0.63981247,-0.5429538,-0.6642971,0.2809654,0.32920188,0.03562972,-0.03225242,0.31405723,0.29901883,0.3608041,0.18160403,-0.1964538,0.13333969,-0.27847767,-0.031637717,0.29317144,0.19917873,0.5219151,0.507719,0.7069351,0.6552388,0.2718789,0.25848803,0.68629605,0.6644485,0.7638991,0.5279317,0.43869343,0.47865552,-0.3883142,-0.111973375,0.8479955,0.7284119,0.6966229,-0.27849302,0.83877015,0.6627479,0.80524975,0.5917062,0.76402754,0.6915355,0.6457965,0.6077468,0.80236226,0.7678926,0.09763169,-0.10792386,-0.11548959,-0.20440267,-0.2779061,-0.1481059,-0.07456695,-0.14490232,-0.3530655,0.38811606,0.475232,0.5096845,-0.01623559,-0.07988862,0.33133847,0.30134025,0.015989678,-0.05766062,-0.33978614,-0.039392903,0.13097353,-0.14946705,0.1537867,-0.15230832,0.33976427,0.26967797,0.23057756,-0.036717474,0.13557333,0.13188134,-0.059791073,0.17047074,0.1711763,0.21849632,-0.047572862,-0.14036827,0.07609999,-0.1817522,0.35125867,0.2914333,0.1496854,0.34031335,0.06973361,0.14999805,0.113809854,-0.26558986
0.7565786,1.0,0.6155901,0.55971694,-0.5164917,-0.6392373,0.6770403,0.78467345,-0.48687097,-0.50616485,0.16921939,0.5344797,0.41553462,0.46359092,-0.39074284,-0.2762751,0.33001745,0.45041507,0.7215721,0.75411266,-0.42165476,-0.19123712,0.267707,0.30144587,-0.47094846,-0.5662254,-0.5364124,-0.6159817,0.25535858,0.04566754,-0.101484545,0.012609595,0.1333027,0.2689544,0.23423515,0.111771084,-0.22275023,-0.14204368,-0.26417312,-0.20337763,0.3417274,-0.12676758,0.44291955,0.36333954,0.6811998,0.59491575,0.16111691,0.13749945,0.67584527,0.68206424,0.6216118,0.65801847,0.23339808,0.55137867,-0.4210173,-0.32021183,0.65158516,0.8743638,0.7529335,-0.23198679,0.73989606,0.7692927,0.58557904,0.80003875,0.6507634,0.751141,0.6479551,0.5101258,0.7675799,0.7649863,-0.09420325,-0.10970852,-0.02989778,-0.37737203,-0.3320436,-0.32970148,-0.13172564,-0.18904632,-0.25378287,0.2177822,0.2762625,0.5103753,-0.20704164,-0.07351347,0.09568312,0.38549805,-0.030597419,-0.21191628,-0.4727837,0.01362793,0.03233934,-0.07538708,0.077919476,-0.08826414,0.19795248,0.15091856,0.17648159,-0.14367536,0.09507878,0.0024703373,-0.11919482,0.22487918,0.14061448,0.19543321,-0.093098894,-0.18472499,0.15686972,-0.08247398,0.40026736,0.23705073,0.06819274,0.23941275,0.04629941,0.14277199,0.02552238,-0.25446633
0.79058677,0.6155901,1.0,0.64896137,-0.26873288,-0.3862965,0.8266567,0.66663593,-0.10705995,-0.3151644,0.4228361,0.5113053,0.61602795,0.44691223,-0.12350856,-0.09519554,0.38567686,0.51426,0.80677694,0.8255235,-0.21892388,0.18426792,0.5262316,0.36037537,-0.26046896,-0.4646476,-0.4057279,-0.5019382,0.39174867,0.41185677,0.26160613,0.113845386,0.42113888,0.38261038,0.435563,0.31259468,0.014035863,0.1964246,-0.10566261,0.07001718,0.2490939,0.25323266,0.5680086,0.55411,0.7170466,0.69685805,0.42017794,0.34052244,0.65871197,0.6322526,0.7439506,0.5249432,0.4738739,0.46322057,-0.2063009,-0.010075075,0.75319064,0.60837936,0.60011387,-0.17155117,0.7457705,0.51153487,0.7844052,0.46201634,0.70903367,0.70119745,0.6891015,0.70802563,0.7051623,0.6409275,0.29909796,0.08354042,0.03794971,-0.012159063,-0.11939823,0.0011772186,0.11893961,0.036444247,-0.13738558,0.41143268,0.5664975,0.5077421,0.13993405,0.028387796,0.44090077,0.39630148,0.059666555,0.07698887,-0.16517991,0.079458214,0.31175,0.035721168,0.33171332,0.065761045,0.38477618,0.31560603,0.31361857,0.04043199,0.23998155,0.1674672,0.20167585,0.3664356,0.3339383,0.40596765,0.0596192,-0.03269124,0.12640718,-0.1023653,0.27149764,0.41643214,0.22503315,0.31362215,0.06264088,0.19414788,0.16877972,-0.10457583
0.5636776,0.55971694,0.64896137,1.0,-0.100675866,-0.27917373,0.6054094,0.75135726,-0.10902701,-0.123944044,0.49052015,0.64922875,0.60906744,0.6262794,0.0007481612,0.07644849,0.61787933,0.5296165,0.6408131,0.7669354,0.016490081,0.24138223,0.6177895,0.6824688,0.008485599,-0.10868748,-0.12766573,-0.2772701,0.5446265,0.36216062,0.34356257,0.4109132,0.49481317,0.5304469,0.43497595,0.4932006,0.30887055,0.23717387,0.20673385,0.22495317,0.4698324,0.20173185,0.5402653,0.49629846,0.63640296,0.56467783,0.5241746,0.37029624,0.5559541,0.46175677,0.6427566,0.66134226,0.45122385,0.45429134,0.018530346,0.07383976,0.54893875,0.6328221,0.46780273,0.10725975,0.615591,0.53642124,0.57362664,0.614094,0.60455966,0.7252299,0.7327416,0.71478856,0.7064454,0.540532,0.42894185,0.3306837,0.34384298,0.07884273,0.06976238,0.14715834,0.35409132,0.31608146,0.053796828,0.49075505,0.54086024,0.6112944,0.24454041,0.2871763,0.4992754,0.64925367,0.36298022,0.21610066,-0.013216877,0.38025442,0.39269158,0.250011,0.36591694,0.26515216,0.34434038,0.20681715,0.44856924,0.18700401,0.266514,0.16901699,0.3183036,0.38405016,0.5694206,0.5744505,0.25375065,0.21862938,0.30454957,0.17760104,0.29869154,0.5059564,0.47953996,0.28183433,0.11413053,0.36624798,0.44838876,0.1486069
-0.46106073,-0.5164917,-0.26873288,-0.100675866,1.0,0.8457466,-0.38323337,-0.3098871,0.4920312,0.8045514,0.32464194,0.007852879,0.09661092,0.13324106,0.791885,0.74409586,0.17363097,0.08832236,-0.2854256,-0.2761121,0.56882113,0.4737319,0.13512051,0.030590288,0.5602766,0.71024966,0.7186556,0.76382697,0.34590986,0.38278908,0.43832165,0.34450784,0.3255491,0.33600587,0.13086838,0.3272867,0.59992194,0.43591738,0.6405875,0.40888274,-0.042758986,0.34805286,-0.035333816,0.029901046,-0.26174143,-0.25369677,0.18106373,0.22423357,-0.23710197,-0.3154816,-0.32563406,-0.31212935,0.119902045,-0.058199175,0.6942065,0.55824804,-0.4533735,-0.45761886,-0.56372595,0.4105097,-0.3428599,-0.44401136,-0.24703227,-0.3568458,-0.301153,-0.1827898,-0.21440682,-0.080249056,-0.44780755,-0.47281915,0.4410605,0.55246633,0.53515804,0.54745126,0.6862381,0.58461726,0.53685015,0.59215736,0.56723046,0.13349389,0.26714,0.0635633,0.53974104,0.5659383,0.28903064,0.19577608,0.27640542,0.5014418,0.68983066,0.50333226,0.42243326,0.5841485,0.2319125,0.4629513,0.130113,0.038254887,0.27183476,0.4000223,0.29058382,0.31683078,0.39023277,0.15300755,0.29045904,0.27878863,0.43656746,0.49101776,0.22342297,0.28353873,-0.11692517,0.09341231,0.19457503,0.056282695,0.096464604,0.23358475,0.25991926,0.55438703
-0.5748755,-0.6392373,-0.3862965,-0.27917373,0.8457466,1.0,-0.4702087,-0.4756951,0.56191427,0.8479918,0.21904244,-0.12167795,-0.0466294,-0.043715928,0.7129818,0.6802732,0.03102891,-0.018660137,-0.4284186,-0.45212704,0.56551766,0.46407375,-0.00026795405,-0.12013714,0.57773226,0.7285801,0.7562166,0.8369523,0.17002632,0.31358716,0.34382385,0.24499832,0.16997698,0.18027356,0.021920169,0.23029755,0.48203284,0.42714998,0.5671483,0.41443864,-0.15596305,0.33177373,-0.16560853,-0.0906959,-0.38197577,-0.30736378,0.05983214,0.1204515,-0.34301603,-0.36969587,-0.4318527,-0.3943108,0.020815594,-0.19568333,0.6598243,0.559026,-0.52630603,-0.61446667,-0.63558424,0.38885784,-0.4385295,-0.5362616,-0.3585184,-0.50887626,-0.43845242,-0.32667074,-0.35171124,-0.23357208,-0.58357674,-0.59350514,0.40223935,0.49722397,0.3954856,0.602241,0.64388204,0.6009089,0.491709,0.5428791,0.48362654,0.04816215,0.11206655,-0.06726894,0.44513866,0.48239797,0.15082215,-0.015963214,0.19250464,0.41070917,0.63707393,0.32378194,0.29331055,0.48718956,0.097696975,0.33455524,0.09763371,0.010219539,0.15758315,0.40648744,0.18703131,0.28606886,0.35078952,-0.01186876,0.22020699,0.12057684,0.3810325,0.4352402,0.12954432,0.1969247,-0.19708358,0.035756104,0.08053235,-0.009018235,0.06215273,0.19225536,0.21296233,0.48431748
0.85584563,0.6770403,0.8266567,0.6054094,-0.38323337,-0.4702087,1.0,0.68824637,-0.19771755,-0.36719868,0.3514483,0.4987187,0.5662812,0.4206966,-0.28524247,-0.22014627,0.33229336,0.5037416,0.79297256,0.7801553,-0.36487716,0.12897371,0.36175165,0.28038287,-0.38800383,-0.5799957,-0.51874375,-0.61600906,0.2922538,0.3409866,0.08316333,-0.038988534,0.302115,0.23246984,0.3852208,0.29545888,-0.16805868,0.17784311,-0.22746858,0.0113240285,0.24087432,0.18454568,0.5034704,0.5089182,0.7526612,0.77190816,0.3201003,0.2422554,0.68173814,0.6882517,0.80217713,0.59878033,0.43691692,0.43768933,-0.31928453,-0.0869945,0.8087275,0.6490588,0.68718594,-0.22929555,0.82531524,0.6080331,0.8469774,0.5323013,0.7887807,0.72659457,0.6994593,0.6694763,0.75627995,0.7169041,0.19465956,-0.08586503,-0.09397992,-0.11670485,-0.25573343,-0.10214072,-0.006085752,-0.0772641,-0.34869716,0.35218886,0.50687873,0.5009684,-0.0038532168,-0.093696706,0.32487366,0.31027108,0.007512299,-0.03671284,-0.30327126,-0.07394728,0.18671443,-0.088290714,0.1872966,-0.10863634,0.34524772,0.2794313,0.24378912,-0.011722048,0.097554065,0.11142412,0.056098294,0.18526357,0.22263227,0.25045538,-0.023654558,-0.07656389,0.1508169,-0.1766688,0.28150743,0.33413973,0.18436529,0.2660011,-0.05606929,0.17048353,0.16454935,-0.22770846
0.6407833,0.78467345,0.66663593,0.75135726,-0.3098871,-0.4756951,0.68824637,1.0,-0.41117102,-0.30122823,0.28901884,0.63560426,0.45253977,0.6659907,-0.2713585,-0.12688611,0.49866113,0.5367433,0.63674647,0.74877983,-0.21150436,-0.05446711,0.3408097,0.3820368,-0.3445905,-0.38249046,-0.4395602,-0.50709516,0.4559552,0.20238344,0.06599338,0.1716421,0.28659883,0.3828311,0.2969345,0.34936866,0.030978598,-0.03810039,-0.061944395,-0.05379703,0.42778137,-0.011864333,0.4611584,0.42030936,0.7236495,0.6714155,0.31331962,0.19962172,0.6835997,0.6541707,0.63371027,0.74057996,0.28726453,0.53673863,-0.24085556,-0.20235997,0.5517716,0.8143265,0.64979655,-0.052751824,0.655865,0.6735436,0.58243614,0.77240956,0.6446964,0.8356571,0.74217427,0.66096425,0.72571415,0.68286085,0.13908057,0.105891295,0.20983002,-0.15421718,-0.14531448,-0.105483755,0.09083807,0.051969353,-0.074711196,0.30583903,0.39806437,0.6634673,-0.05182821,0.12060497,0.1784693,0.5724915,0.046064794,-0.05956966,-0.32806018,0.1648667,0.20530824,0.11585101,0.20042805,0.12753841,0.18487872,0.16159792,0.2919684,-0.033998493,0.13451521,-0.002966235,0.113441855,0.31458926,0.3623113,0.39973617,0.033335343,0.0338484,0.24510305,0.051685978,0.40179828,0.34952903,0.19198664,0.22048539,-0.023630999,0.2435578,0.23336731,-0.05542309
-0.2663764,-0.48687097,-0.10705995,-0.10902701,0.4920312,0.56191427,-0.19771755,-0.41117102,1.0,0.53318137,0.38954997,-0.036998592,0.15087365,0.02048087,0.59429306,0.5675159,0.18406461,0.046214156,-0.14403452,-0.21775582,0.5194291,0.3912564,0.15688896,-0.00029749278,0.4942437,0.51609206,0.6298746,0.59845424,0.20656401,0.41659212,0.36748773,0.18276319,0.3740847,0.27165273,0.28979734,0.30205563,0.45845988,0.5634116,0.45362243,0.5819849,-0.04328584,0.43255666,0.10606647,0.14241065,-0.15829422,-0.14595032,0.28913975,0.35108218,-0.13998017,-0.22226259,-0.15766233,-0.30869675,0.33743066,-0.08301923,0.6074233,0.5734608,-0.17750417,-0.46012115,-0.43811965,0.22871304,-0.2220045,-0.40945235,-0.04460346,-0.43223533,-0.16517025,-0.21833989,-0.16919324,0.0026557,-0.32582194,-0.4734391,0.39494246,0.4887116,0.23191495,0.5307197,0.5688866,0.53453916,0.4515,0.45729673,0.43054166,0.2159639,0.31758377,0.0051211957,0.53303003,0.3888282,0.39457384,0.07168317,0.35899752,0.5394887,0.6795341,0.35604307,0.4546323,0.40966552,0.30221626,0.36489096,0.3312364,0.17062229,0.26829842,0.47959948,0.34850118,0.42302102,0.3948012,0.04539876,0.33676168,0.27971664,0.44794706,0.4602812,0.06263601,0.24459031,-0.11968702,0.22177228,0.26222152,0.24474847,0.25432172,0.32493198,0.38061917,0.41553286
-0.4901726,-0.50616485,-0.3151644,-0.123944044,0.8045514,0.8479918,-0.36719868,-0.30122823,0.53318137,1.0,0.31748298,0.111035846,0.0697268,0.19906253,0.71506876,0.7543521,0.15263225,0.15676071,-0.35996634,-0.33565235,0.5768625,0.48967266,0.013993089,-0.036807746,0.52992016,0.70847386,0.69265383,0.7834552,0.28983957,0.38889772,0.35181445,0.2788203,0.22669117,0.28476658,0.120755196,0.3620607,0.5243302,0.47249615,0.6222625,0.4602254,-0.083774276,0.31023583,-0.09433906,0.022313803,-0.24059555,-0.1381719,0.14842851,0.2198626,-0.20663962,-0.20777805,-0.30829138,-0.21322401,0.14521073,-0.010643176,0.6953636,0.5946706,-0.48857468,-0.4901347,-0.5786239,0.33070132,-0.34015587,-0.47177032,-0.26421475,-0.3930552,-0.30968478,-0.15896001,-0.22681472,-0.092472665,-0.4950514,-0.5223055,0.4392935,0.5529399,0.5126593,0.65358377,0.6620283,0.64892673,0.5405474,0.60661274,0.5167251,0.1319222,0.18511808,0.109044924,0.46035618,0.5471242,0.19696389,0.14894329,0.24912931,0.44039524,0.6233176,0.4274147,0.38784042,0.6042693,0.16136436,0.39339224,0.11825819,0.11282478,0.24651712,0.45923388,0.27598998,0.38463756,0.44419655,0.06754499,0.36353162,0.2384766,0.40835118,0.45444322,0.1652861,0.2253469,-0.09900496,0.08005864,0.13007559,0.100813285,0.082860775,0.3006116,0.29949066,0.50420904
0.31955853,0.16921939,0.4228361,0.49052015,0.32464194,0.21904244,0.3514483,0.28901884,0.38954997,0.31748298,1.0,0.656594,0.7458244,0.61548567,0.49149016,0.4889774,0.76606345,0.62895954,0.37471136,0.42141894,0.33218735,0.3528394,0.56179655,0.42539766,0.3077497,0.2635767,0.32344353,0.18358983,0.7281511,0.5983342,0.55699503,0.44612437,0.6828331,0.71161544,0.64597327,0.65368354,0.49632898,0.62359446,0.50962263,0.45282522,0.44989085,0.51772374,0.4705926,0.45949277,0.44936708,0.3668566,0.48861158,0.43169355,0.42996258,0.2740824,0.40778136,0.3705027,0.53542316,0.33035117,0.45017982,0.41971046,0.32915866,0.19523492,0.026250642,0.12666857,0.39604473,0.11483473,0.51031876,0.27348718,0.46333724,0.49980384,0.43294308,0.5235231,0.23058477,0.09653339,0.47450048,0.5388269,0.53235066,0.35363021,0.52148455,0.5555479,0.548849,0.5347378,0.37047064,0.6170267,0.75507724,0.63424593,0.6036206,0.5420293,0.6577868,0.62418455,0.50011224,0.5627671,0.48279384,0.55760455,0.6909918,0.54008514,0.53048813,0.51472753,0.5216431,0.22914582,0.5506797,0.35194102,0.42923716,0.40014416,0.43947634,0.45533112,0.61137784,0.6079545,0.57705355,0.501649,0.41384065,0.28913167,0.20519225,0.4639641,0.4613683,0.33878347,0.2744778,0.3771155,0.43246368,0.39759156
0.4720876,0.5344797,0.5113053,0.64922875,0.007852879,-0.12167795,0.4987187,0.63560426,-0.036998592,0.111035846,0.656594,1.0,0.71522737,0.8097742,0.15437528,0.29222834,0.68799514,0.6601618,0.4770922,0.5613642,0.06424816,0.16150072,0.50852424,0.49255112,0.050810203,0.032309756,0.0050794627,-0.1236089,0.6073011,0.42889062,0.40478215,0.46346164,0.47025183,0.63299125,0.5510835,0.56657845,0.2411876,0.31579974,0.30138624,0.27626768,0.43157625,0.28333196,0.50505334,0.50759083,0.619396,0.59623206,0.38797748,0.36823905,0.62275606,0.54872024,0.59549296,0.72342587,0.42287087,0.51410544,0.13046412,0.15630193,0.38973373,0.4772839,0.33771393,-0.07891548,0.5532999,0.3469383,0.49301878,0.52767617,0.65376574,0.72136945,0.5417117,0.54965985,0.45803136,0.32276258,0.3175574,0.34065378,0.41586924,0.13862212,0.20791195,0.28365323,0.36942807,0.34001142,0.1653451,0.58284783,0.54295474,0.70147866,0.3339481,0.36934772,0.48614886,0.6987298,0.40880716,0.30224994,0.101800926,0.44704157,0.471683,0.38946018,0.33270472,0.25928026,0.42073423,0.29275838,0.46557832,0.24052514,0.32276297,0.26416466,0.2740149,0.35254475,0.57911503,0.48962957,0.29380932,0.24960905,0.3008383,0.090812944,0.30980465,0.39151147,0.40459156,0.32897523,0.19718374,0.27965355,0.34552747,0.1425197
0.5823552,0.41553462,0.61602795,0.60906744,0.09661092,-0.0466294,0.5662812,0.45253977,0.15087365,0.0697268,0.7458244,0.71522737,1.0,0.62841547,0.34652808,0.34172434,0.624338,0.6238326,0.6329548,0.6543005,0.04623455,0.36053094,0.72705513,0.5491265,0.14853674,-0.0010620044,0.046995185,-0.14376076,0.59895086,0.55440617,0.5286402,0.45485258,0.6036332,0.6384922,0.6556908,0.5070612,0.3181357,0.5087383,0.30057737,0.35244972,0.42288423,0.44188797,0.6181122,0.622844,0.62062365,0.5534,0.5030331,0.52126765,0.55055916,0.47093046,0.66543025,0.50016254,0.6031014,0.486982,0.21178524,0.3460572,0.52292603,0.38532323,0.25154734,-0.111202836,0.5999214,0.29412752,0.6557591,0.36588314,0.64957786,0.56124675,0.58160985,0.6234604,0.4958507,0.34905264,0.42650008,0.34032542,0.35230342,0.23156546,0.2873594,0.41204697,0.41212362,0.3562587,0.13218337,0.65637225,0.7056045,0.58866197,0.48272508,0.32404447,0.75666046,0.6294878,0.48434868,0.4358264,0.28090543,0.48587215,0.5562171,0.3380689,0.47334978,0.27822798,0.5004047,0.3258716,0.50996983,0.316106,0.40873304,0.41307127,0.36530963,0.47317445,0.54821295,0.58789414,0.33815628,0.2643763,0.3032032,0.09939718,0.35525423,0.50468916,0.50528276,0.43076167,0.29260996,0.33851004,0.33445996,0.13858278
0.3745651,0.46359092,0.44691223,0.6262794,0.13324106,-0.043715928,0.4206966,0.6659907,0.02048087,0.19906253,0.61548567,0.8097742,0.62841547,1.0,0.25177255,0.42557755,0.71340847,0.7190581,0.42136025,0.5222768,0.2060198,0.23026344,0.39473832,0.40487692,0.007178638,0.0725748,0.015897483,-0.06379297,0.733592,0.5100002,0.34603447,0.4024928,0.5488362,0.6801885,0.50771356,0.6332642,0.38767162,0.3070024,0.34910628,0.2754286,0.4695339,0.2783254,0.5645107,0.5931609,0.63061804,0.59652984,0.49423426,0.4840554,0.6257243,0.5428834,0.48861074,0.6203383,0.51038486,0.61967045,0.23523858,0.21164057,0.27577123,0.48377192,0.21829619,0.07184471,0.41370696,0.30026487,0.44492736,0.50796497,0.5220567,0.7139932,0.5552299,0.64021474,0.39054674,0.25391027,0.30236965,0.45126495,0.5644683,0.22074382,0.33040276,0.38299254,0.42148462,0.41561317,0.3667734,0.55736715,0.6232758,0.7986374,0.37051353,0.49613765,0.44957608,0.7879051,0.34659272,0.35648853,0.1592392,0.57585466,0.5711377,0.53787583,0.44506338,0.41084674,0.392036,0.30037203,0.5340068,0.29976285,0.44742155,0.3224961,0.35925883,0.43901926,0.6203848,0.57932216,0.36596462,0.32857224,0.32976332,0.2253152,0.38974908,0.4494437,0.36756027,0.43554458,0.21710935,0.39889938,0.47676346,0.23436575
-0.29089224,-0.39074284,-0.12350856,0.0007481612,0.791885,0.7129818,-0.28524247,-0.2713585,0.59429306,0.71506876,0.49149016,0.15437528,0.34652808,0.25177255,1.0,0.8273122,0.31372896,0.23943919,-0.118650846,-0.10622511,0.60034966,0.53239363,0.37344435,0.17242788,0.5912617,0.6547285,0.69910294,0.68761617,0.48902625,0.5140404,0.58900857,0.44531742,0.5089225,0.52451867,0.3734127,0.4262564,0.71028155,0.5809924,0.6942326,0.53800255,0.12776673,0.47416705,0.14758389,0.23880112,-0.12813064,-0.17066148,0.34967938,0.43377194,-0.076511905,-0.15991613,-0.16746302,-0.25426823,0.39653984,0.14050777,0.7718762,0.6982447,-0.2983395,-0.3684686,-0.5250683,0.33001238,-0.2305517,-0.4218515,-0.095158726,-0.30111945,-0.17065358,-0.12405323,-0.11770536,0.073186666,-0.32824245,-0.41937843,0.512662,0.64384687,0.62242824,0.6029028,0.7833908,0.7197545,0.6363391,0.6205661,0.67994374,0.27924678,0.4652822,0.17442322,0.7173815,0.6422213,0.5670074,0.34551325,0.52285385,0.69337094,0.83679694,0.67077374,0.6325017,0.6880421,0.4250468,0.56772816,0.30815515,0.17761326,0.43359667,0.49558473,0.53557503,0.53892726,0.5134476,0.35112974,0.45660675,0.46392065,0.5641707,0.55858934,0.24355178,0.34179804,0.033469025,0.22199108,0.2769681,0.3002333,0.36269006,0.29165447,0.3364564,0.56961125
-0.22575848,-0.2762751,-0.09519554,0.07644849,0.74409586,0.6802732,-0.22014627,-0.12688611,0.5675159,0.7543521,0.4889774,0.29222834,0.34172434,0.42557755,0.8273122,1.0,0.3862332,0.433668,-0.04506319,-0.05284035,0.56590235,0.56185585,0.3231666,0.20245941,0.54604316,0.6626271,0.69383526,0.6752338,0.5699632,0.64739996,0.5639471,0.5021046,0.5285816,0.6232496,0.365519,0.51725787,0.6880693,0.6328068,0.70285326,0.6433143,0.17834906,0.5502972,0.23830864,0.33211678,-0.034188747,-0.022914259,0.38374647,0.5232624,0.072005436,-0.0023986348,-0.070881635,-0.12424876,0.46425924,0.2800409,0.7214035,0.73335755,-0.23863146,-0.23501994,-0.4324696,0.28426135,-0.1264447,-0.3203508,-0.050583664,-0.16131654,-0.11337267,0.024320899,-0.014970315,0.14941673,-0.24173796,-0.36499128,0.5227019,0.71910006,0.6345771,0.6801937,0.7393379,0.7424547,0.66307735,0.6950949,0.64389634,0.41368192,0.50258577,0.38243067,0.69029784,0.7505719,0.5237244,0.45241275,0.50845593,0.68007416,0.6920533,0.71785754,0.60286814,0.72295326,0.38284433,0.4784858,0.38662064,0.28532642,0.4956505,0.60140824,0.5417118,0.5856565,0.4576464,0.20887807,0.5209026,0.42726165,0.51020604,0.5405753,0.2139266,0.21555391,0.1162919,0.29970694,0.32945547,0.3867506,0.35088393,0.44970563,0.43611196,0.5510351
0.31860188,0.33001745,0.38567686,0.61787933,0.17363097,0.03102891,0.33229336,0.49866113,0.18406461,0.15263225,0.76606345,0.68799514,0.624338,0.71340847,0.31372896,0.3862332,1.0,0.69816023,0.38505703,0.46912536,0.34434733,0.16940609,0.5321385,0.5400945,0.28467086,0.2547646,0.23504843,0.08405555,0.7708809,0.49150705,0.5246616,0.5706073,0.7060971,0.77879363,0.62700623,0.66446674,0.51766086,0.467034,0.5058324,0.39016703,0.55842465,0.35378614,0.5574438,0.50079817,0.5522136,0.40119025,0.53569156,0.48951808,0.5319475,0.32737455,0.44221702,0.55487293,0.4718136,0.43400753,0.38353053,0.2730672,0.32683396,0.43489778,0.17090543,0.16342546,0.39396736,0.30965072,0.44592863,0.5441189,0.4825349,0.620097,0.55237454,0.5716129,0.34711203,0.2256253,0.35514593,0.57834774,0.62644243,0.24236073,0.45047757,0.4131137,0.5224938,0.53769505,0.43407622,0.6667249,0.69717664,0.76412743,0.50743425,0.5615408,0.5923069,0.80591094,0.55476934,0.5112947,0.325543,0.66332585,0.6217256,0.52699095,0.44597793,0.47730276,0.501927,0.23164636,0.5937208,0.36528185,0.42913574,0.3044507,0.39816776,0.46820176,0.6577117,0.6812002,0.54801613,0.5085469,0.48237926,0.34928167,0.36439523,0.5832462,0.5068013,0.3703201,0.28358656,0.37660593,0.5075915,0.395775
0.5448101,0.45041507,0.51426,0.5296165,0.08832236,-0.018660137,0.5037416,0.5367433,0.046214156,0.15676071,0.62895954,0.6601618,0.6238326,0.7190581,0.23943919,0.433668,0.69816023,1.0,0.56591636,0.5865606,0.13778485,0.37747866,0.4240535,0.41601822,0.03751301,-0.017693516,0.021992924,-0.04809199,0.7010901,0.70303106,0.40285492,0.38042557,0.63134,0.72870594,0.55953455,0.5972146,0.32383555,0.4910684,0.29279324,0.3749312,0.38558257,0.46159303,0.59123397,0.64110065,0.60441667,0.57497007,0.5062706,0.57200104,0.6862705,0.6326351,0.56054586,0.5038591,0.63357705,0.6596338,0.21487339,0.3543096,0.46765715,0.5072055,0.2518293,0.03286902,0.5587204,0.38206616,0.5749893,0.5084235,0.5096618,0.68198425,0.56692606,0.6246896,0.44069114,0.38618335,0.378715,0.48916456,0.4652011,0.34288257,0.31479397,0.4412405,0.40362155,0.4292746,0.23429194,0.6761611,0.7105691,0.8703326,0.39169076,0.52893746,0.5162941,0.65936685,0.35134298,0.37961406,0.11243438,0.5195466,0.5318045,0.48034734,0.3607664,0.25570834,0.51035506,0.44175026,0.5377851,0.41389996,0.4716519,0.4697306,0.30565646,0.33229855,0.5477291,0.49476188,0.3533759,0.2657776,0.2789166,0.089565046,0.43683055,0.46898285,0.35174486,0.531446,0.32521218,0.4444809,0.45682096,0.19090502
0.85563165,0.7215721,0.80677694,0.6408131,-0.2854256,-0.4284186,0.79297256,0.63674647,-0.14403452,-0.35996634,0.37471136,0.4770922,0.6329548,0.42136025,-0.118650846,-0.04506319,0.38505703,0.56591636,1.0,0.8664836,-0.2565308,0.20238712,0.5503349,0.4295666,-0.2514941,-0.45393878,-0.37433815,-0.49248862,0.40999678,0.39343557,0.21321471,0.13152185,0.4521484,0.45586836,0.4391473,0.2836419,0.008821145,0.20748423,-0.0922238,0.10168045,0.32209575,0.23422985,0.63178176,0.56869364,0.71608096,0.63949645,0.4457806,0.41049808,0.68143266,0.6393928,0.75420606,0.48714828,0.5446458,0.5799265,-0.20289208,0.039543316,0.78818214,0.7429958,0.65147203,-0.14075899,0.8158208,0.6243761,0.7844053,0.6005612,0.72811717,0.697419,0.7240867,0.6941105,0.83777344,0.720171,0.26144585,0.09530691,0.045450177,-0.080588765,-0.12331449,-0.05032809,0.10403491,0.04348905,-0.20135957,0.42606276,0.58119035,0.539891,0.10559564,0.07785181,0.47006422,0.41667473,0.14901413,0.058727857,-0.19741246,0.156108,0.27303475,0.03713339,0.28025943,0.0040319553,0.4623789,0.35291654,0.3761869,0.12335704,0.28524736,0.27913734,0.09767346,0.2645502,0.3087927,0.39089888,0.08438924,-0.01839814,0.21152084,-0.105931096,0.36333805,0.42800963,0.29373303,0.40523255,0.13669936,0.35231805,0.19738089,-0.116362505
0.8175332,0.75411266,0.8255235,0.7669354,-0.2761121,-0.45212704,0.7801553,0.74877983,-0.21775582,-0.33565235,0.42141894,0.5613642,0.6543005,0.5222768,-0.10622511,-0.05284035,0.46912536,0.5865606,0.8664836,1.0,-0.20396063,0.20208387,0.5679518,0.5562201,-0.22598852,-0.4271229,-0.3800115,-0.5010803,0.45499894,0.37832475,0.22414838,0.2048684,0.4411223,0.46884412,0.43919122,0.33638573,0.09377353,0.17666946,-0.023766328,0.061322097,0.36191866,0.19393472,0.6000196,0.5583276,0.75733656,0.6824869,0.44836068,0.3677101,0.70087045,0.6630108,0.7582025,0.6120197,0.5159363,0.59533983,-0.16284983,0.01461676,0.7743324,0.77623504,0.6356944,-0.10556495,0.8104107,0.66319734,0.76614416,0.6557854,0.7194835,0.7664463,0.80291486,0.77578264,0.8328102,0.7460042,0.26538667,0.13257065,0.11903901,-0.04188797,-0.108817294,-0.0019954746,0.156103,0.08273717,-0.13281411,0.4606338,0.5693602,0.5871206,0.10400552,0.0887194,0.46766862,0.50482523,0.1732254,0.07089639,-0.17987435,0.21078542,0.3239944,0.10974785,0.37059167,0.1098471,0.37960464,0.28247768,0.36603972,0.07571021,0.2964587,0.2131764,0.2308398,0.4234828,0.41284218,0.49052122,0.12661017,0.010139544,0.1977215,-0.01214147,0.45254835,0.48935148,0.3029892,0.34500644,0.12093341,0.3049938,0.27403924,-0.055054534
-0.43107653,-0.42165476,-0.21892388,0.016490081,0.56882113,0.56551766,-0.36487716,-0.21150436,0.5194291,0.5768625,0.33218735,0.06424816,0.04623455,0.2060198,0.60034966,0.56590235,0.34434733,0.13778485,-0.2565308,-0.20396063,1.0,0.33404022,0.15584075,0.13796084,0.5003714,0.6290337,0.6220396,0.65433156,0.38253653,0.29403514,0.4183054,0.39770347,0.38666657,0.39776397,0.23004945,0.4060115,0.6109851,0.3680722,0.59738714,0.45843628,0.13102938,0.266528,0.025295906,0.03519385,-0.11784829,-0.24390027,0.2730318,0.26421207,-0.14038861,-0.26033723,-0.27181932,-0.18058257,0.22146827,0.037881855,0.6729193,0.4691479,-0.35692844,-0.2933848,-0.5069335,0.47504002,-0.34279096,-0.3277554,-0.23891464,-0.19708224,-0.23594557,-0.1320117,-0.08290185,0.07105899,-0.31882367,-0.40171742,0.35178503,0.6033035,0.566068,0.48597538,0.6695575,0.5478558,0.5809204,0.5471505,0.6226903,0.19215775,0.2653898,0.13138214,0.49078688,0.5725246,0.26371711,0.27398047,0.35222834,0.5041609,0.6188144,0.5210564,0.5094763,0.6036683,0.38548723,0.59492654,0.20163108,0.08557298,0.3252414,0.45261094,0.40964442,0.34010893,0.597588,0.2793589,0.47058395,0.41650078,0.61099446,0.53360116,0.30461863,0.36366695,-0.025227457,0.23670013,0.20091791,0.15255761,0.25656044,0.2939948,0.39191422,0.494704
0.069830894,-0.19123712,0.18426792,0.24138223,0.4737319,0.46407375,0.12897371,-0.05446711,0.3912564,0.48967266,0.3528394,0.16150072,0.36053094,0.23026344,0.53239363,0.56185585,0.16940609,0.37747866,0.20238712,0.20208387,0.33404022,1.0,0.3504673,0.31411773,0.36347663,0.29023734,0.37082723,0.3152274,0.33845326,0.63230497,0.4206265,0.31654236,0.4293826,0.35350394,0.26133296,0.38643977,0.49149734,0.570605,0.45951468,0.53040236,-0.030138763,0.54213166,0.20726715,0.3495687,0.09936454,0.18106927,0.3680795,0.4257918,0.09927058,0.11493773,0.17266478,-0.038017813,0.46979636,0.21864909,0.4674777,0.6486492,0.075349405,-0.13926084,-0.22539316,0.22742318,0.12731777,-0.122767955,0.2073874,-0.20188244,0.04393106,0.095878765,0.16202703,0.3279502,0.038490146,-0.071752876,0.60782254,0.5018374,0.32633317,0.60168654,0.42405933,0.6150184,0.4930026,0.53260356,0.20301442,0.38364625,0.46939334,0.24529071,0.51410913,0.42544112,0.5096389,0.21426429,0.31518826,0.46930334,0.42990065,0.3983422,0.42859966,0.39371005,0.3128626,0.18929847,0.35678086,0.3511952,0.34124777,0.49376482,0.32926548,0.45431197,0.46452484,0.17965476,0.4288651,0.31418777,0.3375983,0.28151637,0.09688801,0.056766957,0.08106272,0.34712973,0.3172395,0.24432868,0.17734542,0.33595064,0.45552278,0.34405667
0.38021603,0.267707,0.5262316,0.6177895,0.13512051,-0.00026795405,0.36175165,0.3408097,0.15688896,0.013993089,0.56179655,0.50852424,0.72705513,0.39473832,0.37344435,0.3231666,0.5321385,0.4240535,0.5503349,0.5679518,0.15584075,0.3504673,1.0,0.7402625,0.43136144,0.17754942,0.21198545,0.00780201,0.4896317,0.41583386,0.727651,0.68517363,0.6344901,0.6407322,0.60870117,0.46592635,0.41632167,0.450845,0.40711132,0.43385357,0.36260462,0.4483489,0.517734,0.49299437,0.3955451,0.32055566,0.5415556,0.49051982,0.3922565,0.27633303,0.53636754,0.38153687,0.50967467,0.34901017,0.2885268,0.37351215,0.40049392,0.30208316,0.17513575,0.027483294,0.39714628,0.18159874,0.44306877,0.2769218,0.44818535,0.35887372,0.50759995,0.5163609,0.4378753,0.27157184,0.53261137,0.4061732,0.37554845,0.25311947,0.28301862,0.3463226,0.47263592,0.39579466,0.19715482,0.54771996,0.57327133,0.3895203,0.5252955,0.3624218,0.76570386,0.5582494,0.60820496,0.48685333,0.35028967,0.5253264,0.4996723,0.32067952,0.464327,0.31770462,0.48122516,0.27347785,0.53083664,0.36422205,0.38827673,0.37398255,0.37495598,0.46893305,0.5362706,0.5969161,0.33357632,0.31692815,0.2782007,0.09270475,0.23432276,0.51605004,0.61054546,0.32914534,0.27371687,0.3250864,0.3014214,0.2081377
0.3290481,0.30144587,0.36037537,0.6824688,0.030590288,-0.12013714,0.28038287,0.3820368,-0.00029749278,-0.036807746,0.42539766,0.49255112,0.5491265,0.40487692,0.17242788,0.20245941,0.5400945,0.41601822,0.4295666,0.5562201,0.13796084,0.31411773,0.7402625,1.0,0.44727346,0.18941371,0.19097783,-0.019648317,0.3870362,0.27606055,0.55216324,0.70534873,0.5230193,0.5469191,0.44577092,0.38594383,0.3579226,0.33033252,0.3953757,0.327823,0.3417749,0.2940053,0.38184872,0.36465934,0.33654842,0.2813997,0.447793,0.35221985,0.32842046,0.21869512,0.48292142,0.52288353,0.33191085,0.29435757,0.1892154,0.24017599,0.3896584,0.40443718,0.19340184,0.071818635,0.40434405,0.2974319,0.28938654,0.4124114,0.3725605,0.37697765,0.5120827,0.48592797,0.4697508,0.30949748,0.3897448,0.34718257,0.35268244,0.16868077,0.15717782,0.23640989,0.34924605,0.33541715,0.0697519,0.5504802,0.3785616,0.3779891,0.37762043,0.28922954,0.5946143,0.53118867,0.55891925,0.36172414,0.1787175,0.49658993,0.31181312,0.21799679,0.30921888,0.22105502,0.33792084,0.17315355,0.436896,0.29514328,0.21228589,0.16825958,0.27495304,0.36998662,0.50265795,0.49961472,0.28276476,0.2634505,0.23349176,0.13027053,0.2937055,0.51753044,0.6378223,0.17543827,0.12407572,0.2827356,0.4171393,0.18099926
-0.42507905,-0.47094846,-0.26046896,0.008485599,0.5602766,0.57773226,-0.38800383,-0.3445905,0.4942437,0.52992016,0.3077497,0.050810203,0.14853674,0.007178638,0.5912617,0.54604316,0.28467086,0.03751301,-0.2514941,-0.22598852,0.5003714,0.36347663,0.43136144,0.44727346,1.0,0.7971569,0.7678035,0.66761076,0.20978256,0.19737291,0.68484455,0.6833382,0.36733574,0.35765296,0.24782102,0.3241672,0.5404435,0.44928586,0.7081259,0.5212926,0.010945713,0.3395428,0.018263392,0.022008486,-0.23999658,-0.24021459,0.2672682,0.268078,-0.20965059,-0.3478402,-0.12485348,-0.06249004,0.08797733,-0.12490038,0.65255743,0.5267831,-0.317345,-0.37609276,-0.4898748,0.25500235,-0.2998737,-0.3929354,-0.28112435,-0.2629758,-0.23810157,-0.2401307,-0.10292852,-0.05520908,-0.31912985,-0.45700347,0.41298896,0.5141583,0.424451,0.47115147,0.53008074,0.4980617,0.48597488,0.5424631,0.4301506,0.27217948,0.14378738,-0.015177843,0.5214502,0.44599068,0.4345402,0.22029658,0.5907404,0.53235346,0.62826127,0.50254786,0.30579585,0.36929297,0.20081754,0.314853,0.2421746,0.05965344,0.3356863,0.48610207,0.1919815,0.25628385,0.33483955,0.14381634,0.3388812,0.3196078,0.40054235,0.4533087,0.16277687,0.19324471,-0.032668836,0.3093614,0.4951711,0.038600136,0.12826973,0.2555648,0.2854647,0.43903086
-0.63981247,-0.5662254,-0.4646476,-0.10868748,0.71024966,0.7285801,-0.5799957,-0.38249046,0.51609206,0.70847386,0.2635767,0.032309756,-0.0010620044,0.0725748,0.6547285,0.6626271,0.2547646,-0.017693516,-0.45393878,-0.4271229,0.6290337,0.29023734,0.17754942,0.18941371,0.7971569,1.0,0.8483016,0.81544054,0.24679828,0.15080035,0.49860245,0.55773693,0.25872764,0.32229418,0.14603965,0.32092956,0.5827533,0.35843644,0.7248445,0.47807068,0.028934859,0.2381096,-0.05136834,-0.056745965,-0.3353232,-0.3530761,0.17860118,0.21398634,-0.30968505,-0.4262814,-0.35441056,-0.19734634,0.009797297,-0.14206503,0.7281711,0.49704954,-0.5542861,-0.47424367,-0.62778986,0.3744471,-0.47433594,-0.49869457,-0.4492346,-0.29585162,-0.38861197,-0.29270697,-0.25009388,-0.19217473,-0.5059858,-0.62438595,0.3404472,0.5729284,0.5149377,0.468062,0.62499344,0.52876645,0.51191443,0.5881484,0.5975926,0.14277072,0.07924106,-0.01467906,0.49800593,0.5412677,0.2590779,0.22023165,0.47667244,0.5135111,0.6651993,0.5487938,0.32768887,0.50780076,0.15898213,0.4068538,0.14292201,0.031131981,0.28731108,0.46825647,0.2140845,0.25998247,0.3477825,0.08844228,0.31912595,0.26482096,0.44269797,0.5026649,0.19636159,0.2983873,-0.07061275,0.19647634,0.34579605,0.0020688574,0.18462922,0.2358071,0.2775939,0.540295
-0.5429538,-0.5364124,-0.4057279,-0.12766573,0.7186556,0.7562166,-0.51874375,-0.4395602,0.6298746,0.69265383,0.32344353,0.0050794627,0.046995185,0.015897483,0.69910294,0.69383526,0.23504843,0.021992924,-0.37433815,-0.3800115,0.6220396,0.37082723,0.21198545,0.19097783,0.7678035,0.8483016,1.0,0.84782875,0.21323468,0.24397981,0.49018463,0.5118142,0.30804834,0.34290022,0.15309787,0.27294272,0.5487056,0.46118256,0.69049186,0.51807463,0.026735509,0.31751305,-0.044296026,-0.04437647,-0.34917128,-0.3850192,0.16793942,0.22927423,-0.29658827,-0.408065,-0.3440374,-0.24992919,0.060914114,-0.16549292,0.6944039,0.54555476,-0.44704837,-0.4760673,-0.6164649,0.3652346,-0.3986653,-0.43411663,-0.36354432,-0.31240332,-0.36310926,-0.2821836,-0.25682545,-0.20261334,-0.46875378,-0.5538878,0.35709926,0.5972336,0.48446032,0.5199841,0.6581644,0.5577813,0.52349806,0.5896403,0.5557757,0.17008011,0.12801155,0.0014300786,0.53516084,0.55264634,0.29928005,0.16474888,0.45999336,0.5325236,0.6930715,0.54264194,0.3328579,0.50078595,0.14715053,0.38749176,0.17413442,0.041035168,0.27871215,0.48569083,0.21947055,0.29589245,0.31363338,0.05499909,0.30506513,0.23041002,0.45255703,0.5252513,0.16992037,0.29049113,-0.1359419,0.14835657,0.32916105,0.042276736,0.22223769,0.27489606,0.33046958,0.54041827
-0.6642971,-0.6159817,-0.5019382,-0.2772701,0.76382697,0.8369523,-0.61600906,-0.50709516,0.59845424,0.7834552,0.18358983,-0.1236089,-0.14376076,-0.06379297,0.68761617,0.6752338,0.08405555,-0.04809199,-0.49248862,-0.5010803,0.65433156,0.3152274,0.00780201,-0.019648317,0.66761076,0.81544054,0.84782875,1.0,0.14121099,0.18489881,0.36500236,0.3460595,0.15942995,0.22762525,0.03365389,0.21207032,0.50706685,0.3528896,0.6070124,0.4169168,-0.09529776,0.23470686,-0.19375314,-0.15589142,-0.4659459,-0.44688123,0.059805017,0.12128763,-0.3730422,-0.4329541,-0.519771,-0.37842116,-0.017326793,-0.1839184,0.6884749,0.4969978,-0.5734521,-0.5698488,-0.6711413,0.42766806,-0.5211749,-0.51346135,-0.49648255,-0.4372723,-0.53207046,-0.37778342,-0.38888898,-0.30419388,-0.6017342,-0.64620435,0.34399185,0.5285883,0.41862774,0.51633406,0.6434417,0.51430684,0.4665292,0.5260818,0.5630051,0.038835485,0.019953068,-0.086838715,0.41165015,0.51692164,0.104578696,0.008160678,0.27310553,0.41103795,0.64229184,0.40620384,0.27662277,0.51851934,0.09179328,0.41091028,0.0872034,-0.026626812,0.15660745,0.40693992,0.21990351,0.28601608,0.33438122,-0.004987605,0.22276117,0.12200663,0.43137446,0.44594306,0.13370661,0.25954688,-0.20772566,0.013924115,0.12328282,0.003517752,0.1771852,0.2357093,0.22826275,0.5262419
0.2809654,0.25535858,0.39174867,0.5446265,0.34590986,0.17002632,0.2922538,0.4559552,0.20656401,0.28983957,0.7281511,0.6073011,0.59895086,0.733592,0.48902625,0.5699632,0.7708809,0.7010901,0.40999678,0.45499894,0.38253653,0.33845326,0.4896317,0.3870362,0.20978256,0.24679828,0.21323468,0.14121099,1.0,0.66743386,0.52347964,0.44982755,0.7275191,0.81907654,0.57482177,0.71377057,0.620815,0.5018359,0.58547676,0.46950668,0.56896037,0.48084617,0.55488145,0.53239864,0.5095967,0.37383702,0.62525177,0.5629212,0.55785483,0.34100208,0.36362007,0.316006,0.65149784,0.57886815,0.47795197,0.41997942,0.1990517,0.3677903,0.07470502,0.33061728,0.3232624,0.19294317,0.4036617,0.41241822,0.3724769,0.573528,0.49768746,0.6258452,0.31833032,0.13262208,0.49871552,0.6716134,0.70137256,0.32967603,0.56657857,0.53771305,0.6065934,0.632645,0.52943283,0.5328987,0.8000276,0.76700604,0.5937371,0.730192,0.5958353,0.77408737,0.5184604,0.5846081,0.3929377,0.687876,0.75730973,0.69515324,0.569405,0.5810934,0.54214644,0.3464184,0.6950804,0.44901112,0.6042064,0.46537748,0.4680367,0.4870031,0.6747893,0.70710933,0.59310186,0.55262715,0.46754873,0.3381661,0.3667409,0.53595203,0.4152762,0.5005157,0.3182287,0.5063379,0.4883243,0.47594428
0.32920188,0.04566754,0.41185677,0.36216062,0.38278908,0.31358716,0.3409866,0.20238344,0.41659212,0.38889772,0.5983342,0.42889062,0.55440617,0.5100002,0.5140404,0.64739996,0.49150705,0.70303106,0.39343557,0.37832475,0.29403514,0.63230497,0.41583386,0.27606055,0.19737291,0.15080035,0.24397981,0.18489881,0.66743386,1.0,0.49123842,0.305318,0.6576914,0.64313406,0.49617776,0.58599716,0.5273544,0.7521239,0.46095115,0.66864157,0.30631477,0.76048017,0.4663963,0.58118975,0.3621401,0.36596686,0.5326749,0.6082943,0.42396727,0.32156146,0.3685291,0.09757398,0.69181395,0.4192074,0.43347865,0.6819295,0.28061938,0.08668914,-0.053143907,0.13385738,0.33770695,0.00056229637,0.44925472,0.052334905,0.3107197,0.3679664,0.31002408,0.51154876,0.19955744,0.071742624,0.60522395,0.59391326,0.4263495,0.64105517,0.49251202,0.6853742,0.59771955,0.60634196,0.33341512,0.65141255,0.7673662,0.62777406,0.6607691,0.61247605,0.6375452,0.5022141,0.4125017,0.6366801,0.42155117,0.5116459,0.64378273,0.5339963,0.48858482,0.31810412,0.6041464,0.46106258,0.55121136,0.55537087,0.5159504,0.5686941,0.46135902,0.23505935,0.6003058,0.50531214,0.47641635,0.45523378,0.21954076,0.088069156,0.26773036,0.45114845,0.33438447,0.5083391,0.32433093,0.45529363,0.52855796,0.3741131
0.03562972,-0.101484545,0.26160613,0.34356257,0.43832165,0.34382385,0.08316333,0.06599338,0.36748773,0.35181445,0.55699503,0.40478215,0.5286402,0.34603447,0.58900857,0.5639471,0.5246616,0.40285492,0.21321471,0.22414838,0.4183054,0.4206265,0.727651,0.55216324,0.68484455,0.49860245,0.49018463,0.36500236,0.52347964,0.49123842,1.0,0.7579235,0.64301586,0.6370252,0.5504462,0.55814695,0.53251475,0.5935824,0.6301399,0.5751944,0.2619659,0.51221675,0.33783615,0.34787482,0.16288678,0.12785105,0.49224105,0.45580927,0.20719965,0.075388946,0.2676708,0.18590261,0.41722667,0.20075189,0.55050325,0.5480696,0.056690022,-0.039097648,-0.19181776,0.17099439,0.10233133,-0.1162648,0.18323052,0.01708534,0.17608218,0.18219163,0.26049986,0.33378026,0.06193869,-0.08010732,0.5567498,0.5580681,0.5140922,0.48482752,0.5390122,0.5560272,0.5664003,0.5295652,0.41423818,0.5131684,0.54087925,0.35729063,0.6462382,0.5379742,0.69452804,0.49679962,0.6464171,0.62145114,0.56486225,0.61010796,0.55275077,0.48752773,0.440224,0.40309247,0.43543944,0.27824903,0.53511053,0.5048174,0.3986144,0.43056697,0.46916968,0.40694132,0.5285488,0.55498725,0.43924707,0.44762728,0.2994088,0.07293087,0.15154447,0.4409881,0.52631015,0.25835153,0.22293027,0.3446492,0.34029758,0.36846447
