1.0,0.8295968,0.43646172,0.6500789,0.43145707,0.14550395,0.32832053,0.63000953,0.41437122,0.34863254,0.66981524,0.6343424,0.49699137,0.36137524,0.22679162,0.45712662,0.6064394,0.6225067,0.6765241,0.6897688,0.19651915,-0.2858512,0.17113008,0.37629136,-0.22664379,-0.2797483,0.26516032,-0.109306365,0.31974447,0.51524436,0.42578736,0.53069717,0.7826058,0.7307469,0.39848554,0.70007205,-0.0026719144,0.01856224,-0.04906925,0.17994568,0.11882927,0.21489647,0.39878884,0.45840585,0.6682813,0.5913313,0.2599495,0.33427975,0.62146235,0.6600847,0.5951755,0.64037794,0.46213275,0.395309,0.28444928,0.41163018,0.85366297,0.7976864,0.629011,0.52651495,0.80349314,0.6479296,0.61592805,0.6275447,0.42859745,0.5658254,0.77114505,0.7433983,0.7427929,0.7693751,0.3154605,0.34613168,0.42287105,0.6053527,-0.034845643,0.08750045,-0.08761802,-0.013313745,0.39000076,0.48228592,0.65126276,0.5865558,-0.24646802,0.36118102,0.1679555,0.34968165,-0.1410536,-0.3619591,0.26485136,0.43154612,0.15090898,0.32255203,0.06065095,0.1732727,0.18662114,0.25227693,0.27791414,0.3573815,0.2004547,0.35735396,-0.052191943,-0.049237724,0.060904834,-0.024521323,0.10491282,0.045228526,0.0050451932,-0.08258916,0.03353794,0.34736136,0.34549338,0.11494955,0.08617214,0.15298618,0.1845522,-0.0056040823
0.8295968,1.0,0.3675535,0.58457106,0.43947122,0.10794604,0.19668601,0.5835291,0.40627578,0.30793974,0.5758295,0.7056064,0.33179602,0.5053557,0.20875849,0.48916996,0.5624928,0.6584093,0.669999,0.77528316,0.26125747,-0.2896028,0.15071578,0.3829709,-0.2945756,-0.36816692,0.20068553,-0.15306455,0.36488998,0.5238778,0.37291732,0.49785388,0.7385777,0.77821046,0.3075276,0.64911646,0.040340833,0.07409056,-0.073884375,0.17709967,0.13307849,0.35658598,0.49016988,0.5023376,0.728726,0.61770606,0.30559856,0.393029,0.59461004,0.69925684,0.5571033,0.6514454,0.4527847,0.49141628,0.36642808,0.43872613,0.8173769,0.86802423,0.62073326,0.5515841,0.7985899,0.67764705,0.4350198,0.71774185,0.33134636,0.5923619,0.7764539,0.7299262,0.7554007,0.7991231,0.30223724,0.39933625,0.5498285,0.5045915,-0.07984494,0.114329144,0.04361174,0.09791624,0.37776327,0.46541688,0.5580958,0.66439986,-0.28746256,0.35469353,-0.018499952,0.35403398,-0.19013673,-0.3860278,0.20830001,0.51271987,0.15257367,0.40211314,0.08245697,0.25890437,0.15409724,0.3106294,0.33071852,0.37391254,0.26045728,0.3551285,-0.08469108,0.049628973,0.0023278904,-0.034530293,0.23550752,0.09667397,0.0908951,-0.040345263,-0.06725677,0.3848262,0.3474097,0.1493433,0.08519766,0.20275056,0.2368938,0.0365473
0.43646172,0.3675535,1.0,0.6138908,-0.10626244,0.018625673,0.73471147,0.5608821,-0.26439548,-0.14412835,0.33281094,0.47375548,0.41777042,0.4365473,-0.10723136,-0.007785733,0.30595428,0.3784463,0.5361295,0.49669883,0.24919042,-0.05708155,0.53322035,0.5597968,0.13280778,0.14263059,0.06585855,-0.13713507,0.23086578,0.27168536,0.32076216,0.42431822,0.45159906,0.4758922,0.53555256,0.5387814,0.22600728,0.08639932,0.346471,0.32286993,0.111341886,0.06914908,0.44119212,0.4186954,0.5296368,0.53377235,0.37703744,0.40582693,0.46762377,0.46310967,0.46496034,0.37085438,0.22506618,0.2086742,0.3486045,0.35632202,0.30892777,0.39661255,0.21643513,0.051205784,0.54971606,0.33780453,0.43586704,0.47316268,0.57044584,0.44974953,0.44195005,0.50022423,0.2382805,0.32675886,0.55388147,0.4676133,0.3353874,0.43276727,0.20506434,0.18192378,0.44111693,0.32577288,0.5002092,0.2120573,0.27063116,0.48084134,0.12367181,0.073516555,0.31150907,0.30185536,0.094880044,-0.016921604,0.41417116,0.42172965,0.4216204,0.44757974,0.31327102,0.2665139,0.36052114,0.34308907,0.5935128,0.46395522,0.44981518,0.51004666,0.34437045,0.27207822,0.50137454,0.5624375,0.32863352,0.37603113,0.09408088,0.34524944,0.21218143,0.5113253,0.46433753,0.4698722,0.3543463,0.38208932,0.3882004,0.34592992
0.6500789,0.58457106,0.6138908,1.0,0.24876046,-0.07624845,0.5011678,0.7940465,0.16632158,0.20336303,0.35182172,0.47440988,0.31869268,0.40707338,-0.05322984,0.19365007,0.33591637,0.4770973,0.6268371,0.7068852,0.31169376,-0.2047917,0.53013164,0.71784264,-0.011402949,-0.14532201,0.11006557,-0.10404414,0.18645793,0.379736,0.42151782,0.5923212,0.5969045,0.6107965,0.55657536,0.6807217,0.1233764,0.027142346,0.19683824,0.40442538,0.14445177,0.1861101,0.38561973,0.49863306,0.60729396,0.6349532,0.3499703,0.407327,0.51894236,0.52835685,0.5446404,0.54907095,0.35020873,0.19598886,0.28446117,0.34198922,0.5642818,0.5782223,0.4214905,0.3471374,0.5979269,0.5316089,0.31059316,0.44889536,0.42471915,0.5881222,0.6393526,0.6980266,0.55215675,0.6258165,0.5507475,0.46522045,0.35639,0.5683752,0.037282813,0.10540443,0.21944888,0.24108534,0.47519568,0.4106374,0.4521202,0.57420206,-0.053558655,0.36131057,0.21747735,0.4929707,-0.11200899,-0.21058923,0.2881758,0.43802005,0.37316206,0.44250157,0.22895099,0.26723555,0.28526852,0.37110046,0.4307749,0.4289856,0.34474665,0.4471975,0.20691521,0.1692421,0.41781244,0.29134363,0.21910694,0.20801389,0.082878865,0.105664924,0.22507742,0.45009887,0.58532625,0.3400358,0.21837924,0.31811282,0.25619042,0.20748192
0.43145707,0.43947122,-0.10626244,0.24876046,1.0,0.061221458,-0.07284257,0.23069511,0.6626231,0.58461684,0.22593555,0.24754554,0.003998734,0.04362186,0.27824587,0.38628274,0.290187,0.32562745,0.27894878,0.3715011,0.015449712,-0.21650273,-0.07219618,0.0907174,-0.21458362,-0.25455055,0.24531111,-0.10739309,0.13871162,0.27909046,0.23629963,0.24714948,0.33889064,0.33736923,0.075589076,0.2306591,-0.013958218,0.098907255,-0.12999779,-0.0048373365,0.04564465,0.054247934,0.14973162,0.15088148,0.29476514,0.21013348,0.059401453,0.08178876,0.27646998,0.25058487,0.23053047,0.3702445,0.22760247,0.21717161,0.07214472,0.17195536,0.45392573,0.45537615,0.38935867,0.42096353,0.32963675,0.43496633,0.08549326,0.25023362,0.06210938,0.23884994,0.39945695,0.34091276,0.4475854,0.53092,0.0103877485,0.1170534,0.15637639,0.13028866,-0.09457351,-0.17996332,-0.17225623,-0.11279566,0.011562601,0.31280825,0.36002126,0.26774907,-0.34155405,0.31903723,-0.04691307,0.24545133,-0.18971005,-0.43165922,-0.020944918,0.16678524,-0.053931408,0.0888031,-0.0057246177,0.07570123,-0.023549713,0.072237,-0.0135751525,0.1426109,0.016388817,0.025819156,-0.09547589,-0.043814965,-0.11199783,-0.15060103,-0.096459255,-0.10990766,0.077492274,-0.26155168,-0.084474385,0.03480078,0.04390642,-0.16336371,-0.105486594,0.054581054,-0.2331113,-0.12915865
0.14550395,0.10794604,0.018625673,-0.07624845,0.061221458,1.0,0.065040596,0.10594545,0.109322675,0.07574333,0.2375066,0.24551201,0.29601848,0.15491422,0.20181774,0.17910393,0.282112,0.24503799,0.2474956,0.08489585,-0.25063047,0.2656888,-0.16508843,-0.09534549,-0.15293318,-0.072491914,0.20877354,0.083218046,0.2788626,0.31496322,0.08718838,0.00235935,0.18045795,0.0999717,-0.121494964,-0.08776602,-0.117635846,-0.15044187,-0.2217245,0.018318785,-0.15631598,-0.02900487,0.16866584,0.09550149,0.15324795,0.21674405,0.15233445,0.12861866,-0.04169013,0.16294937,0.18482225,0.12960586,0.2546166,0.100482024,0.15521497,0.13295077,0.057001263,0.04969373,0.26244357,0.16289312,0.12673394,0.12238451,0.29506993,0.22911231,0.21915516,0.17223324,0.09525569,0.109499864,0.15601683,-0.03720625,-0.17184468,0.017782329,0.026014457,0.199391,0.21327697,0.13030966,-0.08367051,-0.02642103,0.14517255,0.22249143,0.05219255,0.16124709,-0.07027778,-0.09207975,0.08080534,-0.044638257,-0.03341779,-0.13658008,0.14311227,0.13096043,0.14015432,0.09181885,0.035745136,0.04010771,-0.14072298,0.03667757,-0.09160496,0.15240246,0.10997532,0.14774515,0.11479641,-0.25809914,0.045682892,-0.07624803,-0.034836438,0.038131792,-0.010284019,-0.0002718977,0.11782315,-0.03999713,-0.22078829,0.047952633,0.1364697,0.06069854,-0.09463034,-0.21709278
0.32832053,0.19668601,0.73471147,0.5011678,-0.07284257,0.065040596,1.0,0.53078157,-0.24604781,-0.08780823,0.17443909,0.325727,0.43920094,0.37131608,0.033731125,0.008915786,0.24292639,0.29642162,0.4898704,0.36008754,0.087269776,-0.025825202,0.5730403,0.5212301,0.14973846,0.14563856,0.12578264,-0.03158914,0.21049097,0.2772838,0.273775,0.32797647,0.30878985,0.26473626,0.54455113,0.37227824,0.19250888,-0.029283578,0.29814997,0.17829798,0.11322638,-0.015169302,0.3010221,0.32660127,0.38384068,0.43027732,0.2705078,0.3036512,0.48294654,0.30837545,0.5127479,0.32073405,0.13234435,0.057825837,0.17605798,0.19468735,0.21552294,0.26123384,0.18862623,0.10797246,0.40221053,0.24988471,0.39424765,0.3097797,0.68770564,0.5143924,0.2964696,0.3971304,0.17653109,0.24961872,0.46672717,0.40054825,0.2388963,0.4083689,0.29648522,0.20133199,0.27766287,0.22130612,0.46509162,0.26382315,0.26168817,0.39511538,0.1532213,0.108185776,0.52960455,0.29161274,0.15227994,-0.08808725,0.3415663,0.16180928,0.33994803,0.2697053,0.27339438,0.18384594,0.22221085,0.2489009,0.42062467,0.34510455,0.28796232,0.37099415,0.3348642,0.1480064,0.47497976,0.56238836,0.17541279,0.29992273,-0.10128026,0.29465616,0.1962702,0.46055543,0.37048674,0.29919592,0.31451654,0.24282876,0.23900692,0.28989
0.63000953,0.5835291,0.5608821,0.7940465,0.23069511,0.10594545,0.53078157,1.0,0.14718968,0.11970637,0.4574896,0.5900721,0.4818085,0.5267631,0.15981728,0.28075173,0.5041378,0.53339773,0.70031595,0.7027401,0.14057888,-0.11069046,0.44912317,0.731416,-0.051128786,-0.11050853,0.12599185,-0.022540601,0.38284704,0.49950048,0.3908854,0.59965384,0.59072036,0.5634228,0.39898738,0.58705753,0.0082315,-0.028693592,0.06493831,0.27945396,0.084934145,0.2162276,0.47295147,0.54599565,0.67285824,0.7232429,0.38366237,0.43722236,0.5471866,0.61922795,0.62546563,0.6262186,0.42291707,0.3363826,0.3842244,0.34576318,0.5010667,0.5364564,0.44187772,0.38672155,0.6430524,0.5828882,0.4538673,0.60994065,0.55653757,0.7158399,0.5988912,0.6614876,0.53738016,0.5576982,0.43674845,0.4850728,0.46727648,0.52076423,0.13502894,0.25772858,0.17314328,0.22636008,0.5260073,0.41871735,0.4100083,0.66399497,-0.07645705,0.28097072,0.22986127,0.5973322,-0.07080701,-0.2447207,0.3404636,0.49851897,0.4197479,0.5443987,0.2581953,0.27128974,0.16106412,0.34622583,0.37939075,0.45070183,0.41226706,0.5067848,0.2335651,0.019853158,0.3958505,0.3049007,0.22661519,0.20617141,0.002932416,0.12253209,0.105460845,0.42594376,0.36891052,0.37105477,0.31045353,0.37760898,0.24287508,0.14529125
0.41437122,0.40627578,-0.26439548,0.16632158,0.6626231,0.109322675,-0.24604781,0.14718968,1.0,0.63743746,0.17253129,0.11334981,-0.116600744,-0.08211913,0.25089106,0.4088468,0.23533937,0.20218658,0.22714551,0.28006324,-0.0165914,-0.32982418,-0.2204459,-0.04595543,-0.4149396,-0.40935075,0.28550535,-0.035457682,0.027721098,0.17473926,0.12817246,0.13788211,0.25147182,0.26269475,-0.042659394,0.11607798,-0.21169649,0.012466097,-0.3619144,-0.073198564,-0.0461134,0.09481538,0.011014153,0.032886025,0.1973465,0.11085253,-0.077305496,-0.087227106,0.12627485,0.22697997,0.1216663,0.3779764,0.12232527,0.12866923,-0.07633218,-0.05004875,0.43641698,0.41006494,0.39395985,0.44955024,0.25491127,0.41291606,0.056799453,0.19888665,-0.023993973,0.20875438,0.35279557,0.2558095,0.49965683,0.49517474,-0.16948739,-0.104350165,0.10717334,0.049276415,-0.20217867,-0.28253096,-0.31445208,-0.2214348,-0.07765887,0.22285639,0.25047672,0.15921362,-0.40505588,0.27198634,-0.19109276,0.13382095,-0.23636508,-0.39167434,-0.18933879,0.064186,-0.20844413,-0.039532695,-0.1353816,-0.010244175,-0.12838928,0.016837606,-0.20335802,-0.06287868,-0.15386024,-0.11037153,-0.23853026,-0.028568614,-0.2422629,-0.34462267,-0.10429867,-0.17427063,0.11036139,-0.3046079,-0.117873214,-0.08640879,-0.03355101,-0.32585326,-0.25200728,-0.15624578,-0.19180456,-0.254342
0.34863254,0.30793974,-0.14412835,0.20336303,0.58461684,0.07574333,-0.08780823,0.11970637,0.63743746,1.0,0.17453685,0.094978675,0.008192021,-0.06511635,0.065086514,0.25001222,0.09716268,0.11038122,0.10973572,0.18111591,0.015855981,-0.30016214,-0.07208804,-0.061378367,-0.2653191,-0.2607831,0.15364884,0.008621314,-0.18808478,-0.031864997,-0.04899858,0.07075533,0.21244927,0.20215356,0.089587264,0.08262132,-0.17168497,0.06792168,-0.17884913,-0.047257558,-0.047847815,-0.0641951,-0.1670745,-0.09563737,0.062448345,-0.0611394,-0.22324061,-0.23705842,-0.04192577,0.036404002,-0.05690139,0.14839561,-0.022918625,-0.008598386,-0.1947947,-0.051810823,0.32246795,0.31385738,0.14329502,0.23372415,0.16679776,0.17582232,0.0800278,0.070459805,-0.09738517,0.048533354,0.20790307,0.15526304,0.3063338,0.3395264,-0.015881233,-0.056682434,-0.03870679,0.09729961,-0.23624665,-0.2890607,-0.26983416,-0.27053452,-0.17709376,0.079485185,0.25416172,0.08009429,-0.31708878,0.18250042,-0.11163178,0.11963825,-0.19145118,-0.21171182,-0.21652576,0.12919559,-0.20765476,-0.16383071,-0.21169457,-0.11456795,0.07528314,-0.09844187,-0.21666051,-0.17826168,-0.24509348,-0.2158316,-0.3227987,-0.0068008616,-0.17952065,-0.2740748,-0.15347286,-0.26584682,-0.0043268385,-0.34081683,0.012596774,-0.0877329,-0.020559097,-0.29940587,-0.27708817,-0.24450865,-0.141489,-0.19716752
0.66981524,0.5758295,0.33281094,0.35182172,0.22593555,0.2375066,0.17443909,0.4574896,0.17253129,0.17453685,1.0,0.64856964,0.6988433,0.42433065,0.33087033,0.36425635,0.70723087,0.64837134,0.4523517,0.4259363,0.10239921,-0.05814322,0.07911941,0.25018874,-0.009453538,0.033171047,0.17822798,0.009965296,0.52486897,0.55496955,0.38799825,0.43256834,0.6695062,0.5716683,0.15980902,0.45466158,0.023926083,0.12787698,-0.10565153,0.059109922,0.09791136,0.13303158,0.39394036,0.43803075,0.43988395,0.3825638,0.23908126,0.3017039,0.44150925,0.53898317,0.4188164,0.39113674,0.42941377,0.47382692,0.24514702,0.3486539,0.5463753,0.51391834,0.3529286,0.24898385,0.6120279,0.33689818,0.7101807,0.600525,0.32880756,0.27057642,0.5206341,0.4374281,0.38269067,0.47621498,0.22099344,0.30147263,0.4697563,0.5100878,0.08454578,0.25248662,-0.07318725,-0.029485326,0.31282756,0.42970556,0.5807573,0.5439028,-0.046501033,0.20696361,0.16440001,0.33077052,-0.027725236,-0.21165997,0.284822,0.3788921,0.11183881,0.30764726,-0.10027853,-0.11828218,0.15438788,-0.008854915,0.1320069,0.24706133,0.2330221,0.3148102,-0.13201864,-0.30400357,-0.12729166,-0.08606088,-0.0071467473,-0.057493683,-0.040334277,-0.010239702,0.037194252,0.07848052,0.0152660515,0.26150733,0.07983341,0.14912555,0.23143315,-0.13122849
0.6343424,0.7056064,0.47375548,0.47440988,0.24754554,0.24551201,0.325727,0.5900721,0.11334981,0.094978675,0.64856964,1.0,0.49965295,0.787673,0.16882297,0.3775361,0.5853622,0.73789483,0.59406805,0.592699,0.11526806,-0.14563777,0.2643145,0.4349992,-0.08557632,-0.12861736,0.16108017,-0.10072109,0.48652115,0.59874386,0.37403142,0.4440738,0.627746,0.60942364,0.24363439,0.552875,0.050726846,0.0028722603,-0.04946524,0.17962533,0.075154305,0.2269487,0.49298355,0.47912788,0.6698448,0.5607805,0.34366542,0.37641162,0.4962465,0.61875355,0.50111884,0.5432843,0.3954053,0.5070562,0.37992114,0.38851666,0.51294166,0.7028885,0.3695917,0.3490988,0.6897591,0.46469548,0.4649909,0.8106246,0.40920582,0.5100825,0.580512,0.53043777,0.4349969,0.5394861,0.30635366,0.4268222,0.5643504,0.50895303,0.11283792,0.36155578,0.13906673,0.10096458,0.40016797,0.45242143,0.40064263,0.7503691,-0.13108656,0.21594115,0.048152115,0.35660818,-0.02610184,-0.2885685,0.367382,0.5124995,0.20446113,0.44666055,0.041148074,0.073028654,0.16692953,0.14313482,0.29942018,0.38302973,0.3443651,0.36386758,-0.05344073,-0.12913555,0.0476864,0.098982796,0.12019036,0.076849975,-0.091969036,0.061919756,-0.070458375,0.28900257,0.18358894,0.31944695,0.18931891,0.24490838,0.22190586,0.013979045
0.49699137,0.33179602,0.41777042,0.31869268,0.003998734,0.29601848,0.43920094,0.4818085,-0.116600744,0.008192021,0.6988433,0.49965295,1.0,0.4756284,0.36522594,0.3563517,0.6167725,0.443711,0.45504665,0.33485016,-0.13127466,0.18709694,0.37372726,0.34370235,0.14891672,0.19213167,0.15203422,0.044167154,0.46675053,0.48891258,0.3001486,0.34859148,0.5034016,0.3553927,0.21180142,0.36467838,0.10122147,0.10387714,-0.040771995,0.05142216,0.10742638,0.02411453,0.31776208,0.40480685,0.2970851,0.315407,0.30592787,0.33397207,0.3702945,0.35756978,0.40014502,0.22652659,0.38801053,0.28209183,0.24537824,0.33451542,0.33584777,0.2335184,0.2463538,0.07082333,0.38621712,0.15652364,0.6986837,0.38532966,0.42771474,0.26757628,0.28044763,0.30737358,0.224704,0.22722796,0.3576154,0.3877187,0.30545563,0.51089627,0.19265231,0.3897311,0.029978126,0.11247317,0.41364184,0.3680702,0.5810843,0.42654938,0.19321485,0.18247983,0.46459645,0.36866698,0.07568076,-0.012920696,0.26417056,0.26444104,0.29482487,0.28813604,0.11742386,-0.057622533,0.0041638934,-0.020544816,0.08566352,0.2350287,0.27474406,0.38285938,0.12993468,-0.26237005,0.13293284,0.12735629,0.00041930436,0.03398431,-0.18972494,0.084112994,0.077755734,0.105300575,-0.028682327,0.3205308,0.32275987,0.12414256,0.1764546,-0.049828384
0.36137524,0.5053557,0.4365473,0.40707338,0.04362186,0.15491422,0.37131608,0.5267631,-0.08211913,-0.06511635,0.42433065,0.787673,0.4756284,1.0,0.18423727,0.3850545,0.44925463,0.6150738,0.50962734,0.51847273,-0.00097030797,-0.0128300935,0.4184487,0.51603144,0.02387758,-0.034079164,0.07765873,-0.09930215,0.46056423,0.5400552,0.29340288,0.33198646,0.3845865,0.40943283,0.2013023,0.3915481,0.1414334,0.043592338,-0.0016667134,0.11249494,0.057681277,0.21565525,0.47516266,0.46678796,0.504017,0.4558341,0.36689237,0.37112272,0.37776008,0.44803408,0.42191696,0.39458653,0.2480558,0.37596926,0.30502152,0.23906097,0.2566765,0.4880517,0.22743642,0.19580874,0.46497163,0.30323717,0.28131634,0.6770204,0.39411247,0.4566849,0.379637,0.3463633,0.25979865,0.33214778,0.30415025,0.43963647,0.4805336,0.36019138,0.15728252,0.43096834,0.2510005,0.23533046,0.3663435,0.36984432,0.2866808,0.7271731,0.05731207,0.23348753,0.115720555,0.4006897,0.043658037,-0.16362494,0.2629968,0.3834624,0.23676868,0.43922466,0.10821119,0.08143623,0.02166862,0.14052139,0.2368291,0.29935497,0.34978348,0.33378613,0.02463532,-0.103468925,0.09256048,0.1860296,0.1381635,0.13951859,-0.13154869,0.17169787,-0.11694967,0.24021381,0.15340266,0.3481169,0.27022034,0.26908678,0.2530866,0.06085805
0.22679162,0.20875849,-0.10723136,-0.05322984,0.27824587,0.20181774,0.033731125,0.15981728,0.25089106,0.065086514,0.33087033,0.16882297,0.36522594,0.18423727,1.0,0.64720225,0.5509473,0.36563212,0.16628768,0.12583974,-0.27242458,0.27155882,0.07247483,0.1854604,0.084239155,0.052960727,0.2659712,0.0787655,0.60026896,0.5198938,0.42730662,0.19976415,0.2471667,0.15171033,0.063130036,0.078156844,0.2072728,0.29490617,-0.12857458,-0.19581547,0.14745137,0.2751749,0.3663024,0.36045235,0.07151681,0.13703972,0.31684414,0.27938905,0.26846677,0.18665454,0.335953,0.24892955,0.35824206,0.4014093,0.27562627,0.21969488,0.27470675,0.11219403,0.31755742,0.34305564,0.20967528,0.21487069,0.3309788,0.24964136,0.25228,0.17496409,0.20594159,0.16014956,0.28122875,0.2013271,0.02362377,0.26296505,0.28632742,0.1424398,0.23665825,0.26257548,-0.009624512,0.18013664,0.16830344,0.36943737,0.4608747,0.2789825,0.039140873,0.4651965,0.33278275,0.3726271,0.062165003,-0.07312265,0.10215463,0.08638353,0.14589697,0.24413331,0.19325279,0.04970219,-0.4838845,-0.011678801,-0.03201164,0.1770573,0.25577533,0.2979714,0.13379796,-0.291492,-0.13266984,0.06363119,-0.013720487,0.023663545,0.04853469,0.06226655,-0.22020452,-0.057564333,-0.2393589,0.11099918,0.18625973,0.11971968,0.023000125,-0.14947698
0.45712662,0.48916996,-0.007785733,0.19365007,0.38628274,0.17910393,0.008915786,0.28075173,0.4088468,0.25001222,0.36425635,0.3775361,0.3563517,0.3850545,0.64720225,1.0,0.53230685,0.44967335,0.3685141,0.38790557,-0.239738,0.12633443,0.13315848,0.25931555,-0.039304305,-0.14042234,0.19455445,-0.05792016,0.48118228,0.55418485,0.42319587,0.28614932,0.39130163,0.36558285,0.15992084,0.26506767,0.17942332,0.22541822,-0.18079284,-0.0689488,0.20914125,0.30025578,0.39126772,0.4119478,0.28079012,0.2609788,0.34714144,0.27867553,0.3525425,0.31255832,0.40391406,0.38508815,0.42062083,0.40249518,0.3368719,0.29504108,0.48982587,0.41861483,0.49177137,0.40096045,0.33375186,0.39702302,0.30174357,0.37253618,0.19414192,0.3062333,0.40060547,0.35415348,0.5598705,0.4020157,0.081404366,0.29795277,0.30907705,0.2943361,0.12638946,0.19002157,-0.006749211,0.16872506,0.12708764,0.40206343,0.5780382,0.43781465,-0.03116977,0.6466134,0.25184935,0.4394183,-0.04834854,-0.13872114,0.08932867,0.26353407,0.14103417,0.27184248,0.13851763,0.1274523,-0.43979228,0.1071798,-0.050182395,0.23808923,0.24067488,0.31417042,0.013663014,-0.23127882,-0.14307912,-0.097413175,-0.036900986,-0.015381947,0.03578042,0.042495694,-0.19773091,-0.021775244,-0.09061049,0.07540958,0.12624921,0.08284117,-0.02535561,-0.14593238
0.6064394,0.5624928,0.30595428,0.33591637,0.290187,0.282112,0.24292639,0.5041378,0.23533937,0.09716268,0.70723087,0.5853622,0.6167725,0.44925463,0.5509473,0.53230685,1.0,0.68890613,0.5354048,0.47691923,-0.106877975,0.12369368,0.27307194,0.3983065,0.047173247,0.060047157,0.32330218,0.05879719,0.7428228,0.71813554,0.5125698,0.4751841,0.6702551,0.57114387,0.24226335,0.5001423,0.1981406,0.16774122,-0.1164799,0.045530573,0.17059356,0.29753444,0.62028205,0.62490386,0.4698299,0.5092829,0.46445617,0.5131779,0.56355906,0.58152455,0.6384826,0.53029615,0.55246794,0.50460035,0.40337986,0.39788476,0.5723474,0.44771838,0.4982349,0.41289413,0.5753501,0.5109362,0.6412917,0.5872348,0.47145966,0.41066697,0.5981648,0.5190583,0.49619004,0.501252,0.2530236,0.40267068,0.51507294,0.48802856,0.22426288,0.42715943,0.043467674,0.16985409,0.5290611,0.6331446,0.70256746,0.57812965,0.04549816,0.38781205,0.34658432,0.4985864,0.065121815,-0.2143891,0.3401892,0.39536056,0.28759584,0.4400812,0.14064875,0.02591031,-0.12499478,0.09283553,0.15877853,0.4036746,0.35630167,0.47062904,0.1352849,-0.25810724,-0.014338375,0.013574777,0.05020385,0.025034606,0.08117433,0.12386722,-0.08011192,0.1676218,0.07457676,0.31839254,0.31626168,0.26015964,0.12995477,-0.05182891
0.6225067,0.6584093,0.3784463,0.4770973,0.32562745,0.24503799,0.29642162,0.53339773,0.20218658,0.11038122,0.64837134,0.73789483,0.443711,0.6150738,0.36563212,0.44967335,0.68890613,1.0,0.58537513,0.60776037,0.1733625,0.034607764,0.31944042,0.50633186,0.09807893,-0.040345673,0.25504252,0.025583046,0.7178498,0.84180534,0.6615013,0.5956864,0.75657785,0.67240745,0.40868947,0.58823043,0.2650062,0.1809926,0.031299677,0.2696503,0.29696062,0.45342815,0.64961874,0.6818891,0.57961833,0.5931668,0.5008225,0.55036384,0.60987175,0.5934528,0.6531852,0.58050185,0.60468584,0.52045375,0.439323,0.4304188,0.5912989,0.65865844,0.4880671,0.46993878,0.6811464,0.514034,0.42572838,0.7015635,0.502234,0.52572703,0.6629949,0.6360922,0.54837227,0.64376944,0.3394394,0.50487876,0.59503925,0.623019,0.17860548,0.37932482,0.15123929,0.19225876,0.49301726,0.75724506,0.62011206,0.8343715,0.03612679,0.49909905,0.3203627,0.42429623,-0.08844806,-0.26177323,0.42537093,0.4066081,0.32976225,0.52224535,0.14614296,0.1455181,0.03830566,0.18582705,0.31879783,0.49665728,0.42262688,0.45465508,0.08718318,-0.23865305,0.07233365,0.1469255,0.14846389,0.095215105,-0.05057546,0.16166088,-0.0017966987,0.25779256,0.2501552,0.3730965,0.2741202,0.41111994,0.21496087,-0.0158412
0.6765241,0.669999,0.5361295,0.6268371,0.27894878,0.2474956,0.4898704,0.70031595,0.22714551,0.10973572,0.4523517,0.59406805,0.45504665,0.50962734,0.16628768,0.3685141,0.5354048,0.58537513,1.0,0.8156245,0.21482633,-0.0759658,0.35617682,0.51374876,-0.12954716,-0.18860643,0.17969576,-0.093337305,0.42291176,0.58929515,0.4245889,0.5168231,0.6490579,0.6716273,0.38119936,0.5334812,0.08054766,-0.11496378,0.046816546,0.31474772,0.048640054,0.23111176,0.5382553,0.5700862,0.7190859,0.7500626,0.47562498,0.51180446,0.5937283,0.66940457,0.7006078,0.6169464,0.49266016,0.25090846,0.40708485,0.36914912,0.6211253,0.64716375,0.6363444,0.52402145,0.69182426,0.6675081,0.5201395,0.6234289,0.6499489,0.7247807,0.6836841,0.7467031,0.67427176,0.64512926,0.35545102,0.3411893,0.383642,0.56761277,0.205952,0.17716101,0.105076924,0.17466904,0.5807953,0.50441074,0.4624809,0.6316159,-0.024669107,0.2625799,0.3001584,0.32300368,-0.15215372,-0.33207643,0.33375168,0.37200156,0.39967126,0.4714604,0.29945663,0.34958756,0.13461742,0.38261405,0.4088609,0.5677481,0.4030588,0.51602006,0.27176774,0.11881743,0.3488744,0.18211518,0.16678117,0.3060199,-0.028811365,0.15305454,0.085862145,0.4800955,0.4454807,0.27838197,0.37460902,0.36853534,0.22037496,0.123191856
0.6897688,0.77528316,0.49669883,0.7068852,0.3715011,0.08489585,0.36008754,0.7027401,0.28006324,0.18111591,0.4259363,0.592699,0.33485016,0.51847273,0.12583974,0.38790557,0.47691923,0.60776037,0.8156245,1.0,0.35248414,-0.17346518,0.36829773,0.6033233,-0.07039926,-0.257675,0.14900565,-0.11733589,0.38754117,0.5566269,0.4646267,0.5862998,0.7006071,0.79101723,0.3807489,0.61211115,0.19575535,0.092050195,0.15054756,0.4075016,0.17733577,0.35573375,0.519314,0.57214254,0.7551874,0.7240816,0.45829985,0.52748764,0.58666444,0.64187336,0.596883,0.61102706,0.48771682,0.3133947,0.4402958,0.4843467,0.68964297,0.74282455,0.59296256,0.49057612,0.7235547,0.675242,0.34767938,0.6099174,0.4284642,0.67201334,0.7398067,0.7968722,0.73423445,0.76488507,0.46942332,0.46289676,0.48390833,0.54257417,0.0638845,0.09396216,0.2686458,0.2797913,0.57806367,0.4647604,0.49309716,0.67630374,-0.06649596,0.37702453,0.14407046,0.4009976,-0.1825449,-0.29871505,0.32172322,0.496402,0.3848239,0.54174626,0.32998458,0.44134572,0.21418081,0.45000732,0.48699713,0.5689098,0.42481774,0.5225495,0.20040779,0.19395624,0.32868493,0.22994156,0.29805735,0.28279987,0.09816361,0.09303645,0.122533426,0.54338413,0.5296972,0.25728253,0.2735182,0.40790686,0.29159468,0.16543794
0.19651915,0.26125747,0.24919042,0.31169376,0.015449712,-0.25063047,0.087269776,0.14057888,-0.0165914,0.015855981,0.10239921,0.11526806,-0.13127466,-0.00097030797,-0.27242458,-0.239738,-0.106877975,0.1733625,0.21482633,0.35248414,1.0,-0.17118055,0.067093894,0.1564904,0.06262305,-0.03261514,-0.086083226,-0.00688369,-0.0790381,0.049801316,0.17222576,0.22440162,0.27958122,0.4221364,0.30145168,0.20924838,0.17258954,0.117533684,0.28124124,0.38190317,0.11678842,0.18252978,0.075811684,0.096591085,0.21518254,0.19698797,-0.004620795,0.054006204,0.23020309,0.14389521,0.052018896,0.04862678,0.022495935,-0.1583828,0.07385942,0.051617075,0.31725314,0.33724576,0.03054418,0.013252451,0.3428375,0.08067383,-0.022945577,0.07597547,0.10276729,0.1429865,0.2737142,0.32909167,0.20245662,0.3330132,0.317659,0.033164456,0.08869368,0.35994586,-0.09821831,-0.07739442,0.15276562,0.037736353,0.1218778,0.07178284,0.010825034,0.18035384,0.09545992,0.04974615,-0.04540516,-0.1552773,-0.16108906,0.060582276,0.16574876,0.024812728,0.025160555,-0.011909467,0.003294793,0.12554288,0.5382997,0.14932443,0.42489594,0.1219768,-0.02132092,-0.015458896,-0.075954005,0.321921,0.11791953,0.10455811,0.09130457,0.17397314,0.030224774,-0.065496944,0.25433683,0.26662174,0.5159055,-0.01713169,-0.031735096,0.18780407,0.33599222,0.12431448
-0.2858512,-0.2896028,-0.05708155,-0.2047917,-0.21650273,0.2656888,-0.025825202,-0.11069046,-0.32982418,-0.30016214,-0.05814322,-0.14563777,0.18709694,-0.0128300935,0.27155882,0.12633443,0.12369368,0.034607764,-0.0759658,-0.17346518,-0.17118055,1.0,0.09505896,0.0127428975,0.45335418,0.47172904,-0.107248336,0.23955695,0.3592558,0.24983715,0.14654309,0.054726526,-0.028211508,-0.09071935,-0.01020077,-0.16769451,0.39564744,0.21973765,0.11278056,0.18451136,0.13389806,0.23059665,0.22147235,0.21783444,-0.22979684,-0.04682338,0.39008966,0.2595614,-0.058459584,-0.20202869,0.078483306,-0.2736449,0.23922789,-0.05791877,0.34286657,0.14493947,-0.19478685,-0.39339525,-0.0072763916,-0.14852555,-0.25651175,-0.18667594,0.06935821,-0.19616076,0.028700596,-0.16667965,-0.20169428,-0.06395256,-0.11227099,-0.33050615,0.14927371,0.1948468,-0.072306514,0.09088355,0.40910795,0.31718636,0.281024,0.45144394,0.20509402,0.19615702,0.11201879,-0.078257754,0.5352395,0.1256323,0.39280227,0.008972455,0.0016886949,0.44621018,0.24139787,-0.031606402,0.4121819,0.13845646,0.3209394,0.12032898,-0.3621515,0.0013086218,-0.002453412,0.24004425,0.26197547,0.2705769,0.48837826,-0.13905902,0.21434133,0.17486556,0.009536101,0.30128,0.08551795,0.2418107,-0.011935094,-0.22333391,-0.14072488,0.24605693,0.3996318,0.23760149,0.04688364,0.03691248
0.17113008,0.15071578,0.53322035,0.53013164,-0.07219618,-0.16508843,0.5730403,0.44912317,-0.2204459,-0.07208804,0.07911941,0.2643145,0.37372726,0.4184487,0.07247483,0.13315848,0.27307194,0.31944042,0.35617682,0.36829773,0.067093894,0.09505896,1.0,0.704054,0.3265591,0.25910488,0.051731247,0.0032299478,0.29791635,0.32749784,0.4173057,0.4083465,0.3143843,0.23898348,0.59509325,0.45209622,0.40442628,0.17878278,0.27612826,0.2945763,0.23182014,0.15555546,0.32863337,0.4679536,0.23891193,0.31080934,0.36761793,0.38498086,0.35834396,0.16659631,0.37379342,0.21506737,0.16149972,0.04728954,0.1997072,0.2020205,0.13449618,0.13655335,0.052086357,-0.014868795,0.15536754,0.10727747,0.0863036,0.14934851,0.39156437,0.28717873,0.24927221,0.3035503,0.12952851,0.24931273,0.59447324,0.46273792,0.2323121,0.3858337,0.2458971,0.34200013,0.38496417,0.42027128,0.49323845,0.38418162,0.40998122,0.394517,0.3260384,0.36947313,0.5162464,0.48580998,0.1347775,0.05872433,0.2217198,0.17886902,0.41902974,0.35790178,0.3126246,0.1243755,0.057518434,0.12445907,0.29323053,0.26353773,0.30987507,0.35204595,0.3980049,0.12723432,0.44980702,0.46481004,0.16833463,0.15546876,-0.09864715,0.19600372,0.10435643,0.33484042,0.4193902,0.3720635,0.4317579,0.26759607,0.19019495,0.3013451
0.37629136,0.3829709,0.5597968,0.71784264,0.0907174,-0.09534549,0.5212301,0.731416,-0.04595543,-0.061378367,0.25018874,0.4349992,0.34370235,0.51603144,0.1854604,0.25931555,0.3983065,0.50633186,0.51374876,0.6033233,0.1564904,0.0127428975,0.704054,1.0,0.25890708,0.06244602,0.12327635,-0.01777224,0.47177702,0.511312,0.5504731,0.6205902,0.4602817,0.4553461,0.52654886,0.58879215,0.32912686,0.21680517,0.34035385,0.3616275,0.30064946,0.3778392,0.47441295,0.60950077,0.4737417,0.5573596,0.49905968,0.53621393,0.5062829,0.42217997,0.5378998,0.4644178,0.3728791,0.32093078,0.42560682,0.38748172,0.31056306,0.35479972,0.29671773,0.25197884,0.42959723,0.40478274,0.16456506,0.42745355,0.4439915,0.52653784,0.44809127,0.53907937,0.39883602,0.4296567,0.6172192,0.642513,0.49423563,0.4978693,0.27544087,0.36665323,0.449674,0.50472385,0.5614857,0.43534905,0.42244542,0.63170385,0.19512853,0.45582396,0.36629546,0.6383829,0.06630682,-0.10383534,0.3747829,0.42941663,0.5173745,0.6150498,0.41492027,0.3508597,0.1064524,0.3945786,0.46132532,0.48948178,0.52033716,0.5765076,0.37708083,0.11175238,0.48261037,0.50356406,0.3310505,0.29996213,0.09430113,0.27164426,0.09223106,0.4396846,0.45795792,0.46064764,0.40843803,0.44385642,0.30644405,0.273627
-0.22664379,-0.2945756,0.13280778,-0.011402949,-0.21458362,-0.15293318,0.14973846,-0.051128786,-0.4149396,-0.2653191,-0.009453538,-0.08557632,0.14891672,0.02387758,0.084239155,-0.039304305,0.047173247,0.09807893,-0.12954716,-0.07039926,0.06262305,0.45335418,0.3265591,0.25890708,1.0,0.578117,-0.08470251,0.21199374,0.29232526,0.22676918,0.34778935,0.14776564,0.029482199,-0.0069530513,0.22426763,0.035171095,0.6076565,0.41921437,0.46037024,0.34357536,0.431833,0.27834392,0.08138472,0.13734144,-0.25229716,-0.10496485,0.29767913,0.24768846,-0.013821172,-0.2037691,0.006203271,-0.25205636,0.20414658,-0.032656547,0.19614713,0.22088319,-0.17451255,-0.31019807,-0.18423104,-0.18571264,-0.2051956,-0.22734606,-0.061166257,-0.24254154,-0.030682161,-0.16011764,-0.18130182,-0.031850465,-0.16629355,-0.16600952,0.40076604,0.28884882,0.06645788,0.18737864,0.3292799,0.28865856,0.4032872,0.37611616,0.27569386,0.13353819,0.17983109,0.01714113,0.66590565,0.3402602,0.5212147,0.16137786,0.15985249,0.45372754,0.35815564,0.021907238,0.39970642,0.2167295,0.33891618,0.056715716,-0.039640814,-0.025871791,0.16226746,0.26445016,0.27605253,0.23984568,0.3870615,-0.07749416,0.31472433,0.42243245,0.084076166,0.21935233,-0.001828291,0.36837104,0.22366616,-0.022766618,0.034420073,0.29751384,0.32325068,0.26829752,0.09391425,0.22318684
-0.2797483,-0.36816692,0.14263059,-0.14532201,-0.25455055,-0.072491914,0.14563856,-0.11050853,-0.40935075,-0.2607831,0.033171047,-0.12861736,0.19213167,-0.034079164,0.052960727,-0.14042234,0.060047157,-0.040345673,-0.18860643,-0.257675,-0.03261514,0.47172904,0.25910488,0.06244602,0.578117,1.0,-0.08267225,0.11171102,0.17230785,0.020640796,0.09558657,0.04235284,-0.081716105,-0.1609571,0.08187672,-0.14728244,0.30593333,0.29810935,0.24964704,0.050310917,0.17286792,0.055271834,0.00082154607,-0.046330042,-0.32191527,-0.20507641,0.09377678,0.017398939,-0.07336828,-0.33751982,-0.12951952,-0.34932762,-0.07014536,-0.15193686,0.08894682,-0.020861808,-0.2771856,-0.41449815,-0.36315846,-0.40957892,-0.24440111,-0.41018075,0.097335905,-0.24541463,0.02207178,-0.33267826,-0.28235742,-0.22296588,-0.378246,-0.32610273,0.29844862,0.17194195,-0.048429005,0.031858627,0.32910872,0.35188848,0.28711748,0.29376543,0.13892744,-0.039824143,0.06929479,-0.12690783,0.6004255,0.008984155,0.35151625,0.017388444,0.25655735,0.49315768,0.17668445,-0.118196286,0.2336694,0.017593607,0.12140695,-0.1592267,0.05549567,-0.13008967,0.028910676,-0.0114390645,0.06905506,0.015143524,0.31064188,-0.036151238,0.2258068,0.26971152,-0.023308255,0.17777927,-0.061513755,0.28638542,0.071540385,-0.16607589,-0.10609047,0.19340274,0.22185536,0.1586295,0.11899891,0.16900548
0.26516032,0.20068553,0.06585855,0.11006557,0.24531111,0.20877354,0.12578264,0.12599185,0.28550535,0.15364884,0.17822798,0.16108017,0.15203422,0.07765873,0.2659712,0.19455445,0.32330218,0.25504252,0.17969576,0.14900565,-0.086083226,-0.107248336,0.051731247,0.12327635,-0.08470251,-0.08267225,1.0,-0.07551721,0.24446294,0.2798379,0.29983044,0.05454543,0.20995358,0.13683385,0.07049967,0.14505473,0.04130234,0.020543827,-0.11413053,-0.0793533,-0.029858196,-0.013457307,0.1421917,0.1226051,0.1546026,0.14916503,0.10819123,0.16693242,0.17074095,0.18794361,0.26246572,0.289482,0.22499546,0.21321903,0.08891857,0.14234623,0.2358162,0.20062084,0.27713975,0.2411556,0.27104235,0.19232754,0.1805598,0.2023246,0.23278898,0.1769227,0.21653813,0.19647482,0.23816645,0.24558361,0.043549087,0.060328588,0.10122715,0.14326632,0.13927478,0.061738193,-0.03806671,-0.03943443,0.17677815,0.26412657,0.21297316,0.20957051,-0.21135066,0.14120527,0.09533462,0.077359706,0.026120286,-0.2432467,0.066675656,0.07134702,0.041549355,0.120489955,0.1570105,0.045539435,-0.08407227,0.13208787,0.03652521,0.15195574,0.14338115,0.15151061,0.11724451,-0.05793647,0.06266944,0.06073552,0.012600732,-0.004951311,0.12124223,0.09962086,0.05817635,0.10472255,-0.013758402,0.041071653,0.00065223576,0.074448,-0.041472483,0.011043953
-0.109306365,-0.15306455,-0.13713507,-0.10404414,-0.10739309,0.083218046,-0.03158914,-0.022540601,-0.035457682,0.008621314,0.009965296,-0.10072109,0.044167154,-0.09930215,0.0787655,-0.05792016,0.05879719,0.025583046,-0.093337305,-0.11733589,-0.00688369,0.23955695,0.0032299478,-0.01777224,0.21199374,0.11171102,-0.07551721,1.0,0.15832978,0.09324499,0.069112964,0.14071032,0.048664674,0.050345227,-0.04269656,-0.12073933,0.2071189,0.19484867,0.041299637,0.0438682,0.08371367,0.19604705,-0.012938822,0.0148859965,-0.22856097,-0.12526011,-0.017808897,-0.03947453,-0.12504555,-0.16605751,-0.06281806,-0.19426508,0.123896815,-0.05808672,0.0952235,-0.023923315,-0.10290588,-0.20747495,-0.07790164,-0.009491902,-0.15427253,-0.11825773,0.06204621,-0.16811338,-0.05158304,-0.1484202,-0.13769771,-0.09303208,-0.05683488,-0.12748714,0.09704805,0.006566042,-0.026304852,0.104473256,0.19885625,0.20147994,0.055544816,0.14042968,0.09384893,0.05084194,0.06526921,-0.06255484,0.24390379,0.054506958,0.18316181,0.00061230484,-0.063221596,0.24513136,0.22232679,-0.10896757,0.08727242,-0.072467946,-0.040875506,-0.09388589,-0.09243614,-0.20464614,-0.15129785,0.02191278,-0.02519046,-0.06388114,0.011194944,-0.17159066,-0.025988808,0.016804734,-0.03937417,0.024710337,0.013739406,0.009852885,0.012591441,-0.17265579,-0.19554766,-0.03690315,0.043160647,0.06205003,0.07841767,-0.12013345
0.31974447,0.36488998,0.23086578,0.18645793,0.13871162,0.2788626,0.21049097,0.38284704,0.027721098,-0.18808478,0.52486897,0.48652115,0.46675053,0.46056423,0.60026896,0.48118228,0.7428228,0.7178498,0.42291176,0.38754117,-0.0790381,0.3592558,0.29791635,0.47177702,0.29232526,0.17230785,0.24446294,0.15832978,1.0,0.8315576,0.6650671,0.48279878,0.557461,0.46180704,0.21961328,0.34002236,0.41917992,0.32826596,0.08393101,0.15883057,0.38027218,0.5251507,0.68611383,0.6844843,0.3662088,0.46475294,0.62516356,0.6223388,0.49266273,0.46722332,0.6057051,0.42328677,0.6537138,0.5664231,0.58295953,0.5006876,0.33298206,0.2776991,0.4361759,0.3565736,0.414991,0.36638966,0.38323236,0.5171862,0.46553725,0.37231585,0.43520907,0.42220366,0.3779478,0.3632114,0.2725115,0.5294451,0.5875935,0.43422315,0.4028397,0.5070751,0.26720512,0.37778342,0.56507534,0.6446252,0.561354,0.62585574,0.25195202,0.46749875,0.45027527,0.4897025,0.0023209646,-0.106102124,0.48826045,0.37408078,0.45299792,0.5925759,0.32855368,0.2117869,-0.2727871,0.14897132,0.26006606,0.5458013,0.57923526,0.58597374,0.32461134,-0.28635526,0.102258936,0.25178885,0.19790773,0.19972393,0.08074125,0.28736842,-0.08913813,0.14021523,-0.020075876,0.4512243,0.4342067,0.44024965,0.16724779,0.014535691
0.51524436,0.5238778,0.27168536,0.379736,0.27909046,0.31496322,0.2772838,0.49950048,0.17473926,-0.031864997,0.55496955,0.59874386,0.48891258,0.5400552,0.5198938,0.55418485,0.71813554,0.84180534,0.58929515,0.5566269,0.049801316,0.24983715,0.32749784,0.511312,0.22676918,0.020640796,0.2798379,0.09324499,0.8315576,1.0,0.72073674,0.54056466,0.67050505,0.57719237,0.34914824,0.48403513,0.38012755,0.20468174,0.034760974,0.297676,0.34987944,0.49401662,0.7023754,0.7535261,0.49705565,0.6087533,0.6507609,0.66344327,0.5985698,0.5624918,0.7254572,0.541179,0.7049858,0.5069167,0.54616225,0.5008135,0.51925355,0.48184317,0.57553774,0.4958894,0.54464805,0.5085226,0.40719047,0.5790949,0.5168241,0.5424762,0.5987102,0.6031539,0.5696219,0.53182894,0.32078463,0.5092594,0.5280287,0.6191039,0.34135255,0.46026653,0.17648786,0.2991901,0.5566444,0.7978002,0.64302146,0.7461366,0.20134531,0.5870029,0.49538073,0.4421151,-0.07629062,-0.19052331,0.48782846,0.3442775,0.47527006,0.5741262,0.31710947,0.24350116,-0.1878568,0.22399162,0.30696917,0.59037954,0.5212816,0.56232625,0.28582132,-0.2661891,0.14308293,0.18836445,0.15547036,0.19076923,0.0014294513,0.24651054,0.0150057785,0.22080792,0.17597339,0.39757064,0.4474124,0.4695673,0.1331574,-0.06399664
0.42578736,0.37291732,0.32076216,0.42151782,0.23629963,0.08718838,0.273775,0.3908854,0.12817246,-0.04899858,0.38799825,0.37403142,0.3001486,0.29340288,0.42730662,0.42319587,0.5125698,0.6615013,0.4245889,0.4646267,0.17222576,0.14654309,0.4173057,0.5504731,0.34778935,0.09558657,0.29983044,0.069112964,0.6650671,0.72073674,1.0,0.579495,0.56377465,0.4649575,0.5526277,0.4938889,0.48395243,0.32183835,0.27313784,0.389208,0.46922863,0.46025348,0.55421567,0.66474336,0.38844258,0.4679329,0.55477643,0.565723,0.552447,0.42269447,0.5954976,0.46326283,0.6003635,0.41217828,0.47192183,0.46111542,0.44404513,0.3785068,0.48461276,0.39635205,0.4247097,0.39160207,0.23976956,0.36313108,0.43568864,0.39758933,0.5377633,0.56751806,0.46934798,0.51347196,0.38197693,0.46119106,0.37883738,0.5051547,0.3064259,0.28312007,0.25617743,0.3461972,0.50742006,0.6435143,0.58483374,0.5652131,0.22968112,0.6739799,0.5226506,0.42945072,0.0005103117,-0.14435995,0.46467832,0.27401724,0.4475931,0.5251796,0.36898157,0.27778175,-0.07165493,0.23166034,0.34631136,0.5586532,0.51720667,0.53245693,0.3520785,-0.1532631,0.21327637,0.33217412,0.1718782,0.21008411,0.056088846,0.2990756,0.13590601,0.23757686,0.29487827,0.3940459,0.37719592,0.49262774,0.12024666,0.110129856
