1.0,0.41961858,0.7589906,0.32834777,0.18996315,0.34392458,0.77491117,0.19778094,0.41037974,0.4414169,0.6867895,0.553923,0.8002435,0.2697943,0.6402496,0.6342933,0.73625284,0.61221594,0.79594386,0.62369895,0.068375215,0.15470336,0.63920724,0.62473935,0.39174035,0.46853492,0.33958992,0.36032885,0.44830474,0.6942107,0.528979,0.47966272,0.7859069,0.75498277,0.64016724,0.596222,0.36417753,0.44774586,0.35438693,0.476696,0.42249188,0.4400619,0.611823,0.65597314,0.5991418,0.5696593,0.6143231,0.6035146,0.6305738,0.4478366,0.71775967,0.2566822,0.69581765,0.34687907,0.53570396,0.67710567,0.90219533,0.3759112,0.15227558,-0.08896795,0.8275963,0.22206993,0.7721909,-0.02271463,0.675981,0.1993048,0.7071415,0.672842,0.7284337,0.50065297,0.20633551,0.22574893,0.076854505,0.6761582,0.18862364,0.3069626,0.09019041,0.27834994,0.5593571,0.28834465,0.7547074,0.56074035,0.54978716,0.586411,0.80318254,0.39209446,0.38869065,0.5270396,0.625675,0.45337215,0.74577063,0.52100015,0.63472575,0.17329764,0.37309492,0.45275676,0.6475367,0.6975842,0.5642684,0.73283553,0.2635102,0.21342036,0.3543921,0.33033937,0.22388254,0.3987017,0.013729253,0.30016598,0.25005147,0.5488723,0.7314128,0.52327687,0.56785274,0.32667953,0.2388141,0.13596493
0.41961858,1.0,0.4780859,0.73377734,-0.05114656,-0.1963592,0.55499476,0.80196184,0.34926227,0.43402943,0.70625323,0.8142537,0.4665887,0.79855436,0.66632587,0.5185449,0.71535695,0.734602,0.7274179,0.8133857,0.26895985,0.37382835,0.56061316,0.62517655,0.010497386,0.06229111,0.30890843,0.018472701,0.8028058,0.71250325,0.71258456,0.5098477,0.6831844,0.69856447,0.6630836,0.64869255,0.69176966,0.48902398,0.70593166,0.6397188,0.40080395,0.579767,0.74284804,0.65631086,0.66582626,0.7231321,0.6628591,0.58207643,0.51403725,0.59306407,0.33534583,0.4230252,0.46082038,0.61318487,0.5968623,0.5912553,0.4454933,0.89022,0.010467282,0.05915929,0.39644182,0.44354692,0.5188979,0.7151089,0.48061922,0.7037135,0.72132385,0.7643693,0.6608012,0.72596735,0.31167257,0.6587805,0.5684118,0.58951426,0.52985483,0.37546936,0.6818981,0.5605892,0.68806297,0.471764,0.66146004,0.8029806,0.67339027,0.63496006,0.5111246,0.80372244,0.5716662,0.5838293,0.6013992,0.7144779,0.46565822,0.63560116,0.42755356,0.5524055,0.2708681,0.3883997,0.60669386,0.6083869,0.6779404,0.5960108,0.4184458,0.5048109,0.53651273,0.54593354,0.60943395,0.5455955,0.3686824,0.35915077,0.45655525,0.54991794,0.5573373,0.47686124,0.50137645,0.41587767,0.568265,0.50200903
0.7589906,0.4780859,1.0,0.427916,0.1210469,0.1314698,0.82778096,0.31530398,0.5184424,0.4581622,0.61427957,0.5429255,0.75818646,0.42993426,0.7568794,0.6757169,0.61071086,0.53261894,0.7457741,0.5906256,0.06704506,0.29116687,0.8715013,0.77516174,0.32705852,0.3156971,0.2611227,0.24654135,0.50539607,0.61307204,0.66414136,0.5144908,0.65690637,0.67345047,0.70722663,0.71506,0.52530205,0.538231,0.44567335,0.5274283,0.3849306,0.53594774,0.55797905,0.5132327,0.47202623,0.4847621,0.5449667,0.52321905,0.44455624,0.42583653,0.6464526,0.37912738,0.4470714,0.32797801,0.4521504,0.4878136,0.6388588,0.48830563,0.1262795,0.015845537,0.61040026,0.2970594,0.54168963,0.17242241,0.6602842,0.27668878,0.66432595,0.5976588,0.63255256,0.52303046,0.33117664,0.41873798,0.3487138,0.573845,0.34805158,0.41222,0.34153742,0.36952832,0.5237717,0.33833733,0.6196737,0.63375145,0.58260846,0.7346098,0.8781237,0.56931764,0.5644762,0.6495938,0.5863383,0.4536022,0.5264359,0.4791649,0.46919873,0.38754967,0.3843145,0.45946538,0.5982862,0.5759806,0.5026098,0.56614363,0.3758382,0.4682318,0.51515967,0.626114,0.31762874,0.48813513,0.059447967,0.34306288,0.305608,0.602996,0.62350786,0.41339767,0.47151327,0.3988495,0.36150602,0.392254
0.32834777,0.73377734,0.427916,1.0,-0.20346667,-0.27396542,0.6654819,0.89637965,0.29291648,0.31669626,0.73826265,0.7610253,0.51762515,0.85210997,0.5568006,0.4380162,0.53146946,0.6882695,0.66493857,0.8089933,0.060080964,0.32134557,0.5726755,0.6886185,-0.13620871,-0.08477613,0.03256497,-0.11763226,0.7630217,0.63763386,0.737477,0.48810732,0.58801883,0.5413358,0.626107,0.5976255,0.5871243,0.31160504,0.56315315,0.51844704,0.19248116,0.4404747,0.6622286,0.5183117,0.5708045,0.5591341,0.5648105,0.5302242,0.398144,0.5661101,0.22724311,0.35716063,0.23800547,0.42110658,0.4323513,0.36047497,0.27498952,0.8405414,-0.029363493,0.25481078,0.1833662,0.47909513,0.56569,0.8204011,0.49384195,0.7399365,0.6369399,0.71021324,0.49647713,0.6110702,0.3135281,0.6031139,0.6597054,0.4869988,0.45790327,0.39668527,0.72829837,0.54224056,0.5154169,0.4853256,0.6382126,0.7817467,0.50995266,0.4860203,0.4207274,0.78961134,0.40613818,0.40943933,0.5364686,0.57083064,0.31725994,0.52331173,0.38805097,0.60724074,0.23808153,0.28954628,0.54127616,0.50874794,0.6018399,0.48547676,0.5885784,0.41423798,0.6930615,0.55599314,0.6784501,0.6100642,0.28944498,0.5182687,0.4686184,0.53124726,0.48236203,0.43582925,0.44395742,0.46072304,0.68397886,0.5401329
0.18996315,-0.05114656,0.1210469,-0.20346667,1.0,0.6567509,-0.015135241,-0.21387759,0.5573718,0.43149325,0.046386737,-0.085421816,0.16168505,-0.19878617,0.28198087,0.3781134,0.14999725,-0.027968539,0.053474493,-0.06106697,0.2878328,0.027645081,0.19679132,0.1632584,0.6317357,0.72678554,0.3832565,0.565683,0.040054947,0.08259639,0.033541948,0.16406775,0.21064568,0.21802196,0.16194096,0.101497695,0.08028047,0.20933335,0.09076171,0.0645095,0.27792764,0.06890194,0.050544832,0.07383264,0.16277255,-0.018231442,0.09056449,-0.021374077,0.053521752,-0.12963963,0.019131435,-0.23043397,0.28331494,0.15924983,0.266129,0.28544468,0.2842342,-0.11876304,-0.14242545,-0.19805546,0.16017145,0.047705717,0.09752129,-0.2687542,0.046688836,-0.049896628,0.08373144,0.00036947438,0.12697883,-0.04168284,-0.046821274,-0.035714597,-0.10297135,0.0011735044,-0.09390152,-0.04041764,-0.15536009,-0.1240412,0.124961905,-0.20124644,0.16662344,0.019831683,0.23677632,0.17672583,0.19664294,0.01758907,0.21442299,0.3053545,0.24024658,0.28737015,0.23241042,0.105433404,0.0591587,0.077106744,-0.01789284,0.07368846,0.102801554,0.14361629,0.109927654,0.16927873,-0.10664038,-0.06034886,-0.040606465,0.004296248,-0.05873683,-0.09076775,-0.0041883425,-0.05517235,-0.06752689,-0.07561299,0.063894235,0.057218894,0.04774413,0.039254393,-0.19809057,-0.28093672
0.34392458,-0.1963592,0.1314698,-0.27396542,0.6567509,1.0,0.04190155,-0.38545364,0.48046565,0.36707583,0.039791755,-0.14548382,0.2442106,-0.35111082,0.18151107,0.31295833,0.23875715,0.036068108,0.12878186,-0.048234444,0.055307128,-0.066689886,0.1372778,0.16361706,0.673261,0.7384755,0.33485055,0.58643186,-0.06339509,0.13379087,-0.06663174,0.13336506,0.28470168,0.2939883,0.21832834,0.09511278,0.022425247,0.21188231,0.092522785,0.13886514,0.31139144,0.09321631,0.09770632,0.1859374,0.22996834,0.039255567,0.16957167,0.12917443,0.1235689,0.017178476,0.20399967,-0.13861382,0.44446334,0.17610188,0.34297347,0.3648665,0.4159903,-0.24495555,0.058892887,-0.18053617,0.34413493,-0.0673501,0.24586768,-0.42326665,0.1644251,-0.23193285,0.17874314,0.071609944,0.20297183,-0.019676015,-0.022915853,-0.18185128,-0.2860831,0.13677688,-0.18578216,-0.04433225,-0.30128548,-0.10934318,0.12738357,-0.07411478,0.2500364,-0.0013070997,0.19870585,0.07363531,0.25739563,-0.1308322,0.10837517,0.31299278,0.2948463,0.22590372,0.41748297,0.1453039,0.10565514,-0.032593884,0.06270788,0.09868988,0.17891458,0.23697431,0.12021297,0.30814904,-0.03528864,-0.0676546,-0.07604441,-0.075534485,-0.14824809,-0.0040097605,-0.170913,-0.0750823,-0.07011222,0.0060556005,0.21493904,0.14244126,0.10929376,-0.00054673426,-0.20658413,-0.37795463
0.77491117,0.55499476,0.82778096,0.6654819,-0.015135241,0.04190155,1.0,0.5078137,0.43983603,0.35846886,0.7719908,0.6652741,0.8307247,0.55830485,0.63634837,0.61254424,0.6396295,0.6530189,0.8115621,0.7276263,-0.025237553,0.2580535,0.79099196,0.8006308,0.18075521,0.19594339,0.12946661,0.18566926,0.61305845,0.69297624,0.7022217,0.5715249,0.73161983,0.7034594,0.7159976,0.7076894,0.51176816,0.46967426,0.38739884,0.49813494,0.28690013,0.49067163,0.70783716,0.60753125,0.578028,0.56085926,0.63709736,0.62794733,0.51730365,0.5150506,0.65565675,0.40205488,0.4575176,0.36756346,0.46349815,0.47970626,0.6515404,0.6001263,0.06943556,0.13011923,0.6120585,0.34587318,0.72491837,0.33990723,0.7901402,0.41720223,0.7257725,0.6967882,0.6439107,0.563212,0.31016415,0.462571,0.40640113,0.6163074,0.38703308,0.41738653,0.42290217,0.44222298,0.5326425,0.40703526,0.74264413,0.7220811,0.5035988,0.6317445,0.7805686,0.6386963,0.3920466,0.5191433,0.6159271,0.45601845,0.51747006,0.48290804,0.53162503,0.4313502,0.3791052,0.47031376,0.64119136,0.63543344,0.5856515,0.6204249,0.4929784,0.39767405,0.64832467,0.59959143,0.4569391,0.60119337,0.079709016,0.43305925,0.43649766,0.6556355,0.68676764,0.5214576,0.5103594,0.45501205,0.5298302,0.39178494
0.19778094,0.80196184,0.31530398,0.89637965,-0.21387759,-0.38545364,0.5078137,1.0,0.22813445,0.31218186,0.69229734,0.7852413,0.36838755,0.90435016,0.52899736,0.3912418,0.5148499,0.63982105,0.58677447,0.75936484,0.16639298,0.38877198,0.4582375,0.57647175,-0.2482203,-0.17410015,0.05941287,-0.19197533,0.7851619,0.5956841,0.6774832,0.42023027,0.5229332,0.48852387,0.5300137,0.5165028,0.63653564,0.3102808,0.6254574,0.54459965,0.18815465,0.4432321,0.6186712,0.46697128,0.51888084,0.5729363,0.5254597,0.4500316,0.35284874,0.5481041,0.115519606,0.38476312,0.16295552,0.5026138,0.43770468,0.35516357,0.18770683,0.888808,-0.14182101,0.25445062,0.08226375,0.4488121,0.47184095,0.8811498,0.3701754,0.8135291,0.5684705,0.64651567,0.43986335,0.6157737,0.33079746,0.65637565,0.70848197,0.43809858,0.50579363,0.39434952,0.7568176,0.55682373,0.48955458,0.45959148,0.5622249,0.7468271,0.5208855,0.499297,0.3135848,0.83840954,0.4543601,0.40337887,0.50419825,0.62910575,0.24221827,0.5239596,0.35960284,0.6138204,0.15320303,0.20028366,0.50411326,0.45155796,0.5944856,0.43421322,0.48906666,0.4108979,0.60973084,0.48939025,0.6384108,0.5175853,0.33365074,0.44533187,0.42377114,0.42545122,0.39897054,0.39552617,0.43649432,0.4428554,0.6195942,0.5191266
0.41037974,0.34926227,0.5184424,0.29291648,0.5573718,0.48046565,0.43983603,0.22813445,1.0,0.56560916,0.45351586,0.35913533,0.4979018,0.25312224,0.6414542,0.56402427,0.51192814,0.38092923,0.44030532,0.3742588,0.3643945,0.27743644,0.55624896,0.54382515,0.49603048,0.60029143,0.3937492,0.5289912,0.43065643,0.4374512,0.45992926,0.4906281,0.52946234,0.54570097,0.49763948,0.40925965,0.44474763,0.45504853,0.46316218,0.43717936,0.5000564,0.44165173,0.37846354,0.32568535,0.35761762,0.27373943,0.31378782,0.19473106,0.18554479,0.13374642,0.2508716,0.071654275,0.31105638,0.2756848,0.4446534,0.40268406,0.4730469,0.3223009,-0.050575905,0.012743203,0.37139618,0.19997874,0.4538631,0.11679596,0.35931978,0.22956908,0.44439843,0.37410152,0.41524643,0.32500473,0.14923806,0.39324492,0.32415095,0.36940032,0.22532803,0.24461137,0.22811082,0.20242868,0.40863,0.17020124,0.51039803,0.44390017,0.55631757,0.5038242,0.53225017,0.42237672,0.49640948,0.58677584,0.5934963,0.4940406,0.36892724,0.29817113,0.13290465,0.37200886,0.083204746,0.1556336,0.3495494,0.33016142,0.33058545,0.32761285,0.21636416,0.29958916,0.27839208,0.35198748,0.20807572,0.23997147,0.032726485,0.17866322,0.23731296,0.22839701,0.29659924,0.1710542,0.1684163,0.17565142,0.12251707,0.13458873
0.4414169,0.43402943,0.4581622,0.31669626,0.43149325,0.36707583,0.35846886,0.31218186,0.56560916,1.0,0.47942546,0.50089526,0.40870112,0.39815217,0.6557293,0.682667,0.5474124,0.5104577,0.5533649,0.45181668,0.20124663,0.19596443,0.4983101,0.5226884,0.38149187,0.4693099,0.43249038,0.25803348,0.44253093,0.48600397,0.43367887,0.4363867,0.5806266,0.5461949,0.5692397,0.57319134,0.38352662,0.39283225,0.42424324,0.46502855,0.3062102,0.3904271,0.4537292,0.4752422,0.54801536,0.4514056,0.40263978,0.28487507,0.34425017,0.33163333,0.25596195,0.027686642,0.5170416,0.42525053,0.5285319,0.6110856,0.5432552,0.41159034,-0.05266142,-0.1692002,0.34333152,0.12994605,0.40083748,0.17216663,0.2559195,0.33011836,0.5595891,0.49164197,0.5427655,0.37621593,0.10447254,0.27123675,0.21113972,0.4026486,0.09336791,0.24248652,0.24148285,0.17004818,0.4862032,0.120928496,0.5092867,0.56171346,0.5883767,0.6072125,0.5536955,0.5154643,0.58110934,0.663682,0.5794116,0.6829232,0.6076237,0.5754744,0.41926792,0.37903255,0.08511098,0.27624413,0.4499633,0.46586686,0.51689476,0.5392108,0.30463603,0.24762386,0.31259173,0.32073084,0.2592702,0.3430195,0.15765838,0.17096151,0.10476266,0.25062892,0.38605928,0.26051655,0.32787898,0.31653512,0.1629539,0.10770529
0.6867895,0.70625323,0.61427957,0.73826265,0.046386737,0.039791755,0.7719908,0.69229734,0.45351586,0.47942546,1.0,0.84093994,0.818139,0.7373052,0.70234215,0.70571506,0.74237716,0.81648165,0.7869511,0.8008325,0.110839754,0.3267856,0.63404256,0.6929647,0.09726447,0.1713145,0.27615154,0.11426977,0.7587171,0.7819863,0.72350055,0.5538921,0.7936939,0.7302139,0.7140841,0.65854067,0.5829212,0.43147022,0.516564,0.57096416,0.3268458,0.49117482,0.7086848,0.6404439,0.6549263,0.6581378,0.6436454,0.58502966,0.5543488,0.5360946,0.45947435,0.37556863,0.51982063,0.47622406,0.6011738,0.60750234,0.6663861,0.74696773,-0.023733448,0.12561244,0.53095174,0.4227954,0.83068895,0.5104662,0.5982695,0.55327606,0.7220588,0.7781413,0.66367733,0.62168336,0.33570734,0.54796916,0.48501268,0.64874804,0.38999385,0.42822537,0.47999242,0.44048446,0.57665414,0.43920153,0.847442,0.8251887,0.5943553,0.6854728,0.654546,0.70496666,0.4199927,0.5402396,0.69738835,0.6273374,0.58966684,0.58278567,0.59499466,0.41141355,0.29416966,0.34481502,0.6404017,0.6636234,0.67146957,0.67138225,0.50535,0.25480813,0.55514616,0.42116016,0.45790657,0.53740406,0.16143866,0.43160686,0.39750797,0.5433985,0.6271276,0.50967455,0.55481493,0.4020001,0.4488048,0.31646588
0.553923,0.8142537,0.5429255,0.7610253,-0.085421816,-0.14548382,0.6652741,0.7852413,0.35913533,0.50089526,0.84093994,1.0,0.61639893,0.8700107,0.7074122,0.596719,0.7527884,0.87221366,0.78223187,0.8227949,0.14142224,0.39321622,0.5531768,0.62008077,-0.07229992,0.05575737,0.28749415,-0.033229344,0.77918094,0.7916471,0.722827,0.5472291,0.7644638,0.72444123,0.7047701,0.6689935,0.6120099,0.47529036,0.6210257,0.65257496,0.33610484,0.53128034,0.7250935,0.69302404,0.6528154,0.7317346,0.6390683,0.580695,0.49113458,0.5796987,0.40664777,0.37959805,0.4745184,0.49007317,0.56799304,0.604547,0.59901553,0.8228606,0.009916965,0.09346235,0.4360104,0.45092544,0.6543858,0.60475093,0.5266061,0.6062754,0.73468083,0.79691505,0.62805146,0.6567326,0.32161447,0.63175803,0.51215935,0.6742801,0.45354554,0.4409895,0.60108334,0.5469315,0.62290287,0.54118043,0.754452,0.8650936,0.68352175,0.71518016,0.62310165,0.76512295,0.587123,0.6180689,0.6428767,0.6761069,0.5407164,0.60467553,0.5565889,0.41039807,0.25164226,0.3288411,0.60490197,0.6566183,0.6907977,0.6483574,0.5046945,0.31590334,0.503402,0.43095568,0.5008263,0.53944314,0.21611294,0.51397854,0.3529714,0.50785625,0.59847033,0.45694283,0.5115524,0.4073913,0.5076174,0.40208265
0.8002435,0.4665887,0.75818646,0.51762515,0.16168505,0.2442106,0.8307247,0.36838755,0.4979018,0.40870112,0.818139,0.61639893,1.0,0.46853596,0.6500421,0.6599554,0.63203967,0.64656043,0.74315834,0.63932246,-0.022387119,0.14270273,0.6853633,0.6935552,0.2650491,0.3091324,0.19670893,0.2719486,0.5251681,0.6641448,0.5965206,0.48718116,0.7221903,0.6747871,0.6629733,0.6443364,0.44145495,0.4216369,0.33778423,0.4223094,0.32880488,0.45942903,0.5845506,0.5377434,0.5373063,0.4721693,0.5368166,0.5449955,0.52540874,0.43702456,0.63075745,0.33059433,0.5605145,0.3858062,0.46933475,0.53387624,0.71382856,0.496791,0.20027658,0.04552804,0.6352684,0.35565433,0.7559238,0.20516415,0.71124786,0.2814249,0.64792985,0.6398715,0.6053951,0.5246479,0.32949254,0.3620256,0.2721667,0.60475916,0.2621823,0.3675993,0.2953168,0.31354058,0.48768428,0.3869578,0.7492114,0.66167456,0.47827804,0.583506,0.75364447,0.48180148,0.330991,0.5504811,0.593748,0.42864037,0.59537345,0.43275967,0.512727,0.25546384,0.3342196,0.36834762,0.5122344,0.5852696,0.4914259,0.6237407,0.39195412,0.20310831,0.4618014,0.4504865,0.30462262,0.49872556,0.018367654,0.34654185,0.36515757,0.5354399,0.5773698,0.4185625,0.42954877,0.30060902,0.36209208,0.23934472
0.2697943,0.79855436,0.42993426,0.85210997,-0.19878617,-0.35111082,0.55830485,0.90435016,0.25312224,0.39815217,0.7373052,0.8700107,0.46853596,1.0,0.60269094,0.49503902,0.55637586,0.73478824,0.6402889,0.7579489,0.08887911,0.37014264,0.52235425,0.59395576,-0.21467291,-0.14453551,0.119957685,-0.19240357,0.7686481,0.64210176,0.69636893,0.44823536,0.5648054,0.5340758,0.60913867,0.5873347,0.63266635,0.38111788,0.5969748,0.5779242,0.21302888,0.48816115,0.6224006,0.5135626,0.5460402,0.6106349,0.5167368,0.47365484,0.3448606,0.55752695,0.18859196,0.39312816,0.25028038,0.4788187,0.43864095,0.4034068,0.2758351,0.8763868,-0.05503408,0.2054827,0.1646327,0.46916324,0.45568603,0.80276555,0.39307964,0.71089673,0.6154176,0.67641646,0.47826704,0.5963133,0.34821618,0.64958334,0.66219175,0.49796337,0.4860877,0.41583842,0.7300022,0.5449552,0.5071419,0.51898205,0.5896355,0.8333767,0.5507418,0.6115578,0.45603874,0.8205487,0.51554275,0.52910143,0.5106423,0.6306596,0.32487905,0.56121504,0.40602544,0.51622844,0.20587827,0.23540866,0.4902614,0.48082638,0.60057354,0.47165155,0.5195504,0.3695963,0.58783257,0.50949043,0.5867917,0.5494606,0.2862679,0.47476697,0.40333548,0.44602495,0.41622952,0.35877106,0.3986694,0.4204468,0.59789985,0.52013546
0.6402496,0.66632587,0.7568794,0.5568006,0.28198087,0.18151107,0.63634837,0.52899736,0.6414542,0.6557293,0.70234215,0.7074122,0.6500421,0.60269094,1.0,0.74486613,0.73389536,0.68840915,0.79158765,0.7171152,0.36183593,0.4268572,0.7838248,0.7478033,0.32252827,0.4230519,0.40970886,0.22083883,0.7174743,0.74650824,0.75326157,0.6064085,0.77992684,0.78029716,0.77188116,0.7200088,0.6697576,0.585329,0.714675,0.66497785,0.56343585,0.6464264,0.62775594,0.6180854,0.621388,0.5856503,0.61208194,0.5149309,0.45399523,0.39051786,0.39774033,0.27546066,0.5318368,0.48189282,0.6427781,0.6671191,0.6571527,0.64818,0.047342546,-0.0017619412,0.49781713,0.38138622,0.5792942,0.36549923,0.51258117,0.48818564,0.73404557,0.70706475,0.7013915,0.6309963,0.2804599,0.55840063,0.43851665,0.61948144,0.35751164,0.439632,0.507238,0.44295403,0.6686133,0.35760343,0.7299555,0.7673522,0.78848773,0.76645136,0.7874548,0.70752573,0.7622491,0.77848995,0.7359921,0.7238746,0.62157935,0.65894526,0.46418634,0.54096925,0.32721484,0.43200788,0.6746878,0.6625483,0.6709022,0.6306075,0.46700305,0.47611332,0.5039668,0.5745868,0.5001749,0.5020349,0.22286111,0.4094351,0.36585477,0.54363114,0.62269354,0.432642,0.5237682,0.43832436,0.39563435,0.4142476
0.6342933,0.5185449,0.6757169,0.4380162,0.3781134,0.31295833,0.61254424,0.3912418,0.56402427,0.682667,0.70571506,0.596719,0.6599554,0.49503902,0.74486613,1.0,0.60424054,0.5978584,0.69553053,0.6131233,0.2359279,0.29739177,0.7173814,0.6541283,0.39992067,0.44346708,0.43287122,0.30231723,0.6097101,0.6691663,0.6767996,0.4888592,0.7277847,0.6775861,0.72659457,0.6639741,0.5014292,0.50171477,0.49019444,0.5646281,0.37760448,0.45560923,0.576132,0.5679667,0.6264016,0.60137117,0.5452585,0.43019462,0.48328212,0.40638965,0.40536422,0.18766515,0.5654181,0.47106898,0.6098609,0.639858,0.64834374,0.5391947,-0.07422962,-0.042754646,0.5291826,0.39623186,0.5797917,0.25778517,0.43962127,0.36387873,0.6670151,0.6207532,0.6855531,0.474539,0.24536014,0.2925924,0.26365465,0.5262674,0.19582494,0.2834478,0.29151234,0.2192263,0.5262002,0.2698539,0.7202188,0.7379705,0.635898,0.828851,0.7344192,0.63225377,0.5302111,0.69943863,0.6709371,0.7203379,0.619063,0.58838934,0.4985951,0.4194431,0.20997739,0.32022828,0.59610057,0.5860966,0.5729874,0.5965124,0.32151783,0.22962743,0.4004466,0.3481581,0.31448448,0.38828275,0.087282516,0.3028844,0.1754954,0.44281337,0.53401464,0.36491668,0.4623853,0.35652837,0.22250211,0.15795861
0.73625284,0.71535695,0.61071086,0.53146946,0.14999725,0.23875715,0.6396295,0.5148499,0.51192814,0.5474124,0.74237716,0.7527884,0.63203967,0.55637586,0.73389536,0.60424054,1.0,0.8112731,0.8431605,0.80272955,0.1994095,0.38236377,0.57454455,0.64741373,0.2434554,0.405494,0.39666116,0.30726445,0.752223,0.8789517,0.64928865,0.58382577,0.89450264,0.89000624,0.76385456,0.65382665,0.6788929,0.637086,0.7310414,0.7818693,0.52312994,0.67402214,0.75866807,0.7939254,0.745725,0.7558114,0.77731377,0.72384685,0.6158991,0.57261753,0.5586477,0.32398146,0.71102035,0.59464693,0.79363316,0.81098723,0.79385245,0.6644517,0.08604269,-0.02869936,0.68876624,0.27980834,0.75815547,0.33504957,0.62971026,0.45598626,0.8398145,0.8320337,0.77503633,0.73549706,0.32278273,0.5643447,0.36129585,0.83757484,0.48331708,0.4509036,0.46304628,0.6019321,0.7982386,0.5686284,0.8807389,0.7400644,0.8380574,0.64292735,0.7368458,0.6115492,0.66472876,0.6869749,0.81304276,0.7056911,0.75308406,0.7027606,0.60308474,0.4028209,0.45619544,0.487561,0.7617725,0.80117774,0.74826634,0.8188989,0.40606773,0.44873682,0.44487375,0.45492384,0.48863104,0.5732549,0.2158161,0.40024677,0.4266016,0.5912436,0.76180816,0.607718,0.5937282,0.4554901,0.4524813,0.32345867
0.61221594,0.734602,0.53261894,0.6882695,-0.027968539,0.036068108,0.6530189,0.63982105,0.38092923,0.5104577,0.81648165,0.87221366,0.64656043,0.73478824,0.68840915,0.5978584,0.8112731,1.0,0.7764846,0.80190134,0.07077872,0.34574416,0.5275198,0.60341585,0.025693864,0.20367317,0.35692304,0.112096734,0.7684357,0.86206234,0.65130115,0.6177284,0.8040601,0.79256064,0.7659632,0.6965896,0.59032065,0.50352633,0.6192376,0.7070611,0.3020765,0.5966292,0.7507201,0.7935842,0.72663397,0.7741385,0.70330715,0.67241114,0.529231,0.5777582,0.5206546,0.40621313,0.6322083,0.498104,0.65368265,0.68998873,0.6664257,0.7597102,0.1684182,0.05322203,0.52615213,0.3386452,0.7118888,0.5108495,0.5743728,0.507512,0.77149075,0.8375709,0.66479725,0.6583501,0.37960908,0.5952694,0.40573567,0.7955501,0.47537893,0.48292914,0.54980785,0.580833,0.6807819,0.63395584,0.8268039,0.8628889,0.73409253,0.6516135,0.67592084,0.6633501,0.59392554,0.6470682,0.7201228,0.64769995,0.6175992,0.5788825,0.5032568,0.35629264,0.3698538,0.40843838,0.6451843,0.7482154,0.7068661,0.7170749,0.4833694,0.32804042,0.44536403,0.38384676,0.49300718,0.5973358,0.17474917,0.50535166,0.40603873,0.54972965,0.67924374,0.5125962,0.5164642,0.32675076,0.48053217,0.3363644
0.79594386,0.7274179,0.7457741,0.66493857,0.053474493,0.12878186,0.8115621,0.58677447,0.44030532,0.5533649,0.7869511,0.78223187,0.74315834,0.6402889,0.79158765,0.69553053,0.8431605,0.7764846,1.0,0.8796219,0.17425738,0.34417433,0.7633672,0.80156016,0.25204813,0.34547797,0.3140088,0.18483162,0.76410794,0.85596585,0.80538154,0.60556275,0.8966586,0.8690694,0.8306664,0.77184576,0.67321897,0.60054046,0.65882194,0.70306134,0.47869572,0.6435394,0.8307188,0.7974674,0.78656036,0.7447659,0.7995104,0.7725716,0.6733083,0.6123059,0.61762357,0.39328393,0.68984973,0.56025285,0.6989387,0.7361644,0.76053536,0.720874,0.10716779,-0.011875016,0.66084456,0.3990827,0.7347748,0.39939788,0.724834,0.5413447,0.90428895,0.8791012,0.85237056,0.75847226,0.27793416,0.4958126,0.40264684,0.7716814,0.4000167,0.4842982,0.51516247,0.5506306,0.7416707,0.48931804,0.84715575,0.82291985,0.73115,0.7064969,0.8095763,0.72096974,0.5930665,0.70242393,0.77340466,0.72180974,0.7697052,0.7625615,0.6635213,0.52052003,0.44197807,0.57399154,0.8129704,0.80339515,0.7881501,0.8223221,0.53282356,0.45865837,0.6545404,0.61848354,0.5866449,0.6674901,0.16694494,0.4752611,0.45511624,0.7246358,0.8102922,0.65701824,0.67015976,0.6009938,0.5881102,0.4544903
0.62369895,0.8133857,0.5906256,0.8089933,-0.06106697,-0.048234444,0.7276263,0.75936484,0.3742588,0.45181668,0.8008325,0.8227949,0.63932246,0.7579489,0.7171152,0.6131233,0.80272955,0.80190134,0.8796219,1.0,0.20093341,0.37226164,0.6445622,0.702228,0.056930196,0.18453409,0.25206012,0.09457557,0.83673406,0.85219806,0.81253874,0.5453798,0.85406697,0.813206,0.77165693,0.692483,0.6661027,0.503692,0.68673825,0.6992865,0.42483246,0.6015351,0.80152285,0.749233,0.7653723,0.76354235,0.7474233,0.7011279,0.64736915,0.6434746,0.43676254,0.39462918,0.5609762,0.58727616,0.66783863,0.66815054,0.6121395,0.84647226,0.10300261,0.1047282,0.5464051,0.44526845,0.72243494,0.62719846,0.63729346,0.66080946,0.8315503,0.8833461,0.7764497,0.79953116,0.2919598,0.58068055,0.4991636,0.7267933,0.46731988,0.4772803,0.62986124,0.5557373,0.7174324,0.5453514,0.8352408,0.83736265,0.7196765,0.6291356,0.63604355,0.759326,0.54147166,0.57673615,0.7394123,0.7335886,0.62133116,0.71276337,0.5625382,0.55938846,0.39134535,0.48584414,0.7521685,0.7269196,0.76225436,0.7252279,0.5029586,0.4533627,0.61507607,0.5272889,0.6680844,0.6301772,0.22922051,0.5419157,0.47959,0.6589045,0.70876074,0.5947441,0.60382235,0.52628636,0.6395943,0.49745178
0.068375215,0.26895985,0.06704506,0.060080964,0.2878328,0.055307128,-0.025237553,0.16639298,0.3643945,0.20124663,0.110839754,0.14142224,-0.022387119,0.08887911,0.36183593,0.2359279,0.1994095,0.07077872,0.17425738,0.20093341,1.0,0.1749356,0.16287446,0.067989126,0.19706348,0.2879519,0.23984334,0.12271327,0.2877851,0.2215726,0.27337274,0.13832088,0.24197465,0.22886994,0.111837454,0.04920055,0.20380653,0.16801295,0.306006,0.21068911,0.3792981,0.23683845,0.15401128,0.19032109,0.22530052,0.18781142,0.14723787,0.016531024,0.12821193,-0.033500247,-0.110677876,-0.07814135,0.13719481,0.14082752,0.2632636,0.28582227,0.17061175,0.18825236,-0.1515213,-0.13149016,0.12458685,0.066912554,0.11241995,0.0778038,-0.0053473404,0.23001163,0.17707524,0.12594408,0.28765336,0.19249022,-0.12480795,0.10745855,0.12316836,0.05347752,0.036353953,0.0405987,0.08818858,0.01550528,0.24558644,-0.16438702,0.1871311,0.12926693,0.32918707,0.26126975,0.10640247,0.197064,0.32071012,0.21013483,0.31658897,0.35224214,0.18333833,0.3002303,0.14314207,0.30924174,-0.054595154,0.16255336,0.24184933,0.11966869,0.23453206,0.14649896,0.022073368,0.15752892,0.055406153,0.08281044,0.16072603,0.020114016,0.06029476,-0.031100579,0.08877643,0.090978555,0.11619809,0.12947384,0.20409605,0.20021056,0.024973013,0.06504205
0.15470336,0.37382835,0.29116687,0.32134557,0.027645081,-0.066689886,0.2580535,0.38877198,0.27743644,0.19596443,0.3267856,0.39321622,0.14270273,0.37014264,0.4268572,0.29739177,0.38236377,0.34574416,0.34417433,0.37226164,0.1749356,1.0,0.30790454,0.2870955,-0.049530614,0.060039572,0.22601658,0.08347134,0.5203356,0.4417996,0.5264237,0.4210351,0.39079505,0.41553998,0.35235667,0.33826834,0.501067,0.4304924,0.47053164,0.5101361,0.2762903,0.4190051,0.33267316,0.27664042,0.27154684,0.2976381,0.38357928,0.286151,0.05040492,0.15321203,0.13835171,0.320163,0.10808084,0.23745309,0.4245335,0.22181551,0.18362159,0.3951343,-0.31822747,0.29354304,0.16424495,0.21519583,0.27617344,0.2922724,0.17237647,0.28625575,0.33621386,0.371093,0.26575795,0.28832656,0.23339516,0.5727308,0.45330814,0.40258467,0.4602084,0.42726964,0.3951504,0.44029474,0.32991454,0.3584856,0.3747204,0.39022627,0.43371746,0.41000938,0.2565509,0.40575483,0.41494235,0.33018148,0.4387249,0.33220598,0.114249304,0.22928108,0.13298112,0.27796447,0.27767876,0.11784432,0.38265154,0.29758725,0.37095758,0.23094113,0.19455568,0.23371242,0.21873821,0.20146108,0.26239127,0.23478177,-0.067351386,0.31683573,0.23194371,0.25070637,0.33693865,0.24043678,0.26149178,0.29081085,0.24668618,0.22790796
0.63920724,0.56061316,0.8715013,0.5726755,0.19679132,0.1372778,0.79099196,0.4582375,0.55624896,0.4983101,0.63404256,0.5531768,0.6853633,0.52235425,0.7838248,0.7173814,0.57454455,0.5275198,0.7633672,0.6445622,0.16287446,0.30790454,1.0,0.89789945,0.4017484,0.3628698,0.2619435,0.22161092,0.6311503,0.611123,0.77552,0.5468085,0.65938747,0.6695534,0.75446796,0.7453811,0.59403086,0.5051167,0.54947436,0.5307282,0.40119794,0.5416044,0.6412444,0.55300516,0.55893254,0.50630164,0.6186586,0.5715848,0.45631096,0.43507987,0.5045466,0.360647,0.4407187,0.39522213,0.4927744,0.4927214,0.51745826,0.5802593,0.04900234,0.033006895,0.46276805,0.3884719,0.49332803,0.35256767,0.5890629,0.44914094,0.69839334,0.6214154,0.6465538,0.5558599,0.24910426,0.45735562,0.4880702,0.48530868,0.38712457,0.42258915,0.48204407,0.38014084,0.553247,0.30271792,0.62033975,0.72112435,0.613666,0.73441017,0.8080479,0.7248172,0.6080731,0.7173496,0.6278361,0.5886244,0.5026443,0.5469055,0.44088978,0.5814333,0.3891474,0.52222323,0.65397215,0.5982521,0.5964692,0.56960934,0.4668103,0.54371685,0.7049058,0.72270435,0.50381356,0.595922,0.14526162,0.3612787,0.4040546,0.6700627,0.647971,0.50885683,0.5415756,0.5142129,0.49404007,0.4689657
0.62473935,0.62517655,0.77516174,0.6886185,0.1632584,0.16361706,0.8006308,0.57647175,0.54382515,0.5226884,0.6929647,0.62008077,0.6935552,0.59395576,0.7478033,0.6541283,0.64741373,0.60341585,0.80156016,0.702228,0.067989126,0.2870955,0.89789945,1.0,0.36415204,0.35676655,0.20417337,0.17122014,0.6887078,0.6509487,0.7573787,0.5670767,0.6969749,0.7132751,0.78977895,0.7898337,0.6770674,0.5169203,0.6173082,0.5792787,0.39036214,0.5610948,0.730451,0.6083071,0.6219509,0.5521862,0.69267654,0.6486356,0.5011257,0.56091744,0.515287,0.39211154,0.48244128,0.4913943,0.56757677,0.5269301,0.51165646,0.66405416,0.03705294,0.09192076,0.4325959,0.3969225,0.56578153,0.45431614,0.6490227,0.561286,0.7587092,0.697013,0.6478569,0.6257751,0.33849642,0.5210715,0.5447435,0.54559726,0.42744082,0.4397422,0.58024716,0.5005627,0.6117,0.34731942,0.68047756,0.7672702,0.63705426,0.67889875,0.75394326,0.7892529,0.5742148,0.710979,0.657603,0.6404341,0.54372805,0.61495584,0.47332987,0.6611904,0.39730072,0.4920441,0.6929721,0.67108685,0.6707161,0.65057564,0.5492853,0.57282174,0.7791411,0.7531746,0.5841292,0.66143984,0.20333034,0.43697777,0.4770144,0.7035231,0.6844624,0.5756309,0.5780763,0.57663554,0.58128434,0.4682479
0.39174035,0.010497386,0.32705852,-0.13620871,0.6317357,0.673261,0.18075521,-0.2482203,0.49603048,0.38149187,0.09726447,-0.07229992,0.2650491,-0.21467291,0.32252827,0.39992067,0.2434554,0.025693864,0.25204813,0.056930196,0.19706348,-0.049530614,0.4017484,0.36415204,1.0,0.7368665,0.38060936,0.48706728,0.052563783,0.1656883,0.18847965,0.22393604,0.30511796,0.331566,0.32104483,0.21048132,0.10051969,0.26279444,0.14535744,0.15964615,0.45924044,0.15152574,0.21532935,0.24199627,0.2703738,0.10754095,0.23535469,0.16631521,0.24293083,0.12863147,0.23395447,-0.041870743,0.3889337,0.15910935,0.31452933,0.32942992,0.39320895,-0.08686919,0.0007134546,-0.27513137,0.3504281,-0.008375889,0.20130256,-0.2702936,0.25183728,-0.060167722,0.28051797,0.1738876,0.34175083,0.15418237,-0.104191385,-0.11386095,-0.13125429,0.09777086,-0.120029375,0.032232367,-0.19045998,-0.016914887,0.3088205,-0.15749356,0.24786854,0.098176524,0.24633884,0.23479566,0.3728386,0.072982736,0.21470435,0.3784085,0.34389588,0.27365837,0.38325402,0.20332067,0.112388834,0.17065637,0.17040165,0.29261962,0.27953175,0.26482362,0.17885323,0.28318396,0.047459695,0.13001218,0.14724952,0.18986008,0.07007058,0.07232865,-0.0763898,-0.027685445,0.029049987,0.22757974,0.28814745,0.21447551,0.16725065,0.11892088,-0.062192872,-0.16505449
0.46853492,0.06229111,0.3156971,-0.08477613,0.72678554,0.7384755,0.19594339,-0.17410015,0.60029143,0.4693099,0.1713145,0.05575737,0.3091324,-0.14453551,0.4230519,0.44346708,0.405494,0.20367317,0.34547797,0.18453409,0.2879519,0.060039572,0.3628698,0.35676655,0.7368665,1.0,0.48403835,0.66721916,0.16820571,0.33118075,0.22299704,0.2858104,0.45638707,0.47232935,0.3801981,0.24821018,0.19453163,0.37830615,0.29906458,0.290328,0.45740986,0.29201162,0.2845128,0.40106812,0.37640753,0.20287868,0.34270847,0.2868143,0.3066825,0.11280883,0.322492,-0.055945944,0.55531067,0.24873355,0.4536674,0.50341094,0.52704924,-0.00016791784,0.11093527,-0.2860561,0.44323453,0.011612828,0.30580735,-0.2435194,0.30979702,0.021091726,0.37246314,0.2719775,0.40315524,0.2172456,-0.065104775,0.046921775,-0.10508493,0.31443104,0.009377575,0.13057092,-0.0811314,0.08977007,0.37925416,-0.0036276411,0.38292134,0.19009759,0.43448484,0.2598186,0.44621247,0.12387033,0.3605661,0.4890258,0.47205698,0.4116735,0.509663,0.28102666,0.17626494,0.1818769,0.1737597,0.3035041,0.34461755,0.3907357,0.29519278,0.42767856,0.0528221,0.09753856,0.10174414,0.1358666,0.07953605,0.11992956,-0.11340528,0.13715962,0.15037768,0.21426207,0.37430048,0.28439826,0.24059317,0.14268802,-0.035403892,-0.17098783
0.33958992,0.30890843,0.2611227,0.03256497,0.3832565,0.33485055,0.12946661,0.05941287,0.3937492,0.43249038,0.27615154,0.28749415,0.19670893,0.119957685,0.40970886,0.43287122,0.39666116,0.35692304,0.3140088,0.25206012,0.23984334,0.22601658,0.2619435,0.20417337,0.38060936,0.48403835,1.0,0.3349008,0.27606082,0.38334572,0.28921577,0.30006474,0.42891186,0.43857765,0.37936923,0.2483932,0.22312696,0.2901262,0.37837842,0.38705432,0.27318928,0.23165902,0.34153295,0.36087418,0.36393803,0.38498417,0.27458012,0.2400807,0.26807553,0.108283386,0.240293,0.18982576,0.43183586,0.2210719,0.41145304,0.40626988,0.4626392,0.18730614,-0.005795398,-0.14288235,0.3583375,0.103996396,0.28936243,-0.026176209,0.19624509,0.102278255,0.35055855,0.37346482,0.41206193,0.254355,0.12355659,0.17382449,0.048424803,0.35825428,0.070884064,0.1841215,0.036094546,0.09750275,0.37107092,0.18647361,0.36949748,0.31554976,0.43766382,0.3617917,0.3687782,0.23842016,0.3705916,0.39183173,0.33422774,0.3786643,0.36266598,0.2466831,0.19852503,-0.06506189,0.15449582,0.16334295,0.30230996,0.3070937,0.29388258,0.3357572,0.017084062,0.014443657,-0.058053,-0.024358379,-0.027199535,0.058337737,0.054437786,0.15054116,0.0147060845,0.1392516,0.3119546,0.1608802,0.25284114,0.013425164,-0.122347936,-0.17196758
0.36032885,0.018472701,0.24654135,-0.11763226,0.565683,0.58643186,0.18566926,-0.19197533,0.5289912,0.25803348,0.11426977,-0.033229344,0.2719486,-0.19240357,0.22083883,0.30231723,0.30726445,0.112096734,0.18483162,0.09457557,0.12271327,0.08347134,0.22161092,0.17122014,0.48706728,0.66721916,0.3349008,1.0,0.11223413,0.27422065,0.12533268,0.30112746,0.34559035,0.38232484,0.22860952,0.107762136,0.148149,0.39134023,0.14939737,0.26213393,0.2243338,0.20881082,0.17363708,0.24411234,0.27658722,0.15162301,0.24635048,0.20203908,0.20473543,0.08807995,0.26306534,-0.027174177,0.3705996,0.15694861,0.33966514,0.36741462,0.41682583,-0.03858064,0.045887735,-0.14083065,0.34702674,0.12532207,0.3042604,-0.23754968,0.2661797,-0.06695954,0.252036,0.20127495,0.3192333,0.04545044,-0.0030408711,0.016680855,-0.06679813,0.27534068,0.0734498,0.046939883,-0.088947885,0.07589944,0.2053447,0.12559856,0.31502303,0.08112693,0.28643638,0.15067303,0.30741662,0.017146574,0.17219564,0.26699826,0.31044024,0.23109373,0.2878036,0.06534622,0.08478939,0.001137905,0.14345437,0.19257313,0.20328537,0.22966406,0.16663058,0.2805599,-0.097165376,0.034458853,-0.016077258,0.018070698,-0.032386217,0.04619111,-0.19198407,-0.037907336,0.16132785,0.11601429,0.21535142,0.17767744,0.10780512,0.03248355,-0.058578,-0.2117989
0.44830474,0.8028058,0.50539607,0.7630217,0.040054947,-0.06339509,0.61305845,0.7851619,0.43065643,0.44253093,0.7587171,0.77918094,0.5251681,0.7686481,0.7174743,0.6097101,0.752223,0.7684357,0.76410794,0.83673406,0.2877851,0.5203356,0.6311503,0.6887078,0.052563783,0.16820571,0.27606082,0.11223413,1.0,0.83752334,0.8039983,0.64801437,0.7828775,0.7838643,0.759454,0.6959386,0.8101218,0.57473457,0.75969344,0.7728072,0.38797557,0.6560018,0.776585,0.7191978,0.7442494,0.75320435,0.7782703,0.69231933,0.52791107,0.5408802,0.32743776,0.40848866,0.49647826,0.6593497,0.7433002,0.644126,0.45795432,0.8597541,-0.033526916,0.10509633,0.37378126,0.38394514,0.60498637,0.6775457,0.506306,0.6980292,0.7983929,0.81215906,0.69414747,0.74258935,0.3382699,0.7173331,0.6484893,0.7025612,0.6279606,0.5477412,0.76668686,0.67636436,0.74896765,0.5809304,0.79522306,0.83551806,0.7766597,0.65214545,0.56965345,0.8146952,0.6518625,0.65231127,0.76192033,0.76381385,0.50917137,0.67337114,0.48271644,0.6187095,0.4257433,0.4875757,0.7466916,0.7119056,0.7726518,0.664169,0.520704,0.51880354,0.61457664,0.56994855,0.702566,0.66984016,0.294293,0.42386755,0.52664983,0.6434068,0.66057813,0.58183074,0.5797651,0.5794156,0.6767206,0.49553904
0.6942107,0.71250325,0.61307204,0.63763386,0.08259639,0.13379087,0.69297624,0.5956841,0.4374512,0.48600397,0.7819863,0.7916471,0.6641448,0.64210176,0.74650824,0.6691663,0.8789517,0.86206234,0.85596585,0.85219806,0.2215726,0.4417996,0.611123,0.6509487,0.1656883,0.33118075,0.38334572,0.27422065,0.83752334,1.0,0.764419,0.6262583,0.9179196,0.8978634,0.81185716,0.69821966,0.66684693,0.6300465,0.70313597,0.8133533,0.42525068,0.6777887,0.8055105,0.8419504,0.8064045,0.80803263,0.8149529,0.75879335,0.64004356,0.5776167,0.54458755,0.38183603,0.6970932,0.591731,0.79030347,0.79003066,0.7441059,0.7186982,0.07857674,0.084534615,0.6258717,0.35811123,0.7730308,0.4139641,0.6703915,0.51132387,0.8541998,0.88790935,0.8031758,0.7262753,0.32216397,0.5552938,0.36547115,0.87956905,0.5172642,0.4927082,0.5531292,0.664755,0.80399674,0.6652881,0.9268883,0.82660884,0.8282958,0.6825221,0.74504405,0.66629905,0.65590084,0.67458117,0.81461143,0.7145491,0.7004153,0.6773393,0.5929884,0.41746935,0.48868394,0.522849,0.7844123,0.8312542,0.7850182,0.80358505,0.45854533,0.37251994,0.4764513,0.43978903,0.5402536,0.6271395,0.113593146,0.47784632,0.4906079,0.66416955,0.7852922,0.5990054,0.5951827,0.46795693,0.5273994,0.3126093
0.528979,0.71258456,0.66414136,0.737477,0.033541948,-0.06663174,0.7022217,0.6774832,0.45992926,0.43367887,0.72350055,0.722827,0.5965206,0.69636893,0.75326157,0.6767996,0.64928865,0.65130115,0.80538154,0.81253874,0.27337274,0.5264237,0.77552,0.7573787,0.18847965,0.22299704,0.28921577,0.12533268,0.8039983,0.764419,1.0,0.6218598,0.7616115,0.7357257,0.75582623,0.69523746,0.6662203,0.51649,0.6716515,0.6482155,0.40281677,0.5624962,0.7243437,0.63944685,0.6609902,0.63881236,0.69105375,0.62607944,0.54853165,0.49810198,0.38825548,0.3985958,0.44131157,0.4262719,0.587638,0.5251454,0.49847332,0.72879845,-0.03670121,0.12909384,0.40177652,0.5288721,0.5938745,0.55649036,0.5584808,0.5792671,0.7589867,0.801372,0.7060817,0.6646887,0.20059346,0.5641208,0.5513738,0.60274637,0.46414495,0.4615842,0.62896824,0.5406628,0.6172468,0.5000198,0.7389132,0.79260033,0.6706841,0.6916065,0.6581002,0.77227753,0.58146703,0.6220661,0.6935557,0.6596471,0.515617,0.6120426,0.49033508,0.53549397,0.4245921,0.48759896,0.70990074,0.6262186,0.6686252,0.5939787,0.52593404,0.42128712,0.64753485,0.57022715,0.6144898,0.6078442,0.15021306,0.51465833,0.48439008,0.6860073,0.637222,0.5139611,0.5598436,0.5317037,0.5897839,0.49932724
0.47966272,0.5098477,0.5144908,0.48810732,0.16406775,0.13336506,0.5715249,0.42023027,0.4906281,0.4363867,0.5538921,0.5472291,0.48718116,0.44823536,0.6064085,0.4888592,0.58382577,0.6177284,0.60556275,0.5453798,0.13832088,0.4210351,0.5468085,0.5670767,0.22393604,0.2858104,0.30006474,0.30112746,0.64801437,0.6262583,0.6218598,1.0,0.6439417,0.6507836,0.58308613,0.5782464,0.52809906,0.5653189,0.4636368,0.6268093,0.34122634,0.544017,0.5783001,0.58705884,0.5599325,0.57918346,0.6047146,0.5621759,0.34571072,0.389755,0.44930622,0.2545942,0.47693333,0.4097489,0.54483336,0.5440494,0.47706226,0.5006513,-0.107222684,0.068078436,0.34286523,0.3177363,0.47723344,0.32099697,0.4283117,0.32148635,0.60922825,0.6211394,0.52582794,0.4519762,0.3133135,0.5321078,0.42527008,0.5822991,0.42002934,0.47662273,0.4700778,0.5121844,0.5595502,0.45429096,0.6072492,0.5943206,0.55164564,0.48347083,0.54639286,0.5397338,0.4958907,0.5454845,0.62858146,0.511792,0.4348628,0.3991232,0.3526921,0.3742283,0.35545713,0.401649,0.5910866,0.57835,0.55790275,0.5189538,0.44794038,0.3273525,0.45567712,0.401462,0.4576193,0.4966983,0.19804999,0.34722883,0.36579883,0.47344744,0.59599125,0.4903046,0.47698224,0.3449189,0.4390815,0.27750048
