1.0,0.8911098,0.88991857,0.89238435,0.82525843,0.8769847,0.8925223,0.893406,0.85113686,0.8756765,0.8955081,0.8941936,0.8945342,0.8941932,0.86819494,0.89158547,0.89325154,0.8943007,0.8952252,0.8943757,0.82352126,0.8734971,0.88990307,0.8895256,0.7580549,0.7794173,0.77043474,0.8646312,0.8854956,0.8918287,0.881472,0.8825056,0.89286953,0.8924896,0.88581795,0.8879835,0.8942121,0.88882226,0.8879018,0.8865385,0.88417125,0.8573832,0.88833714,0.8880584,0.8753146,0.88373935,0.8901183,0.8919272,0.87964255,0.88525426,0.8898111,0.88134897,0.88018805,0.8554758,0.8881336,0.88132113,0.89611834,0.89235014,0.8874581,0.88627785,0.89378595,0.89110094,0.8933727,0.8926663,0.8883454,0.8916822,0.87662905,0.89365786,0.8851137,0.89419365,0.8798251,0.88704485,0.88512874,0.8905455,0.88178545,0.88393056,0.8933854,0.89477354,0.89247555,0.8868565,0.88928026,0.8897662,0.8709192,0.878391,0.8868084,0.8904879,0.84114146,0.85849947,0.8864498,0.88498116,0.8871801,0.8810906,0.8822208,0.8725434,0.88141406,0.87263715,0.88973117,0.88570195,0.87825286,0.86638945,0.8734869,0.8291326,0.88382965,0.8847549,0.8717705,0.8843685,0.890246,0.88377833,0.8755112,0.8843246,0.89287263,0.8262099,0.7373473,0.88649637,0.8644098,0.8867434
0.8911098,1.0,0.8782331,0.883111,0.8255637,0.863121,0.8810613,0.8840163,0.8315769,0.8572,0.88974077,0.8924928,0.8853402,0.8895052,0.84756196,0.8808131,0.8814476,0.891914,0.891906,0.88888365,0.7881628,0.860162,0.8778808,0.87986594,0.73237103,0.75989413,0.75635415,0.84998417,0.8676171,0.8795047,0.8652815,0.86573726,0.88437754,0.8866843,0.8911309,0.89254284,0.88559604,0.87471265,0.8718876,0.87066793,0.87614685,0.8359967,0.8914829,0.89029753,0.8847937,0.88955814,0.8847273,0.8889285,0.88306475,0.88756263,0.8856921,0.8787574,0.8739839,0.84831977,0.875903,0.87033343,0.89113253,0.89475083,0.89265186,0.89145017,0.8901777,0.88495207,0.8869645,0.89022386,0.89259654,0.893086,0.88054127,0.8939971,0.8869849,0.8928719,0.8593238,0.8718019,0.86683995,0.87819886,0.86353225,0.866374,0.8850286,0.8868338,0.8861025,0.8720622,0.8743905,0.8788077,0.8475256,0.8668784,0.8702803,0.883754,0.8205583,0.83982825,0.8764737,0.8744864,0.87945986,0.8768616,0.8806028,0.8690347,0.8621872,0.84923744,0.8775949,0.87024695,0.86175656,0.849259,0.8703623,0.821473,0.8724222,0.8749271,0.8522724,0.86961365,0.88167816,0.86898357,0.85334176,0.86714053,0.88830066,0.8085018,0.75763166,0.8804346,0.8405785,0.8738124
0.88991857,0.8782331,1.0,0.89482933,0.8219545,0.878915,0.8954285,0.8944379,0.85562766,0.88560647,0.8904083,0.8862592,0.892272,0.8909079,0.87017417,0.8935382,0.8935685,0.8885485,0.8870881,0.8921985,0.8463544,0.8779273,0.89447004,0.8935063,0.7767618,0.7891132,0.7801405,0.8644631,0.8910854,0.8939952,0.8921981,0.8912379,0.89103395,0.8927776,0.8703903,0.87385887,0.8901671,0.8913073,0.89140075,0.8925297,0.8858617,0.87232447,0.8792899,0.88119954,0.8616422,0.8715414,0.88644093,0.88737357,0.8781716,0.88010645,0.88834834,0.8826326,0.8846436,0.85964113,0.88948596,0.88024247,0.89048207,0.8853782,0.87406874,0.87791777,0.89047194,0.8909458,0.8920468,0.88828295,0.8758763,0.88322127,0.85897696,0.88508844,0.8713218,0.88814145,0.88723046,0.8891039,0.88950896,0.8947045,0.8827476,0.8882832,0.8896324,0.89216006,0.892508,0.892184,0.8935597,0.8906329,0.88147163,0.88599586,0.8914177,0.8914352,0.8576845,0.8720276,0.8849615,0.88510615,0.8889549,0.88227224,0.8799476,0.87539405,0.8893697,0.8829417,0.8929964,0.8919227,0.88284594,0.8691104,0.8810196,0.8313365,0.8909945,0.89267725,0.8864109,0.89289117,0.893489,0.89269656,0.88621277,0.89136606,0.88933665,0.82732934,0.7278872,0.8841135,0.87770617,0.89254874
0.89238435,0.883111,0.89482933,1.0,0.82008433,0.8811144,0.89539444,0.89549476,0.848875,0.8843422,0.8918345,0.88812834,0.8926436,0.89188695,0.86533606,0.89320993,0.89367366,0.89088005,0.8893951,0.8936696,0.83765286,0.87950176,0.8938778,0.89297444,0.7680939,0.7927918,0.77663887,0.8691654,0.88884276,0.89379686,0.89009804,0.8894063,0.8916578,0.89371413,0.8743926,0.877946,0.89161104,0.89046896,0.89081323,0.89183694,0.88662606,0.8651658,0.88252956,0.88373005,0.8666219,0.8753055,0.8862775,0.8892819,0.8812629,0.8837105,0.8897507,0.88270164,0.88453174,0.86158246,0.8899842,0.879797,0.89233696,0.88825065,0.87920964,0.88229126,0.8928326,0.8927637,0.8935436,0.8897023,0.88061494,0.8868759,0.8626318,0.8882557,0.8742126,0.8903781,0.88532054,0.88865006,0.8870012,0.8943348,0.8821318,0.88570654,0.8909353,0.8938838,0.8934403,0.89149,0.8930835,0.8911769,0.8772364,0.8830902,0.89109087,0.8907136,0.85270005,0.86939925,0.8870798,0.8840017,0.8914137,0.8832864,0.88449687,0.8769972,0.8879715,0.88123655,0.8936903,0.8919356,0.88201934,0.8687009,0.87993705,0.83443826,0.8910985,0.8908737,0.88382924,0.89208174,0.8935847,0.8913378,0.8842814,0.89088166,0.8911219,0.8266267,0.7355236,0.88817793,0.8762008,0.89299893
0.82525843,0.8255637,0.8219545,0.82008433,1.0,0.7910064,0.8221747,0.82143027,0.7824859,0.7950569,0.82735044,0.8299381,0.8208983,0.8240026,0.79464585,0.8228938,0.8232511,0.82995635,0.8251248,0.82589334,0.7549412,0.8027186,0.81930983,0.8251555,0.70262194,0.6932797,0.74207133,0.77621293,0.8091056,0.8195738,0.8176912,0.8147337,0.8200595,0.8218315,0.8252516,0.82691157,0.82190156,0.81449455,0.80750304,0.80773306,0.8149348,0.8025254,0.8280309,0.8260023,0.81066436,0.82223874,0.82185894,0.8268249,0.8258271,0.8224233,0.82337606,0.8294342,0.8226351,0.7878251,0.8109151,0.80465,0.8257445,0.8267736,0.81623596,0.8157385,0.8255202,0.8231706,0.8278209,0.82398486,0.8198032,0.82540315,0.80958986,0.8250629,0.81856716,0.82898575,0.7928501,0.8018331,0.80811507,0.8157476,0.7908861,0.80314463,0.8170128,0.8233724,0.8252871,0.80746925,0.8219887,0.81758416,0.791389,0.81813323,0.81556207,0.82719016,0.7702285,0.78027755,0.80788666,0.8129572,0.8123011,0.8051603,0.8186936,0.80880296,0.7970932,0.7827175,0.8126093,0.80667037,0.79691786,0.77934927,0.8213011,0.7635848,0.8159916,0.81835926,0.8107852,0.81470835,0.8187848,0.81051946,0.7933279,0.8029866,0.82354313,0.74588925,0.6906477,0.8111387,0.7870392,0.8128656
0.8769847,0.863121,0.878915,0.8811144,0.7910064,1.0,0.88182366,0.88277745,0.8406181,0.878074,0.8766581,0.8689346,0.8804345,0.87529206,0.8614636,0.8830068,0.8809602,0.8732814,0.8718196,0.87658095,0.83927023,0.8705801,0.8789879,0.8745654,0.7578336,0.79342335,0.75782293,0.8791494,0.88217473,0.8826076,0.87687624,0.8768825,0.88066185,0.8814997,0.85303086,0.8586944,0.88013166,0.8792233,0.88378406,0.8823785,0.8724638,0.85329235,0.85978377,0.8587011,0.84400886,0.8522854,0.87163264,0.86913985,0.85880893,0.8623875,0.87132496,0.8641296,0.8638373,0.8474502,0.878668,0.8639331,0.8760067,0.8680962,0.8595746,0.86126554,0.87570345,0.874979,0.8768294,0.8711972,0.85959154,0.86630124,0.8397399,0.86852324,0.85183215,0.8715372,0.88268185,0.8808196,0.88034886,0.8837981,0.88027984,0.87882054,0.8786703,0.88065934,0.8788764,0.8823093,0.88038605,0.87570363,0.8775722,0.86527777,0.87959653,0.8733171,0.85486823,0.8619118,0.87418765,0.86480695,0.8816559,0.862009,0.8747424,0.85815233,0.8814554,0.8803988,0.88314223,0.8819631,0.8713744,0.85593134,0.8573597,0.81615734,0.87964255,0.8739009,0.8707078,0.8824719,0.87896603,0.8781247,0.8795382,0.8838149,0.873687,0.81314236,0.71276927,0.8751835,0.8712787,0.8828648
0.8925223,0.8810613,0.8954285,0.89539444,0.8221747,0.88182366,1.0,0.8959202,0.8543338,0.8862373,0.89268315,0.88833576,0.89414126,0.89218754,0.870348,0.8945485,0.8953164,0.890786,0.8895817,0.89324623,0.84491843,0.8801001,0.89408505,0.892696,0.7717605,0.79170996,0.77715886,0.87018603,0.8917182,0.89460254,0.8907888,0.89057434,0.89266485,0.8935072,0.87315935,0.876766,0.8928767,0.8923026,0.8929711,0.8934389,0.88657326,0.86895496,0.8810929,0.8819741,0.8635258,0.8737342,0.8874439,0.88874084,0.87868726,0.88130206,0.88930345,0.8832542,0.88398314,0.8602824,0.8912328,0.88111526,0.89257914,0.8867089,0.8771593,0.8802411,0.8923204,0.89226794,0.89357215,0.8898593,0.8782863,0.8856711,0.86189985,0.88732964,0.87310714,0.88929725,0.88829684,0.8905231,0.89054763,0.8953774,0.88483006,0.8885265,0.89155316,0.89425516,0.89335054,0.89199376,0.89470845,0.8914497,0.88034016,0.882299,0.89285606,0.8913824,0.85332364,0.8698584,0.88727915,0.88488287,0.89028174,0.8819849,0.88252944,0.87630796,0.890297,0.88420373,0.89435977,0.8931661,0.88334566,0.8692528,0.87805206,0.8330124,0.89146525,0.8909507,0.8848335,0.89309466,0.89408916,0.8927917,0.8870671,0.8923877,0.89087486,0.82739234,0.72769535,0.88581014,0.8785302,0.8935334
0.893406,0.8840163,0.8944379,0.89549476,0.82143027,0.88277745,0.8959202,1.0,0.8528411,0.88460237,0.8936656,0.8901077,0.8948286,0.8937398,0.8689723,0.8946896,0.8945247,0.89246106,0.89026266,0.8934531,0.839571,0.8793615,0.8944893,0.89319515,0.7671006,0.79598385,0.7750648,0.8710431,0.8903527,0.89463705,0.8900215,0.88995516,0.89330924,0.894153,0.8758356,0.8796455,0.89327866,0.8916806,0.89211696,0.89242965,0.8870157,0.86699355,0.8830301,0.88336337,0.8661709,0.8763185,0.8880738,0.88991284,0.8799599,0.8824794,0.88989145,0.88316274,0.88434356,0.86175066,0.89040035,0.88051856,0.8933867,0.88880605,0.8794942,0.8819774,0.8934337,0.89289355,0.89415604,0.8904277,0.8810377,0.8874351,0.86403775,0.88904595,0.87433845,0.8901938,0.88721126,0.8901197,0.8889679,0.89493495,0.884199,0.88705593,0.8917045,0.8948428,0.8934728,0.8912571,0.8934689,0.8912622,0.87937725,0.882071,0.89130014,0.8915069,0.85200214,0.8693835,0.88693047,0.8843262,0.8906174,0.8833221,0.8843376,0.8776589,0.8885335,0.8819666,0.89389443,0.8919722,0.88192165,0.86765903,0.8791727,0.8359642,0.8910762,0.89084035,0.88288784,0.89176875,0.8940892,0.8917036,0.8847471,0.89113194,0.89160955,0.82403743,0.7317172,0.88654464,0.8751301,0.89316857
0.85113686,0.8315769,0.85562766,0.848875,0.7824859,0.8406181,0.8543338,0.8528411,1.0,0.8462654,0.8535964,0.85236406,0.86012566,0.8555145,0.886269,0.8586565,0.85823464,0.84404045,0.8483555,0.84833497,0.8410183,0.8359831,0.855229,0.8536402,0.7509466,0.7393731,0.7439107,0.81184185,0.8694013,0.8637955,0.85262764,0.858775,0.85847354,0.85044706,0.8348777,0.83027786,0.85635066,0.865865,0.8600591,0.8572277,0.8417914,0.8576405,0.832243,0.8364135,0.81666315,0.8277388,0.8536915,0.84556437,0.8124253,0.8217883,0.83652395,0.82377285,0.8333752,0.8047444,0.8571868,0.8657813,0.8526175,0.8382418,0.8288402,0.82759887,0.8449862,0.8460981,0.8501881,0.8503685,0.8330955,0.8375637,0.8372168,0.8435512,0.84180564,0.8433518,0.8627129,0.8647681,0.86908424,0.8574238,0.86497813,0.86800236,0.8587307,0.8550443,0.8501442,0.85941714,0.8562002,0.8639776,0.86614054,0.86051893,0.85446614,0.8546105,0.8288425,0.8285217,0.8553298,0.86423355,0.8388843,0.83931136,0.81425184,0.8103746,0.8571043,0.85371226,0.85341275,0.85544574,0.8624298,0.8613676,0.8261545,0.7720125,0.8399112,0.8471491,0.842255,0.85118103,0.8473176,0.85155827,0.8500736,0.85150856,0.849221,0.8186157,0.66089517,0.83772737,0.84566456,0.8458682
0.8756765,0.8572,0.88560647,0.8843422,0.7950569,0.878074,0.8862373,0.88460237,0.8462654,1.0,0.87746125,0.8683564,0.88100076,0.8766835,0.8643796,0.8879407,0.88419783,0.87326044,0.8705644,0.8773459,0.8573448,0.8746346,0.8867646,0.8836304,0.76829183,0.79718906,0.77797943,0.87374866,0.8856108,0.8844609,0.8879849,0.8875411,0.8789839,0.88013387,0.8500284,0.85511255,0.8800808,0.8833613,0.88574785,0.88709205,0.87470603,0.8687739,0.859234,0.8615957,0.8379534,0.84800315,0.87136185,0.8714641,0.862766,0.86340964,0.8733515,0.8697955,0.8701111,0.85346144,0.8784492,0.8660448,0.87537855,0.8659548,0.85261005,0.85908055,0.87656647,0.8783333,0.8806205,0.8730394,0.855348,0.865526,0.8337166,0.86728376,0.84806836,0.870938,0.88504684,0.8823028,0.8850687,0.887447,0.878399,0.8826165,0.8769871,0.88206345,0.8810015,0.8842519,0.8877614,0.881504,0.8812951,0.8769681,0.88501376,0.87803775,0.8557638,0.87276906,0.8730261,0.86759704,0.8813048,0.8686912,0.86754316,0.8635572,0.88644767,0.88227165,0.8852754,0.8861977,0.8728806,0.8575926,0.8631445,0.82246757,0.8829294,0.88222843,0.8812413,0.8871261,0.8825217,0.8852804,0.8866917,0.8876766,0.8760746,0.80987656,0.691214,0.8721218,0.8803389,0.8862654
0.8955081,0.88974077,0.8904083,0.8918345,0.82735044,0.8766581,0.89268315,0.8936656,0.8535964,0.87746125,1.0,0.89462787,0.8954324,0.89511997,0.87030023,0.8927876,0.89348906,0.8947207,0.89428437,0.89380634,0.82899994,0.8745757,0.8906109,0.8901982,0.75560915,0.77980494,0.76927596,0.86473906,0.8866824,0.89222455,0.88313097,0.8837526,0.8928247,0.89254564,0.8846291,0.8869446,0.8943671,0.8899781,0.88856643,0.88746935,0.8853337,0.86117804,0.88727397,0.8871242,0.8740283,0.88193184,0.88986146,0.89114094,0.8803727,0.8845311,0.8895008,0.8825058,0.8818465,0.85756457,0.887107,0.8808983,0.8951229,0.8915625,0.88526213,0.8852897,0.89377826,0.8913561,0.8936419,0.8930033,0.8860235,0.890989,0.8736999,0.8924137,0.88237315,0.8931614,0.88071704,0.88724905,0.8864559,0.8912971,0.8811685,0.88492334,0.8925457,0.8948604,0.89346725,0.8866667,0.89012456,0.89024985,0.87292147,0.8796855,0.88662094,0.891368,0.84310097,0.86098766,0.8849963,0.8848411,0.8869769,0.8819405,0.8812899,0.87384963,0.88230425,0.87315136,0.8898531,0.88611263,0.8772226,0.86445135,0.8754731,0.8293538,0.88522935,0.8863799,0.8737668,0.8851414,0.8907028,0.88490355,0.8765202,0.88494474,0.8925214,0.8219289,0.73272914,0.88390535,0.8642057,0.88734126
0.8941936,0.8924928,0.8862592,0.88812834,0.8299381,0.8689346,0.88833576,0.8901077,0.85236406,0.8683564,0.89462787,1.0,0.8924396,0.89429307,0.8656283,0.8882912,0.888893,0.89431167,0.89405507,0.89142656,0.81477356,0.8659,0.8865298,0.8878212,0.7464159,0.7698397,0.76712257,0.85438746,0.8804733,0.8881405,0.87653714,0.87903124,0.89104337,0.8899811,0.88878155,0.8892462,0.89156437,0.8856162,0.882169,0.8809738,0.8805684,0.8559847,0.8895543,0.88924336,0.8789469,0.8863422,0.89031416,0.89169663,0.8796225,0.8842495,0.8876765,0.8798623,0.87911856,0.8536113,0.88436276,0.88160414,0.8943724,0.8931432,0.8887588,0.8870847,0.892287,0.8892943,0.8913674,0.89294076,0.8893232,0.89165163,0.88086367,0.89368993,0.88738996,0.8926219,0.87320954,0.8827994,0.88013065,0.88590187,0.8756106,0.879088,0.89067185,0.891566,0.89016306,0.88123274,0.88373744,0.8879611,0.86401135,0.8782939,0.8803423,0.88923246,0.8356323,0.8515391,0.8833251,0.8848185,0.8819771,0.88047504,0.87785673,0.8690279,0.87406284,0.86317426,0.8850801,0.8801564,0.87455565,0.8632654,0.8742894,0.82312316,0.8792096,0.8825011,0.86531067,0.87826496,0.88677824,0.8788535,0.8660898,0.8768393,0.89197767,0.8214456,0.74327934,0.8814716,0.854449,0.88108313
0.8945342,0.8853402,0.892272,0.8926436,0.8208983,0.8804345,0.89414126,0.8948286,0.86012566,0.88100076,0.8954324,0.8924396,1.0,0.8949189,0.87575924,0.8940658,0.89457315,0.8924603,0.8925793,0.892811,0.8388648,0.87755007,0.8927781,0.8914198,0.7659257,0.7870127,0.7704864,0.8663713,0.8911579,0.8944408,0.8864489,0.887679,0.89410275,0.8930165,0.8794303,0.8819129,0.8948916,0.8925201,0.8925811,0.89128155,0.8864389,0.86646116,0.883371,0.88370955,0.86894995,0.8775716,0.8899595,0.8900682,0.87686586,0.88081235,0.88851786,0.88060313,0.88097656,0.8585401,0.89016914,0.8837984,0.8944407,0.8891392,0.8816942,0.8819293,0.89250755,0.890916,0.8930657,0.8917102,0.8824526,0.88750005,0.8701408,0.8898831,0.8790242,0.890555,0.88714117,0.8915822,0.8906775,0.89367044,0.886565,0.88923836,0.8936827,0.89491034,0.89249545,0.8903116,0.8918588,0.891744,0.8800877,0.88175124,0.8894474,0.89145136,0.8499332,0.8652814,0.8872809,0.8873297,0.8875251,0.8823452,0.8792732,0.8725019,0.8876775,0.8806577,0.8926208,0.8901673,0.882433,0.8706589,0.8749881,0.8308917,0.8873282,0.88802594,0.877846,0.8884575,0.89210635,0.88870484,0.88249695,0.88930315,0.8919337,0.82859576,0.7296627,0.884999,0.871089,0.89022845
0.8941932,0.8895052,0.8909079,0.89188695,0.8240026,0.87529206,0.89218754,0.8937398,0.8555145,0.8766835,0.89511997,0.89429307,0.8949189,1.0,0.8689061,0.89226973,0.89156497,0.89389664,0.8927153,0.8930273,0.8264269,0.873708,0.8911414,0.89116263,0.7597333,0.78481764,0.76564276,0.86061925,0.88568515,0.8922529,0.88374203,0.8845437,0.8924588,0.8927178,0.8833627,0.88554794,0.8928244,0.88924867,0.88750494,0.88725275,0.8847901,0.86278594,0.88717407,0.88785565,0.8737831,0.88197947,0.8902138,0.892118,0.880902,0.8832672,0.889463,0.88189805,0.88179773,0.857019,0.8871794,0.8820363,0.8945208,0.892228,0.88476884,0.8854169,0.8930598,0.8907379,0.892925,0.89235544,0.88607806,0.89058495,0.8731578,0.8923305,0.8817344,0.8924898,0.880839,0.88758653,0.8847448,0.89086086,0.88030446,0.88351154,0.8919068,0.893896,0.8921619,0.88638973,0.88837725,0.89027613,0.8725462,0.8823121,0.8851329,0.89157546,0.8438386,0.86268973,0.88536906,0.88551635,0.88600117,0.884381,0.8791601,0.87439764,0.88161635,0.8726192,0.8896795,0.8860891,0.8782552,0.86646813,0.8773178,0.83113116,0.8845229,0.88762164,0.874029,0.8852928,0.8912204,0.88571006,0.8754058,0.8841781,0.89247787,0.822131,0.73853695,0.8843056,0.86403555,0.887299
0.86819494,0.84756196,0.87017417,0.86533606,0.79464585,0.8614636,0.870348,0.8689723,0.886269,0.8643796,0.87030023,0.8656283,0.87575924,0.8689061,1.0,0.87473047,0.8744238,0.86064565,0.86515725,0.8642382,0.85363203,0.85478866,0.87129384,0.86836594,0.776174,0.7606428,0.7602312,0.8372558,0.8835117,0.8785891,0.86822474,0.8729623,0.87239414,0.8649536,0.8503571,0.8484292,0.87298596,0.8800804,0.8770528,0.87293005,0.85849357,0.87026167,0.8482334,0.85060537,0.83194685,0.8417633,0.86861265,0.8606445,0.83114445,0.84001887,0.85382813,0.84324807,0.8470774,0.82155174,0.870997,0.8748908,0.8683481,0.8530479,0.84418046,0.8414139,0.8607817,0.8602142,0.86504096,0.8634514,0.84816253,0.85200405,0.8488135,0.8587168,0.85572237,0.8607415,0.8778303,0.8803659,0.8838038,0.87296706,0.8811833,0.884371,0.87423766,0.871547,0.8663329,0.8736074,0.8735922,0.87616163,0.8825834,0.87033707,0.8716267,0.8688398,0.8430677,0.84598964,0.8682284,0.8753825,0.8565573,0.8530309,0.83601123,0.8263949,0.87229055,0.869123,0.8688761,0.86988354,0.87335306,0.86988443,0.8381065,0.788493,0.85716015,0.8615263,0.859064,0.86688673,0.86262405,0.8654385,0.8674449,0.86879873,0.86446595,0.82835054,0.6661518,0.854037,0.8589956,0.8630685
0.89158547,0.8808131,0.8935382,0.89320993,0.8228938,0.8830068,0.8945485,0.8946896,0.8586565,0.8879407,0.8927876,0.8882912,0.8940658,0.89226973,0.87473047,1.0,0.89421093,0.8904496,0.8881722,0.89209396,0.8450799,0.8793194,0.8937887,0.8927296,0.7700123,0.7926411,0.77852035,0.87081647,0.8915981,0.89460075,0.8906739,0.8903013,0.89261836,0.8930618,0.8756419,0.87914294,0.89310545,0.89251786,0.8916732,0.8918385,0.8851825,0.87153417,0.88057613,0.88156015,0.86475456,0.8731793,0.8879451,0.88854265,0.8779792,0.88032484,0.8872356,0.8823773,0.88234156,0.8605881,0.88804793,0.8794061,0.8914581,0.88603073,0.8757613,0.87845093,0.89095116,0.8904915,0.8926989,0.88906944,0.8779591,0.88475794,0.86106896,0.8864592,0.8719828,0.8887734,0.8870133,0.88961375,0.8905346,0.89476854,0.8841125,0.88886666,0.89086694,0.8941758,0.89305586,0.890384,0.8935531,0.89063394,0.88328975,0.8852498,0.8900189,0.891653,0.8556203,0.87083304,0.8836177,0.8831891,0.88931274,0.8825387,0.88102686,0.87526196,0.8881551,0.8811364,0.89241886,0.89063805,0.8798507,0.8656002,0.8766863,0.83235145,0.8894079,0.89061177,0.8814762,0.8911779,0.8919897,0.8898936,0.8846854,0.8903252,0.8903552,0.8189784,0.72175616,0.88319284,0.8748354,0.8916348
0.89325154,0.8814476,0.8935685,0.89367366,0.8232511,0.8809602,0.8953164,0.8945247,0.85823464,0.88419783,0.89348906,0.888893,0.89457315,0.89156497,0.8744238,0.89421093,1.0,0.89087886,0.8909526,0.8930686,0.84483117,0.87875015,0.8923814,0.8905346,0.7686863,0.78559035,0.77719414,0.87058175,0.89271885,0.8942733,0.88798577,0.8883378,0.8933552,0.89266574,0.8759829,0.8786281,0.8944178,0.8932179,0.89359874,0.89298975,0.88656217,0.8669023,0.8817989,0.8819722,0.86520296,0.87520355,0.8884162,0.8886338,0.87665284,0.88138145,0.88845825,0.8808345,0.8827707,0.8590397,0.8911892,0.8823679,0.8932131,0.88618124,0.8783229,0.87991625,0.8917528,0.89169073,0.8932074,0.8903257,0.87971264,0.88580024,0.8656251,0.887692,0.87579274,0.88932055,0.88777256,0.8910386,0.8922514,0.8947508,0.88705957,0.89073783,0.8932146,0.8947234,0.8930107,0.8921907,0.8943602,0.89116096,0.88135123,0.88077897,0.8923704,0.89142203,0.8519594,0.86595577,0.8871711,0.88638633,0.8887712,0.88024557,0.8811394,0.87293625,0.8897488,0.88341546,0.8936048,0.8921266,0.8837198,0.87048596,0.8758366,0.83133435,0.889616,0.88901526,0.88181484,0.89082664,0.8926806,0.89030284,0.886114,0.89146984,0.8910435,0.83173114,0.7213565,0.8844202,0.87533605,0.8916424
0.8943007,0.891914,0.8885485,0.89088005,0.82995635,0.8732814,0.890786,0.89246106,0.84404045,0.87326044,0.8947207,0.89431167,0.8924603,0.89389664,0.86064565,0.8904496,0.89087886,1.0,0.8934704,0.89377505,0.815931,0.87082005,0.88820136,0.88875794,0.74887586,0.7773472,0.7690119,0.8619374,0.8812792,0.8892209,0.87996745,0.88009965,0.8913706,0.89186096,0.88672525,0.8892166,0.89224815,0.8860432,0.8841625,0.8835385,0.8836447,0.8540315,0.88990927,0.8894052,0.87830245,0.8861694,0.8895843,0.89231986,0.8838982,0.88684565,0.88974464,0.88303214,0.88226527,0.857781,0.88536525,0.87851256,0.8945692,0.893432,0.8874609,0.8879784,0.89389795,0.8912104,0.8934742,0.89269704,0.88866365,0.89288896,0.875236,0.8939491,0.8831974,0.8934128,0.8749465,0.8828872,0.88035977,0.88853127,0.8751905,0.87901306,0.89052445,0.8933031,0.89182335,0.8834942,0.88711506,0.88686866,0.86594003,0.87621117,0.8837456,0.88960826,0.8383005,0.85562825,0.8830631,0.88219327,0.8861354,0.881887,0.88394034,0.8762495,0.8765884,0.8665113,0.8875461,0.88327384,0.87402606,0.86018527,0.87812275,0.83006424,0.884151,0.88591594,0.8706473,0.8820763,0.89002377,0.88250136,0.8703134,0.88055205,0.89285946,0.8182951,0.74481785,0.88299835,0.85776126,0.88561267
0.8952252,0.891906,0.8870881,0.8893951,0.8251248,0.8718196,0.8895817,0.89026266,0.8483555,0.8705644,0.89428437,0.89405507,0.8925793,0.8927153,0.86515725,0.8881722,0.8909526,0.8934704,1.0,0.8926966,0.8174121,0.86869746,0.88588375,0.8858864,0.7526466,0.7710847,0.7685774,0.8589662,0.8823442,0.8882479,0.87596524,0.8784661,0.8912744,0.8907202,0.88723016,0.88804126,0.89252377,0.8859452,0.884902,0.8823809,0.88223344,0.85128003,0.88886875,0.88817495,0.87857187,0.8858448,0.88987833,0.89034826,0.87906367,0.88539857,0.88773584,0.8796567,0.8770556,0.852101,0.8866031,0.8809947,0.89528936,0.8927085,0.89016587,0.88837886,0.89334786,0.8898246,0.89187944,0.89334893,0.88984096,0.8915858,0.8809768,0.89411455,0.8886651,0.89377755,0.8754614,0.88486314,0.88213605,0.8869157,0.879423,0.8820606,0.89204645,0.89205384,0.89069664,0.8836014,0.88554,0.8883116,0.86454296,0.87529516,0.8831056,0.8890183,0.83554244,0.85222167,0.8860789,0.88428485,0.88396794,0.8779002,0.8789163,0.8679259,0.877141,0.86737853,0.88674575,0.88210446,0.8766221,0.86547685,0.8702572,0.8223123,0.8802336,0.8808724,0.8655736,0.87955534,0.88747424,0.8796264,0.86994904,0.87965804,0.89156294,0.82896304,0.7432826,0.88478535,0.85872215,0.8823412
0.8943757,0.88888365,0.8921985,0.8936696,0.82589334,0.87658095,0.89324623,0.8934531,0.84833497,0.8773459,0.89380634,0.89142656,0.892811,0.8930273,0.8642382,0.89209396,0.8930686,0.89377505,0.8926966,1.0,0.82591265,0.8765306,0.88995755,0.8899517,0.75932944,0.7810081,0.7712578,0.8651772,0.88501716,0.89154816,0.8840862,0.8820127,0.8912869,0.8934885,0.8831726,0.8865919,0.89277345,0.8887802,0.88699335,0.88770527,0.88599247,0.85948765,0.8880219,0.88868594,0.8743155,0.8826799,0.88833493,0.8917186,0.8841915,0.8881064,0.89143395,0.88435656,0.8831987,0.85825115,0.8865883,0.8778302,0.89404696,0.8915081,0.8841334,0.887108,0.89362544,0.89192855,0.893433,0.8918622,0.88526225,0.8916099,0.8689327,0.8921256,0.87936616,0.8942964,0.8784215,0.8843,0.88338125,0.8918948,0.8773027,0.88233334,0.8914793,0.8944949,0.89365613,0.8870662,0.8904112,0.8877095,0.8716704,0.8792762,0.8870247,0.8913165,0.84440124,0.8626291,0.8832877,0.88329726,0.8889161,0.8850832,0.88477474,0.87910354,0.88218296,0.87338686,0.89024466,0.8871855,0.87585896,0.8618914,0.87868875,0.83494395,0.8872297,0.8891979,0.8758193,0.88739234,0.89144254,0.88616616,0.8771583,0.8860532,0.8923019,0.8192323,0.73971134,0.8852165,0.8655807,0.8895647
0.82352126,0.7881628,0.8463544,0.83765286,0.7549412,0.83927023,0.84491843,0.839571,0.8410183,0.8573448,0.82899994,0.81477356,0.8388648,0.8264269,0.85363203,0.8450799,0.84483117,0.815931,0.8174121,0.82591265,1.0,0.8448343,0.8449959,0.8373966,0.7763296,0.76473373,0.7585125,0.8320811,0.86127424,0.84681565,0.8554054,0.8561827,0.83661526,0.83283526,0.7802178,0.7842956,0.8343616,0.85213786,0.85577816,0.8551605,0.83823556,0.8559381,0.7921972,0.79604405,0.7598632,0.7772904,0.82408786,0.81362635,0.7979461,0.794836,0.81962967,0.81399786,0.8295652,0.8056157,0.8427414,0.83229697,0.8231831,0.8024502,0.7848085,0.79194695,0.8238833,0.83128077,0.8308103,0.82071626,0.7893067,0.80248576,0.7711988,0.8061193,0.78812957,0.81253123,0.86417973,0.85258365,0.86093044,0.8486374,0.85526836,0.8594777,0.83258104,0.8346587,0.8333242,0.8491743,0.85191596,0.8451197,0.86434036,0.8375378,0.85384285,0.8368405,0.8351434,0.83877283,0.8363991,0.8366502,0.83245057,0.81940454,0.80408263,0.8055406,0.8627284,0.86716986,0.8464309,0.8525981,0.845707,0.83400774,0.8098306,0.77950567,0.8425727,0.83976775,0.85622317,0.853616,0.83927596,0.8528291,0.86626834,0.8571876,0.82230294,0.804217,0.6054089,0.8168726,0.862262,0.84545326
0.8734971,0.860162,0.8779273,0.87950176,0.8027186,0.8705801,0.8801001,0.8793615,0.8359831,0.8746346,0.8745757,0.8659,0.87755007,0.873708,0.85478866,0.8793194,0.87875015,0.87082005,0.86869746,0.8765306,0.8448343,1.0,0.877467,0.8730335,0.778036,0.78872734,0.7671346,0.8665931,0.8778613,0.87848204,0.8780515,0.87436116,0.87334466,0.87756985,0.8500259,0.85644835,0.8758462,0.8773807,0.87930024,0.8814863,0.8796017,0.8549557,0.8600953,0.86116344,0.83937,0.8486709,0.86349803,0.86962485,0.8666083,0.8638337,0.871582,0.8688312,0.8708197,0.8440976,0.8745272,0.8591157,0.8725236,0.86599106,0.85480666,0.86213744,0.87524533,0.87486506,0.87551296,0.8711432,0.8593904,0.86807424,0.83262706,0.8675773,0.8452184,0.8709854,0.87660426,0.875767,0.8740426,0.88173944,0.86919445,0.87309253,0.87371033,0.87934345,0.8777749,0.87730044,0.88117296,0.874101,0.8666832,0.8602776,0.8808619,0.875553,0.82757956,0.85376096,0.8719923,0.8656387,0.87988096,0.87244874,0.8681032,0.8650365,0.8802875,0.87693816,0.8807215,0.87989897,0.8642505,0.8492058,0.85671365,0.8384211,0.87716794,0.8747139,0.8729067,0.8823381,0.8790828,0.8799252,0.8786556,0.8812129,0.8723437,0.8075493,0.70788556,0.8701976,0.8703003,0.881956
0.88990307,0.8778808,0.89447004,0.8938778,0.81930983,0.8789879,0.89408505,0.8944893,0.855229,0.8867646,0.8906109,0.8865298,0.8927781,0.8911414,0.87129384,0.8937887,0.8923814,0.88820136,0.88588375,0.88995755,0.8449959,0.877467,1.0,0.8951474,0.7763195,0.7952231,0.78174555,0.8652813,0.8906731,0.8937544,0.89339113,0.8930045,0.8909798,0.89134455,0.8708547,0.87442315,0.89047354,0.8908168,0.8913874,0.89232427,0.88530236,0.8722978,0.8784732,0.87974244,0.86080563,0.8707334,0.88561034,0.8873835,0.87631875,0.8778109,0.8867731,0.8811704,0.8829346,0.859998,0.8886265,0.8799937,0.89019233,0.8845017,0.8733349,0.8745379,0.8896421,0.88973546,0.89129764,0.88690126,0.8757616,0.88180447,0.8593273,0.8842388,0.8702571,0.88643754,0.8880664,0.89007133,0.88967395,0.8939782,0.8840629,0.8880736,0.88939196,0.8923804,0.89068943,0.89108455,0.8926968,0.89026624,0.8831261,0.88628423,0.8906736,0.88975155,0.85741913,0.87224674,0.88435876,0.8843625,0.88830423,0.8815864,0.8795617,0.874466,0.8888558,0.8824439,0.89245766,0.89130324,0.8823306,0.869179,0.88085043,0.8321156,0.88976616,0.89142174,0.8854669,0.891554,0.89222026,0.89172906,0.8858308,0.8907202,0.88926584,0.8253113,0.7254018,0.88398695,0.87675166,0.8920716
0.8895256,0.87986594,0.8935063,0.89297444,0.8251555,0.8745654,0.892696,0.89319515,0.8536402,0.8836304,0.8901982,0.8878212,0.8914198,0.89116263,0.86836594,0.8927296,0.8905346,0.88875794,0.8858864,0.8899517,0.8373966,0.8730335,0.8951474,1.0,0.771867,0.7916991,0.7806357,0.859302,0.8871506,0.89258325,0.8921327,0.8917459,0.8899734,0.8901801,0.87480396,0.8774981,0.88961923,0.88830906,0.8879383,0.8890853,0.8825893,0.8717726,0.8810235,0.8832352,0.8650762,0.8735681,0.8861588,0.8887825,0.8782217,0.87902176,0.88667494,0.8807828,0.8816335,0.8583968,0.886553,0.8794572,0.8901532,0.88609475,0.87530506,0.875873,0.88924825,0.8888361,0.89113134,0.8867809,0.87721133,0.8829341,0.862702,0.8854573,0.8724562,0.8869663,0.88312227,0.8866283,0.8861742,0.8917045,0.87903696,0.88443005,0.888318,0.89151156,0.88984954,0.888527,0.8907254,0.88939166,0.87919223,0.8891216,0.8877136,0.8894092,0.8548692,0.8702069,0.8821633,0.8832675,0.8863875,0.88240016,0.879142,0.8745409,0.8840682,0.8761361,0.89030683,0.8885648,0.87939507,0.86650157,0.8820089,0.82975125,0.88757735,0.8911631,0.8821288,0.88861424,0.8905864,0.8885362,0.88008547,0.8867293,0.88990444,0.82010597,0.7327295,0.8841654,0.87157464,0.8897038
0.7580549,0.73237103,0.7767618,0.7680939,0.70262194,0.7578336,0.7717605,0.7671006,0.7509466,0.76829183,0.75560915,0.7464159,0.7659257,0.7597333,0.776174,0.7700123,0.7686863,0.74887586,0.7526466,0.75932944,0.7763296,0.778036,0.7763195,0.771867,1.0,0.7185383,0.6761743,0.7274427,0.7817791,0.7766739,0.7870944,0.7785616,0.76842666,0.7652542,0.72456247,0.72856414,0.7576409,0.766062,0.7786415,0.77651185,0.7720421,0.7921115,0.7353677,0.74460137,0.7242657,0.7253288,0.75933987,0.7551291,0.7423395,0.73431903,0.75839585,0.75430185,0.7659026,0.7005742,0.77548146,0.76370335,0.76075125,0.7475011,0.72783476,0.73006046,0.7564085,0.75922376,0.7588285,0.7502633,0.74117345,0.73881805,0.7226733,0.7480308,0.7398801,0.7519561,0.78106356,0.78085476,0.77607024,0.774208,0.7785173,0.78819543,0.764224,0.7619991,0.76158905,0.7724169,0.7754595,0.7685857,0.7864187,0.7793384,0.78215295,0.77397376,0.7602379,0.75919235,0.77115536,0.77691287,0.76631105,0.7560735,0.739134,0.7298022,0.7822213,0.7832793,0.7727605,0.7741316,0.7796378,0.7725243,0.75624424,0.7356892,0.7709382,0.7720491,0.7870298,0.78243446,0.7706302,0.7785313,0.77871084,0.7786048,0.75703216,0.7564619,0.62938136,0.7656286,0.7819718,0.7709777
0.7794173,0.75989413,0.7891132,0.7927918,0.6932797,0.79342335,0.79170996,0.79598385,0.7393731,0.79718906,0.77980494,0.7698397,0.7870127,0.78481764,0.7606428,0.7926411,0.78559035,0.7773472,0.7710847,0.7810081,0.76473373,0.78872734,0.7952231,0.7916991,0.7185383,1.0,0.6769792,0.79219437,0.78808606,0.7916886,0.7970294,0.7964601,0.7886955,0.7870433,0.7480872,0.75754285,0.78343517,0.78416145,0.7912267,0.79116493,0.78776056,0.7788089,0.75915825,0.75651246,0.7401418,0.75451666,0.77223116,0.77759707,0.7722773,0.7689308,0.78142947,0.76627946,0.77467066,0.7484046,0.7854442,0.7607448,0.7790209,0.76964474,0.761695,0.7586379,0.785437,0.7866915,0.78750396,0.76741004,0.76405567,0.7702053,0.73566693,0.77063566,0.7421202,0.77012354,0.79408383,0.7863372,0.78156495,0.79065394,0.785906,0.78065956,0.7738852,0.78382295,0.7795648,0.78722864,0.7917284,0.7822888,0.7924271,0.7815852,0.79175186,0.7791775,0.7676487,0.7840548,0.781522,0.7691202,0.79478914,0.7814472,0.7802245,0.78086066,0.79525,0.7963817,0.79208577,0.7946263,0.77687585,0.7617614,0.7706802,0.77930975,0.79263246,0.78875417,0.79292417,0.7947655,0.7847649,0.792502,0.7948075,0.7966396,0.7775886,0.71955025,0.6502496,0.79017276,0.79483896,0.79452175
0.77043474,0.75635415,0.7801405,0.77663887,0.74207133,0.75782293,0.77715886,0.7750648,0.7439107,0.77797943,0.76927596,0.76712257,0.7704864,0.76564276,0.7602312,0.77852035,0.77719414,0.7690119,0.7685774,0.7712578,0.7585125,0.7671346,0.78174555,0.7806357,0.6761743,0.6769792,1.0,0.76117224,0.77695024,0.7741357,0.78432477,0.7847819,0.77205735,0.7750369,0.7564687,0.7542181,0.77526367,0.7789628,0.7708329,0.7750871,0.77799827,0.76822925,0.7646431,0.7640516,0.74114835,0.7580329,0.7757479,0.7733865,0.7621344,0.768647,0.7625,0.7777479,0.76965594,0.73437595,0.77614903,0.766405,0.77129656,0.7653439,0.7555494,0.7553597,0.77164686,0.7744278,0.7770463,0.77258193,0.75915986,0.7606917,0.7469449,0.7651865,0.75913817,0.77172375,0.76863074,0.76739913,0.7754042,0.77533597,0.7651989,0.7765769,0.77098125,0.7740213,0.77588725,0.7762451,0.78065306,0.77531254,0.7657168,0.7774043,0.78059965,0.7817038,0.74426883,0.74573517,0.7698163,0.7753972,0.77153337,0.759579,0.76812804,0.7490285,0.7714079,0.76265687,0.77519506,0.7744819,0.766764,0.7485155,0.768941,0.70265347,0.7715883,0.77496135,0.77172667,0.77483094,0.77364975,0.774176,0.773142,0.7704182,0.7752206,0.72843766,0.6165517,0.76254874,0.7692043,0.77283114
0.8646312,0.84998417,0.8644631,0.8691654,0.77621293,0.8791494,0.87018603,0.8710431,0.81184185,0.87374866,0.86473906,0.85438746,0.8663713,0.86061925,0.8372558,0.87081647,0.87058175,0.8619374,0.8589662,0.8651772,0.8320811,0.8665931,0.8652813,0.859302,0.7274427,0.79219437,0.76117224,1.0,0.86634606,0.867344,0.8631182,0.8626573,0.86447394,0.867091,0.8399074,0.8481877,0.86950463,0.8662508,0.871503,0.87163466,0.86320186,0.8357904,0.84673387,0.8452406,0.82677525,0.83789575,0.8544063,0.8551493,0.8516458,0.852678,0.85927695,0.8565079,0.85545415,0.8446496,0.86208075,0.840384,0.8620041,0.8526709,0.84441763,0.8487112,0.86470807,0.8645763,0.8663668,0.85766757,0.8456258,0.85659826,0.8171678,0.8554004,0.8304538,0.858638,0.8675139,0.86435694,0.8663285,0.8718102,0.86506057,0.8626901,0.86355346,0.87046415,0.8677387,0.86841553,0.8718567,0.8613029,0.85979337,0.8448417,0.86911434,0.8607387,0.8275104,0.84812886,0.8564126,0.84222215,0.8715485,0.8523608,0.867289,0.8553537,0.87033117,0.8698344,0.87079513,0.8702103,0.849263,0.8281952,0.83908004,0.8235378,0.86977303,0.8592956,0.8567182,0.8708396,0.8667266,0.86516994,0.8706191,0.874506,0.8603203,0.7827533,0.672076,0.8585117,0.85859966,0.8734231
0.8854956,0.8676171,0.8910854,0.88884276,0.8091056,0.88217473,0.8917182,0.8903527,0.8694013,0.8856108,0.8866824,0.8804733,0.8911579,0.88568515,0.8835117,0.8915981,0.89271885,0.8812792,0.8823442,0.88501716,0.86127424,0.8778613,0.8906731,0.8871506,0.7817791,0.78808606,0.77695024,0.86634606,1.0,0.89312303,0.8890438,0.89081126,0.88997763,0.8874923,0.8622473,0.8640074,0.8895708,0.8934754,0.8948408,0.89370733,0.88192046,0.87390924,0.8692454,0.87007684,0.85112995,0.86120296,0.88385785,0.88058436,0.8633945,0.8676655,0.87961245,0.8709656,0.875632,0.85354847,0.89081305,0.8841215,0.88592845,0.87529826,0.86535084,0.8670622,0.8835743,0.8852814,0.8864465,0.8832754,0.8673426,0.8740137,0.85518926,0.8774455,0.8657591,0.8792595,0.8938358,0.893726,0.89556634,0.89337015,0.89156836,0.8945983,0.8896748,0.8891702,0.8866315,0.89255065,0.89222693,0.89017767,0.88923454,0.88123333,0.89182687,0.8864778,0.85898745,0.8679194,0.8861247,0.8865551,0.8834117,0.87400556,0.86983794,0.86156595,0.89303386,0.889777,0.89204556,0.8928396,0.888033,0.87689954,0.8686058,0.8227967,0.8861032,0.88577974,0.8840344,0.8903832,0.88839483,0.89039207,0.890047,0.89229494,0.88442665,0.83906454,0.70514256,0.8782527,0.88120174,0.889313
0.8918287,0.8795047,0.8939952,0.89379686,0.8195738,0.8826076,0.89460254,0.89463705,0.8637955,0.8844609,0.89222455,0.8881405,0.8944408,0.8922529,0.8785891,0.89460075,0.8942733,0.8892209,0.8882479,0.89154816,0.84681565,0.87848204,0.8937544,0.89258325,0.7766739,0.7916886,0.7741357,0.867344,0.89312303,1.0,0.8906285,0.89065844,0.89238423,0.8921482,0.8738271,0.8764616,0.8928134,0.89343077,0.8930988,0.892794,0.8848502,0.8730259,0.87931126,0.88091433,0.86300683,0.87228465,0.88826007,0.88807994,0.8740275,0.87714565,0.8862121,0.8782283,0.88107026,0.85631615,0.89081156,0.8839182,0.89186734,0.88496137,0.874944,0.87612796,0.88969606,0.8894261,0.89171684,0.88798654,0.87721026,0.88331074,0.8638663,0.8862874,0.8740714,0.8877972,0.8893653,0.89220226,0.89174557,0.89465415,0.88730085,0.8908847,0.8924047,0.8942288,0.89166844,0.8929791,0.8937454,0.893012,0.88455814,0.8863248,0.89176077,0.89145213,0.8560609,0.8686668,0.88747776,0.8870224,0.88790023,0.8820778,0.8779224,0.8702015,0.88942754,0.88391805,0.8930395,0.8920803,0.88457835,0.8736519,0.8749967,0.8308187,0.8883884,0.88904494,0.88348305,0.89144546,0.89175254,0.89038575,0.88541967,0.89119667,0.89031315,0.8306991,0.7228111,0.8850019,0.87666655,0.89112383
0.881472,0.8652815,0.8921981,0.89009804,0.8176912,0.87687624,0.8907888,0.8900215,0.85262764,0.8879849,0.88313097,0.87653714,0.8864489,0.88374203,0.86822474,0.8906739,0.88798577,0.87996745,0.87596524,0.8840862,0.8554054,0.8780515,0.89339113,0.8921327,0.7870944,0.7970294,0.78432477,0.8631182,0.8890438,0.8906285,1.0,0.89244115,0.8844802,0.8855535,0.8579084,0.8628503,0.8837288,0.88765085,0.88830924,0.891002,0.8815479,0.876349,0.86768526,0.87103516,0.84794277,0.8573661,0.87770134,0.87989503,0.8706689,0.86963063,0.880707,0.8776448,0.88077646,0.8543282,0.8839895,0.8727824,0.881874,0.8741933,0.85893756,0.8633317,0.8823797,0.88419753,0.88602203,0.87812614,0.862382,0.8719462,0.8423652,0.87395453,0.8558399,0.87801176,0.886502,0.88527685,0.8869106,0.89140016,0.8782342,0.8850563,0.88181114,0.88699186,0.88611805,0.8882072,0.89207447,0.8854771,0.8842955,0.8854555,0.89033455,0.88603896,0.86002344,0.8747634,0.8780811,0.8781453,0.88519007,0.8770462,0.87407285,0.871309,0.8881708,0.88337076,0.88926506,0.8897923,0.8780253,0.86325437,0.8777303,0.83332044,0.88877004,0.8903975,0.8902085,0.8922265,0.8884845,0.8911281,0.88703156,0.8899715,0.88216263,0.816956,0.70923114,0.877837,0.8808032,0.8906734
0.8825056,0.86573726,0.8912379,0.8894063,0.8147337,0.8768825,0.89057434,0.88995516,0.858775,0.8875411,0.8837526,0.87903124,0.887679,0.8845437,0.8729623,0.8903013,0.8883378,0.88009965,0.8784661,0.8820127,0.8561827,0.87436116,0.8930045,0.8917459,0.7785616,0.7964601,0.7847819,0.8626573,0.89081126,0.89065844,0.89244115,1.0,0.886542,0.8846897,0.85962373,0.86168146,0.8857299,0.889004,0.8899668,0.8906884,0.8774971,0.87605184,0.8680649,0.86978227,0.84710896,0.85941654,0.8804761,0.87952936,0.8655088,0.8652029,0.8781928,0.8708396,0.8756671,0.85399646,0.88728863,0.879701,0.883268,0.87436163,0.8627627,0.86328405,0.88257253,0.8841441,0.88578147,0.8798761,0.8654086,0.8718766,0.85190105,0.87557364,0.8622309,0.8771021,0.8900901,0.88952595,0.88996583,0.8900548,0.8846487,0.8875267,0.88446695,0.8864005,0.88390833,0.88989586,0.8904747,0.889387,0.8842064,0.8866735,0.88972,0.8838453,0.8606438,0.8733035,0.88256985,0.8811602,0.88256043,0.87336457,0.8695854,0.8645998,0.88792163,0.88402593,0.8899529,0.89022344,0.8840514,0.87173915,0.87225085,0.821426,0.88498515,0.8864566,0.8848971,0.8882154,0.8865138,0.8887715,0.8856988,0.88815516,0.88305736,0.8283213,0.7102738,0.87798584,0.8805843,0.88832957
0.89286953,0.88437754,0.89103395,0.8916578,0.8200595,0.88066185,0.89266485,0.89330924,0.85847354,0.8789839,0.8928247,0.89104337,0.89410275,0.8924588,0.87239414,0.89261836,0.8933552,0.8913706,0.8912744,0.8912869,0.83661526,0.87334466,0.8909798,0.8899734,0.76842666,0.7886955,0.77205735,0.86447394,0.88997763,0.89238423,0.8844802,0.886542,1.0,0.8935404,0.8793989,0.87998354,0.8931562,0.8905473,0.8909847,0.88893634,0.8857507,0.8625383,0.8826476,0.88269764,0.87104154,0.8792811,0.89091253,0.88932824,0.87685084,0.8799654,0.8868464,0.87885594,0.88005203,0.85735524,0.89153975,0.8851318,0.89343053,0.88871205,0.88356197,0.8822956,0.89261067,0.8917846,0.89309746,0.8914425,0.8847923,0.8868885,0.8731062,0.8893094,0.8808491,0.88922167,0.8858266,0.8908265,0.88927245,0.8921251,0.88666457,0.888516,0.8932588,0.89253473,0.8908095,0.88885635,0.8895731,0.89050025,0.8780126,0.8816449,0.8881235,0.88961226,0.85438997,0.8613291,0.8887992,0.8888957,0.88810897,0.87982625,0.8801026,0.87041694,0.88665175,0.8789881,0.8923602,0.88955975,0.88556355,0.87387484,0.876823,0.82888377,0.8879552,0.88784057,0.8770005,0.88739276,0.89113057,0.88732207,0.8801896,0.88755584,0.89152396,0.8363355,0.7375837,0.88475615,0.8695494,0.8888418
