1.0,0.19923429,0.586157,0.2483652,0.023052942,0.041485168,0.66896325,0.13092439,0.11202143,0.02645264,0.6065836,0.33162946,0.59907067,0.21361281,0.25552553,0.014392727,0.42589036,0.29805407,0.6577502,0.5587249,0.2741044,0.19968279,0.5056954,0.1543618,0.0707453,0.11357,-0.0621431,-0.0026730488,0.40992716,0.37311816,0.19504905,0.086049974,0.26923814,0.12964965,0.3298626,0.23414722,0.34948003,0.29569295,0.34067956,0.4019018,0.32133862,0.28091314,0.35641354,0.3032396,0.4328929,0.3971924,0.39618865,0.34087232,0.4795888,0.38312247,0.76051086,0.53784263,0.6096846,0.42733,0.27053148,0.4133382,0.7669753,0.3259395,0.45628163,0.052287992,0.69788224,0.18370946,0.5334497,0.27280414,0.4022862,0.4670409,0.39550182,0.36811793,0.0210872,0.31236976,0.3585377,0.29736274,0.31816402,0.26398218,0.31561625,0.041681003,0.4161895,0.34368852,0.22134523,0.49775493,0.37702167,0.23929286,0.19199196,-0.0019660757,0.43591493,0.20844096,0.3580913,0.32257137,0.42121512,0.17093922,0.30741292,0.3494015,0.36801815,0.32082778,0.07031731,0.17774159,0.33324257,0.024654346,0.31924716,0.320573,0.38559246,0.3834365,0.37081566,0.41208285,0.10633449,0.34725013,0.1270449,0.28202948,0.08560019,0.14901301,0.39451692,0.34117264,0.2865007,0.36250028,0.14221619,0.32035375
0.19923429,1.0,0.103416376,0.6860725,-0.37560323,-0.22715649,0.2096115,0.79667675,-0.27459013,0.17038718,-0.032145016,0.4727861,-0.10152239,0.70641744,-0.3143301,0.33783627,-0.08048169,0.34258965,0.49843016,0.42783034,-0.21106613,0.253842,0.030414132,0.43418595,-0.119547285,-0.07107945,-0.3164875,-0.4180173,0.29917628,0.11966085,0.10099325,0.16542143,-0.37113655,-0.097035915,-0.15128839,0.0027900783,0.24807827,-0.070423245,0.06779238,-0.055392068,0.23188989,0.031723734,0.19702254,0.18275416,0.2257059,0.2728626,0.23016594,0.27286446,0.2606109,0.22576617,0.2153479,0.5794129,0.038540754,0.4017888,0.10479431,-0.035860043,-0.086814635,0.77975917,0.22502701,-0.117412865,0.41664302,0.27739486,-0.12998714,0.6678825,-0.038007826,0.46645746,0.09528405,0.049195554,0.37986565,0.6211561,0.021826541,0.21765618,0.33292285,0.15981455,0.23798274,0.0760471,0.11620555,0.21937801,-0.18247916,-0.06663461,-0.13065597,0.14769137,-0.23794603,0.21819462,-0.1282795,0.2794403,0.14727874,-0.30292818,-0.2593665,0.120966464,-0.049806032,0.022509463,-0.023167428,0.027380532,0.033238716,0.072682396,0.013969083,-0.026000308,-0.037159815,0.023748795,-0.072433956,0.067899786,0.14789058,0.069387004,0.008610114,0.11997089,0.20212583,0.040364712,-0.287228,0.28569013,0.18417986,-0.009349505,0.0073731774,-0.035718624,0.09393444,0.31617814
0.586157,0.103416376,1.0,0.3347355,0.28561231,0.122860946,0.71291035,0.20844918,0.112171836,0.056603886,0.45791265,0.20757137,0.5022301,0.14017063,0.33448574,-0.03098978,0.30566207,0.10296408,0.62001705,0.609102,0.33500853,0.1970237,0.6955157,0.3439338,0.28402117,0.258242,-0.033917323,0.066382766,0.37732202,0.21414293,0.5414298,0.37177593,0.30205896,0.15411805,0.31070518,0.22438687,0.35496747,0.23364113,0.317849,0.32420525,0.17596771,0.23522277,0.27259,0.18342288,0.33958593,0.30109328,0.4244159,0.27318376,0.43460342,0.32267246,0.5234982,0.39322418,0.55793095,0.5115904,0.31090027,0.37248564,0.55104804,0.2646142,0.2772757,0.032523256,0.41706342,0.06377647,0.3667091,0.23328969,0.2784341,0.3501353,0.331153,0.27963343,0.15649018,0.25693396,0.42514053,0.31531978,0.36455706,0.25536627,0.34845853,0.06989808,0.36257777,0.36176726,0.22525923,0.43709186,0.27557802,0.15741843,0.22344644,-0.06390809,0.346107,0.15907744,0.34397393,0.21971036,0.4147122,0.19474906,0.17045622,0.20710781,0.18203062,0.20608988,0.2542577,0.07912161,0.41988048,0.115766086,0.3888455,0.23320058,0.1878347,0.2344403,0.2582952,0.29320493,0.24390167,0.30268636,0.2146622,0.24932738,0.1754074,0.30326298,0.5057684,0.30250123,0.18931705,0.19430393,0.12347015,0.33185276
0.2483652,0.6860725,0.3347355,1.0,0.06519178,0.32622173,0.4731446,0.8388336,0.18593617,0.58288664,0.33197358,0.67405474,0.31587818,0.81774044,0.085412756,0.6047383,0.31422713,0.6037878,0.6259317,0.65611964,0.082492344,0.41188908,0.36861354,0.78505766,0.27602655,0.29072827,0.019533804,0.118346736,0.5351171,0.4892035,0.54776126,0.6173422,0.095862314,0.3737392,0.28740236,0.4473883,0.53811276,0.3039715,0.390227,0.34682146,0.27385712,0.29645562,0.4808244,0.43331727,0.45858935,0.43257135,0.459749,0.5109836,0.46369082,0.4457874,0.40255544,0.62932736,0.30611598,0.5647975,0.3347221,0.2884976,0.13632151,0.6887534,0.22602823,-0.017197134,0.3059525,0.085483216,0.16153497,0.6098318,0.22327499,0.5114497,0.46165377,0.4148559,0.5346063,0.4624923,0.18396409,0.36047846,0.39432493,0.39080316,0.42431402,0.29958287,0.39161384,0.26152575,0.17965849,0.27814296,0.28274298,0.5127699,0.20755166,0.46197298,0.35902685,0.60928416,0.22474672,0.029222105,0.14544271,0.5782233,0.2673878,0.3295124,0.3054303,0.35245526,0.35514602,0.13956971,0.31266516,0.008702628,0.20846295,0.21091634,0.22207138,0.37878534,0.4032323,0.3933925,0.22795588,0.33243635,0.35682896,0.2459863,-0.077286005,0.49137017,0.48404387,0.28408527,0.34536546,0.27509838,0.2838048,0.2845142
0.023052942,-0.37560323,0.28561231,0.06519178,1.0,0.63568753,0.2005612,-0.13538595,0.67658645,0.35099682,0.4551848,0.24021888,0.36533698,-0.04777362,0.6026423,0.22990447,0.4454485,0.22172368,-0.015327526,-0.0355947,0.25208977,0.30355808,0.4886211,0.26583785,0.76473117,0.6344977,0.6405576,0.7028238,0.23126379,0.34612504,0.59577453,0.5388594,0.5263298,0.53639233,0.44449016,0.4490935,0.36657727,0.4696522,0.41563118,0.49855578,-0.01807866,0.32987568,0.20630115,0.24649362,0.21250443,0.08749207,0.29679435,0.22453767,0.22547369,0.25447667,0.17808856,0.0364494,0.3389278,0.2806857,0.33153883,0.35571286,0.19247358,-0.121841244,0.0020786375,0.0030543231,-0.18200582,-0.22284639,0.31855127,-0.021150265,0.36243474,0.0927858,0.32099614,0.32016155,0.097293146,-0.24486236,0.24139887,0.19584781,0.23067454,0.25428903,0.2947729,0.25497162,0.36891562,0.086596616,0.39231133,0.38750747,0.47499266,0.3905235,0.6421172,0.28196225,0.51811117,0.33887583,0.1688722,0.40434507,0.5365443,0.44243395,0.37458637,0.40697202,0.37586838,0.35794717,0.3169188,0.20407195,0.5138229,0.10632232,0.3934791,0.31751633,0.3410507,0.3380741,0.37399986,0.40514782,0.3281626,0.35372743,0.3171169,0.24060646,0.23251593,0.15528177,0.39681423,0.48741856,0.39446944,0.34213164,0.2907105,-0.029709883
0.041485168,-0.22715649,0.122860946,0.32622173,0.63568753,1.0,0.2870912,0.039357256,0.802749,0.6567488,0.5105711,0.36504713,0.5253165,0.26542476,0.5636098,0.4701064,0.5858303,0.4629338,0.14957297,0.15460548,0.3124319,0.29522678,0.37780273,0.4727241,0.5518055,0.54091597,0.60262376,0.77346647,0.3197172,0.5702173,0.5518468,0.55734074,0.54314345,0.69841456,0.58127373,0.65593976,0.4065449,0.56626695,0.48274904,0.52411795,0.08838405,0.35264552,0.46589506,0.4794444,0.43318683,0.33959538,0.36827177,0.44092712,0.38281202,0.35977164,0.33867317,0.200563,0.37960124,0.3028907,0.38058755,0.42926994,0.2339202,-0.045056563,0.02274531,0.122405015,-0.16971318,-0.2560255,0.42227125,0.022394702,0.4569937,0.13869959,0.5442271,0.51737404,0.26434278,-0.23293175,0.19152173,0.18012035,0.11917725,0.33720195,0.271702,0.29500422,0.42620432,0.03249484,0.47205585,0.49199957,0.623743,0.6023895,0.6445086,0.43285358,0.6791826,0.5415024,-0.0057375776,0.37361738,0.5205906,0.62790626,0.5777634,0.541347,0.58696973,0.55014604,0.4359243,0.21034572,0.4640452,0.04245965,0.39562032,0.37750268,0.53018045,0.54171884,0.53341997,0.5735219,0.3293093,0.3793651,0.32167175,0.3313361,0.26544645,0.27744684,0.4165106,0.5398172,0.5805592,0.5605535,0.398798,-0.1383669
0.66896325,0.2096115,0.71291035,0.4731446,0.2005612,0.2870912,1.0,0.34016678,0.23608215,0.30968294,0.47400108,0.299509,0.74028194,0.37182495,0.16355053,0.18937072,0.5051015,0.309673,0.5993288,0.58927983,0.2607243,0.3949089,0.4862897,0.40048182,0.22953954,0.35595685,-0.033008404,0.18087652,0.52261215,0.5223114,0.4752831,0.33568913,0.25477818,0.25636393,0.5228765,0.461634,0.53227735,0.42336473,0.47265112,0.50333947,0.19344038,0.40214586,0.5566634,0.42954344,0.5595143,0.4677816,0.50899166,0.5103086,0.5829933,0.49235234,0.7575483,0.56250364,0.59675014,0.56186944,0.42179564,0.446926,0.5950705,0.4034367,0.4043861,-0.057237,0.5314362,0.04373606,0.49542752,0.36438027,0.42648172,0.49748644,0.54900515,0.47650886,0.23184113,0.27911106,0.47326082,0.44967163,0.47425705,0.49918178,0.4339213,0.20670766,0.5126412,0.4058539,0.3755814,0.59679836,0.49682692,0.39416358,0.35826722,0.16345368,0.57712233,0.44065732,0.22883503,0.28929073,0.38630077,0.3720307,0.35501233,0.37103128,0.3639838,0.38427776,0.40288737,0.19170457,0.42781857,0.09842968,0.36177352,0.40712708,0.29589683,0.42452815,0.41557267,0.48650867,0.23609897,0.3778638,0.27370584,0.22330642,0.15103687,0.37855095,0.5189715,0.38537854,0.34223762,0.3298234,0.16965863,0.3499357
0.13092439,0.79667675,0.20844918,0.8388336,-0.13538595,0.039357256,0.34016678,1.0,-0.086107574,0.3953177,0.061914317,0.5746116,0.09986628,0.8078132,-0.20120339,0.5666351,0.10287357,0.43508658,0.46788374,0.5081632,-0.06567794,0.37093285,0.12213639,0.6381994,0.04145482,0.15565443,-0.21223928,-0.16306941,0.47824326,0.3257096,0.32728192,0.42926973,-0.18275358,0.12100413,0.026433634,0.22115618,0.41134125,0.1311611,0.18543065,0.11382809,0.23477617,0.13884078,0.34459227,0.32483464,0.31535572,0.34480765,0.31788528,0.3725517,0.34531087,0.29881006,0.21853973,0.5448963,0.056574233,0.42761266,0.20672664,0.09899767,-0.07026442,0.7876154,0.20687276,-0.12523304,0.3187703,0.2185164,-0.034596033,0.69025344,0.09565046,0.50649565,0.26721585,0.21014917,0.47668505,0.548541,0.08790068,0.26770896,0.35243106,0.32250112,0.2743569,0.20482984,0.20439318,0.22840126,-0.04561947,0.05344185,0.06377936,0.31714562,0.040569216,0.44224408,0.1272147,0.5088352,0.19497427,-0.17211059,-0.11502991,0.38401577,0.05567689,0.11431653,0.052276246,0.11188541,0.22518896,0.109493494,0.10317632,-0.0006957166,-0.0059309965,0.05127025,-0.026947161,0.14517798,0.19399704,0.15219131,0.0703598,0.15944506,0.21495092,0.05089984,-0.2714929,0.3637544,0.28539157,0.03776092,0.10649148,0.021343915,0.112855785,0.2796163
0.11202143,-0.27459013,0.112171836,0.18593617,0.67658645,0.802749,0.23608215,-0.086107574,1.0,0.61607915,0.56967354,0.31754568,0.5406733,0.15262133,0.63947076,0.33547288,0.5146589,0.39958584,0.07525393,0.03388875,0.32572764,0.2955891,0.34555382,0.34856558,0.65891844,0.5471604,0.72773993,0.7651486,0.24150173,0.48095405,0.51699716,0.4870097,0.4876178,0.5927143,0.5378022,0.5332756,0.35036328,0.51142126,0.50751555,0.5370953,0.07714782,0.35356122,0.34557006,0.33110136,0.33675233,0.17872909,0.32573503,0.32633007,0.24977201,0.27762648,0.3716205,0.19739799,0.42550114,0.37508377,0.3674082,0.38142452,0.2200329,-0.07581307,0.017144926,0.0022587348,-0.16446976,-0.27116415,0.36761254,-0.012021134,0.39198428,0.1748789,0.4289644,0.40175927,0.17611384,-0.2339178,0.19913486,0.29774117,0.23586951,0.3371262,0.39259332,0.3393574,0.45175785,0.1445301,0.4950086,0.4802496,0.5431224,0.55945563,0.5871269,0.33232683,0.5846224,0.443691,0.012244007,0.32502997,0.5124251,0.5120282,0.53289723,0.49632657,0.56223065,0.5006693,0.31744152,0.19758362,0.42729214,0.10232101,0.36205718,0.3423394,0.51159495,0.52287847,0.5062006,0.5711557,0.26478308,0.37124062,0.28256163,0.34276786,0.29225525,0.19271854,0.3919934,0.5086947,0.52624243,0.51650214,0.39633024,-0.15651935
0.02645264,0.17038718,0.056603886,0.58288664,0.35099682,0.6567488,0.30968294,0.3953177,0.61607915,1.0,0.33526152,0.47540063,0.4515437,0.5039284,0.35637864,0.7198578,0.42386284,0.49252206,0.16294412,0.27075785,0.19372432,0.45344743,0.11416371,0.52760994,0.39752883,0.488139,0.38853276,0.52976227,0.46742892,0.6796183,0.47771326,0.63828635,0.30174005,0.5432061,0.5557915,0.614896,0.53570074,0.57825863,0.55692595,0.60092163,0.1899301,0.39534146,0.48994425,0.5034092,0.44961485,0.3143611,0.36795884,0.5511046,0.3372755,0.35940573,0.30429244,0.4390846,0.247203,0.452879,0.4972297,0.46833408,0.057330422,0.28714114,0.07315488,0.00014783954,-0.012785197,-0.16307624,0.22945125,0.2594358,0.288218,0.34199607,0.5312677,0.51763463,0.3945077,0.055959683,0.25009757,0.48354062,0.40018192,0.56010115,0.38595387,0.4184697,0.5779602,0.3388763,0.46198592,0.41219398,0.47555184,0.60784334,0.54646486,0.6320238,0.5572482,0.66244495,0.0827315,0.3149325,0.3511373,0.7357381,0.49475887,0.50666356,0.4925904,0.52988887,0.48189095,0.38005593,0.3681939,0.123309515,0.28215462,0.37801063,0.37219435,0.50346226,0.45824116,0.52170587,0.15871942,0.33181918,0.2798029,0.28222352,0.19672361,0.39310575,0.42216077,0.37374648,0.45244882,0.39893675,0.3604221,0.0101902215
0.6065836,-0.032145016,0.45791265,0.33197358,0.4551848,0.5105711,0.47400108,0.061914317,0.56967354,0.33526152,1.0,0.62066746,0.73010015,0.32742566,0.67236805,0.2927332,0.6573246,0.55935377,0.46577233,0.39869583,0.36839047,0.33247137,0.681003,0.3983108,0.4610302,0.28621888,0.39420748,0.4753463,0.47651348,0.55250895,0.5188612,0.4847257,0.61880624,0.5934054,0.55409586,0.53575623,0.52805185,0.53612214,0.5328032,0.6234148,0.3250753,0.41315532,0.42803204,0.36394605,0.43054867,0.3335641,0.5465427,0.4258263,0.3682458,0.34830168,0.61565775,0.41493705,0.74390537,0.566162,0.34569728,0.46547022,0.62568533,0.11882667,0.09922875,0.13383222,0.2513639,0.021205764,0.5819779,0.20099805,0.46534297,0.3788442,0.5315625,0.48833945,0.1229385,0.0020876145,0.2956525,0.30749795,0.30864853,0.35435754,0.51191866,0.23810208,0.5193619,0.21318379,0.50244427,0.60410744,0.5940172,0.5499199,0.5530184,0.27020967,0.70916575,0.48271742,0.35861957,0.43250915,0.6860348,0.55962753,0.4927912,0.4986132,0.55183643,0.46097878,0.19250979,0.14152044,0.59362245,-0.11966057,0.46759382,0.30579704,0.5854726,0.49021748,0.518284,0.54165584,0.3028938,0.44731587,0.23225167,0.4857166,0.23096152,0.2965139,0.6026059,0.6170293,0.566456,0.5935457,0.39039266,0.11193001
0.33162946,0.4727861,0.20757137,0.67405474,0.24021888,0.36504713,0.299509,0.5746116,0.31754568,0.47540063,0.62066746,1.0,0.34937772,0.7376134,0.2800388,0.63017833,0.42822754,0.735305,0.440618,0.44004506,0.18327141,0.44210082,0.45848495,0.6650663,0.36303073,0.28919962,0.23484986,0.25076917,0.54575145,0.5396227,0.43535295,0.58923364,0.24072169,0.497174,0.36830363,0.4523617,0.5847819,0.47229278,0.37879354,0.46372885,0.35720623,0.32646725,0.41788137,0.37579602,0.39590657,0.34980834,0.4960324,0.49685258,0.40654704,0.29683793,0.3977707,0.51223475,0.40729177,0.58829653,0.2997637,0.36688688,0.24621972,0.52822524,0.08624512,-0.071326725,0.2960344,0.119618624,0.31034684,0.5826296,0.3139272,0.47998264,0.42445004,0.41758856,0.31246755,0.3672856,0.13662526,0.32133907,0.39491662,0.4461575,0.43644905,0.3227912,0.4171726,0.18331437,0.24388364,0.3796504,0.365538,0.54896075,0.36190397,0.56023675,0.48646843,0.6433018,0.28361845,0.24988452,0.33447847,0.6741352,0.3180757,0.38621518,0.3663173,0.30519062,0.17194332,0.13432916,0.42082044,-0.12599707,0.295969,0.21151811,0.3703319,0.37750268,0.43215087,0.38410652,0.15686047,0.3137478,0.2526064,0.38012904,-0.06094355,0.44384682,0.5711611,0.48359147,0.4161974,0.42407882,0.34933433,0.094133995
0.59907067,-0.10152239,0.5022301,0.31587818,0.36533698,0.5253165,0.74028194,0.09986628,0.5406733,0.4515437,0.73010015,0.34937772,1.0,0.29719675,0.447987,0.32209244,0.72221714,0.42289758,0.39702415,0.39979044,0.2856022,0.32670307,0.4813724,0.3372303,0.3289412,0.33325467,0.2267762,0.4569947,0.46705168,0.65894806,0.49420208,0.36621833,0.48422238,0.46130657,0.6764106,0.6232883,0.50637835,0.56879187,0.5429823,0.6275137,0.18676473,0.4610205,0.5034399,0.44519165,0.46897268,0.380921,0.42727745,0.4307275,0.41739464,0.43190357,0.6960648,0.38095537,0.67491096,0.49032614,0.36427593,0.44538486,0.6288029,0.12136308,0.21291287,0.064611204,0.31584126,-0.015157068,0.63106495,0.16840436,0.50553596,0.45325875,0.58706343,0.50810206,0.12661749,-0.046858553,0.39763606,0.36631432,0.3384221,0.47083455,0.42882165,0.29871058,0.5386541,0.2517236,0.54603314,0.686963,0.67451125,0.5468597,0.54983526,0.22627105,0.7564001,0.5064372,0.11160009,0.41006857,0.4983979,0.4821739,0.49386698,0.4396292,0.5087112,0.4782386,0.34087232,0.22606084,0.4554927,-0.056505695,0.35459238,0.34128508,0.45872405,0.49790847,0.45899534,0.54777086,0.22927272,0.40599993,0.19744897,0.37417245,0.22630574,0.21255156,0.46032882,0.48804724,0.49920616,0.51804984,0.26653835,0.088959314
0.21361281,0.70641744,0.14017063,0.81774044,-0.04777362,0.26542476,0.37182495,0.8078132,0.15262133,0.5039284,0.32742566,0.7376134,0.29719675,1.0,-0.0006625712,0.6599311,0.34786317,0.68391794,0.4654809,0.5107187,0.03425507,0.47479013,0.20790833,0.69147164,0.16378352,0.23404273,0.011555423,0.075752094,0.56607497,0.49170288,0.404851,0.4974222,0.0036402708,0.36237523,0.25167432,0.41828898,0.53774273,0.29509208,0.31616402,0.30190334,0.3061355,0.21416387,0.51547265,0.4695766,0.4829168,0.46357602,0.41504544,0.51820403,0.40248582,0.4282046,0.3935603,0.650897,0.29424185,0.5535602,0.2988425,0.23485179,0.052125458,0.7335318,0.21879134,-0.10202416,0.29459825,0.15843245,0.17971809,0.6888717,0.2913694,0.52180535,0.46216765,0.39726916,0.53619903,0.44934633,0.1683662,0.34270796,0.3786222,0.4323473,0.36830476,0.27329096,0.32720506,0.22577138,0.1857337,0.22397195,0.27529547,0.5526674,0.1798202,0.5420399,0.34392038,0.65143555,0.15423487,-0.06388185,0.06875596,0.5349167,0.29201278,0.31355956,0.29008934,0.30979052,0.2360967,0.124199316,0.25105968,-0.07010636,0.1500468,0.19560878,0.22575174,0.3629332,0.41182086,0.3758701,0.18238735,0.33634686,0.3000361,0.28400916,-0.14703982,0.41895062,0.42732352,0.28245106,0.32857162,0.28549448,0.3529011,0.21973091
0.25552553,-0.3143301,0.33448574,0.085412756,0.6026423,0.5636098,0.16355053,-0.20120339,0.63947076,0.35637864,0.67236805,0.2800388,0.447987,-0.0006625712,1.0,0.24221061,0.44729164,0.2768234,0.16486737,0.13101718,0.391005,0.18930265,0.52244174,0.22258224,0.4811908,0.3656902,0.5819255,0.59179664,0.28950882,0.36406606,0.53307194,0.4725716,0.6582199,0.58236337,0.39543337,0.4107549,0.3337489,0.4487596,0.4810352,0.49511763,0.101948984,0.2218537,0.23327723,0.2275087,0.28245366,0.117792755,0.35789704,0.2648544,0.16550335,0.260336,0.2596547,0.10744663,0.46142182,0.2506388,0.34256554,0.42814454,0.39550176,-0.1237171,0.0026073284,0.15919575,-0.1325892,-0.102415025,0.33578384,-0.1366493,0.39078262,0.1755855,0.35697982,0.36501685,0.08028221,-0.23870173,0.2954373,0.26723164,0.16735192,0.20893057,0.31352246,0.17037262,0.42423588,0.1627066,0.43475688,0.39202818,0.44206145,0.3459942,0.5666478,0.22408646,0.50777894,0.27878973,0.30728748,0.40908688,0.7001822,0.43598643,0.46102044,0.4415032,0.47135833,0.39626274,0.1441148,0.17750962,0.49777845,0.018104246,0.3985836,0.23605472,0.519974,0.40019518,0.4537226,0.44765255,0.31958663,0.44579154,0.25176534,0.37467107,0.30312818,0.15799464,0.42679486,0.47295982,0.47669703,0.46520686,0.34805924,-0.011851881
0.014392727,0.33783627,-0.03098978,0.6047383,0.22990447,0.4701064,0.18937072,0.5666351,0.33547288,0.7198578,0.2927332,0.63017833,0.32209244,0.6599311,0.24221061,1.0,0.49815515,0.6683181,0.14637768,0.22143501,0.06163399,0.5101063,0.11709883,0.5837371,0.28650635,0.38186193,0.22142214,0.3323697,0.6340356,0.7310637,0.44147167,0.6173811,0.20401458,0.5687156,0.4060741,0.57970566,0.6036245,0.6092579,0.39641294,0.5205529,0.28796554,0.43156007,0.45908412,0.5717458,0.39136705,0.3489486,0.36255494,0.55169547,0.3335932,0.36026427,0.1368693,0.35212767,0.12969409,0.36245957,0.4137679,0.39619637,0.015500181,0.44186044,0.04928319,-0.066722125,0.067657255,-0.027805747,0.2314341,0.43719947,0.3421125,0.42317957,0.47193083,0.48338717,0.38788608,0.14816794,0.16293038,0.36134166,0.37164694,0.6130596,0.37669468,0.41975775,0.39371702,0.17728743,0.3110791,0.33250642,0.47262794,0.6155558,0.5629683,0.7957752,0.5223193,0.7724868,0.102246284,0.21589072,0.22119242,0.73157024,0.3891312,0.39058727,0.36780053,0.37103605,0.35424042,0.29842642,0.34502554,-0.058202013,0.15938303,0.23715077,0.31204087,0.39937255,0.39855424,0.3847629,0.13483785,0.336955,0.28123963,0.2877812,-0.07500178,0.3544834,0.3923141,0.29890364,0.37813953,0.35551038,0.2557817,-0.015324833
0.42589036,-0.08048169,0.30566207,0.31422713,0.4454485,0.5858303,0.5051015,0.10287357,0.5146589,0.42386284,0.6573246,0.42822754,0.72221714,0.34786317,0.44729164,0.49815515,1.0,0.65986073,0.30133367,0.34214216,0.23283125,0.4316609,0.4368911,0.37974146,0.3767544,0.38828203,0.33854973,0.48952007,0.62858576,0.74845093,0.45982847,0.4463665,0.557677,0.69648165,0.69067323,0.6752496,0.61034876,0.6866857,0.5241581,0.68363154,0.24443555,0.4391892,0.6328867,0.65616417,0.60534394,0.5876473,0.5024515,0.5884568,0.53842,0.5727604,0.57715636,0.39457795,0.5625098,0.37225738,0.5454668,0.59424293,0.6281519,0.19252123,0.34736893,-0.030064145,0.3049593,-0.06976513,0.75184363,0.2761326,0.67193615,0.46384805,0.7234604,0.6857588,0.3569053,-0.031716418,0.43744713,0.32737973,0.33500716,0.592523,0.39643925,0.32089615,0.5312047,0.20366164,0.6126092,0.74948084,0.86576396,0.73323923,0.74242586,0.44672552,0.84774286,0.67949706,0.07174442,0.46296856,0.5938646,0.61638254,0.672496,0.61699194,0.65303445,0.5948273,0.4233123,0.29844496,0.5571302,0.07630721,0.51572394,0.5289936,0.6249602,0.61160666,0.6222344,0.65081835,0.40259796,0.60508263,0.3796683,0.5001613,0.09685971,0.22079353,0.45915237,0.5639906,0.62498486,0.64622706,0.44566867,0.05495839
0.29805407,0.34258965,0.10296408,0.6037878,0.22172368,0.4629338,0.309673,0.43508658,0.39958584,0.49252206,0.55935377,0.735305,0.42289758,0.68391794,0.2768234,0.6683181,0.65986073,1.0,0.364642,0.31525862,0.11511781,0.44119892,0.3811046,0.6167748,0.36329725,0.33412784,0.3032097,0.34996375,0.5701357,0.6968539,0.44772464,0.5550054,0.36760655,0.6782849,0.56727093,0.61565316,0.57493705,0.5951966,0.30880174,0.54470474,0.2978103,0.45363623,0.56002027,0.6090542,0.5373627,0.52999645,0.49317852,0.579216,0.50421435,0.5407203,0.4645472,0.5221119,0.44859105,0.4591269,0.36317047,0.38988304,0.37324774,0.44318664,0.24057545,0.008585408,0.22800863,-0.08591225,0.5154501,0.4813175,0.54559183,0.5219954,0.6117608,0.5816911,0.3682587,0.096775524,0.1529106,0.28448918,0.33654925,0.5016648,0.46687612,0.3645063,0.3571149,0.07884265,0.38668916,0.5497525,0.6362186,0.7905477,0.4825746,0.58995676,0.63142204,0.7618628,0.107408255,0.26876158,0.3487605,0.69408405,0.56571496,0.5842647,0.6019512,0.5371013,0.24665509,0.13074687,0.45374444,-0.12563431,0.38633564,0.31825703,0.56443226,0.61303395,0.61602587,0.60509616,0.29417259,0.46997333,0.36968258,0.50094473,-0.089689516,0.33414125,0.4995463,0.5653243,0.65031815,0.66998523,0.46384743,0.06480359
0.6577502,0.49843016,0.62001705,0.6259317,-0.015327526,0.14957297,0.5993288,0.46788374,0.07525393,0.16294412,0.46577233,0.440618,0.39702415,0.4654809,0.16486737,0.14637768,0.30133367,0.364642,1.0,0.79913545,0.25273517,0.23958312,0.63157326,0.50363415,0.17331667,0.0955844,-0.11041868,-0.09877994,0.4816058,0.2353668,0.3857752,0.27788156,0.22215244,0.2217708,0.1995435,0.2515829,0.42854208,0.21815313,0.33531964,0.27782843,0.34424546,0.20803781,0.3997266,0.32291234,0.47830343,0.51894474,0.45838442,0.34848073,0.5661669,0.446203,0.6619275,0.63873535,0.554893,0.47492775,0.32848603,0.3275158,0.54347724,0.5270224,0.4178238,0.13403377,0.5278708,0.29544607,0.3066352,0.44028735,0.31680194,0.46068317,0.41793433,0.39469573,0.42277226,0.53748673,0.29835713,0.25542974,0.3112861,0.19333406,0.35848543,0.06717832,0.36820185,0.2930108,0.13556637,0.32774627,0.28238964,0.29541174,0.06934991,0.051809724,0.3314018,0.2960271,0.32272232,0.06847003,0.30016732,0.24433719,0.2782205,0.31777167,0.30781066,0.31879172,0.1442452,0.0563137,0.37911114,0.035664573,0.36143094,0.2728448,0.3452561,0.35208958,0.4358246,0.42349264,0.36863986,0.44271487,0.41158566,0.26989755,-0.0039276024,0.37884286,0.46144387,0.2744658,0.26761094,0.29377902,0.3055017,0.51174486
0.5587249,0.42783034,0.609102,0.65611964,-0.0355947,0.15460548,0.58927983,0.5081632,0.03388875,0.27075785,0.39869583,0.44004506,0.39979044,0.5107187,0.13101718,0.22143501,0.34214216,0.31525862,0.79913545,1.0,0.36423925,0.26041356,0.5063121,0.5259235,0.106233604,0.15605336,-0.10336091,-0.053444553,0.54402363,0.32477248,0.39422432,0.37903166,0.2001252,0.23629166,0.265935,0.30115414,0.46094146,0.23844679,0.38537088,0.34300053,0.32613114,0.12365881,0.4582774,0.35422063,0.5280417,0.5148404,0.3841045,0.42754388,0.5346603,0.41666263,0.58080155,0.63513386,0.4590043,0.47207242,0.4393695,0.5008359,0.46318,0.5152702,0.4402099,0.0074305134,0.5509025,0.25121292,0.35185382,0.43575448,0.31006733,0.4078707,0.49950948,0.47560853,0.51649505,0.59580714,0.4319325,0.34680966,0.33692032,0.34261495,0.2321012,0.038537465,0.44598356,0.44678324,0.27880168,0.34072888,0.27723354,0.29349825,0.11959924,0.14252663,0.34786874,0.32270318,0.27551335,0.17504467,0.35563508,0.33153215,0.28333098,0.31399953,0.2782084,0.33879542,0.27115977,0.13266794,0.29846758,0.25693893,0.35447812,0.36095646,0.30598414,0.34758702,0.3678714,0.38172546,0.31966254,0.41951802,0.3416368,0.28443846,0.090145186,0.39748466,0.42326927,0.17393604,0.17888737,0.22567776,0.27145702,0.46644673
0.2741044,-0.21106613,0.33500853,0.082492344,0.25208977,0.3124319,0.2607243,-0.06567794,0.32572764,0.19372432,0.36839047,0.18327141,0.2856022,0.03425507,0.391005,0.06163399,0.23283125,0.11511781,0.25273517,0.36423925,1.0,0.25409368,0.40406415,0.18780512,0.24430718,0.39218932,0.26074353,0.23704192,0.37942156,0.14069457,0.32697207,0.21929288,0.35771462,0.26719785,0.251908,0.23015064,0.3053591,0.24490042,0.3802909,0.41171765,0.1905619,0.091137,0.27747875,0.18104486,0.29954728,0.22362699,0.30953583,0.22335972,0.22986944,0.12520932,0.32451758,0.20260027,0.39789248,0.28178924,0.44067988,0.5379259,0.22018763,0.0036051015,0.06356505,0.09507463,0.023790888,-0.09774507,0.23258775,-0.09582028,0.18976551,-0.051576678,0.30862528,0.3384065,0.19801703,0.025449451,0.42441598,0.28323832,0.21512014,0.25003955,0.14208421,-0.029522037,0.3535446,0.39076805,0.4077462,0.19624814,0.21798532,0.16717993,0.2766432,0.10108117,0.31560698,0.12127146,0.25294006,0.2920301,0.5266437,0.2933612,0.28174573,0.28260338,0.23812357,0.3073716,0.16201033,0.004075084,0.31333154,0.3714381,0.3559695,0.3013042,0.29010063,0.22912598,0.1834303,0.23795106,0.16084543,0.21605398,0.074007474,0.21641737,0.31620225,0.27906334,0.34934214,0.17657714,0.1397371,0.2130614,0.20005536,0.08915046
0.19968279,0.253842,0.1970237,0.41188908,0.30355808,0.29522678,0.3949089,0.37093285,0.2955891,0.45344743,0.33247137,0.44210082,0.32670307,0.47479013,0.18930265,0.5101063,0.4316609,0.44119892,0.23958312,0.26041356,0.25409368,1.0,0.22609767,0.4280873,0.34621334,0.47799143,0.21513024,0.25676188,0.68974966,0.51042295,0.45971137,0.4873499,0.28697696,0.47178003,0.33122084,0.3511573,0.6806973,0.5574838,0.4990855,0.60148305,0.38220513,0.48744428,0.47377038,0.49096438,0.47197306,0.41725838,0.47835594,0.5317653,0.3538584,0.40172875,0.34946257,0.5228268,0.32401052,0.5140068,0.5855562,0.5013404,0.13915949,0.46479654,0.15266205,-0.19273996,0.18300578,0.029050525,0.18519117,0.402958,0.31771138,0.33483642,0.47825798,0.47254586,0.44772464,0.2380886,0.4985514,0.5984549,0.649575,0.63662165,0.5988555,0.43527356,0.55680805,0.43748814,0.44737393,0.3613734,0.41964996,0.48508206,0.4741587,0.5141075,0.46756706,0.5881372,0.30188924,0.21056661,0.40018332,0.51131165,0.3477781,0.41126695,0.30851477,0.40691414,0.34885544,0.13931812,0.4481794,0.12489003,0.31378964,0.38415602,0.24657437,0.3737259,0.4086141,0.40042162,0.36554396,0.4504903,0.3811113,0.29679465,0.12186846,0.40909508,0.47703448,0.31831524,0.2686398,0.23972775,0.31210932,0.16623726
0.5056954,0.030414132,0.6955157,0.36861354,0.4886211,0.37780273,0.4862897,0.12213639,0.34555382,0.11416371,0.681003,0.45848495,0.4813724,0.20790833,0.52244174,0.11709883,0.4368911,0.3811046,0.63157326,0.5063121,0.40406415,0.22609767,1.0,0.51137286,0.5501457,0.2980663,0.26771045,0.3135885,0.3999812,0.2521531,0.60539854,0.4866198,0.5317618,0.46250585,0.38404572,0.36153397,0.4386241,0.3748128,0.37587944,0.42765218,0.1884355,0.32966146,0.27680525,0.22966376,0.32865047,0.332036,0.4473165,0.26713777,0.4128127,0.34580293,0.4944562,0.33107722,0.6455427,0.5076648,0.26840773,0.37851277,0.5624434,0.17691639,0.13068782,0.16907068,0.22815336,0.027396193,0.44366315,0.23051004,0.37972677,0.265912,0.399224,0.37797192,0.18050559,0.13478191,0.25033036,0.20790331,0.26754385,0.2043721,0.413952,0.1391038,0.31967247,0.14580455,0.2729915,0.43917277,0.41890872,0.3555612,0.34881794,0.03619092,0.499352,0.29123625,0.37053114,0.28579408,0.5577526,0.37088573,0.29944345,0.33607844,0.34334493,0.29257655,0.19425555,0.011069212,0.58849937,-0.052532487,0.50364524,0.23643398,0.40544054,0.34596917,0.4306516,0.4336936,0.42673028,0.4267416,0.40297484,0.37052152,0.11451715,0.30657846,0.57111615,0.52212477,0.4108034,0.43425456,0.3440023,0.23374464
0.1543618,0.43418595,0.3439338,0.78505766,0.26583785,0.4727241,0.40048182,0.6381994,0.34856558,0.52760994,0.3983108,0.6650663,0.3372303,0.69147164,0.22258224,0.5837371,0.37974146,0.6167748,0.50363415,0.5259235,0.18780512,0.4280873,0.51137286,1.0,0.48505068,0.3840559,0.22952046,0.33988056,0.48680797,0.44859803,0.6444831,0.63134944,0.19969898,0.48522696,0.33995342,0.48739702,0.51452917,0.3845733,0.34748042,0.38217083,0.18706927,0.29655966,0.43538034,0.4385673,0.38360286,0.4161224,0.422016,0.4388064,0.3924405,0.380096,0.3364614,0.42930636,0.36199525,0.5157872,0.29080003,0.27020508,0.15461399,0.5135646,0.12337584,0.0018230289,0.15464073,0.015251538,0.20627055,0.48598227,0.3263055,0.4135443,0.46001565,0.41382855,0.4605223,0.36929768,0.08505554,0.2042638,0.3045265,0.39016616,0.41982046,0.3525122,0.30747545,0.06759985,0.2010814,0.24391796,0.3360878,0.51481014,0.33810166,0.47960076,0.4384493,0.60564655,0.13948941,0.037383765,0.21210614,0.6080822,0.28623772,0.33182818,0.29374233,0.30281165,0.38711548,0.05962356,0.41500142,-0.099073626,0.2991049,0.17354053,0.27219024,0.35829225,0.41381967,0.37945014,0.2832606,0.3114841,0.3681222,0.3441458,-0.06399287,0.4707,0.5351058,0.3798883,0.38344136,0.3493137,0.36720273,0.09987042
0.0707453,-0.119547285,0.28402117,0.27602655,0.76473117,0.5518055,0.22953954,0.04145482,0.65891844,0.39752883,0.4610302,0.36303073,0.3289412,0.16378352,0.4811908,0.28650635,0.3767544,0.36329725,0.17331667,0.106233604,0.24430718,0.34621334,0.5501457,0.48505068,1.0,0.56290877,0.59843653,0.60694367,0.28365457,0.31990814,0.66898876,0.5960376,0.36353847,0.48824617,0.4259445,0.4258564,0.40509304,0.44794035,0.37293702,0.49573353,0.053438373,0.3878483,0.23198038,0.2304886,0.23091792,0.11199294,0.3718722,0.25751606,0.23788868,0.2714009,0.24741657,0.21809004,0.40659553,0.49193135,0.32324454,0.31502834,0.15852696,0.065639704,0.0058976724,0.02192378,-0.09822229,-0.22562563,0.24307236,0.13755809,0.29443207,0.13242862,0.32179663,0.3155486,0.2314121,0.004088079,0.12589736,0.22403078,0.22665615,0.26362357,0.43112737,0.26929998,0.37298054,0.10150338,0.3330858,0.3389956,0.39160743,0.43312356,0.49747342,0.28684154,0.4391759,0.3693679,0.22118807,0.26681167,0.40074214,0.4712535,0.3090563,0.37769064,0.38197064,0.33492994,0.36383966,0.1067706,0.58987445,0.03263913,0.43840596,0.2959536,0.3507543,0.37448382,0.39805079,0.42866358,0.31603944,0.3505911,0.41285226,0.30829176,0.25585485,0.3112237,0.5643988,0.56691724,0.4288125,0.36277416,0.35197136,0.04883995
0.11357,-0.07107945,0.258242,0.29072827,0.6344977,0.54091597,0.35595685,0.15565443,0.5471604,0.488139,0.28621888,0.28919962,0.33325467,0.23404273,0.3656902,0.38186193,0.38828203,0.33412784,0.0955844,0.15605336,0.39218932,0.47799143,0.2980663,0.3840559,0.56290877,1.0,0.42587343,0.5022747,0.40516537,0.44709206,0.5936919,0.5596926,0.23122717,0.4046267,0.41603497,0.43915287,0.45347112,0.4991385,0.4809695,0.5799562,0.02405999,0.413603,0.3655145,0.37491176,0.37211683,0.21685682,0.3555043,0.4117917,0.3206079,0.27050725,0.30112863,0.29342675,0.28946957,0.44361347,0.48607087,0.47171876,0.09862327,0.21142201,0.14328302,-0.18583474,0.0041340753,-0.25376832,0.26278615,0.21913366,0.34632415,0.17748727,0.38413903,0.37190366,0.3234991,0.102679074,0.43001744,0.48767298,0.39003533,0.4543527,0.43808535,0.30577588,0.44305018,0.29949012,0.39545208,0.32482564,0.41198832,0.42269486,0.549567,0.40620276,0.46350238,0.450655,0.17417158,0.3625987,0.44443703,0.5223779,0.3783627,0.435947,0.3622186,0.40494525,0.5054123,0.23119363,0.40724295,0.2172691,0.2987201,0.37365147,0.3175362,0.4135526,0.3808607,0.45593756,0.11212073,0.35111812,0.2921102,0.18426748,0.24225453,0.39387122,0.47030303,0.37041786,0.36961043,0.31267947,0.31624874,0.12254366
-0.0621431,-0.3164875,-0.033917323,0.019533804,0.6405576,0.60262376,-0.033008404,-0.21223928,0.72773993,0.38853276,0.39420748,0.23484986,0.2267762,0.011555423,0.5819255,0.22142214,0.33854973,0.3032097,-0.11041868,-0.10336091,0.26074353,0.21513024,0.26771045,0.22952046,0.59843653,0.42587343,1.0,0.673889,0.11392458,0.2837206,0.43044117,0.39795977,0.43222505,0.5167312,0.38308486,0.35581386,0.19182707,0.33019066,0.3266712,0.39613792,0.061952297,0.11705205,0.24515897,0.2694026,0.23893191,0.06755073,0.22148076,0.23904979,0.09769322,0.15979357,0.16254061,0.030991273,0.33186015,0.24399047,0.26542416,0.2896381,0.088863395,-0.17313237,0.015422924,0.01142819,-0.32166973,-0.17003667,0.21886584,-0.08478271,0.2898102,-0.030053843,0.3112017,0.31865713,0.09179336,-0.31252912,0.13154852,0.14411364,0.091199666,0.17279695,0.20478195,0.15240905,0.23602591,0.0036540164,0.4195869,0.28676277,0.34921515,0.3632515,0.4713827,0.2404597,0.40267083,0.28329125,0.034858305,0.21976642,0.47271624,0.41654736,0.45113114,0.45244113,0.46474436,0.4380138,0.19522774,0.15969276,0.3925634,0.04688083,0.39197075,0.3072004,0.43188107,0.4330778,0.38054284,0.4261032,0.2147294,0.30966908,0.18742083,0.31278667,0.2513268,0.09849891,0.29700026,0.4899789,0.43884394,0.4450992,0.34499082,-0.16407485
-0.0026730488,-0.4180173,0.066382766,0.118346736,0.7028238,0.77346647,0.18087652,-0.16306941,0.7651486,0.52976227,0.4753463,0.25076917,0.4569947,0.075752094,0.59179664,0.3323697,0.48952007,0.34996375,-0.09877994,-0.053444553,0.23704192,0.25676188,0.3135885,0.33988056,0.60694367,0.5022747,0.673889,1.0,0.18407123,0.50457025,0.5138053,0.5116125,0.58488506,0.64135295,0.5820136,0.58604264,0.36269602,0.5685499,0.44591147,0.5428852,-0.028771058,0.29499188,0.35442933,0.35865662,0.32019407,0.17663968,0.2768199,0.31012115,0.20247187,0.30188167,0.23894958,0.06632715,0.35682428,0.24035986,0.2987487,0.35011277,0.18715559,-0.1611081,-0.027864775,0.05685328,-0.28012967,-0.30235687,0.37231287,-0.115170024,0.40202725,0.028727544,0.4581845,0.43101114,0.11983805,-0.35837564,0.12671836,0.19727184,0.040657733,0.32795045,0.24443586,0.30730534,0.33222225,-0.028139368,0.47691995,0.4424722,0.54646,0.50479954,0.62729126,0.39389062,0.6195701,0.43795192,-0.011380149,0.39084637,0.5161072,0.5435702,0.5344269,0.51618713,0.56159526,0.5073214,0.36646566,0.24260104,0.44845068,0.0032905545,0.4114206,0.33963597,0.49821457,0.51875496,0.4792797,0.52549356,0.28336847,0.35100234,0.25301123,0.2852003,0.25057545,0.16673107,0.35052392,0.55542964,0.53894144,0.52850324,0.34900635,-0.16620171
0.40992716,0.29917628,0.37732202,0.5351171,0.23126379,0.3197172,0.52261215,0.47824326,0.24150173,0.46742892,0.47651348,0.54575145,0.46705168,0.56607497,0.28950882,0.6340356,0.62858576,0.5701357,0.4816058,0.54402363,0.37942156,0.68974966,0.3999812,0.48680797,0.28365457,0.40516537,0.11392458,0.18407123,1.0,0.66703,0.46322316,0.53846985,0.37718165,0.5703372,0.48121023,0.5579768,0.8307758,0.6948382,0.57746404,0.715262,0.44148034,0.490013,0.65014476,0.6970644,0.68369794,0.6350952,0.63763,0.68521565,0.6071371,0.5817367,0.5219584,0.64825135,0.49644607,0.5469189,0.7214695,0.72836995,0.40674615,0.54497766,0.32899663,-0.041280944,0.37968177,0.08073407,0.44650975,0.48323599,0.4886204,0.50934476,0.6762678,0.7052078,0.562924,0.3395543,0.5758679,0.58566475,0.63458025,0.76364356,0.5339108,0.30644855,0.647099,0.56093484,0.4920605,0.52435875,0.62170285,0.6291291,0.59290355,0.62251765,0.6561119,0.7226391,0.38745978,0.36711058,0.5831328,0.6627734,0.56063646,0.56889975,0.50477964,0.5442711,0.4218491,0.2878234,0.5586694,0.2166111,0.47762686,0.5606467,0.5000517,0.53825194,0.5812395,0.58098227,0.41367957,0.62537664,0.4528735,0.4391699,0.12941614,0.46654296,0.5483856,0.39233178,0.4151763,0.40483364,0.39374506,0.3477019
0.37311816,0.11966085,0.21414293,0.4892035,0.34612504,0.5702173,0.5223114,0.3257096,0.48095405,0.6796183,0.55250895,0.5396227,0.65894806,0.49170288,0.36406606,0.7310637,0.74845093,0.6968539,0.2353668,0.32477248,0.14069457,0.51042295,0.2521531,0.44859803,0.31990814,0.44709206,0.2837206,0.50457025,0.66703,1.0,0.49405935,0.61973405,0.43717554,0.6475162,0.7043842,0.6972395,0.6923036,0.7721786,0.5119742,0.7422062,0.2595956,0.5812033,0.64509076,0.73091197,0.6162683,0.49144083,0.5299848,0.71303725,0.5632116,0.5189884,0.51472545,0.48667628,0.4226989,0.4870492,0.55457747,0.61608356,0.42798024,0.29007354,0.27392298,-0.04460078,0.25512338,-0.15428585,0.5590075,0.31465945,0.54694176,0.5020633,0.6977019,0.6786244,0.28514552,-0.017533848,0.38576347,0.4656667,0.45820883,0.75661707,0.46682924,0.46263596,0.6296172,0.328093,0.58934903,0.70906657,0.744034,0.7145927,0.719985,0.68326706,0.7979564,0.80681264,0.12376188,0.51721555,0.51610863,0.7633997,0.6208511,0.6165559,0.6449943,0.61079615,0.46205413,0.39980644,0.49202096,0.056111902,0.37460658,0.506614,0.55585885,0.6497088,0.5903519,0.6395822,0.19326976,0.47723186,0.28323302,0.37848058,0.11289719,0.39831313,0.5200176,0.52507913,0.5861714,0.58954656,0.30437237,0.06677153
0.19504905,0.10099325,0.5414298,0.54776126,0.59577453,0.5518468,0.4752831,0.32728192,0.51699716,0.47771326,0.5188612,0.43535295,0.49420208,0.404851,0.53307194,0.44147167,0.45982847,0.44772464,0.3857752,0.39422432,0.32697207,0.45971137,0.60539854,0.6444831,0.66898876,0.5936919,0.43044117,0.5138053,0.46322316,0.49405935,1.0,0.75477207,0.4415677,0.5849518,0.45477208,0.5086151,0.5760349,0.4508111,0.5174295,0.5301609,0.093829565,0.3679553,0.46487847,0.3954467,0.4368924,0.26765126,0.53115225,0.4467769,0.3693331,0.41410875,0.39691728,0.36722195,0.5411845,0.60060644,0.42171156,0.38177708,0.18344778,0.28108454,0.11425388,-0.04590813,-0.049662113,-0.10647194,0.23211521,0.23875523,0.32299727,0.31186733,0.5032246,0.42340213,0.40966707,0.06728773,0.39125037,0.3950763,0.3647903,0.3787999,0.52007383,0.3682402,0.4765227,0.22099888,0.41904238,0.40498903,0.4197267,0.4733504,0.5361326,0.35757974,0.5357961,0.509961,0.23257326,0.17783867,0.4552239,0.56559646,0.38081753,0.43608463,0.3941474,0.4368526,0.43433094,0.1117701,0.5826545,0.035756573,0.45320925,0.28969952,0.3415917,0.4403642,0.4638089,0.48582375,0.39183724,0.48543614,0.45323226,0.36822534,0.16175167,0.4567403,0.6372551,0.5185531,0.41993317,0.367404,0.36838606,0.13709009
0.086049974,0.16542143,0.37177593,0.6173422,0.5388594,0.55734074,0.33568913,0.42926973,0.4870097,0.63828635,0.4847257,0.58923364,0.36621833,0.4974222,0.4725716,0.6173811,0.4463665,0.5550054,0.27788156,0.37903166,0.21929288,0.4873499,0.4866198,0.63134944,0.5960376,0.5596926,0.39795977,0.5116125,0.53846985,0.61973405,0.75477207,1.0,0.44564232,0.6336144,0.43884048,0.5335827,0.60556734,0.524846,0.44137967,0.5733794,0.19417952,0.41274685,0.49472526,0.47969556,0.47587153,0.3037589,0.52730954,0.56108224,0.41333437,0.43525583,0.2575284,0.41832155,0.37534192,0.5660883,0.47229326,0.4961962,0.16463552,0.31020665,0.08321937,-0.039625287,-0.030454928,-0.15640852,0.25061268,0.29776028,0.31780508,0.31579998,0.5199425,0.4816931,0.39613906,0.07963034,0.3203678,0.51238835,0.4245435,0.49494392,0.48014915,0.41274023,0.4962836,0.2974152,0.44803435,0.4471251,0.44951653,0.54445904,0.5663432,0.55263954,0.5511399,0.6224274,0.26514515,0.3045552,0.4940113,0.7570012,0.4278202,0.51327026,0.44883502,0.4623289,0.47266293,0.20991942,0.5393357,0.10071696,0.3585611,0.30976498,0.37421438,0.46473584,0.47743547,0.49673307,0.3165497,0.42040303,0.4310554,0.2906263,0.19193697,0.5114449,0.5832705,0.5066967,0.48855156,0.40063515,0.36661676,0.09301425
