1.0,0.4669002,0.2339039,0.39997408,-0.30686066,0.27069172,0.5709242,0.21138033,-0.041226614,0.15290935,0.4530251,0.2856712,0.43236688,0.017746242,-0.21432456,0.0005654053,0.1374031,0.197274,0.74284136,0.64158154,-0.23457207,-0.07345151,0.33491534,0.0035924737,-0.39448866,-0.36656725,-0.25515294,-0.017318815,0.06544896,0.11783403,0.04561534,0.018498408,0.5029589,0.21183626,0.31665808,0.107860945,0.12160328,0.09232811,-0.14482331,-0.1560042,0.15634738,-0.3059461,0.29546723,0.20652346,0.2453144,0.41462496,0.21972133,0.25242218,0.46195963,0.32207012,0.6110587,0.28134084,0.36432552,-0.026588097,0.084481426,0.12270656,0.67621136,0.31793588,0.47326058,0.36783835,0.7290771,0.446736,0.6207717,0.25578544,0.5642682,0.33162054,0.53720707,0.5348938,0.50359833,0.45918697,0.3255275,0.16791143,0.21564193,0.5172449,0.2218891,0.1368623,0.21469297,0.03529616,0.52972007,0.31606385,0.5454686,0.02790877,-0.024987571,-0.13656646,0.4339185,-0.057075664,-0.13838837,-0.4237269,0.123834215,-0.2843811,0.18130219,-0.06651959,0.17009638,-0.14038758,0.43809798,-0.061718553,0.08464706,0.08656079,0.29720795,0.2029903,0.27969858,-0.08774275,0.30430183,0.12976375,0.26453534,0.36121997,-0.0681757,0.30091372,0.15695967,0.22883332,0.0826458,0.21797286,0.24880552,0.34076184,0.002110673,0.1157265
0.4669002,1.0,-0.25581247,0.3313415,-0.30226344,-0.143296,0.38374773,0.56122667,-0.20676818,-0.08749389,0.02863726,0.54312885,-0.0792238,0.2659107,-0.2279594,-0.012527697,-0.31778362,-0.094721496,0.5635938,0.41325486,-0.43497345,0.16152565,-0.021552017,-0.35362363,-0.6485252,-0.6948706,-0.43453318,-0.352903,0.3010992,0.13003848,-0.160962,0.058102015,0.036660906,-0.056522336,-0.10725533,-0.016380364,0.08415792,-0.1301115,-0.16715159,-0.24923335,0.5843266,-0.22191136,0.15544155,-0.048918806,-0.042674698,0.48842627,-0.0059202877,-0.0048499987,0.5934794,0.5728917,0.469615,0.6010844,0.09028891,0.47015062,-0.22635095,-0.27527568,0.050497625,0.89041543,0.76911235,0.6720444,0.51626873,0.7281398,-0.017214814,0.7765273,0.46192297,0.816587,0.2894724,0.19490997,0.40815553,0.6871935,0.31221163,0.2803596,0.025146998,0.11173297,-0.15252632,-0.32752094,0.4303874,0.18022645,0.39340037,-0.18102549,0.05389775,0.34189326,-0.026650386,-0.16320845,-0.1791921,0.30756012,-0.3315395,-0.32925728,-0.49451855,-0.3223215,-0.2960409,-0.1510349,-0.20637424,-0.25271422,0.35705552,-0.12284394,-0.19979806,-0.08963175,-0.05966611,-0.25233892,-0.070448056,-0.33632743,0.035077628,0.029580226,0.24124391,0.22451092,-0.12151919,0.2890472,0.18260358,-0.2753255,-0.26497227,0.007841925,-0.010659811,-0.012558895,-0.32418552,0.10956646
0.2339039,-0.25581247,1.0,0.50226283,0.33968404,0.4722236,0.56148434,0.13283546,0.58777773,0.15611684,0.51106465,0.18470122,0.7100902,0.3602548,0.500703,0.39297596,0.5696407,0.5591712,0.28420052,0.3067364,0.5690345,0.22713032,0.86970836,0.81652737,0.56213844,0.5515856,0.48494938,0.3855255,0.2153821,0.4302069,0.7316212,0.5087499,0.47443274,0.5159587,0.49168307,0.36894962,0.37391526,0.49076512,0.47893608,0.5523015,-0.2578432,0.27160916,0.26634622,0.35357425,0.27608025,-0.10029637,0.4149797,0.33060297,-0.25696814,-0.17798188,-0.021181924,-0.32458118,0.16958725,-0.13356332,0.51163685,0.53356457,0.32823062,-0.2954494,-0.29159915,-0.24282764,-0.068276264,-0.30020776,0.3569812,-0.23482105,-0.07653604,-0.3066684,0.16959321,0.2268239,0.1382483,-0.29646546,0.39067915,0.37297887,0.46929705,0.28677225,0.39738506,0.5391356,0.14253536,0.3155014,0.04840038,0.4571544,0.4464577,0.18697299,0.4159122,0.5331308,0.7143806,0.22884132,0.5554956,0.4558474,0.6188395,0.50074625,0.317675,0.23230298,0.31036806,0.2999597,0.038271226,0.2951423,0.540556,0.4542618,0.45392126,0.4476211,0.1715194,0.38040912,0.29593965,0.28272742,0.11470497,0.29403004,0.40601447,-0.05934711,0.24303563,0.5457207,0.6638585,0.39208815,0.3368764,0.28069815,0.36420876,0.2384838
0.39997408,0.3313415,0.50226283,1.0,0.12750015,0.25316596,0.7884772,0.71697354,0.31870243,0.052816067,0.4382861,0.5869419,0.49461585,0.475047,0.26155427,0.29312366,0.34521502,0.48862284,0.6012595,0.7025006,0.21363336,0.42699808,0.67739326,0.5196893,0.07727256,0.16281009,0.15690468,0.18519646,0.57195693,0.62289065,0.5740743,0.6589016,0.4754035,0.5054783,0.42367867,0.5299509,0.3965472,0.3333958,0.41446546,0.35065344,0.20033002,0.14893447,0.45443228,0.44157636,0.31795725,0.20928268,0.43038428,0.3632001,0.16443762,0.2361203,0.28305402,0.14606087,0.23552656,0.20394301,0.4255309,0.3140506,0.16107236,0.25174892,0.2043364,0.25582403,0.17353754,0.14943172,0.15447034,0.23816916,0.20020105,0.23736537,0.46188867,0.35512796,0.4539954,0.23811005,0.5604121,0.6875448,0.55199504,0.42053336,0.40248904,0.40368012,0.60878336,0.59914994,0.3910413,0.22228603,0.49405375,0.5135629,0.39962557,0.30258083,0.39423913,0.5702859,0.31088445,0.23611717,0.06974308,0.28927326,0.12902574,0.19453941,0.22179851,0.15578195,0.3740478,0.26212022,0.2865617,0.36704522,0.39477098,0.2409651,0.225858,0.18037811,0.48121113,0.39724305,0.5087258,0.5446255,0.37344575,0.18410467,0.45540345,0.19487794,0.35093585,0.4896784,0.4181425,0.23536128,0.17910968,0.3914635
-0.30686066,-0.30226344,0.33968404,0.12750015,1.0,0.12829155,0.02827355,0.08550264,0.45731574,0.21856402,0.14120367,0.060244627,0.30805194,0.35875186,0.5737773,0.4019387,0.19531788,0.17160328,-0.2949342,-0.25875255,0.57345915,0.3401793,0.307044,0.4299571,0.6011417,0.4747642,0.6175018,0.47014642,0.055643767,0.21362646,0.23763183,0.27317578,-0.15366988,-0.06280729,-0.1516909,-0.072758846,0.16694875,0.22946033,0.35884318,0.48870137,-0.37282735,0.19017819,-0.1362722,0.07947554,-0.076538205,-0.4153251,0.036586866,-0.108126484,-0.48433483,-0.48149613,-0.42918307,-0.5473671,-0.20579396,-0.1016004,0.20267029,0.24841058,-0.17658329,-0.32693502,-0.36462492,-0.478977,-0.5256992,-0.43890607,-0.1762187,-0.34428176,-0.43249923,-0.38449812,-0.27190778,-0.42178258,-0.28765437,-0.5464179,0.036195774,0.0037121288,0.15389569,-0.122729845,-0.0024643042,0.28622586,-0.070976794,0.1284279,-0.42317802,-0.116220295,-0.08676136,0.06258118,0.27789417,0.41207433,0.30651492,0.18182641,0.28741935,0.34408864,0.36583853,0.4029072,0.00097462954,0.07271612,0.040499594,0.028359625,-0.3418754,0.20660938,0.20379312,0.1769487,0.028597346,0.067134805,-0.23616594,0.22420664,-0.1012138,-0.05173886,-0.052078992,-0.031099215,0.42503136,-0.46788126,0.07186952,0.1474997,0.2671193,0.01113901,-0.0975193,-0.15486002,0.3327439,-0.024780886
0.27069172,-0.143296,0.4722236,0.25316596,0.12829155,1.0,0.29406565,-0.017679289,0.4074586,0.43893546,0.36792135,0.0946826,0.5244409,0.2046934,0.3641854,0.49608883,0.31716132,0.24855953,0.1373711,0.16509384,0.3649391,0.29709432,0.41263342,0.37292638,0.34219116,0.36125696,0.40819183,0.41647205,0.16969648,0.3434286,0.34751254,0.27797154,0.330696,0.36177236,0.34794617,0.22399078,0.29918438,0.3774014,0.32991207,0.45294026,-0.17624049,0.09259807,-0.022115532,0.20779714,0.16629334,-0.16790797,0.11689662,0.05383755,-0.24025209,-0.2556151,0.047580276,-0.3019011,0.10275844,-0.3200421,0.3920867,0.34244162,0.26959503,-0.26216865,-0.06544837,-0.14507712,0.09309321,-0.22444081,0.33522132,-0.34965488,-0.03274111,-0.28254366,0.12395444,0.2216908,0.088332795,-0.122231744,0.3422325,0.21924213,0.36632916,0.50475436,0.43220058,0.526171,0.10250569,0.24256012,0.061218727,0.29694808,0.49272966,-0.028953712,0.28846154,0.29974633,0.5491014,-0.05078635,0.29166806,0.06146046,0.42318606,0.046619482,0.23845087,-0.06693814,0.29432902,-0.00033095665,0.03349313,0.16840158,0.17651764,0.2443466,0.29039988,0.3183587,0.051866785,0.22387892,0.10795861,0.03793521,0.10618189,0.19066603,0.32251057,-0.19317594,-0.07858061,0.30459148,0.24071445,0.270517,0.31466973,0.24013261,0.269027,0.074610226
0.5709242,0.38374773,0.56148434,0.7884772,0.02827355,0.29406565,1.0,0.66638297,0.2712091,0.03776907,0.6058314,0.61305237,0.61214846,0.4152835,0.16327155,0.24286811,0.23310214,0.31312883,0.6484328,0.6749807,0.07072663,0.33569023,0.7042588,0.41592756,-0.07181236,0.0065775323,-0.016119415,0.113740206,0.5147884,0.49887118,0.53583825,0.56701535,0.49445242,0.46867052,0.40486288,0.4397875,0.44265482,0.32846704,0.3482768,0.28357744,0.30612695,0.1539409,0.41857538,0.355982,0.25490353,0.3499564,0.33170077,0.3301653,0.2926751,0.32511088,0.4451262,0.23594968,0.3064556,0.19380905,0.32508814,0.24938805,0.22952695,0.28261143,0.2757848,0.26955745,0.29957396,0.23802958,0.3073524,0.30121353,0.36591947,0.28664026,0.45643386,0.4034872,0.40834785,0.29569915,0.6673832,0.665371,0.59290534,0.49825233,0.44831046,0.34303495,0.6318789,0.56781524,0.4169935,0.19980495,0.5534948,0.38431296,0.35864437,0.221365,0.5395044,0.4159926,0.30360135,0.12422706,0.1360672,0.1220428,0.100422665,0.07951552,0.22563724,0.09141941,0.5024008,0.12295898,0.19743255,0.26598328,0.34855267,0.21174291,0.23973456,0.097964056,0.47076616,0.39365923,0.49974886,0.6174385,0.28155765,0.2896866,0.35034737,0.2037445,0.2826422,0.3939927,0.36105716,0.23767754,0.08821102,0.39138174
0.21138033,0.56122667,0.13283546,0.71697354,0.08550264,-0.017679289,0.66638297,1.0,0.13129218,-0.050865274,0.37900883,0.80665475,0.26306754,0.60593957,0.21884479,0.27332652,0.003878022,0.19494124,0.39351562,0.45705643,0.0481308,0.5418656,0.38871735,0.18270187,-0.1974391,-0.12323869,-0.03374833,-0.058450934,0.6417916,0.5395587,0.32649902,0.604724,0.18551396,0.33994627,0.10409238,0.37311503,0.4287102,0.21094261,0.30706996,0.25019994,0.47676843,0.15619494,0.2348775,0.22144382,0.02334922,0.30760053,0.11875681,0.10877918,0.21312971,0.359316,0.17969556,0.32873404,0.043081272,0.40297344,0.131627,-0.026861861,-0.14519684,0.53010046,0.305961,0.3093902,0.06048736,0.2560931,-0.06197941,0.4755997,0.24732393,0.45933926,0.18860807,0.084890954,0.20170206,0.3273808,0.5569291,0.6714498,0.45437428,0.25821277,0.20267233,0.09789221,0.69875073,0.63531935,0.34361047,-0.12873465,0.22962695,0.5580455,0.30236885,0.17892636,0.11074318,0.60519797,0.10554188,0.18560864,-0.27903453,0.077724054,-0.21862139,-0.029106734,-0.11488524,-0.070534915,0.32935733,0.11507565,-0.03905401,0.10879172,0.073359944,-0.086574495,-0.10923997,-0.096497655,0.18271525,0.17751227,0.3683655,0.39541858,0.24525067,0.18338145,0.3670892,-0.17453961,-0.028367728,0.1780269,0.13840067,-0.08440549,-0.059196357,0.32032922
-0.041226614,-0.20676818,0.58777773,0.31870243,0.45731574,0.4074586,0.2712091,0.13129218,1.0,0.09818909,0.28961924,0.21085191,0.47187644,0.41333264,0.5329782,0.4578229,0.4732239,0.47491488,0.07461547,0.1465387,0.4479061,0.3215161,0.52477586,0.59654707,0.5367751,0.5475752,0.4753844,0.31639373,0.29434273,0.4905945,0.5150549,0.4315608,0.2866469,0.41469252,0.2318661,0.26766178,0.35523477,0.370924,0.48391244,0.60334027,-0.23068549,0.36362135,0.12830159,0.27453968,0.18870288,-0.17797846,0.27776754,0.19953969,-0.2912649,-0.218828,-0.14147413,-0.29833218,0.050895356,-0.08949001,0.48871773,0.412487,0.09253702,-0.2741303,-0.21755002,-0.2854026,-0.1811683,-0.29961595,0.13416973,-0.29124674,-0.18139565,-0.30708793,0.04877567,0.027214305,0.10703816,-0.30610386,0.26810685,0.3451275,0.50389415,0.20029011,0.34493074,0.5131761,0.20693691,0.34165064,-0.13395825,0.2674822,0.29808816,0.17136213,0.46750212,0.60793614,0.49706164,0.26039287,0.5980167,0.59655905,0.4661112,0.45514116,0.23118958,0.21859008,0.3474287,0.31462067,-0.017127333,0.24450162,0.36652914,0.39911306,0.34551457,0.40893537,0.09208649,0.43742025,0.19697683,0.29242054,0.15413995,0.26846796,0.47221485,-0.10669593,0.12476879,0.3023751,0.41078696,0.35472503,0.31506592,0.17371145,0.37470677,0.20525314
0.15290935,-0.08749389,0.15611684,0.052816067,0.21856402,0.43893546,0.03776907,-0.050865274,0.09818909,1.0,0.17275332,0.10674615,0.36600316,0.21935114,0.3960811,0.5232561,0.06679798,0.0005143491,-0.085117854,-0.15036194,0.3872264,0.20916344,0.14592533,0.19818562,0.09045365,0.06556503,0.28515753,0.39118835,-0.008795476,0.15103157,0.04008045,0.06893098,-0.10116877,-0.058199547,0.037858624,-0.05546515,0.179765,0.24928787,0.26949352,0.23827241,-0.20344396,-0.0758321,-0.12229065,-0.035023846,-0.04714902,-0.2084824,0.0037587988,-0.15373997,-0.34102526,-0.31250778,-0.15821639,-0.25084108,-0.093776524,-0.29036817,0.16959918,0.15948243,0.066550195,-0.1947968,-0.12479722,-0.24677166,-0.097845495,-0.17893703,0.13561736,-0.30227208,-0.08541711,-0.2639798,-0.069550134,-0.13532399,-0.19184613,-0.22601444,0.0674517,-0.122454315,0.048165414,0.1937292,0.122511536,0.26754037,-0.14117585,-0.088472866,-0.027356733,0.12789035,0.10615344,-0.1337336,0.32492164,0.23370601,0.29718426,-0.103627585,0.008244247,-0.23803657,0.28298402,0.016020706,-0.00939054,-0.20805687,-0.098757185,-0.22694764,-0.2910552,0.047428943,0.1769342,0.05144673,0.07541789,0.12911785,-0.31953323,-0.009913851,-0.23562151,-0.32547864,-0.14015158,-0.14961058,0.21575136,-0.32240367,-0.044876523,0.24148984,0.20314957,-0.065982044,-0.07239745,-0.10024945,0.15017429,-0.286488
0.4530251,0.02863726,0.51106465,0.4382861,0.14120367,0.36792135,0.6058314,0.37900883,0.28961924,0.17275332,1.0,0.43380427,0.7879247,0.33879808,0.33858913,0.32567304,0.4359801,0.39751396,0.3021765,0.35666886,0.3151734,0.35801655,0.58770394,0.43900058,0.07840607,0.14094554,0.10841746,0.24286427,0.4767983,0.5425735,0.4963396,0.4650011,0.52236134,0.5654994,0.37046307,0.3161326,0.5602279,0.5368557,0.40546766,0.4333819,0.16503859,0.22716895,0.19188505,0.3245768,0.16233356,0.1962886,0.24436629,0.26775467,-0.020987809,-0.061934054,0.22677572,-0.08038414,0.2253607,0.031088283,0.35498565,0.29852718,0.34856758,-0.05554042,-0.052680716,-0.0797809,0.087328635,-0.10294774,0.49491975,-0.0728656,0.2501625,-0.009383051,0.23769252,0.23021102,0.08182075,0.005413686,0.56639034,0.47859776,0.57510614,0.6341234,0.4340297,0.53146493,0.44382092,0.47969154,0.38106075,0.3731972,0.5524775,0.19574936,0.36335132,0.25671375,0.5636208,0.16616341,0.3498215,0.11934717,0.26303,0.07990647,0.18352748,0.022228986,0.20963047,0.08969556,0.31987506,0.14237465,0.19911087,0.24461739,0.3205955,0.2903444,0.1236146,0.06501826,0.23472065,0.16743314,0.27433017,0.3938875,0.2173818,0.13845916,0.19320634,0.26649293,0.2689376,0.28773925,0.2871881,0.19081645,0.1482567,0.2747956
0.2856712,0.54312885,0.18470122,0.5869419,0.060244627,0.0946826,0.61305237,0.80665475,0.21085191,0.10674615,0.43380427,1.0,0.35636723,0.7400673,0.26988804,0.43273038,-0.0045142886,0.21156622,0.4075363,0.41370618,0.10275252,0.4530668,0.3949347,0.151409,-0.20272605,-0.180301,-0.027897002,-0.08094371,0.5661831,0.52861714,0.28571594,0.48503372,0.2234245,0.3235948,0.06355168,0.3036159,0.43337238,0.25741053,0.34135836,0.27496958,0.4206114,0.0626589,0.08274495,0.09115922,-0.070058815,0.21694991,-0.030572716,-0.033252846,0.13878553,0.22670054,0.1139878,0.23752682,-0.08179791,0.2794428,0.060923535,0.0059363437,-0.053336132,0.47214887,0.3107545,0.24061285,0.09271451,0.23303033,0.016719485,0.4004119,0.19084342,0.3736737,0.12604843,0.01584444,0.15864469,0.3162982,0.55616295,0.5932031,0.45210862,0.2753528,0.19951792,0.13642476,0.60375047,0.5200296,0.30974966,0.0026359805,0.23620778,0.5566209,0.34946644,0.3399089,0.20419683,0.53211063,0.1456443,0.14599177,-0.1772688,0.07774697,-0.23154727,-0.1380348,-0.095875315,-0.07827034,0.23548695,-0.0043641245,-0.09913254,0.010086652,-0.0074547413,-0.09732389,-0.17155647,-0.081261165,0.09257016,0.12504394,0.30100092,0.35715508,0.25170657,0.114436045,0.27731043,-0.19320138,-0.030929213,0.07081974,0.061811507,-0.1204573,-0.12026047,0.17085151
0.43236688,-0.0792238,0.7100902,0.49461585,0.30805194,0.5244409,0.61214846,0.26306754,0.47187644,0.36600316,0.7879247,0.35636723,1.0,0.46837586,0.53808767,0.52768755,0.5535118,0.50746953,0.33970138,0.37232772,0.48464313,0.358066,0.694756,0.6024225,0.31830743,0.3464536,0.3036017,0.43908697,0.42989498,0.5843932,0.59511584,0.44750887,0.55365556,0.56752115,0.4888419,0.33928636,0.5268809,0.56104106,0.54188144,0.5566692,-0.057120983,0.26073197,0.2687863,0.43193293,0.35160315,0.12074413,0.4009025,0.3550722,-0.13210958,-0.16896914,0.18249044,-0.26481053,0.3138961,-0.089389674,0.56294066,0.56459594,0.37083098,-0.1766895,-0.14356405,-0.21301888,0.033514347,-0.22998333,0.48181862,-0.1681076,0.16562983,-0.14457583,0.30418292,0.2884683,0.11940072,-0.10686278,0.4851405,0.38299456,0.57813007,0.55341274,0.44251323,0.63713104,0.29898602,0.4097693,0.25522485,0.43652847,0.61619407,0.23264094,0.51062465,0.46965694,0.7409962,0.21761945,0.5010069,0.2323552,0.53202206,0.30270723,0.34984657,0.19292359,0.32201436,0.1890461,0.18822344,0.3030645,0.45766273,0.45325089,0.5424593,0.5222129,0.12862983,0.23410387,0.26729342,0.22474538,0.25622723,0.39390504,0.36854663,-0.018376125,0.18169801,0.4937278,0.53023106,0.4297946,0.42531648,0.35119164,0.32300866,0.2083106
0.017746242,0.2659107,0.3602548,0.475047,0.35875186,0.2046934,0.4152835,0.60593957,0.41333264,0.21935114,0.33879808,0.7400673,0.46837586,1.0,0.63989764,0.7285021,0.16948785,0.28381288,0.15187901,0.1505264,0.47823545,0.5691913,0.46159342,0.41563287,0.23923776,0.17162947,0.31472155,0.11921852,0.54111075,0.6123083,0.45208374,0.5403077,0.15549335,0.2936313,0.06033698,0.18058047,0.426178,0.43076771,0.54054946,0.5815838,0.16503537,0.25871044,0.0309539,0.13456748,-0.02123981,0.04361576,0.10445797,0.006254587,-0.17530027,-0.054386318,-0.12999381,-0.11020725,-0.06441714,0.2446985,0.24894868,0.25732464,-0.12447762,0.26772967,0.032466132,0.01624106,-0.18134654,-0.06564768,-0.09182495,0.18105248,-0.09558156,0.15916878,-0.072042234,-0.13860749,-0.010628304,-0.019663086,0.43539208,0.4291108,0.38860223,0.11911161,0.120590016,0.26035172,0.35267258,0.45806488,0.100837715,0.012527784,0.15453228,0.5245878,0.5180213,0.6903761,0.33687526,0.59304714,0.34338197,0.43936047,0.12291934,0.41201538,-0.0594149,0.08339783,-0.060110897,0.102938734,-0.051838648,0.2596468,0.14868723,0.21146357,0.15681241,0.08906761,-0.3087068,0.13346714,-0.07786541,0.062792026,0.12457174,0.17944074,0.33027935,-0.15997298,0.17776555,0.005606758,0.22052974,0.14796187,0.12512435,-0.050904337,0.045900922,0.045622695
-0.21432456,-0.2279594,0.500703,0.26155427,0.5737773,0.3641854,0.16327155,0.21884479,0.5329782,0.3960811,0.33858913,0.26988804,0.53808767,0.63989764,1.0,0.80258554,0.40710497,0.3949986,-0.20533507,-0.12444817,0.78513473,0.66429365,0.4417149,0.5682437,0.58895415,0.5256808,0.60952145,0.5440765,0.45241532,0.60446924,0.5621139,0.47736073,0.087850444,0.31541646,0.17196703,0.20189242,0.4751216,0.5053894,0.72045213,0.79378283,-0.11503012,0.45262843,-0.001024047,0.1848038,0.05753873,-0.23608084,0.16385233,0.026257457,-0.5577712,-0.4107026,-0.39060655,-0.40203968,-0.122535475,0.012604268,0.4537085,0.42239094,-0.101623595,-0.22171469,-0.42129868,-0.41688678,-0.46080145,-0.43180615,0.021398585,-0.22249973,-0.2983555,-0.2819839,-0.16609266,-0.23657444,-0.2587523,-0.368768,0.23669356,0.2327006,0.38955417,0.12836252,0.22876687,0.4684022,0.11960426,0.34616852,-0.15756802,0.13176179,0.19625108,0.32754543,0.72578466,0.7011625,0.43160924,0.40441146,0.56086725,0.51128155,0.42221352,0.5489775,0.06301828,0.1604066,0.00079663424,0.18263017,-0.33894902,0.38294366,0.37471804,0.36923563,0.22112271,0.24588826,-0.3427349,0.24756454,-0.16776122,-0.040941615,-0.072730295,0.015896795,0.49691364,-0.3173073,0.15630963,0.23083277,0.41509145,0.14370245,0.11404421,-0.07907756,0.20871249,0.008571094
0.0005654053,-0.012527697,0.39297596,0.29312366,0.4019387,0.49608883,0.24286811,0.27332652,0.4578229,0.5232561,0.32567304,0.43273038,0.52768755,0.7285021,0.80258554,1.0,0.2956557,0.2736236,-0.04742334,0.009838366,0.6446741,0.6357918,0.40712062,0.45950752,0.38551253,0.31538612,0.45555377,0.42275426,0.4670799,0.57930964,0.45947713,0.4787456,0.13571705,0.2906599,0.11509228,0.18756069,0.52812713,0.55271393,0.68125015,0.727677,-0.005386421,0.3549596,-0.026572745,0.16386172,0.054337338,-0.13569525,0.09834113,-0.009270073,-0.3858702,-0.26169804,-0.215926,-0.28222278,-0.04716455,-0.022324821,0.39969334,0.4023957,-0.03438592,-0.02436571,-0.17931749,-0.17172278,-0.2025122,-0.23996192,0.10736087,-0.099339984,-0.13463636,-0.1107,-0.07103417,-0.10659854,-0.107420765,-0.15068418,0.35838047,0.2604456,0.40410233,0.28317595,0.26384035,0.43962246,0.18959416,0.35349715,0.04903392,0.14937313,0.26244262,0.29523718,0.7282,0.72840935,0.40973586,0.35194185,0.4687013,0.3402728,0.35376152,0.3733358,0.055903863,0.063145675,0.031022416,0.093762994,-0.20742506,0.33828437,0.28068352,0.32710537,0.22744134,0.23954009,-0.30856708,0.20582618,-0.14889954,-0.040096235,0.02372926,0.08041176,0.45236036,-0.28053176,0.11674824,0.18824425,0.29352763,0.14707357,0.13782635,-0.0347802,0.16034284,0.01328882
0.1374031,-0.31778362,0.5696407,0.34521502,0.19531788,0.31716132,0.23310214,0.003878022,0.4732239,0.06679798,0.4359801,-0.0045142886,0.5535118,0.16948785,0.40710497,0.2956557,1.0,0.7763204,0.18251492,0.30069253,0.43115395,0.14680544,0.44909182,0.5656023,0.45369577,0.5158333,0.3342758,0.35072595,0.37807816,0.6260964,0.59947616,0.34976712,0.5636204,0.54631615,0.5578944,0.41233897,0.2841111,0.41900235,0.44264764,0.47830632,-0.18053292,0.3342374,0.37005734,0.43073928,0.4936649,-0.01793135,0.5105817,0.43773058,-0.15099525,-0.15725511,0.035017557,-0.2580678,0.31494442,-0.01641169,0.6019787,0.5889292,0.5281119,-0.28002873,-0.2957802,-0.28687498,0.060678527,-0.27075198,0.48088855,-0.23694377,-0.028520014,-0.2820547,0.34189934,0.31822985,0.19105424,-0.15091683,0.11316848,0.22124214,0.3316194,0.4004304,0.3544498,0.5717021,0.08978855,0.20594712,0.3275777,0.7069005,0.582188,0.30464187,0.43469667,0.41703275,0.45325708,0.27229124,0.56913906,0.39320326,0.48423883,0.5107607,0.4413438,0.4360811,0.3587809,0.4288492,0.06242655,0.40796983,0.5476293,0.49785128,0.5517434,0.54050344,0.30065024,0.40636525,0.28750125,0.29667243,0.14208539,0.21182302,0.32717094,0.05567489,0.18878926,0.5400955,0.53972703,0.47229907,0.4267872,0.36004826,0.28020906,0.2545499
0.197274,-0.094721496,0.5591712,0.48862284,0.17160328,0.24855953,0.31312883,0.19494124,0.47491488,0.0005143491,0.39751396,0.21156622,0.50746953,0.28381288,0.3949986,0.2736236,0.7763204,1.0,0.33258417,0.43719554,0.37154013,0.23068333,0.5125107,0.5232221,0.3452447,0.41154537,0.30706945,0.24353357,0.40449744,0.63020355,0.6366073,0.38128445,0.6046124,0.604312,0.5909368,0.41292837,0.27652606,0.34382525,0.38238832,0.4632339,-0.11326147,0.3127919,0.45909318,0.4687016,0.43950418,0.07435968,0.57686937,0.4553423,-0.09238797,-0.02085848,0.046313573,-0.108320005,0.28233224,0.11637029,0.5725648,0.52649605,0.5247022,-0.09491182,-0.143899,-0.09590652,0.11786729,-0.15921856,0.4559791,-0.041833363,0.035173222,-0.10483763,0.4033343,0.3806978,0.25175256,-0.055450566,0.16993123,0.35461774,0.33494002,0.37598902,0.27765635,0.48073447,0.17067894,0.25013542,0.34746692,0.6831439,0.54952747,0.49981922,0.38965186,0.4394459,0.42847377,0.43000296,0.46566,0.43112773,0.37413973,0.5209898,0.33431196,0.3812129,0.26278445,0.35430488,0.14822914,0.41566837,0.56844527,0.5632576,0.52708477,0.48412395,0.23843415,0.34851548,0.27397898,0.29910022,0.12369418,0.23171932,0.31514877,0.043016378,0.3121432,0.47669163,0.5385207,0.48377302,0.3718373,0.30152202,0.23309672,0.3249771
0.74284136,0.5635938,0.28420052,0.6012595,-0.2949342,0.1373711,0.6484328,0.39351562,0.07461547,-0.085117854,0.3021765,0.4075363,0.33970138,0.15187901,-0.20533507,-0.04742334,0.18251492,0.33258417,1.0,0.82252496,-0.25546035,-0.028347636,0.4343508,0.10115231,-0.31843752,-0.2588772,-0.23067401,-0.12796152,0.23988444,0.25762665,0.23105834,0.19224927,0.5513571,0.34054098,0.37323654,0.2991813,0.12722228,0.024367753,-0.05259652,-0.12709855,0.2461066,-0.17527597,0.44160914,0.29193398,0.3433177,0.45734918,0.3207227,0.3626387,0.5542299,0.49363923,0.62224686,0.38385007,0.38834387,0.19277656,0.18528509,0.15774457,0.45523778,0.46575555,0.58263385,0.50272137,0.6620839,0.51022184,0.38379902,0.42808208,0.5370932,0.45402825,0.65268016,0.56873375,0.74772596,0.53537625,0.3633001,0.4655355,0.34462705,0.35991085,0.23535265,0.10030685,0.47098964,0.25443235,0.5107847,0.28356144,0.54613984,0.35138443,0.048608348,-0.016784124,0.3251989,0.27056676,0.0049995943,-0.12946925,0.0028369918,-0.037913676,0.20758031,0.11993214,0.30661997,0.093127616,0.5501164,-0.03485321,0.11104985,0.17214328,0.3693456,0.22207835,0.46701443,0.06298512,0.57319736,0.44391713,0.5080816,0.57941157,0.10159884,0.43372282,0.34631678,0.12998235,0.12588154,0.38319242,0.38814983,0.398023,-0.013183864,0.31627548
0.64158154,0.41325486,0.3067364,0.7025006,-0.25875255,0.16509384,0.6749807,0.45705643,0.1465387,-0.15036194,0.35666886,0.41370618,0.37232772,0.1505264,-0.12444817,0.009838366,0.30069253,0.43719554,0.82252496,1.0,-0.19227527,0.0729773,0.43311137,0.18175036,-0.22028328,-0.09770579,-0.21695822,0.03113627,0.42497283,0.4114238,0.3422156,0.35372493,0.68098444,0.5393535,0.530203,0.50859326,0.25722188,0.14381362,0.13023329,0.028838268,0.27157602,0.08557858,0.590302,0.4856877,0.49320498,0.46436888,0.44972438,0.50683546,0.49384505,0.4996876,0.5911711,0.31315026,0.47325587,0.12336152,0.39019307,0.29966637,0.39226547,0.338105,0.42030165,0.432892,0.5804517,0.3883659,0.40518117,0.33207902,0.5616389,0.35011357,0.756554,0.6795904,0.6949082,0.5424917,0.45149973,0.5919743,0.5070765,0.54240334,0.47000983,0.3013236,0.57464176,0.41277754,0.5222864,0.34458947,0.63148946,0.40525147,0.20737241,0.06043433,0.2925171,0.31435415,0.18303688,0.0262034,0.020028347,0.0024201646,0.2851802,0.25771344,0.40254155,0.19072652,0.66631734,0.17190413,0.21474746,0.34966058,0.46962455,0.36006695,0.53752536,0.14762348,0.6459779,0.54633105,0.59927934,0.64613575,0.1902212,0.4313702,0.37430668,0.17458041,0.16393916,0.54719806,0.52357435,0.45662487,0.108161785,0.4663771
-0.23457207,-0.43497345,0.5690345,0.21363336,0.57345915,0.3649391,0.07072663,0.0481308,0.4479061,0.3872264,0.3151734,0.10275252,0.48464313,0.47823545,0.78513473,0.6446741,0.43115395,0.37154013,-0.25546035,-0.19227527,1.0,0.4884523,0.52404547,0.67971987,0.71677566,0.6209695,0.68677676,0.53103256,0.22716826,0.43387437,0.59400946,0.4497477,0.11917728,0.2879641,0.18889105,0.17583284,0.37616676,0.49738437,0.61805236,0.71944344,-0.34385633,0.35167837,-0.05610269,0.18481837,0.03738472,-0.4048462,0.14970553,0.02198257,-0.632039,-0.5199219,-0.49005342,-0.5449695,-0.15273319,-0.12623034,0.39565623,0.42066413,-0.064345226,-0.43214458,-0.55124116,-0.48169607,-0.5290517,-0.57752097,0.018164301,-0.42523852,-0.44844055,-0.44889793,-0.21513599,-0.22484343,-0.24519962,-0.5359903,0.20353101,0.14491653,0.23154795,0.085984066,0.19164808,0.49591342,-0.05219585,0.22759095,-0.21335368,0.24611509,0.1489828,0.17980096,0.49005792,0.63941926,0.4428682,0.22562519,0.44898468,0.4649165,0.4836789,0.5454354,0.103307895,0.1106422,0.037530847,0.16642901,-0.36675322,0.31335053,0.37622958,0.2897694,0.1833884,0.22954951,-0.22927299,0.28458226,-0.105186544,-0.10103529,-0.13124922,-0.10051933,0.4390368,-0.40037942,0.13036378,0.36071405,0.5106331,0.09139834,0.043952826,-0.066966414,0.25472894,-0.005262215
-0.07345151,0.16152565,0.22713032,0.42699808,0.3401793,0.29709432,0.33569023,0.5418656,0.3215161,0.20916344,0.35801655,0.4530668,0.358066,0.5691913,0.66429365,0.6357918,0.14680544,0.23068333,-0.028347636,0.0729773,0.4884523,1.0,0.3403047,0.33263478,0.20011447,0.19427596,0.34050456,0.28036004,0.6635676,0.624663,0.4819253,0.6112859,0.06321994,0.33419612,0.11711305,0.2926495,0.5558579,0.45033118,0.6271914,0.6228936,0.2803718,0.42224538,0.043712966,0.13676171,0.003348171,0.024292763,0.10598796,0.03145173,-0.23312993,-0.06720941,-0.14270985,-0.09184367,-0.068534404,0.19532959,0.30619305,0.16562283,-0.21744888,0.14912958,-0.03105822,-0.023441575,-0.24553491,-0.11775733,-0.06725362,0.12063453,-0.092042096,0.12113435,-0.026884254,-0.11957689,-0.08616175,0.0068784636,0.5163326,0.5130591,0.49617207,0.34994933,0.2676855,0.32978994,0.4855423,0.5790166,0.0697862,-0.04225782,0.22639368,0.40337437,0.5992066,0.44047594,0.20161395,0.47381327,0.34105015,0.32624185,-0.013638751,0.21729834,-0.1610087,0.01180407,-0.09543919,-0.025032261,0.011258367,0.32852092,0.111408934,0.24478114,0.10962032,0.014531006,-0.27204633,-0.0013114038,-0.032077935,0.014234348,0.18622139,0.22291791,0.39731094,-0.06411999,0.2849978,0.017240092,0.13083388,0.15453057,0.16217802,-0.11170689,-0.0071565877,0.26619905
0.33491534,-0.021552017,0.86970836,0.67739326,0.307044,0.41263342,0.7042588,0.38871735,0.52477586,0.14592533,0.58770394,0.3949347,0.694756,0.46159342,0.4417149,0.40712062,0.44909182,0.5125107,0.4343508,0.43311137,0.52404547,0.3403047,1.0,0.806545,0.40832368,0.39515036,0.3823543,0.30307403,0.3389202,0.4890592,0.73142576,0.6643465,0.45157486,0.5206577,0.41537434,0.42072484,0.49655208,0.5119661,0.45720002,0.5243482,-0.09878387,0.23324634,0.29844338,0.34828317,0.17995006,-0.027214572,0.40250972,0.3204629,-0.15802617,-0.06335668,0.04523544,-0.2107397,0.15939647,-0.019653548,0.4430498,0.39833492,0.26310566,-0.09438751,-0.092228144,-0.041373104,0.015831921,-0.13969272,0.30943823,-0.10077936,0.004819533,-0.096473165,0.20501174,0.23416342,0.26132792,-0.1559374,0.5796147,0.5495586,0.5487119,0.36343464,0.42561725,0.48894277,0.3663998,0.4830929,0.17649545,0.3490174,0.47473842,0.25745085,0.40414542,0.49579665,0.6733798,0.32237348,0.42791373,0.38016918,0.44554043,0.4040515,0.20586526,0.12178688,0.26197445,0.19631436,0.17204008,0.21814238,0.4175369,0.3782918,0.4097918,0.3375049,0.17293133,0.27307358,0.35516837,0.29267454,0.24454345,0.39769205,0.3894961,0.0027214258,0.36261198,0.44330174,0.56835324,0.41328993,0.3389197,0.23053546,0.2902909,0.2956564
0.0035924737,-0.35362363,0.81652737,0.5196893,0.4299571,0.37292638,0.41592756,0.18270187,0.59654707,0.19818562,0.43900058,0.151409,0.6024225,0.41563287,0.5682437,0.45950752,0.5656023,0.5232221,0.10115231,0.18175036,0.67971987,0.33263478,0.806545,1.0,0.65243953,0.65832514,0.5581875,0.40693277,0.26931328,0.4691071,0.7160554,0.6158874,0.3172979,0.45282057,0.3805523,0.36058843,0.43450218,0.5658314,0.55105805,0.62820023,-0.26497838,0.37283593,0.17337598,0.2927787,0.16307728,-0.22242762,0.38617766,0.2832229,-0.3984242,-0.27508038,-0.1920881,-0.41201177,0.089581616,-0.094114855,0.51173145,0.5050665,0.14996347,-0.35791466,-0.4231841,-0.24601962,-0.27294105,-0.42066848,0.15951912,-0.33168635,-0.24671261,-0.36671093,0.015254368,0.054353856,0.0661371,-0.42719516,0.36774576,0.37659684,0.42941308,0.21930419,0.3872007,0.5596843,0.15723976,0.3823066,0.0025957518,0.36491436,0.3133086,0.16268025,0.45912316,0.6298005,0.5863302,0.29527533,0.54588956,0.5579067,0.5545524,0.6058328,0.3145342,0.26474264,0.2893405,0.35412902,-0.06814965,0.30535892,0.48448345,0.42016184,0.40877756,0.38206723,0.100852184,0.46444246,0.25768772,0.26448756,0.11328664,0.2194608,0.4124559,-0.13724364,0.24153589,0.48289523,0.6316336,0.36129546,0.29920554,0.20432706,0.36406127,0.22072774
-0.39448866,-0.6485252,0.56213844,0.07727256,0.6011417,0.34219116,-0.07181236,-0.1974391,0.5367751,0.09045365,0.07840607,-0.20272605,0.31830743,0.23923776,0.58895415,0.38551253,0.45369577,0.3452447,-0.31843752,-0.22028328,0.71677566,0.20011447,0.40832368,0.65243953,1.0,0.86984956,0.76690644,0.46335417,-0.0026600163,0.23044589,0.5154864,0.29590446,0.14170787,0.24040854,0.18939245,0.121113606,0.13185284,0.37041822,0.45283276,0.61549693,-0.5631142,0.39402384,-0.049473047,0.23004949,0.11185557,-0.48677257,0.20570576,0.09715446,-0.6049786,-0.5197622,-0.46222723,-0.6412322,-0.071521424,-0.23181301,0.45046118,0.50558496,-0.06476773,-0.603231,-0.59226775,-0.5185396,-0.5020871,-0.6626675,-0.045213103,-0.5493022,-0.4967894,-0.56157625,-0.21581557,-0.16274004,-0.17121117,-0.60712916,-0.04178948,0.033329077,0.17573209,-0.06944227,0.16326079,0.4630056,-0.2217628,0.12015644,-0.3618067,0.17142165,0.07072239,0.025012504,0.29074886,0.5300423,0.4270263,0.1258077,0.54692566,0.64211667,0.6035573,0.62750477,0.2949487,0.27797735,0.24874055,0.35270196,-0.3233395,0.37289032,0.41462296,0.40042746,0.2611796,0.34938198,0.013413093,0.49954376,0.043839883,0.09597495,-0.11716892,-0.06651564,0.39068672,-0.41210735,0.014116198,0.35054097,0.4802776,0.21065989,0.15185647,0.1010497,0.42082098,0.031934712
-0.36656725,-0.6948706,0.5515856,0.16281009,0.4747642,0.36125696,0.0065775323,-0.12323869,0.5475752,0.06556503,0.14094554,-0.180301,0.3464536,0.17162947,0.5256808,0.31538612,0.5158333,0.41154537,-0.2588772,-0.09770579,0.6209695,0.19427596,0.39515036,0.65832514,0.86984956,1.0,0.6830922,0.46452615,0.067366846,0.2997422,0.5683243,0.34116352,0.2252217,0.35355034,0.3253569,0.27310053,0.18407474,0.3811146,0.4884646,0.59158945,-0.5102742,0.44490713,0.03784793,0.2997477,0.19453736,-0.41318533,0.24424553,0.18582274,-0.55383795,-0.43116632,-0.36881775,-0.5286455,-0.02615065,-0.2549551,0.5409946,0.5098107,-0.04149047,-0.64354324,-0.631772,-0.5058742,-0.47614136,-0.6780027,0.002237976,-0.5620196,-0.40156236,-0.5979192,-0.11388841,-0.05219158,-0.12677291,-0.5655252,-0.02139552,0.13763483,0.28991756,0.015891092,0.32559288,0.5182745,-0.10819266,0.20523922,-0.25469133,0.25954774,0.186467,0.073503636,0.33368713,0.49002728,0.43916,0.15685385,0.64186674,0.66437316,0.5889635,0.6291465,0.35905978,0.3100349,0.3471434,0.44011614,-0.21325386,0.3515045,0.3836275,0.40265727,0.300034,0.40746856,0.13300775,0.57733333,0.18128587,0.20623477,0.0015219715,0.041269094,0.4275755,-0.27831635,0.007529671,0.34974033,0.42887938,0.27966106,0.28104255,0.15828286,0.46214476,0.13322227
-0.25515294,-0.43453318,0.48494938,0.15690468,0.6175018,0.40819183,-0.016119415,-0.03374833,0.4753844,0.28515753,0.10841746,-0.027897002,0.3036017,0.31472155,0.60952145,0.45555377,0.3342758,0.30706945,-0.23067401,-0.21695822,0.68677676,0.34050456,0.3823543,0.5581875,0.76690644,0.6830922,1.0,0.36388248,-0.014566977,0.24181743,0.40970862,0.26878548,0.041689098,0.16585322,0.11025469,0.061179917,0.15273978,0.32722098,0.4362089,0.57173425,-0.44884065,0.18355148,-0.14265059,0.103778794,0.012728029,-0.4810381,0.07015425,-0.10232848,-0.65082514,-0.53740716,-0.4776756,-0.55105877,-0.19286902,-0.19351591,0.3273041,0.35702863,-0.058612786,-0.4386276,-0.41495082,-0.45729822,-0.46262777,-0.5260536,-0.09564519,-0.43254817,-0.47382367,-0.45746753,-0.21592878,-0.25132442,-0.18147132,-0.52985096,-0.012424575,0.045119796,0.17164476,-0.04501392,0.098722234,0.44507843,-0.15096116,0.09005358,-0.34371585,0.09912206,0.05282761,0.06007576,0.26848966,0.47374457,0.42812833,0.190715,0.36009625,0.4412985,0.4751716,0.4923655,0.07611524,0.0634855,0.06666498,0.10127358,-0.3876015,0.29231623,0.28487659,0.25174442,0.096363224,0.16891682,-0.18472096,0.39925277,-0.056530427,-0.048857257,-0.114916965,-0.10764792,0.46562445,-0.45798755,0.04411026,0.2715257,0.388165,0.07355631,0.009987696,-0.057915844,0.3293286,-0.060856912
-0.017318815,-0.352903,0.3855255,0.18519646,0.47014642,0.41647205,0.113740206,-0.058450934,0.31639373,0.39118835,0.24286427,-0.08094371,0.43908697,0.11921852,0.5440765,0.42275426,0.35072595,0.24353357,-0.12796152,0.03113627,0.53103256,0.28036004,0.30307403,0.40693277,0.46335417,0.46452615,0.36388248,1.0,0.13126546,0.25911236,0.2926067,0.21132724,0.15026715,0.17178531,0.29888648,0.22716153,0.30217165,0.26550198,0.4744434,0.4737409,-0.34331515,0.26538226,0.13314566,0.34158373,0.2486464,-0.24190675,0.20862538,0.20950073,-0.33977154,-0.34117073,-0.14070855,-0.43013218,0.08257279,-0.31524783,0.490456,0.46796024,0.04491549,-0.40452307,-0.42495632,-0.4451887,-0.27176654,-0.34553677,0.17758265,-0.38907897,-0.13092928,-0.40231958,0.05287769,0.008438931,-0.087419435,-0.347909,0.06996786,0.057093404,0.25055504,0.22722574,0.38224828,0.43366504,0.022135673,0.19879802,-0.19456844,0.24674599,0.3348349,0.013596065,0.4547741,0.23541327,0.3534698,-0.027342685,0.36473763,0.12212913,0.5321542,0.22914065,0.3278645,0.22671746,0.28520575,0.16153014,-0.14024122,0.30899325,0.32228234,0.35614473,0.28576827,0.38786766,0.020967597,0.27872026,0.09873617,0.0476151,0.08572739,0.0918712,0.45579752,-0.18462877,0.08651006,0.37388745,0.31125432,0.17679863,0.17465708,0.11755663,0.43139088,0.115939915
0.06544896,0.3010992,0.2153821,0.57195693,0.055643767,0.16969648,0.5147884,0.6417916,0.29434273,-0.008795476,0.4767983,0.5661831,0.42989498,0.54111075,0.45241532,0.4670799,0.37807816,0.40449744,0.23988444,0.42497283,0.22716826,0.6635676,0.3389202,0.26931328,-0.0026600163,0.067366846,-0.014566977,0.13126546,1.0,0.8230122,0.5465985,0.67955774,0.36849985,0.58093464,0.32001758,0.51954776,0.59756905,0.44383487,0.6353985,0.5547887,0.5336522,0.5519778,0.3459956,0.30230594,0.24694389,0.2862039,0.29125956,0.25994,0.098820105,0.21425824,0.15087463,0.15557444,0.19278628,0.4248451,0.4145297,0.23345745,-0.049979366,0.32877317,0.11047162,0.1496232,0.034874454,0.08806681,0.094659045,0.33350033,0.18367498,0.32008865,0.30083326,0.21439874,0.15250474,0.30956876,0.6125945,0.71418643,0.6073421,0.5425105,0.41304815,0.38686156,0.73586833,0.7292741,0.43365937,0.15637825,0.4509328,0.5958274,0.6686103,0.396007,0.13852085,0.622611,0.48471123,0.37250665,-0.10833497,0.21713282,-0.02296927,0.20476654,0.04609334,0.16405173,0.34889355,0.36704624,0.17841999,0.35284328,0.28923756,0.16977586,0.019170523,-0.011187353,0.19860955,0.2782459,0.41552663,0.45627367,0.31834173,0.23879616,0.35459748,0.042606454,0.16238852,0.37793192,0.33477163,0.09111207,-0.056133676,0.42833647
0.11783403,0.13003848,0.4302069,0.62289065,0.21362646,0.3434286,0.49887118,0.5395587,0.4905945,0.15103157,0.5425735,0.52861714,0.5843932,0.6123083,0.60446924,0.57930964,0.6260964,0.63020355,0.25762665,0.4114238,0.43387437,0.624663,0.4890592,0.4691071,0.23044589,0.2997422,0.24181743,0.25911236,0.8230122,1.0,0.67314047,0.6829363,0.45947695,0.6371573,0.40794057,0.48408723,0.57257706,0.5477897,0.6625579,0.65615803,0.237864,0.4937107,0.33288386,0.3466706,0.29966253,0.106266536,0.3953132,0.2690542,-0.08505106,-0.0058892164,0.024461742,-0.013876367,0.14763771,0.24351129,0.5172996,0.38588187,0.15628138,0.11207694,-0.017333407,-0.03432393,-0.0034985126,-0.08915867,0.2022028,0.069622196,0.044640955,0.07968554,0.29145843,0.1912677,0.14428852,0.122988194,0.52845764,0.62967587,0.5762407,0.5331396,0.4220941,0.5579637,0.5470427,0.62866044,0.39361292,0.38394442,0.5339086,0.58568203,0.67697906,0.552138,0.39482534,0.6148579,0.57452816,0.45767868,0.15086302,0.4057313,0.059971064,0.21060066,0.11082837,0.19278593,0.1802421,0.39027393,0.32350123,0.45125806,0.37436828,0.30314896,-0.0059525785,0.16603205,0.16613744,0.22750127,0.307381,0.35003152,0.42436624,0.04820588,0.32357693,0.22400291,0.36114293,0.44323304,0.3725879,0.10707589,0.060338106,0.31473798
0.04561534,-0.160962,0.7316212,0.5740743,0.23763183,0.34751254,0.53583825,0.32649902,0.5150549,0.04008045,0.4963396,0.28571594,0.59511584,0.45208374,0.5621139,0.45947713,0.59947616,0.6366073,0.23105834,0.3422156,0.59400946,0.4819253,0.73142576,0.7160554,0.5154864,0.5683243,0.40970862,0.2926067,0.5465985,0.67314047,1.0,0.6958696,0.5557564,0.6835397,0.59303415,0.54875535,0.42879304,0.47647142,0.68061703,0.689645,-0.023148214,0.5475566,0.4548496,0.48924723,0.36953166,0.04188201,0.53378457,0.44887286,-0.15234278,-0.04552737,0.015144156,-0.1495169,0.25812328,0.15767466,0.6209307,0.5255618,0.12191154,-0.15342669,-0.20269552,-0.08636986,-0.07976136,-0.25630277,0.29243293,-0.06099945,-0.020065766,-0.08828666,0.29992464,0.30040684,0.20965292,-0.13086708,0.4724219,0.5973232,0.5520461,0.4060508,0.45987415,0.5579072,0.3537017,0.48804682,0.21711162,0.46320447,0.5265096,0.4761146,0.57164866,0.6068604,0.5264417,0.503614,0.6823738,0.6144325,0.38386813,0.5806956,0.25813735,0.32788295,0.27804056,0.4131503,0.15994489,0.45669246,0.5394531,0.5553611,0.504182,0.44375378,0.22056411,0.37976816,0.32735282,0.33809716,0.24554513,0.3413756,0.42148826,0.06995847,0.40528634,0.47007337,0.6074362,0.51682395,0.419475,0.20577353,0.20856038,0.36730406
